employee_id,first_name,last_name,full_name,age,department,job_title,location,salary,bonus,hire_date,years_experience,performance_score,email,phone,status
EMP000001,Sarah,Smith,Sarah Smith,60,Finance,Director,Austin,87721.13,3895.34,2020-10-12,31,82.7,sarah.smith@company.com,(954) 304-9935,Active
EMP000002,Stephanie,Johnson,Stephanie Johnson,40,Engineering,Director,San Francisco,99818.59,5346.14,2021-04-21,14,73.6,stephanie.johnson@company.com,(717) 816-1434,Active
EMP000003,Nicole,Wilson,Nicole Wilson,57,HR,Specialist,Miami,82339.83,5842.51,2024-07-15,31,61.1,nicole.wilson@company.com,(206) 977-3615,Active
EMP000004,James,Rodriguez,James Rodriguez,42,Marketing,Coordinator,Austin,62436.33,11047.22,2020-07-28,16,96.9,james.rodriguez@company.com,(294) 589-2584,Active
EMP000005,Amanda,Martin,Amanda Martin,65,Finance,Lead,New York,101566.66,7982.91,2023-01-03,37,68.6,amanda.martin@company.com,(327) 587-2291,Active
EMP000006,Lisa,Lopez,Lisa Lopez,37,HR,Manager,San Francisco,52617.51,4830.64,2023-09-16,10,71.2,lisa.lopez@company.com,(433) 991-5741,On Leave
EMP000007,Jessica,Brown,Jessica Brown,65,IT,Lead,Seattle,156470.78,18909.58,2023-07-25,41,80.9,jessica.brown@company.com,(573) 366-7065,Active
EMP000008,William,Williams,William Williams,30,Marketing,Analyst,Austin,72662.58,6206.5,2022-08-04,5,66.0,william.williams@company.com,(588) 476-4598,Active
EMP000009,Jane,Davis,Jane Davis,49,Engineering,Associate,Boston,83039.73,6775.33,2021-07-02,23,72.6,jane.davis@company.com,(267) 416-6155,Active
EMP000010,Melissa,Gonzalez,Melissa Gonzalez,38,Legal,Specialist,Chicago,95041.84,3702.62,2020-10-12,15,87.3,melissa.gonzalez@company.com,(452) 962-9830,Active
EMP000011,Anthony,Wilson,Anthony Wilson,27,IT,Director,Boston,79734.0,10917.44,2020-10-10,1,54.1,anthony.wilson@company.com,(721) 705-2489,Active
EMP000012,Sarah,Jones,Sarah Jones,29,Marketing,Senior Developer,Los Angeles,62482.0,14545.84,2022-02-27,2,86.8,sarah.jones@company.com,(590) 810-8668,Active
EMP000013,Nicole,Smith,Nicole Smith,61,Sales,Coordinator,Seattle,95897.9,7381.08,2020-08-16,33,84.9,nicole.smith@company.com,(500) 645-3591,Active
EMP000014,William,Taylor,William Taylor,62,Marketing,Specialist,San Francisco,100183.99,7447.05,2024-09-19,40,62.3,william.taylor@company.com,(854) 719-4258,Active
EMP000015,Emily,Moore,Emily Moore,28,Engineering,Lead,Boston,44544.3,6750.69,2020-02-09,0,54.5,emily.moore@company.com,(314) 571-6038,Active
EMP000016,Jessica,Jackson,Jessica Jackson,54,Sales,Lead,San Francisco,97169.2,10560.36,2024-07-29,31,85.5,jessica.jackson@company.com,(270) 978-9727,Active
EMP000017,David,Thomas,David Thomas,62,Marketing,Associate,Seattle,72347.22,3232.71,2021-03-09,34,73.3,david.thomas@company.com,(752) 973-4295,Active
EMP000018,Christopher,Lopez,Christopher Lopez,56,Legal,Senior Developer,Miami,83571.13,11022.84,2021-05-22,32,51.4,christopher.lopez@company.com,(430) 265-6539,Active
EMP000019,Nicole,Davis,Nicole Davis,22,HR,Senior Developer,New York,56252.41,6641.71,2023-12-20,0,73.8,nicole.davis@company.com,(846) 260-4750,Active
EMP000020,Jane,Hernandez,Jane Hernandez,35,Sales,Specialist,Austin,91070.55,4916.03,2023-10-02,7,100.0,jane.hernandez@company.com,(697) 419-9834,Active
EMP000021,Anthony,Jackson,Anthony Jackson,47,Legal,Lead,Austin,98632.13,18711.9,2024-07-11,22,70.5,anthony.jackson@company.com,(616) 394-2545,Active
EMP000022,Stephanie,Lopez,Stephanie Lopez,58,IT,Lead,Los Angeles,114132.41,2881.54,2024-11-04,34,67.0,stephanie.lopez@company.com,(946) 255-2612,Active
EMP000023,James,Brown,James Brown,50,HR,Director,Austin,61085.34,1628.02,2023-01-03,27,67.5,james.brown@company.com,(659) 343-7912,Active
EMP000024,Daniel,Davis,Daniel Davis,27,Sales,Senior Developer,Miami,74989.44,6640.89,2020-04-13,2,52.8,daniel.davis@company.com,(867) 753-1241,On Leave
EMP000025,Jessica,Garcia,Jessica Garcia,51,IT,Lead,Miami,90766.55,7673.0,2021-03-13,23,86.3,jessica.garcia@company.com,(610) 260-3697,Active
EMP000026,Christopher,Rodriguez,Christopher Rodriguez,54,Legal,Associate,Seattle,116621.1,4015.71,2023-11-27,32,87.7,christopher.rodriguez@company.com,(948) 769-8973,Active
EMP000027,Ashley,Miller,Ashley Miller,34,Engineering,Coordinator,New York,39000.0,1762.28,2020-04-27,8,80.2,ashley.miller@company.com,(251) 798-8811,Active
EMP000028,Matthew,Garcia,Matthew Garcia,45,Engineering,Analyst,San Francisco,116640.24,14020.45,2020-05-20,16,72.6,matthew.garcia@company.com,(809) 269-4853,Active
EMP000029,Anthony,Davis,Anthony Davis,45,Engineering,Associate,San Francisco,80410.39,4639.61,2023-09-08,23,96.1,anthony.davis@company.com,(797) 778-9565,Active
EMP000030,William,Miller,William Miller,60,Operations,Specialist,Austin,64313.26,6346.07,2022-03-21,38,46.2,william.miller@company.com,(334) 887-5915,Active
EMP000031,Michael,Smith,Michael Smith,38,Legal,Senior Developer,San Francisco,79716.89,7204.97,2023-01-06,9,73.7,michael.smith@company.com,(418) 718-5345,Active
EMP000032,Amanda,Williams,Amanda Williams,23,HR,Specialist,Boston,56630.89,9854.71,2020-11-19,0,37.5,amanda.williams@company.com,(648) 756-5956,Active
EMP000033,Matthew,Smith,Matthew Smith,53,Finance,Analyst,San Francisco,78056.66,10892.93,2021-06-25,24,77.5,matthew.smith@company.com,(318) 309-3546,Active
EMP000034,Lisa,Miller,Lisa Miller,45,Operations,Specialist,Austin,53005.31,5242.54,2022-11-01,18,80.3,lisa.miller@company.com,(700) 457-1832,Active
EMP000035,Stephanie,Rodriguez,Stephanie Rodriguez,32,Engineering,Coordinator,New York,95272.26,4808.69,2024-04-28,10,83.2,stephanie.rodriguez@company.com,(333) 852-5291,Active
EMP000036,Daniel,Moore,Daniel Moore,50,IT,Senior Developer,New York,85806.64,12259.64,2020-06-03,25,68.8,daniel.moore@company.com,(907) 352-9938,Active
EMP000037,Amanda,Jackson,Amanda Jackson,40,Marketing,Analyst,Los Angeles,81047.04,3799.88,2020-03-26,15,84.1,amanda.jackson@company.com,(515) 573-1653,Inactive
EMP000038,Robert,Davis,Robert Davis,54,Sales,Associate,Boston,90303.89,0.0,2023-06-25,25,81.4,robert.davis@company.com,(967) 358-4878,Inactive
EMP000039,Emily,Wilson,Emily Wilson,22,Engineering,Coordinator,Chicago,97679.55,13741.15,2024-05-21,0,88.1,emily.wilson@company.com,(621) 885-5065,Active
EMP000040,Sarah,Gonzalez,Sarah Gonzalez,47,Engineering,Director,Miami,76878.15,9139.93,2021-02-12,25,75.2,sarah.gonzalez@company.com,(671) 558-6000,Active
EMP000041,Jessica,Davis,Jessica Davis,23,Engineering,Associate,Austin,95429.47,3640.87,2021-11-03,0,77.3,jessica.davis@company.com,(485) 271-5573,Active
EMP000042,Matthew,Gonzalez,Matthew Gonzalez,37,Operations,Senior Developer,New York,42324.18,6807.99,2024-12-01,13,84.3,matthew.gonzalez@company.com,(467) 382-5349,Active
EMP000043,Lisa,Wilson,Lisa Wilson,29,Operations,Associate,Boston,62046.37,6747.02,2023-05-26,2,91.5,lisa.wilson@company.com,(723) 318-7311,Inactive
EMP000044,Robert,Rodriguez,Robert Rodriguez,56,Engineering,Manager,Los Angeles,86511.33,11491.1,2022-11-30,34,57.1,robert.rodriguez@company.com,(751) 903-4228,Active
EMP000045,Michael,Hernandez,Michael Hernandez,25,Operations,Specialist,San Francisco,41422.46,6924.11,2022-11-04,0,58.0,michael.hernandez@company.com,(516) 882-7691,Active
EMP000046,Ashley,Moore,Ashley Moore,24,Marketing,Associate,Austin,45772.7,8918.34,2023-09-23,0,87.3,ashley.moore@company.com,(588) 893-3851,Active
EMP000047,Ashley,Gonzalez,Ashley Gonzalez,43,Engineering,Specialist,Seattle,79374.47,7892.03,2021-03-06,16,62.8,ashley.gonzalez@company.com,(640) 793-6279,Active
EMP000048,Daniel,Miller,Daniel Miller,29,Legal,Senior Developer,Chicago,86750.39,11008.45,2021-08-04,2,93.1,daniel.miller@company.com,(727) 879-6491,Active
EMP000049,Jessica,Martinez,Jessica Martinez,54,HR,Analyst,Austin,71307.13,7113.97,2020-02-20,28,100.0,jessica.martinez@company.com,(247) 450-8784,Active
EMP000050,Michael,Anderson,Michael Anderson,25,IT,Associate,Austin,43725.38,4072.42,2022-10-09,3,75.6,michael.anderson@company.com,(609) 449-3417,Active
EMP000051,John,Brown,John Brown,65,IT,Analyst,Austin,106377.67,9959.05,2024-07-04,43,85.7,john.brown@company.com,(912) 730-8611,Active
EMP000052,Jessica,Brown,Jessica Brown,52,Legal,Lead,Chicago,108404.83,2629.65,2023-09-29,24,62.3,jessica.brown@company.com,(743) 772-6198,On Leave
EMP000053,Daniel,Martin,Daniel Martin,54,IT,Analyst,Miami,83171.16,12876.27,2024-03-03,32,67.3,daniel.martin@company.com,(686) 660-5246,Active
EMP000054,William,Taylor,William Taylor,24,Legal,Specialist,Austin,67711.04,7291.55,2022-06-19,0,61.7,william.taylor@company.com,(279) 930-5681,Active
EMP000055,James,Hernandez,James Hernandez,43,Sales,Analyst,Chicago,54814.54,6462.05,2021-04-18,20,63.7,james.hernandez@company.com,(592) 910-3503,Active
EMP000056,Michael,Wilson,Michael Wilson,54,IT,Lead,Boston,109934.12,6990.82,2022-05-01,26,81.3,michael.wilson@company.com,(263) 411-7883,Active
EMP000057,Anthony,Smith,Anthony Smith,50,IT,Manager,Miami,83995.02,10562.57,2021-12-21,27,49.6,anthony.smith@company.com,(505) 971-7389,Inactive
EMP000058,Stephanie,Moore,Stephanie Moore,41,HR,Director,Miami,117531.88,17560.45,2021-07-12,12,95.0,stephanie.moore@company.com,(646) 697-1475,Active
EMP000059,Christopher,Garcia,Christopher Garcia,35,Legal,Manager,Chicago,79088.7,1737.75,2022-03-17,10,86.4,christopher.garcia@company.com,(806) 777-1444,Active
EMP000060,Stephanie,Jones,Stephanie Jones,43,Legal,Manager,Chicago,130506.53,10081.41,2021-06-16,16,61.3,stephanie.jones@company.com,(588) 535-4467,Active
EMP000061,James,Gonzalez,James Gonzalez,43,Finance,Specialist,Los Angeles,75000.23,31.73,2024-09-05,18,76.2,james.gonzalez@company.com,(283) 681-1317,Active
EMP000062,Jane,Lopez,Jane Lopez,29,HR,Manager,San Francisco,62631.35,8391.34,2024-03-24,3,64.3,jane.lopez@company.com,(231) 453-4266,Active
EMP000063,Lisa,Jones,Lisa Jones,60,HR,Lead,Chicago,111451.99,10547.85,2023-10-03,32,100.0,lisa.jones@company.com,(317) 777-4571,Active
EMP000064,William,Lopez,William Lopez,40,Marketing,Analyst,San Francisco,61471.4,5794.49,2021-09-29,14,63.1,william.lopez@company.com,(310) 792-1420,Inactive
EMP000065,Anthony,Gonzalez,Anthony Gonzalez,47,IT,Senior Developer,Austin,79227.26,7465.29,2023-04-27,24,99.9,anthony.gonzalez@company.com,(907) 842-4978,Active
EMP000066,Ashley,Martin,Ashley Martin,53,Sales,Coordinator,New York,94875.63,11408.71,2022-12-27,24,100.0,ashley.martin@company.com,(638) 877-7071,Active
EMP000067,James,Smith,James Smith,22,IT,Senior Developer,Miami,107318.81,11196.39,2022-06-06,0,90.5,james.smith@company.com,(570) 850-8532,Active
EMP000068,Stephanie,Garcia,Stephanie Garcia,58,Finance,Lead,Miami,85257.43,5050.35,2022-06-11,33,69.9,stephanie.garcia@company.com,(948) 806-5397,Active
EMP000069,Jessica,Williams,Jessica Williams,26,Finance,Director,Miami,62249.19,5486.05,2024-03-16,0,65.9,jessica.williams@company.com,(675) 783-7209,Active
EMP000070,Melissa,Hernandez,Melissa Hernandez,47,Marketing,Director,Miami,100396.08,13050.97,2021-12-27,22,85.5,melissa.hernandez@company.com,(464) 548-5581,Inactive
EMP000071,William,Moore,William Moore,54,Engineering,Senior Developer,Austin,149365.69,26460.64,2021-05-09,31,67.5,william.moore@company.com,(937) 616-9004,Active
EMP000072,Jessica,Thomas,Jessica Thomas,55,Legal,Manager,Miami,129811.2,17887.56,2020-07-09,26,75.0,jessica.thomas@company.com,(501) 426-7625,Active
EMP000073,Ashley,Jackson,Ashley Jackson,26,Operations,Coordinator,Miami,64081.07,5759.42,2022-05-21,0,98.2,ashley.jackson@company.com,(963) 763-6419,Active
EMP000074,Daniel,Rodriguez,Daniel Rodriguez,53,Finance,Director,Seattle,91644.79,12198.52,2020-09-04,30,76.7,daniel.rodriguez@company.com,(938) 397-6169,Active
EMP000075,Nicole,Garcia,Nicole Garcia,56,HR,Lead,Austin,68015.7,8319.3,2021-07-20,32,100.0,nicole.garcia@company.com,(941) 803-9595,Active
EMP000076,Sarah,Miller,Sarah Miller,22,Finance,Coordinator,Austin,82108.0,5654.37,2021-01-02,0,79.2,sarah.miller@company.com,(509) 214-9751,Active
EMP000077,Jane,Johnson,Jane Johnson,47,Finance,Lead,Chicago,99962.34,3807.41,2020-07-29,24,68.0,jane.johnson@company.com,(212) 787-5658,Active
EMP000078,Daniel,Hernandez,Daniel Hernandez,28,Marketing,Specialist,New York,47528.72,3106.22,2024-10-30,2,80.4,daniel.hernandez@company.com,(689) 316-2070,Active
EMP000079,Michael,Jackson,Michael Jackson,32,Engineering,Analyst,Chicago,92339.27,9468.21,2024-07-19,6,83.7,michael.jackson@company.com,(776) 511-2395,On Leave
EMP000080,Sarah,Moore,Sarah Moore,58,IT,Associate,Austin,112582.8,14694.14,2022-07-11,36,86.2,sarah.moore@company.com,(653) 504-8025,Active
EMP000081,Lisa,Johnson,Lisa Johnson,56,Sales,Director,Austin,57984.93,8824.37,2021-06-25,28,56.7,lisa.johnson@company.com,(876) 283-3573,Active
EMP000082,Nicole,Williams,Nicole Williams,53,Marketing,Associate,New York,81542.94,12634.17,2022-07-11,27,71.7,nicole.williams@company.com,(905) 808-8699,Active
EMP000083,Jessica,Martinez,Jessica Martinez,44,Finance,Senior Developer,Miami,75989.4,6360.41,2023-11-08,22,78.9,jessica.martinez@company.com,(439) 470-4241,Active
EMP000084,Nicole,Davis,Nicole Davis,46,Marketing,Analyst,Seattle,119329.29,10081.73,2020-05-26,24,85.2,nicole.davis@company.com,(261) 369-6039,Active
EMP000085,Anthony,Martinez,Anthony Martinez,57,Legal,Lead,San Francisco,101917.99,9171.57,2023-11-11,30,65.8,anthony.martinez@company.com,(511) 916-7594,Inactive
EMP000086,Matthew,Moore,Matthew Moore,37,Legal,Senior Developer,Miami,124963.52,9704.83,2023-05-09,15,48.1,matthew.moore@company.com,(240) 642-6280,Active
EMP000087,John,Williams,John Williams,42,HR,Specialist,New York,76644.16,14614.76,2023-03-26,20,85.0,john.williams@company.com,(241) 981-3870,Active
EMP000088,Daniel,Rodriguez,Daniel Rodriguez,33,Marketing,Lead,Los Angeles,68845.31,8592.12,2020-07-05,11,88.3,daniel.rodriguez@company.com,(681) 556-7690,Active
EMP000089,Sarah,Garcia,Sarah Garcia,59,Operations,Lead,Los Angeles,77243.32,11146.99,2021-08-13,36,67.4,sarah.garcia@company.com,(878) 610-1601,Active
EMP000090,James,Rodriguez,James Rodriguez,23,Operations,Associate,San Francisco,46660.28,3552.29,2024-11-06,0,92.3,james.rodriguez@company.com,(726) 201-9889,Active
EMP000091,Jane,Miller,Jane Miller,28,Operations,Lead,Miami,43879.84,7631.26,2024-04-05,2,71.8,jane.miller@company.com,(252) 408-5375,Active
EMP000092,Ashley,Anderson,Ashley Anderson,31,Legal,Manager,San Francisco,64509.98,6436.28,2023-07-14,6,70.5,ashley.anderson@company.com,(823) 445-3594,Active
EMP000093,John,Moore,John Moore,41,IT,Director,San Francisco,110240.49,8048.96,2024-09-19,15,86.6,john.moore@company.com,(316) 672-2924,Active
EMP000094,David,Thomas,David Thomas,46,Finance,Associate,Seattle,61050.63,7502.13,2024-09-05,19,69.9,david.thomas@company.com,(694) 683-4993,Active
EMP000095,David,Gonzalez,David Gonzalez,65,HR,Senior Developer,Chicago,83415.71,8632.08,2021-07-19,37,80.8,david.gonzalez@company.com,(991) 624-6568,Inactive
EMP000096,Matthew,Rodriguez,Matthew Rodriguez,32,Engineering,Specialist,Seattle,104458.33,11935.28,2024-09-11,8,72.5,matthew.rodriguez@company.com,(801) 793-9022,Inactive
EMP000097,Daniel,Moore,Daniel Moore,41,Legal,Coordinator,Boston,77841.0,12456.16,2023-02-04,19,60.5,daniel.moore@company.com,(981) 756-7180,Active
EMP000098,James,Miller,James Miller,37,HR,Director,Los Angeles,87157.19,9628.68,2024-10-19,14,80.5,james.miller@company.com,(994) 620-1715,Active
EMP000099,Melissa,Gonzalez,Melissa Gonzalez,53,IT,Lead,Chicago,96300.9,2634.55,2020-03-16,24,66.0,melissa.gonzalez@company.com,(329) 714-6439,Inactive
EMP000100,Daniel,Brown,Daniel Brown,49,Legal,Analyst,New York,113700.12,20404.31,2022-04-19,24,56.9,daniel.brown@company.com,(870) 358-2225,Active
EMP000101,William,Hernandez,William Hernandez,49,IT,Coordinator,San Francisco,60611.28,1471.11,2024-10-11,24,80.4,william.hernandez@company.com,(890) 746-7226,On Leave
EMP000102,Melissa,Moore,Melissa Moore,34,Engineering,Director,San Francisco,100613.36,19274.8,2023-07-16,5,55.2,melissa.moore@company.com,(900) 494-4727,Active
EMP000103,Stephanie,Brown,Stephanie Brown,51,Sales,Analyst,Miami,79695.83,9326.86,2023-11-22,29,70.8,stephanie.brown@company.com,(506) 229-1753,Active
EMP000104,Jane,Martinez,Jane Martinez,32,Operations,Associate,Boston,55584.33,9321.14,2020-10-25,5,49.3,jane.martinez@company.com,(450) 743-7751,Active
EMP000105,Emily,Garcia,Emily Garcia,48,Marketing,Associate,San Francisco,64588.42,1309.76,2023-06-23,26,76.6,emily.garcia@company.com,(899) 446-9153,Inactive
EMP000106,David,Davis,David Davis,27,Legal,Lead,Seattle,65761.72,12861.45,2021-06-06,1,80.1,david.davis@company.com,(882) 209-8622,Inactive
EMP000107,Nicole,Garcia,Nicole Garcia,59,Sales,Coordinator,Miami,89696.44,7565.79,2023-04-18,33,87.1,nicole.garcia@company.com,(506) 854-7951,Active
EMP000108,Daniel,Martinez,Daniel Martinez,22,HR,Lead,Los Angeles,30251.83,3803.32,2020-08-06,0,76.8,daniel.martinez@company.com,(442) 590-6881,Active
EMP000109,Ashley,Smith,Ashley Smith,22,IT,Manager,Seattle,88208.04,0.0,2023-03-05,0,98.1,ashley.smith@company.com,(902) 996-1803,Inactive
EMP000110,Melissa,Martinez,Melissa Martinez,24,HR,Director,Boston,49658.45,5133.49,2023-07-27,0,92.7,melissa.martinez@company.com,(394) 835-5106,Active
EMP000111,David,Brown,David Brown,65,Engineering,Lead,Seattle,139618.31,10029.77,2020-03-09,43,77.5,david.brown@company.com,(793) 573-3153,Active
EMP000112,Ashley,Hernandez,Ashley Hernandez,44,IT,Director,Chicago,135946.64,22897.71,2020-09-27,21,84.7,ashley.hernandez@company.com,(752) 574-9697,Active
EMP000113,William,Garcia,William Garcia,32,Finance,Specialist,Miami,65004.77,6676.22,2024-03-08,7,69.9,william.garcia@company.com,(546) 317-8673,On Leave
EMP000114,David,Davis,David Davis,39,IT,Senior Developer,Boston,89766.32,0.0,2024-06-07,11,57.3,david.davis@company.com,(604) 214-5332,Active
EMP000115,Daniel,Lopez,Daniel Lopez,55,Finance,Coordinator,Los Angeles,95702.22,8310.58,2020-08-09,26,42.4,daniel.lopez@company.com,(891) 439-8724,Active
EMP000116,Nicole,Hernandez,Nicole Hernandez,63,HR,Lead,San Francisco,88579.93,8611.97,2023-12-06,34,49.4,nicole.hernandez@company.com,(509) 864-7689,Active
EMP000117,Jane,Johnson,Jane Johnson,26,Finance,Senior Developer,Miami,66777.71,7931.82,2020-07-18,0,81.0,jane.johnson@company.com,(440) 750-3222,Active
EMP000118,Amanda,Moore,Amanda Moore,32,IT,Associate,Chicago,54031.39,2863.99,2023-09-03,3,80.5,amanda.moore@company.com,(301) 701-7686,Inactive
EMP000119,William,Johnson,William Johnson,25,Operations,Lead,Austin,60528.94,7468.6,2022-06-29,1,70.6,william.johnson@company.com,(441) 571-2627,On Leave
EMP000120,Amanda,Moore,Amanda Moore,40,Operations,Associate,New York,61392.07,9347.9,2021-07-19,17,67.5,amanda.moore@company.com,(394) 325-8450,Active
EMP000121,Robert,Martin,Robert Martin,43,Engineering,Coordinator,New York,68755.27,5587.53,2021-05-13,20,72.1,robert.martin@company.com,(328) 778-4362,Active
EMP000122,Nicole,Miller,Nicole Miller,48,HR,Coordinator,Austin,59507.86,6587.46,2024-05-04,21,64.5,nicole.miller@company.com,(351) 810-1046,Active
EMP000123,David,Jones,David Jones,64,Finance,Senior Developer,Chicago,114367.35,12455.34,2023-09-15,42,65.7,david.jones@company.com,(226) 334-1243,Active
EMP000124,Jessica,Jackson,Jessica Jackson,43,Operations,Analyst,New York,63694.35,3884.26,2021-06-27,16,86.5,jessica.jackson@company.com,(253) 329-7897,Active
EMP000125,Michael,Thomas,Michael Thomas,45,Legal,Senior Developer,Boston,90257.76,12868.06,2022-07-14,21,76.9,michael.thomas@company.com,(715) 426-1710,Active
EMP000126,Matthew,Martinez,Matthew Martinez,44,Legal,Manager,New York,75476.2,11772.68,2022-09-07,18,100.0,matthew.martinez@company.com,(611) 636-2768,Active
EMP000127,Daniel,Williams,Daniel Williams,39,Sales,Analyst,Boston,94056.81,10786.75,2020-05-14,11,38.1,daniel.williams@company.com,(329) 481-9984,Active
EMP000128,Christopher,Martin,Christopher Martin,49,Finance,Associate,Miami,79055.3,3630.42,2020-07-22,24,65.3,christopher.martin@company.com,(918) 317-4522,Active
EMP000129,Jessica,Wilson,Jessica Wilson,46,Operations,Associate,Miami,68062.34,11376.96,2022-05-01,21,88.7,jessica.wilson@company.com,(947) 297-6120,Active
EMP000130,William,Lopez,William Lopez,39,Marketing,Senior Developer,Miami,49005.89,2790.19,2020-07-05,16,76.2,william.lopez@company.com,(287) 295-8075,Active
EMP000131,Amanda,Jones,Amanda Jones,29,Engineering,Senior Developer,Boston,111008.96,6240.82,2022-04-21,6,100.0,amanda.jones@company.com,(562) 881-7929,Inactive
EMP000132,Jane,Martinez,Jane Martinez,47,Finance,Senior Developer,Boston,62543.8,8116.31,2023-03-29,23,53.8,jane.martinez@company.com,(719) 417-3535,Active
EMP000133,Jessica,Brown,Jessica Brown,27,Operations,Senior Developer,Boston,34528.26,2387.47,2024-04-10,0,83.4,jessica.brown@company.com,(485) 787-4705,Active
EMP000134,Nicole,Martin,Nicole Martin,25,Engineering,Manager,Seattle,53452.58,5733.33,2021-01-04,0,87.0,nicole.martin@company.com,(479) 919-6062,Inactive
EMP000135,Amanda,Smith,Amanda Smith,27,Marketing,Associate,Chicago,58394.73,7382.02,2020-05-22,0,81.8,amanda.smith@company.com,(345) 958-1502,Active
EMP000136,Matthew,Miller,Matthew Miller,36,IT,Lead,Los Angeles,86295.06,19919.92,2021-11-29,10,48.8,matthew.miller@company.com,(361) 578-6105,Active
EMP000137,Anthony,Martin,Anthony Martin,65,Sales,Analyst,New York,78354.61,6038.71,2020-11-18,40,84.6,anthony.martin@company.com,(972) 832-1815,Active
EMP000138,William,Anderson,William Anderson,47,IT,Lead,Miami,87599.1,9366.57,2022-04-28,20,71.8,william.anderson@company.com,(479) 420-9394,Active
EMP000139,Stephanie,Brown,Stephanie Brown,32,Finance,Specialist,Miami,68893.61,6377.65,2020-04-03,8,82.2,stephanie.brown@company.com,(425) 604-1897,Active
EMP000140,Ashley,Miller,Ashley Miller,31,Marketing,Specialist,Seattle,55753.69,11106.11,2021-11-02,8,100.0,ashley.miller@company.com,(322) 207-9149,Active
EMP000141,Emily,Jones,Emily Jones,34,IT,Coordinator,Austin,70153.54,10896.0,2020-05-27,6,78.9,emily.jones@company.com,(606) 959-1693,Active
EMP000142,Daniel,Williams,Daniel Williams,32,Operations,Associate,Los Angeles,65598.39,4577.41,2023-12-24,8,100.0,daniel.williams@company.com,(855) 627-5743,Active
EMP000143,John,Hernandez,John Hernandez,51,Marketing,Coordinator,Miami,68783.68,7462.1,2020-06-29,25,97.6,john.hernandez@company.com,(647) 308-4986,Active
EMP000144,Christopher,Taylor,Christopher Taylor,33,Sales,Specialist,Los Angeles,67740.91,6133.24,2024-03-07,4,85.0,christopher.taylor@company.com,(547) 426-6456,Active
EMP000145,Michael,Taylor,Michael Taylor,43,Sales,Coordinator,Austin,82378.75,6926.08,2021-12-20,18,85.4,michael.taylor@company.com,(944) 860-3419,Active
EMP000146,David,Rodriguez,David Rodriguez,26,HR,Analyst,Chicago,50412.73,1786.82,2024-04-05,0,84.8,david.rodriguez@company.com,(977) 871-2234,Active
EMP000147,Melissa,Anderson,Melissa Anderson,25,Legal,Coordinator,Boston,90379.61,7907.66,2020-11-05,2,49.4,melissa.anderson@company.com,(650) 269-8682,Active
EMP000148,Ashley,Rodriguez,Ashley Rodriguez,35,Engineering,Senior Developer,Boston,113770.52,15960.5,2021-09-27,13,78.8,ashley.rodriguez@company.com,(672) 662-1616,Active
EMP000149,Ashley,Williams,Ashley Williams,44,Sales,Lead,Los Angeles,105170.74,9259.34,2023-04-03,22,51.3,ashley.williams@company.com,(767) 956-1672,Active
EMP000150,Anthony,Miller,Anthony Miller,35,Operations,Analyst,Miami,68294.59,11721.0,2020-05-06,11,40.7,anthony.miller@company.com,(661) 305-6626,On Leave
EMP000151,Michael,Taylor,Michael Taylor,28,Marketing,Director,New York,72335.44,9075.85,2023-12-20,3,91.4,michael.taylor@company.com,(648) 649-9586,Active
EMP000152,Emily,Lopez,Emily Lopez,51,Operations,Associate,Seattle,84583.42,9508.11,2022-04-17,24,77.7,emily.lopez@company.com,(993) 546-1857,Active
EMP000153,James,Williams,James Williams,54,Operations,Associate,San Francisco,83088.49,8606.17,2021-08-04,32,85.8,james.williams@company.com,(458) 941-3463,Active
EMP000154,Anthony,Jones,Anthony Jones,31,Operations,Associate,Seattle,48989.87,4803.92,2020-09-21,4,99.6,anthony.jones@company.com,(809) 925-2388,Active
EMP000155,Christopher,Hernandez,Christopher Hernandez,59,Marketing,Associate,San Francisco,50851.56,4398.98,2022-11-07,33,85.1,christopher.hernandez@company.com,(570) 218-6940,Active
EMP000156,Robert,Hernandez,Robert Hernandez,50,Legal,Director,Austin,81648.18,20314.87,2020-10-08,25,59.7,robert.hernandez@company.com,(358) 279-5846,Active
EMP000157,Sarah,Taylor,Sarah Taylor,33,Engineering,Analyst,Boston,112263.55,6882.94,2023-05-08,10,100.0,sarah.taylor@company.com,(585) 357-3658,Active
EMP000158,Lisa,Garcia,Lisa Garcia,32,Legal,Associate,New York,58662.72,6823.72,2022-01-16,5,73.3,lisa.garcia@company.com,(892) 936-4891,On Leave
EMP000159,Lisa,Martinez,Lisa Martinez,29,Legal,Director,Austin,47510.14,5416.08,2021-09-25,5,65.9,lisa.martinez@company.com,(680) 398-7026,Active
EMP000160,Anthony,Anderson,Anthony Anderson,39,Legal,Associate,Seattle,67897.08,6948.98,2022-10-26,14,72.0,anthony.anderson@company.com,(740) 628-3655,Active
EMP000161,Lisa,Jones,Lisa Jones,64,Finance,Lead,New York,102125.01,16365.38,2024-11-25,39,85.9,lisa.jones@company.com,(580) 767-2680,Active
EMP000162,Matthew,Brown,Matthew Brown,52,Finance,Analyst,San Francisco,100855.01,19600.3,2021-07-12,26,54.9,matthew.brown@company.com,(660) 725-3414,Active
EMP000163,Michael,Davis,Michael Davis,35,Legal,Manager,Boston,66444.91,5307.45,2022-04-29,9,73.1,michael.davis@company.com,(254) 605-9224,Active
EMP000164,Christopher,Williams,Christopher Williams,44,Operations,Manager,Austin,58448.49,7376.06,2021-10-14,18,100.0,christopher.williams@company.com,(301) 931-6493,Active
EMP000165,David,Johnson,David Johnson,30,Finance,Analyst,Miami,57257.7,8165.65,2024-04-03,8,84.9,david.johnson@company.com,(922) 680-8349,Active
EMP000166,Michael,Smith,Michael Smith,32,Finance,Analyst,Austin,33867.83,4754.06,2023-01-28,8,74.0,michael.smith@company.com,(944) 823-9647,Active
EMP000167,Ashley,Davis,Ashley Davis,55,Finance,Manager,San Francisco,95062.33,4156.99,2021-05-03,31,86.6,ashley.davis@company.com,(629) 854-8489,Active
EMP000168,Melissa,Martin,Melissa Martin,45,Engineering,Analyst,Austin,95893.78,10918.38,2021-08-19,19,57.1,melissa.martin@company.com,(639) 201-6780,Active
EMP000169,Stephanie,Garcia,Stephanie Garcia,45,Sales,Senior Developer,Boston,91582.39,4500.39,2022-12-13,21,64.5,stephanie.garcia@company.com,(757) 719-9316,Active
EMP000170,Christopher,Thomas,Christopher Thomas,41,Engineering,Coordinator,Los Angeles,104715.05,1940.88,2021-06-03,14,100.0,christopher.thomas@company.com,(965) 216-6850,Active
EMP000171,Amanda,Davis,Amanda Davis,49,Sales,Analyst,Boston,59105.57,3908.16,2020-03-31,21,77.2,amanda.davis@company.com,(560) 759-6546,Active
EMP000172,Emily,Anderson,Emily Anderson,44,Legal,Analyst,Chicago,96799.12,8084.58,2020-05-09,17,95.2,emily.anderson@company.com,(933) 994-8498,Active
EMP000173,Robert,Johnson,Robert Johnson,53,HR,Coordinator,New York,104622.53,23905.87,2021-09-27,27,66.4,robert.johnson@company.com,(727) 607-9897,Active
EMP000174,Jane,Miller,Jane Miller,39,Finance,Manager,Boston,60052.78,3000.78,2024-11-08,16,90.6,jane.miller@company.com,(871) 539-5476,Active
EMP000175,Amanda,Wilson,Amanda Wilson,23,IT,Associate,Miami,42455.79,1745.93,2021-11-25,0,100.0,amanda.wilson@company.com,(391) 708-9151,Active
EMP000176,Matthew,Rodriguez,Matthew Rodriguez,22,Sales,Senior Developer,Los Angeles,60655.53,5393.73,2022-05-31,0,66.5,matthew.rodriguez@company.com,(816) 384-9937,Active
EMP000177,Sarah,Williams,Sarah Williams,53,Operations,Specialist,Seattle,76590.89,6273.21,2022-07-02,30,70.6,sarah.williams@company.com,(817) 934-7981,Active
EMP000178,Daniel,Lopez,Daniel Lopez,49,Legal,Coordinator,New York,97695.19,0.0,2023-06-13,25,93.3,daniel.lopez@company.com,(645) 481-1939,Active
EMP000179,Christopher,Lopez,Christopher Lopez,45,Marketing,Analyst,New York,72564.39,7614.71,2024-10-04,16,53.8,christopher.lopez@company.com,(822) 894-8179,Active
EMP000180,Michael,Davis,Michael Davis,24,Operations,Associate,Boston,48658.1,7245.9,2023-03-07,0,77.1,michael.davis@company.com,(233) 819-3513,Active
EMP000181,Amanda,Lopez,Amanda Lopez,55,Legal,Analyst,San Francisco,128433.85,23416.04,2022-12-20,26,81.3,amanda.lopez@company.com,(575) 607-6150,Active
EMP000182,Jessica,Brown,Jessica Brown,42,Engineering,Lead,Chicago,76041.76,4180.27,2022-11-26,19,49.6,jessica.brown@company.com,(596) 775-2929,Active
EMP000183,William,Anderson,William Anderson,28,HR,Lead,Seattle,74562.57,1231.11,2021-02-13,2,86.5,william.anderson@company.com,(325) 338-2213,Active
EMP000184,Daniel,Williams,Daniel Williams,23,Operations,Senior Developer,Boston,72139.76,9911.93,2023-01-31,0,78.4,daniel.williams@company.com,(755) 497-5914,Inactive
EMP000185,Emily,Lopez,Emily Lopez,63,HR,Director,San Francisco,75170.09,10359.76,2024-06-10,35,91.3,emily.lopez@company.com,(342) 442-9094,Active
EMP000186,Nicole,Jackson,Nicole Jackson,59,Operations,Analyst,Miami,56103.94,9121.52,2023-06-07,33,65.6,nicole.jackson@company.com,(288) 267-6067,Active
EMP000187,Melissa,Taylor,Melissa Taylor,65,IT,Senior Developer,Los Angeles,104009.42,15454.88,2020-09-13,38,78.9,melissa.taylor@company.com,(524) 857-2215,Active
EMP000188,Matthew,Lopez,Matthew Lopez,53,Marketing,Analyst,Chicago,77838.84,7562.25,2022-06-05,26,69.5,matthew.lopez@company.com,(714) 256-3034,Active
EMP000189,Ashley,Garcia,Ashley Garcia,30,Marketing,Director,Boston,91512.16,11976.15,2021-12-09,2,85.1,ashley.garcia@company.com,(731) 490-2292,Active
EMP000190,Nicole,Rodriguez,Nicole Rodriguez,25,Marketing,Senior Developer,Seattle,39897.58,6286.71,2022-10-26,0,91.5,nicole.rodriguez@company.com,(856) 372-3526,Active
EMP000191,Lisa,Martin,Lisa Martin,39,Operations,Manager,New York,77691.01,9354.98,2020-06-15,17,76.9,lisa.martin@company.com,(246) 856-5336,Active
EMP000192,Anthony,Wilson,Anthony Wilson,46,Engineering,Specialist,Miami,66639.62,6594.49,2023-08-07,20,100.0,anthony.wilson@company.com,(509) 694-5012,Active
EMP000193,Christopher,Martinez,Christopher Martinez,63,Legal,Manager,San Francisco,105045.96,11849.34,2020-11-19,35,65.3,christopher.martinez@company.com,(650) 625-8933,Active
EMP000194,James,Martin,James Martin,33,Marketing,Coordinator,Boston,77083.35,16565.05,2024-02-12,10,73.5,james.martin@company.com,(553) 608-3142,Active
EMP000195,Matthew,Moore,Matthew Moore,38,Sales,Director,Boston,42786.89,310.66,2022-08-13,15,55.8,matthew.moore@company.com,(325) 473-8366,Active
EMP000196,Sarah,Johnson,Sarah Johnson,64,Finance,Associate,Los Angeles,83991.88,13470.58,2021-05-23,39,71.6,sarah.johnson@company.com,(363) 535-6123,Active
EMP000197,Emily,Thomas,Emily Thomas,60,Legal,Specialist,Miami,120143.79,14977.83,2022-10-15,32,77.0,emily.thomas@company.com,(223) 292-7442,Active
EMP000198,Jessica,Miller,Jessica Miller,26,Operations,Manager,New York,54036.66,5068.93,2021-07-30,0,48.7,jessica.miller@company.com,(706) 811-8710,Active
EMP000199,John,Brown,John Brown,41,IT,Specialist,Chicago,92464.05,21082.19,2024-01-29,19,70.8,john.brown@company.com,(574) 982-7606,Active
EMP000200,Christopher,Johnson,Christopher Johnson,55,HR,Specialist,Boston,74303.19,15969.5,2020-05-30,33,67.8,christopher.johnson@company.com,(595) 716-8378,Active
EMP000201,William,Martin,William Martin,30,Sales,Senior Developer,Chicago,48311.31,3316.65,2022-03-17,4,48.3,william.martin@company.com,(582) 547-6990,Active
EMP000202,Robert,Martin,Robert Martin,60,IT,Manager,New York,138224.07,9713.94,2020-03-20,38,89.8,robert.martin@company.com,(340) 930-6456,Active
EMP000203,Matthew,Anderson,Matthew Anderson,38,Marketing,Coordinator,Chicago,65819.32,8858.03,2023-06-09,10,84.3,matthew.anderson@company.com,(526) 366-7438,On Leave
EMP000204,Ashley,Jackson,Ashley Jackson,38,Operations,Specialist,Miami,76238.39,11672.9,2022-08-30,11,94.3,ashley.jackson@company.com,(217) 577-6427,Active
EMP000205,Stephanie,Jackson,Stephanie Jackson,29,Finance,Lead,New York,68362.27,5867.82,2021-06-27,1,50.1,stephanie.jackson@company.com,(871) 994-4728,Active
EMP000206,Anthony,Thomas,Anthony Thomas,47,Marketing,Analyst,Los Angeles,75459.27,8050.93,2024-08-09,20,87.3,anthony.thomas@company.com,(897) 448-1517,Active
EMP000207,Sarah,Miller,Sarah Miller,36,Engineering,Coordinator,Miami,68359.4,6166.01,2022-05-07,7,90.8,sarah.miller@company.com,(355) 622-4340,Active
EMP000208,Lisa,Thomas,Lisa Thomas,50,Engineering,Director,Chicago,85205.75,8177.98,2023-02-22,22,91.9,lisa.thomas@company.com,(532) 878-8837,Active
EMP000209,James,Garcia,James Garcia,56,Legal,Coordinator,Boston,123592.82,4485.99,2023-10-16,34,67.3,james.garcia@company.com,(990) 938-5331,Active
EMP000210,Robert,Davis,Robert Davis,65,Finance,Director,Seattle,124531.67,20410.29,2021-09-01,37,59.4,robert.davis@company.com,(989) 495-4396,Active
EMP000211,Melissa,Hernandez,Melissa Hernandez,44,Legal,Specialist,Boston,90496.16,18291.07,2021-08-12,22,68.4,melissa.hernandez@company.com,(324) 787-9899,Active
EMP000212,Christopher,Lopez,Christopher Lopez,34,Marketing,Manager,Seattle,70753.75,8076.65,2021-08-12,11,88.0,christopher.lopez@company.com,(931) 280-6674,Inactive
EMP000213,William,Thomas,William Thomas,65,HR,Specialist,Austin,83910.83,19289.86,2023-02-25,36,91.0,william.thomas@company.com,(912) 478-3249,Active
EMP000214,Anthony,Davis,Anthony Davis,65,HR,Director,New York,74019.99,893.42,2023-07-30,39,49.8,anthony.davis@company.com,(438) 253-2641,Active
EMP000215,Melissa,Brown,Melissa Brown,22,Marketing,Analyst,New York,48732.34,6788.84,2022-04-13,0,70.8,melissa.brown@company.com,(868) 687-8822,Active
EMP000216,Ashley,Hernandez,Ashley Hernandez,39,Finance,Senior Developer,New York,70856.59,2808.06,2023-08-28,10,46.0,ashley.hernandez@company.com,(787) 437-9767,Active
EMP000217,Jane,Garcia,Jane Garcia,25,IT,Manager,Chicago,89717.8,12701.99,2024-09-08,0,71.8,jane.garcia@company.com,(606) 707-4052,Inactive
EMP000218,Ashley,Johnson,Ashley Johnson,55,Engineering,Senior Developer,Seattle,113248.45,20504.25,2021-11-17,29,92.5,ashley.johnson@company.com,(491) 665-9901,Active
EMP000219,David,Taylor,David Taylor,31,Legal,Director,Seattle,78596.03,10042.12,2024-07-14,9,67.5,david.taylor@company.com,(315) 538-3662,Active
EMP000220,William,Garcia,William Garcia,27,Engineering,Specialist,Boston,67934.03,10849.68,2023-03-08,0,82.7,william.garcia@company.com,(890) 975-4164,Active
EMP000221,Christopher,Wilson,Christopher Wilson,30,Operations,Associate,San Francisco,49639.16,5384.99,2023-10-02,7,57.4,christopher.wilson@company.com,(297) 389-3303,Active
EMP000222,Jessica,Smith,Jessica Smith,24,Finance,Director,Los Angeles,65070.29,8566.28,2022-07-03,0,66.7,jessica.smith@company.com,(971) 473-6400,Active
EMP000223,Anthony,Smith,Anthony Smith,46,Finance,Director,Boston,110013.84,0.0,2020-05-07,23,100.0,anthony.smith@company.com,(883) 321-8625,Active
EMP000224,Christopher,Taylor,Christopher Taylor,49,Finance,Specialist,San Francisco,72626.88,7150.3,2022-01-22,26,65.9,christopher.taylor@company.com,(829) 426-4590,On Leave
EMP000225,Melissa,Jones,Melissa Jones,33,Legal,Associate,Boston,81705.83,4695.81,2023-12-08,11,72.2,melissa.jones@company.com,(762) 682-9806,Active
EMP000226,Robert,Davis,Robert Davis,45,Sales,Coordinator,Miami,77571.03,8153.22,2020-06-08,22,71.5,robert.davis@company.com,(777) 314-2011,Active
EMP000227,Matthew,Miller,Matthew Miller,27,Marketing,Coordinator,Chicago,71451.8,11874.84,2024-10-15,3,75.5,matthew.miller@company.com,(732) 652-2904,Active
EMP000228,Anthony,Thomas,Anthony Thomas,48,Sales,Manager,Miami,61422.76,8101.58,2022-07-17,19,81.1,anthony.thomas@company.com,(335) 725-7806,Active
EMP000229,Jane,Moore,Jane Moore,40,Legal,Manager,Seattle,82907.01,9972.13,2022-03-21,16,83.2,jane.moore@company.com,(460) 203-4570,Active
EMP000230,Jane,Wilson,Jane Wilson,64,Operations,Manager,San Francisco,86636.34,5936.68,2020-05-21,39,79.8,jane.wilson@company.com,(683) 232-5703,Active
EMP000231,David,Wilson,David Wilson,28,Operations,Lead,Los Angeles,66302.63,5402.59,2024-11-15,5,73.6,david.wilson@company.com,(586) 584-2314,Active
EMP000232,Nicole,Jones,Nicole Jones,51,Operations,Analyst,San Francisco,58052.12,6801.12,2023-01-05,26,98.5,nicole.jones@company.com,(602) 741-3086,Active
EMP000233,Jessica,Smith,Jessica Smith,60,Engineering,Lead,Seattle,127124.43,17500.61,2023-10-11,31,46.6,jessica.smith@company.com,(936) 757-7948,Active
EMP000234,Jessica,Davis,Jessica Davis,45,Legal,Analyst,Boston,69682.84,7629.3,2021-07-18,21,71.7,jessica.davis@company.com,(393) 942-2848,Active
EMP000235,Stephanie,Martin,Stephanie Martin,51,Engineering,Director,Austin,104134.8,16708.33,2020-05-17,28,70.1,stephanie.martin@company.com,(303) 808-1550,Active
EMP000236,Jane,Davis,Jane Davis,51,Engineering,Lead,Los Angeles,76930.86,10296.31,2021-04-24,26,86.6,jane.davis@company.com,(752) 422-1924,Active
EMP000237,Ashley,Davis,Ashley Davis,53,Operations,Director,Boston,76292.85,724.94,2021-09-10,31,65.9,ashley.davis@company.com,(346) 876-9540,Active
EMP000238,Ashley,Rodriguez,Ashley Rodriguez,47,Engineering,Associate,Chicago,119697.79,7541.71,2023-02-12,22,100.0,ashley.rodriguez@company.com,(707) 248-6642,Inactive
EMP000239,Christopher,Taylor,Christopher Taylor,33,Operations,Associate,Los Angeles,54769.26,5167.5,2020-11-01,9,44.5,christopher.taylor@company.com,(507) 585-4012,Active
EMP000240,Melissa,Davis,Melissa Davis,25,HR,Analyst,Seattle,37463.38,0.0,2024-07-08,0,53.3,melissa.davis@company.com,(674) 259-7761,On Leave
EMP000241,Nicole,Taylor,Nicole Taylor,36,Marketing,Director,Los Angeles,74603.07,9190.07,2021-06-06,11,89.8,nicole.taylor@company.com,(408) 538-2295,Inactive
EMP000242,Amanda,Williams,Amanda Williams,41,HR,Specialist,New York,73320.53,10530.5,2022-02-11,19,55.8,amanda.williams@company.com,(889) 819-1647,Inactive
EMP000243,Robert,Jackson,Robert Jackson,65,HR,Director,Miami,57868.57,5088.86,2024-11-15,42,66.5,robert.jackson@company.com,(540) 510-1251,Active
EMP000244,Robert,Brown,Robert Brown,56,Legal,Director,Austin,112601.04,9968.56,2022-03-23,31,76.1,robert.brown@company.com,(445) 765-6269,Active
EMP000245,Christopher,Anderson,Christopher Anderson,39,Operations,Specialist,Seattle,59472.57,4701.54,2022-01-06,10,91.8,christopher.anderson@company.com,(725) 709-8635,Active
EMP000246,Melissa,Hernandez,Melissa Hernandez,50,HR,Coordinator,Boston,65496.06,8915.78,2022-04-27,23,85.6,melissa.hernandez@company.com,(246) 776-4625,Active
EMP000247,John,Rodriguez,John Rodriguez,28,IT,Analyst,Seattle,57881.36,5320.38,2021-02-05,2,79.8,john.rodriguez@company.com,(537) 435-7223,Active
EMP000248,Jessica,Thomas,Jessica Thomas,51,Operations,Lead,Seattle,51578.75,9802.39,2024-01-21,24,64.9,jessica.thomas@company.com,(857) 957-9037,Active
EMP000249,Amanda,Garcia,Amanda Garcia,43,Marketing,Analyst,Miami,48002.48,5511.79,2024-12-26,14,83.5,amanda.garcia@company.com,(755) 857-1962,Active
EMP000250,Michael,Johnson,Michael Johnson,38,Engineering,Analyst,Los Angeles,90723.27,0.0,2024-09-21,10,68.2,michael.johnson@company.com,(845) 436-2113,Active
EMP000251,John,Miller,John Miller,59,Legal,Manager,Boston,128191.03,18843.11,2023-06-19,37,58.6,john.miller@company.com,(853) 882-8916,Active
EMP000252,John,Smith,John Smith,62,IT,Manager,New York,122748.24,5165.46,2022-12-20,35,74.9,john.smith@company.com,(939) 481-9777,On Leave
EMP000253,John,Taylor,John Taylor,49,IT,Senior Developer,Chicago,104488.0,15794.1,2020-07-16,20,100.0,john.taylor@company.com,(736) 352-4948,Active
EMP000254,Matthew,Rodriguez,Matthew Rodriguez,51,Operations,Associate,Seattle,69847.72,6003.06,2020-06-10,23,60.0,matthew.rodriguez@company.com,(582) 615-8520,Active
EMP000255,Jessica,Martinez,Jessica Martinez,47,Sales,Senior Developer,New York,92433.24,9713.64,2022-04-10,24,84.3,jessica.martinez@company.com,(588) 586-8798,Active
EMP000256,John,Garcia,John Garcia,61,Sales,Associate,Miami,84689.52,12384.29,2023-08-13,34,96.0,john.garcia@company.com,(539) 779-2562,Inactive
EMP000257,Jane,Davis,Jane Davis,30,HR,Specialist,Miami,82061.73,8806.24,2020-04-05,1,80.4,jane.davis@company.com,(276) 900-5593,Inactive
EMP000258,Anthony,Johnson,Anthony Johnson,41,Marketing,Manager,Boston,76600.22,5610.07,2021-02-28,13,90.7,anthony.johnson@company.com,(801) 347-7525,Inactive
EMP000259,Ashley,Garcia,Ashley Garcia,32,HR,Coordinator,Los Angeles,60586.2,5753.2,2022-02-25,9,89.3,ashley.garcia@company.com,(973) 957-3292,Active
EMP000260,Michael,Taylor,Michael Taylor,62,Operations,Senior Developer,New York,95266.7,3741.51,2022-06-14,39,71.7,michael.taylor@company.com,(437) 277-6580,Active
EMP000261,Lisa,Martin,Lisa Martin,33,IT,Manager,Boston,67954.48,1503.21,2023-07-22,7,67.7,lisa.martin@company.com,(479) 661-9038,Active
EMP000262,Nicole,Gonzalez,Nicole Gonzalez,57,IT,Associate,Chicago,121698.54,14453.23,2020-06-24,31,83.6,nicole.gonzalez@company.com,(990) 833-5839,Active
EMP000263,Michael,Williams,Michael Williams,53,Finance,Associate,Chicago,139562.67,4806.39,2023-12-28,30,73.6,michael.williams@company.com,(849) 357-7383,Active
EMP000264,Sarah,Williams,Sarah Williams,62,Engineering,Lead,Seattle,139849.68,13890.22,2022-01-07,38,62.3,sarah.williams@company.com,(979) 476-2674,Active
EMP000265,Emily,Wilson,Emily Wilson,56,Legal,Senior Developer,Los Angeles,98269.13,8562.3,2020-02-23,28,53.8,emily.wilson@company.com,(291) 562-2524,Active
EMP000266,James,Gonzalez,James Gonzalez,51,Engineering,Associate,Seattle,72502.61,9072.94,2022-03-05,22,73.6,james.gonzalez@company.com,(997) 286-4977,Active
EMP000267,Emily,Gonzalez,Emily Gonzalez,41,Marketing,Specialist,Chicago,88888.3,9886.39,2021-09-08,14,86.4,emily.gonzalez@company.com,(474) 704-3390,Active
EMP000268,Stephanie,Rodriguez,Stephanie Rodriguez,57,IT,Lead,Seattle,121567.77,9888.53,2024-05-21,32,73.8,stephanie.rodriguez@company.com,(278) 569-5123,Inactive
EMP000269,Melissa,Martin,Melissa Martin,23,HR,Senior Developer,Miami,70338.74,9328.05,2020-10-04,0,81.6,melissa.martin@company.com,(511) 206-7483,Active
EMP000270,Lisa,Gonzalez,Lisa Gonzalez,33,Operations,Coordinator,Miami,36341.0,0.0,2022-05-31,7,64.9,lisa.gonzalez@company.com,(866) 808-3230,Active
EMP000271,Lisa,Miller,Lisa Miller,36,Legal,Analyst,Boston,100049.42,11624.74,2022-03-26,11,64.2,lisa.miller@company.com,(526) 498-9044,On Leave
EMP000272,Jessica,Hernandez,Jessica Hernandez,62,IT,Associate,Seattle,102273.18,8332.12,2022-01-17,34,83.2,jessica.hernandez@company.com,(316) 777-4273,Active
EMP000273,Nicole,Garcia,Nicole Garcia,35,Engineering,Director,Miami,44828.68,5084.06,2022-06-16,12,78.5,nicole.garcia@company.com,(498) 909-2133,Active
EMP000274,Stephanie,Thomas,Stephanie Thomas,46,Marketing,Director,Seattle,62790.96,9923.57,2021-06-01,17,55.6,stephanie.thomas@company.com,(874) 357-7932,Active
EMP000275,Michael,Anderson,Michael Anderson,33,Legal,Associate,Los Angeles,53826.9,218.87,2023-01-18,9,70.9,michael.anderson@company.com,(237) 568-9796,Active
EMP000276,Michael,Brown,Michael Brown,50,HR,Analyst,Boston,63120.07,4753.71,2023-08-18,28,89.9,michael.brown@company.com,(827) 245-7547,On Leave
EMP000277,James,Wilson,James Wilson,26,Sales,Senior Developer,New York,70533.86,4436.51,2021-06-13,4,54.1,james.wilson@company.com,(427) 722-9499,Active
EMP000278,Anthony,Davis,Anthony Davis,49,Legal,Associate,Boston,74537.71,15193.57,2022-08-06,27,70.2,anthony.davis@company.com,(990) 895-9199,Active
EMP000279,John,Thomas,John Thomas,65,Sales,Associate,Seattle,108421.76,9437.89,2020-06-24,38,72.6,john.thomas@company.com,(318) 947-3321,Active
EMP000280,James,Anderson,James Anderson,35,HR,Coordinator,Miami,58549.28,3842.17,2022-09-02,10,75.7,james.anderson@company.com,(299) 648-8412,Active
EMP000281,Ashley,Johnson,Ashley Johnson,47,Sales,Coordinator,New York,88589.6,9704.71,2023-08-20,21,73.8,ashley.johnson@company.com,(311) 893-3692,Inactive
EMP000282,Jessica,Taylor,Jessica Taylor,33,Marketing,Coordinator,Chicago,50332.47,6172.11,2023-02-20,11,77.1,jessica.taylor@company.com,(636) 673-4798,Active
EMP000283,Emily,Garcia,Emily Garcia,60,IT,Manager,Los Angeles,123564.18,14999.89,2024-02-19,37,31.6,emily.garcia@company.com,(828) 402-8365,Active
EMP000284,Christopher,Smith,Christopher Smith,44,HR,Specialist,Austin,39493.5,5221.57,2024-03-20,16,60.9,christopher.smith@company.com,(920) 264-2667,Active
EMP000285,Nicole,Garcia,Nicole Garcia,29,Operations,Director,Boston,45766.95,4341.35,2022-07-26,3,100.0,nicole.garcia@company.com,(316) 468-9019,Active
EMP000286,James,Martin,James Martin,39,IT,Senior Developer,Los Angeles,84957.7,9802.51,2021-12-13,10,89.4,james.martin@company.com,(560) 668-3826,Active
EMP000287,Ashley,Martin,Ashley Martin,33,Sales,Coordinator,Chicago,69374.34,3202.8,2020-08-29,8,71.1,ashley.martin@company.com,(444) 512-2916,Active
EMP000288,David,Taylor,David Taylor,37,IT,Analyst,Los Angeles,95551.34,14286.61,2023-03-23,15,82.6,david.taylor@company.com,(592) 633-4043,Active
EMP000289,Nicole,Garcia,Nicole Garcia,47,Marketing,Specialist,Miami,59612.13,8957.15,2020-10-14,18,68.4,nicole.garcia@company.com,(391) 522-8389,Active
EMP000290,Amanda,Smith,Amanda Smith,30,Legal,Director,Chicago,75267.87,5616.19,2024-07-27,6,71.1,amanda.smith@company.com,(593) 775-9281,Active
EMP000291,Stephanie,Thomas,Stephanie Thomas,25,IT,Lead,Miami,94017.42,14323.18,2020-12-08,0,85.4,stephanie.thomas@company.com,(284) 778-1505,Active
EMP000292,Jessica,Martinez,Jessica Martinez,39,Engineering,Director,Seattle,103674.03,14270.09,2023-01-06,13,69.5,jessica.martinez@company.com,(495) 372-8492,Active
EMP000293,Melissa,Moore,Melissa Moore,32,Sales,Specialist,San Francisco,43563.81,1572.6,2024-05-06,4,61.5,melissa.moore@company.com,(756) 575-9880,Active
EMP000294,Jane,Anderson,Jane Anderson,42,HR,Senior Developer,Los Angeles,44049.5,0.0,2024-02-16,20,88.1,jane.anderson@company.com,(869) 969-5055,Active
EMP000295,Jane,Anderson,Jane Anderson,53,Finance,Senior Developer,Boston,69303.1,2812.02,2022-06-18,30,66.0,jane.anderson@company.com,(320) 994-4882,Active
EMP000296,Anthony,Lopez,Anthony Lopez,35,IT,Analyst,Chicago,87217.43,18544.33,2024-05-26,11,64.7,anthony.lopez@company.com,(411) 411-1972,Active
EMP000297,Nicole,Rodriguez,Nicole Rodriguez,42,Marketing,Specialist,Boston,70762.78,1306.73,2021-08-15,15,91.9,nicole.rodriguez@company.com,(786) 473-9428,On Leave
EMP000298,Sarah,Jones,Sarah Jones,57,IT,Specialist,New York,105797.48,13562.76,2024-11-10,30,95.8,sarah.jones@company.com,(871) 329-3174,Active
EMP000299,James,Davis,James Davis,65,IT,Analyst,Miami,124060.71,5044.95,2023-03-28,43,79.2,james.davis@company.com,(847) 475-7786,Active
EMP000300,Michael,Williams,Michael Williams,25,IT,Coordinator,Seattle,99553.18,12708.33,2022-07-20,2,72.2,michael.williams@company.com,(699) 535-1040,Inactive
EMP000301,Michael,Anderson,Michael Anderson,35,Operations,Associate,San Francisco,36214.8,4567.44,2021-03-22,10,73.5,michael.anderson@company.com,(639) 416-9105,Active
EMP000302,Ashley,Hernandez,Ashley Hernandez,49,Marketing,Coordinator,Miami,78187.52,9370.14,2023-10-29,24,46.3,ashley.hernandez@company.com,(980) 249-1752,Active
EMP000303,Daniel,Smith,Daniel Smith,51,Sales,Lead,Chicago,65955.58,6897.09,2022-07-23,26,89.1,daniel.smith@company.com,(200) 638-4314,On Leave
EMP000304,David,Martinez,David Martinez,28,Marketing,Senior Developer,Seattle,78010.23,9950.35,2023-09-02,2,60.5,david.martinez@company.com,(569) 456-2350,Active
EMP000305,Emily,Johnson,Emily Johnson,52,IT,Director,Seattle,87095.38,5127.21,2022-05-29,29,79.8,emily.johnson@company.com,(871) 293-2559,Active
EMP000306,Melissa,Williams,Melissa Williams,22,Marketing,Lead,Austin,52577.63,0.0,2020-01-20,0,82.2,melissa.williams@company.com,(208) 912-6629,Active
EMP000307,Stephanie,Jones,Stephanie Jones,34,Legal,Director,San Francisco,106615.38,17726.24,2022-02-23,7,80.8,stephanie.jones@company.com,(291) 948-2678,Active
EMP000308,Amanda,Martinez,Amanda Martinez,36,Marketing,Analyst,Los Angeles,71373.69,13381.06,2023-08-06,10,54.0,amanda.martinez@company.com,(893) 346-2120,Active
EMP000309,John,Martin,John Martin,63,Marketing,Coordinator,Miami,81956.64,4682.7,2024-01-19,40,86.3,john.martin@company.com,(418) 843-3480,Inactive
EMP000310,Lisa,Anderson,Lisa Anderson,45,HR,Senior Developer,San Francisco,54112.96,8787.25,2020-10-13,22,70.6,lisa.anderson@company.com,(970) 326-7291,Active
EMP000311,Stephanie,Hernandez,Stephanie Hernandez,46,Marketing,Specialist,Austin,76372.55,3275.9,2023-08-13,24,63.3,stephanie.hernandez@company.com,(286) 454-5668,Active
EMP000312,John,Martinez,John Martinez,56,HR,Associate,Austin,72940.7,11281.27,2021-08-28,30,73.8,john.martinez@company.com,(861) 255-4921,Active
EMP000313,Sarah,Davis,Sarah Davis,38,Legal,Manager,San Francisco,77734.56,11519.79,2022-01-09,14,60.9,sarah.davis@company.com,(524) 335-7337,Inactive
EMP000314,Anthony,Wilson,Anthony Wilson,31,Operations,Lead,Chicago,83264.17,2697.07,2024-04-26,9,86.0,anthony.wilson@company.com,(274) 217-2106,Active
EMP000315,Robert,Johnson,Robert Johnson,46,Engineering,Specialist,Los Angeles,84168.35,15607.11,2023-07-11,19,99.6,robert.johnson@company.com,(929) 713-7806,Active
EMP000316,Christopher,Williams,Christopher Williams,32,Marketing,Senior Developer,Seattle,56441.52,4136.74,2021-09-26,9,79.5,christopher.williams@company.com,(280) 723-4329,On Leave
EMP000317,David,Moore,David Moore,53,Operations,Senior Developer,Los Angeles,65206.12,10207.05,2021-09-27,24,71.9,david.moore@company.com,(915) 647-4909,Active
EMP000318,Michael,Wilson,Michael Wilson,30,Sales,Manager,Miami,89735.53,5782.12,2021-09-25,8,58.5,michael.wilson@company.com,(882) 959-3877,Active
EMP000319,David,Smith,David Smith,60,Marketing,Coordinator,Miami,84085.69,6218.5,2022-12-07,37,63.5,david.smith@company.com,(729) 938-5247,Active
EMP000320,David,Rodriguez,David Rodriguez,53,Sales,Coordinator,New York,85481.43,9012.06,2024-07-10,30,90.5,david.rodriguez@company.com,(639) 478-9582,Active
EMP000321,Anthony,Williams,Anthony Williams,24,Legal,Coordinator,Miami,37500.0,938.27,2020-04-23,0,80.6,anthony.williams@company.com,(711) 780-3734,Active
EMP000322,William,Brown,William Brown,56,Sales,Manager,Austin,64855.35,12085.26,2020-03-31,27,71.1,william.brown@company.com,(212) 450-1753,Active
EMP000323,Christopher,Jones,Christopher Jones,43,Marketing,Associate,New York,78636.16,13019.04,2021-04-04,17,76.1,christopher.jones@company.com,(529) 454-7819,Inactive
EMP000324,James,Rodriguez,James Rodriguez,37,Sales,Senior Developer,Boston,80016.09,712.52,2022-10-25,9,51.7,james.rodriguez@company.com,(889) 253-3938,Active
EMP000325,Matthew,Johnson,Matthew Johnson,37,IT,Lead,San Francisco,83159.66,6095.98,2024-11-08,10,80.8,matthew.johnson@company.com,(489) 992-6090,Active
EMP000326,Nicole,Anderson,Nicole Anderson,61,Engineering,Director,Boston,88000.69,12273.08,2021-08-20,34,63.7,nicole.anderson@company.com,(777) 511-4974,Active
EMP000327,Anthony,Thomas,Anthony Thomas,42,HR,Analyst,Austin,63046.17,4641.87,2020-01-14,13,69.1,anthony.thomas@company.com,(619) 224-4817,Active
EMP000328,John,Hernandez,John Hernandez,37,Engineering,Specialist,Los Angeles,97532.69,9874.46,2020-07-31,11,56.4,john.hernandez@company.com,(410) 742-4902,Active
EMP000329,Jane,Jones,Jane Jones,35,Finance,Manager,San Francisco,70001.7,4535.1,2021-04-19,9,68.9,jane.jones@company.com,(732) 622-7102,Active
EMP000330,Michael,Jackson,Michael Jackson,48,Sales,Associate,Chicago,74816.79,1455.77,2020-06-02,24,75.9,michael.jackson@company.com,(806) 781-2020,Active
EMP000331,David,Davis,David Davis,44,Finance,Coordinator,Seattle,90128.68,9381.63,2024-06-28,16,67.0,david.davis@company.com,(602) 917-6345,Active
EMP000332,William,Davis,William Davis,56,Sales,Analyst,Austin,83316.66,16671.44,2024-05-16,29,80.6,william.davis@company.com,(988) 798-2785,Active
EMP000333,Emily,Anderson,Emily Anderson,27,Legal,Associate,Boston,70224.02,6408.08,2020-09-04,0,68.2,emily.anderson@company.com,(748) 566-4401,Active
EMP000334,Daniel,Rodriguez,Daniel Rodriguez,23,Sales,Analyst,San Francisco,47063.82,3426.77,2024-07-11,0,68.5,daniel.rodriguez@company.com,(902) 511-1660,Active
EMP000335,James,Jones,James Jones,41,Sales,Coordinator,Austin,83484.07,8243.94,2022-03-22,18,76.8,james.jones@company.com,(725) 250-5896,Active
EMP000336,Emily,Smith,Emily Smith,37,IT,Director,Miami,98239.79,12425.83,2020-07-12,13,65.2,emily.smith@company.com,(673) 304-3290,Active
EMP000337,Jane,Davis,Jane Davis,56,Marketing,Associate,Austin,65382.13,6340.36,2022-02-01,30,70.4,jane.davis@company.com,(902) 845-2376,Active
EMP000338,William,Williams,William Williams,25,Engineering,Director,San Francisco,57491.95,5904.39,2023-08-15,0,82.6,william.williams@company.com,(654) 331-2506,Inactive
EMP000339,James,Brown,James Brown,49,Engineering,Manager,Miami,104217.25,14203.6,2020-12-10,26,45.4,james.brown@company.com,(787) 643-7471,Active
EMP000340,Christopher,Wilson,Christopher Wilson,53,Marketing,Director,Boston,71739.86,2573.67,2021-01-18,28,83.1,christopher.wilson@company.com,(481) 486-8307,Inactive
EMP000341,Jane,Martin,Jane Martin,44,HR,Lead,Seattle,64798.52,11791.67,2022-04-23,21,97.4,jane.martin@company.com,(763) 690-1999,Active
EMP000342,Christopher,Jones,Christopher Jones,52,IT,Director,Austin,96132.73,7638.08,2023-07-15,30,66.5,christopher.jones@company.com,(756) 219-7266,Active
EMP000343,Amanda,Thomas,Amanda Thomas,49,Legal,Coordinator,Boston,87498.7,12850.31,2022-03-06,20,70.5,amanda.thomas@company.com,(476) 384-1427,Active
EMP000344,Jessica,Smith,Jessica Smith,25,Finance,Lead,New York,91101.95,13266.43,2022-12-20,0,52.0,jessica.smith@company.com,(566) 985-4813,On Leave
EMP000345,Sarah,Davis,Sarah Davis,57,HR,Manager,Seattle,42562.06,3335.73,2024-04-13,29,89.0,sarah.davis@company.com,(424) 789-7363,Active
EMP000346,Emily,Garcia,Emily Garcia,56,HR,Coordinator,Boston,94235.55,933.02,2023-04-26,29,57.4,emily.garcia@company.com,(228) 920-6761,Inactive
EMP000347,Anthony,Jones,Anthony Jones,28,HR,Specialist,Miami,68021.69,4873.1,2020-12-25,1,86.4,anthony.jones@company.com,(702) 238-2478,Active
EMP000348,Lisa,Davis,Lisa Davis,42,Engineering,Manager,Miami,88086.35,10534.26,2021-11-10,14,66.8,lisa.davis@company.com,(828) 406-3137,Active
EMP000349,Emily,Hernandez,Emily Hernandez,26,Engineering,Analyst,New York,59654.93,5935.32,2023-04-16,1,74.5,emily.hernandez@company.com,(921) 345-2817,Active
EMP000350,Amanda,Williams,Amanda Williams,47,Operations,Senior Developer,Los Angeles,94244.87,3589.34,2021-11-20,23,86.0,amanda.williams@company.com,(509) 530-3235,On Leave
EMP000351,Stephanie,Thomas,Stephanie Thomas,62,Operations,Coordinator,Chicago,89061.77,10174.82,2021-04-02,39,79.8,stephanie.thomas@company.com,(881) 803-3872,Active
EMP000352,Ashley,Jones,Ashley Jones,62,Marketing,Associate,New York,88071.09,5589.51,2024-10-08,40,79.4,ashley.jones@company.com,(989) 781-1530,Active
EMP000353,James,Martin,James Martin,22,HR,Lead,San Francisco,56229.89,5374.61,2020-10-15,0,72.5,james.martin@company.com,(539) 963-2274,Active
EMP000354,James,Garcia,James Garcia,32,Sales,Lead,Boston,79420.24,7555.61,2020-01-24,5,38.5,james.garcia@company.com,(471) 414-5088,Active
EMP000355,Amanda,Rodriguez,Amanda Rodriguez,29,Sales,Manager,New York,68696.86,2777.79,2022-03-01,1,71.1,amanda.rodriguez@company.com,(648) 950-7875,On Leave
EMP000356,Stephanie,Thomas,Stephanie Thomas,53,IT,Associate,Boston,100008.34,11297.03,2020-07-26,24,74.5,stephanie.thomas@company.com,(690) 791-4695,Active
EMP000357,Michael,Johnson,Michael Johnson,34,Finance,Coordinator,New York,91955.63,5505.88,2021-06-18,10,83.6,michael.johnson@company.com,(307) 275-6600,Active
EMP000358,Christopher,Garcia,Christopher Garcia,57,Sales,Coordinator,San Francisco,105082.17,7056.82,2023-05-01,29,93.0,christopher.garcia@company.com,(828) 694-1507,Active
EMP000359,Emily,Martin,Emily Martin,49,IT,Manager,Chicago,75660.1,12051.53,2020-07-26,23,48.3,emily.martin@company.com,(539) 410-4112,Active
EMP000360,Nicole,Moore,Nicole Moore,31,Finance,Specialist,Seattle,83142.73,13764.94,2021-05-01,8,84.1,nicole.moore@company.com,(298) 250-7437,Active
EMP000361,Melissa,Jones,Melissa Jones,36,Engineering,Manager,Boston,83147.74,7436.17,2022-05-25,9,71.2,melissa.jones@company.com,(289) 501-8869,Active
EMP000362,John,Miller,John Miller,46,Marketing,Senior Developer,Seattle,71287.04,7266.26,2022-08-27,23,66.2,john.miller@company.com,(318) 515-7512,Active
EMP000363,William,Williams,William Williams,31,IT,Coordinator,Chicago,66176.67,6495.98,2024-12-18,2,88.9,william.williams@company.com,(590) 578-4056,Active
EMP000364,William,Anderson,William Anderson,53,Legal,Director,Seattle,83964.75,10887.83,2024-09-10,28,86.2,william.anderson@company.com,(475) 777-2009,Active
EMP000365,Sarah,Williams,Sarah Williams,55,Operations,Director,Los Angeles,66746.85,3907.9,2023-02-07,26,62.4,sarah.williams@company.com,(262) 596-9561,Active
EMP000366,Nicole,Thomas,Nicole Thomas,61,HR,Specialist,Miami,82642.96,215.35,2020-06-10,39,48.9,nicole.thomas@company.com,(604) 931-1568,Active
EMP000367,Matthew,Jackson,Matthew Jackson,43,Marketing,Lead,San Francisco,75169.33,8307.98,2020-12-20,18,72.5,matthew.jackson@company.com,(371) 416-4157,Active
EMP000368,Stephanie,Williams,Stephanie Williams,42,IT,Analyst,Austin,85357.86,6047.27,2024-09-04,14,87.9,stephanie.williams@company.com,(809) 464-6238,Inactive
EMP000369,Michael,Williams,Michael Williams,60,IT,Coordinator,Los Angeles,120676.13,4262.53,2024-10-20,34,62.8,michael.williams@company.com,(482) 732-8506,Inactive
EMP000370,John,Martin,John Martin,53,IT,Associate,San Francisco,103094.48,3624.64,2020-11-02,29,77.7,john.martin@company.com,(351) 780-2641,Inactive
EMP000371,Anthony,Brown,Anthony Brown,46,Finance,Associate,Boston,82922.87,3333.1,2021-06-24,18,73.7,anthony.brown@company.com,(592) 870-8955,Active
EMP000372,Melissa,Johnson,Melissa Johnson,65,Marketing,Associate,Seattle,86833.72,16073.85,2020-10-21,39,79.6,melissa.johnson@company.com,(833) 823-7581,Active
EMP000373,James,Davis,James Davis,54,Engineering,Specialist,Miami,71126.06,10675.85,2022-02-01,30,76.2,james.davis@company.com,(220) 545-5965,Active
EMP000374,Melissa,Brown,Melissa Brown,58,HR,Specialist,Chicago,80527.86,3123.28,2024-03-03,29,72.9,melissa.brown@company.com,(653) 992-6257,Active
EMP000375,Stephanie,Martin,Stephanie Martin,29,Sales,Lead,Austin,75626.82,4327.7,2021-03-08,7,61.1,stephanie.martin@company.com,(616) 958-8937,Active
EMP000376,Amanda,Johnson,Amanda Johnson,63,Marketing,Specialist,San Francisco,77032.96,11855.19,2023-12-24,37,55.6,amanda.johnson@company.com,(718) 613-3222,Active
EMP000377,Matthew,Jackson,Matthew Jackson,60,Engineering,Director,Chicago,144518.26,16460.51,2024-11-27,31,89.2,matthew.jackson@company.com,(405) 259-5087,Active
EMP000378,Jane,Lopez,Jane Lopez,43,HR,Coordinator,Seattle,86599.94,9683.71,2024-08-13,18,78.5,jane.lopez@company.com,(675) 717-7503,Active
EMP000379,Sarah,Smith,Sarah Smith,38,HR,Lead,Boston,73806.74,5704.56,2023-05-01,9,91.8,sarah.smith@company.com,(656) 381-8775,Active
EMP000380,Amanda,Lopez,Amanda Lopez,40,Marketing,Senior Developer,Seattle,56710.1,4537.84,2021-08-06,11,100.0,amanda.lopez@company.com,(228) 595-1813,Active
EMP000381,Anthony,Miller,Anthony Miller,56,HR,Director,Austin,81637.81,1936.22,2021-07-05,29,61.9,anthony.miller@company.com,(867) 619-9409,Active
EMP000382,John,Thomas,John Thomas,41,Marketing,Manager,Chicago,87151.82,7600.16,2021-04-03,15,89.7,john.thomas@company.com,(458) 822-6004,Active
EMP000383,William,Wilson,William Wilson,35,IT,Lead,Boston,71921.59,13885.6,2021-05-31,12,79.6,william.wilson@company.com,(423) 677-5950,Active
EMP000384,Lisa,Gonzalez,Lisa Gonzalez,45,Sales,Coordinator,New York,104299.22,13519.93,2023-02-23,17,90.4,lisa.gonzalez@company.com,(862) 808-5631,Active
EMP000385,Sarah,Thomas,Sarah Thomas,40,Sales,Specialist,Boston,59727.02,9160.93,2023-08-04,13,74.9,sarah.thomas@company.com,(532) 483-5278,Active
EMP000386,Ashley,Miller,Ashley Miller,59,Marketing,Manager,Austin,94928.7,7149.27,2024-07-07,35,83.3,ashley.miller@company.com,(814) 613-6236,Active
EMP000387,John,Thomas,John Thomas,57,Finance,Associate,Seattle,100118.89,9597.99,2022-04-08,35,66.3,john.thomas@company.com,(597) 954-1578,Active
EMP000388,Anthony,Miller,Anthony Miller,49,Operations,Lead,Austin,65767.72,8473.38,2023-10-07,27,77.8,anthony.miller@company.com,(567) 719-5918,Active
EMP000389,Nicole,Garcia,Nicole Garcia,27,Finance,Lead,San Francisco,87907.06,12527.17,2020-09-19,3,83.7,nicole.garcia@company.com,(958) 464-3999,Inactive
EMP000390,James,Williams,James Williams,47,HR,Director,Boston,81662.16,9589.77,2024-03-04,21,56.2,james.williams@company.com,(514) 630-6428,Active
EMP000391,Anthony,Martinez,Anthony Martinez,31,Legal,Lead,San Francisco,83641.62,6643.57,2020-04-19,5,48.5,anthony.martinez@company.com,(849) 797-2166,Active
EMP000392,Robert,Taylor,Robert Taylor,26,Sales,Specialist,Los Angeles,68731.23,8253.83,2022-04-26,4,69.5,robert.taylor@company.com,(255) 354-3250,On Leave
EMP000393,James,Wilson,James Wilson,42,Legal,Coordinator,Chicago,70064.06,5301.2,2024-11-01,15,31.9,james.wilson@company.com,(932) 384-2324,Active
EMP000394,Emily,Hernandez,Emily Hernandez,60,Engineering,Lead,New York,117165.79,10773.95,2021-07-14,38,31.9,emily.hernandez@company.com,(414) 979-3762,Active
EMP000395,Emily,Thomas,Emily Thomas,57,Sales,Associate,Chicago,76566.82,6606.84,2023-07-21,32,82.0,emily.thomas@company.com,(639) 613-8029,On Leave
EMP000396,Christopher,Smith,Christopher Smith,41,Engineering,Coordinator,Austin,75153.4,7971.92,2020-01-29,14,80.3,christopher.smith@company.com,(529) 975-9700,Active
EMP000397,John,Davis,John Davis,45,HR,Specialist,Boston,67047.92,3506.4,2020-09-21,20,71.9,john.davis@company.com,(305) 592-9246,Active
EMP000398,Emily,Williams,Emily Williams,35,Engineering,Specialist,Seattle,69804.71,3759.58,2022-07-22,8,62.4,emily.williams@company.com,(945) 732-9587,Active
EMP000399,David,Hernandez,David Hernandez,52,Legal,Director,Boston,129987.91,14129.14,2020-12-03,27,70.9,david.hernandez@company.com,(613) 219-4742,Active
EMP000400,David,Miller,David Miller,64,Engineering,Senior Developer,Chicago,115259.61,5007.88,2022-01-20,42,76.5,david.miller@company.com,(928) 866-1612,Active
EMP000401,William,Moore,William Moore,48,Engineering,Senior Developer,New York,116288.46,13671.39,2023-08-31,25,70.8,william.moore@company.com,(220) 249-2897,Active
EMP000402,Christopher,Brown,Christopher Brown,45,Finance,Analyst,Miami,111483.24,11687.62,2021-02-24,22,85.5,christopher.brown@company.com,(911) 902-1152,Active
EMP000403,Sarah,Taylor,Sarah Taylor,47,Finance,Associate,Chicago,59577.99,7174.22,2024-08-28,25,67.1,sarah.taylor@company.com,(307) 723-2928,Active
EMP000404,Sarah,Thomas,Sarah Thomas,26,HR,Specialist,Austin,54656.56,7015.32,2024-08-29,0,58.3,sarah.thomas@company.com,(735) 406-6864,Active
EMP000405,Ashley,Garcia,Ashley Garcia,40,Engineering,Director,Miami,99587.76,5933.34,2023-11-10,15,73.0,ashley.garcia@company.com,(692) 538-4842,Active
EMP000406,Michael,Brown,Michael Brown,25,Legal,Senior Developer,Chicago,69088.78,6341.73,2024-05-15,0,62.7,michael.brown@company.com,(723) 276-2659,Inactive
EMP000407,Jessica,Anderson,Jessica Anderson,54,Finance,Lead,Seattle,74758.94,11258.95,2020-04-12,31,75.9,jessica.anderson@company.com,(302) 378-1646,Inactive
EMP000408,Amanda,Hernandez,Amanda Hernandez,60,IT,Senior Developer,San Francisco,64485.34,12289.31,2024-10-09,33,80.7,amanda.hernandez@company.com,(976) 246-1158,Inactive
EMP000409,Emily,Hernandez,Emily Hernandez,27,Operations,Specialist,Miami,49342.81,3828.06,2024-12-04,1,92.3,emily.hernandez@company.com,(950) 295-7105,Active
EMP000410,Emily,Brown,Emily Brown,60,IT,Lead,Los Angeles,141780.17,14700.97,2021-07-10,31,64.3,emily.brown@company.com,(594) 906-8835,Active
EMP000411,Emily,Brown,Emily Brown,59,Marketing,Analyst,New York,80233.73,7968.8,2020-07-31,30,95.6,emily.brown@company.com,(626) 804-8908,Active
EMP000412,Daniel,Garcia,Daniel Garcia,53,IT,Manager,Boston,125112.45,9318.15,2024-11-01,25,64.4,daniel.garcia@company.com,(900) 944-3140,Active
EMP000413,Melissa,Brown,Melissa Brown,25,IT,Manager,Miami,74208.07,8747.74,2020-05-09,0,99.4,melissa.brown@company.com,(467) 870-6148,Active
EMP000414,Matthew,Jackson,Matthew Jackson,49,HR,Senior Developer,Boston,59976.19,7136.77,2022-06-05,27,98.7,matthew.jackson@company.com,(877) 944-5072,Active
EMP000415,Christopher,Jones,Christopher Jones,23,Engineering,Analyst,New York,74729.65,4627.77,2022-11-01,0,64.0,christopher.jones@company.com,(680) 707-3709,Active
EMP000416,Melissa,Hernandez,Melissa Hernandez,56,HR,Specialist,Boston,55852.17,3485.76,2020-04-13,34,79.5,melissa.hernandez@company.com,(719) 428-7203,Active
EMP000417,Jessica,Williams,Jessica Williams,64,Legal,Lead,Miami,116123.82,18989.91,2020-06-29,35,53.4,jessica.williams@company.com,(710) 657-6178,Active
EMP000418,Melissa,Smith,Melissa Smith,58,Sales,Associate,Los Angeles,75790.42,9613.04,2020-03-14,30,92.8,melissa.smith@company.com,(770) 762-1002,Active
EMP000419,Lisa,Martin,Lisa Martin,36,Finance,Lead,Austin,76799.62,15436.1,2021-11-29,13,87.8,lisa.martin@company.com,(572) 255-4652,Active
EMP000420,James,Moore,James Moore,23,Legal,Lead,Boston,38680.17,3040.73,2020-08-21,0,87.5,james.moore@company.com,(299) 977-4633,Active
EMP000421,Amanda,Martinez,Amanda Martinez,48,Operations,Manager,San Francisco,62371.61,10466.2,2020-12-02,19,68.9,amanda.martinez@company.com,(704) 343-7704,Active
EMP000422,Lisa,Miller,Lisa Miller,64,HR,Associate,San Francisco,71353.43,4895.14,2021-03-17,37,90.1,lisa.miller@company.com,(668) 395-6536,Active
EMP000423,Stephanie,Johnson,Stephanie Johnson,40,Sales,Lead,Miami,74872.81,3527.57,2023-09-10,13,78.6,stephanie.johnson@company.com,(803) 716-3205,On Leave
EMP000424,John,Taylor,John Taylor,51,Engineering,Lead,Los Angeles,104240.2,12656.36,2022-11-07,24,59.1,john.taylor@company.com,(999) 381-3845,Active
EMP000425,David,Brown,David Brown,52,IT,Associate,Boston,82405.43,13132.9,2022-05-07,26,80.5,david.brown@company.com,(823) 909-5067,Active
EMP000426,James,Martinez,James Martinez,46,Legal,Analyst,Chicago,144554.32,18493.49,2022-04-25,19,67.5,james.martinez@company.com,(816) 916-9393,Active
EMP000427,Nicole,Hernandez,Nicole Hernandez,26,HR,Director,Austin,61250.93,3042.51,2023-07-02,0,71.5,nicole.hernandez@company.com,(931) 497-6657,Inactive
EMP000428,David,Garcia,David Garcia,32,Operations,Coordinator,San Francisco,70293.45,9602.58,2023-02-25,10,79.2,david.garcia@company.com,(691) 796-7839,Active
EMP000429,Nicole,Martinez,Nicole Martinez,42,IT,Senior Developer,New York,101581.64,5082.63,2020-02-21,17,66.5,nicole.martinez@company.com,(590) 348-1869,Active
EMP000430,Robert,Rodriguez,Robert Rodriguez,42,Marketing,Specialist,Seattle,62726.96,11419.59,2020-10-26,19,66.0,robert.rodriguez@company.com,(263) 907-5835,Active
EMP000431,Nicole,Johnson,Nicole Johnson,62,Operations,Senior Developer,Miami,66163.54,10642.93,2023-06-15,38,84.1,nicole.johnson@company.com,(891) 957-4675,Active
EMP000432,Nicole,Gonzalez,Nicole Gonzalez,43,HR,Manager,Seattle,87497.77,11456.36,2022-02-20,16,86.9,nicole.gonzalez@company.com,(596) 626-6122,On Leave
EMP000433,Jane,Smith,Jane Smith,36,Finance,Lead,Austin,67609.94,5190.36,2024-08-26,12,79.5,jane.smith@company.com,(430) 848-7025,Active
EMP000434,Nicole,Martin,Nicole Martin,60,HR,Specialist,Austin,81915.66,4068.91,2022-07-08,38,82.0,nicole.martin@company.com,(381) 899-2220,Active
EMP000435,Emily,Taylor,Emily Taylor,29,Sales,Manager,Los Angeles,76217.7,3809.62,2022-05-27,1,69.3,emily.taylor@company.com,(485) 769-5329,Active
EMP000436,Anthony,Rodriguez,Anthony Rodriguez,56,Engineering,Lead,Boston,97023.97,16707.51,2023-12-24,31,67.5,anthony.rodriguez@company.com,(358) 240-3518,Inactive
EMP000437,Lisa,Johnson,Lisa Johnson,35,Finance,Coordinator,Miami,71520.81,9421.87,2020-05-29,13,79.5,lisa.johnson@company.com,(924) 525-9608,Active
EMP000438,Emily,Taylor,Emily Taylor,39,Sales,Associate,Chicago,87845.5,10305.06,2023-01-17,15,87.9,emily.taylor@company.com,(749) 613-2506,Active
EMP000439,Robert,Hernandez,Robert Hernandez,44,Operations,Specialist,Boston,59083.54,9178.87,2021-03-23,17,57.9,robert.hernandez@company.com,(970) 833-9691,Active
EMP000440,Nicole,Smith,Nicole Smith,29,Sales,Lead,Boston,61394.28,3027.54,2021-05-07,1,71.4,nicole.smith@company.com,(857) 828-4994,On Leave
EMP000441,James,Gonzalez,James Gonzalez,35,Sales,Specialist,Los Angeles,62335.24,7268.23,2023-01-11,6,74.8,james.gonzalez@company.com,(941) 489-1404,Inactive
EMP000442,Amanda,Taylor,Amanda Taylor,44,Legal,Manager,Miami,97571.87,6359.64,2021-08-30,17,80.8,amanda.taylor@company.com,(867) 397-6248,Active
EMP000443,Sarah,Garcia,Sarah Garcia,24,Engineering,Director,San Francisco,91366.8,9314.23,2023-10-04,0,84.2,sarah.garcia@company.com,(844) 992-4492,Inactive
EMP000444,Stephanie,Brown,Stephanie Brown,30,HR,Senior Developer,Los Angeles,59683.26,4396.4,2024-03-09,5,88.3,stephanie.brown@company.com,(902) 357-1389,Active
EMP000445,James,Johnson,James Johnson,40,Sales,Manager,San Francisco,77509.31,1161.85,2020-12-30,11,100.0,james.johnson@company.com,(457) 771-2154,Active
EMP000446,Jessica,Rodriguez,Jessica Rodriguez,35,IT,Lead,Los Angeles,91109.45,12660.72,2023-07-14,11,50.9,jessica.rodriguez@company.com,(614) 643-6183,Active
EMP000447,Sarah,Moore,Sarah Moore,35,Engineering,Manager,San Francisco,106931.0,17315.51,2023-12-06,13,100.0,sarah.moore@company.com,(274) 566-9238,Active
EMP000448,Ashley,Martin,Ashley Martin,51,Sales,Lead,Seattle,82520.66,6206.14,2022-02-20,24,50.6,ashley.martin@company.com,(604) 876-1504,Active
EMP000449,Nicole,Davis,Nicole Davis,42,Marketing,Specialist,Los Angeles,59463.52,5758.38,2023-07-22,17,75.5,nicole.davis@company.com,(347) 505-7113,On Leave
EMP000450,John,Moore,John Moore,30,Marketing,Manager,San Francisco,39118.23,5167.38,2020-01-11,8,79.0,john.moore@company.com,(786) 810-7456,Active
EMP000451,Michael,Martinez,Michael Martinez,55,HR,Director,Boston,78159.35,5791.95,2022-04-25,29,90.0,michael.martinez@company.com,(861) 724-3333,Active
EMP000452,Jessica,Martin,Jessica Martin,33,Finance,Senior Developer,Austin,77017.3,7278.37,2021-01-06,9,58.2,jessica.martin@company.com,(887) 780-1891,Inactive
EMP000453,Nicole,Anderson,Nicole Anderson,47,Sales,Senior Developer,Seattle,72365.23,11657.32,2021-05-28,21,69.7,nicole.anderson@company.com,(300) 402-8982,On Leave
EMP000454,Amanda,Jones,Amanda Jones,50,HR,Specialist,San Francisco,95619.35,14864.29,2023-06-22,25,96.0,amanda.jones@company.com,(271) 398-6206,Active
EMP000455,James,Martin,James Martin,49,Finance,Coordinator,Chicago,99120.78,12014.6,2024-07-12,25,64.9,james.martin@company.com,(523) 638-3762,Active
EMP000456,Jessica,Davis,Jessica Davis,55,IT,Coordinator,Seattle,103380.11,10235.74,2020-10-02,26,80.3,jessica.davis@company.com,(895) 950-6432,Inactive
EMP000457,Daniel,Anderson,Daniel Anderson,44,Operations,Lead,Seattle,75482.44,5889.18,2023-02-03,21,71.8,daniel.anderson@company.com,(311) 379-2343,Active
EMP000458,David,Moore,David Moore,47,HR,Senior Developer,Seattle,40035.36,4613.4,2024-01-29,24,72.1,david.moore@company.com,(277) 219-9309,Active
EMP000459,Anthony,Jackson,Anthony Jackson,22,IT,Manager,Austin,43650.85,5351.67,2023-02-03,0,36.1,anthony.jackson@company.com,(466) 756-9842,Active
EMP000460,David,Lopez,David Lopez,41,IT,Specialist,Austin,65038.91,1764.01,2020-10-01,14,76.2,david.lopez@company.com,(675) 713-9362,Active
EMP000461,Amanda,Taylor,Amanda Taylor,29,Engineering,Analyst,Austin,103307.35,7787.56,2024-03-30,7,66.3,amanda.taylor@company.com,(726) 343-8310,Active
EMP000462,Anthony,Jackson,Anthony Jackson,62,Marketing,Coordinator,Miami,65983.61,5957.23,2020-03-23,40,63.3,anthony.jackson@company.com,(424) 979-8989,Active
EMP000463,William,Lopez,William Lopez,38,HR,Director,New York,59052.77,4618.43,2022-11-26,10,63.1,william.lopez@company.com,(569) 597-8695,Inactive
EMP000464,Jane,Johnson,Jane Johnson,32,Operations,Specialist,San Francisco,56643.5,3992.59,2024-09-05,4,74.0,jane.johnson@company.com,(959) 469-9918,Active
EMP000465,Christopher,Gonzalez,Christopher Gonzalez,22,Operations,Specialist,San Francisco,67837.24,7689.78,2022-02-09,0,64.4,christopher.gonzalez@company.com,(428) 728-7649,Active
EMP000466,Amanda,Thomas,Amanda Thomas,33,Legal,Analyst,New York,92538.59,14016.0,2022-06-19,10,57.0,amanda.thomas@company.com,(369) 435-2263,Active
EMP000467,William,Miller,William Miller,60,Marketing,Analyst,Chicago,95152.53,17185.6,2022-01-11,38,83.0,william.miller@company.com,(816) 934-2938,Active
EMP000468,Stephanie,Hernandez,Stephanie Hernandez,23,Sales,Lead,Miami,71852.59,9313.36,2022-09-08,0,91.1,stephanie.hernandez@company.com,(415) 804-3641,Active
EMP000469,Stephanie,Smith,Stephanie Smith,39,HR,Analyst,New York,66690.84,6231.4,2023-03-20,10,62.7,stephanie.smith@company.com,(806) 364-3207,Active
EMP000470,Jane,Jackson,Jane Jackson,36,Marketing,Analyst,New York,66455.14,11648.98,2021-06-12,10,67.1,jane.jackson@company.com,(384) 729-7642,Active
EMP000471,Anthony,Smith,Anthony Smith,62,Finance,Director,San Francisco,111908.26,12347.53,2022-07-08,36,79.6,anthony.smith@company.com,(821) 682-8891,Active
EMP000472,Stephanie,Martin,Stephanie Martin,49,Marketing,Specialist,Chicago,86054.88,3980.47,2020-12-09,23,81.8,stephanie.martin@company.com,(941) 902-6614,Inactive
EMP000473,Lisa,Jackson,Lisa Jackson,23,Sales,Associate,Austin,77631.48,1175.74,2022-02-28,0,76.8,lisa.jackson@company.com,(335) 311-1271,Active
EMP000474,Matthew,Wilson,Matthew Wilson,22,Marketing,Analyst,San Francisco,45520.64,2802.51,2022-09-01,0,72.2,matthew.wilson@company.com,(829) 814-1639,Inactive
EMP000475,Nicole,Taylor,Nicole Taylor,42,Sales,Lead,San Francisco,65047.81,9287.07,2023-09-12,20,84.3,nicole.taylor@company.com,(333) 817-9835,Active
EMP000476,Stephanie,Taylor,Stephanie Taylor,49,IT,Manager,Boston,118211.84,9838.8,2023-11-29,24,90.7,stephanie.taylor@company.com,(742) 639-4759,Inactive
EMP000477,Melissa,Gonzalez,Melissa Gonzalez,56,Operations,Associate,San Francisco,73113.55,6339.79,2020-10-01,29,62.9,melissa.gonzalez@company.com,(460) 688-4809,Inactive
EMP000478,Michael,Martinez,Michael Martinez,55,IT,Director,Seattle,126601.6,0.0,2020-01-12,30,61.1,michael.martinez@company.com,(926) 961-1116,Active
EMP000479,Sarah,Taylor,Sarah Taylor,36,Engineering,Director,Los Angeles,82439.06,677.41,2023-11-09,12,78.5,sarah.taylor@company.com,(523) 618-6935,Active
EMP000480,Stephanie,Jackson,Stephanie Jackson,57,Finance,Associate,Seattle,113485.56,0.0,2023-03-02,34,83.7,stephanie.jackson@company.com,(574) 826-5514,On Leave
EMP000481,Christopher,Miller,Christopher Miller,49,IT,Analyst,Miami,75137.32,8368.99,2022-01-28,20,71.8,christopher.miller@company.com,(772) 768-8925,Active
EMP000482,Ashley,Jackson,Ashley Jackson,39,Operations,Analyst,Los Angeles,33542.02,5389.06,2024-10-17,11,53.8,ashley.jackson@company.com,(875) 321-4764,Active
EMP000483,Emily,Brown,Emily Brown,48,HR,Coordinator,Los Angeles,47833.58,5039.65,2024-06-28,21,62.9,emily.brown@company.com,(763) 828-1852,Active
EMP000484,John,Williams,John Williams,33,Marketing,Associate,Miami,80132.84,8581.67,2020-06-29,11,60.9,john.williams@company.com,(265) 469-4633,Active
EMP000485,Lisa,Johnson,Lisa Johnson,26,IT,Specialist,Los Angeles,52894.54,2385.16,2023-12-28,3,76.5,lisa.johnson@company.com,(811) 258-3871,Active
EMP000486,Daniel,Smith,Daniel Smith,27,HR,Director,Seattle,50555.55,9096.58,2020-03-09,0,71.1,daniel.smith@company.com,(813) 722-9451,Active
EMP000487,Lisa,Garcia,Lisa Garcia,63,Engineering,Director,Boston,115698.04,12297.26,2023-09-03,35,78.4,lisa.garcia@company.com,(200) 361-2422,On Leave
EMP000488,Christopher,Lopez,Christopher Lopez,30,IT,Director,Los Angeles,76544.44,9367.96,2022-11-26,4,73.4,christopher.lopez@company.com,(215) 954-2124,Inactive
EMP000489,Nicole,Martinez,Nicole Martinez,53,Operations,Specialist,Boston,76784.21,17786.77,2021-04-08,27,44.4,nicole.martinez@company.com,(820) 399-8450,Inactive
EMP000490,Anthony,Smith,Anthony Smith,43,Finance,Associate,Chicago,52047.51,3927.58,2022-11-02,19,84.8,anthony.smith@company.com,(309) 772-2185,Active
EMP000491,James,Brown,James Brown,63,Finance,Lead,Seattle,108396.64,9928.35,2022-02-11,40,87.7,james.brown@company.com,(776) 695-4985,Active
EMP000492,Daniel,Anderson,Daniel Anderson,65,Engineering,Senior Developer,Miami,110394.23,8231.45,2021-06-12,40,84.5,daniel.anderson@company.com,(269) 591-4610,Active
EMP000493,Jessica,Hernandez,Jessica Hernandez,22,IT,Manager,Boston,49810.63,5788.99,2023-12-06,0,78.6,jessica.hernandez@company.com,(469) 454-5706,Active
EMP000494,James,Williams,James Williams,57,Marketing,Coordinator,Miami,76219.77,11049.83,2021-12-25,35,79.4,james.williams@company.com,(423) 787-5408,Active
EMP000495,Robert,Thomas,Robert Thomas,45,HR,Director,Austin,51801.08,5399.7,2024-11-22,19,82.5,robert.thomas@company.com,(471) 411-4755,Active
EMP000496,Jessica,Martin,Jessica Martin,58,Operations,Senior Developer,Chicago,72360.68,8107.74,2020-09-02,29,52.1,jessica.martin@company.com,(280) 892-9071,Active
EMP000497,Nicole,Johnson,Nicole Johnson,48,Legal,Coordinator,Boston,102757.62,7473.33,2022-10-05,22,82.0,nicole.johnson@company.com,(788) 481-9041,Active
EMP000498,Matthew,Rodriguez,Matthew Rodriguez,32,IT,Analyst,Austin,77837.4,8078.25,2020-04-20,3,64.8,matthew.rodriguez@company.com,(738) 633-8836,Inactive
EMP000499,Jane,Taylor,Jane Taylor,41,Operations,Analyst,Los Angeles,55204.81,5176.51,2022-07-25,14,74.4,jane.taylor@company.com,(323) 915-9490,Active
EMP000500,John,Smith,John Smith,65,HR,Senior Developer,Los Angeles,66970.01,6524.91,2021-10-28,37,91.9,john.smith@company.com,(570) 827-5254,Active
EMP000501,William,Davis,William Davis,57,Finance,Coordinator,Miami,79215.42,16169.25,2022-01-19,28,65.2,william.davis@company.com,(388) 710-7945,Active
EMP000502,Amanda,Lopez,Amanda Lopez,38,IT,Lead,Seattle,63648.24,5292.68,2021-01-03,10,92.9,amanda.lopez@company.com,(785) 334-4744,Active
EMP000503,William,Davis,William Davis,25,IT,Director,Los Angeles,70080.28,11093.03,2020-10-25,0,95.9,william.davis@company.com,(956) 353-8749,Active
EMP000504,Emily,Wilson,Emily Wilson,53,Legal,Coordinator,Chicago,99166.47,4563.19,2024-05-27,29,63.3,emily.wilson@company.com,(698) 507-5111,Active
EMP000505,Anthony,Johnson,Anthony Johnson,26,IT,Analyst,San Francisco,114958.4,16585.39,2020-05-02,0,77.9,anthony.johnson@company.com,(420) 460-8807,Active
EMP000506,Sarah,Anderson,Sarah Anderson,43,Operations,Coordinator,Seattle,73301.46,10802.9,2022-01-07,16,91.9,sarah.anderson@company.com,(773) 770-5222,Active
EMP000507,Stephanie,Brown,Stephanie Brown,31,Operations,Analyst,Austin,49853.0,3668.49,2024-05-17,2,63.8,stephanie.brown@company.com,(491) 563-6326,Active
EMP000508,Melissa,Anderson,Melissa Anderson,56,Sales,Specialist,Los Angeles,100011.57,12566.88,2022-08-07,28,89.3,melissa.anderson@company.com,(846) 348-3745,Active
EMP000509,James,Wilson,James Wilson,51,IT,Senior Developer,San Francisco,106230.77,13102.11,2020-11-27,25,85.7,james.wilson@company.com,(551) 433-6136,Active
EMP000510,Ashley,Rodriguez,Ashley Rodriguez,22,IT,Lead,Seattle,77867.32,11953.22,2024-05-18,0,80.3,ashley.rodriguez@company.com,(571) 965-9535,On Leave
EMP000511,Stephanie,Garcia,Stephanie Garcia,44,Marketing,Analyst,New York,59751.56,7380.28,2024-01-30,15,74.6,stephanie.garcia@company.com,(440) 877-5122,Inactive
EMP000512,Michael,Miller,Michael Miller,35,Marketing,Senior Developer,Los Angeles,38154.31,4222.33,2020-07-14,6,46.6,michael.miller@company.com,(265) 684-9985,Active
EMP000513,Christopher,Taylor,Christopher Taylor,38,Sales,Specialist,San Francisco,92225.32,3845.75,2023-06-19,9,75.0,christopher.taylor@company.com,(359) 286-7387,Active
EMP000514,Jessica,Martinez,Jessica Martinez,47,Legal,Analyst,Chicago,95660.39,5917.91,2022-12-14,22,50.9,jessica.martinez@company.com,(374) 229-1575,Active
EMP000515,James,Thomas,James Thomas,55,Legal,Lead,Seattle,121367.23,9289.0,2020-10-03,28,65.6,james.thomas@company.com,(914) 752-3900,Active
EMP000516,Daniel,Jackson,Daniel Jackson,50,IT,Coordinator,Seattle,83440.79,9511.59,2022-09-13,28,92.3,daniel.jackson@company.com,(752) 432-2467,Active
EMP000517,Amanda,Wilson,Amanda Wilson,62,Finance,Specialist,Chicago,91853.37,0.0,2020-01-22,40,54.3,amanda.wilson@company.com,(200) 735-3233,Active
EMP000518,Melissa,Moore,Melissa Moore,31,Engineering,Lead,Miami,87825.07,14444.02,2021-09-05,6,78.3,melissa.moore@company.com,(209) 984-8052,Active
EMP000519,Lisa,Davis,Lisa Davis,53,Engineering,Director,Boston,57911.99,7170.54,2022-04-23,26,100.0,lisa.davis@company.com,(774) 647-7467,Active
EMP000520,Christopher,Gonzalez,Christopher Gonzalez,43,HR,Senior Developer,Seattle,73783.85,7997.16,2022-05-14,19,59.9,christopher.gonzalez@company.com,(840) 445-9464,Active
EMP000521,Lisa,Rodriguez,Lisa Rodriguez,44,Finance,Associate,Seattle,71244.76,4649.74,2021-01-20,16,98.4,lisa.rodriguez@company.com,(270) 386-3238,Active
EMP000522,Daniel,Martin,Daniel Martin,55,Legal,Lead,Seattle,97325.95,14286.87,2021-01-19,33,60.5,daniel.martin@company.com,(528) 219-3492,Active
EMP000523,Nicole,Smith,Nicole Smith,36,Marketing,Specialist,San Francisco,75432.15,6306.52,2021-07-05,9,89.0,nicole.smith@company.com,(328) 932-8183,Active
EMP000524,Jessica,Williams,Jessica Williams,29,Marketing,Lead,New York,62251.47,9728.62,2021-03-20,5,62.1,jessica.williams@company.com,(550) 630-6104,Active
EMP000525,Melissa,Lopez,Melissa Lopez,22,Legal,Coordinator,New York,75466.89,11423.5,2020-06-13,0,59.2,melissa.lopez@company.com,(968) 349-1918,Active
EMP000526,Christopher,Williams,Christopher Williams,36,Legal,Director,Chicago,73555.24,9713.89,2024-09-19,9,73.3,christopher.williams@company.com,(456) 590-1206,Active
EMP000527,Jessica,Gonzalez,Jessica Gonzalez,33,Legal,Manager,Austin,68952.37,0.0,2021-02-11,5,80.1,jessica.gonzalez@company.com,(671) 952-2539,Active
EMP000528,Robert,Thomas,Robert Thomas,48,IT,Coordinator,Seattle,91662.98,13307.08,2020-11-20,20,81.9,robert.thomas@company.com,(844) 945-1691,Active
EMP000529,Nicole,Taylor,Nicole Taylor,44,Sales,Lead,Seattle,83451.43,8715.07,2023-07-31,18,69.6,nicole.taylor@company.com,(505) 403-6905,Inactive
EMP000530,Robert,Brown,Robert Brown,51,HR,Coordinator,Los Angeles,75383.76,975.96,2020-01-31,27,72.2,robert.brown@company.com,(371) 482-2960,Active
EMP000531,Jessica,Smith,Jessica Smith,33,Engineering,Analyst,Miami,39028.32,1085.27,2022-01-30,4,74.5,jessica.smith@company.com,(989) 291-5075,Active
EMP000532,Michael,Martin,Michael Martin,39,Operations,Manager,New York,31243.69,4109.82,2021-12-29,17,94.1,michael.martin@company.com,(860) 357-9787,Active
EMP000533,David,Thomas,David Thomas,28,HR,Coordinator,Boston,50041.15,9061.45,2024-07-07,2,96.8,david.thomas@company.com,(649) 950-4161,Active
EMP000534,Christopher,Lopez,Christopher Lopez,30,Marketing,Manager,Seattle,51941.81,10657.96,2022-09-20,1,69.4,christopher.lopez@company.com,(923) 648-5828,Active
EMP000535,Melissa,Miller,Melissa Miller,43,Marketing,Coordinator,Boston,80234.35,7628.53,2024-02-08,17,58.9,melissa.miller@company.com,(679) 481-3627,Active
EMP000536,David,Anderson,David Anderson,29,Finance,Coordinator,Seattle,62359.56,8761.71,2022-07-18,4,94.1,david.anderson@company.com,(200) 994-9289,Active
EMP000537,Emily,Smith,Emily Smith,27,Operations,Coordinator,Austin,37195.0,8307.88,2024-01-16,0,99.6,emily.smith@company.com,(264) 874-9830,Active
EMP000538,Robert,Taylor,Robert Taylor,42,Legal,Specialist,Chicago,73393.28,2155.8,2021-10-22,20,61.8,robert.taylor@company.com,(619) 856-6276,Active
EMP000539,Matthew,Williams,Matthew Williams,31,Engineering,Analyst,Chicago,66186.53,5862.14,2024-11-23,8,76.5,matthew.williams@company.com,(232) 406-2753,Active
EMP000540,Sarah,Johnson,Sarah Johnson,46,IT,Specialist,Miami,74261.71,11864.56,2020-04-10,21,62.1,sarah.johnson@company.com,(575) 426-2161,Active
EMP000541,Robert,Thomas,Robert Thomas,45,Sales,Manager,Miami,85255.45,17127.43,2022-01-09,22,80.5,robert.thomas@company.com,(771) 961-7814,Active
EMP000542,Jane,Martin,Jane Martin,41,Finance,Senior Developer,New York,83649.23,6990.84,2024-09-04,19,49.6,jane.martin@company.com,(511) 279-4537,On Leave
EMP000543,Sarah,Brown,Sarah Brown,61,HR,Director,Los Angeles,69617.49,6134.36,2021-01-30,33,77.0,sarah.brown@company.com,(738) 872-5075,Active
EMP000544,Emily,Moore,Emily Moore,27,IT,Coordinator,San Francisco,77380.23,4932.47,2023-10-13,5,46.7,emily.moore@company.com,(669) 919-7997,Inactive
EMP000545,Emily,Garcia,Emily Garcia,54,IT,Analyst,Boston,84600.99,12642.22,2022-12-29,32,86.0,emily.garcia@company.com,(814) 653-6772,Inactive
EMP000546,Nicole,Hernandez,Nicole Hernandez,28,Operations,Associate,Los Angeles,35809.07,4956.9,2024-08-18,0,80.3,nicole.hernandez@company.com,(943) 531-4943,Active
EMP000547,Robert,Gonzalez,Robert Gonzalez,32,Finance,Lead,Boston,78285.01,0.0,2022-07-05,3,92.3,robert.gonzalez@company.com,(606) 200-1567,On Leave
EMP000548,Lisa,Smith,Lisa Smith,25,Marketing,Manager,Seattle,43657.89,5601.92,2021-09-07,0,79.5,lisa.smith@company.com,(427) 419-6159,Active
EMP000549,William,Moore,William Moore,55,Marketing,Manager,San Francisco,70965.94,4630.37,2022-07-31,30,100.0,william.moore@company.com,(564) 359-3267,Active
EMP000550,Anthony,Davis,Anthony Davis,47,HR,Specialist,Seattle,69284.21,8428.34,2020-07-07,23,100.0,anthony.davis@company.com,(784) 609-4562,Active
EMP000551,James,Thomas,James Thomas,36,Marketing,Senior Developer,Miami,86312.07,5773.71,2023-05-04,14,79.9,james.thomas@company.com,(857) 507-1612,Active
EMP000552,Anthony,Gonzalez,Anthony Gonzalez,63,Sales,Coordinator,New York,81432.87,4318.36,2021-12-13,37,57.9,anthony.gonzalez@company.com,(644) 626-2974,Inactive
EMP000553,Jessica,Martin,Jessica Martin,29,Engineering,Manager,Los Angeles,56846.53,8876.2,2021-09-16,4,98.7,jessica.martin@company.com,(736) 242-6231,Active
EMP000554,David,Hernandez,David Hernandez,59,HR,Manager,Chicago,85466.84,702.06,2023-10-11,31,71.1,david.hernandez@company.com,(949) 602-8300,Active
EMP000555,Anthony,Taylor,Anthony Taylor,52,Sales,Associate,Austin,76802.29,7661.7,2021-08-16,30,77.3,anthony.taylor@company.com,(603) 351-3165,Active
EMP000556,Melissa,Jackson,Melissa Jackson,62,Engineering,Specialist,Los Angeles,131553.76,12130.43,2020-06-23,39,58.7,melissa.jackson@company.com,(608) 713-8118,Active
EMP000557,David,Jones,David Jones,59,Legal,Lead,Austin,78856.36,10466.82,2022-03-20,33,77.8,david.jones@company.com,(867) 785-4212,Active
EMP000558,Matthew,Davis,Matthew Davis,39,HR,Specialist,San Francisco,66572.81,7295.25,2024-05-09,11,55.4,matthew.davis@company.com,(640) 531-2467,Active
EMP000559,Stephanie,Wilson,Stephanie Wilson,51,Operations,Director,Boston,82541.74,10102.54,2021-10-18,22,77.7,stephanie.wilson@company.com,(552) 808-1396,Active
EMP000560,Emily,Lopez,Emily Lopez,49,Legal,Lead,Chicago,105958.01,12237.5,2020-04-01,24,63.6,emily.lopez@company.com,(439) 404-7124,Active
EMP000561,Michael,Brown,Michael Brown,56,Engineering,Analyst,Austin,59724.35,6115.66,2024-11-14,32,74.3,michael.brown@company.com,(494) 214-6624,Active
EMP000562,Sarah,Martinez,Sarah Martinez,32,Legal,Manager,Miami,88222.07,8466.88,2021-11-10,4,87.3,sarah.martinez@company.com,(414) 957-9814,Active
EMP000563,Nicole,Taylor,Nicole Taylor,59,Finance,Analyst,Miami,98605.28,12498.92,2023-11-24,34,75.6,nicole.taylor@company.com,(915) 884-1301,Active
EMP000564,Matthew,Johnson,Matthew Johnson,55,Finance,Manager,Chicago,104929.9,18799.37,2021-08-04,26,62.5,matthew.johnson@company.com,(405) 913-5444,Active
EMP000565,John,Williams,John Williams,23,IT,Coordinator,Seattle,68419.78,13014.63,2024-11-05,0,81.0,john.williams@company.com,(310) 219-5792,Inactive
EMP000566,Christopher,Davis,Christopher Davis,51,IT,Coordinator,San Francisco,93523.73,14848.22,2022-09-19,27,95.9,christopher.davis@company.com,(811) 744-2442,Active
EMP000567,Matthew,Anderson,Matthew Anderson,41,Engineering,Director,New York,123580.26,19387.93,2022-12-20,14,80.3,matthew.anderson@company.com,(512) 541-9027,Active
EMP000568,Emily,Smith,Emily Smith,57,Operations,Coordinator,Boston,77217.34,6920.69,2023-07-04,34,84.3,emily.smith@company.com,(509) 441-9212,Active
EMP000569,Jane,Rodriguez,Jane Rodriguez,64,IT,Specialist,New York,110525.79,10202.49,2021-04-06,35,55.2,jane.rodriguez@company.com,(355) 549-7436,Active
EMP000570,Michael,Gonzalez,Michael Gonzalez,50,HR,Director,Los Angeles,60215.45,5277.81,2023-03-19,27,100.0,michael.gonzalez@company.com,(356) 636-6118,Inactive
EMP000571,James,Anderson,James Anderson,57,Marketing,Analyst,Austin,70518.61,7026.47,2023-04-04,33,51.5,james.anderson@company.com,(754) 900-4314,Inactive
EMP000572,Ashley,Taylor,Ashley Taylor,46,Marketing,Analyst,Los Angeles,81724.18,13571.54,2023-09-05,21,65.3,ashley.taylor@company.com,(778) 361-6201,Active
EMP000573,Nicole,Brown,Nicole Brown,41,Marketing,Analyst,Boston,72687.04,1073.23,2024-01-29,19,77.3,nicole.brown@company.com,(230) 983-6221,Inactive
EMP000574,Stephanie,Wilson,Stephanie Wilson,38,Finance,Specialist,Miami,70468.07,9832.5,2020-11-07,13,64.7,stephanie.wilson@company.com,(997) 392-2749,Active
EMP000575,John,Martin,John Martin,48,Finance,Director,Austin,104822.3,10557.04,2021-04-17,26,70.9,john.martin@company.com,(903) 226-6886,Active
EMP000576,Melissa,Jones,Melissa Jones,32,Legal,Analyst,Boston,64113.64,8803.09,2024-10-11,10,62.9,melissa.jones@company.com,(596) 703-8763,Active
EMP000577,Robert,Davis,Robert Davis,38,Engineering,Manager,Los Angeles,100127.72,10542.92,2021-07-06,16,62.0,robert.davis@company.com,(622) 427-4323,Active
EMP000578,Michael,Garcia,Michael Garcia,32,Legal,Coordinator,Miami,92957.74,17145.1,2024-11-10,7,46.0,michael.garcia@company.com,(668) 452-8005,Active
EMP000579,Jane,Martin,Jane Martin,47,IT,Associate,Boston,89848.05,8135.2,2023-06-06,19,77.6,jane.martin@company.com,(960) 785-9784,Active
EMP000580,Jane,Taylor,Jane Taylor,25,Sales,Lead,Miami,73824.75,8171.09,2024-08-20,0,53.7,jane.taylor@company.com,(243) 451-9498,Active
EMP000581,Jane,Moore,Jane Moore,62,IT,Director,New York,120949.82,0.0,2021-08-19,35,50.6,jane.moore@company.com,(650) 607-5989,Active
EMP000582,Ashley,Anderson,Ashley Anderson,45,Marketing,Specialist,Los Angeles,75035.01,10296.99,2023-06-09,16,88.5,ashley.anderson@company.com,(255) 906-9470,Inactive
EMP000583,Daniel,Anderson,Daniel Anderson,63,Sales,Analyst,San Francisco,91347.69,1011.28,2024-05-13,41,94.7,daniel.anderson@company.com,(799) 912-9952,Active
EMP000584,Stephanie,Hernandez,Stephanie Hernandez,44,Legal,Analyst,New York,99993.47,13329.96,2022-07-18,18,72.5,stephanie.hernandez@company.com,(804) 929-4308,Inactive
EMP000585,Michael,Rodriguez,Michael Rodriguez,62,Operations,Senior Developer,Chicago,67544.72,4788.54,2020-07-05,39,75.5,michael.rodriguez@company.com,(316) 923-8362,Active
EMP000586,Michael,Taylor,Michael Taylor,42,IT,Associate,Chicago,77735.31,4862.22,2023-02-01,18,59.6,michael.taylor@company.com,(589) 244-3799,Inactive
EMP000587,Anthony,Jones,Anthony Jones,43,Marketing,Analyst,Chicago,80361.07,13993.73,2024-04-24,15,57.8,anthony.jones@company.com,(929) 252-7874,Active
EMP000588,Daniel,Martinez,Daniel Martinez,51,Marketing,Analyst,San Francisco,69904.7,3561.07,2021-02-19,27,92.9,daniel.martinez@company.com,(203) 837-5146,Active
EMP000589,Melissa,Thomas,Melissa Thomas,35,Engineering,Director,Miami,81407.12,5708.63,2021-03-20,7,62.6,melissa.thomas@company.com,(802) 875-8794,Active
EMP000590,Daniel,Williams,Daniel Williams,42,Engineering,Specialist,Austin,123416.21,5935.28,2023-06-23,14,69.7,daniel.williams@company.com,(843) 770-4401,Active
EMP000591,David,Johnson,David Johnson,52,Operations,Analyst,New York,71059.03,9416.92,2024-10-14,30,48.8,david.johnson@company.com,(233) 883-5889,Active
EMP000592,Michael,Johnson,Michael Johnson,46,Sales,Analyst,Los Angeles,54253.8,2551.79,2020-11-26,24,77.6,michael.johnson@company.com,(888) 491-3906,On Leave
EMP000593,Anthony,Lopez,Anthony Lopez,22,Engineering,Specialist,San Francisco,58355.12,8992.35,2021-10-23,0,83.1,anthony.lopez@company.com,(577) 588-2108,Active
EMP000594,Nicole,Williams,Nicole Williams,27,Finance,Analyst,Miami,84186.29,10513.79,2020-09-06,0,78.5,nicole.williams@company.com,(911) 481-6393,Active
EMP000595,Matthew,Miller,Matthew Miller,38,HR,Senior Developer,New York,58388.96,8928.28,2023-03-16,13,68.1,matthew.miller@company.com,(947) 844-9666,On Leave
EMP000596,Melissa,Martin,Melissa Martin,22,Finance,Coordinator,Los Angeles,78829.74,137.56,2021-06-15,0,72.3,melissa.martin@company.com,(738) 788-6797,Inactive
EMP000597,Lisa,Jackson,Lisa Jackson,53,Legal,Lead,Miami,117890.13,11433.64,2024-07-12,31,71.7,lisa.jackson@company.com,(384) 824-4812,Active
EMP000598,Robert,Smith,Robert Smith,25,Sales,Lead,New York,66821.93,16449.41,2023-07-04,0,75.8,robert.smith@company.com,(320) 955-4396,Active
EMP000599,Stephanie,Wilson,Stephanie Wilson,54,Engineering,Coordinator,Boston,143634.85,17383.73,2023-02-21,27,75.6,stephanie.wilson@company.com,(852) 417-1185,Active
EMP000600,Ashley,Rodriguez,Ashley Rodriguez,46,Sales,Specialist,Seattle,72255.67,4108.54,2022-11-03,18,67.8,ashley.rodriguez@company.com,(763) 531-1100,Active
EMP000601,James,Hernandez,James Hernandez,23,IT,Analyst,New York,76858.33,6897.47,2021-02-01,0,87.1,james.hernandez@company.com,(538) 546-8849,Inactive
EMP000602,Jane,Jones,Jane Jones,24,Legal,Lead,Chicago,65179.83,8740.81,2024-12-31,0,54.8,jane.jones@company.com,(749) 543-8577,Active
EMP000603,Stephanie,Johnson,Stephanie Johnson,54,Finance,Manager,Boston,62212.12,5081.17,2021-03-02,30,81.1,stephanie.johnson@company.com,(791) 901-6434,Active
EMP000604,Amanda,Williams,Amanda Williams,27,Marketing,Manager,Seattle,40278.21,2278.86,2021-11-25,0,93.3,amanda.williams@company.com,(584) 841-9753,Active
EMP000605,Anthony,Martin,Anthony Martin,26,IT,Senior Developer,Chicago,63315.57,4715.95,2024-11-05,2,49.4,anthony.martin@company.com,(969) 515-6152,Active
EMP000606,William,Wilson,William Wilson,51,Sales,Director,Miami,83976.25,7753.17,2022-01-31,25,83.1,william.wilson@company.com,(662) 509-4541,Active
EMP000607,Emily,Brown,Emily Brown,41,Operations,Director,New York,76126.83,10168.57,2020-07-08,14,96.7,emily.brown@company.com,(654) 718-1408,Active
EMP000608,Matthew,Jones,Matthew Jones,50,HR,Lead,Boston,80929.21,5956.24,2024-02-09,27,70.6,matthew.jones@company.com,(736) 517-6363,Active
EMP000609,Sarah,Taylor,Sarah Taylor,31,Marketing,Manager,Austin,67330.03,11828.53,2022-07-29,8,74.4,sarah.taylor@company.com,(596) 930-9558,Active
EMP000610,Ashley,Johnson,Ashley Johnson,47,Sales,Lead,Boston,68399.59,8120.68,2024-12-26,25,54.8,ashley.johnson@company.com,(247) 305-9529,Active
EMP000611,Ashley,Smith,Ashley Smith,33,Finance,Coordinator,Austin,75905.66,958.49,2021-02-14,10,64.5,ashley.smith@company.com,(397) 493-5532,Active
EMP000612,Daniel,Brown,Daniel Brown,45,Finance,Analyst,Chicago,81487.31,8431.27,2021-07-14,21,78.1,daniel.brown@company.com,(317) 215-9422,Active
EMP000613,Nicole,Lopez,Nicole Lopez,60,Operations,Analyst,Seattle,73312.97,13465.58,2023-12-13,35,64.2,nicole.lopez@company.com,(490) 787-5011,Active
EMP000614,Ashley,Martin,Ashley Martin,23,Operations,Manager,Miami,66730.88,10055.26,2020-09-23,0,92.8,ashley.martin@company.com,(229) 682-1826,Active
EMP000615,Jane,Williams,Jane Williams,27,IT,Analyst,Los Angeles,53714.19,5011.83,2023-12-14,2,61.2,jane.williams@company.com,(810) 806-8304,Active
EMP000616,Ashley,Hernandez,Ashley Hernandez,36,HR,Lead,San Francisco,48325.78,8288.71,2023-03-08,10,53.3,ashley.hernandez@company.com,(334) 295-8672,Active
EMP000617,Ashley,Anderson,Ashley Anderson,49,Legal,Director,Austin,73078.88,6112.62,2020-10-21,21,98.1,ashley.anderson@company.com,(831) 464-6954,Active
EMP000618,James,Hernandez,James Hernandez,22,Legal,Manager,Miami,41558.34,2297.07,2020-05-13,0,85.8,james.hernandez@company.com,(686) 315-6758,Active
EMP000619,Emily,Martinez,Emily Martinez,63,Operations,Senior Developer,Chicago,66239.66,3761.12,2022-04-10,36,85.5,emily.martinez@company.com,(931) 309-6339,Active
EMP000620,Michael,Martinez,Michael Martinez,42,Legal,Associate,Los Angeles,89357.6,12626.44,2021-05-03,14,73.0,michael.martinez@company.com,(835) 449-9977,Active
EMP000621,Melissa,Gonzalez,Melissa Gonzalez,25,Sales,Director,Boston,85161.94,16884.81,2024-07-24,2,67.6,melissa.gonzalez@company.com,(910) 805-8063,Active
EMP000622,Stephanie,Jackson,Stephanie Jackson,41,Operations,Analyst,Austin,68762.2,2996.4,2023-09-19,15,83.8,stephanie.jackson@company.com,(885) 279-8972,Active
EMP000623,Lisa,Anderson,Lisa Anderson,44,Operations,Lead,San Francisco,62974.88,3412.63,2020-12-26,17,71.4,lisa.anderson@company.com,(515) 615-2140,Active
EMP000624,Lisa,Gonzalez,Lisa Gonzalez,61,Operations,Manager,Miami,64874.27,397.54,2020-07-04,34,60.4,lisa.gonzalez@company.com,(422) 342-1003,Active
EMP000625,David,Anderson,David Anderson,54,Finance,Lead,Los Angeles,81949.12,11342.49,2021-02-04,25,78.6,david.anderson@company.com,(410) 897-6187,Active
EMP000626,Ashley,Wilson,Ashley Wilson,40,Operations,Manager,San Francisco,56952.06,5539.13,2023-06-06,11,47.6,ashley.wilson@company.com,(722) 613-3089,Inactive
EMP000627,Jane,Lopez,Jane Lopez,24,Engineering,Coordinator,New York,104591.9,8400.77,2020-08-12,0,85.2,jane.lopez@company.com,(488) 231-4854,Active
EMP000628,Anthony,Gonzalez,Anthony Gonzalez,27,Operations,Associate,Los Angeles,71099.94,10929.01,2022-02-20,2,66.1,anthony.gonzalez@company.com,(645) 758-4460,Active
EMP000629,Melissa,Jones,Melissa Jones,49,HR,Coordinator,Los Angeles,84770.95,5909.13,2024-09-16,25,71.4,melissa.jones@company.com,(627) 357-5726,On Leave
EMP000630,David,Jones,David Jones,57,Engineering,Manager,San Francisco,144807.87,15303.47,2020-10-21,29,57.7,david.jones@company.com,(938) 698-8155,On Leave
EMP000631,David,Williams,David Williams,49,Marketing,Lead,Los Angeles,75278.27,6070.7,2024-06-03,20,34.5,david.williams@company.com,(912) 818-7974,Active
EMP000632,Daniel,Taylor,Daniel Taylor,25,IT,Associate,Miami,71182.6,12905.91,2021-12-28,1,50.0,daniel.taylor@company.com,(431) 390-7959,Active
EMP000633,Anthony,Thomas,Anthony Thomas,45,HR,Associate,Seattle,61742.84,8450.41,2023-01-23,22,96.7,anthony.thomas@company.com,(790) 575-1548,On Leave
EMP000634,Anthony,Thomas,Anthony Thomas,42,Operations,Lead,San Francisco,60537.64,2909.26,2023-11-15,14,83.1,anthony.thomas@company.com,(281) 345-9624,On Leave
EMP000635,William,Anderson,William Anderson,24,Sales,Director,San Francisco,67759.19,6423.15,2022-08-25,0,89.5,william.anderson@company.com,(845) 959-2279,Active
EMP000636,Nicole,Jackson,Nicole Jackson,63,Finance,Coordinator,New York,112305.97,14222.62,2022-12-31,35,42.8,nicole.jackson@company.com,(997) 211-8681,Active
EMP000637,Melissa,Jackson,Melissa Jackson,45,Operations,Coordinator,Los Angeles,56082.1,7182.44,2024-06-22,16,90.1,melissa.jackson@company.com,(501) 496-3744,Active
EMP000638,Lisa,Martinez,Lisa Martinez,63,Finance,Lead,New York,109446.06,6673.25,2023-03-30,34,53.8,lisa.martinez@company.com,(373) 786-1845,Active
EMP000639,Ashley,Martin,Ashley Martin,54,Engineering,Lead,Seattle,120598.99,13116.42,2020-06-17,27,70.7,ashley.martin@company.com,(329) 717-2259,Inactive
EMP000640,William,Rodriguez,William Rodriguez,43,Marketing,Specialist,Seattle,113219.94,11923.05,2024-10-22,15,96.7,william.rodriguez@company.com,(463) 214-2827,Active
EMP000641,Anthony,Jones,Anthony Jones,38,Legal,Analyst,Boston,78440.15,15909.79,2021-06-19,11,43.9,anthony.jones@company.com,(917) 441-8944,Active
EMP000642,Matthew,Johnson,Matthew Johnson,50,Operations,Analyst,San Francisco,53581.17,2503.05,2023-05-04,21,40.2,matthew.johnson@company.com,(357) 707-7765,Active
EMP000643,Jessica,Anderson,Jessica Anderson,44,Marketing,Coordinator,Austin,94166.69,14011.14,2020-04-21,18,68.0,jessica.anderson@company.com,(857) 470-2900,Active
EMP000644,Daniel,Gonzalez,Daniel Gonzalez,39,Legal,Lead,Seattle,106221.02,857.7,2024-03-08,12,80.6,daniel.gonzalez@company.com,(970) 745-4828,Active
EMP000645,Christopher,Thomas,Christopher Thomas,38,Finance,Associate,Chicago,103382.0,6670.31,2020-01-25,14,66.3,christopher.thomas@company.com,(495) 659-7258,Active
EMP000646,Matthew,Johnson,Matthew Johnson,57,Sales,Associate,Boston,66722.43,5546.21,2023-06-04,33,71.2,matthew.johnson@company.com,(867) 479-6488,Active
EMP000647,Sarah,Rodriguez,Sarah Rodriguez,35,IT,Director,Miami,72448.99,4575.2,2024-02-12,7,65.1,sarah.rodriguez@company.com,(888) 802-4193,Active
EMP000648,Emily,Hernandez,Emily Hernandez,49,Engineering,Senior Developer,New York,89339.47,9104.73,2020-01-25,27,78.9,emily.hernandez@company.com,(621) 300-9605,Active
EMP000649,Daniel,Lopez,Daniel Lopez,54,HR,Specialist,Seattle,92992.96,16226.11,2021-01-30,31,40.0,daniel.lopez@company.com,(234) 224-2506,Active
EMP000650,Lisa,Miller,Lisa Miller,50,Sales,Senior Developer,San Francisco,72233.7,7235.56,2024-10-19,23,35.5,lisa.miller@company.com,(819) 333-7159,Active
EMP000651,Anthony,Garcia,Anthony Garcia,22,Sales,Specialist,Chicago,65833.18,6444.41,2021-08-26,0,100.0,anthony.garcia@company.com,(678) 876-2240,Active
EMP000652,William,Wilson,William Wilson,50,Operations,Analyst,Seattle,92625.85,9054.39,2024-05-17,28,80.3,william.wilson@company.com,(275) 483-2022,Active
EMP000653,James,Johnson,James Johnson,28,Finance,Analyst,Seattle,73454.06,7485.84,2022-06-21,4,68.6,james.johnson@company.com,(271) 703-4287,Active
EMP000654,Emily,Thomas,Emily Thomas,22,Sales,Associate,Chicago,35871.13,2215.06,2021-03-23,0,74.3,emily.thomas@company.com,(828) 858-2740,Inactive
EMP000655,William,Brown,William Brown,50,Engineering,Senior Developer,San Francisco,132551.46,15573.55,2023-03-16,25,90.0,william.brown@company.com,(945) 456-8305,Active
EMP000656,Melissa,Jones,Melissa Jones,30,Engineering,Associate,New York,94452.0,10068.68,2021-06-29,8,93.7,melissa.jones@company.com,(355) 916-6403,Inactive
EMP000657,Anthony,Smith,Anthony Smith,43,Legal,Associate,Miami,92003.99,10425.36,2022-04-07,19,93.4,anthony.smith@company.com,(945) 999-2148,Active
EMP000658,John,Gonzalez,John Gonzalez,50,Legal,Coordinator,San Francisco,66085.99,5625.2,2021-11-13,24,80.0,john.gonzalez@company.com,(898) 510-7563,Active
EMP000659,Michael,Lopez,Michael Lopez,36,Operations,Lead,San Francisco,48279.51,2662.5,2024-04-06,9,74.0,michael.lopez@company.com,(984) 496-4327,Active
EMP000660,Jane,Gonzalez,Jane Gonzalez,29,HR,Associate,Seattle,47793.87,7027.36,2020-08-06,7,70.9,jane.gonzalez@company.com,(845) 905-6886,Active
EMP000661,Daniel,Miller,Daniel Miller,61,Marketing,Director,New York,75714.52,8679.35,2020-02-21,38,78.2,daniel.miller@company.com,(937) 807-4907,Active
EMP000662,Michael,Moore,Michael Moore,41,Finance,Lead,Miami,80211.95,5259.03,2020-02-03,14,58.8,michael.moore@company.com,(237) 547-1918,Active
EMP000663,Jane,Gonzalez,Jane Gonzalez,35,Sales,Lead,Austin,58634.82,1604.26,2023-10-20,8,72.2,jane.gonzalez@company.com,(749) 352-4817,Inactive
EMP000664,Jane,Jones,Jane Jones,32,Legal,Lead,New York,55803.29,8281.23,2023-06-20,8,94.3,jane.jones@company.com,(246) 448-3138,Active
EMP000665,Jane,Martinez,Jane Martinez,51,Sales,Analyst,Miami,90572.83,15606.58,2024-09-06,29,57.9,jane.martinez@company.com,(805) 265-2742,Active
EMP000666,Lisa,Martin,Lisa Martin,55,HR,Director,San Francisco,56849.96,9985.72,2022-05-22,33,79.0,lisa.martin@company.com,(545) 955-7586,Active
EMP000667,Anthony,Moore,Anthony Moore,57,Marketing,Director,Boston,87836.25,0.0,2024-04-14,31,96.8,anthony.moore@company.com,(246) 807-3841,Active
EMP000668,Sarah,Rodriguez,Sarah Rodriguez,53,Marketing,Analyst,Los Angeles,82621.07,8498.78,2023-11-27,27,57.8,sarah.rodriguez@company.com,(578) 766-3703,Active
EMP000669,Anthony,Johnson,Anthony Johnson,40,Marketing,Associate,San Francisco,88398.02,3396.83,2024-05-11,12,85.5,anthony.johnson@company.com,(361) 216-8978,Active
EMP000670,John,Garcia,John Garcia,27,Sales,Associate,Seattle,81212.26,9006.43,2023-11-21,0,80.3,john.garcia@company.com,(991) 687-3079,Active
EMP000671,William,Taylor,William Taylor,52,Legal,Director,Los Angeles,133874.2,14306.31,2020-12-23,27,91.1,william.taylor@company.com,(825) 908-1616,Active
EMP000672,Melissa,Martin,Melissa Martin,63,Sales,Coordinator,Seattle,107833.01,1616.36,2022-05-07,39,63.8,melissa.martin@company.com,(204) 771-4860,Active
EMP000673,Matthew,Brown,Matthew Brown,37,Operations,Lead,Austin,51123.52,7755.25,2024-04-26,8,59.9,matthew.brown@company.com,(841) 875-4409,Active
EMP000674,Robert,Brown,Robert Brown,51,Marketing,Lead,Miami,80826.16,11729.0,2020-12-27,23,75.2,robert.brown@company.com,(363) 886-1706,Active
EMP000675,Amanda,Martinez,Amanda Martinez,37,HR,Specialist,Los Angeles,65640.59,596.54,2021-11-15,12,67.8,amanda.martinez@company.com,(831) 976-8424,Active
EMP000676,Jane,Moore,Jane Moore,53,Marketing,Manager,Chicago,48729.12,0.0,2022-09-20,31,98.3,jane.moore@company.com,(727) 318-2160,Inactive
EMP000677,Daniel,Jackson,Daniel Jackson,24,Operations,Director,Los Angeles,52510.95,8657.54,2024-03-10,2,83.3,daniel.jackson@company.com,(893) 533-4769,Active
EMP000678,James,Davis,James Davis,42,Sales,Associate,Austin,75315.2,10172.02,2024-11-16,17,59.8,james.davis@company.com,(404) 584-4615,Active
EMP000679,Anthony,Thomas,Anthony Thomas,28,Engineering,Analyst,Los Angeles,97659.4,9001.72,2021-03-18,0,56.5,anthony.thomas@company.com,(824) 665-3917,Active
EMP000680,David,Anderson,David Anderson,27,HR,Specialist,Boston,73102.26,9858.98,2021-02-18,2,85.0,david.anderson@company.com,(543) 330-1525,Active
EMP000681,Jane,Rodriguez,Jane Rodriguez,33,Marketing,Lead,San Francisco,57228.46,4771.03,2022-07-28,7,67.4,jane.rodriguez@company.com,(628) 375-6629,Active
EMP000682,Ashley,Martin,Ashley Martin,26,Marketing,Director,Chicago,64764.48,7628.9,2020-06-26,0,89.7,ashley.martin@company.com,(621) 734-9015,Inactive
EMP000683,Robert,Jackson,Robert Jackson,27,Legal,Specialist,Miami,51540.83,6882.61,2020-01-30,0,70.2,robert.jackson@company.com,(947) 638-5041,Active
EMP000684,Stephanie,Jackson,Stephanie Jackson,61,HR,Manager,Chicago,75974.49,8642.94,2022-05-05,32,65.0,stephanie.jackson@company.com,(245) 241-8711,Active
EMP000685,Matthew,Johnson,Matthew Johnson,32,IT,Lead,Los Angeles,89375.72,14127.61,2024-07-16,5,88.4,matthew.johnson@company.com,(913) 300-8412,Active
EMP000686,Michael,Moore,Michael Moore,53,Engineering,Director,Los Angeles,91300.49,3760.2,2020-09-28,24,100.0,michael.moore@company.com,(567) 502-4916,Active
EMP000687,Michael,Smith,Michael Smith,34,Legal,Analyst,Seattle,106777.44,5169.45,2023-12-11,10,66.0,michael.smith@company.com,(670) 784-1399,On Leave
EMP000688,Daniel,Jones,Daniel Jones,36,IT,Coordinator,Chicago,102600.49,10284.74,2023-07-07,12,71.9,daniel.jones@company.com,(675) 920-1022,Inactive
EMP000689,Michael,Gonzalez,Michael Gonzalez,37,Operations,Specialist,New York,36830.03,3949.81,2022-05-22,13,52.1,michael.gonzalez@company.com,(970) 476-9887,Active
EMP000690,Robert,Williams,Robert Williams,40,Operations,Coordinator,New York,61504.76,4637.02,2024-12-23,16,100.0,robert.williams@company.com,(252) 313-7274,Active
EMP000691,Lisa,Johnson,Lisa Johnson,46,Operations,Analyst,Boston,71653.27,1838.14,2023-08-20,17,54.0,lisa.johnson@company.com,(772) 921-2097,Active
EMP000692,Robert,Jones,Robert Jones,49,Operations,Senior Developer,Austin,49488.87,5298.2,2023-08-22,25,52.9,robert.jones@company.com,(689) 955-4437,Active
EMP000693,Jessica,Hernandez,Jessica Hernandez,42,Operations,Associate,Seattle,70535.23,9361.76,2021-07-21,20,88.3,jessica.hernandez@company.com,(255) 264-7108,Active
EMP000694,Melissa,Taylor,Melissa Taylor,39,Sales,Specialist,Miami,71287.5,5863.62,2022-07-14,10,89.1,melissa.taylor@company.com,(835) 576-2075,Active
EMP000695,Daniel,Williams,Daniel Williams,44,Sales,Analyst,Los Angeles,78230.82,12176.42,2021-08-13,16,84.8,daniel.williams@company.com,(278) 311-3699,Active
EMP000696,David,Thomas,David Thomas,62,Marketing,Manager,Austin,100476.53,6287.09,2021-08-23,40,76.4,david.thomas@company.com,(626) 898-9870,Inactive
EMP000697,Melissa,Lopez,Melissa Lopez,28,IT,Manager,Miami,53172.0,5564.66,2021-08-20,3,80.6,melissa.lopez@company.com,(393) 264-1361,Inactive
EMP000698,Jessica,Taylor,Jessica Taylor,38,Operations,Coordinator,Los Angeles,53027.51,6210.42,2023-09-04,13,70.0,jessica.taylor@company.com,(861) 534-8965,Active
EMP000699,Matthew,Moore,Matthew Moore,54,Legal,Specialist,Miami,133140.51,26001.95,2023-03-07,29,87.8,matthew.moore@company.com,(335) 513-3813,Active
EMP000700,Jessica,Thomas,Jessica Thomas,59,Operations,Manager,Seattle,68214.61,17264.94,2020-10-30,32,60.3,jessica.thomas@company.com,(561) 491-8469,On Leave
EMP000701,Lisa,Garcia,Lisa Garcia,34,Finance,Analyst,Chicago,77901.81,5268.83,2024-09-14,7,57.7,lisa.garcia@company.com,(925) 909-3514,Active
EMP000702,Sarah,Johnson,Sarah Johnson,32,Operations,Lead,Chicago,58552.15,9113.37,2021-06-17,5,48.9,sarah.johnson@company.com,(578) 388-4361,Active
EMP000703,Jane,Hernandez,Jane Hernandez,41,Operations,Coordinator,Chicago,60937.17,6723.34,2022-07-07,14,68.2,jane.hernandez@company.com,(752) 366-9743,Active
EMP000704,John,Gonzalez,John Gonzalez,37,Legal,Lead,Chicago,100846.7,18372.71,2021-10-17,8,87.5,john.gonzalez@company.com,(359) 204-9948,On Leave
EMP000705,James,Martinez,James Martinez,48,Legal,Analyst,Seattle,81208.32,7089.26,2024-06-25,20,89.9,james.martinez@company.com,(778) 946-8243,Active
EMP000706,Sarah,Thomas,Sarah Thomas,58,Engineering,Senior Developer,Chicago,106119.59,14964.69,2021-09-22,30,78.8,sarah.thomas@company.com,(225) 611-4610,Active
EMP000707,Michael,Hernandez,Michael Hernandez,29,Engineering,Director,Austin,75255.8,6750.97,2024-05-19,3,62.0,michael.hernandez@company.com,(985) 484-4206,Active
EMP000708,Nicole,Anderson,Nicole Anderson,28,Sales,Director,Los Angeles,51201.32,3315.62,2022-10-01,3,65.1,nicole.anderson@company.com,(525) 817-9381,Inactive
EMP000709,Amanda,Gonzalez,Amanda Gonzalez,59,Marketing,Coordinator,Los Angeles,100395.78,1494.83,2022-03-01,33,36.9,amanda.gonzalez@company.com,(581) 212-5663,Active
EMP000710,Ashley,Anderson,Ashley Anderson,61,Sales,Lead,Austin,81857.76,3200.95,2024-02-27,35,83.1,ashley.anderson@company.com,(625) 653-5728,Active
EMP000711,Stephanie,Wilson,Stephanie Wilson,51,Marketing,Analyst,San Francisco,56596.59,4586.01,2021-03-01,25,55.5,stephanie.wilson@company.com,(510) 686-9606,On Leave
EMP000712,Michael,Jackson,Michael Jackson,59,IT,Manager,San Francisco,110617.17,6369.18,2022-04-18,31,74.5,michael.jackson@company.com,(854) 479-7791,Active
EMP000713,Daniel,Jackson,Daniel Jackson,32,Marketing,Analyst,Austin,81586.41,14326.64,2024-08-31,6,79.2,daniel.jackson@company.com,(590) 496-9037,Active
EMP000714,Ashley,Jackson,Ashley Jackson,45,Finance,Lead,Miami,81687.78,11360.17,2021-04-04,18,53.6,ashley.jackson@company.com,(227) 202-3523,Active
EMP000715,Melissa,Brown,Melissa Brown,44,Finance,Analyst,Los Angeles,81390.1,14429.29,2022-10-04,16,62.5,melissa.brown@company.com,(904) 860-5009,Active
EMP000716,William,Thomas,William Thomas,55,Sales,Lead,Boston,72762.85,6107.56,2023-03-04,26,100.0,william.thomas@company.com,(646) 464-8799,On Leave
EMP000717,Sarah,Lopez,Sarah Lopez,39,Engineering,Analyst,Seattle,114584.73,12455.14,2023-04-06,11,85.2,sarah.lopez@company.com,(259) 349-6237,Active
EMP000718,David,Lopez,David Lopez,53,Marketing,Specialist,New York,63473.2,9029.56,2022-01-09,29,70.8,david.lopez@company.com,(629) 851-6832,Active
EMP000719,Ashley,Taylor,Ashley Taylor,42,Sales,Analyst,Austin,99140.45,19048.11,2024-04-15,14,73.9,ashley.taylor@company.com,(296) 813-3738,Active
EMP000720,James,Martinez,James Martinez,28,Finance,Senior Developer,Boston,78324.71,6805.26,2022-12-30,0,78.1,james.martinez@company.com,(793) 560-3354,Active
EMP000721,Matthew,Martinez,Matthew Martinez,60,Operations,Associate,Miami,94726.83,9676.02,2021-11-27,33,70.9,matthew.martinez@company.com,(366) 304-4569,Active
EMP000722,Jessica,Miller,Jessica Miller,34,Sales,Lead,Los Angeles,87370.14,20465.03,2020-06-05,6,69.7,jessica.miller@company.com,(319) 334-1284,Active
EMP000723,Ashley,Lopez,Ashley Lopez,25,Marketing,Coordinator,Miami,44484.65,1575.81,2020-12-18,0,89.4,ashley.lopez@company.com,(926) 511-1471,Active
EMP000724,Sarah,Davis,Sarah Davis,51,Marketing,Director,Chicago,80904.65,12835.65,2021-09-21,24,74.5,sarah.davis@company.com,(328) 414-3133,On Leave
EMP000725,Stephanie,Brown,Stephanie Brown,55,Sales,Lead,New York,87201.8,9014.46,2024-03-31,28,87.4,stephanie.brown@company.com,(641) 243-4217,Active
EMP000726,Matthew,Jackson,Matthew Jackson,27,Engineering,Senior Developer,Miami,88759.19,6598.37,2021-06-02,3,93.3,matthew.jackson@company.com,(244) 267-5942,Active
EMP000727,Sarah,Brown,Sarah Brown,33,HR,Analyst,Austin,75686.29,16951.42,2023-10-05,5,77.9,sarah.brown@company.com,(559) 229-2487,Active
EMP000728,William,Jackson,William Jackson,43,Operations,Analyst,Boston,92146.55,15507.42,2024-10-17,20,85.1,william.jackson@company.com,(712) 999-4962,Active
EMP000729,Michael,Brown,Michael Brown,41,Engineering,Director,Austin,68913.22,0.0,2021-07-31,16,65.9,michael.brown@company.com,(375) 972-9800,Active
EMP000730,Sarah,Miller,Sarah Miller,38,Legal,Analyst,Boston,77038.42,4685.78,2022-06-19,14,60.0,sarah.miller@company.com,(889) 309-3963,Active
EMP000731,Christopher,Wilson,Christopher Wilson,44,HR,Associate,Austin,55037.16,6685.98,2020-08-19,21,65.0,christopher.wilson@company.com,(979) 521-3025,Active
EMP000732,Matthew,Jones,Matthew Jones,58,Legal,Specialist,Boston,133596.54,11985.16,2023-02-15,29,98.9,matthew.jones@company.com,(939) 241-2347,Active
EMP000733,Sarah,Gonzalez,Sarah Gonzalez,23,Finance,Specialist,Miami,65559.61,10396.65,2023-11-08,0,99.2,sarah.gonzalez@company.com,(654) 431-7672,Active
EMP000734,Stephanie,Miller,Stephanie Miller,34,Sales,Coordinator,Miami,61719.96,8487.35,2021-01-02,5,92.0,stephanie.miller@company.com,(213) 890-9055,Active
EMP000735,Christopher,Anderson,Christopher Anderson,38,Sales,Analyst,San Francisco,106550.73,18829.45,2022-03-19,16,78.3,christopher.anderson@company.com,(610) 911-2666,Active
EMP000736,Emily,Williams,Emily Williams,44,Operations,Coordinator,Austin,61655.13,8671.53,2021-02-14,22,53.6,emily.williams@company.com,(809) 613-3011,Active
EMP000737,Stephanie,Thomas,Stephanie Thomas,30,Finance,Associate,Seattle,65657.12,4013.65,2021-12-30,6,79.3,stephanie.thomas@company.com,(687) 882-7626,On Leave
EMP000738,Matthew,Rodriguez,Matthew Rodriguez,53,Marketing,Senior Developer,Miami,88159.88,4877.48,2020-09-07,24,78.7,matthew.rodriguez@company.com,(456) 701-9147,Active
EMP000739,David,Smith,David Smith,48,Sales,Senior Developer,New York,72157.08,14115.4,2022-10-17,19,58.0,david.smith@company.com,(894) 227-3934,Active
EMP000740,James,Jones,James Jones,54,Finance,Senior Developer,San Francisco,105778.54,4663.38,2023-09-15,28,86.3,james.jones@company.com,(969) 732-9064,Active
EMP000741,Robert,Martinez,Robert Martinez,61,Legal,Specialist,Miami,107708.18,16812.74,2023-01-15,38,85.0,robert.martinez@company.com,(551) 753-9955,Active
EMP000742,Jane,Wilson,Jane Wilson,29,Sales,Lead,Los Angeles,50923.94,6989.32,2021-10-06,5,64.2,jane.wilson@company.com,(585) 653-8531,Active
EMP000743,Emily,Moore,Emily Moore,45,Finance,Lead,Chicago,91939.17,17006.42,2022-06-01,20,77.9,emily.moore@company.com,(337) 519-7374,Active
EMP000744,Sarah,Jackson,Sarah Jackson,59,Legal,Lead,Miami,129212.56,3280.26,2023-02-25,33,88.1,sarah.jackson@company.com,(360) 718-1913,Active
EMP000745,Melissa,Jackson,Melissa Jackson,25,IT,Specialist,Boston,84188.64,12591.5,2021-10-18,0,71.3,melissa.jackson@company.com,(262) 228-1739,Active
EMP000746,Amanda,Lopez,Amanda Lopez,40,Engineering,Associate,Boston,113848.36,4102.12,2020-07-18,11,58.7,amanda.lopez@company.com,(638) 553-6855,Active
EMP000747,Jane,Davis,Jane Davis,49,HR,Specialist,Austin,60207.61,7010.45,2023-04-28,20,56.2,jane.davis@company.com,(286) 904-2073,Inactive
EMP000748,Sarah,Hernandez,Sarah Hernandez,45,Marketing,Coordinator,New York,72596.19,6568.13,2020-03-17,20,84.6,sarah.hernandez@company.com,(671) 873-7921,Active
EMP000749,Stephanie,Rodriguez,Stephanie Rodriguez,48,Engineering,Manager,Miami,80559.68,11475.77,2021-10-10,21,79.5,stephanie.rodriguez@company.com,(586) 784-7394,Active
EMP000750,Sarah,Thomas,Sarah Thomas,24,Sales,Coordinator,Austin,57621.45,1064.63,2022-10-14,1,72.2,sarah.thomas@company.com,(714) 983-6563,Active
EMP000751,Ashley,Lopez,Ashley Lopez,30,IT,Lead,Austin,91645.48,6618.9,2023-07-25,7,87.2,ashley.lopez@company.com,(277) 748-4507,Active
EMP000752,Jane,Martinez,Jane Martinez,24,IT,Senior Developer,Austin,55349.79,10370.79,2024-01-09,1,60.8,jane.martinez@company.com,(792) 297-6518,Active
EMP000753,Anthony,Taylor,Anthony Taylor,44,Legal,Director,Los Angeles,88934.5,8251.04,2021-12-12,16,83.9,anthony.taylor@company.com,(278) 867-5945,Active
EMP000754,Ashley,Wilson,Ashley Wilson,23,Operations,Associate,Austin,37565.16,1772.03,2022-04-03,1,67.1,ashley.wilson@company.com,(457) 839-9443,Active
EMP000755,Nicole,Garcia,Nicole Garcia,41,Engineering,Lead,Chicago,99111.63,11493.98,2021-03-12,14,100.0,nicole.garcia@company.com,(876) 960-8656,Active
EMP000756,Nicole,Martin,Nicole Martin,36,IT,Director,New York,84887.72,7477.17,2022-01-16,14,56.9,nicole.martin@company.com,(673) 351-4938,Active
EMP000757,Ashley,Wilson,Ashley Wilson,26,IT,Senior Developer,Boston,65560.96,9349.58,2023-07-22,1,73.0,ashley.wilson@company.com,(408) 622-5373,Active
EMP000758,Emily,Rodriguez,Emily Rodriguez,39,HR,Director,Los Angeles,80974.66,8987.31,2020-08-20,10,100.0,emily.rodriguez@company.com,(353) 396-1453,Active
EMP000759,Ashley,Anderson,Ashley Anderson,31,Legal,Associate,Los Angeles,89750.93,5692.26,2023-08-17,5,82.6,ashley.anderson@company.com,(237) 406-3610,Active
EMP000760,John,Rodriguez,John Rodriguez,59,Finance,Manager,Chicago,91822.09,11946.6,2024-01-19,34,97.7,john.rodriguez@company.com,(697) 220-1906,Inactive
EMP000761,Michael,Hernandez,Michael Hernandez,51,Finance,Associate,San Francisco,82878.77,9355.99,2022-01-14,23,82.2,michael.hernandez@company.com,(887) 873-2479,Active
EMP000762,David,Davis,David Davis,49,Sales,Specialist,San Francisco,60573.59,7422.25,2022-10-13,21,74.0,david.davis@company.com,(292) 443-3003,Active
EMP000763,James,Hernandez,James Hernandez,55,IT,Associate,Austin,93355.1,9475.38,2021-03-22,26,100.0,james.hernandez@company.com,(347) 309-3869,Active
EMP000764,William,Anderson,William Anderson,63,IT,Manager,Seattle,112026.48,8563.73,2022-10-01,41,91.2,william.anderson@company.com,(746) 583-2850,Active
EMP000765,Stephanie,Thomas,Stephanie Thomas,43,HR,Analyst,Seattle,37741.82,1539.29,2022-01-13,14,70.1,stephanie.thomas@company.com,(686) 932-7025,Active
EMP000766,John,Martin,John Martin,59,Engineering,Director,New York,117207.86,0.0,2021-06-02,32,52.2,john.martin@company.com,(765) 593-6067,Active
EMP000767,Amanda,Brown,Amanda Brown,56,HR,Associate,Miami,68819.81,12023.69,2020-01-17,30,55.5,amanda.brown@company.com,(602) 461-5929,Active
EMP000768,Jessica,Martinez,Jessica Martinez,34,HR,Lead,Chicago,66370.53,5347.74,2023-07-17,10,47.0,jessica.martinez@company.com,(524) 985-7656,Active
EMP000769,William,Williams,William Williams,27,Legal,Associate,Miami,67000.54,4992.19,2024-09-18,0,78.4,william.williams@company.com,(540) 934-7920,Inactive
EMP000770,Sarah,Garcia,Sarah Garcia,26,Finance,Coordinator,San Francisco,67448.28,3971.12,2022-05-11,2,58.6,sarah.garcia@company.com,(816) 946-9973,Active
EMP000771,Daniel,Smith,Daniel Smith,39,Engineering,Lead,Chicago,103065.22,9611.86,2024-06-08,12,71.8,daniel.smith@company.com,(856) 339-1050,Active
EMP000772,Ashley,Hernandez,Ashley Hernandez,36,Sales,Analyst,San Francisco,58201.59,6276.96,2021-05-26,11,84.2,ashley.hernandez@company.com,(728) 930-3131,Active
EMP000773,Stephanie,Hernandez,Stephanie Hernandez,56,Legal,Analyst,Miami,101941.52,12281.15,2021-06-17,31,65.5,stephanie.hernandez@company.com,(377) 903-6367,Active
EMP000774,Robert,Williams,Robert Williams,65,IT,Analyst,Boston,113436.44,18134.22,2022-03-16,43,81.4,robert.williams@company.com,(586) 784-4677,Active
EMP000775,John,Moore,John Moore,28,HR,Lead,San Francisco,49879.57,5506.61,2021-02-10,0,70.7,john.moore@company.com,(468) 918-3764,Active
EMP000776,Lisa,Wilson,Lisa Wilson,35,Finance,Senior Developer,Chicago,101897.55,6581.22,2022-01-23,8,61.4,lisa.wilson@company.com,(374) 780-2922,Active
EMP000777,Matthew,Wilson,Matthew Wilson,25,Legal,Senior Developer,Miami,66430.05,6332.82,2021-04-04,0,75.8,matthew.wilson@company.com,(930) 408-4121,Inactive
EMP000778,William,Martinez,William Martinez,49,Legal,Analyst,Los Angeles,89075.02,9624.64,2022-06-02,25,100.0,william.martinez@company.com,(411) 814-4531,On Leave
EMP000779,Ashley,Miller,Ashley Miller,29,IT,Associate,Chicago,107428.8,15545.21,2024-06-10,7,75.3,ashley.miller@company.com,(349) 229-5754,On Leave
EMP000780,Jessica,Martin,Jessica Martin,28,Legal,Coordinator,Austin,68686.67,11777.9,2023-04-08,4,95.6,jessica.martin@company.com,(900) 862-8506,Active
EMP000781,Melissa,Jones,Melissa Jones,51,Operations,Director,Los Angeles,71259.69,5384.78,2023-12-31,25,99.5,melissa.jones@company.com,(592) 925-7935,Active
EMP000782,William,Williams,William Williams,55,Sales,Manager,New York,104236.9,11851.88,2021-11-12,29,70.5,william.williams@company.com,(440) 682-6804,On Leave
EMP000783,Lisa,Johnson,Lisa Johnson,51,Engineering,Associate,Seattle,128450.37,14478.02,2021-09-11,24,77.1,lisa.johnson@company.com,(604) 887-7076,Active
EMP000784,Nicole,Johnson,Nicole Johnson,27,Marketing,Analyst,Seattle,53217.74,4062.47,2022-10-28,0,84.8,nicole.johnson@company.com,(704) 547-8669,Active
EMP000785,James,Taylor,James Taylor,53,IT,Specialist,Chicago,107869.4,9569.87,2020-08-27,26,70.8,james.taylor@company.com,(520) 245-3095,Active
EMP000786,William,Lopez,William Lopez,24,IT,Specialist,Seattle,69499.05,9835.88,2023-06-09,0,83.1,william.lopez@company.com,(979) 470-9470,Active
EMP000787,Emily,Hernandez,Emily Hernandez,25,Legal,Lead,Chicago,54008.33,8933.01,2020-04-18,1,63.9,emily.hernandez@company.com,(393) 352-1894,Active
EMP000788,Jane,Thomas,Jane Thomas,27,Finance,Lead,Chicago,48309.53,4412.4,2022-06-12,0,58.9,jane.thomas@company.com,(318) 706-1668,Active
EMP000789,Nicole,Thomas,Nicole Thomas,32,Legal,Senior Developer,Miami,109847.86,20044.38,2024-09-28,10,71.4,nicole.thomas@company.com,(937) 351-3025,Active
EMP000790,Robert,Martinez,Robert Martinez,54,Marketing,Specialist,Chicago,94296.2,6484.58,2023-02-27,32,48.5,robert.martinez@company.com,(879) 799-4479,Active
EMP000791,John,Taylor,John Taylor,44,Marketing,Senior Developer,Los Angeles,69947.84,2931.57,2021-05-19,16,34.4,john.taylor@company.com,(986) 710-2545,Inactive
EMP000792,John,Martinez,John Martinez,46,Sales,Coordinator,Los Angeles,72552.92,10400.43,2023-04-24,19,84.8,john.martinez@company.com,(308) 531-3519,Active
EMP000793,Daniel,Thomas,Daniel Thomas,51,Legal,Manager,Seattle,120663.26,11829.99,2021-11-05,28,99.8,daniel.thomas@company.com,(244) 871-8423,Active
EMP000794,Anthony,Jones,Anthony Jones,42,HR,Specialist,New York,65395.51,4880.89,2021-10-23,13,69.4,anthony.jones@company.com,(256) 961-2158,Active
EMP000795,Lisa,Gonzalez,Lisa Gonzalez,23,Sales,Specialist,Los Angeles,56309.04,4538.23,2020-12-30,0,86.1,lisa.gonzalez@company.com,(445) 989-7535,Active
EMP000796,Robert,Garcia,Robert Garcia,39,IT,Specialist,Los Angeles,60438.27,8074.21,2023-08-18,10,81.5,robert.garcia@company.com,(970) 869-3525,Active
EMP000797,Melissa,Wilson,Melissa Wilson,27,Finance,Coordinator,Chicago,56352.32,5908.06,2023-09-24,0,90.7,melissa.wilson@company.com,(298) 576-9399,Active
EMP000798,Daniel,Gonzalez,Daniel Gonzalez,34,Legal,Associate,Seattle,74552.87,7515.41,2020-07-03,11,73.2,daniel.gonzalez@company.com,(974) 632-7033,Active
EMP000799,Stephanie,Wilson,Stephanie Wilson,48,Sales,Coordinator,New York,63107.41,6435.66,2022-08-07,20,89.0,stephanie.wilson@company.com,(892) 429-3540,Inactive
EMP000800,Matthew,Taylor,Matthew Taylor,61,Sales,Lead,Seattle,72221.15,4207.74,2022-06-14,37,72.2,matthew.taylor@company.com,(281) 689-5921,Active
EMP000801,David,Martinez,David Martinez,38,HR,Specialist,Los Angeles,53910.11,5092.71,2023-03-10,13,59.0,david.martinez@company.com,(248) 764-2253,Inactive
EMP000802,Matthew,Brown,Matthew Brown,50,IT,Senior Developer,Los Angeles,79860.44,11409.38,2022-08-09,22,53.4,matthew.brown@company.com,(876) 937-5151,Active
EMP000803,Anthony,Williams,Anthony Williams,37,Engineering,Lead,San Francisco,114132.97,0.0,2021-01-02,12,56.2,anthony.williams@company.com,(386) 602-1741,Active
EMP000804,Ashley,Hernandez,Ashley Hernandez,24,Legal,Specialist,Miami,66972.09,6174.69,2021-11-30,0,100.0,ashley.hernandez@company.com,(391) 416-4032,Active
EMP000805,Lisa,Rodriguez,Lisa Rodriguez,40,Sales,Manager,Los Angeles,62234.04,4336.15,2020-01-12,14,65.5,lisa.rodriguez@company.com,(604) 319-1217,Active
EMP000806,Melissa,Anderson,Melissa Anderson,41,IT,Specialist,Miami,95566.28,15646.05,2023-06-20,18,62.5,melissa.anderson@company.com,(831) 569-7471,Active
EMP000807,Michael,Jones,Michael Jones,43,Marketing,Director,New York,69565.1,6620.43,2020-08-17,16,73.7,michael.jones@company.com,(216) 912-4083,Inactive
EMP000808,Robert,Thomas,Robert Thomas,44,Marketing,Associate,Austin,65512.47,8991.25,2024-09-20,17,65.6,robert.thomas@company.com,(841) 751-4127,Active
EMP000809,Daniel,Jones,Daniel Jones,50,Legal,Manager,Los Angeles,75740.89,3778.65,2020-08-26,22,56.5,daniel.jones@company.com,(370) 356-8295,On Leave
EMP000810,Melissa,Smith,Melissa Smith,40,Legal,Director,Austin,75891.84,8881.27,2021-08-26,12,87.9,melissa.smith@company.com,(783) 601-1834,Active
EMP000811,Sarah,Wilson,Sarah Wilson,41,IT,Specialist,Miami,104971.6,11171.89,2020-03-16,18,82.8,sarah.wilson@company.com,(699) 609-8964,Active
EMP000812,Lisa,Thomas,Lisa Thomas,32,HR,Manager,New York,53993.95,2317.23,2022-05-14,6,96.0,lisa.thomas@company.com,(790) 523-2040,Active
EMP000813,Stephanie,Thomas,Stephanie Thomas,65,Sales,Coordinator,Miami,105394.31,8606.35,2022-07-07,39,100.0,stephanie.thomas@company.com,(914) 646-1340,Active
EMP000814,Robert,Thomas,Robert Thomas,31,Operations,Director,Miami,74176.65,4508.12,2022-11-05,9,47.5,robert.thomas@company.com,(424) 801-6556,Inactive
EMP000815,Daniel,Jones,Daniel Jones,53,Finance,Associate,Los Angeles,84496.74,1394.17,2024-09-02,27,81.6,daniel.jones@company.com,(889) 868-6902,Active
EMP000816,Emily,Martin,Emily Martin,32,HR,Senior Developer,Seattle,51862.56,5952.34,2023-09-28,9,97.0,emily.martin@company.com,(694) 332-3839,Active
EMP000817,Lisa,Thomas,Lisa Thomas,33,Sales,Lead,Los Angeles,76351.72,8717.8,2021-09-13,10,64.1,lisa.thomas@company.com,(440) 414-1770,On Leave
EMP000818,Amanda,Rodriguez,Amanda Rodriguez,40,Operations,Analyst,Chicago,93034.43,11402.42,2024-08-22,15,88.5,amanda.rodriguez@company.com,(715) 232-2043,Active
EMP000819,Sarah,Martin,Sarah Martin,24,HR,Director,San Francisco,65451.92,8782.58,2022-09-23,1,100.0,sarah.martin@company.com,(464) 548-6820,Active
EMP000820,Nicole,Rodriguez,Nicole Rodriguez,54,Marketing,Manager,San Francisco,78249.88,10544.97,2022-06-15,31,95.6,nicole.rodriguez@company.com,(668) 973-2817,On Leave
EMP000821,Lisa,Martin,Lisa Martin,58,Sales,Senior Developer,New York,68927.84,3974.2,2020-12-08,36,84.1,lisa.martin@company.com,(845) 320-4365,Inactive
EMP000822,Emily,Martinez,Emily Martinez,47,Legal,Senior Developer,Miami,120430.35,22240.88,2020-11-11,25,51.1,emily.martinez@company.com,(862) 572-6482,Active
EMP000823,Sarah,Miller,Sarah Miller,33,Legal,Manager,Los Angeles,84479.9,3924.71,2021-05-17,11,70.4,sarah.miller@company.com,(685) 549-5698,Active
EMP000824,Michael,Rodriguez,Michael Rodriguez,57,Operations,Coordinator,Los Angeles,97130.59,5486.63,2023-07-13,29,66.8,michael.rodriguez@company.com,(880) 451-3483,Active
EMP000825,Matthew,Wilson,Matthew Wilson,35,HR,Associate,Chicago,78155.63,14154.74,2022-04-26,9,68.7,matthew.wilson@company.com,(619) 669-9456,Active
EMP000826,Amanda,Smith,Amanda Smith,45,Legal,Manager,Chicago,131583.91,0.0,2024-01-09,19,85.8,amanda.smith@company.com,(729) 271-2389,Active
EMP000827,Christopher,Garcia,Christopher Garcia,39,IT,Associate,New York,90184.24,4204.23,2024-04-03,16,70.1,christopher.garcia@company.com,(237) 876-3473,Inactive
EMP000828,Jane,Taylor,Jane Taylor,57,Finance,Associate,Los Angeles,89547.12,12868.71,2024-12-19,31,51.1,jane.taylor@company.com,(897) 917-5986,Active
EMP000829,James,Lopez,James Lopez,57,Engineering,Analyst,Seattle,136709.72,18132.13,2023-12-05,29,100.0,james.lopez@company.com,(613) 656-4360,Inactive
EMP000830,Lisa,Martin,Lisa Martin,61,Legal,Associate,Boston,89668.36,4250.66,2024-05-07,34,72.6,lisa.martin@company.com,(402) 508-2380,Active
EMP000831,James,Gonzalez,James Gonzalez,27,Marketing,Director,Seattle,67532.31,101.3,2020-07-09,0,79.3,james.gonzalez@company.com,(723) 765-6115,Active
EMP000832,Emily,Smith,Emily Smith,53,Engineering,Director,Seattle,120940.01,0.0,2024-08-31,27,73.7,emily.smith@company.com,(992) 511-7926,On Leave
EMP000833,Sarah,Johnson,Sarah Johnson,48,Operations,Coordinator,Seattle,86213.15,11364.47,2020-09-10,24,65.1,sarah.johnson@company.com,(248) 974-3043,Active
EMP000834,Anthony,Smith,Anthony Smith,52,Legal,Director,Boston,95862.75,457.97,2024-07-07,25,83.8,anthony.smith@company.com,(963) 795-9737,Active
EMP000835,Jessica,Lopez,Jessica Lopez,44,Finance,Analyst,Seattle,104701.12,17894.68,2024-01-02,16,78.4,jessica.lopez@company.com,(586) 732-5057,Active
EMP000836,Matthew,Jackson,Matthew Jackson,48,HR,Lead,Boston,49110.95,4391.34,2020-07-19,23,70.0,matthew.jackson@company.com,(350) 928-7974,Active
EMP000837,Michael,Williams,Michael Williams,65,Engineering,Analyst,Los Angeles,118985.51,11360.89,2022-09-02,39,79.1,michael.williams@company.com,(419) 656-2279,Active
EMP000838,Matthew,Gonzalez,Matthew Gonzalez,22,IT,Lead,Seattle,86711.73,4571.85,2023-07-27,0,100.0,matthew.gonzalez@company.com,(633) 650-9020,Active
EMP000839,Stephanie,Garcia,Stephanie Garcia,29,Marketing,Lead,Chicago,48749.75,6929.37,2023-12-27,5,69.0,stephanie.garcia@company.com,(668) 332-9408,Inactive
EMP000840,Sarah,Miller,Sarah Miller,65,Legal,Manager,Miami,137621.5,21065.52,2024-03-08,43,91.5,sarah.miller@company.com,(360) 772-7051,Inactive
EMP000841,Sarah,Martin,Sarah Martin,60,IT,Senior Developer,San Francisco,105597.86,11182.2,2022-01-26,33,91.3,sarah.martin@company.com,(785) 496-1659,Active
EMP000842,Sarah,Lopez,Sarah Lopez,34,Finance,Specialist,Boston,71092.71,3502.17,2021-08-25,7,100.0,sarah.lopez@company.com,(697) 228-3340,Active
EMP000843,Anthony,Wilson,Anthony Wilson,64,Engineering,Specialist,Seattle,112787.1,1090.72,2021-03-17,41,71.4,anthony.wilson@company.com,(387) 957-9008,Active
EMP000844,Nicole,Lopez,Nicole Lopez,44,Sales,Associate,New York,78132.64,16876.81,2022-09-12,19,91.8,nicole.lopez@company.com,(786) 517-8411,Inactive
EMP000845,Christopher,Thomas,Christopher Thomas,40,Marketing,Lead,Chicago,57702.5,8955.07,2024-04-08,16,74.3,christopher.thomas@company.com,(660) 883-8357,Active
EMP000846,James,Williams,James Williams,59,IT,Director,Los Angeles,113193.02,12330.4,2022-03-20,32,48.7,james.williams@company.com,(547) 753-1750,On Leave
EMP000847,Daniel,Rodriguez,Daniel Rodriguez,59,Sales,Manager,Chicago,72713.22,8525.9,2023-03-17,35,81.4,daniel.rodriguez@company.com,(845) 990-6060,Active
EMP000848,Sarah,Moore,Sarah Moore,28,Sales,Manager,Austin,81697.55,17009.46,2023-03-13,6,67.2,sarah.moore@company.com,(734) 393-8796,Active
EMP000849,John,Brown,John Brown,33,Marketing,Specialist,New York,70244.68,7189.19,2024-05-30,9,100.0,john.brown@company.com,(410) 451-8278,Active
EMP000850,Nicole,Martin,Nicole Martin,45,Operations,Manager,Los Angeles,73486.57,10549.28,2022-10-03,20,67.3,nicole.martin@company.com,(223) 548-8160,Active
EMP000851,John,Taylor,John Taylor,25,Operations,Specialist,Los Angeles,69180.16,3533.53,2020-07-05,0,66.3,john.taylor@company.com,(317) 301-9876,Active
EMP000852,David,Garcia,David Garcia,62,Finance,Analyst,San Francisco,74616.74,6189.8,2021-09-20,37,67.2,david.garcia@company.com,(617) 894-3772,Active
EMP000853,James,Garcia,James Garcia,64,Engineering,Specialist,New York,116843.13,6974.26,2022-03-09,37,80.1,james.garcia@company.com,(301) 527-3334,Active
EMP000854,James,Rodriguez,James Rodriguez,35,IT,Manager,San Francisco,80459.28,4104.54,2021-02-18,13,81.9,james.rodriguez@company.com,(445) 970-4874,Active
EMP000855,Matthew,Gonzalez,Matthew Gonzalez,24,Sales,Manager,Seattle,30000.0,2795.49,2021-10-13,0,64.7,matthew.gonzalez@company.com,(675) 766-7669,Active
EMP000856,John,Wilson,John Wilson,46,HR,Specialist,New York,83435.34,2688.92,2023-02-08,18,48.1,john.wilson@company.com,(800) 891-2663,Active
EMP000857,Nicole,Jones,Nicole Jones,59,Finance,Lead,Los Angeles,58384.37,7007.53,2020-06-20,31,57.1,nicole.jones@company.com,(851) 712-4333,Active
EMP000858,David,Lopez,David Lopez,62,Marketing,Associate,Austin,86987.68,5366.3,2023-02-10,33,66.5,david.lopez@company.com,(662) 242-1016,Active
EMP000859,Lisa,Martinez,Lisa Martinez,59,Marketing,Manager,New York,77111.68,3401.59,2022-09-14,34,86.0,lisa.martinez@company.com,(479) 812-5110,Active
EMP000860,Christopher,Lopez,Christopher Lopez,38,HR,Manager,Seattle,58517.5,8509.43,2020-11-26,13,97.5,christopher.lopez@company.com,(956) 746-2145,Active
EMP000861,Christopher,Brown,Christopher Brown,22,Marketing,Associate,Seattle,52991.11,407.9,2021-03-07,0,68.9,christopher.brown@company.com,(825) 716-6215,Inactive
EMP000862,James,Rodriguez,James Rodriguez,40,Legal,Director,Seattle,107244.44,751.89,2023-09-18,16,79.1,james.rodriguez@company.com,(529) 549-4450,Active
EMP000863,Lisa,Hernandez,Lisa Hernandez,48,Engineering,Manager,Chicago,80642.98,4956.57,2023-05-31,23,79.3,lisa.hernandez@company.com,(687) 204-1156,Active
EMP000864,Stephanie,Moore,Stephanie Moore,52,Legal,Senior Developer,Los Angeles,93744.44,10183.23,2024-05-31,23,63.7,stephanie.moore@company.com,(864) 866-2270,Active
EMP000865,Daniel,Brown,Daniel Brown,47,Operations,Coordinator,Los Angeles,69485.33,6789.2,2022-03-03,20,24.9,daniel.brown@company.com,(381) 986-1138,Active
EMP000866,Amanda,Miller,Amanda Miller,65,Legal,Director,New York,99413.67,13345.5,2024-03-01,42,71.5,amanda.miller@company.com,(220) 976-5606,Active
EMP000867,Amanda,Miller,Amanda Miller,28,Sales,Director,Seattle,44884.1,5466.83,2021-04-24,5,92.7,amanda.miller@company.com,(705) 571-1602,Active
EMP000868,Lisa,Miller,Lisa Miller,52,Engineering,Associate,Austin,56701.2,9302.94,2020-08-15,24,82.9,lisa.miller@company.com,(484) 782-9197,Active
EMP000869,Nicole,Miller,Nicole Miller,30,Marketing,Analyst,San Francisco,65937.34,13159.62,2024-03-07,4,52.9,nicole.miller@company.com,(266) 330-5253,Inactive
EMP000870,Jessica,Taylor,Jessica Taylor,65,Finance,Manager,Austin,87470.99,6168.6,2023-11-20,41,77.0,jessica.taylor@company.com,(894) 745-5143,Active
EMP000871,Daniel,Smith,Daniel Smith,39,IT,Coordinator,New York,62172.74,4893.65,2022-06-04,17,67.0,daniel.smith@company.com,(616) 480-2994,Active
EMP000872,Daniel,Thomas,Daniel Thomas,32,Operations,Director,New York,61766.6,9908.44,2020-04-06,10,79.9,daniel.thomas@company.com,(484) 630-9723,Active
EMP000873,John,Gonzalez,John Gonzalez,55,HR,Senior Developer,Boston,79009.68,7675.41,2024-12-07,30,95.8,john.gonzalez@company.com,(785) 225-4696,On Leave
EMP000874,Stephanie,Williams,Stephanie Williams,42,HR,Analyst,Austin,76144.21,7241.64,2021-11-05,15,82.8,stephanie.williams@company.com,(518) 264-2584,Active
EMP000875,Stephanie,Smith,Stephanie Smith,60,Operations,Director,Seattle,57663.43,4586.79,2020-08-08,32,82.6,stephanie.smith@company.com,(684) 444-6583,Active
EMP000876,James,Taylor,James Taylor,43,HR,Lead,San Francisco,66710.19,4622.61,2024-04-13,20,77.2,james.taylor@company.com,(297) 840-8314,Active
EMP000877,Michael,Johnson,Michael Johnson,53,Engineering,Coordinator,Los Angeles,110183.62,10404.04,2024-12-27,30,93.5,michael.johnson@company.com,(910) 266-3089,Active
EMP000878,Daniel,Johnson,Daniel Johnson,24,Finance,Senior Developer,Los Angeles,51838.05,3763.01,2020-07-27,0,67.2,daniel.johnson@company.com,(893) 257-1855,Active
EMP000879,Christopher,Gonzalez,Christopher Gonzalez,56,Sales,Director,Los Angeles,82885.18,4853.23,2024-11-05,30,66.6,christopher.gonzalez@company.com,(813) 875-1173,Active
EMP000880,Daniel,Wilson,Daniel Wilson,25,Sales,Manager,Boston,50674.48,12037.02,2022-07-18,1,90.8,daniel.wilson@company.com,(729) 536-4153,Active
EMP000881,John,Martin,John Martin,30,Sales,Analyst,Austin,72204.42,0.0,2023-07-29,8,76.0,john.martin@company.com,(721) 462-6822,Active
EMP000882,Lisa,Anderson,Lisa Anderson,31,Marketing,Analyst,Austin,80818.92,7198.33,2024-06-20,6,68.2,lisa.anderson@company.com,(245) 261-3091,Active
EMP000883,Stephanie,Taylor,Stephanie Taylor,46,Operations,Analyst,Seattle,44400.54,4792.77,2020-10-28,24,76.8,stephanie.taylor@company.com,(680) 516-6618,Active
EMP000884,John,Taylor,John Taylor,26,Marketing,Director,New York,52526.41,0.0,2022-11-04,3,89.7,john.taylor@company.com,(772) 255-7915,Active
EMP000885,Robert,Miller,Robert Miller,49,Sales,Director,Boston,62497.21,11816.77,2023-09-29,21,100.0,robert.miller@company.com,(687) 911-8657,Active
EMP000886,James,Jackson,James Jackson,49,Operations,Associate,Seattle,54502.35,4046.2,2021-11-04,26,59.8,james.jackson@company.com,(366) 307-8443,Inactive
EMP000887,Jane,Thomas,Jane Thomas,24,HR,Director,New York,53986.3,2902.94,2023-11-20,0,82.4,jane.thomas@company.com,(435) 677-4492,Active
EMP000888,James,Gonzalez,James Gonzalez,34,HR,Analyst,Los Angeles,38912.41,4878.33,2024-08-18,11,56.1,james.gonzalez@company.com,(206) 571-1162,Active
EMP000889,John,Moore,John Moore,33,Sales,Specialist,Chicago,63652.74,9516.7,2022-06-20,11,69.6,john.moore@company.com,(399) 846-6896,Active
EMP000890,John,Miller,John Miller,60,HR,Analyst,Seattle,84934.21,7014.32,2021-03-24,33,82.5,john.miller@company.com,(468) 936-3855,Active
EMP000891,Nicole,Davis,Nicole Davis,65,Marketing,Manager,Austin,120275.05,8434.75,2020-12-26,41,72.3,nicole.davis@company.com,(468) 303-1343,Active
EMP000892,David,Gonzalez,David Gonzalez,49,Sales,Director,Boston,95368.53,1203.38,2021-09-16,25,100.0,david.gonzalez@company.com,(667) 445-7056,Active
EMP000893,Emily,Taylor,Emily Taylor,49,IT,Senior Developer,San Francisco,101155.03,7330.61,2020-10-22,27,79.2,emily.taylor@company.com,(333) 394-4140,Active
EMP000894,Amanda,Hernandez,Amanda Hernandez,59,IT,Manager,Austin,142038.19,0.0,2024-04-11,32,82.5,amanda.hernandez@company.com,(830) 801-4098,Inactive
EMP000895,Ashley,Jones,Ashley Jones,43,Operations,Manager,Austin,68320.23,8569.29,2023-07-13,18,62.6,ashley.jones@company.com,(486) 329-9327,On Leave
EMP000896,Melissa,Miller,Melissa Miller,47,Sales,Senior Developer,Miami,102058.73,4215.64,2020-12-08,18,66.3,melissa.miller@company.com,(720) 597-9342,Active
EMP000897,Matthew,Anderson,Matthew Anderson,44,Marketing,Coordinator,Boston,34004.32,3097.9,2022-12-12,17,67.2,matthew.anderson@company.com,(911) 694-9106,Active
EMP000898,Anthony,Gonzalez,Anthony Gonzalez,36,Engineering,Director,Austin,99577.34,3788.66,2021-02-19,8,73.4,anthony.gonzalez@company.com,(662) 440-7486,Active
EMP000899,Stephanie,Gonzalez,Stephanie Gonzalez,48,Marketing,Specialist,Boston,54573.69,3992.82,2023-02-01,24,80.1,stephanie.gonzalez@company.com,(286) 337-2376,Active
EMP000900,Matthew,Lopez,Matthew Lopez,28,HR,Lead,New York,65827.49,11358.54,2022-11-15,1,80.0,matthew.lopez@company.com,(836) 544-7981,Active
EMP000901,Stephanie,Wilson,Stephanie Wilson,48,Operations,Coordinator,Miami,74479.23,7674.82,2021-07-13,20,100.0,stephanie.wilson@company.com,(591) 225-3942,Active
EMP000902,William,Williams,William Williams,34,Operations,Specialist,San Francisco,39180.76,2732.18,2024-09-21,7,47.1,william.williams@company.com,(713) 725-9956,Active
EMP000903,William,Davis,William Davis,49,Sales,Senior Developer,San Francisco,84400.65,5019.46,2022-01-07,27,100.0,william.davis@company.com,(239) 759-4281,Active
EMP000904,James,Rodriguez,James Rodriguez,32,Finance,Director,Seattle,43514.42,2375.44,2023-12-16,6,89.9,james.rodriguez@company.com,(818) 341-9898,Inactive
EMP000905,John,Martinez,John Martinez,32,Finance,Associate,Boston,82728.96,5495.01,2022-04-10,4,76.8,john.martinez@company.com,(793) 975-1194,Active
EMP000906,Matthew,Jones,Matthew Jones,40,IT,Director,Austin,88433.06,18219.72,2024-01-21,14,87.8,matthew.jones@company.com,(967) 414-8773,Active
EMP000907,Anthony,Moore,Anthony Moore,45,Legal,Coordinator,Miami,112969.73,11050.32,2024-06-09,20,75.8,anthony.moore@company.com,(287) 520-4077,Active
EMP000908,Stephanie,Miller,Stephanie Miller,64,Legal,Manager,Miami,80456.45,11337.01,2022-02-06,38,49.4,stephanie.miller@company.com,(342) 791-3102,Active
EMP000909,John,Thomas,John Thomas,40,Operations,Director,Boston,66836.51,7166.02,2022-05-08,13,93.3,john.thomas@company.com,(635) 902-7608,Active
EMP000910,Nicole,Martinez,Nicole Martinez,40,Operations,Manager,New York,71739.68,5727.09,2020-10-11,11,69.2,nicole.martinez@company.com,(357) 538-7404,On Leave
EMP000911,Robert,Gonzalez,Robert Gonzalez,39,Sales,Director,Los Angeles,79038.43,5181.63,2022-08-30,12,47.5,robert.gonzalez@company.com,(311) 536-8397,Active
EMP000912,Ashley,Williams,Ashley Williams,62,Marketing,Analyst,San Francisco,87154.16,3078.69,2020-03-06,37,76.1,ashley.williams@company.com,(905) 817-9005,Active
EMP000913,Robert,Williams,Robert Williams,39,IT,Director,Seattle,72497.88,1490.02,2021-04-22,17,51.6,robert.williams@company.com,(498) 875-9591,Active
EMP000914,Jane,Lopez,Jane Lopez,61,Engineering,Coordinator,Chicago,144302.12,18789.01,2024-10-26,36,91.0,jane.lopez@company.com,(620) 600-3572,On Leave
EMP000915,David,Moore,David Moore,38,IT,Senior Developer,Miami,82547.61,8988.55,2022-03-07,13,90.0,david.moore@company.com,(411) 333-4369,Active
EMP000916,Melissa,Garcia,Melissa Garcia,50,Finance,Lead,Austin,90339.06,13583.08,2021-07-18,21,60.4,melissa.garcia@company.com,(406) 207-3337,Active
EMP000917,Christopher,Martin,Christopher Martin,24,HR,Lead,Boston,49545.42,3981.46,2022-07-31,0,81.8,christopher.martin@company.com,(673) 789-1640,Active
EMP000918,Ashley,Anderson,Ashley Anderson,58,Operations,Associate,Seattle,56062.88,3389.28,2023-06-09,33,86.7,ashley.anderson@company.com,(379) 625-5081,Active
EMP000919,Lisa,Wilson,Lisa Wilson,28,Legal,Analyst,Los Angeles,62873.51,10099.95,2023-12-01,0,49.6,lisa.wilson@company.com,(782) 297-7447,Active
EMP000920,Jane,Davis,Jane Davis,42,Marketing,Specialist,Seattle,76768.53,9196.18,2023-09-27,18,72.3,jane.davis@company.com,(268) 914-4559,Inactive
EMP000921,Stephanie,Moore,Stephanie Moore,26,Sales,Senior Developer,Boston,72201.78,5770.34,2024-03-27,3,90.8,stephanie.moore@company.com,(307) 716-6341,Active
EMP000922,Emily,Rodriguez,Emily Rodriguez,23,HR,Lead,New York,50473.72,6272.75,2020-02-24,0,73.9,emily.rodriguez@company.com,(274) 854-8567,Active
EMP000923,Christopher,Miller,Christopher Miller,63,IT,Manager,New York,93818.92,18284.21,2021-05-28,39,95.8,christopher.miller@company.com,(317) 926-3236,Active
EMP000924,Daniel,Thomas,Daniel Thomas,26,Legal,Senior Developer,San Francisco,58227.01,1694.23,2023-01-28,2,67.5,daniel.thomas@company.com,(872) 448-8171,Active
EMP000925,William,Garcia,William Garcia,37,Marketing,Senior Developer,New York,72743.43,8807.58,2020-12-28,9,81.7,william.garcia@company.com,(501) 327-9759,Active
EMP000926,Emily,Williams,Emily Williams,35,Engineering,Analyst,Seattle,93602.96,3945.47,2022-06-21,13,52.4,emily.williams@company.com,(566) 382-4549,Active
EMP000927,Nicole,Miller,Nicole Miller,37,Legal,Senior Developer,New York,68438.29,7465.5,2022-03-10,8,74.5,nicole.miller@company.com,(906) 515-8274,Active
EMP000928,John,Johnson,John Johnson,40,IT,Director,Austin,72739.71,9882.72,2022-02-06,14,69.3,john.johnson@company.com,(444) 404-2497,Active
EMP000929,John,Smith,John Smith,28,Operations,Senior Developer,Austin,58242.67,4573.61,2021-03-27,6,83.3,john.smith@company.com,(298) 880-3750,Active
EMP000930,Jane,Wilson,Jane Wilson,38,Sales,Coordinator,Boston,83645.69,11368.6,2023-02-25,10,57.9,jane.wilson@company.com,(841) 394-4393,Inactive
EMP000931,Christopher,Wilson,Christopher Wilson,55,Sales,Director,Austin,83784.68,13375.11,2020-08-04,26,73.0,christopher.wilson@company.com,(565) 531-3844,Active
EMP000932,James,Smith,James Smith,51,IT,Lead,Austin,74318.37,4814.62,2021-03-26,23,89.2,james.smith@company.com,(267) 873-5562,Active
EMP000933,Amanda,Johnson,Amanda Johnson,30,Sales,Associate,Austin,64509.51,2764.17,2021-09-09,1,77.5,amanda.johnson@company.com,(985) 813-9185,On Leave
EMP000934,Sarah,Moore,Sarah Moore,24,Marketing,Senior Developer,Seattle,67927.25,12928.31,2023-05-13,0,71.9,sarah.moore@company.com,(532) 846-7366,Active
EMP000935,David,Hernandez,David Hernandez,28,Marketing,Lead,Boston,43326.47,6708.46,2020-05-18,4,69.1,david.hernandez@company.com,(543) 218-8354,Active
EMP000936,Jessica,Taylor,Jessica Taylor,57,Engineering,Manager,Austin,139047.26,18803.4,2023-06-16,35,48.9,jessica.taylor@company.com,(977) 327-6060,Active
EMP000937,Stephanie,Davis,Stephanie Davis,56,Sales,Analyst,New York,73320.8,3745.51,2022-02-06,27,39.0,stephanie.davis@company.com,(710) 503-4309,Active
EMP000938,Robert,Johnson,Robert Johnson,38,HR,Coordinator,Miami,82351.54,6490.23,2020-10-01,15,63.3,robert.johnson@company.com,(484) 525-1648,Active
EMP000939,Stephanie,Martinez,Stephanie Martinez,35,Engineering,Coordinator,Austin,78375.38,12011.7,2021-12-02,11,71.9,stephanie.martinez@company.com,(448) 410-9836,Active
EMP000940,Jessica,Davis,Jessica Davis,29,IT,Analyst,Boston,101987.1,17595.23,2022-06-24,3,89.4,jessica.davis@company.com,(844) 206-2058,Inactive
EMP000941,Michael,Miller,Michael Miller,62,Engineering,Director,Chicago,114752.71,3236.55,2020-09-14,39,77.0,michael.miller@company.com,(293) 377-9992,Active
EMP000942,Robert,Davis,Robert Davis,50,Sales,Lead,Los Angeles,60262.76,8866.29,2021-09-29,24,34.2,robert.davis@company.com,(368) 938-4236,Active
EMP000943,Emily,Martin,Emily Martin,52,HR,Specialist,Seattle,70477.01,7804.72,2023-03-26,25,60.2,emily.martin@company.com,(659) 850-4299,Active
EMP000944,Melissa,Williams,Melissa Williams,51,Operations,Associate,Los Angeles,61517.27,657.08,2020-12-09,25,50.4,melissa.williams@company.com,(682) 651-7925,Active
EMP000945,Stephanie,Jones,Stephanie Jones,43,Legal,Associate,New York,102566.77,5936.06,2022-05-25,20,67.7,stephanie.jones@company.com,(285) 977-5918,Active
EMP000946,David,Moore,David Moore,37,Marketing,Associate,Seattle,71865.47,4210.61,2022-08-07,11,87.9,david.moore@company.com,(513) 664-5640,Active
EMP000947,Lisa,Thomas,Lisa Thomas,60,Sales,Analyst,Boston,101448.83,7743.27,2024-01-04,32,49.9,lisa.thomas@company.com,(680) 400-3535,Inactive
EMP000948,John,Smith,John Smith,37,Operations,Associate,Miami,67839.76,186.33,2022-05-01,15,91.7,john.smith@company.com,(604) 960-7113,Active
EMP000949,Ashley,Jackson,Ashley Jackson,26,Sales,Manager,Los Angeles,71232.85,4577.85,2020-09-11,0,100.0,ashley.jackson@company.com,(594) 779-3660,Active
EMP000950,Stephanie,Rodriguez,Stephanie Rodriguez,59,Operations,Coordinator,Miami,80766.32,9563.39,2023-11-27,31,83.9,stephanie.rodriguez@company.com,(259) 866-7313,Inactive
EMP000951,Jessica,Davis,Jessica Davis,22,Legal,Coordinator,New York,86282.38,0.0,2023-07-16,0,60.1,jessica.davis@company.com,(923) 892-1462,Active
EMP000952,David,Rodriguez,David Rodriguez,64,Legal,Specialist,Chicago,117346.44,17610.58,2021-05-21,41,88.0,david.rodriguez@company.com,(816) 792-3644,Active
EMP000953,Michael,Gonzalez,Michael Gonzalez,62,IT,Director,San Francisco,112614.81,18315.91,2024-11-29,35,77.5,michael.gonzalez@company.com,(633) 369-7993,Active
EMP000954,Ashley,Taylor,Ashley Taylor,34,IT,Associate,Seattle,72571.96,11303.69,2024-03-21,8,88.0,ashley.taylor@company.com,(945) 291-2790,Active
EMP000955,Amanda,Jones,Amanda Jones,63,Finance,Associate,Austin,104579.21,11908.22,2023-12-02,36,81.5,amanda.jones@company.com,(515) 206-3759,Active
EMP000956,John,Brown,John Brown,39,Sales,Associate,Los Angeles,70865.82,1326.61,2023-09-02,12,78.7,john.brown@company.com,(495) 950-8060,Active
EMP000957,Amanda,Garcia,Amanda Garcia,64,Marketing,Lead,Austin,90279.93,12028.46,2021-01-07,42,49.3,amanda.garcia@company.com,(714) 312-8383,Active
EMP000958,Robert,Garcia,Robert Garcia,41,HR,Analyst,New York,58055.57,3512.8,2024-07-15,12,59.0,robert.garcia@company.com,(977) 396-5249,On Leave
EMP000959,Stephanie,Anderson,Stephanie Anderson,28,Sales,Senior Developer,Chicago,65930.82,4556.88,2021-08-23,0,55.1,stephanie.anderson@company.com,(287) 586-3042,Active
EMP000960,James,Smith,James Smith,50,HR,Lead,Miami,55162.86,5278.89,2023-10-09,27,43.9,james.smith@company.com,(978) 303-1155,Active
EMP000961,John,Jackson,John Jackson,22,Engineering,Director,San Francisco,54281.6,7895.15,2022-12-05,0,59.1,john.jackson@company.com,(207) 584-9520,On Leave
EMP000962,William,Thomas,William Thomas,43,Legal,Associate,Boston,101613.57,15195.28,2021-11-20,21,60.2,william.thomas@company.com,(579) 898-6620,On Leave
EMP000963,Jessica,Lopez,Jessica Lopez,65,IT,Manager,Los Angeles,141176.91,15933.22,2021-12-30,36,72.5,jessica.lopez@company.com,(538) 302-1050,Active
EMP000964,Christopher,Jones,Christopher Jones,61,Engineering,Specialist,San Francisco,110747.03,9740.24,2023-12-03,36,70.2,christopher.jones@company.com,(969) 454-7036,Active
EMP000965,Melissa,Taylor,Melissa Taylor,31,IT,Manager,Austin,71611.42,6572.73,2023-07-30,7,75.0,melissa.taylor@company.com,(529) 217-6901,Inactive
EMP000966,James,Anderson,James Anderson,28,HR,Associate,Miami,59023.26,5932.85,2024-02-22,2,90.8,james.anderson@company.com,(827) 283-6707,Active
EMP000967,Melissa,Brown,Melissa Brown,25,IT,Director,Seattle,65905.56,3648.57,2023-12-29,0,98.7,melissa.brown@company.com,(346) 732-9267,Active
EMP000968,Melissa,Williams,Melissa Williams,38,Finance,Analyst,Miami,85914.64,8661.55,2022-07-02,9,96.7,melissa.williams@company.com,(318) 693-9858,Active
EMP000969,Robert,Garcia,Robert Garcia,62,Sales,Associate,San Francisco,74692.06,12377.04,2024-01-05,36,81.3,robert.garcia@company.com,(229) 364-6349,Inactive
EMP000970,William,Davis,William Davis,27,Finance,Senior Developer,Miami,60473.51,5761.24,2023-09-24,4,67.4,william.davis@company.com,(339) 747-9060,Active
EMP000971,James,Davis,James Davis,34,Sales,Associate,Boston,61457.74,6249.41,2024-01-09,8,73.1,james.davis@company.com,(960) 953-7252,Active
EMP000972,Nicole,Wilson,Nicole Wilson,54,HR,Specialist,Austin,100301.61,10838.42,2020-08-24,25,100.0,nicole.wilson@company.com,(497) 289-2824,Active
EMP000973,Anthony,Miller,Anthony Miller,35,Sales,Analyst,Boston,91551.97,7413.85,2024-10-13,11,73.1,anthony.miller@company.com,(520) 589-1027,Active
EMP000974,Anthony,Moore,Anthony Moore,62,HR,Associate,Los Angeles,76171.79,8419.07,2021-10-16,39,99.9,anthony.moore@company.com,(989) 573-3069,Active
EMP000975,Lisa,Jackson,Lisa Jackson,53,HR,Associate,San Francisco,80519.49,3021.92,2020-01-19,31,78.3,lisa.jackson@company.com,(751) 671-6176,Active
EMP000976,Ashley,Davis,Ashley Davis,53,Legal,Analyst,Miami,82225.32,10986.54,2023-05-16,30,77.8,ashley.davis@company.com,(490) 349-1562,Active
EMP000977,Ashley,Taylor,Ashley Taylor,55,Sales,Lead,Seattle,91703.53,7895.13,2023-07-16,30,100.0,ashley.taylor@company.com,(420) 706-5775,Active
EMP000978,Christopher,Johnson,Christopher Johnson,63,Operations,Director,Chicago,72540.85,7643.32,2024-10-02,34,85.8,christopher.johnson@company.com,(950) 430-1861,Inactive
EMP000979,Emily,Thomas,Emily Thomas,62,IT,Analyst,Seattle,136432.77,12620.44,2020-02-14,37,77.4,emily.thomas@company.com,(761) 601-6528,Active
EMP000980,Melissa,Lopez,Melissa Lopez,23,IT,Senior Developer,Los Angeles,44283.27,0.0,2022-12-17,0,80.0,melissa.lopez@company.com,(944) 489-5626,Active
EMP000981,Robert,Moore,Robert Moore,36,IT,Analyst,San Francisco,75669.29,3367.46,2021-10-24,7,55.3,robert.moore@company.com,(970) 794-1886,Active
EMP000982,Ashley,Anderson,Ashley Anderson,31,Marketing,Lead,Chicago,77905.62,13066.49,2023-11-26,5,62.4,ashley.anderson@company.com,(694) 498-3372,Active
EMP000983,Robert,Smith,Robert Smith,59,Operations,Analyst,San Francisco,76859.92,5625.48,2022-02-10,32,53.9,robert.smith@company.com,(637) 895-3756,Inactive
EMP000984,Sarah,Lopez,Sarah Lopez,58,Legal,Manager,Chicago,103049.29,15881.12,2020-08-28,33,70.2,sarah.lopez@company.com,(727) 865-6545,Active
EMP000985,David,Gonzalez,David Gonzalez,45,HR,Senior Developer,New York,74784.38,14491.61,2021-05-08,19,71.8,david.gonzalez@company.com,(606) 700-5959,Active
EMP000986,Emily,Gonzalez,Emily Gonzalez,32,Sales,Associate,Miami,89886.03,2005.2,2021-07-17,6,70.0,emily.gonzalez@company.com,(847) 868-8292,Active
EMP000987,Sarah,Brown,Sarah Brown,45,Sales,Lead,San Francisco,62086.53,2802.06,2023-08-06,19,91.0,sarah.brown@company.com,(884) 721-4685,Active
EMP000988,Anthony,Jackson,Anthony Jackson,50,Legal,Senior Developer,Seattle,72307.66,6739.34,2024-06-14,25,80.7,anthony.jackson@company.com,(807) 385-7290,Active
EMP000989,Stephanie,Martinez,Stephanie Martinez,64,Marketing,Coordinator,San Francisco,84582.4,1976.27,2020-05-10,40,69.8,stephanie.martinez@company.com,(930) 750-4029,Active
EMP000990,John,Gonzalez,John Gonzalez,40,Legal,Senior Developer,San Francisco,86319.74,4861.66,2024-03-23,17,74.6,john.gonzalez@company.com,(971) 412-2922,Active
EMP000991,Lisa,Garcia,Lisa Garcia,47,Engineering,Coordinator,Miami,115090.81,0.0,2020-09-08,18,54.0,lisa.garcia@company.com,(240) 331-4378,Active
EMP000992,Michael,Moore,Michael Moore,63,Finance,Senior Developer,New York,96764.95,12013.68,2020-09-12,38,47.8,michael.moore@company.com,(718) 505-6956,On Leave
EMP000993,Emily,Wilson,Emily Wilson,24,Engineering,Specialist,Austin,99407.02,1671.26,2020-04-04,0,71.7,emily.wilson@company.com,(731) 500-9750,Active
EMP000994,Anthony,Thomas,Anthony Thomas,57,Operations,Director,Boston,86136.35,10248.67,2023-11-09,30,81.4,anthony.thomas@company.com,(301) 878-1732,Active
EMP000995,Robert,Jones,Robert Jones,22,Finance,Analyst,Austin,61306.95,10248.96,2023-05-18,0,66.5,robert.jones@company.com,(765) 421-6882,Active
EMP000996,Lisa,Wilson,Lisa Wilson,60,Sales,Specialist,Seattle,60814.98,1803.73,2022-02-20,31,94.9,lisa.wilson@company.com,(865) 367-7554,Active
EMP000997,William,Wilson,William Wilson,28,Marketing,Senior Developer,Austin,63513.44,5078.57,2023-07-13,5,99.3,william.wilson@company.com,(950) 475-4156,Active
EMP000998,Anthony,Taylor,Anthony Taylor,41,Marketing,Analyst,Los Angeles,105132.65,0.0,2021-10-09,16,61.7,anthony.taylor@company.com,(644) 588-1424,On Leave
EMP000999,Jessica,Williams,Jessica Williams,47,Finance,Senior Developer,San Francisco,115975.8,18224.49,2023-11-01,18,78.4,jessica.williams@company.com,(761) 616-2080,Active
EMP001000,Michael,Lopez,Michael Lopez,42,Operations,Analyst,Seattle,78349.13,3183.07,2024-11-14,15,86.3,michael.lopez@company.com,(431) 480-1161,Active
EMP001001,Jessica,Gonzalez,Jessica Gonzalez,23,Sales,Analyst,San Francisco,65509.01,12799.83,2022-12-14,0,64.2,jessica.gonzalez@company.com,(945) 513-9021,Active
EMP001002,Amanda,Jackson,Amanda Jackson,57,Finance,Senior Developer,Seattle,92963.05,5859.77,2020-04-08,32,49.1,amanda.jackson@company.com,(374) 525-7382,Active
EMP001003,Nicole,Moore,Nicole Moore,27,IT,Analyst,Miami,50005.57,7520.85,2021-06-14,4,74.8,nicole.moore@company.com,(209) 903-9414,Active
EMP001004,David,Jones,David Jones,51,IT,Manager,Seattle,87067.12,6190.54,2024-01-25,22,59.7,david.jones@company.com,(854) 579-5081,Active
EMP001005,Stephanie,Anderson,Stephanie Anderson,40,Marketing,Coordinator,Miami,80561.26,7113.42,2024-06-23,16,69.5,stephanie.anderson@company.com,(679) 714-5699,Active
EMP001006,Stephanie,Taylor,Stephanie Taylor,26,HR,Senior Developer,Seattle,45592.51,1643.54,2021-09-17,3,70.8,stephanie.taylor@company.com,(616) 989-6123,Active
EMP001007,Michael,Williams,Michael Williams,26,HR,Analyst,San Francisco,58965.47,4622.76,2023-03-24,0,100.0,michael.williams@company.com,(258) 286-5683,Active
EMP001008,Melissa,Smith,Melissa Smith,47,IT,Lead,Chicago,80028.45,7044.5,2022-10-16,23,73.6,melissa.smith@company.com,(727) 901-9722,Active
EMP001009,Christopher,Smith,Christopher Smith,59,HR,Associate,New York,84022.18,3837.19,2023-12-09,35,88.2,christopher.smith@company.com,(747) 967-6653,Active
EMP001010,Matthew,Martin,Matthew Martin,31,Engineering,Analyst,Miami,66765.76,9243.18,2023-10-13,4,75.7,matthew.martin@company.com,(982) 736-4687,Active
EMP001011,Amanda,Jones,Amanda Jones,55,Operations,Associate,New York,66719.85,4353.58,2022-10-11,31,64.4,amanda.jones@company.com,(588) 374-7115,On Leave
EMP001012,James,Davis,James Davis,63,Sales,Specialist,Seattle,89982.59,4039.0,2022-09-16,36,69.0,james.davis@company.com,(500) 471-4490,Active
EMP001013,Anthony,Gonzalez,Anthony Gonzalez,25,HR,Manager,Seattle,40510.8,5076.49,2022-08-06,0,78.3,anthony.gonzalez@company.com,(832) 699-1942,Active
EMP001014,Lisa,Anderson,Lisa Anderson,29,Operations,Coordinator,Seattle,72173.15,0.0,2020-08-07,7,72.7,lisa.anderson@company.com,(205) 558-4050,Active
EMP001015,John,Brown,John Brown,33,IT,Director,Miami,136417.02,16473.41,2020-06-22,9,58.1,john.brown@company.com,(741) 726-3518,Active
EMP001016,Melissa,Smith,Melissa Smith,42,Marketing,Director,Seattle,60485.36,7581.47,2022-08-21,16,67.2,melissa.smith@company.com,(604) 583-5903,Active
EMP001017,Emily,Moore,Emily Moore,63,Finance,Lead,San Francisco,131176.86,18059.52,2023-09-06,36,63.4,emily.moore@company.com,(649) 365-3291,Active
EMP001018,Stephanie,Smith,Stephanie Smith,65,Operations,Senior Developer,Austin,86069.82,7769.19,2021-01-23,36,83.3,stephanie.smith@company.com,(491) 241-3190,Active
EMP001019,James,Johnson,James Johnson,44,Marketing,Lead,Austin,42012.57,4523.81,2023-09-24,17,75.4,james.johnson@company.com,(472) 321-7899,Active
EMP001020,Melissa,Jones,Melissa Jones,43,Operations,Associate,Los Angeles,65056.92,5750.04,2020-09-26,20,84.0,melissa.jones@company.com,(312) 310-1346,Active
EMP001021,Amanda,Taylor,Amanda Taylor,27,Engineering,Manager,Austin,112125.87,17835.63,2023-10-21,0,80.4,amanda.taylor@company.com,(550) 639-1131,Active
EMP001022,Ashley,Martinez,Ashley Martinez,42,Legal,Associate,San Francisco,69511.68,8261.78,2021-05-22,15,100.0,ashley.martinez@company.com,(832) 356-9376,Active
EMP001023,William,Brown,William Brown,60,Finance,Associate,Austin,52177.54,4487.0,2021-02-10,31,65.6,william.brown@company.com,(685) 923-2688,Active
EMP001024,Matthew,Martin,Matthew Martin,33,Marketing,Analyst,Austin,86202.58,5991.51,2021-04-14,6,64.3,matthew.martin@company.com,(323) 335-7574,Active
EMP001025,Robert,Jones,Robert Jones,63,IT,Director,New York,110607.82,8616.31,2020-07-05,39,64.9,robert.jones@company.com,(252) 589-7673,Active
EMP001026,Jessica,Davis,Jessica Davis,61,Operations,Lead,Los Angeles,92320.81,6558.82,2020-05-05,35,73.8,jessica.davis@company.com,(722) 637-1846,Active
EMP001027,William,Lopez,William Lopez,23,Finance,Associate,Boston,55645.75,8348.71,2021-05-20,0,51.3,william.lopez@company.com,(527) 248-3977,Active
EMP001028,Jane,Hernandez,Jane Hernandez,39,HR,Lead,Seattle,68449.93,3004.43,2021-07-27,13,56.5,jane.hernandez@company.com,(821) 303-8059,Active
EMP001029,Melissa,Lopez,Melissa Lopez,51,Operations,Senior Developer,Seattle,58720.26,7947.92,2020-07-17,26,71.1,melissa.lopez@company.com,(885) 213-3134,Active
EMP001030,Amanda,Jackson,Amanda Jackson,34,Operations,Specialist,Austin,92165.22,13802.72,2021-03-06,10,59.0,amanda.jackson@company.com,(798) 593-2429,Inactive
EMP001031,David,Martin,David Martin,39,Sales,Director,New York,53932.69,3377.86,2021-01-30,11,32.4,david.martin@company.com,(921) 656-2616,Active
EMP001032,Nicole,Martin,Nicole Martin,33,Operations,Lead,Seattle,49665.11,4891.01,2024-04-07,7,88.1,nicole.martin@company.com,(406) 746-3517,Active
EMP001033,Robert,Wilson,Robert Wilson,47,Finance,Coordinator,Boston,58697.87,6113.94,2022-07-07,21,79.5,robert.wilson@company.com,(844) 934-2923,Inactive
EMP001034,Michael,Thomas,Michael Thomas,33,IT,Analyst,New York,52316.84,6277.1,2023-05-12,10,78.6,michael.thomas@company.com,(480) 913-3112,Active
EMP001035,Anthony,Johnson,Anthony Johnson,34,HR,Lead,Los Angeles,66199.73,8143.47,2023-11-03,6,86.8,anthony.johnson@company.com,(745) 725-2228,Active
EMP001036,Matthew,Gonzalez,Matthew Gonzalez,45,IT,Specialist,Los Angeles,94707.16,9040.14,2021-02-27,18,70.9,matthew.gonzalez@company.com,(388) 203-3621,Active
EMP001037,Anthony,Smith,Anthony Smith,30,Legal,Specialist,Seattle,98037.26,12808.86,2024-10-11,4,71.4,anthony.smith@company.com,(425) 503-5399,Active
EMP001038,Emily,Davis,Emily Davis,62,Engineering,Specialist,Austin,99682.61,6142.88,2020-03-21,39,69.1,emily.davis@company.com,(854) 351-5550,Inactive
EMP001039,William,Johnson,William Johnson,28,HR,Senior Developer,Austin,66469.92,3176.79,2020-01-03,0,91.9,william.johnson@company.com,(864) 555-7047,Active
EMP001040,Nicole,Rodriguez,Nicole Rodriguez,27,Marketing,Specialist,Los Angeles,63929.33,5929.75,2021-10-26,4,51.9,nicole.rodriguez@company.com,(258) 840-1170,Active
EMP001041,Jessica,Rodriguez,Jessica Rodriguez,58,Marketing,Manager,Seattle,81899.83,6599.71,2023-01-05,32,76.9,jessica.rodriguez@company.com,(873) 996-2743,Active
EMP001042,Christopher,Rodriguez,Christopher Rodriguez,37,HR,Director,Miami,58514.14,7130.62,2021-10-26,14,81.0,christopher.rodriguez@company.com,(475) 408-7479,Active
EMP001043,Jessica,Wilson,Jessica Wilson,46,Operations,Lead,Chicago,32686.95,5131.12,2020-07-10,21,77.1,jessica.wilson@company.com,(707) 385-8526,Active
EMP001044,Emily,Miller,Emily Miller,26,Legal,Specialist,Chicago,68736.96,0.0,2020-02-13,3,65.6,emily.miller@company.com,(517) 366-3911,Active
EMP001045,Lisa,Miller,Lisa Miller,35,Sales,Senior Developer,Chicago,65615.46,10612.49,2022-05-23,9,61.6,lisa.miller@company.com,(451) 665-7594,Active
EMP001046,Matthew,Jones,Matthew Jones,29,Engineering,Associate,San Francisco,62036.87,1169.6,2022-02-25,2,62.1,matthew.jones@company.com,(221) 312-1222,Active
EMP001047,Jane,Jones,Jane Jones,31,HR,Specialist,San Francisco,76559.48,2137.85,2020-10-19,9,88.3,jane.jones@company.com,(842) 814-1221,Active
EMP001048,John,Brown,John Brown,58,Operations,Director,San Francisco,66760.28,6052.2,2020-10-12,35,90.8,john.brown@company.com,(691) 977-8279,Active
EMP001049,Ashley,Hernandez,Ashley Hernandez,64,Legal,Director,Chicago,135488.07,6011.4,2020-04-24,39,63.3,ashley.hernandez@company.com,(756) 908-5382,Active
EMP001050,Sarah,Smith,Sarah Smith,36,Engineering,Specialist,San Francisco,88802.54,7952.67,2020-07-29,11,81.4,sarah.smith@company.com,(723) 625-3323,Active
EMP001051,Jessica,Smith,Jessica Smith,26,HR,Associate,Los Angeles,42806.8,1801.55,2020-10-28,0,53.6,jessica.smith@company.com,(561) 871-5699,Active
EMP001052,Christopher,Brown,Christopher Brown,48,Legal,Senior Developer,Chicago,66470.43,10157.29,2021-04-04,21,78.3,christopher.brown@company.com,(304) 488-6854,Active
EMP001053,James,Brown,James Brown,60,Operations,Manager,San Francisco,82910.98,7122.87,2023-05-23,32,50.6,james.brown@company.com,(354) 382-8022,Active
EMP001054,Lisa,Garcia,Lisa Garcia,52,IT,Specialist,Chicago,99692.97,15396.07,2023-07-03,28,62.7,lisa.garcia@company.com,(493) 556-2702,Active
EMP001055,Melissa,Lopez,Melissa Lopez,55,Finance,Manager,San Francisco,90639.85,15127.91,2024-10-30,32,92.2,melissa.lopez@company.com,(352) 996-3401,Active
EMP001056,Christopher,Anderson,Christopher Anderson,36,Legal,Senior Developer,San Francisco,92913.84,8877.14,2023-03-29,9,85.4,christopher.anderson@company.com,(637) 944-5562,Active
EMP001057,James,Jones,James Jones,65,Marketing,Coordinator,Los Angeles,110470.88,6817.1,2021-10-15,43,72.7,james.jones@company.com,(706) 634-8885,Active
EMP001058,Stephanie,Martin,Stephanie Martin,42,Operations,Director,Chicago,62119.85,5537.58,2022-02-23,14,89.9,stephanie.martin@company.com,(628) 762-9144,Active
EMP001059,Melissa,Moore,Melissa Moore,44,HR,Senior Developer,Los Angeles,60331.09,5222.72,2023-04-04,18,89.0,melissa.moore@company.com,(932) 631-9633,Active
EMP001060,Jessica,Williams,Jessica Williams,34,HR,Manager,Boston,35689.14,6362.25,2021-02-20,7,92.9,jessica.williams@company.com,(217) 571-8764,On Leave
EMP001061,Sarah,Johnson,Sarah Johnson,57,Operations,Analyst,Boston,85336.3,7696.53,2021-08-26,31,64.3,sarah.johnson@company.com,(671) 347-7898,Active
EMP001062,Jessica,Johnson,Jessica Johnson,23,Marketing,Analyst,San Francisco,45916.2,4451.14,2022-02-12,0,55.1,jessica.johnson@company.com,(950) 226-7958,Active
EMP001063,Sarah,Jackson,Sarah Jackson,31,Sales,Analyst,Miami,53226.82,2735.45,2020-03-02,2,55.8,sarah.jackson@company.com,(350) 574-3314,Active
EMP001064,Michael,Smith,Michael Smith,42,IT,Analyst,Chicago,106001.75,10981.06,2022-08-20,20,73.3,michael.smith@company.com,(961) 343-9641,Active
EMP001065,Ashley,Thomas,Ashley Thomas,26,IT,Lead,Boston,85117.36,7831.15,2024-05-19,2,73.0,ashley.thomas@company.com,(860) 911-1216,Active
EMP001066,David,Johnson,David Johnson,57,Engineering,Analyst,Chicago,129541.83,9742.33,2020-01-23,30,39.2,david.johnson@company.com,(605) 633-8443,Active
EMP001067,William,Jackson,William Jackson,22,Finance,Associate,Austin,62270.09,0.0,2020-11-17,0,97.4,william.jackson@company.com,(478) 294-9544,Active
EMP001068,David,Miller,David Miller,46,IT,Director,New York,102441.23,13340.88,2022-03-14,20,50.3,david.miller@company.com,(388) 963-2264,Active
EMP001069,Daniel,Thomas,Daniel Thomas,40,Operations,Associate,Los Angeles,62609.33,11551.5,2020-12-03,18,65.6,daniel.thomas@company.com,(255) 580-7950,Active
EMP001070,Sarah,Brown,Sarah Brown,59,Sales,Coordinator,Boston,81419.26,7173.44,2020-02-27,32,100.0,sarah.brown@company.com,(445) 488-3666,Active
EMP001071,Michael,Miller,Michael Miller,34,Engineering,Director,Seattle,109547.21,11203.89,2023-02-03,8,66.1,michael.miller@company.com,(406) 853-1530,Active
EMP001072,Michael,Jackson,Michael Jackson,38,Engineering,Manager,Miami,102407.56,8033.12,2020-04-08,11,75.5,michael.jackson@company.com,(522) 295-6056,Active
EMP001073,Amanda,Martinez,Amanda Martinez,57,IT,Coordinator,Austin,88446.95,10279.56,2024-03-19,34,85.3,amanda.martinez@company.com,(600) 943-6830,On Leave
EMP001074,Sarah,Hernandez,Sarah Hernandez,38,IT,Analyst,San Francisco,52010.47,4817.42,2020-02-18,9,73.9,sarah.hernandez@company.com,(801) 591-8814,Active
EMP001075,Jane,Martinez,Jane Martinez,35,Marketing,Lead,Chicago,57020.58,1223.43,2020-06-10,11,71.0,jane.martinez@company.com,(840) 295-4794,Inactive
EMP001076,David,Garcia,David Garcia,45,Operations,Analyst,Miami,81883.55,0.0,2021-11-25,21,77.7,david.garcia@company.com,(497) 568-8059,Active
EMP001077,Christopher,Davis,Christopher Davis,40,HR,Analyst,San Francisco,81860.85,8289.27,2023-03-07,14,60.1,christopher.davis@company.com,(842) 709-2595,Active
EMP001078,David,Martinez,David Martinez,53,Sales,Senior Developer,Miami,59253.23,12431.99,2022-07-20,30,77.5,david.martinez@company.com,(521) 373-5843,Active
EMP001079,William,Jackson,William Jackson,53,Operations,Senior Developer,Boston,83750.63,6867.42,2020-05-25,25,78.2,william.jackson@company.com,(383) 927-8548,Active
EMP001080,Melissa,Rodriguez,Melissa Rodriguez,29,Legal,Senior Developer,Chicago,88828.83,11645.22,2023-03-10,1,99.5,melissa.rodriguez@company.com,(699) 240-6955,Inactive
EMP001081,Christopher,Wilson,Christopher Wilson,57,Marketing,Coordinator,Miami,80013.19,14557.57,2022-11-15,29,61.7,christopher.wilson@company.com,(839) 521-7122,Active
EMP001082,Stephanie,Taylor,Stephanie Taylor,29,Legal,Manager,Seattle,90438.6,3408.34,2023-06-25,4,63.7,stephanie.taylor@company.com,(859) 258-5011,Active
EMP001083,Nicole,Smith,Nicole Smith,60,Marketing,Specialist,San Francisco,82747.48,6877.76,2022-02-08,35,82.4,nicole.smith@company.com,(362) 783-7541,Inactive
EMP001084,Jessica,Gonzalez,Jessica Gonzalez,52,Legal,Coordinator,San Francisco,95429.15,5248.34,2022-08-12,25,89.1,jessica.gonzalez@company.com,(679) 857-9767,Inactive
EMP001085,Daniel,Brown,Daniel Brown,25,Sales,Senior Developer,Chicago,55909.83,5319.45,2022-03-23,0,78.6,daniel.brown@company.com,(986) 643-4268,Active
EMP001086,Michael,Hernandez,Michael Hernandez,26,Operations,Director,Miami,26254.86,4719.25,2023-12-09,3,76.3,michael.hernandez@company.com,(959) 687-2873,Active
EMP001087,Jane,Moore,Jane Moore,31,Marketing,Analyst,Miami,93065.2,12931.55,2023-08-04,9,80.3,jane.moore@company.com,(418) 527-1513,On Leave
EMP001088,Christopher,Johnson,Christopher Johnson,52,Operations,Lead,Los Angeles,55202.07,8392.12,2021-03-13,24,69.7,christopher.johnson@company.com,(255) 416-1375,On Leave
EMP001089,Stephanie,Rodriguez,Stephanie Rodriguez,55,Finance,Senior Developer,Chicago,94793.83,6065.54,2020-10-17,32,65.1,stephanie.rodriguez@company.com,(270) 480-7636,Active
EMP001090,Daniel,Wilson,Daniel Wilson,36,HR,Analyst,Seattle,41304.16,3699.89,2024-08-27,9,52.7,daniel.wilson@company.com,(255) 294-8021,Active
EMP001091,Ashley,Garcia,Ashley Garcia,43,HR,Associate,Boston,59312.1,7531.61,2022-09-13,15,58.2,ashley.garcia@company.com,(686) 748-3632,On Leave
EMP001092,Stephanie,Lopez,Stephanie Lopez,31,IT,Director,New York,71432.79,4312.67,2020-06-08,4,60.2,stephanie.lopez@company.com,(940) 883-3369,Active
EMP001093,James,Smith,James Smith,40,Marketing,Analyst,Miami,91909.42,3942.55,2022-10-19,16,64.2,james.smith@company.com,(524) 316-7658,Active
EMP001094,John,Anderson,John Anderson,59,Marketing,Senior Developer,Miami,83252.21,11372.07,2020-03-15,30,65.5,john.anderson@company.com,(423) 963-4074,Active
EMP001095,Nicole,Garcia,Nicole Garcia,56,IT,Coordinator,Austin,102558.46,11401.55,2021-03-05,27,48.8,nicole.garcia@company.com,(395) 895-1235,Active
EMP001096,Amanda,Smith,Amanda Smith,34,Finance,Senior Developer,Seattle,67813.12,3237.35,2023-12-03,5,95.9,amanda.smith@company.com,(711) 864-8471,Active
EMP001097,Amanda,Lopez,Amanda Lopez,56,IT,Senior Developer,Boston,89169.27,13583.49,2020-12-26,31,85.6,amanda.lopez@company.com,(669) 638-7113,Active
EMP001098,Lisa,Garcia,Lisa Garcia,64,IT,Specialist,Los Angeles,123123.84,17856.24,2024-09-26,41,66.1,lisa.garcia@company.com,(875) 905-8167,Active
EMP001099,Lisa,Brown,Lisa Brown,33,Sales,Senior Developer,San Francisco,80379.02,12620.77,2023-08-23,5,91.4,lisa.brown@company.com,(216) 831-7738,Active
EMP001100,Lisa,Moore,Lisa Moore,31,Sales,Manager,Miami,102283.01,6926.75,2023-09-29,2,82.1,lisa.moore@company.com,(496) 630-4471,Active
EMP001101,Daniel,Moore,Daniel Moore,56,IT,Director,San Francisco,64618.74,3861.62,2024-10-19,32,70.2,daniel.moore@company.com,(680) 327-6744,On Leave
EMP001102,Daniel,Wilson,Daniel Wilson,31,IT,Coordinator,New York,87639.31,18747.11,2024-05-20,2,79.9,daniel.wilson@company.com,(429) 719-5646,Active
EMP001103,William,Martinez,William Martinez,52,IT,Manager,Austin,97067.33,7523.78,2022-04-29,29,51.3,william.martinez@company.com,(233) 215-1430,Active
EMP001104,Amanda,Taylor,Amanda Taylor,37,Operations,Analyst,Boston,61114.94,5781.49,2023-03-17,15,58.5,amanda.taylor@company.com,(640) 447-7412,Active
EMP001105,Christopher,Johnson,Christopher Johnson,32,IT,Associate,Chicago,69659.45,9227.89,2024-01-31,5,62.0,christopher.johnson@company.com,(377) 612-6212,Active
EMP001106,Stephanie,Davis,Stephanie Davis,43,Sales,Senior Developer,Chicago,83126.68,16720.61,2023-07-17,21,60.5,stephanie.davis@company.com,(790) 601-5263,Active
EMP001107,Emily,Hernandez,Emily Hernandez,50,HR,Senior Developer,San Francisco,93527.65,17388.69,2020-02-22,28,75.0,emily.hernandez@company.com,(647) 211-3507,Active
EMP001108,Nicole,Williams,Nicole Williams,60,IT,Analyst,New York,60737.82,9463.52,2022-07-18,31,75.0,nicole.williams@company.com,(849) 846-6867,Active
EMP001109,Jessica,Martinez,Jessica Martinez,31,HR,Associate,Austin,51970.91,3896.81,2024-04-26,6,50.6,jessica.martinez@company.com,(466) 875-1847,Active
EMP001110,David,Smith,David Smith,59,Sales,Lead,San Francisco,93777.53,18952.77,2023-05-05,35,39.4,david.smith@company.com,(325) 309-3323,Active
EMP001111,Emily,Williams,Emily Williams,26,Sales,Coordinator,Miami,74131.6,10271.37,2024-09-12,0,80.4,emily.williams@company.com,(412) 600-2649,Active
EMP001112,John,Wilson,John Wilson,51,Sales,Senior Developer,Miami,100384.4,8008.86,2021-03-06,25,65.9,john.wilson@company.com,(903) 629-7148,Inactive
EMP001113,Daniel,Garcia,Daniel Garcia,59,Marketing,Manager,Seattle,99496.02,12511.05,2020-12-31,33,68.8,daniel.garcia@company.com,(875) 780-1515,Active
EMP001114,James,Lopez,James Lopez,52,Legal,Analyst,New York,117373.6,12438.53,2022-12-04,25,85.7,james.lopez@company.com,(959) 460-2992,Active
EMP001115,John,Moore,John Moore,60,Engineering,Director,Chicago,120657.09,9272.76,2024-11-10,38,72.5,john.moore@company.com,(573) 317-4554,Active
EMP001116,David,Davis,David Davis,59,Sales,Specialist,Chicago,66315.86,10185.88,2021-07-14,37,82.3,david.davis@company.com,(693) 404-2506,Active
EMP001117,Nicole,Martinez,Nicole Martinez,56,Legal,Associate,Miami,74995.34,7030.16,2022-11-15,34,79.0,nicole.martinez@company.com,(609) 397-5097,Active
EMP001118,William,Gonzalez,William Gonzalez,24,Sales,Analyst,Seattle,71903.23,6768.92,2024-06-14,0,72.5,william.gonzalez@company.com,(410) 939-8992,Active
EMP001119,Daniel,Wilson,Daniel Wilson,65,Finance,Senior Developer,Boston,121058.35,5699.18,2023-05-28,43,80.1,daniel.wilson@company.com,(592) 639-4272,Active
EMP001120,Amanda,Williams,Amanda Williams,52,Legal,Manager,Chicago,55161.36,8387.05,2022-11-13,25,54.2,amanda.williams@company.com,(459) 800-7714,Active
EMP001121,Matthew,Lopez,Matthew Lopez,42,IT,Senior Developer,New York,82004.71,10551.85,2021-01-03,15,41.7,matthew.lopez@company.com,(530) 639-4046,Active
EMP001122,Michael,Miller,Michael Miller,47,Operations,Analyst,Boston,75245.01,10988.02,2024-05-15,18,60.1,michael.miller@company.com,(521) 325-1157,Active
EMP001123,John,Hernandez,John Hernandez,26,HR,Coordinator,Miami,59450.0,5931.26,2021-04-21,4,62.3,john.hernandez@company.com,(775) 267-7317,Active
EMP001124,Robert,Taylor,Robert Taylor,23,HR,Specialist,San Francisco,57565.9,7280.09,2024-01-06,0,89.9,robert.taylor@company.com,(822) 887-2225,Active
EMP001125,Stephanie,Wilson,Stephanie Wilson,59,Operations,Director,Boston,78083.44,3133.5,2021-02-07,30,51.3,stephanie.wilson@company.com,(250) 705-9169,Active
EMP001126,William,Wilson,William Wilson,42,Sales,Lead,San Francisco,61460.09,9768.92,2020-12-16,20,71.8,william.wilson@company.com,(815) 534-7272,Active
EMP001127,John,Martinez,John Martinez,50,Engineering,Lead,New York,86873.87,12289.24,2021-08-05,27,76.5,john.martinez@company.com,(334) 612-1606,Inactive
EMP001128,Matthew,Johnson,Matthew Johnson,57,Operations,Senior Developer,New York,84525.51,6400.55,2022-08-20,30,67.6,matthew.johnson@company.com,(297) 625-5931,Active
EMP001129,Amanda,Gonzalez,Amanda Gonzalez,28,Sales,Lead,Boston,79645.08,4030.31,2023-06-08,0,79.4,amanda.gonzalez@company.com,(248) 602-5889,Active
EMP001130,Daniel,Thomas,Daniel Thomas,52,Sales,Senior Developer,Boston,82565.59,12355.65,2020-02-29,30,66.9,daniel.thomas@company.com,(429) 248-1170,Active
EMP001131,James,Wilson,James Wilson,48,HR,Senior Developer,Chicago,80645.48,12020.7,2021-01-26,23,96.0,james.wilson@company.com,(941) 577-9807,On Leave
EMP001132,Jane,Rodriguez,Jane Rodriguez,63,Engineering,Manager,San Francisco,139586.94,5887.67,2021-09-15,39,66.3,jane.rodriguez@company.com,(276) 470-6395,Active
EMP001133,Christopher,Rodriguez,Christopher Rodriguez,23,Marketing,Lead,Chicago,67593.63,6843.41,2020-09-02,1,81.3,christopher.rodriguez@company.com,(329) 526-3424,Active
EMP001134,Stephanie,Anderson,Stephanie Anderson,46,Sales,Lead,Austin,64518.54,10462.44,2023-09-16,23,100.0,stephanie.anderson@company.com,(701) 487-6274,Active
EMP001135,Melissa,Davis,Melissa Davis,39,Sales,Specialist,Seattle,80765.79,6154.94,2023-12-27,10,81.7,melissa.davis@company.com,(284) 561-4971,Active
EMP001136,Robert,Williams,Robert Williams,51,Sales,Manager,Miami,79760.47,5449.65,2021-03-11,23,84.5,robert.williams@company.com,(213) 886-4541,Active
EMP001137,Christopher,Miller,Christopher Miller,32,Legal,Coordinator,San Francisco,92328.0,11174.92,2021-03-03,6,55.8,christopher.miller@company.com,(804) 979-9644,Active
EMP001138,James,Martinez,James Martinez,49,Legal,Senior Developer,Chicago,88163.99,5992.56,2020-09-23,25,64.9,james.martinez@company.com,(424) 572-7317,On Leave
EMP001139,Lisa,Taylor,Lisa Taylor,38,HR,Director,Los Angeles,69462.73,9921.72,2020-05-20,10,70.8,lisa.taylor@company.com,(484) 633-3690,Active
EMP001140,Anthony,Brown,Anthony Brown,36,Marketing,Senior Developer,Miami,89262.62,8863.24,2024-03-05,10,88.2,anthony.brown@company.com,(312) 446-1271,Inactive
EMP001141,Emily,Rodriguez,Emily Rodriguez,56,Engineering,Lead,Miami,77766.47,10461.43,2021-12-21,34,70.6,emily.rodriguez@company.com,(471) 321-2377,Active
EMP001142,Robert,Jones,Robert Jones,28,IT,Coordinator,Los Angeles,79661.11,1993.15,2020-04-18,2,78.7,robert.jones@company.com,(651) 479-7058,Active
EMP001143,Christopher,Wilson,Christopher Wilson,57,HR,Director,Seattle,78293.78,5523.19,2022-04-04,32,54.3,christopher.wilson@company.com,(380) 808-5520,Active
EMP001144,Melissa,Taylor,Melissa Taylor,57,IT,Manager,San Francisco,85879.27,7067.1,2023-08-16,28,95.4,melissa.taylor@company.com,(454) 313-4597,Active
EMP001145,Jane,Jackson,Jane Jackson,43,Finance,Senior Developer,Austin,109664.01,18350.32,2022-12-25,17,69.8,jane.jackson@company.com,(303) 482-4710,Inactive
EMP001146,Christopher,Gonzalez,Christopher Gonzalez,43,IT,Director,San Francisco,66578.19,4366.08,2024-02-12,18,64.3,christopher.gonzalez@company.com,(908) 474-9112,Active
EMP001147,Robert,Lopez,Robert Lopez,60,Finance,Manager,Seattle,92497.3,14881.42,2020-07-12,35,56.4,robert.lopez@company.com,(389) 715-8811,Active
EMP001148,Jessica,Garcia,Jessica Garcia,35,Operations,Analyst,San Francisco,61046.15,4500.16,2021-01-18,6,59.2,jessica.garcia@company.com,(540) 666-3323,On Leave
EMP001149,Melissa,Wilson,Melissa Wilson,35,Operations,Analyst,New York,43891.07,2408.29,2021-06-24,10,86.9,melissa.wilson@company.com,(278) 374-1159,Active
EMP001150,Melissa,Jackson,Melissa Jackson,58,Engineering,Director,Miami,97993.23,16231.47,2022-08-25,32,71.8,melissa.jackson@company.com,(312) 246-1284,Active
EMP001151,Ashley,Davis,Ashley Davis,28,Marketing,Senior Developer,Chicago,46661.75,5529.91,2020-07-23,0,77.4,ashley.davis@company.com,(511) 953-6499,Active
EMP001152,Amanda,Moore,Amanda Moore,54,Finance,Specialist,Miami,101161.18,9745.34,2022-01-16,27,90.9,amanda.moore@company.com,(669) 213-6777,Active
EMP001153,James,Taylor,James Taylor,50,Legal,Specialist,San Francisco,126122.15,19111.65,2023-11-05,22,87.6,james.taylor@company.com,(731) 945-1339,Active
EMP001154,Stephanie,Davis,Stephanie Davis,36,Marketing,Lead,Boston,56070.96,1608.89,2020-03-04,14,96.7,stephanie.davis@company.com,(450) 791-8056,Active
EMP001155,Michael,Miller,Michael Miller,65,IT,Specialist,San Francisco,125138.47,8219.49,2024-12-01,40,77.4,michael.miller@company.com,(841) 895-9927,Inactive
EMP001156,Daniel,Taylor,Daniel Taylor,35,Marketing,Coordinator,Seattle,52581.53,7244.86,2024-12-23,6,58.3,daniel.taylor@company.com,(539) 600-7836,Inactive
EMP001157,William,Martinez,William Martinez,65,HR,Coordinator,New York,91186.67,6808.9,2024-09-04,39,94.3,william.martinez@company.com,(827) 325-8101,Active
EMP001158,Anthony,Lopez,Anthony Lopez,51,Finance,Manager,San Francisco,74866.06,4992.41,2022-10-18,28,84.8,anthony.lopez@company.com,(901) 350-8640,Active
EMP001159,Matthew,Martinez,Matthew Martinez,51,Marketing,Lead,Seattle,73902.58,3041.23,2021-08-13,27,62.8,matthew.martinez@company.com,(266) 501-1255,Active
EMP001160,Robert,Martinez,Robert Martinez,34,Sales,Lead,New York,94508.16,5139.85,2021-09-18,6,81.1,robert.martinez@company.com,(205) 640-6771,Active
EMP001161,John,Johnson,John Johnson,65,Finance,Coordinator,Chicago,89918.99,8145.49,2024-12-04,39,86.5,john.johnson@company.com,(490) 714-3540,On Leave
EMP001162,William,Jones,William Jones,65,HR,Senior Developer,Los Angeles,98907.02,10080.57,2021-08-18,37,77.5,william.jones@company.com,(424) 232-8752,Inactive
EMP001163,Jessica,Gonzalez,Jessica Gonzalez,46,IT,Senior Developer,Los Angeles,92163.99,11731.49,2021-06-19,18,99.8,jessica.gonzalez@company.com,(509) 811-6091,Active
EMP001164,Stephanie,Hernandez,Stephanie Hernandez,34,Marketing,Specialist,Austin,32895.11,2733.52,2020-10-04,5,76.5,stephanie.hernandez@company.com,(626) 767-4268,Active
EMP001165,Michael,Martinez,Michael Martinez,27,Legal,Associate,Chicago,84908.38,11003.14,2024-05-21,4,94.7,michael.martinez@company.com,(647) 298-3270,Active
EMP001166,James,Taylor,James Taylor,32,Operations,Coordinator,Miami,66767.97,12791.48,2022-05-25,6,57.5,james.taylor@company.com,(677) 630-7721,Active
EMP001167,Nicole,Smith,Nicole Smith,57,IT,Analyst,San Francisco,96507.04,4692.18,2023-06-13,34,82.3,nicole.smith@company.com,(509) 448-9391,Active
EMP001168,Lisa,Moore,Lisa Moore,51,Finance,Associate,New York,80862.74,8177.04,2020-09-14,29,56.2,lisa.moore@company.com,(612) 886-1097,Active
EMP001169,Matthew,Anderson,Matthew Anderson,41,Engineering,Manager,San Francisco,112963.65,8112.58,2021-07-07,17,93.6,matthew.anderson@company.com,(865) 309-6463,Active
EMP001170,Ashley,Jackson,Ashley Jackson,44,Legal,Manager,Boston,101786.36,12820.18,2020-09-05,20,77.3,ashley.jackson@company.com,(958) 798-9369,Active
EMP001171,Jane,Miller,Jane Miller,40,Marketing,Analyst,Miami,64985.81,4453.89,2021-04-02,12,75.1,jane.miller@company.com,(891) 855-3535,Active
EMP001172,Ashley,Smith,Ashley Smith,58,Legal,Senior Developer,Austin,116202.02,16104.42,2020-05-17,30,61.7,ashley.smith@company.com,(200) 356-2983,Active
EMP001173,Jessica,Miller,Jessica Miller,28,Sales,Manager,Miami,42059.45,2649.08,2024-09-01,2,81.2,jessica.miller@company.com,(717) 654-7401,Active
EMP001174,Sarah,Martinez,Sarah Martinez,47,IT,Analyst,Miami,91269.17,11934.24,2024-08-06,22,97.6,sarah.martinez@company.com,(440) 759-5264,Active
EMP001175,Daniel,Martin,Daniel Martin,54,Sales,Analyst,Los Angeles,73400.56,9260.3,2023-07-26,31,75.9,daniel.martin@company.com,(222) 389-3321,Active
EMP001176,Jessica,Garcia,Jessica Garcia,37,HR,Lead,Miami,46165.67,9006.08,2021-08-16,8,76.0,jessica.garcia@company.com,(496) 883-2638,On Leave
EMP001177,Melissa,Lopez,Melissa Lopez,22,Finance,Associate,Los Angeles,56777.8,5037.17,2023-11-29,0,64.4,melissa.lopez@company.com,(309) 675-7830,Active
EMP001178,David,Smith,David Smith,45,Finance,Senior Developer,Miami,106518.9,14265.33,2023-03-01,20,98.7,david.smith@company.com,(598) 211-5960,Active
EMP001179,Lisa,Anderson,Lisa Anderson,31,Engineering,Analyst,Boston,97675.56,9990.08,2022-08-16,4,67.2,lisa.anderson@company.com,(940) 669-5536,Active
EMP001180,Emily,Lopez,Emily Lopez,56,HR,Associate,Boston,84736.0,9611.68,2022-11-16,27,86.7,emily.lopez@company.com,(264) 378-3480,Active
EMP001181,Anthony,Hernandez,Anthony Hernandez,28,Legal,Specialist,Chicago,53246.43,3818.9,2024-05-26,0,72.4,anthony.hernandez@company.com,(980) 874-5963,Inactive
EMP001182,Michael,Thomas,Michael Thomas,23,IT,Analyst,Miami,61596.32,5910.54,2023-03-25,0,70.1,michael.thomas@company.com,(925) 719-9608,Active
EMP001183,James,Jackson,James Jackson,27,Operations,Senior Developer,Los Angeles,69299.39,8594.03,2020-04-02,3,53.5,james.jackson@company.com,(230) 950-3607,Active
EMP001184,Sarah,Thomas,Sarah Thomas,32,Legal,Director,Boston,62216.73,478.22,2024-04-29,10,72.3,sarah.thomas@company.com,(950) 442-2727,Inactive
EMP001185,Emily,Gonzalez,Emily Gonzalez,48,IT,Manager,San Francisco,94470.46,16395.51,2023-06-07,22,60.8,emily.gonzalez@company.com,(456) 317-1613,Active
EMP001186,Michael,Anderson,Michael Anderson,50,Operations,Analyst,New York,59081.44,3101.59,2021-10-19,25,63.1,michael.anderson@company.com,(310) 915-8364,Active
EMP001187,Anthony,Moore,Anthony Moore,52,HR,Specialist,Austin,56275.95,6451.74,2022-10-02,24,56.3,anthony.moore@company.com,(648) 895-5687,Active
EMP001188,Emily,Wilson,Emily Wilson,35,HR,Manager,San Francisco,60442.04,3367.64,2023-07-12,12,79.7,emily.wilson@company.com,(884) 298-4334,Active
EMP001189,David,Smith,David Smith,30,Operations,Senior Developer,Los Angeles,42131.96,5429.47,2021-11-28,8,79.9,david.smith@company.com,(389) 898-9653,Active
EMP001190,Robert,Jackson,Robert Jackson,27,Legal,Coordinator,Boston,74587.64,7548.65,2023-06-20,2,66.7,robert.jackson@company.com,(772) 341-2100,Active
EMP001191,Christopher,Williams,Christopher Williams,38,Sales,Specialist,Chicago,61274.74,70.25,2020-07-25,11,83.9,christopher.williams@company.com,(320) 710-4777,Active
EMP001192,Nicole,Hernandez,Nicole Hernandez,52,Engineering,Specialist,Austin,127220.6,18943.6,2024-08-23,26,100.0,nicole.hernandez@company.com,(457) 599-6863,Active
EMP001193,Emily,Martinez,Emily Martinez,49,Sales,Specialist,Austin,82689.86,8424.55,2022-03-28,27,100.0,emily.martinez@company.com,(833) 258-9944,Active
EMP001194,Sarah,Jackson,Sarah Jackson,56,Legal,Manager,Seattle,100871.86,7291.88,2020-03-07,33,76.8,sarah.jackson@company.com,(546) 631-5274,Active
EMP001195,Jane,Jones,Jane Jones,26,HR,Manager,Boston,66277.29,6743.27,2021-04-27,1,83.6,jane.jones@company.com,(705) 274-1579,Active
EMP001196,Michael,Wilson,Michael Wilson,53,Sales,Analyst,Miami,112352.75,5261.99,2021-07-08,29,65.3,michael.wilson@company.com,(940) 242-2704,Active
EMP001197,Matthew,Davis,Matthew Davis,54,Operations,Lead,Los Angeles,85150.58,3899.6,2021-09-13,30,76.7,matthew.davis@company.com,(433) 221-1906,Active
EMP001198,Robert,Moore,Robert Moore,56,IT,Lead,New York,108199.01,11003.88,2020-04-16,29,63.1,robert.moore@company.com,(596) 984-7180,Active
EMP001199,Stephanie,Wilson,Stephanie Wilson,60,Marketing,Lead,San Francisco,94548.76,12368.05,2020-08-29,36,65.6,stephanie.wilson@company.com,(830) 576-6763,Active
EMP001200,Stephanie,Johnson,Stephanie Johnson,26,HR,Senior Developer,Austin,57062.07,4892.8,2023-04-20,0,99.1,stephanie.johnson@company.com,(210) 432-7767,Active
EMP001201,Nicole,Jackson,Nicole Jackson,45,Engineering,Director,New York,137778.0,7694.93,2024-07-22,22,100.0,nicole.jackson@company.com,(258) 278-1928,Active
EMP001202,Emily,Martinez,Emily Martinez,63,Engineering,Coordinator,Boston,97230.96,7745.0,2023-05-18,35,71.5,emily.martinez@company.com,(870) 450-5790,Active
EMP001203,Christopher,Thomas,Christopher Thomas,65,Sales,Senior Developer,San Francisco,97876.65,11926.08,2021-05-27,36,65.1,christopher.thomas@company.com,(756) 410-9108,Active
EMP001204,Amanda,Davis,Amanda Davis,53,Legal,Coordinator,Seattle,105065.6,14298.92,2024-05-16,25,65.0,amanda.davis@company.com,(764) 499-5001,Active
EMP001205,William,Hernandez,William Hernandez,26,Sales,Coordinator,New York,72517.61,5550.59,2022-04-21,0,60.5,william.hernandez@company.com,(922) 836-8966,Active
EMP001206,Robert,Jones,Robert Jones,25,HR,Director,Seattle,70662.35,7947.92,2020-09-08,0,60.1,robert.jones@company.com,(581) 942-3325,Active
EMP001207,Jessica,Anderson,Jessica Anderson,56,Legal,Manager,San Francisco,115315.23,12999.37,2022-10-18,28,62.4,jessica.anderson@company.com,(234) 476-5554,Active
EMP001208,Ashley,Williams,Ashley Williams,54,Engineering,Associate,Seattle,129719.95,13097.7,2022-10-11,27,84.7,ashley.williams@company.com,(219) 591-7302,Active
EMP001209,Jessica,Miller,Jessica Miller,50,IT,Associate,Chicago,115413.6,17792.23,2022-12-26,22,70.1,jessica.miller@company.com,(253) 876-5999,Active
EMP001210,Amanda,Smith,Amanda Smith,54,Operations,Director,Seattle,63529.66,10059.24,2024-03-30,32,69.9,amanda.smith@company.com,(228) 549-8111,Inactive
EMP001211,Jane,Brown,Jane Brown,53,IT,Lead,Seattle,148473.92,16369.36,2022-05-18,29,70.4,jane.brown@company.com,(786) 936-9501,Active
EMP001212,Christopher,Anderson,Christopher Anderson,55,HR,Manager,Chicago,86407.48,7303.59,2021-07-28,32,64.0,christopher.anderson@company.com,(898) 480-2401,On Leave
EMP001213,Nicole,Martinez,Nicole Martinez,45,Operations,Manager,Los Angeles,63138.33,5680.13,2023-06-14,22,79.0,nicole.martinez@company.com,(480) 570-5403,Active
EMP001214,Lisa,Smith,Lisa Smith,37,Sales,Coordinator,Seattle,50758.06,6012.61,2024-09-08,8,86.0,lisa.smith@company.com,(470) 383-8271,Active
EMP001215,Daniel,Smith,Daniel Smith,61,Legal,Coordinator,New York,106550.15,10126.52,2022-09-10,35,67.6,daniel.smith@company.com,(853) 769-4569,Active
EMP001216,Anthony,Williams,Anthony Williams,38,Finance,Senior Developer,Boston,83652.42,2690.52,2022-06-21,14,74.8,anthony.williams@company.com,(384) 464-5524,Active
EMP001217,Melissa,Jones,Melissa Jones,41,HR,Analyst,Chicago,61020.52,5928.33,2024-11-19,15,77.7,melissa.jones@company.com,(832) 871-1812,Active
EMP001218,Jane,Garcia,Jane Garcia,27,Legal,Manager,Boston,70693.66,3670.78,2023-02-07,1,90.0,jane.garcia@company.com,(934) 433-1996,On Leave
EMP001219,William,Rodriguez,William Rodriguez,27,Engineering,Manager,Boston,83156.22,6839.09,2023-05-14,1,86.8,william.rodriguez@company.com,(440) 558-2788,Active
EMP001220,Daniel,Brown,Daniel Brown,28,Sales,Director,Austin,68622.37,3861.94,2021-10-29,0,94.8,daniel.brown@company.com,(784) 580-7815,Active
EMP001221,Stephanie,Martinez,Stephanie Martinez,52,Marketing,Coordinator,New York,63581.23,3669.68,2023-05-28,25,61.2,stephanie.martinez@company.com,(568) 543-7686,Inactive
EMP001222,Amanda,Thomas,Amanda Thomas,45,Finance,Analyst,New York,83367.37,7507.86,2022-01-24,22,85.2,amanda.thomas@company.com,(245) 497-3458,Inactive
EMP001223,John,Brown,John Brown,39,HR,Coordinator,Boston,63898.27,5181.03,2021-03-16,15,88.0,john.brown@company.com,(587) 796-1534,Active
EMP001224,David,Gonzalez,David Gonzalez,49,Sales,Director,San Francisco,81379.77,10659.69,2023-03-03,24,83.8,david.gonzalez@company.com,(715) 788-9982,Active
EMP001225,Nicole,Brown,Nicole Brown,51,Engineering,Lead,Miami,89235.47,4134.1,2021-10-11,23,68.0,nicole.brown@company.com,(475) 399-5801,Inactive
EMP001226,James,Davis,James Davis,50,Operations,Lead,Austin,75635.31,7849.79,2021-10-06,27,62.9,james.davis@company.com,(966) 318-4949,Active
EMP001227,Stephanie,Lopez,Stephanie Lopez,41,Sales,Senior Developer,Boston,69822.73,0.0,2022-01-11,18,61.8,stephanie.lopez@company.com,(869) 695-4774,Active
EMP001228,Stephanie,Davis,Stephanie Davis,23,Marketing,Associate,Austin,89011.57,11034.59,2023-10-12,0,66.6,stephanie.davis@company.com,(798) 881-3263,Active
EMP001229,Ashley,Hernandez,Ashley Hernandez,35,Operations,Senior Developer,San Francisco,87609.65,11034.71,2022-04-16,11,71.5,ashley.hernandez@company.com,(631) 717-3431,Active
EMP001230,Robert,Garcia,Robert Garcia,24,Legal,Analyst,New York,55672.35,8208.37,2020-09-04,0,88.1,robert.garcia@company.com,(628) 469-8698,Active
EMP001231,David,Johnson,David Johnson,43,IT,Analyst,New York,103976.93,6826.01,2020-05-29,14,74.8,david.johnson@company.com,(335) 727-9672,Inactive
EMP001232,Stephanie,Lopez,Stephanie Lopez,25,Marketing,Director,Los Angeles,37754.58,2448.16,2023-12-29,3,73.8,stephanie.lopez@company.com,(500) 321-6518,Inactive
EMP001233,James,Jackson,James Jackson,56,Sales,Senior Developer,New York,87004.03,4136.49,2024-02-21,27,67.2,james.jackson@company.com,(563) 659-7699,Active
EMP001234,Stephanie,Martinez,Stephanie Martinez,27,Legal,Analyst,Chicago,69453.67,10895.68,2024-01-22,2,100.0,stephanie.martinez@company.com,(984) 803-9345,Active
EMP001235,John,Jackson,John Jackson,33,Operations,Associate,Miami,48687.92,3734.46,2021-10-18,5,59.8,john.jackson@company.com,(649) 380-9334,Active
EMP001236,William,Brown,William Brown,51,HR,Lead,Seattle,127429.43,16654.17,2021-11-29,27,83.8,william.brown@company.com,(249) 777-9481,Inactive
EMP001237,Anthony,Taylor,Anthony Taylor,45,IT,Coordinator,Seattle,109088.08,5697.2,2022-02-25,22,95.6,anthony.taylor@company.com,(526) 975-3923,On Leave
EMP001238,Jane,Miller,Jane Miller,39,IT,Coordinator,Seattle,92087.96,11510.84,2020-07-22,14,68.6,jane.miller@company.com,(555) 491-3713,Active
EMP001239,William,Thomas,William Thomas,61,Legal,Analyst,Austin,96529.28,1378.18,2021-08-13,38,99.1,william.thomas@company.com,(465) 820-2738,Inactive
EMP001240,William,Jones,William Jones,50,Sales,Analyst,Austin,82352.66,11505.06,2020-02-26,23,74.5,william.jones@company.com,(812) 240-9844,Active
EMP001241,Robert,Smith,Robert Smith,39,Legal,Coordinator,New York,101336.31,8845.88,2021-02-20,12,90.7,robert.smith@company.com,(488) 784-7987,Active
EMP001242,Matthew,Jones,Matthew Jones,48,Legal,Senior Developer,Seattle,79873.76,1032.81,2024-01-06,20,77.3,matthew.jones@company.com,(923) 322-8281,Inactive
EMP001243,Melissa,Rodriguez,Melissa Rodriguez,47,Sales,Specialist,Chicago,83314.29,13598.84,2024-02-07,19,68.3,melissa.rodriguez@company.com,(884) 319-6795,Active
EMP001244,Jessica,Williams,Jessica Williams,60,Operations,Coordinator,Chicago,69923.25,4113.11,2021-07-19,37,79.0,jessica.williams@company.com,(664) 845-9402,Active
EMP001245,Michael,Hernandez,Michael Hernandez,59,Engineering,Senior Developer,Los Angeles,139335.49,13936.46,2023-12-15,34,47.1,michael.hernandez@company.com,(733) 525-4119,Active
EMP001246,Jane,Smith,Jane Smith,63,HR,Associate,Chicago,78952.81,649.2,2024-11-21,35,59.8,jane.smith@company.com,(425) 889-4205,Active
EMP001247,David,Thomas,David Thomas,28,Marketing,Specialist,Miami,43367.39,7944.33,2020-09-26,5,84.8,david.thomas@company.com,(403) 850-2453,On Leave
EMP001248,Robert,Smith,Robert Smith,39,IT,Lead,San Francisco,90934.38,7064.41,2023-02-16,17,68.7,robert.smith@company.com,(825) 413-3918,Active
EMP001249,William,Martin,William Martin,35,IT,Coordinator,Austin,80250.19,4107.29,2022-09-18,7,62.1,william.martin@company.com,(743) 872-3950,Inactive
EMP001250,Jessica,Martinez,Jessica Martinez,31,Legal,Associate,Miami,58379.76,0.0,2023-05-09,3,91.4,jessica.martinez@company.com,(565) 756-8880,Active
EMP001251,Jessica,Brown,Jessica Brown,49,Finance,Lead,Los Angeles,103117.54,9938.48,2021-10-28,27,82.1,jessica.brown@company.com,(453) 878-7960,Active
EMP001252,Daniel,Hernandez,Daniel Hernandez,43,Sales,Associate,Boston,89792.13,14501.39,2023-12-14,16,75.0,daniel.hernandez@company.com,(331) 992-8925,Active
EMP001253,Melissa,Martin,Melissa Martin,27,IT,Manager,Austin,68689.23,7455.63,2021-08-18,1,66.1,melissa.martin@company.com,(474) 719-4524,Inactive
EMP001254,Stephanie,Johnson,Stephanie Johnson,23,Operations,Coordinator,Seattle,55260.01,5045.42,2022-04-22,0,93.5,stephanie.johnson@company.com,(600) 652-7966,Active
EMP001255,Jane,Rodriguez,Jane Rodriguez,29,Legal,Coordinator,Austin,65129.29,6964.93,2023-07-27,1,55.0,jane.rodriguez@company.com,(246) 515-8334,Active
EMP001256,Anthony,Garcia,Anthony Garcia,40,HR,Coordinator,San Francisco,80692.69,8129.06,2020-09-21,15,64.1,anthony.garcia@company.com,(819) 752-1326,On Leave
EMP001257,John,Gonzalez,John Gonzalez,54,Sales,Coordinator,Boston,66400.13,8231.76,2024-04-19,32,72.4,john.gonzalez@company.com,(984) 766-2039,Active
EMP001258,Matthew,Miller,Matthew Miller,55,Operations,Analyst,Austin,70510.64,4034.9,2024-09-12,32,90.9,matthew.miller@company.com,(748) 605-4757,Active
EMP001259,Emily,Lopez,Emily Lopez,28,Operations,Director,Los Angeles,39308.56,4366.89,2023-02-06,1,90.5,emily.lopez@company.com,(950) 454-1223,Active
EMP001260,John,Taylor,John Taylor,43,Sales,Lead,Los Angeles,68224.18,11778.07,2020-03-27,19,70.6,john.taylor@company.com,(360) 489-5939,Active
EMP001261,Jessica,Johnson,Jessica Johnson,56,Finance,Associate,San Francisco,84139.52,7022.08,2023-09-04,29,94.6,jessica.johnson@company.com,(610) 334-5423,Inactive
EMP001262,Michael,Williams,Michael Williams,55,IT,Manager,New York,100847.9,10668.82,2024-02-29,33,95.7,michael.williams@company.com,(754) 819-3487,Active
EMP001263,Anthony,Gonzalez,Anthony Gonzalez,54,HR,Coordinator,Seattle,102460.85,4556.66,2022-05-20,25,79.4,anthony.gonzalez@company.com,(724) 961-1383,Active
EMP001264,Daniel,Miller,Daniel Miller,50,Sales,Lead,Seattle,60625.48,7923.98,2022-02-10,24,47.4,daniel.miller@company.com,(498) 639-2524,Active
EMP001265,Stephanie,Moore,Stephanie Moore,31,Finance,Specialist,Miami,90150.65,0.0,2023-12-10,5,90.3,stephanie.moore@company.com,(746) 718-5007,Active
EMP001266,Melissa,Gonzalez,Melissa Gonzalez,29,Operations,Lead,San Francisco,62431.09,0.0,2021-04-03,7,61.8,melissa.gonzalez@company.com,(791) 225-7510,Active
EMP001267,Daniel,Lopez,Daniel Lopez,46,Legal,Specialist,San Francisco,101862.21,5817.24,2021-11-11,18,100.0,daniel.lopez@company.com,(347) 845-2370,Active
EMP001268,Emily,Miller,Emily Miller,61,Legal,Senior Developer,Austin,107887.53,8211.17,2020-10-16,35,97.0,emily.miller@company.com,(612) 831-8758,Active
EMP001269,Anthony,Davis,Anthony Davis,51,Engineering,Specialist,Miami,90827.95,13844.37,2022-04-23,26,79.6,anthony.davis@company.com,(518) 958-6535,Active
EMP001270,Jane,Hernandez,Jane Hernandez,25,IT,Specialist,New York,80779.95,8787.18,2023-11-14,0,78.0,jane.hernandez@company.com,(414) 973-9007,Active
EMP001271,James,Davis,James Davis,32,Operations,Lead,Miami,42113.02,4229.8,2022-11-19,3,88.7,james.davis@company.com,(768) 957-2334,Inactive
EMP001272,Stephanie,Williams,Stephanie Williams,60,IT,Manager,Chicago,101321.7,20478.02,2020-11-27,34,43.4,stephanie.williams@company.com,(732) 966-2990,Active
EMP001273,Daniel,Brown,Daniel Brown,34,Engineering,Lead,Los Angeles,78113.47,8170.03,2020-12-15,5,77.8,daniel.brown@company.com,(841) 737-8982,Active
EMP001274,Nicole,Wilson,Nicole Wilson,52,IT,Specialist,New York,114055.02,4365.39,2020-08-28,28,100.0,nicole.wilson@company.com,(645) 501-5441,Active
EMP001275,Lisa,Lopez,Lisa Lopez,36,Marketing,Specialist,Chicago,65559.24,7228.13,2022-12-07,11,56.1,lisa.lopez@company.com,(901) 409-7082,Active
EMP001276,William,Thomas,William Thomas,44,Legal,Coordinator,Austin,107852.43,13688.82,2024-03-09,15,86.0,william.thomas@company.com,(937) 338-3690,Active
EMP001277,Melissa,Smith,Melissa Smith,64,Operations,Analyst,Los Angeles,90819.03,19004.31,2020-11-03,36,95.4,melissa.smith@company.com,(681) 268-1091,Active
EMP001278,Robert,Miller,Robert Miller,24,Sales,Coordinator,Miami,48899.27,7843.01,2020-07-12,0,71.0,robert.miller@company.com,(262) 839-8679,Active
EMP001279,Michael,Lopez,Michael Lopez,38,HR,Manager,Boston,74313.74,0.0,2021-01-29,16,95.7,michael.lopez@company.com,(481) 491-7982,Active
EMP001280,Ashley,Lopez,Ashley Lopez,44,IT,Director,Seattle,89843.37,12622.49,2020-06-07,15,73.3,ashley.lopez@company.com,(806) 356-2687,Active
EMP001281,William,Garcia,William Garcia,50,Finance,Analyst,San Francisco,96398.34,8069.84,2024-06-20,21,76.4,william.garcia@company.com,(734) 801-7274,Active
EMP001282,Anthony,Martin,Anthony Martin,59,Finance,Director,Miami,108139.0,6929.38,2020-12-10,34,49.9,anthony.martin@company.com,(202) 437-4546,Active
EMP001283,Lisa,Jones,Lisa Jones,47,Marketing,Lead,Chicago,64960.22,2369.82,2024-11-26,19,65.9,lisa.jones@company.com,(200) 531-2274,Inactive
EMP001284,Jane,Jones,Jane Jones,63,Legal,Lead,Los Angeles,104769.99,12455.22,2021-10-31,35,79.0,jane.jones@company.com,(509) 712-2921,Active
EMP001285,Christopher,Gonzalez,Christopher Gonzalez,39,IT,Coordinator,Miami,73676.8,4815.28,2021-09-30,14,87.6,christopher.gonzalez@company.com,(734) 524-9694,Active
EMP001286,Lisa,Miller,Lisa Miller,59,Marketing,Analyst,Seattle,82063.96,9003.49,2024-09-16,33,61.7,lisa.miller@company.com,(647) 773-8235,Active
EMP001287,William,Brown,William Brown,39,IT,Analyst,Boston,108895.17,19537.4,2020-02-21,12,67.3,william.brown@company.com,(574) 677-6668,Active
EMP001288,Robert,Martin,Robert Martin,64,HR,Coordinator,Los Angeles,90872.21,1483.71,2021-01-01,38,74.1,robert.martin@company.com,(965) 210-4208,Active
EMP001289,Matthew,Miller,Matthew Miller,49,Engineering,Coordinator,Seattle,133103.3,1773.8,2020-07-11,21,91.5,matthew.miller@company.com,(577) 459-9237,Inactive
EMP001290,Lisa,Rodriguez,Lisa Rodriguez,29,Engineering,Lead,Seattle,86479.12,18699.7,2022-03-26,5,89.3,lisa.rodriguez@company.com,(244) 912-5145,Active
EMP001291,Jane,Jackson,Jane Jackson,61,Engineering,Lead,Miami,82100.13,735.78,2022-10-01,36,66.6,jane.jackson@company.com,(377) 684-9938,Active
EMP001292,Jane,Lopez,Jane Lopez,28,Engineering,Analyst,Chicago,67357.42,5893.07,2024-11-18,4,76.9,jane.lopez@company.com,(334) 284-7874,Active
EMP001293,Sarah,Johnson,Sarah Johnson,59,Legal,Coordinator,New York,122212.26,17148.61,2020-07-18,35,80.3,sarah.johnson@company.com,(757) 484-4181,Active
EMP001294,John,Hernandez,John Hernandez,39,Operations,Coordinator,Chicago,52863.48,7850.32,2022-11-23,12,69.1,john.hernandez@company.com,(214) 880-7605,Active
EMP001295,Jane,Williams,Jane Williams,57,HR,Specialist,Chicago,65012.55,7308.47,2020-06-20,33,85.8,jane.williams@company.com,(376) 654-1729,Active
EMP001296,Robert,Taylor,Robert Taylor,55,IT,Manager,Chicago,102206.12,17200.6,2021-09-29,26,84.9,robert.taylor@company.com,(480) 774-6745,Active
EMP001297,Daniel,Jackson,Daniel Jackson,33,Sales,Senior Developer,Miami,70100.82,2937.89,2020-08-26,10,60.1,daniel.jackson@company.com,(292) 386-2415,Active
EMP001298,Anthony,Smith,Anthony Smith,27,Marketing,Director,New York,33874.59,2458.29,2023-07-30,2,70.1,anthony.smith@company.com,(583) 671-2331,Inactive
EMP001299,Jessica,Martinez,Jessica Martinez,64,HR,Specialist,Chicago,104670.41,11359.87,2020-04-19,39,66.2,jessica.martinez@company.com,(588) 922-5703,Active
EMP001300,David,Jackson,David Jackson,22,Operations,Director,Los Angeles,44374.98,0.0,2024-09-06,0,59.0,david.jackson@company.com,(392) 479-4264,Active
EMP001301,Ashley,Rodriguez,Ashley Rodriguez,45,Legal,Senior Developer,Seattle,74651.78,5037.82,2022-09-30,22,70.9,ashley.rodriguez@company.com,(563) 792-6957,Active
EMP001302,Matthew,Anderson,Matthew Anderson,54,Marketing,Associate,New York,87737.83,7613.08,2020-11-14,29,76.4,matthew.anderson@company.com,(750) 782-4451,On Leave
EMP001303,Stephanie,Lopez,Stephanie Lopez,57,Finance,Coordinator,Austin,65973.94,5485.54,2023-12-03,33,81.9,stephanie.lopez@company.com,(715) 764-5406,Active
EMP001304,Robert,Rodriguez,Robert Rodriguez,37,HR,Specialist,Miami,64501.87,8746.56,2020-03-05,9,95.2,robert.rodriguez@company.com,(318) 729-4054,Active
EMP001305,Daniel,Jackson,Daniel Jackson,36,Operations,Associate,Boston,80058.07,10536.13,2023-09-10,11,79.0,daniel.jackson@company.com,(802) 234-6281,Active
EMP001306,Amanda,Smith,Amanda Smith,37,Marketing,Lead,Los Angeles,57245.85,6505.75,2021-11-16,11,84.5,amanda.smith@company.com,(544) 863-2641,Active
EMP001307,Amanda,Martinez,Amanda Martinez,65,Marketing,Analyst,Miami,82571.03,9048.27,2024-03-20,36,77.8,amanda.martinez@company.com,(222) 649-8478,Active
EMP001308,Stephanie,Gonzalez,Stephanie Gonzalez,32,Legal,Specialist,Austin,104472.49,9343.06,2024-01-21,5,73.1,stephanie.gonzalez@company.com,(582) 815-6535,Active
EMP001309,Christopher,Martinez,Christopher Martinez,64,Engineering,Senior Developer,Austin,116568.41,13524.45,2022-05-12,40,89.8,christopher.martinez@company.com,(636) 992-5413,On Leave
EMP001310,Christopher,Jackson,Christopher Jackson,58,Engineering,Analyst,Chicago,113958.76,0.0,2021-09-07,36,78.7,christopher.jackson@company.com,(811) 914-9586,Active
EMP001311,Anthony,Jones,Anthony Jones,46,Marketing,Manager,Boston,88098.58,7998.71,2020-07-04,19,93.2,anthony.jones@company.com,(516) 984-3317,Active
EMP001312,Daniel,Gonzalez,Daniel Gonzalez,54,Marketing,Manager,Miami,62934.95,16.25,2023-09-10,32,72.3,daniel.gonzalez@company.com,(351) 405-3819,Active
EMP001313,Michael,Garcia,Michael Garcia,24,HR,Associate,Austin,64007.11,8412.99,2020-07-03,0,89.6,michael.garcia@company.com,(941) 450-3525,Active
EMP001314,Amanda,Smith,Amanda Smith,38,Legal,Coordinator,Chicago,81299.29,5879.18,2020-07-23,10,60.1,amanda.smith@company.com,(682) 763-7456,Active
EMP001315,Melissa,Gonzalez,Melissa Gonzalez,43,Legal,Senior Developer,Austin,85225.75,9919.73,2022-03-04,18,60.1,melissa.gonzalez@company.com,(331) 525-3187,Active
EMP001316,James,Martinez,James Martinez,46,IT,Senior Developer,Los Angeles,77658.95,14059.53,2021-12-11,24,79.9,james.martinez@company.com,(700) 885-1440,Active
EMP001317,Lisa,Garcia,Lisa Garcia,35,HR,Coordinator,Boston,67173.71,8262.55,2021-11-27,8,59.0,lisa.garcia@company.com,(713) 201-7523,Inactive
EMP001318,Jessica,Jones,Jessica Jones,41,Legal,Manager,Austin,95246.98,8601.19,2021-03-08,17,85.0,jessica.jones@company.com,(509) 645-2521,Active
EMP001319,Emily,Wilson,Emily Wilson,46,Marketing,Specialist,Seattle,82162.35,9261.45,2022-03-03,19,78.8,emily.wilson@company.com,(891) 692-1570,Active
EMP001320,Stephanie,Garcia,Stephanie Garcia,48,Marketing,Senior Developer,Los Angeles,65619.79,9863.5,2022-08-10,22,60.3,stephanie.garcia@company.com,(284) 554-2661,Active
EMP001321,Christopher,Smith,Christopher Smith,48,Marketing,Analyst,Boston,59140.21,8958.09,2023-03-22,24,67.8,christopher.smith@company.com,(719) 593-8449,Active
EMP001322,Christopher,Wilson,Christopher Wilson,51,Engineering,Associate,Seattle,98470.55,8807.99,2021-06-13,26,86.8,christopher.wilson@company.com,(959) 849-2899,Active
EMP001323,Daniel,Taylor,Daniel Taylor,49,Operations,Coordinator,Miami,71179.4,15594.39,2024-09-24,20,78.0,daniel.taylor@company.com,(747) 573-2829,Active
EMP001324,Stephanie,Moore,Stephanie Moore,41,IT,Analyst,San Francisco,102250.25,2659.28,2020-01-15,18,76.6,stephanie.moore@company.com,(545) 924-5224,Active
EMP001325,Lisa,Anderson,Lisa Anderson,31,IT,Lead,New York,91321.81,8331.77,2021-07-30,6,66.4,lisa.anderson@company.com,(240) 324-9021,Active
EMP001326,Jane,Martin,Jane Martin,44,Operations,Associate,Seattle,69011.3,4234.62,2021-11-22,18,78.0,jane.martin@company.com,(891) 503-1385,Active
EMP001327,Emily,Martinez,Emily Martinez,27,Operations,Manager,Los Angeles,56883.87,4226.75,2022-07-03,5,100.0,emily.martinez@company.com,(532) 504-1583,Active
EMP001328,Amanda,Johnson,Amanda Johnson,47,IT,Analyst,Austin,71538.87,3667.31,2020-06-21,20,65.5,amanda.johnson@company.com,(747) 296-3065,Active
EMP001329,Melissa,Wilson,Melissa Wilson,27,Finance,Lead,Boston,116198.36,10423.05,2023-11-12,2,58.9,melissa.wilson@company.com,(832) 449-9577,Active
EMP001330,Jane,Williams,Jane Williams,60,Operations,Manager,Boston,67501.83,5899.53,2020-10-27,32,94.4,jane.williams@company.com,(823) 941-2656,Active
EMP001331,Michael,Hernandez,Michael Hernandez,54,Finance,Associate,Los Angeles,90258.66,5432.1,2020-02-15,26,63.7,michael.hernandez@company.com,(388) 964-5208,Active
EMP001332,Michael,Wilson,Michael Wilson,23,Sales,Specialist,Austin,60917.2,8085.03,2021-09-12,0,86.3,michael.wilson@company.com,(830) 726-9833,Inactive
EMP001333,Jessica,Johnson,Jessica Johnson,27,Operations,Director,Miami,48530.83,7033.13,2024-04-06,0,82.7,jessica.johnson@company.com,(647) 481-4042,Active
EMP001334,Jane,Martin,Jane Martin,59,IT,Specialist,Chicago,87565.17,10612.41,2021-07-12,31,87.3,jane.martin@company.com,(205) 616-4393,Active
EMP001335,Stephanie,Jones,Stephanie Jones,36,Finance,Lead,Seattle,69064.9,13419.28,2023-05-11,7,87.2,stephanie.jones@company.com,(850) 525-2591,Active
EMP001336,John,Hernandez,John Hernandez,64,HR,Specialist,San Francisco,60928.09,2638.7,2024-01-31,41,62.7,john.hernandez@company.com,(929) 823-8547,Active
EMP001337,Lisa,Hernandez,Lisa Hernandez,26,IT,Manager,Miami,83975.87,6537.3,2021-12-03,4,49.1,lisa.hernandez@company.com,(548) 527-6674,Active
EMP001338,David,Anderson,David Anderson,44,Legal,Analyst,Austin,116883.43,10469.29,2023-10-10,19,68.1,david.anderson@company.com,(599) 461-7601,Active
EMP001339,Anthony,Williams,Anthony Williams,43,Legal,Senior Developer,Boston,117301.56,18135.45,2021-03-01,16,68.0,anthony.williams@company.com,(965) 742-7048,Active
EMP001340,James,Anderson,James Anderson,26,Legal,Analyst,New York,65726.78,10803.49,2023-07-03,0,100.0,james.anderson@company.com,(798) 370-6761,Active
EMP001341,Stephanie,Smith,Stephanie Smith,45,Finance,Director,Miami,93076.91,7400.54,2022-02-07,21,69.5,stephanie.smith@company.com,(750) 334-7200,Active
EMP001342,Sarah,Brown,Sarah Brown,58,IT,Director,Austin,117780.46,16004.98,2020-08-14,35,38.9,sarah.brown@company.com,(784) 496-3926,Inactive
EMP001343,Christopher,Moore,Christopher Moore,49,IT,Director,Boston,76353.15,5187.89,2022-05-06,26,84.7,christopher.moore@company.com,(813) 485-6233,Active
EMP001344,Sarah,Hernandez,Sarah Hernandez,63,IT,Associate,Austin,120342.98,20201.62,2022-10-10,34,79.2,sarah.hernandez@company.com,(974) 675-5690,Active
EMP001345,Daniel,Garcia,Daniel Garcia,47,Marketing,Specialist,Los Angeles,56379.22,1357.04,2020-01-07,24,95.5,daniel.garcia@company.com,(745) 542-8602,Active
EMP001346,Sarah,Gonzalez,Sarah Gonzalez,60,IT,Associate,Los Angeles,89167.0,7620.49,2021-01-21,38,91.4,sarah.gonzalez@company.com,(851) 229-4673,Active
EMP001347,Lisa,Taylor,Lisa Taylor,30,Sales,Manager,Los Angeles,50527.86,6984.16,2021-10-27,5,62.7,lisa.taylor@company.com,(824) 455-3727,Active
EMP001348,Melissa,Williams,Melissa Williams,33,Operations,Associate,New York,43939.01,2632.88,2023-02-04,5,82.1,melissa.williams@company.com,(723) 397-3644,Active
EMP001349,Jessica,Garcia,Jessica Garcia,28,Legal,Coordinator,Austin,123476.09,24122.89,2020-09-28,4,62.5,jessica.garcia@company.com,(500) 266-1506,Active
EMP001350,Daniel,Anderson,Daniel Anderson,47,HR,Director,Miami,50452.76,5441.03,2024-06-19,19,91.9,daniel.anderson@company.com,(381) 672-9195,Active
EMP001351,Lisa,Hernandez,Lisa Hernandez,41,Marketing,Lead,Austin,52942.35,7026.79,2024-01-18,15,70.9,lisa.hernandez@company.com,(271) 207-1529,Active
EMP001352,Stephanie,Taylor,Stephanie Taylor,39,Legal,Senior Developer,Los Angeles,90746.73,13482.21,2024-05-22,10,72.8,stephanie.taylor@company.com,(627) 466-9803,Active
EMP001353,Lisa,Moore,Lisa Moore,54,Engineering,Lead,Miami,122356.15,11797.68,2024-08-22,30,85.0,lisa.moore@company.com,(943) 261-5799,Active
EMP001354,Jane,Lopez,Jane Lopez,22,IT,Associate,Miami,89488.41,13392.12,2024-05-31,0,72.4,jane.lopez@company.com,(327) 306-3391,Active
EMP001355,Anthony,Brown,Anthony Brown,36,Marketing,Associate,Boston,66046.72,10651.59,2023-09-06,8,59.8,anthony.brown@company.com,(547) 345-4982,Active
EMP001356,Robert,Rodriguez,Robert Rodriguez,55,Sales,Senior Developer,Boston,81248.85,6101.94,2022-07-27,28,63.4,robert.rodriguez@company.com,(926) 703-5009,Active
EMP001357,James,Martinez,James Martinez,58,Legal,Lead,Boston,125096.85,18248.44,2023-12-03,32,65.0,james.martinez@company.com,(464) 781-5510,Active
EMP001358,David,Jones,David Jones,36,Finance,Director,New York,120681.44,6031.7,2024-12-07,10,61.5,david.jones@company.com,(579) 777-6942,Active
EMP001359,Ashley,Garcia,Ashley Garcia,49,Finance,Lead,Miami,107737.26,8998.81,2023-10-10,22,81.3,ashley.garcia@company.com,(501) 358-3106,Active
EMP001360,Ashley,Gonzalez,Ashley Gonzalez,39,Finance,Manager,Austin,105955.18,11957.78,2024-10-08,17,59.2,ashley.gonzalez@company.com,(416) 797-5963,Active
EMP001361,John,Rodriguez,John Rodriguez,60,Operations,Lead,Los Angeles,102379.54,13379.83,2023-06-20,35,92.2,john.rodriguez@company.com,(374) 552-3553,Active
EMP001362,Matthew,Hernandez,Matthew Hernandez,62,Operations,Lead,Los Angeles,80947.06,13890.21,2023-08-20,39,45.0,matthew.hernandez@company.com,(373) 737-8897,Active
EMP001363,Christopher,Smith,Christopher Smith,41,Sales,Director,Boston,48319.78,2715.26,2021-09-25,12,61.4,christopher.smith@company.com,(411) 429-3459,Active
EMP001364,Sarah,Miller,Sarah Miller,44,Operations,Lead,Miami,52983.05,4523.08,2023-03-12,22,65.6,sarah.miller@company.com,(853) 212-9587,Inactive
EMP001365,Robert,Lopez,Robert Lopez,55,Engineering,Senior Developer,Los Angeles,105490.3,13598.71,2021-11-05,31,52.5,robert.lopez@company.com,(719) 268-5447,Active
EMP001366,Nicole,Moore,Nicole Moore,30,Sales,Lead,New York,71863.0,4258.9,2023-03-06,6,47.4,nicole.moore@company.com,(735) 453-5009,Active
EMP001367,Emily,Davis,Emily Davis,26,HR,Analyst,Miami,68915.15,5645.61,2020-03-23,3,83.5,emily.davis@company.com,(823) 472-5546,Active
EMP001368,Robert,Williams,Robert Williams,46,Marketing,Manager,Seattle,65767.75,7877.93,2021-03-01,21,93.8,robert.williams@company.com,(433) 449-8819,Active
EMP001369,Nicole,Johnson,Nicole Johnson,31,Operations,Director,San Francisco,44539.86,3148.04,2022-09-06,4,86.6,nicole.johnson@company.com,(319) 652-2366,Active
EMP001370,Sarah,Moore,Sarah Moore,33,HR,Specialist,Miami,51393.08,7821.63,2023-03-11,8,70.0,sarah.moore@company.com,(209) 795-8041,Inactive
EMP001371,Sarah,Anderson,Sarah Anderson,29,HR,Manager,Miami,54427.9,9119.44,2021-05-30,5,83.7,sarah.anderson@company.com,(972) 616-5435,Active
EMP001372,Emily,Hernandez,Emily Hernandez,64,Legal,Specialist,Seattle,85640.08,2998.95,2021-06-25,39,69.7,emily.hernandez@company.com,(744) 454-6589,Active
EMP001373,Nicole,Taylor,Nicole Taylor,27,Finance,Senior Developer,Miami,85779.7,3091.67,2024-03-29,0,52.9,nicole.taylor@company.com,(386) 699-1106,Active
EMP001374,Matthew,Thomas,Matthew Thomas,46,Legal,Analyst,Chicago,84639.97,9782.23,2020-05-14,20,46.6,matthew.thomas@company.com,(978) 642-5991,Active
EMP001375,Daniel,Hernandez,Daniel Hernandez,46,Marketing,Senior Developer,Austin,77314.29,5824.65,2024-04-11,21,56.2,daniel.hernandez@company.com,(437) 418-6033,Active
EMP001376,James,Taylor,James Taylor,52,Legal,Specialist,San Francisco,71888.3,11323.37,2023-06-02,23,52.0,james.taylor@company.com,(415) 784-3532,Active
EMP001377,Robert,Gonzalez,Robert Gonzalez,62,Marketing,Analyst,Chicago,66131.22,4086.29,2021-10-28,35,73.6,robert.gonzalez@company.com,(728) 685-7830,Active
EMP001378,William,Davis,William Davis,62,Finance,Specialist,Miami,113016.87,11960.36,2022-01-29,34,92.4,william.davis@company.com,(348) 513-6467,Active
EMP001379,James,Anderson,James Anderson,32,Finance,Associate,Los Angeles,71143.3,10408.18,2024-04-10,8,93.4,james.anderson@company.com,(627) 205-7620,Active
EMP001380,Stephanie,Lopez,Stephanie Lopez,39,Marketing,Specialist,Miami,66342.17,8813.25,2020-02-09,17,82.5,stephanie.lopez@company.com,(921) 407-4417,Active
EMP001381,William,Martinez,William Martinez,52,Operations,Coordinator,New York,59527.2,8440.45,2022-05-25,24,48.4,william.martinez@company.com,(591) 533-4267,Active
EMP001382,Lisa,Taylor,Lisa Taylor,29,Legal,Senior Developer,Seattle,86885.95,12135.14,2020-06-01,1,55.3,lisa.taylor@company.com,(448) 364-6332,Active
EMP001383,Anthony,Thomas,Anthony Thomas,43,Engineering,Lead,Los Angeles,110134.69,15363.87,2021-05-26,19,65.8,anthony.thomas@company.com,(486) 821-7144,Active
EMP001384,Jane,Hernandez,Jane Hernandez,33,Finance,Lead,Boston,69070.59,3612.2,2021-08-05,9,64.5,jane.hernandez@company.com,(313) 683-3200,Inactive
EMP001385,Michael,Hernandez,Michael Hernandez,29,IT,Analyst,Chicago,82409.32,11044.43,2023-04-22,2,100.0,michael.hernandez@company.com,(506) 787-4276,Active
EMP001386,Daniel,Davis,Daniel Davis,48,Operations,Specialist,Seattle,64881.63,1923.92,2023-11-13,23,79.8,daniel.davis@company.com,(222) 343-2114,Inactive
EMP001387,James,Lopez,James Lopez,32,Legal,Analyst,Austin,80095.78,11941.88,2021-10-19,7,67.8,james.lopez@company.com,(679) 433-8549,Active
EMP001388,Robert,Rodriguez,Robert Rodriguez,47,Finance,Analyst,New York,69434.17,5979.97,2020-09-01,22,65.6,robert.rodriguez@company.com,(857) 620-8001,Active
EMP001389,Melissa,Johnson,Melissa Johnson,40,Engineering,Manager,Boston,92068.95,14225.5,2023-03-04,14,65.3,melissa.johnson@company.com,(647) 232-9261,Inactive
EMP001390,James,Moore,James Moore,31,Legal,Coordinator,Seattle,66973.2,10237.31,2023-07-23,9,63.0,james.moore@company.com,(268) 952-2237,Active
EMP001391,Nicole,Brown,Nicole Brown,54,Marketing,Lead,San Francisco,76734.21,13487.74,2023-06-03,26,75.2,nicole.brown@company.com,(865) 395-2197,Active
EMP001392,Stephanie,Rodriguez,Stephanie Rodriguez,51,Legal,Analyst,Miami,108157.52,6709.81,2023-08-25,23,81.8,stephanie.rodriguez@company.com,(538) 274-3976,Active
EMP001393,James,Anderson,James Anderson,37,IT,Associate,New York,80462.66,7763.29,2023-03-23,8,99.6,james.anderson@company.com,(500) 206-7388,Active
EMP001394,Jessica,Hernandez,Jessica Hernandez,41,IT,Specialist,Chicago,71189.4,0.0,2024-10-18,15,84.3,jessica.hernandez@company.com,(428) 798-6351,Active
EMP001395,Robert,Jackson,Robert Jackson,64,Operations,Director,Chicago,51859.07,5533.79,2024-05-02,37,76.5,robert.jackson@company.com,(351) 411-6054,Active
EMP001396,John,Moore,John Moore,49,Engineering,Coordinator,Chicago,111312.67,4404.7,2020-05-21,21,96.1,john.moore@company.com,(535) 522-4770,Active
EMP001397,Robert,Martinez,Robert Martinez,36,Marketing,Specialist,Los Angeles,71499.79,10654.95,2021-04-22,9,55.9,robert.martinez@company.com,(422) 990-6821,Active
EMP001398,Daniel,Brown,Daniel Brown,65,IT,Lead,New York,117594.72,9368.37,2024-11-11,43,98.7,daniel.brown@company.com,(961) 957-4417,Active
EMP001399,Daniel,Anderson,Daniel Anderson,45,IT,Director,Austin,104436.14,8786.95,2024-04-27,18,75.9,daniel.anderson@company.com,(589) 804-3042,Active
EMP001400,Emily,Taylor,Emily Taylor,26,Sales,Director,Chicago,30554.23,0.0,2020-09-03,0,59.2,emily.taylor@company.com,(700) 958-6871,Active
EMP001401,James,Wilson,James Wilson,36,HR,Senior Developer,Austin,79854.8,8526.75,2024-06-25,9,59.5,james.wilson@company.com,(719) 568-8831,Active
EMP001402,Sarah,Anderson,Sarah Anderson,62,Engineering,Associate,New York,130686.11,10506.0,2024-07-03,34,100.0,sarah.anderson@company.com,(630) 609-2639,Active
EMP001403,Ashley,Williams,Ashley Williams,22,IT,Director,Seattle,78202.47,1630.03,2023-12-07,0,84.4,ashley.williams@company.com,(286) 866-7384,Inactive
EMP001404,John,Rodriguez,John Rodriguez,58,Operations,Analyst,New York,58642.64,3875.22,2024-10-01,32,79.5,john.rodriguez@company.com,(454) 381-1151,Active
EMP001405,David,Jones,David Jones,24,Legal,Manager,New York,103046.94,8330.24,2023-05-06,0,86.9,david.jones@company.com,(414) 957-5801,Active
EMP001406,Stephanie,Garcia,Stephanie Garcia,49,IT,Analyst,Chicago,104791.28,6027.05,2022-11-28,26,86.3,stephanie.garcia@company.com,(355) 959-3975,Active
EMP001407,Sarah,Garcia,Sarah Garcia,30,Engineering,Director,Miami,67793.52,3201.08,2021-09-18,2,99.2,sarah.garcia@company.com,(613) 840-7114,Inactive
EMP001408,William,Martin,William Martin,62,Operations,Manager,New York,71650.51,1333.11,2021-11-10,40,84.7,william.martin@company.com,(229) 681-1560,Active
EMP001409,David,Wilson,David Wilson,65,Engineering,Analyst,Los Angeles,111510.92,20297.2,2020-11-19,39,84.7,david.wilson@company.com,(302) 215-6712,Inactive
EMP001410,Michael,Wilson,Michael Wilson,46,Sales,Lead,San Francisco,59077.15,7917.55,2022-08-09,19,90.5,michael.wilson@company.com,(625) 749-8215,Active
EMP001411,Lisa,Smith,Lisa Smith,22,Finance,Lead,Miami,60761.75,8417.84,2021-06-10,0,58.6,lisa.smith@company.com,(331) 530-9847,Active
EMP001412,Lisa,Brown,Lisa Brown,44,Legal,Director,Miami,94916.3,1235.68,2020-09-14,15,70.8,lisa.brown@company.com,(424) 727-3126,Active
EMP001413,David,Davis,David Davis,54,Sales,Associate,San Francisco,115805.65,23265.8,2021-08-01,31,48.8,david.davis@company.com,(829) 307-5092,Active
EMP001414,Emily,Martinez,Emily Martinez,35,Operations,Specialist,Miami,60739.35,12443.7,2024-04-05,7,63.3,emily.martinez@company.com,(334) 535-7914,Active
EMP001415,David,Jackson,David Jackson,40,Engineering,Manager,Los Angeles,66440.22,5056.59,2024-06-14,17,65.9,david.jackson@company.com,(402) 386-1234,Active
EMP001416,Jane,Davis,Jane Davis,49,Marketing,Coordinator,Los Angeles,59241.0,4184.89,2020-01-24,24,84.7,jane.davis@company.com,(785) 692-8927,Inactive
EMP001417,Robert,Jackson,Robert Jackson,53,IT,Director,Miami,102379.38,16214.38,2022-07-17,25,90.4,robert.jackson@company.com,(836) 469-9943,Active
EMP001418,William,Taylor,William Taylor,36,Operations,Analyst,Boston,49249.45,4027.41,2021-06-06,12,47.3,william.taylor@company.com,(549) 699-9993,Active
EMP001419,Sarah,Hernandez,Sarah Hernandez,45,Finance,Coordinator,San Francisco,94668.34,6848.42,2022-05-23,18,100.0,sarah.hernandez@company.com,(857) 226-9901,Active
EMP001420,Jessica,Anderson,Jessica Anderson,30,Sales,Specialist,San Francisco,60190.72,7529.23,2020-09-15,8,78.4,jessica.anderson@company.com,(555) 514-8414,Active
EMP001421,Michael,Taylor,Michael Taylor,52,Marketing,Director,Los Angeles,93550.29,11466.52,2020-10-17,25,48.9,michael.taylor@company.com,(896) 427-1273,Active
EMP001422,Amanda,Taylor,Amanda Taylor,60,Marketing,Coordinator,New York,97712.08,13127.01,2023-01-09,32,53.3,amanda.taylor@company.com,(435) 910-9697,Active
EMP001423,Emily,Brown,Emily Brown,28,Marketing,Analyst,Austin,56232.28,4937.48,2023-01-12,1,89.6,emily.brown@company.com,(824) 634-4312,Active
EMP001424,Christopher,Martinez,Christopher Martinez,64,IT,Lead,Los Angeles,106238.78,3269.91,2022-08-16,35,76.2,christopher.martinez@company.com,(529) 339-5915,Active
EMP001425,William,Moore,William Moore,33,Finance,Senior Developer,Austin,83922.27,8197.76,2020-05-01,5,100.0,william.moore@company.com,(973) 620-3298,Active
EMP001426,Emily,Davis,Emily Davis,43,IT,Associate,Chicago,117272.01,17415.49,2022-03-11,16,71.5,emily.davis@company.com,(805) 398-5072,Active
EMP001427,Michael,Davis,Michael Davis,54,Finance,Associate,Chicago,88741.65,11233.22,2020-09-09,27,70.1,michael.davis@company.com,(943) 957-3487,Active
EMP001428,David,Rodriguez,David Rodriguez,47,Operations,Senior Developer,New York,57157.93,13139.23,2022-12-02,19,94.5,david.rodriguez@company.com,(518) 736-2681,Active
EMP001429,Lisa,Thomas,Lisa Thomas,53,HR,Specialist,Miami,85786.3,10085.92,2024-08-10,29,86.1,lisa.thomas@company.com,(327) 754-8444,Active
EMP001430,James,Rodriguez,James Rodriguez,55,Engineering,Specialist,Los Angeles,100033.61,11496.12,2020-08-19,26,77.3,james.rodriguez@company.com,(841) 677-7978,Active
EMP001431,Melissa,Martinez,Melissa Martinez,53,HR,Senior Developer,San Francisco,70158.39,10688.36,2024-02-07,31,53.1,melissa.martinez@company.com,(817) 813-6940,Active
EMP001432,Melissa,Wilson,Melissa Wilson,49,IT,Senior Developer,New York,71572.96,5154.88,2024-11-06,25,86.8,melissa.wilson@company.com,(988) 486-5519,Inactive
EMP001433,Matthew,Hernandez,Matthew Hernandez,36,IT,Coordinator,Seattle,65924.03,4589.73,2020-06-19,11,90.1,matthew.hernandez@company.com,(213) 303-8955,Active
EMP001434,Melissa,Davis,Melissa Davis,49,IT,Senior Developer,Seattle,123267.28,12200.92,2024-05-18,20,31.6,melissa.davis@company.com,(925) 699-7157,Active
EMP001435,Christopher,Johnson,Christopher Johnson,27,Sales,Senior Developer,San Francisco,49353.96,7428.45,2020-08-28,1,89.0,christopher.johnson@company.com,(982) 444-6909,Active
EMP001436,Lisa,Wilson,Lisa Wilson,40,IT,Coordinator,New York,85601.49,13384.81,2023-08-18,11,67.1,lisa.wilson@company.com,(650) 671-9564,Active
EMP001437,Christopher,Wilson,Christopher Wilson,47,Engineering,Analyst,Austin,102908.36,10328.72,2020-02-19,24,79.7,christopher.wilson@company.com,(845) 536-2618,Active
EMP001438,Stephanie,Smith,Stephanie Smith,38,Legal,Coordinator,Seattle,60277.24,48.09,2024-08-03,16,72.7,stephanie.smith@company.com,(899) 552-6773,On Leave
EMP001439,Jessica,Rodriguez,Jessica Rodriguez,52,Legal,Coordinator,New York,77524.53,17433.0,2022-07-27,30,73.3,jessica.rodriguez@company.com,(915) 850-5311,Active
EMP001440,Emily,Miller,Emily Miller,56,Operations,Coordinator,Los Angeles,72666.58,5630.87,2024-05-18,34,79.5,emily.miller@company.com,(376) 711-2456,Active
EMP001441,Lisa,Moore,Lisa Moore,60,HR,Specialist,Boston,74789.65,6921.98,2020-07-26,34,83.0,lisa.moore@company.com,(939) 292-7652,Active
EMP001442,Melissa,Garcia,Melissa Garcia,47,IT,Specialist,Austin,102275.84,12741.88,2024-10-19,21,71.3,melissa.garcia@company.com,(924) 697-6744,Active
EMP001443,Daniel,Lopez,Daniel Lopez,52,Marketing,Coordinator,Chicago,53060.11,6348.47,2020-02-02,29,54.4,daniel.lopez@company.com,(314) 394-6087,Inactive
EMP001444,Nicole,Martinez,Nicole Martinez,48,Marketing,Senior Developer,Los Angeles,81523.14,10288.06,2021-02-10,23,100.0,nicole.martinez@company.com,(295) 292-7629,Inactive
EMP001445,David,Hernandez,David Hernandez,28,Operations,Analyst,Los Angeles,46110.72,4948.17,2022-02-27,2,69.4,david.hernandez@company.com,(306) 953-5815,Active
EMP001446,Michael,Hernandez,Michael Hernandez,39,HR,Manager,Miami,79332.34,8368.83,2021-05-18,11,63.6,michael.hernandez@company.com,(761) 358-5485,Active
EMP001447,Jessica,Davis,Jessica Davis,31,HR,Lead,Austin,31058.02,3781.83,2023-08-19,6,83.2,jessica.davis@company.com,(421) 348-1203,Active
EMP001448,John,Martin,John Martin,35,Legal,Associate,Miami,70116.39,13668.26,2023-02-13,6,63.4,john.martin@company.com,(764) 781-4149,Active
EMP001449,Matthew,Jackson,Matthew Jackson,35,IT,Specialist,Los Angeles,49140.29,4838.55,2023-12-18,8,79.0,matthew.jackson@company.com,(572) 469-8066,Active
EMP001450,Jessica,Hernandez,Jessica Hernandez,36,Operations,Analyst,San Francisco,49737.17,3914.92,2021-10-20,10,80.9,jessica.hernandez@company.com,(919) 452-9819,Active
EMP001451,Sarah,Taylor,Sarah Taylor,22,Legal,Senior Developer,Boston,47061.96,3685.25,2024-07-11,0,99.4,sarah.taylor@company.com,(818) 433-6707,Active
EMP001452,Nicole,Davis,Nicole Davis,32,Legal,Manager,Seattle,114290.41,8296.98,2022-07-31,5,90.0,nicole.davis@company.com,(833) 648-9145,Active
EMP001453,Michael,Garcia,Michael Garcia,34,Engineering,Manager,Miami,110119.7,8545.5,2021-12-12,8,62.6,michael.garcia@company.com,(688) 923-3422,Active
EMP001454,Amanda,Williams,Amanda Williams,35,Finance,Manager,Seattle,54755.7,5122.23,2024-01-01,12,89.1,amanda.williams@company.com,(812) 702-8058,Active
EMP001455,David,Gonzalez,David Gonzalez,57,HR,Specialist,Miami,66123.07,8527.72,2023-01-07,31,100.0,david.gonzalez@company.com,(913) 890-5991,Active
EMP001456,Anthony,Taylor,Anthony Taylor,59,IT,Coordinator,Chicago,130056.48,19736.07,2024-11-01,37,76.1,anthony.taylor@company.com,(206) 824-1867,Active
EMP001457,Amanda,Jackson,Amanda Jackson,51,Sales,Senior Developer,San Francisco,81938.37,6621.13,2022-12-20,26,84.3,amanda.jackson@company.com,(623) 947-3641,Active
EMP001458,Jessica,Martin,Jessica Martin,46,Marketing,Manager,Chicago,75842.5,5463.85,2023-08-22,23,77.7,jessica.martin@company.com,(706) 946-2957,Active
EMP001459,Sarah,Gonzalez,Sarah Gonzalez,63,IT,Associate,Los Angeles,113740.98,19284.63,2023-11-27,39,86.3,sarah.gonzalez@company.com,(685) 341-6624,Active
EMP001460,Ashley,Lopez,Ashley Lopez,38,Marketing,Specialist,Los Angeles,47557.42,3537.52,2022-10-20,16,50.2,ashley.lopez@company.com,(292) 388-5268,Active
EMP001461,Jessica,Lopez,Jessica Lopez,33,Sales,Lead,Boston,64558.57,9575.79,2024-03-19,9,71.8,jessica.lopez@company.com,(296) 736-5223,Active
EMP001462,Lisa,Johnson,Lisa Johnson,58,Engineering,Senior Developer,Boston,99131.5,12473.94,2020-12-11,29,75.4,lisa.johnson@company.com,(201) 741-1206,Active
EMP001463,Christopher,Martinez,Christopher Martinez,32,Engineering,Senior Developer,Boston,73842.68,7672.7,2020-12-19,6,72.2,christopher.martinez@company.com,(393) 851-9162,Active
EMP001464,Robert,Lopez,Robert Lopez,55,Sales,Coordinator,Chicago,89184.33,8562.1,2023-03-21,28,84.4,robert.lopez@company.com,(381) 651-3908,Active
EMP001465,Daniel,Smith,Daniel Smith,33,Engineering,Specialist,San Francisco,55937.58,7201.57,2021-08-19,7,100.0,daniel.smith@company.com,(310) 557-3955,Active
EMP001466,Emily,Brown,Emily Brown,43,Legal,Analyst,Austin,82952.25,4827.44,2023-06-09,19,85.5,emily.brown@company.com,(545) 665-9978,Active
EMP001467,Daniel,Brown,Daniel Brown,33,Sales,Director,Boston,45238.0,4590.38,2022-01-18,11,80.5,daniel.brown@company.com,(344) 445-9040,Active
EMP001468,Christopher,Johnson,Christopher Johnson,38,Operations,Lead,New York,45072.77,4720.52,2024-07-18,16,48.8,christopher.johnson@company.com,(875) 924-2618,Active
EMP001469,Michael,Hernandez,Michael Hernandez,59,IT,Specialist,Austin,137958.98,27657.64,2021-10-18,35,71.1,michael.hernandez@company.com,(338) 658-4244,Active
EMP001470,Stephanie,Gonzalez,Stephanie Gonzalez,56,IT,Senior Developer,Los Angeles,115826.3,10087.46,2022-10-01,33,100.0,stephanie.gonzalez@company.com,(224) 703-2709,Active
EMP001471,Melissa,Martin,Melissa Martin,57,IT,Lead,Seattle,85423.99,9803.4,2024-05-29,34,83.0,melissa.martin@company.com,(989) 494-1903,Active
EMP001472,Jane,Miller,Jane Miller,49,Sales,Analyst,Seattle,75626.49,0.0,2023-08-05,23,100.0,jane.miller@company.com,(521) 956-1785,Active
EMP001473,Jane,Martinez,Jane Martinez,23,IT,Coordinator,Austin,36000.0,3686.49,2023-01-06,0,69.6,jane.martinez@company.com,(253) 900-8107,Active
EMP001474,Matthew,Garcia,Matthew Garcia,37,Operations,Director,New York,74012.55,9890.0,2020-07-21,12,79.4,matthew.garcia@company.com,(668) 390-4630,Active
EMP001475,Michael,Miller,Michael Miller,29,Legal,Manager,Austin,83105.57,5311.58,2020-04-02,7,62.4,michael.miller@company.com,(590) 410-2905,Inactive
EMP001476,John,Davis,John Davis,51,Operations,Associate,Chicago,62197.55,915.44,2024-08-19,29,98.4,john.davis@company.com,(433) 580-7585,Active
EMP001477,David,Martin,David Martin,40,HR,Associate,Seattle,47927.43,5442.68,2023-10-25,17,71.0,david.martin@company.com,(784) 927-6074,Active
EMP001478,William,Wilson,William Wilson,32,Engineering,Associate,Los Angeles,107911.92,9114.64,2022-02-11,8,83.5,william.wilson@company.com,(484) 394-8998,Active
EMP001479,John,Gonzalez,John Gonzalez,54,Engineering,Analyst,Miami,133555.72,1572.96,2023-09-19,26,61.7,john.gonzalez@company.com,(906) 428-2155,Active
EMP001480,Sarah,Garcia,Sarah Garcia,64,Legal,Analyst,San Francisco,119456.38,13266.68,2023-01-04,41,71.1,sarah.garcia@company.com,(535) 371-5202,On Leave
EMP001481,Christopher,Martinez,Christopher Martinez,27,Finance,Specialist,Seattle,49283.7,6585.84,2020-08-10,5,91.0,christopher.martinez@company.com,(979) 322-7470,Active
EMP001482,Robert,Williams,Robert Williams,26,Legal,Analyst,Austin,109200.73,25233.42,2022-11-27,2,81.1,robert.williams@company.com,(236) 680-8844,Active
EMP001483,Jessica,Johnson,Jessica Johnson,45,IT,Senior Developer,Chicago,97650.2,258.21,2024-04-10,22,57.1,jessica.johnson@company.com,(910) 269-4960,Active
EMP001484,Amanda,Anderson,Amanda Anderson,22,Marketing,Manager,Miami,41978.48,6945.63,2023-09-19,0,74.1,amanda.anderson@company.com,(715) 985-4096,Active
EMP001485,James,Johnson,James Johnson,64,Engineering,Coordinator,Chicago,100591.71,11428.59,2024-10-26,39,66.5,james.johnson@company.com,(456) 379-6736,Active
EMP001486,Jane,Gonzalez,Jane Gonzalez,36,IT,Specialist,Chicago,66379.37,11856.37,2022-11-01,10,61.4,jane.gonzalez@company.com,(265) 430-4014,Active
EMP001487,James,Anderson,James Anderson,25,Engineering,Senior Developer,Miami,111587.08,18096.11,2024-09-23,2,78.0,james.anderson@company.com,(451) 816-9659,Active
EMP001488,Emily,Jones,Emily Jones,39,Operations,Senior Developer,New York,76177.39,5570.94,2023-11-03,16,66.0,emily.jones@company.com,(266) 619-9487,Active
EMP001489,Lisa,Garcia,Lisa Garcia,52,Operations,Manager,Boston,74218.34,4983.26,2020-10-20,28,80.3,lisa.garcia@company.com,(306) 900-4828,Active
EMP001490,John,Jackson,John Jackson,54,Engineering,Senior Developer,Los Angeles,94554.48,16549.02,2024-10-21,31,71.0,john.jackson@company.com,(429) 980-1576,Active
EMP001491,Michael,Smith,Michael Smith,48,Legal,Specialist,Los Angeles,106802.28,6315.18,2023-11-05,23,84.3,michael.smith@company.com,(830) 596-8367,Inactive
EMP001492,Jessica,Thomas,Jessica Thomas,42,Finance,Lead,Boston,86261.31,12796.04,2022-09-08,15,73.5,jessica.thomas@company.com,(356) 665-9789,Inactive
EMP001493,Jessica,Jones,Jessica Jones,45,Finance,Associate,Chicago,68542.45,1786.29,2021-06-10,17,74.9,jessica.jones@company.com,(364) 576-1343,Active
EMP001494,Ashley,Jones,Ashley Jones,40,Engineering,Associate,Miami,126209.19,13317.43,2023-12-26,15,68.1,ashley.jones@company.com,(754) 432-7590,Active
EMP001495,Amanda,Miller,Amanda Miller,37,IT,Associate,Los Angeles,102781.77,16395.5,2022-08-01,12,77.5,amanda.miller@company.com,(951) 663-8272,On Leave
EMP001496,Daniel,Lopez,Daniel Lopez,54,Operations,Associate,Boston,90764.98,3393.16,2020-09-29,26,60.2,daniel.lopez@company.com,(940) 742-4373,Active
EMP001497,Robert,Jackson,Robert Jackson,37,HR,Lead,Boston,63382.87,12966.79,2023-01-27,15,70.2,robert.jackson@company.com,(982) 618-7140,Active
EMP001498,Robert,Gonzalez,Robert Gonzalez,31,Marketing,Senior Developer,Miami,61055.69,6165.71,2023-01-16,7,71.7,robert.gonzalez@company.com,(867) 663-5920,Inactive
EMP001499,Lisa,Wilson,Lisa Wilson,55,Engineering,Director,Austin,101545.05,18640.36,2021-11-22,29,78.2,lisa.wilson@company.com,(764) 360-7296,Inactive
EMP001500,Stephanie,Garcia,Stephanie Garcia,54,Legal,Director,New York,87099.21,12176.68,2022-03-01,26,81.4,stephanie.garcia@company.com,(781) 883-3823,Active
EMP001501,Anthony,Jones,Anthony Jones,51,IT,Analyst,Austin,81282.51,10753.23,2022-04-22,25,64.6,anthony.jones@company.com,(524) 679-5025,Inactive
EMP001502,David,Thomas,David Thomas,25,Operations,Senior Developer,New York,36987.18,1733.76,2024-05-30,2,77.4,david.thomas@company.com,(266) 287-1351,Active
EMP001503,Jane,Hernandez,Jane Hernandez,22,Sales,Coordinator,Boston,31314.34,1078.64,2021-02-19,0,62.1,jane.hernandez@company.com,(961) 354-4489,Active
EMP001504,Michael,Lopez,Michael Lopez,37,Operations,Lead,Miami,62432.2,3442.34,2021-11-24,10,78.8,michael.lopez@company.com,(920) 379-5747,Active
EMP001505,Nicole,Garcia,Nicole Garcia,52,Marketing,Associate,Chicago,63744.5,4244.42,2020-08-30,29,63.1,nicole.garcia@company.com,(745) 833-7712,Active
EMP001506,Nicole,Thomas,Nicole Thomas,47,Finance,Senior Developer,Austin,103210.85,11757.56,2023-09-21,18,100.0,nicole.thomas@company.com,(350) 655-2590,Active
EMP001507,David,Gonzalez,David Gonzalez,35,Legal,Lead,Los Angeles,97823.08,19995.01,2020-12-15,12,88.3,david.gonzalez@company.com,(985) 220-6937,Inactive
EMP001508,Anthony,Jackson,Anthony Jackson,28,Marketing,Manager,Miami,69364.94,1870.82,2022-10-04,6,63.9,anthony.jackson@company.com,(887) 780-6633,Inactive
EMP001509,Michael,Lopez,Michael Lopez,43,Sales,Analyst,Chicago,92999.05,11083.86,2023-07-02,14,75.0,michael.lopez@company.com,(507) 893-7449,Inactive
EMP001510,Sarah,Miller,Sarah Miller,46,Operations,Senior Developer,Seattle,70112.0,7100.19,2021-12-27,23,77.0,sarah.miller@company.com,(817) 706-1261,Active
EMP001511,Anthony,Wilson,Anthony Wilson,50,Marketing,Specialist,Boston,86018.68,9332.03,2021-01-28,26,67.1,anthony.wilson@company.com,(725) 486-9526,Inactive
EMP001512,John,Thomas,John Thomas,57,Operations,Manager,Chicago,61004.59,9629.39,2023-08-22,31,76.5,john.thomas@company.com,(444) 917-6023,Active
EMP001513,Stephanie,Hernandez,Stephanie Hernandez,54,Engineering,Lead,Seattle,77957.94,10146.09,2023-09-12,25,78.7,stephanie.hernandez@company.com,(282) 540-1514,Active
EMP001514,Lisa,Smith,Lisa Smith,56,Engineering,Associate,Seattle,125746.14,20488.51,2021-02-12,28,53.3,lisa.smith@company.com,(681) 589-7363,Active
EMP001515,William,Gonzalez,William Gonzalez,33,Operations,Associate,Boston,69196.51,9292.6,2022-04-13,11,67.9,william.gonzalez@company.com,(924) 550-3168,Inactive
EMP001516,William,Moore,William Moore,35,HR,Specialist,Miami,32124.64,4913.77,2021-06-30,6,59.5,william.moore@company.com,(285) 660-2389,Active
EMP001517,James,Taylor,James Taylor,25,Sales,Analyst,New York,84799.64,14328.21,2024-07-09,0,84.3,james.taylor@company.com,(980) 309-4980,Active
EMP001518,Amanda,Williams,Amanda Williams,40,Marketing,Senior Developer,Austin,79344.45,3822.95,2024-11-03,18,76.4,amanda.williams@company.com,(277) 209-1220,Active
EMP001519,James,Martin,James Martin,29,Sales,Lead,Chicago,72230.56,9023.78,2023-07-16,7,67.3,james.martin@company.com,(538) 880-2733,Active
EMP001520,Jane,Jones,Jane Jones,39,HR,Analyst,San Francisco,74255.43,11782.52,2020-07-06,16,67.9,jane.jones@company.com,(935) 293-1062,Active
EMP001521,Jessica,Miller,Jessica Miller,46,Engineering,Associate,San Francisco,82332.11,9496.81,2021-10-18,22,91.2,jessica.miller@company.com,(840) 742-4156,Active
EMP001522,Robert,Thomas,Robert Thomas,54,Marketing,Specialist,Miami,61412.77,7854.04,2024-02-07,26,81.5,robert.thomas@company.com,(892) 806-2003,Active
EMP001523,Matthew,Smith,Matthew Smith,59,Sales,Director,Chicago,93515.74,2640.16,2021-06-23,33,93.8,matthew.smith@company.com,(347) 755-4102,Active
EMP001524,Michael,Miller,Michael Miller,50,Marketing,Director,Boston,67744.21,3939.02,2020-11-28,21,92.1,michael.miller@company.com,(604) 850-5861,Active
EMP001525,Matthew,Martinez,Matthew Martinez,48,HR,Specialist,Los Angeles,85403.07,9619.58,2024-08-15,22,72.2,matthew.martinez@company.com,(553) 953-4944,Active
EMP001526,William,Martinez,William Martinez,54,Marketing,Manager,San Francisco,72641.71,7970.01,2020-05-08,29,100.0,william.martinez@company.com,(705) 552-1989,Active
EMP001527,Stephanie,Williams,Stephanie Williams,30,Legal,Senior Developer,New York,96970.0,7137.55,2021-10-14,2,73.0,stephanie.williams@company.com,(802) 989-6922,Active
EMP001528,Lisa,Williams,Lisa Williams,55,Finance,Lead,Boston,93858.8,10027.64,2022-01-03,29,89.2,lisa.williams@company.com,(960) 691-7069,Active
EMP001529,Melissa,Hernandez,Melissa Hernandez,37,HR,Analyst,Austin,60830.2,7611.38,2020-03-28,11,68.7,melissa.hernandez@company.com,(907) 561-7713,Active
EMP001530,Daniel,Hernandez,Daniel Hernandez,44,IT,Lead,Miami,74206.52,3545.6,2022-07-15,19,74.3,daniel.hernandez@company.com,(356) 345-7317,Active
EMP001531,John,Jones,John Jones,23,Operations,Analyst,Los Angeles,51784.66,7302.24,2022-03-29,0,89.2,john.jones@company.com,(574) 214-8116,Active
EMP001532,Emily,Jones,Emily Jones,25,Marketing,Senior Developer,Austin,68646.61,4891.5,2020-02-03,3,79.9,emily.jones@company.com,(600) 683-3455,Active
EMP001533,Robert,Smith,Robert Smith,28,Legal,Analyst,Los Angeles,91941.33,0.0,2021-09-13,2,82.4,robert.smith@company.com,(762) 484-4731,Active
EMP001534,Lisa,Thomas,Lisa Thomas,46,IT,Analyst,Los Angeles,92261.44,14646.61,2022-09-25,20,70.5,lisa.thomas@company.com,(881) 261-6789,On Leave
EMP001535,Michael,Hernandez,Michael Hernandez,34,Legal,Analyst,Seattle,74169.64,13966.33,2021-04-26,5,60.6,michael.hernandez@company.com,(731) 706-4545,Active
EMP001536,John,Martinez,John Martinez,47,Marketing,Specialist,Boston,113421.21,15573.7,2023-11-01,21,75.6,john.martinez@company.com,(833) 639-2996,Active
EMP001537,Matthew,Martinez,Matthew Martinez,34,Operations,Analyst,Boston,60511.12,13073.44,2022-01-26,10,72.8,matthew.martinez@company.com,(778) 684-2034,Active
EMP001538,Amanda,Wilson,Amanda Wilson,61,HR,Coordinator,Austin,88066.95,16359.61,2023-11-10,38,74.9,amanda.wilson@company.com,(439) 520-8801,Active
EMP001539,Nicole,Hernandez,Nicole Hernandez,32,Operations,Analyst,Austin,60945.68,5054.5,2021-10-21,3,58.3,nicole.hernandez@company.com,(847) 786-4750,Active
EMP001540,Lisa,Davis,Lisa Davis,57,HR,Lead,Miami,84256.34,9367.52,2024-12-28,33,59.8,lisa.davis@company.com,(219) 520-9371,Inactive
EMP001541,Christopher,Jones,Christopher Jones,47,Operations,Lead,San Francisco,62307.97,2066.85,2022-08-05,21,82.3,christopher.jones@company.com,(817) 945-5358,Active
EMP001542,Christopher,Miller,Christopher Miller,25,Finance,Coordinator,Chicago,88054.85,13686.59,2024-10-02,0,66.0,christopher.miller@company.com,(996) 260-8761,Active
EMP001543,John,Hernandez,John Hernandez,25,Operations,Analyst,Miami,46490.7,4427.98,2024-05-23,3,74.8,john.hernandez@company.com,(479) 527-8941,On Leave
EMP001544,Lisa,Moore,Lisa Moore,31,HR,Senior Developer,Austin,53823.99,5273.85,2021-08-28,8,79.0,lisa.moore@company.com,(951) 262-4193,Active
EMP001545,Matthew,Martinez,Matthew Martinez,40,HR,Associate,Los Angeles,74873.34,6878.23,2023-12-05,13,76.8,matthew.martinez@company.com,(211) 505-5276,Active
EMP001546,Ashley,Smith,Ashley Smith,64,Engineering,Senior Developer,Los Angeles,101571.74,12591.88,2022-01-24,40,67.5,ashley.smith@company.com,(676) 994-3418,Active
EMP001547,Christopher,Moore,Christopher Moore,29,Marketing,Coordinator,Miami,37689.22,5099.79,2020-08-08,1,57.9,christopher.moore@company.com,(480) 666-5521,Active
EMP001548,Lisa,Anderson,Lisa Anderson,40,Finance,Analyst,Chicago,82961.85,9252.78,2021-10-23,11,66.2,lisa.anderson@company.com,(217) 326-1858,Inactive
EMP001549,Nicole,Thomas,Nicole Thomas,65,Operations,Coordinator,Chicago,84702.21,5946.35,2024-08-30,36,64.1,nicole.thomas@company.com,(937) 584-1417,Active
EMP001550,James,Gonzalez,James Gonzalez,23,Marketing,Manager,Boston,54445.66,4828.2,2023-08-11,0,94.8,james.gonzalez@company.com,(489) 531-1645,Inactive
EMP001551,Jane,Jones,Jane Jones,49,Legal,Senior Developer,San Francisco,149783.65,19112.13,2020-10-13,22,87.1,jane.jones@company.com,(355) 304-9565,Active
EMP001552,Jessica,Williams,Jessica Williams,27,Operations,Coordinator,Boston,47972.75,4883.9,2020-06-15,0,70.6,jessica.williams@company.com,(622) 551-2139,Active
EMP001553,Nicole,Johnson,Nicole Johnson,29,IT,Analyst,Los Angeles,88171.54,13983.17,2023-01-27,3,76.8,nicole.johnson@company.com,(291) 412-8348,Active
EMP001554,William,Davis,William Davis,53,HR,Manager,New York,94384.32,11502.26,2020-04-17,27,82.8,william.davis@company.com,(858) 914-4694,Active
EMP001555,Jane,Davis,Jane Davis,44,HR,Analyst,Chicago,92906.14,11406.59,2022-10-22,22,75.5,jane.davis@company.com,(527) 530-7349,Active
EMP001556,Christopher,Smith,Christopher Smith,56,Finance,Manager,Miami,89706.86,9068.15,2023-10-03,30,75.4,christopher.smith@company.com,(931) 913-7798,Active
EMP001557,Jane,Miller,Jane Miller,31,Engineering,Director,Austin,74796.96,2320.35,2023-04-08,9,74.3,jane.miller@company.com,(703) 207-6724,Active
EMP001558,Anthony,Lopez,Anthony Lopez,28,Marketing,Director,Los Angeles,72047.61,6679.04,2020-11-07,1,42.9,anthony.lopez@company.com,(749) 207-5610,Active
EMP001559,Amanda,Taylor,Amanda Taylor,34,IT,Director,Chicago,81785.68,10864.17,2024-03-24,10,69.4,amanda.taylor@company.com,(822) 462-6480,Active
EMP001560,William,Gonzalez,William Gonzalez,62,Sales,Lead,Seattle,91951.39,6364.24,2020-02-29,35,67.7,william.gonzalez@company.com,(656) 817-9385,Active
EMP001561,Robert,Garcia,Robert Garcia,54,Sales,Associate,New York,94068.88,7235.63,2024-07-05,29,81.7,robert.garcia@company.com,(309) 960-4368,Active
EMP001562,Anthony,Martinez,Anthony Martinez,60,HR,Coordinator,Seattle,87430.52,7099.64,2022-08-07,34,52.8,anthony.martinez@company.com,(255) 863-4765,Active
EMP001563,William,Miller,William Miller,23,Engineering,Manager,Seattle,39000.0,7379.68,2021-03-19,1,88.4,william.miller@company.com,(385) 541-4380,Active
EMP001564,Christopher,Hernandez,Christopher Hernandez,56,Legal,Analyst,Los Angeles,112370.39,436.48,2022-10-03,34,85.7,christopher.hernandez@company.com,(691) 774-5675,Active
EMP001565,Jessica,Williams,Jessica Williams,53,Sales,Manager,New York,85344.18,18085.94,2023-06-22,26,71.5,jessica.williams@company.com,(251) 211-5493,Inactive
EMP001566,Ashley,Anderson,Ashley Anderson,38,IT,Senior Developer,Chicago,67578.83,4049.34,2020-04-19,14,38.1,ashley.anderson@company.com,(576) 420-4125,On Leave
EMP001567,Amanda,Williams,Amanda Williams,34,Finance,Manager,Los Angeles,72911.89,5629.36,2021-09-01,6,63.8,amanda.williams@company.com,(988) 235-2967,Active
EMP001568,William,Anderson,William Anderson,37,HR,Manager,San Francisco,70401.43,4083.85,2024-12-07,9,79.8,william.anderson@company.com,(687) 378-1235,Active
EMP001569,Jessica,Anderson,Jessica Anderson,36,Finance,Manager,Seattle,76437.69,779.7,2023-12-10,10,93.8,jessica.anderson@company.com,(776) 691-2036,Active
EMP001570,David,Miller,David Miller,34,Sales,Associate,Los Angeles,43450.42,5077.12,2020-03-02,6,87.0,david.miller@company.com,(238) 709-8085,Active
EMP001571,Stephanie,Garcia,Stephanie Garcia,52,Engineering,Senior Developer,New York,77309.48,6636.65,2024-04-25,23,90.3,stephanie.garcia@company.com,(487) 926-5613,Active
EMP001572,Robert,Rodriguez,Robert Rodriguez,25,Engineering,Director,Seattle,52975.86,10244.11,2021-04-25,2,100.0,robert.rodriguez@company.com,(906) 658-1031,On Leave
EMP001573,Jane,Jackson,Jane Jackson,43,IT,Director,Miami,82089.62,6626.83,2024-01-05,16,76.9,jane.jackson@company.com,(960) 248-5694,Active
EMP001574,Lisa,Lopez,Lisa Lopez,45,Legal,Analyst,Miami,99389.21,12725.06,2022-02-03,21,67.4,lisa.lopez@company.com,(874) 580-9859,Active
EMP001575,Amanda,Wilson,Amanda Wilson,39,Marketing,Coordinator,Los Angeles,54906.27,3980.78,2022-08-15,10,50.4,amanda.wilson@company.com,(555) 985-5791,Active
EMP001576,Melissa,Moore,Melissa Moore,56,IT,Associate,Boston,116097.73,0.0,2020-06-26,31,68.1,melissa.moore@company.com,(816) 459-3255,Active
EMP001577,Amanda,Anderson,Amanda Anderson,60,Legal,Manager,Chicago,108367.16,1440.63,2021-12-04,32,100.0,amanda.anderson@company.com,(718) 840-3376,Active
EMP001578,Nicole,Garcia,Nicole Garcia,54,Marketing,Associate,Austin,56336.13,3167.89,2020-06-16,28,64.1,nicole.garcia@company.com,(629) 314-9214,Active
EMP001579,Matthew,Brown,Matthew Brown,65,Engineering,Analyst,Seattle,117886.58,9097.91,2024-02-23,36,71.8,matthew.brown@company.com,(432) 900-6486,Active
EMP001580,James,Lopez,James Lopez,37,IT,Director,Los Angeles,106639.87,15832.66,2023-03-27,13,71.7,james.lopez@company.com,(559) 967-7684,Active
EMP001581,Sarah,Davis,Sarah Davis,36,Legal,Director,Chicago,100843.52,21073.99,2024-01-06,8,58.2,sarah.davis@company.com,(200) 716-2766,Active
EMP001582,Michael,Martinez,Michael Martinez,59,HR,Specialist,Los Angeles,72911.01,10677.57,2024-08-17,30,95.0,michael.martinez@company.com,(414) 754-2582,On Leave
EMP001583,Robert,Smith,Robert Smith,41,Engineering,Specialist,New York,72327.81,5045.2,2020-09-04,17,58.0,robert.smith@company.com,(412) 390-2168,Active
EMP001584,Daniel,Brown,Daniel Brown,35,IT,Associate,Boston,90560.19,14382.0,2020-01-22,10,61.4,daniel.brown@company.com,(914) 811-5918,Active
EMP001585,Amanda,Miller,Amanda Miller,36,Finance,Lead,Los Angeles,66279.97,13118.46,2023-07-24,8,69.6,amanda.miller@company.com,(829) 807-1686,Active
EMP001586,Jane,Thomas,Jane Thomas,62,Operations,Manager,Boston,86845.48,3919.16,2021-06-07,37,69.2,jane.thomas@company.com,(917) 684-7287,Active
EMP001587,Sarah,Wilson,Sarah Wilson,51,Operations,Manager,Miami,53033.16,5703.8,2022-02-17,27,94.5,sarah.wilson@company.com,(239) 699-2422,Active
EMP001588,Nicole,Williams,Nicole Williams,59,Sales,Senior Developer,Austin,77595.22,11518.12,2022-07-20,36,76.1,nicole.williams@company.com,(588) 967-6527,Active
EMP001589,Melissa,Johnson,Melissa Johnson,52,Operations,Lead,Seattle,65806.46,8157.68,2021-03-19,29,79.0,melissa.johnson@company.com,(828) 620-2555,Active
EMP001590,David,Jackson,David Jackson,45,Engineering,Senior Developer,Miami,127263.51,5841.94,2022-10-25,19,73.6,david.jackson@company.com,(385) 674-5501,Active
EMP001591,Christopher,Moore,Christopher Moore,65,Engineering,Senior Developer,Seattle,118083.43,10665.68,2023-11-30,42,68.2,christopher.moore@company.com,(729) 702-3849,Inactive
EMP001592,Ashley,Garcia,Ashley Garcia,51,Engineering,Coordinator,Seattle,102624.65,13704.21,2022-05-23,29,71.4,ashley.garcia@company.com,(312) 903-3536,On Leave
EMP001593,Michael,Miller,Michael Miller,62,Legal,Director,Miami,129247.59,21914.92,2020-01-12,34,90.3,michael.miller@company.com,(596) 994-3893,Active
EMP001594,Jane,Martinez,Jane Martinez,48,Marketing,Coordinator,Austin,83501.52,2270.77,2024-11-07,25,70.2,jane.martinez@company.com,(899) 797-9083,Active
EMP001595,Daniel,Brown,Daniel Brown,34,Sales,Analyst,Chicago,63578.54,3557.16,2020-09-27,7,97.0,daniel.brown@company.com,(958) 819-1387,Active
EMP001596,Amanda,Wilson,Amanda Wilson,51,Engineering,Senior Developer,Boston,112600.83,6159.46,2022-05-07,28,63.7,amanda.wilson@company.com,(685) 234-5569,Active
EMP001597,Stephanie,Williams,Stephanie Williams,62,Sales,Specialist,San Francisco,91279.13,13148.37,2024-12-02,38,81.1,stephanie.williams@company.com,(880) 566-8776,Active
EMP001598,Jessica,Jones,Jessica Jones,41,Sales,Analyst,New York,71354.8,10965.65,2020-06-25,17,61.6,jessica.jones@company.com,(784) 391-4219,Active
EMP001599,Nicole,Lopez,Nicole Lopez,50,Finance,Senior Developer,Miami,77295.84,11057.88,2024-06-05,25,72.9,nicole.lopez@company.com,(872) 389-7770,Active
EMP001600,Jane,Davis,Jane Davis,48,HR,Specialist,Chicago,55982.62,4441.64,2020-09-29,26,77.4,jane.davis@company.com,(964) 918-7401,Active
EMP001601,Jane,Taylor,Jane Taylor,34,Engineering,Specialist,San Francisco,97814.36,9037.6,2023-04-14,5,38.2,jane.taylor@company.com,(743) 209-5969,Inactive
EMP001602,David,Hernandez,David Hernandez,52,HR,Director,Miami,94307.4,4908.59,2021-01-21,29,89.1,david.hernandez@company.com,(879) 686-8836,Active
EMP001603,Sarah,Garcia,Sarah Garcia,31,IT,Analyst,San Francisco,63628.1,1825.76,2023-09-28,8,57.0,sarah.garcia@company.com,(330) 722-3382,Inactive
EMP001604,Michael,Thomas,Michael Thomas,55,Sales,Director,Chicago,76907.21,10071.13,2023-07-07,26,67.2,michael.thomas@company.com,(971) 623-6926,Inactive
EMP001605,William,Wilson,William Wilson,28,Engineering,Manager,Los Angeles,70637.25,11451.61,2024-11-18,5,91.8,william.wilson@company.com,(528) 999-7465,Active
EMP001606,Amanda,Gonzalez,Amanda Gonzalez,46,Legal,Analyst,Austin,86346.54,8997.72,2022-09-08,23,73.3,amanda.gonzalez@company.com,(829) 721-7660,Active
EMP001607,Emily,Davis,Emily Davis,45,Finance,Senior Developer,Miami,76967.48,7455.58,2022-06-05,20,88.9,emily.davis@company.com,(814) 231-7837,Active
EMP001608,Michael,Jones,Michael Jones,47,Engineering,Specialist,Boston,88187.93,16789.18,2022-03-16,20,68.5,michael.jones@company.com,(487) 675-6594,Active
EMP001609,Nicole,Martin,Nicole Martin,58,Operations,Lead,Seattle,71608.34,8058.27,2022-11-13,29,72.5,nicole.martin@company.com,(699) 595-3248,Active
EMP001610,Michael,Thomas,Michael Thomas,49,Operations,Specialist,San Francisco,75947.21,3666.46,2023-07-12,24,50.2,michael.thomas@company.com,(474) 477-5734,Active
EMP001611,Jessica,Hernandez,Jessica Hernandez,26,Operations,Director,Austin,87124.54,7932.12,2021-12-14,0,59.4,jessica.hernandez@company.com,(513) 396-6488,Active
EMP001612,Stephanie,Rodriguez,Stephanie Rodriguez,42,Finance,Director,Los Angeles,64196.52,5664.46,2024-04-22,20,43.8,stephanie.rodriguez@company.com,(827) 342-5833,Active
EMP001613,Amanda,Moore,Amanda Moore,41,Operations,Lead,Austin,39785.86,3291.23,2023-04-06,18,100.0,amanda.moore@company.com,(732) 377-2920,Active
EMP001614,Ashley,Davis,Ashley Davis,44,HR,Analyst,Boston,70012.57,926.61,2024-12-22,19,81.6,ashley.davis@company.com,(863) 708-7143,Active
EMP001615,Melissa,Rodriguez,Melissa Rodriguez,36,Legal,Analyst,Boston,100264.67,5911.21,2021-06-05,14,75.9,melissa.rodriguez@company.com,(820) 273-5137,Active
EMP001616,Christopher,Moore,Christopher Moore,30,IT,Senior Developer,New York,69117.52,7950.47,2021-01-21,5,82.4,christopher.moore@company.com,(460) 706-8450,Inactive
EMP001617,Nicole,Jackson,Nicole Jackson,54,Finance,Director,Los Angeles,109882.31,22518.91,2021-06-28,25,71.0,nicole.jackson@company.com,(252) 637-9020,Active
EMP001618,Melissa,Wilson,Melissa Wilson,27,IT,Senior Developer,Boston,48982.63,2908.52,2020-10-13,3,69.0,melissa.wilson@company.com,(385) 325-6920,Active
EMP001619,Jane,Johnson,Jane Johnson,31,Sales,Senior Developer,Seattle,60953.96,8348.7,2023-01-28,9,54.9,jane.johnson@company.com,(748) 474-3087,Active
EMP001620,Stephanie,Miller,Stephanie Miller,33,Engineering,Manager,New York,74478.53,6976.71,2020-08-16,8,67.3,stephanie.miller@company.com,(545) 839-5541,Active
EMP001621,Jessica,Davis,Jessica Davis,49,HR,Coordinator,Seattle,54176.89,6776.34,2024-09-17,26,81.6,jessica.davis@company.com,(442) 355-1376,Active
EMP001622,James,Davis,James Davis,35,Marketing,Director,Los Angeles,47528.68,3839.24,2023-01-14,12,79.4,james.davis@company.com,(831) 217-3627,Active
EMP001623,Lisa,Rodriguez,Lisa Rodriguez,38,Legal,Senior Developer,San Francisco,49237.85,2701.17,2021-05-19,15,71.8,lisa.rodriguez@company.com,(616) 426-4965,Active
EMP001624,Emily,Garcia,Emily Garcia,37,HR,Senior Developer,Seattle,73565.07,8926.3,2020-01-07,9,94.8,emily.garcia@company.com,(444) 887-6054,Active
EMP001625,Lisa,Gonzalez,Lisa Gonzalez,42,Legal,Director,Austin,98189.63,6139.86,2020-07-24,20,62.8,lisa.gonzalez@company.com,(283) 618-8276,Active
EMP001626,Christopher,Martin,Christopher Martin,47,IT,Specialist,New York,87552.38,12288.72,2021-02-24,20,100.0,christopher.martin@company.com,(889) 703-8154,Active
EMP001627,Matthew,Hernandez,Matthew Hernandez,26,Operations,Lead,New York,70334.83,6497.89,2022-11-05,0,73.1,matthew.hernandez@company.com,(830) 597-8244,Active
EMP001628,Amanda,Jones,Amanda Jones,30,Sales,Analyst,Los Angeles,54389.75,9921.14,2024-06-01,1,62.6,amanda.jones@company.com,(613) 412-4570,Active
EMP001629,Christopher,Rodriguez,Christopher Rodriguez,63,HR,Director,Seattle,57628.38,7184.86,2022-02-16,40,52.1,christopher.rodriguez@company.com,(814) 680-1397,Active
EMP001630,Anthony,Davis,Anthony Davis,27,Sales,Manager,Miami,59530.55,5271.19,2022-03-07,0,82.4,anthony.davis@company.com,(785) 553-6890,Active
EMP001631,Melissa,Wilson,Melissa Wilson,46,Legal,Senior Developer,Los Angeles,110353.09,7997.36,2022-06-14,21,57.8,melissa.wilson@company.com,(461) 556-4744,Active
EMP001632,William,Thomas,William Thomas,31,Marketing,Director,Chicago,68823.07,13124.06,2024-10-14,7,86.0,william.thomas@company.com,(799) 860-9473,Active
EMP001633,Robert,Johnson,Robert Johnson,55,IT,Manager,Boston,133201.44,3452.71,2024-04-06,33,74.0,robert.johnson@company.com,(434) 292-3601,Active
EMP001634,Nicole,Johnson,Nicole Johnson,52,Finance,Specialist,San Francisco,67658.75,12954.38,2022-07-16,28,65.6,nicole.johnson@company.com,(352) 500-3320,Inactive
EMP001635,William,Garcia,William Garcia,22,HR,Specialist,Los Angeles,58662.05,8025.54,2020-12-07,0,82.9,william.garcia@company.com,(733) 268-4798,Inactive
EMP001636,Lisa,Johnson,Lisa Johnson,27,Marketing,Lead,Seattle,41423.58,5636.15,2022-05-16,3,69.0,lisa.johnson@company.com,(371) 441-1281,Active
EMP001637,Robert,Martin,Robert Martin,40,Sales,Senior Developer,San Francisco,61937.84,4832.08,2021-07-05,15,57.6,robert.martin@company.com,(383) 746-3033,Active
EMP001638,Nicole,Lopez,Nicole Lopez,31,Marketing,Analyst,Chicago,53075.22,6271.6,2021-05-18,8,64.4,nicole.lopez@company.com,(208) 533-3814,Active
EMP001639,Matthew,Smith,Matthew Smith,37,Engineering,Analyst,Los Angeles,99786.36,6494.79,2020-12-08,8,97.4,matthew.smith@company.com,(249) 680-3554,Active
EMP001640,Jessica,Martin,Jessica Martin,27,Operations,Lead,Seattle,53943.24,2920.04,2021-05-18,4,71.7,jessica.martin@company.com,(665) 379-2800,Active
EMP001641,Emily,Martin,Emily Martin,38,Engineering,Associate,San Francisco,74950.44,8574.93,2020-10-05,13,67.8,emily.martin@company.com,(200) 494-8549,Active
EMP001642,Melissa,Gonzalez,Melissa Gonzalez,41,IT,Coordinator,Miami,96276.15,6433.51,2024-05-29,13,79.8,melissa.gonzalez@company.com,(820) 791-7638,Active
EMP001643,Matthew,Wilson,Matthew Wilson,33,Marketing,Analyst,Miami,67487.71,5789.47,2024-07-06,7,77.5,matthew.wilson@company.com,(237) 411-2202,Active
EMP001644,Amanda,Martinez,Amanda Martinez,56,Sales,Associate,Los Angeles,96101.07,9917.92,2022-02-08,28,80.6,amanda.martinez@company.com,(506) 582-1391,Active
EMP001645,Robert,Smith,Robert Smith,43,HR,Analyst,Los Angeles,70741.67,4058.15,2022-07-10,17,45.7,robert.smith@company.com,(804) 976-3291,Active
EMP001646,Ashley,Gonzalez,Ashley Gonzalez,53,HR,Manager,Chicago,76742.39,6831.04,2021-04-10,26,80.5,ashley.gonzalez@company.com,(649) 458-8975,Active
EMP001647,Daniel,Lopez,Daniel Lopez,25,HR,Analyst,Miami,69997.77,893.99,2022-05-01,2,55.9,daniel.lopez@company.com,(252) 451-3384,Inactive
EMP001648,Sarah,Martinez,Sarah Martinez,26,Operations,Coordinator,New York,39928.92,1665.33,2022-08-10,2,95.9,sarah.martinez@company.com,(595) 869-8100,Active
EMP001649,Ashley,Lopez,Ashley Lopez,56,Legal,Lead,New York,82212.03,6657.16,2020-05-18,33,100.0,ashley.lopez@company.com,(560) 539-4169,Active
EMP001650,Matthew,Garcia,Matthew Garcia,52,Engineering,Analyst,San Francisco,90152.45,8764.53,2024-03-04,24,89.0,matthew.garcia@company.com,(928) 775-5417,Active
EMP001651,Matthew,Miller,Matthew Miller,65,Operations,Lead,New York,89603.53,14808.79,2022-04-06,40,50.0,matthew.miller@company.com,(542) 827-8541,Active
EMP001652,James,Martinez,James Martinez,28,Operations,Senior Developer,New York,32901.31,3263.84,2024-12-14,2,58.3,james.martinez@company.com,(648) 976-8987,Active
EMP001653,Matthew,Johnson,Matthew Johnson,30,Sales,Associate,Chicago,48821.27,347.9,2021-11-07,1,81.7,matthew.johnson@company.com,(876) 931-8206,Active
EMP001654,William,Jones,William Jones,54,Marketing,Senior Developer,Austin,58897.41,4045.85,2023-06-17,26,67.0,william.jones@company.com,(593) 482-7461,Active
EMP001655,Jane,Martinez,Jane Martinez,37,Engineering,Director,Chicago,106903.84,9635.42,2022-05-06,13,84.1,jane.martinez@company.com,(782) 398-7841,Active
EMP001656,David,Wilson,David Wilson,63,Finance,Manager,Austin,118698.95,7107.51,2020-05-15,40,75.3,david.wilson@company.com,(367) 238-5350,Active
EMP001657,Michael,Davis,Michael Davis,41,Legal,Lead,Chicago,82579.23,13434.26,2020-08-21,15,78.0,michael.davis@company.com,(281) 885-8530,Active
EMP001658,James,Martin,James Martin,56,Operations,Specialist,Miami,73071.89,7794.58,2023-03-27,33,75.9,james.martin@company.com,(771) 761-6416,Active
EMP001659,James,Taylor,James Taylor,62,Marketing,Director,Seattle,84874.16,4451.85,2021-04-08,35,69.0,james.taylor@company.com,(222) 644-8919,Active
EMP001660,Matthew,Martinez,Matthew Martinez,33,Legal,Manager,Los Angeles,96048.73,11887.42,2023-04-26,9,96.9,matthew.martinez@company.com,(507) 463-2744,Active
EMP001661,Nicole,Davis,Nicole Davis,40,HR,Lead,Austin,74848.83,931.96,2020-11-09,12,84.8,nicole.davis@company.com,(300) 914-9883,Active
EMP001662,Stephanie,Gonzalez,Stephanie Gonzalez,34,IT,Specialist,Boston,77445.15,10270.49,2020-06-15,12,72.3,stephanie.gonzalez@company.com,(448) 366-8883,Inactive
EMP001663,Michael,Hernandez,Michael Hernandez,48,Engineering,Associate,Los Angeles,112778.56,10668.07,2024-07-27,22,44.5,michael.hernandez@company.com,(642) 357-7786,Active
EMP001664,John,Hernandez,John Hernandez,27,Operations,Specialist,San Francisco,66539.28,5999.77,2021-04-27,4,59.6,john.hernandez@company.com,(698) 703-7493,Active
EMP001665,Christopher,Wilson,Christopher Wilson,25,HR,Director,Seattle,53704.93,8932.38,2023-06-04,2,85.6,christopher.wilson@company.com,(368) 544-3608,Active
EMP001666,Anthony,Gonzalez,Anthony Gonzalez,65,Sales,Senior Developer,San Francisco,120344.15,11602.98,2020-06-17,40,82.8,anthony.gonzalez@company.com,(955) 208-3458,Active
EMP001667,Melissa,Williams,Melissa Williams,30,Marketing,Manager,New York,83641.47,3550.48,2022-08-23,1,74.1,melissa.williams@company.com,(381) 233-3186,Active
EMP001668,Amanda,Lopez,Amanda Lopez,50,Sales,Analyst,New York,65531.48,7356.04,2021-09-26,25,70.7,amanda.lopez@company.com,(538) 302-1638,On Leave
EMP001669,Michael,Johnson,Michael Johnson,37,Engineering,Analyst,Austin,110906.52,12467.49,2022-03-11,14,32.2,michael.johnson@company.com,(702) 310-5379,Active
EMP001670,Lisa,Taylor,Lisa Taylor,38,Sales,Analyst,Seattle,71600.43,8123.72,2020-05-13,16,61.8,lisa.taylor@company.com,(673) 820-5259,Active
EMP001671,Matthew,Brown,Matthew Brown,50,Legal,Specialist,Austin,61857.83,225.26,2020-03-06,22,56.4,matthew.brown@company.com,(602) 546-3667,Active
EMP001672,Daniel,Lopez,Daniel Lopez,55,Finance,Associate,Seattle,131292.02,9139.08,2022-05-06,31,67.4,daniel.lopez@company.com,(440) 516-6351,Active
EMP001673,Daniel,Jones,Daniel Jones,60,Marketing,Senior Developer,New York,91034.1,5969.33,2020-04-30,34,34.9,daniel.jones@company.com,(801) 320-3419,Active
EMP001674,Daniel,Jones,Daniel Jones,51,Marketing,Specialist,San Francisco,78732.99,10589.18,2024-04-26,26,100.0,daniel.jones@company.com,(540) 904-6242,Active
EMP001675,Melissa,Wilson,Melissa Wilson,34,IT,Specialist,San Francisco,66064.95,4223.34,2023-12-23,6,77.8,melissa.wilson@company.com,(414) 684-1554,Active
EMP001676,Christopher,Miller,Christopher Miller,57,Operations,Manager,San Francisco,79742.71,16732.6,2020-03-05,28,56.6,christopher.miller@company.com,(458) 598-4056,Active
EMP001677,Daniel,Gonzalez,Daniel Gonzalez,26,Operations,Analyst,Miami,61465.36,4882.83,2024-07-28,0,75.0,daniel.gonzalez@company.com,(534) 963-7919,Active
EMP001678,Anthony,Garcia,Anthony Garcia,50,Engineering,Specialist,Chicago,123331.37,2328.09,2022-05-01,23,75.9,anthony.garcia@company.com,(295) 698-6481,Active
EMP001679,David,Davis,David Davis,22,Legal,Director,Seattle,85763.77,15071.76,2024-01-16,0,86.5,david.davis@company.com,(384) 627-1629,Active
EMP001680,Amanda,Hernandez,Amanda Hernandez,24,Operations,Manager,Boston,55556.1,0.0,2020-08-02,0,67.4,amanda.hernandez@company.com,(694) 990-9209,Active
EMP001681,David,Hernandez,David Hernandez,53,Finance,Director,Los Angeles,87882.93,5685.46,2022-06-09,30,87.6,david.hernandez@company.com,(988) 948-1645,Active
EMP001682,Anthony,Moore,Anthony Moore,26,Finance,Manager,Miami,61079.64,5819.32,2021-08-05,0,34.4,anthony.moore@company.com,(540) 218-7673,Active
EMP001683,Michael,Thomas,Michael Thomas,24,IT,Director,Miami,93053.07,1955.85,2021-10-07,0,61.6,michael.thomas@company.com,(805) 428-8360,Active
EMP001684,Jane,Davis,Jane Davis,62,Finance,Specialist,Los Angeles,88803.53,10205.98,2020-01-09,37,50.0,jane.davis@company.com,(743) 434-1664,Active
EMP001685,Daniel,Davis,Daniel Davis,54,IT,Associate,New York,119752.17,7132.57,2020-04-07,27,78.0,daniel.davis@company.com,(277) 480-9769,Active
EMP001686,Nicole,Wilson,Nicole Wilson,36,Engineering,Manager,Seattle,71070.04,4672.44,2022-10-14,8,80.2,nicole.wilson@company.com,(794) 418-9750,Active
EMP001687,Ashley,Brown,Ashley Brown,34,HR,Coordinator,Los Angeles,43344.57,5752.91,2020-12-28,12,98.0,ashley.brown@company.com,(758) 871-4281,Active
EMP001688,Stephanie,Williams,Stephanie Williams,52,Operations,Lead,Austin,59183.07,10653.32,2020-02-12,25,78.0,stephanie.williams@company.com,(301) 332-5230,Active
EMP001689,Ashley,Rodriguez,Ashley Rodriguez,51,IT,Associate,Chicago,91514.74,5856.99,2021-02-21,23,65.5,ashley.rodriguez@company.com,(946) 367-6921,Active
EMP001690,Ashley,Martinez,Ashley Martinez,33,Sales,Analyst,San Francisco,52539.06,8344.4,2024-11-23,6,89.1,ashley.martinez@company.com,(324) 203-4924,Active
EMP001691,William,Garcia,William Garcia,54,Sales,Coordinator,Miami,75280.53,11051.39,2020-09-05,28,81.5,william.garcia@company.com,(712) 984-9758,Active
EMP001692,Sarah,Thomas,Sarah Thomas,28,Finance,Coordinator,San Francisco,81459.46,8419.66,2024-06-03,2,76.3,sarah.thomas@company.com,(294) 561-3890,Active
EMP001693,Robert,Moore,Robert Moore,50,Finance,Senior Developer,New York,81315.97,8197.16,2020-05-09,27,85.5,robert.moore@company.com,(366) 349-6604,Active
EMP001694,Nicole,Miller,Nicole Miller,28,Legal,Manager,Boston,80686.99,12346.48,2021-11-27,0,100.0,nicole.miller@company.com,(598) 974-8084,Active
EMP001695,Matthew,Gonzalez,Matthew Gonzalez,31,HR,Director,Chicago,75203.71,6626.17,2023-06-25,4,91.2,matthew.gonzalez@company.com,(852) 695-2096,On Leave
EMP001696,Jessica,Thomas,Jessica Thomas,42,Legal,Coordinator,Los Angeles,100745.59,15133.2,2023-08-08,14,73.1,jessica.thomas@company.com,(577) 403-1687,Active
EMP001697,Robert,Smith,Robert Smith,63,Operations,Coordinator,New York,70461.44,11242.44,2023-08-21,39,36.1,robert.smith@company.com,(546) 625-1121,On Leave
EMP001698,Daniel,Williams,Daniel Williams,33,Marketing,Senior Developer,San Francisco,60987.34,5319.77,2023-04-29,6,57.6,daniel.williams@company.com,(339) 684-9099,Active
EMP001699,Nicole,Hernandez,Nicole Hernandez,28,Sales,Coordinator,New York,56198.64,0.0,2021-05-18,6,75.5,nicole.hernandez@company.com,(519) 749-7973,Active
EMP001700,Sarah,Johnson,Sarah Johnson,42,Finance,Specialist,Chicago,91686.26,10273.45,2024-07-28,16,86.0,sarah.johnson@company.com,(588) 356-5598,Active
EMP001701,Stephanie,Williams,Stephanie Williams,56,Operations,Lead,San Francisco,90367.45,7640.74,2021-09-23,34,79.3,stephanie.williams@company.com,(956) 507-7666,Active
EMP001702,Ashley,Hernandez,Ashley Hernandez,35,Marketing,Analyst,San Francisco,59864.15,8982.41,2022-12-11,10,73.9,ashley.hernandez@company.com,(817) 813-2640,Active
EMP001703,Sarah,Rodriguez,Sarah Rodriguez,54,Operations,Senior Developer,Boston,92963.44,10588.47,2021-01-09,27,87.9,sarah.rodriguez@company.com,(790) 417-2291,Active
EMP001704,William,Martinez,William Martinez,57,Sales,Specialist,Seattle,101399.89,10462.14,2020-07-24,30,96.2,william.martinez@company.com,(613) 970-1667,Active
EMP001705,Stephanie,Williams,Stephanie Williams,44,Operations,Manager,Seattle,53623.21,5051.55,2020-10-07,16,71.6,stephanie.williams@company.com,(270) 296-1065,Active
EMP001706,Melissa,Johnson,Melissa Johnson,42,Legal,Associate,Boston,99008.41,14192.79,2023-01-14,17,45.4,melissa.johnson@company.com,(309) 470-3601,Active
EMP001707,Nicole,Davis,Nicole Davis,48,Sales,Analyst,Boston,90666.33,10383.87,2021-01-14,23,56.8,nicole.davis@company.com,(864) 782-2701,Active
EMP001708,John,Thomas,John Thomas,64,HR,Analyst,Chicago,92063.86,8178.73,2024-02-20,39,68.2,john.thomas@company.com,(898) 721-4909,On Leave
EMP001709,John,Taylor,John Taylor,26,Finance,Lead,Austin,50208.4,1084.53,2023-01-26,1,65.6,john.taylor@company.com,(443) 260-8040,Active
EMP001710,Christopher,Miller,Christopher Miller,25,Finance,Analyst,Boston,41374.37,2323.94,2022-04-08,2,65.4,christopher.miller@company.com,(804) 621-5713,Active
EMP001711,Lisa,Brown,Lisa Brown,42,IT,Lead,Seattle,72459.21,5412.02,2020-01-03,17,57.1,lisa.brown@company.com,(317) 615-4132,Active
EMP001712,David,Jackson,David Jackson,47,Marketing,Director,San Francisco,71161.92,3996.53,2020-09-28,22,67.8,david.jackson@company.com,(928) 241-4782,On Leave
EMP001713,Jane,Williams,Jane Williams,52,IT,Director,Chicago,62971.78,8406.29,2021-07-20,24,39.2,jane.williams@company.com,(315) 788-1046,Active
EMP001714,Sarah,Smith,Sarah Smith,36,IT,Coordinator,San Francisco,93743.54,11466.94,2021-02-26,12,88.6,sarah.smith@company.com,(657) 347-3408,Active
EMP001715,Sarah,Lopez,Sarah Lopez,59,Operations,Associate,Los Angeles,84571.68,7683.23,2023-09-12,35,72.1,sarah.lopez@company.com,(731) 896-5506,Active
EMP001716,Robert,Jones,Robert Jones,22,HR,Coordinator,Los Angeles,43794.43,8346.12,2021-01-20,0,60.7,robert.jones@company.com,(881) 878-4977,Active
EMP001717,William,Wilson,William Wilson,47,Engineering,Manager,Seattle,100255.07,21570.4,2022-06-06,22,75.5,william.wilson@company.com,(674) 362-2006,Active
EMP001718,Jane,Anderson,Jane Anderson,62,Finance,Associate,Austin,94987.5,9298.67,2020-08-14,40,56.8,jane.anderson@company.com,(494) 344-5643,Active
EMP001719,Stephanie,Smith,Stephanie Smith,44,Legal,Lead,San Francisco,89318.23,18852.2,2021-12-13,15,69.5,stephanie.smith@company.com,(510) 859-4675,Active
EMP001720,William,Thomas,William Thomas,22,IT,Analyst,Seattle,72307.35,11359.45,2022-09-10,0,79.1,william.thomas@company.com,(425) 648-3187,Active
EMP001721,Jessica,Thomas,Jessica Thomas,39,IT,Analyst,Austin,86481.55,3207.3,2020-08-12,13,71.0,jessica.thomas@company.com,(474) 938-7075,Active
EMP001722,Sarah,Rodriguez,Sarah Rodriguez,29,Finance,Manager,Los Angeles,56173.11,8983.89,2020-05-08,2,91.8,sarah.rodriguez@company.com,(780) 309-4952,Inactive
EMP001723,William,Davis,William Davis,50,Marketing,Manager,Miami,74738.24,8372.31,2020-11-01,23,68.2,william.davis@company.com,(220) 535-7876,Active
EMP001724,John,Thomas,John Thomas,40,HR,Senior Developer,Chicago,82864.56,4526.01,2024-02-09,12,100.0,john.thomas@company.com,(513) 938-7960,Active
EMP001725,William,Jackson,William Jackson,47,HR,Coordinator,Los Angeles,66031.3,13558.41,2020-07-15,21,93.5,william.jackson@company.com,(589) 683-4215,Inactive
EMP001726,James,Johnson,James Johnson,55,Operations,Lead,Boston,94812.88,8492.66,2024-04-03,33,81.9,james.johnson@company.com,(446) 745-6462,Active
EMP001727,Stephanie,Moore,Stephanie Moore,33,Engineering,Senior Developer,San Francisco,109989.64,13427.88,2023-03-03,10,85.3,stephanie.moore@company.com,(340) 436-7729,Inactive
EMP001728,Robert,Anderson,Robert Anderson,55,IT,Senior Developer,San Francisco,74992.86,0.0,2023-10-26,30,60.5,robert.anderson@company.com,(761) 651-3223,Active
EMP001729,Robert,Miller,Robert Miller,47,Operations,Manager,San Francisco,40912.17,5075.17,2021-06-09,23,52.8,robert.miller@company.com,(211) 801-7703,Active
EMP001730,William,Jackson,William Jackson,39,Legal,Senior Developer,Austin,69744.02,3046.16,2021-11-28,16,74.9,william.jackson@company.com,(442) 826-2946,Active
EMP001731,William,Martin,William Martin,24,HR,Lead,New York,50946.58,2320.63,2023-11-12,1,68.5,william.martin@company.com,(483) 754-3736,Active
EMP001732,John,Thomas,John Thomas,40,HR,Coordinator,Los Angeles,68727.96,8458.76,2020-07-23,12,67.7,john.thomas@company.com,(290) 715-4757,Inactive
EMP001733,William,Smith,William Smith,38,IT,Coordinator,Boston,101185.63,3312.45,2024-03-22,13,48.4,william.smith@company.com,(663) 769-3691,Active
EMP001734,Sarah,Jackson,Sarah Jackson,60,Engineering,Director,Seattle,134845.68,4711.15,2020-12-18,31,70.5,sarah.jackson@company.com,(360) 439-1740,Active
EMP001735,Robert,Miller,Robert Miller,54,HR,Specialist,Chicago,107836.49,4738.5,2022-08-01,30,81.6,robert.miller@company.com,(262) 877-8364,Active
EMP001736,David,Johnson,David Johnson,62,Sales,Coordinator,Austin,54589.66,8059.51,2023-07-08,40,67.3,david.johnson@company.com,(974) 979-5908,Active
EMP001737,Stephanie,Jones,Stephanie Jones,54,Sales,Lead,Chicago,83682.15,10045.79,2022-02-13,30,49.1,stephanie.jones@company.com,(207) 375-7136,Active
EMP001738,Emily,Wilson,Emily Wilson,64,Sales,Analyst,San Francisco,103761.33,13599.24,2021-03-09,39,87.8,emily.wilson@company.com,(274) 357-7800,Active
EMP001739,Jessica,Garcia,Jessica Garcia,55,Finance,Lead,Boston,78773.76,12430.21,2020-11-18,32,100.0,jessica.garcia@company.com,(808) 745-4532,On Leave
EMP001740,Stephanie,Garcia,Stephanie Garcia,65,Legal,Coordinator,Seattle,134727.0,11438.11,2021-06-16,40,89.9,stephanie.garcia@company.com,(820) 419-1328,Active
EMP001741,Ashley,Gonzalez,Ashley Gonzalez,45,Legal,Senior Developer,San Francisco,69738.99,8254.7,2024-06-19,19,61.5,ashley.gonzalez@company.com,(911) 329-1881,Active
EMP001742,Nicole,Brown,Nicole Brown,29,Legal,Analyst,Los Angeles,71199.48,3978.06,2020-04-18,1,42.0,nicole.brown@company.com,(730) 384-9831,Inactive
EMP001743,David,Davis,David Davis,35,Engineering,Director,San Francisco,74185.29,1155.98,2023-01-08,6,72.2,david.davis@company.com,(765) 285-6556,Active
EMP001744,Michael,Rodriguez,Michael Rodriguez,56,Finance,Analyst,Boston,83591.59,384.32,2024-08-22,33,51.0,michael.rodriguez@company.com,(382) 245-8007,Active
EMP001745,Robert,Jones,Robert Jones,33,HR,Analyst,San Francisco,43667.64,6034.74,2023-07-03,9,75.2,robert.jones@company.com,(652) 273-7916,Active
EMP001746,Nicole,Williams,Nicole Williams,40,Operations,Analyst,Miami,60764.93,7443.18,2023-10-27,13,56.3,nicole.williams@company.com,(482) 545-1490,Active
EMP001747,John,Smith,John Smith,38,Engineering,Senior Developer,New York,83495.92,6111.83,2021-10-22,9,83.1,john.smith@company.com,(368) 975-2328,Active
EMP001748,Robert,Thomas,Robert Thomas,60,Sales,Coordinator,Miami,111391.09,11445.45,2020-04-27,37,89.2,robert.thomas@company.com,(845) 966-1423,Active
EMP001749,Amanda,Hernandez,Amanda Hernandez,64,IT,Specialist,San Francisco,119738.26,13578.51,2024-03-21,38,83.9,amanda.hernandez@company.com,(499) 467-3609,Active
EMP001750,David,Martin,David Martin,42,Legal,Lead,Seattle,60451.5,9703.61,2022-12-05,15,74.5,david.martin@company.com,(986) 278-3467,Active
EMP001751,Ashley,Taylor,Ashley Taylor,33,Engineering,Associate,Boston,122333.89,8034.04,2022-08-18,4,79.8,ashley.taylor@company.com,(241) 719-8121,Active
EMP001752,Jane,Martin,Jane Martin,63,Engineering,Specialist,New York,140205.83,20964.02,2024-12-19,37,66.4,jane.martin@company.com,(451) 586-6658,Active
EMP001753,Michael,Lopez,Michael Lopez,50,Finance,Associate,Chicago,70041.21,6600.79,2022-02-12,24,100.0,michael.lopez@company.com,(776) 325-4863,Active
EMP001754,William,Taylor,William Taylor,56,HR,Coordinator,Boston,74430.22,8572.89,2023-09-16,34,85.7,william.taylor@company.com,(250) 574-6081,Active
EMP001755,Anthony,Gonzalez,Anthony Gonzalez,53,Engineering,Lead,New York,115550.88,0.0,2020-04-18,28,64.2,anthony.gonzalez@company.com,(616) 412-4938,Active
EMP001756,Lisa,Moore,Lisa Moore,50,Legal,Manager,Boston,101410.91,18232.13,2024-04-30,23,74.3,lisa.moore@company.com,(839) 997-9615,Active
EMP001757,Michael,Johnson,Michael Johnson,65,Finance,Senior Developer,New York,103999.98,8907.64,2024-11-07,36,57.8,michael.johnson@company.com,(601) 458-9660,Active
EMP001758,Nicole,Taylor,Nicole Taylor,26,Engineering,Specialist,Seattle,101474.5,10539.51,2024-10-21,0,56.8,nicole.taylor@company.com,(859) 381-9969,Inactive
EMP001759,Melissa,Davis,Melissa Davis,28,HR,Director,Los Angeles,71087.15,1825.94,2022-12-18,1,70.3,melissa.davis@company.com,(863) 265-7548,Active
EMP001760,David,Williams,David Williams,41,Marketing,Specialist,Los Angeles,81544.92,12570.74,2024-01-26,12,48.1,david.williams@company.com,(374) 734-6038,Active
EMP001761,Emily,Smith,Emily Smith,24,HR,Analyst,Los Angeles,61892.98,5051.13,2022-01-24,0,55.2,emily.smith@company.com,(939) 942-9656,Active
EMP001762,Sarah,Martinez,Sarah Martinez,32,Finance,Lead,San Francisco,83751.8,0.0,2024-11-23,3,85.3,sarah.martinez@company.com,(241) 599-5777,Inactive
EMP001763,Christopher,Garcia,Christopher Garcia,54,Operations,Specialist,Boston,62276.93,6522.04,2024-11-09,25,76.9,christopher.garcia@company.com,(243) 391-7607,Active
EMP001764,Amanda,Hernandez,Amanda Hernandez,60,Marketing,Director,Seattle,109336.77,5331.05,2024-11-07,31,58.3,amanda.hernandez@company.com,(946) 223-2386,Active
EMP001765,Ashley,Wilson,Ashley Wilson,51,Finance,Manager,Seattle,78672.48,6176.67,2024-04-30,25,92.8,ashley.wilson@company.com,(431) 948-2785,Active
EMP001766,Nicole,Taylor,Nicole Taylor,46,Marketing,Coordinator,Seattle,81351.98,2606.01,2024-01-25,19,75.8,nicole.taylor@company.com,(337) 676-2008,Active
EMP001767,James,Johnson,James Johnson,53,Finance,Specialist,New York,82724.84,7805.12,2021-05-04,31,74.5,james.johnson@company.com,(409) 421-4423,On Leave
EMP001768,Amanda,Miller,Amanda Miller,29,Finance,Senior Developer,Boston,82747.94,13090.97,2022-03-19,1,100.0,amanda.miller@company.com,(945) 427-3316,Active
EMP001769,Michael,Brown,Michael Brown,47,Legal,Senior Developer,Miami,103018.7,14321.52,2023-01-19,20,90.0,michael.brown@company.com,(249) 821-4254,Active
EMP001770,Michael,Miller,Michael Miller,29,Legal,Analyst,Austin,88834.73,12670.85,2022-04-09,1,100.0,michael.miller@company.com,(859) 530-4698,Active
EMP001771,Stephanie,Johnson,Stephanie Johnson,39,Sales,Lead,San Francisco,67046.66,8077.18,2024-04-02,11,64.9,stephanie.johnson@company.com,(535) 598-2561,Active
EMP001772,Matthew,Wilson,Matthew Wilson,63,Engineering,Analyst,New York,109208.71,14591.23,2021-03-03,34,43.8,matthew.wilson@company.com,(227) 230-2748,Active
EMP001773,Stephanie,Brown,Stephanie Brown,59,Marketing,Director,New York,81280.81,6975.6,2023-11-10,34,64.9,stephanie.brown@company.com,(586) 541-8737,Active
EMP001774,Melissa,Rodriguez,Melissa Rodriguez,55,Finance,Associate,San Francisco,84167.31,7170.26,2020-01-07,30,79.8,melissa.rodriguez@company.com,(835) 896-4501,Active
EMP001775,Lisa,Lopez,Lisa Lopez,60,Marketing,Senior Developer,New York,84647.02,5285.12,2021-09-29,31,100.0,lisa.lopez@company.com,(818) 272-3018,Inactive
EMP001776,Anthony,Martinez,Anthony Martinez,33,Sales,Director,Seattle,68484.14,6048.09,2021-04-18,9,85.7,anthony.martinez@company.com,(606) 742-8820,Active
EMP001777,John,Jackson,John Jackson,25,Marketing,Director,Los Angeles,65447.57,7804.41,2020-12-15,1,96.3,john.jackson@company.com,(940) 361-4532,Active
EMP001778,Matthew,Jones,Matthew Jones,33,Sales,Lead,Austin,77859.23,7911.22,2021-07-17,10,79.4,matthew.jones@company.com,(543) 545-7852,Active
EMP001779,William,Johnson,William Johnson,61,Finance,Associate,Chicago,122308.89,8825.94,2024-03-10,36,84.9,william.johnson@company.com,(243) 575-1348,Active
EMP001780,James,Davis,James Davis,58,Legal,Associate,Los Angeles,108611.98,22678.69,2022-06-10,34,75.5,james.davis@company.com,(961) 247-9508,Active
EMP001781,Sarah,Jones,Sarah Jones,44,IT,Manager,New York,110222.27,10713.52,2021-01-30,17,79.4,sarah.jones@company.com,(256) 732-4328,Active
EMP001782,Christopher,Martin,Christopher Martin,57,Sales,Associate,New York,89395.13,10335.55,2020-11-11,30,66.9,christopher.martin@company.com,(901) 666-2190,Active
EMP001783,Robert,Brown,Robert Brown,61,Marketing,Specialist,Austin,86880.23,7000.3,2021-11-28,39,68.8,robert.brown@company.com,(564) 253-8041,Active
EMP001784,Emily,Wilson,Emily Wilson,56,Sales,Lead,Miami,55903.18,3954.77,2022-05-19,30,89.7,emily.wilson@company.com,(981) 774-3336,Active
EMP001785,Matthew,Rodriguez,Matthew Rodriguez,43,Finance,Senior Developer,New York,53601.31,243.73,2021-05-10,16,81.6,matthew.rodriguez@company.com,(511) 767-1081,Active
EMP001786,Daniel,Miller,Daniel Miller,25,Operations,Director,Seattle,60811.96,4785.51,2022-09-03,0,75.8,daniel.miller@company.com,(883) 763-9660,Active
EMP001787,Jane,Miller,Jane Miller,63,HR,Senior Developer,Boston,75298.45,12792.55,2020-04-19,35,85.1,jane.miller@company.com,(304) 883-7071,Active
EMP001788,John,Martin,John Martin,46,Engineering,Senior Developer,Boston,124236.44,16145.43,2024-07-03,24,84.9,john.martin@company.com,(496) 492-3978,Inactive
EMP001789,Daniel,Rodriguez,Daniel Rodriguez,59,Marketing,Associate,Los Angeles,103544.02,2312.74,2024-04-19,34,42.2,daniel.rodriguez@company.com,(839) 786-7158,Inactive
EMP001790,Ashley,Moore,Ashley Moore,51,Legal,Specialist,San Francisco,113486.54,8364.63,2020-10-24,26,63.8,ashley.moore@company.com,(748) 574-7293,Active
EMP001791,Anthony,Davis,Anthony Davis,57,Marketing,Senior Developer,Boston,100765.25,16003.99,2021-08-25,28,90.9,anthony.davis@company.com,(221) 990-9199,Inactive
EMP001792,Anthony,Martin,Anthony Martin,46,HR,Director,Chicago,58701.92,10320.2,2020-08-09,18,71.3,anthony.martin@company.com,(389) 999-4654,Active
EMP001793,David,Wilson,David Wilson,33,IT,Associate,New York,62865.22,6700.48,2023-06-28,8,97.2,david.wilson@company.com,(916) 223-8749,Active
EMP001794,Sarah,Anderson,Sarah Anderson,56,IT,Lead,New York,137222.48,9249.56,2020-12-22,30,63.3,sarah.anderson@company.com,(967) 421-6070,Active
EMP001795,Jessica,Taylor,Jessica Taylor,25,HR,Coordinator,Boston,28691.17,4309.24,2023-08-24,0,71.8,jessica.taylor@company.com,(449) 732-3269,Active
EMP001796,Nicole,Smith,Nicole Smith,53,Finance,Coordinator,New York,57394.26,8222.56,2022-04-14,27,75.8,nicole.smith@company.com,(879) 320-3334,Inactive
EMP001797,Anthony,Martin,Anthony Martin,36,IT,Manager,Boston,56270.98,2427.07,2023-01-29,14,92.9,anthony.martin@company.com,(350) 615-6877,Active
EMP001798,David,Wilson,David Wilson,26,Finance,Associate,San Francisco,61462.45,8050.55,2023-03-19,0,50.1,david.wilson@company.com,(587) 552-7667,Active
EMP001799,Robert,Smith,Robert Smith,38,Legal,Senior Developer,Los Angeles,83874.66,14277.66,2023-10-08,14,73.1,robert.smith@company.com,(902) 349-4117,Active
EMP001800,James,Jackson,James Jackson,56,Operations,Specialist,San Francisco,93288.21,13429.48,2024-09-23,32,56.1,james.jackson@company.com,(396) 995-5375,Active
EMP001801,David,Davis,David Davis,49,Finance,Manager,Seattle,55193.09,5580.63,2024-10-16,26,72.8,david.davis@company.com,(230) 368-8838,Active
EMP001802,John,Smith,John Smith,59,IT,Associate,Los Angeles,124154.49,10441.23,2020-05-08,31,61.4,john.smith@company.com,(256) 319-7343,Active
EMP001803,Michael,Williams,Michael Williams,47,HR,Manager,Boston,74813.2,14039.43,2020-04-08,21,51.6,michael.williams@company.com,(267) 584-9647,Active
EMP001804,William,Williams,William Williams,37,Finance,Coordinator,San Francisco,70534.98,9350.36,2020-04-21,12,100.0,william.williams@company.com,(664) 617-3903,Inactive
EMP001805,Matthew,Miller,Matthew Miller,31,Legal,Analyst,Los Angeles,46554.59,3543.18,2020-04-13,2,49.2,matthew.miller@company.com,(947) 577-4612,Active
EMP001806,William,Smith,William Smith,47,Legal,Lead,Miami,96163.63,12983.14,2023-05-11,24,34.2,william.smith@company.com,(488) 600-3659,Active
EMP001807,Daniel,Jones,Daniel Jones,55,IT,Analyst,Los Angeles,97052.48,9344.48,2023-05-06,31,81.9,daniel.jones@company.com,(340) 552-1318,Active
EMP001808,Michael,Thomas,Michael Thomas,36,Legal,Manager,Los Angeles,82539.66,5389.11,2020-11-25,8,64.3,michael.thomas@company.com,(778) 916-2094,Active
EMP001809,William,Smith,William Smith,56,IT,Senior Developer,Seattle,92256.11,11183.72,2021-02-03,27,95.3,william.smith@company.com,(403) 407-8436,Active
EMP001810,David,Hernandez,David Hernandez,34,Operations,Director,Chicago,51752.74,6758.18,2021-12-07,6,72.1,david.hernandez@company.com,(610) 311-8654,Active
EMP001811,Michael,Anderson,Michael Anderson,55,Engineering,Analyst,Austin,111306.48,0.0,2023-10-20,31,48.9,michael.anderson@company.com,(304) 280-3676,Active
EMP001812,Sarah,Davis,Sarah Davis,28,IT,Coordinator,Austin,80327.3,15276.49,2020-09-28,0,77.9,sarah.davis@company.com,(678) 707-9947,Active
EMP001813,Amanda,Gonzalez,Amanda Gonzalez,54,Sales,Director,Austin,74140.3,9853.35,2022-07-05,25,58.5,amanda.gonzalez@company.com,(276) 883-9932,Active
EMP001814,William,Jackson,William Jackson,26,Engineering,Coordinator,Chicago,94302.59,11111.15,2020-04-07,1,90.1,william.jackson@company.com,(344) 605-5817,Active
EMP001815,Sarah,Wilson,Sarah Wilson,53,Finance,Manager,Seattle,88706.35,8772.68,2021-04-29,28,68.3,sarah.wilson@company.com,(662) 409-5098,Active
EMP001816,Christopher,Thomas,Christopher Thomas,45,Sales,Lead,Chicago,64277.43,6097.19,2024-02-26,16,88.0,christopher.thomas@company.com,(711) 883-9411,Active
EMP001817,Emily,Williams,Emily Williams,44,Engineering,Senior Developer,Chicago,128084.75,8719.93,2024-12-03,17,76.7,emily.williams@company.com,(703) 803-9785,Active
EMP001818,Sarah,Miller,Sarah Miller,63,Finance,Analyst,Los Angeles,116947.93,5279.79,2023-03-18,34,67.1,sarah.miller@company.com,(759) 548-9049,Active
EMP001819,Lisa,Anderson,Lisa Anderson,38,HR,Director,Los Angeles,59235.76,6520.61,2024-11-26,16,95.4,lisa.anderson@company.com,(752) 448-2883,Active
EMP001820,Emily,Moore,Emily Moore,50,Operations,Manager,Los Angeles,69260.46,9406.54,2021-11-24,21,65.7,emily.moore@company.com,(434) 786-8366,On Leave
EMP001821,John,Thomas,John Thomas,22,IT,Senior Developer,Los Angeles,87480.87,17879.98,2022-07-17,0,100.0,john.thomas@company.com,(689) 916-2000,Active
EMP001822,Melissa,Davis,Melissa Davis,53,IT,Manager,Chicago,91206.12,8644.71,2022-01-17,30,81.8,melissa.davis@company.com,(982) 202-7162,Active
EMP001823,Michael,Garcia,Michael Garcia,47,Marketing,Coordinator,Austin,75710.04,14837.5,2021-11-02,25,76.0,michael.garcia@company.com,(890) 363-2412,On Leave
EMP001824,Amanda,Smith,Amanda Smith,31,Operations,Senior Developer,Miami,59613.32,10401.33,2023-11-07,8,79.2,amanda.smith@company.com,(471) 614-3463,Active
EMP001825,Matthew,Garcia,Matthew Garcia,50,Sales,Coordinator,Chicago,88188.49,16489.77,2023-03-08,27,72.4,matthew.garcia@company.com,(607) 667-1646,Active
EMP001826,Nicole,Rodriguez,Nicole Rodriguez,24,HR,Specialist,Los Angeles,54431.33,0.0,2024-05-23,0,79.1,nicole.rodriguez@company.com,(759) 216-3594,Active
EMP001827,Jane,Hernandez,Jane Hernandez,23,Engineering,Associate,Austin,115442.65,18010.57,2024-01-12,0,100.0,jane.hernandez@company.com,(812) 933-5108,Active
EMP001828,Ashley,Jones,Ashley Jones,25,Finance,Senior Developer,Boston,73800.41,7192.59,2023-08-18,2,74.1,ashley.jones@company.com,(286) 490-6681,Active
EMP001829,Nicole,Taylor,Nicole Taylor,26,Legal,Lead,New York,55265.62,6203.88,2020-07-06,3,63.4,nicole.taylor@company.com,(565) 383-4854,Inactive
EMP001830,Christopher,Anderson,Christopher Anderson,40,IT,Director,Miami,99482.29,6639.77,2023-01-09,16,58.2,christopher.anderson@company.com,(987) 872-4059,Active
EMP001831,Lisa,Anderson,Lisa Anderson,50,Finance,Senior Developer,Los Angeles,92550.91,4937.1,2023-06-11,21,48.6,lisa.anderson@company.com,(265) 936-8559,Active
EMP001832,Nicole,Thomas,Nicole Thomas,28,IT,Associate,Chicago,56935.23,5521.62,2022-11-01,1,68.1,nicole.thomas@company.com,(709) 935-3521,Active
EMP001833,David,Hernandez,David Hernandez,64,HR,Manager,Miami,100590.65,13574.47,2024-06-07,38,99.7,david.hernandez@company.com,(858) 744-6214,Active
EMP001834,John,Gonzalez,John Gonzalez,29,Marketing,Coordinator,Austin,51076.21,4025.32,2020-04-16,6,68.1,john.gonzalez@company.com,(912) 475-1489,Active
EMP001835,Amanda,Gonzalez,Amanda Gonzalez,38,IT,Lead,Boston,76057.91,10340.71,2023-03-11,9,100.0,amanda.gonzalez@company.com,(239) 231-3045,Active
EMP001836,Nicole,Garcia,Nicole Garcia,52,Operations,Specialist,Boston,92562.09,14208.85,2021-05-29,30,75.5,nicole.garcia@company.com,(386) 736-7441,Active
EMP001837,Christopher,Miller,Christopher Miller,24,Marketing,Specialist,Boston,70765.64,8250.51,2021-01-15,0,84.8,christopher.miller@company.com,(853) 452-3180,Active
EMP001838,Anthony,Rodriguez,Anthony Rodriguez,54,IT,Director,Austin,71712.17,4816.82,2023-01-23,25,72.8,anthony.rodriguez@company.com,(786) 305-6573,Active
EMP001839,William,Williams,William Williams,32,Operations,Coordinator,Chicago,61286.69,8491.62,2024-01-19,8,44.9,william.williams@company.com,(694) 382-6625,Active
EMP001840,Anthony,Garcia,Anthony Garcia,65,IT,Director,Austin,98284.34,5728.64,2021-12-04,43,77.7,anthony.garcia@company.com,(742) 822-7062,Active
EMP001841,Matthew,Brown,Matthew Brown,34,IT,Coordinator,Boston,89286.03,24801.95,2020-02-22,10,70.8,matthew.brown@company.com,(861) 701-9502,Active
EMP001842,Christopher,Moore,Christopher Moore,33,Operations,Coordinator,New York,59590.34,4927.49,2024-03-28,9,66.9,christopher.moore@company.com,(699) 991-5707,Active
EMP001843,Jessica,Smith,Jessica Smith,24,HR,Senior Developer,Seattle,42819.34,2622.76,2024-12-02,0,85.8,jessica.smith@company.com,(891) 724-2220,Inactive
EMP001844,Sarah,Thomas,Sarah Thomas,27,Legal,Manager,Chicago,102651.77,16218.56,2021-02-11,3,52.6,sarah.thomas@company.com,(734) 921-6465,Active
EMP001845,William,Johnson,William Johnson,42,Sales,Director,Boston,70009.63,10764.76,2022-03-18,15,74.4,william.johnson@company.com,(514) 290-6328,Active
EMP001846,Sarah,Hernandez,Sarah Hernandez,42,Operations,Senior Developer,Austin,75912.77,1712.44,2021-03-19,16,70.4,sarah.hernandez@company.com,(946) 377-6998,Active
EMP001847,Robert,Wilson,Robert Wilson,58,Legal,Director,San Francisco,96264.07,17179.96,2024-06-23,29,60.3,robert.wilson@company.com,(636) 658-6198,Active
EMP001848,Lisa,Rodriguez,Lisa Rodriguez,50,Marketing,Specialist,San Francisco,65882.87,10282.67,2024-04-25,25,64.3,lisa.rodriguez@company.com,(289) 236-6797,Active
EMP001849,Christopher,Martin,Christopher Martin,59,Sales,Manager,Miami,94632.48,13384.06,2023-05-24,32,66.1,christopher.martin@company.com,(950) 334-8831,Active
EMP001850,Amanda,Jones,Amanda Jones,24,HR,Associate,Boston,43205.31,3182.23,2020-11-29,2,60.0,amanda.jones@company.com,(340) 538-8014,Active
EMP001851,James,Jackson,James Jackson,40,IT,Lead,Miami,67496.64,3155.02,2021-07-26,11,60.4,james.jackson@company.com,(505) 371-3264,Active
EMP001852,James,Taylor,James Taylor,29,Operations,Coordinator,Seattle,44912.61,5117.6,2024-02-09,1,100.0,james.taylor@company.com,(802) 632-6959,Active
EMP001853,James,Martin,James Martin,35,Finance,Analyst,Chicago,59484.37,1977.9,2021-09-15,10,93.7,james.martin@company.com,(829) 321-2359,Active
EMP001854,Stephanie,Hernandez,Stephanie Hernandez,57,Engineering,Manager,Chicago,128234.42,7865.96,2024-12-12,30,72.7,stephanie.hernandez@company.com,(240) 243-3554,Active
EMP001855,Amanda,Davis,Amanda Davis,58,HR,Director,San Francisco,71611.19,8687.44,2020-09-25,35,78.7,amanda.davis@company.com,(858) 318-6340,Inactive
EMP001856,Michael,Miller,Michael Miller,25,Engineering,Coordinator,Boston,97723.96,15711.47,2022-09-11,0,69.5,michael.miller@company.com,(234) 734-4343,Active
EMP001857,Stephanie,Moore,Stephanie Moore,34,Marketing,Specialist,San Francisco,89251.61,17561.36,2021-09-13,8,100.0,stephanie.moore@company.com,(491) 732-9598,Active
EMP001858,Christopher,Jackson,Christopher Jackson,26,Legal,Lead,Chicago,64113.25,7377.53,2024-10-07,0,78.6,christopher.jackson@company.com,(906) 427-7931,Active
EMP001859,Daniel,Martinez,Daniel Martinez,33,IT,Manager,Chicago,74794.71,4430.32,2020-09-22,5,68.0,daniel.martinez@company.com,(575) 727-3747,Inactive
EMP001860,Ashley,Miller,Ashley Miller,58,Sales,Analyst,Austin,67875.85,4549.96,2023-12-20,35,83.2,ashley.miller@company.com,(756) 308-3190,Active
EMP001861,Michael,Jones,Michael Jones,33,HR,Manager,Chicago,56330.73,3317.41,2023-07-07,8,89.1,michael.jones@company.com,(512) 839-2517,Active
EMP001862,John,Williams,John Williams,32,HR,Specialist,Los Angeles,41657.33,4419.16,2022-09-29,3,88.4,john.williams@company.com,(363) 408-8588,Active
EMP001863,Nicole,Garcia,Nicole Garcia,64,Legal,Senior Developer,Los Angeles,104571.21,3742.52,2023-09-24,40,92.7,nicole.garcia@company.com,(666) 381-3960,Inactive
EMP001864,Melissa,Anderson,Melissa Anderson,48,Operations,Coordinator,Seattle,57203.3,8280.14,2023-02-25,25,79.1,melissa.anderson@company.com,(842) 472-8927,Active
EMP001865,David,Jackson,David Jackson,24,Engineering,Analyst,Boston,62146.38,5363.8,2023-06-20,0,85.0,david.jackson@company.com,(292) 723-8431,Active
EMP001866,Nicole,Davis,Nicole Davis,54,Sales,Manager,Los Angeles,93629.84,7165.74,2023-01-30,32,100.0,nicole.davis@company.com,(386) 935-8201,On Leave
EMP001867,Melissa,Garcia,Melissa Garcia,58,Sales,Director,Miami,94833.59,17389.57,2021-02-10,32,56.6,melissa.garcia@company.com,(653) 934-4559,Inactive
EMP001868,Anthony,Garcia,Anthony Garcia,64,Engineering,Analyst,Boston,133583.9,26532.06,2020-12-19,42,82.1,anthony.garcia@company.com,(358) 790-4507,Active
EMP001869,Emily,Brown,Emily Brown,30,IT,Senior Developer,Boston,83539.94,13939.96,2023-08-04,1,88.5,emily.brown@company.com,(510) 441-3357,Active
EMP001870,Emily,Hernandez,Emily Hernandez,61,Operations,Director,Austin,49299.35,5704.25,2021-10-17,36,71.3,emily.hernandez@company.com,(769) 515-5370,Active
EMP001871,Melissa,Anderson,Melissa Anderson,30,Legal,Analyst,Austin,74073.44,4462.13,2024-07-13,1,79.7,melissa.anderson@company.com,(602) 496-5049,Inactive
EMP001872,Anthony,Hernandez,Anthony Hernandez,60,Finance,Lead,Seattle,106703.51,17107.71,2023-06-05,31,70.6,anthony.hernandez@company.com,(932) 942-2908,Active
EMP001873,Daniel,Martin,Daniel Martin,45,Legal,Analyst,New York,95826.17,6711.14,2023-03-15,17,47.5,daniel.martin@company.com,(378) 650-2144,Active
EMP001874,James,Davis,James Davis,63,Legal,Senior Developer,Miami,126634.39,15245.58,2021-03-14,34,96.1,james.davis@company.com,(702) 924-6355,Active
EMP001875,Nicole,Taylor,Nicole Taylor,63,HR,Analyst,Chicago,79876.83,10429.42,2020-02-27,39,72.2,nicole.taylor@company.com,(891) 970-2614,Active
EMP001876,Amanda,Gonzalez,Amanda Gonzalez,57,Engineering,Analyst,Austin,115622.27,12300.67,2020-03-18,29,67.4,amanda.gonzalez@company.com,(245) 471-9010,Active
EMP001877,Daniel,Taylor,Daniel Taylor,29,Legal,Director,Boston,89292.8,11755.56,2023-11-20,6,90.6,daniel.taylor@company.com,(957) 939-7098,Active
EMP001878,Amanda,Garcia,Amanda Garcia,58,HR,Manager,Los Angeles,78695.14,8931.31,2024-06-23,29,67.5,amanda.garcia@company.com,(968) 987-1662,Active
EMP001879,William,Martinez,William Martinez,43,HR,Senior Developer,Los Angeles,80009.05,4413.83,2024-07-26,16,63.3,william.martinez@company.com,(786) 787-6254,Active
EMP001880,Michael,Lopez,Michael Lopez,40,Marketing,Senior Developer,Austin,28500.0,4316.58,2020-02-16,15,58.0,michael.lopez@company.com,(997) 352-3743,Active
EMP001881,Anthony,Lopez,Anthony Lopez,38,Engineering,Specialist,San Francisco,85964.36,8767.13,2021-02-11,13,66.5,anthony.lopez@company.com,(689) 483-9378,Active
EMP001882,Lisa,Miller,Lisa Miller,46,Engineering,Lead,Los Angeles,72093.9,7614.75,2020-06-18,24,71.3,lisa.miller@company.com,(415) 903-9189,Active
EMP001883,Sarah,Jones,Sarah Jones,63,IT,Analyst,New York,119850.67,2913.39,2024-02-07,37,70.3,sarah.jones@company.com,(355) 318-4395,Active
EMP001884,Daniel,Wilson,Daniel Wilson,59,Legal,Manager,Chicago,120828.92,4326.5,2020-08-23,30,82.8,daniel.wilson@company.com,(820) 989-2462,Active
EMP001885,Christopher,Gonzalez,Christopher Gonzalez,34,Sales,Analyst,Chicago,78843.43,7537.05,2020-03-26,11,67.7,christopher.gonzalez@company.com,(323) 832-1522,Active
EMP001886,James,Taylor,James Taylor,60,Legal,Director,Austin,106790.09,4157.49,2023-06-29,33,95.3,james.taylor@company.com,(964) 947-4507,Active
EMP001887,Anthony,Miller,Anthony Miller,38,IT,Coordinator,Los Angeles,93674.01,5521.33,2021-03-02,13,51.1,anthony.miller@company.com,(749) 213-3930,Active
EMP001888,Ashley,Taylor,Ashley Taylor,55,Sales,Specialist,Chicago,92062.76,10016.91,2020-12-26,28,69.7,ashley.taylor@company.com,(302) 292-5660,Active
EMP001889,Nicole,Gonzalez,Nicole Gonzalez,41,Marketing,Manager,Boston,69669.82,3598.86,2023-03-26,12,72.4,nicole.gonzalez@company.com,(880) 534-3205,Active
EMP001890,Ashley,Gonzalez,Ashley Gonzalez,57,Marketing,Director,New York,98157.27,12762.84,2023-12-05,28,70.0,ashley.gonzalez@company.com,(575) 558-7234,Active
EMP001891,Michael,Smith,Michael Smith,48,HR,Analyst,Boston,62381.88,9195.53,2024-05-14,25,71.9,michael.smith@company.com,(911) 797-9135,Active
EMP001892,Sarah,Davis,Sarah Davis,38,Legal,Analyst,San Francisco,82263.35,16367.03,2021-07-18,13,65.5,sarah.davis@company.com,(395) 634-6882,Active
EMP001893,Nicole,Lopez,Nicole Lopez,25,IT,Analyst,Seattle,42052.74,0.0,2021-03-10,0,70.6,nicole.lopez@company.com,(227) 465-2227,Inactive
EMP001894,David,Smith,David Smith,43,Marketing,Manager,Miami,73464.5,8678.11,2022-05-15,21,65.8,david.smith@company.com,(326) 570-3653,Active
EMP001895,Nicole,Thomas,Nicole Thomas,59,Finance,Analyst,New York,124474.92,10205.22,2023-05-11,31,91.7,nicole.thomas@company.com,(834) 262-8259,Active
EMP001896,Michael,Wilson,Michael Wilson,24,IT,Associate,New York,82245.56,2006.77,2021-04-12,0,87.4,michael.wilson@company.com,(333) 329-5610,Active
EMP001897,Sarah,Hernandez,Sarah Hernandez,56,Operations,Analyst,Seattle,101028.81,9478.05,2024-08-22,31,75.8,sarah.hernandez@company.com,(900) 846-1124,Active
EMP001898,Ashley,Johnson,Ashley Johnson,27,HR,Senior Developer,New York,50407.98,8104.17,2020-02-04,5,78.9,ashley.johnson@company.com,(830) 571-7644,On Leave
EMP001899,Anthony,Anderson,Anthony Anderson,60,Operations,Specialist,Los Angeles,103862.56,12453.44,2023-06-29,36,64.6,anthony.anderson@company.com,(266) 579-8255,Active
EMP001900,Amanda,Lopez,Amanda Lopez,33,Finance,Analyst,Los Angeles,100310.37,10350.01,2021-05-19,5,84.4,amanda.lopez@company.com,(457) 691-2743,Active
EMP001901,William,Anderson,William Anderson,28,IT,Senior Developer,New York,63063.58,3777.94,2020-03-31,4,77.0,william.anderson@company.com,(768) 260-2941,Active
EMP001902,Matthew,Brown,Matthew Brown,38,Engineering,Manager,Austin,92711.18,11443.06,2024-07-08,15,57.3,matthew.brown@company.com,(954) 622-4765,Active
EMP001903,Christopher,Rodriguez,Christopher Rodriguez,50,Sales,Analyst,Miami,83576.98,8090.1,2022-05-17,23,100.0,christopher.rodriguez@company.com,(728) 243-9919,Active
EMP001904,Sarah,Lopez,Sarah Lopez,60,Legal,Analyst,San Francisco,78440.88,11023.41,2023-04-28,37,67.1,sarah.lopez@company.com,(231) 937-2772,On Leave
EMP001905,Jane,Anderson,Jane Anderson,49,Sales,Manager,Austin,85207.23,12848.98,2022-04-16,26,74.6,jane.anderson@company.com,(663) 304-5038,Active
EMP001906,Jessica,Hernandez,Jessica Hernandez,54,Sales,Specialist,New York,77149.3,4270.44,2022-01-09,26,100.0,jessica.hernandez@company.com,(743) 482-9061,Active
EMP001907,Christopher,Garcia,Christopher Garcia,30,Sales,Manager,Austin,65319.6,4313.71,2020-02-05,6,68.4,christopher.garcia@company.com,(778) 645-3977,Active
EMP001908,Matthew,Lopez,Matthew Lopez,49,Legal,Associate,Los Angeles,81412.36,6585.23,2023-05-05,21,44.3,matthew.lopez@company.com,(459) 708-1486,Active
EMP001909,Nicole,Smith,Nicole Smith,26,Operations,Director,Austin,59455.97,2958.77,2023-05-28,0,74.4,nicole.smith@company.com,(612) 360-8200,Inactive
EMP001910,Stephanie,Gonzalez,Stephanie Gonzalez,51,IT,Senior Developer,Chicago,119719.49,17059.99,2021-12-24,28,54.9,stephanie.gonzalez@company.com,(799) 265-9595,Active
EMP001911,David,Thomas,David Thomas,26,Engineering,Manager,New York,85787.37,9472.57,2021-06-28,1,78.9,david.thomas@company.com,(612) 624-7972,Active
EMP001912,James,Jackson,James Jackson,42,Engineering,Senior Developer,San Francisco,86565.97,12862.26,2020-04-13,19,94.0,james.jackson@company.com,(657) 802-8956,Active
EMP001913,Sarah,Rodriguez,Sarah Rodriguez,54,Engineering,Specialist,New York,131223.03,10763.58,2023-04-14,32,71.9,sarah.rodriguez@company.com,(441) 756-2113,Active
EMP001914,Anthony,Rodriguez,Anthony Rodriguez,32,Engineering,Director,Boston,108545.52,8240.26,2023-09-29,7,68.8,anthony.rodriguez@company.com,(924) 267-6188,Active
EMP001915,Jane,Rodriguez,Jane Rodriguez,37,Engineering,Lead,Seattle,116470.74,7425.57,2022-03-19,9,61.2,jane.rodriguez@company.com,(820) 741-9074,Active
EMP001916,Michael,Miller,Michael Miller,27,Legal,Senior Developer,Miami,60208.51,2591.36,2024-07-24,2,71.1,michael.miller@company.com,(624) 591-5794,Active
EMP001917,Christopher,Brown,Christopher Brown,45,Marketing,Lead,Austin,29428.99,3018.8,2021-08-10,16,85.7,christopher.brown@company.com,(250) 696-8862,Active
EMP001918,Jessica,Davis,Jessica Davis,61,Marketing,Associate,Boston,105302.95,5808.65,2021-01-09,34,86.1,jessica.davis@company.com,(415) 954-9444,Active
EMP001919,Lisa,Martinez,Lisa Martinez,44,Sales,Manager,Miami,74562.74,7618.36,2020-05-17,17,39.6,lisa.martinez@company.com,(928) 470-3705,Inactive
EMP001920,David,Smith,David Smith,45,HR,Manager,Miami,80417.37,10724.64,2022-11-21,22,92.8,david.smith@company.com,(671) 753-3810,Active
EMP001921,Stephanie,Johnson,Stephanie Johnson,25,Marketing,Specialist,New York,36283.37,3441.71,2020-07-13,2,74.5,stephanie.johnson@company.com,(758) 285-4853,Active
EMP001922,Lisa,Jackson,Lisa Jackson,49,Legal,Senior Developer,Chicago,120346.94,11742.34,2020-06-20,26,81.8,lisa.jackson@company.com,(655) 222-9806,Active
EMP001923,Anthony,Martinez,Anthony Martinez,38,Engineering,Associate,San Francisco,71277.96,4110.96,2021-06-16,15,90.3,anthony.martinez@company.com,(511) 747-3264,Active
EMP001924,Sarah,Anderson,Sarah Anderson,42,Operations,Lead,Austin,70311.33,769.57,2022-11-04,20,71.5,sarah.anderson@company.com,(582) 648-1188,Active
EMP001925,Jane,Smith,Jane Smith,34,Finance,Associate,New York,92543.66,13855.17,2022-08-29,10,44.5,jane.smith@company.com,(527) 684-2535,Active
EMP001926,Emily,Miller,Emily Miller,25,IT,Specialist,San Francisco,76585.16,6266.34,2023-05-04,0,58.7,emily.miller@company.com,(612) 293-2376,Inactive
EMP001927,Matthew,Thomas,Matthew Thomas,23,Finance,Associate,Chicago,69283.48,9902.39,2023-02-20,0,64.0,matthew.thomas@company.com,(716) 354-8591,Active
EMP001928,Christopher,Jackson,Christopher Jackson,59,Legal,Specialist,New York,96989.4,8047.64,2020-03-29,36,74.3,christopher.jackson@company.com,(802) 563-4757,Active
EMP001929,William,Williams,William Williams,56,IT,Coordinator,San Francisco,105998.2,10692.87,2022-05-24,33,19.7,william.williams@company.com,(245) 706-5065,Active
EMP001930,Ashley,Moore,Ashley Moore,23,HR,Associate,Boston,40285.19,5376.94,2021-12-26,1,91.5,ashley.moore@company.com,(309) 997-8540,Active
EMP001931,Christopher,Garcia,Christopher Garcia,50,Finance,Associate,New York,66336.02,8681.0,2023-12-08,22,80.9,christopher.garcia@company.com,(855) 489-7165,Active
EMP001932,Jessica,Rodriguez,Jessica Rodriguez,31,IT,Specialist,New York,78036.26,8681.94,2022-07-16,3,82.2,jessica.rodriguez@company.com,(723) 519-3485,Active
EMP001933,John,Jones,John Jones,63,Operations,Associate,San Francisco,74972.22,4271.52,2020-10-18,41,79.1,john.jones@company.com,(363) 564-4983,Active
EMP001934,Stephanie,Rodriguez,Stephanie Rodriguez,62,Marketing,Director,New York,72468.06,8140.62,2021-06-28,39,60.9,stephanie.rodriguez@company.com,(747) 609-9727,Active
EMP001935,Jessica,Martin,Jessica Martin,65,Engineering,Analyst,Los Angeles,133483.17,16800.13,2021-06-13,39,60.5,jessica.martin@company.com,(604) 691-3479,On Leave
EMP001936,Matthew,Anderson,Matthew Anderson,40,Sales,Manager,Los Angeles,111979.32,9173.19,2023-06-30,14,58.5,matthew.anderson@company.com,(264) 291-5913,Active
EMP001937,Sarah,Jackson,Sarah Jackson,57,HR,Analyst,Boston,85190.01,5617.06,2024-08-07,30,76.6,sarah.jackson@company.com,(409) 931-7674,Active
EMP001938,Robert,Thomas,Robert Thomas,52,IT,Coordinator,New York,143392.76,14394.68,2021-01-17,30,68.4,robert.thomas@company.com,(454) 244-5169,Active
EMP001939,Matthew,Brown,Matthew Brown,35,IT,Manager,Boston,85537.77,0.0,2020-12-05,12,94.5,matthew.brown@company.com,(568) 485-5949,Active
EMP001940,William,Brown,William Brown,24,Sales,Coordinator,Los Angeles,43900.94,2717.16,2023-08-24,0,79.7,william.brown@company.com,(232) 397-5737,Active
EMP001941,Anthony,Wilson,Anthony Wilson,35,IT,Lead,San Francisco,108959.14,5367.98,2024-03-27,6,43.0,anthony.wilson@company.com,(958) 695-2070,Active
EMP001942,David,Rodriguez,David Rodriguez,22,Engineering,Associate,New York,76059.57,9996.51,2022-08-03,0,83.6,david.rodriguez@company.com,(764) 348-2587,Active
EMP001943,Daniel,Rodriguez,Daniel Rodriguez,32,IT,Director,San Francisco,78803.39,7864.29,2024-09-15,3,88.2,daniel.rodriguez@company.com,(534) 837-4026,Inactive
EMP001944,Christopher,Rodriguez,Christopher Rodriguez,31,IT,Associate,Austin,77017.33,7701.45,2023-11-27,4,57.7,christopher.rodriguez@company.com,(833) 762-8214,Active
EMP001945,Matthew,Gonzalez,Matthew Gonzalez,30,Finance,Coordinator,San Francisco,54225.49,4840.88,2021-11-27,7,100.0,matthew.gonzalez@company.com,(802) 467-6137,Active
EMP001946,Jane,Brown,Jane Brown,42,Sales,Analyst,Chicago,30000.0,3240.0,2020-04-29,20,70.6,jane.brown@company.com,(903) 999-8827,On Leave
EMP001947,Jessica,Gonzalez,Jessica Gonzalez,32,Engineering,Senior Developer,Boston,77682.78,11630.48,2020-05-24,9,79.7,jessica.gonzalez@company.com,(685) 280-7921,Active
EMP001948,Jane,Davis,Jane Davis,26,IT,Associate,Austin,89200.89,6564.91,2021-10-05,1,66.6,jane.davis@company.com,(454) 620-3060,Active
EMP001949,Anthony,Rodriguez,Anthony Rodriguez,57,Operations,Manager,Boston,77983.49,11262.89,2022-02-15,32,66.0,anthony.rodriguez@company.com,(697) 207-1805,Active
EMP001950,Anthony,Martinez,Anthony Martinez,40,Marketing,Specialist,Seattle,61430.99,8915.27,2021-01-01,14,99.1,anthony.martinez@company.com,(248) 500-7165,On Leave
EMP001951,William,Moore,William Moore,30,IT,Lead,Los Angeles,95369.77,3283.82,2022-04-20,1,53.9,william.moore@company.com,(251) 534-8140,Active
EMP001952,John,Martinez,John Martinez,52,Operations,Coordinator,Los Angeles,39955.66,5768.36,2022-09-30,29,58.0,john.martinez@company.com,(974) 653-6569,Active
EMP001953,John,Jackson,John Jackson,35,Legal,Coordinator,Seattle,81335.46,12837.62,2021-03-28,10,83.2,john.jackson@company.com,(396) 718-1473,Active
EMP001954,Jessica,Lopez,Jessica Lopez,24,Finance,Associate,Los Angeles,54300.24,3047.28,2024-05-23,1,64.1,jessica.lopez@company.com,(333) 848-4019,Active
EMP001955,James,Martinez,James Martinez,22,Engineering,Associate,San Francisco,78701.75,6896.89,2023-07-19,0,66.0,james.martinez@company.com,(542) 818-6685,Active
EMP001956,Jane,Smith,Jane Smith,53,IT,Analyst,Chicago,104878.15,7026.69,2020-08-30,29,83.2,jane.smith@company.com,(379) 355-5818,Active
EMP001957,Daniel,Wilson,Daniel Wilson,55,Legal,Specialist,Miami,99384.09,16310.65,2022-04-01,31,56.5,daniel.wilson@company.com,(337) 982-6177,Active
EMP001958,Christopher,Smith,Christopher Smith,35,Sales,Analyst,San Francisco,112596.13,18714.52,2021-07-29,10,51.8,christopher.smith@company.com,(926) 302-2512,Active
EMP001959,Matthew,Rodriguez,Matthew Rodriguez,30,IT,Manager,New York,83507.67,9494.43,2024-04-06,5,77.5,matthew.rodriguez@company.com,(749) 215-2775,Active
EMP001960,Matthew,Gonzalez,Matthew Gonzalez,48,Legal,Analyst,Miami,84925.01,7893.16,2021-02-05,19,76.3,matthew.gonzalez@company.com,(281) 377-6871,Active
EMP001961,John,Rodriguez,John Rodriguez,23,Legal,Associate,Chicago,72728.52,10013.6,2024-06-11,0,66.6,john.rodriguez@company.com,(469) 368-7963,Active
EMP001962,Sarah,Garcia,Sarah Garcia,26,Engineering,Specialist,Austin,81565.13,7583.3,2021-04-13,0,85.6,sarah.garcia@company.com,(953) 977-8843,Active
EMP001963,Stephanie,Lopez,Stephanie Lopez,30,IT,Lead,New York,70561.48,4791.61,2023-02-08,3,70.8,stephanie.lopez@company.com,(558) 850-3765,Active
EMP001964,William,Taylor,William Taylor,56,Marketing,Analyst,Seattle,55417.22,9398.54,2020-09-09,31,85.9,william.taylor@company.com,(887) 770-4810,Active
EMP001965,William,Lopez,William Lopez,64,Finance,Manager,New York,113911.07,16004.66,2023-10-16,41,56.6,william.lopez@company.com,(639) 460-6005,Active
EMP001966,Ashley,Anderson,Ashley Anderson,63,Operations,Director,Chicago,67598.02,8328.41,2024-09-27,41,79.9,ashley.anderson@company.com,(278) 314-3292,Inactive
EMP001967,David,Anderson,David Anderson,24,Finance,Senior Developer,Miami,35658.47,5909.01,2022-07-12,0,75.2,david.anderson@company.com,(648) 992-7523,Active
EMP001968,Jessica,Martinez,Jessica Martinez,37,Marketing,Analyst,Miami,76284.04,11370.86,2020-03-03,15,77.9,jessica.martinez@company.com,(396) 768-9829,Active
EMP001969,Emily,Williams,Emily Williams,37,Legal,Manager,Boston,102725.08,14488.98,2023-09-03,11,60.6,emily.williams@company.com,(755) 262-2102,Active
EMP001970,Christopher,Davis,Christopher Davis,53,Engineering,Coordinator,Seattle,89345.56,7404.39,2024-01-03,25,93.2,christopher.davis@company.com,(850) 399-1543,Active
EMP001971,Jessica,Hernandez,Jessica Hernandez,33,Marketing,Director,Seattle,71331.97,11442.61,2021-11-08,11,83.0,jessica.hernandez@company.com,(435) 512-1193,Active
EMP001972,Sarah,Taylor,Sarah Taylor,49,Sales,Lead,Los Angeles,52869.68,5444.76,2022-08-29,23,77.9,sarah.taylor@company.com,(717) 493-9424,Inactive
EMP001973,Stephanie,Lopez,Stephanie Lopez,33,Marketing,Specialist,Seattle,78370.55,7642.71,2021-06-04,6,78.3,stephanie.lopez@company.com,(886) 568-5286,Active
EMP001974,Jane,Moore,Jane Moore,27,HR,Senior Developer,Boston,70258.57,2619.5,2022-08-31,0,49.8,jane.moore@company.com,(817) 834-4562,Active
EMP001975,Nicole,Brown,Nicole Brown,62,Engineering,Director,Boston,132794.4,9632.72,2023-08-11,36,94.9,nicole.brown@company.com,(810) 326-3409,Active
EMP001976,Matthew,Taylor,Matthew Taylor,39,Finance,Associate,Los Angeles,64535.73,11826.14,2023-04-15,12,84.4,matthew.taylor@company.com,(740) 726-3539,Inactive
EMP001977,Lisa,Johnson,Lisa Johnson,23,Finance,Lead,Boston,63799.66,10910.95,2023-03-31,0,49.2,lisa.johnson@company.com,(919) 336-8853,Active
EMP001978,Daniel,Jones,Daniel Jones,23,Finance,Director,Los Angeles,50671.46,5801.39,2020-03-15,0,93.8,daniel.jones@company.com,(291) 946-9854,Active
EMP001979,Christopher,Rodriguez,Christopher Rodriguez,43,Marketing,Analyst,Seattle,80955.95,8960.3,2021-02-21,18,79.8,christopher.rodriguez@company.com,(770) 864-4709,Active
EMP001980,Emily,Taylor,Emily Taylor,33,HR,Senior Developer,Austin,42204.27,6184.77,2020-11-05,4,89.6,emily.taylor@company.com,(315) 861-9191,Active
EMP001981,Emily,Jackson,Emily Jackson,34,HR,Manager,Chicago,73473.78,8860.87,2023-12-28,9,92.5,emily.jackson@company.com,(791) 770-4474,Active
EMP001982,Sarah,Johnson,Sarah Johnson,30,Sales,Analyst,New York,73221.58,5977.24,2021-04-16,4,59.8,sarah.johnson@company.com,(379) 202-1266,Active
EMP001983,Matthew,Gonzalez,Matthew Gonzalez,53,Legal,Associate,Los Angeles,123362.18,19340.15,2020-08-22,26,69.9,matthew.gonzalez@company.com,(246) 230-9321,Active
EMP001984,Lisa,Moore,Lisa Moore,53,Legal,Senior Developer,Los Angeles,137813.72,11919.04,2020-01-23,26,84.6,lisa.moore@company.com,(760) 285-5841,Active
EMP001985,Christopher,Williams,Christopher Williams,29,Finance,Director,New York,53021.73,7278.22,2023-02-06,6,100.0,christopher.williams@company.com,(496) 526-4997,Active
EMP001986,Michael,Jackson,Michael Jackson,53,Engineering,Specialist,Miami,102382.99,10416.92,2022-05-12,31,69.2,michael.jackson@company.com,(969) 984-3265,Active
EMP001987,Ashley,Wilson,Ashley Wilson,48,Operations,Manager,San Francisco,65140.62,9946.16,2020-01-08,20,61.9,ashley.wilson@company.com,(403) 950-1276,Active
EMP001988,Christopher,Garcia,Christopher Garcia,57,Engineering,Specialist,Boston,125173.3,10472.95,2021-11-05,30,65.2,christopher.garcia@company.com,(960) 802-7212,Active
EMP001989,Michael,Hernandez,Michael Hernandez,46,Engineering,Associate,New York,115129.09,5569.96,2022-06-05,20,80.6,michael.hernandez@company.com,(884) 599-7915,Active
EMP001990,Michael,Smith,Michael Smith,53,IT,Specialist,Boston,109810.89,6286.15,2024-11-11,27,60.0,michael.smith@company.com,(288) 925-2479,Active
EMP001991,Jessica,Martinez,Jessica Martinez,25,Engineering,Coordinator,Miami,79702.91,10939.04,2020-07-24,2,48.6,jessica.martinez@company.com,(608) 828-5405,Active
EMP001992,Melissa,Johnson,Melissa Johnson,47,Engineering,Director,Boston,103226.45,7682.19,2022-05-30,22,64.7,melissa.johnson@company.com,(629) 761-4314,Active
EMP001993,David,Gonzalez,David Gonzalez,32,IT,Associate,Chicago,94203.29,12576.72,2023-05-27,6,87.2,david.gonzalez@company.com,(670) 215-9650,Active
EMP001994,Stephanie,Moore,Stephanie Moore,31,Sales,Lead,Miami,75474.96,18817.15,2024-05-19,6,67.6,stephanie.moore@company.com,(829) 274-6965,Active
EMP001995,Anthony,Wilson,Anthony Wilson,60,Marketing,Lead,Boston,75742.83,2574.96,2024-09-24,37,61.4,anthony.wilson@company.com,(279) 783-8446,Inactive
EMP001996,John,Martin,John Martin,56,HR,Manager,Chicago,73096.84,1622.66,2020-06-27,28,52.3,john.martin@company.com,(335) 641-6873,Active
EMP001997,Matthew,Jackson,Matthew Jackson,44,Marketing,Manager,Los Angeles,74469.43,9623.4,2021-09-11,16,59.9,matthew.jackson@company.com,(280) 766-1095,Active
EMP001998,Anthony,Lopez,Anthony Lopez,40,Marketing,Lead,San Francisco,64579.02,8120.78,2022-01-09,12,55.0,anthony.lopez@company.com,(543) 722-6150,On Leave
EMP001999,Sarah,Anderson,Sarah Anderson,60,Legal,Specialist,Miami,73710.69,10724.96,2023-12-17,37,66.8,sarah.anderson@company.com,(292) 887-3260,Active
EMP002000,Christopher,Martin,Christopher Martin,38,Marketing,Senior Developer,San Francisco,66403.33,8549.79,2023-01-14,9,73.0,christopher.martin@company.com,(889) 860-3370,Active
EMP002001,Lisa,Jackson,Lisa Jackson,60,IT,Associate,Chicago,78818.49,8604.29,2021-06-29,34,58.1,lisa.jackson@company.com,(381) 366-3308,Active
EMP002002,Melissa,Hernandez,Melissa Hernandez,40,Sales,Manager,Miami,76537.68,10281.72,2024-07-19,11,93.8,melissa.hernandez@company.com,(924) 470-7003,Active
EMP002003,David,Brown,David Brown,32,Operations,Coordinator,Seattle,65616.11,6693.23,2022-09-22,5,99.1,david.brown@company.com,(246) 526-8128,Active
EMP002004,David,Smith,David Smith,32,Marketing,Coordinator,Chicago,32510.94,0.0,2022-10-14,6,97.1,david.smith@company.com,(200) 927-1295,Inactive
EMP002005,Jane,Williams,Jane Williams,42,IT,Coordinator,Austin,90002.45,10353.65,2022-04-19,18,81.3,jane.williams@company.com,(481) 254-8526,Active
EMP002006,David,Rodriguez,David Rodriguez,43,Legal,Analyst,Chicago,107392.31,1272.31,2023-02-20,19,75.5,david.rodriguez@company.com,(825) 535-5587,Active
EMP002007,Michael,Thomas,Michael Thomas,23,Marketing,Specialist,Chicago,59744.12,4018.16,2024-01-08,0,86.1,michael.thomas@company.com,(663) 446-2476,Active
EMP002008,Stephanie,Williams,Stephanie Williams,41,IT,Manager,Boston,69136.4,7404.44,2022-09-13,15,61.4,stephanie.williams@company.com,(267) 260-6757,Inactive
EMP002009,Jane,Williams,Jane Williams,38,Sales,Manager,Boston,64635.12,4632.52,2023-06-04,15,67.5,jane.williams@company.com,(382) 674-2789,On Leave
EMP002010,Michael,Hernandez,Michael Hernandez,29,Marketing,Senior Developer,Los Angeles,92418.59,8939.53,2024-03-10,5,71.5,michael.hernandez@company.com,(244) 961-6942,Active
EMP002011,Daniel,Johnson,Daniel Johnson,25,Marketing,Manager,Austin,52418.44,0.0,2020-03-08,0,100.0,daniel.johnson@company.com,(673) 272-8048,Active
EMP002012,John,Smith,John Smith,55,Legal,Senior Developer,Seattle,150352.08,21441.28,2024-12-01,32,76.1,john.smith@company.com,(716) 787-6116,Active
EMP002013,James,Martinez,James Martinez,29,HR,Lead,Chicago,51147.61,7981.5,2022-04-26,0,100.0,james.martinez@company.com,(807) 768-4495,Inactive
EMP002014,Stephanie,Lopez,Stephanie Lopez,23,Marketing,Specialist,Seattle,66959.44,4553.95,2022-08-25,0,71.2,stephanie.lopez@company.com,(984) 318-7773,Active
EMP002015,Michael,Martin,Michael Martin,60,Marketing,Director,Miami,79747.21,9548.51,2024-07-06,36,54.2,michael.martin@company.com,(518) 751-2354,Active
EMP002016,Michael,Johnson,Michael Johnson,37,Finance,Manager,Boston,72724.76,9895.21,2020-11-10,9,100.0,michael.johnson@company.com,(560) 993-7607,Active
EMP002017,Emily,Williams,Emily Williams,52,Legal,Director,Seattle,103712.15,7210.41,2024-12-10,25,69.3,emily.williams@company.com,(945) 568-8173,Active
EMP002018,Jessica,Hernandez,Jessica Hernandez,38,Marketing,Manager,Los Angeles,69226.76,10628.27,2022-04-10,9,55.0,jessica.hernandez@company.com,(479) 758-8133,Active
EMP002019,Stephanie,Anderson,Stephanie Anderson,65,HR,Specialist,Austin,86785.11,1854.44,2024-12-29,43,79.7,stephanie.anderson@company.com,(506) 754-9247,Active
EMP002020,Ashley,Garcia,Ashley Garcia,57,Operations,Associate,Austin,65599.85,6706.94,2024-06-21,35,77.8,ashley.garcia@company.com,(845) 505-7650,Inactive
EMP002021,Nicole,Johnson,Nicole Johnson,41,Operations,Manager,Boston,52588.7,8143.22,2022-07-01,19,62.3,nicole.johnson@company.com,(654) 483-1821,Active
EMP002022,Daniel,Martin,Daniel Martin,38,Operations,Senior Developer,Boston,78219.51,9597.31,2022-01-15,10,48.9,daniel.martin@company.com,(606) 363-4374,Active
EMP002023,John,Martin,John Martin,35,Engineering,Coordinator,Boston,104138.28,6255.9,2020-08-07,6,57.3,john.martin@company.com,(243) 705-6070,Active
EMP002024,Lisa,Brown,Lisa Brown,61,HR,Senior Developer,San Francisco,82911.16,13998.83,2020-07-24,37,91.2,lisa.brown@company.com,(673) 997-9315,Inactive
EMP002025,Sarah,Martin,Sarah Martin,34,Engineering,Coordinator,Chicago,91303.88,16612.56,2024-07-07,5,71.8,sarah.martin@company.com,(502) 921-8293,Active
EMP002026,Jane,Garcia,Jane Garcia,28,Marketing,Associate,New York,72219.32,6721.27,2024-01-08,0,72.3,jane.garcia@company.com,(835) 579-4830,Active
EMP002027,William,Williams,William Williams,57,Marketing,Senior Developer,New York,80775.31,9398.19,2023-09-27,35,59.1,william.williams@company.com,(338) 386-8171,Inactive
EMP002028,Anthony,Lopez,Anthony Lopez,52,Engineering,Analyst,New York,89795.07,9227.59,2024-10-27,25,67.7,anthony.lopez@company.com,(627) 977-1831,Active
EMP002029,Sarah,Hernandez,Sarah Hernandez,29,HR,Coordinator,Chicago,54552.94,5265.93,2024-06-22,3,85.7,sarah.hernandez@company.com,(870) 902-5253,Active
EMP002030,Lisa,Hernandez,Lisa Hernandez,60,Engineering,Specialist,Miami,138058.18,7267.36,2020-03-30,35,63.0,lisa.hernandez@company.com,(704) 302-8257,Active
EMP002031,David,Anderson,David Anderson,45,Engineering,Coordinator,Boston,91440.96,4703.12,2023-08-11,20,95.2,david.anderson@company.com,(228) 436-2077,Active
EMP002032,Christopher,Martinez,Christopher Martinez,30,HR,Manager,Seattle,30949.23,5005.85,2021-02-20,2,78.0,christopher.martinez@company.com,(906) 792-2941,Active
EMP002033,Amanda,Jones,Amanda Jones,39,Engineering,Associate,Austin,46050.28,4709.58,2020-04-03,15,66.5,amanda.jones@company.com,(718) 826-5656,Active
EMP002034,Nicole,Martinez,Nicole Martinez,36,Sales,Coordinator,Austin,66978.96,0.0,2024-12-08,9,74.6,nicole.martinez@company.com,(830) 831-3855,On Leave
EMP002035,Amanda,Lopez,Amanda Lopez,46,HR,Coordinator,Boston,53703.79,0.0,2020-10-27,24,75.9,amanda.lopez@company.com,(246) 570-7355,Active
EMP002036,Jane,Wilson,Jane Wilson,36,Legal,Manager,New York,70390.23,12325.16,2022-03-25,7,68.8,jane.wilson@company.com,(784) 638-9970,Active
EMP002037,Nicole,Gonzalez,Nicole Gonzalez,59,Legal,Specialist,Miami,126142.37,2310.92,2020-03-31,31,92.4,nicole.gonzalez@company.com,(996) 912-4958,On Leave
EMP002038,Matthew,Rodriguez,Matthew Rodriguez,61,Marketing,Director,Austin,87959.09,6919.45,2023-03-13,33,61.5,matthew.rodriguez@company.com,(495) 514-7143,Inactive
EMP002039,John,Smith,John Smith,57,IT,Lead,Miami,102034.21,2847.21,2022-02-11,31,71.4,john.smith@company.com,(976) 360-6475,Active
EMP002040,Robert,Garcia,Robert Garcia,57,Operations,Senior Developer,New York,84820.6,9559.86,2022-10-07,31,66.2,robert.garcia@company.com,(417) 588-6129,Active
EMP002041,Christopher,Garcia,Christopher Garcia,64,Finance,Lead,San Francisco,80917.43,2859.94,2023-01-05,41,86.6,christopher.garcia@company.com,(460) 388-2001,Active
EMP002042,Anthony,Jones,Anthony Jones,63,HR,Specialist,Austin,82492.28,7918.02,2021-11-08,34,82.7,anthony.jones@company.com,(297) 271-1249,Active
EMP002043,Jane,Jackson,Jane Jackson,32,Engineering,Manager,Los Angeles,111125.76,12363.06,2021-12-30,6,87.6,jane.jackson@company.com,(450) 205-9863,Active
EMP002044,Stephanie,Taylor,Stephanie Taylor,59,Finance,Manager,Austin,96929.18,11173.5,2020-11-06,32,85.1,stephanie.taylor@company.com,(319) 290-7291,Active
EMP002045,Jessica,Jones,Jessica Jones,34,Engineering,Coordinator,Seattle,62560.24,7102.46,2022-07-23,8,75.1,jessica.jones@company.com,(542) 972-9897,Active
EMP002046,Anthony,Garcia,Anthony Garcia,24,Sales,Associate,Chicago,49928.33,4140.27,2021-09-30,0,82.3,anthony.garcia@company.com,(371) 604-1760,Active
EMP002047,Jessica,Wilson,Jessica Wilson,43,Marketing,Analyst,New York,64067.29,4492.92,2022-07-26,21,100.0,jessica.wilson@company.com,(578) 562-9530,Active
EMP002048,William,Anderson,William Anderson,65,Legal,Analyst,New York,125622.1,3162.98,2020-01-03,36,53.1,william.anderson@company.com,(655) 317-2488,Active
EMP002049,Emily,Davis,Emily Davis,48,Engineering,Director,Chicago,88822.16,15274.27,2022-06-02,23,100.0,emily.davis@company.com,(917) 372-2621,Active
EMP002050,Lisa,Garcia,Lisa Garcia,39,Sales,Senior Developer,Boston,77573.47,7573.44,2022-12-05,11,70.8,lisa.garcia@company.com,(786) 700-1070,Active
EMP002051,Anthony,Brown,Anthony Brown,65,IT,Senior Developer,San Francisco,111254.54,4767.38,2022-10-27,41,48.3,anthony.brown@company.com,(647) 416-9774,Active
EMP002052,Nicole,Moore,Nicole Moore,52,Sales,Lead,Boston,68237.94,4926.64,2023-11-14,28,80.6,nicole.moore@company.com,(681) 371-2543,Active
EMP002053,Matthew,Johnson,Matthew Johnson,34,Engineering,Director,Boston,97529.34,12973.45,2022-09-07,9,71.7,matthew.johnson@company.com,(747) 983-4538,Active
EMP002054,Christopher,Martin,Christopher Martin,23,Marketing,Analyst,Miami,53380.12,4663.7,2024-07-03,0,80.7,christopher.martin@company.com,(721) 482-6434,On Leave
EMP002055,Ashley,Johnson,Ashley Johnson,32,Sales,Analyst,Chicago,55198.85,8692.19,2024-01-19,6,62.0,ashley.johnson@company.com,(972) 688-3662,Active
EMP002056,Emily,Moore,Emily Moore,22,HR,Analyst,Seattle,68369.26,5141.76,2023-07-04,0,72.7,emily.moore@company.com,(434) 338-3547,Active
EMP002057,Michael,Rodriguez,Michael Rodriguez,49,Finance,Specialist,Miami,108979.72,23557.42,2023-09-03,26,82.9,michael.rodriguez@company.com,(416) 948-3157,Inactive
EMP002058,Matthew,Brown,Matthew Brown,63,Sales,Coordinator,Los Angeles,84834.15,10347.24,2023-03-28,34,94.1,matthew.brown@company.com,(816) 927-4215,Active
EMP002059,David,Smith,David Smith,36,Marketing,Director,New York,88540.68,4919.06,2020-04-13,14,70.7,david.smith@company.com,(483) 931-3445,Active
EMP002060,David,Jones,David Jones,51,Legal,Coordinator,Miami,98004.72,10644.96,2024-10-07,23,68.2,david.jones@company.com,(330) 912-2691,Active
EMP002061,Robert,Johnson,Robert Johnson,27,Marketing,Associate,San Francisco,61309.24,7414.45,2021-11-18,0,89.6,robert.johnson@company.com,(248) 616-5152,Active
EMP002062,John,Johnson,John Johnson,57,Operations,Lead,Austin,72581.84,7811.22,2022-07-24,30,57.1,john.johnson@company.com,(670) 564-7518,Inactive
EMP002063,Sarah,Martin,Sarah Martin,28,HR,Senior Developer,Chicago,66884.44,9628.06,2023-11-01,0,84.3,sarah.martin@company.com,(223) 867-3652,On Leave
EMP002064,Michael,Wilson,Michael Wilson,39,Sales,Specialist,Miami,57002.64,10887.33,2022-02-13,16,59.5,michael.wilson@company.com,(822) 241-3607,Active
EMP002065,Matthew,Miller,Matthew Miller,30,Sales,Specialist,New York,73039.15,1715.4,2021-05-22,1,72.7,matthew.miller@company.com,(959) 754-5520,Active
EMP002066,Christopher,Gonzalez,Christopher Gonzalez,54,Marketing,Senior Developer,Chicago,77295.29,2527.01,2024-06-29,32,78.5,christopher.gonzalez@company.com,(407) 321-7877,Active
EMP002067,Matthew,Johnson,Matthew Johnson,35,Operations,Coordinator,Los Angeles,49766.88,3512.1,2024-09-18,12,64.0,matthew.johnson@company.com,(627) 602-8544,On Leave
EMP002068,Jane,Gonzalez,Jane Gonzalez,42,HR,Analyst,Los Angeles,78696.48,1914.83,2020-06-21,16,87.3,jane.gonzalez@company.com,(784) 724-7450,Active
EMP002069,Jane,Martinez,Jane Martinez,45,Finance,Specialist,Seattle,79440.41,5208.84,2023-09-05,20,73.6,jane.martinez@company.com,(237) 651-8069,Active
EMP002070,Robert,Martinez,Robert Martinez,27,HR,Associate,Austin,66091.1,9722.25,2021-12-05,0,64.3,robert.martinez@company.com,(208) 509-7175,Active
EMP002071,Robert,Jones,Robert Jones,59,Marketing,Analyst,Los Angeles,100878.51,7520.61,2022-06-07,37,72.4,robert.jones@company.com,(320) 290-5841,On Leave
EMP002072,William,Miller,William Miller,47,IT,Coordinator,Chicago,42808.43,3738.33,2023-09-02,18,74.9,william.miller@company.com,(768) 912-6252,Active
EMP002073,David,Brown,David Brown,25,Engineering,Senior Developer,Miami,65389.46,5701.44,2024-02-24,0,61.5,david.brown@company.com,(837) 617-3416,Active
EMP002074,Ashley,Williams,Ashley Williams,24,IT,Director,Seattle,93996.72,15095.64,2021-02-15,0,97.6,ashley.williams@company.com,(773) 546-4922,Inactive
EMP002075,Ashley,Anderson,Ashley Anderson,59,Marketing,Manager,Boston,89699.78,14177.98,2022-01-16,32,64.7,ashley.anderson@company.com,(744) 441-4684,Active
EMP002076,Robert,Johnson,Robert Johnson,35,HR,Senior Developer,San Francisco,55306.36,3982.83,2023-12-17,9,91.0,robert.johnson@company.com,(574) 884-9667,Active
EMP002077,John,Lopez,John Lopez,49,Finance,Lead,Boston,88007.71,9238.48,2024-05-13,21,81.9,john.lopez@company.com,(945) 599-5400,Active
EMP002078,Daniel,Gonzalez,Daniel Gonzalez,56,Finance,Director,Boston,93163.83,3138.4,2022-01-08,33,75.8,daniel.gonzalez@company.com,(445) 647-7073,Active
EMP002079,William,Gonzalez,William Gonzalez,33,IT,Senior Developer,Los Angeles,65406.43,6308.98,2022-06-01,9,100.0,william.gonzalez@company.com,(413) 487-3072,Active
EMP002080,James,Martinez,James Martinez,42,Operations,Manager,New York,63721.84,8275.25,2023-03-18,13,100.0,james.martinez@company.com,(540) 833-6019,Active
EMP002081,James,Garcia,James Garcia,65,IT,Coordinator,Chicago,150116.44,4186.0,2024-05-29,36,76.2,james.garcia@company.com,(580) 789-7247,Active
EMP002082,Daniel,Garcia,Daniel Garcia,59,Sales,Manager,Austin,100003.82,7526.14,2022-07-17,35,63.6,daniel.garcia@company.com,(482) 339-4925,Active
EMP002083,Anthony,Brown,Anthony Brown,55,Finance,Associate,Chicago,112268.81,20939.1,2020-09-07,30,69.1,anthony.brown@company.com,(492) 253-5338,Active
EMP002084,Anthony,Miller,Anthony Miller,62,HR,Associate,Chicago,99844.56,13187.18,2024-07-30,36,84.3,anthony.miller@company.com,(319) 508-6189,Inactive
EMP002085,Robert,Johnson,Robert Johnson,22,Legal,Director,Los Angeles,77627.83,0.0,2023-09-09,0,72.8,robert.johnson@company.com,(988) 668-4702,Active
EMP002086,John,Smith,John Smith,44,Sales,Coordinator,Miami,89776.72,0.0,2020-12-08,20,97.3,john.smith@company.com,(345) 323-2300,Active
EMP002087,Nicole,Anderson,Nicole Anderson,60,Sales,Coordinator,Seattle,120508.69,8083.45,2020-11-16,33,58.3,nicole.anderson@company.com,(414) 571-5577,Active
EMP002088,Emily,Wilson,Emily Wilson,50,Legal,Specialist,Seattle,82429.86,6265.83,2024-09-24,27,88.8,emily.wilson@company.com,(896) 866-9160,Active
EMP002089,Melissa,Miller,Melissa Miller,25,Marketing,Associate,New York,53362.57,3471.3,2024-06-19,0,78.7,melissa.miller@company.com,(549) 959-3418,Active
EMP002090,Daniel,Anderson,Daniel Anderson,47,Legal,Associate,Chicago,124479.59,8844.37,2022-03-30,18,44.3,daniel.anderson@company.com,(898) 531-7663,Active
EMP002091,Daniel,Smith,Daniel Smith,59,Sales,Manager,Seattle,64611.85,9414.2,2023-08-15,30,92.8,daniel.smith@company.com,(247) 981-6850,Active
EMP002092,Daniel,Moore,Daniel Moore,48,Sales,Coordinator,New York,63594.31,6817.53,2021-10-28,20,83.5,daniel.moore@company.com,(864) 731-1747,Active
EMP002093,David,Thomas,David Thomas,46,Marketing,Senior Developer,Chicago,82014.18,7488.41,2021-09-25,23,69.6,david.thomas@company.com,(390) 527-8587,Active
EMP002094,Robert,Brown,Robert Brown,34,IT,Specialist,New York,104734.66,4731.6,2021-04-09,8,78.8,robert.brown@company.com,(787) 908-3022,Active
EMP002095,Robert,Gonzalez,Robert Gonzalez,30,Sales,Analyst,Miami,45629.17,3629.02,2020-03-12,4,39.5,robert.gonzalez@company.com,(403) 324-4245,Active
EMP002096,Amanda,Lopez,Amanda Lopez,61,Marketing,Analyst,Los Angeles,69310.41,5036.15,2024-01-16,38,92.6,amanda.lopez@company.com,(227) 815-4055,Active
EMP002097,Melissa,Davis,Melissa Davis,35,Operations,Coordinator,Chicago,72101.54,3474.9,2023-06-14,6,78.4,melissa.davis@company.com,(560) 875-4493,Inactive
EMP002098,David,Garcia,David Garcia,47,Marketing,Director,Miami,82966.6,7938.5,2023-12-03,23,72.2,david.garcia@company.com,(830) 394-9555,Active
EMP002099,Emily,Smith,Emily Smith,40,Finance,Lead,Boston,65283.22,7087.83,2023-11-16,12,87.7,emily.smith@company.com,(910) 427-6800,Active
EMP002100,Jessica,Wilson,Jessica Wilson,47,IT,Coordinator,San Francisco,103687.76,17089.07,2020-03-12,23,81.6,jessica.wilson@company.com,(680) 606-2501,Inactive
EMP002101,Nicole,Anderson,Nicole Anderson,48,Engineering,Associate,Chicago,104033.77,22481.98,2023-05-28,22,56.1,nicole.anderson@company.com,(709) 323-9284,Active
EMP002102,Robert,Gonzalez,Robert Gonzalez,25,Engineering,Manager,San Francisco,61280.09,4195.17,2022-10-03,0,90.4,robert.gonzalez@company.com,(327) 359-7495,Active
EMP002103,Nicole,Davis,Nicole Davis,42,Marketing,Lead,San Francisco,81415.14,7902.59,2023-09-26,13,30.9,nicole.davis@company.com,(845) 645-5294,Active
EMP002104,William,Gonzalez,William Gonzalez,46,Legal,Coordinator,Austin,94070.5,12322.76,2022-06-25,24,46.3,william.gonzalez@company.com,(971) 468-3146,Active
EMP002105,Robert,Jones,Robert Jones,36,Marketing,Manager,Chicago,64100.68,9947.27,2023-07-23,7,100.0,robert.jones@company.com,(308) 972-5784,Active
EMP002106,David,Lopez,David Lopez,47,Marketing,Analyst,Chicago,76236.16,9980.09,2024-02-12,23,77.1,david.lopez@company.com,(562) 614-1936,Active
EMP002107,Lisa,Hernandez,Lisa Hernandez,59,HR,Manager,Boston,81391.25,8661.86,2022-03-08,32,77.9,lisa.hernandez@company.com,(448) 850-8844,Inactive
EMP002108,Jessica,Williams,Jessica Williams,42,Sales,Specialist,New York,64730.43,5615.15,2022-03-23,20,65.4,jessica.williams@company.com,(900) 703-5518,Active
EMP002109,Jessica,Smith,Jessica Smith,58,Legal,Director,Boston,116122.21,16628.26,2024-10-20,29,81.4,jessica.smith@company.com,(772) 512-2999,Active
EMP002110,James,Jones,James Jones,22,Engineering,Director,San Francisco,89878.15,3215.16,2024-05-05,0,92.1,james.jones@company.com,(594) 378-7574,Active
EMP002111,Matthew,Martinez,Matthew Martinez,44,IT,Lead,Austin,63572.62,0.0,2023-09-07,16,74.6,matthew.martinez@company.com,(574) 595-2036,Active
EMP002112,William,Thomas,William Thomas,44,Engineering,Coordinator,Boston,71942.95,9016.09,2021-05-29,19,97.8,william.thomas@company.com,(782) 274-3855,Inactive
EMP002113,Michael,Lopez,Michael Lopez,48,Sales,Specialist,Los Angeles,50446.66,7032.09,2020-05-27,19,86.8,michael.lopez@company.com,(279) 779-6606,Active
EMP002114,William,Smith,William Smith,36,Sales,Director,Los Angeles,75720.45,4164.11,2023-04-25,7,51.3,william.smith@company.com,(528) 661-9964,Active
EMP002115,Emily,Johnson,Emily Johnson,23,Legal,Analyst,New York,63102.39,8593.23,2020-02-07,0,44.1,emily.johnson@company.com,(459) 372-8120,On Leave
EMP002116,John,Williams,John Williams,64,Legal,Analyst,San Francisco,109129.47,9978.49,2024-02-01,42,77.2,john.williams@company.com,(877) 291-3452,Active
EMP002117,Robert,Jackson,Robert Jackson,65,HR,Associate,Los Angeles,82601.63,7194.85,2022-08-05,43,78.9,robert.jackson@company.com,(744) 780-8436,Active
EMP002118,Anthony,Taylor,Anthony Taylor,65,Legal,Senior Developer,Austin,152663.75,17678.98,2020-12-03,38,69.4,anthony.taylor@company.com,(636) 702-8927,Active
EMP002119,Lisa,Garcia,Lisa Garcia,25,Marketing,Associate,Miami,38956.78,3152.88,2023-10-14,3,100.0,lisa.garcia@company.com,(982) 228-8542,On Leave
EMP002120,Anthony,Taylor,Anthony Taylor,43,Legal,Coordinator,Los Angeles,92934.09,13734.28,2021-04-30,20,100.0,anthony.taylor@company.com,(852) 412-6058,Active
EMP002121,Lisa,Williams,Lisa Williams,57,IT,Specialist,Boston,77291.76,10261.38,2021-01-20,35,79.7,lisa.williams@company.com,(231) 724-6486,Active
EMP002122,Sarah,Jones,Sarah Jones,36,Engineering,Senior Developer,Chicago,94451.45,13006.94,2023-04-15,8,72.8,sarah.jones@company.com,(270) 560-1385,Active
EMP002123,Melissa,Gonzalez,Melissa Gonzalez,35,Finance,Lead,Seattle,87067.3,7026.23,2024-06-25,11,79.7,melissa.gonzalez@company.com,(490) 691-1112,Active
EMP002124,John,Jones,John Jones,64,IT,Associate,Miami,92956.41,15211.92,2021-09-19,39,68.5,john.jones@company.com,(516) 757-8131,Active
EMP002125,Ashley,Jackson,Ashley Jackson,57,Legal,Specialist,Miami,102714.03,14429.56,2024-12-17,34,75.0,ashley.jackson@company.com,(291) 629-4298,Active
EMP002126,Amanda,Wilson,Amanda Wilson,36,Engineering,Coordinator,Seattle,93938.88,5463.7,2020-03-08,9,51.1,amanda.wilson@company.com,(223) 616-5002,Active
EMP002127,Jessica,Thomas,Jessica Thomas,43,HR,Associate,New York,66725.39,12111.09,2021-07-11,14,64.7,jessica.thomas@company.com,(778) 636-4055,On Leave
EMP002128,Daniel,Williams,Daniel Williams,58,Sales,Analyst,Boston,91955.1,3878.15,2023-03-11,33,91.2,daniel.williams@company.com,(912) 589-4649,Active
EMP002129,Jane,Lopez,Jane Lopez,49,Legal,Analyst,New York,106986.22,6219.21,2022-01-23,21,77.9,jane.lopez@company.com,(558) 312-3646,Active
EMP002130,Daniel,Wilson,Daniel Wilson,22,HR,Specialist,Los Angeles,63933.25,0.0,2021-04-25,0,67.6,daniel.wilson@company.com,(280) 521-5751,Inactive
EMP002131,Lisa,Moore,Lisa Moore,37,Operations,Coordinator,Los Angeles,35701.25,3987.59,2021-07-30,10,78.8,lisa.moore@company.com,(623) 873-8120,Active
EMP002132,James,Rodriguez,James Rodriguez,58,Finance,Specialist,Austin,114262.35,13592.51,2023-12-23,30,56.8,james.rodriguez@company.com,(463) 274-6002,Active
EMP002133,Christopher,Jackson,Christopher Jackson,63,HR,Specialist,Austin,94150.33,6462.98,2021-07-18,36,61.1,christopher.jackson@company.com,(792) 661-5670,Active
EMP002134,William,Wilson,William Wilson,35,Finance,Analyst,New York,74124.86,2502.03,2020-10-26,13,100.0,william.wilson@company.com,(429) 248-6377,Active
EMP002135,David,Martin,David Martin,28,Legal,Specialist,Austin,67158.52,9634.89,2020-07-23,0,79.4,david.martin@company.com,(455) 361-2697,On Leave
EMP002136,Anthony,Anderson,Anthony Anderson,38,Marketing,Analyst,New York,53628.44,6233.33,2020-08-23,13,81.7,anthony.anderson@company.com,(690) 979-1710,Active
EMP002137,Ashley,Taylor,Ashley Taylor,65,Operations,Specialist,Austin,70571.94,6207.96,2023-07-14,43,62.0,ashley.taylor@company.com,(926) 622-7070,Active
EMP002138,Anthony,Jones,Anthony Jones,29,Marketing,Director,New York,47946.08,2571.08,2020-01-21,6,87.2,anthony.jones@company.com,(243) 509-5557,Active
EMP002139,Ashley,Gonzalez,Ashley Gonzalez,23,Sales,Director,Chicago,60764.52,5543.6,2023-03-06,0,77.9,ashley.gonzalez@company.com,(255) 228-3317,Inactive
EMP002140,Amanda,Brown,Amanda Brown,26,Marketing,Director,San Francisco,56402.22,8317.5,2024-02-11,2,67.6,amanda.brown@company.com,(672) 541-7446,Inactive
EMP002141,Matthew,Martin,Matthew Martin,37,IT,Coordinator,Austin,86095.8,6099.91,2023-04-07,13,60.0,matthew.martin@company.com,(545) 843-8722,On Leave
EMP002142,Nicole,Wilson,Nicole Wilson,46,Sales,Senior Developer,Austin,82804.34,5693.48,2021-06-18,18,61.7,nicole.wilson@company.com,(922) 569-5888,Active
EMP002143,James,Gonzalez,James Gonzalez,36,IT,Senior Developer,Austin,96575.29,12997.68,2020-05-28,14,58.2,james.gonzalez@company.com,(428) 755-7078,Active
EMP002144,Robert,Martinez,Robert Martinez,49,Marketing,Associate,Austin,68725.27,12850.66,2020-11-18,27,77.8,robert.martinez@company.com,(886) 958-3223,Active
EMP002145,Jessica,Miller,Jessica Miller,25,Finance,Specialist,Miami,59028.83,7684.71,2021-01-10,2,75.7,jessica.miller@company.com,(471) 616-4406,Active
EMP002146,John,Martinez,John Martinez,46,HR,Associate,Miami,88040.25,13907.14,2022-10-30,17,74.1,john.martinez@company.com,(959) 909-7492,Active
EMP002147,Nicole,Smith,Nicole Smith,32,Engineering,Analyst,Boston,84770.61,10503.67,2023-03-11,6,57.4,nicole.smith@company.com,(487) 590-1821,Active
EMP002148,Michael,Thomas,Michael Thomas,63,Legal,Senior Developer,Seattle,102176.96,10940.69,2022-08-11,34,71.5,michael.thomas@company.com,(469) 392-1615,Active
EMP002149,James,Johnson,James Johnson,40,Marketing,Coordinator,Austin,69288.01,13555.12,2020-04-06,11,55.4,james.johnson@company.com,(367) 365-5592,Active
EMP002150,James,Garcia,James Garcia,31,Legal,Analyst,Boston,56159.14,8410.45,2021-02-11,9,60.7,james.garcia@company.com,(405) 336-9524,On Leave
EMP002151,Lisa,Davis,Lisa Davis,51,Engineering,Manager,Chicago,93055.11,8779.01,2020-10-02,24,75.0,lisa.davis@company.com,(538) 610-2766,Active
EMP002152,John,Davis,John Davis,61,Engineering,Director,Austin,104612.17,14895.73,2021-06-03,36,61.9,john.davis@company.com,(618) 679-8224,Active
EMP002153,Sarah,Wilson,Sarah Wilson,28,Legal,Manager,Boston,62318.6,14038.66,2022-06-15,1,79.8,sarah.wilson@company.com,(637) 345-8837,Active
EMP002154,Amanda,Hernandez,Amanda Hernandez,26,HR,Analyst,New York,48622.85,4119.25,2021-07-23,0,54.4,amanda.hernandez@company.com,(857) 579-4450,Active
EMP002155,Emily,Davis,Emily Davis,27,Finance,Analyst,Miami,85085.96,5954.58,2021-04-26,2,83.6,emily.davis@company.com,(229) 421-5437,Active
EMP002156,David,Johnson,David Johnson,52,Marketing,Lead,Seattle,85977.94,151.76,2020-05-19,30,72.1,david.johnson@company.com,(795) 959-1268,Active
EMP002157,Emily,Garcia,Emily Garcia,32,Marketing,Manager,Seattle,82307.38,4414.26,2024-12-09,9,57.7,emily.garcia@company.com,(582) 259-8198,Active
EMP002158,Stephanie,Rodriguez,Stephanie Rodriguez,30,Legal,Lead,San Francisco,104158.13,7700.74,2023-08-08,6,90.5,stephanie.rodriguez@company.com,(851) 907-9113,Active
EMP002159,William,Wilson,William Wilson,22,Sales,Specialist,Chicago,50175.53,7500.11,2020-04-12,0,59.8,william.wilson@company.com,(595) 568-9873,Active
EMP002160,Daniel,Jones,Daniel Jones,27,Legal,Coordinator,Chicago,102526.86,10447.71,2022-11-01,0,84.9,daniel.jones@company.com,(265) 384-3548,Active
EMP002161,Jane,Jackson,Jane Jackson,60,Operations,Associate,Los Angeles,68225.88,11185.92,2024-04-01,36,77.8,jane.jackson@company.com,(746) 488-5173,Inactive
EMP002162,David,Davis,David Davis,23,Legal,Director,Austin,61928.05,9553.67,2022-07-13,1,64.5,david.davis@company.com,(787) 987-2250,Active
EMP002163,Sarah,Jones,Sarah Jones,56,Sales,Manager,San Francisco,71885.27,10568.81,2020-09-01,28,62.2,sarah.jones@company.com,(743) 668-9413,Active
EMP002164,Amanda,Moore,Amanda Moore,29,IT,Senior Developer,New York,79199.39,12782.17,2022-07-19,4,88.8,amanda.moore@company.com,(250) 696-5773,Active
EMP002165,Jessica,Martin,Jessica Martin,39,Marketing,Senior Developer,Boston,54816.67,5648.27,2023-04-18,17,71.8,jessica.martin@company.com,(834) 832-5125,Active
EMP002166,Emily,Martin,Emily Martin,25,Operations,Lead,San Francisco,75560.14,5568.17,2020-07-27,0,59.1,emily.martin@company.com,(376) 379-3328,Inactive
EMP002167,Christopher,Rodriguez,Christopher Rodriguez,40,HR,Lead,Austin,58926.46,6061.87,2021-01-07,16,70.3,christopher.rodriguez@company.com,(367) 221-6909,Inactive
EMP002168,David,Jones,David Jones,37,Sales,Analyst,Los Angeles,77724.96,9601.36,2022-02-10,10,76.1,david.jones@company.com,(895) 528-5270,Active
EMP002169,Christopher,Miller,Christopher Miller,27,HR,Director,New York,50681.87,8342.98,2021-02-18,4,100.0,christopher.miller@company.com,(496) 501-5948,Active
EMP002170,John,Martinez,John Martinez,26,Legal,Manager,Boston,68035.12,7512.75,2021-07-08,3,88.9,john.martinez@company.com,(675) 221-3723,Active
EMP002171,Amanda,Martin,Amanda Martin,35,IT,Senior Developer,Boston,80537.71,13008.69,2023-06-07,8,100.0,amanda.martin@company.com,(984) 520-4104,Active
EMP002172,Daniel,Thomas,Daniel Thomas,50,Finance,Associate,Chicago,96703.43,11994.52,2022-05-24,21,100.0,daniel.thomas@company.com,(849) 873-4427,Active
EMP002173,Lisa,Hernandez,Lisa Hernandez,57,IT,Specialist,Austin,110106.9,5439.96,2021-01-13,34,93.2,lisa.hernandez@company.com,(663) 709-8768,Active
EMP002174,Emily,Garcia,Emily Garcia,38,Operations,Manager,Chicago,58507.37,5046.65,2022-05-06,15,94.3,emily.garcia@company.com,(282) 608-6722,Active
EMP002175,David,Martin,David Martin,39,Marketing,Coordinator,New York,69946.21,13135.75,2023-03-18,10,99.5,david.martin@company.com,(942) 361-3472,Active
EMP002176,Sarah,Williams,Sarah Williams,38,Operations,Director,Los Angeles,57097.38,8076.33,2020-03-27,12,61.9,sarah.williams@company.com,(355) 805-6205,Active
EMP002177,Anthony,Gonzalez,Anthony Gonzalez,65,HR,Director,Los Angeles,89191.01,5799.2,2022-08-06,39,73.5,anthony.gonzalez@company.com,(884) 937-3525,Active
EMP002178,Emily,Martin,Emily Martin,59,Finance,Manager,Chicago,92465.3,20829.04,2022-06-02,34,80.1,emily.martin@company.com,(586) 277-6492,Active
EMP002179,Lisa,Taylor,Lisa Taylor,40,Engineering,Senior Developer,Boston,69327.34,11344.58,2021-02-02,14,85.2,lisa.taylor@company.com,(409) 941-2752,Active
EMP002180,Nicole,Johnson,Nicole Johnson,54,Engineering,Director,Seattle,77368.72,279.47,2023-12-13,31,74.2,nicole.johnson@company.com,(360) 265-2371,Active
EMP002181,David,Brown,David Brown,40,Marketing,Coordinator,San Francisco,74923.11,11698.61,2024-03-14,15,100.0,david.brown@company.com,(503) 723-2845,Active
EMP002182,Nicole,Jones,Nicole Jones,26,IT,Lead,Los Angeles,101994.64,5073.49,2022-04-02,0,81.6,nicole.jones@company.com,(505) 208-2703,Active
EMP002183,Sarah,Taylor,Sarah Taylor,58,Operations,Manager,Seattle,69252.66,3001.52,2022-03-08,32,69.7,sarah.taylor@company.com,(516) 512-3188,Active
EMP002184,John,Johnson,John Johnson,39,IT,Lead,Chicago,95813.39,20391.59,2022-06-24,16,85.0,john.johnson@company.com,(853) 737-8871,Active
EMP002185,James,Taylor,James Taylor,28,Operations,Associate,Los Angeles,55928.19,7532.71,2021-07-31,0,65.1,james.taylor@company.com,(608) 966-6092,Active
EMP002186,Sarah,Martin,Sarah Martin,39,IT,Director,Chicago,113960.9,9801.71,2021-08-29,14,74.8,sarah.martin@company.com,(874) 384-2831,Active
EMP002187,Stephanie,Jones,Stephanie Jones,56,Marketing,Director,San Francisco,69785.0,2686.62,2021-01-09,31,62.5,stephanie.jones@company.com,(217) 512-2047,Active
EMP002188,Emily,Martin,Emily Martin,53,Finance,Senior Developer,Austin,81682.68,9277.52,2021-07-30,28,91.0,emily.martin@company.com,(950) 697-9373,Inactive
EMP002189,Anthony,Brown,Anthony Brown,53,Sales,Lead,Miami,84082.79,13767.23,2020-11-10,29,74.4,anthony.brown@company.com,(978) 616-5549,Active
EMP002190,Matthew,Brown,Matthew Brown,56,Marketing,Senior Developer,Austin,64377.19,3856.29,2024-02-15,27,55.8,matthew.brown@company.com,(762) 220-1934,Active
EMP002191,Stephanie,Wilson,Stephanie Wilson,46,IT,Analyst,New York,86482.28,6735.98,2023-12-17,23,57.7,stephanie.wilson@company.com,(202) 263-1088,Active
EMP002192,Robert,Garcia,Robert Garcia,26,Operations,Associate,Austin,62440.63,5555.45,2021-01-21,0,42.0,robert.garcia@company.com,(298) 203-6271,Active
EMP002193,James,Garcia,James Garcia,51,Finance,Director,Austin,84604.43,9568.15,2023-01-31,24,71.3,james.garcia@company.com,(926) 201-6820,Active
EMP002194,Emily,Wilson,Emily Wilson,43,Marketing,Manager,New York,63821.92,5942.65,2022-07-12,19,83.4,emily.wilson@company.com,(607) 746-8081,Active
EMP002195,Daniel,Wilson,Daniel Wilson,38,HR,Analyst,Austin,79507.41,12539.17,2024-09-24,9,87.6,daniel.wilson@company.com,(769) 411-9218,Active
EMP002196,Christopher,Miller,Christopher Miller,57,HR,Associate,Miami,63078.8,11555.99,2024-03-09,28,86.9,christopher.miller@company.com,(285) 717-6508,Active
EMP002197,Nicole,Gonzalez,Nicole Gonzalez,33,Marketing,Lead,Los Angeles,43557.7,936.77,2020-08-02,4,60.3,nicole.gonzalez@company.com,(453) 644-5992,On Leave
EMP002198,Sarah,Smith,Sarah Smith,27,Sales,Analyst,Austin,68423.72,12212.36,2023-09-21,5,91.8,sarah.smith@company.com,(717) 360-4295,Inactive
EMP002199,Lisa,Jones,Lisa Jones,36,Sales,Coordinator,Austin,85169.48,11965.33,2021-01-17,7,74.1,lisa.jones@company.com,(672) 954-2037,Active
EMP002200,James,Smith,James Smith,58,IT,Lead,Miami,118379.02,2339.73,2022-02-28,34,81.4,james.smith@company.com,(297) 866-1711,Active
EMP002201,Amanda,Jackson,Amanda Jackson,49,Marketing,Senior Developer,New York,80816.31,11603.43,2024-10-19,21,100.0,amanda.jackson@company.com,(869) 472-5052,Active
EMP002202,Lisa,Jones,Lisa Jones,24,Legal,Associate,Miami,80134.45,6663.77,2020-08-27,2,82.3,lisa.jones@company.com,(671) 715-2813,Active
EMP002203,Anthony,Wilson,Anthony Wilson,36,HR,Coordinator,Seattle,77182.98,9688.53,2023-09-15,9,73.4,anthony.wilson@company.com,(709) 382-1272,On Leave
EMP002204,David,Gonzalez,David Gonzalez,31,IT,Associate,Boston,81391.3,6561.32,2022-12-29,9,77.1,david.gonzalez@company.com,(593) 982-3798,Active
EMP002205,Amanda,Jackson,Amanda Jackson,24,Sales,Coordinator,Chicago,94384.36,5196.42,2022-07-06,2,54.0,amanda.jackson@company.com,(409) 515-9310,Active
EMP002206,Emily,Hernandez,Emily Hernandez,28,Operations,Specialist,Austin,52079.94,6896.04,2023-10-06,3,87.7,emily.hernandez@company.com,(645) 843-1147,Active
EMP002207,Ashley,Jones,Ashley Jones,35,Engineering,Specialist,Miami,60257.58,5059.14,2023-07-08,10,84.6,ashley.jones@company.com,(686) 346-7750,Active
EMP002208,Ashley,Williams,Ashley Williams,62,Legal,Lead,Los Angeles,121673.02,6848.98,2020-02-14,37,96.2,ashley.williams@company.com,(775) 203-8492,Active
EMP002209,Melissa,Rodriguez,Melissa Rodriguez,58,Operations,Associate,Seattle,55500.13,7666.44,2021-07-18,29,49.4,melissa.rodriguez@company.com,(277) 721-4170,Active
EMP002210,Matthew,Martinez,Matthew Martinez,53,Sales,Lead,Los Angeles,94667.87,12148.74,2021-05-11,25,91.6,matthew.martinez@company.com,(495) 669-9503,Inactive
EMP002211,James,Miller,James Miller,31,IT,Associate,San Francisco,38617.64,4872.24,2021-08-22,2,53.7,james.miller@company.com,(995) 798-9744,Active
EMP002212,Ashley,Hernandez,Ashley Hernandez,52,Engineering,Associate,Chicago,90468.49,4863.95,2024-11-28,26,62.3,ashley.hernandez@company.com,(210) 534-3800,Active
EMP002213,Jane,Garcia,Jane Garcia,43,IT,Lead,Chicago,91810.47,8546.02,2020-03-21,20,68.7,jane.garcia@company.com,(606) 609-5749,Active
EMP002214,Jane,Smith,Jane Smith,59,Marketing,Specialist,Seattle,77461.72,1957.32,2022-01-04,33,79.2,jane.smith@company.com,(732) 306-4628,Active
EMP002215,Nicole,Jackson,Nicole Jackson,25,HR,Coordinator,New York,72930.53,1570.23,2022-09-15,2,71.0,nicole.jackson@company.com,(512) 882-9861,Active
EMP002216,Lisa,Martin,Lisa Martin,51,Legal,Senior Developer,Seattle,89058.46,3639.62,2023-02-07,22,72.0,lisa.martin@company.com,(555) 625-4875,Active
EMP002217,Daniel,Lopez,Daniel Lopez,30,Engineering,Manager,New York,63025.09,6715.7,2021-03-11,4,44.2,daniel.lopez@company.com,(247) 895-6651,Active
EMP002218,Christopher,Brown,Christopher Brown,49,Operations,Manager,Austin,78601.74,12030.98,2022-01-02,21,86.2,christopher.brown@company.com,(596) 499-2590,Active
EMP002219,Anthony,Miller,Anthony Miller,62,Legal,Associate,Seattle,107959.77,245.11,2022-07-08,34,100.0,anthony.miller@company.com,(783) 253-9235,Active
EMP002220,John,Brown,John Brown,29,Legal,Associate,Chicago,73180.06,5812.39,2024-12-03,1,73.0,john.brown@company.com,(858) 235-1511,Active
EMP002221,Robert,Wilson,Robert Wilson,27,Operations,Manager,San Francisco,41569.94,333.46,2021-04-17,3,49.5,robert.wilson@company.com,(477) 502-5964,Inactive
EMP002222,William,Jones,William Jones,54,Engineering,Lead,Los Angeles,113743.5,20582.19,2021-07-15,32,33.5,william.jones@company.com,(881) 551-7913,Active
EMP002223,Christopher,Lopez,Christopher Lopez,57,Marketing,Manager,Seattle,79939.68,14503.57,2022-02-12,32,83.6,christopher.lopez@company.com,(345) 996-3065,Active
EMP002224,Amanda,Martin,Amanda Martin,58,IT,Analyst,Miami,107007.12,3786.04,2021-10-07,34,96.5,amanda.martin@company.com,(635) 986-3920,Active
EMP002225,Emily,Brown,Emily Brown,42,Engineering,Director,Boston,101482.11,4480.39,2021-03-17,20,87.3,emily.brown@company.com,(850) 863-5831,Active
EMP002226,John,Rodriguez,John Rodriguez,27,Legal,Lead,Seattle,37500.0,3276.7,2022-03-07,3,90.5,john.rodriguez@company.com,(510) 754-5727,Active
EMP002227,James,Lopez,James Lopez,24,HR,Coordinator,Los Angeles,40373.66,4640.67,2020-12-15,1,43.2,james.lopez@company.com,(298) 437-9755,Active
EMP002228,John,Thomas,John Thomas,31,Sales,Specialist,Chicago,74328.8,8460.01,2021-11-13,6,69.5,john.thomas@company.com,(946) 556-4574,Active
EMP002229,Lisa,Johnson,Lisa Johnson,51,Engineering,Associate,Austin,97936.34,7721.23,2020-09-18,26,100.0,lisa.johnson@company.com,(874) 389-2497,Inactive
EMP002230,Michael,Thomas,Michael Thomas,64,HR,Lead,Chicago,87359.27,805.24,2022-10-10,35,57.6,michael.thomas@company.com,(360) 635-5435,Active
EMP002231,Nicole,Davis,Nicole Davis,53,Operations,Coordinator,Boston,74509.84,7956.5,2023-02-08,27,72.7,nicole.davis@company.com,(532) 375-3964,Active
EMP002232,Ashley,Garcia,Ashley Garcia,65,Operations,Coordinator,Chicago,68877.26,5818.64,2020-07-26,38,75.0,ashley.garcia@company.com,(615) 318-9230,Active
EMP002233,Amanda,Martin,Amanda Martin,43,Sales,Senior Developer,Miami,52883.76,2996.17,2020-04-22,19,81.3,amanda.martin@company.com,(544) 253-9668,Inactive
EMP002234,Jane,Lopez,Jane Lopez,36,Finance,Specialist,San Francisco,75190.13,9515.45,2022-07-06,11,56.2,jane.lopez@company.com,(665) 514-5411,Active
EMP002235,Amanda,Miller,Amanda Miller,31,Operations,Specialist,Chicago,81106.78,9379.45,2022-06-16,5,95.3,amanda.miller@company.com,(741) 949-5846,Active
EMP002236,Daniel,Brown,Daniel Brown,30,Operations,Lead,Seattle,55238.16,7907.59,2021-02-12,1,100.0,daniel.brown@company.com,(466) 496-4328,Active
EMP002237,Jessica,Thomas,Jessica Thomas,40,Engineering,Director,Austin,98770.7,15370.41,2020-09-12,13,65.3,jessica.thomas@company.com,(742) 422-7902,Active
EMP002238,Michael,Miller,Michael Miller,65,HR,Associate,Chicago,94209.42,8565.19,2020-03-17,36,67.0,michael.miller@company.com,(725) 685-9290,Active
EMP002239,Emily,Moore,Emily Moore,22,Sales,Analyst,Boston,61956.02,5756.29,2022-09-09,0,55.4,emily.moore@company.com,(756) 686-4216,Active
EMP002240,Nicole,Wilson,Nicole Wilson,39,Marketing,Senior Developer,Boston,38374.52,1247.84,2021-10-03,12,66.8,nicole.wilson@company.com,(385) 325-8293,Active
EMP002241,Stephanie,Hernandez,Stephanie Hernandez,22,HR,Director,Boston,56899.53,1125.31,2022-09-15,0,78.6,stephanie.hernandez@company.com,(724) 251-2663,Active
EMP002242,Sarah,Lopez,Sarah Lopez,50,IT,Director,Miami,88599.8,7588.09,2021-08-22,24,73.9,sarah.lopez@company.com,(485) 590-9135,Active
EMP002243,Melissa,Anderson,Melissa Anderson,33,IT,Associate,Chicago,97121.11,7216.75,2023-04-20,7,94.0,melissa.anderson@company.com,(266) 517-4677,Active
EMP002244,Christopher,Jones,Christopher Jones,38,Finance,Associate,Los Angeles,91215.3,6303.84,2021-06-20,11,73.5,christopher.jones@company.com,(549) 253-1475,Active
EMP002245,Sarah,Johnson,Sarah Johnson,52,Operations,Director,Miami,62043.05,6849.12,2023-03-28,29,49.7,sarah.johnson@company.com,(217) 744-4833,Active
EMP002246,James,Garcia,James Garcia,29,Sales,Associate,San Francisco,65188.97,3104.91,2023-09-20,0,61.0,james.garcia@company.com,(734) 497-5710,Active
EMP002247,Ashley,Gonzalez,Ashley Gonzalez,40,Finance,Lead,Seattle,53310.77,6072.05,2023-04-08,18,62.6,ashley.gonzalez@company.com,(579) 648-3796,Active
EMP002248,Amanda,Thomas,Amanda Thomas,24,Operations,Analyst,Boston,39514.71,2980.17,2022-11-27,0,74.4,amanda.thomas@company.com,(959) 313-1841,Active
EMP002249,Michael,Anderson,Michael Anderson,32,Legal,Analyst,San Francisco,119071.12,14665.4,2021-09-04,5,82.6,michael.anderson@company.com,(741) 753-4072,Active
EMP002250,Daniel,Williams,Daniel Williams,49,Legal,Coordinator,New York,92755.36,3707.37,2024-03-17,23,94.4,daniel.williams@company.com,(794) 741-5902,Inactive
EMP002251,William,Hernandez,William Hernandez,59,Sales,Director,Seattle,54853.32,8411.21,2022-05-21,32,69.4,william.hernandez@company.com,(708) 978-3619,Active
EMP002252,Christopher,Taylor,Christopher Taylor,32,Sales,Analyst,San Francisco,39928.17,4597.08,2024-01-27,3,83.3,christopher.taylor@company.com,(422) 853-1486,Active
EMP002253,Matthew,Hernandez,Matthew Hernandez,60,IT,Senior Developer,San Francisco,111697.65,17213.65,2023-03-29,38,73.1,matthew.hernandez@company.com,(451) 824-9055,Active
EMP002254,Michael,Rodriguez,Michael Rodriguez,29,Operations,Manager,New York,48103.38,2544.38,2024-02-20,7,60.8,michael.rodriguez@company.com,(832) 872-3734,Active
EMP002255,Daniel,Anderson,Daniel Anderson,40,Engineering,Coordinator,Boston,71697.7,2396.81,2020-10-29,12,100.0,daniel.anderson@company.com,(773) 635-7929,Active
EMP002256,Jessica,Lopez,Jessica Lopez,34,Sales,Manager,Boston,73616.31,5668.83,2024-03-25,11,64.7,jessica.lopez@company.com,(939) 675-1194,Active
EMP002257,James,Miller,James Miller,37,Marketing,Manager,Los Angeles,52203.16,4735.02,2024-03-08,9,77.4,james.miller@company.com,(962) 324-2996,Active
EMP002258,Anthony,Williams,Anthony Williams,56,Engineering,Analyst,Austin,131108.16,15719.38,2024-10-12,29,93.1,anthony.williams@company.com,(787) 685-6036,Active
EMP002259,James,Lopez,James Lopez,41,Sales,Associate,Austin,76982.18,4858.52,2020-03-27,12,87.3,james.lopez@company.com,(787) 260-9701,Active
EMP002260,Nicole,Brown,Nicole Brown,43,Sales,Specialist,New York,45143.82,4135.26,2021-11-02,20,78.7,nicole.brown@company.com,(262) 338-5904,Active
EMP002261,Daniel,Miller,Daniel Miller,61,IT,Coordinator,San Francisco,115935.6,11457.01,2023-11-28,35,68.9,daniel.miller@company.com,(743) 708-4369,Active
EMP002262,Christopher,Jones,Christopher Jones,28,Legal,Director,San Francisco,72851.66,9626.82,2023-11-14,3,58.2,christopher.jones@company.com,(557) 721-7569,Active
EMP002263,Robert,Lopez,Robert Lopez,35,HR,Manager,New York,64193.91,2120.76,2023-07-07,12,54.3,robert.lopez@company.com,(541) 757-6271,On Leave
EMP002264,Stephanie,Williams,Stephanie Williams,46,Operations,Lead,Seattle,76667.49,8344.34,2023-09-25,17,69.5,stephanie.williams@company.com,(452) 288-6477,Inactive
EMP002265,Christopher,Davis,Christopher Davis,29,Legal,Coordinator,Chicago,37500.0,4074.32,2021-12-11,6,86.9,christopher.davis@company.com,(318) 303-7223,Active
EMP002266,Christopher,Martin,Christopher Martin,56,Engineering,Director,Chicago,106676.15,22620.29,2022-08-23,30,60.2,christopher.martin@company.com,(697) 386-8486,Active
EMP002267,Emily,Moore,Emily Moore,48,IT,Associate,Los Angeles,96448.67,4860.81,2020-01-10,25,83.6,emily.moore@company.com,(551) 455-5833,Active
EMP002268,Michael,Gonzalez,Michael Gonzalez,38,Finance,Senior Developer,Seattle,83752.9,9149.28,2024-07-31,12,72.0,michael.gonzalez@company.com,(921) 899-7753,Active
EMP002269,Sarah,Martin,Sarah Martin,25,Legal,Director,Boston,60924.73,2393.5,2021-11-16,2,82.7,sarah.martin@company.com,(748) 850-5908,Active
EMP002270,William,Johnson,William Johnson,39,Operations,Manager,San Francisco,58852.28,8977.25,2021-01-21,16,70.8,william.johnson@company.com,(885) 773-9959,Active
EMP002271,Melissa,Miller,Melissa Miller,31,Engineering,Analyst,Seattle,76469.61,7529.0,2022-09-23,6,58.1,melissa.miller@company.com,(629) 413-7917,Active
EMP002272,Matthew,Brown,Matthew Brown,48,Finance,Specialist,Seattle,109754.57,9721.66,2022-07-17,26,78.9,matthew.brown@company.com,(318) 741-4766,Active
EMP002273,Robert,Smith,Robert Smith,63,IT,Associate,New York,131760.66,15241.64,2022-10-11,38,81.3,robert.smith@company.com,(611) 466-1058,Active
EMP002274,Emily,Taylor,Emily Taylor,60,Finance,Specialist,Miami,89963.98,15712.0,2024-11-19,32,83.0,emily.taylor@company.com,(527) 972-6744,Active
EMP002275,Jessica,Hernandez,Jessica Hernandez,63,Legal,Lead,Chicago,141545.73,14994.99,2020-09-09,36,68.7,jessica.hernandez@company.com,(664) 472-4220,Active
EMP002276,Stephanie,Moore,Stephanie Moore,22,Sales,Associate,San Francisco,44908.54,3989.51,2024-09-14,0,84.4,stephanie.moore@company.com,(477) 994-1575,Active
EMP002277,Robert,Jackson,Robert Jackson,37,Sales,Director,Miami,80646.21,6405.68,2023-01-28,14,65.4,robert.jackson@company.com,(681) 653-6884,On Leave
EMP002278,Jessica,Davis,Jessica Davis,35,HR,Specialist,Los Angeles,52287.72,9586.07,2024-04-07,10,71.6,jessica.davis@company.com,(686) 660-1228,Active
EMP002279,Sarah,Davis,Sarah Davis,39,Engineering,Senior Developer,New York,86063.49,7861.44,2021-12-15,17,54.9,sarah.davis@company.com,(397) 724-7867,On Leave
EMP002280,Emily,Moore,Emily Moore,22,Marketing,Analyst,Los Angeles,54108.17,5343.94,2021-12-15,0,65.9,emily.moore@company.com,(470) 370-1647,Inactive
EMP002281,Michael,Garcia,Michael Garcia,52,HR,Manager,San Francisco,52512.02,8646.89,2024-01-23,26,89.1,michael.garcia@company.com,(868) 564-8376,Active
EMP002282,John,Rodriguez,John Rodriguez,44,Finance,Manager,San Francisco,91028.46,13988.4,2020-04-25,19,86.5,john.rodriguez@company.com,(924) 906-9105,Active
EMP002283,William,Brown,William Brown,61,HR,Specialist,Chicago,77821.8,9267.06,2022-01-30,38,57.7,william.brown@company.com,(999) 445-2233,Active
EMP002284,Melissa,Martin,Melissa Martin,60,Finance,Analyst,San Francisco,113698.42,26650.77,2020-10-22,35,78.0,melissa.martin@company.com,(968) 483-9912,On Leave
EMP002285,John,Jackson,John Jackson,31,Legal,Associate,Chicago,76988.88,9740.31,2021-06-07,2,60.3,john.jackson@company.com,(788) 616-4353,Active
EMP002286,Amanda,Williams,Amanda Williams,45,Legal,Analyst,Seattle,113291.69,21256.03,2021-01-14,21,86.6,amanda.williams@company.com,(496) 214-5342,Active
EMP002287,Robert,Garcia,Robert Garcia,33,IT,Senior Developer,San Francisco,113184.72,9279.68,2022-12-28,10,79.1,robert.garcia@company.com,(836) 252-1580,Active
EMP002288,Christopher,Taylor,Christopher Taylor,27,IT,Associate,San Francisco,44574.03,6845.86,2021-03-16,5,68.5,christopher.taylor@company.com,(251) 686-1196,Active
EMP002289,Christopher,Anderson,Christopher Anderson,25,Marketing,Analyst,New York,42332.48,5268.65,2024-05-14,0,96.9,christopher.anderson@company.com,(235) 232-6492,Active
EMP002290,Jessica,Gonzalez,Jessica Gonzalez,44,IT,Senior Developer,Chicago,69004.02,7913.69,2023-03-15,16,87.6,jessica.gonzalez@company.com,(569) 401-7705,On Leave
EMP002291,Anthony,Smith,Anthony Smith,55,Engineering,Lead,Boston,122690.79,14743.14,2022-09-01,26,70.7,anthony.smith@company.com,(819) 520-1491,Active
EMP002292,Melissa,Davis,Melissa Davis,55,Marketing,Manager,Boston,53784.37,6457.84,2020-02-23,26,76.7,melissa.davis@company.com,(672) 421-8560,Active
EMP002293,Jane,Anderson,Jane Anderson,45,Marketing,Senior Developer,Chicago,62606.07,7582.61,2020-08-11,16,100.0,jane.anderson@company.com,(409) 753-7236,Active
EMP002294,Matthew,Thomas,Matthew Thomas,60,Sales,Lead,Los Angeles,71070.48,10142.05,2020-10-18,33,35.4,matthew.thomas@company.com,(390) 322-1408,Active
EMP002295,William,Hernandez,William Hernandez,25,Finance,Senior Developer,Los Angeles,45051.61,4091.72,2022-10-12,0,65.4,william.hernandez@company.com,(313) 783-3739,Active
EMP002296,Michael,Thomas,Michael Thomas,46,Engineering,Specialist,Miami,97598.46,6153.7,2021-09-19,18,52.3,michael.thomas@company.com,(450) 616-1881,On Leave
EMP002297,David,Davis,David Davis,38,Finance,Analyst,Seattle,58772.46,7218.3,2021-01-11,15,88.1,david.davis@company.com,(569) 347-2521,Active
EMP002298,John,Jones,John Jones,24,Operations,Director,Chicago,45639.8,3776.35,2023-04-18,0,79.8,john.jones@company.com,(476) 973-2348,Active
EMP002299,John,Jackson,John Jackson,34,Finance,Lead,Seattle,66232.5,3546.8,2024-06-21,12,54.2,john.jackson@company.com,(685) 384-7157,Active
EMP002300,Robert,Garcia,Robert Garcia,38,IT,Coordinator,Boston,104859.57,18298.72,2020-07-12,11,51.0,robert.garcia@company.com,(430) 333-8705,Active
EMP002301,Daniel,Martin,Daniel Martin,32,Finance,Analyst,New York,88389.21,4129.18,2021-07-07,9,76.6,daniel.martin@company.com,(553) 908-6883,Active
EMP002302,Amanda,Brown,Amanda Brown,41,IT,Analyst,New York,57052.81,5624.93,2020-08-04,13,85.7,amanda.brown@company.com,(308) 788-2809,Active
EMP002303,Nicole,Jackson,Nicole Jackson,42,Sales,Associate,Chicago,77099.53,7664.17,2023-01-11,17,96.8,nicole.jackson@company.com,(614) 975-5678,Active
EMP002304,Nicole,Wilson,Nicole Wilson,39,Finance,Associate,Miami,87174.09,7202.65,2024-06-08,14,85.5,nicole.wilson@company.com,(726) 890-7902,Active
EMP002305,Daniel,Gonzalez,Daniel Gonzalez,36,Engineering,Specialist,New York,100281.0,14568.01,2021-09-30,7,44.5,daniel.gonzalez@company.com,(667) 465-1387,Active
EMP002306,Jessica,Anderson,Jessica Anderson,44,Sales,Manager,San Francisco,30000.0,2250.19,2022-10-01,17,76.6,jessica.anderson@company.com,(498) 834-3140,Active
EMP002307,Ashley,Johnson,Ashley Johnson,50,Engineering,Director,Los Angeles,118297.0,15129.63,2022-03-15,22,95.7,ashley.johnson@company.com,(822) 947-3094,Active
EMP002308,James,Davis,James Davis,58,Finance,Associate,Seattle,104366.72,14795.34,2021-07-07,32,81.6,james.davis@company.com,(659) 240-9260,Active
EMP002309,Jessica,Jackson,Jessica Jackson,37,IT,Specialist,Boston,111102.85,13770.3,2022-06-03,8,81.3,jessica.jackson@company.com,(391) 351-1159,Active
EMP002310,Emily,Miller,Emily Miller,38,Legal,Manager,Chicago,58952.06,4941.61,2022-01-05,13,90.9,emily.miller@company.com,(536) 201-4410,Active
EMP002311,John,Johnson,John Johnson,65,Engineering,Associate,New York,169852.56,11916.81,2021-05-24,36,77.6,john.johnson@company.com,(498) 961-7607,Active
EMP002312,Anthony,Brown,Anthony Brown,28,Engineering,Senior Developer,New York,42079.97,7105.91,2020-09-05,6,73.8,anthony.brown@company.com,(458) 321-7655,Active
EMP002313,John,Jackson,John Jackson,46,Sales,Analyst,Los Angeles,87024.51,9551.15,2024-08-07,19,75.2,john.jackson@company.com,(440) 342-9101,Active
EMP002314,Daniel,Jackson,Daniel Jackson,60,Legal,Associate,New York,130140.59,20932.1,2020-01-19,31,73.1,daniel.jackson@company.com,(754) 950-6518,Active
EMP002315,Michael,Moore,Michael Moore,30,IT,Specialist,Miami,96530.12,0.0,2022-03-06,4,78.0,michael.moore@company.com,(450) 241-1830,Active
EMP002316,Lisa,Jackson,Lisa Jackson,42,Finance,Director,Austin,79220.71,5817.13,2022-06-08,19,52.2,lisa.jackson@company.com,(321) 299-5002,On Leave
EMP002317,Michael,Brown,Michael Brown,52,Sales,Senior Developer,Boston,101461.32,15393.3,2023-09-18,26,70.6,michael.brown@company.com,(818) 768-7051,Active
EMP002318,James,Taylor,James Taylor,36,Marketing,Analyst,Seattle,40820.05,4381.36,2020-02-07,8,76.7,james.taylor@company.com,(393) 851-5256,Active
EMP002319,John,Williams,John Williams,28,Operations,Coordinator,Austin,42512.44,3154.46,2024-04-10,3,95.8,john.williams@company.com,(444) 484-7764,Active
EMP002320,Daniel,Hernandez,Daniel Hernandez,50,IT,Specialist,Seattle,103503.72,13285.98,2023-04-06,23,78.7,daniel.hernandez@company.com,(920) 479-7626,Active
EMP002321,David,Johnson,David Johnson,56,Sales,Analyst,New York,80374.16,13278.62,2021-06-30,28,68.1,david.johnson@company.com,(859) 938-1262,Active
EMP002322,Nicole,Williams,Nicole Williams,35,Marketing,Director,Chicago,53400.99,10665.1,2022-11-17,9,70.4,nicole.williams@company.com,(657) 810-5734,On Leave
EMP002323,David,Gonzalez,David Gonzalez,43,Marketing,Coordinator,New York,52810.18,3157.82,2022-10-22,18,60.0,david.gonzalez@company.com,(271) 708-5293,Active
EMP002324,David,Anderson,David Anderson,63,HR,Director,Boston,93360.58,7386.94,2022-04-22,35,70.2,david.anderson@company.com,(519) 363-4641,Active
EMP002325,Daniel,Smith,Daniel Smith,37,Engineering,Senior Developer,Seattle,82970.63,6302.55,2020-11-22,13,63.2,daniel.smith@company.com,(834) 296-3285,Active
EMP002326,James,Brown,James Brown,48,Sales,Senior Developer,Los Angeles,96399.7,10482.68,2023-07-10,20,83.4,james.brown@company.com,(380) 846-6363,Active
EMP002327,John,Martinez,John Martinez,24,IT,Manager,San Francisco,75208.19,5017.14,2020-05-04,0,78.7,john.martinez@company.com,(675) 816-3832,Active
EMP002328,William,Wilson,William Wilson,51,IT,Manager,New York,116133.3,6891.22,2020-06-23,23,99.0,william.wilson@company.com,(330) 775-4969,Active
EMP002329,Daniel,Williams,Daniel Williams,61,Engineering,Analyst,San Francisco,124388.51,0.0,2021-02-14,34,94.7,daniel.williams@company.com,(330) 781-7999,Active
EMP002330,Michael,Jones,Michael Jones,37,Engineering,Coordinator,Seattle,86648.0,11368.5,2020-01-24,8,50.6,michael.jones@company.com,(709) 953-8035,Active
EMP002331,James,Davis,James Davis,32,Finance,Associate,Seattle,79370.23,0.0,2024-01-25,7,87.0,james.davis@company.com,(247) 512-3911,Inactive
EMP002332,Daniel,Wilson,Daniel Wilson,53,HR,Associate,Seattle,67973.99,11298.4,2024-08-17,25,75.3,daniel.wilson@company.com,(225) 309-2443,Active
EMP002333,John,Lopez,John Lopez,64,Legal,Specialist,Austin,123847.11,18902.46,2022-10-04,42,40.0,john.lopez@company.com,(352) 465-4848,Active
EMP002334,Stephanie,Williams,Stephanie Williams,36,Legal,Analyst,Los Angeles,51444.93,4886.25,2020-11-30,14,65.5,stephanie.williams@company.com,(525) 975-2663,Active
EMP002335,David,Anderson,David Anderson,31,Marketing,Lead,Los Angeles,80618.44,12952.07,2020-01-08,6,72.2,david.anderson@company.com,(721) 601-7853,Active
EMP002336,Christopher,Lopez,Christopher Lopez,47,IT,Analyst,Chicago,102712.05,4690.93,2021-07-19,25,91.4,christopher.lopez@company.com,(278) 836-8240,Inactive
EMP002337,Stephanie,Moore,Stephanie Moore,24,Legal,Specialist,Seattle,66285.15,1815.74,2022-08-27,2,66.8,stephanie.moore@company.com,(678) 282-3615,Active
EMP002338,Robert,Lopez,Robert Lopez,38,Engineering,Associate,New York,56707.33,8733.85,2020-08-10,12,47.1,robert.lopez@company.com,(722) 510-9201,Active
EMP002339,Ashley,Jones,Ashley Jones,23,Marketing,Coordinator,Austin,53074.11,3461.63,2024-11-04,0,78.2,ashley.jones@company.com,(478) 414-6039,Active
EMP002340,Stephanie,Gonzalez,Stephanie Gonzalez,46,Marketing,Analyst,San Francisco,72148.24,3938.58,2020-06-26,23,73.2,stephanie.gonzalez@company.com,(544) 852-8091,Active
EMP002341,Lisa,Lopez,Lisa Lopez,58,Marketing,Specialist,Boston,103006.16,2443.61,2023-03-23,35,80.7,lisa.lopez@company.com,(376) 217-7548,Active
EMP002342,William,Martinez,William Martinez,28,Sales,Senior Developer,San Francisco,99468.71,6149.83,2023-10-05,0,70.5,william.martinez@company.com,(927) 827-9078,Active
EMP002343,Nicole,Moore,Nicole Moore,51,Sales,Lead,Chicago,87987.69,8348.34,2021-05-25,28,77.2,nicole.moore@company.com,(202) 884-8029,Active
EMP002344,Jessica,Hernandez,Jessica Hernandez,55,Finance,Senior Developer,Chicago,89422.79,16441.28,2022-12-17,33,62.9,jessica.hernandez@company.com,(729) 483-7877,Active
EMP002345,Christopher,Gonzalez,Christopher Gonzalez,34,Finance,Coordinator,New York,61921.45,11059.82,2024-09-30,11,72.5,christopher.gonzalez@company.com,(300) 303-1716,Active
EMP002346,Emily,Lopez,Emily Lopez,33,Finance,Specialist,Austin,74841.37,6542.81,2020-06-17,10,100.0,emily.lopez@company.com,(943) 390-5049,Inactive
EMP002347,Sarah,Gonzalez,Sarah Gonzalez,48,Engineering,Associate,Seattle,90933.96,9048.6,2020-01-09,21,80.6,sarah.gonzalez@company.com,(445) 708-3331,Active
EMP002348,Matthew,Gonzalez,Matthew Gonzalez,42,Engineering,Director,New York,74284.65,2606.78,2020-11-30,17,35.2,matthew.gonzalez@company.com,(263) 915-4303,Active
EMP002349,Daniel,Moore,Daniel Moore,34,Engineering,Senior Developer,San Francisco,116523.65,11222.21,2024-07-11,5,94.2,daniel.moore@company.com,(482) 233-1216,Active
EMP002350,Melissa,Brown,Melissa Brown,40,HR,Lead,San Francisco,75146.76,10558.13,2024-03-10,15,49.9,melissa.brown@company.com,(301) 803-8645,Active
EMP002351,Nicole,Wilson,Nicole Wilson,22,Engineering,Associate,San Francisco,81497.59,9906.39,2024-12-15,0,84.1,nicole.wilson@company.com,(359) 978-6812,Active
EMP002352,Lisa,Johnson,Lisa Johnson,22,Finance,Specialist,San Francisco,74115.65,7891.21,2024-09-27,0,85.2,lisa.johnson@company.com,(851) 677-9583,Active
EMP002353,Amanda,Smith,Amanda Smith,39,Sales,Director,San Francisco,61961.79,12210.21,2022-06-15,16,71.3,amanda.smith@company.com,(548) 428-6532,Active
EMP002354,Sarah,Smith,Sarah Smith,64,Legal,Lead,Chicago,115732.11,13928.88,2022-12-06,36,51.5,sarah.smith@company.com,(962) 203-8727,Active
EMP002355,Daniel,Martin,Daniel Martin,46,Engineering,Lead,Austin,73639.32,12640.97,2020-08-17,21,86.1,daniel.martin@company.com,(625) 308-7991,Active
EMP002356,Matthew,Brown,Matthew Brown,63,Legal,Analyst,Chicago,114289.28,7371.57,2021-02-19,34,63.6,matthew.brown@company.com,(893) 810-7294,Active
EMP002357,Melissa,Brown,Melissa Brown,31,HR,Coordinator,Miami,53307.58,6755.0,2024-09-11,3,58.7,melissa.brown@company.com,(432) 241-8330,Inactive
EMP002358,Nicole,Brown,Nicole Brown,41,Engineering,Specialist,Chicago,60155.9,9050.7,2023-01-25,15,90.7,nicole.brown@company.com,(215) 889-9995,Active
EMP002359,Amanda,Anderson,Amanda Anderson,45,Engineering,Analyst,New York,116623.49,22878.69,2023-08-26,16,88.3,amanda.anderson@company.com,(463) 885-5803,Active
EMP002360,David,Miller,David Miller,38,IT,Analyst,Chicago,67325.27,9680.7,2024-08-15,14,93.0,david.miller@company.com,(324) 600-1623,Active
EMP002361,Christopher,Martin,Christopher Martin,24,IT,Lead,Boston,99287.41,4446.3,2021-06-15,0,70.4,christopher.martin@company.com,(607) 882-8735,Active
EMP002362,Daniel,Lopez,Daniel Lopez,25,Sales,Senior Developer,Los Angeles,58953.79,8717.56,2021-05-18,0,64.3,daniel.lopez@company.com,(791) 573-3327,Active
EMP002363,Jane,Brown,Jane Brown,44,IT,Analyst,Seattle,103146.38,12068.59,2022-03-06,17,79.5,jane.brown@company.com,(274) 204-8869,Inactive
EMP002364,Robert,Miller,Robert Miller,50,Operations,Specialist,New York,60608.09,9264.68,2024-05-20,23,89.9,robert.miller@company.com,(360) 488-4471,Active
EMP002365,Sarah,Martin,Sarah Martin,44,HR,Specialist,Chicago,61121.83,4098.37,2023-01-14,21,65.5,sarah.martin@company.com,(499) 715-2080,Active
EMP002366,John,Martinez,John Martinez,52,Sales,Senior Developer,Los Angeles,64112.22,9855.75,2024-07-25,23,63.0,john.martinez@company.com,(215) 523-4745,Active
EMP002367,Sarah,Lopez,Sarah Lopez,59,Sales,Lead,Los Angeles,99573.86,7097.19,2024-01-13,31,77.6,sarah.lopez@company.com,(573) 981-7359,Active
EMP002368,Christopher,Davis,Christopher Davis,47,HR,Director,Boston,81607.98,4898.98,2021-09-26,20,63.1,christopher.davis@company.com,(763) 292-2531,Active
EMP002369,John,Brown,John Brown,60,Finance,Associate,Miami,106575.0,10832.14,2021-06-15,33,65.7,john.brown@company.com,(987) 359-9037,Active
EMP002370,Anthony,Wilson,Anthony Wilson,60,Sales,Lead,Boston,88318.34,10523.85,2021-05-20,34,83.9,anthony.wilson@company.com,(765) 545-6258,Active
EMP002371,Sarah,Jones,Sarah Jones,22,Sales,Lead,Miami,50378.15,5116.06,2021-11-05,0,85.4,sarah.jones@company.com,(300) 337-4837,Active
EMP002372,Anthony,Thomas,Anthony Thomas,59,Sales,Coordinator,Boston,84773.49,0.0,2021-06-15,31,89.0,anthony.thomas@company.com,(358) 585-1747,Active
EMP002373,Lisa,Anderson,Lisa Anderson,61,Marketing,Associate,Austin,79732.04,10402.0,2020-02-08,34,76.3,lisa.anderson@company.com,(357) 502-5795,Active
EMP002374,Amanda,Rodriguez,Amanda Rodriguez,53,IT,Lead,Miami,92906.43,15519.71,2020-10-16,26,68.6,amanda.rodriguez@company.com,(237) 566-2059,Active
EMP002375,John,Anderson,John Anderson,49,HR,Lead,New York,62227.97,4993.65,2020-09-07,27,88.0,john.anderson@company.com,(570) 593-5318,Active
EMP002376,Melissa,Moore,Melissa Moore,25,HR,Manager,Miami,58172.13,8378.27,2021-03-19,0,85.5,melissa.moore@company.com,(300) 698-6210,Active
EMP002377,Jessica,Taylor,Jessica Taylor,51,Engineering,Lead,Chicago,97776.8,15208.75,2021-08-30,29,100.0,jessica.taylor@company.com,(274) 508-9245,Active
EMP002378,Daniel,Garcia,Daniel Garcia,46,IT,Analyst,New York,65145.56,5017.19,2023-02-26,24,65.8,daniel.garcia@company.com,(376) 540-5252,Active
EMP002379,Christopher,Taylor,Christopher Taylor,36,IT,Lead,Chicago,70316.14,1737.4,2021-01-15,11,68.6,christopher.taylor@company.com,(768) 728-5919,On Leave
EMP002380,Daniel,Wilson,Daniel Wilson,34,IT,Analyst,Seattle,79741.62,7663.86,2020-01-22,12,59.5,daniel.wilson@company.com,(656) 868-7180,Active
EMP002381,David,Thomas,David Thomas,44,Sales,Coordinator,Austin,105266.98,8422.57,2021-03-02,20,62.9,david.thomas@company.com,(944) 761-7568,Active
EMP002382,David,Lopez,David Lopez,46,Marketing,Associate,Austin,75199.33,7481.43,2024-01-18,21,43.2,david.lopez@company.com,(716) 686-1853,Active
EMP002383,John,Rodriguez,John Rodriguez,34,IT,Analyst,Austin,67622.97,7913.99,2020-04-27,5,80.5,john.rodriguez@company.com,(910) 542-7070,Active
EMP002384,William,Smith,William Smith,65,Operations,Analyst,New York,104678.18,9901.03,2022-08-29,41,82.6,william.smith@company.com,(404) 791-7850,Active
EMP002385,James,Martin,James Martin,33,Legal,Specialist,Los Angeles,66375.79,2366.36,2024-05-09,4,86.3,james.martin@company.com,(209) 521-4143,Active
EMP002386,James,Wilson,James Wilson,39,Legal,Lead,New York,97397.99,11482.87,2022-10-21,11,80.1,james.wilson@company.com,(809) 674-9188,Active
EMP002387,Amanda,Rodriguez,Amanda Rodriguez,46,Marketing,Senior Developer,Los Angeles,68003.17,6703.14,2023-04-16,19,100.0,amanda.rodriguez@company.com,(921) 228-4952,Active
EMP002388,Matthew,Rodriguez,Matthew Rodriguez,45,Marketing,Lead,Chicago,66484.14,7063.77,2021-03-06,16,100.0,matthew.rodriguez@company.com,(612) 967-3133,Active
EMP002389,Robert,Garcia,Robert Garcia,45,Engineering,Analyst,Chicago,91625.38,9632.4,2023-08-10,16,58.4,robert.garcia@company.com,(350) 693-2692,Active
EMP002390,Michael,Anderson,Michael Anderson,52,Operations,Associate,Miami,89198.3,6250.49,2023-05-27,26,62.4,michael.anderson@company.com,(323) 703-2746,Active
EMP002391,Jane,Martinez,Jane Martinez,41,Marketing,Senior Developer,Boston,61944.75,3592.01,2021-08-14,15,89.9,jane.martinez@company.com,(474) 765-7621,Active
EMP002392,Jessica,Johnson,Jessica Johnson,43,Operations,Senior Developer,Chicago,58155.59,5088.92,2024-09-07,20,76.6,jessica.johnson@company.com,(635) 792-1128,Active
EMP002393,Emily,Garcia,Emily Garcia,24,Engineering,Associate,Chicago,85881.54,4536.36,2023-03-10,0,88.3,emily.garcia@company.com,(762) 214-2567,On Leave
EMP002394,William,Garcia,William Garcia,33,IT,Lead,Seattle,104569.79,7254.93,2024-08-24,4,60.3,william.garcia@company.com,(279) 262-7919,Active
EMP002395,Michael,Anderson,Michael Anderson,42,Legal,Director,New York,111432.22,5629.51,2024-07-09,13,73.1,michael.anderson@company.com,(282) 609-4178,Active
EMP002396,Jane,Hernandez,Jane Hernandez,23,Engineering,Specialist,New York,116679.19,17050.44,2023-04-09,0,70.3,jane.hernandez@company.com,(403) 413-4026,Active
EMP002397,Daniel,Garcia,Daniel Garcia,32,Finance,Associate,Seattle,39874.34,3858.02,2023-03-28,10,54.5,daniel.garcia@company.com,(429) 315-8218,Active
EMP002398,William,Anderson,William Anderson,30,IT,Manager,Austin,91965.24,11192.41,2023-01-10,2,61.1,william.anderson@company.com,(427) 776-1532,Active
EMP002399,James,Rodriguez,James Rodriguez,41,Engineering,Coordinator,Chicago,57457.46,1190.63,2023-06-15,15,96.2,james.rodriguez@company.com,(946) 827-6325,Active
EMP002400,Lisa,Davis,Lisa Davis,26,HR,Lead,Chicago,63238.72,6153.11,2023-12-06,0,70.6,lisa.davis@company.com,(361) 976-9081,Active
EMP002401,Michael,Garcia,Michael Garcia,26,Sales,Director,Los Angeles,74255.1,8832.21,2021-12-13,3,82.4,michael.garcia@company.com,(867) 248-5890,On Leave
EMP002402,Anthony,Wilson,Anthony Wilson,46,Engineering,Associate,Chicago,96594.3,10147.92,2024-01-11,22,89.5,anthony.wilson@company.com,(629) 663-7473,Active
EMP002403,Emily,Anderson,Emily Anderson,26,Marketing,Coordinator,Seattle,51467.09,4828.34,2021-02-24,0,78.5,emily.anderson@company.com,(802) 700-5338,Active
EMP002404,Anthony,Lopez,Anthony Lopez,55,Engineering,Manager,Miami,123691.08,13168.35,2022-11-01,29,96.9,anthony.lopez@company.com,(759) 645-5937,Active
EMP002405,Stephanie,Thomas,Stephanie Thomas,64,Operations,Manager,Los Angeles,83093.91,5586.38,2020-12-13,42,70.2,stephanie.thomas@company.com,(245) 758-1167,Active
EMP002406,Sarah,Jackson,Sarah Jackson,64,Marketing,Analyst,New York,89356.51,4411.65,2021-01-16,35,93.2,sarah.jackson@company.com,(990) 279-7085,Active
EMP002407,Ashley,Davis,Ashley Davis,50,Engineering,Specialist,Seattle,105838.8,12766.04,2023-01-15,23,46.6,ashley.davis@company.com,(786) 235-4689,Active
EMP002408,Emily,Lopez,Emily Lopez,32,HR,Director,Austin,80318.33,11414.25,2020-12-20,10,59.0,emily.lopez@company.com,(206) 371-5008,Active
EMP002409,Jane,Jones,Jane Jones,45,Operations,Coordinator,Boston,68063.97,6572.05,2024-10-13,21,98.9,jane.jones@company.com,(260) 316-4706,On Leave
EMP002410,Ashley,Hernandez,Ashley Hernandez,33,Engineering,Associate,Austin,83400.66,13142.99,2023-04-04,10,77.8,ashley.hernandez@company.com,(716) 767-5666,Active
EMP002411,Robert,Martin,Robert Martin,28,HR,Director,Austin,36016.62,6261.75,2024-11-27,0,94.4,robert.martin@company.com,(366) 501-5035,Active
EMP002412,Emily,Jackson,Emily Jackson,38,IT,Manager,Chicago,97206.73,6012.52,2024-07-20,15,67.5,emily.jackson@company.com,(750) 227-6682,Active
EMP002413,Nicole,Davis,Nicole Davis,24,Sales,Specialist,Chicago,77842.4,0.0,2024-03-21,2,85.9,nicole.davis@company.com,(476) 292-3649,Inactive
EMP002414,Jane,Anderson,Jane Anderson,54,Operations,Coordinator,Los Angeles,74004.13,8745.93,2024-11-26,30,54.1,jane.anderson@company.com,(826) 815-3193,On Leave
EMP002415,Sarah,Jones,Sarah Jones,23,HR,Associate,Miami,49710.85,386.85,2021-02-09,1,71.2,sarah.jones@company.com,(277) 692-8533,Active
EMP002416,Amanda,Rodriguez,Amanda Rodriguez,39,Marketing,Manager,San Francisco,56470.13,8185.08,2022-02-25,12,100.0,amanda.rodriguez@company.com,(386) 809-5394,Active
EMP002417,Anthony,Miller,Anthony Miller,39,Legal,Senior Developer,Boston,86483.93,8191.25,2023-04-15,11,64.4,anthony.miller@company.com,(335) 385-7480,Active
EMP002418,Jessica,Brown,Jessica Brown,33,Legal,Director,Boston,92483.94,15018.54,2024-01-19,4,88.5,jessica.brown@company.com,(610) 331-7939,Inactive
EMP002419,William,Thomas,William Thomas,30,Operations,Associate,Chicago,52864.33,3926.12,2021-05-30,8,75.7,william.thomas@company.com,(592) 305-3324,Active
EMP002420,Lisa,Wilson,Lisa Wilson,45,Sales,Director,Miami,78162.73,6234.67,2020-02-24,21,72.0,lisa.wilson@company.com,(204) 784-3594,Active
EMP002421,Nicole,Rodriguez,Nicole Rodriguez,54,Operations,Specialist,Chicago,96192.28,13135.66,2020-05-05,27,92.7,nicole.rodriguez@company.com,(395) 370-2734,Active
EMP002422,Jessica,Hernandez,Jessica Hernandez,63,Operations,Coordinator,New York,93890.99,14320.25,2020-07-11,39,80.3,jessica.hernandez@company.com,(477) 414-3286,Active
EMP002423,Sarah,Martinez,Sarah Martinez,26,HR,Lead,New York,57090.65,5296.49,2022-09-20,1,72.7,sarah.martinez@company.com,(805) 672-3288,Active
EMP002424,Lisa,Jones,Lisa Jones,39,Operations,Analyst,Seattle,54982.06,8150.19,2020-11-10,14,65.4,lisa.jones@company.com,(295) 713-9933,Active
EMP002425,William,Hernandez,William Hernandez,55,Sales,Manager,Chicago,72026.91,9349.04,2021-09-11,29,90.3,william.hernandez@company.com,(990) 755-8915,Active
EMP002426,Stephanie,Thomas,Stephanie Thomas,31,IT,Director,Austin,83376.19,7813.41,2024-12-08,4,96.1,stephanie.thomas@company.com,(440) 975-3787,Active
EMP002427,Nicole,Wilson,Nicole Wilson,32,Operations,Coordinator,San Francisco,84361.36,9388.36,2024-11-22,8,58.6,nicole.wilson@company.com,(832) 258-3718,Active
EMP002428,Nicole,Martinez,Nicole Martinez,64,IT,Manager,Seattle,71937.23,4554.43,2024-12-14,39,100.0,nicole.martinez@company.com,(732) 541-9248,Active
EMP002429,Amanda,Taylor,Amanda Taylor,31,HR,Coordinator,Chicago,64357.43,10366.13,2023-12-03,4,70.3,amanda.taylor@company.com,(647) 927-8828,Active
EMP002430,Emily,Smith,Emily Smith,31,Finance,Lead,Los Angeles,59600.78,9608.47,2020-09-13,9,82.0,emily.smith@company.com,(874) 798-3757,Active
EMP002431,Robert,Hernandez,Robert Hernandez,26,Operations,Associate,San Francisco,36127.27,3422.57,2020-12-11,3,100.0,robert.hernandez@company.com,(768) 362-3828,Active
EMP002432,Amanda,Smith,Amanda Smith,26,Sales,Coordinator,Chicago,41235.4,5881.42,2024-02-02,0,85.9,amanda.smith@company.com,(879) 850-7647,Active
EMP002433,Ashley,Anderson,Ashley Anderson,61,Marketing,Director,Los Angeles,68186.39,4816.93,2023-04-21,33,74.4,ashley.anderson@company.com,(978) 457-3953,Active
EMP002434,Michael,Garcia,Michael Garcia,49,Marketing,Specialist,Austin,84149.88,6990.04,2020-06-27,22,58.8,michael.garcia@company.com,(494) 783-3867,Active
EMP002435,John,Martin,John Martin,54,IT,Analyst,Los Angeles,108087.39,13012.04,2024-08-29,25,93.6,john.martin@company.com,(910) 654-1651,Active
EMP002436,Christopher,Smith,Christopher Smith,46,Finance,Manager,Boston,94066.49,7975.47,2023-04-04,18,66.9,christopher.smith@company.com,(569) 640-4181,Active
EMP002437,Melissa,Martinez,Melissa Martinez,62,Engineering,Director,New York,140900.75,16230.34,2023-06-12,38,92.0,melissa.martinez@company.com,(276) 251-2382,Active
EMP002438,Jessica,Lopez,Jessica Lopez,22,HR,Analyst,Chicago,27000.0,1956.52,2020-11-24,0,70.3,jessica.lopez@company.com,(505) 674-2534,Active
EMP002439,Anthony,Davis,Anthony Davis,43,IT,Manager,New York,49724.98,7700.62,2022-05-09,21,94.0,anthony.davis@company.com,(221) 741-3352,Active
EMP002440,Jane,Hernandez,Jane Hernandez,62,IT,Associate,Seattle,116087.39,3447.12,2020-08-15,39,100.0,jane.hernandez@company.com,(901) 966-7848,Active
EMP002441,Jane,Thomas,Jane Thomas,27,IT,Associate,Chicago,76222.69,7352.03,2021-07-30,2,84.5,jane.thomas@company.com,(423) 925-9613,Active
EMP002442,Amanda,Smith,Amanda Smith,47,Engineering,Director,Boston,124334.18,15553.71,2022-08-06,21,75.0,amanda.smith@company.com,(377) 404-5446,Active
EMP002443,Daniel,Wilson,Daniel Wilson,50,Marketing,Senior Developer,Austin,86462.64,9766.08,2021-02-25,22,88.9,daniel.wilson@company.com,(402) 620-2878,Active
EMP002444,Lisa,Rodriguez,Lisa Rodriguez,30,Finance,Associate,San Francisco,70478.27,6962.66,2021-09-05,7,58.7,lisa.rodriguez@company.com,(340) 404-2624,Active
EMP002445,William,Martinez,William Martinez,47,Sales,Lead,Austin,73127.71,6845.82,2020-12-31,20,64.6,william.martinez@company.com,(675) 681-7362,Active
EMP002446,Melissa,Wilson,Melissa Wilson,22,Engineering,Director,Los Angeles,50112.74,4817.07,2024-06-06,0,97.5,melissa.wilson@company.com,(457) 818-5789,Active
EMP002447,Jane,Rodriguez,Jane Rodriguez,29,IT,Lead,San Francisco,45741.06,6254.51,2021-11-02,7,71.6,jane.rodriguez@company.com,(548) 302-9382,Active
EMP002448,John,Williams,John Williams,46,Legal,Analyst,Austin,68583.21,3550.55,2021-09-05,24,67.1,john.williams@company.com,(914) 387-1674,Inactive
EMP002449,Ashley,Moore,Ashley Moore,50,HR,Specialist,Miami,73234.76,6240.75,2021-06-30,23,68.9,ashley.moore@company.com,(990) 473-2274,Active
EMP002450,Emily,Davis,Emily Davis,29,Finance,Associate,Boston,81204.14,5470.67,2024-05-18,7,79.2,emily.davis@company.com,(543) 401-9208,Active
EMP002451,Anthony,Rodriguez,Anthony Rodriguez,25,Legal,Analyst,New York,75553.62,6944.59,2022-01-05,3,90.7,anthony.rodriguez@company.com,(500) 991-9782,Active
EMP002452,Jessica,Gonzalez,Jessica Gonzalez,61,Marketing,Manager,Los Angeles,81224.24,12978.69,2021-07-29,39,84.8,jessica.gonzalez@company.com,(904) 678-3833,Active
EMP002453,Stephanie,Rodriguez,Stephanie Rodriguez,60,Sales,Manager,New York,71742.97,12016.32,2023-05-04,33,92.8,stephanie.rodriguez@company.com,(547) 432-9206,Inactive
EMP002454,James,Thomas,James Thomas,65,Finance,Senior Developer,Chicago,141817.97,3224.62,2022-03-11,40,69.3,james.thomas@company.com,(943) 485-4841,Active
EMP002455,Anthony,Martin,Anthony Martin,50,Engineering,Director,New York,96072.72,12449.69,2022-09-03,27,73.3,anthony.martin@company.com,(746) 279-5290,Active
EMP002456,Jane,Martinez,Jane Martinez,43,Legal,Senior Developer,Los Angeles,114782.15,13707.43,2021-08-24,19,77.8,jane.martinez@company.com,(427) 666-9277,On Leave
EMP002457,Matthew,Rodriguez,Matthew Rodriguez,27,Finance,Lead,Austin,91745.52,11724.37,2020-04-14,0,65.1,matthew.rodriguez@company.com,(605) 945-7146,Active
EMP002458,Daniel,Lopez,Daniel Lopez,23,IT,Associate,Seattle,72731.81,4879.66,2024-10-04,0,50.0,daniel.lopez@company.com,(678) 334-7352,Active
EMP002459,Christopher,Moore,Christopher Moore,31,Sales,Specialist,Boston,54923.53,5403.15,2024-12-11,4,92.2,christopher.moore@company.com,(910) 289-9510,Active
EMP002460,Matthew,Martin,Matthew Martin,53,Engineering,Analyst,New York,102854.61,9218.03,2022-07-16,30,49.9,matthew.martin@company.com,(686) 912-3735,Active
EMP002461,Sarah,Smith,Sarah Smith,36,Finance,Manager,Boston,117431.1,5140.56,2023-11-29,12,71.6,sarah.smith@company.com,(665) 865-7308,Active
EMP002462,Jessica,Lopez,Jessica Lopez,59,IT,Manager,Los Angeles,84808.73,10375.09,2021-11-22,34,71.3,jessica.lopez@company.com,(237) 433-5062,Active
EMP002463,Stephanie,Jackson,Stephanie Jackson,62,HR,Manager,Austin,105063.86,18690.36,2022-03-22,39,62.6,stephanie.jackson@company.com,(694) 860-8209,Active
EMP002464,John,Gonzalez,John Gonzalez,43,Legal,Analyst,San Francisco,111611.78,16721.93,2021-01-09,14,69.8,john.gonzalez@company.com,(952) 387-7891,Active
EMP002465,Melissa,Jackson,Melissa Jackson,36,Finance,Manager,San Francisco,75245.54,9235.28,2024-04-28,13,73.1,melissa.jackson@company.com,(724) 662-9324,Active
EMP002466,Stephanie,Hernandez,Stephanie Hernandez,23,HR,Manager,Boston,51666.76,4453.81,2022-03-04,0,72.8,stephanie.hernandez@company.com,(682) 969-4362,Active
EMP002467,Robert,Martinez,Robert Martinez,44,Marketing,Associate,Miami,72908.86,10597.37,2020-02-19,21,75.4,robert.martinez@company.com,(959) 522-6286,Active
EMP002468,Ashley,Jackson,Ashley Jackson,60,Marketing,Senior Developer,Chicago,90963.76,11955.57,2023-11-23,34,60.3,ashley.jackson@company.com,(666) 260-5298,Active
EMP002469,Nicole,Wilson,Nicole Wilson,45,Sales,Lead,Los Angeles,58676.59,3415.65,2020-03-01,23,55.8,nicole.wilson@company.com,(616) 600-4374,Active
EMP002470,Jane,Williams,Jane Williams,58,IT,Manager,Chicago,109631.96,13189.24,2022-08-29,31,88.8,jane.williams@company.com,(396) 794-3905,Active
EMP002471,Matthew,Martin,Matthew Martin,63,Sales,Lead,Chicago,90333.34,11619.0,2020-09-02,40,84.2,matthew.martin@company.com,(775) 357-7859,Active
EMP002472,Robert,Davis,Robert Davis,62,Legal,Lead,San Francisco,124205.61,11674.11,2024-02-19,38,97.5,robert.davis@company.com,(206) 746-7928,Active
EMP002473,Ashley,Martin,Ashley Martin,62,Finance,Associate,Chicago,85156.1,3935.7,2023-04-17,40,57.6,ashley.martin@company.com,(498) 361-1494,Active
EMP002474,Anthony,Moore,Anthony Moore,45,HR,Director,San Francisco,72943.87,11991.47,2021-10-31,17,70.1,anthony.moore@company.com,(509) 903-1315,Active
EMP002475,Amanda,Jackson,Amanda Jackson,61,IT,Manager,Miami,108175.27,11889.64,2022-02-18,32,83.9,amanda.jackson@company.com,(813) 383-2040,Active
EMP002476,Nicole,Anderson,Nicole Anderson,56,HR,Coordinator,New York,80711.0,14042.27,2021-06-13,28,89.3,nicole.anderson@company.com,(821) 743-3660,On Leave
EMP002477,William,Davis,William Davis,60,Finance,Manager,Austin,90800.8,0.0,2023-11-29,32,78.3,william.davis@company.com,(350) 910-2234,Active
EMP002478,Nicole,Brown,Nicole Brown,49,IT,Manager,Miami,82122.08,14730.24,2022-03-02,24,70.5,nicole.brown@company.com,(849) 585-5441,Active
EMP002479,Sarah,Hernandez,Sarah Hernandez,29,Engineering,Associate,San Francisco,92996.71,13191.54,2023-08-25,7,75.7,sarah.hernandez@company.com,(458) 990-3325,Inactive
EMP002480,Matthew,Williams,Matthew Williams,28,Operations,Director,New York,57738.34,581.31,2022-07-08,0,94.5,matthew.williams@company.com,(993) 247-2874,Active
EMP002481,Lisa,Jones,Lisa Jones,38,IT,Manager,Seattle,120051.11,2611.27,2022-07-02,10,100.0,lisa.jones@company.com,(249) 408-1509,Active
EMP002482,Nicole,Johnson,Nicole Johnson,57,Sales,Analyst,Miami,76586.69,5744.78,2022-04-03,34,67.4,nicole.johnson@company.com,(353) 741-3713,Active
EMP002483,Stephanie,Moore,Stephanie Moore,26,Marketing,Specialist,Seattle,47250.36,6668.64,2024-09-21,1,80.4,stephanie.moore@company.com,(739) 534-1494,Active
EMP002484,John,Anderson,John Anderson,57,Marketing,Analyst,Boston,86098.27,1595.69,2023-08-06,35,52.5,john.anderson@company.com,(862) 678-5515,Active
EMP002485,Stephanie,Moore,Stephanie Moore,64,Engineering,Senior Developer,Los Angeles,127401.73,13819.44,2024-01-12,41,86.2,stephanie.moore@company.com,(814) 594-2805,Active
EMP002486,Melissa,Gonzalez,Melissa Gonzalez,26,IT,Manager,Chicago,72109.13,2945.35,2023-02-15,2,73.3,melissa.gonzalez@company.com,(233) 743-3186,Active
EMP002487,Jessica,Martin,Jessica Martin,59,Sales,Manager,Miami,84859.8,13360.17,2023-07-25,37,93.9,jessica.martin@company.com,(975) 379-7902,Active
EMP002488,William,Rodriguez,William Rodriguez,45,Finance,Coordinator,Austin,84530.39,12580.26,2024-07-02,17,77.4,william.rodriguez@company.com,(809) 590-4012,Active
EMP002489,James,Taylor,James Taylor,57,Legal,Senior Developer,New York,106579.82,7402.44,2020-12-31,28,84.2,james.taylor@company.com,(211) 953-5837,Active
EMP002490,David,Martinez,David Martinez,25,Marketing,Director,Boston,51485.42,5677.52,2022-04-15,0,73.0,david.martinez@company.com,(810) 219-2474,Inactive
EMP002491,David,Davis,David Davis,62,Legal,Director,Boston,112065.72,10680.79,2020-01-19,37,71.7,david.davis@company.com,(387) 764-5362,Active
EMP002492,Christopher,Johnson,Christopher Johnson,41,HR,Lead,Los Angeles,58298.89,6980.95,2020-01-02,14,79.4,christopher.johnson@company.com,(335) 972-5811,Active
EMP002493,James,Jones,James Jones,65,Finance,Coordinator,New York,91744.99,6008.67,2021-12-27,40,88.7,james.jones@company.com,(427) 915-7961,Active
EMP002494,Michael,Moore,Michael Moore,24,Legal,Specialist,Boston,69572.67,10993.38,2023-10-23,0,83.4,michael.moore@company.com,(216) 448-7555,Active
EMP002495,William,Taylor,William Taylor,28,Marketing,Coordinator,San Francisco,48234.15,7590.14,2024-11-25,4,64.5,william.taylor@company.com,(934) 783-8401,On Leave
EMP002496,Jessica,Taylor,Jessica Taylor,44,Operations,Associate,Seattle,54045.5,8562.38,2022-04-21,18,90.4,jessica.taylor@company.com,(355) 402-3083,Active
EMP002497,Jane,Gonzalez,Jane Gonzalez,52,IT,Associate,Miami,119910.75,3808.89,2021-08-04,27,57.9,jane.gonzalez@company.com,(799) 275-3119,Active
EMP002498,Ashley,Jackson,Ashley Jackson,29,Legal,Analyst,Chicago,42360.53,5303.86,2024-03-12,4,69.0,ashley.jackson@company.com,(251) 462-4047,Active
EMP002499,Christopher,Garcia,Christopher Garcia,41,Marketing,Analyst,Los Angeles,57358.43,9296.16,2020-01-23,13,85.3,christopher.garcia@company.com,(593) 626-7523,Active
EMP002500,Daniel,Jackson,Daniel Jackson,26,IT,Director,Chicago,73405.81,0.0,2021-12-07,0,77.8,daniel.jackson@company.com,(586) 824-3528,Active
EMP002501,Lisa,Moore,Lisa Moore,55,HR,Coordinator,Austin,78739.43,14000.28,2024-03-19,30,63.3,lisa.moore@company.com,(766) 952-8822,Inactive
EMP002502,Christopher,Moore,Christopher Moore,65,Legal,Lead,Miami,119626.2,18665.22,2023-06-05,40,60.4,christopher.moore@company.com,(391) 581-8107,Active
EMP002503,Sarah,Davis,Sarah Davis,26,Finance,Manager,Chicago,47039.02,4289.11,2022-12-07,0,97.5,sarah.davis@company.com,(457) 822-5047,Active
EMP002504,Robert,Martin,Robert Martin,59,HR,Analyst,San Francisco,57867.0,4885.52,2020-09-15,30,80.7,robert.martin@company.com,(612) 210-1480,Active
EMP002505,Michael,Martinez,Michael Martinez,51,Finance,Lead,New York,73584.58,6181.45,2022-03-27,23,59.3,michael.martinez@company.com,(350) 831-2103,On Leave
EMP002506,Ashley,Davis,Ashley Davis,37,Engineering,Senior Developer,Seattle,117601.25,13230.99,2021-03-21,12,74.4,ashley.davis@company.com,(507) 321-1273,Active
EMP002507,Anthony,Thomas,Anthony Thomas,54,Operations,Lead,Chicago,56574.44,3575.38,2020-09-28,26,100.0,anthony.thomas@company.com,(233) 805-9849,Active
EMP002508,James,Gonzalez,James Gonzalez,26,Finance,Analyst,Chicago,47905.56,5164.86,2021-08-30,0,68.2,james.gonzalez@company.com,(211) 537-3479,Active
EMP002509,Emily,Davis,Emily Davis,51,Operations,Manager,Austin,71943.71,11443.62,2023-03-13,25,58.2,emily.davis@company.com,(696) 636-8014,Active
EMP002510,Sarah,Martin,Sarah Martin,41,Finance,Analyst,Los Angeles,82148.42,7788.0,2023-03-10,12,84.4,sarah.martin@company.com,(995) 758-1556,Active
EMP002511,Amanda,Gonzalez,Amanda Gonzalez,27,Marketing,Senior Developer,New York,52201.13,4446.98,2022-08-28,1,70.9,amanda.gonzalez@company.com,(874) 573-5030,Active
EMP002512,John,Anderson,John Anderson,52,IT,Senior Developer,Los Angeles,63485.21,9963.31,2022-12-13,30,74.4,john.anderson@company.com,(640) 785-6459,On Leave
EMP002513,David,Martinez,David Martinez,42,Engineering,Director,Seattle,114604.52,17011.94,2024-06-16,14,56.1,david.martinez@company.com,(514) 702-5220,Active
EMP002514,Emily,Hernandez,Emily Hernandez,58,HR,Director,San Francisco,58621.46,6772.59,2022-09-14,31,87.9,emily.hernandez@company.com,(876) 833-6173,Inactive
EMP002515,Sarah,Smith,Sarah Smith,40,Engineering,Lead,Miami,79601.86,12303.28,2022-10-12,14,86.9,sarah.smith@company.com,(401) 857-3778,Active
EMP002516,Amanda,Johnson,Amanda Johnson,35,HR,Senior Developer,Los Angeles,70149.69,10167.86,2024-03-31,9,85.9,amanda.johnson@company.com,(789) 980-3938,On Leave
EMP002517,David,Hernandez,David Hernandez,36,Sales,Lead,Austin,74354.51,7216.3,2021-01-31,12,62.1,david.hernandez@company.com,(415) 670-1660,Active
EMP002518,Emily,Martinez,Emily Martinez,40,Finance,Lead,Seattle,79976.07,8052.78,2021-08-09,16,56.2,emily.martinez@company.com,(763) 823-1001,Active
EMP002519,Melissa,Wilson,Melissa Wilson,34,Engineering,Associate,Miami,43636.68,6706.73,2024-11-08,8,87.5,melissa.wilson@company.com,(331) 993-4694,Active
EMP002520,Michael,Smith,Michael Smith,24,Legal,Coordinator,Los Angeles,67011.22,4598.98,2020-06-05,0,78.0,michael.smith@company.com,(996) 975-2168,Active
EMP002521,Jane,Moore,Jane Moore,24,Operations,Lead,San Francisco,51083.85,0.0,2023-11-24,0,76.9,jane.moore@company.com,(444) 873-3727,Inactive
EMP002522,Anthony,Lopez,Anthony Lopez,47,Sales,Coordinator,Seattle,74108.43,16113.85,2022-02-24,19,73.7,anthony.lopez@company.com,(397) 461-1606,Active
EMP002523,Michael,Moore,Michael Moore,59,Operations,Coordinator,New York,96391.54,7427.31,2021-12-10,34,44.1,michael.moore@company.com,(757) 959-2295,Active
EMP002524,Sarah,Hernandez,Sarah Hernandez,24,Legal,Specialist,Seattle,113893.82,7892.62,2024-01-11,1,39.9,sarah.hernandez@company.com,(834) 601-6992,Active
EMP002525,Sarah,Gonzalez,Sarah Gonzalez,30,Engineering,Lead,Miami,126023.75,10721.86,2020-01-06,8,59.5,sarah.gonzalez@company.com,(251) 491-1185,Active
EMP002526,John,Martinez,John Martinez,51,Operations,Senior Developer,Seattle,64615.76,3357.5,2023-01-10,28,61.7,john.martinez@company.com,(482) 218-5073,Active
EMP002527,Nicole,Jones,Nicole Jones,50,Marketing,Manager,San Francisco,94519.42,11303.96,2023-10-26,24,76.3,nicole.jones@company.com,(414) 802-7268,Active
EMP002528,Emily,Johnson,Emily Johnson,65,HR,Associate,Boston,68832.93,13623.98,2023-11-02,36,88.4,emily.johnson@company.com,(485) 843-1344,Active
EMP002529,Nicole,Moore,Nicole Moore,56,Engineering,Associate,Chicago,93342.33,12547.52,2021-10-20,28,72.4,nicole.moore@company.com,(361) 822-6536,Active
EMP002530,Christopher,Martinez,Christopher Martinez,30,IT,Director,Austin,72578.86,5703.06,2024-01-19,7,71.7,christopher.martinez@company.com,(442) 550-7840,Active
EMP002531,Jane,Miller,Jane Miller,64,Legal,Specialist,Seattle,82229.33,4470.86,2024-10-06,40,82.2,jane.miller@company.com,(221) 715-9310,Inactive
EMP002532,Stephanie,Thomas,Stephanie Thomas,52,Engineering,Manager,Miami,119757.1,16630.58,2023-05-06,26,67.7,stephanie.thomas@company.com,(372) 242-2924,Active
EMP002533,Lisa,Williams,Lisa Williams,62,Finance,Senior Developer,Austin,104844.42,5175.72,2020-07-07,37,75.8,lisa.williams@company.com,(404) 897-3379,Active
EMP002534,Christopher,Brown,Christopher Brown,45,Sales,Specialist,Boston,49600.62,4275.0,2023-02-07,16,72.4,christopher.brown@company.com,(546) 774-1770,Active
EMP002535,Christopher,Davis,Christopher Davis,61,Marketing,Senior Developer,San Francisco,74212.51,6042.89,2023-05-01,33,77.1,christopher.davis@company.com,(871) 612-1529,Active
EMP002536,Daniel,Garcia,Daniel Garcia,52,Marketing,Coordinator,New York,52212.25,5713.3,2021-04-07,30,77.8,daniel.garcia@company.com,(815) 681-1114,Active
EMP002537,William,Lopez,William Lopez,52,Finance,Lead,Seattle,113414.81,14996.72,2024-01-27,28,77.9,william.lopez@company.com,(914) 258-9713,Active
EMP002538,David,Miller,David Miller,53,Sales,Senior Developer,Miami,88027.51,9074.93,2021-08-15,26,86.3,david.miller@company.com,(599) 963-2203,Active
EMP002539,Anthony,Hernandez,Anthony Hernandez,64,HR,Associate,Seattle,71613.09,8919.96,2024-11-29,42,91.8,anthony.hernandez@company.com,(697) 596-7687,Active
EMP002540,Stephanie,Garcia,Stephanie Garcia,59,HR,Associate,Boston,60344.44,5055.44,2020-01-06,36,89.7,stephanie.garcia@company.com,(572) 437-1222,Active
EMP002541,Christopher,Williams,Christopher Williams,33,Finance,Analyst,New York,60887.59,3508.26,2022-02-04,4,82.0,christopher.williams@company.com,(697) 768-8346,Active
EMP002542,Christopher,Taylor,Christopher Taylor,56,IT,Coordinator,New York,116494.7,20145.76,2024-07-22,30,65.9,christopher.taylor@company.com,(253) 602-4874,Active
EMP002543,Christopher,Davis,Christopher Davis,27,IT,Coordinator,New York,88733.79,15033.37,2020-03-31,0,75.6,christopher.davis@company.com,(332) 948-9698,Inactive
EMP002544,Michael,Wilson,Michael Wilson,36,Finance,Senior Developer,New York,86406.74,2157.6,2020-01-23,11,100.0,michael.wilson@company.com,(421) 800-1717,Active
EMP002545,Emily,Johnson,Emily Johnson,63,HR,Analyst,New York,99733.59,8314.45,2022-01-17,40,76.0,emily.johnson@company.com,(338) 223-5297,Active
EMP002546,Robert,Anderson,Robert Anderson,41,Operations,Coordinator,Miami,55388.76,3400.45,2021-04-18,17,52.2,robert.anderson@company.com,(314) 788-4058,On Leave
EMP002547,Jane,Johnson,Jane Johnson,37,IT,Analyst,New York,99091.29,12860.34,2024-11-02,14,62.7,jane.johnson@company.com,(674) 557-9077,Inactive
EMP002548,James,Rodriguez,James Rodriguez,64,Finance,Manager,Chicago,90289.13,6585.24,2021-10-15,40,82.6,james.rodriguez@company.com,(492) 965-5612,Active
EMP002549,James,Davis,James Davis,49,Sales,Manager,San Francisco,65324.54,3616.14,2023-07-15,22,68.0,james.davis@company.com,(774) 323-9978,Active
EMP002550,Amanda,Lopez,Amanda Lopez,50,HR,Specialist,Seattle,98701.3,8800.54,2024-04-09,22,76.9,amanda.lopez@company.com,(538) 607-7654,Active
EMP002551,Emily,Martin,Emily Martin,47,Operations,Senior Developer,Chicago,70687.16,8662.05,2022-10-07,21,91.6,emily.martin@company.com,(831) 706-1857,Active
EMP002552,Stephanie,Gonzalez,Stephanie Gonzalez,24,Engineering,Associate,Austin,81048.88,6496.72,2020-07-29,1,70.6,stephanie.gonzalez@company.com,(630) 342-6072,Active
EMP002553,John,Anderson,John Anderson,23,Engineering,Lead,Seattle,65965.17,2953.75,2024-11-03,0,55.1,john.anderson@company.com,(855) 357-7907,Inactive
EMP002554,Christopher,Smith,Christopher Smith,40,Marketing,Coordinator,Austin,74577.97,10170.26,2024-06-25,12,76.8,christopher.smith@company.com,(264) 574-9257,Active
EMP002555,Michael,Lopez,Michael Lopez,42,HR,Senior Developer,New York,68127.59,7021.1,2022-06-22,13,78.6,michael.lopez@company.com,(435) 895-2477,Active
EMP002556,Sarah,Hernandez,Sarah Hernandez,54,IT,Coordinator,New York,91668.73,8192.75,2022-12-14,27,69.8,sarah.hernandez@company.com,(650) 785-2013,Active
EMP002557,Emily,Rodriguez,Emily Rodriguez,28,Finance,Director,San Francisco,61365.11,7526.94,2021-05-17,0,58.3,emily.rodriguez@company.com,(804) 534-6039,Active
EMP002558,William,Johnson,William Johnson,56,IT,Coordinator,Seattle,109482.3,8483.65,2021-03-13,34,77.4,william.johnson@company.com,(299) 896-6240,Active
EMP002559,Daniel,Jackson,Daniel Jackson,35,Engineering,Lead,Boston,82676.31,13886.85,2020-09-09,6,80.8,daniel.jackson@company.com,(786) 952-2309,Active
EMP002560,Matthew,Jackson,Matthew Jackson,58,IT,Specialist,Los Angeles,89154.88,3086.35,2024-10-01,33,100.0,matthew.jackson@company.com,(935) 614-4519,Active
EMP002561,Christopher,Brown,Christopher Brown,45,HR,Coordinator,Austin,56581.49,7836.68,2024-01-01,21,67.6,christopher.brown@company.com,(821) 706-5322,Active
EMP002562,Nicole,Anderson,Nicole Anderson,50,IT,Coordinator,New York,123110.65,18728.12,2023-11-07,24,67.3,nicole.anderson@company.com,(679) 250-4043,On Leave
EMP002563,Melissa,Thomas,Melissa Thomas,63,Sales,Director,Seattle,91122.83,8891.94,2024-10-18,37,76.2,melissa.thomas@company.com,(206) 857-2642,Active
EMP002564,Emily,Smith,Emily Smith,38,Operations,Lead,Los Angeles,57150.78,3790.41,2021-05-10,11,43.5,emily.smith@company.com,(422) 394-3353,Active
EMP002565,Lisa,Thomas,Lisa Thomas,27,HR,Director,Chicago,63039.29,3883.73,2023-03-04,5,73.4,lisa.thomas@company.com,(614) 496-5244,Active
EMP002566,Nicole,Jones,Nicole Jones,24,Operations,Analyst,Austin,31740.6,733.09,2024-07-28,2,68.8,nicole.jones@company.com,(604) 671-7161,Active
EMP002567,Anthony,Garcia,Anthony Garcia,35,Finance,Lead,Chicago,66014.43,6376.69,2022-08-27,8,84.9,anthony.garcia@company.com,(442) 836-3612,Active
EMP002568,Nicole,Hernandez,Nicole Hernandez,61,Marketing,Analyst,New York,70345.51,7852.62,2021-05-03,36,62.5,nicole.hernandez@company.com,(902) 386-1355,Active
EMP002569,William,Smith,William Smith,38,Sales,Director,Los Angeles,73122.44,9040.91,2021-04-11,10,75.0,william.smith@company.com,(979) 379-9458,Active
EMP002570,David,Miller,David Miller,53,Finance,Senior Developer,Miami,45719.51,4946.04,2023-05-23,28,57.9,david.miller@company.com,(805) 737-3446,Inactive
EMP002571,John,Thomas,John Thomas,65,Operations,Senior Developer,Boston,67292.6,2862.98,2021-11-03,37,70.9,john.thomas@company.com,(475) 906-6604,Active
EMP002572,Christopher,Johnson,Christopher Johnson,24,Legal,Associate,Boston,109508.45,5328.91,2023-03-10,0,85.1,christopher.johnson@company.com,(906) 823-2137,Active
EMP002573,Jessica,Brown,Jessica Brown,31,Engineering,Associate,New York,92268.78,8456.62,2024-06-03,6,70.9,jessica.brown@company.com,(491) 451-4497,Active
EMP002574,Emily,Wilson,Emily Wilson,22,Marketing,Lead,Chicago,38139.0,1511.61,2022-07-09,0,73.9,emily.wilson@company.com,(678) 678-4577,Active
EMP002575,Michael,Wilson,Michael Wilson,51,Engineering,Associate,Los Angeles,96128.66,7921.5,2021-09-03,26,53.9,michael.wilson@company.com,(947) 689-1463,Inactive
EMP002576,Daniel,Smith,Daniel Smith,27,HR,Manager,Boston,43889.27,3102.07,2021-05-02,3,84.0,daniel.smith@company.com,(587) 235-6489,Active
EMP002577,Emily,Martin,Emily Martin,51,Finance,Specialist,Chicago,64242.37,4905.23,2020-06-22,24,72.5,emily.martin@company.com,(945) 238-8748,Active
EMP002578,Ashley,Johnson,Ashley Johnson,45,Marketing,Specialist,Miami,77457.87,12210.8,2020-02-07,21,65.1,ashley.johnson@company.com,(891) 863-8116,Active
EMP002579,Amanda,Taylor,Amanda Taylor,42,Marketing,Lead,Los Angeles,95141.26,9944.23,2022-05-10,15,88.6,amanda.taylor@company.com,(341) 580-1039,Active
EMP002580,Stephanie,Garcia,Stephanie Garcia,54,Engineering,Director,New York,94563.75,4471.07,2023-12-18,29,100.0,stephanie.garcia@company.com,(614) 395-9328,Active
EMP002581,Amanda,Gonzalez,Amanda Gonzalez,38,Finance,Senior Developer,Los Angeles,54020.16,8411.18,2021-08-02,13,78.4,amanda.gonzalez@company.com,(787) 658-5378,Active
EMP002582,Melissa,Jackson,Melissa Jackson,36,HR,Director,San Francisco,61984.76,6105.2,2023-04-17,13,59.8,melissa.jackson@company.com,(915) 988-8936,Active
EMP002583,Nicole,Rodriguez,Nicole Rodriguez,31,Sales,Associate,Seattle,67081.01,8865.93,2020-03-11,4,71.2,nicole.rodriguez@company.com,(803) 957-6160,Active
EMP002584,John,Martinez,John Martinez,31,HR,Associate,Chicago,73723.09,4918.06,2024-05-06,2,99.3,john.martinez@company.com,(646) 503-4546,Active
EMP002585,Jessica,Jackson,Jessica Jackson,49,Finance,Senior Developer,Los Angeles,58043.76,10026.33,2020-09-24,27,48.5,jessica.jackson@company.com,(303) 360-9979,Active
EMP002586,Nicole,Williams,Nicole Williams,47,Sales,Specialist,Boston,105811.42,11713.91,2023-02-25,25,79.4,nicole.williams@company.com,(547) 433-5120,Active
EMP002587,Michael,Garcia,Michael Garcia,33,Legal,Analyst,Los Angeles,68903.65,6888.27,2020-10-08,11,51.0,michael.garcia@company.com,(397) 805-9700,Active
EMP002588,Ashley,Thomas,Ashley Thomas,52,Finance,Analyst,Chicago,109504.35,11748.82,2021-11-29,24,66.4,ashley.thomas@company.com,(607) 932-8554,Active
EMP002589,Melissa,Williams,Melissa Williams,50,Marketing,Director,Chicago,71568.66,6579.89,2022-07-11,23,81.0,melissa.williams@company.com,(738) 858-9946,Active
EMP002590,Jane,Hernandez,Jane Hernandez,65,Finance,Associate,San Francisco,105623.07,0.0,2022-12-05,40,62.4,jane.hernandez@company.com,(250) 593-2262,On Leave
EMP002591,Robert,Rodriguez,Robert Rodriguez,48,Operations,Specialist,Los Angeles,75452.28,8078.97,2022-08-15,21,47.1,robert.rodriguez@company.com,(965) 788-9789,On Leave
EMP002592,William,Gonzalez,William Gonzalez,49,Engineering,Associate,Boston,128934.62,24015.91,2023-11-07,22,81.9,william.gonzalez@company.com,(654) 838-5412,Active
EMP002593,Christopher,Miller,Christopher Miller,65,HR,Lead,New York,75606.71,11106.97,2020-11-11,40,62.7,christopher.miller@company.com,(406) 604-2955,Active
EMP002594,Nicole,Johnson,Nicole Johnson,46,Marketing,Senior Developer,Los Angeles,82204.02,11880.2,2022-02-25,24,62.7,nicole.johnson@company.com,(610) 335-1121,Active
EMP002595,James,Lopez,James Lopez,55,Operations,Associate,Miami,75747.06,6077.78,2021-07-22,31,71.2,james.lopez@company.com,(538) 711-9564,Inactive
EMP002596,James,Hernandez,James Hernandez,53,Operations,Coordinator,Miami,71151.2,10103.27,2020-07-23,29,52.4,james.hernandez@company.com,(376) 460-8704,Active
EMP002597,John,Smith,John Smith,28,Engineering,Lead,Los Angeles,75209.27,9074.47,2021-11-22,6,86.3,john.smith@company.com,(733) 624-9699,Inactive
EMP002598,Ashley,Johnson,Ashley Johnson,37,Operations,Associate,San Francisco,58634.25,7375.19,2022-02-22,10,67.8,ashley.johnson@company.com,(561) 461-6326,Active
EMP002599,Emily,Rodriguez,Emily Rodriguez,23,Finance,Senior Developer,Seattle,57293.0,9728.8,2024-04-25,0,52.5,emily.rodriguez@company.com,(724) 802-8738,Inactive
EMP002600,John,Jones,John Jones,22,HR,Associate,Austin,63224.68,6793.55,2022-12-30,0,67.5,john.jones@company.com,(636) 217-9397,Active
EMP002601,James,Thomas,James Thomas,51,Engineering,Lead,San Francisco,103222.52,13862.22,2020-02-10,24,64.2,james.thomas@company.com,(451) 618-4178,Active
EMP002602,Lisa,Martinez,Lisa Martinez,23,Finance,Director,Chicago,59913.15,5402.69,2022-11-15,0,74.8,lisa.martinez@company.com,(858) 621-1995,Active
EMP002603,James,Johnson,James Johnson,56,HR,Specialist,New York,76864.15,17994.26,2024-03-09,29,88.4,james.johnson@company.com,(270) 417-5409,Active
EMP002604,John,Jackson,John Jackson,37,IT,Lead,San Francisco,71631.72,2564.94,2023-05-06,11,79.0,john.jackson@company.com,(696) 789-8978,Active
EMP002605,William,Hernandez,William Hernandez,24,Marketing,Senior Developer,Seattle,45401.44,7065.51,2021-03-05,0,83.6,william.hernandez@company.com,(571) 598-5428,Active
EMP002606,Ashley,Hernandez,Ashley Hernandez,60,Engineering,Director,Miami,99701.11,15416.88,2021-12-25,31,39.9,ashley.hernandez@company.com,(971) 988-7187,Active
EMP002607,Melissa,Martinez,Melissa Martinez,58,Engineering,Lead,Boston,132642.72,26711.73,2023-08-04,34,78.5,melissa.martinez@company.com,(854) 428-5115,Active
EMP002608,James,Jackson,James Jackson,32,Engineering,Associate,Chicago,103323.21,7643.84,2020-01-03,10,66.8,james.jackson@company.com,(372) 934-5111,Active
EMP002609,Jane,Davis,Jane Davis,31,Sales,Analyst,Boston,62202.06,7547.15,2021-11-11,3,49.5,jane.davis@company.com,(733) 487-1287,Active
EMP002610,Ashley,Jones,Ashley Jones,39,Engineering,Senior Developer,Austin,131322.23,16059.13,2023-02-28,11,91.3,ashley.jones@company.com,(961) 650-8533,Active
EMP002611,Nicole,Wilson,Nicole Wilson,32,Legal,Coordinator,Boston,90106.51,10713.46,2020-08-20,3,77.0,nicole.wilson@company.com,(872) 516-2092,Active
EMP002612,Stephanie,Rodriguez,Stephanie Rodriguez,59,Marketing,Manager,Austin,77603.3,9258.72,2022-10-22,36,75.2,stephanie.rodriguez@company.com,(734) 972-3115,Active
EMP002613,James,Taylor,James Taylor,61,IT,Senior Developer,Seattle,108342.26,3291.02,2023-03-14,33,67.2,james.taylor@company.com,(630) 362-5009,Active
EMP002614,Jessica,Garcia,Jessica Garcia,42,IT,Coordinator,New York,76962.81,5169.54,2024-01-19,14,88.0,jessica.garcia@company.com,(761) 585-5586,Active
EMP002615,Stephanie,Thomas,Stephanie Thomas,34,Finance,Senior Developer,Austin,94094.74,8393.58,2024-10-05,6,50.0,stephanie.thomas@company.com,(654) 397-1040,Active
EMP002616,Emily,Jackson,Emily Jackson,29,HR,Coordinator,San Francisco,46728.76,8597.24,2020-07-07,7,61.1,emily.jackson@company.com,(742) 982-2479,Active
EMP002617,Matthew,Jones,Matthew Jones,45,Finance,Associate,Chicago,98776.56,9690.48,2024-08-13,16,58.6,matthew.jones@company.com,(570) 548-6118,Active
EMP002618,Nicole,Jackson,Nicole Jackson,40,Engineering,Analyst,Los Angeles,95046.62,6883.75,2021-04-27,13,88.2,nicole.jackson@company.com,(336) 671-3366,Active
EMP002619,Melissa,Brown,Melissa Brown,24,Legal,Analyst,New York,78418.58,2903.95,2024-12-15,0,69.5,melissa.brown@company.com,(375) 433-8725,Active
EMP002620,Anthony,Johnson,Anthony Johnson,35,Engineering,Coordinator,Los Angeles,80517.65,8978.28,2024-08-14,12,70.9,anthony.johnson@company.com,(479) 931-9882,Active
EMP002621,Daniel,Johnson,Daniel Johnson,62,Finance,Lead,Miami,96062.33,5000.54,2023-04-04,39,68.1,daniel.johnson@company.com,(530) 920-5251,Active
EMP002622,Daniel,Wilson,Daniel Wilson,36,Legal,Coordinator,Boston,74064.55,30.0,2021-02-18,14,90.7,daniel.wilson@company.com,(807) 737-2268,On Leave
EMP002623,Nicole,Moore,Nicole Moore,59,Engineering,Director,Miami,103413.31,6899.66,2022-08-05,33,66.0,nicole.moore@company.com,(726) 267-6779,Active
EMP002624,James,Thomas,James Thomas,22,Engineering,Coordinator,Seattle,69984.37,16001.06,2022-11-10,0,85.4,james.thomas@company.com,(823) 980-7399,Active
EMP002625,Nicole,Miller,Nicole Miller,35,Finance,Associate,Miami,84194.1,10784.41,2021-02-24,11,75.8,nicole.miller@company.com,(737) 223-3548,On Leave
EMP002626,Melissa,Gonzalez,Melissa Gonzalez,38,Sales,Director,Chicago,74339.49,5764.57,2023-04-30,10,59.0,melissa.gonzalez@company.com,(608) 897-2782,Active
EMP002627,Lisa,Smith,Lisa Smith,39,Operations,Senior Developer,San Francisco,69535.52,3422.32,2020-11-12,13,72.4,lisa.smith@company.com,(780) 862-9847,Active
EMP002628,Christopher,Brown,Christopher Brown,51,Marketing,Lead,New York,84429.52,13419.88,2020-01-15,23,90.0,christopher.brown@company.com,(611) 597-1600,Inactive
EMP002629,Jane,Anderson,Jane Anderson,40,Marketing,Lead,Austin,57366.65,8091.97,2024-05-15,12,71.6,jane.anderson@company.com,(350) 803-3358,Active
EMP002630,Lisa,Davis,Lisa Davis,44,HR,Associate,Seattle,109005.33,12111.81,2023-09-16,20,83.2,lisa.davis@company.com,(511) 822-8440,Inactive
EMP002631,Jessica,Hernandez,Jessica Hernandez,25,Engineering,Lead,Los Angeles,66597.82,6087.67,2021-11-02,0,48.5,jessica.hernandez@company.com,(671) 723-7779,Inactive
EMP002632,Jessica,Miller,Jessica Miller,36,Operations,Lead,Boston,56610.44,2457.21,2020-01-28,7,76.8,jessica.miller@company.com,(698) 652-4868,Active
EMP002633,Emily,Miller,Emily Miller,61,Sales,Coordinator,Boston,74972.65,8130.47,2021-11-27,35,76.5,emily.miller@company.com,(847) 243-6214,Active
EMP002634,Jane,Lopez,Jane Lopez,52,Marketing,Lead,San Francisco,97310.18,6641.76,2023-06-19,29,76.9,jane.lopez@company.com,(817) 891-4647,Active
EMP002635,William,Rodriguez,William Rodriguez,51,Engineering,Coordinator,Seattle,124328.97,9666.22,2022-11-08,25,82.1,william.rodriguez@company.com,(750) 414-2714,On Leave
EMP002636,Ashley,Williams,Ashley Williams,26,Finance,Manager,Miami,75821.23,15518.13,2023-08-27,0,88.2,ashley.williams@company.com,(918) 304-3496,Inactive
EMP002637,James,Johnson,James Johnson,65,HR,Lead,Los Angeles,75791.0,7339.21,2020-08-21,43,58.6,james.johnson@company.com,(532) 842-7447,Active
EMP002638,Nicole,Martin,Nicole Martin,26,Sales,Lead,New York,59621.17,7692.68,2024-12-03,2,68.4,nicole.martin@company.com,(661) 832-8313,Active
EMP002639,David,Davis,David Davis,49,Finance,Coordinator,Seattle,80163.89,12799.39,2022-05-23,20,90.7,david.davis@company.com,(724) 498-5315,Active
EMP002640,Melissa,Jackson,Melissa Jackson,22,Finance,Director,New York,57048.27,6029.71,2024-08-05,0,42.6,melissa.jackson@company.com,(990) 633-8000,On Leave
EMP002641,John,Williams,John Williams,38,IT,Analyst,Austin,84544.49,8491.24,2023-06-09,11,72.1,john.williams@company.com,(526) 691-4582,Active
EMP002642,Matthew,Miller,Matthew Miller,60,Sales,Lead,Boston,58777.39,6532.27,2022-01-19,36,52.6,matthew.miller@company.com,(663) 923-3624,Active
EMP002643,David,Anderson,David Anderson,35,HR,Associate,San Francisco,66959.51,8014.66,2023-02-19,13,88.0,david.anderson@company.com,(992) 960-4414,Active
EMP002644,David,Jackson,David Jackson,31,Sales,Coordinator,Boston,80268.52,6012.14,2023-12-15,6,74.4,david.jackson@company.com,(877) 511-3681,On Leave
EMP002645,Jessica,Davis,Jessica Davis,62,Marketing,Senior Developer,Seattle,98700.75,4721.16,2022-02-08,40,81.9,jessica.davis@company.com,(954) 581-2130,Active
EMP002646,William,Moore,William Moore,31,HR,Associate,Los Angeles,68906.85,7508.83,2020-02-19,6,78.8,william.moore@company.com,(677) 412-5913,Active
EMP002647,Christopher,Thomas,Christopher Thomas,45,Finance,Analyst,Los Angeles,75698.18,4442.26,2024-01-29,21,53.3,christopher.thomas@company.com,(325) 553-6844,Active
EMP002648,Michael,Thomas,Michael Thomas,41,Finance,Associate,San Francisco,62062.24,4396.73,2020-05-10,18,73.7,michael.thomas@company.com,(652) 203-6516,Active
EMP002649,Emily,Garcia,Emily Garcia,51,Sales,Associate,San Francisco,96623.39,19293.93,2023-03-02,27,89.2,emily.garcia@company.com,(765) 273-5696,Inactive
EMP002650,Sarah,Davis,Sarah Davis,37,Finance,Lead,Seattle,60757.68,14072.65,2022-03-02,12,67.0,sarah.davis@company.com,(915) 259-5180,Active
EMP002651,Robert,Thomas,Robert Thomas,29,Legal,Manager,Seattle,42560.44,4076.07,2024-02-16,1,64.4,robert.thomas@company.com,(331) 805-3054,Active
EMP002652,Ashley,Davis,Ashley Davis,29,HR,Analyst,New York,50671.88,2868.69,2022-05-19,2,66.3,ashley.davis@company.com,(849) 556-1484,Active
EMP002653,Anthony,Gonzalez,Anthony Gonzalez,24,Marketing,Director,San Francisco,42390.23,3185.56,2022-05-01,1,83.6,anthony.gonzalez@company.com,(586) 663-8531,Active
EMP002654,Christopher,Wilson,Christopher Wilson,30,IT,Senior Developer,Los Angeles,59643.16,2791.02,2020-01-04,6,71.4,christopher.wilson@company.com,(342) 520-7457,Inactive
EMP002655,William,Garcia,William Garcia,44,Engineering,Analyst,Chicago,100824.71,15660.38,2020-09-30,19,85.1,william.garcia@company.com,(896) 915-4607,Active
EMP002656,Anthony,Moore,Anthony Moore,34,Engineering,Director,San Francisco,82565.96,0.0,2024-01-25,9,61.6,anthony.moore@company.com,(648) 633-4616,Inactive
EMP002657,Melissa,Lopez,Melissa Lopez,35,Engineering,Lead,San Francisco,100782.79,1988.17,2024-11-04,9,88.1,melissa.lopez@company.com,(663) 829-2182,Active
EMP002658,Ashley,Rodriguez,Ashley Rodriguez,43,IT,Specialist,San Francisco,76045.06,7294.45,2021-08-24,19,84.8,ashley.rodriguez@company.com,(227) 831-3690,Active
EMP002659,Amanda,Williams,Amanda Williams,47,Legal,Associate,Seattle,100402.6,6497.28,2022-01-08,18,67.2,amanda.williams@company.com,(644) 514-3295,Inactive
EMP002660,Christopher,Johnson,Christopher Johnson,46,Sales,Director,Los Angeles,72890.88,1933.0,2022-09-29,20,77.8,christopher.johnson@company.com,(969) 331-7219,Active
EMP002661,Anthony,Jackson,Anthony Jackson,25,Operations,Coordinator,Los Angeles,60916.12,9559.01,2021-12-30,1,76.1,anthony.jackson@company.com,(796) 976-3587,Active
EMP002662,Melissa,Anderson,Melissa Anderson,42,IT,Senior Developer,Seattle,103129.69,22068.96,2021-09-03,13,75.0,melissa.anderson@company.com,(822) 246-1431,Active
EMP002663,Nicole,Hernandez,Nicole Hernandez,23,Engineering,Coordinator,Chicago,72526.27,13892.94,2021-12-04,0,59.4,nicole.hernandez@company.com,(265) 946-4412,Active
EMP002664,William,Martinez,William Martinez,62,Finance,Lead,Los Angeles,109609.79,12126.23,2020-10-15,39,82.9,william.martinez@company.com,(384) 746-9780,Active
EMP002665,John,Martinez,John Martinez,57,Legal,Director,Austin,121414.21,5923.49,2020-05-15,33,47.4,john.martinez@company.com,(458) 569-5521,Active
EMP002666,Michael,Lopez,Michael Lopez,43,Legal,Director,Seattle,70459.34,5489.12,2020-10-31,19,100.0,michael.lopez@company.com,(566) 295-2875,Active
EMP002667,Anthony,Anderson,Anthony Anderson,61,Legal,Director,Boston,91007.43,8722.71,2020-05-10,39,62.7,anthony.anderson@company.com,(337) 904-1132,Active
EMP002668,Anthony,Hernandez,Anthony Hernandez,29,Finance,Lead,Austin,66259.69,8217.9,2022-10-11,7,48.2,anthony.hernandez@company.com,(866) 645-7961,Active
EMP002669,Robert,Johnson,Robert Johnson,37,Operations,Manager,New York,77311.42,10074.27,2020-07-23,14,57.6,robert.johnson@company.com,(940) 913-9780,Active
EMP002670,Jessica,Williams,Jessica Williams,38,Finance,Senior Developer,Austin,70936.95,9620.84,2021-10-26,14,69.2,jessica.williams@company.com,(294) 266-5098,Active
EMP002671,Melissa,Moore,Melissa Moore,47,IT,Senior Developer,Chicago,65525.77,10728.09,2024-06-26,24,56.0,melissa.moore@company.com,(215) 697-9986,Active
EMP002672,Daniel,Brown,Daniel Brown,61,Engineering,Coordinator,Los Angeles,131351.39,24809.29,2022-05-16,38,93.4,daniel.brown@company.com,(508) 331-6417,Active
EMP002673,Jane,Wilson,Jane Wilson,57,Engineering,Associate,Chicago,116778.96,25107.3,2024-08-10,35,96.6,jane.wilson@company.com,(792) 872-4242,Active
EMP002674,Michael,Lopez,Michael Lopez,38,Finance,Director,Chicago,53657.86,4096.12,2020-01-26,14,81.9,michael.lopez@company.com,(613) 234-1864,Active
EMP002675,Jane,Garcia,Jane Garcia,58,IT,Coordinator,Boston,110426.5,8395.04,2023-11-25,29,44.1,jane.garcia@company.com,(219) 891-6348,Inactive
EMP002676,David,Garcia,David Garcia,65,Finance,Senior Developer,San Francisco,128083.76,10660.03,2021-08-15,40,88.4,david.garcia@company.com,(357) 227-7614,Active
EMP002677,Jane,Brown,Jane Brown,63,Operations,Specialist,San Francisco,62648.43,2432.46,2021-10-16,40,81.5,jane.brown@company.com,(956) 802-3321,Active
EMP002678,Christopher,Wilson,Christopher Wilson,54,HR,Analyst,Austin,51697.82,5755.08,2020-09-20,32,76.7,christopher.wilson@company.com,(338) 339-5552,Active
EMP002679,James,Davis,James Davis,31,Marketing,Analyst,Chicago,52773.62,2083.87,2020-04-06,9,94.4,james.davis@company.com,(581) 586-3291,Active
EMP002680,Sarah,Martin,Sarah Martin,22,Engineering,Senior Developer,San Francisco,102730.57,3763.65,2024-04-01,0,62.4,sarah.martin@company.com,(412) 462-9752,Active
EMP002681,Jessica,Jackson,Jessica Jackson,38,Sales,Director,Austin,68755.61,7356.73,2023-08-07,16,77.0,jessica.jackson@company.com,(378) 572-3974,Active
EMP002682,Sarah,Miller,Sarah Miller,57,Marketing,Specialist,Austin,87879.38,12458.37,2021-11-18,31,73.8,sarah.miller@company.com,(621) 895-5641,Active
EMP002683,Robert,Martinez,Robert Martinez,26,Marketing,Specialist,Los Angeles,62549.07,9362.0,2024-05-01,0,82.5,robert.martinez@company.com,(505) 824-8253,Active
EMP002684,John,Garcia,John Garcia,25,Finance,Associate,Los Angeles,50713.16,8849.76,2021-01-30,2,62.9,john.garcia@company.com,(474) 378-1893,Active
EMP002685,Anthony,Lopez,Anthony Lopez,34,HR,Lead,Los Angeles,55730.82,3558.37,2023-07-27,7,68.6,anthony.lopez@company.com,(886) 684-4973,Active
EMP002686,Anthony,Moore,Anthony Moore,46,Operations,Lead,Chicago,61250.06,7651.51,2024-08-27,20,70.8,anthony.moore@company.com,(437) 564-7631,Active
EMP002687,Michael,Hernandez,Michael Hernandez,43,Marketing,Associate,Los Angeles,63932.3,7999.49,2022-01-29,14,56.1,michael.hernandez@company.com,(540) 776-2086,Active
EMP002688,Christopher,Garcia,Christopher Garcia,30,Operations,Manager,Austin,59421.06,3883.67,2023-06-22,4,97.5,christopher.garcia@company.com,(626) 626-5917,Active
EMP002689,Melissa,Lopez,Melissa Lopez,48,HR,Associate,Austin,79346.11,12735.14,2024-10-04,25,95.1,melissa.lopez@company.com,(795) 914-7076,Active
EMP002690,Daniel,Rodriguez,Daniel Rodriguez,65,IT,Coordinator,Los Angeles,115409.44,19347.0,2023-09-27,37,81.9,daniel.rodriguez@company.com,(438) 546-4414,Active
EMP002691,Stephanie,Jones,Stephanie Jones,64,Operations,Analyst,Austin,73762.43,8804.29,2021-08-16,36,56.7,stephanie.jones@company.com,(407) 924-7361,Active
EMP002692,Anthony,Jones,Anthony Jones,61,Finance,Coordinator,San Francisco,127774.97,8215.66,2022-08-30,33,94.5,anthony.jones@company.com,(283) 360-8498,Inactive
EMP002693,Stephanie,Miller,Stephanie Miller,45,HR,Specialist,Boston,80769.63,7621.0,2021-03-11,16,100.0,stephanie.miller@company.com,(875) 493-7730,Active
EMP002694,Matthew,Wilson,Matthew Wilson,32,HR,Associate,New York,55619.51,7142.09,2024-05-26,4,52.8,matthew.wilson@company.com,(303) 602-9821,Active
EMP002695,Anthony,Thomas,Anthony Thomas,31,HR,Associate,San Francisco,52104.7,5717.39,2020-07-15,9,74.6,anthony.thomas@company.com,(562) 429-9193,Active
EMP002696,Christopher,Taylor,Christopher Taylor,23,HR,Senior Developer,Miami,66237.99,9170.96,2020-02-29,0,81.2,christopher.taylor@company.com,(450) 223-9144,Active
EMP002697,Melissa,Jones,Melissa Jones,40,IT,Lead,New York,72221.0,6401.01,2023-11-16,11,78.4,melissa.jones@company.com,(370) 993-1066,Inactive
EMP002698,William,Moore,William Moore,40,IT,Manager,Miami,80812.46,1909.35,2023-02-12,12,69.6,william.moore@company.com,(343) 595-5507,Active
EMP002699,Sarah,Jones,Sarah Jones,58,Sales,Associate,Seattle,105459.16,6060.92,2024-05-24,30,91.3,sarah.jones@company.com,(401) 806-5879,Active
EMP002700,Daniel,Gonzalez,Daniel Gonzalez,33,Marketing,Specialist,Boston,83807.17,10654.71,2024-09-12,5,84.0,daniel.gonzalez@company.com,(347) 966-3694,Active
EMP002701,Ashley,Lopez,Ashley Lopez,24,IT,Director,Austin,83149.62,8665.74,2023-05-09,0,57.3,ashley.lopez@company.com,(311) 671-3272,Active
EMP002702,Anthony,Jackson,Anthony Jackson,50,Finance,Director,New York,83568.92,9213.9,2022-03-20,25,82.9,anthony.jackson@company.com,(786) 468-9284,Active
EMP002703,Michael,Brown,Michael Brown,60,Marketing,Associate,Los Angeles,81588.03,6321.37,2024-01-11,36,100.0,michael.brown@company.com,(499) 780-8539,Active
EMP002704,Stephanie,Anderson,Stephanie Anderson,44,Engineering,Director,Los Angeles,89826.18,6284.11,2021-03-23,21,76.0,stephanie.anderson@company.com,(536) 425-2817,Active
EMP002705,Christopher,Brown,Christopher Brown,29,Marketing,Manager,Boston,58239.28,9370.77,2020-08-20,0,78.3,christopher.brown@company.com,(610) 994-5045,Active
EMP002706,William,Jackson,William Jackson,57,Engineering,Director,San Francisco,131456.13,1610.8,2021-04-08,32,80.8,william.jackson@company.com,(437) 478-5454,Active
EMP002707,Stephanie,Thomas,Stephanie Thomas,34,HR,Senior Developer,Seattle,46436.3,3776.96,2021-07-30,6,71.7,stephanie.thomas@company.com,(246) 776-9937,Active
EMP002708,William,Williams,William Williams,26,Engineering,Associate,San Francisco,42541.56,6379.29,2022-10-07,0,70.5,william.williams@company.com,(814) 421-1617,Active
EMP002709,William,Moore,William Moore,43,Sales,Associate,San Francisco,77713.42,10921.56,2020-01-22,20,83.7,william.moore@company.com,(489) 792-2360,Active
EMP002710,Jane,Martinez,Jane Martinez,44,Marketing,Analyst,New York,96426.02,8147.44,2022-12-20,19,63.1,jane.martinez@company.com,(775) 627-7832,Inactive
EMP002711,Christopher,Moore,Christopher Moore,39,Engineering,Manager,San Francisco,102591.85,3893.83,2021-05-19,15,79.4,christopher.moore@company.com,(498) 347-2998,On Leave
EMP002712,Robert,Rodriguez,Robert Rodriguez,40,Operations,Specialist,Seattle,56095.69,3102.56,2024-12-23,15,75.5,robert.rodriguez@company.com,(359) 261-4432,Active
EMP002713,Michael,Wilson,Michael Wilson,46,Engineering,Senior Developer,Miami,122805.27,20632.31,2022-09-21,23,49.9,michael.wilson@company.com,(805) 302-4365,Inactive
EMP002714,Christopher,Johnson,Christopher Johnson,38,Sales,Lead,Boston,69354.29,1670.0,2020-07-21,13,71.3,christopher.johnson@company.com,(918) 288-9118,Active
EMP002715,David,Brown,David Brown,59,Finance,Analyst,New York,94710.75,2324.02,2021-09-13,35,76.1,david.brown@company.com,(675) 885-1070,Active
EMP002716,Matthew,Moore,Matthew Moore,37,Sales,Senior Developer,Seattle,81453.45,8965.56,2020-09-01,13,97.4,matthew.moore@company.com,(335) 746-8526,Inactive
EMP002717,Ashley,Hernandez,Ashley Hernandez,61,Marketing,Senior Developer,Miami,91563.49,13001.18,2024-05-01,32,74.7,ashley.hernandez@company.com,(822) 418-8145,Active
EMP002718,Matthew,Lopez,Matthew Lopez,55,Legal,Specialist,Los Angeles,110643.33,1521.82,2024-10-27,33,57.6,matthew.lopez@company.com,(638) 392-2175,Active
EMP002719,Michael,Johnson,Michael Johnson,62,Legal,Senior Developer,Seattle,129389.39,9586.89,2023-09-08,36,99.1,michael.johnson@company.com,(588) 325-5690,Active
EMP002720,David,Brown,David Brown,59,Operations,Manager,Seattle,67257.48,6703.1,2020-06-04,31,69.2,david.brown@company.com,(927) 443-2350,Inactive
EMP002721,Robert,Hernandez,Robert Hernandez,52,Engineering,Associate,Los Angeles,76461.19,13513.79,2023-09-17,28,82.2,robert.hernandez@company.com,(389) 597-2088,Active
EMP002722,William,Lopez,William Lopez,42,Operations,Coordinator,Chicago,36288.92,2371.34,2020-12-25,14,54.5,william.lopez@company.com,(975) 871-9140,Active
EMP002723,Michael,Smith,Michael Smith,62,Marketing,Specialist,Boston,99359.81,9549.5,2022-09-23,34,78.6,michael.smith@company.com,(937) 266-8643,Active
EMP002724,Lisa,Martin,Lisa Martin,45,Finance,Associate,Boston,40698.01,0.0,2022-03-10,18,97.3,lisa.martin@company.com,(819) 489-9301,Active
EMP002725,Lisa,Davis,Lisa Davis,42,Engineering,Coordinator,New York,140446.63,29211.09,2020-08-05,13,94.3,lisa.davis@company.com,(805) 843-6582,Active
EMP002726,Amanda,Gonzalez,Amanda Gonzalez,26,HR,Coordinator,Boston,41722.18,4813.74,2024-05-12,0,64.5,amanda.gonzalez@company.com,(716) 503-3386,Inactive
EMP002727,Emily,Anderson,Emily Anderson,36,Sales,Analyst,Miami,98952.26,3154.19,2022-03-09,11,87.0,emily.anderson@company.com,(613) 336-6924,Active
EMP002728,John,Rodriguez,John Rodriguez,40,IT,Lead,New York,64556.47,7154.65,2020-02-16,15,100.0,john.rodriguez@company.com,(879) 243-2359,Active
EMP002729,William,Brown,William Brown,53,HR,Associate,New York,68947.45,8239.03,2022-11-08,24,85.0,william.brown@company.com,(863) 631-3949,Active
EMP002730,Matthew,Anderson,Matthew Anderson,50,Sales,Manager,New York,81123.31,14033.27,2023-07-30,22,63.4,matthew.anderson@company.com,(621) 618-9871,Active
EMP002731,William,Brown,William Brown,48,Legal,Analyst,Chicago,90465.15,16194.8,2020-01-16,21,82.6,william.brown@company.com,(683) 617-3760,Active
EMP002732,Sarah,Brown,Sarah Brown,63,Operations,Analyst,Chicago,88526.24,14872.94,2021-04-14,40,100.0,sarah.brown@company.com,(346) 765-3426,Active
EMP002733,Nicole,Jones,Nicole Jones,44,Finance,Specialist,New York,84700.67,7374.19,2022-08-22,18,71.9,nicole.jones@company.com,(534) 359-9618,Active
EMP002734,Lisa,Jackson,Lisa Jackson,65,Finance,Manager,New York,92998.63,10683.4,2021-07-12,40,60.6,lisa.jackson@company.com,(294) 239-5390,Active
EMP002735,Sarah,Davis,Sarah Davis,35,Operations,Senior Developer,San Francisco,33527.07,2902.98,2021-05-19,11,67.8,sarah.davis@company.com,(555) 883-1486,Active
EMP002736,James,Miller,James Miller,60,Operations,Analyst,Miami,76308.55,7869.91,2020-12-03,32,97.1,james.miller@company.com,(984) 858-9693,Active
EMP002737,John,Wilson,John Wilson,45,Finance,Coordinator,San Francisco,82823.78,4206.15,2022-09-29,20,96.8,john.wilson@company.com,(769) 241-8608,Active
EMP002738,John,Jones,John Jones,52,Engineering,Manager,San Francisco,155990.01,17275.32,2021-09-06,24,73.5,john.jones@company.com,(304) 836-5713,Inactive
EMP002739,James,Davis,James Davis,58,Finance,Coordinator,San Francisco,111533.91,19502.16,2024-11-20,34,88.1,james.davis@company.com,(977) 329-9364,Active
EMP002740,Sarah,Rodriguez,Sarah Rodriguez,23,Finance,Associate,Miami,72039.12,8544.13,2024-06-26,1,51.4,sarah.rodriguez@company.com,(665) 494-3111,Active
EMP002741,Emily,Williams,Emily Williams,61,HR,Associate,New York,75644.03,5473.64,2021-03-30,39,84.9,emily.williams@company.com,(974) 552-9154,On Leave
EMP002742,Nicole,Smith,Nicole Smith,29,HR,Senior Developer,Miami,48843.37,4659.0,2023-09-29,5,77.0,nicole.smith@company.com,(349) 299-4635,Active
EMP002743,Lisa,Anderson,Lisa Anderson,39,Finance,Associate,Austin,73579.81,5337.75,2023-05-06,14,90.4,lisa.anderson@company.com,(789) 214-6225,Active
EMP002744,Nicole,Hernandez,Nicole Hernandez,45,Operations,Coordinator,Miami,57020.15,7906.18,2023-04-28,18,76.6,nicole.hernandez@company.com,(785) 513-1341,Active
EMP002745,William,Garcia,William Garcia,56,Engineering,Associate,Los Angeles,102403.49,8288.35,2023-03-06,29,70.1,william.garcia@company.com,(852) 250-5883,Active
EMP002746,David,Taylor,David Taylor,58,IT,Associate,New York,99951.09,10874.11,2020-05-16,30,81.4,david.taylor@company.com,(945) 249-7365,Active
EMP002747,Daniel,Davis,Daniel Davis,63,HR,Specialist,Miami,70886.72,4024.84,2022-01-30,37,43.7,daniel.davis@company.com,(654) 244-2359,Active
EMP002748,David,Anderson,David Anderson,39,IT,Director,San Francisco,97909.96,13628.89,2022-05-06,12,100.0,david.anderson@company.com,(879) 773-2132,Active
EMP002749,Nicole,Johnson,Nicole Johnson,22,Marketing,Director,Boston,42614.32,6381.21,2023-07-24,0,68.5,nicole.johnson@company.com,(220) 724-5593,Active
EMP002750,Christopher,Martin,Christopher Martin,37,Marketing,Specialist,Los Angeles,58512.71,5789.21,2021-07-05,15,95.1,christopher.martin@company.com,(508) 670-9173,Inactive
EMP002751,Emily,Hernandez,Emily Hernandez,44,Engineering,Analyst,Seattle,69622.25,7580.81,2021-05-07,16,62.7,emily.hernandez@company.com,(961) 344-5104,Active
EMP002752,Ashley,Taylor,Ashley Taylor,26,Engineering,Specialist,New York,63544.15,11210.53,2020-06-12,4,62.7,ashley.taylor@company.com,(665) 926-3064,Active
EMP002753,James,Hernandez,James Hernandez,25,HR,Senior Developer,Los Angeles,50058.08,8557.59,2021-11-01,3,82.1,james.hernandez@company.com,(747) 546-6166,Active
EMP002754,Anthony,Smith,Anthony Smith,38,IT,Lead,Chicago,49387.38,2728.12,2023-02-27,16,60.4,anthony.smith@company.com,(587) 215-3656,Active
EMP002755,Amanda,Anderson,Amanda Anderson,44,Engineering,Director,Austin,73480.92,10424.95,2021-03-29,19,82.0,amanda.anderson@company.com,(872) 347-6536,Active
EMP002756,Ashley,Lopez,Ashley Lopez,23,Marketing,Senior Developer,Austin,57856.64,6640.02,2021-10-21,0,91.4,ashley.lopez@company.com,(855) 750-3282,Active
EMP002757,Jessica,Johnson,Jessica Johnson,36,Finance,Analyst,New York,48169.46,1178.84,2023-05-24,8,96.8,jessica.johnson@company.com,(645) 601-4011,Inactive
EMP002758,Lisa,Martin,Lisa Martin,64,Sales,Analyst,Miami,80883.24,8961.47,2020-07-22,35,48.7,lisa.martin@company.com,(697) 502-3571,Active
EMP002759,David,Smith,David Smith,24,Finance,Associate,San Francisco,33000.0,801.22,2022-08-08,2,58.0,david.smith@company.com,(754) 987-3897,Inactive
EMP002760,Amanda,Davis,Amanda Davis,49,Marketing,Associate,Los Angeles,83058.98,7564.66,2023-05-22,26,72.8,amanda.davis@company.com,(414) 686-1081,Active
EMP002761,David,Lopez,David Lopez,53,Engineering,Senior Developer,Austin,96531.07,9938.54,2024-09-14,27,64.5,david.lopez@company.com,(436) 800-3570,Active
EMP002762,Ashley,Moore,Ashley Moore,56,Operations,Analyst,New York,63205.55,4654.88,2020-11-05,29,74.5,ashley.moore@company.com,(246) 628-2560,Active
EMP002763,Jane,Brown,Jane Brown,52,HR,Director,Austin,79004.21,4979.86,2022-02-04,30,63.0,jane.brown@company.com,(833) 431-9018,Active
EMP002764,Michael,Martin,Michael Martin,44,Engineering,Manager,New York,133882.97,11649.68,2023-08-16,19,100.0,michael.martin@company.com,(222) 388-6596,Active
EMP002765,Christopher,Jones,Christopher Jones,33,Marketing,Associate,Boston,37386.01,4147.66,2024-01-05,4,76.5,christopher.jones@company.com,(935) 893-5600,Active
EMP002766,Michael,Taylor,Michael Taylor,28,Operations,Specialist,Boston,49883.5,6466.98,2020-01-06,6,65.8,michael.taylor@company.com,(944) 660-3336,Active
EMP002767,Ashley,Lopez,Ashley Lopez,42,HR,Director,Chicago,51052.24,0.0,2020-06-18,17,80.0,ashley.lopez@company.com,(594) 866-8679,Active
EMP002768,Nicole,Williams,Nicole Williams,64,Finance,Associate,Boston,111207.52,12134.5,2021-08-16,41,79.5,nicole.williams@company.com,(651) 951-5717,Active
EMP002769,Daniel,Smith,Daniel Smith,61,Sales,Coordinator,Seattle,104776.54,14213.34,2021-02-05,38,84.1,daniel.smith@company.com,(893) 829-2710,Inactive
EMP002770,Daniel,Thomas,Daniel Thomas,34,IT,Associate,Los Angeles,47693.94,5523.17,2021-11-27,10,87.7,daniel.thomas@company.com,(259) 552-3896,Active
EMP002771,Stephanie,Williams,Stephanie Williams,22,Marketing,Analyst,New York,51208.32,5068.53,2023-02-08,0,81.4,stephanie.williams@company.com,(288) 917-6261,Active
EMP002772,Jane,Wilson,Jane Wilson,65,Sales,Analyst,New York,101602.56,10631.01,2020-09-27,36,100.0,jane.wilson@company.com,(451) 270-2865,Active
EMP002773,Nicole,Anderson,Nicole Anderson,26,Engineering,Lead,Los Angeles,64229.27,9934.06,2023-07-19,4,81.8,nicole.anderson@company.com,(637) 409-6493,Active
EMP002774,David,Miller,David Miller,48,Legal,Coordinator,San Francisco,112175.9,12925.63,2023-04-14,19,83.1,david.miller@company.com,(359) 273-3261,Active
EMP002775,Matthew,Martinez,Matthew Martinez,54,Operations,Director,Los Angeles,68975.49,9492.69,2022-10-16,31,67.8,matthew.martinez@company.com,(285) 285-5686,Active
EMP002776,Lisa,Martinez,Lisa Martinez,26,HR,Manager,New York,46780.53,7152.23,2020-02-29,3,89.5,lisa.martinez@company.com,(964) 450-8431,Active
EMP002777,Jessica,Jackson,Jessica Jackson,61,Marketing,Senior Developer,Austin,113030.75,9008.39,2021-02-28,37,100.0,jessica.jackson@company.com,(346) 465-8165,Active
EMP002778,Matthew,Gonzalez,Matthew Gonzalez,48,IT,Analyst,Austin,103749.24,4807.95,2022-09-07,23,78.6,matthew.gonzalez@company.com,(973) 748-5224,Active
EMP002779,Nicole,Miller,Nicole Miller,56,Legal,Coordinator,Los Angeles,136223.96,15580.48,2023-03-13,34,77.3,nicole.miller@company.com,(273) 549-4445,Inactive
EMP002780,David,Johnson,David Johnson,52,Sales,Specialist,San Francisco,83997.69,6625.03,2023-09-28,29,66.1,david.johnson@company.com,(231) 597-6785,Active
EMP002781,Stephanie,Gonzalez,Stephanie Gonzalez,59,Finance,Associate,Chicago,67016.03,8949.96,2022-06-30,30,91.9,stephanie.gonzalez@company.com,(425) 577-2042,Active
EMP002782,Melissa,Garcia,Melissa Garcia,62,Finance,Coordinator,Boston,82242.98,10004.24,2021-03-27,38,57.3,melissa.garcia@company.com,(454) 700-6987,Active
EMP002783,James,Gonzalez,James Gonzalez,46,Legal,Specialist,Los Angeles,104449.99,8008.08,2022-12-19,20,71.5,james.gonzalez@company.com,(651) 723-5808,Active
EMP002784,Emily,Garcia,Emily Garcia,32,Finance,Coordinator,Seattle,60001.13,2155.31,2024-08-27,9,95.4,emily.garcia@company.com,(323) 222-6027,Active
EMP002785,David,Hernandez,David Hernandez,35,Engineering,Analyst,Los Angeles,67332.76,6145.99,2023-03-08,6,66.9,david.hernandez@company.com,(628) 534-7276,Active
EMP002786,James,Brown,James Brown,42,Marketing,Associate,New York,59269.13,0.0,2024-04-17,18,76.6,james.brown@company.com,(329) 968-8328,Inactive
EMP002787,Melissa,Garcia,Melissa Garcia,54,HR,Manager,Boston,56463.43,5997.48,2023-06-11,31,100.0,melissa.garcia@company.com,(651) 798-4530,Active
EMP002788,William,Jones,William Jones,49,Sales,Senior Developer,Chicago,103171.66,14009.85,2021-09-08,21,70.6,william.jones@company.com,(647) 872-7082,Inactive
EMP002789,Emily,Jones,Emily Jones,25,HR,Lead,Seattle,63666.73,1057.93,2022-08-03,2,93.5,emily.jones@company.com,(763) 906-1102,Active
EMP002790,Amanda,Thomas,Amanda Thomas,64,Legal,Coordinator,Chicago,132573.13,14780.32,2020-08-26,40,69.7,amanda.thomas@company.com,(732) 498-1850,Active
EMP002791,Robert,Davis,Robert Davis,45,Marketing,Specialist,San Francisco,98763.77,10685.86,2022-07-16,17,82.4,robert.davis@company.com,(768) 896-3359,Active
EMP002792,Robert,Anderson,Robert Anderson,36,Marketing,Specialist,New York,54777.11,4488.93,2021-10-10,7,89.1,robert.anderson@company.com,(265) 934-7466,Active
EMP002793,Daniel,Smith,Daniel Smith,25,IT,Associate,Austin,71923.27,8976.22,2023-07-14,2,87.9,daniel.smith@company.com,(424) 887-3303,Active
EMP002794,Matthew,Wilson,Matthew Wilson,24,HR,Senior Developer,New York,49805.01,10387.32,2020-05-17,1,72.2,matthew.wilson@company.com,(341) 355-1443,Active
EMP002795,Jane,Taylor,Jane Taylor,54,Finance,Analyst,Seattle,88225.55,12615.15,2022-03-05,26,86.2,jane.taylor@company.com,(459) 991-9898,Active
EMP002796,Robert,Wilson,Robert Wilson,39,Legal,Manager,Los Angeles,101071.42,6342.34,2024-06-05,16,87.4,robert.wilson@company.com,(721) 370-9851,Active
EMP002797,Melissa,Williams,Melissa Williams,30,HR,Manager,Los Angeles,81771.26,5838.76,2024-10-10,2,100.0,melissa.williams@company.com,(543) 855-5148,Active
EMP002798,Ashley,Wilson,Ashley Wilson,40,Marketing,Coordinator,New York,80018.37,2453.05,2022-05-08,14,81.3,ashley.wilson@company.com,(486) 781-1851,Active
EMP002799,Robert,Jones,Robert Jones,63,Finance,Senior Developer,Boston,120412.0,8544.07,2023-02-28,40,70.1,robert.jones@company.com,(420) 583-1817,Active
EMP002800,John,Williams,John Williams,22,Sales,Specialist,Boston,42550.56,6319.92,2022-03-12,0,63.5,john.williams@company.com,(312) 686-6652,Active
EMP002801,Matthew,Johnson,Matthew Johnson,63,Engineering,Manager,Austin,116875.53,13892.0,2021-08-08,40,70.3,matthew.johnson@company.com,(461) 853-2116,Active
EMP002802,Jane,Rodriguez,Jane Rodriguez,30,HR,Coordinator,San Francisco,43661.72,2056.15,2022-04-10,4,66.7,jane.rodriguez@company.com,(594) 721-6569,Active
EMP002803,Robert,Hernandez,Robert Hernandez,59,HR,Specialist,San Francisco,99504.77,3174.31,2022-11-20,37,59.4,robert.hernandez@company.com,(861) 422-8820,Active
EMP002804,James,Lopez,James Lopez,46,Engineering,Manager,Austin,147374.57,14421.9,2023-07-02,19,78.3,james.lopez@company.com,(854) 212-2689,Inactive
EMP002805,Matthew,Hernandez,Matthew Hernandez,40,IT,Lead,Seattle,115630.98,6333.84,2020-08-13,16,72.5,matthew.hernandez@company.com,(698) 661-9993,Active
EMP002806,Michael,Martin,Michael Martin,22,Engineering,Lead,Chicago,63788.62,1771.22,2024-06-06,0,78.4,michael.martin@company.com,(872) 305-7632,Inactive
EMP002807,Matthew,Moore,Matthew Moore,23,HR,Senior Developer,Miami,44710.13,3678.07,2022-06-11,1,90.7,matthew.moore@company.com,(295) 309-6993,Active
EMP002808,Christopher,Wilson,Christopher Wilson,41,IT,Senior Developer,San Francisco,73445.31,3951.74,2023-03-10,12,100.0,christopher.wilson@company.com,(784) 681-7314,Active
EMP002809,Anthony,Taylor,Anthony Taylor,40,HR,Analyst,Austin,56669.13,7223.59,2022-04-27,15,66.8,anthony.taylor@company.com,(267) 687-1682,Active
EMP002810,John,Hernandez,John Hernandez,38,HR,Director,Boston,85520.75,14314.54,2021-06-07,10,78.4,john.hernandez@company.com,(565) 859-9832,Active
EMP002811,Amanda,Wilson,Amanda Wilson,61,Operations,Analyst,Miami,89415.23,10.34,2023-01-22,36,89.6,amanda.wilson@company.com,(578) 452-6975,On Leave
EMP002812,Jessica,Jackson,Jessica Jackson,34,Marketing,Analyst,Seattle,44131.67,6652.62,2022-03-05,5,61.4,jessica.jackson@company.com,(609) 875-3326,Active
EMP002813,Melissa,Hernandez,Melissa Hernandez,31,Engineering,Coordinator,San Francisco,70565.63,10297.0,2023-01-09,5,89.6,melissa.hernandez@company.com,(474) 635-8008,Active
EMP002814,Lisa,Miller,Lisa Miller,40,Engineering,Manager,Austin,66932.7,8040.76,2020-11-06,13,56.6,lisa.miller@company.com,(727) 549-4350,Active
EMP002815,Daniel,Garcia,Daniel Garcia,59,Legal,Associate,Los Angeles,91012.09,8831.91,2023-04-28,32,57.3,daniel.garcia@company.com,(773) 862-4636,Active
EMP002816,Michael,Lopez,Michael Lopez,59,Engineering,Coordinator,Chicago,98237.32,8976.18,2020-09-14,30,75.9,michael.lopez@company.com,(730) 579-5912,Active
EMP002817,Jessica,Smith,Jessica Smith,56,Legal,Manager,Austin,81150.97,2125.8,2023-01-01,28,95.2,jessica.smith@company.com,(777) 683-3049,Inactive
EMP002818,John,Anderson,John Anderson,25,HR,Lead,Chicago,51109.31,9267.74,2024-06-12,0,77.0,john.anderson@company.com,(686) 680-8469,Inactive
EMP002819,Sarah,Brown,Sarah Brown,35,Finance,Coordinator,Chicago,88305.09,3953.12,2020-09-19,9,63.1,sarah.brown@company.com,(909) 950-8876,Active
EMP002820,Christopher,Miller,Christopher Miller,37,Engineering,Manager,New York,68188.37,5228.25,2022-06-25,13,65.0,christopher.miller@company.com,(284) 349-2199,Active
EMP002821,David,Rodriguez,David Rodriguez,27,Marketing,Specialist,Austin,64728.28,10164.9,2023-10-14,1,99.9,david.rodriguez@company.com,(497) 700-4548,Inactive
EMP002822,Jane,Lopez,Jane Lopez,37,Legal,Lead,Miami,37500.0,5556.05,2020-07-11,14,55.9,jane.lopez@company.com,(975) 833-7999,Inactive
EMP002823,Anthony,Jackson,Anthony Jackson,62,Legal,Associate,San Francisco,104083.48,13849.1,2022-01-17,34,71.0,anthony.jackson@company.com,(926) 824-8118,Active
EMP002824,Christopher,Gonzalez,Christopher Gonzalez,40,Legal,Specialist,Los Angeles,99567.23,14782.77,2020-03-24,12,82.3,christopher.gonzalez@company.com,(821) 824-7187,Active
EMP002825,Jessica,Miller,Jessica Miller,40,Finance,Manager,Seattle,96434.22,7899.33,2020-02-05,14,93.0,jessica.miller@company.com,(829) 930-7007,Active
EMP002826,Ashley,Jones,Ashley Jones,38,IT,Director,Boston,87696.06,8075.1,2024-05-17,16,81.3,ashley.jones@company.com,(669) 839-4281,On Leave
EMP002827,Emily,Jones,Emily Jones,31,Sales,Specialist,San Francisco,51517.06,7736.23,2021-05-14,2,69.6,emily.jones@company.com,(838) 920-1217,Active
EMP002828,Amanda,Martinez,Amanda Martinez,65,Legal,Associate,Austin,125283.69,10219.98,2020-04-12,43,68.0,amanda.martinez@company.com,(980) 316-6481,Active
EMP002829,Anthony,Brown,Anthony Brown,51,Sales,Manager,Boston,80233.68,349.61,2024-03-06,28,77.0,anthony.brown@company.com,(918) 298-1718,Active
EMP002830,David,Wilson,David Wilson,56,Engineering,Manager,New York,144897.25,6591.1,2020-10-02,31,74.8,david.wilson@company.com,(610) 557-4423,Active
EMP002831,Daniel,Hernandez,Daniel Hernandez,64,Legal,Director,Austin,104367.87,12785.35,2021-10-14,39,78.9,daniel.hernandez@company.com,(495) 719-9198,Active
EMP002832,Amanda,Thomas,Amanda Thomas,45,Sales,Senior Developer,Chicago,67156.32,6442.12,2021-08-03,18,89.9,amanda.thomas@company.com,(784) 612-8733,Active
EMP002833,William,Gonzalez,William Gonzalez,43,HR,Associate,Los Angeles,73672.65,4167.75,2024-10-13,18,82.4,william.gonzalez@company.com,(490) 895-4933,Active
EMP002834,John,Miller,John Miller,34,Sales,Analyst,Miami,53619.8,7929.08,2024-07-31,10,70.7,john.miller@company.com,(873) 617-7935,Active
EMP002835,Matthew,Jones,Matthew Jones,59,Finance,Coordinator,Los Angeles,94661.41,14935.03,2021-06-24,37,50.1,matthew.jones@company.com,(806) 370-9160,Active
EMP002836,Ashley,Smith,Ashley Smith,56,Engineering,Analyst,New York,104292.89,12194.45,2020-02-12,32,88.1,ashley.smith@company.com,(759) 600-1813,Active
EMP002837,Christopher,Smith,Christopher Smith,24,Operations,Manager,San Francisco,64529.52,3405.3,2023-02-19,0,91.9,christopher.smith@company.com,(984) 546-5584,Active
EMP002838,David,Thomas,David Thomas,23,Sales,Director,Los Angeles,68238.26,4417.84,2024-02-03,0,93.5,david.thomas@company.com,(258) 860-4246,On Leave
EMP002839,James,Wilson,James Wilson,57,HR,Director,Los Angeles,78063.61,2138.73,2024-07-20,31,48.5,james.wilson@company.com,(213) 291-1953,Active
EMP002840,Jane,Jackson,Jane Jackson,33,Engineering,Senior Developer,Austin,83026.49,13026.27,2023-02-06,9,71.8,jane.jackson@company.com,(654) 733-2867,Active
EMP002841,Ashley,Moore,Ashley Moore,29,Engineering,Director,Chicago,73348.11,10783.54,2021-11-18,7,98.0,ashley.moore@company.com,(915) 485-2056,Active
EMP002842,Lisa,Garcia,Lisa Garcia,46,Engineering,Manager,Austin,96338.08,9848.74,2021-06-21,18,84.0,lisa.garcia@company.com,(923) 425-8266,Active
EMP002843,Michael,Davis,Michael Davis,61,IT,Analyst,Los Angeles,122967.42,19904.55,2022-12-29,38,65.4,michael.davis@company.com,(858) 225-9386,Active
EMP002844,Michael,Jones,Michael Jones,32,Marketing,Senior Developer,Los Angeles,58647.42,6832.11,2021-12-15,8,100.0,michael.jones@company.com,(979) 785-5965,Active
EMP002845,William,Anderson,William Anderson,44,Engineering,Director,Boston,104290.6,8840.36,2020-05-30,18,70.0,william.anderson@company.com,(290) 237-6715,Active
EMP002846,Robert,Davis,Robert Davis,43,Engineering,Lead,Los Angeles,108819.77,13809.22,2021-02-19,21,84.6,robert.davis@company.com,(819) 658-9254,Active
EMP002847,David,Brown,David Brown,54,Sales,Analyst,Seattle,84151.63,14462.17,2023-09-28,26,100.0,david.brown@company.com,(632) 820-4813,Active
EMP002848,Stephanie,Lopez,Stephanie Lopez,62,Engineering,Associate,San Francisco,115446.92,14285.96,2024-07-21,38,99.1,stephanie.lopez@company.com,(697) 637-8846,Active
EMP002849,Sarah,Taylor,Sarah Taylor,36,Legal,Associate,Miami,93069.25,6375.84,2024-11-16,11,82.3,sarah.taylor@company.com,(328) 873-9696,Active
EMP002850,Robert,Wilson,Robert Wilson,22,HR,Coordinator,Los Angeles,33994.0,4717.82,2020-02-20,0,85.6,robert.wilson@company.com,(289) 946-7496,Inactive
EMP002851,Emily,Anderson,Emily Anderson,22,IT,Analyst,Chicago,69128.5,6613.29,2021-01-11,0,72.2,emily.anderson@company.com,(635) 642-8126,Active
EMP002852,Matthew,Smith,Matthew Smith,43,HR,Associate,Miami,59533.94,424.11,2020-06-24,17,48.3,matthew.smith@company.com,(604) 532-3769,Active
EMP002853,Lisa,Moore,Lisa Moore,37,Engineering,Specialist,Miami,84469.79,9880.74,2023-04-04,14,69.8,lisa.moore@company.com,(797) 447-6209,Active
EMP002854,Sarah,Jones,Sarah Jones,30,Operations,Lead,Boston,63747.05,2805.06,2022-09-10,3,99.6,sarah.jones@company.com,(676) 355-8107,Active
EMP002855,Lisa,Thomas,Lisa Thomas,53,IT,Manager,Seattle,112121.79,12095.9,2023-01-29,28,88.9,lisa.thomas@company.com,(392) 770-7051,On Leave
EMP002856,Nicole,Smith,Nicole Smith,31,Operations,Senior Developer,New York,59162.04,5331.98,2023-12-26,6,75.8,nicole.smith@company.com,(497) 327-8222,Active
EMP002857,Christopher,Hernandez,Christopher Hernandez,28,Legal,Senior Developer,Austin,44785.83,6662.14,2024-08-12,1,56.6,christopher.hernandez@company.com,(342) 804-6775,Inactive
EMP002858,Amanda,Williams,Amanda Williams,42,Legal,Senior Developer,San Francisco,135752.59,24625.88,2024-09-19,20,69.0,amanda.williams@company.com,(515) 738-8021,Active
EMP002859,Amanda,Johnson,Amanda Johnson,36,Engineering,Specialist,Chicago,100403.19,188.1,2021-07-06,9,84.1,amanda.johnson@company.com,(808) 920-3964,Active
EMP002860,Daniel,Moore,Daniel Moore,41,Legal,Lead,Boston,82111.5,13067.86,2020-04-11,18,90.0,daniel.moore@company.com,(841) 438-1272,Active
EMP002861,Anthony,Miller,Anthony Miller,55,Engineering,Senior Developer,San Francisco,131552.2,12327.63,2024-02-06,26,71.1,anthony.miller@company.com,(353) 548-1216,Active
EMP002862,Matthew,Gonzalez,Matthew Gonzalez,43,Engineering,Specialist,Miami,75794.72,10600.97,2020-12-16,20,65.4,matthew.gonzalez@company.com,(785) 972-1376,Active
EMP002863,Lisa,Lopez,Lisa Lopez,33,Marketing,Analyst,Chicago,57548.52,8364.06,2021-04-10,9,74.3,lisa.lopez@company.com,(393) 617-4454,Active
EMP002864,Nicole,Smith,Nicole Smith,53,IT,Manager,Chicago,106185.3,14478.32,2020-01-28,27,86.7,nicole.smith@company.com,(710) 854-4204,Active
EMP002865,David,Rodriguez,David Rodriguez,53,Marketing,Associate,Los Angeles,83702.41,10099.68,2020-10-11,24,85.4,david.rodriguez@company.com,(465) 918-8392,Active
EMP002866,Melissa,Martinez,Melissa Martinez,53,Engineering,Lead,Boston,98874.36,9064.86,2024-12-15,29,76.8,melissa.martinez@company.com,(906) 294-5539,Active
EMP002867,Lisa,Lopez,Lisa Lopez,41,IT,Specialist,Miami,62789.46,1038.25,2020-04-11,17,74.5,lisa.lopez@company.com,(937) 589-9892,Inactive
EMP002868,Robert,Lopez,Robert Lopez,63,Finance,Coordinator,Seattle,111191.08,13021.03,2021-03-24,39,80.2,robert.lopez@company.com,(460) 538-2074,Active
EMP002869,Stephanie,Moore,Stephanie Moore,30,IT,Director,Boston,53259.6,7054.05,2023-09-26,3,96.2,stephanie.moore@company.com,(965) 474-9301,Active
EMP002870,Ashley,Moore,Ashley Moore,28,HR,Associate,Boston,63975.81,6535.52,2023-07-14,0,78.0,ashley.moore@company.com,(363) 626-9102,Active
EMP002871,Christopher,Martinez,Christopher Martinez,25,Operations,Analyst,Austin,33687.64,2559.99,2020-03-01,0,90.1,christopher.martinez@company.com,(878) 671-8745,Active
EMP002872,Melissa,Smith,Melissa Smith,39,Finance,Analyst,Austin,78817.32,14540.42,2024-05-02,11,61.9,melissa.smith@company.com,(866) 618-4578,Active
EMP002873,William,Martinez,William Martinez,33,HR,Coordinator,Los Angeles,63118.75,11217.09,2024-11-09,7,61.8,william.martinez@company.com,(748) 232-6833,Active
EMP002874,Ashley,Hernandez,Ashley Hernandez,62,Engineering,Manager,Boston,143190.73,28997.55,2023-05-05,40,88.3,ashley.hernandez@company.com,(379) 744-5409,Active
EMP002875,Emily,Smith,Emily Smith,36,Engineering,Director,Miami,76164.88,6715.45,2021-07-28,10,79.4,emily.smith@company.com,(376) 976-4213,Active
EMP002876,Daniel,Anderson,Daniel Anderson,45,HR,Analyst,Miami,39450.87,2194.62,2024-09-25,17,95.0,daniel.anderson@company.com,(804) 522-5417,Active
EMP002877,Amanda,Smith,Amanda Smith,64,HR,Senior Developer,New York,64669.37,5460.49,2022-05-13,41,93.8,amanda.smith@company.com,(341) 543-6753,Active
EMP002878,Jane,Jones,Jane Jones,63,Engineering,Coordinator,Seattle,126849.75,2020.86,2020-02-17,34,58.4,jane.jones@company.com,(873) 389-2543,Active
EMP002879,James,Davis,James Davis,47,Sales,Lead,Chicago,124150.77,12483.65,2023-05-06,20,71.4,james.davis@company.com,(471) 990-4809,Active
EMP002880,Melissa,Martin,Melissa Martin,22,Operations,Senior Developer,Austin,34109.45,3364.53,2024-06-21,0,82.2,melissa.martin@company.com,(938) 942-2647,Active
EMP002881,Jessica,Lopez,Jessica Lopez,33,Engineering,Analyst,Seattle,63227.69,4998.57,2022-04-01,11,67.5,jessica.lopez@company.com,(566) 389-8548,Active
EMP002882,David,Moore,David Moore,43,IT,Analyst,Los Angeles,91505.42,8358.07,2024-07-08,16,66.6,david.moore@company.com,(883) 552-2818,Active
EMP002883,Matthew,Lopez,Matthew Lopez,39,Legal,Director,Austin,100346.24,8221.73,2023-02-08,15,70.8,matthew.lopez@company.com,(932) 893-6735,Active
EMP002884,James,Williams,James Williams,27,Finance,Manager,Los Angeles,70019.6,7538.75,2024-06-22,1,100.0,james.williams@company.com,(818) 840-2324,Active
EMP002885,James,Brown,James Brown,23,Sales,Specialist,Miami,54235.72,6099.23,2021-12-05,0,75.5,james.brown@company.com,(566) 520-4603,Active
EMP002886,Jane,Wilson,Jane Wilson,46,Marketing,Analyst,Miami,79688.49,3664.61,2023-01-18,19,65.4,jane.wilson@company.com,(310) 625-8465,Active
EMP002887,Daniel,Rodriguez,Daniel Rodriguez,59,IT,Analyst,San Francisco,90768.88,9757.36,2024-09-28,36,97.8,daniel.rodriguez@company.com,(288) 883-6201,Active
EMP002888,Amanda,Wilson,Amanda Wilson,37,Marketing,Specialist,Los Angeles,73030.52,11587.72,2024-12-13,11,63.2,amanda.wilson@company.com,(303) 377-7951,Active
EMP002889,William,Taylor,William Taylor,52,Sales,Associate,Miami,80339.6,12095.38,2020-11-23,26,72.4,william.taylor@company.com,(214) 803-1970,Active
EMP002890,Jessica,Williams,Jessica Williams,28,IT,Manager,Austin,73387.8,5624.26,2024-06-06,1,88.5,jessica.williams@company.com,(440) 833-6505,Inactive
EMP002891,Stephanie,Thomas,Stephanie Thomas,62,Engineering,Coordinator,Seattle,113221.01,11209.52,2020-03-07,37,66.0,stephanie.thomas@company.com,(929) 537-9844,Active
EMP002892,David,Wilson,David Wilson,24,Legal,Senior Developer,Austin,49824.23,1294.54,2020-12-20,2,60.4,david.wilson@company.com,(978) 420-5594,Active
EMP002893,Matthew,Moore,Matthew Moore,34,Engineering,Coordinator,Seattle,65830.18,12719.12,2024-10-07,8,49.8,matthew.moore@company.com,(292) 873-5780,Active
EMP002894,Jane,Jones,Jane Jones,42,Operations,Associate,Austin,58502.94,5903.62,2021-09-01,13,80.6,jane.jones@company.com,(575) 247-3371,Active
EMP002895,Jessica,Brown,Jessica Brown,35,HR,Analyst,Seattle,82099.0,2348.56,2022-08-23,9,74.0,jessica.brown@company.com,(570) 985-7079,Active
EMP002896,Daniel,Garcia,Daniel Garcia,58,Sales,Coordinator,San Francisco,93369.87,8237.41,2021-08-22,30,84.0,daniel.garcia@company.com,(804) 224-5673,Active
EMP002897,Robert,Williams,Robert Williams,28,HR,Director,Seattle,48308.66,5604.95,2022-06-11,1,62.2,robert.williams@company.com,(829) 581-4686,Inactive
EMP002898,Michael,Johnson,Michael Johnson,57,Marketing,Lead,Miami,51784.47,10321.71,2020-08-31,28,94.9,michael.johnson@company.com,(894) 857-2756,Active
EMP002899,Stephanie,Jones,Stephanie Jones,24,Sales,Analyst,Miami,48072.35,854.79,2022-03-09,0,69.3,stephanie.jones@company.com,(547) 265-8404,Active
EMP002900,Emily,Taylor,Emily Taylor,44,Sales,Analyst,Los Angeles,105598.63,11158.26,2023-11-04,18,70.1,emily.taylor@company.com,(829) 285-1877,Active
EMP002901,Melissa,Davis,Melissa Davis,63,Marketing,Senior Developer,Chicago,93855.79,3929.22,2023-04-30,34,96.4,melissa.davis@company.com,(763) 452-7505,Active
EMP002902,Michael,Hernandez,Michael Hernandez,33,Legal,Lead,Austin,79969.18,11480.48,2022-06-10,11,57.8,michael.hernandez@company.com,(996) 695-2866,Active
EMP002903,Amanda,Jones,Amanda Jones,27,Legal,Manager,Miami,102563.06,16261.98,2022-06-24,0,66.3,amanda.jones@company.com,(858) 499-6673,Inactive
EMP002904,Lisa,Williams,Lisa Williams,49,Operations,Manager,Austin,68690.94,6152.83,2021-06-04,21,58.3,lisa.williams@company.com,(480) 525-1837,Active
EMP002905,Emily,Smith,Emily Smith,53,Marketing,Director,Los Angeles,77417.83,5447.12,2023-02-21,30,74.2,emily.smith@company.com,(706) 768-1560,Inactive
EMP002906,Ashley,Lopez,Ashley Lopez,32,Engineering,Coordinator,Chicago,84823.82,7496.67,2022-10-27,5,91.3,ashley.lopez@company.com,(609) 663-7497,Active
EMP002907,Jane,Rodriguez,Jane Rodriguez,25,Engineering,Specialist,Austin,91492.95,5598.1,2022-04-15,0,77.2,jane.rodriguez@company.com,(901) 906-8524,Active
EMP002908,Ashley,Williams,Ashley Williams,29,Marketing,Associate,Austin,100422.96,8786.77,2023-01-14,7,70.0,ashley.williams@company.com,(717) 298-1731,Active
EMP002909,Jessica,Moore,Jessica Moore,50,Marketing,Analyst,Miami,87054.87,12631.63,2020-05-26,28,68.6,jessica.moore@company.com,(249) 968-6137,Active
EMP002910,Jessica,Rodriguez,Jessica Rodriguez,44,IT,Senior Developer,New York,76408.32,16413.8,2023-01-22,15,78.7,jessica.rodriguez@company.com,(517) 363-3439,Active
EMP002911,Jessica,Moore,Jessica Moore,61,Marketing,Director,Boston,84250.78,9862.54,2020-12-21,36,71.0,jessica.moore@company.com,(232) 989-4227,Active
EMP002912,Michael,Gonzalez,Michael Gonzalez,48,Sales,Director,Los Angeles,106574.16,14108.07,2022-04-30,24,70.4,michael.gonzalez@company.com,(209) 443-9805,Active
EMP002913,Michael,Thomas,Michael Thomas,50,HR,Manager,Los Angeles,83393.34,6637.2,2022-08-12,24,70.7,michael.thomas@company.com,(967) 722-6017,Active
EMP002914,Stephanie,Thomas,Stephanie Thomas,62,Marketing,Manager,New York,82830.22,2990.38,2020-02-17,40,88.4,stephanie.thomas@company.com,(562) 332-2323,Active
EMP002915,Sarah,Johnson,Sarah Johnson,62,Legal,Lead,New York,117438.21,1296.43,2020-08-21,34,80.9,sarah.johnson@company.com,(644) 447-5407,Active
EMP002916,John,Moore,John Moore,33,Operations,Analyst,San Francisco,65592.61,3884.47,2021-03-19,10,66.2,john.moore@company.com,(669) 206-9668,Active
EMP002917,Sarah,Jackson,Sarah Jackson,64,Sales,Specialist,Seattle,103373.48,14227.85,2022-01-10,38,62.7,sarah.jackson@company.com,(465) 572-7886,Active
EMP002918,David,Martin,David Martin,43,IT,Coordinator,Boston,103378.86,16078.92,2022-03-08,17,65.4,david.martin@company.com,(317) 814-4048,Active
EMP002919,Melissa,Williams,Melissa Williams,28,HR,Lead,Miami,71819.49,7929.29,2024-02-12,0,81.2,melissa.williams@company.com,(900) 319-9208,Active
EMP002920,David,Wilson,David Wilson,30,HR,Associate,Boston,56345.89,2965.12,2020-08-06,1,96.8,david.wilson@company.com,(337) 959-7581,Active
EMP002921,Christopher,Anderson,Christopher Anderson,58,HR,Coordinator,New York,45020.57,5470.32,2022-01-14,33,100.0,christopher.anderson@company.com,(706) 412-8516,Active
EMP002922,Nicole,Taylor,Nicole Taylor,65,Legal,Manager,Seattle,124535.04,1435.42,2020-12-05,42,73.8,nicole.taylor@company.com,(946) 343-4562,Active
EMP002923,Ashley,Gonzalez,Ashley Gonzalez,31,Sales,Specialist,Seattle,57878.04,2358.67,2024-05-31,6,67.3,ashley.gonzalez@company.com,(600) 590-3882,Active
EMP002924,Robert,Miller,Robert Miller,39,Engineering,Senior Developer,Seattle,123856.22,14600.38,2020-05-26,13,70.8,robert.miller@company.com,(668) 626-2585,Active
EMP002925,Emily,Brown,Emily Brown,22,Operations,Specialist,Chicago,49946.64,7476.36,2022-11-13,0,65.5,emily.brown@company.com,(432) 315-7500,On Leave
EMP002926,Stephanie,Miller,Stephanie Miller,47,IT,Lead,Seattle,88564.44,7891.12,2020-02-25,23,76.3,stephanie.miller@company.com,(456) 597-6131,Active
EMP002927,Anthony,Gonzalez,Anthony Gonzalez,45,Legal,Director,New York,108658.33,17472.29,2022-02-11,17,76.5,anthony.gonzalez@company.com,(764) 772-4790,Active
EMP002928,William,Moore,William Moore,48,HR,Director,Miami,60849.16,2741.72,2022-04-02,23,69.8,william.moore@company.com,(946) 432-2290,Active
EMP002929,Anthony,Garcia,Anthony Garcia,24,Marketing,Analyst,San Francisco,63128.44,5342.0,2022-09-15,0,92.8,anthony.garcia@company.com,(259) 592-6403,Active
EMP002930,William,Williams,William Williams,53,Engineering,Manager,Seattle,88248.83,3375.77,2022-02-11,25,79.1,william.williams@company.com,(960) 902-3378,Active
EMP002931,Michael,Moore,Michael Moore,35,Legal,Analyst,Chicago,57876.3,14721.75,2022-11-17,13,55.8,michael.moore@company.com,(360) 487-8861,Active
EMP002932,Robert,Smith,Robert Smith,32,Sales,Lead,San Francisco,71963.76,6762.8,2023-11-27,8,66.1,robert.smith@company.com,(797) 991-7561,Active
EMP002933,Melissa,Hernandez,Melissa Hernandez,29,Legal,Lead,Seattle,85240.37,5455.85,2021-08-06,2,46.4,melissa.hernandez@company.com,(795) 829-8353,Active
EMP002934,Jane,Hernandez,Jane Hernandez,32,Marketing,Senior Developer,Chicago,60863.55,2806.59,2022-10-01,4,66.8,jane.hernandez@company.com,(327) 313-5573,Active
EMP002935,Stephanie,Hernandez,Stephanie Hernandez,50,IT,Senior Developer,Boston,91256.0,2311.16,2023-02-06,21,64.0,stephanie.hernandez@company.com,(834) 747-2671,On Leave
EMP002936,John,Wilson,John Wilson,46,Sales,Director,Miami,87693.82,8928.58,2023-07-18,19,86.5,john.wilson@company.com,(901) 923-6134,Active
EMP002937,Jessica,Brown,Jessica Brown,55,IT,Senior Developer,Austin,109071.14,11506.3,2020-12-10,28,100.0,jessica.brown@company.com,(810) 672-7005,Active
EMP002938,Daniel,Garcia,Daniel Garcia,39,IT,Associate,San Francisco,110998.54,6025.66,2023-05-07,17,72.6,daniel.garcia@company.com,(512) 823-7725,Active
EMP002939,Nicole,Taylor,Nicole Taylor,37,Sales,Director,San Francisco,64883.34,7490.69,2022-12-12,12,94.9,nicole.taylor@company.com,(906) 927-1877,Active
EMP002940,Emily,Johnson,Emily Johnson,30,Sales,Manager,Austin,80960.1,2381.94,2022-10-20,5,76.9,emily.johnson@company.com,(278) 636-9089,Active
EMP002941,Emily,Brown,Emily Brown,36,IT,Director,Austin,79965.29,13988.29,2022-05-13,10,72.9,emily.brown@company.com,(323) 447-2259,Active
EMP002942,Matthew,Hernandez,Matthew Hernandez,44,Finance,Manager,New York,94842.71,3932.28,2021-09-27,17,88.9,matthew.hernandez@company.com,(905) 816-1922,Active
EMP002943,Emily,Martin,Emily Martin,48,Operations,Coordinator,Seattle,75802.11,18828.1,2022-11-22,20,72.6,emily.martin@company.com,(995) 540-9249,Active
EMP002944,Stephanie,Davis,Stephanie Davis,52,Sales,Lead,Chicago,88038.92,0.0,2024-10-08,25,97.6,stephanie.davis@company.com,(485) 950-4568,Active
EMP002945,David,Jones,David Jones,46,Operations,Senior Developer,Boston,53948.94,5809.54,2022-06-15,18,88.5,david.jones@company.com,(478) 271-4018,Active
EMP002946,Michael,Rodriguez,Michael Rodriguez,34,Legal,Analyst,Los Angeles,85558.33,12773.64,2020-08-05,10,78.1,michael.rodriguez@company.com,(920) 386-4078,Active
EMP002947,Jane,Brown,Jane Brown,23,IT,Specialist,Austin,83371.17,19291.7,2022-01-03,0,87.7,jane.brown@company.com,(464) 300-4406,Active
EMP002948,Nicole,Rodriguez,Nicole Rodriguez,30,Operations,Senior Developer,Austin,75821.09,2144.92,2021-10-04,2,95.4,nicole.rodriguez@company.com,(598) 422-1863,Active
EMP002949,John,Thomas,John Thomas,51,IT,Manager,Boston,106364.01,10244.48,2023-08-25,27,68.3,john.thomas@company.com,(801) 638-6011,Active
EMP002950,Anthony,Moore,Anthony Moore,44,Legal,Specialist,Chicago,99976.22,7134.1,2024-02-02,20,65.3,anthony.moore@company.com,(232) 775-3880,Active
EMP002951,Daniel,Thomas,Daniel Thomas,22,HR,Senior Developer,Boston,56512.15,679.98,2022-05-07,0,96.7,daniel.thomas@company.com,(610) 720-2054,Active
EMP002952,Robert,Miller,Robert Miller,58,Legal,Associate,Austin,117077.4,6643.84,2022-07-16,29,69.5,robert.miller@company.com,(229) 689-3229,Active
EMP002953,Jessica,Martinez,Jessica Martinez,35,Engineering,Specialist,Chicago,82987.39,8368.04,2020-09-28,12,83.2,jessica.martinez@company.com,(866) 375-3797,Active
EMP002954,William,Brown,William Brown,49,HR,Associate,New York,66350.71,8123.77,2023-10-11,23,81.6,william.brown@company.com,(451) 389-4845,Active
EMP002955,Ashley,Smith,Ashley Smith,57,Sales,Specialist,San Francisco,84233.87,12555.36,2021-08-17,28,52.8,ashley.smith@company.com,(474) 372-5858,Active
EMP002956,Nicole,Rodriguez,Nicole Rodriguez,26,Marketing,Analyst,New York,78425.63,10767.34,2023-11-20,0,73.7,nicole.rodriguez@company.com,(486) 450-7026,Active
EMP002957,Lisa,Martinez,Lisa Martinez,28,Legal,Coordinator,Los Angeles,110502.25,15310.08,2023-12-07,1,65.7,lisa.martinez@company.com,(293) 320-9433,Active
EMP002958,Michael,Hernandez,Michael Hernandez,24,IT,Manager,Seattle,71450.73,3523.93,2023-06-08,0,67.5,michael.hernandez@company.com,(789) 491-2688,Active
EMP002959,Amanda,Miller,Amanda Miller,36,Sales,Lead,Austin,50057.85,9035.46,2020-03-20,7,65.2,amanda.miller@company.com,(527) 518-3199,Active
EMP002960,James,Williams,James Williams,37,Engineering,Associate,Chicago,72471.74,7731.49,2024-10-27,9,75.4,james.williams@company.com,(277) 883-2156,Active
EMP002961,Robert,Hernandez,Robert Hernandez,64,IT,Specialist,Boston,127392.93,11812.22,2021-01-06,38,90.8,robert.hernandez@company.com,(967) 791-3874,Active
EMP002962,Emily,Davis,Emily Davis,26,Legal,Associate,Los Angeles,49821.38,5091.91,2022-06-05,4,100.0,emily.davis@company.com,(797) 879-7937,Active
EMP002963,Emily,Jackson,Emily Jackson,49,Operations,Director,Austin,61067.4,3456.25,2023-01-05,22,86.7,emily.jackson@company.com,(592) 295-5096,Active
EMP002964,Michael,Moore,Michael Moore,31,HR,Director,New York,52209.45,9773.88,2024-05-23,7,62.3,michael.moore@company.com,(512) 329-5594,Active
EMP002965,David,Martinez,David Martinez,44,Engineering,Associate,Los Angeles,90756.93,11431.19,2023-10-11,22,55.5,david.martinez@company.com,(381) 724-4077,Active
EMP002966,Robert,Miller,Robert Miller,41,Finance,Director,Austin,72092.54,8868.57,2021-06-11,12,78.0,robert.miller@company.com,(413) 683-7077,Active
EMP002967,Matthew,Gonzalez,Matthew Gonzalez,54,IT,Manager,Seattle,90837.25,5150.89,2022-11-05,29,83.0,matthew.gonzalez@company.com,(645) 994-6930,Active
EMP002968,Emily,Martinez,Emily Martinez,28,HR,Associate,Chicago,55990.35,7095.03,2023-06-24,2,78.5,emily.martinez@company.com,(336) 767-6402,Active
EMP002969,Daniel,Rodriguez,Daniel Rodriguez,65,HR,Manager,Boston,83684.05,11599.87,2023-03-28,42,63.7,daniel.rodriguez@company.com,(555) 367-9569,Active
EMP002970,Amanda,Martin,Amanda Martin,33,Finance,Manager,Miami,75660.63,7126.96,2021-05-24,8,73.4,amanda.martin@company.com,(782) 637-7913,Active
EMP002971,Robert,Hernandez,Robert Hernandez,22,Sales,Associate,Miami,67518.55,8075.43,2021-11-03,0,61.4,robert.hernandez@company.com,(245) 464-8502,Active
EMP002972,Nicole,Taylor,Nicole Taylor,59,HR,Manager,New York,54100.99,931.51,2024-04-09,31,79.5,nicole.taylor@company.com,(806) 802-6574,Active
EMP002973,Nicole,Taylor,Nicole Taylor,50,Legal,Specialist,Austin,120464.87,8436.42,2021-08-06,28,64.9,nicole.taylor@company.com,(957) 947-7585,Active
EMP002974,Matthew,Wilson,Matthew Wilson,34,IT,Specialist,Miami,102877.77,19170.62,2022-07-24,5,88.2,matthew.wilson@company.com,(216) 618-2744,Active
EMP002975,John,Wilson,John Wilson,58,Engineering,Specialist,San Francisco,106061.78,4947.63,2023-06-26,35,75.7,john.wilson@company.com,(650) 284-2323,Active
EMP002976,Robert,Taylor,Robert Taylor,37,Finance,Senior Developer,Miami,74570.59,11356.36,2021-11-20,14,100.0,robert.taylor@company.com,(601) 691-6873,Active
EMP002977,James,Smith,James Smith,35,Operations,Associate,San Francisco,66486.98,5279.49,2020-02-10,11,72.3,james.smith@company.com,(902) 298-7297,Active
EMP002978,Ashley,Rodriguez,Ashley Rodriguez,49,Marketing,Specialist,Austin,90179.73,5789.66,2023-11-22,20,63.5,ashley.rodriguez@company.com,(412) 576-8126,Active
EMP002979,James,Smith,James Smith,22,Finance,Manager,Boston,101554.56,13327.38,2023-08-15,0,78.1,james.smith@company.com,(543) 618-7693,Inactive
EMP002980,Anthony,Davis,Anthony Davis,25,Legal,Specialist,Boston,42272.99,6576.9,2020-04-03,0,65.2,anthony.davis@company.com,(338) 929-5330,Inactive
EMP002981,Nicole,Wilson,Nicole Wilson,27,Sales,Analyst,Miami,70573.76,9055.6,2021-11-09,3,80.0,nicole.wilson@company.com,(656) 327-5926,On Leave
EMP002982,David,Hernandez,David Hernandez,33,Engineering,Coordinator,Austin,106098.19,12305.65,2024-11-19,8,81.7,david.hernandez@company.com,(922) 702-8009,Active
EMP002983,Christopher,Martinez,Christopher Martinez,61,Sales,Director,Los Angeles,108643.89,13045.67,2022-11-25,33,66.7,christopher.martinez@company.com,(862) 494-5005,Active
EMP002984,Stephanie,Moore,Stephanie Moore,42,Engineering,Director,Los Angeles,112233.55,9509.06,2021-10-23,20,82.1,stephanie.moore@company.com,(724) 559-4616,Active
EMP002985,Michael,Smith,Michael Smith,50,Sales,Lead,Chicago,67106.98,12316.98,2023-01-29,25,94.2,michael.smith@company.com,(791) 586-6463,Active
EMP002986,Lisa,Miller,Lisa Miller,58,Engineering,Coordinator,Seattle,155314.59,12568.89,2020-10-28,31,60.4,lisa.miller@company.com,(925) 701-8531,Active
EMP002987,Christopher,Thomas,Christopher Thomas,44,Engineering,Associate,Austin,132310.93,22040.59,2021-11-01,17,39.4,christopher.thomas@company.com,(624) 350-1845,Inactive
EMP002988,Stephanie,Miller,Stephanie Miller,33,Finance,Specialist,Seattle,62447.05,3356.27,2021-03-08,4,67.3,stephanie.miller@company.com,(843) 809-5229,Active
EMP002989,Lisa,Gonzalez,Lisa Gonzalez,28,HR,Senior Developer,Austin,83635.78,2167.14,2023-01-05,4,97.1,lisa.gonzalez@company.com,(273) 890-3466,Active
EMP002990,Amanda,Anderson,Amanda Anderson,22,IT,Lead,San Francisco,77245.9,12505.1,2024-01-02,0,85.8,amanda.anderson@company.com,(960) 248-8348,Inactive
EMP002991,Sarah,Anderson,Sarah Anderson,31,Finance,Coordinator,Seattle,73481.81,13303.05,2022-08-02,2,70.1,sarah.anderson@company.com,(672) 638-3835,Active
EMP002992,David,Gonzalez,David Gonzalez,53,HR,Lead,Los Angeles,68914.67,1365.44,2023-01-07,31,81.5,david.gonzalez@company.com,(520) 913-1674,Active
EMP002993,Nicole,Martin,Nicole Martin,22,Legal,Specialist,Miami,92622.81,13119.89,2024-05-23,0,73.6,nicole.martin@company.com,(707) 991-7133,Active
EMP002994,Ashley,Davis,Ashley Davis,44,Finance,Analyst,Boston,91488.68,11793.63,2023-04-18,15,79.2,ashley.davis@company.com,(562) 394-8309,Active
EMP002995,William,Smith,William Smith,50,HR,Associate,Miami,73384.88,11128.72,2022-08-11,28,60.8,william.smith@company.com,(629) 770-8787,Active
EMP002996,William,Jones,William Jones,53,Engineering,Associate,Miami,81575.46,7740.38,2022-08-14,27,77.4,william.jones@company.com,(563) 282-6048,Active
EMP002997,Amanda,Miller,Amanda Miller,32,Finance,Senior Developer,San Francisco,92491.37,14231.91,2021-10-11,3,81.6,amanda.miller@company.com,(972) 682-4402,Active
EMP002998,Robert,Johnson,Robert Johnson,63,Engineering,Manager,New York,96079.69,13866.74,2023-03-15,37,95.4,robert.johnson@company.com,(484) 956-1548,Active
EMP002999,Amanda,Gonzalez,Amanda Gonzalez,46,Operations,Director,Chicago,63076.63,5460.37,2024-03-05,21,58.1,amanda.gonzalez@company.com,(497) 939-5315,Active
EMP003000,Matthew,Hernandez,Matthew Hernandez,57,IT,Director,Boston,130567.59,13352.01,2021-12-01,30,74.0,matthew.hernandez@company.com,(384) 405-3132,Inactive
EMP003001,Stephanie,Johnson,Stephanie Johnson,56,Engineering,Specialist,New York,142914.91,22103.54,2022-08-13,32,72.1,stephanie.johnson@company.com,(229) 784-2289,Active
EMP003002,Jessica,Martinez,Jessica Martinez,23,Operations,Senior Developer,Los Angeles,47778.42,4679.93,2020-06-10,0,70.2,jessica.martinez@company.com,(814) 905-9222,Active
EMP003003,Christopher,Hernandez,Christopher Hernandez,28,Sales,Senior Developer,San Francisco,59478.16,7812.29,2023-10-30,5,70.4,christopher.hernandez@company.com,(525) 714-4523,Active
EMP003004,Daniel,Rodriguez,Daniel Rodriguez,54,IT,Senior Developer,Los Angeles,113293.22,13194.41,2021-09-30,32,59.9,daniel.rodriguez@company.com,(947) 513-8706,Active
EMP003005,Michael,Taylor,Michael Taylor,28,IT,Manager,Miami,68913.01,4345.08,2021-07-28,0,76.2,michael.taylor@company.com,(937) 672-7743,Active
EMP003006,Christopher,Moore,Christopher Moore,55,Marketing,Coordinator,New York,66725.06,5929.12,2023-12-29,29,66.0,christopher.moore@company.com,(336) 577-7621,Active
EMP003007,Lisa,Jackson,Lisa Jackson,62,Operations,Senior Developer,New York,71571.13,9965.21,2021-07-19,33,100.0,lisa.jackson@company.com,(935) 368-4812,Active
EMP003008,John,Garcia,John Garcia,39,Marketing,Associate,Miami,66961.82,7208.07,2021-08-08,15,59.3,john.garcia@company.com,(217) 523-5558,Active
EMP003009,Jessica,Martin,Jessica Martin,39,IT,Analyst,Chicago,120619.05,8118.57,2020-05-17,11,94.4,jessica.martin@company.com,(459) 256-6809,Active
EMP003010,Michael,Moore,Michael Moore,42,IT,Manager,Los Angeles,126495.14,28969.23,2021-09-23,13,71.4,michael.moore@company.com,(696) 514-8390,Inactive
EMP003011,Robert,Moore,Robert Moore,33,Sales,Lead,Seattle,95073.93,4090.81,2024-02-10,4,85.0,robert.moore@company.com,(958) 712-6563,Active
EMP003012,Daniel,Martinez,Daniel Martinez,44,Finance,Manager,Chicago,77160.34,4947.37,2021-01-19,19,73.0,daniel.martinez@company.com,(535) 820-5300,Active
EMP003013,John,Garcia,John Garcia,27,HR,Director,Miami,45351.95,5837.67,2024-09-12,5,73.6,john.garcia@company.com,(565) 284-9802,Inactive
EMP003014,Stephanie,Wilson,Stephanie Wilson,50,Finance,Lead,Miami,79793.4,5849.82,2021-09-11,27,60.7,stephanie.wilson@company.com,(297) 408-2477,On Leave
EMP003015,Amanda,Williams,Amanda Williams,59,HR,Analyst,New York,76489.21,5311.45,2021-12-28,32,60.4,amanda.williams@company.com,(726) 582-4204,Active
EMP003016,Stephanie,Hernandez,Stephanie Hernandez,55,Sales,Director,Boston,71514.16,10274.3,2023-06-27,33,90.0,stephanie.hernandez@company.com,(739) 994-9814,Active
EMP003017,Emily,Brown,Emily Brown,29,Legal,Coordinator,Boston,105203.4,14685.05,2024-11-30,2,55.9,emily.brown@company.com,(837) 834-1948,Active
EMP003018,Matthew,Martinez,Matthew Martinez,55,Sales,Associate,Chicago,75421.46,10282.86,2021-11-07,30,59.2,matthew.martinez@company.com,(569) 731-2812,Active
EMP003019,Amanda,Martin,Amanda Martin,59,Marketing,Director,Austin,80514.39,11220.79,2024-10-14,33,66.5,amanda.martin@company.com,(299) 801-4610,Active
EMP003020,Anthony,Williams,Anthony Williams,47,Engineering,Director,New York,109841.72,20304.54,2022-12-27,20,74.0,anthony.williams@company.com,(266) 464-7310,Active
EMP003021,David,Martin,David Martin,22,Marketing,Analyst,Seattle,34200.73,2263.83,2020-07-29,0,45.8,david.martin@company.com,(905) 822-7061,Active
EMP003022,Jessica,Johnson,Jessica Johnson,29,Sales,Senior Developer,Chicago,34316.95,5488.23,2022-11-20,3,62.0,jessica.johnson@company.com,(521) 358-8736,Inactive
EMP003023,Ashley,Williams,Ashley Williams,39,Sales,Associate,Seattle,95897.42,11286.89,2020-06-29,15,72.6,ashley.williams@company.com,(401) 455-2373,Active
EMP003024,Amanda,Lopez,Amanda Lopez,59,HR,Senior Developer,New York,60751.77,5830.88,2021-10-18,30,96.0,amanda.lopez@company.com,(428) 239-4109,Active
EMP003025,Ashley,Martinez,Ashley Martinez,28,Engineering,Lead,Miami,98673.17,12441.08,2022-12-27,0,63.5,ashley.martinez@company.com,(290) 887-2635,Inactive
EMP003026,Lisa,Wilson,Lisa Wilson,65,Operations,Coordinator,Seattle,70352.17,4634.3,2021-10-16,36,61.7,lisa.wilson@company.com,(667) 616-8080,Active
EMP003027,Ashley,Hernandez,Ashley Hernandez,60,Finance,Analyst,San Francisco,104265.21,12414.61,2023-05-08,38,66.3,ashley.hernandez@company.com,(805) 300-3316,Active
EMP003028,Lisa,Martin,Lisa Martin,51,Finance,Analyst,Boston,89560.01,6578.28,2020-04-22,29,89.5,lisa.martin@company.com,(626) 514-2344,Inactive
EMP003029,Sarah,Smith,Sarah Smith,46,IT,Associate,San Francisco,94909.43,10456.56,2023-08-05,20,89.3,sarah.smith@company.com,(589) 906-2528,Active
EMP003030,Matthew,Jones,Matthew Jones,25,Marketing,Analyst,Seattle,36896.07,3220.13,2024-06-26,0,74.3,matthew.jones@company.com,(957) 326-7627,Active
EMP003031,Stephanie,Taylor,Stephanie Taylor,57,Marketing,Senior Developer,Chicago,99905.64,10923.6,2023-07-20,31,68.5,stephanie.taylor@company.com,(711) 564-7588,Active
EMP003032,Christopher,Martin,Christopher Martin,33,IT,Manager,Chicago,56341.04,8139.21,2022-12-19,9,76.2,christopher.martin@company.com,(398) 846-5439,Active
EMP003033,Michael,Smith,Michael Smith,47,Engineering,Director,Boston,150528.06,8228.0,2020-10-11,18,100.0,michael.smith@company.com,(877) 849-6762,Active
EMP003034,David,Moore,David Moore,31,Legal,Director,New York,69543.92,6042.24,2020-11-19,4,90.4,david.moore@company.com,(349) 231-1763,On Leave
EMP003035,Daniel,Rodriguez,Daniel Rodriguez,30,Operations,Analyst,Miami,49221.57,0.0,2021-06-04,4,60.8,daniel.rodriguez@company.com,(395) 769-8587,Inactive
EMP003036,David,Martin,David Martin,64,Operations,Specialist,San Francisco,94500.56,10428.59,2021-11-16,40,85.8,david.martin@company.com,(390) 934-1732,Active
EMP003037,Matthew,Smith,Matthew Smith,61,Marketing,Manager,Los Angeles,82925.08,14033.84,2024-07-08,38,60.8,matthew.smith@company.com,(589) 244-5719,Active
EMP003038,Emily,Garcia,Emily Garcia,54,Finance,Associate,New York,84775.3,6278.17,2024-05-22,31,82.7,emily.garcia@company.com,(567) 507-8816,Active
EMP003039,Christopher,Martin,Christopher Martin,38,Operations,Manager,New York,47077.34,1389.84,2021-06-10,14,69.1,christopher.martin@company.com,(285) 849-9235,On Leave
EMP003040,Anthony,Taylor,Anthony Taylor,54,Operations,Associate,Los Angeles,71728.15,7508.83,2023-11-09,31,80.9,anthony.taylor@company.com,(465) 409-1577,Active
EMP003041,Christopher,Hernandez,Christopher Hernandez,48,Operations,Analyst,Los Angeles,73943.41,12519.64,2021-03-27,25,72.3,christopher.hernandez@company.com,(727) 772-9063,Active
EMP003042,Matthew,Anderson,Matthew Anderson,41,IT,Associate,Boston,108293.56,24087.67,2023-11-28,13,58.1,matthew.anderson@company.com,(828) 838-4893,Active
EMP003043,Christopher,Johnson,Christopher Johnson,46,IT,Analyst,Chicago,75965.8,10701.85,2024-09-23,19,66.4,christopher.johnson@company.com,(805) 223-2444,On Leave
EMP003044,Robert,Moore,Robert Moore,59,IT,Specialist,New York,116523.71,7496.49,2022-09-14,37,94.6,robert.moore@company.com,(803) 483-8327,Inactive
EMP003045,Michael,Jackson,Michael Jackson,45,Engineering,Manager,Austin,48937.75,2253.72,2021-02-28,17,69.2,michael.jackson@company.com,(537) 324-5200,Inactive
EMP003046,Matthew,Jackson,Matthew Jackson,42,Operations,Analyst,Austin,56450.95,7930.97,2024-01-10,19,73.5,matthew.jackson@company.com,(783) 496-6046,Active
EMP003047,Sarah,Rodriguez,Sarah Rodriguez,22,Legal,Coordinator,New York,62701.72,7888.05,2021-04-22,0,37.7,sarah.rodriguez@company.com,(515) 651-3099,Active
EMP003048,Anthony,Lopez,Anthony Lopez,31,Sales,Lead,Los Angeles,77842.63,5214.88,2021-03-16,5,91.2,anthony.lopez@company.com,(854) 257-6429,Active
EMP003049,David,Gonzalez,David Gonzalez,26,Legal,Specialist,New York,50296.71,7683.09,2024-11-05,4,98.9,david.gonzalez@company.com,(722) 977-9471,Active
EMP003050,Matthew,Wilson,Matthew Wilson,62,Operations,Analyst,Los Angeles,57763.06,2352.74,2023-04-29,36,98.2,matthew.wilson@company.com,(370) 576-9762,Active
EMP003051,Emily,Taylor,Emily Taylor,57,Marketing,Senior Developer,New York,90916.36,3480.02,2022-12-15,28,77.4,emily.taylor@company.com,(423) 357-5021,Active
EMP003052,Jane,Wilson,Jane Wilson,54,Operations,Specialist,Los Angeles,54906.22,6865.33,2023-10-27,30,62.2,jane.wilson@company.com,(632) 696-7709,Active
EMP003053,Matthew,Smith,Matthew Smith,63,IT,Coordinator,Seattle,114721.03,10984.84,2024-06-29,39,69.9,matthew.smith@company.com,(764) 424-8858,On Leave
EMP003054,William,Jackson,William Jackson,32,Operations,Coordinator,Miami,51480.54,6235.59,2020-10-27,7,95.8,william.jackson@company.com,(281) 436-6855,Active
EMP003055,Michael,Thomas,Michael Thomas,31,Operations,Coordinator,Boston,58828.71,0.0,2023-05-13,3,52.5,michael.thomas@company.com,(843) 362-9240,Active
EMP003056,Melissa,Rodriguez,Melissa Rodriguez,55,Legal,Senior Developer,Seattle,116121.91,14577.06,2023-11-05,27,57.9,melissa.rodriguez@company.com,(265) 922-5769,On Leave
EMP003057,Christopher,Garcia,Christopher Garcia,30,IT,Coordinator,Miami,40854.52,2436.53,2024-04-06,8,69.2,christopher.garcia@company.com,(323) 966-2930,Active
EMP003058,Lisa,Thomas,Lisa Thomas,61,IT,Coordinator,Seattle,105518.41,10250.77,2021-04-03,36,72.5,lisa.thomas@company.com,(474) 827-7656,Active
EMP003059,James,Williams,James Williams,63,Operations,Specialist,Los Angeles,86917.49,5145.54,2024-12-21,35,82.8,james.williams@company.com,(314) 826-7607,Active
EMP003060,Lisa,Wilson,Lisa Wilson,63,HR,Manager,New York,109999.41,10038.21,2023-03-04,38,100.0,lisa.wilson@company.com,(411) 559-9262,Active
EMP003061,Jane,Brown,Jane Brown,45,IT,Manager,Austin,115412.11,14720.45,2020-06-24,23,66.0,jane.brown@company.com,(976) 954-6362,Active
EMP003062,David,Garcia,David Garcia,36,Finance,Analyst,Chicago,54934.29,8548.58,2022-12-09,9,72.8,david.garcia@company.com,(487) 977-9871,Active
EMP003063,Robert,Martinez,Robert Martinez,62,Marketing,Associate,Miami,83863.94,7798.02,2022-04-20,33,57.4,robert.martinez@company.com,(766) 249-9518,Active
EMP003064,Stephanie,Johnson,Stephanie Johnson,36,Sales,Specialist,New York,99067.1,18137.84,2020-01-17,12,57.3,stephanie.johnson@company.com,(408) 401-5915,Active
EMP003065,Michael,Hernandez,Michael Hernandez,58,HR,Director,Miami,92633.16,10049.28,2022-02-06,29,90.4,michael.hernandez@company.com,(739) 608-7557,On Leave
EMP003066,Melissa,Brown,Melissa Brown,48,Operations,Specialist,Boston,72785.09,2224.17,2021-07-12,26,96.7,melissa.brown@company.com,(626) 216-6653,Active
EMP003067,David,Gonzalez,David Gonzalez,50,Engineering,Lead,Los Angeles,121525.17,6314.63,2024-10-18,22,65.9,david.gonzalez@company.com,(473) 965-7601,Active
EMP003068,David,Thomas,David Thomas,31,Marketing,Coordinator,New York,50582.46,8613.48,2024-03-14,4,77.1,david.thomas@company.com,(411) 604-5897,Active
EMP003069,Michael,Brown,Michael Brown,48,Marketing,Associate,Boston,59618.27,7721.72,2022-06-29,24,80.5,michael.brown@company.com,(956) 841-3515,Active
EMP003070,Amanda,Johnson,Amanda Johnson,54,Marketing,Coordinator,San Francisco,95245.66,8570.32,2021-10-19,30,91.9,amanda.johnson@company.com,(939) 864-4563,Active
EMP003071,John,Thomas,John Thomas,59,Legal,Coordinator,Boston,129416.59,13439.46,2023-01-29,37,62.5,john.thomas@company.com,(342) 291-3600,Active
EMP003072,Stephanie,Rodriguez,Stephanie Rodriguez,51,HR,Associate,Boston,64353.41,9056.73,2022-09-05,23,91.1,stephanie.rodriguez@company.com,(856) 724-5374,Active
EMP003073,Christopher,Smith,Christopher Smith,36,Legal,Lead,New York,77919.5,12295.46,2024-08-27,13,37.6,christopher.smith@company.com,(551) 284-2639,Active
EMP003074,Michael,Anderson,Michael Anderson,51,Legal,Coordinator,Boston,89824.58,9711.05,2020-05-20,28,80.1,michael.anderson@company.com,(356) 786-5543,Active
EMP003075,Ashley,Martin,Ashley Martin,33,Marketing,Director,Boston,66275.46,9284.59,2023-10-08,10,66.3,ashley.martin@company.com,(302) 639-5515,Active
EMP003076,Emily,Taylor,Emily Taylor,24,HR,Lead,Boston,33093.91,4947.68,2021-07-11,0,70.6,emily.taylor@company.com,(650) 655-8116,Active
EMP003077,James,Jackson,James Jackson,37,Engineering,Manager,Miami,101825.77,10443.27,2022-01-10,8,75.8,james.jackson@company.com,(533) 510-5314,Active
EMP003078,Robert,Martinez,Robert Martinez,41,HR,Lead,Los Angeles,48937.29,4663.33,2023-09-08,17,78.7,robert.martinez@company.com,(704) 304-6509,Inactive
EMP003079,Anthony,Garcia,Anthony Garcia,31,Marketing,Specialist,New York,61513.83,1838.63,2024-04-21,8,78.3,anthony.garcia@company.com,(827) 255-8976,Active
EMP003080,Jessica,Martinez,Jessica Martinez,39,Sales,Director,Boston,71259.83,13974.85,2022-01-07,14,82.7,jessica.martinez@company.com,(807) 674-8645,Active
EMP003081,Jane,Johnson,Jane Johnson,61,Sales,Coordinator,San Francisco,81783.04,10944.71,2023-08-10,33,92.0,jane.johnson@company.com,(458) 673-8452,Inactive
EMP003082,Ashley,Martin,Ashley Martin,47,Finance,Senior Developer,Austin,98251.39,13754.64,2024-08-03,25,78.9,ashley.martin@company.com,(875) 468-9790,Active
EMP003083,Emily,Lopez,Emily Lopez,37,Operations,Coordinator,Miami,66134.2,2163.65,2022-04-01,9,94.9,emily.lopez@company.com,(460) 306-4657,Active
EMP003084,Melissa,Martinez,Melissa Martinez,27,Sales,Coordinator,Los Angeles,63297.26,6525.77,2024-11-28,5,84.1,melissa.martinez@company.com,(864) 583-8661,Active
EMP003085,James,Jones,James Jones,33,HR,Coordinator,Chicago,42078.62,5158.98,2022-02-02,11,82.2,james.jones@company.com,(557) 765-1289,Active
EMP003086,Anthony,Lopez,Anthony Lopez,29,Legal,Lead,Seattle,41395.65,8243.29,2022-01-11,7,74.8,anthony.lopez@company.com,(713) 300-7697,Active
EMP003087,David,Taylor,David Taylor,52,Finance,Director,San Francisco,54100.83,1687.1,2022-04-20,24,93.5,david.taylor@company.com,(371) 444-4496,Active
EMP003088,Ashley,Anderson,Ashley Anderson,52,Engineering,Manager,Seattle,102556.35,10907.76,2022-08-10,28,75.8,ashley.anderson@company.com,(304) 457-7560,Active
EMP003089,Daniel,Brown,Daniel Brown,24,Finance,Lead,Miami,68080.9,2635.22,2024-01-15,0,82.3,daniel.brown@company.com,(910) 451-5765,Active
EMP003090,Amanda,Hernandez,Amanda Hernandez,44,Operations,Director,New York,72515.65,6917.39,2022-10-19,15,54.6,amanda.hernandez@company.com,(490) 581-7593,Active
EMP003091,Daniel,Smith,Daniel Smith,45,HR,Senior Developer,Los Angeles,72592.59,616.88,2020-02-09,23,78.3,daniel.smith@company.com,(279) 671-6700,Active
EMP003092,John,Johnson,John Johnson,57,Sales,Manager,Miami,89239.67,12856.4,2022-02-23,31,83.7,john.johnson@company.com,(671) 786-5418,Active
EMP003093,Melissa,Moore,Melissa Moore,39,IT,Coordinator,Chicago,86897.71,11510.01,2021-10-04,13,76.7,melissa.moore@company.com,(896) 300-7518,Inactive
EMP003094,David,Brown,David Brown,40,Operations,Associate,Austin,72936.5,6523.96,2022-06-30,11,53.6,david.brown@company.com,(611) 893-5095,Active
EMP003095,Robert,Wilson,Robert Wilson,43,Legal,Coordinator,Austin,95955.89,20958.37,2024-12-05,15,57.3,robert.wilson@company.com,(889) 564-9637,Active
EMP003096,Jane,Thomas,Jane Thomas,61,Engineering,Analyst,Miami,132132.94,12614.82,2020-09-29,36,71.9,jane.thomas@company.com,(746) 751-4512,Active
EMP003097,Michael,Miller,Michael Miller,44,HR,Senior Developer,Boston,78697.09,11860.44,2024-03-22,22,92.6,michael.miller@company.com,(398) 826-1119,Active
EMP003098,Robert,Johnson,Robert Johnson,37,Legal,Analyst,Seattle,102369.19,17339.45,2022-10-05,11,74.4,robert.johnson@company.com,(850) 517-4714,Active
EMP003099,Jessica,Hernandez,Jessica Hernandez,54,Legal,Lead,Los Angeles,124850.88,18934.3,2024-04-23,28,66.7,jessica.hernandez@company.com,(264) 911-5391,Active
EMP003100,John,Miller,John Miller,28,Engineering,Lead,New York,63878.7,9250.99,2023-10-11,1,75.9,john.miller@company.com,(938) 433-6967,Active
EMP003101,Stephanie,Lopez,Stephanie Lopez,55,Marketing,Manager,Los Angeles,71182.76,3662.77,2022-11-17,28,84.4,stephanie.lopez@company.com,(378) 550-3973,Inactive
EMP003102,Stephanie,Davis,Stephanie Davis,24,Legal,Senior Developer,Seattle,78389.29,6040.6,2020-10-16,0,61.6,stephanie.davis@company.com,(718) 981-9570,Active
EMP003103,Anthony,Brown,Anthony Brown,59,Sales,Analyst,Chicago,90106.98,17853.96,2021-02-05,33,90.4,anthony.brown@company.com,(370) 277-5322,Active
EMP003104,Emily,Hernandez,Emily Hernandez,45,Marketing,Senior Developer,Los Angeles,62346.68,13726.19,2020-08-09,23,57.5,emily.hernandez@company.com,(799) 700-9954,Active
EMP003105,David,Hernandez,David Hernandez,49,Finance,Coordinator,Los Angeles,97945.92,8837.15,2022-07-13,26,86.5,david.hernandez@company.com,(470) 844-5470,Active
EMP003106,Amanda,Miller,Amanda Miller,63,Marketing,Coordinator,Boston,97161.98,10335.94,2021-07-27,38,60.4,amanda.miller@company.com,(493) 278-2792,Active
EMP003107,Nicole,Hernandez,Nicole Hernandez,54,Sales,Associate,Austin,76273.82,7691.32,2022-07-10,32,55.4,nicole.hernandez@company.com,(392) 723-1299,Active
EMP003108,David,Johnson,David Johnson,23,HR,Director,San Francisco,51546.35,7245.12,2022-06-29,0,98.0,david.johnson@company.com,(939) 639-9404,Active
EMP003109,Sarah,Moore,Sarah Moore,62,Finance,Senior Developer,Miami,92873.53,12047.32,2021-06-16,37,65.5,sarah.moore@company.com,(591) 886-3204,Active
EMP003110,Michael,Rodriguez,Michael Rodriguez,48,HR,Director,Austin,47105.03,2108.26,2021-10-24,25,66.2,michael.rodriguez@company.com,(473) 261-2596,Active
EMP003111,Daniel,Garcia,Daniel Garcia,40,HR,Manager,Los Angeles,82284.51,15793.4,2021-02-04,11,81.1,daniel.garcia@company.com,(201) 720-8891,Inactive
EMP003112,Christopher,Martinez,Christopher Martinez,52,Legal,Manager,Miami,107989.41,22790.19,2024-02-08,27,69.5,christopher.martinez@company.com,(786) 210-7910,Active
EMP003113,Melissa,Wilson,Melissa Wilson,42,Sales,Lead,Austin,87473.7,12594.59,2022-02-11,15,94.2,melissa.wilson@company.com,(347) 958-7114,Active
EMP003114,Stephanie,Thomas,Stephanie Thomas,65,Sales,Analyst,Los Angeles,86772.75,10488.43,2020-07-11,42,100.0,stephanie.thomas@company.com,(710) 350-1684,Active
EMP003115,Matthew,Taylor,Matthew Taylor,31,IT,Specialist,New York,43463.06,4306.76,2020-07-29,6,49.3,matthew.taylor@company.com,(713) 599-4643,Active
EMP003116,Emily,Gonzalez,Emily Gonzalez,56,Finance,Associate,Boston,106396.17,8440.2,2021-06-09,32,45.3,emily.gonzalez@company.com,(829) 639-8655,Active
EMP003117,Anthony,Martin,Anthony Martin,40,Sales,Manager,Los Angeles,54052.27,1619.96,2021-10-23,14,38.5,anthony.martin@company.com,(935) 901-4779,Active
EMP003118,John,Gonzalez,John Gonzalez,52,Finance,Lead,New York,88771.21,7030.5,2023-08-14,25,75.9,john.gonzalez@company.com,(215) 434-5888,Active
EMP003119,Sarah,Martin,Sarah Martin,40,Legal,Senior Developer,New York,99494.75,12328.55,2023-02-05,11,85.1,sarah.martin@company.com,(270) 955-7123,Active
EMP003120,Sarah,Miller,Sarah Miller,39,IT,Associate,Chicago,67825.76,0.0,2022-08-09,15,91.9,sarah.miller@company.com,(211) 673-5542,Active
EMP003121,James,Davis,James Davis,60,Sales,Associate,Austin,112901.79,15560.87,2024-02-01,34,93.2,james.davis@company.com,(341) 999-6585,On Leave
EMP003122,Christopher,Smith,Christopher Smith,64,Marketing,Senior Developer,Chicago,76301.04,10873.04,2022-05-17,38,61.2,christopher.smith@company.com,(785) 952-1410,Active
EMP003123,Matthew,Anderson,Matthew Anderson,25,Operations,Manager,Seattle,44392.61,3001.71,2020-10-16,0,92.1,matthew.anderson@company.com,(817) 437-4260,Active
EMP003124,Amanda,Moore,Amanda Moore,29,HR,Director,Seattle,52424.91,9813.38,2023-10-29,4,68.7,amanda.moore@company.com,(836) 854-2354,Active
EMP003125,Amanda,Anderson,Amanda Anderson,41,HR,Senior Developer,Boston,49811.9,3596.01,2022-09-10,19,75.8,amanda.anderson@company.com,(518) 546-5156,Active
EMP003126,Robert,Lopez,Robert Lopez,30,Sales,Analyst,New York,66231.41,4990.92,2024-02-13,8,82.8,robert.lopez@company.com,(283) 511-1771,Inactive
EMP003127,Michael,Jones,Michael Jones,58,HR,Senior Developer,Austin,69888.0,9359.15,2023-03-16,36,89.1,michael.jones@company.com,(538) 576-9408,On Leave
EMP003128,Anthony,Thomas,Anthony Thomas,45,Engineering,Coordinator,Austin,90725.11,12111.28,2024-07-12,21,86.1,anthony.thomas@company.com,(976) 817-8434,Active
EMP003129,Melissa,Williams,Melissa Williams,24,Legal,Director,New York,68348.35,11825.69,2020-03-07,0,68.6,melissa.williams@company.com,(553) 620-9197,Active
EMP003130,Jane,Jackson,Jane Jackson,55,Finance,Analyst,San Francisco,96599.13,9958.09,2021-06-03,31,62.3,jane.jackson@company.com,(915) 591-1078,Active
EMP003131,Christopher,Rodriguez,Christopher Rodriguez,48,HR,Director,Boston,57758.67,5552.67,2021-05-04,21,79.0,christopher.rodriguez@company.com,(658) 594-5241,Active
EMP003132,Nicole,Anderson,Nicole Anderson,55,IT,Lead,Miami,143540.39,13874.86,2024-11-07,26,85.6,nicole.anderson@company.com,(883) 646-1993,Active
EMP003133,William,Davis,William Davis,22,Finance,Lead,Boston,75146.69,4914.04,2023-10-17,0,74.1,william.davis@company.com,(850) 884-4820,Active
EMP003134,Melissa,Davis,Melissa Davis,55,Engineering,Director,Austin,134358.52,20306.97,2020-12-28,31,92.1,melissa.davis@company.com,(470) 794-7884,Active
EMP003135,Daniel,Hernandez,Daniel Hernandez,46,Legal,Coordinator,Seattle,97912.93,9644.35,2020-08-26,22,90.4,daniel.hernandez@company.com,(998) 200-5951,Active
EMP003136,Nicole,Johnson,Nicole Johnson,38,Finance,Director,Miami,66683.66,6991.38,2024-09-23,13,66.2,nicole.johnson@company.com,(319) 754-2519,On Leave
EMP003137,Christopher,Smith,Christopher Smith,47,Operations,Analyst,Seattle,59664.22,6321.65,2022-09-17,19,58.4,christopher.smith@company.com,(252) 665-6896,Active
EMP003138,Ashley,Thomas,Ashley Thomas,36,IT,Senior Developer,San Francisco,40103.78,4171.23,2020-08-08,7,67.2,ashley.thomas@company.com,(252) 695-8744,Active
EMP003139,Daniel,Lopez,Daniel Lopez,52,Finance,Associate,Boston,87324.84,10707.75,2021-11-30,25,81.6,daniel.lopez@company.com,(672) 353-9384,Active
EMP003140,Daniel,Jones,Daniel Jones,61,Marketing,Director,Los Angeles,87641.38,15659.73,2021-08-29,37,89.8,daniel.jones@company.com,(719) 545-5396,Inactive
EMP003141,John,Miller,John Miller,42,Engineering,Associate,Seattle,90556.16,8825.6,2022-12-18,14,92.8,john.miller@company.com,(557) 959-7829,Active
EMP003142,Stephanie,Gonzalez,Stephanie Gonzalez,57,Marketing,Senior Developer,Los Angeles,73573.95,11412.4,2021-03-23,33,98.2,stephanie.gonzalez@company.com,(731) 335-7713,Active
EMP003143,Melissa,Johnson,Melissa Johnson,62,Legal,Lead,Miami,120842.2,18038.97,2022-06-18,37,89.4,melissa.johnson@company.com,(810) 583-8674,Active
EMP003144,Robert,Jackson,Robert Jackson,38,IT,Associate,Chicago,82388.35,870.6,2021-04-01,9,81.7,robert.jackson@company.com,(708) 679-4010,Inactive
EMP003145,Daniel,Williams,Daniel Williams,41,Sales,Lead,New York,69208.17,11211.5,2024-04-04,17,70.9,daniel.williams@company.com,(444) 566-3018,Active
EMP003146,Lisa,Wilson,Lisa Wilson,41,Marketing,Manager,Chicago,80490.1,7542.19,2022-04-13,18,76.2,lisa.wilson@company.com,(752) 868-3751,Active
EMP003147,Emily,Davis,Emily Davis,54,HR,Manager,Austin,81297.5,10815.51,2024-06-01,26,78.8,emily.davis@company.com,(346) 420-4764,Active
EMP003148,Christopher,Smith,Christopher Smith,28,IT,Associate,New York,79093.1,5351.3,2023-03-05,5,79.4,christopher.smith@company.com,(464) 924-4712,Active
EMP003149,John,Gonzalez,John Gonzalez,28,Operations,Director,Chicago,73669.0,11309.04,2021-11-29,3,57.0,john.gonzalez@company.com,(648) 750-7419,Active
EMP003150,David,Martin,David Martin,37,Finance,Analyst,San Francisco,65859.47,6222.52,2022-11-01,8,79.8,david.martin@company.com,(551) 448-8903,Active
EMP003151,Jane,Johnson,Jane Johnson,23,IT,Specialist,Seattle,44843.67,2169.96,2022-12-23,0,72.1,jane.johnson@company.com,(769) 544-5706,Active
EMP003152,James,Davis,James Davis,29,Sales,Manager,San Francisco,73779.97,6241.24,2021-06-08,5,88.1,james.davis@company.com,(370) 570-6735,On Leave
EMP003153,David,Taylor,David Taylor,58,Engineering,Director,Boston,136251.27,3154.04,2022-06-28,36,98.0,david.taylor@company.com,(620) 978-5959,On Leave
EMP003154,Amanda,Hernandez,Amanda Hernandez,55,Engineering,Associate,Miami,151792.5,2095.39,2023-02-01,29,86.4,amanda.hernandez@company.com,(742) 852-8317,Active
EMP003155,John,Garcia,John Garcia,39,Engineering,Analyst,Austin,117768.58,20482.98,2020-12-11,14,56.6,john.garcia@company.com,(325) 455-2231,Inactive
EMP003156,Jane,Williams,Jane Williams,39,Operations,Associate,Los Angeles,47175.61,4204.7,2021-03-03,16,86.4,jane.williams@company.com,(806) 994-3158,Active
EMP003157,Melissa,Jackson,Melissa Jackson,40,Legal,Lead,Chicago,79682.66,9367.06,2021-02-19,11,57.1,melissa.jackson@company.com,(916) 278-5122,Active
EMP003158,Ashley,Jackson,Ashley Jackson,26,Operations,Analyst,Los Angeles,69226.96,8626.92,2023-03-26,0,82.4,ashley.jackson@company.com,(315) 685-7427,Active
EMP003159,Sarah,Wilson,Sarah Wilson,57,Engineering,Director,Austin,97945.71,5287.31,2024-04-05,32,83.4,sarah.wilson@company.com,(387) 754-9299,Active
EMP003160,John,Smith,John Smith,22,Operations,Manager,San Francisco,62437.5,2854.3,2021-01-01,0,87.1,john.smith@company.com,(739) 699-6115,Active
EMP003161,Michael,Jones,Michael Jones,52,Engineering,Analyst,Chicago,105874.15,9547.34,2024-02-05,26,89.0,michael.jones@company.com,(920) 871-1059,Active
EMP003162,Melissa,Lopez,Melissa Lopez,65,Finance,Specialist,Boston,76695.03,7166.74,2020-05-16,41,68.3,melissa.lopez@company.com,(607) 482-9680,Active
EMP003163,David,Williams,David Williams,24,Engineering,Associate,Seattle,94885.59,21449.03,2022-04-30,2,86.2,david.williams@company.com,(334) 677-6235,Active
EMP003164,John,Brown,John Brown,54,Operations,Associate,Chicago,88114.64,10802.44,2023-10-26,25,60.7,john.brown@company.com,(896) 784-8328,Active
EMP003165,Emily,Johnson,Emily Johnson,52,HR,Manager,Los Angeles,63200.74,7789.04,2022-09-12,26,60.3,emily.johnson@company.com,(747) 985-6597,Active
EMP003166,Nicole,Miller,Nicole Miller,63,HR,Coordinator,New York,78865.28,6764.96,2022-11-05,41,95.8,nicole.miller@company.com,(705) 345-4897,Active
EMP003167,Robert,Gonzalez,Robert Gonzalez,41,Engineering,Manager,Los Angeles,82766.14,2958.39,2024-06-17,12,75.1,robert.gonzalez@company.com,(290) 465-6498,Active
EMP003168,Lisa,Jones,Lisa Jones,35,HR,Associate,Chicago,45443.01,9331.59,2022-09-21,12,82.3,lisa.jones@company.com,(277) 474-9708,Active
EMP003169,Sarah,Martin,Sarah Martin,33,Legal,Senior Developer,New York,45706.83,2455.09,2022-01-17,9,75.5,sarah.martin@company.com,(245) 939-2750,Active
EMP003170,Melissa,Martin,Melissa Martin,34,Legal,Manager,Chicago,59411.26,9901.51,2023-06-18,7,58.9,melissa.martin@company.com,(332) 558-2206,Active
EMP003171,Jane,Brown,Jane Brown,54,Marketing,Analyst,Boston,95758.51,13821.57,2021-05-02,28,75.0,jane.brown@company.com,(432) 921-3447,On Leave
EMP003172,Daniel,Smith,Daniel Smith,55,Finance,Lead,Austin,107125.65,12449.96,2023-04-14,26,85.5,daniel.smith@company.com,(548) 717-3646,Active
EMP003173,Sarah,Hernandez,Sarah Hernandez,30,Operations,Senior Developer,Boston,72253.81,6056.02,2020-06-07,5,53.3,sarah.hernandez@company.com,(639) 416-8268,Active
EMP003174,Lisa,Garcia,Lisa Garcia,39,Engineering,Coordinator,Miami,87362.33,5221.4,2024-08-27,16,62.8,lisa.garcia@company.com,(670) 509-2813,On Leave
EMP003175,Ashley,Garcia,Ashley Garcia,25,Finance,Director,Miami,58122.03,1355.69,2023-04-08,0,74.4,ashley.garcia@company.com,(621) 362-7315,Active
EMP003176,Lisa,Williams,Lisa Williams,28,HR,Analyst,San Francisco,48146.53,2783.33,2021-09-07,1,78.8,lisa.williams@company.com,(868) 788-8697,Active
EMP003177,Jessica,Wilson,Jessica Wilson,45,Legal,Analyst,Miami,118949.4,9492.76,2024-12-11,19,42.1,jessica.wilson@company.com,(969) 464-5867,Active
EMP003178,Ashley,Miller,Ashley Miller,48,Operations,Lead,Seattle,77550.62,7497.32,2022-11-28,23,74.5,ashley.miller@company.com,(707) 368-7166,Active
EMP003179,Sarah,Hernandez,Sarah Hernandez,63,IT,Director,Seattle,128242.14,11718.44,2022-11-27,40,45.1,sarah.hernandez@company.com,(892) 863-1704,Active
EMP003180,Lisa,Jackson,Lisa Jackson,37,Engineering,Specialist,Austin,110335.65,9263.31,2022-12-29,10,63.5,lisa.jackson@company.com,(862) 219-5863,Active
EMP003181,Melissa,Jackson,Melissa Jackson,53,IT,Manager,New York,91293.94,8690.77,2024-01-16,26,70.0,melissa.jackson@company.com,(251) 781-5703,Active
EMP003182,Michael,Wilson,Michael Wilson,60,Operations,Director,Miami,100592.51,8947.84,2022-09-05,36,71.3,michael.wilson@company.com,(625) 330-5718,Inactive
EMP003183,Christopher,Gonzalez,Christopher Gonzalez,54,Marketing,Coordinator,Chicago,82233.46,1617.52,2021-06-19,31,81.5,christopher.gonzalez@company.com,(808) 357-1541,Active
EMP003184,Lisa,Davis,Lisa Davis,42,Engineering,Specialist,San Francisco,105535.09,8854.35,2024-08-27,20,97.7,lisa.davis@company.com,(844) 260-2642,Active
EMP003185,David,Anderson,David Anderson,23,HR,Senior Developer,San Francisco,72369.58,707.95,2024-03-20,0,63.1,david.anderson@company.com,(671) 388-3986,Active
EMP003186,Michael,Rodriguez,Michael Rodriguez,27,Legal,Associate,Boston,102243.83,10783.28,2023-03-16,1,100.0,michael.rodriguez@company.com,(213) 211-2077,Active
EMP003187,David,Martin,David Martin,29,HR,Coordinator,Austin,73784.15,11263.44,2023-06-04,2,73.2,david.martin@company.com,(740) 954-5471,Active
EMP003188,Ashley,Garcia,Ashley Garcia,38,Marketing,Coordinator,Austin,71823.41,15029.15,2023-06-16,10,80.8,ashley.garcia@company.com,(627) 900-7806,Inactive
EMP003189,Melissa,Thomas,Melissa Thomas,43,Sales,Director,Boston,77678.53,7856.44,2024-11-02,19,100.0,melissa.thomas@company.com,(809) 220-3765,Active
EMP003190,Emily,Martinez,Emily Martinez,51,Legal,Associate,Austin,86049.36,9085.89,2021-10-26,22,85.2,emily.martinez@company.com,(210) 243-4322,Active
EMP003191,Anthony,Smith,Anthony Smith,44,Engineering,Associate,New York,130440.42,14598.07,2021-09-07,18,83.4,anthony.smith@company.com,(664) 616-2106,Inactive
EMP003192,Ashley,Martinez,Ashley Martinez,52,Marketing,Lead,Miami,102588.11,2467.32,2021-05-25,24,72.8,ashley.martinez@company.com,(955) 922-6322,Active
EMP003193,Jane,Martinez,Jane Martinez,64,Marketing,Senior Developer,Austin,53352.99,9613.76,2022-03-31,42,81.4,jane.martinez@company.com,(834) 704-3352,Active
EMP003194,Jane,Wilson,Jane Wilson,22,Legal,Specialist,Boston,90759.31,9197.68,2023-03-15,0,79.4,jane.wilson@company.com,(430) 836-4218,Active
EMP003195,Jessica,Jackson,Jessica Jackson,35,IT,Specialist,New York,116326.86,10814.08,2021-10-16,12,73.5,jessica.jackson@company.com,(417) 957-4001,Active
EMP003196,Amanda,Garcia,Amanda Garcia,24,Legal,Coordinator,Austin,74381.93,7624.13,2022-07-24,0,100.0,amanda.garcia@company.com,(402) 454-9371,Active
EMP003197,Jessica,Davis,Jessica Davis,64,Engineering,Director,Miami,129214.78,19632.09,2021-07-21,37,69.6,jessica.davis@company.com,(548) 454-4411,Active
EMP003198,Jessica,Wilson,Jessica Wilson,55,Finance,Analyst,San Francisco,89111.43,6877.19,2020-11-08,28,93.0,jessica.wilson@company.com,(500) 976-8793,Inactive
EMP003199,John,Jackson,John Jackson,49,Operations,Lead,Austin,52209.48,8769.59,2020-11-18,23,78.2,john.jackson@company.com,(256) 447-4770,Active
EMP003200,James,Williams,James Williams,40,IT,Analyst,New York,61808.19,2623.85,2021-05-24,15,78.3,james.williams@company.com,(335) 534-2570,Active
EMP003201,Melissa,Williams,Melissa Williams,39,Operations,Coordinator,Boston,62568.74,9693.02,2022-12-30,10,99.2,melissa.williams@company.com,(710) 255-5370,Active
EMP003202,Jane,Rodriguez,Jane Rodriguez,53,Marketing,Specialist,Chicago,71486.3,6912.93,2021-11-29,31,73.0,jane.rodriguez@company.com,(602) 512-2166,Active
EMP003203,Lisa,Garcia,Lisa Garcia,23,Operations,Senior Developer,Boston,56043.49,8118.84,2020-09-26,0,50.7,lisa.garcia@company.com,(528) 438-9367,Active
EMP003204,Jane,Thomas,Jane Thomas,58,Sales,Director,San Francisco,90652.38,5604.4,2024-08-11,31,66.7,jane.thomas@company.com,(950) 553-1349,Active
EMP003205,Jessica,Martinez,Jessica Martinez,46,Finance,Lead,San Francisco,58323.44,3655.01,2020-08-13,19,80.3,jessica.martinez@company.com,(541) 908-9146,Inactive
EMP003206,James,Lopez,James Lopez,39,Legal,Associate,San Francisco,80709.36,11649.68,2022-06-04,10,80.2,james.lopez@company.com,(436) 377-9436,Active
EMP003207,David,Rodriguez,David Rodriguez,63,IT,Manager,Austin,112915.51,16581.79,2024-09-16,36,78.2,david.rodriguez@company.com,(640) 323-7725,Active
EMP003208,Michael,Moore,Michael Moore,40,Operations,Director,Los Angeles,57831.39,4340.2,2021-10-09,13,48.9,michael.moore@company.com,(334) 209-1012,Active
EMP003209,Michael,Hernandez,Michael Hernandez,41,Engineering,Analyst,Seattle,142339.22,14626.79,2020-04-22,15,85.9,michael.hernandez@company.com,(521) 821-7314,Active
EMP003210,Amanda,Wilson,Amanda Wilson,22,Legal,Senior Developer,Miami,60826.74,9454.53,2021-09-18,0,64.7,amanda.wilson@company.com,(394) 902-4535,Active
EMP003211,Stephanie,Smith,Stephanie Smith,53,Engineering,Senior Developer,New York,121301.43,3720.99,2020-03-31,29,88.5,stephanie.smith@company.com,(280) 491-7841,Active
EMP003212,Jane,Miller,Jane Miller,57,Marketing,Senior Developer,Miami,73855.23,15118.44,2023-01-06,32,68.3,jane.miller@company.com,(808) 412-1626,Active
EMP003213,Christopher,Brown,Christopher Brown,38,IT,Senior Developer,Austin,66335.76,6094.87,2022-04-14,13,63.5,christopher.brown@company.com,(720) 684-9776,Active
EMP003214,Michael,Taylor,Michael Taylor,25,Operations,Manager,Los Angeles,54076.54,11764.32,2021-12-18,3,99.5,michael.taylor@company.com,(842) 236-7255,Active
EMP003215,Christopher,Moore,Christopher Moore,47,Marketing,Lead,Los Angeles,96586.84,4916.33,2020-12-26,23,69.3,christopher.moore@company.com,(736) 235-1197,Active
EMP003216,David,Thomas,David Thomas,64,Marketing,Senior Developer,New York,84893.08,4492.82,2023-10-10,35,100.0,david.thomas@company.com,(884) 497-8330,Active
EMP003217,Robert,Anderson,Robert Anderson,54,HR,Associate,Boston,73226.06,4670.18,2021-08-02,32,60.2,robert.anderson@company.com,(218) 677-9450,Active
EMP003218,John,Moore,John Moore,36,HR,Associate,New York,35013.27,3410.8,2023-05-21,7,60.6,john.moore@company.com,(654) 732-7082,Active
EMP003219,William,Lopez,William Lopez,51,Finance,Associate,Austin,72337.68,4362.87,2022-08-03,24,95.4,william.lopez@company.com,(281) 466-7349,Active
EMP003220,Anthony,Johnson,Anthony Johnson,48,IT,Associate,Los Angeles,102523.89,9304.68,2022-07-09,20,68.9,anthony.johnson@company.com,(581) 270-6531,Active
EMP003221,Sarah,Williams,Sarah Williams,63,IT,Coordinator,Seattle,111967.53,5982.57,2022-06-01,38,54.1,sarah.williams@company.com,(246) 559-6987,Active
EMP003222,Robert,Martinez,Robert Martinez,47,HR,Manager,San Francisco,63409.23,5449.35,2023-07-05,24,92.9,robert.martinez@company.com,(871) 649-4432,Active
EMP003223,David,Smith,David Smith,48,Engineering,Coordinator,Chicago,127748.03,13707.43,2022-12-19,19,69.6,david.smith@company.com,(554) 638-6427,Active
EMP003224,Robert,Davis,Robert Davis,22,Legal,Lead,Miami,63972.28,4758.88,2024-06-15,0,83.8,robert.davis@company.com,(447) 218-4277,Active
EMP003225,Melissa,Moore,Melissa Moore,27,Legal,Analyst,San Francisco,90865.66,3718.37,2024-09-15,2,81.4,melissa.moore@company.com,(625) 310-7081,Active
EMP003226,Melissa,Jones,Melissa Jones,43,Engineering,Analyst,San Francisco,101012.52,9884.48,2021-06-21,16,67.1,melissa.jones@company.com,(880) 258-3269,On Leave
EMP003227,Ashley,Hernandez,Ashley Hernandez,27,Operations,Manager,New York,56796.26,7346.03,2021-12-01,1,85.8,ashley.hernandez@company.com,(502) 804-1513,Active
EMP003228,Jane,Jackson,Jane Jackson,62,HR,Associate,Miami,77007.95,15368.53,2023-07-16,40,87.2,jane.jackson@company.com,(669) 442-9526,Active
EMP003229,David,Martinez,David Martinez,35,IT,Associate,San Francisco,84902.18,9298.16,2021-03-15,10,84.3,david.martinez@company.com,(213) 407-5621,Active
EMP003230,Jessica,Johnson,Jessica Johnson,22,Engineering,Senior Developer,New York,80292.45,5892.9,2021-08-19,0,77.4,jessica.johnson@company.com,(428) 520-3578,Active
EMP003231,Lisa,Davis,Lisa Davis,32,Engineering,Specialist,Miami,98954.48,10678.4,2020-08-05,4,85.8,lisa.davis@company.com,(648) 781-7762,Active
EMP003232,William,Wilson,William Wilson,47,IT,Lead,Chicago,74781.51,10028.31,2023-11-20,23,53.1,william.wilson@company.com,(399) 567-2634,Active
EMP003233,Christopher,Garcia,Christopher Garcia,62,Marketing,Analyst,Boston,100755.8,0.0,2022-07-15,35,100.0,christopher.garcia@company.com,(996) 535-7622,Active
EMP003234,Emily,Jones,Emily Jones,65,HR,Analyst,New York,81623.5,6244.47,2021-04-04,36,76.6,emily.jones@company.com,(493) 239-7099,Active
EMP003235,Daniel,Anderson,Daniel Anderson,59,Sales,Coordinator,Chicago,81667.95,7074.01,2020-06-10,37,89.2,daniel.anderson@company.com,(875) 577-9497,Active
EMP003236,Jane,Rodriguez,Jane Rodriguez,34,Sales,Manager,Chicago,48100.31,5557.12,2021-11-20,6,70.0,jane.rodriguez@company.com,(271) 622-7595,Active
EMP003237,Nicole,Brown,Nicole Brown,25,Marketing,Analyst,Austin,43085.94,2530.47,2022-09-26,0,89.6,nicole.brown@company.com,(739) 766-5815,Active
EMP003238,Melissa,Martin,Melissa Martin,47,Engineering,Director,Los Angeles,90867.38,10534.33,2022-05-02,23,88.0,melissa.martin@company.com,(284) 534-3302,Active
EMP003239,Lisa,Hernandez,Lisa Hernandez,31,Finance,Specialist,Seattle,89776.34,0.0,2020-11-14,4,84.7,lisa.hernandez@company.com,(215) 348-3622,Active
EMP003240,William,Moore,William Moore,38,Marketing,Associate,Seattle,50848.48,7250.02,2021-01-26,15,68.4,william.moore@company.com,(941) 272-5002,Inactive
EMP003241,Jessica,Anderson,Jessica Anderson,49,Sales,Coordinator,Seattle,57184.14,4362.69,2020-03-26,27,50.2,jessica.anderson@company.com,(431) 275-2800,Inactive
EMP003242,Jane,Jones,Jane Jones,52,IT,Senior Developer,Los Angeles,128698.96,21161.84,2021-06-23,23,91.2,jane.jones@company.com,(324) 818-5072,Active
EMP003243,Stephanie,Smith,Stephanie Smith,60,IT,Manager,San Francisco,73263.03,13762.72,2021-06-24,31,56.6,stephanie.smith@company.com,(665) 294-9214,Active
EMP003244,Sarah,Brown,Sarah Brown,47,Marketing,Associate,Boston,84757.81,12873.02,2023-09-09,18,67.7,sarah.brown@company.com,(892) 813-3343,Inactive
EMP003245,Melissa,Wilson,Melissa Wilson,46,HR,Senior Developer,Seattle,67225.52,5092.87,2020-04-02,19,79.0,melissa.wilson@company.com,(425) 468-2286,Active
EMP003246,Robert,Williams,Robert Williams,32,Sales,Senior Developer,San Francisco,57309.28,8599.35,2021-10-01,5,77.0,robert.williams@company.com,(209) 550-2407,Active
EMP003247,Jessica,Garcia,Jessica Garcia,61,Operations,Lead,San Francisco,78873.11,2674.48,2024-11-24,33,82.6,jessica.garcia@company.com,(801) 884-1036,Active
EMP003248,Daniel,Johnson,Daniel Johnson,58,Operations,Manager,Los Angeles,71527.97,10493.48,2023-03-18,31,84.8,daniel.johnson@company.com,(962) 481-1782,Active
EMP003249,Christopher,Anderson,Christopher Anderson,55,Sales,Lead,Seattle,91927.69,10534.71,2022-12-14,30,67.3,christopher.anderson@company.com,(417) 270-1356,Active
EMP003250,William,Lopez,William Lopez,25,IT,Coordinator,Seattle,68497.3,6226.88,2022-08-28,1,79.2,william.lopez@company.com,(328) 982-3498,Active
EMP003251,Melissa,Martin,Melissa Martin,30,Finance,Lead,New York,54415.22,4463.98,2024-01-26,7,100.0,melissa.martin@company.com,(474) 227-4645,Active
EMP003252,Daniel,Rodriguez,Daniel Rodriguez,60,Finance,Manager,Miami,92553.04,871.67,2023-05-22,32,57.5,daniel.rodriguez@company.com,(435) 452-2745,Active
EMP003253,Christopher,Martin,Christopher Martin,60,Finance,Analyst,San Francisco,84805.51,7490.38,2024-07-28,34,65.9,christopher.martin@company.com,(845) 614-5922,Active
EMP003254,Christopher,Smith,Christopher Smith,57,HR,Associate,Chicago,75817.1,9661.32,2024-04-03,32,66.5,christopher.smith@company.com,(661) 559-4829,Inactive
EMP003255,Nicole,Johnson,Nicole Johnson,30,Operations,Associate,Miami,54129.2,6298.14,2021-05-09,3,76.2,nicole.johnson@company.com,(289) 901-1593,Active
EMP003256,Nicole,Martin,Nicole Martin,55,IT,Specialist,Boston,103583.67,1165.12,2022-04-13,30,82.5,nicole.martin@company.com,(296) 369-6277,Active
EMP003257,Jane,Gonzalez,Jane Gonzalez,65,Finance,Manager,New York,104807.75,3808.65,2021-07-29,40,62.1,jane.gonzalez@company.com,(651) 497-9536,Active
EMP003258,Lisa,Martinez,Lisa Martinez,43,IT,Specialist,Seattle,65559.6,3778.04,2022-11-24,20,49.9,lisa.martinez@company.com,(271) 678-1198,Inactive
EMP003259,Jessica,Gonzalez,Jessica Gonzalez,38,Sales,Manager,New York,94998.96,4623.07,2024-12-31,13,71.7,jessica.gonzalez@company.com,(666) 679-1064,Active
EMP003260,Daniel,Thomas,Daniel Thomas,23,HR,Coordinator,Miami,54860.61,11245.38,2023-03-21,0,76.3,daniel.thomas@company.com,(517) 809-4232,Active
EMP003261,Jane,Anderson,Jane Anderson,38,Sales,Senior Developer,San Francisco,43304.09,4591.9,2022-06-24,11,65.5,jane.anderson@company.com,(309) 787-7932,Active
EMP003262,Jane,Rodriguez,Jane Rodriguez,59,Engineering,Senior Developer,Chicago,100898.23,6200.2,2021-07-02,34,55.0,jane.rodriguez@company.com,(493) 500-2411,Inactive
EMP003263,Amanda,Hernandez,Amanda Hernandez,52,IT,Specialist,Miami,114827.52,7739.65,2021-04-10,23,70.4,amanda.hernandez@company.com,(437) 438-9503,Active
EMP003264,Anthony,Wilson,Anthony Wilson,42,Operations,Analyst,Boston,61284.64,1471.54,2021-04-13,20,58.7,anthony.wilson@company.com,(781) 311-8865,Active
EMP003265,John,Miller,John Miller,47,HR,Director,Boston,65973.32,15740.54,2020-01-03,23,73.9,john.miller@company.com,(975) 256-6097,Active
EMP003266,Anthony,Jackson,Anthony Jackson,34,Marketing,Associate,Los Angeles,39116.6,3541.45,2021-12-13,9,59.9,anthony.jackson@company.com,(419) 936-7322,Active
EMP003267,Lisa,Thomas,Lisa Thomas,35,Legal,Senior Developer,Austin,86322.93,3570.45,2022-07-19,10,58.4,lisa.thomas@company.com,(421) 781-5971,Active
EMP003268,David,Rodriguez,David Rodriguez,48,Legal,Director,Chicago,122464.52,13828.38,2024-06-11,21,59.3,david.rodriguez@company.com,(964) 773-6717,Active
EMP003269,Christopher,Hernandez,Christopher Hernandez,27,HR,Lead,Chicago,51116.2,4649.95,2023-09-11,0,56.9,christopher.hernandez@company.com,(597) 766-8425,Active
EMP003270,William,Williams,William Williams,43,HR,Director,Seattle,78103.54,3748.56,2024-06-08,15,56.0,william.williams@company.com,(327) 983-8890,Inactive
EMP003271,Christopher,Anderson,Christopher Anderson,52,Engineering,Manager,Los Angeles,62882.9,9253.72,2022-01-18,25,82.1,christopher.anderson@company.com,(572) 772-2659,Active
EMP003272,Jessica,Hernandez,Jessica Hernandez,53,Legal,Senior Developer,Chicago,102833.67,5086.56,2024-12-08,30,62.7,jessica.hernandez@company.com,(934) 324-7366,Active
EMP003273,John,Gonzalez,John Gonzalez,32,HR,Specialist,Boston,60481.24,6330.75,2022-03-16,5,39.9,john.gonzalez@company.com,(509) 610-4418,Active
EMP003274,Nicole,Martin,Nicole Martin,53,Legal,Senior Developer,New York,110350.83,4482.41,2021-08-29,26,94.5,nicole.martin@company.com,(878) 843-6368,Active
EMP003275,John,Davis,John Davis,46,HR,Analyst,Seattle,80198.2,6885.48,2022-08-31,18,60.4,john.davis@company.com,(912) 301-9863,On Leave
EMP003276,Christopher,Jackson,Christopher Jackson,54,Marketing,Coordinator,Boston,85277.77,17556.64,2020-09-15,29,57.0,christopher.jackson@company.com,(818) 864-1897,Active
EMP003277,Lisa,Garcia,Lisa Garcia,30,IT,Manager,New York,86679.4,4865.97,2020-04-08,4,81.9,lisa.garcia@company.com,(882) 282-2820,Active
EMP003278,Jane,Williams,Jane Williams,31,Operations,Senior Developer,Los Angeles,41611.62,6335.33,2022-04-30,4,91.4,jane.williams@company.com,(272) 799-8531,Active
EMP003279,William,Rodriguez,William Rodriguez,58,Sales,Senior Developer,Chicago,64547.14,5261.87,2024-10-17,35,65.6,william.rodriguez@company.com,(436) 201-1768,Active
EMP003280,Nicole,Taylor,Nicole Taylor,49,Marketing,Specialist,Austin,86613.78,7388.18,2023-09-25,26,91.7,nicole.taylor@company.com,(584) 786-1839,Active
EMP003281,Nicole,Gonzalez,Nicole Gonzalez,36,Legal,Director,Chicago,120113.46,7114.82,2023-10-12,12,75.3,nicole.gonzalez@company.com,(423) 275-2005,Active
EMP003282,William,Taylor,William Taylor,24,Sales,Lead,Miami,71393.85,5337.87,2023-07-10,0,81.1,william.taylor@company.com,(450) 843-7761,Inactive
EMP003283,Amanda,Hernandez,Amanda Hernandez,26,IT,Analyst,San Francisco,45311.26,4456.87,2020-09-15,0,58.6,amanda.hernandez@company.com,(273) 990-9688,Active
EMP003284,David,Smith,David Smith,33,IT,Senior Developer,Austin,65922.31,6935.88,2022-12-13,6,95.2,david.smith@company.com,(944) 607-5709,Active
EMP003285,Christopher,Williams,Christopher Williams,49,HR,Analyst,New York,61002.93,9655.59,2021-01-23,26,72.3,christopher.williams@company.com,(623) 468-2906,Active
EMP003286,Stephanie,Martin,Stephanie Martin,25,HR,Director,Los Angeles,47916.9,7558.24,2021-10-10,1,78.9,stephanie.martin@company.com,(840) 824-2083,Active
EMP003287,Daniel,Wilson,Daniel Wilson,27,Finance,Director,New York,88168.39,15058.88,2020-10-28,3,66.8,daniel.wilson@company.com,(430) 791-2109,Active
EMP003288,Jessica,Garcia,Jessica Garcia,35,Operations,Analyst,Chicago,48669.18,4883.76,2024-12-18,11,79.9,jessica.garcia@company.com,(850) 611-8441,Inactive
EMP003289,Emily,Gonzalez,Emily Gonzalez,44,HR,Specialist,Miami,45931.46,4900.55,2023-05-24,22,61.2,emily.gonzalez@company.com,(839) 781-6257,Active
EMP003290,Emily,Garcia,Emily Garcia,42,Operations,Associate,Chicago,67704.38,4438.14,2024-04-08,14,69.4,emily.garcia@company.com,(463) 464-5936,Active
EMP003291,William,Davis,William Davis,37,IT,Senior Developer,Los Angeles,102931.67,6592.44,2024-11-21,12,60.0,william.davis@company.com,(318) 276-6064,Active
EMP003292,Jessica,Davis,Jessica Davis,25,Engineering,Specialist,Los Angeles,76739.4,975.6,2020-02-19,2,93.4,jessica.davis@company.com,(819) 924-9515,Active
EMP003293,Nicole,Thomas,Nicole Thomas,22,Legal,Coordinator,San Francisco,65600.54,1961.93,2021-10-11,0,71.2,nicole.thomas@company.com,(919) 556-1914,Active
EMP003294,Christopher,Garcia,Christopher Garcia,52,Legal,Manager,Miami,108969.06,6925.86,2020-12-17,24,100.0,christopher.garcia@company.com,(564) 790-2605,Active
EMP003295,John,Rodriguez,John Rodriguez,27,IT,Lead,Austin,77423.66,3244.49,2020-12-10,4,80.6,john.rodriguez@company.com,(319) 622-3925,Inactive
EMP003296,Christopher,Gonzalez,Christopher Gonzalez,33,Engineering,Analyst,Austin,68288.05,8732.86,2021-01-24,4,75.4,christopher.gonzalez@company.com,(531) 720-5865,Active
EMP003297,John,Garcia,John Garcia,27,Operations,Lead,Boston,67092.51,12539.27,2022-08-17,4,82.6,john.garcia@company.com,(988) 432-8460,On Leave
EMP003298,Anthony,Miller,Anthony Miller,65,Operations,Coordinator,Miami,65767.49,8078.03,2024-04-12,37,74.6,anthony.miller@company.com,(554) 269-3392,Active
EMP003299,Daniel,Rodriguez,Daniel Rodriguez,60,Sales,Senior Developer,San Francisco,67592.59,7712.14,2022-09-08,37,46.7,daniel.rodriguez@company.com,(891) 421-7414,On Leave
EMP003300,Daniel,Smith,Daniel Smith,51,HR,Analyst,Los Angeles,94047.39,0.0,2021-12-28,28,81.8,daniel.smith@company.com,(602) 868-8586,Inactive
EMP003301,Sarah,Brown,Sarah Brown,46,Marketing,Specialist,Boston,44318.01,3605.14,2024-02-04,19,79.7,sarah.brown@company.com,(364) 410-4407,Active
EMP003302,John,Moore,John Moore,63,Engineering,Associate,Boston,96359.74,2907.05,2021-05-25,41,92.9,john.moore@company.com,(232) 960-9325,Active
EMP003303,Anthony,Garcia,Anthony Garcia,32,Finance,Lead,Chicago,79823.71,9892.52,2021-04-02,8,92.3,anthony.garcia@company.com,(375) 313-1644,Inactive
EMP003304,Matthew,Taylor,Matthew Taylor,64,HR,Analyst,San Francisco,72725.5,2929.17,2023-07-27,37,59.4,matthew.taylor@company.com,(651) 435-7992,On Leave
EMP003305,Ashley,Moore,Ashley Moore,54,Operations,Analyst,Chicago,74314.66,5665.44,2020-01-06,26,81.8,ashley.moore@company.com,(683) 336-1107,Active
EMP003306,Daniel,Smith,Daniel Smith,58,Finance,Lead,Chicago,81342.61,8329.41,2021-06-02,30,100.0,daniel.smith@company.com,(889) 271-8157,Active
EMP003307,Emily,Thomas,Emily Thomas,60,IT,Associate,Austin,123958.71,11921.35,2021-10-30,38,83.0,emily.thomas@company.com,(267) 360-6361,Active
EMP003308,Michael,Smith,Michael Smith,48,Engineering,Senior Developer,Boston,84047.47,2064.78,2020-03-07,22,55.0,michael.smith@company.com,(725) 317-5973,Active
EMP003309,William,Jones,William Jones,57,Marketing,Analyst,Los Angeles,69881.22,1486.8,2021-03-01,28,100.0,william.jones@company.com,(906) 248-1210,Active
EMP003310,John,Anderson,John Anderson,40,Marketing,Director,Chicago,88997.2,13459.32,2021-10-21,18,59.3,john.anderson@company.com,(239) 357-9666,Active
EMP003311,Robert,Rodriguez,Robert Rodriguez,44,Marketing,Director,Seattle,64867.48,13516.31,2022-07-24,21,53.2,robert.rodriguez@company.com,(538) 409-2879,On Leave
EMP003312,Anthony,Jones,Anthony Jones,34,Engineering,Associate,San Francisco,108822.91,3477.14,2023-12-23,5,73.1,anthony.jones@company.com,(605) 426-3031,Active
EMP003313,Stephanie,Martin,Stephanie Martin,59,IT,Specialist,Miami,60652.66,6349.2,2020-01-19,34,61.5,stephanie.martin@company.com,(454) 411-1023,Active
EMP003314,William,Rodriguez,William Rodriguez,37,Sales,Associate,New York,60844.58,3079.17,2020-07-22,14,66.8,william.rodriguez@company.com,(646) 600-5323,Active
EMP003315,John,Smith,John Smith,32,Finance,Coordinator,Seattle,73899.66,4972.27,2023-02-05,6,83.8,john.smith@company.com,(228) 302-6393,Active
EMP003316,Sarah,Thomas,Sarah Thomas,61,IT,Analyst,Seattle,98340.35,11248.31,2023-04-03,32,59.2,sarah.thomas@company.com,(622) 909-3784,Active
EMP003317,Anthony,Jones,Anthony Jones,38,Finance,Senior Developer,San Francisco,70519.56,8161.8,2022-01-04,13,86.0,anthony.jones@company.com,(206) 525-1297,Active
EMP003318,Stephanie,Martin,Stephanie Martin,31,IT,Director,San Francisco,58836.21,3461.23,2020-09-07,6,71.8,stephanie.martin@company.com,(537) 366-6429,Active
EMP003319,Jessica,Garcia,Jessica Garcia,54,Marketing,Coordinator,New York,83320.42,10368.51,2022-10-27,27,69.8,jessica.garcia@company.com,(761) 397-8471,Active
EMP003320,Ashley,Davis,Ashley Davis,49,Operations,Manager,Seattle,80868.86,13004.38,2023-12-03,27,74.6,ashley.davis@company.com,(930) 513-9141,On Leave
EMP003321,Emily,Hernandez,Emily Hernandez,65,HR,Manager,Boston,74995.33,7278.15,2024-04-29,39,67.4,emily.hernandez@company.com,(309) 289-2897,Inactive
EMP003322,Emily,Hernandez,Emily Hernandez,48,Operations,Analyst,Los Angeles,63187.16,10885.67,2022-08-06,20,98.9,emily.hernandez@company.com,(656) 921-9901,Active
EMP003323,Emily,Gonzalez,Emily Gonzalez,31,Engineering,Senior Developer,Austin,74801.43,2851.27,2022-06-30,6,100.0,emily.gonzalez@company.com,(482) 744-1306,On Leave
EMP003324,John,Rodriguez,John Rodriguez,53,Operations,Lead,New York,78398.48,14114.45,2020-08-29,30,53.6,john.rodriguez@company.com,(756) 642-2104,Active
EMP003325,Ashley,Jones,Ashley Jones,44,Marketing,Coordinator,Austin,99581.24,13184.94,2023-12-09,20,69.8,ashley.jones@company.com,(536) 908-5833,Active
EMP003326,Amanda,Martin,Amanda Martin,53,Marketing,Coordinator,New York,98371.14,9819.32,2024-02-17,24,84.0,amanda.martin@company.com,(561) 777-7664,Active
EMP003327,Daniel,Thomas,Daniel Thomas,55,Sales,Director,San Francisco,89670.74,5759.58,2024-05-27,30,69.3,daniel.thomas@company.com,(659) 806-9982,Active
EMP003328,Ashley,Hernandez,Ashley Hernandez,39,Legal,Analyst,Los Angeles,93072.06,5767.25,2022-06-24,13,72.1,ashley.hernandez@company.com,(456) 532-2705,Active
EMP003329,Christopher,Smith,Christopher Smith,32,Operations,Manager,Miami,62152.39,11878.16,2024-06-22,5,86.1,christopher.smith@company.com,(974) 311-6711,Active
EMP003330,Emily,Garcia,Emily Garcia,33,Sales,Director,Austin,65321.12,8194.68,2022-02-15,4,66.2,emily.garcia@company.com,(926) 734-7159,Active
EMP003331,Matthew,Miller,Matthew Miller,48,Finance,Associate,Miami,106972.32,8630.74,2023-10-26,25,91.9,matthew.miller@company.com,(966) 272-3128,Active
EMP003332,Anthony,Taylor,Anthony Taylor,35,HR,Lead,New York,70420.52,1941.4,2021-07-29,11,73.2,anthony.taylor@company.com,(599) 308-2914,Active
EMP003333,Anthony,Martin,Anthony Martin,26,Legal,Lead,Chicago,85004.89,6663.87,2020-08-03,3,55.6,anthony.martin@company.com,(848) 536-7454,Inactive
EMP003334,Jessica,Miller,Jessica Miller,50,Legal,Analyst,Boston,145767.32,19227.03,2022-11-17,27,87.5,jessica.miller@company.com,(574) 951-9390,Active
EMP003335,Sarah,Moore,Sarah Moore,57,Finance,Lead,Austin,102771.89,5831.23,2022-03-21,33,71.8,sarah.moore@company.com,(913) 448-1838,Active
EMP003336,Anthony,Smith,Anthony Smith,54,Engineering,Director,Miami,93179.02,11505.96,2022-10-13,29,87.7,anthony.smith@company.com,(801) 491-5869,Active
EMP003337,James,Anderson,James Anderson,44,Finance,Specialist,Seattle,104926.94,13124.75,2020-08-13,16,84.3,james.anderson@company.com,(244) 662-7602,Active
EMP003338,Emily,Wilson,Emily Wilson,46,Marketing,Coordinator,Los Angeles,65487.96,11235.22,2021-08-06,24,75.4,emily.wilson@company.com,(869) 437-5877,Active
EMP003339,Amanda,Jackson,Amanda Jackson,41,Sales,Manager,Los Angeles,87118.69,11091.02,2024-06-27,15,80.5,amanda.jackson@company.com,(951) 465-5087,Active
EMP003340,Matthew,Miller,Matthew Miller,63,Operations,Lead,New York,68906.3,11220.97,2024-07-21,40,77.1,matthew.miller@company.com,(820) 920-8031,Active
EMP003341,James,Anderson,James Anderson,44,HR,Coordinator,Miami,68636.6,4765.95,2022-05-03,16,76.5,james.anderson@company.com,(881) 765-2180,Active
EMP003342,Matthew,Martinez,Matthew Martinez,64,HR,Manager,Seattle,92126.51,7877.07,2022-09-28,36,100.0,matthew.martinez@company.com,(910) 415-1930,On Leave
EMP003343,Sarah,Anderson,Sarah Anderson,61,Legal,Senior Developer,Los Angeles,127842.09,11685.28,2024-12-07,35,72.5,sarah.anderson@company.com,(902) 852-4167,Active
EMP003344,John,Smith,John Smith,59,Legal,Associate,Austin,142153.52,15144.84,2023-04-10,30,96.0,john.smith@company.com,(360) 352-4125,Active
EMP003345,Matthew,Hernandez,Matthew Hernandez,39,Finance,Director,New York,51840.73,322.48,2021-01-22,17,77.5,matthew.hernandez@company.com,(618) 795-6571,Active
EMP003346,Nicole,Hernandez,Nicole Hernandez,25,Engineering,Director,Chicago,99651.59,11288.57,2020-06-27,0,67.3,nicole.hernandez@company.com,(983) 341-7432,Active
EMP003347,Emily,Anderson,Emily Anderson,55,HR,Coordinator,Boston,72941.51,3856.41,2024-07-14,28,61.6,emily.anderson@company.com,(321) 491-8380,Active
EMP003348,Lisa,Johnson,Lisa Johnson,44,HR,Analyst,Chicago,46511.18,5953.19,2021-05-18,21,61.7,lisa.johnson@company.com,(474) 693-8983,Active
EMP003349,Stephanie,Martin,Stephanie Martin,27,Operations,Director,New York,68855.35,7043.25,2023-12-25,3,51.5,stephanie.martin@company.com,(565) 521-7031,Active
EMP003350,Daniel,Johnson,Daniel Johnson,57,Marketing,Manager,New York,97791.74,15905.28,2022-04-21,31,60.0,daniel.johnson@company.com,(316) 681-5120,Active
EMP003351,Stephanie,Martinez,Stephanie Martinez,60,Finance,Specialist,Boston,93203.81,9642.88,2024-06-25,35,71.5,stephanie.martinez@company.com,(681) 601-2821,Active
EMP003352,Sarah,Moore,Sarah Moore,38,HR,Analyst,San Francisco,36808.95,4663.9,2022-09-05,13,88.1,sarah.moore@company.com,(893) 949-1233,Active
EMP003353,James,Smith,James Smith,30,Legal,Senior Developer,Los Angeles,78819.18,8679.38,2020-11-11,8,82.2,james.smith@company.com,(372) 353-9864,Active
EMP003354,John,Lopez,John Lopez,27,IT,Specialist,Seattle,51005.35,7972.74,2022-05-08,0,92.4,john.lopez@company.com,(770) 911-6778,Active
EMP003355,John,Rodriguez,John Rodriguez,50,Operations,Coordinator,Boston,83424.8,11661.3,2024-07-19,28,47.8,john.rodriguez@company.com,(548) 794-6455,Active
EMP003356,Stephanie,Miller,Stephanie Miller,65,Operations,Manager,Los Angeles,47291.73,4947.71,2022-10-20,38,95.1,stephanie.miller@company.com,(710) 698-9829,Active
EMP003357,Ashley,Miller,Ashley Miller,37,HR,Lead,Chicago,43253.18,4119.33,2022-04-19,10,77.0,ashley.miller@company.com,(396) 790-2011,Active
EMP003358,Stephanie,Johnson,Stephanie Johnson,29,Engineering,Director,Chicago,93888.12,7392.96,2022-03-30,1,79.6,stephanie.johnson@company.com,(779) 586-3328,Inactive
EMP003359,Stephanie,Jackson,Stephanie Jackson,25,Engineering,Analyst,Chicago,72867.27,11601.56,2020-11-02,0,82.4,stephanie.jackson@company.com,(263) 777-8276,Active
EMP003360,James,Smith,James Smith,25,IT,Lead,San Francisco,76620.95,2495.11,2024-05-02,0,81.8,james.smith@company.com,(820) 238-8072,Active
EMP003361,Daniel,Smith,Daniel Smith,58,Sales,Senior Developer,Boston,76882.99,9793.07,2020-12-19,34,60.1,daniel.smith@company.com,(239) 257-4394,Active
EMP003362,Robert,Rodriguez,Robert Rodriguez,35,Finance,Lead,New York,86772.24,8195.1,2022-06-12,8,76.1,robert.rodriguez@company.com,(813) 687-3680,Inactive
EMP003363,Christopher,Garcia,Christopher Garcia,61,Sales,Director,Austin,89995.38,9706.45,2024-03-26,39,90.2,christopher.garcia@company.com,(902) 436-2188,Active
EMP003364,Emily,Jackson,Emily Jackson,23,IT,Senior Developer,Chicago,71316.25,6470.55,2020-01-06,0,88.9,emily.jackson@company.com,(545) 429-1407,Active
EMP003365,Emily,Garcia,Emily Garcia,54,IT,Manager,New York,82617.12,566.49,2023-02-19,27,94.7,emily.garcia@company.com,(328) 348-9370,Active
EMP003366,Daniel,Anderson,Daniel Anderson,51,Finance,Lead,Chicago,80056.26,3549.43,2024-05-15,29,45.5,daniel.anderson@company.com,(255) 523-5687,Active
EMP003367,James,Thomas,James Thomas,48,Legal,Analyst,Chicago,83973.72,8690.81,2020-05-07,20,76.5,james.thomas@company.com,(609) 398-3469,Active
EMP003368,Matthew,Smith,Matthew Smith,41,Sales,Associate,Chicago,90421.97,10719.48,2023-03-27,13,68.8,matthew.smith@company.com,(766) 254-5769,Active
EMP003369,Stephanie,Lopez,Stephanie Lopez,37,Operations,Specialist,Chicago,65114.67,8442.5,2022-10-02,9,77.7,stephanie.lopez@company.com,(618) 213-7831,Active
EMP003370,John,Wilson,John Wilson,64,Finance,Analyst,Miami,112863.33,16489.4,2023-11-23,39,62.8,john.wilson@company.com,(842) 463-6613,Active
EMP003371,Daniel,Miller,Daniel Miller,23,Legal,Specialist,Miami,89121.61,11405.04,2022-08-19,0,80.4,daniel.miller@company.com,(706) 760-9787,Active
EMP003372,Daniel,Smith,Daniel Smith,33,Finance,Coordinator,Los Angeles,50665.8,7661.03,2022-09-07,11,80.4,daniel.smith@company.com,(679) 669-1866,On Leave
EMP003373,Michael,Jones,Michael Jones,41,Legal,Specialist,Chicago,115067.7,14807.69,2020-11-13,18,100.0,michael.jones@company.com,(608) 734-2004,Active
EMP003374,David,Taylor,David Taylor,49,Marketing,Senior Developer,Los Angeles,72649.65,3330.33,2023-12-19,25,68.5,david.taylor@company.com,(859) 974-7187,Active
EMP003375,Daniel,Smith,Daniel Smith,39,Engineering,Director,Boston,113062.9,12051.09,2024-11-07,13,73.7,daniel.smith@company.com,(704) 276-9453,Inactive
EMP003376,Jane,Hernandez,Jane Hernandez,48,IT,Manager,Los Angeles,100604.12,7197.1,2024-06-15,25,75.3,jane.hernandez@company.com,(406) 276-7576,Active
EMP003377,Melissa,Jackson,Melissa Jackson,32,Operations,Analyst,San Francisco,46863.49,2407.73,2022-08-12,8,84.2,melissa.jackson@company.com,(796) 736-4127,Inactive
EMP003378,Emily,Rodriguez,Emily Rodriguez,55,Marketing,Director,Boston,86441.45,15695.35,2022-02-03,30,66.9,emily.rodriguez@company.com,(888) 902-5424,Active
EMP003379,Christopher,Smith,Christopher Smith,29,Sales,Specialist,San Francisco,55370.67,4213.49,2023-02-13,4,63.8,christopher.smith@company.com,(220) 734-8208,Active
EMP003380,Sarah,Thomas,Sarah Thomas,56,Engineering,Lead,Los Angeles,90679.25,6818.55,2024-11-21,28,61.5,sarah.thomas@company.com,(305) 575-3794,Active
EMP003381,Daniel,Brown,Daniel Brown,55,Engineering,Specialist,Miami,80743.48,10365.82,2020-04-29,32,54.2,daniel.brown@company.com,(491) 431-4685,Active
EMP003382,Nicole,Jackson,Nicole Jackson,48,Operations,Associate,Miami,61995.93,5950.94,2022-07-16,25,84.5,nicole.jackson@company.com,(916) 355-5811,Active
EMP003383,Jane,Hernandez,Jane Hernandez,46,Sales,Manager,San Francisco,85665.87,10101.66,2024-08-24,18,95.1,jane.hernandez@company.com,(784) 200-1839,Active
EMP003384,Jane,Brown,Jane Brown,28,Legal,Manager,Boston,75786.19,10051.69,2024-01-27,3,80.6,jane.brown@company.com,(380) 212-7098,Active
EMP003385,Amanda,Martinez,Amanda Martinez,36,Legal,Director,Chicago,99089.3,11001.92,2023-12-11,12,68.3,amanda.martinez@company.com,(899) 832-3877,Active
EMP003386,John,Garcia,John Garcia,26,Legal,Lead,Boston,72837.04,9320.79,2021-07-04,0,95.7,john.garcia@company.com,(863) 671-6468,Active
EMP003387,Lisa,Wilson,Lisa Wilson,56,Operations,Specialist,Miami,84897.91,4243.37,2021-06-05,31,82.5,lisa.wilson@company.com,(978) 371-6677,Active
EMP003388,Lisa,Rodriguez,Lisa Rodriguez,65,Marketing,Specialist,New York,97769.22,17978.22,2020-06-19,39,72.3,lisa.rodriguez@company.com,(614) 491-2851,Active
EMP003389,Robert,Anderson,Robert Anderson,24,Finance,Coordinator,New York,75428.24,5393.33,2020-07-09,0,89.4,robert.anderson@company.com,(392) 444-8513,Inactive
EMP003390,Lisa,Davis,Lisa Davis,30,Legal,Associate,Los Angeles,80629.7,7143.18,2024-02-27,6,80.4,lisa.davis@company.com,(787) 989-8328,Active
EMP003391,Sarah,Gonzalez,Sarah Gonzalez,32,Engineering,Coordinator,Boston,107406.38,8363.43,2022-10-13,3,84.1,sarah.gonzalez@company.com,(985) 290-8500,Active
EMP003392,Jane,Lopez,Jane Lopez,37,Finance,Senior Developer,Los Angeles,67912.63,3471.17,2021-07-17,14,59.2,jane.lopez@company.com,(479) 802-1571,Active
EMP003393,Robert,Hernandez,Robert Hernandez,28,IT,Specialist,Chicago,82537.91,13491.92,2024-02-13,5,89.6,robert.hernandez@company.com,(246) 890-6824,Active
EMP003394,William,Hernandez,William Hernandez,36,Engineering,Director,Los Angeles,109046.28,23833.82,2021-01-09,9,96.7,william.hernandez@company.com,(464) 582-4989,Active
EMP003395,Daniel,Jackson,Daniel Jackson,54,Sales,Senior Developer,San Francisco,97480.25,11188.86,2020-07-04,29,73.2,daniel.jackson@company.com,(908) 258-9488,Active
EMP003396,Michael,Moore,Michael Moore,55,Finance,Associate,Los Angeles,126757.67,14764.95,2022-11-13,33,77.5,michael.moore@company.com,(824) 767-6267,Active
EMP003397,Emily,Williams,Emily Williams,35,HR,Associate,Boston,67507.25,14552.16,2020-08-29,10,94.0,emily.williams@company.com,(712) 881-4434,Active
EMP003398,Daniel,Miller,Daniel Miller,36,Finance,Manager,New York,79195.58,6822.86,2024-12-16,7,65.6,daniel.miller@company.com,(359) 351-7858,Active
EMP003399,Amanda,Martin,Amanda Martin,57,Legal,Manager,Chicago,136685.72,10858.5,2021-11-16,31,57.9,amanda.martin@company.com,(539) 503-9956,Active
EMP003400,Anthony,Taylor,Anthony Taylor,54,Legal,Analyst,San Francisco,103498.51,8082.45,2020-05-11,29,87.7,anthony.taylor@company.com,(976) 488-8708,On Leave
EMP003401,William,Martin,William Martin,26,Finance,Specialist,Miami,45982.11,3427.29,2022-03-02,3,92.5,william.martin@company.com,(205) 501-3859,Active
EMP003402,Daniel,Brown,Daniel Brown,49,Legal,Lead,Seattle,115212.81,18434.87,2024-06-14,22,74.1,daniel.brown@company.com,(384) 282-5296,Active
EMP003403,Daniel,Garcia,Daniel Garcia,39,Legal,Manager,Boston,122168.05,13996.39,2024-07-14,13,80.2,daniel.garcia@company.com,(477) 552-3360,Active
EMP003404,Emily,Wilson,Emily Wilson,28,Legal,Lead,Los Angeles,127073.88,8306.35,2023-04-22,1,83.6,emily.wilson@company.com,(754) 737-8553,Inactive
EMP003405,James,Martinez,James Martinez,25,Finance,Specialist,Boston,50834.81,5221.91,2024-12-14,3,83.5,james.martinez@company.com,(662) 976-5831,On Leave
EMP003406,Jessica,Rodriguez,Jessica Rodriguez,65,Engineering,Analyst,San Francisco,136399.52,16624.46,2024-01-18,38,59.9,jessica.rodriguez@company.com,(795) 908-4490,Active
EMP003407,John,Hernandez,John Hernandez,49,IT,Lead,Chicago,95297.77,7731.49,2021-11-12,26,67.4,john.hernandez@company.com,(879) 265-4420,Active
EMP003408,Jessica,Taylor,Jessica Taylor,63,Engineering,Analyst,San Francisco,118546.37,13059.52,2024-09-16,34,69.1,jessica.taylor@company.com,(485) 740-5691,Active
EMP003409,Melissa,Martin,Melissa Martin,65,HR,Coordinator,Los Angeles,92307.42,11559.86,2022-04-13,36,79.6,melissa.martin@company.com,(321) 271-6900,Active
EMP003410,Christopher,Jones,Christopher Jones,55,Marketing,Manager,Austin,81012.65,9580.27,2024-07-19,29,80.7,christopher.jones@company.com,(676) 228-7863,Active
EMP003411,William,Taylor,William Taylor,33,Engineering,Director,Boston,79455.03,5658.63,2020-07-28,8,60.1,william.taylor@company.com,(587) 235-3151,Active
EMP003412,Daniel,Martinez,Daniel Martinez,51,HR,Manager,Austin,48474.95,5523.94,2021-03-12,25,63.4,daniel.martinez@company.com,(650) 891-3887,Active
EMP003413,Melissa,Williams,Melissa Williams,41,IT,Specialist,Chicago,99219.28,16467.02,2021-09-02,14,84.4,melissa.williams@company.com,(667) 560-7854,Active
EMP003414,Michael,Brown,Michael Brown,24,Marketing,Director,San Francisco,57722.66,7363.76,2023-01-18,0,73.6,michael.brown@company.com,(915) 214-9053,Active
EMP003415,Emily,Moore,Emily Moore,38,Legal,Associate,New York,114402.36,6716.64,2022-05-02,9,77.2,emily.moore@company.com,(279) 526-5895,Active
EMP003416,Matthew,Hernandez,Matthew Hernandez,63,IT,Director,Los Angeles,122149.96,14343.65,2021-12-25,41,60.6,matthew.hernandez@company.com,(643) 533-5857,Active
EMP003417,John,Garcia,John Garcia,52,Marketing,Analyst,Boston,63478.89,8980.83,2020-06-04,24,62.2,john.garcia@company.com,(375) 878-9573,Active
EMP003418,Christopher,Wilson,Christopher Wilson,41,Engineering,Specialist,Boston,112710.82,14302.91,2022-03-09,16,86.5,christopher.wilson@company.com,(803) 931-9617,Active
EMP003419,Emily,Moore,Emily Moore,63,Marketing,Lead,Seattle,70612.27,13135.64,2024-12-14,34,100.0,emily.moore@company.com,(236) 536-3525,Active
EMP003420,Michael,Davis,Michael Davis,63,Marketing,Senior Developer,Miami,92035.36,5729.43,2024-06-11,35,67.7,michael.davis@company.com,(951) 972-3745,Active
EMP003421,Emily,Smith,Emily Smith,56,HR,Associate,Los Angeles,80871.46,9919.99,2022-12-07,30,67.3,emily.smith@company.com,(646) 500-3077,Active
EMP003422,Melissa,Moore,Melissa Moore,45,IT,Associate,Chicago,82232.55,12160.63,2023-01-14,17,85.2,melissa.moore@company.com,(919) 879-6536,Active
EMP003423,David,Taylor,David Taylor,32,Legal,Manager,Los Angeles,95294.5,6075.43,2024-01-19,3,46.7,david.taylor@company.com,(449) 353-1103,Active
EMP003424,Melissa,Anderson,Melissa Anderson,51,HR,Lead,Seattle,82263.89,6048.02,2020-06-12,25,56.5,melissa.anderson@company.com,(961) 207-7663,Active
EMP003425,Nicole,Davis,Nicole Davis,54,HR,Coordinator,Seattle,71470.65,9426.62,2024-07-23,31,76.7,nicole.davis@company.com,(972) 974-7033,Active
EMP003426,James,Wilson,James Wilson,48,Marketing,Analyst,Austin,86878.36,8247.47,2024-10-24,23,86.0,james.wilson@company.com,(663) 711-1598,Active
EMP003427,James,Miller,James Miller,37,Operations,Lead,Boston,46089.22,2291.66,2021-03-23,11,58.7,james.miller@company.com,(262) 328-8574,Active
EMP003428,David,Garcia,David Garcia,43,Operations,Manager,Miami,58560.46,7759.02,2021-10-01,19,48.5,david.garcia@company.com,(926) 367-5170,Active
EMP003429,David,Hernandez,David Hernandez,23,Operations,Specialist,Boston,38530.68,4604.79,2022-04-20,0,96.0,david.hernandez@company.com,(733) 818-4652,On Leave
EMP003430,Daniel,Anderson,Daniel Anderson,35,Engineering,Senior Developer,Seattle,110319.87,1067.02,2020-07-31,10,81.4,daniel.anderson@company.com,(625) 688-9805,Inactive
EMP003431,Michael,Lopez,Michael Lopez,31,IT,Associate,Seattle,91986.28,7841.13,2024-11-15,9,77.5,michael.lopez@company.com,(860) 671-4814,Active
EMP003432,James,Gonzalez,James Gonzalez,59,Engineering,Specialist,Seattle,107257.35,1974.95,2022-11-20,37,67.2,james.gonzalez@company.com,(887) 470-8065,Active
EMP003433,Jessica,Miller,Jessica Miller,64,Marketing,Senior Developer,Chicago,61402.44,5000.83,2023-11-13,41,64.4,jessica.miller@company.com,(366) 490-9918,Active
EMP003434,Amanda,Moore,Amanda Moore,47,Legal,Manager,Miami,53873.42,7261.71,2020-01-22,19,58.9,amanda.moore@company.com,(875) 633-3648,Active
EMP003435,Lisa,Rodriguez,Lisa Rodriguez,27,Operations,Analyst,Seattle,50010.15,3656.97,2022-05-13,5,81.2,lisa.rodriguez@company.com,(481) 232-8998,Active
EMP003436,Nicole,Martin,Nicole Martin,42,Operations,Manager,Austin,55900.57,4985.01,2020-06-23,16,73.5,nicole.martin@company.com,(331) 935-1773,Active
EMP003437,Jessica,Jackson,Jessica Jackson,50,Engineering,Director,San Francisco,73081.08,7690.11,2024-01-17,25,64.5,jessica.jackson@company.com,(716) 710-2492,Inactive
EMP003438,Christopher,Jones,Christopher Jones,34,HR,Coordinator,Austin,58526.74,10586.98,2022-05-18,9,66.2,christopher.jones@company.com,(762) 839-1873,Active
EMP003439,Nicole,Williams,Nicole Williams,33,Engineering,Senior Developer,New York,87396.56,12763.03,2022-01-19,6,61.1,nicole.williams@company.com,(423) 411-8488,Active
EMP003440,Robert,Hernandez,Robert Hernandez,53,IT,Manager,Miami,104059.85,13957.74,2020-09-21,25,82.7,robert.hernandez@company.com,(851) 871-8370,Active
EMP003441,Matthew,Anderson,Matthew Anderson,38,Sales,Associate,Boston,59834.6,5508.18,2022-01-19,14,78.1,matthew.anderson@company.com,(822) 641-7030,Active
EMP003442,Anthony,Martinez,Anthony Martinez,24,Operations,Coordinator,Miami,63740.39,6123.51,2023-03-09,2,71.2,anthony.martinez@company.com,(551) 826-7076,On Leave
EMP003443,John,Hernandez,John Hernandez,59,Operations,Associate,Austin,76249.29,4631.73,2020-10-01,32,86.0,john.hernandez@company.com,(776) 927-2359,Active
EMP003444,Ashley,Taylor,Ashley Taylor,32,Operations,Senior Developer,Seattle,57224.88,6331.0,2023-02-19,8,87.4,ashley.taylor@company.com,(429) 839-6652,Inactive
EMP003445,James,Jones,James Jones,53,Operations,Manager,Chicago,74745.15,10343.34,2022-07-17,31,79.9,james.jones@company.com,(884) 992-9676,Active
EMP003446,Matthew,Garcia,Matthew Garcia,34,Sales,Coordinator,Los Angeles,78307.83,2525.09,2020-07-16,10,68.2,matthew.garcia@company.com,(268) 824-4030,Active
EMP003447,Amanda,Thomas,Amanda Thomas,31,Finance,Coordinator,Seattle,72418.56,5630.45,2020-11-01,9,62.7,amanda.thomas@company.com,(261) 409-1661,Active
EMP003448,David,Thomas,David Thomas,56,IT,Lead,Seattle,78187.87,9891.91,2021-02-18,33,84.1,david.thomas@company.com,(226) 725-9960,Active
EMP003449,Jane,Miller,Jane Miller,43,Operations,Analyst,Austin,59661.3,10256.36,2024-01-21,16,64.7,jane.miller@company.com,(293) 372-5661,Inactive
EMP003450,Ashley,Smith,Ashley Smith,24,Marketing,Associate,Austin,61003.43,2292.58,2021-04-23,0,83.7,ashley.smith@company.com,(496) 859-1361,Active
EMP003451,Michael,Garcia,Michael Garcia,22,Sales,Coordinator,New York,57548.44,8152.61,2024-01-11,0,93.9,michael.garcia@company.com,(875) 368-6793,Active
EMP003452,James,Jackson,James Jackson,24,Engineering,Specialist,New York,72345.29,763.08,2024-07-31,0,81.6,james.jackson@company.com,(689) 822-5143,Active
EMP003453,Jessica,Jones,Jessica Jones,48,Operations,Associate,Seattle,63158.62,7225.27,2020-01-17,24,34.0,jessica.jones@company.com,(288) 766-2424,On Leave
EMP003454,Sarah,Miller,Sarah Miller,23,Finance,Specialist,Austin,83065.58,2143.9,2024-06-28,0,66.9,sarah.miller@company.com,(714) 927-7011,Active
EMP003455,Robert,Miller,Robert Miller,36,IT,Lead,Chicago,75266.34,12362.18,2022-05-25,14,98.7,robert.miller@company.com,(759) 625-2428,Active
EMP003456,Jessica,Martinez,Jessica Martinez,41,Marketing,Senior Developer,San Francisco,62407.17,6353.62,2020-11-04,17,100.0,jessica.martinez@company.com,(226) 991-3710,Active
EMP003457,Robert,Taylor,Robert Taylor,28,Sales,Manager,Austin,68065.68,2137.76,2020-07-07,5,100.0,robert.taylor@company.com,(496) 806-6002,Active
EMP003458,Emily,Martin,Emily Martin,39,Engineering,Associate,San Francisco,104397.51,15631.39,2023-10-19,11,77.4,emily.martin@company.com,(622) 509-6905,Active
EMP003459,Sarah,Jackson,Sarah Jackson,58,Sales,Analyst,New York,88945.28,7445.81,2020-05-23,36,78.0,sarah.jackson@company.com,(886) 422-4148,Active
EMP003460,Nicole,Miller,Nicole Miller,34,Sales,Analyst,Miami,53434.89,5548.09,2021-04-23,9,64.4,nicole.miller@company.com,(978) 641-7532,Active
EMP003461,Ashley,Williams,Ashley Williams,49,Legal,Manager,San Francisco,107648.03,9469.48,2024-10-23,25,67.3,ashley.williams@company.com,(870) 422-9976,Inactive
EMP003462,Michael,Martin,Michael Martin,58,Sales,Specialist,Miami,99805.93,12355.48,2020-03-14,30,95.7,michael.martin@company.com,(528) 230-2835,Active
EMP003463,Robert,Garcia,Robert Garcia,23,Engineering,Specialist,Austin,110690.73,4984.46,2024-06-24,1,76.1,robert.garcia@company.com,(469) 806-7027,Active
EMP003464,Melissa,Williams,Melissa Williams,24,Finance,Associate,Miami,69476.5,7947.53,2021-12-07,1,61.7,melissa.williams@company.com,(259) 932-9125,Active
EMP003465,David,Lopez,David Lopez,29,Legal,Director,Chicago,74713.38,10926.67,2020-06-03,5,100.0,david.lopez@company.com,(586) 974-4423,Active
EMP003466,John,Miller,John Miller,44,Legal,Senior Developer,San Francisco,76861.61,11876.06,2023-08-28,18,88.6,john.miller@company.com,(887) 962-1898,Active
EMP003467,Daniel,Smith,Daniel Smith,33,HR,Director,Los Angeles,36685.0,5441.38,2020-05-03,8,93.5,daniel.smith@company.com,(634) 608-8563,Active
EMP003468,Amanda,Martin,Amanda Martin,31,Finance,Associate,Los Angeles,94769.25,13797.22,2022-03-24,5,85.7,amanda.martin@company.com,(902) 819-5023,Inactive
EMP003469,David,Davis,David Davis,56,HR,Manager,Miami,67065.01,8251.62,2020-02-29,33,52.7,david.davis@company.com,(704) 310-6214,Active
EMP003470,John,Smith,John Smith,32,Legal,Specialist,San Francisco,103245.94,20479.74,2023-09-05,6,89.0,john.smith@company.com,(249) 772-7895,Active
EMP003471,Emily,Miller,Emily Miller,54,Finance,Manager,Austin,72104.48,11225.08,2024-06-24,29,84.4,emily.miller@company.com,(970) 615-6531,Inactive
EMP003472,Melissa,Martinez,Melissa Martinez,25,Finance,Analyst,Austin,58526.78,8485.76,2021-05-13,2,57.8,melissa.martinez@company.com,(679) 543-1085,Active
EMP003473,Melissa,Garcia,Melissa Garcia,22,Marketing,Analyst,Boston,50217.51,2810.3,2023-11-05,0,41.7,melissa.garcia@company.com,(582) 763-6532,Active
EMP003474,Amanda,Hernandez,Amanda Hernandez,43,Sales,Senior Developer,Austin,68357.99,4831.4,2023-03-25,20,76.9,amanda.hernandez@company.com,(630) 224-4518,Inactive
EMP003475,Matthew,Garcia,Matthew Garcia,28,HR,Lead,Los Angeles,45765.51,8044.39,2023-01-16,3,85.5,matthew.garcia@company.com,(774) 411-9975,Active
EMP003476,Robert,Gonzalez,Robert Gonzalez,40,HR,Director,Chicago,63041.14,699.68,2022-12-25,17,88.3,robert.gonzalez@company.com,(217) 233-5228,Active
EMP003477,Stephanie,Rodriguez,Stephanie Rodriguez,42,Legal,Specialist,Boston,69726.87,6833.57,2022-04-26,13,74.8,stephanie.rodriguez@company.com,(631) 480-9474,Active
EMP003478,Melissa,Rodriguez,Melissa Rodriguez,40,Sales,Director,Los Angeles,74395.17,6207.71,2022-10-02,15,71.4,melissa.rodriguez@company.com,(985) 290-3134,Active
EMP003479,Jessica,Brown,Jessica Brown,46,Legal,Coordinator,Boston,95183.84,13107.07,2024-12-28,23,81.1,jessica.brown@company.com,(372) 788-8246,Active
EMP003480,Jane,Brown,Jane Brown,46,Finance,Specialist,Boston,96409.88,631.61,2020-01-10,21,73.6,jane.brown@company.com,(725) 305-2817,Active
EMP003481,William,Rodriguez,William Rodriguez,33,Sales,Lead,Boston,42128.21,1199.29,2020-12-31,7,72.3,william.rodriguez@company.com,(757) 315-6105,Active
EMP003482,Christopher,Williams,Christopher Williams,62,Sales,Associate,Los Angeles,66431.29,3261.99,2020-08-30,36,70.2,christopher.williams@company.com,(304) 514-7335,Inactive
EMP003483,Robert,Gonzalez,Robert Gonzalez,53,Sales,Analyst,San Francisco,92574.77,5074.97,2022-03-29,30,78.1,robert.gonzalez@company.com,(966) 966-1362,Active
EMP003484,James,Hernandez,James Hernandez,59,Finance,Coordinator,Los Angeles,114769.8,11993.68,2021-06-12,35,68.7,james.hernandez@company.com,(379) 959-7524,Active
EMP003485,Jessica,Gonzalez,Jessica Gonzalez,49,Finance,Lead,Austin,45470.34,9196.3,2022-07-14,25,67.6,jessica.gonzalez@company.com,(291) 473-1447,Active
EMP003486,William,Hernandez,William Hernandez,39,Finance,Coordinator,Boston,75727.3,0.0,2023-10-13,10,40.7,william.hernandez@company.com,(620) 634-1469,Active
EMP003487,John,Williams,John Williams,39,Sales,Analyst,Los Angeles,81615.0,5032.1,2020-11-07,11,90.7,john.williams@company.com,(708) 994-3454,On Leave
EMP003488,Matthew,Gonzalez,Matthew Gonzalez,41,Legal,Analyst,Seattle,57532.3,6023.36,2023-11-15,13,61.2,matthew.gonzalez@company.com,(301) 867-8291,Active
EMP003489,Robert,Gonzalez,Robert Gonzalez,29,HR,Manager,Boston,65857.58,6681.8,2023-04-04,0,75.6,robert.gonzalez@company.com,(532) 895-8388,Active
EMP003490,Anthony,Miller,Anthony Miller,30,Finance,Senior Developer,New York,107376.24,6711.36,2022-04-12,1,74.1,anthony.miller@company.com,(899) 569-1543,Active
EMP003491,Michael,Miller,Michael Miller,28,IT,Manager,Seattle,69153.43,5852.58,2021-05-07,4,74.2,michael.miller@company.com,(481) 740-5126,Active
EMP003492,Robert,Thomas,Robert Thomas,37,Legal,Manager,New York,74787.36,3260.62,2023-11-16,8,51.1,robert.thomas@company.com,(630) 376-8979,Inactive
EMP003493,James,Jackson,James Jackson,49,Operations,Specialist,San Francisco,77753.5,12395.74,2024-07-19,24,70.6,james.jackson@company.com,(385) 808-6822,Active
EMP003494,Lisa,Gonzalez,Lisa Gonzalez,24,IT,Specialist,Boston,56525.63,7448.25,2020-10-10,1,79.9,lisa.gonzalez@company.com,(286) 959-8798,Active
EMP003495,Amanda,Wilson,Amanda Wilson,54,Marketing,Coordinator,Miami,97768.51,0.0,2020-12-11,32,70.4,amanda.wilson@company.com,(712) 207-1196,Active
EMP003496,Michael,Anderson,Michael Anderson,39,HR,Specialist,Seattle,92028.42,19590.07,2022-08-02,13,79.8,michael.anderson@company.com,(793) 878-5662,Active
EMP003497,James,Jackson,James Jackson,38,Marketing,Coordinator,Austin,72257.44,8542.96,2023-10-12,11,72.0,james.jackson@company.com,(320) 619-4487,Active
EMP003498,Emily,Wilson,Emily Wilson,36,Finance,Senior Developer,Miami,55347.84,7010.81,2023-11-07,14,61.5,emily.wilson@company.com,(899) 247-1868,Active
EMP003499,John,Anderson,John Anderson,55,Sales,Specialist,Chicago,79693.77,4401.95,2023-07-27,26,59.4,john.anderson@company.com,(871) 545-8347,Active
EMP003500,Michael,Davis,Michael Davis,26,Engineering,Specialist,Seattle,60238.56,5747.08,2023-02-19,4,64.7,michael.davis@company.com,(488) 292-5725,Active
EMP003501,Jessica,Hernandez,Jessica Hernandez,35,Operations,Director,Chicago,83956.75,13637.84,2023-08-03,8,94.6,jessica.hernandez@company.com,(418) 694-3768,Active
EMP003502,Melissa,Lopez,Melissa Lopez,31,IT,Senior Developer,Miami,58696.21,3486.39,2023-09-12,7,84.1,melissa.lopez@company.com,(413) 249-3269,Active
EMP003503,James,Gonzalez,James Gonzalez,42,Finance,Lead,Miami,81708.95,5277.88,2020-07-15,20,76.0,james.gonzalez@company.com,(284) 549-9481,Active
EMP003504,Michael,Taylor,Michael Taylor,41,Legal,Specialist,New York,46872.19,0.0,2020-05-29,15,79.5,michael.taylor@company.com,(938) 202-8989,Active
EMP003505,Sarah,Brown,Sarah Brown,53,IT,Senior Developer,San Francisco,84076.7,12256.97,2021-09-07,26,77.5,sarah.brown@company.com,(610) 463-5171,Active
EMP003506,Michael,Brown,Michael Brown,54,HR,Lead,New York,83918.71,2293.73,2022-01-13,25,57.6,michael.brown@company.com,(510) 376-5947,Inactive
EMP003507,Melissa,Miller,Melissa Miller,39,Operations,Director,Chicago,31061.68,2871.19,2022-10-14,13,83.5,melissa.miller@company.com,(938) 885-8911,On Leave
EMP003508,Nicole,Thomas,Nicole Thomas,47,Legal,Manager,New York,101812.85,22990.64,2022-08-18,18,100.0,nicole.thomas@company.com,(773) 773-2982,Active
EMP003509,James,Davis,James Davis,63,Marketing,Senior Developer,Boston,73680.79,9706.73,2020-11-17,38,76.7,james.davis@company.com,(288) 968-1504,Active
EMP003510,Emily,Garcia,Emily Garcia,45,IT,Manager,Miami,96293.76,10410.37,2023-06-12,20,75.4,emily.garcia@company.com,(618) 881-7649,Active
EMP003511,John,Jones,John Jones,56,IT,Director,Boston,99988.56,10043.22,2023-01-29,33,63.0,john.jones@company.com,(420) 784-6914,Active
EMP003512,Stephanie,Martinez,Stephanie Martinez,56,IT,Senior Developer,Chicago,133390.94,14488.57,2024-04-22,28,77.7,stephanie.martinez@company.com,(934) 201-1227,Active
EMP003513,Melissa,Smith,Melissa Smith,26,Engineering,Manager,Miami,95219.23,7761.96,2024-07-18,0,55.8,melissa.smith@company.com,(451) 699-9522,Active
EMP003514,Matthew,Taylor,Matthew Taylor,65,IT,Director,Los Angeles,120327.2,9253.31,2020-12-02,37,66.3,matthew.taylor@company.com,(237) 710-1575,Active
EMP003515,Matthew,Davis,Matthew Davis,54,Finance,Analyst,Seattle,77016.63,9551.47,2023-10-09,25,83.6,matthew.davis@company.com,(911) 908-8130,Active
EMP003516,Ashley,Moore,Ashley Moore,56,Legal,Analyst,Los Angeles,115056.75,13521.18,2023-06-14,33,62.5,ashley.moore@company.com,(619) 555-1971,Inactive
EMP003517,Ashley,Rodriguez,Ashley Rodriguez,33,Operations,Coordinator,Los Angeles,52401.89,1343.35,2022-06-23,5,100.0,ashley.rodriguez@company.com,(336) 637-8715,Active
EMP003518,William,Williams,William Williams,48,Marketing,Lead,San Francisco,44634.27,2741.54,2023-04-15,26,95.6,william.williams@company.com,(477) 710-8809,Active
EMP003519,John,Johnson,John Johnson,31,HR,Coordinator,Seattle,46717.58,2921.77,2024-04-15,4,96.3,john.johnson@company.com,(335) 972-3443,Active
EMP003520,Stephanie,Garcia,Stephanie Garcia,41,IT,Manager,Austin,74635.66,7954.75,2021-03-19,15,83.2,stephanie.garcia@company.com,(328) 961-7372,Active
EMP003521,William,Lopez,William Lopez,27,Marketing,Lead,Boston,28500.0,2923.9,2021-04-01,2,53.3,william.lopez@company.com,(447) 210-1540,On Leave
EMP003522,Daniel,Rodriguez,Daniel Rodriguez,58,Engineering,Director,Los Angeles,114496.61,4207.78,2021-11-17,32,72.8,daniel.rodriguez@company.com,(288) 643-9436,Active
EMP003523,David,Rodriguez,David Rodriguez,53,Legal,Lead,Los Angeles,105363.25,8737.78,2022-01-23,24,43.8,david.rodriguez@company.com,(325) 328-6613,Active
EMP003524,Robert,Thomas,Robert Thomas,31,Engineering,Coordinator,New York,83658.9,8169.05,2024-09-17,4,94.8,robert.thomas@company.com,(414) 609-7687,Active
EMP003525,Robert,Miller,Robert Miller,58,Marketing,Associate,Miami,51701.75,2674.61,2021-04-17,32,79.7,robert.miller@company.com,(422) 464-3122,Active
EMP003526,Amanda,Gonzalez,Amanda Gonzalez,54,Marketing,Lead,Austin,73686.76,5900.13,2020-10-13,25,78.1,amanda.gonzalez@company.com,(424) 709-3895,Active
EMP003527,Anthony,Miller,Anthony Miller,51,Sales,Director,New York,86723.83,10475.49,2024-07-16,28,52.2,anthony.miller@company.com,(434) 934-8725,Active
EMP003528,Jane,Smith,Jane Smith,46,Finance,Director,Chicago,59711.73,4409.4,2021-05-29,18,30.7,jane.smith@company.com,(234) 409-8303,Active
EMP003529,Robert,Miller,Robert Miller,46,HR,Senior Developer,Austin,69361.89,8481.28,2023-07-18,24,58.8,robert.miller@company.com,(841) 750-9431,Active
EMP003530,William,Lopez,William Lopez,46,IT,Analyst,San Francisco,81500.88,8912.47,2022-01-07,20,95.3,william.lopez@company.com,(861) 698-9969,Active
EMP003531,John,Rodriguez,John Rodriguez,22,Legal,Lead,Austin,66533.45,4739.39,2020-07-25,0,88.9,john.rodriguez@company.com,(806) 736-7089,Active
EMP003532,Sarah,Thomas,Sarah Thomas,27,IT,Manager,Los Angeles,78477.31,7778.52,2023-08-29,5,83.5,sarah.thomas@company.com,(842) 595-5846,Active
EMP003533,Amanda,Martinez,Amanda Martinez,32,Finance,Senior Developer,Chicago,59533.49,7195.99,2022-01-22,4,55.9,amanda.martinez@company.com,(701) 881-9837,Active
EMP003534,Daniel,Martin,Daniel Martin,60,Marketing,Specialist,Los Angeles,84756.3,8648.41,2020-03-02,34,54.8,daniel.martin@company.com,(530) 411-3383,Active
EMP003535,Daniel,Miller,Daniel Miller,47,IT,Director,Boston,96615.11,4972.45,2021-06-22,20,78.6,daniel.miller@company.com,(943) 335-9620,On Leave
EMP003536,Robert,Jackson,Robert Jackson,45,Engineering,Lead,Austin,103875.12,12419.92,2023-06-10,23,79.5,robert.jackson@company.com,(821) 679-9484,Inactive
EMP003537,Robert,Williams,Robert Williams,57,Operations,Director,New York,89526.86,4714.31,2020-12-03,29,66.5,robert.williams@company.com,(296) 808-9352,Active
EMP003538,Anthony,Wilson,Anthony Wilson,42,Operations,Senior Developer,Boston,57065.79,3838.92,2023-10-26,20,81.4,anthony.wilson@company.com,(901) 944-1489,Active
EMP003539,John,Gonzalez,John Gonzalez,24,IT,Associate,Los Angeles,38363.33,5728.22,2023-07-30,0,79.7,john.gonzalez@company.com,(887) 985-1603,Active
EMP003540,Daniel,Davis,Daniel Davis,52,Finance,Associate,Miami,77574.25,2304.5,2022-08-22,27,83.9,daniel.davis@company.com,(295) 504-9714,Active
EMP003541,David,Moore,David Moore,31,Operations,Manager,San Francisco,41521.09,4429.54,2021-04-18,5,72.2,david.moore@company.com,(740) 542-4034,Active
EMP003542,Melissa,Gonzalez,Melissa Gonzalez,65,Marketing,Senior Developer,Chicago,71048.26,5339.41,2021-10-28,41,100.0,melissa.gonzalez@company.com,(560) 779-7560,Active
EMP003543,Daniel,Martinez,Daniel Martinez,47,HR,Director,Los Angeles,98471.25,19031.27,2023-05-06,19,70.9,daniel.martinez@company.com,(818) 463-6518,Inactive
EMP003544,Ashley,Smith,Ashley Smith,57,HR,Coordinator,Boston,78137.68,12463.02,2024-06-01,35,82.6,ashley.smith@company.com,(961) 492-7795,Active
EMP003545,Amanda,Miller,Amanda Miller,49,Sales,Manager,Miami,65005.07,5147.38,2022-11-17,25,84.1,amanda.miller@company.com,(702) 422-1513,Active
EMP003546,Michael,Smith,Michael Smith,28,Marketing,Director,Miami,57380.25,8474.35,2022-02-17,3,89.1,michael.smith@company.com,(887) 585-4628,Active
EMP003547,Emily,Lopez,Emily Lopez,65,IT,Director,Miami,94416.67,4299.31,2024-01-14,39,90.4,emily.lopez@company.com,(921) 390-3785,Inactive
EMP003548,Robert,Martinez,Robert Martinez,38,Legal,Director,Seattle,67919.57,2481.54,2023-05-10,12,49.3,robert.martinez@company.com,(266) 636-7413,Active
EMP003549,Sarah,Jackson,Sarah Jackson,30,Sales,Manager,New York,74921.13,3071.73,2021-09-11,5,82.9,sarah.jackson@company.com,(761) 731-8058,Active
EMP003550,John,Anderson,John Anderson,40,HR,Associate,Chicago,69409.94,6903.7,2021-09-25,12,84.6,john.anderson@company.com,(511) 973-8328,Active
EMP003551,Nicole,Jackson,Nicole Jackson,52,HR,Coordinator,Miami,70746.87,5173.07,2023-06-11,26,80.2,nicole.jackson@company.com,(571) 845-5577,Active
EMP003552,Stephanie,Johnson,Stephanie Johnson,42,Engineering,Lead,Austin,111758.05,12540.12,2020-07-17,15,95.2,stephanie.johnson@company.com,(624) 499-6992,Active
EMP003553,Nicole,Brown,Nicole Brown,56,Engineering,Coordinator,Seattle,135469.44,5448.71,2024-03-18,27,63.4,nicole.brown@company.com,(702) 452-5454,Active
EMP003554,Anthony,Martinez,Anthony Martinez,56,Finance,Director,Miami,115294.18,9599.1,2023-11-11,28,65.9,anthony.martinez@company.com,(439) 752-8216,Active
EMP003555,Jane,Hernandez,Jane Hernandez,64,Marketing,Coordinator,New York,75088.13,6177.85,2022-03-07,37,60.9,jane.hernandez@company.com,(647) 553-2439,Active
EMP003556,Daniel,Moore,Daniel Moore,57,Finance,Lead,Miami,100975.28,11366.9,2020-07-04,35,81.9,daniel.moore@company.com,(807) 741-9843,Active
EMP003557,Daniel,Rodriguez,Daniel Rodriguez,24,HR,Coordinator,Seattle,82309.2,9679.05,2020-03-29,1,59.9,daniel.rodriguez@company.com,(820) 612-9324,Active
EMP003558,Robert,Taylor,Robert Taylor,48,Engineering,Analyst,Los Angeles,70237.89,6306.49,2024-03-09,25,53.4,robert.taylor@company.com,(531) 259-3454,Active
EMP003559,Matthew,Jackson,Matthew Jackson,54,IT,Associate,Seattle,118393.49,15930.93,2024-06-30,27,83.6,matthew.jackson@company.com,(822) 855-3709,Active
EMP003560,Jessica,Martinez,Jessica Martinez,53,HR,Specialist,Boston,54021.52,4172.32,2022-12-18,26,74.3,jessica.martinez@company.com,(615) 809-6406,Active
EMP003561,Sarah,Garcia,Sarah Garcia,25,Sales,Associate,Boston,51211.71,7028.32,2020-03-06,1,86.9,sarah.garcia@company.com,(440) 716-8403,Active
EMP003562,Matthew,Moore,Matthew Moore,39,Engineering,Coordinator,Austin,70778.88,4750.34,2024-11-12,15,87.9,matthew.moore@company.com,(517) 629-5763,Active
EMP003563,John,Martinez,John Martinez,57,Engineering,Lead,Austin,102047.6,17280.03,2022-04-04,31,58.8,john.martinez@company.com,(465) 651-5525,Active
EMP003564,Anthony,Brown,Anthony Brown,61,Sales,Senior Developer,Los Angeles,78213.73,6568.6,2021-01-16,39,54.4,anthony.brown@company.com,(381) 318-6538,Active
EMP003565,Jessica,Jackson,Jessica Jackson,43,IT,Coordinator,Boston,77457.92,7442.21,2023-02-02,18,65.6,jessica.jackson@company.com,(618) 927-9236,Active
EMP003566,Michael,Jackson,Michael Jackson,50,Engineering,Specialist,New York,108495.56,18305.74,2020-09-08,28,98.6,michael.jackson@company.com,(521) 733-4630,Active
EMP003567,Amanda,Jones,Amanda Jones,37,IT,Manager,Los Angeles,70249.29,7855.58,2020-07-24,12,100.0,amanda.jones@company.com,(428) 727-6141,Active
EMP003568,John,Smith,John Smith,35,Marketing,Lead,Boston,42214.43,7678.92,2021-01-30,10,63.6,john.smith@company.com,(731) 211-2735,On Leave
EMP003569,John,Williams,John Williams,44,Marketing,Coordinator,Seattle,64046.67,8222.18,2024-10-19,18,62.5,john.williams@company.com,(676) 296-9879,Active
EMP003570,Amanda,Moore,Amanda Moore,55,Engineering,Senior Developer,Los Angeles,91110.01,6879.06,2023-05-09,31,71.5,amanda.moore@company.com,(502) 822-2899,Active
EMP003571,Christopher,Lopez,Christopher Lopez,63,Engineering,Coordinator,Boston,107189.02,5601.49,2020-09-04,41,73.4,christopher.lopez@company.com,(789) 297-4647,Active
EMP003572,Anthony,Wilson,Anthony Wilson,65,Legal,Associate,San Francisco,113945.87,20521.07,2024-06-16,42,83.2,anthony.wilson@company.com,(876) 704-2258,Active
EMP003573,Nicole,Smith,Nicole Smith,30,Finance,Director,Chicago,81920.2,16971.59,2023-12-19,3,86.2,nicole.smith@company.com,(366) 969-6990,Active
EMP003574,Sarah,Martin,Sarah Martin,64,IT,Analyst,San Francisco,104821.29,5458.92,2023-04-25,35,67.9,sarah.martin@company.com,(425) 412-3301,Active
EMP003575,Robert,Rodriguez,Robert Rodriguez,49,Operations,Analyst,Chicago,58372.61,9804.53,2020-03-27,27,91.5,robert.rodriguez@company.com,(776) 990-5344,Active
EMP003576,Jane,Miller,Jane Miller,45,Legal,Lead,San Francisco,75875.59,7773.41,2022-10-12,17,85.4,jane.miller@company.com,(571) 734-6714,Active
EMP003577,Daniel,Rodriguez,Daniel Rodriguez,55,Engineering,Associate,Los Angeles,105701.54,0.0,2020-08-05,32,85.7,daniel.rodriguez@company.com,(269) 907-3970,Inactive
EMP003578,David,Johnson,David Johnson,51,HR,Associate,New York,77403.96,1335.03,2023-04-27,29,59.4,david.johnson@company.com,(579) 275-8034,Active
EMP003579,Michael,Garcia,Michael Garcia,42,Sales,Associate,San Francisco,71051.84,5139.61,2020-04-08,17,80.4,michael.garcia@company.com,(858) 264-9880,Active
EMP003580,Sarah,Jones,Sarah Jones,49,HR,Director,Austin,54643.17,5557.96,2020-05-01,20,87.7,sarah.jones@company.com,(386) 532-6851,Active
EMP003581,Matthew,Thomas,Matthew Thomas,36,Marketing,Associate,New York,66686.2,3772.47,2024-06-01,14,85.1,matthew.thomas@company.com,(354) 426-2884,Active
EMP003582,James,Martin,James Martin,38,IT,Manager,San Francisco,63463.79,5354.51,2024-12-10,15,90.9,james.martin@company.com,(796) 920-7339,Active
EMP003583,Anthony,Gonzalez,Anthony Gonzalez,29,Engineering,Coordinator,Seattle,134576.28,20998.41,2020-03-04,5,84.6,anthony.gonzalez@company.com,(552) 367-2459,Active
EMP003584,Jane,Miller,Jane Miller,41,IT,Senior Developer,New York,100596.91,17397.66,2022-04-09,15,55.6,jane.miller@company.com,(480) 994-2691,Inactive
EMP003585,Nicole,Smith,Nicole Smith,32,Finance,Associate,Seattle,40971.03,5892.79,2024-09-15,4,95.2,nicole.smith@company.com,(243) 754-2234,Active
EMP003586,Melissa,Brown,Melissa Brown,34,Finance,Director,New York,84177.22,6362.5,2021-07-13,9,50.9,melissa.brown@company.com,(635) 777-6335,Active
EMP003587,Anthony,Lopez,Anthony Lopez,54,Engineering,Manager,Los Angeles,118333.74,13675.77,2023-04-24,29,91.3,anthony.lopez@company.com,(896) 957-6446,Active
EMP003588,Matthew,Johnson,Matthew Johnson,44,IT,Lead,Chicago,98692.74,6348.65,2021-06-21,22,61.8,matthew.johnson@company.com,(548) 607-8081,Active
EMP003589,Jessica,Martin,Jessica Martin,57,Operations,Lead,New York,62391.29,1937.51,2021-06-12,35,74.1,jessica.martin@company.com,(345) 822-5492,Active
EMP003590,David,Martin,David Martin,42,Engineering,Coordinator,Seattle,57823.22,3457.77,2022-07-19,18,81.8,david.martin@company.com,(866) 653-8062,Active
EMP003591,Robert,Moore,Robert Moore,26,Finance,Associate,Miami,47076.7,4116.92,2024-03-21,4,72.5,robert.moore@company.com,(599) 819-2402,Inactive
EMP003592,Amanda,Miller,Amanda Miller,45,Engineering,Associate,San Francisco,73476.45,6881.11,2024-10-20,17,57.4,amanda.miller@company.com,(492) 707-3277,Active
EMP003593,Christopher,Brown,Christopher Brown,46,Legal,Associate,Seattle,73375.78,11604.34,2024-12-28,24,74.7,christopher.brown@company.com,(731) 527-1234,Active
EMP003594,Christopher,Jones,Christopher Jones,65,Legal,Senior Developer,Los Angeles,112129.74,6795.01,2020-09-04,43,71.9,christopher.jones@company.com,(976) 599-7339,Active
EMP003595,Nicole,Gonzalez,Nicole Gonzalez,37,IT,Director,New York,109123.39,15094.25,2021-09-23,14,61.2,nicole.gonzalez@company.com,(811) 734-3088,Active
EMP003596,Christopher,Moore,Christopher Moore,46,IT,Manager,Miami,117953.79,8334.46,2020-09-12,17,64.6,christopher.moore@company.com,(605) 578-7200,Active
EMP003597,Melissa,Thomas,Melissa Thomas,55,Finance,Analyst,New York,96895.09,18431.44,2020-05-08,27,100.0,melissa.thomas@company.com,(572) 709-3164,Active
EMP003598,David,Hernandez,David Hernandez,44,Marketing,Analyst,Seattle,68107.22,6607.08,2021-02-19,18,77.5,david.hernandez@company.com,(548) 355-6596,Active
EMP003599,Christopher,Johnson,Christopher Johnson,62,Engineering,Specialist,Boston,92104.5,9613.47,2023-05-14,35,79.6,christopher.johnson@company.com,(599) 264-8415,Active
EMP003600,Amanda,Johnson,Amanda Johnson,50,Operations,Manager,Chicago,97612.71,13028.78,2023-07-05,28,63.1,amanda.johnson@company.com,(568) 949-4730,Active
EMP003601,Michael,Miller,Michael Miller,58,Sales,Coordinator,Seattle,101310.03,8560.23,2022-04-27,31,76.0,michael.miller@company.com,(217) 537-4767,Active
EMP003602,David,Davis,David Davis,45,Marketing,Senior Developer,Chicago,81174.55,4088.92,2020-01-14,19,88.9,david.davis@company.com,(819) 287-3406,Inactive
EMP003603,Anthony,Rodriguez,Anthony Rodriguez,58,Finance,Senior Developer,Austin,106399.2,12125.65,2024-06-11,30,80.1,anthony.rodriguez@company.com,(483) 915-2230,Active
EMP003604,John,Moore,John Moore,32,Legal,Specialist,Austin,104318.02,20114.22,2023-11-23,7,76.0,john.moore@company.com,(401) 897-8628,Inactive
EMP003605,Melissa,Jackson,Melissa Jackson,61,Marketing,Manager,Seattle,69480.33,6878.22,2024-03-28,36,87.7,melissa.jackson@company.com,(352) 298-2880,Active
EMP003606,Matthew,Jones,Matthew Jones,60,HR,Director,San Francisco,71865.89,10391.98,2022-10-04,37,90.8,matthew.jones@company.com,(837) 779-9471,Active
EMP003607,Sarah,Smith,Sarah Smith,45,Engineering,Analyst,Los Angeles,118632.78,14360.11,2024-10-30,20,76.9,sarah.smith@company.com,(518) 366-7691,Active
EMP003608,Daniel,Taylor,Daniel Taylor,41,IT,Coordinator,Austin,84520.56,10397.49,2022-01-10,13,82.2,daniel.taylor@company.com,(716) 684-8399,On Leave
EMP003609,Amanda,Jones,Amanda Jones,61,IT,Specialist,Austin,113392.98,12926.17,2022-10-25,34,62.5,amanda.jones@company.com,(735) 745-3354,Active
EMP003610,Melissa,Jones,Melissa Jones,31,Operations,Specialist,Seattle,36975.58,2647.45,2024-03-11,8,69.0,melissa.jones@company.com,(390) 331-6274,Active
EMP003611,Sarah,Williams,Sarah Williams,56,Legal,Manager,Chicago,124486.11,19867.98,2021-11-09,30,88.5,sarah.williams@company.com,(247) 455-5124,Active
EMP003612,Jessica,Moore,Jessica Moore,22,Marketing,Analyst,Miami,73724.79,5051.42,2020-01-15,0,99.5,jessica.moore@company.com,(468) 651-7499,Active
EMP003613,Christopher,Gonzalez,Christopher Gonzalez,40,Engineering,Lead,Chicago,86096.33,6187.95,2021-09-04,16,65.9,christopher.gonzalez@company.com,(528) 923-9201,Active
EMP003614,David,Johnson,David Johnson,38,Legal,Director,Boston,85156.49,4978.57,2020-05-27,10,53.4,david.johnson@company.com,(900) 420-7390,Active
EMP003615,Lisa,Miller,Lisa Miller,62,Sales,Analyst,Boston,57047.59,4097.52,2022-03-22,37,60.7,lisa.miller@company.com,(331) 297-1564,Active
EMP003616,Ashley,Williams,Ashley Williams,58,Finance,Director,Seattle,117547.05,14282.05,2020-01-08,29,76.0,ashley.williams@company.com,(850) 324-1249,Active
EMP003617,Michael,Rodriguez,Michael Rodriguez,65,Finance,Analyst,Boston,112085.42,7877.65,2023-04-25,36,44.0,michael.rodriguez@company.com,(811) 591-6011,Active
EMP003618,Daniel,Martinez,Daniel Martinez,45,Finance,Director,Austin,37986.11,2361.25,2020-05-21,17,77.1,daniel.martinez@company.com,(809) 827-8845,Active
EMP003619,Sarah,Lopez,Sarah Lopez,57,HR,Director,Austin,75449.3,7795.76,2024-12-21,32,68.3,sarah.lopez@company.com,(483) 794-8387,Active
EMP003620,Stephanie,Martin,Stephanie Martin,22,Legal,Senior Developer,New York,37500.0,3224.95,2020-02-21,0,57.6,stephanie.martin@company.com,(968) 246-4375,Active
EMP003621,Ashley,Davis,Ashley Davis,55,Finance,Lead,Seattle,92848.42,15667.64,2022-01-16,32,65.7,ashley.davis@company.com,(956) 928-9892,Active
EMP003622,Nicole,Wilson,Nicole Wilson,60,Sales,Lead,San Francisco,85358.1,10345.11,2022-11-14,38,78.4,nicole.wilson@company.com,(613) 254-3143,Active
EMP003623,Anthony,Jackson,Anthony Jackson,61,Marketing,Specialist,Miami,92504.31,11425.88,2021-03-21,34,95.8,anthony.jackson@company.com,(667) 647-4597,Active
EMP003624,Melissa,Martinez,Melissa Martinez,28,Engineering,Director,Austin,39000.0,4247.67,2020-08-28,5,74.8,melissa.martinez@company.com,(364) 371-4050,Active
EMP003625,Lisa,Hernandez,Lisa Hernandez,63,Finance,Lead,New York,52990.46,4310.71,2020-01-29,35,72.0,lisa.hernandez@company.com,(496) 661-4387,Active
EMP003626,Ashley,Taylor,Ashley Taylor,29,HR,Lead,Los Angeles,36297.89,4286.05,2021-09-26,4,83.2,ashley.taylor@company.com,(670) 682-9132,Active
EMP003627,Daniel,Smith,Daniel Smith,61,HR,Associate,Los Angeles,84355.6,5181.77,2022-04-21,38,71.6,daniel.smith@company.com,(980) 561-7589,Active
EMP003628,Daniel,Gonzalez,Daniel Gonzalez,58,Marketing,Analyst,Chicago,77381.26,7251.92,2020-09-03,32,70.7,daniel.gonzalez@company.com,(385) 903-9827,Active
EMP003629,Anthony,Miller,Anthony Miller,62,IT,Lead,Chicago,90697.04,13039.31,2023-02-11,39,92.9,anthony.miller@company.com,(467) 980-8214,Active
EMP003630,William,Miller,William Miller,59,HR,Manager,Austin,76906.41,670.96,2021-09-05,30,64.7,william.miller@company.com,(939) 997-6900,Active
EMP003631,Stephanie,Jackson,Stephanie Jackson,24,Marketing,Associate,New York,71302.87,10083.12,2022-04-01,0,64.6,stephanie.jackson@company.com,(875) 606-1531,Inactive
EMP003632,Nicole,Lopez,Nicole Lopez,60,HR,Analyst,San Francisco,90886.36,13894.04,2021-02-18,38,85.2,nicole.lopez@company.com,(458) 869-5335,Active
EMP003633,James,Taylor,James Taylor,60,Finance,Senior Developer,San Francisco,97511.57,4554.36,2022-12-02,35,79.5,james.taylor@company.com,(873) 516-8094,Active
EMP003634,David,Rodriguez,David Rodriguez,57,Marketing,Manager,San Francisco,85124.89,16153.23,2024-11-22,32,84.6,david.rodriguez@company.com,(598) 967-4850,Active
EMP003635,Michael,Thomas,Michael Thomas,27,Engineering,Director,Seattle,90091.39,3288.68,2024-06-04,0,83.3,michael.thomas@company.com,(585) 458-9667,Active
EMP003636,Stephanie,Hernandez,Stephanie Hernandez,39,Operations,Coordinator,Boston,75770.7,7486.16,2023-03-18,15,76.8,stephanie.hernandez@company.com,(464) 370-2200,Active
EMP003637,Melissa,Jackson,Melissa Jackson,37,HR,Director,San Francisco,44797.94,7728.41,2024-04-11,12,75.8,melissa.jackson@company.com,(619) 398-7453,Active
EMP003638,Melissa,Garcia,Melissa Garcia,54,Legal,Lead,Los Angeles,82959.68,6174.55,2022-05-25,26,100.0,melissa.garcia@company.com,(732) 704-8802,Active
EMP003639,Anthony,Miller,Anthony Miller,34,Operations,Senior Developer,Los Angeles,83192.66,7880.32,2021-03-03,10,67.1,anthony.miller@company.com,(994) 516-2463,Active
EMP003640,Lisa,Williams,Lisa Williams,62,Operations,Manager,Austin,72742.58,5392.26,2023-01-26,40,57.7,lisa.williams@company.com,(868) 757-5878,Active
EMP003641,Melissa,Jones,Melissa Jones,33,HR,Manager,Austin,48307.05,3337.98,2023-10-23,10,66.2,melissa.jones@company.com,(701) 615-2883,Active
EMP003642,John,Johnson,John Johnson,34,Sales,Senior Developer,San Francisco,77393.03,3470.9,2021-04-03,5,78.7,john.johnson@company.com,(824) 308-6477,Active
EMP003643,John,Martinez,John Martinez,65,Finance,Director,Chicago,96833.91,4487.97,2022-04-25,41,79.3,john.martinez@company.com,(457) 711-3560,Active
EMP003644,William,Jackson,William Jackson,49,Engineering,Manager,San Francisco,130770.88,9227.95,2024-11-04,22,65.0,william.jackson@company.com,(943) 737-7451,Active
EMP003645,Christopher,Rodriguez,Christopher Rodriguez,57,Legal,Specialist,New York,90988.83,8197.38,2024-09-14,32,92.1,christopher.rodriguez@company.com,(843) 874-2467,Active
EMP003646,Melissa,Davis,Melissa Davis,25,Engineering,Lead,Los Angeles,75896.44,6684.79,2023-06-09,0,71.2,melissa.davis@company.com,(786) 590-8565,Active
EMP003647,Christopher,Anderson,Christopher Anderson,50,Marketing,Associate,New York,75474.13,4489.9,2020-08-30,23,74.8,christopher.anderson@company.com,(246) 385-4173,Active
EMP003648,Stephanie,Martinez,Stephanie Martinez,33,HR,Manager,Chicago,75984.8,6288.63,2022-01-15,11,71.1,stephanie.martinez@company.com,(721) 596-8189,On Leave
EMP003649,William,Lopez,William Lopez,49,Legal,Coordinator,San Francisco,102693.58,15112.92,2022-01-11,25,67.5,william.lopez@company.com,(898) 654-4202,Active
EMP003650,Melissa,Anderson,Melissa Anderson,43,Engineering,Senior Developer,San Francisco,74434.73,4435.33,2023-10-27,21,68.4,melissa.anderson@company.com,(543) 515-2570,Active
EMP003651,Daniel,Thomas,Daniel Thomas,64,HR,Associate,Chicago,71494.63,2701.85,2020-01-10,42,50.1,daniel.thomas@company.com,(800) 634-9322,Active
EMP003652,Matthew,Moore,Matthew Moore,26,IT,Manager,San Francisco,67783.92,7605.31,2024-03-28,0,96.7,matthew.moore@company.com,(736) 551-8770,Active
EMP003653,Amanda,Taylor,Amanda Taylor,29,IT,Specialist,Miami,59868.58,5059.2,2024-08-25,0,75.5,amanda.taylor@company.com,(417) 913-4187,On Leave
EMP003654,Stephanie,Rodriguez,Stephanie Rodriguez,27,Finance,Manager,Miami,62384.05,8030.58,2020-12-10,3,93.8,stephanie.rodriguez@company.com,(591) 405-3463,Active
EMP003655,Melissa,Wilson,Melissa Wilson,64,Operations,Specialist,Los Angeles,66137.72,9310.71,2024-02-15,40,81.5,melissa.wilson@company.com,(542) 730-8281,Active
EMP003656,Christopher,Gonzalez,Christopher Gonzalez,31,Finance,Lead,Seattle,56932.88,3208.85,2024-03-04,4,74.2,christopher.gonzalez@company.com,(280) 557-6793,Active
EMP003657,Jessica,Rodriguez,Jessica Rodriguez,54,Legal,Coordinator,Seattle,92718.7,2635.75,2023-08-19,26,76.0,jessica.rodriguez@company.com,(236) 934-3125,Active
EMP003658,Amanda,Davis,Amanda Davis,38,Legal,Analyst,Miami,95462.32,10296.44,2023-05-14,9,58.8,amanda.davis@company.com,(862) 205-5471,Active
EMP003659,Matthew,Martin,Matthew Martin,52,IT,Director,Boston,114550.32,14011.65,2023-08-07,29,75.3,matthew.martin@company.com,(838) 464-6452,Inactive
EMP003660,Jessica,Anderson,Jessica Anderson,55,Operations,Manager,Seattle,63237.06,4970.37,2024-05-01,28,68.2,jessica.anderson@company.com,(693) 737-1119,Active
EMP003661,Nicole,Miller,Nicole Miller,31,HR,Associate,Boston,82923.26,8450.29,2023-04-03,8,60.8,nicole.miller@company.com,(393) 391-2980,Active
EMP003662,Lisa,Gonzalez,Lisa Gonzalez,25,Finance,Specialist,New York,82555.68,2518.58,2024-07-19,3,61.6,lisa.gonzalez@company.com,(999) 229-8777,Active
EMP003663,Robert,Johnson,Robert Johnson,32,Finance,Coordinator,San Francisco,47826.15,3455.89,2020-01-03,7,72.5,robert.johnson@company.com,(939) 595-4578,Active
EMP003664,William,Smith,William Smith,46,Operations,Manager,San Francisco,83080.85,12989.6,2024-06-30,20,63.4,william.smith@company.com,(955) 344-7678,Active
EMP003665,Jessica,Moore,Jessica Moore,59,Legal,Director,Los Angeles,86071.74,5196.95,2021-02-17,33,62.9,jessica.moore@company.com,(498) 604-8655,Active
EMP003666,Stephanie,Rodriguez,Stephanie Rodriguez,36,IT,Manager,Los Angeles,67244.05,7908.03,2021-05-22,11,57.3,stephanie.rodriguez@company.com,(423) 339-8957,Active
EMP003667,Anthony,Martin,Anthony Martin,41,Legal,Senior Developer,Seattle,111241.07,20224.25,2021-11-18,16,85.4,anthony.martin@company.com,(808) 350-1879,Active
EMP003668,Anthony,Martinez,Anthony Martinez,38,Sales,Senior Developer,New York,75340.03,7118.12,2020-02-13,9,81.8,anthony.martinez@company.com,(383) 843-9015,Active
EMP003669,Melissa,Moore,Melissa Moore,60,Sales,Senior Developer,Boston,84518.24,5694.0,2022-03-13,34,72.3,melissa.moore@company.com,(506) 730-5298,Active
EMP003670,Daniel,Thomas,Daniel Thomas,52,Legal,Director,Austin,145453.43,13080.92,2021-04-28,23,83.3,daniel.thomas@company.com,(222) 637-2428,Active
EMP003671,Robert,Hernandez,Robert Hernandez,62,Legal,Specialist,Boston,123532.92,15682.76,2023-12-16,40,90.9,robert.hernandez@company.com,(684) 740-4446,Inactive
EMP003672,John,Lopez,John Lopez,60,Marketing,Manager,Los Angeles,79011.33,9317.24,2021-01-15,32,60.0,john.lopez@company.com,(978) 678-1475,Active
EMP003673,Matthew,Thomas,Matthew Thomas,34,Operations,Lead,Los Angeles,47039.54,6648.6,2020-05-03,5,70.8,matthew.thomas@company.com,(692) 287-9876,Active
EMP003674,Sarah,Garcia,Sarah Garcia,35,Marketing,Associate,Austin,78440.93,11781.05,2020-07-13,10,81.5,sarah.garcia@company.com,(423) 783-2798,Active
EMP003675,Melissa,Anderson,Melissa Anderson,63,Finance,Specialist,Boston,107757.55,13091.0,2023-10-08,41,77.3,melissa.anderson@company.com,(304) 916-4393,Inactive
EMP003676,Jessica,Thomas,Jessica Thomas,47,IT,Manager,Miami,89637.86,16751.85,2021-11-15,19,77.0,jessica.thomas@company.com,(910) 717-1191,Active
EMP003677,Michael,Johnson,Michael Johnson,33,IT,Senior Developer,Boston,62774.26,0.0,2024-12-20,9,75.6,michael.johnson@company.com,(230) 637-5379,Active
EMP003678,Jane,Anderson,Jane Anderson,51,HR,Lead,Seattle,81327.33,8197.94,2022-12-23,25,70.2,jane.anderson@company.com,(948) 475-9393,On Leave
EMP003679,John,Davis,John Davis,39,Finance,Lead,Boston,79485.72,3961.0,2021-03-12,10,87.2,john.davis@company.com,(643) 536-5665,Active
EMP003680,John,Martinez,John Martinez,40,Finance,Lead,Chicago,77384.45,3506.73,2021-01-13,15,62.0,john.martinez@company.com,(726) 259-1162,Active
EMP003681,Daniel,Moore,Daniel Moore,63,HR,Specialist,Los Angeles,54919.96,6211.0,2021-05-18,38,91.2,daniel.moore@company.com,(957) 284-8012,Active
EMP003682,Matthew,Hernandez,Matthew Hernandez,65,Finance,Specialist,Seattle,101835.01,15922.01,2024-12-25,36,78.0,matthew.hernandez@company.com,(242) 764-6168,On Leave
EMP003683,Anthony,Miller,Anthony Miller,56,Engineering,Analyst,Austin,91298.91,8167.56,2023-07-05,32,53.1,anthony.miller@company.com,(234) 672-7090,Active
EMP003684,James,Jones,James Jones,25,IT,Senior Developer,New York,115029.64,9645.62,2024-03-02,3,98.0,james.jones@company.com,(570) 362-4386,Active
EMP003685,Jane,Jones,Jane Jones,51,IT,Director,Los Angeles,108968.29,11892.82,2021-03-24,28,64.0,jane.jones@company.com,(221) 814-3705,Inactive
EMP003686,Amanda,Gonzalez,Amanda Gonzalez,45,Operations,Manager,Seattle,54673.07,4837.56,2021-05-16,21,80.5,amanda.gonzalez@company.com,(230) 650-2922,Active
EMP003687,William,Johnson,William Johnson,50,Marketing,Director,Miami,63537.36,8816.27,2020-11-30,28,72.9,william.johnson@company.com,(226) 320-3391,Inactive
EMP003688,Lisa,Lopez,Lisa Lopez,60,HR,Coordinator,San Francisco,90791.14,8038.87,2020-01-09,38,64.6,lisa.lopez@company.com,(222) 499-3097,Active
EMP003689,Nicole,Jones,Nicole Jones,39,Engineering,Analyst,Los Angeles,85053.15,10839.62,2024-07-12,11,96.5,nicole.jones@company.com,(256) 508-9656,Inactive
EMP003690,Jane,Jackson,Jane Jackson,62,HR,Coordinator,New York,67137.43,5725.48,2021-08-31,34,85.0,jane.jackson@company.com,(743) 494-8344,Active
EMP003691,Matthew,Lopez,Matthew Lopez,42,Legal,Lead,Miami,93467.98,6743.11,2024-12-17,14,69.4,matthew.lopez@company.com,(409) 800-9608,Inactive
EMP003692,David,Rodriguez,David Rodriguez,40,Operations,Director,Boston,53056.28,6293.87,2022-12-13,17,72.9,david.rodriguez@company.com,(307) 583-2386,Active
EMP003693,Melissa,Jones,Melissa Jones,49,HR,Associate,Chicago,66806.42,5569.41,2021-07-16,23,90.0,melissa.jones@company.com,(334) 800-6816,Inactive
EMP003694,Sarah,Taylor,Sarah Taylor,42,Operations,Coordinator,Chicago,50285.88,5443.51,2022-01-17,20,60.8,sarah.taylor@company.com,(862) 678-7861,Active
EMP003695,Matthew,Williams,Matthew Williams,55,Operations,Manager,Boston,72805.14,13366.26,2021-05-14,31,50.6,matthew.williams@company.com,(254) 725-3030,Active
EMP003696,Lisa,Hernandez,Lisa Hernandez,25,Finance,Lead,Seattle,86652.42,12401.65,2022-03-04,0,77.4,lisa.hernandez@company.com,(305) 891-6547,Active
EMP003697,Ashley,Taylor,Ashley Taylor,32,Finance,Coordinator,San Francisco,83117.42,16060.36,2024-02-18,10,53.0,ashley.taylor@company.com,(231) 722-3231,Active
EMP003698,Ashley,Wilson,Ashley Wilson,42,Finance,Director,New York,76131.81,11136.08,2021-11-11,16,66.1,ashley.wilson@company.com,(227) 654-7766,Active
EMP003699,Amanda,Lopez,Amanda Lopez,45,Operations,Coordinator,Austin,68890.09,6985.66,2024-10-29,19,64.2,amanda.lopez@company.com,(540) 720-9368,Active
EMP003700,Jane,Taylor,Jane Taylor,44,Marketing,Lead,Chicago,54573.23,1544.16,2022-06-17,18,76.9,jane.taylor@company.com,(994) 537-5915,Active
EMP003701,Daniel,Thomas,Daniel Thomas,61,Legal,Coordinator,Seattle,118275.41,15226.31,2023-03-22,37,63.1,daniel.thomas@company.com,(384) 578-5650,Inactive
EMP003702,Sarah,Jones,Sarah Jones,25,HR,Analyst,Miami,64083.26,8375.8,2024-10-09,0,94.5,sarah.jones@company.com,(495) 954-5068,Active
EMP003703,Melissa,Martin,Melissa Martin,41,Engineering,Lead,New York,77737.03,7777.47,2020-05-07,15,76.2,melissa.martin@company.com,(927) 491-6422,Inactive
EMP003704,Lisa,Martinez,Lisa Martinez,64,Finance,Lead,Los Angeles,73855.0,12278.54,2021-06-27,41,70.2,lisa.martinez@company.com,(936) 308-8149,Active
EMP003705,Robert,Jackson,Robert Jackson,43,Operations,Lead,Los Angeles,48647.85,3493.12,2020-08-28,17,71.9,robert.jackson@company.com,(357) 537-6964,Active
EMP003706,James,Smith,James Smith,57,Marketing,Associate,Miami,78377.57,9036.65,2022-07-03,32,91.8,james.smith@company.com,(469) 839-1341,Active
EMP003707,Sarah,Jones,Sarah Jones,64,Marketing,Analyst,Miami,101719.13,20572.38,2023-10-23,42,82.9,sarah.jones@company.com,(694) 606-6905,Active
EMP003708,Michael,Martinez,Michael Martinez,54,Operations,Director,San Francisco,73590.93,6814.9,2021-07-19,25,85.1,michael.martinez@company.com,(305) 708-1809,Active
EMP003709,Ashley,Lopez,Ashley Lopez,33,Operations,Specialist,Austin,44129.34,4409.0,2021-12-24,5,57.9,ashley.lopez@company.com,(564) 837-6508,Inactive
EMP003710,Amanda,Wilson,Amanda Wilson,65,Marketing,Associate,San Francisco,95284.49,13985.52,2023-02-17,39,59.6,amanda.wilson@company.com,(879) 419-4334,Active
EMP003711,Melissa,Wilson,Melissa Wilson,28,IT,Coordinator,New York,68447.36,6918.01,2024-04-02,2,77.0,melissa.wilson@company.com,(207) 508-2501,Active
EMP003712,Stephanie,Johnson,Stephanie Johnson,43,Finance,Senior Developer,Austin,101377.02,5450.82,2022-08-28,15,78.2,stephanie.johnson@company.com,(290) 579-6400,Active
EMP003713,Nicole,Hernandez,Nicole Hernandez,64,Marketing,Lead,San Francisco,74702.58,12553.07,2023-04-09,38,79.7,nicole.hernandez@company.com,(437) 428-7405,Active
EMP003714,Jane,Martin,Jane Martin,60,HR,Associate,San Francisco,79583.64,11150.99,2020-03-14,31,87.4,jane.martin@company.com,(736) 789-9481,On Leave
EMP003715,Nicole,Lopez,Nicole Lopez,55,Engineering,Manager,San Francisco,85922.34,14075.47,2022-01-24,29,75.4,nicole.lopez@company.com,(580) 980-4226,Active
EMP003716,Michael,Brown,Michael Brown,43,Operations,Analyst,Austin,85287.49,846.52,2020-03-30,19,75.3,michael.brown@company.com,(365) 615-5670,Active
EMP003717,Lisa,Miller,Lisa Miller,34,HR,Associate,Austin,55004.57,4216.3,2021-05-12,8,63.0,lisa.miller@company.com,(711) 801-1697,Active
EMP003718,John,Davis,John Davis,42,Legal,Senior Developer,Chicago,106920.78,7198.54,2023-02-20,13,74.6,john.davis@company.com,(745) 829-4461,Active
EMP003719,Ashley,Anderson,Ashley Anderson,61,Sales,Lead,Los Angeles,106541.39,11635.97,2022-06-04,32,87.0,ashley.anderson@company.com,(613) 454-5472,Inactive
EMP003720,David,Smith,David Smith,36,HR,Senior Developer,Seattle,61752.22,4478.41,2021-01-15,12,93.0,david.smith@company.com,(501) 390-7631,Active
EMP003721,Melissa,Rodriguez,Melissa Rodriguez,52,Marketing,Specialist,Los Angeles,64323.75,11817.11,2021-07-16,24,56.5,melissa.rodriguez@company.com,(230) 463-8587,Active
EMP003722,Robert,Garcia,Robert Garcia,38,Legal,Associate,Los Angeles,100967.01,2799.82,2021-05-05,16,91.5,robert.garcia@company.com,(652) 808-6361,Active
EMP003723,Nicole,Thomas,Nicole Thomas,28,Legal,Specialist,Seattle,105444.04,2538.98,2023-06-02,4,48.8,nicole.thomas@company.com,(780) 372-6097,Active
EMP003724,Daniel,Williams,Daniel Williams,57,Finance,Associate,Seattle,121416.59,16630.44,2024-07-28,28,71.7,daniel.williams@company.com,(824) 422-6487,Active
EMP003725,James,Hernandez,James Hernandez,23,IT,Specialist,Los Angeles,98692.14,0.0,2023-08-31,0,95.8,james.hernandez@company.com,(347) 400-5573,Active
EMP003726,David,Gonzalez,David Gonzalez,33,Engineering,Specialist,Los Angeles,39000.0,4524.15,2024-04-17,4,67.0,david.gonzalez@company.com,(803) 597-7397,Active
EMP003727,Matthew,Williams,Matthew Williams,44,Sales,Analyst,Chicago,71453.41,432.74,2023-03-26,16,82.9,matthew.williams@company.com,(349) 448-3234,Active
EMP003728,Nicole,Thomas,Nicole Thomas,35,Marketing,Manager,Chicago,55375.22,11917.0,2021-04-08,8,69.9,nicole.thomas@company.com,(678) 412-4774,Active
EMP003729,Nicole,Rodriguez,Nicole Rodriguez,52,Engineering,Senior Developer,Los Angeles,111269.24,10185.44,2021-02-21,30,78.8,nicole.rodriguez@company.com,(727) 623-9059,Inactive
EMP003730,Matthew,Hernandez,Matthew Hernandez,39,Legal,Manager,Austin,77155.26,12659.23,2021-06-27,13,74.4,matthew.hernandez@company.com,(537) 535-7308,Active
EMP003731,James,Anderson,James Anderson,61,IT,Lead,Boston,85776.26,6848.55,2022-10-25,39,75.4,james.anderson@company.com,(594) 775-1034,Active
EMP003732,Amanda,Hernandez,Amanda Hernandez,34,Sales,Associate,Chicago,74326.24,12110.57,2023-07-28,9,83.1,amanda.hernandez@company.com,(966) 690-7952,Active
EMP003733,William,Martin,William Martin,25,Finance,Associate,Austin,75022.23,12030.19,2021-04-04,0,96.5,william.martin@company.com,(369) 678-1596,Active
EMP003734,Sarah,Rodriguez,Sarah Rodriguez,41,IT,Director,Boston,90014.63,13484.34,2024-12-12,18,50.6,sarah.rodriguez@company.com,(457) 459-3909,Active
EMP003735,Ashley,Jones,Ashley Jones,38,Sales,Lead,Los Angeles,77476.42,12252.52,2021-05-27,11,66.4,ashley.jones@company.com,(666) 932-2634,Inactive
EMP003736,David,Johnson,David Johnson,38,HR,Senior Developer,Boston,61373.4,7125.45,2023-07-17,10,68.0,david.johnson@company.com,(788) 294-9645,Active
EMP003737,John,Hernandez,John Hernandez,43,IT,Senior Developer,Boston,109569.78,14008.21,2021-04-27,17,72.1,john.hernandez@company.com,(429) 524-9967,Active
EMP003738,Nicole,Williams,Nicole Williams,50,Finance,Analyst,Austin,74585.12,8074.9,2024-09-01,26,79.3,nicole.williams@company.com,(390) 926-9203,Inactive
EMP003739,Melissa,Wilson,Melissa Wilson,56,IT,Analyst,Austin,104762.29,6775.13,2024-10-15,29,100.0,melissa.wilson@company.com,(701) 887-1780,Active
EMP003740,David,Miller,David Miller,57,HR,Manager,San Francisco,92994.52,5404.1,2022-04-03,34,57.1,david.miller@company.com,(241) 961-9280,Active
EMP003741,Michael,Thomas,Michael Thomas,38,Engineering,Coordinator,New York,110980.11,11756.25,2020-11-05,11,69.0,michael.thomas@company.com,(329) 817-2335,Active
EMP003742,Amanda,Anderson,Amanda Anderson,56,Finance,Coordinator,Los Angeles,112563.33,4800.43,2023-06-19,34,51.4,amanda.anderson@company.com,(812) 221-6468,Active
EMP003743,Melissa,Smith,Melissa Smith,62,Marketing,Associate,Boston,91098.76,10479.36,2020-07-14,40,73.1,melissa.smith@company.com,(315) 496-4531,Active
EMP003744,Matthew,Miller,Matthew Miller,42,Engineering,Manager,Seattle,130903.96,5131.32,2023-07-09,16,54.8,matthew.miller@company.com,(695) 690-7001,Active
EMP003745,Jane,Wilson,Jane Wilson,61,Sales,Analyst,New York,86885.61,4621.25,2024-12-26,34,72.2,jane.wilson@company.com,(343) 311-7577,Active
EMP003746,Daniel,Martinez,Daniel Martinez,57,Operations,Lead,Austin,99411.88,14818.03,2020-08-13,28,73.3,daniel.martinez@company.com,(489) 657-4919,On Leave
EMP003747,David,Johnson,David Johnson,26,Finance,Senior Developer,Austin,68105.12,7247.3,2023-06-02,0,38.3,david.johnson@company.com,(329) 654-5620,Active
EMP003748,Michael,Garcia,Michael Garcia,49,IT,Associate,Los Angeles,99079.68,6630.97,2021-12-20,20,82.7,michael.garcia@company.com,(607) 244-3875,Active
EMP003749,Christopher,Williams,Christopher Williams,65,IT,Coordinator,Boston,78126.89,13871.42,2022-11-10,40,82.0,christopher.williams@company.com,(222) 628-3384,Active
EMP003750,James,Hernandez,James Hernandez,50,Operations,Associate,Chicago,69650.27,10310.82,2022-07-24,21,100.0,james.hernandez@company.com,(342) 255-4964,Active
EMP003751,Melissa,Johnson,Melissa Johnson,34,Marketing,Coordinator,Miami,37313.43,2651.27,2020-08-18,12,63.5,melissa.johnson@company.com,(207) 207-6836,Inactive
EMP003752,Stephanie,Moore,Stephanie Moore,58,Legal,Associate,New York,87668.4,8128.03,2023-03-31,33,91.4,stephanie.moore@company.com,(202) 526-8575,On Leave
EMP003753,Michael,Garcia,Michael Garcia,60,Sales,Associate,San Francisco,81064.11,10174.79,2022-07-18,36,60.8,michael.garcia@company.com,(904) 813-4319,Active
EMP003754,Jessica,Lopez,Jessica Lopez,48,HR,Director,Austin,74900.47,8331.18,2020-02-04,25,74.5,jessica.lopez@company.com,(844) 579-5466,Active
EMP003755,Anthony,Hernandez,Anthony Hernandez,33,Sales,Coordinator,Los Angeles,77351.59,7489.67,2022-08-26,7,87.8,anthony.hernandez@company.com,(257) 652-5862,Active
EMP003756,Sarah,Taylor,Sarah Taylor,39,HR,Analyst,New York,52251.59,6087.7,2021-07-09,16,85.1,sarah.taylor@company.com,(380) 605-5342,Active
EMP003757,Matthew,Hernandez,Matthew Hernandez,33,Operations,Manager,San Francisco,56576.16,6412.01,2020-10-19,10,81.3,matthew.hernandez@company.com,(938) 235-5990,Active
EMP003758,Michael,Hernandez,Michael Hernandez,25,Finance,Coordinator,New York,62318.45,6587.79,2020-07-20,0,81.6,michael.hernandez@company.com,(251) 821-4626,Active
EMP003759,Christopher,Lopez,Christopher Lopez,25,HR,Associate,Austin,51389.83,3637.13,2021-02-19,0,89.7,christopher.lopez@company.com,(982) 443-1106,Active
EMP003760,Amanda,Martinez,Amanda Martinez,30,HR,Manager,Miami,52574.54,746.72,2020-01-06,6,68.5,amanda.martinez@company.com,(791) 753-5617,Active
EMP003761,William,Davis,William Davis,25,Legal,Manager,Miami,94194.42,2912.57,2023-08-03,3,98.1,william.davis@company.com,(862) 350-2571,Active
EMP003762,John,Rodriguez,John Rodriguez,63,Legal,Senior Developer,New York,98772.14,11339.1,2024-08-04,37,87.1,john.rodriguez@company.com,(388) 549-3779,Active
EMP003763,Jessica,Miller,Jessica Miller,24,Legal,Lead,San Francisco,56827.2,7295.13,2023-08-07,0,93.3,jessica.miller@company.com,(752) 583-7237,Active
EMP003764,Daniel,Gonzalez,Daniel Gonzalez,36,Legal,Manager,Boston,83564.89,5275.65,2021-12-27,9,86.8,daniel.gonzalez@company.com,(818) 296-9086,On Leave
EMP003765,Jessica,Jackson,Jessica Jackson,44,HR,Senior Developer,New York,94115.06,11068.04,2020-04-27,21,87.7,jessica.jackson@company.com,(902) 555-6948,Inactive
EMP003766,Anthony,Williams,Anthony Williams,50,IT,Director,Austin,123633.37,5468.18,2024-01-09,28,72.8,anthony.williams@company.com,(866) 275-8997,Active
EMP003767,Christopher,Martinez,Christopher Martinez,53,Legal,Specialist,New York,92857.61,6912.45,2024-01-20,29,81.8,christopher.martinez@company.com,(507) 244-7319,Active
EMP003768,Ashley,Lopez,Ashley Lopez,53,Marketing,Director,Boston,78876.65,1074.99,2024-09-18,28,84.8,ashley.lopez@company.com,(577) 678-1351,Active
EMP003769,Christopher,Lopez,Christopher Lopez,45,Engineering,Associate,Seattle,56462.28,4098.04,2021-01-03,17,92.3,christopher.lopez@company.com,(212) 680-9814,Inactive
EMP003770,James,Wilson,James Wilson,57,Marketing,Lead,Chicago,85113.57,6412.72,2020-08-14,34,61.8,james.wilson@company.com,(794) 877-3623,Active
EMP003771,David,Gonzalez,David Gonzalez,37,Sales,Associate,San Francisco,88083.86,2357.54,2022-11-15,13,93.1,david.gonzalez@company.com,(220) 957-2925,Active
EMP003772,Lisa,Davis,Lisa Davis,63,IT,Senior Developer,New York,128873.21,16295.43,2023-04-22,37,65.6,lisa.davis@company.com,(485) 785-1057,Active
EMP003773,Michael,Anderson,Michael Anderson,43,Engineering,Director,New York,91317.02,9314.3,2020-10-05,15,66.3,michael.anderson@company.com,(711) 906-7655,Active
EMP003774,Matthew,Smith,Matthew Smith,22,Operations,Lead,Miami,62819.92,2777.88,2024-08-13,0,97.1,matthew.smith@company.com,(702) 707-1815,Active
EMP003775,Anthony,Anderson,Anthony Anderson,56,Marketing,Analyst,Los Angeles,90153.06,8389.66,2024-12-09,29,83.2,anthony.anderson@company.com,(302) 307-6502,Active
EMP003776,Lisa,Gonzalez,Lisa Gonzalez,36,Finance,Manager,Los Angeles,38938.43,3865.08,2022-10-02,13,59.9,lisa.gonzalez@company.com,(660) 407-6209,On Leave
EMP003777,Amanda,Gonzalez,Amanda Gonzalez,56,Sales,Analyst,Chicago,76182.01,16897.11,2020-03-16,28,85.7,amanda.gonzalez@company.com,(562) 323-4353,Active
EMP003778,Jessica,Jackson,Jessica Jackson,43,Legal,Analyst,Seattle,67968.45,10541.08,2021-12-21,19,88.2,jessica.jackson@company.com,(245) 249-9126,Active
EMP003779,Stephanie,Anderson,Stephanie Anderson,47,Finance,Lead,Los Angeles,69958.58,7716.9,2021-01-22,19,77.3,stephanie.anderson@company.com,(571) 754-2976,Active
EMP003780,Sarah,Thomas,Sarah Thomas,44,Legal,Lead,Seattle,93960.41,13581.71,2021-07-31,22,77.5,sarah.thomas@company.com,(711) 661-4911,Active
EMP003781,Lisa,Martin,Lisa Martin,59,Operations,Director,Seattle,64578.11,4617.36,2023-01-04,36,55.9,lisa.martin@company.com,(440) 581-7334,Active
EMP003782,Anthony,Thomas,Anthony Thomas,24,Sales,Coordinator,Chicago,65238.63,12282.51,2020-10-23,0,54.9,anthony.thomas@company.com,(991) 236-2314,Active
EMP003783,Jane,Gonzalez,Jane Gonzalez,37,Finance,Senior Developer,Los Angeles,50589.29,7073.89,2020-10-31,15,62.9,jane.gonzalez@company.com,(590) 702-2833,Active
EMP003784,Anthony,Wilson,Anthony Wilson,39,HR,Coordinator,Austin,76781.73,7725.56,2021-05-04,17,87.2,anthony.wilson@company.com,(894) 238-4487,Active
EMP003785,Jessica,Moore,Jessica Moore,57,Legal,Manager,Austin,132721.66,16525.15,2021-10-19,30,94.9,jessica.moore@company.com,(856) 602-9689,Active
EMP003786,Melissa,Lopez,Melissa Lopez,29,HR,Coordinator,Austin,56887.59,2062.88,2024-09-22,4,80.2,melissa.lopez@company.com,(539) 382-7939,Active
EMP003787,Jane,Jones,Jane Jones,43,Finance,Specialist,Miami,63436.24,4996.33,2022-09-10,15,75.9,jane.jones@company.com,(716) 326-2863,Active
EMP003788,Emily,Gonzalez,Emily Gonzalez,36,HR,Coordinator,Seattle,78129.55,6239.1,2020-09-07,7,88.7,emily.gonzalez@company.com,(662) 436-3706,Active
EMP003789,David,Jackson,David Jackson,42,HR,Lead,San Francisco,61307.4,5074.66,2023-08-13,14,55.8,david.jackson@company.com,(671) 722-8069,Active
EMP003790,John,Davis,John Davis,42,Finance,Coordinator,Miami,79845.73,8437.16,2024-09-09,14,72.3,john.davis@company.com,(976) 859-1908,Active
EMP003791,Melissa,Thomas,Melissa Thomas,48,Legal,Lead,San Francisco,80891.51,13553.73,2021-09-07,21,62.8,melissa.thomas@company.com,(408) 275-3056,Active
EMP003792,Robert,Martinez,Robert Martinez,59,Operations,Coordinator,Austin,85765.74,9080.98,2021-05-22,35,72.9,robert.martinez@company.com,(714) 912-2253,Active
EMP003793,James,Thomas,James Thomas,58,Operations,Analyst,New York,89213.67,8670.48,2022-07-29,32,94.7,james.thomas@company.com,(361) 251-5451,Active
EMP003794,Robert,Gonzalez,Robert Gonzalez,29,Operations,Coordinator,Miami,40119.43,4196.01,2022-05-05,1,92.8,robert.gonzalez@company.com,(390) 826-5203,Active
EMP003795,Anthony,Brown,Anthony Brown,59,IT,Lead,Los Angeles,91190.09,7578.76,2020-01-10,34,62.3,anthony.brown@company.com,(733) 749-6167,Active
EMP003796,Christopher,Jackson,Christopher Jackson,63,Finance,Specialist,Austin,117169.37,12043.18,2021-06-28,39,73.7,christopher.jackson@company.com,(308) 261-2105,Active
EMP003797,David,Thomas,David Thomas,56,Legal,Director,Seattle,85257.18,10314.27,2021-12-15,28,56.9,david.thomas@company.com,(485) 798-3461,Active
EMP003798,John,Brown,John Brown,38,Sales,Senior Developer,Los Angeles,61598.17,5548.14,2021-03-14,12,64.7,john.brown@company.com,(359) 980-5020,Active
EMP003799,James,Miller,James Miller,23,Finance,Senior Developer,San Francisco,57095.73,7160.32,2020-07-01,0,53.2,james.miller@company.com,(532) 933-9183,Active
EMP003800,Robert,Martinez,Robert Martinez,25,Legal,Associate,Boston,61478.22,6561.52,2020-04-18,2,85.3,robert.martinez@company.com,(858) 294-7750,Active
EMP003801,Emily,Gonzalez,Emily Gonzalez,53,Marketing,Coordinator,Seattle,63355.46,880.02,2021-10-24,28,84.4,emily.gonzalez@company.com,(490) 626-3665,Active
EMP003802,Emily,Brown,Emily Brown,32,HR,Specialist,Boston,60621.74,5086.57,2024-06-12,4,99.2,emily.brown@company.com,(598) 837-3779,Active
EMP003803,Jessica,Jackson,Jessica Jackson,61,Finance,Lead,New York,87100.98,12042.25,2024-09-09,35,74.4,jessica.jackson@company.com,(285) 968-8287,Active
EMP003804,Ashley,Davis,Ashley Davis,63,Finance,Associate,Los Angeles,101393.2,7567.27,2020-05-07,34,85.5,ashley.davis@company.com,(839) 548-5246,Active
EMP003805,Jane,Johnson,Jane Johnson,26,IT,Director,New York,89787.04,9848.78,2023-03-14,0,59.4,jane.johnson@company.com,(738) 278-1843,Active
EMP003806,Amanda,Brown,Amanda Brown,60,IT,Coordinator,Austin,105484.79,15055.82,2020-09-30,32,61.5,amanda.brown@company.com,(276) 465-2399,Active
EMP003807,John,Garcia,John Garcia,48,Marketing,Senior Developer,Seattle,75499.54,3926.54,2022-09-25,19,100.0,john.garcia@company.com,(546) 608-2103,Active
EMP003808,Jane,Martin,Jane Martin,60,Operations,Specialist,Los Angeles,71932.28,11353.54,2023-09-22,32,90.6,jane.martin@company.com,(287) 741-6501,Active
EMP003809,Robert,Miller,Robert Miller,48,HR,Associate,Los Angeles,70176.13,12582.98,2022-01-06,20,88.4,robert.miller@company.com,(948) 212-3301,Active
EMP003810,Lisa,Williams,Lisa Williams,47,Operations,Coordinator,Los Angeles,66445.58,3982.41,2023-02-04,21,40.3,lisa.williams@company.com,(319) 649-2620,Active
EMP003811,Melissa,Moore,Melissa Moore,26,Marketing,Coordinator,New York,84245.18,11223.78,2020-12-29,0,79.0,melissa.moore@company.com,(955) 511-3920,Active
EMP003812,Anthony,Brown,Anthony Brown,34,Sales,Analyst,Seattle,78821.6,4015.75,2023-03-14,8,65.6,anthony.brown@company.com,(796) 822-5429,Active
EMP003813,Ashley,Brown,Ashley Brown,65,Finance,Senior Developer,New York,119059.25,6388.8,2021-03-19,37,99.2,ashley.brown@company.com,(725) 570-7500,Inactive
EMP003814,Anthony,Miller,Anthony Miller,39,Sales,Analyst,Seattle,45527.76,1965.23,2022-04-24,14,79.9,anthony.miller@company.com,(529) 357-1093,Inactive
EMP003815,Emily,Smith,Emily Smith,32,Sales,Specialist,Miami,68300.69,6875.56,2024-12-27,6,74.1,emily.smith@company.com,(243) 355-1846,Active
EMP003816,Matthew,Martinez,Matthew Martinez,34,Finance,Associate,Los Angeles,112796.13,9383.81,2022-04-05,6,93.0,matthew.martinez@company.com,(572) 839-5870,Active
EMP003817,Nicole,Jones,Nicole Jones,23,Legal,Senior Developer,Chicago,94139.62,10490.71,2021-05-21,0,62.3,nicole.jones@company.com,(877) 594-8488,Inactive
EMP003818,James,Martin,James Martin,43,Sales,Specialist,Los Angeles,55005.28,8151.54,2021-07-13,20,83.0,james.martin@company.com,(910) 854-3027,On Leave
EMP003819,James,Miller,James Miller,58,Marketing,Manager,San Francisco,71646.9,9614.52,2020-07-13,34,40.6,james.miller@company.com,(300) 395-2009,Active
EMP003820,David,Miller,David Miller,50,Sales,Associate,Boston,60702.96,5687.73,2024-08-24,28,84.5,david.miller@company.com,(746) 985-3798,Inactive
EMP003821,Jessica,Martinez,Jessica Martinez,40,Marketing,Manager,Seattle,103381.73,13446.02,2024-01-29,17,83.3,jessica.martinez@company.com,(328) 351-5125,Active
EMP003822,Christopher,Thomas,Christopher Thomas,39,Sales,Analyst,Austin,99128.72,11825.93,2020-01-21,11,74.9,christopher.thomas@company.com,(342) 520-5045,Inactive
EMP003823,William,Garcia,William Garcia,36,HR,Lead,Los Angeles,91441.89,17457.53,2024-06-26,10,90.3,william.garcia@company.com,(240) 658-8767,Active
EMP003824,Ashley,Jones,Ashley Jones,36,HR,Associate,Miami,64514.6,7467.33,2023-12-21,13,100.0,ashley.jones@company.com,(604) 681-5954,Active
EMP003825,Nicole,Thomas,Nicole Thomas,36,Legal,Senior Developer,Chicago,76399.57,3705.02,2020-03-22,12,78.1,nicole.thomas@company.com,(659) 865-6538,Active
EMP003826,Ashley,Johnson,Ashley Johnson,60,Engineering,Director,Austin,117259.34,8497.24,2023-12-02,35,69.4,ashley.johnson@company.com,(236) 579-2196,Active
EMP003827,Lisa,Thomas,Lisa Thomas,40,Marketing,Lead,Seattle,75090.2,9204.36,2024-07-05,18,77.2,lisa.thomas@company.com,(340) 552-5530,Active
EMP003828,Amanda,Martinez,Amanda Martinez,35,Sales,Director,Los Angeles,71997.82,3863.78,2023-04-30,11,88.3,amanda.martinez@company.com,(382) 697-8117,Active
EMP003829,Jessica,Jackson,Jessica Jackson,58,Operations,Director,Chicago,64933.72,5138.83,2023-02-11,29,75.5,jessica.jackson@company.com,(873) 305-3773,Active
EMP003830,Matthew,Jackson,Matthew Jackson,64,HR,Director,Los Angeles,54438.02,4704.78,2023-10-05,41,82.2,matthew.jackson@company.com,(841) 370-8527,Active
EMP003831,Stephanie,Taylor,Stephanie Taylor,41,Engineering,Manager,Miami,100606.22,16607.08,2021-07-15,14,94.4,stephanie.taylor@company.com,(384) 866-4805,Active
EMP003832,Daniel,Davis,Daniel Davis,44,Sales,Director,Boston,35132.03,4078.28,2020-05-24,18,75.4,daniel.davis@company.com,(282) 942-7985,Active
EMP003833,Anthony,Garcia,Anthony Garcia,43,Sales,Coordinator,Austin,44327.33,5484.14,2021-05-25,19,90.2,anthony.garcia@company.com,(519) 924-8660,Active
EMP003834,Amanda,Smith,Amanda Smith,57,Legal,Lead,New York,70045.42,8450.38,2022-09-08,31,98.5,amanda.smith@company.com,(583) 206-5874,Active
EMP003835,Anthony,Martin,Anthony Martin,25,IT,Coordinator,Austin,78416.15,7680.67,2022-07-23,0,81.4,anthony.martin@company.com,(586) 716-7818,Active
EMP003836,Stephanie,Jones,Stephanie Jones,36,Sales,Manager,Austin,72630.75,8599.61,2024-07-20,7,65.4,stephanie.jones@company.com,(533) 792-6872,Active
EMP003837,William,Moore,William Moore,50,Finance,Specialist,Boston,110095.82,18196.89,2024-03-12,26,71.7,william.moore@company.com,(375) 366-7074,Active
EMP003838,James,Brown,James Brown,39,HR,Manager,Austin,44208.28,4198.95,2024-02-29,13,67.6,james.brown@company.com,(535) 827-2102,Active
EMP003839,Sarah,Jackson,Sarah Jackson,31,IT,Coordinator,Austin,85710.08,8620.54,2020-08-12,6,83.9,sarah.jackson@company.com,(965) 920-2630,Active
EMP003840,Stephanie,Thomas,Stephanie Thomas,25,Finance,Senior Developer,Boston,45152.5,5709.58,2023-10-09,0,76.7,stephanie.thomas@company.com,(435) 639-4758,Active
EMP003841,Amanda,Martin,Amanda Martin,23,Engineering,Manager,Boston,89012.29,16341.93,2021-05-30,0,80.8,amanda.martin@company.com,(266) 703-4888,Active
EMP003842,David,Jones,David Jones,60,HR,Analyst,Seattle,85544.14,12649.9,2022-05-09,34,70.5,david.jones@company.com,(918) 698-9230,Active
EMP003843,Daniel,Johnson,Daniel Johnson,37,HR,Director,Chicago,65444.84,6044.65,2023-07-21,10,82.3,daniel.johnson@company.com,(758) 314-3292,Active
EMP003844,Daniel,Williams,Daniel Williams,51,HR,Specialist,Boston,73366.22,9195.12,2023-10-13,29,76.9,daniel.williams@company.com,(653) 959-6245,Inactive
EMP003845,Sarah,Williams,Sarah Williams,45,Marketing,Coordinator,Miami,48128.32,3524.31,2023-04-05,22,62.0,sarah.williams@company.com,(633) 450-9159,Inactive
EMP003846,Robert,Williams,Robert Williams,36,Sales,Director,Seattle,94247.58,8203.86,2021-05-03,11,70.8,robert.williams@company.com,(307) 216-9766,Active
EMP003847,Emily,Davis,Emily Davis,46,Engineering,Coordinator,Los Angeles,114686.18,5962.29,2024-05-19,17,93.5,emily.davis@company.com,(795) 465-1431,Active
EMP003848,Nicole,Brown,Nicole Brown,37,Engineering,Associate,Austin,75624.02,7199.89,2021-09-01,11,87.1,nicole.brown@company.com,(760) 581-2518,Active
EMP003849,Jane,Jones,Jane Jones,55,Sales,Specialist,Chicago,60234.25,4909.22,2020-06-04,28,48.8,jane.jones@company.com,(923) 458-1388,Active
EMP003850,Daniel,Johnson,Daniel Johnson,29,Marketing,Associate,Seattle,54448.16,7507.68,2020-05-08,4,89.4,daniel.johnson@company.com,(634) 849-8710,Active
EMP003851,Robert,Garcia,Robert Garcia,65,Sales,Lead,Seattle,99348.43,4630.52,2024-10-31,38,69.8,robert.garcia@company.com,(211) 414-3103,On Leave
EMP003852,William,Miller,William Miller,48,Finance,Specialist,Miami,78955.43,7594.78,2021-03-12,25,100.0,william.miller@company.com,(941) 409-6026,Active
EMP003853,Sarah,Johnson,Sarah Johnson,54,IT,Senior Developer,Boston,84727.19,10016.56,2024-11-18,32,99.3,sarah.johnson@company.com,(246) 221-5820,Active
EMP003854,John,Williams,John Williams,28,Engineering,Senior Developer,Seattle,113670.32,8817.3,2021-02-12,6,100.0,john.williams@company.com,(324) 440-6508,Active
EMP003855,Daniel,Jackson,Daniel Jackson,48,Finance,Manager,Chicago,92800.46,11798.95,2024-01-16,22,96.0,daniel.jackson@company.com,(683) 978-3404,Active
EMP003856,David,Davis,David Davis,24,Operations,Lead,Los Angeles,49970.62,5211.14,2020-09-24,0,63.1,david.davis@company.com,(872) 287-9013,Active
EMP003857,Michael,Taylor,Michael Taylor,38,Legal,Lead,Miami,104062.47,17417.11,2022-05-17,10,77.9,michael.taylor@company.com,(687) 953-8175,Inactive
EMP003858,Michael,Miller,Michael Miller,38,Legal,Senior Developer,Miami,88303.95,17127.38,2020-09-20,16,90.5,michael.miller@company.com,(418) 821-9798,Active
EMP003859,Anthony,Davis,Anthony Davis,51,Legal,Manager,Chicago,108755.49,13746.62,2021-07-22,22,89.9,anthony.davis@company.com,(718) 687-4683,Active
EMP003860,Amanda,Brown,Amanda Brown,42,Finance,Coordinator,Boston,83031.1,10645.84,2024-02-23,17,58.1,amanda.brown@company.com,(713) 619-9352,Active
EMP003861,Michael,Anderson,Michael Anderson,48,HR,Senior Developer,Seattle,68206.1,4243.43,2023-01-07,26,64.1,michael.anderson@company.com,(768) 902-1501,Active
EMP003862,Anthony,Gonzalez,Anthony Gonzalez,30,Finance,Director,New York,54306.76,7287.18,2023-07-06,2,70.4,anthony.gonzalez@company.com,(848) 309-6698,Inactive
EMP003863,James,Taylor,James Taylor,55,Operations,Senior Developer,Austin,83135.05,1706.97,2024-04-20,32,91.0,james.taylor@company.com,(752) 852-6329,Active
EMP003864,Christopher,Jones,Christopher Jones,53,Engineering,Specialist,Boston,95572.88,9371.75,2024-08-21,28,73.6,christopher.jones@company.com,(513) 815-4132,Active
EMP003865,Anthony,Garcia,Anthony Garcia,57,Legal,Coordinator,San Francisco,76628.52,13460.53,2021-05-30,28,71.5,anthony.garcia@company.com,(231) 620-4733,Active
EMP003866,Stephanie,Anderson,Stephanie Anderson,58,Engineering,Manager,Chicago,116020.66,14220.6,2024-02-22,31,65.6,stephanie.anderson@company.com,(679) 850-2223,Active
EMP003867,Robert,Anderson,Robert Anderson,43,Finance,Manager,Chicago,99694.39,10432.26,2023-11-07,18,77.0,robert.anderson@company.com,(554) 567-6705,Active
EMP003868,Jessica,Hernandez,Jessica Hernandez,38,Finance,Manager,Seattle,80841.14,7595.0,2022-07-10,16,89.2,jessica.hernandez@company.com,(977) 728-7769,Active
EMP003869,Matthew,Taylor,Matthew Taylor,29,Marketing,Senior Developer,Chicago,64075.96,5044.04,2024-04-10,0,60.6,matthew.taylor@company.com,(232) 958-1634,Active
EMP003870,David,Smith,David Smith,33,Finance,Specialist,New York,74123.18,11922.65,2022-10-09,9,64.8,david.smith@company.com,(978) 269-3044,Active
EMP003871,Ashley,Gonzalez,Ashley Gonzalez,28,Sales,Coordinator,Miami,72554.12,10696.02,2023-10-01,2,56.7,ashley.gonzalez@company.com,(703) 750-1255,Inactive
EMP003872,William,Brown,William Brown,51,Engineering,Associate,Seattle,119225.51,11177.51,2022-04-17,27,77.2,william.brown@company.com,(695) 283-9549,Active
EMP003873,William,Jones,William Jones,31,IT,Specialist,Chicago,70576.65,7109.42,2021-09-07,5,84.2,william.jones@company.com,(709) 260-5239,Active
EMP003874,Stephanie,Thomas,Stephanie Thomas,34,Sales,Manager,San Francisco,57124.3,3214.46,2020-08-28,10,100.0,stephanie.thomas@company.com,(714) 674-8638,Active
EMP003875,Jessica,Davis,Jessica Davis,26,Marketing,Lead,Boston,63078.37,5603.35,2024-05-09,0,67.6,jessica.davis@company.com,(248) 909-5673,Active
EMP003876,Jessica,Smith,Jessica Smith,60,Legal,Analyst,Austin,109634.09,4802.52,2021-09-22,31,96.9,jessica.smith@company.com,(585) 875-7932,Active
EMP003877,Anthony,Martin,Anthony Martin,62,Legal,Manager,Seattle,107256.11,8507.46,2024-03-25,34,65.9,anthony.martin@company.com,(418) 854-1934,Active
EMP003878,Jessica,Taylor,Jessica Taylor,28,Sales,Lead,Miami,53095.64,5576.03,2023-07-02,2,73.7,jessica.taylor@company.com,(809) 958-9195,Inactive
EMP003879,Anthony,Jones,Anthony Jones,37,Finance,Analyst,Los Angeles,76677.12,4969.88,2021-08-03,14,86.9,anthony.jones@company.com,(678) 222-5628,Inactive
EMP003880,Sarah,Brown,Sarah Brown,28,HR,Senior Developer,New York,46139.22,4852.21,2022-11-13,3,77.0,sarah.brown@company.com,(636) 986-5725,Active
EMP003881,Jessica,Williams,Jessica Williams,23,Finance,Associate,Boston,89253.09,8408.7,2024-07-28,1,53.6,jessica.williams@company.com,(580) 299-9357,Active
EMP003882,Emily,Anderson,Emily Anderson,65,Operations,Lead,San Francisco,73659.85,7570.17,2020-04-26,39,80.4,emily.anderson@company.com,(222) 451-5443,Active
EMP003883,Daniel,Rodriguez,Daniel Rodriguez,49,HR,Coordinator,Chicago,72542.8,9964.0,2024-12-24,20,72.3,daniel.rodriguez@company.com,(590) 899-8684,Active
EMP003884,James,Miller,James Miller,53,IT,Coordinator,Chicago,115848.52,15854.0,2020-07-06,31,68.2,james.miller@company.com,(864) 887-3536,Active
EMP003885,Michael,Hernandez,Michael Hernandez,42,Finance,Senior Developer,San Francisco,54948.75,6508.71,2020-08-20,20,51.0,michael.hernandez@company.com,(806) 227-3252,Active
EMP003886,John,Thomas,John Thomas,64,Sales,Associate,Austin,92647.09,7008.13,2023-08-23,38,74.2,john.thomas@company.com,(797) 408-1864,Active
EMP003887,Amanda,Jones,Amanda Jones,58,Marketing,Specialist,San Francisco,91198.52,12403.06,2021-06-26,36,87.6,amanda.jones@company.com,(367) 862-7944,Active
EMP003888,Daniel,Davis,Daniel Davis,46,Operations,Specialist,Austin,60082.33,3414.1,2023-10-03,17,80.0,daniel.davis@company.com,(339) 523-7953,Active
EMP003889,Stephanie,Brown,Stephanie Brown,56,Operations,Specialist,Seattle,66780.86,6832.96,2024-02-13,30,69.4,stephanie.brown@company.com,(345) 623-2397,Active
EMP003890,James,Hernandez,James Hernandez,48,HR,Coordinator,Miami,52623.31,8801.39,2023-01-01,25,70.5,james.hernandez@company.com,(357) 611-9682,Active
EMP003891,Lisa,Lopez,Lisa Lopez,22,Engineering,Specialist,San Francisco,58041.32,6963.78,2024-10-09,0,50.1,lisa.lopez@company.com,(826) 794-6094,On Leave
EMP003892,Emily,Miller,Emily Miller,50,Marketing,Coordinator,Austin,46083.34,8002.46,2023-02-10,25,56.5,emily.miller@company.com,(579) 807-4768,Active
EMP003893,Matthew,Johnson,Matthew Johnson,36,HR,Analyst,Boston,32740.04,497.13,2022-11-06,8,68.9,matthew.johnson@company.com,(730) 230-6506,Active
EMP003894,Melissa,Hernandez,Melissa Hernandez,51,Engineering,Senior Developer,Miami,112035.46,15936.52,2023-04-14,22,100.0,melissa.hernandez@company.com,(902) 845-8390,Active
EMP003895,Amanda,Rodriguez,Amanda Rodriguez,43,Finance,Coordinator,Chicago,92867.5,4714.06,2021-01-05,19,58.1,amanda.rodriguez@company.com,(487) 920-8755,Active
EMP003896,Melissa,Rodriguez,Melissa Rodriguez,61,Finance,Associate,Seattle,108139.38,23610.77,2021-06-25,37,80.5,melissa.rodriguez@company.com,(801) 451-1555,Active
EMP003897,Ashley,Johnson,Ashley Johnson,48,Engineering,Manager,Los Angeles,89546.83,6597.15,2022-03-02,21,84.7,ashley.johnson@company.com,(781) 744-9372,Inactive
EMP003898,Christopher,Martinez,Christopher Martinez,30,IT,Lead,Chicago,81858.64,12131.22,2022-01-15,6,62.4,christopher.martinez@company.com,(573) 412-9140,Active
EMP003899,Jessica,Moore,Jessica Moore,31,Operations,Associate,Seattle,56696.33,4172.21,2020-02-12,7,86.3,jessica.moore@company.com,(796) 303-3289,Active
EMP003900,William,Smith,William Smith,31,Legal,Coordinator,Chicago,78232.65,2013.22,2021-06-02,7,69.2,william.smith@company.com,(562) 948-4245,Active
EMP003901,Jane,Williams,Jane Williams,31,IT,Director,New York,84903.1,11630.12,2020-10-16,6,65.8,jane.williams@company.com,(847) 961-5143,Active
EMP003902,Daniel,Jackson,Daniel Jackson,34,Marketing,Analyst,Los Angeles,62488.72,3996.94,2022-01-08,10,100.0,daniel.jackson@company.com,(884) 306-8813,Active
EMP003903,Sarah,Gonzalez,Sarah Gonzalez,64,Engineering,Analyst,Austin,116151.38,8396.57,2022-01-31,42,83.0,sarah.gonzalez@company.com,(260) 864-4786,Active
EMP003904,Anthony,Martinez,Anthony Martinez,55,HR,Specialist,Seattle,61914.6,2691.33,2020-11-12,27,74.4,anthony.martinez@company.com,(670) 770-6857,Active
EMP003905,Jessica,Wilson,Jessica Wilson,63,Sales,Specialist,Miami,100285.68,17591.29,2023-03-13,40,61.7,jessica.wilson@company.com,(624) 943-5301,Active
EMP003906,Ashley,Martin,Ashley Martin,48,Operations,Lead,Boston,63483.01,6705.98,2024-02-10,19,63.5,ashley.martin@company.com,(719) 318-3839,Active
EMP003907,Robert,Brown,Robert Brown,62,Legal,Analyst,Seattle,125929.19,11504.43,2022-06-18,36,61.0,robert.brown@company.com,(946) 309-9668,Active
EMP003908,David,Rodriguez,David Rodriguez,29,Engineering,Director,Chicago,76851.27,6197.73,2023-05-13,0,78.3,david.rodriguez@company.com,(413) 603-3119,Active
EMP003909,Sarah,Anderson,Sarah Anderson,37,IT,Manager,Seattle,86338.33,4839.01,2024-04-18,10,88.2,sarah.anderson@company.com,(882) 483-1662,Active
EMP003910,Christopher,Hernandez,Christopher Hernandez,40,Operations,Senior Developer,San Francisco,71985.09,39.47,2020-11-30,12,70.6,christopher.hernandez@company.com,(765) 586-4791,Active
EMP003911,Sarah,Smith,Sarah Smith,62,Operations,Analyst,New York,97262.12,17052.48,2023-12-19,33,67.4,sarah.smith@company.com,(334) 744-3653,Active
EMP003912,Ashley,Hernandez,Ashley Hernandez,65,Operations,Analyst,Chicago,76019.58,9206.52,2022-06-24,36,100.0,ashley.hernandez@company.com,(998) 630-9034,Active
EMP003913,William,Garcia,William Garcia,42,HR,Coordinator,Austin,76798.56,2898.62,2023-12-02,16,70.8,william.garcia@company.com,(471) 422-4755,Active
EMP003914,Daniel,Miller,Daniel Miller,24,Marketing,Director,Miami,54991.28,5043.86,2023-05-30,0,74.3,daniel.miller@company.com,(628) 988-4065,Active
EMP003915,Amanda,Brown,Amanda Brown,61,Engineering,Analyst,New York,122781.86,3535.5,2022-02-15,36,57.5,amanda.brown@company.com,(201) 701-8225,Active
EMP003916,Michael,Rodriguez,Michael Rodriguez,41,HR,Associate,Seattle,59897.31,10580.79,2024-12-01,12,77.1,michael.rodriguez@company.com,(782) 882-7269,On Leave
EMP003917,James,Miller,James Miller,32,Legal,Coordinator,San Francisco,128680.53,16415.02,2021-12-31,8,79.5,james.miller@company.com,(687) 454-2825,On Leave
EMP003918,Amanda,Garcia,Amanda Garcia,37,Engineering,Senior Developer,Austin,70977.29,8775.9,2023-02-12,10,99.8,amanda.garcia@company.com,(664) 427-1496,Active
EMP003919,Anthony,Lopez,Anthony Lopez,30,Engineering,Director,Miami,83169.76,15009.41,2024-09-18,5,75.3,anthony.lopez@company.com,(438) 678-8361,Active
EMP003920,Jessica,Brown,Jessica Brown,52,Marketing,Director,Miami,53501.73,7438.71,2024-12-25,25,69.2,jessica.brown@company.com,(481) 287-6101,Active
EMP003921,Jane,Garcia,Jane Garcia,34,Legal,Manager,Boston,104423.97,4709.91,2022-12-12,10,46.1,jane.garcia@company.com,(352) 621-9914,Active
EMP003922,John,Martin,John Martin,35,Engineering,Analyst,Miami,93483.77,3445.24,2020-12-19,12,45.5,john.martin@company.com,(228) 774-8824,Active
EMP003923,Emily,Brown,Emily Brown,28,Finance,Analyst,Boston,42757.82,6634.05,2021-05-17,0,94.9,emily.brown@company.com,(810) 858-6297,Active
EMP003924,Jane,Jones,Jane Jones,29,HR,Senior Developer,Austin,54777.3,5399.17,2024-07-22,2,81.9,jane.jones@company.com,(535) 835-9455,Active
EMP003925,Amanda,Brown,Amanda Brown,50,Legal,Lead,Boston,131177.07,15753.24,2024-06-05,21,94.5,amanda.brown@company.com,(835) 230-4239,Active
EMP003926,John,Moore,John Moore,35,Engineering,Manager,Los Angeles,58633.42,3948.92,2024-12-19,10,59.8,john.moore@company.com,(819) 489-2098,Active
EMP003927,John,Garcia,John Garcia,58,Finance,Director,San Francisco,73564.48,3518.69,2020-02-19,36,81.4,john.garcia@company.com,(248) 654-9408,Active
EMP003928,Stephanie,Thomas,Stephanie Thomas,51,Operations,Coordinator,Miami,59630.31,8010.88,2021-11-28,23,67.8,stephanie.thomas@company.com,(899) 754-6539,Inactive
EMP003929,John,Jackson,John Jackson,37,Operations,Specialist,San Francisco,25500.0,3116.29,2021-11-17,13,78.2,john.jackson@company.com,(244) 503-8171,Active
EMP003930,Jessica,Gonzalez,Jessica Gonzalez,57,IT,Associate,Seattle,122872.68,9098.56,2020-09-19,30,73.5,jessica.gonzalez@company.com,(656) 382-9219,Active
EMP003931,James,Brown,James Brown,51,Sales,Analyst,Seattle,89354.23,3393.54,2020-03-21,25,57.7,james.brown@company.com,(515) 431-5430,Active
EMP003932,James,Johnson,James Johnson,39,Finance,Analyst,Los Angeles,92389.13,18234.4,2020-08-05,16,69.7,james.johnson@company.com,(698) 595-5272,Active
EMP003933,Ashley,Martin,Ashley Martin,28,HR,Senior Developer,Seattle,59385.38,7082.8,2022-05-21,5,75.9,ashley.martin@company.com,(932) 970-7187,Active
EMP003934,Jane,Anderson,Jane Anderson,35,IT,Coordinator,Boston,59801.67,7774.89,2022-07-03,11,46.0,jane.anderson@company.com,(477) 835-2234,On Leave
EMP003935,Michael,Johnson,Michael Johnson,33,IT,Lead,Los Angeles,77273.83,6048.75,2023-08-05,8,74.9,michael.johnson@company.com,(354) 639-5746,Inactive
EMP003936,Matthew,Anderson,Matthew Anderson,28,HR,Coordinator,Miami,77248.17,8926.18,2021-03-19,1,48.6,matthew.anderson@company.com,(665) 684-1858,Active
EMP003937,Emily,Rodriguez,Emily Rodriguez,37,HR,Associate,San Francisco,40300.4,3577.44,2024-02-25,12,68.2,emily.rodriguez@company.com,(472) 564-9544,On Leave
EMP003938,William,Davis,William Davis,60,Legal,Specialist,New York,80046.73,7398.87,2022-06-20,31,25.4,william.davis@company.com,(202) 499-1643,Active
EMP003939,Anthony,Miller,Anthony Miller,30,IT,Senior Developer,Boston,40181.9,3089.33,2024-06-30,6,57.1,anthony.miller@company.com,(721) 657-7115,Active
EMP003940,Anthony,Garcia,Anthony Garcia,22,IT,Manager,Chicago,36000.0,6237.68,2024-09-03,0,62.3,anthony.garcia@company.com,(992) 996-4613,Active
EMP003941,Emily,Thomas,Emily Thomas,34,HR,Lead,Boston,69151.23,4692.69,2020-08-29,8,41.7,emily.thomas@company.com,(344) 572-7379,Inactive
EMP003942,Emily,Williams,Emily Williams,26,Marketing,Manager,Austin,53919.21,6129.52,2020-02-25,1,74.3,emily.williams@company.com,(765) 999-6593,Active
EMP003943,Matthew,Jackson,Matthew Jackson,33,Operations,Coordinator,San Francisco,37924.37,3210.31,2021-04-24,7,59.1,matthew.jackson@company.com,(345) 922-5996,Active
EMP003944,Christopher,Gonzalez,Christopher Gonzalez,39,Engineering,Manager,New York,103962.14,10111.09,2024-11-27,16,49.6,christopher.gonzalez@company.com,(541) 702-9809,Active
EMP003945,Lisa,Johnson,Lisa Johnson,60,HR,Director,New York,75642.09,8243.18,2021-07-04,37,84.1,lisa.johnson@company.com,(274) 451-7646,Active
EMP003946,Robert,Jones,Robert Jones,44,Operations,Specialist,Los Angeles,87493.97,12312.57,2023-06-16,16,100.0,robert.jones@company.com,(895) 816-8271,Inactive
EMP003947,Daniel,Smith,Daniel Smith,63,Legal,Associate,New York,95009.06,19679.75,2020-03-31,36,100.0,daniel.smith@company.com,(225) 710-5462,Inactive
EMP003948,Sarah,Rodriguez,Sarah Rodriguez,38,HR,Lead,Austin,82794.57,9438.27,2020-03-05,14,86.3,sarah.rodriguez@company.com,(252) 484-2299,Active
EMP003949,Melissa,Martinez,Melissa Martinez,60,Finance,Associate,Austin,87057.59,5582.31,2023-02-20,35,82.3,melissa.martinez@company.com,(648) 284-7251,Active
EMP003950,Daniel,Wilson,Daniel Wilson,40,Marketing,Coordinator,San Francisco,68336.13,9308.6,2024-12-31,14,95.2,daniel.wilson@company.com,(689) 924-9024,Active
EMP003951,John,Hernandez,John Hernandez,56,Finance,Associate,Boston,73851.6,16716.35,2022-05-28,30,81.9,john.hernandez@company.com,(324) 736-3445,Active
EMP003952,Nicole,Thomas,Nicole Thomas,62,Finance,Specialist,San Francisco,92639.36,12860.52,2020-12-14,40,44.8,nicole.thomas@company.com,(700) 718-6923,Inactive
EMP003953,Michael,Rodriguez,Michael Rodriguez,52,Sales,Analyst,Miami,78694.75,8706.98,2022-05-06,26,100.0,michael.rodriguez@company.com,(412) 925-5230,Active
EMP003954,Emily,Williams,Emily Williams,52,Marketing,Director,Chicago,70930.89,3036.28,2024-01-01,24,87.1,emily.williams@company.com,(424) 790-9587,Inactive
EMP003955,Emily,Brown,Emily Brown,56,Operations,Manager,New York,66710.95,6646.7,2022-08-02,29,84.1,emily.brown@company.com,(915) 325-4467,Inactive
EMP003956,David,Smith,David Smith,29,Finance,Specialist,Seattle,92675.46,12622.75,2024-05-17,4,75.3,david.smith@company.com,(559) 629-8428,Inactive
EMP003957,Melissa,Williams,Melissa Williams,59,Operations,Senior Developer,Seattle,59080.65,6316.78,2024-02-12,33,87.8,melissa.williams@company.com,(675) 865-7223,Active
EMP003958,Ashley,Hernandez,Ashley Hernandez,28,IT,Senior Developer,Austin,50436.24,7007.32,2024-12-31,3,66.8,ashley.hernandez@company.com,(301) 611-6080,Active
EMP003959,Christopher,Thomas,Christopher Thomas,32,Legal,Coordinator,Los Angeles,65079.72,4031.37,2024-07-30,8,67.8,christopher.thomas@company.com,(685) 936-8094,Active
EMP003960,William,Thomas,William Thomas,28,IT,Coordinator,New York,46478.72,5497.02,2020-09-14,3,97.0,william.thomas@company.com,(208) 712-6603,Active
EMP003961,David,Jackson,David Jackson,57,IT,Coordinator,Seattle,100733.1,13191.6,2024-12-08,34,75.7,david.jackson@company.com,(528) 389-2156,Active
EMP003962,Jane,Martinez,Jane Martinez,50,Legal,Lead,Chicago,98346.43,2082.93,2020-10-21,22,61.9,jane.martinez@company.com,(679) 569-5900,Active
EMP003963,David,Garcia,David Garcia,48,Engineering,Senior Developer,Los Angeles,67717.33,9585.11,2023-11-07,26,78.5,david.garcia@company.com,(916) 767-6927,Active
EMP003964,Stephanie,Martin,Stephanie Martin,33,Marketing,Director,Miami,37502.49,5461.77,2023-08-14,10,89.8,stephanie.martin@company.com,(738) 642-5515,Active
EMP003965,Christopher,Thomas,Christopher Thomas,49,Marketing,Associate,Seattle,85874.46,7507.39,2024-10-29,26,88.5,christopher.thomas@company.com,(642) 407-1613,Active
EMP003966,Michael,Rodriguez,Michael Rodriguez,60,HR,Director,New York,95058.41,6347.14,2020-07-01,33,71.6,michael.rodriguez@company.com,(757) 913-4111,On Leave
EMP003967,Jessica,Davis,Jessica Davis,32,Engineering,Senior Developer,San Francisco,70875.05,6639.13,2020-08-17,9,66.9,jessica.davis@company.com,(720) 469-1351,Active
EMP003968,William,Taylor,William Taylor,42,Operations,Lead,Boston,86180.02,12474.93,2021-10-16,20,86.7,william.taylor@company.com,(580) 336-5743,Active
EMP003969,Anthony,Gonzalez,Anthony Gonzalez,36,Sales,Senior Developer,Boston,60793.25,9501.01,2021-07-20,13,88.9,anthony.gonzalez@company.com,(397) 621-8495,Inactive
EMP003970,Amanda,Anderson,Amanda Anderson,34,HR,Senior Developer,Boston,63761.89,6754.36,2022-07-16,11,69.9,amanda.anderson@company.com,(785) 759-4272,Active
EMP003971,Daniel,Williams,Daniel Williams,26,HR,Coordinator,Boston,51691.92,4537.52,2022-03-24,0,72.2,daniel.williams@company.com,(634) 832-8078,On Leave
EMP003972,Jessica,Miller,Jessica Miller,22,Operations,Specialist,Los Angeles,56047.2,3656.79,2020-05-19,0,47.5,jessica.miller@company.com,(675) 869-9747,Inactive
EMP003973,James,Gonzalez,James Gonzalez,33,Engineering,Senior Developer,San Francisco,92524.11,7590.25,2024-05-06,9,81.2,james.gonzalez@company.com,(952) 642-3112,Active
EMP003974,Stephanie,Martin,Stephanie Martin,34,Finance,Associate,Miami,70474.4,4743.29,2023-12-12,10,57.9,stephanie.martin@company.com,(372) 806-4210,Active
EMP003975,Nicole,Martinez,Nicole Martinez,55,Marketing,Coordinator,Los Angeles,75787.15,5401.35,2024-09-09,33,85.5,nicole.martinez@company.com,(319) 696-8496,Active
EMP003976,Melissa,Jackson,Melissa Jackson,23,Engineering,Manager,San Francisco,73070.17,4908.21,2020-09-25,0,77.1,melissa.jackson@company.com,(870) 706-2262,Active
EMP003977,Jane,Martin,Jane Martin,25,Operations,Manager,Chicago,56191.8,7979.79,2021-01-19,0,71.4,jane.martin@company.com,(752) 876-8441,Active
EMP003978,David,Brown,David Brown,65,Operations,Manager,San Francisco,70384.09,9141.04,2023-07-22,38,88.0,david.brown@company.com,(480) 560-7270,Active
EMP003979,Ashley,Rodriguez,Ashley Rodriguez,59,IT,Analyst,Chicago,111052.2,9589.23,2020-03-14,34,75.8,ashley.rodriguez@company.com,(296) 600-6514,Active
EMP003980,Robert,Davis,Robert Davis,25,HR,Manager,Boston,51260.72,3235.29,2022-12-04,2,86.1,robert.davis@company.com,(359) 494-4090,Active
EMP003981,Christopher,Jones,Christopher Jones,37,Operations,Senior Developer,Austin,81885.97,4196.41,2021-07-20,15,67.1,christopher.jones@company.com,(214) 440-1879,Active
EMP003982,James,Hernandez,James Hernandez,54,Finance,Specialist,San Francisco,96094.79,21857.1,2020-11-22,28,79.6,james.hernandez@company.com,(262) 344-5638,Active
EMP003983,Robert,Lopez,Robert Lopez,32,Engineering,Specialist,Miami,153796.69,2435.53,2022-01-25,9,80.1,robert.lopez@company.com,(214) 978-4479,Active
EMP003984,Jessica,Garcia,Jessica Garcia,29,Engineering,Manager,Miami,89553.42,13155.35,2020-10-13,5,97.2,jessica.garcia@company.com,(471) 476-1064,Active
EMP003985,Robert,Williams,Robert Williams,49,Engineering,Lead,New York,107054.77,9176.23,2022-09-18,21,94.9,robert.williams@company.com,(298) 885-3849,Active
EMP003986,James,Davis,James Davis,57,Marketing,Lead,Miami,64132.56,3655.55,2023-07-13,34,73.2,james.davis@company.com,(858) 425-9020,Active
EMP003987,James,Rodriguez,James Rodriguez,62,Legal,Senior Developer,Los Angeles,134191.29,18526.79,2022-06-15,37,73.4,james.rodriguez@company.com,(330) 654-6848,Active
EMP003988,Jessica,Hernandez,Jessica Hernandez,35,Operations,Senior Developer,Seattle,72642.11,5972.83,2021-08-13,6,95.8,jessica.hernandez@company.com,(679) 299-3944,Inactive
EMP003989,Stephanie,Wilson,Stephanie Wilson,58,Sales,Director,Boston,87911.03,10581.44,2023-04-03,33,84.1,stephanie.wilson@company.com,(422) 990-3089,Active
EMP003990,Emily,Anderson,Emily Anderson,54,Engineering,Senior Developer,Chicago,101093.43,9079.41,2021-12-09,29,73.7,emily.anderson@company.com,(260) 857-2609,Active
EMP003991,William,Davis,William Davis,36,HR,Associate,New York,69230.69,5370.53,2020-11-18,11,63.4,william.davis@company.com,(683) 833-9840,On Leave
EMP003992,James,Taylor,James Taylor,43,Marketing,Lead,Seattle,78205.59,8157.63,2022-08-27,16,98.3,james.taylor@company.com,(393) 420-2144,Active
EMP003993,Lisa,Martin,Lisa Martin,64,Engineering,Lead,Austin,144320.16,11210.4,2020-08-17,42,85.1,lisa.martin@company.com,(905) 814-2796,Active
EMP003994,Daniel,Lopez,Daniel Lopez,35,HR,Coordinator,Boston,60096.55,6430.38,2022-08-04,11,77.8,daniel.lopez@company.com,(883) 289-5715,Active
EMP003995,Michael,Williams,Michael Williams,27,IT,Analyst,Chicago,48060.27,5349.56,2020-03-09,0,83.3,michael.williams@company.com,(923) 600-6328,Active
EMP003996,Jane,Smith,Jane Smith,38,Finance,Director,Seattle,78941.37,15842.34,2022-03-17,11,80.4,jane.smith@company.com,(457) 420-7427,Active
EMP003997,William,Miller,William Miller,49,Marketing,Senior Developer,Los Angeles,85505.43,9974.0,2021-06-01,22,57.6,william.miller@company.com,(350) 360-1122,Active
EMP003998,Daniel,Jones,Daniel Jones,62,Marketing,Associate,Miami,76920.68,5711.74,2024-01-10,37,80.3,daniel.jones@company.com,(712) 444-6228,Active
EMP003999,Matthew,Johnson,Matthew Johnson,53,Legal,Lead,Boston,112330.9,15899.28,2020-08-05,26,55.1,matthew.johnson@company.com,(257) 816-4576,Active
EMP004000,Amanda,Miller,Amanda Miller,54,Engineering,Manager,New York,127661.97,17938.79,2023-04-19,25,68.1,amanda.miller@company.com,(244) 261-7930,Active
EMP004001,David,Hernandez,David Hernandez,60,IT,Lead,Miami,99688.12,1011.12,2024-12-16,32,84.9,david.hernandez@company.com,(538) 490-7594,Active
EMP004002,Stephanie,Brown,Stephanie Brown,41,Legal,Specialist,Chicago,123757.36,14210.2,2022-08-05,17,86.2,stephanie.brown@company.com,(869) 228-4953,Active
EMP004003,Stephanie,Miller,Stephanie Miller,30,HR,Specialist,Chicago,65985.83,9323.64,2024-08-06,1,61.5,stephanie.miller@company.com,(587) 562-7768,Inactive
EMP004004,Matthew,Martinez,Matthew Martinez,39,Sales,Specialist,Boston,82345.15,9880.28,2024-03-13,10,72.9,matthew.martinez@company.com,(620) 952-4288,Active
EMP004005,Daniel,Hernandez,Daniel Hernandez,37,Legal,Coordinator,Austin,69465.42,3003.28,2024-03-28,13,77.5,daniel.hernandez@company.com,(269) 727-7003,Active
EMP004006,Melissa,Gonzalez,Melissa Gonzalez,53,IT,Coordinator,Boston,94167.82,7531.19,2023-04-02,29,72.1,melissa.gonzalez@company.com,(618) 535-7747,Active
EMP004007,Jessica,Davis,Jessica Davis,49,Legal,Analyst,Boston,111540.03,11549.22,2021-01-08,27,58.3,jessica.davis@company.com,(783) 604-5457,Active
EMP004008,David,Williams,David Williams,28,Engineering,Analyst,Chicago,118767.84,12618.41,2024-12-22,0,53.1,david.williams@company.com,(330) 533-2516,Active
EMP004009,James,Lopez,James Lopez,50,Legal,Director,Boston,87466.88,9516.61,2022-07-17,25,100.0,james.lopez@company.com,(856) 333-4765,Active
EMP004010,Stephanie,Johnson,Stephanie Johnson,35,Finance,Specialist,San Francisco,63907.41,11899.63,2020-10-21,13,48.6,stephanie.johnson@company.com,(639) 514-4506,Active
EMP004011,Lisa,Thomas,Lisa Thomas,40,Engineering,Director,San Francisco,71958.13,9850.97,2024-06-06,13,59.9,lisa.thomas@company.com,(698) 358-3931,Active
EMP004012,David,Brown,David Brown,57,Engineering,Coordinator,Austin,117952.0,24018.56,2023-07-31,33,66.5,david.brown@company.com,(975) 352-6101,Inactive
EMP004013,Robert,Martin,Robert Martin,32,Marketing,Coordinator,Chicago,62282.06,4087.83,2020-03-08,3,94.3,robert.martin@company.com,(289) 933-6007,Active
EMP004014,David,Moore,David Moore,60,Finance,Lead,New York,95030.68,6440.12,2024-07-07,35,71.7,david.moore@company.com,(642) 893-6380,Active
EMP004015,Jane,Moore,Jane Moore,62,Legal,Specialist,Austin,151667.75,24453.66,2024-03-19,36,91.6,jane.moore@company.com,(710) 612-8502,Active
EMP004016,John,Johnson,John Johnson,29,Legal,Specialist,Chicago,127214.33,19678.57,2021-09-13,1,56.5,john.johnson@company.com,(608) 641-7424,Active
EMP004017,Ashley,Moore,Ashley Moore,30,HR,Manager,Los Angeles,50657.37,5184.54,2023-10-24,8,88.5,ashley.moore@company.com,(778) 848-6067,Active
EMP004018,Stephanie,Taylor,Stephanie Taylor,25,Marketing,Manager,Boston,69988.97,4819.88,2022-12-20,0,83.0,stephanie.taylor@company.com,(534) 543-3961,Active
EMP004019,Stephanie,Garcia,Stephanie Garcia,26,Legal,Associate,Chicago,66766.67,9874.03,2022-02-17,0,81.9,stephanie.garcia@company.com,(779) 968-3397,Active
EMP004020,David,Hernandez,David Hernandez,35,Legal,Lead,Chicago,93164.5,10110.28,2021-05-16,7,85.7,david.hernandez@company.com,(847) 511-7764,Inactive
EMP004021,Lisa,Garcia,Lisa Garcia,63,Legal,Specialist,New York,132259.84,9162.78,2022-08-15,41,74.7,lisa.garcia@company.com,(381) 397-4947,Active
EMP004022,William,Wilson,William Wilson,40,IT,Senior Developer,Los Angeles,61348.31,8436.91,2020-04-04,16,54.7,william.wilson@company.com,(561) 302-5886,Active
EMP004023,Christopher,Williams,Christopher Williams,32,Engineering,Associate,Los Angeles,113355.34,16289.02,2020-12-11,5,60.5,christopher.williams@company.com,(714) 762-7326,Active
EMP004024,Matthew,Taylor,Matthew Taylor,51,Legal,Specialist,Chicago,72239.01,2360.76,2021-05-28,25,88.3,matthew.taylor@company.com,(818) 460-1311,Active
EMP004025,Lisa,Lopez,Lisa Lopez,54,Sales,Coordinator,Los Angeles,122723.17,11077.97,2022-05-04,28,93.5,lisa.lopez@company.com,(288) 435-5910,Active
EMP004026,Nicole,Moore,Nicole Moore,52,HR,Senior Developer,Austin,91907.59,11873.39,2023-01-20,26,96.1,nicole.moore@company.com,(453) 757-1453,Active
EMP004027,Anthony,Miller,Anthony Miller,54,Finance,Associate,Miami,118310.75,15547.26,2023-04-14,31,100.0,anthony.miller@company.com,(269) 338-4333,Active
EMP004028,Melissa,Martin,Melissa Martin,49,HR,Senior Developer,New York,74768.42,6136.52,2024-05-08,25,89.5,melissa.martin@company.com,(889) 361-3620,Inactive
EMP004029,John,Williams,John Williams,62,IT,Senior Developer,Austin,86756.01,15680.74,2022-10-23,36,76.5,john.williams@company.com,(982) 575-3955,Active
EMP004030,David,Davis,David Davis,51,Sales,Analyst,Boston,99240.54,2897.12,2021-03-18,28,68.3,david.davis@company.com,(274) 399-4970,Active
EMP004031,Christopher,Miller,Christopher Miller,63,Sales,Manager,Seattle,88144.77,9966.63,2023-04-30,36,65.9,christopher.miller@company.com,(766) 381-2303,Active
EMP004032,Jane,Garcia,Jane Garcia,56,HR,Associate,San Francisco,86721.79,12024.69,2022-09-18,31,62.7,jane.garcia@company.com,(391) 235-2841,Active
EMP004033,Amanda,Martin,Amanda Martin,40,Engineering,Senior Developer,Austin,82337.64,5435.93,2023-09-20,15,65.5,amanda.martin@company.com,(991) 667-8961,Active
EMP004034,Christopher,Jackson,Christopher Jackson,63,Engineering,Manager,New York,83063.75,12744.91,2023-11-14,34,68.6,christopher.jackson@company.com,(307) 871-2297,On Leave
EMP004035,Christopher,Hernandez,Christopher Hernandez,44,HR,Specialist,Chicago,92309.93,11764.34,2024-10-06,18,94.7,christopher.hernandez@company.com,(516) 742-4906,Active
EMP004036,Robert,Taylor,Robert Taylor,23,Legal,Coordinator,San Francisco,65610.8,2946.06,2020-05-28,1,100.0,robert.taylor@company.com,(520) 491-9074,Active
EMP004037,Lisa,Brown,Lisa Brown,43,Sales,Manager,Miami,67941.54,3887.84,2024-01-05,18,81.5,lisa.brown@company.com,(906) 765-8408,Active
EMP004038,Melissa,Jones,Melissa Jones,44,Marketing,Specialist,New York,88248.42,13168.11,2020-04-19,21,69.7,melissa.jones@company.com,(247) 838-4889,Active
EMP004039,Matthew,Smith,Matthew Smith,47,HR,Senior Developer,Seattle,75556.12,5638.26,2021-01-01,18,79.6,matthew.smith@company.com,(409) 371-2855,Active
EMP004040,John,Smith,John Smith,46,Operations,Analyst,Austin,75914.78,6277.53,2021-06-27,18,70.2,john.smith@company.com,(914) 277-9951,Active
EMP004041,Amanda,Garcia,Amanda Garcia,45,Legal,Analyst,Los Angeles,73886.95,1576.2,2022-01-09,17,70.5,amanda.garcia@company.com,(351) 871-1703,Inactive
EMP004042,Michael,Davis,Michael Davis,59,Sales,Associate,San Francisco,89480.24,5760.07,2022-08-15,34,59.7,michael.davis@company.com,(777) 554-5753,Active
EMP004043,Robert,Garcia,Robert Garcia,57,IT,Manager,Miami,109414.92,12539.15,2020-07-26,31,89.9,robert.garcia@company.com,(967) 975-2367,Active
EMP004044,Matthew,Brown,Matthew Brown,39,Sales,Lead,Los Angeles,112431.74,17499.35,2024-06-15,11,76.0,matthew.brown@company.com,(959) 749-7740,Active
EMP004045,Lisa,Smith,Lisa Smith,23,Marketing,Senior Developer,Boston,30595.45,0.0,2021-11-13,0,88.4,lisa.smith@company.com,(393) 719-7504,Inactive
EMP004046,Emily,Wilson,Emily Wilson,57,Legal,Manager,Austin,99185.16,15754.8,2020-12-15,31,85.7,emily.wilson@company.com,(375) 241-5896,Active
EMP004047,James,Miller,James Miller,63,Engineering,Manager,Seattle,95805.98,5503.5,2022-01-09,35,72.1,james.miller@company.com,(402) 279-9550,Active
EMP004048,Michael,Johnson,Michael Johnson,56,Operations,Lead,New York,56496.62,7748.89,2021-10-22,32,78.9,michael.johnson@company.com,(527) 202-9644,Active
EMP004049,James,Garcia,James Garcia,22,Finance,Lead,Los Angeles,71024.05,7619.48,2022-07-03,0,69.6,james.garcia@company.com,(263) 438-9135,Active
EMP004050,Stephanie,Anderson,Stephanie Anderson,42,Legal,Manager,New York,94927.07,15946.21,2023-02-19,17,76.2,stephanie.anderson@company.com,(870) 943-4722,On Leave
EMP004051,Daniel,Gonzalez,Daniel Gonzalez,45,Finance,Manager,Seattle,68546.63,717.79,2021-11-26,17,68.1,daniel.gonzalez@company.com,(722) 437-6274,Active
EMP004052,John,Williams,John Williams,52,Legal,Lead,Chicago,91251.23,7134.76,2020-12-08,25,75.3,john.williams@company.com,(665) 856-8253,Active
EMP004053,David,Moore,David Moore,62,Marketing,Senior Developer,New York,80005.08,8781.74,2024-09-30,34,100.0,david.moore@company.com,(906) 760-4870,Active
EMP004054,Amanda,Brown,Amanda Brown,33,Sales,Senior Developer,Chicago,44245.47,6980.35,2024-08-19,5,63.8,amanda.brown@company.com,(397) 461-1453,Active
EMP004055,Robert,Gonzalez,Robert Gonzalez,49,Engineering,Manager,San Francisco,100092.63,11503.55,2022-01-15,20,82.0,robert.gonzalez@company.com,(230) 383-5961,Active
EMP004056,James,Williams,James Williams,52,Sales,Specialist,Miami,88495.69,2067.58,2024-10-18,30,95.3,james.williams@company.com,(686) 279-2453,Active
EMP004057,Christopher,Rodriguez,Christopher Rodriguez,37,Operations,Associate,Miami,69667.94,7287.08,2022-11-10,13,71.3,christopher.rodriguez@company.com,(769) 615-4198,Active
EMP004058,Michael,Garcia,Michael Garcia,57,Finance,Lead,New York,71372.21,12296.43,2024-02-20,31,83.0,michael.garcia@company.com,(876) 818-1413,Active
EMP004059,Ashley,Moore,Ashley Moore,52,Sales,Senior Developer,Austin,91096.0,7514.47,2023-03-28,24,57.3,ashley.moore@company.com,(263) 327-2635,On Leave
EMP004060,William,Hernandez,William Hernandez,55,IT,Associate,Miami,137622.97,8777.17,2022-08-09,31,93.6,william.hernandez@company.com,(649) 626-2166,Active
EMP004061,James,Jones,James Jones,65,Finance,Manager,Los Angeles,109030.96,13356.57,2020-07-16,42,75.8,james.jones@company.com,(695) 239-3511,Active
EMP004062,Daniel,Wilson,Daniel Wilson,44,Finance,Senior Developer,Boston,70995.18,8411.29,2022-09-16,17,56.9,daniel.wilson@company.com,(677) 976-1657,Active
EMP004063,David,Miller,David Miller,39,Engineering,Coordinator,Seattle,65154.26,6101.24,2021-04-16,12,82.8,david.miller@company.com,(512) 662-9270,Inactive
EMP004064,Daniel,Anderson,Daniel Anderson,48,Marketing,Director,Boston,90791.32,16388.23,2024-02-01,23,51.5,daniel.anderson@company.com,(352) 260-6788,Active
EMP004065,Emily,Moore,Emily Moore,43,Finance,Director,Miami,93241.84,8680.03,2022-01-08,21,73.9,emily.moore@company.com,(925) 714-9173,Active
EMP004066,Daniel,Garcia,Daniel Garcia,56,HR,Coordinator,Austin,76364.22,3177.47,2023-12-05,31,94.6,daniel.garcia@company.com,(683) 900-1260,Active
EMP004067,William,Smith,William Smith,39,HR,Associate,Los Angeles,93820.59,7336.76,2021-02-04,10,51.7,william.smith@company.com,(931) 820-9659,Active
EMP004068,Christopher,Martinez,Christopher Martinez,52,Finance,Analyst,Seattle,103134.8,8925.9,2023-10-19,29,63.5,christopher.martinez@company.com,(665) 454-4809,Active
EMP004069,Christopher,Lopez,Christopher Lopez,46,Marketing,Senior Developer,Austin,61948.58,8624.05,2023-02-06,18,66.5,christopher.lopez@company.com,(950) 766-7820,Active
EMP004070,Christopher,Garcia,Christopher Garcia,24,Marketing,Director,Miami,58233.26,4597.71,2021-11-13,0,85.0,christopher.garcia@company.com,(431) 440-6107,Inactive
EMP004071,Christopher,Garcia,Christopher Garcia,49,Engineering,Associate,San Francisco,83561.28,11330.22,2022-05-18,24,72.5,christopher.garcia@company.com,(399) 451-5426,Active
EMP004072,Sarah,Rodriguez,Sarah Rodriguez,33,Marketing,Coordinator,San Francisco,52676.85,8642.35,2022-03-26,11,62.8,sarah.rodriguez@company.com,(906) 400-5184,Inactive
EMP004073,James,Garcia,James Garcia,29,IT,Associate,Austin,64479.94,6912.62,2020-12-16,4,83.9,james.garcia@company.com,(740) 769-7874,Active
EMP004074,Robert,Miller,Robert Miller,37,Operations,Manager,Miami,69229.08,11064.24,2021-08-03,15,55.9,robert.miller@company.com,(482) 472-6960,Active
EMP004075,Sarah,Martinez,Sarah Martinez,49,HR,Specialist,Seattle,82356.42,3118.99,2020-10-28,22,60.8,sarah.martinez@company.com,(286) 279-2724,Active
EMP004076,William,Jackson,William Jackson,61,Finance,Coordinator,Seattle,106396.45,1671.36,2022-09-06,33,61.7,william.jackson@company.com,(856) 495-3731,Active
EMP004077,Michael,Moore,Michael Moore,39,Finance,Specialist,Chicago,96782.05,0.0,2022-02-14,10,100.0,michael.moore@company.com,(443) 717-2796,Inactive
EMP004078,Michael,Garcia,Michael Garcia,54,Sales,Associate,San Francisco,102728.79,0.0,2021-07-13,27,62.5,michael.garcia@company.com,(970) 702-3844,Inactive
EMP004079,Christopher,Martinez,Christopher Martinez,24,Marketing,Analyst,Miami,78094.13,1873.19,2021-06-02,1,98.0,christopher.martinez@company.com,(651) 945-4347,Active
EMP004080,Lisa,Martin,Lisa Martin,57,Legal,Senior Developer,Boston,89418.86,9229.67,2022-01-07,28,44.4,lisa.martin@company.com,(445) 202-2001,Active
EMP004081,Sarah,Rodriguez,Sarah Rodriguez,37,Operations,Director,San Francisco,67721.69,4658.16,2024-10-20,8,84.2,sarah.rodriguez@company.com,(484) 691-3906,Inactive
EMP004082,Jessica,Johnson,Jessica Johnson,57,Operations,Analyst,Miami,76199.3,7685.54,2021-06-16,28,87.4,jessica.johnson@company.com,(532) 957-4220,On Leave
EMP004083,John,Taylor,John Taylor,55,Sales,Specialist,Chicago,85141.25,7560.86,2022-04-08,26,78.6,john.taylor@company.com,(507) 444-8838,Active
EMP004084,Christopher,Garcia,Christopher Garcia,26,Finance,Manager,Austin,91373.98,0.0,2024-08-02,4,59.2,christopher.garcia@company.com,(850) 272-5401,Active
EMP004085,John,Wilson,John Wilson,61,IT,Senior Developer,Los Angeles,100454.16,11436.11,2024-01-25,35,61.5,john.wilson@company.com,(227) 586-7770,Active
EMP004086,Daniel,Martinez,Daniel Martinez,58,Sales,Senior Developer,Chicago,96918.65,7440.87,2022-11-28,32,76.6,daniel.martinez@company.com,(702) 812-1605,Active
EMP004087,John,Wilson,John Wilson,25,Sales,Lead,Seattle,46522.64,6048.67,2020-06-20,0,70.9,john.wilson@company.com,(558) 795-1147,Active
EMP004088,Emily,Hernandez,Emily Hernandez,34,Engineering,Director,Chicago,78488.45,12924.8,2020-06-15,10,80.4,emily.hernandez@company.com,(625) 245-1026,Inactive
EMP004089,Jane,Garcia,Jane Garcia,60,Legal,Associate,Chicago,99138.03,8691.8,2024-06-04,34,58.3,jane.garcia@company.com,(723) 432-3189,Active
EMP004090,Emily,Johnson,Emily Johnson,53,IT,Specialist,San Francisco,124940.93,8767.72,2024-03-10,28,54.9,emily.johnson@company.com,(918) 831-9978,Active
EMP004091,Amanda,Johnson,Amanda Johnson,65,Legal,Associate,Los Angeles,129715.17,17119.54,2023-06-19,39,85.4,amanda.johnson@company.com,(819) 851-8416,Active
EMP004092,William,Garcia,William Garcia,28,Engineering,Senior Developer,New York,93892.56,9058.19,2021-08-08,6,69.7,william.garcia@company.com,(286) 484-5418,Active
EMP004093,Christopher,Smith,Christopher Smith,27,Legal,Lead,Austin,66699.45,11921.2,2020-12-13,2,49.2,christopher.smith@company.com,(452) 922-9736,Inactive
EMP004094,Michael,Lopez,Michael Lopez,65,Operations,Coordinator,Chicago,62965.34,4538.57,2024-02-24,38,64.2,michael.lopez@company.com,(813) 925-5477,Active
EMP004095,James,Thomas,James Thomas,34,IT,Lead,Austin,54409.07,6788.3,2023-12-09,11,100.0,james.thomas@company.com,(983) 823-9254,Active
EMP004096,Jessica,Smith,Jessica Smith,64,Operations,Lead,Boston,66420.73,7935.29,2022-09-05,37,57.8,jessica.smith@company.com,(788) 680-9759,Active
EMP004097,Robert,Gonzalez,Robert Gonzalez,46,Legal,Manager,Los Angeles,108435.35,14284.25,2022-08-18,22,83.3,robert.gonzalez@company.com,(519) 937-2633,Active
EMP004098,Anthony,Miller,Anthony Miller,29,Finance,Coordinator,San Francisco,73735.06,10085.36,2020-01-10,3,74.9,anthony.miller@company.com,(990) 487-4766,Active
EMP004099,Jessica,Hernandez,Jessica Hernandez,48,IT,Analyst,New York,63557.05,3750.88,2022-12-22,21,100.0,jessica.hernandez@company.com,(564) 985-7714,Active
EMP004100,Christopher,Wilson,Christopher Wilson,45,Engineering,Director,Los Angeles,55092.9,6000.28,2022-01-01,18,66.7,christopher.wilson@company.com,(514) 892-8667,Inactive
EMP004101,Christopher,Smith,Christopher Smith,22,Legal,Senior Developer,Boston,73179.56,4181.96,2024-06-20,0,70.0,christopher.smith@company.com,(375) 289-1932,Active
EMP004102,Ashley,Jones,Ashley Jones,28,IT,Analyst,Chicago,105007.54,7470.13,2022-02-16,2,76.2,ashley.jones@company.com,(518) 871-5681,Inactive
EMP004103,Matthew,Smith,Matthew Smith,42,Marketing,Coordinator,Seattle,62913.39,3556.55,2023-04-07,17,95.9,matthew.smith@company.com,(500) 262-9220,Active
EMP004104,Lisa,Davis,Lisa Davis,52,Operations,Coordinator,Los Angeles,87300.33,9607.61,2021-05-07,28,96.5,lisa.davis@company.com,(544) 361-5528,Active
EMP004105,Melissa,Anderson,Melissa Anderson,65,Operations,Lead,New York,101019.83,4805.61,2024-01-20,43,86.1,melissa.anderson@company.com,(627) 898-6939,Active
EMP004106,James,Anderson,James Anderson,25,HR,Specialist,Miami,57453.0,7192.07,2023-02-21,0,62.9,james.anderson@company.com,(967) 944-6777,Active
EMP004107,David,Hernandez,David Hernandez,24,Sales,Analyst,Chicago,68439.33,6663.92,2021-11-08,0,77.0,david.hernandez@company.com,(962) 764-5758,Active
EMP004108,Anthony,Johnson,Anthony Johnson,43,Sales,Coordinator,Miami,65473.62,6477.43,2024-05-01,17,100.0,anthony.johnson@company.com,(373) 361-8869,Active
EMP004109,Emily,Martin,Emily Martin,35,Finance,Coordinator,Los Angeles,63537.0,11446.5,2024-12-01,7,57.8,emily.martin@company.com,(365) 414-7511,Active
EMP004110,Anthony,Jackson,Anthony Jackson,48,Engineering,Manager,Chicago,103317.04,2635.6,2024-08-06,26,56.9,anthony.jackson@company.com,(429) 880-9470,Active
EMP004111,Jane,Anderson,Jane Anderson,32,Engineering,Specialist,New York,142531.51,9939.48,2024-04-04,9,94.1,jane.anderson@company.com,(291) 550-2345,Inactive
EMP004112,Ashley,Jones,Ashley Jones,46,IT,Lead,Boston,101018.98,0.0,2024-12-25,19,72.9,ashley.jones@company.com,(527) 426-9902,Active
EMP004113,Robert,Martin,Robert Martin,25,Legal,Director,Los Angeles,74057.17,13196.84,2021-11-14,0,75.8,robert.martin@company.com,(364) 829-5658,Active
EMP004114,Ashley,Jones,Ashley Jones,59,IT,Manager,Chicago,89695.78,15263.44,2021-07-09,36,55.4,ashley.jones@company.com,(260) 723-6802,Active
EMP004115,Christopher,Davis,Christopher Davis,43,HR,Associate,Seattle,70298.41,9190.8,2020-06-05,21,86.4,christopher.davis@company.com,(270) 739-9162,Active
EMP004116,Robert,Anderson,Robert Anderson,57,Marketing,Associate,Chicago,56901.47,6757.44,2021-12-16,29,74.3,robert.anderson@company.com,(817) 393-4580,Active
EMP004117,Jane,Martinez,Jane Martinez,49,Sales,Lead,San Francisco,82944.39,7453.82,2020-06-23,24,88.8,jane.martinez@company.com,(593) 249-5017,Active
EMP004118,Jessica,Johnson,Jessica Johnson,56,Operations,Specialist,Seattle,63092.41,9359.39,2020-06-26,32,83.5,jessica.johnson@company.com,(741) 865-5937,Active
EMP004119,Stephanie,Johnson,Stephanie Johnson,30,Marketing,Director,New York,46349.24,2561.41,2020-06-27,8,79.2,stephanie.johnson@company.com,(427) 682-9852,Active
EMP004120,Emily,Williams,Emily Williams,49,Engineering,Associate,Austin,82078.78,2722.05,2022-09-21,23,57.0,emily.williams@company.com,(942) 940-7769,Active
EMP004121,Daniel,Anderson,Daniel Anderson,43,Legal,Associate,Austin,89510.45,14331.22,2021-12-01,16,71.5,daniel.anderson@company.com,(983) 667-7184,Active
EMP004122,Amanda,Martinez,Amanda Martinez,50,Operations,Director,New York,56667.25,7582.11,2021-05-27,26,85.9,amanda.martinez@company.com,(716) 313-6420,Active
EMP004123,William,Miller,William Miller,27,Operations,Senior Developer,San Francisco,63395.23,7217.53,2020-04-13,0,87.4,william.miller@company.com,(343) 590-4347,Active
EMP004124,Amanda,Miller,Amanda Miller,47,HR,Analyst,New York,92840.32,7849.49,2021-01-28,20,71.0,amanda.miller@company.com,(907) 455-4089,Active
EMP004125,Michael,Miller,Michael Miller,26,Operations,Specialist,San Francisco,52542.5,1453.11,2023-09-03,0,80.4,michael.miller@company.com,(732) 522-6510,Active
EMP004126,John,Anderson,John Anderson,49,Engineering,Associate,Chicago,131305.87,20299.47,2021-05-27,24,82.6,john.anderson@company.com,(217) 642-3271,Active
EMP004127,Stephanie,Smith,Stephanie Smith,63,IT,Specialist,Miami,131115.4,7206.03,2024-01-09,41,100.0,stephanie.smith@company.com,(308) 527-3020,Active
EMP004128,Ashley,Martinez,Ashley Martinez,63,Legal,Analyst,Los Angeles,107016.95,6415.86,2020-08-07,34,62.9,ashley.martinez@company.com,(630) 492-5008,Active
EMP004129,William,Jones,William Jones,55,Legal,Director,Miami,143391.6,15640.14,2020-04-21,27,69.6,william.jones@company.com,(378) 797-5618,Active
EMP004130,Anthony,Hernandez,Anthony Hernandez,57,Legal,Coordinator,Chicago,73774.48,5478.87,2020-12-09,32,88.9,anthony.hernandez@company.com,(882) 234-3583,Active
EMP004131,Amanda,Taylor,Amanda Taylor,57,HR,Lead,Miami,82433.88,11525.1,2024-04-22,30,72.8,amanda.taylor@company.com,(314) 364-7131,Active
EMP004132,Nicole,Rodriguez,Nicole Rodriguez,46,Sales,Coordinator,Seattle,78683.77,9025.84,2020-06-18,24,88.3,nicole.rodriguez@company.com,(593) 894-6469,Active
EMP004133,Michael,Jackson,Michael Jackson,32,Finance,Associate,Boston,85883.6,7767.4,2023-09-07,5,72.1,michael.jackson@company.com,(500) 505-8087,Active
EMP004134,James,Jones,James Jones,44,HR,Manager,New York,53092.67,0.0,2021-06-12,22,97.6,james.jones@company.com,(274) 579-3783,Active
EMP004135,David,Taylor,David Taylor,56,IT,Coordinator,Miami,72434.24,9450.19,2021-11-07,29,80.2,david.taylor@company.com,(461) 705-1152,Active
EMP004136,Matthew,Jackson,Matthew Jackson,29,Legal,Coordinator,Miami,80052.45,9221.59,2024-04-14,3,67.7,matthew.jackson@company.com,(246) 327-5935,Active
EMP004137,Jane,Martin,Jane Martin,60,HR,Lead,Los Angeles,77199.44,3510.15,2020-10-20,33,95.9,jane.martin@company.com,(976) 857-6631,Inactive
EMP004138,David,Taylor,David Taylor,43,Engineering,Specialist,New York,138637.0,13886.19,2023-09-26,20,84.6,david.taylor@company.com,(278) 672-8922,Inactive
EMP004139,Jane,Thomas,Jane Thomas,49,HR,Associate,Seattle,36617.6,2264.7,2020-03-28,24,53.7,jane.thomas@company.com,(889) 454-2734,Active
EMP004140,Jessica,Martinez,Jessica Martinez,49,Engineering,Analyst,Miami,131266.63,10988.25,2024-06-30,22,81.3,jessica.martinez@company.com,(901) 963-2438,Active
EMP004141,William,Lopez,William Lopez,45,Legal,Analyst,Boston,110630.55,8949.67,2022-09-26,18,80.1,william.lopez@company.com,(553) 495-3935,Active
EMP004142,Robert,Jones,Robert Jones,34,IT,Coordinator,Miami,58325.68,8558.47,2020-07-03,12,77.1,robert.jones@company.com,(563) 896-1855,Active
EMP004143,Christopher,Taylor,Christopher Taylor,22,Sales,Coordinator,Boston,58212.85,2418.13,2024-03-01,0,100.0,christopher.taylor@company.com,(679) 312-6326,Active
EMP004144,Stephanie,Wilson,Stephanie Wilson,57,Sales,Associate,Los Angeles,65032.05,10614.19,2023-02-20,32,48.1,stephanie.wilson@company.com,(796) 508-1706,Active
EMP004145,Stephanie,Davis,Stephanie Davis,47,IT,Associate,Seattle,122542.9,13244.41,2023-08-02,23,72.0,stephanie.davis@company.com,(214) 549-7070,Active
EMP004146,Stephanie,Brown,Stephanie Brown,33,Sales,Director,Austin,85700.38,4985.1,2023-04-17,8,78.7,stephanie.brown@company.com,(542) 625-4078,Active
EMP004147,William,Lopez,William Lopez,47,Sales,Coordinator,Chicago,66559.02,1124.88,2022-03-19,21,43.1,william.lopez@company.com,(821) 613-2103,Active
EMP004148,Michael,Jones,Michael Jones,31,IT,Specialist,Miami,90635.58,13976.98,2023-02-16,5,87.1,michael.jones@company.com,(978) 916-7354,Active
EMP004149,Nicole,Martinez,Nicole Martinez,64,Legal,Director,Los Angeles,101284.52,8784.0,2020-06-23,37,85.2,nicole.martinez@company.com,(785) 635-4677,Active
EMP004150,Emily,Thomas,Emily Thomas,26,Engineering,Director,Seattle,87895.18,13041.14,2022-03-07,0,51.8,emily.thomas@company.com,(784) 387-3956,Active
EMP004151,Anthony,Williams,Anthony Williams,57,IT,Analyst,Seattle,84796.95,12269.11,2021-04-26,30,74.6,anthony.williams@company.com,(204) 323-3197,Active
EMP004152,Christopher,Jackson,Christopher Jackson,55,Engineering,Lead,San Francisco,140793.09,11750.54,2022-03-10,27,60.6,christopher.jackson@company.com,(408) 310-2482,Active
EMP004153,Matthew,Wilson,Matthew Wilson,39,HR,Manager,Miami,60889.6,6870.1,2024-09-09,17,78.0,matthew.wilson@company.com,(736) 571-6667,Active
EMP004154,Christopher,Smith,Christopher Smith,54,IT,Analyst,Chicago,112602.54,18731.4,2021-01-29,29,71.9,christopher.smith@company.com,(212) 623-4089,Active
EMP004155,Melissa,Miller,Melissa Miller,35,Operations,Lead,Miami,63146.61,6949.16,2022-02-04,12,63.0,melissa.miller@company.com,(600) 835-5740,Active
EMP004156,Lisa,Taylor,Lisa Taylor,56,Finance,Manager,San Francisco,87561.84,9752.06,2024-06-24,31,100.0,lisa.taylor@company.com,(505) 208-1578,Active
EMP004157,Emily,Thomas,Emily Thomas,43,HR,Director,New York,68284.09,2450.34,2024-03-20,19,90.4,emily.thomas@company.com,(330) 515-9581,Active
EMP004158,Daniel,Martinez,Daniel Martinez,31,IT,Coordinator,Austin,56345.14,1995.16,2020-09-17,4,56.7,daniel.martinez@company.com,(899) 942-4756,Active
EMP004159,Stephanie,Williams,Stephanie Williams,55,Sales,Manager,Chicago,76599.63,8614.43,2021-05-12,27,76.4,stephanie.williams@company.com,(753) 203-8033,Inactive
EMP004160,Anthony,Hernandez,Anthony Hernandez,57,IT,Senior Developer,Chicago,114708.19,8204.0,2023-02-25,32,81.3,anthony.hernandez@company.com,(542) 404-2049,Active
EMP004161,Sarah,Garcia,Sarah Garcia,22,Sales,Lead,Miami,83189.35,7470.89,2024-06-16,0,62.6,sarah.garcia@company.com,(817) 230-4425,Active
EMP004162,Stephanie,Gonzalez,Stephanie Gonzalez,28,IT,Associate,Austin,87766.51,8377.89,2023-08-26,5,90.4,stephanie.gonzalez@company.com,(937) 831-5976,Active
EMP004163,Matthew,Williams,Matthew Williams,65,HR,Associate,Chicago,77228.29,12981.69,2024-10-04,40,49.2,matthew.williams@company.com,(534) 795-9444,Active
EMP004164,John,Miller,John Miller,25,HR,Manager,Miami,69115.3,7417.13,2024-01-08,0,100.0,john.miller@company.com,(377) 883-5556,On Leave
EMP004165,John,Davis,John Davis,25,Legal,Director,Boston,71595.57,4438.03,2021-12-07,1,75.5,john.davis@company.com,(848) 905-4242,Active
EMP004166,Sarah,Miller,Sarah Miller,53,Marketing,Coordinator,Seattle,97483.0,18315.12,2020-09-15,24,64.5,sarah.miller@company.com,(905) 658-6407,Active
EMP004167,Sarah,Jackson,Sarah Jackson,37,Operations,Director,New York,72425.86,6372.72,2020-04-21,15,72.1,sarah.jackson@company.com,(578) 612-9213,Active
EMP004168,Jane,Anderson,Jane Anderson,33,Sales,Associate,Chicago,80365.18,7541.75,2021-11-06,8,69.9,jane.anderson@company.com,(355) 490-5785,Active
EMP004169,Lisa,Williams,Lisa Williams,59,Operations,Director,Chicago,82416.29,15595.78,2022-11-05,33,76.1,lisa.williams@company.com,(714) 373-1065,Inactive
EMP004170,Michael,Hernandez,Michael Hernandez,62,Sales,Lead,Seattle,95640.77,18759.91,2022-06-23,38,62.5,michael.hernandez@company.com,(708) 623-5394,Active
EMP004171,Jessica,Gonzalez,Jessica Gonzalez,48,Sales,Coordinator,Los Angeles,114781.19,7402.65,2022-06-21,19,73.8,jessica.gonzalez@company.com,(623) 554-3255,Active
EMP004172,Emily,Jones,Emily Jones,41,IT,Coordinator,San Francisco,53198.3,7383.65,2023-09-06,16,59.4,emily.jones@company.com,(475) 925-1388,Inactive
EMP004173,David,Jackson,David Jackson,28,Finance,Specialist,Seattle,60785.83,7367.34,2021-01-23,0,73.5,david.jackson@company.com,(887) 962-5194,Active
EMP004174,James,Anderson,James Anderson,46,Legal,Associate,Los Angeles,98984.26,15554.18,2020-06-06,23,100.0,james.anderson@company.com,(939) 443-9885,Active
EMP004175,Stephanie,Hernandez,Stephanie Hernandez,46,Operations,Manager,New York,52474.66,5633.97,2023-12-19,18,68.9,stephanie.hernandez@company.com,(796) 292-7021,Active
EMP004176,Christopher,Anderson,Christopher Anderson,24,HR,Director,Chicago,53539.66,6369.89,2023-03-01,1,38.8,christopher.anderson@company.com,(913) 866-6973,On Leave
EMP004177,Anthony,Miller,Anthony Miller,39,IT,Senior Developer,New York,89375.12,10528.17,2023-04-01,12,75.1,anthony.miller@company.com,(998) 491-2424,Active
EMP004178,Daniel,Smith,Daniel Smith,33,IT,Senior Developer,Los Angeles,120895.43,14547.66,2023-02-24,7,61.2,daniel.smith@company.com,(993) 535-4764,Active
EMP004179,Matthew,Thomas,Matthew Thomas,54,Engineering,Analyst,Miami,102292.23,14308.04,2020-01-02,28,66.8,matthew.thomas@company.com,(884) 343-1476,Inactive
EMP004180,Jessica,Miller,Jessica Miller,47,Sales,Analyst,San Francisco,77809.68,11183.27,2020-01-24,18,73.6,jessica.miller@company.com,(976) 791-7994,Active
EMP004181,Melissa,Wilson,Melissa Wilson,33,HR,Analyst,Miami,48521.41,2446.83,2020-02-05,6,100.0,melissa.wilson@company.com,(404) 862-8271,Active
EMP004182,William,Taylor,William Taylor,58,HR,Coordinator,Los Angeles,65885.31,5121.91,2022-05-11,36,72.2,william.taylor@company.com,(694) 200-8536,Active
EMP004183,Anthony,Smith,Anthony Smith,30,Operations,Coordinator,Los Angeles,56783.32,7260.1,2022-10-01,7,94.2,anthony.smith@company.com,(493) 398-7685,Active
EMP004184,Jane,Hernandez,Jane Hernandez,39,Finance,Lead,Los Angeles,54974.04,4108.15,2021-02-16,11,74.3,jane.hernandez@company.com,(815) 449-2243,Active
EMP004185,Lisa,Smith,Lisa Smith,63,Operations,Associate,Seattle,69963.76,5771.28,2023-01-30,37,89.0,lisa.smith@company.com,(869) 745-9112,Active
EMP004186,Jessica,Johnson,Jessica Johnson,31,Operations,Senior Developer,Los Angeles,67844.38,6457.95,2020-04-29,8,97.1,jessica.johnson@company.com,(364) 538-4479,On Leave
EMP004187,David,Jackson,David Jackson,26,Marketing,Associate,Los Angeles,60978.25,4664.22,2020-09-18,0,54.7,david.jackson@company.com,(523) 478-9115,Active
EMP004188,Jane,Johnson,Jane Johnson,34,Operations,Specialist,New York,44735.69,2216.57,2020-01-29,5,81.2,jane.johnson@company.com,(292) 998-5814,Active
EMP004189,James,Martin,James Martin,62,Legal,Manager,New York,100353.72,15119.03,2020-02-22,40,60.9,james.martin@company.com,(272) 793-1910,On Leave
EMP004190,Jane,Anderson,Jane Anderson,27,HR,Specialist,Boston,45892.96,3579.73,2022-03-14,5,90.5,jane.anderson@company.com,(651) 976-4797,Active
EMP004191,Melissa,Martinez,Melissa Martinez,37,HR,Director,Los Angeles,74696.78,4429.62,2024-08-06,12,57.8,melissa.martinez@company.com,(787) 851-1531,Active
EMP004192,William,Brown,William Brown,26,HR,Coordinator,San Francisco,46486.31,5213.9,2023-03-24,0,74.9,william.brown@company.com,(587) 709-2108,Active
EMP004193,David,Brown,David Brown,29,HR,Coordinator,New York,56227.18,3928.64,2021-08-24,2,77.5,david.brown@company.com,(328) 876-9872,Active
EMP004194,Emily,Lopez,Emily Lopez,28,Sales,Senior Developer,San Francisco,83096.25,4489.46,2023-04-08,0,79.4,emily.lopez@company.com,(871) 242-4216,Active
EMP004195,Lisa,Martinez,Lisa Martinez,23,Engineering,Analyst,Seattle,79919.65,12708.94,2023-09-17,0,90.7,lisa.martinez@company.com,(791) 489-2033,Active
EMP004196,James,Jackson,James Jackson,44,Legal,Director,New York,97336.02,8715.04,2024-04-06,18,69.5,james.jackson@company.com,(990) 342-5045,Active
EMP004197,Daniel,Wilson,Daniel Wilson,34,Legal,Associate,Los Angeles,69793.33,2272.76,2020-03-15,5,99.2,daniel.wilson@company.com,(847) 596-3708,Active
EMP004198,Matthew,Jackson,Matthew Jackson,46,Operations,Director,San Francisco,51443.97,6896.06,2024-05-18,20,92.2,matthew.jackson@company.com,(517) 217-4480,Active
EMP004199,Melissa,Moore,Melissa Moore,29,HR,Specialist,Miami,65516.64,4380.86,2021-08-17,6,55.2,melissa.moore@company.com,(885) 916-4185,Active
EMP004200,Sarah,Taylor,Sarah Taylor,30,HR,Director,Los Angeles,70993.45,5304.02,2020-11-25,4,85.6,sarah.taylor@company.com,(907) 974-4350,Active
EMP004201,Daniel,Smith,Daniel Smith,29,Marketing,Associate,Los Angeles,49730.21,3600.78,2021-05-11,6,76.9,daniel.smith@company.com,(722) 370-1072,Active
EMP004202,Amanda,Martinez,Amanda Martinez,32,Sales,Senior Developer,Boston,57168.24,4709.29,2021-03-31,7,100.0,amanda.martinez@company.com,(428) 307-2272,Active
EMP004203,Matthew,Wilson,Matthew Wilson,42,Engineering,Lead,Boston,93359.87,11213.46,2024-08-25,19,65.3,matthew.wilson@company.com,(659) 615-8410,Active
EMP004204,Anthony,Jones,Anthony Jones,26,Marketing,Director,New York,59328.49,12124.58,2020-04-30,0,79.1,anthony.jones@company.com,(359) 743-8273,Active
EMP004205,Daniel,Rodriguez,Daniel Rodriguez,47,Engineering,Analyst,Boston,117740.92,8402.13,2021-05-02,25,76.1,daniel.rodriguez@company.com,(895) 213-4427,Active
EMP004206,Christopher,Anderson,Christopher Anderson,42,Legal,Senior Developer,Miami,76172.71,2150.47,2023-05-02,14,87.4,christopher.anderson@company.com,(858) 373-5362,Active
EMP004207,Melissa,Garcia,Melissa Garcia,52,IT,Coordinator,Boston,80222.27,9184.69,2024-03-17,25,91.7,melissa.garcia@company.com,(676) 265-4102,Inactive
EMP004208,Ashley,Jackson,Ashley Jackson,34,IT,Specialist,Miami,85645.43,5609.97,2023-11-30,9,52.1,ashley.jackson@company.com,(572) 297-6065,Active
EMP004209,Daniel,Lopez,Daniel Lopez,64,Marketing,Lead,Boston,114901.64,18503.26,2024-01-12,39,63.0,daniel.lopez@company.com,(507) 504-9490,Active
EMP004210,James,Jones,James Jones,39,IT,Senior Developer,New York,84179.15,10018.59,2024-07-29,12,58.4,james.jones@company.com,(733) 574-2707,Active
EMP004211,Sarah,Brown,Sarah Brown,39,Operations,Lead,Los Angeles,63418.25,0.0,2021-05-26,16,58.6,sarah.brown@company.com,(437) 756-6641,Active
EMP004212,Daniel,Wilson,Daniel Wilson,61,Finance,Lead,Los Angeles,106038.07,5044.38,2020-03-16,35,89.0,daniel.wilson@company.com,(864) 577-1987,Active
EMP004213,Nicole,Smith,Nicole Smith,28,HR,Senior Developer,Austin,55134.97,12211.72,2024-10-26,4,67.7,nicole.smith@company.com,(796) 428-5246,Active
EMP004214,Jane,Garcia,Jane Garcia,38,Legal,Associate,Boston,113597.99,13668.92,2020-04-15,10,65.9,jane.garcia@company.com,(454) 840-5902,Active
EMP004215,Amanda,Gonzalez,Amanda Gonzalez,23,HR,Director,Austin,32698.64,3863.54,2024-05-11,0,71.7,amanda.gonzalez@company.com,(753) 791-3469,Active
EMP004216,Lisa,Lopez,Lisa Lopez,29,Marketing,Coordinator,Seattle,66877.13,7358.12,2022-07-14,4,59.8,lisa.lopez@company.com,(254) 547-2263,Active
EMP004217,James,Thomas,James Thomas,50,Marketing,Director,Los Angeles,77218.05,9055.31,2023-01-01,24,72.2,james.thomas@company.com,(756) 207-4318,Active
EMP004218,William,Jones,William Jones,52,Legal,Associate,San Francisco,114365.72,11827.06,2020-08-13,23,93.5,william.jones@company.com,(881) 737-7384,Active
EMP004219,Matthew,Gonzalez,Matthew Gonzalez,55,Legal,Lead,Seattle,109646.31,9934.54,2022-05-05,30,86.1,matthew.gonzalez@company.com,(940) 384-4532,Active
EMP004220,John,Miller,John Miller,42,Operations,Lead,Seattle,68042.78,2960.49,2023-02-21,17,100.0,john.miller@company.com,(975) 654-4037,Active
EMP004221,Sarah,Jackson,Sarah Jackson,24,HR,Analyst,San Francisco,57040.75,3830.06,2021-01-01,0,71.5,sarah.jackson@company.com,(941) 785-5596,Active
EMP004222,Emily,Davis,Emily Davis,48,Marketing,Associate,New York,75825.8,6399.2,2021-01-14,21,75.9,emily.davis@company.com,(556) 446-5107,Inactive
EMP004223,Sarah,Taylor,Sarah Taylor,42,Operations,Coordinator,Seattle,45016.32,4283.04,2022-01-23,20,81.1,sarah.taylor@company.com,(484) 265-9833,Active
EMP004224,James,Moore,James Moore,49,HR,Specialist,San Francisco,64286.13,7003.35,2024-04-17,23,49.3,james.moore@company.com,(203) 252-4805,Active
EMP004225,Jessica,Smith,Jessica Smith,25,HR,Analyst,Chicago,51416.5,7843.9,2022-06-01,1,83.4,jessica.smith@company.com,(686) 395-6347,Active
EMP004226,Lisa,Smith,Lisa Smith,31,Finance,Associate,Miami,57598.88,10536.27,2022-01-07,5,87.3,lisa.smith@company.com,(653) 302-7989,Active
EMP004227,Matthew,Jackson,Matthew Jackson,35,IT,Senior Developer,Chicago,87017.43,8398.39,2021-02-02,12,63.1,matthew.jackson@company.com,(351) 998-7007,Active
EMP004228,Stephanie,Garcia,Stephanie Garcia,52,IT,Associate,Boston,97253.11,13897.75,2021-08-21,29,84.7,stephanie.garcia@company.com,(840) 415-5883,Active
EMP004229,Jane,Taylor,Jane Taylor,39,Marketing,Manager,Austin,55727.86,7290.46,2023-03-26,13,50.8,jane.taylor@company.com,(374) 570-9919,Active
EMP004230,Matthew,Martin,Matthew Martin,62,Finance,Lead,Los Angeles,109500.96,0.0,2024-11-27,34,74.8,matthew.martin@company.com,(880) 418-7437,Active
EMP004231,Christopher,Miller,Christopher Miller,32,HR,Specialist,New York,56373.98,6907.53,2022-03-04,3,52.2,christopher.miller@company.com,(242) 305-8685,Active
EMP004232,Christopher,Jones,Christopher Jones,43,Engineering,Director,Austin,86482.57,15093.59,2023-12-06,21,100.0,christopher.jones@company.com,(614) 519-1804,Active
EMP004233,Ashley,Thomas,Ashley Thomas,37,Finance,Senior Developer,San Francisco,85358.04,11183.87,2022-06-06,10,64.6,ashley.thomas@company.com,(445) 460-4646,Inactive
EMP004234,Jane,Davis,Jane Davis,56,Sales,Senior Developer,New York,82057.96,4767.65,2022-03-06,31,98.7,jane.davis@company.com,(621) 440-7149,Active
EMP004235,David,Taylor,David Taylor,64,Finance,Coordinator,Boston,84235.93,2652.35,2021-09-18,39,78.1,david.taylor@company.com,(274) 497-1043,Active
EMP004236,James,Anderson,James Anderson,43,IT,Analyst,Chicago,89160.91,5789.5,2023-03-23,18,71.2,james.anderson@company.com,(560) 277-2705,Active
EMP004237,Matthew,Martinez,Matthew Martinez,54,IT,Manager,San Francisco,116140.27,8029.45,2022-02-22,31,74.3,matthew.martinez@company.com,(948) 992-7792,Active
EMP004238,Jane,Garcia,Jane Garcia,55,IT,Specialist,New York,89658.3,11186.16,2022-05-07,29,94.4,jane.garcia@company.com,(805) 218-2702,Active
EMP004239,Lisa,Hernandez,Lisa Hernandez,45,HR,Associate,San Francisco,60151.89,5273.1,2024-12-30,16,93.4,lisa.hernandez@company.com,(337) 519-5545,Active
EMP004240,John,Wilson,John Wilson,36,IT,Specialist,Miami,75163.17,5726.84,2021-10-16,14,60.3,john.wilson@company.com,(681) 426-3416,Inactive
EMP004241,Stephanie,Lopez,Stephanie Lopez,34,Engineering,Specialist,Chicago,75308.37,10709.76,2020-11-09,7,87.7,stephanie.lopez@company.com,(416) 992-9598,Active
EMP004242,Amanda,Rodriguez,Amanda Rodriguez,56,Finance,Lead,New York,109449.85,0.0,2020-06-05,29,76.7,amanda.rodriguez@company.com,(269) 857-1250,Active
EMP004243,Emily,Martin,Emily Martin,37,Operations,Analyst,New York,65550.93,5456.13,2021-05-14,13,83.0,emily.martin@company.com,(877) 874-1418,On Leave
EMP004244,John,Wilson,John Wilson,35,IT,Senior Developer,Miami,83781.2,14670.9,2021-06-01,6,98.0,john.wilson@company.com,(753) 547-4833,Inactive
EMP004245,Robert,Brown,Robert Brown,63,Legal,Specialist,San Francisco,101416.32,13054.26,2022-07-21,41,67.5,robert.brown@company.com,(788) 978-6190,Active
EMP004246,Michael,Garcia,Michael Garcia,56,Marketing,Analyst,Seattle,80552.16,2459.74,2020-11-16,30,59.1,michael.garcia@company.com,(205) 384-9317,On Leave
EMP004247,Nicole,Williams,Nicole Williams,41,Operations,Manager,Chicago,75337.65,7637.68,2022-11-08,15,82.9,nicole.williams@company.com,(800) 896-6803,Active
EMP004248,Daniel,Gonzalez,Daniel Gonzalez,34,Engineering,Analyst,San Francisco,105430.59,12939.75,2022-05-04,9,76.9,daniel.gonzalez@company.com,(821) 640-3723,Active
EMP004249,Jane,Hernandez,Jane Hernandez,37,Engineering,Director,Miami,97035.59,15940.05,2023-12-30,11,71.9,jane.hernandez@company.com,(339) 485-2038,Active
EMP004250,Lisa,Martinez,Lisa Martinez,62,HR,Director,New York,95463.32,4289.3,2024-08-02,33,60.3,lisa.martinez@company.com,(904) 968-3765,Active
EMP004251,Emily,Thomas,Emily Thomas,61,Finance,Analyst,Los Angeles,87365.38,1381.56,2024-06-02,36,91.3,emily.thomas@company.com,(445) 774-4774,Active
EMP004252,Ashley,Martinez,Ashley Martinez,57,Engineering,Lead,Austin,125533.71,13629.58,2023-08-08,28,69.0,ashley.martinez@company.com,(602) 563-5208,Active
EMP004253,Anthony,Jackson,Anthony Jackson,49,Finance,Coordinator,Chicago,103104.63,12521.14,2024-02-19,24,77.5,anthony.jackson@company.com,(737) 219-4130,Active
EMP004254,John,Taylor,John Taylor,54,IT,Senior Developer,Seattle,103040.12,20654.69,2021-08-11,26,94.2,john.taylor@company.com,(769) 621-5027,Active
EMP004255,Anthony,Johnson,Anthony Johnson,26,Operations,Coordinator,New York,43347.23,5035.8,2020-04-27,0,72.9,anthony.johnson@company.com,(972) 478-9374,Inactive
EMP004256,Sarah,Hernandez,Sarah Hernandez,51,Engineering,Senior Developer,Boston,150220.6,10898.1,2023-02-14,24,44.9,sarah.hernandez@company.com,(328) 416-8645,Active
EMP004257,Sarah,Johnson,Sarah Johnson,41,Engineering,Specialist,Miami,108433.78,8540.64,2021-08-14,16,91.6,sarah.johnson@company.com,(463) 681-4792,Active
EMP004258,Michael,Thomas,Michael Thomas,65,Sales,Specialist,Miami,82042.15,11574.36,2024-10-15,43,100.0,michael.thomas@company.com,(931) 210-1484,Active
EMP004259,William,Lopez,William Lopez,54,IT,Associate,Seattle,113643.5,13773.65,2021-11-05,29,94.3,william.lopez@company.com,(890) 698-4409,Active
EMP004260,William,Martin,William Martin,24,IT,Associate,Los Angeles,96864.5,14521.46,2020-01-11,0,42.8,william.martin@company.com,(653) 338-4590,Active
EMP004261,Jane,Martinez,Jane Martinez,23,Legal,Senior Developer,Seattle,72697.41,8480.16,2020-10-30,0,70.2,jane.martinez@company.com,(206) 771-2730,Active
EMP004262,Robert,Wilson,Robert Wilson,62,HR,Coordinator,Chicago,85048.6,12770.04,2024-09-16,34,53.9,robert.wilson@company.com,(335) 746-5620,Active
EMP004263,Robert,Jackson,Robert Jackson,28,HR,Senior Developer,Boston,79561.46,8469.54,2022-04-03,6,78.5,robert.jackson@company.com,(218) 340-7486,Active
EMP004264,James,Thomas,James Thomas,42,Legal,Analyst,Boston,97747.33,10128.16,2023-11-13,14,83.0,james.thomas@company.com,(640) 628-5745,Inactive
EMP004265,Jane,Miller,Jane Miller,53,Sales,Director,Los Angeles,76591.41,12164.25,2022-03-30,29,63.6,jane.miller@company.com,(681) 735-2138,Active
EMP004266,David,Rodriguez,David Rodriguez,27,Sales,Coordinator,Austin,48353.03,7056.92,2021-05-14,1,87.0,david.rodriguez@company.com,(699) 594-5384,Active
EMP004267,Matthew,Davis,Matthew Davis,62,HR,Director,New York,75899.36,13067.15,2023-07-02,36,68.4,matthew.davis@company.com,(981) 566-4937,Active
EMP004268,David,Gonzalez,David Gonzalez,50,Engineering,Director,Boston,108146.77,8972.28,2021-01-05,27,100.0,david.gonzalez@company.com,(814) 772-8667,Inactive
EMP004269,Ashley,Smith,Ashley Smith,27,Sales,Specialist,San Francisco,65626.95,0.0,2023-06-22,3,90.0,ashley.smith@company.com,(816) 700-5990,Active
EMP004270,James,Rodriguez,James Rodriguez,52,Legal,Lead,Austin,97053.22,1461.77,2024-10-19,27,79.9,james.rodriguez@company.com,(674) 237-5513,Active
EMP004271,Lisa,Johnson,Lisa Johnson,25,IT,Senior Developer,Miami,54622.87,6214.53,2023-05-20,0,66.2,lisa.johnson@company.com,(517) 573-7379,On Leave
EMP004272,James,Jackson,James Jackson,26,Legal,Director,Miami,53467.52,14854.5,2023-06-02,0,64.5,james.jackson@company.com,(594) 296-1513,Active
EMP004273,William,Smith,William Smith,32,Operations,Director,Miami,51736.51,1633.95,2022-04-02,6,89.2,william.smith@company.com,(754) 946-2582,Inactive
EMP004274,Matthew,Smith,Matthew Smith,36,Finance,Lead,San Francisco,78425.91,4187.98,2024-12-14,10,80.2,matthew.smith@company.com,(521) 639-5553,Inactive
EMP004275,Jane,Thomas,Jane Thomas,46,Marketing,Lead,San Francisco,85166.12,8490.0,2023-09-17,18,89.4,jane.thomas@company.com,(664) 269-7952,On Leave
EMP004276,Anthony,Jackson,Anthony Jackson,50,Sales,Coordinator,Los Angeles,95224.51,8479.46,2022-11-02,21,80.7,anthony.jackson@company.com,(673) 385-4794,Active
EMP004277,Ashley,Williams,Ashley Williams,42,Sales,Specialist,New York,94254.66,15268.49,2023-01-06,19,63.0,ashley.williams@company.com,(539) 650-7874,Active
EMP004278,Sarah,Jones,Sarah Jones,61,IT,Lead,Boston,92585.3,9697.1,2023-11-22,38,79.4,sarah.jones@company.com,(363) 762-2092,Active
EMP004279,David,Jackson,David Jackson,40,Sales,Lead,Chicago,41845.89,4375.18,2024-04-01,13,76.1,david.jackson@company.com,(775) 838-9749,Active
EMP004280,Emily,Rodriguez,Emily Rodriguez,37,Sales,Manager,Los Angeles,61137.52,8228.56,2023-07-30,10,100.0,emily.rodriguez@company.com,(742) 499-2637,Active
EMP004281,Amanda,Moore,Amanda Moore,26,Operations,Director,Boston,45847.04,3433.7,2022-08-10,0,84.4,amanda.moore@company.com,(930) 432-2011,Active
EMP004282,William,Miller,William Miller,33,Legal,Director,Los Angeles,88815.8,12445.32,2020-09-10,10,91.3,william.miller@company.com,(742) 528-7036,Active
EMP004283,Melissa,Smith,Melissa Smith,65,Legal,Associate,San Francisco,98142.48,11202.12,2024-03-18,36,86.6,melissa.smith@company.com,(837) 461-5182,Active
EMP004284,Sarah,Rodriguez,Sarah Rodriguez,42,Finance,Manager,New York,78342.42,5574.38,2020-05-01,13,51.4,sarah.rodriguez@company.com,(964) 951-5452,Active
EMP004285,Daniel,Lopez,Daniel Lopez,38,IT,Analyst,New York,94185.78,6933.98,2021-05-03,16,70.0,daniel.lopez@company.com,(992) 325-1834,Active
EMP004286,Ashley,Johnson,Ashley Johnson,36,Legal,Analyst,Miami,108241.5,5487.59,2023-04-11,8,66.1,ashley.johnson@company.com,(620) 736-3643,Active
EMP004287,Nicole,Taylor,Nicole Taylor,62,Operations,Analyst,Seattle,70559.97,4382.84,2022-07-17,40,100.0,nicole.taylor@company.com,(411) 960-5380,Active
EMP004288,Anthony,Thomas,Anthony Thomas,53,Marketing,Senior Developer,Boston,82227.41,4352.74,2024-06-20,28,77.8,anthony.thomas@company.com,(857) 810-8871,Active
EMP004289,Stephanie,Wilson,Stephanie Wilson,31,Operations,Lead,Seattle,62442.06,4849.32,2024-02-09,9,57.3,stephanie.wilson@company.com,(575) 720-8560,Active
EMP004290,Jessica,Thomas,Jessica Thomas,37,Sales,Coordinator,New York,88644.44,20952.57,2021-01-19,8,35.7,jessica.thomas@company.com,(801) 962-3340,Active
EMP004291,Anthony,Johnson,Anthony Johnson,49,IT,Lead,Miami,80046.57,7832.47,2020-09-03,23,94.9,anthony.johnson@company.com,(771) 531-4195,Active
EMP004292,John,Brown,John Brown,22,Legal,Director,Seattle,61532.98,7532.13,2023-12-05,0,53.9,john.brown@company.com,(220) 463-2003,On Leave
EMP004293,Emily,Lopez,Emily Lopez,49,IT,Manager,New York,100546.16,12443.47,2021-08-24,20,79.1,emily.lopez@company.com,(323) 405-2631,Active
EMP004294,Christopher,Thomas,Christopher Thomas,43,Legal,Analyst,Boston,107819.84,11004.42,2022-09-10,15,97.9,christopher.thomas@company.com,(995) 200-8173,Active
EMP004295,David,Anderson,David Anderson,46,Legal,Lead,San Francisco,113207.07,13380.77,2022-05-30,23,46.1,david.anderson@company.com,(418) 959-6337,Active
EMP004296,Ashley,Garcia,Ashley Garcia,48,Legal,Manager,Chicago,93582.08,12712.96,2023-11-09,25,60.7,ashley.garcia@company.com,(501) 415-9384,Active
EMP004297,Sarah,Thomas,Sarah Thomas,50,IT,Associate,Miami,78618.31,12425.47,2020-10-04,26,72.2,sarah.thomas@company.com,(371) 648-1567,Active
EMP004298,Amanda,Martinez,Amanda Martinez,58,HR,Associate,San Francisco,57482.58,6415.5,2023-08-04,30,71.9,amanda.martinez@company.com,(437) 788-2093,Active
EMP004299,Ashley,Wilson,Ashley Wilson,43,Finance,Analyst,Miami,74294.34,2683.47,2021-11-18,19,77.3,ashley.wilson@company.com,(628) 255-5632,Active
EMP004300,Daniel,Taylor,Daniel Taylor,36,Marketing,Director,New York,36853.01,462.83,2022-06-11,7,100.0,daniel.taylor@company.com,(835) 221-7402,Active
EMP004301,Sarah,Hernandez,Sarah Hernandez,37,Operations,Analyst,New York,61529.94,9447.53,2022-03-15,15,84.5,sarah.hernandez@company.com,(266) 443-5216,Active
EMP004302,Lisa,Thomas,Lisa Thomas,39,HR,Analyst,San Francisco,62291.94,11858.58,2020-11-12,14,90.3,lisa.thomas@company.com,(989) 888-1908,Active
EMP004303,Stephanie,Gonzalez,Stephanie Gonzalez,33,Legal,Associate,Los Angeles,67732.77,13520.39,2021-10-23,6,78.5,stephanie.gonzalez@company.com,(493) 871-1069,Active
EMP004304,Emily,Rodriguez,Emily Rodriguez,24,Marketing,Associate,San Francisco,66117.55,7213.87,2023-03-03,1,69.9,emily.rodriguez@company.com,(484) 426-6487,Active
EMP004305,Emily,Taylor,Emily Taylor,25,IT,Lead,San Francisco,71309.46,1410.43,2023-01-31,2,93.8,emily.taylor@company.com,(881) 212-6991,Active
EMP004306,Michael,Davis,Michael Davis,44,Engineering,Lead,Boston,76722.08,8620.83,2021-04-04,21,82.7,michael.davis@company.com,(391) 318-4663,Active
EMP004307,Daniel,Moore,Daniel Moore,58,IT,Coordinator,Seattle,109757.82,4384.2,2021-11-11,33,81.2,daniel.moore@company.com,(581) 336-7697,Active
EMP004308,Sarah,Smith,Sarah Smith,62,Legal,Coordinator,New York,113414.12,17160.55,2023-09-25,35,100.0,sarah.smith@company.com,(574) 709-1137,Active
EMP004309,Emily,Martin,Emily Martin,46,Operations,Associate,New York,67475.02,10686.46,2022-12-24,18,77.3,emily.martin@company.com,(704) 473-5739,Active
EMP004310,Robert,Hernandez,Robert Hernandez,45,IT,Coordinator,Chicago,99860.43,14525.69,2023-02-23,16,88.8,robert.hernandez@company.com,(606) 811-3465,Inactive
EMP004311,Jessica,Hernandez,Jessica Hernandez,40,IT,Manager,New York,81885.82,9978.96,2022-02-23,17,73.0,jessica.hernandez@company.com,(863) 391-6484,Active
EMP004312,Michael,Lopez,Michael Lopez,35,Sales,Lead,Miami,50876.06,6432.12,2023-11-23,7,53.6,michael.lopez@company.com,(571) 277-4289,Active
EMP004313,Matthew,Rodriguez,Matthew Rodriguez,58,Operations,Senior Developer,Austin,61221.84,4835.72,2024-09-06,32,51.1,matthew.rodriguez@company.com,(376) 665-4242,Active
EMP004314,William,Hernandez,William Hernandez,23,Engineering,Lead,San Francisco,80258.06,15338.97,2022-05-16,0,93.6,william.hernandez@company.com,(904) 363-2834,Active
EMP004315,William,Wilson,William Wilson,35,Sales,Specialist,Los Angeles,73041.52,4914.92,2023-10-31,6,86.6,william.wilson@company.com,(585) 278-6240,Active
EMP004316,Stephanie,Hernandez,Stephanie Hernandez,46,HR,Analyst,Chicago,75632.65,10052.7,2020-09-18,24,59.0,stephanie.hernandez@company.com,(891) 467-8367,Active
EMP004317,Matthew,Brown,Matthew Brown,38,Engineering,Specialist,San Francisco,138828.67,17194.67,2022-12-17,10,67.1,matthew.brown@company.com,(907) 310-3749,Active
EMP004318,Daniel,Williams,Daniel Williams,54,Finance,Specialist,New York,95548.31,8664.03,2021-05-19,25,97.8,daniel.williams@company.com,(658) 986-5948,Active
EMP004319,Sarah,Jones,Sarah Jones,34,IT,Lead,San Francisco,96510.54,762.57,2024-03-24,9,83.5,sarah.jones@company.com,(815) 455-1135,Active
EMP004320,Matthew,Smith,Matthew Smith,47,Operations,Coordinator,New York,63692.89,4120.41,2024-10-12,22,57.1,matthew.smith@company.com,(870) 720-1684,Active
EMP004321,William,Smith,William Smith,36,HR,Specialist,Austin,51351.69,2870.41,2023-12-29,14,83.4,william.smith@company.com,(225) 548-1546,Active
EMP004322,Sarah,Johnson,Sarah Johnson,42,Operations,Director,Los Angeles,75122.09,7670.11,2021-11-29,20,89.4,sarah.johnson@company.com,(856) 730-8079,Active
EMP004323,Anthony,Jackson,Anthony Jackson,51,Engineering,Senior Developer,Chicago,129430.38,8093.47,2024-05-12,26,65.7,anthony.jackson@company.com,(441) 270-2592,Active
EMP004324,Stephanie,Jackson,Stephanie Jackson,49,Finance,Manager,Los Angeles,98506.95,9334.66,2024-12-27,24,91.6,stephanie.jackson@company.com,(340) 851-2230,Active
EMP004325,Ashley,Wilson,Ashley Wilson,39,Legal,Specialist,Los Angeles,109386.53,13374.31,2020-10-22,13,70.0,ashley.wilson@company.com,(717) 317-3441,Active
EMP004326,Amanda,Jackson,Amanda Jackson,29,HR,Analyst,Los Angeles,56451.69,447.19,2020-04-15,1,74.1,amanda.jackson@company.com,(668) 473-9343,Active
EMP004327,William,Jackson,William Jackson,50,Operations,Analyst,San Francisco,103272.84,20378.69,2022-03-07,21,94.1,william.jackson@company.com,(204) 792-3435,Active
EMP004328,Jessica,Williams,Jessica Williams,46,Finance,Coordinator,Los Angeles,77233.14,0.0,2022-05-04,20,77.2,jessica.williams@company.com,(903) 562-9117,Active
EMP004329,Sarah,Wilson,Sarah Wilson,29,IT,Lead,Boston,80586.05,12035.59,2024-10-08,2,82.8,sarah.wilson@company.com,(724) 846-2581,Active
EMP004330,Ashley,Jackson,Ashley Jackson,22,Operations,Specialist,New York,29543.06,6198.62,2021-04-26,0,46.9,ashley.jackson@company.com,(713) 783-7489,Active
EMP004331,Sarah,Gonzalez,Sarah Gonzalez,60,Finance,Manager,Boston,77274.0,6391.03,2022-12-18,38,85.4,sarah.gonzalez@company.com,(594) 347-6291,Active
EMP004332,David,Jones,David Jones,43,HR,Lead,New York,65959.39,8077.97,2020-10-29,18,48.2,david.jones@company.com,(477) 944-9015,Active
EMP004333,Sarah,Garcia,Sarah Garcia,62,IT,Director,San Francisco,98537.85,8811.18,2023-10-03,38,48.6,sarah.garcia@company.com,(782) 572-6948,Active
EMP004334,James,Moore,James Moore,62,IT,Manager,San Francisco,73935.08,8780.46,2023-11-09,40,98.7,james.moore@company.com,(530) 716-4278,Active
EMP004335,Ashley,Johnson,Ashley Johnson,59,HR,Specialist,Boston,84618.08,10316.68,2023-07-21,37,83.3,ashley.johnson@company.com,(485) 344-8763,Active
EMP004336,Amanda,Jackson,Amanda Jackson,64,Sales,Manager,Chicago,62777.11,0.0,2022-06-06,38,83.7,amanda.jackson@company.com,(826) 592-7109,Active
EMP004337,Robert,Garcia,Robert Garcia,28,Operations,Analyst,Los Angeles,25500.0,1932.7,2022-07-27,6,83.5,robert.garcia@company.com,(646) 904-3674,Active
EMP004338,Stephanie,Moore,Stephanie Moore,47,HR,Analyst,San Francisco,88604.8,15124.01,2022-08-20,25,55.4,stephanie.moore@company.com,(548) 436-5166,Active
EMP004339,Robert,Martin,Robert Martin,24,Operations,Lead,Boston,57756.56,6804.3,2024-09-06,0,56.5,robert.martin@company.com,(774) 966-1536,Active
EMP004340,David,Taylor,David Taylor,39,Engineering,Lead,San Francisco,92854.0,12804.81,2022-10-15,17,65.9,david.taylor@company.com,(282) 894-1438,Active
EMP004341,Anthony,Martinez,Anthony Martinez,44,Operations,Analyst,New York,31856.15,6508.22,2024-03-13,17,88.7,anthony.martinez@company.com,(595) 876-5690,Active
EMP004342,Jessica,Lopez,Jessica Lopez,25,HR,Senior Developer,Seattle,72055.25,9725.76,2024-12-07,0,69.1,jessica.lopez@company.com,(857) 488-5042,Active
EMP004343,John,Miller,John Miller,22,Marketing,Senior Developer,Austin,49600.88,1828.49,2024-08-20,0,66.3,john.miller@company.com,(741) 641-7995,On Leave
EMP004344,Anthony,Johnson,Anthony Johnson,42,IT,Lead,Los Angeles,86272.86,15828.41,2024-03-05,18,64.3,anthony.johnson@company.com,(463) 681-8898,Active
EMP004345,David,Johnson,David Johnson,58,Sales,Manager,San Francisco,68321.29,10896.92,2021-08-27,35,38.4,david.johnson@company.com,(201) 764-4775,Active
EMP004346,Jessica,Anderson,Jessica Anderson,42,Marketing,Manager,Los Angeles,49838.05,3720.34,2024-06-10,17,69.0,jessica.anderson@company.com,(286) 857-9949,Active
EMP004347,Melissa,Martin,Melissa Martin,65,Operations,Director,Austin,69295.11,3069.93,2024-11-09,39,57.9,melissa.martin@company.com,(964) 489-3334,Active
EMP004348,Robert,Jackson,Robert Jackson,49,HR,Analyst,Chicago,94513.71,5455.2,2021-06-24,24,78.0,robert.jackson@company.com,(331) 568-9069,Active
EMP004349,Emily,Anderson,Emily Anderson,37,Legal,Coordinator,Seattle,76252.58,6501.55,2022-07-02,14,92.3,emily.anderson@company.com,(890) 547-1784,Active
EMP004350,Sarah,Taylor,Sarah Taylor,40,Operations,Senior Developer,Chicago,36522.72,4204.89,2020-07-23,18,100.0,sarah.taylor@company.com,(488) 738-6062,Active
EMP004351,Jane,Davis,Jane Davis,57,IT,Director,Austin,116504.59,6972.55,2023-04-07,30,80.5,jane.davis@company.com,(605) 928-9752,Active
EMP004352,Matthew,Martinez,Matthew Martinez,41,Marketing,Specialist,New York,92736.81,12029.99,2022-08-04,15,67.4,matthew.martinez@company.com,(539) 904-5040,Active
EMP004353,Matthew,Martin,Matthew Martin,50,Finance,Lead,Miami,98920.72,12468.98,2020-04-24,26,89.3,matthew.martin@company.com,(592) 790-5004,Active
EMP004354,Emily,Taylor,Emily Taylor,60,Operations,Analyst,Austin,79951.63,7667.26,2023-08-14,35,77.2,emily.taylor@company.com,(854) 255-3461,On Leave
EMP004355,James,Martinez,James Martinez,51,IT,Associate,San Francisco,90956.82,13943.27,2023-12-30,22,65.8,james.martinez@company.com,(881) 920-8769,Active
EMP004356,Ashley,Wilson,Ashley Wilson,65,Legal,Senior Developer,Miami,98794.23,6493.38,2022-11-30,42,81.4,ashley.wilson@company.com,(979) 783-9466,Active
EMP004357,Robert,Wilson,Robert Wilson,42,Sales,Coordinator,Austin,91018.17,8031.12,2023-06-20,15,99.1,robert.wilson@company.com,(935) 497-6374,On Leave
EMP004358,Anthony,Jones,Anthony Jones,58,Sales,Coordinator,San Francisco,95941.07,4710.49,2024-03-12,33,73.8,anthony.jones@company.com,(648) 377-4762,On Leave
EMP004359,James,Johnson,James Johnson,63,Sales,Lead,Seattle,105965.98,10215.3,2021-03-13,38,87.0,james.johnson@company.com,(706) 699-7922,Active
EMP004360,Robert,Taylor,Robert Taylor,57,IT,Specialist,Boston,86101.65,10930.94,2024-04-17,29,73.7,robert.taylor@company.com,(776) 837-9084,Active
EMP004361,Anthony,Williams,Anthony Williams,25,Legal,Analyst,Chicago,90785.9,10004.61,2020-02-11,0,86.0,anthony.williams@company.com,(245) 763-3020,Active
EMP004362,John,Brown,John Brown,48,Finance,Associate,Chicago,97412.97,8967.34,2023-09-29,26,74.0,john.brown@company.com,(626) 810-1945,Active
EMP004363,James,Williams,James Williams,64,Operations,Coordinator,Miami,61049.6,9892.9,2023-04-15,38,70.4,james.williams@company.com,(548) 310-5151,Inactive
EMP004364,Jane,Jackson,Jane Jackson,63,IT,Senior Developer,Miami,123714.33,15457.62,2023-07-19,35,27.7,jane.jackson@company.com,(914) 886-1229,Active
EMP004365,John,Smith,John Smith,60,Finance,Lead,Boston,107040.8,4721.06,2021-01-10,31,73.9,john.smith@company.com,(479) 360-3858,Active
EMP004366,Ashley,Jackson,Ashley Jackson,48,IT,Coordinator,Los Angeles,79965.99,8358.15,2023-12-12,20,86.3,ashley.jackson@company.com,(875) 331-5872,Active
EMP004367,Robert,Johnson,Robert Johnson,58,Operations,Lead,San Francisco,68822.82,4999.23,2020-09-11,30,51.6,robert.johnson@company.com,(800) 675-3544,Active
EMP004368,Michael,Garcia,Michael Garcia,49,HR,Director,Seattle,95442.18,10352.24,2024-04-03,21,92.9,michael.garcia@company.com,(440) 535-4801,Inactive
EMP004369,Daniel,Lopez,Daniel Lopez,44,Legal,Lead,Miami,90907.68,871.16,2022-06-28,16,76.7,daniel.lopez@company.com,(417) 456-3131,Active
EMP004370,James,Moore,James Moore,32,Legal,Manager,Boston,79384.11,3709.54,2021-02-27,6,68.4,james.moore@company.com,(881) 271-1148,Active
EMP004371,Anthony,Anderson,Anthony Anderson,64,Sales,Manager,Seattle,103599.03,5770.26,2022-08-21,38,74.3,anthony.anderson@company.com,(688) 276-3987,Inactive
EMP004372,John,Wilson,John Wilson,50,Sales,Lead,New York,79664.23,14190.09,2024-09-21,23,53.0,john.wilson@company.com,(470) 603-7439,Inactive
EMP004373,Stephanie,Martin,Stephanie Martin,34,Legal,Lead,Seattle,70633.95,7369.57,2020-11-06,7,61.6,stephanie.martin@company.com,(967) 292-8527,Active
EMP004374,Emily,Martinez,Emily Martinez,43,HR,Associate,Boston,76990.44,10313.2,2022-05-16,21,72.1,emily.martinez@company.com,(712) 872-5013,Active
EMP004375,Jane,Miller,Jane Miller,34,Marketing,Director,Boston,89216.03,3527.05,2022-03-03,7,62.0,jane.miller@company.com,(786) 580-3365,Inactive
EMP004376,James,Moore,James Moore,39,Legal,Lead,Los Angeles,94676.45,11536.31,2021-02-27,13,58.5,james.moore@company.com,(527) 946-1172,Active
EMP004377,Nicole,Williams,Nicole Williams,35,Engineering,Analyst,Miami,85904.06,14938.37,2022-12-06,7,63.6,nicole.williams@company.com,(905) 429-5874,Active
EMP004378,Christopher,Rodriguez,Christopher Rodriguez,43,IT,Analyst,San Francisco,81441.06,7201.76,2023-10-24,21,96.9,christopher.rodriguez@company.com,(587) 290-5264,Active
EMP004379,Lisa,Miller,Lisa Miller,39,IT,Senior Developer,Austin,65573.49,2732.48,2024-04-27,11,86.8,lisa.miller@company.com,(786) 604-3884,Inactive
EMP004380,Daniel,Hernandez,Daniel Hernandez,32,IT,Specialist,Seattle,112479.35,3943.85,2021-04-01,4,70.0,daniel.hernandez@company.com,(794) 980-1626,Active
EMP004381,Michael,Martin,Michael Martin,35,Operations,Associate,Los Angeles,37833.9,3683.12,2021-03-21,10,86.7,michael.martin@company.com,(216) 263-7453,Active
EMP004382,David,Brown,David Brown,50,Engineering,Senior Developer,Boston,136617.92,9765.47,2022-03-07,22,100.0,david.brown@company.com,(465) 257-8296,Active
EMP004383,Jane,Martinez,Jane Martinez,63,Sales,Director,San Francisco,70779.46,9331.01,2024-02-26,38,48.1,jane.martinez@company.com,(869) 572-4201,Inactive
EMP004384,Melissa,Davis,Melissa Davis,65,IT,Analyst,Boston,101651.73,14520.47,2022-09-15,40,91.7,melissa.davis@company.com,(843) 367-6192,Active
EMP004385,Nicole,Gonzalez,Nicole Gonzalez,36,Legal,Lead,Miami,110795.4,11102.93,2023-11-28,10,65.6,nicole.gonzalez@company.com,(262) 542-6907,Active
EMP004386,Anthony,Jackson,Anthony Jackson,49,Engineering,Senior Developer,Miami,43098.12,4960.44,2021-01-08,25,95.5,anthony.jackson@company.com,(910) 801-7294,Active
EMP004387,Lisa,Brown,Lisa Brown,24,Operations,Analyst,Seattle,43873.34,4308.66,2024-08-10,2,76.2,lisa.brown@company.com,(689) 209-1813,Active
EMP004388,Anthony,Davis,Anthony Davis,64,HR,Director,San Francisco,101299.06,5748.33,2020-09-20,36,88.9,anthony.davis@company.com,(600) 721-4195,Active
EMP004389,William,Wilson,William Wilson,59,Engineering,Senior Developer,Chicago,101122.35,11957.23,2021-05-26,32,89.0,william.wilson@company.com,(644) 976-9929,Active
EMP004390,Ashley,Williams,Ashley Williams,41,Operations,Lead,Miami,39609.62,2756.53,2020-06-20,15,76.9,ashley.williams@company.com,(909) 338-2104,Active
EMP004391,Emily,Lopez,Emily Lopez,51,Sales,Associate,Boston,90425.35,16273.63,2024-03-21,25,69.0,emily.lopez@company.com,(287) 684-8139,Active
EMP004392,Amanda,Hernandez,Amanda Hernandez,51,Marketing,Director,Chicago,85374.56,6585.26,2023-11-19,28,80.0,amanda.hernandez@company.com,(577) 570-3124,Active
EMP004393,James,Moore,James Moore,61,Legal,Associate,New York,138214.21,12538.21,2021-02-03,39,57.0,james.moore@company.com,(205) 882-3479,Active
EMP004394,Nicole,Garcia,Nicole Garcia,28,HR,Coordinator,Austin,35004.87,4206.13,2020-10-21,6,54.6,nicole.garcia@company.com,(756) 649-9636,Active
EMP004395,Sarah,Lopez,Sarah Lopez,31,HR,Associate,Boston,56484.7,5415.12,2021-09-07,5,86.8,sarah.lopez@company.com,(696) 360-7726,Active
EMP004396,Ashley,Thomas,Ashley Thomas,36,Finance,Specialist,Los Angeles,91236.9,4307.09,2023-10-16,13,85.7,ashley.thomas@company.com,(568) 528-1554,Active
EMP004397,David,Taylor,David Taylor,39,HR,Manager,San Francisco,75959.83,8448.46,2020-09-08,13,64.7,david.taylor@company.com,(763) 561-1807,Active
EMP004398,Jane,Moore,Jane Moore,40,Legal,Associate,Boston,77694.48,6117.69,2024-02-24,12,86.7,jane.moore@company.com,(517) 559-1418,Active
EMP004399,James,Moore,James Moore,23,Sales,Coordinator,New York,45480.91,5303.85,2022-12-20,0,48.8,james.moore@company.com,(210) 311-1024,Active
EMP004400,Nicole,Wilson,Nicole Wilson,31,Legal,Specialist,Miami,99506.09,14215.9,2021-06-03,8,78.8,nicole.wilson@company.com,(711) 645-2300,Active
EMP004401,Daniel,Moore,Daniel Moore,38,IT,Director,Los Angeles,63900.84,9586.74,2024-08-26,14,63.3,daniel.moore@company.com,(593) 849-5844,Active
EMP004402,James,Davis,James Davis,52,HR,Specialist,Austin,66196.89,0.0,2024-07-31,24,100.0,james.davis@company.com,(654) 653-5530,Active
EMP004403,Stephanie,Davis,Stephanie Davis,44,HR,Analyst,Miami,62809.06,4518.73,2020-11-15,22,95.8,stephanie.davis@company.com,(909) 640-3789,Active
EMP004404,Lisa,Williams,Lisa Williams,31,Operations,Analyst,New York,35338.3,6046.19,2021-03-23,5,100.0,lisa.williams@company.com,(696) 497-4387,Active
EMP004405,Melissa,Davis,Melissa Davis,41,Finance,Manager,Boston,85668.77,10242.92,2021-10-23,12,52.1,melissa.davis@company.com,(368) 318-5747,Active
EMP004406,John,Rodriguez,John Rodriguez,44,Legal,Associate,Chicago,81726.19,6427.67,2020-02-24,20,87.4,john.rodriguez@company.com,(839) 689-7997,Active
EMP004407,Michael,Rodriguez,Michael Rodriguez,45,Operations,Lead,Miami,51493.08,5612.21,2021-04-28,16,82.2,michael.rodriguez@company.com,(619) 586-1263,Active
EMP004408,James,Jackson,James Jackson,65,Sales,Lead,San Francisco,92606.94,9010.83,2024-03-18,38,77.1,james.jackson@company.com,(505) 696-4798,Active
EMP004409,Amanda,Miller,Amanda Miller,23,Legal,Lead,Boston,69067.7,9342.39,2024-07-09,1,97.9,amanda.miller@company.com,(506) 718-6674,Inactive
EMP004410,Amanda,Anderson,Amanda Anderson,48,Sales,Senior Developer,Austin,89378.89,7073.08,2024-06-25,20,69.2,amanda.anderson@company.com,(846) 826-9769,Active
EMP004411,William,Rodriguez,William Rodriguez,57,IT,Associate,San Francisco,72244.44,6633.02,2021-05-12,34,68.5,william.rodriguez@company.com,(778) 527-3966,Active
EMP004412,William,Thomas,William Thomas,40,Legal,Specialist,Miami,74747.72,3646.84,2021-04-30,16,54.9,william.thomas@company.com,(649) 855-3585,Active
EMP004413,Jessica,Taylor,Jessica Taylor,55,Finance,Lead,Miami,76119.88,7679.29,2022-01-26,32,71.5,jessica.taylor@company.com,(592) 274-2333,Inactive
EMP004414,Anthony,Taylor,Anthony Taylor,39,Legal,Coordinator,Boston,104709.52,5666.16,2022-10-06,17,70.3,anthony.taylor@company.com,(806) 884-9812,Active
EMP004415,Jessica,Jones,Jessica Jones,28,Marketing,Manager,New York,52732.86,4629.11,2020-05-02,2,78.3,jessica.jones@company.com,(531) 803-1201,Active
EMP004416,Amanda,Brown,Amanda Brown,45,Legal,Associate,Austin,123281.3,13869.9,2021-10-21,23,85.4,amanda.brown@company.com,(763) 573-5659,Active
EMP004417,Anthony,Williams,Anthony Williams,54,HR,Specialist,Seattle,51709.54,6558.9,2021-01-13,27,79.2,anthony.williams@company.com,(497) 618-3059,Inactive
EMP004418,Melissa,Brown,Melissa Brown,28,Marketing,Director,Austin,82858.55,10046.67,2021-05-20,2,58.2,melissa.brown@company.com,(256) 993-7658,Active
EMP004419,Robert,Lopez,Robert Lopez,33,HR,Lead,Boston,40156.79,3070.91,2021-10-04,9,60.3,robert.lopez@company.com,(799) 886-9875,Active
EMP004420,Christopher,Garcia,Christopher Garcia,53,Marketing,Associate,San Francisco,58149.15,13562.34,2020-01-01,26,87.5,christopher.garcia@company.com,(737) 701-9008,Active
EMP004421,James,Thomas,James Thomas,50,Marketing,Director,Miami,102880.99,8313.07,2022-08-10,27,74.5,james.thomas@company.com,(635) 453-1776,Active
EMP004422,Melissa,Anderson,Melissa Anderson,22,HR,Associate,Austin,50015.74,3385.98,2024-09-27,0,91.3,melissa.anderson@company.com,(594) 621-1446,Active
EMP004423,Anthony,Thomas,Anthony Thomas,36,Operations,Manager,Boston,70808.1,5985.66,2024-06-07,13,68.6,anthony.thomas@company.com,(972) 256-5789,Active
EMP004424,Amanda,Johnson,Amanda Johnson,37,Legal,Associate,Chicago,103905.36,17629.79,2020-11-17,11,70.4,amanda.johnson@company.com,(824) 946-1445,Active
EMP004425,John,Anderson,John Anderson,45,HR,Analyst,Chicago,58137.4,3736.35,2022-04-08,22,62.0,john.anderson@company.com,(564) 351-8350,Active
EMP004426,Amanda,Martinez,Amanda Martinez,37,IT,Manager,Austin,71309.36,0.0,2021-11-12,9,54.9,amanda.martinez@company.com,(836) 511-2284,Active
EMP004427,Stephanie,Thomas,Stephanie Thomas,56,Sales,Lead,San Francisco,91768.44,2798.9,2022-06-24,29,89.8,stephanie.thomas@company.com,(527) 408-8246,Active
EMP004428,James,Moore,James Moore,43,Sales,Manager,Miami,41326.81,3800.5,2022-11-02,14,99.8,james.moore@company.com,(887) 712-5983,Active
EMP004429,James,Hernandez,James Hernandez,57,HR,Coordinator,New York,67740.01,9651.33,2021-02-04,29,91.3,james.hernandez@company.com,(959) 601-6549,Active
EMP004430,Melissa,Jones,Melissa Jones,53,IT,Coordinator,Austin,83278.81,0.0,2020-03-09,26,63.2,melissa.jones@company.com,(987) 664-1393,Active
EMP004431,Robert,Johnson,Robert Johnson,48,IT,Lead,Los Angeles,68248.34,605.59,2021-01-07,20,68.1,robert.johnson@company.com,(266) 998-3105,Active
EMP004432,James,Gonzalez,James Gonzalez,35,HR,Manager,Miami,46512.9,6503.59,2024-08-22,9,89.4,james.gonzalez@company.com,(387) 695-9531,Inactive
EMP004433,Jessica,Anderson,Jessica Anderson,36,Marketing,Specialist,San Francisco,58885.67,4285.19,2024-01-24,14,67.4,jessica.anderson@company.com,(787) 374-6081,Active
EMP004434,Melissa,Brown,Melissa Brown,39,Legal,Manager,Austin,98245.37,10980.26,2024-11-18,16,98.3,melissa.brown@company.com,(636) 905-4149,Active
EMP004435,Matthew,Lopez,Matthew Lopez,30,HR,Associate,New York,74353.04,1663.77,2023-02-19,6,79.8,matthew.lopez@company.com,(467) 899-9222,Active
EMP004436,Stephanie,Taylor,Stephanie Taylor,22,Sales,Lead,Los Angeles,76613.06,8295.21,2020-11-27,0,62.4,stephanie.taylor@company.com,(403) 748-7466,Active
EMP004437,Stephanie,Johnson,Stephanie Johnson,33,IT,Lead,Miami,78532.06,10157.6,2022-01-30,11,73.0,stephanie.johnson@company.com,(558) 777-6828,Active
EMP004438,Jessica,Hernandez,Jessica Hernandez,49,Finance,Manager,San Francisco,94404.55,18042.56,2021-10-14,27,81.8,jessica.hernandez@company.com,(962) 975-8240,Active
EMP004439,David,Lopez,David Lopez,37,Engineering,Manager,Seattle,97246.66,10073.12,2021-01-01,14,87.1,david.lopez@company.com,(536) 904-9735,Active
EMP004440,Matthew,Moore,Matthew Moore,45,Sales,Coordinator,New York,86449.47,14637.58,2024-07-08,19,61.9,matthew.moore@company.com,(533) 741-8332,Active
EMP004441,James,Thomas,James Thomas,46,Finance,Lead,Boston,66052.47,3769.66,2023-07-12,21,62.5,james.thomas@company.com,(352) 247-9624,Active
EMP004442,Ashley,Brown,Ashley Brown,30,Engineering,Senior Developer,Seattle,116262.56,10445.48,2022-01-27,7,89.1,ashley.brown@company.com,(260) 678-5963,Active
EMP004443,Sarah,Gonzalez,Sarah Gonzalez,56,IT,Senior Developer,New York,100799.15,8422.62,2022-05-26,31,95.5,sarah.gonzalez@company.com,(984) 896-2877,Active
EMP004444,Amanda,Gonzalez,Amanda Gonzalez,53,IT,Director,San Francisco,117506.38,18979.38,2023-08-19,31,74.9,amanda.gonzalez@company.com,(491) 217-5513,Active
EMP004445,Amanda,Johnson,Amanda Johnson,32,Engineering,Specialist,New York,101581.41,3251.77,2021-11-18,9,89.9,amanda.johnson@company.com,(765) 508-1555,Inactive
EMP004446,Nicole,Jackson,Nicole Jackson,27,Marketing,Lead,Chicago,41951.22,2601.22,2020-02-17,0,78.5,nicole.jackson@company.com,(615) 784-1608,Inactive
EMP004447,Christopher,Martinez,Christopher Martinez,60,Finance,Coordinator,Austin,89568.34,5023.29,2022-06-14,31,93.8,christopher.martinez@company.com,(864) 556-9293,Inactive
EMP004448,Jessica,Gonzalez,Jessica Gonzalez,26,HR,Associate,Austin,80743.79,10.27,2021-08-22,0,52.6,jessica.gonzalez@company.com,(698) 343-3699,Active
EMP004449,James,Taylor,James Taylor,34,Sales,Manager,Miami,51213.84,7800.16,2022-12-09,7,56.5,james.taylor@company.com,(947) 426-4861,Active
EMP004450,Ashley,Garcia,Ashley Garcia,27,Finance,Associate,Seattle,98913.83,5553.06,2022-04-02,0,70.8,ashley.garcia@company.com,(919) 453-1577,Active
EMP004451,Jane,Rodriguez,Jane Rodriguez,34,Operations,Manager,Austin,46878.66,3995.28,2021-07-13,11,47.8,jane.rodriguez@company.com,(918) 941-9908,Active
EMP004452,Stephanie,Thomas,Stephanie Thomas,35,Marketing,Senior Developer,Boston,77549.85,1555.19,2021-09-09,10,85.2,stephanie.thomas@company.com,(210) 903-7168,Active
EMP004453,Daniel,Johnson,Daniel Johnson,43,Legal,Senior Developer,Austin,86721.91,6542.03,2022-10-16,17,70.2,daniel.johnson@company.com,(214) 804-9209,On Leave
EMP004454,Christopher,Wilson,Christopher Wilson,43,Sales,Manager,Austin,78892.81,932.02,2021-04-15,20,88.5,christopher.wilson@company.com,(841) 758-5817,Active
EMP004455,Sarah,Garcia,Sarah Garcia,34,Sales,Manager,Boston,69158.13,5544.11,2020-07-26,12,78.2,sarah.garcia@company.com,(590) 458-6333,Active
EMP004456,Stephanie,Gonzalez,Stephanie Gonzalez,32,Marketing,Lead,Boston,65155.62,6689.29,2021-04-19,3,66.6,stephanie.gonzalez@company.com,(314) 358-6720,Active
EMP004457,Sarah,Jones,Sarah Jones,39,Legal,Lead,Los Angeles,98796.2,3762.72,2022-03-19,13,69.7,sarah.jones@company.com,(376) 988-3650,Active
EMP004458,Anthony,Lopez,Anthony Lopez,54,Legal,Lead,Seattle,95349.65,8511.41,2021-07-27,27,75.0,anthony.lopez@company.com,(572) 238-1981,Active
EMP004459,Matthew,Martin,Matthew Martin,65,Legal,Lead,San Francisco,108936.49,11237.8,2021-04-19,43,80.6,matthew.martin@company.com,(867) 425-2467,Active
EMP004460,Melissa,Brown,Melissa Brown,27,IT,Specialist,New York,78274.47,5532.16,2020-12-19,3,88.0,melissa.brown@company.com,(591) 284-5342,Active
EMP004461,William,Anderson,William Anderson,24,Sales,Coordinator,Los Angeles,44211.62,6008.21,2020-03-16,0,71.2,william.anderson@company.com,(471) 468-2716,Active
EMP004462,Stephanie,Rodriguez,Stephanie Rodriguez,23,Finance,Analyst,Boston,97472.88,10395.0,2023-05-12,0,96.9,stephanie.rodriguez@company.com,(624) 956-5682,Active
EMP004463,Amanda,Rodriguez,Amanda Rodriguez,63,Sales,Director,San Francisco,92886.29,13498.41,2024-02-04,39,88.1,amanda.rodriguez@company.com,(674) 771-1729,Active
EMP004464,Matthew,Thomas,Matthew Thomas,34,IT,Manager,Chicago,115516.13,9624.03,2023-05-19,9,53.7,matthew.thomas@company.com,(393) 760-4151,Active
EMP004465,Lisa,Gonzalez,Lisa Gonzalez,30,Operations,Specialist,Chicago,54713.88,5833.63,2020-12-21,4,77.4,lisa.gonzalez@company.com,(686) 886-7830,Active
EMP004466,Melissa,Martinez,Melissa Martinez,59,Sales,Associate,Seattle,79043.88,9701.9,2021-06-19,36,77.4,melissa.martinez@company.com,(981) 476-1055,Active
EMP004467,Stephanie,Brown,Stephanie Brown,63,HR,Director,Boston,76028.93,12140.39,2021-08-01,35,75.2,stephanie.brown@company.com,(358) 533-6787,Active
EMP004468,Michael,Moore,Michael Moore,45,HR,Associate,Chicago,53866.68,4395.89,2024-01-14,22,85.6,michael.moore@company.com,(356) 290-4404,Active
EMP004469,Sarah,Lopez,Sarah Lopez,54,Operations,Manager,San Francisco,51654.29,4597.43,2023-03-24,32,71.2,sarah.lopez@company.com,(883) 560-5475,Inactive
EMP004470,Amanda,Jones,Amanda Jones,27,Legal,Manager,Boston,80148.97,4409.72,2022-01-23,0,83.2,amanda.jones@company.com,(611) 754-9246,Active
EMP004471,Matthew,Rodriguez,Matthew Rodriguez,55,Marketing,Lead,New York,67805.46,2389.96,2020-11-16,27,89.6,matthew.rodriguez@company.com,(682) 273-3478,Active
EMP004472,Robert,Martinez,Robert Martinez,31,Engineering,Director,Chicago,53805.02,5076.58,2022-09-27,3,78.3,robert.martinez@company.com,(742) 307-5067,Active
EMP004473,Melissa,Garcia,Melissa Garcia,30,Legal,Director,Austin,58528.29,4259.69,2020-11-12,2,78.1,melissa.garcia@company.com,(619) 328-8353,Active
EMP004474,Stephanie,Anderson,Stephanie Anderson,59,Finance,Coordinator,Los Angeles,113209.51,17316.8,2022-11-03,36,56.1,stephanie.anderson@company.com,(720) 326-5798,Active
EMP004475,Nicole,Anderson,Nicole Anderson,36,Legal,Analyst,Seattle,59583.21,6802.23,2023-03-23,12,81.6,nicole.anderson@company.com,(496) 474-4176,Active
EMP004476,Robert,Wilson,Robert Wilson,46,Legal,Lead,Boston,114874.21,10300.39,2020-11-17,22,100.0,robert.wilson@company.com,(945) 968-7607,Active
EMP004477,William,Martin,William Martin,40,Engineering,Director,Boston,80547.24,13227.04,2022-04-08,13,76.8,william.martin@company.com,(864) 632-8194,Active
EMP004478,Robert,Garcia,Robert Garcia,29,Engineering,Senior Developer,Austin,73186.69,12198.17,2022-03-23,4,92.8,robert.garcia@company.com,(326) 930-4381,Inactive
EMP004479,Melissa,Anderson,Melissa Anderson,49,Engineering,Director,Boston,120704.3,13014.03,2021-09-11,25,84.8,melissa.anderson@company.com,(242) 412-9749,Active
EMP004480,Robert,Brown,Robert Brown,65,Operations,Manager,San Francisco,81457.6,14467.26,2020-08-03,37,67.9,robert.brown@company.com,(607) 612-5580,Active
EMP004481,John,Garcia,John Garcia,26,HR,Analyst,Los Angeles,53017.09,3933.7,2023-01-06,3,79.9,john.garcia@company.com,(259) 322-4638,Active
EMP004482,Lisa,Lopez,Lisa Lopez,37,HR,Senior Developer,San Francisco,53255.22,1302.29,2021-12-25,15,94.6,lisa.lopez@company.com,(482) 993-4948,Active
EMP004483,Nicole,Brown,Nicole Brown,49,Operations,Director,Miami,54799.63,8349.21,2021-06-16,26,70.7,nicole.brown@company.com,(288) 525-2383,Active
EMP004484,Christopher,Wilson,Christopher Wilson,51,Engineering,Analyst,Los Angeles,103946.33,14290.02,2021-04-27,26,63.2,christopher.wilson@company.com,(932) 589-6787,Active
EMP004485,Christopher,Johnson,Christopher Johnson,32,Marketing,Analyst,Los Angeles,71180.05,4751.39,2024-07-16,9,61.7,christopher.johnson@company.com,(346) 518-9101,Active
EMP004486,Lisa,Jones,Lisa Jones,40,Marketing,Senior Developer,Boston,46414.78,3683.81,2023-07-31,13,67.6,lisa.jones@company.com,(763) 913-3398,Inactive
EMP004487,Stephanie,Brown,Stephanie Brown,41,HR,Manager,Boston,67470.56,7869.13,2022-05-01,12,61.1,stephanie.brown@company.com,(328) 266-1988,Active
EMP004488,Jane,Williams,Jane Williams,51,Operations,Lead,Miami,53010.95,5344.33,2023-08-27,23,78.7,jane.williams@company.com,(218) 604-3227,Active
EMP004489,Matthew,Williams,Matthew Williams,65,Engineering,Coordinator,Miami,119532.54,10002.38,2021-01-11,38,75.3,matthew.williams@company.com,(632) 743-7482,Active
EMP004490,Amanda,Johnson,Amanda Johnson,60,HR,Senior Developer,Los Angeles,84996.23,10156.33,2024-04-11,34,72.5,amanda.johnson@company.com,(600) 770-3686,Active
EMP004491,Jane,Anderson,Jane Anderson,62,HR,Director,Miami,63254.93,2764.65,2020-04-20,37,88.6,jane.anderson@company.com,(738) 902-8428,Active
EMP004492,William,Miller,William Miller,40,Engineering,Manager,Austin,124944.39,13050.79,2023-05-19,18,74.8,william.miller@company.com,(358) 226-1852,Active
EMP004493,Christopher,Garcia,Christopher Garcia,59,IT,Lead,New York,105942.01,2410.66,2020-01-15,32,91.1,christopher.garcia@company.com,(847) 381-5661,Active
EMP004494,Matthew,Hernandez,Matthew Hernandez,58,Legal,Senior Developer,Chicago,65636.51,5636.7,2021-04-18,33,100.0,matthew.hernandez@company.com,(372) 672-4742,Active
EMP004495,James,Garcia,James Garcia,34,Marketing,Analyst,Austin,92656.53,10139.87,2020-10-03,8,82.9,james.garcia@company.com,(788) 664-3861,On Leave
EMP004496,James,Rodriguez,James Rodriguez,37,Engineering,Specialist,San Francisco,100173.99,10800.32,2023-04-28,11,71.4,james.rodriguez@company.com,(886) 892-5076,Active
EMP004497,Ashley,Thomas,Ashley Thomas,60,Operations,Director,Seattle,67760.47,1942.23,2023-08-05,36,50.5,ashley.thomas@company.com,(287) 718-9798,Active
EMP004498,Ashley,Lopez,Ashley Lopez,51,Finance,Manager,Miami,80945.22,10912.67,2020-04-27,24,90.9,ashley.lopez@company.com,(686) 844-3845,Active
EMP004499,William,Wilson,William Wilson,34,HR,Associate,Los Angeles,61025.94,3997.4,2023-05-11,5,52.2,william.wilson@company.com,(735) 447-8832,Active
EMP004500,Amanda,Lopez,Amanda Lopez,39,Engineering,Coordinator,Seattle,98964.98,17282.3,2023-01-19,14,85.9,amanda.lopez@company.com,(449) 752-9074,Active
EMP004501,John,Thomas,John Thomas,47,Legal,Manager,New York,104703.13,9768.58,2024-02-07,22,96.2,john.thomas@company.com,(392) 318-8271,Active
EMP004502,Sarah,Williams,Sarah Williams,23,HR,Manager,Boston,27000.0,2262.75,2021-08-02,0,72.2,sarah.williams@company.com,(397) 414-4874,Active
EMP004503,Amanda,Wilson,Amanda Wilson,40,IT,Manager,Seattle,99840.48,2025.85,2020-08-24,16,91.1,amanda.wilson@company.com,(249) 285-6118,Active
EMP004504,Michael,Martin,Michael Martin,47,HR,Coordinator,Austin,70248.63,5720.62,2021-01-15,18,47.2,michael.martin@company.com,(207) 645-3725,On Leave
EMP004505,Christopher,Johnson,Christopher Johnson,49,HR,Associate,San Francisco,59763.34,4986.76,2024-03-02,27,99.2,christopher.johnson@company.com,(482) 333-7329,Active
EMP004506,Jessica,Davis,Jessica Davis,51,Sales,Senior Developer,Los Angeles,77616.49,5371.18,2021-08-22,25,76.9,jessica.davis@company.com,(253) 762-3558,Active
EMP004507,John,Williams,John Williams,58,Legal,Lead,San Francisco,93827.02,10721.06,2020-09-04,29,61.4,john.williams@company.com,(816) 796-5834,Active
EMP004508,William,Johnson,William Johnson,22,Operations,Coordinator,San Francisco,53065.76,5290.07,2020-02-29,0,96.6,william.johnson@company.com,(767) 275-1190,Active
EMP004509,James,Wilson,James Wilson,28,Legal,Coordinator,Austin,92401.7,5751.85,2020-11-18,4,59.2,james.wilson@company.com,(627) 431-6976,Active
EMP004510,Michael,Thomas,Michael Thomas,22,IT,Coordinator,Austin,103258.87,0.0,2021-01-07,0,100.0,michael.thomas@company.com,(470) 312-4929,Active
EMP004511,John,Jones,John Jones,24,Marketing,Lead,Los Angeles,50682.9,5912.14,2020-07-19,1,59.8,john.jones@company.com,(255) 606-7786,Active
EMP004512,Stephanie,Smith,Stephanie Smith,24,Marketing,Analyst,Seattle,55817.71,8729.68,2021-01-30,0,87.8,stephanie.smith@company.com,(575) 656-8213,Active
EMP004513,Michael,Martinez,Michael Martinez,53,Engineering,Lead,Boston,95941.29,7294.13,2020-06-24,26,81.6,michael.martinez@company.com,(710) 545-4139,Active
EMP004514,Melissa,Martin,Melissa Martin,23,Legal,Analyst,Boston,53723.73,7769.61,2022-03-17,0,88.4,melissa.martin@company.com,(324) 523-9633,Active
EMP004515,Matthew,Martin,Matthew Martin,59,Sales,Director,Los Angeles,109244.75,16065.32,2020-07-21,33,81.6,matthew.martin@company.com,(688) 308-6197,Inactive
EMP004516,Sarah,Williams,Sarah Williams,57,Sales,Analyst,Seattle,67774.27,3729.57,2024-01-21,31,52.1,sarah.williams@company.com,(469) 318-3575,Active
EMP004517,Matthew,Martinez,Matthew Martinez,45,Operations,Associate,Seattle,75917.19,11211.05,2022-06-19,16,72.6,matthew.martinez@company.com,(422) 276-4340,Active
EMP004518,Melissa,Rodriguez,Melissa Rodriguez,34,Sales,Associate,New York,76013.91,7807.82,2022-04-03,10,84.0,melissa.rodriguez@company.com,(811) 528-6083,Inactive
EMP004519,James,Johnson,James Johnson,60,Operations,Manager,Miami,76712.74,7041.65,2021-01-28,34,60.1,james.johnson@company.com,(460) 207-3002,Active
EMP004520,Michael,Thomas,Michael Thomas,62,IT,Lead,San Francisco,119782.61,5997.04,2020-02-29,40,69.9,michael.thomas@company.com,(596) 306-4379,Active
EMP004521,Jane,Brown,Jane Brown,32,Sales,Lead,Chicago,81642.69,12309.19,2021-03-12,4,47.3,jane.brown@company.com,(745) 426-2482,Active
EMP004522,Matthew,Williams,Matthew Williams,33,Legal,Manager,Chicago,43949.07,3598.82,2021-05-15,4,71.0,matthew.williams@company.com,(525) 681-7237,Active
EMP004523,Stephanie,Rodriguez,Stephanie Rodriguez,37,Engineering,Senior Developer,New York,107826.49,11134.81,2023-03-12,8,76.6,stephanie.rodriguez@company.com,(265) 881-6196,Active
EMP004524,David,Gonzalez,David Gonzalez,43,Engineering,Analyst,Miami,67497.92,12814.54,2024-10-10,18,99.0,david.gonzalez@company.com,(497) 276-3014,Active
EMP004525,William,Miller,William Miller,65,Finance,Specialist,Chicago,122102.91,8100.03,2023-09-15,38,60.2,william.miller@company.com,(924) 271-3000,Active
EMP004526,Melissa,Hernandez,Melissa Hernandez,44,Finance,Associate,Los Angeles,99628.07,4374.42,2020-10-22,16,73.5,melissa.hernandez@company.com,(481) 970-9653,Active
EMP004527,Jessica,Johnson,Jessica Johnson,64,IT,Analyst,Seattle,82389.57,15848.22,2024-02-29,38,72.0,jessica.johnson@company.com,(275) 281-7925,Inactive
EMP004528,William,Gonzalez,William Gonzalez,61,Engineering,Coordinator,Austin,134199.15,18937.74,2020-07-19,39,80.7,william.gonzalez@company.com,(842) 918-6536,Active
EMP004529,Jessica,Rodriguez,Jessica Rodriguez,59,IT,Coordinator,Los Angeles,124108.45,11561.9,2020-10-27,31,98.8,jessica.rodriguez@company.com,(266) 971-9114,Active
EMP004530,William,Hernandez,William Hernandez,46,HR,Senior Developer,Austin,59601.2,1671.98,2022-06-06,20,66.4,william.hernandez@company.com,(970) 476-6152,Active
EMP004531,Jane,Hernandez,Jane Hernandez,56,Finance,Senior Developer,San Francisco,130059.59,21803.2,2023-11-16,34,76.8,jane.hernandez@company.com,(418) 687-2707,Inactive
EMP004532,Ashley,Wilson,Ashley Wilson,34,HR,Manager,San Francisco,70724.33,9423.18,2022-10-13,10,75.8,ashley.wilson@company.com,(756) 812-1745,Active
EMP004533,Nicole,Wilson,Nicole Wilson,43,Operations,Associate,Miami,63552.83,11256.73,2020-04-19,17,71.0,nicole.wilson@company.com,(314) 770-9632,Active
EMP004534,John,Rodriguez,John Rodriguez,36,Sales,Specialist,Boston,68713.72,7508.08,2023-08-01,12,81.0,john.rodriguez@company.com,(490) 700-6020,Active
EMP004535,Jessica,Davis,Jessica Davis,30,Finance,Coordinator,Austin,58894.06,755.16,2023-09-02,3,70.5,jessica.davis@company.com,(868) 823-8680,Active
EMP004536,Lisa,Thomas,Lisa Thomas,47,Engineering,Associate,San Francisco,79511.81,2630.93,2022-10-25,18,86.6,lisa.thomas@company.com,(990) 568-3559,Active
EMP004537,Amanda,Davis,Amanda Davis,59,Sales,Coordinator,Miami,94573.8,12478.26,2020-04-09,35,78.2,amanda.davis@company.com,(460) 204-4510,Active
EMP004538,Michael,Brown,Michael Brown,65,Operations,Lead,Los Angeles,65840.64,5087.74,2021-07-04,36,88.5,michael.brown@company.com,(859) 218-6873,Active
EMP004539,John,Hernandez,John Hernandez,24,Operations,Coordinator,New York,47369.96,4121.86,2022-09-16,0,74.7,john.hernandez@company.com,(784) 356-9227,Active
EMP004540,William,Anderson,William Anderson,30,Marketing,Associate,Los Angeles,82081.64,11694.4,2022-10-31,1,76.3,william.anderson@company.com,(250) 606-4366,Active
EMP004541,Lisa,Martin,Lisa Martin,61,Marketing,Senior Developer,Seattle,69846.9,3574.18,2022-05-22,36,58.6,lisa.martin@company.com,(850) 297-2480,Active
EMP004542,William,Johnson,William Johnson,48,IT,Lead,Chicago,87033.02,4749.16,2022-11-16,22,74.1,william.johnson@company.com,(861) 826-1424,Active
EMP004543,Nicole,Johnson,Nicole Johnson,64,IT,Senior Developer,Austin,102244.9,10055.96,2024-04-09,37,100.0,nicole.johnson@company.com,(325) 353-2929,Active
EMP004544,Anthony,Hernandez,Anthony Hernandez,49,Marketing,Analyst,Chicago,68032.8,631.38,2021-03-05,27,68.7,anthony.hernandez@company.com,(447) 283-4037,Active
EMP004545,Melissa,Thomas,Melissa Thomas,38,Marketing,Manager,Boston,86728.88,6541.91,2024-08-15,16,100.0,melissa.thomas@company.com,(906) 925-4509,Active
EMP004546,Amanda,Wilson,Amanda Wilson,37,Sales,Analyst,Los Angeles,89797.21,8301.95,2023-11-12,13,54.1,amanda.wilson@company.com,(671) 916-2902,On Leave
EMP004547,William,Williams,William Williams,30,HR,Analyst,Seattle,73003.0,2890.72,2022-10-14,3,81.8,william.williams@company.com,(868) 925-9102,Active
EMP004548,Robert,Hernandez,Robert Hernandez,63,Legal,Lead,Austin,115628.6,0.0,2024-11-02,37,95.9,robert.hernandez@company.com,(460) 384-2658,Active
EMP004549,Ashley,Jones,Ashley Jones,41,Engineering,Analyst,Seattle,63201.44,6448.24,2020-03-12,17,93.4,ashley.jones@company.com,(649) 808-4906,Inactive
EMP004550,William,Brown,William Brown,45,Operations,Senior Developer,Miami,51943.24,3919.25,2023-06-18,22,71.1,william.brown@company.com,(925) 831-5710,Active
EMP004551,Jane,Hernandez,Jane Hernandez,27,Marketing,Director,Boston,50382.98,5329.56,2024-11-16,2,60.4,jane.hernandez@company.com,(856) 202-6966,Active
EMP004552,Nicole,Thomas,Nicole Thomas,44,Legal,Associate,Austin,75889.91,12729.56,2021-08-27,20,53.9,nicole.thomas@company.com,(887) 386-9004,Active
EMP004553,Anthony,Lopez,Anthony Lopez,48,Legal,Director,Chicago,119577.04,19079.92,2022-12-02,19,78.6,anthony.lopez@company.com,(938) 841-2630,Active
EMP004554,Michael,Jones,Michael Jones,55,Marketing,Director,San Francisco,95059.72,10765.55,2021-10-18,33,64.3,michael.jones@company.com,(306) 304-2206,Active
EMP004555,Robert,Johnson,Robert Johnson,57,Sales,Lead,New York,123198.25,13284.41,2021-11-03,34,69.8,robert.johnson@company.com,(392) 581-1726,Active
EMP004556,William,Gonzalez,William Gonzalez,40,Finance,Senior Developer,Seattle,111787.28,10999.88,2020-12-15,14,59.7,william.gonzalez@company.com,(416) 342-3066,Active
EMP004557,Emily,Johnson,Emily Johnson,23,Legal,Coordinator,Austin,91172.18,11147.94,2024-12-20,0,86.0,emily.johnson@company.com,(920) 685-1970,Inactive
EMP004558,Anthony,Martinez,Anthony Martinez,34,HR,Director,San Francisco,56454.14,7861.96,2022-09-10,5,63.3,anthony.martinez@company.com,(212) 739-6787,Active
EMP004559,Daniel,Taylor,Daniel Taylor,40,HR,Analyst,Miami,53364.87,2005.74,2020-09-10,12,79.4,daniel.taylor@company.com,(430) 314-7950,Active
EMP004560,Nicole,Garcia,Nicole Garcia,60,Marketing,Manager,Los Angeles,87275.87,6151.37,2022-11-22,35,85.4,nicole.garcia@company.com,(206) 832-4426,Active
EMP004561,Amanda,Brown,Amanda Brown,65,HR,Lead,San Francisco,84674.13,6634.2,2024-09-21,38,77.9,amanda.brown@company.com,(756) 508-5422,Active
EMP004562,Nicole,Moore,Nicole Moore,49,HR,Director,New York,81902.22,13793.11,2022-06-28,23,68.5,nicole.moore@company.com,(853) 484-8170,Inactive
EMP004563,Jessica,Moore,Jessica Moore,27,Sales,Director,San Francisco,66443.98,4672.06,2024-06-12,0,76.0,jessica.moore@company.com,(413) 656-2002,Active
EMP004564,Anthony,Rodriguez,Anthony Rodriguez,34,IT,Specialist,Chicago,73453.39,3043.52,2024-09-21,9,59.0,anthony.rodriguez@company.com,(575) 520-6055,Active
EMP004565,Melissa,Smith,Melissa Smith,36,Engineering,Director,Boston,104625.68,21453.06,2021-12-30,10,66.8,melissa.smith@company.com,(529) 865-9318,Active
EMP004566,Robert,Rodriguez,Robert Rodriguez,43,Sales,Manager,San Francisco,73898.94,11239.11,2023-09-29,15,71.5,robert.rodriguez@company.com,(768) 383-4806,Active
EMP004567,James,Johnson,James Johnson,39,Marketing,Lead,Seattle,42600.84,3640.2,2022-09-12,16,86.4,james.johnson@company.com,(805) 766-3719,On Leave
EMP004568,Matthew,Thomas,Matthew Thomas,41,Operations,Lead,Austin,64777.93,5306.08,2020-05-23,19,86.2,matthew.thomas@company.com,(580) 636-5829,Active
EMP004569,Jessica,Miller,Jessica Miller,55,Engineering,Manager,Miami,116142.44,5381.98,2022-02-19,33,89.4,jessica.miller@company.com,(620) 626-9084,Active
EMP004570,Christopher,Miller,Christopher Miller,47,HR,Senior Developer,San Francisco,52676.32,0.0,2023-03-19,25,85.8,christopher.miller@company.com,(270) 935-8057,Active
EMP004571,Sarah,Jackson,Sarah Jackson,30,Operations,Director,Boston,37625.25,4842.75,2020-02-22,6,60.4,sarah.jackson@company.com,(809) 450-9029,Active
EMP004572,Sarah,Miller,Sarah Miller,37,Finance,Director,New York,70037.53,5705.43,2022-09-25,11,72.5,sarah.miller@company.com,(704) 837-2264,On Leave
EMP004573,John,Miller,John Miller,40,Legal,Manager,Austin,91764.66,12124.33,2022-04-28,14,82.3,john.miller@company.com,(299) 751-3246,Inactive
EMP004574,John,Martinez,John Martinez,55,Operations,Manager,Chicago,62528.23,9895.58,2022-09-03,28,81.9,john.martinez@company.com,(347) 298-7408,Active
EMP004575,William,Anderson,William Anderson,65,Finance,Specialist,Chicago,116821.7,2455.37,2022-06-02,40,40.0,william.anderson@company.com,(772) 476-8834,Active
EMP004576,Amanda,Hernandez,Amanda Hernandez,27,Engineering,Coordinator,Los Angeles,91463.2,1959.63,2024-09-05,5,63.6,amanda.hernandez@company.com,(337) 789-1394,Active
EMP004577,Jessica,Gonzalez,Jessica Gonzalez,26,Legal,Analyst,San Francisco,47244.41,6597.59,2020-02-19,0,69.6,jessica.gonzalez@company.com,(661) 362-1560,Active
EMP004578,Melissa,Moore,Melissa Moore,27,Engineering,Coordinator,Austin,91176.08,4682.28,2023-11-25,3,70.4,melissa.moore@company.com,(918) 528-1183,Inactive
EMP004579,Nicole,Brown,Nicole Brown,53,IT,Specialist,Seattle,120665.83,16005.44,2021-10-21,30,69.4,nicole.brown@company.com,(645) 534-8318,On Leave
EMP004580,Nicole,Williams,Nicole Williams,34,Legal,Specialist,Seattle,93026.94,10648.39,2021-01-14,5,68.6,nicole.williams@company.com,(234) 522-5264,Active
EMP004581,Amanda,Williams,Amanda Williams,53,Operations,Associate,Boston,78179.55,6722.55,2022-09-18,26,75.1,amanda.williams@company.com,(487) 209-3855,Active
EMP004582,Christopher,Thomas,Christopher Thomas,43,Operations,Manager,Austin,56116.34,4089.94,2020-02-19,19,80.3,christopher.thomas@company.com,(273) 429-5218,Inactive
EMP004583,Michael,Martinez,Michael Martinez,34,Engineering,Manager,Boston,72987.16,5457.27,2022-03-04,9,60.6,michael.martinez@company.com,(845) 690-1313,Active
EMP004584,William,Rodriguez,William Rodriguez,23,IT,Specialist,Boston,77832.06,9494.59,2022-11-29,1,69.5,william.rodriguez@company.com,(463) 205-1803,Active
EMP004585,Ashley,Johnson,Ashley Johnson,37,Engineering,Associate,Seattle,98625.59,7104.25,2021-06-05,9,55.6,ashley.johnson@company.com,(567) 457-8568,Active
EMP004586,Robert,Martinez,Robert Martinez,30,Legal,Analyst,Boston,55669.52,9061.11,2022-01-09,8,89.3,robert.martinez@company.com,(616) 219-5621,On Leave
EMP004587,Nicole,Jackson,Nicole Jackson,58,Marketing,Associate,Seattle,76563.29,10532.57,2022-05-20,36,67.5,nicole.jackson@company.com,(337) 523-8266,Active
EMP004588,Michael,Miller,Michael Miller,62,Engineering,Coordinator,Miami,133131.81,11944.24,2024-02-21,33,76.8,michael.miller@company.com,(281) 291-9309,Active
EMP004589,Sarah,Gonzalez,Sarah Gonzalez,25,Operations,Coordinator,Chicago,40306.69,5832.2,2020-05-02,0,77.3,sarah.gonzalez@company.com,(770) 891-2925,Active
EMP004590,James,Martin,James Martin,52,Engineering,Director,Seattle,77378.44,9453.23,2020-08-10,26,45.5,james.martin@company.com,(546) 222-8195,Inactive
EMP004591,Michael,Thomas,Michael Thomas,26,Finance,Associate,San Francisco,33000.0,2332.61,2023-11-01,4,79.7,michael.thomas@company.com,(481) 692-8933,Inactive
EMP004592,Christopher,Miller,Christopher Miller,36,Sales,Director,New York,55259.52,5333.81,2024-05-10,12,96.5,christopher.miller@company.com,(360) 917-5055,Active
EMP004593,Daniel,Gonzalez,Daniel Gonzalez,52,Legal,Analyst,New York,99985.16,24106.42,2022-01-11,25,89.7,daniel.gonzalez@company.com,(514) 584-2632,Active
EMP004594,William,Martinez,William Martinez,61,Finance,Associate,Los Angeles,115477.76,12091.88,2021-08-02,34,91.1,william.martinez@company.com,(574) 979-9275,Active
EMP004595,Emily,Rodriguez,Emily Rodriguez,53,Finance,Director,San Francisco,74121.23,9211.26,2021-01-14,27,99.0,emily.rodriguez@company.com,(720) 991-2102,Inactive
EMP004596,Jessica,Anderson,Jessica Anderson,27,Marketing,Specialist,Seattle,46737.84,8840.83,2024-04-20,0,75.6,jessica.anderson@company.com,(704) 929-3574,Active
EMP004597,Daniel,Hernandez,Daniel Hernandez,59,Sales,Specialist,Seattle,95842.89,7506.67,2022-12-21,33,96.0,daniel.hernandez@company.com,(789) 513-1327,Inactive
EMP004598,Anthony,Martinez,Anthony Martinez,33,IT,Specialist,Boston,46172.23,1382.32,2022-04-09,6,87.8,anthony.martinez@company.com,(440) 793-3534,Active
EMP004599,Ashley,Moore,Ashley Moore,23,Legal,Lead,New York,94958.7,12319.66,2024-03-19,0,70.4,ashley.moore@company.com,(449) 689-7509,Active
EMP004600,Melissa,Wilson,Melissa Wilson,51,Finance,Director,Miami,108724.02,14594.86,2022-07-16,26,65.2,melissa.wilson@company.com,(743) 246-6269,Active
EMP004601,David,Lopez,David Lopez,25,Sales,Lead,San Francisco,61140.55,251.19,2020-09-08,1,61.5,david.lopez@company.com,(633) 329-9818,Active
EMP004602,Ashley,Anderson,Ashley Anderson,32,IT,Associate,Miami,39442.18,4445.51,2022-05-20,5,51.0,ashley.anderson@company.com,(910) 609-1939,Active
EMP004603,Michael,Jackson,Michael Jackson,45,Sales,Coordinator,Austin,83177.5,15517.39,2020-12-01,16,83.1,michael.jackson@company.com,(589) 459-3067,Active
EMP004604,Lisa,Miller,Lisa Miller,62,Sales,Associate,Miami,86163.94,7127.62,2024-11-05,34,81.7,lisa.miller@company.com,(793) 708-1253,Active
EMP004605,Amanda,Wilson,Amanda Wilson,52,Legal,Senior Developer,Boston,141592.75,30408.54,2020-02-23,26,82.8,amanda.wilson@company.com,(843) 583-8144,Active
EMP004606,Robert,Jackson,Robert Jackson,49,IT,Manager,Miami,127810.51,9716.62,2023-09-16,27,58.6,robert.jackson@company.com,(510) 484-8296,Active
EMP004607,Melissa,Brown,Melissa Brown,55,Finance,Coordinator,New York,87912.0,5409.1,2024-07-06,27,65.7,melissa.brown@company.com,(661) 679-1907,Active
EMP004608,Amanda,Smith,Amanda Smith,40,Sales,Coordinator,Boston,51559.77,4139.0,2021-07-31,14,66.2,amanda.smith@company.com,(462) 832-5623,Active
EMP004609,Lisa,Martin,Lisa Martin,33,Operations,Coordinator,Miami,57060.72,8401.14,2020-09-27,5,82.0,lisa.martin@company.com,(579) 598-4546,Active
EMP004610,William,Moore,William Moore,32,Finance,Coordinator,Boston,89199.97,4709.86,2024-02-09,4,84.9,william.moore@company.com,(544) 926-8756,Active
EMP004611,Stephanie,Miller,Stephanie Miller,41,HR,Specialist,Boston,70002.55,5329.27,2021-01-11,15,62.6,stephanie.miller@company.com,(203) 925-6471,Active
EMP004612,Anthony,Hernandez,Anthony Hernandez,52,HR,Lead,New York,54885.61,6888.07,2020-11-24,26,95.0,anthony.hernandez@company.com,(681) 951-8702,Active
EMP004613,David,Thomas,David Thomas,43,IT,Lead,Boston,44529.0,5374.68,2020-05-03,14,91.8,david.thomas@company.com,(934) 768-5467,Active
EMP004614,Emily,Wilson,Emily Wilson,48,IT,Director,New York,91100.31,7956.09,2022-04-19,26,43.3,emily.wilson@company.com,(633) 824-9852,Active
EMP004615,Emily,Anderson,Emily Anderson,63,IT,Specialist,Seattle,105409.33,12270.79,2023-01-12,38,81.1,emily.anderson@company.com,(376) 856-5677,Active
EMP004616,Amanda,Johnson,Amanda Johnson,34,Engineering,Associate,Miami,45911.17,5974.19,2024-06-30,11,94.4,amanda.johnson@company.com,(305) 642-6814,Active
EMP004617,Melissa,Anderson,Melissa Anderson,29,Finance,Specialist,Chicago,83333.96,7835.97,2022-10-02,3,85.9,melissa.anderson@company.com,(308) 630-5717,Active
EMP004618,Michael,Jackson,Michael Jackson,39,Sales,Director,Los Angeles,82976.49,4611.53,2023-10-25,14,100.0,michael.jackson@company.com,(638) 795-6466,Active
EMP004619,Melissa,Garcia,Melissa Garcia,50,Operations,Coordinator,Chicago,63391.33,10704.87,2020-03-14,27,69.3,melissa.garcia@company.com,(301) 597-2211,Active
EMP004620,Lisa,Thomas,Lisa Thomas,38,Engineering,Analyst,Miami,91189.04,7748.8,2021-03-02,10,100.0,lisa.thomas@company.com,(254) 689-1754,Active
EMP004621,Michael,Miller,Michael Miller,64,HR,Manager,Seattle,69908.87,0.0,2020-10-16,42,63.5,michael.miller@company.com,(413) 989-8869,Active
EMP004622,Emily,Wilson,Emily Wilson,57,Marketing,Specialist,Seattle,87078.24,5773.72,2020-07-19,33,78.3,emily.wilson@company.com,(765) 203-2479,Active
EMP004623,Anthony,Lopez,Anthony Lopez,40,Sales,Analyst,San Francisco,90882.86,5187.03,2023-03-18,13,79.6,anthony.lopez@company.com,(507) 630-5306,Active
EMP004624,Michael,Brown,Michael Brown,32,Marketing,Senior Developer,Miami,68499.55,5219.39,2021-06-22,4,69.7,michael.brown@company.com,(645) 565-6716,Active
EMP004625,Michael,Jones,Michael Jones,57,Engineering,Director,Austin,122230.55,8009.17,2023-02-26,32,71.5,michael.jones@company.com,(967) 260-7020,Active
EMP004626,Christopher,Wilson,Christopher Wilson,54,IT,Analyst,Seattle,87276.15,6357.38,2021-03-20,32,100.0,christopher.wilson@company.com,(787) 497-4094,Active
EMP004627,Robert,Thomas,Robert Thomas,39,Operations,Analyst,Seattle,60439.78,7199.81,2022-12-21,17,54.5,robert.thomas@company.com,(712) 507-7306,Active
EMP004628,Melissa,Davis,Melissa Davis,55,Finance,Manager,Boston,89448.34,13650.9,2024-02-14,33,78.1,melissa.davis@company.com,(449) 209-3937,Inactive
EMP004629,Melissa,Jones,Melissa Jones,61,Sales,Director,Miami,101605.36,9808.88,2024-07-25,39,70.2,melissa.jones@company.com,(276) 610-3594,Active
EMP004630,James,Lopez,James Lopez,47,HR,Associate,Chicago,51933.13,4022.71,2022-06-27,18,69.5,james.lopez@company.com,(832) 820-3386,Active
EMP004631,Ashley,Taylor,Ashley Taylor,61,HR,Analyst,Miami,54181.61,6457.51,2022-03-19,35,75.2,ashley.taylor@company.com,(771) 935-8559,Active
EMP004632,Melissa,Jackson,Melissa Jackson,35,HR,Senior Developer,Seattle,49345.16,4818.4,2024-06-29,12,58.4,melissa.jackson@company.com,(375) 739-8146,Active
EMP004633,Matthew,Thomas,Matthew Thomas,32,Legal,Lead,Seattle,75431.72,8437.88,2024-06-02,5,84.9,matthew.thomas@company.com,(751) 592-2367,Active
EMP004634,John,Anderson,John Anderson,35,IT,Associate,Chicago,56916.91,7177.62,2024-11-08,6,76.8,john.anderson@company.com,(835) 590-6136,Active
EMP004635,Ashley,Brown,Ashley Brown,37,Operations,Director,Miami,63910.81,8181.53,2020-06-01,15,51.5,ashley.brown@company.com,(881) 726-1822,Active
EMP004636,Ashley,Smith,Ashley Smith,28,Finance,Manager,San Francisco,93454.96,3562.3,2022-07-31,0,84.3,ashley.smith@company.com,(304) 780-2131,Active
EMP004637,William,Davis,William Davis,37,HR,Manager,Miami,67438.43,13626.52,2021-01-03,12,71.6,william.davis@company.com,(632) 573-8172,Active
EMP004638,Sarah,Martinez,Sarah Martinez,62,IT,Coordinator,Austin,133236.76,11742.17,2021-10-12,34,90.9,sarah.martinez@company.com,(230) 280-4432,Active
EMP004639,Michael,Williams,Michael Williams,38,Engineering,Coordinator,San Francisco,96859.55,7321.68,2022-11-12,15,97.9,michael.williams@company.com,(509) 578-7482,Active
EMP004640,Jessica,Williams,Jessica Williams,64,HR,Manager,Miami,78492.36,3711.38,2023-11-23,39,85.8,jessica.williams@company.com,(247) 941-2074,On Leave
EMP004641,Daniel,Rodriguez,Daniel Rodriguez,32,HR,Lead,San Francisco,73181.98,7014.17,2022-01-06,7,73.1,daniel.rodriguez@company.com,(624) 228-9186,On Leave
EMP004642,John,Garcia,John Garcia,56,Sales,Director,Miami,66753.86,6048.42,2022-07-17,28,76.4,john.garcia@company.com,(418) 441-8881,Active
EMP004643,Jane,Williams,Jane Williams,46,Engineering,Specialist,San Francisco,106366.92,16526.76,2023-03-04,19,99.9,jane.williams@company.com,(375) 623-3563,Active
EMP004644,Nicole,Martin,Nicole Martin,55,Marketing,Specialist,Chicago,98405.45,6367.41,2020-02-01,32,100.0,nicole.martin@company.com,(200) 625-2267,Active
EMP004645,Christopher,Hernandez,Christopher Hernandez,65,Finance,Associate,Los Angeles,97218.2,11144.31,2020-04-18,41,70.7,christopher.hernandez@company.com,(375) 865-6129,Inactive
EMP004646,William,Davis,William Davis,65,Operations,Specialist,New York,81590.12,9181.87,2024-08-24,42,95.1,william.davis@company.com,(682) 285-2050,Active
EMP004647,John,Johnson,John Johnson,38,Finance,Manager,Boston,73436.48,7991.64,2020-06-18,9,96.0,john.johnson@company.com,(523) 964-4971,Inactive
EMP004648,Sarah,Jackson,Sarah Jackson,42,Operations,Manager,Los Angeles,79233.46,11287.19,2024-08-27,13,33.7,sarah.jackson@company.com,(354) 693-7655,Active
EMP004649,Robert,Rodriguez,Robert Rodriguez,49,Legal,Associate,Miami,111621.74,8735.34,2022-05-04,21,84.9,robert.rodriguez@company.com,(250) 535-5205,Inactive
EMP004650,James,Gonzalez,James Gonzalez,59,Marketing,Lead,Boston,64706.96,10002.92,2021-12-17,35,47.2,james.gonzalez@company.com,(208) 479-3771,Active
EMP004651,Christopher,Rodriguez,Christopher Rodriguez,50,Engineering,Specialist,Los Angeles,70239.17,6843.04,2023-09-19,23,67.5,christopher.rodriguez@company.com,(964) 908-9195,Active
EMP004652,Sarah,Thomas,Sarah Thomas,34,Operations,Senior Developer,Seattle,39967.32,4765.24,2024-02-21,10,52.3,sarah.thomas@company.com,(730) 363-9169,Active
EMP004653,Sarah,Brown,Sarah Brown,56,Finance,Associate,San Francisco,94230.78,0.0,2020-04-23,29,71.3,sarah.brown@company.com,(577) 769-1345,Inactive
EMP004654,Anthony,Thomas,Anthony Thomas,47,Operations,Lead,Boston,61674.46,6410.34,2020-03-27,23,62.6,anthony.thomas@company.com,(770) 374-7578,Active
EMP004655,Nicole,Gonzalez,Nicole Gonzalez,59,Operations,Specialist,New York,63865.58,10068.89,2021-07-08,34,77.5,nicole.gonzalez@company.com,(951) 496-2497,Inactive
EMP004656,William,Jones,William Jones,47,Finance,Associate,Chicago,63222.92,7282.43,2022-10-08,22,62.9,william.jones@company.com,(844) 219-9684,Active
EMP004657,Amanda,Johnson,Amanda Johnson,54,Sales,Senior Developer,Boston,92198.13,13383.52,2021-04-10,29,73.4,amanda.johnson@company.com,(648) 885-9385,Active
EMP004658,Emily,Wilson,Emily Wilson,31,Finance,Manager,Miami,55819.6,8779.39,2021-08-23,6,84.1,emily.wilson@company.com,(346) 460-2028,Active
EMP004659,Anthony,Taylor,Anthony Taylor,22,Sales,Analyst,Seattle,82307.79,7496.74,2024-11-25,0,78.5,anthony.taylor@company.com,(205) 655-7261,Active
EMP004660,Michael,Anderson,Michael Anderson,35,Engineering,Associate,New York,64059.31,1050.82,2022-12-31,13,29.5,michael.anderson@company.com,(279) 471-4603,Active
EMP004661,Anthony,Thomas,Anthony Thomas,55,Marketing,Lead,Austin,89846.75,8613.16,2022-03-12,33,57.5,anthony.thomas@company.com,(620) 954-2716,Active
EMP004662,James,Rodriguez,James Rodriguez,63,Sales,Senior Developer,Miami,102538.48,15449.58,2021-10-22,35,67.2,james.rodriguez@company.com,(238) 229-9098,Active
EMP004663,Michael,Anderson,Michael Anderson,34,Operations,Manager,San Francisco,78809.6,13312.35,2020-01-12,9,71.8,michael.anderson@company.com,(659) 684-5102,Active
EMP004664,Ashley,Lopez,Ashley Lopez,28,Operations,Associate,Miami,48371.97,5507.96,2020-07-29,0,79.2,ashley.lopez@company.com,(742) 840-8010,Inactive
EMP004665,Melissa,Johnson,Melissa Johnson,56,IT,Lead,Los Angeles,122661.2,12219.73,2020-09-25,29,59.4,melissa.johnson@company.com,(904) 294-3610,Active
EMP004666,Emily,Moore,Emily Moore,60,HR,Senior Developer,Seattle,91937.48,13939.87,2021-06-14,36,71.5,emily.moore@company.com,(410) 210-3474,Active
EMP004667,Emily,Anderson,Emily Anderson,33,Marketing,Lead,Boston,80519.6,8805.23,2022-12-31,4,80.6,emily.anderson@company.com,(427) 400-7927,On Leave
EMP004668,Daniel,Rodriguez,Daniel Rodriguez,30,Engineering,Analyst,San Francisco,72702.19,1996.73,2023-11-07,2,51.1,daniel.rodriguez@company.com,(988) 246-6657,Active
EMP004669,William,Martinez,William Martinez,34,Legal,Manager,Los Angeles,37500.0,3225.17,2020-07-04,5,82.4,william.martinez@company.com,(380) 887-3706,Active
EMP004670,Christopher,Jones,Christopher Jones,62,Engineering,Associate,Austin,107326.74,5077.68,2020-07-15,33,93.2,christopher.jones@company.com,(960) 214-9842,Active
EMP004671,Amanda,Thomas,Amanda Thomas,61,Engineering,Associate,San Francisco,100303.44,7069.9,2024-11-26,33,81.1,amanda.thomas@company.com,(864) 372-1774,Active
EMP004672,Christopher,Davis,Christopher Davis,62,Legal,Director,New York,101060.43,8704.67,2022-01-31,33,88.3,christopher.davis@company.com,(545) 833-6762,Inactive
EMP004673,Lisa,Brown,Lisa Brown,35,Operations,Associate,San Francisco,84565.43,7808.8,2022-06-16,8,64.4,lisa.brown@company.com,(587) 971-2259,Active
EMP004674,Stephanie,Jones,Stephanie Jones,23,IT,Associate,Boston,76898.67,6793.47,2024-11-23,0,67.2,stephanie.jones@company.com,(964) 397-7320,Inactive
EMP004675,Jane,Jones,Jane Jones,40,Operations,Associate,Austin,83245.35,10609.16,2022-11-17,11,98.6,jane.jones@company.com,(699) 392-3364,Active
EMP004676,Lisa,Jones,Lisa Jones,36,Marketing,Specialist,Boston,69394.31,10131.49,2022-01-06,10,90.1,lisa.jones@company.com,(247) 762-1321,Active
EMP004677,William,Smith,William Smith,25,Legal,Director,Miami,78825.35,9010.83,2024-08-11,0,64.5,william.smith@company.com,(865) 772-9159,Inactive
EMP004678,Nicole,Miller,Nicole Miller,63,Finance,Manager,San Francisco,129213.41,25424.97,2020-04-14,38,100.0,nicole.miller@company.com,(855) 204-8160,Active
EMP004679,Nicole,Martinez,Nicole Martinez,43,Finance,Director,Austin,48650.39,6313.66,2020-02-25,19,88.9,nicole.martinez@company.com,(974) 205-5532,Active
EMP004680,Jessica,Hernandez,Jessica Hernandez,26,IT,Lead,New York,68372.84,3476.08,2024-12-22,0,49.9,jessica.hernandez@company.com,(239) 593-5520,Active
EMP004681,Jessica,Thomas,Jessica Thomas,39,Operations,Specialist,New York,49847.18,11257.1,2021-08-01,16,97.0,jessica.thomas@company.com,(678) 825-1834,Active
EMP004682,James,Moore,James Moore,41,HR,Specialist,New York,56281.98,5129.04,2022-08-20,17,80.6,james.moore@company.com,(215) 329-9004,Active
EMP004683,Anthony,Smith,Anthony Smith,41,Marketing,Associate,Miami,75190.56,8952.45,2021-06-22,13,100.0,anthony.smith@company.com,(577) 316-4081,Active
EMP004684,Jane,Hernandez,Jane Hernandez,30,Engineering,Coordinator,San Francisco,99154.42,12509.11,2022-10-02,6,73.0,jane.hernandez@company.com,(536) 505-8900,Active
EMP004685,Nicole,Taylor,Nicole Taylor,58,Engineering,Analyst,Seattle,149966.57,14727.46,2022-09-19,35,66.8,nicole.taylor@company.com,(514) 224-7271,Active
EMP004686,Emily,Taylor,Emily Taylor,47,Operations,Lead,New York,70362.2,5588.67,2020-12-01,23,58.9,emily.taylor@company.com,(552) 522-4665,Active
EMP004687,Amanda,Jones,Amanda Jones,65,Operations,Coordinator,San Francisco,80080.54,5437.58,2024-09-20,43,100.0,amanda.jones@company.com,(578) 257-2918,Active
EMP004688,Emily,Rodriguez,Emily Rodriguez,31,Legal,Senior Developer,San Francisco,63269.05,5679.08,2024-06-28,7,86.3,emily.rodriguez@company.com,(648) 766-9358,Active
EMP004689,Amanda,Smith,Amanda Smith,59,Operations,Director,San Francisco,50492.81,2094.15,2024-11-07,32,85.7,amanda.smith@company.com,(837) 964-2972,Inactive
EMP004690,William,Williams,William Williams,53,Engineering,Senior Developer,Boston,127239.36,13063.87,2024-08-09,30,80.2,william.williams@company.com,(496) 304-3083,Active
EMP004691,John,Thomas,John Thomas,56,Finance,Specialist,New York,83544.06,9127.83,2024-02-14,27,52.8,john.thomas@company.com,(582) 269-6426,Active
EMP004692,Lisa,Miller,Lisa Miller,36,HR,Lead,Chicago,51970.3,2412.33,2022-04-13,10,100.0,lisa.miller@company.com,(916) 839-3382,Active
EMP004693,Christopher,Moore,Christopher Moore,36,Finance,Director,Miami,123658.96,5959.3,2022-11-12,11,85.8,christopher.moore@company.com,(676) 826-4327,Active
EMP004694,David,Lopez,David Lopez,41,Marketing,Manager,Austin,87376.4,9327.02,2022-02-07,13,100.0,david.lopez@company.com,(252) 575-7762,Active
EMP004695,Jane,Anderson,Jane Anderson,38,Sales,Specialist,Chicago,69712.83,8078.35,2024-08-25,16,74.1,jane.anderson@company.com,(326) 408-8818,Active
EMP004696,Ashley,Martin,Ashley Martin,24,Sales,Coordinator,Chicago,55032.4,4411.68,2023-01-01,0,84.8,ashley.martin@company.com,(271) 781-4634,Inactive
EMP004697,Christopher,Jackson,Christopher Jackson,46,Finance,Associate,Austin,94865.45,6665.45,2021-09-01,22,74.9,christopher.jackson@company.com,(412) 637-6733,Active
EMP004698,Robert,Williams,Robert Williams,36,Finance,Specialist,Boston,66772.19,7623.64,2022-02-02,8,62.4,robert.williams@company.com,(630) 765-2922,Active
EMP004699,Nicole,Jackson,Nicole Jackson,61,Operations,Specialist,San Francisco,48693.99,5632.93,2022-02-20,39,43.5,nicole.jackson@company.com,(918) 438-2766,Active
EMP004700,Lisa,Moore,Lisa Moore,43,Legal,Director,Los Angeles,88421.72,11823.15,2021-05-06,21,72.9,lisa.moore@company.com,(889) 977-1759,Active
EMP004701,John,Rodriguez,John Rodriguez,48,Marketing,Director,Austin,105992.53,21876.42,2024-07-22,21,93.5,john.rodriguez@company.com,(427) 908-9489,Active
EMP004702,Jessica,Brown,Jessica Brown,42,IT,Analyst,New York,74912.29,3071.88,2021-10-26,18,73.0,jessica.brown@company.com,(227) 825-3515,Active
EMP004703,William,Smith,William Smith,53,Engineering,Director,Seattle,114012.57,9353.84,2024-05-05,31,80.4,william.smith@company.com,(759) 645-7218,Active
EMP004704,Ashley,Anderson,Ashley Anderson,34,Engineering,Analyst,Miami,81333.17,13059.38,2022-03-07,6,80.0,ashley.anderson@company.com,(243) 955-3624,Active
EMP004705,Melissa,Taylor,Melissa Taylor,53,IT,Director,Los Angeles,104829.92,10099.84,2022-04-26,31,61.7,melissa.taylor@company.com,(715) 229-6847,Active
EMP004706,Melissa,Miller,Melissa Miller,50,Engineering,Director,Chicago,83810.17,6060.08,2021-01-23,26,89.7,melissa.miller@company.com,(244) 777-8543,Active
EMP004707,Lisa,Jackson,Lisa Jackson,29,Marketing,Lead,Seattle,62856.79,4694.5,2022-10-20,7,81.0,lisa.jackson@company.com,(251) 846-8646,Active
EMP004708,Matthew,Gonzalez,Matthew Gonzalez,38,Marketing,Manager,San Francisco,75752.08,8740.06,2023-02-27,10,64.3,matthew.gonzalez@company.com,(719) 876-7783,Active
EMP004709,Christopher,Anderson,Christopher Anderson,65,Marketing,Associate,San Francisco,90643.87,9313.18,2023-01-20,38,81.9,christopher.anderson@company.com,(787) 596-1184,Active
EMP004710,Christopher,Taylor,Christopher Taylor,37,Sales,Lead,Chicago,86997.05,14482.5,2023-04-19,9,69.5,christopher.taylor@company.com,(248) 519-3677,Active
EMP004711,Nicole,Rodriguez,Nicole Rodriguez,58,IT,Manager,Boston,89974.93,9027.05,2022-05-14,30,53.8,nicole.rodriguez@company.com,(759) 994-2230,Active
EMP004712,Lisa,Jones,Lisa Jones,59,Marketing,Senior Developer,Seattle,87269.55,14519.47,2023-09-25,34,87.5,lisa.jones@company.com,(825) 824-8476,On Leave
EMP004713,Daniel,Smith,Daniel Smith,29,HR,Manager,San Francisco,71424.68,3125.26,2023-02-15,6,100.0,daniel.smith@company.com,(263) 743-4475,Active
EMP004714,John,Martin,John Martin,34,Operations,Specialist,Seattle,48396.34,9190.16,2022-12-22,5,75.7,john.martin@company.com,(666) 764-1729,Inactive
EMP004715,William,Moore,William Moore,63,HR,Specialist,Austin,70098.23,11074.45,2022-05-02,38,96.3,william.moore@company.com,(525) 752-7179,Inactive
EMP004716,Daniel,Jones,Daniel Jones,54,IT,Analyst,New York,72960.11,14363.6,2020-07-23,25,73.8,daniel.jones@company.com,(421) 271-9263,Active
EMP004717,Stephanie,Wilson,Stephanie Wilson,63,IT,Manager,Seattle,117587.88,4984.44,2021-10-17,36,79.6,stephanie.wilson@company.com,(855) 820-8807,Active
EMP004718,Ashley,Davis,Ashley Davis,58,Engineering,Manager,Miami,110523.64,2972.9,2024-09-20,30,70.6,ashley.davis@company.com,(919) 416-8293,Active
EMP004719,James,Davis,James Davis,26,Legal,Analyst,San Francisco,131091.03,12956.85,2022-05-06,1,65.0,james.davis@company.com,(952) 738-9642,Active
EMP004720,Ashley,Williams,Ashley Williams,63,Operations,Lead,Boston,78874.18,3912.14,2023-01-11,38,66.0,ashley.williams@company.com,(851) 300-4849,Active
EMP004721,Daniel,Miller,Daniel Miller,43,Sales,Analyst,Seattle,68837.42,5752.79,2020-09-01,17,64.4,daniel.miller@company.com,(689) 884-6541,Active
EMP004722,David,Rodriguez,David Rodriguez,42,Legal,Specialist,Seattle,105802.29,9681.02,2021-05-19,16,64.4,david.rodriguez@company.com,(401) 313-9139,On Leave
EMP004723,Emily,Anderson,Emily Anderson,56,HR,Coordinator,New York,72163.4,15151.33,2023-08-22,31,85.4,emily.anderson@company.com,(831) 689-7692,Active
EMP004724,Jane,Taylor,Jane Taylor,44,Finance,Lead,New York,52548.92,8726.6,2022-12-02,22,68.8,jane.taylor@company.com,(480) 932-7569,Active
EMP004725,John,Brown,John Brown,27,Operations,Lead,Miami,29429.12,4465.29,2021-08-25,0,76.1,john.brown@company.com,(616) 595-3275,Active
EMP004726,Lisa,Thomas,Lisa Thomas,53,Operations,Coordinator,Los Angeles,76448.98,8766.19,2023-07-16,29,92.3,lisa.thomas@company.com,(328) 523-6629,Active
EMP004727,Ashley,Jones,Ashley Jones,28,Finance,Associate,Boston,69150.08,6639.3,2022-04-03,1,100.0,ashley.jones@company.com,(665) 378-3927,Active
EMP004728,Jane,Anderson,Jane Anderson,23,Marketing,Associate,Chicago,52760.3,5648.68,2022-08-25,0,87.3,jane.anderson@company.com,(830) 477-1715,Active
EMP004729,John,Brown,John Brown,47,Operations,Senior Developer,Seattle,60165.97,8467.15,2021-04-11,20,93.8,john.brown@company.com,(729) 367-8180,Active
EMP004730,Jessica,Moore,Jessica Moore,39,IT,Director,Austin,93061.49,8199.92,2023-06-15,15,72.7,jessica.moore@company.com,(338) 407-9788,Active
EMP004731,Lisa,Taylor,Lisa Taylor,35,IT,Analyst,Chicago,91242.25,4562.35,2022-01-03,8,100.0,lisa.taylor@company.com,(862) 458-7933,Active
EMP004732,Stephanie,Garcia,Stephanie Garcia,40,IT,Senior Developer,Los Angeles,110112.91,14176.11,2020-05-03,15,100.0,stephanie.garcia@company.com,(432) 569-7577,Active
EMP004733,William,Moore,William Moore,23,Engineering,Director,Seattle,87579.44,3489.5,2022-10-01,0,81.8,william.moore@company.com,(867) 281-6003,Active
EMP004734,Anthony,Garcia,Anthony Garcia,56,IT,Lead,Chicago,98751.72,5585.59,2021-04-19,34,67.7,anthony.garcia@company.com,(841) 574-1066,Active
EMP004735,Jane,Johnson,Jane Johnson,61,Sales,Associate,Chicago,86193.83,5967.25,2022-04-24,36,41.2,jane.johnson@company.com,(492) 599-1595,Active
EMP004736,Stephanie,Williams,Stephanie Williams,31,Finance,Senior Developer,New York,39760.81,0.0,2020-01-14,2,91.9,stephanie.williams@company.com,(248) 811-2742,Active
EMP004737,Amanda,Jackson,Amanda Jackson,62,Operations,Coordinator,Seattle,71203.64,3424.4,2021-09-28,39,80.1,amanda.jackson@company.com,(937) 454-1634,Active
EMP004738,Melissa,Taylor,Melissa Taylor,37,Finance,Analyst,Los Angeles,64892.67,8523.87,2023-09-02,10,97.8,melissa.taylor@company.com,(952) 702-5884,Inactive
EMP004739,Emily,Smith,Emily Smith,33,Operations,Analyst,Chicago,39954.68,2032.19,2021-11-27,10,59.7,emily.smith@company.com,(881) 890-9297,Inactive
EMP004740,Daniel,Miller,Daniel Miller,60,Engineering,Director,Miami,108402.55,14135.1,2020-11-19,35,82.6,daniel.miller@company.com,(311) 621-7501,Active
EMP004741,Christopher,Jackson,Christopher Jackson,56,Sales,Lead,New York,74041.04,13325.09,2020-05-01,33,73.3,christopher.jackson@company.com,(842) 744-7619,Active
EMP004742,Michael,Brown,Michael Brown,59,Legal,Director,San Francisco,119647.44,16600.69,2023-10-02,35,49.5,michael.brown@company.com,(458) 200-3405,Active
EMP004743,John,Wilson,John Wilson,56,Finance,Analyst,Chicago,75444.23,5605.23,2022-07-27,29,49.2,john.wilson@company.com,(630) 463-5017,Active
EMP004744,Anthony,Martinez,Anthony Martinez,56,IT,Analyst,Boston,118840.3,4146.07,2022-06-01,29,80.4,anthony.martinez@company.com,(889) 902-6834,Active
EMP004745,James,Miller,James Miller,60,Finance,Lead,Miami,90446.51,9238.69,2023-10-08,32,72.2,james.miller@company.com,(469) 281-2338,On Leave
EMP004746,John,Garcia,John Garcia,39,Operations,Director,Boston,60485.76,10082.22,2024-01-08,15,87.8,john.garcia@company.com,(762) 750-9167,Active
EMP004747,Lisa,Moore,Lisa Moore,51,Legal,Analyst,Boston,88472.2,13833.71,2020-05-01,29,89.5,lisa.moore@company.com,(466) 941-2142,Active
EMP004748,James,Garcia,James Garcia,36,Marketing,Manager,Austin,70401.78,2176.65,2024-07-08,7,63.7,james.garcia@company.com,(301) 608-5485,Active
EMP004749,John,Davis,John Davis,65,Marketing,Lead,Miami,83464.0,3073.73,2023-12-14,41,96.2,john.davis@company.com,(485) 501-5706,Active
EMP004750,David,Jackson,David Jackson,54,Finance,Lead,Boston,84346.4,12601.76,2022-12-11,29,98.0,david.jackson@company.com,(638) 710-5626,Inactive
EMP004751,Jane,Martinez,Jane Martinez,56,Legal,Analyst,Miami,99849.34,17097.58,2021-06-20,31,87.0,jane.martinez@company.com,(851) 851-7444,Active
EMP004752,Lisa,Thomas,Lisa Thomas,31,Marketing,Specialist,Austin,50312.33,5529.39,2020-07-29,9,93.0,lisa.thomas@company.com,(776) 210-7718,Active
EMP004753,Michael,Smith,Michael Smith,23,Engineering,Specialist,Miami,87372.16,9662.45,2021-08-20,0,70.2,michael.smith@company.com,(377) 828-9320,Active
EMP004754,Anthony,Davis,Anthony Davis,44,Sales,Specialist,Los Angeles,75709.07,7115.4,2020-09-25,19,53.7,anthony.davis@company.com,(324) 331-9237,Active
EMP004755,Amanda,Taylor,Amanda Taylor,36,Operations,Manager,Miami,48274.12,4012.19,2024-11-09,9,83.2,amanda.taylor@company.com,(984) 384-5656,Active
EMP004756,Michael,Smith,Michael Smith,42,Operations,Lead,Boston,52383.13,1848.02,2023-02-28,17,77.7,michael.smith@company.com,(786) 781-2451,Active
EMP004757,Matthew,Rodriguez,Matthew Rodriguez,27,HR,Coordinator,Seattle,65514.76,6085.47,2022-02-14,1,60.6,matthew.rodriguez@company.com,(558) 319-3414,On Leave
EMP004758,Jessica,Martinez,Jessica Martinez,23,HR,Specialist,Seattle,69588.7,4253.9,2020-04-24,0,56.1,jessica.martinez@company.com,(933) 678-1439,Active
EMP004759,John,Wilson,John Wilson,54,HR,Director,San Francisco,71499.49,13295.56,2023-04-25,32,67.5,john.wilson@company.com,(536) 824-5791,Active
EMP004760,Daniel,Moore,Daniel Moore,50,Finance,Manager,Boston,98713.97,6588.2,2024-02-29,23,51.0,daniel.moore@company.com,(683) 414-3023,Active
EMP004761,Emily,Williams,Emily Williams,65,Sales,Analyst,San Francisco,87071.7,14950.54,2022-03-16,39,73.4,emily.williams@company.com,(515) 852-3493,Active
EMP004762,Matthew,Williams,Matthew Williams,52,Operations,Specialist,Seattle,84938.59,5251.21,2024-04-22,24,93.5,matthew.williams@company.com,(707) 766-9277,Active
EMP004763,Daniel,Anderson,Daniel Anderson,61,Engineering,Manager,Miami,116836.35,22954.71,2022-01-27,36,45.7,daniel.anderson@company.com,(228) 654-1411,Active
EMP004764,John,Gonzalez,John Gonzalez,43,Marketing,Director,Los Angeles,54905.18,8717.12,2021-01-14,21,84.3,john.gonzalez@company.com,(654) 614-3937,Inactive
EMP004765,Robert,Jones,Robert Jones,49,IT,Lead,Boston,96202.6,9455.21,2020-11-09,22,77.1,robert.jones@company.com,(203) 987-9126,Active
EMP004766,Jane,Rodriguez,Jane Rodriguez,42,Legal,Lead,New York,112056.72,0.0,2022-11-17,17,86.5,jane.rodriguez@company.com,(836) 960-4958,Active
EMP004767,Matthew,Thomas,Matthew Thomas,50,Legal,Analyst,Boston,100352.08,137.06,2023-12-05,22,79.1,matthew.thomas@company.com,(867) 395-8121,Active
EMP004768,Robert,Gonzalez,Robert Gonzalez,47,Sales,Coordinator,Seattle,66930.5,3964.74,2021-07-21,20,94.1,robert.gonzalez@company.com,(474) 310-9934,Active
EMP004769,Matthew,Lopez,Matthew Lopez,35,Legal,Analyst,Chicago,74860.42,1575.21,2022-03-29,10,73.9,matthew.lopez@company.com,(350) 960-1292,Active
EMP004770,Amanda,Brown,Amanda Brown,36,Operations,Analyst,Boston,73165.74,3049.06,2022-09-13,8,67.7,amanda.brown@company.com,(490) 657-9902,Active
EMP004771,Melissa,Brown,Melissa Brown,65,Operations,Director,Boston,69181.61,6423.7,2021-01-30,39,74.4,melissa.brown@company.com,(409) 272-8306,Active
EMP004772,Jessica,Williams,Jessica Williams,30,HR,Lead,Seattle,68750.69,11053.95,2021-11-05,5,85.9,jessica.williams@company.com,(592) 265-7930,Active
EMP004773,Daniel,Gonzalez,Daniel Gonzalez,23,Operations,Analyst,New York,50413.81,10002.19,2020-08-18,0,81.1,daniel.gonzalez@company.com,(220) 220-1710,Active
EMP004774,Matthew,Wilson,Matthew Wilson,29,Finance,Lead,Boston,49819.29,8138.96,2020-04-25,4,38.7,matthew.wilson@company.com,(986) 205-6751,Active
EMP004775,David,Hernandez,David Hernandez,32,HR,Associate,New York,77588.25,11548.66,2021-01-30,9,81.4,david.hernandez@company.com,(297) 828-1045,Active
EMP004776,Robert,Thomas,Robert Thomas,49,IT,Analyst,Austin,98831.8,6881.31,2024-02-04,20,85.0,robert.thomas@company.com,(769) 678-3748,Active
EMP004777,Melissa,Martinez,Melissa Martinez,54,IT,Analyst,Chicago,87435.79,12948.81,2022-03-20,32,65.5,melissa.martinez@company.com,(727) 892-8794,Active
EMP004778,Michael,Williams,Michael Williams,27,Operations,Specialist,Chicago,48835.87,0.0,2024-04-04,5,88.1,michael.williams@company.com,(411) 751-9060,Active
EMP004779,John,Anderson,John Anderson,49,Operations,Director,Miami,64618.96,10157.31,2024-02-09,27,70.8,john.anderson@company.com,(299) 517-5911,Active
EMP004780,Lisa,Rodriguez,Lisa Rodriguez,31,Sales,Specialist,Los Angeles,52474.83,4151.22,2021-10-08,8,77.2,lisa.rodriguez@company.com,(894) 788-7297,Active
EMP004781,William,Miller,William Miller,30,Finance,Analyst,New York,70012.63,8518.26,2024-04-19,8,64.5,william.miller@company.com,(704) 657-2219,Active
EMP004782,Daniel,Davis,Daniel Davis,42,IT,Manager,Boston,81946.54,8563.87,2023-08-18,18,75.1,daniel.davis@company.com,(655) 260-6250,Active
EMP004783,Nicole,Jones,Nicole Jones,59,Operations,Senior Developer,San Francisco,58483.65,11178.33,2024-06-06,36,68.1,nicole.jones@company.com,(231) 396-2468,Active
EMP004784,Stephanie,Anderson,Stephanie Anderson,50,Marketing,Lead,New York,65534.18,6904.19,2021-12-28,27,48.4,stephanie.anderson@company.com,(792) 307-5487,Active
EMP004785,Amanda,Wilson,Amanda Wilson,64,IT,Associate,San Francisco,112575.62,16831.74,2024-07-08,40,69.1,amanda.wilson@company.com,(612) 945-8522,Active
EMP004786,John,Williams,John Williams,60,Operations,Specialist,New York,77975.18,6107.67,2021-04-25,37,78.6,john.williams@company.com,(478) 201-2329,Active
EMP004787,Emily,Gonzalez,Emily Gonzalez,64,Operations,Lead,Boston,74416.68,4741.58,2022-02-14,38,75.1,emily.gonzalez@company.com,(911) 511-8560,Active
EMP004788,Christopher,Lopez,Christopher Lopez,56,Legal,Analyst,Austin,105302.17,11466.33,2023-04-19,33,88.1,christopher.lopez@company.com,(858) 688-8859,On Leave
EMP004789,Michael,Johnson,Michael Johnson,46,Operations,Associate,New York,70095.97,6670.51,2022-11-30,19,59.3,michael.johnson@company.com,(532) 829-1344,Active
EMP004790,David,Davis,David Davis,54,HR,Specialist,New York,69096.31,1969.69,2024-12-30,26,41.2,david.davis@company.com,(636) 979-4044,Active
EMP004791,Melissa,Smith,Melissa Smith,24,IT,Associate,San Francisco,75293.46,13286.23,2024-09-02,0,80.0,melissa.smith@company.com,(542) 425-8583,Active
EMP004792,John,Hernandez,John Hernandez,22,HR,Analyst,Seattle,48121.45,6468.73,2023-01-17,0,77.8,john.hernandez@company.com,(810) 200-9040,Active
EMP004793,Michael,Wilson,Michael Wilson,32,Marketing,Manager,Austin,64055.43,4850.56,2023-03-24,5,87.6,michael.wilson@company.com,(864) 586-2825,Active
EMP004794,Jane,Thomas,Jane Thomas,60,Sales,Associate,New York,89948.06,5871.35,2022-03-26,33,95.5,jane.thomas@company.com,(324) 606-1894,Active
EMP004795,Daniel,Johnson,Daniel Johnson,63,Operations,Specialist,New York,74672.47,4344.67,2020-08-30,36,56.3,daniel.johnson@company.com,(322) 671-8688,Active
EMP004796,Stephanie,Miller,Stephanie Miller,51,Sales,Associate,Seattle,93238.35,12229.81,2022-06-26,23,52.3,stephanie.miller@company.com,(233) 781-7344,Active
EMP004797,Nicole,Anderson,Nicole Anderson,30,Finance,Senior Developer,Los Angeles,81317.16,8663.3,2024-11-02,4,71.4,nicole.anderson@company.com,(352) 353-9376,Active
EMP004798,Matthew,Thomas,Matthew Thomas,50,Finance,Lead,Miami,96927.34,24884.47,2024-10-05,21,79.2,matthew.thomas@company.com,(776) 752-9330,Inactive
EMP004799,David,Rodriguez,David Rodriguez,48,HR,Coordinator,Miami,70133.75,7961.81,2023-06-27,21,63.2,david.rodriguez@company.com,(612) 743-7417,Active
EMP004800,Stephanie,Garcia,Stephanie Garcia,63,Legal,Analyst,Seattle,113412.15,1379.96,2023-11-26,35,78.8,stephanie.garcia@company.com,(439) 212-1585,Active
EMP004801,Daniel,Williams,Daniel Williams,24,Operations,Lead,Seattle,37318.38,7309.29,2024-07-25,0,71.9,daniel.williams@company.com,(540) 804-6815,Active
EMP004802,Robert,Miller,Robert Miller,50,IT,Analyst,Miami,122350.21,16958.73,2024-01-28,27,74.2,robert.miller@company.com,(873) 289-2075,Active
EMP004803,Christopher,Anderson,Christopher Anderson,58,Sales,Manager,Seattle,81374.43,12018.94,2023-01-02,32,58.0,christopher.anderson@company.com,(363) 747-3990,Inactive
EMP004804,Christopher,Martinez,Christopher Martinez,29,Sales,Lead,Austin,60541.99,7545.71,2020-06-12,2,52.7,christopher.martinez@company.com,(630) 533-1916,Active
EMP004805,Emily,Miller,Emily Miller,42,Sales,Associate,Boston,95307.19,9337.82,2023-08-01,20,82.7,emily.miller@company.com,(441) 680-9825,Active
EMP004806,Jessica,Brown,Jessica Brown,23,Sales,Senior Developer,Boston,34843.22,4366.49,2022-11-15,1,72.2,jessica.brown@company.com,(944) 276-4953,Active
EMP004807,Anthony,Smith,Anthony Smith,58,Engineering,Lead,Seattle,121180.18,6930.85,2023-05-01,32,70.4,anthony.smith@company.com,(249) 511-8081,Active
EMP004808,Ashley,Martin,Ashley Martin,48,Finance,Coordinator,New York,87726.38,7966.14,2023-10-29,24,76.9,ashley.martin@company.com,(759) 266-6383,Active
EMP004809,Jessica,Martin,Jessica Martin,53,Finance,Lead,Chicago,126804.21,7508.46,2023-02-20,31,100.0,jessica.martin@company.com,(778) 295-2190,Active
EMP004810,Emily,Wilson,Emily Wilson,48,Engineering,Associate,New York,87293.74,9891.19,2023-10-20,26,42.7,emily.wilson@company.com,(251) 855-7926,Active
EMP004811,Matthew,Williams,Matthew Williams,45,Finance,Senior Developer,Seattle,80178.38,11962.5,2022-05-28,23,64.3,matthew.williams@company.com,(854) 636-7369,Active
EMP004812,Melissa,Anderson,Melissa Anderson,39,Marketing,Analyst,Seattle,54633.4,6869.17,2020-01-05,17,73.9,melissa.anderson@company.com,(619) 680-1821,Active
EMP004813,John,Hernandez,John Hernandez,23,Operations,Specialist,Chicago,41076.54,4402.65,2023-10-21,0,75.7,john.hernandez@company.com,(211) 461-8858,Active
EMP004814,Anthony,Hernandez,Anthony Hernandez,32,Legal,Specialist,Chicago,79224.26,5604.3,2020-01-14,7,100.0,anthony.hernandez@company.com,(234) 436-1962,Active
EMP004815,Amanda,Williams,Amanda Williams,43,IT,Lead,San Francisco,75501.24,10972.38,2021-12-12,14,76.6,amanda.williams@company.com,(803) 771-8130,Active
EMP004816,David,Martinez,David Martinez,63,Finance,Associate,Miami,124063.09,17620.48,2021-06-24,41,61.0,david.martinez@company.com,(860) 302-5431,Active
EMP004817,Amanda,Taylor,Amanda Taylor,60,HR,Coordinator,Chicago,105073.4,3437.32,2020-06-03,36,94.8,amanda.taylor@company.com,(813) 786-1620,Active
EMP004818,David,Gonzalez,David Gonzalez,26,HR,Specialist,Austin,51873.56,3763.99,2023-06-29,0,83.3,david.gonzalez@company.com,(337) 348-8259,Inactive
EMP004819,Melissa,Thomas,Melissa Thomas,36,Engineering,Specialist,Boston,104624.22,16886.95,2024-10-07,9,69.2,melissa.thomas@company.com,(895) 369-7924,Active
EMP004820,Jessica,Martin,Jessica Martin,43,Operations,Specialist,Boston,77595.61,0.0,2021-02-10,20,76.3,jessica.martin@company.com,(910) 484-5195,Active
EMP004821,Emily,Williams,Emily Williams,30,HR,Senior Developer,New York,51807.72,6337.24,2020-09-04,1,67.1,emily.williams@company.com,(520) 863-6552,Active
EMP004822,Lisa,Rodriguez,Lisa Rodriguez,27,Sales,Senior Developer,Boston,60024.98,5800.61,2021-03-07,0,77.0,lisa.rodriguez@company.com,(837) 758-6939,On Leave
EMP004823,Jessica,Garcia,Jessica Garcia,30,HR,Coordinator,Miami,81494.47,5799.36,2020-01-29,5,77.6,jessica.garcia@company.com,(716) 976-4534,Active
EMP004824,Jessica,Brown,Jessica Brown,43,Legal,Analyst,Boston,67530.43,7328.96,2024-07-28,14,98.9,jessica.brown@company.com,(527) 353-4610,Active
EMP004825,Jessica,Rodriguez,Jessica Rodriguez,46,Marketing,Director,San Francisco,69615.41,8608.69,2023-03-11,23,89.2,jessica.rodriguez@company.com,(557) 959-8906,Active
EMP004826,Stephanie,Hernandez,Stephanie Hernandez,26,IT,Manager,Chicago,92799.52,10660.16,2022-10-02,2,85.5,stephanie.hernandez@company.com,(402) 428-7124,Active
EMP004827,Stephanie,Rodriguez,Stephanie Rodriguez,22,Operations,Manager,Boston,25500.0,2243.24,2021-09-16,0,85.5,stephanie.rodriguez@company.com,(730) 374-5794,Active
EMP004828,Nicole,Garcia,Nicole Garcia,34,IT,Coordinator,Chicago,95007.79,9381.23,2024-02-13,6,79.3,nicole.garcia@company.com,(555) 734-8220,Active
EMP004829,Anthony,Miller,Anthony Miller,54,Legal,Associate,New York,96668.76,8392.39,2024-11-30,28,68.6,anthony.miller@company.com,(970) 361-6917,Inactive
EMP004830,Daniel,Miller,Daniel Miller,38,IT,Manager,New York,60334.53,2608.26,2022-01-22,9,71.8,daniel.miller@company.com,(560) 751-3178,Active
EMP004831,David,Wilson,David Wilson,45,Marketing,Senior Developer,Austin,54569.12,5852.84,2022-04-17,21,72.7,david.wilson@company.com,(671) 582-1329,Active
EMP004832,Amanda,Miller,Amanda Miller,49,Marketing,Manager,Miami,93015.61,10015.12,2024-05-07,20,65.6,amanda.miller@company.com,(420) 507-2563,Active
EMP004833,Ashley,Anderson,Ashley Anderson,63,Legal,Associate,Boston,79981.62,4875.94,2024-10-09,41,61.3,ashley.anderson@company.com,(914) 757-9344,Active
EMP004834,Stephanie,Miller,Stephanie Miller,35,Legal,Director,San Francisco,104260.63,15711.6,2022-06-19,8,45.0,stephanie.miller@company.com,(804) 801-9800,Active
EMP004835,Matthew,Smith,Matthew Smith,35,Operations,Analyst,Austin,71658.17,10011.84,2023-01-10,8,61.0,matthew.smith@company.com,(797) 763-2232,Active
EMP004836,David,Davis,David Davis,52,IT,Lead,Boston,66613.01,7710.76,2023-11-09,23,88.7,david.davis@company.com,(965) 572-4199,Active
EMP004837,Melissa,Gonzalez,Melissa Gonzalez,63,Finance,Coordinator,Seattle,97048.33,12887.04,2020-08-21,41,73.5,melissa.gonzalez@company.com,(362) 841-6368,Inactive
EMP004838,David,Garcia,David Garcia,49,Marketing,Director,New York,69416.56,14130.34,2024-05-26,21,73.1,david.garcia@company.com,(487) 990-7682,Active
EMP004839,William,Jones,William Jones,47,IT,Director,San Francisco,82642.58,4842.01,2022-11-26,24,86.7,william.jones@company.com,(258) 658-2231,Active
EMP004840,Christopher,Johnson,Christopher Johnson,51,IT,Specialist,Austin,102635.57,14028.58,2021-11-27,28,75.8,christopher.johnson@company.com,(276) 237-7296,Active
EMP004841,Matthew,Miller,Matthew Miller,30,Marketing,Senior Developer,Chicago,56727.85,5428.05,2022-02-19,7,58.3,matthew.miller@company.com,(349) 796-9459,On Leave
EMP004842,Christopher,Smith,Christopher Smith,26,Finance,Lead,Chicago,63472.49,7128.99,2022-11-04,2,76.6,christopher.smith@company.com,(582) 917-9116,Active
EMP004843,Sarah,Johnson,Sarah Johnson,43,HR,Director,Los Angeles,74928.5,2894.62,2023-07-22,16,97.1,sarah.johnson@company.com,(212) 568-7170,Active
EMP004844,Stephanie,Garcia,Stephanie Garcia,25,Operations,Associate,New York,54659.64,4356.65,2023-06-10,1,52.9,stephanie.garcia@company.com,(507) 275-3296,Active
EMP004845,Emily,Moore,Emily Moore,61,Engineering,Manager,Los Angeles,119737.33,15235.49,2022-12-11,39,52.6,emily.moore@company.com,(270) 293-1059,Active
EMP004846,Ashley,Martin,Ashley Martin,50,Marketing,Associate,Austin,54700.85,7450.51,2020-02-22,23,82.2,ashley.martin@company.com,(450) 998-7782,Active
EMP004847,Matthew,Hernandez,Matthew Hernandez,48,Finance,Specialist,Seattle,95851.21,1166.14,2021-03-04,24,57.0,matthew.hernandez@company.com,(699) 337-2850,Active
EMP004848,Emily,Wilson,Emily Wilson,59,Legal,Associate,Miami,128313.01,10423.54,2021-03-11,34,75.9,emily.wilson@company.com,(772) 429-2190,Active
EMP004849,Michael,Taylor,Michael Taylor,43,Engineering,Director,Seattle,87457.62,7203.86,2022-11-15,21,73.1,michael.taylor@company.com,(504) 915-4943,Active
EMP004850,Anthony,Thomas,Anthony Thomas,31,Legal,Associate,Boston,103138.44,12497.59,2022-11-15,6,53.1,anthony.thomas@company.com,(933) 467-3893,Active
EMP004851,Sarah,Moore,Sarah Moore,44,Engineering,Lead,San Francisco,77545.59,6776.88,2021-07-25,22,86.3,sarah.moore@company.com,(673) 370-2499,Active
EMP004852,Jessica,Brown,Jessica Brown,51,Sales,Associate,Chicago,102610.6,13918.13,2021-12-31,27,86.8,jessica.brown@company.com,(833) 908-8221,Active
EMP004853,John,Miller,John Miller,57,Engineering,Director,Chicago,130745.66,26356.97,2020-08-06,30,93.9,john.miller@company.com,(336) 273-9017,Active
EMP004854,Daniel,Smith,Daniel Smith,59,Finance,Director,Chicago,72367.04,5194.65,2024-11-14,35,85.8,daniel.smith@company.com,(343) 705-6156,Active
EMP004855,Nicole,Williams,Nicole Williams,62,Sales,Analyst,Boston,88618.58,4959.62,2020-02-19,40,80.2,nicole.williams@company.com,(624) 423-1398,Inactive
EMP004856,Sarah,Gonzalez,Sarah Gonzalez,52,Operations,Lead,Chicago,77320.93,11111.67,2020-12-08,30,65.0,sarah.gonzalez@company.com,(605) 291-2686,Active
EMP004857,Amanda,Davis,Amanda Davis,24,Sales,Manager,New York,57064.21,8164.89,2024-08-17,2,69.7,amanda.davis@company.com,(271) 670-3963,Active
EMP004858,Michael,Davis,Michael Davis,44,IT,Analyst,Chicago,102723.32,4690.55,2021-02-03,19,73.0,michael.davis@company.com,(756) 867-1294,Active
EMP004859,Daniel,Johnson,Daniel Johnson,62,Marketing,Senior Developer,New York,74180.03,7841.46,2024-09-01,40,73.2,daniel.johnson@company.com,(811) 519-1080,Active
EMP004860,William,Gonzalez,William Gonzalez,22,IT,Director,San Francisco,47100.47,6522.68,2024-07-29,0,67.0,william.gonzalez@company.com,(612) 236-8625,Active
EMP004861,Melissa,Garcia,Melissa Garcia,32,Engineering,Coordinator,Seattle,99588.11,12444.82,2020-04-09,5,79.0,melissa.garcia@company.com,(912) 930-1117,Active
EMP004862,Robert,Lopez,Robert Lopez,59,HR,Director,Austin,71434.57,10555.78,2022-01-12,30,84.9,robert.lopez@company.com,(227) 314-7590,Active
EMP004863,Stephanie,Jones,Stephanie Jones,56,Operations,Manager,San Francisco,65210.17,11587.99,2021-10-01,34,92.8,stephanie.jones@company.com,(790) 478-7190,Inactive
EMP004864,Melissa,Davis,Melissa Davis,54,Engineering,Senior Developer,Boston,96800.6,8189.07,2024-07-17,25,76.3,melissa.davis@company.com,(946) 546-2646,Active
EMP004865,David,Smith,David Smith,37,IT,Director,Miami,88874.65,0.0,2020-04-22,14,84.1,david.smith@company.com,(800) 353-5807,On Leave
EMP004866,Melissa,Martinez,Melissa Martinez,27,Sales,Coordinator,Austin,70784.15,10336.13,2023-03-07,2,84.0,melissa.martinez@company.com,(846) 896-7874,Active
EMP004867,Jessica,Davis,Jessica Davis,36,Engineering,Associate,Austin,99124.3,18323.68,2021-04-06,14,50.0,jessica.davis@company.com,(876) 729-6929,Active
EMP004868,Robert,Davis,Robert Davis,42,Sales,Manager,Boston,66872.87,13716.12,2023-12-09,14,83.7,robert.davis@company.com,(211) 228-5889,Active
EMP004869,David,Gonzalez,David Gonzalez,23,Legal,Manager,Boston,62977.51,9299.75,2020-07-08,1,93.7,david.gonzalez@company.com,(930) 517-8053,Active
EMP004870,Sarah,Rodriguez,Sarah Rodriguez,38,IT,Manager,Boston,77873.95,15646.1,2024-08-27,9,75.4,sarah.rodriguez@company.com,(218) 430-5188,Active
EMP004871,Amanda,Lopez,Amanda Lopez,33,Finance,Specialist,Los Angeles,51710.79,6656.97,2023-08-09,4,78.7,amanda.lopez@company.com,(365) 260-2600,Active
EMP004872,Lisa,Smith,Lisa Smith,30,Marketing,Analyst,Austin,51239.47,5875.0,2020-01-05,5,76.3,lisa.smith@company.com,(297) 584-6702,Active
EMP004873,Matthew,Moore,Matthew Moore,50,Engineering,Manager,Los Angeles,109788.13,10652.51,2024-09-22,22,71.8,matthew.moore@company.com,(808) 314-8972,Active
EMP004874,Jane,Anderson,Jane Anderson,34,Operations,Analyst,San Francisco,78614.71,8985.72,2022-03-09,5,80.2,jane.anderson@company.com,(672) 684-6805,Active
EMP004875,William,Gonzalez,William Gonzalez,65,Sales,Analyst,Los Angeles,113398.04,12047.85,2023-09-17,40,56.2,william.gonzalez@company.com,(348) 889-9441,Active
EMP004876,Ashley,Miller,Ashley Miller,55,IT,Associate,Boston,108143.6,15773.34,2023-01-06,30,62.6,ashley.miller@company.com,(961) 851-9176,Active
EMP004877,Emily,Smith,Emily Smith,29,Marketing,Specialist,New York,75828.75,10403.03,2024-09-27,2,67.3,emily.smith@company.com,(769) 697-2316,Inactive
EMP004878,Jessica,Gonzalez,Jessica Gonzalez,46,Operations,Specialist,Austin,56250.46,5278.43,2022-09-26,19,92.3,jessica.gonzalez@company.com,(585) 970-5839,Active
EMP004879,Ashley,Jones,Ashley Jones,47,Legal,Lead,San Francisco,89471.63,4348.19,2021-08-28,19,51.4,ashley.jones@company.com,(545) 423-2055,Inactive
EMP004880,Amanda,Jackson,Amanda Jackson,28,Operations,Manager,Boston,47388.93,3605.75,2023-02-20,3,91.8,amanda.jackson@company.com,(252) 250-3378,Active
EMP004881,John,Wilson,John Wilson,50,Operations,Lead,Seattle,53073.84,6173.43,2021-02-04,27,90.3,john.wilson@company.com,(522) 634-5166,Active
EMP004882,Daniel,Jones,Daniel Jones,28,Finance,Associate,Austin,68863.25,10162.67,2023-07-12,4,54.8,daniel.jones@company.com,(295) 238-1406,Active
EMP004883,Emily,Rodriguez,Emily Rodriguez,65,Operations,Senior Developer,New York,93500.58,3970.57,2021-06-24,40,70.9,emily.rodriguez@company.com,(926) 640-5868,Active
EMP004884,David,Miller,David Miller,36,IT,Lead,New York,81382.56,3826.94,2021-08-28,10,91.7,david.miller@company.com,(315) 703-1970,Active
EMP004885,John,Garcia,John Garcia,65,Marketing,Analyst,Boston,79421.06,11511.43,2021-11-18,38,57.6,john.garcia@company.com,(530) 407-2315,Active
EMP004886,Michael,Anderson,Michael Anderson,37,IT,Analyst,Chicago,79857.03,7000.17,2023-01-23,8,73.0,michael.anderson@company.com,(228) 789-6675,Active
EMP004887,Michael,Thomas,Michael Thomas,40,Operations,Manager,Seattle,87508.93,10799.85,2020-07-16,11,59.6,michael.thomas@company.com,(597) 453-8358,Active
EMP004888,Amanda,Moore,Amanda Moore,34,Finance,Senior Developer,Chicago,95094.42,9540.58,2022-07-01,6,64.3,amanda.moore@company.com,(392) 828-4345,Active
EMP004889,Lisa,Gonzalez,Lisa Gonzalez,33,Sales,Analyst,New York,62583.15,6807.87,2024-06-29,5,80.9,lisa.gonzalez@company.com,(799) 633-6799,Active
EMP004890,Sarah,Jones,Sarah Jones,31,Engineering,Specialist,Los Angeles,84659.39,13407.72,2022-03-02,6,70.3,sarah.jones@company.com,(484) 938-7697,Active
EMP004891,Melissa,Gonzalez,Melissa Gonzalez,52,Finance,Coordinator,Miami,91903.66,11300.15,2022-02-22,23,77.7,melissa.gonzalez@company.com,(373) 538-1782,Active
EMP004892,Amanda,Johnson,Amanda Johnson,52,Sales,Director,Seattle,90017.78,5301.27,2024-06-14,28,79.9,amanda.johnson@company.com,(787) 794-3543,Active
EMP004893,John,Jackson,John Jackson,46,Marketing,Senior Developer,Los Angeles,119938.22,0.0,2020-01-17,24,53.3,john.jackson@company.com,(347) 733-6641,Active
EMP004894,Sarah,Rodriguez,Sarah Rodriguez,55,HR,Coordinator,Chicago,69064.92,3534.99,2023-10-31,33,72.4,sarah.rodriguez@company.com,(541) 344-1183,Active
EMP004895,Nicole,Wilson,Nicole Wilson,25,Operations,Senior Developer,San Francisco,54199.25,7232.05,2024-10-29,3,48.4,nicole.wilson@company.com,(776) 741-1578,Active
EMP004896,Emily,Taylor,Emily Taylor,39,HR,Coordinator,New York,57195.35,407.31,2021-02-02,11,62.5,emily.taylor@company.com,(215) 643-9011,Active
EMP004897,John,Moore,John Moore,39,HR,Director,New York,56967.58,8824.07,2023-02-25,12,91.0,john.moore@company.com,(739) 496-1304,Active
EMP004898,Stephanie,Thomas,Stephanie Thomas,24,Legal,Analyst,Los Angeles,69270.36,6656.29,2023-11-26,0,54.4,stephanie.thomas@company.com,(905) 266-3015,Active
EMP004899,James,Smith,James Smith,32,Legal,Lead,San Francisco,81527.26,3840.55,2020-03-12,8,72.9,james.smith@company.com,(816) 562-8946,Active
EMP004900,Ashley,Lopez,Ashley Lopez,38,Finance,Associate,New York,59062.74,208.25,2023-04-25,12,74.7,ashley.lopez@company.com,(319) 516-5050,Active
EMP004901,Stephanie,Thomas,Stephanie Thomas,35,HR,Director,Seattle,78012.27,11045.37,2020-08-26,6,73.1,stephanie.thomas@company.com,(990) 908-6200,Active
EMP004902,Amanda,Wilson,Amanda Wilson,36,Legal,Coordinator,Los Angeles,80904.76,8334.21,2023-05-12,9,81.7,amanda.wilson@company.com,(672) 839-3678,Active
EMP004903,Emily,Wilson,Emily Wilson,54,HR,Lead,Chicago,67549.83,5352.75,2021-03-23,30,79.4,emily.wilson@company.com,(371) 470-4741,Active
EMP004904,Jane,Miller,Jane Miller,43,Sales,Coordinator,New York,62465.04,12560.83,2022-04-17,20,91.6,jane.miller@company.com,(615) 983-6261,Active
EMP004905,Sarah,Rodriguez,Sarah Rodriguez,30,Sales,Specialist,Austin,76449.68,8473.61,2021-01-26,3,65.7,sarah.rodriguez@company.com,(221) 659-7507,Active
EMP004906,Jessica,Jones,Jessica Jones,25,Legal,Senior Developer,Los Angeles,56616.51,8318.59,2023-08-05,0,70.8,jessica.jones@company.com,(848) 966-8068,Active
EMP004907,Amanda,Williams,Amanda Williams,46,Sales,Manager,Miami,84159.68,4374.18,2020-11-23,21,62.5,amanda.williams@company.com,(897) 474-4048,Inactive
EMP004908,Stephanie,Davis,Stephanie Davis,35,Legal,Director,Seattle,111857.64,11704.82,2022-08-05,7,85.6,stephanie.davis@company.com,(455) 746-1741,Active
EMP004909,Michael,Taylor,Michael Taylor,42,Finance,Specialist,Austin,56042.36,7114.33,2020-06-02,16,85.8,michael.taylor@company.com,(392) 552-8889,Active
EMP004910,Stephanie,Moore,Stephanie Moore,30,Marketing,Senior Developer,Los Angeles,60323.71,8614.22,2020-05-13,7,86.2,stephanie.moore@company.com,(311) 958-5701,Active
EMP004911,Emily,Smith,Emily Smith,37,Legal,Specialist,Austin,72161.05,6237.81,2022-08-02,9,65.7,emily.smith@company.com,(751) 693-4751,Active
EMP004912,Ashley,Brown,Ashley Brown,29,Finance,Coordinator,Boston,92472.93,11147.25,2024-06-13,5,82.8,ashley.brown@company.com,(627) 512-8406,Inactive
EMP004913,Robert,Williams,Robert Williams,22,Sales,Coordinator,Los Angeles,33733.11,3690.67,2023-04-28,0,85.3,robert.williams@company.com,(380) 614-7593,Active
EMP004914,John,Smith,John Smith,62,Finance,Director,Austin,108708.27,18182.46,2020-04-02,36,92.8,john.smith@company.com,(327) 505-9962,Active
EMP004915,Melissa,Taylor,Melissa Taylor,23,Sales,Coordinator,Los Angeles,63854.64,5779.48,2022-06-06,0,68.1,melissa.taylor@company.com,(210) 731-9675,On Leave
EMP004916,William,Williams,William Williams,38,Engineering,Specialist,Chicago,121943.29,19678.26,2021-08-05,9,77.4,william.williams@company.com,(611) 932-4024,Active
EMP004917,Emily,Wilson,Emily Wilson,27,Sales,Director,Miami,62593.54,1092.09,2021-06-21,0,97.1,emily.wilson@company.com,(909) 586-1556,Inactive
EMP004918,Nicole,Anderson,Nicole Anderson,38,HR,Director,Los Angeles,68963.48,5392.15,2020-06-09,10,74.4,nicole.anderson@company.com,(468) 777-4197,Active
EMP004919,Matthew,Williams,Matthew Williams,42,HR,Analyst,Miami,32681.77,3714.91,2024-04-11,16,66.2,matthew.williams@company.com,(355) 803-4300,Active
EMP004920,John,Martinez,John Martinez,51,Operations,Director,New York,37349.84,1285.29,2020-01-07,28,76.9,john.martinez@company.com,(994) 857-9595,Active
EMP004921,Jessica,Rodriguez,Jessica Rodriguez,33,Sales,Associate,San Francisco,50275.16,0.0,2021-08-09,11,75.0,jessica.rodriguez@company.com,(701) 622-5179,Active
EMP004922,Melissa,Miller,Melissa Miller,25,IT,Director,San Francisco,104177.5,12647.19,2024-12-02,0,59.3,melissa.miller@company.com,(439) 945-8783,Active
EMP004923,Emily,Thomas,Emily Thomas,26,Sales,Coordinator,San Francisco,57665.81,4423.32,2021-12-08,3,97.3,emily.thomas@company.com,(412) 874-4037,Active
EMP004924,Matthew,Moore,Matthew Moore,58,HR,Analyst,New York,79265.05,4850.62,2020-06-29,33,59.6,matthew.moore@company.com,(404) 607-8973,Active
EMP004925,Jane,Davis,Jane Davis,60,HR,Senior Developer,Seattle,68444.59,8743.45,2024-01-26,31,92.8,jane.davis@company.com,(684) 977-9537,Active
EMP004926,John,Jones,John Jones,26,Legal,Manager,Seattle,60870.13,4842.48,2022-08-24,4,68.0,john.jones@company.com,(363) 623-5110,Active
EMP004927,Michael,Smith,Michael Smith,44,Operations,Director,New York,62040.03,9910.89,2023-04-18,19,78.4,michael.smith@company.com,(290) 627-8876,Active
EMP004928,Emily,Taylor,Emily Taylor,32,HR,Director,Miami,65378.92,7827.57,2023-05-17,3,85.2,emily.taylor@company.com,(863) 753-6389,Inactive
EMP004929,Anthony,Davis,Anthony Davis,33,Engineering,Analyst,Chicago,65455.76,5070.45,2024-05-31,9,95.3,anthony.davis@company.com,(658) 861-9468,Active
EMP004930,Stephanie,Jackson,Stephanie Jackson,23,Operations,Coordinator,Austin,67923.57,6974.1,2021-05-16,0,57.1,stephanie.jackson@company.com,(992) 631-9463,Active
EMP004931,Jessica,Garcia,Jessica Garcia,24,Engineering,Analyst,Miami,97788.21,7929.78,2023-07-19,0,88.7,jessica.garcia@company.com,(507) 723-7788,Active
EMP004932,Michael,Hernandez,Michael Hernandez,58,IT,Director,Chicago,110644.56,19241.61,2020-04-16,36,80.7,michael.hernandez@company.com,(911) 598-9164,Active
EMP004933,Michael,Jackson,Michael Jackson,35,Finance,Lead,Los Angeles,91299.67,4313.45,2020-03-17,7,67.1,michael.jackson@company.com,(286) 483-2269,Active
EMP004934,Nicole,Smith,Nicole Smith,64,Finance,Lead,Seattle,93479.7,5321.18,2020-08-03,37,85.5,nicole.smith@company.com,(362) 238-4302,Active
EMP004935,David,Martinez,David Martinez,26,Legal,Coordinator,Seattle,63506.55,9517.87,2022-04-04,2,99.9,david.martinez@company.com,(390) 419-8351,Active
EMP004936,Nicole,Wilson,Nicole Wilson,64,Sales,Director,Miami,97006.84,13931.98,2024-07-02,36,88.6,nicole.wilson@company.com,(333) 662-8523,On Leave
EMP004937,John,Wilson,John Wilson,60,HR,Senior Developer,Boston,51939.9,3159.81,2023-12-16,33,72.8,john.wilson@company.com,(445) 617-1806,Active
EMP004938,Melissa,Martinez,Melissa Martinez,62,Sales,Specialist,Los Angeles,70114.56,9182.39,2023-08-12,38,50.8,melissa.martinez@company.com,(424) 625-7630,Inactive
EMP004939,Jessica,Davis,Jessica Davis,36,Legal,Associate,Boston,104463.73,12006.83,2024-05-18,14,77.3,jessica.davis@company.com,(287) 719-5462,Active
EMP004940,James,Thomas,James Thomas,53,Legal,Lead,Miami,123052.06,8204.62,2024-12-26,24,37.6,james.thomas@company.com,(737) 570-3262,Active
EMP004941,William,Hernandez,William Hernandez,46,HR,Senior Developer,Los Angeles,68306.45,6843.53,2023-01-02,20,67.3,william.hernandez@company.com,(897) 725-4143,Active
EMP004942,Ashley,Moore,Ashley Moore,26,Marketing,Associate,Austin,61240.44,9312.21,2020-03-17,0,67.4,ashley.moore@company.com,(488) 333-5401,Active
EMP004943,John,Garcia,John Garcia,34,Operations,Lead,Los Angeles,66116.54,10551.28,2023-08-04,5,59.0,john.garcia@company.com,(263) 359-2974,On Leave
EMP004944,Matthew,Garcia,Matthew Garcia,36,Operations,Associate,San Francisco,67480.15,2217.12,2024-04-03,11,71.5,matthew.garcia@company.com,(311) 940-1055,On Leave
EMP004945,Daniel,Wilson,Daniel Wilson,54,HR,Specialist,Chicago,112489.81,12715.9,2020-01-06,31,89.7,daniel.wilson@company.com,(428) 720-1507,Active
EMP004946,Melissa,Rodriguez,Melissa Rodriguez,40,Sales,Associate,Chicago,62761.44,7126.43,2023-06-05,14,63.0,melissa.rodriguez@company.com,(762) 209-9396,Active
EMP004947,James,Hernandez,James Hernandez,55,Sales,Associate,New York,107476.55,7202.13,2024-05-09,27,82.5,james.hernandez@company.com,(304) 829-8577,Inactive
EMP004948,John,Thomas,John Thomas,45,HR,Senior Developer,Austin,65163.7,8298.49,2021-04-26,20,87.5,john.thomas@company.com,(330) 837-5980,Active
EMP004949,Melissa,Lopez,Melissa Lopez,32,Finance,Coordinator,Chicago,66947.96,13716.38,2020-03-28,5,72.9,melissa.lopez@company.com,(267) 613-7119,Active
EMP004950,Amanda,Hernandez,Amanda Hernandez,36,Legal,Associate,Seattle,89482.54,9021.81,2021-03-10,12,73.0,amanda.hernandez@company.com,(849) 352-2167,On Leave
EMP004951,Melissa,Smith,Melissa Smith,54,Operations,Manager,Los Angeles,65997.05,5327.91,2024-11-19,25,62.4,melissa.smith@company.com,(545) 522-8845,Active
EMP004952,Ashley,Brown,Ashley Brown,38,Engineering,Manager,Los Angeles,101086.66,13470.63,2024-05-14,15,98.8,ashley.brown@company.com,(229) 964-8071,Inactive
EMP004953,Sarah,Wilson,Sarah Wilson,50,Sales,Director,Boston,84282.29,2440.88,2020-06-11,24,59.0,sarah.wilson@company.com,(651) 587-7649,Active
EMP004954,Emily,Martinez,Emily Martinez,27,Finance,Associate,Boston,77165.42,8317.83,2023-05-15,0,59.9,emily.martinez@company.com,(674) 919-2497,Active
EMP004955,Ashley,Miller,Ashley Miller,29,HR,Lead,Los Angeles,65659.2,0.0,2021-11-03,6,87.9,ashley.miller@company.com,(669) 540-6930,Active
EMP004956,John,Gonzalez,John Gonzalez,30,HR,Analyst,Seattle,42887.3,684.51,2022-05-05,6,73.8,john.gonzalez@company.com,(221) 581-4184,Active
EMP004957,Matthew,Moore,Matthew Moore,31,Marketing,Associate,Seattle,49003.57,202.99,2023-04-20,9,79.2,matthew.moore@company.com,(609) 586-1822,Active
EMP004958,Sarah,Taylor,Sarah Taylor,44,Legal,Manager,Boston,133299.76,12524.27,2021-08-13,15,100.0,sarah.taylor@company.com,(310) 496-1321,Active
EMP004959,Jessica,Martinez,Jessica Martinez,27,Legal,Coordinator,Seattle,71994.88,3262.97,2020-08-03,2,100.0,jessica.martinez@company.com,(341) 960-7395,Active
EMP004960,Anthony,Davis,Anthony Davis,63,Legal,Analyst,New York,94752.15,11785.07,2020-11-19,35,47.0,anthony.davis@company.com,(870) 960-4412,Inactive
EMP004961,Lisa,Martinez,Lisa Martinez,38,Finance,Senior Developer,Austin,51902.84,4909.93,2023-11-06,15,80.2,lisa.martinez@company.com,(367) 286-4232,Active
EMP004962,James,Hernandez,James Hernandez,35,Legal,Manager,New York,107671.45,15123.07,2022-08-31,12,83.5,james.hernandez@company.com,(389) 550-7571,Active
EMP004963,Nicole,Thomas,Nicole Thomas,59,Marketing,Manager,Austin,89655.78,4625.48,2022-02-20,34,75.5,nicole.thomas@company.com,(856) 414-7866,Active
EMP004964,Matthew,Miller,Matthew Miller,49,Legal,Coordinator,San Francisco,60749.32,3148.34,2020-08-11,23,65.5,matthew.miller@company.com,(253) 491-2622,Active
EMP004965,Melissa,Anderson,Melissa Anderson,54,Legal,Lead,Los Angeles,132793.36,18238.39,2023-05-26,31,58.6,melissa.anderson@company.com,(569) 793-4305,Active
EMP004966,David,Rodriguez,David Rodriguez,52,IT,Director,Miami,109640.67,6940.23,2022-08-16,30,78.4,david.rodriguez@company.com,(281) 803-7908,Active
EMP004967,James,Anderson,James Anderson,52,Sales,Manager,Chicago,77692.38,5478.68,2024-09-11,26,88.5,james.anderson@company.com,(819) 513-6480,Active
EMP004968,John,Garcia,John Garcia,56,Finance,Director,Seattle,93164.63,4951.49,2023-02-20,33,52.8,john.garcia@company.com,(954) 741-3265,Active
EMP004969,Anthony,Anderson,Anthony Anderson,34,IT,Senior Developer,Seattle,82646.16,9988.39,2021-04-27,5,100.0,anthony.anderson@company.com,(891) 597-7338,Active
EMP004970,Nicole,Taylor,Nicole Taylor,38,IT,Manager,Los Angeles,113336.48,23332.43,2022-11-29,9,75.5,nicole.taylor@company.com,(984) 690-9490,Active
EMP004971,Anthony,Williams,Anthony Williams,38,Finance,Director,San Francisco,86453.78,6355.38,2021-10-24,12,86.7,anthony.williams@company.com,(798) 239-5674,Active
EMP004972,Ashley,Martinez,Ashley Martinez,47,Finance,Specialist,Miami,103110.45,11295.13,2021-01-16,18,52.9,ashley.martinez@company.com,(669) 254-8417,Active
EMP004973,Ashley,Rodriguez,Ashley Rodriguez,51,Operations,Lead,Chicago,83896.72,10126.28,2023-02-22,25,61.4,ashley.rodriguez@company.com,(621) 265-1997,Active
EMP004974,William,Anderson,William Anderson,40,Marketing,Specialist,Miami,50643.49,5300.77,2020-04-22,16,81.3,william.anderson@company.com,(667) 525-2480,Inactive
EMP004975,Jessica,Martin,Jessica Martin,44,Sales,Associate,Seattle,63790.22,5660.83,2024-06-21,21,57.0,jessica.martin@company.com,(207) 444-8353,Active
EMP004976,Nicole,Smith,Nicole Smith,22,HR,Associate,Boston,43585.41,8553.54,2022-12-07,0,83.4,nicole.smith@company.com,(812) 823-2886,Active
EMP004977,John,Moore,John Moore,39,Operations,Lead,Miami,61460.2,4405.61,2022-07-29,13,90.0,john.moore@company.com,(200) 936-8695,Active
EMP004978,Sarah,Miller,Sarah Miller,32,HR,Coordinator,Chicago,75400.66,5743.73,2022-03-17,5,48.5,sarah.miller@company.com,(662) 826-8833,Active
EMP004979,Ashley,Gonzalez,Ashley Gonzalez,34,HR,Lead,San Francisco,75464.6,14608.87,2024-05-11,11,65.0,ashley.gonzalez@company.com,(693) 268-9499,Active
EMP004980,Stephanie,Wilson,Stephanie Wilson,49,Legal,Senior Developer,Los Angeles,105648.57,8833.02,2022-04-06,27,50.4,stephanie.wilson@company.com,(438) 431-7427,Active
EMP004981,Nicole,Brown,Nicole Brown,44,HR,Director,New York,52157.07,4872.25,2020-10-18,21,92.4,nicole.brown@company.com,(962) 619-3127,Active
EMP004982,Lisa,Taylor,Lisa Taylor,29,IT,Manager,Seattle,65193.21,9612.55,2023-06-03,3,62.7,lisa.taylor@company.com,(458) 612-7496,Active
EMP004983,William,Jackson,William Jackson,60,Legal,Manager,Miami,112841.79,5702.02,2024-05-11,33,71.9,william.jackson@company.com,(520) 430-7457,Active
EMP004984,Jessica,Rodriguez,Jessica Rodriguez,34,Operations,Senior Developer,Seattle,57528.32,7085.23,2020-09-27,11,68.9,jessica.rodriguez@company.com,(311) 868-8619,Active
EMP004985,Jane,Moore,Jane Moore,49,Engineering,Analyst,San Francisco,86358.46,8861.99,2024-11-04,22,78.6,jane.moore@company.com,(743) 830-5088,Inactive
EMP004986,Matthew,Garcia,Matthew Garcia,29,Engineering,Analyst,New York,104848.15,8325.95,2024-08-12,3,88.9,matthew.garcia@company.com,(219) 563-5032,Inactive
EMP004987,James,Smith,James Smith,53,Finance,Associate,Boston,65553.34,1844.82,2022-12-10,27,77.7,james.smith@company.com,(636) 833-7861,Active
EMP004988,Jane,Williams,Jane Williams,57,Marketing,Director,Austin,63135.49,4407.25,2020-07-02,28,58.2,jane.williams@company.com,(523) 336-5922,Active
EMP004989,William,Brown,William Brown,46,Operations,Coordinator,Miami,65567.92,14322.38,2022-11-18,22,73.0,william.brown@company.com,(906) 473-3382,Active
EMP004990,Matthew,Wilson,Matthew Wilson,24,Sales,Lead,Chicago,55078.23,6436.08,2022-07-08,0,77.8,matthew.wilson@company.com,(945) 784-4233,Active
EMP004991,Jessica,Davis,Jessica Davis,41,Operations,Specialist,Los Angeles,55570.23,4954.35,2020-11-12,14,80.4,jessica.davis@company.com,(220) 295-5386,Active
EMP004992,James,Anderson,James Anderson,29,IT,Senior Developer,Los Angeles,79997.23,11607.59,2022-04-28,3,91.8,james.anderson@company.com,(934) 884-3871,Inactive
EMP004993,Amanda,Johnson,Amanda Johnson,36,IT,Senior Developer,Seattle,82295.39,0.0,2020-01-29,12,86.1,amanda.johnson@company.com,(418) 279-9759,Active
EMP004994,Melissa,Davis,Melissa Davis,58,Marketing,Coordinator,Los Angeles,77088.42,10609.29,2024-08-19,31,72.2,melissa.davis@company.com,(343) 417-5188,Active
EMP004995,Stephanie,Lopez,Stephanie Lopez,62,Operations,Associate,Seattle,68896.18,1750.92,2024-03-11,34,67.5,stephanie.lopez@company.com,(265) 330-2008,Active
EMP004996,Nicole,Rodriguez,Nicole Rodriguez,46,IT,Analyst,Miami,75008.51,2507.19,2022-06-11,22,74.6,nicole.rodriguez@company.com,(466) 509-1848,Active
EMP004997,Lisa,Taylor,Lisa Taylor,49,Marketing,Specialist,San Francisco,69237.47,9243.78,2023-10-23,24,85.1,lisa.taylor@company.com,(415) 541-4473,Active
EMP004998,William,Garcia,William Garcia,49,Operations,Analyst,Los Angeles,66919.7,5213.25,2024-08-25,20,76.4,william.garcia@company.com,(745) 884-7927,Active
EMP004999,John,Thomas,John Thomas,62,Sales,Specialist,Austin,87486.78,15229.41,2023-12-28,34,81.8,john.thomas@company.com,(665) 541-2195,Active
EMP005000,William,Johnson,William Johnson,57,Legal,Senior Developer,Seattle,91663.31,10498.22,2022-10-27,33,90.6,william.johnson@company.com,(952) 524-1302,Active
EMP005001,Nicole,Jones,Nicole Jones,46,Finance,Coordinator,New York,90050.93,12441.97,2023-10-07,17,100.0,nicole.jones@company.com,(522) 987-5414,Active
EMP005002,Amanda,Williams,Amanda Williams,36,Marketing,Associate,New York,66335.06,6153.78,2023-06-17,7,78.9,amanda.williams@company.com,(223) 877-8057,Active
EMP005003,Lisa,Lopez,Lisa Lopez,54,Legal,Lead,Austin,87017.49,9948.25,2020-11-14,32,99.8,lisa.lopez@company.com,(536) 444-1017,Active
EMP005004,James,Moore,James Moore,40,Finance,Specialist,Los Angeles,86527.84,6258.42,2021-04-11,17,73.3,james.moore@company.com,(982) 810-5100,Active
EMP005005,David,Moore,David Moore,35,Engineering,Specialist,Boston,85669.94,6137.24,2023-10-09,12,95.7,david.moore@company.com,(217) 262-3701,Active
EMP005006,Robert,Brown,Robert Brown,53,Operations,Lead,New York,76993.33,13450.75,2023-02-21,25,73.6,robert.brown@company.com,(708) 448-1247,Inactive
EMP005007,James,Miller,James Miller,33,Engineering,Director,New York,85042.28,12549.4,2024-04-03,11,77.9,james.miller@company.com,(478) 849-4427,Inactive
EMP005008,Lisa,Garcia,Lisa Garcia,53,IT,Manager,Chicago,64482.39,3168.49,2021-11-08,24,83.8,lisa.garcia@company.com,(897) 573-7024,Active
EMP005009,Christopher,Jones,Christopher Jones,57,Finance,Coordinator,Miami,93965.83,15072.84,2022-02-26,33,74.5,christopher.jones@company.com,(553) 950-8251,Active
EMP005010,Jessica,Davis,Jessica Davis,38,HR,Director,Seattle,65495.7,9776.43,2020-05-26,12,60.6,jessica.davis@company.com,(230) 792-6752,Active
EMP005011,Nicole,Taylor,Nicole Taylor,22,Operations,Lead,Miami,43276.93,7034.74,2022-12-22,0,60.0,nicole.taylor@company.com,(391) 742-1247,Active
EMP005012,Anthony,Hernandez,Anthony Hernandez,58,Legal,Director,Chicago,86008.02,15573.72,2023-05-21,30,83.5,anthony.hernandez@company.com,(656) 730-4253,Active
EMP005013,Michael,Moore,Michael Moore,44,IT,Specialist,Boston,78843.62,9329.78,2022-04-07,17,78.0,michael.moore@company.com,(974) 850-1290,Active
EMP005014,Ashley,Hernandez,Ashley Hernandez,30,IT,Coordinator,Chicago,73679.86,0.0,2023-10-22,4,73.2,ashley.hernandez@company.com,(964) 586-8663,Active
EMP005015,Robert,Garcia,Robert Garcia,59,Legal,Lead,San Francisco,106435.15,5299.01,2021-12-31,34,79.7,robert.garcia@company.com,(732) 662-6377,Active
EMP005016,Anthony,Moore,Anthony Moore,36,Engineering,Manager,Chicago,65953.96,6181.97,2022-09-21,7,98.1,anthony.moore@company.com,(549) 878-3078,Active
EMP005017,Christopher,Jackson,Christopher Jackson,62,Engineering,Specialist,Miami,144749.53,25467.59,2021-03-02,36,74.8,christopher.jackson@company.com,(794) 221-7535,Active
EMP005018,Nicole,Rodriguez,Nicole Rodriguez,56,Legal,Director,Miami,101060.63,13601.27,2023-06-11,29,75.0,nicole.rodriguez@company.com,(371) 242-3441,Active
EMP005019,William,Rodriguez,William Rodriguez,44,Engineering,Director,Miami,79138.41,10340.55,2023-07-25,18,79.8,william.rodriguez@company.com,(303) 787-8926,Active
EMP005020,Nicole,Martin,Nicole Martin,63,Engineering,Senior Developer,San Francisco,130243.94,18814.22,2021-01-05,37,87.2,nicole.martin@company.com,(259) 975-4208,Active
EMP005021,Melissa,Garcia,Melissa Garcia,46,Sales,Specialist,Los Angeles,65141.71,10380.75,2020-09-13,19,72.1,melissa.garcia@company.com,(643) 284-7427,Active
EMP005022,Stephanie,Rodriguez,Stephanie Rodriguez,30,Legal,Manager,San Francisco,59115.42,7461.77,2022-09-27,1,78.2,stephanie.rodriguez@company.com,(911) 786-4602,Active
EMP005023,Daniel,Hernandez,Daniel Hernandez,61,IT,Analyst,Boston,77297.08,3769.79,2023-12-06,36,79.5,daniel.hernandez@company.com,(924) 225-9908,Active
EMP005024,Robert,Smith,Robert Smith,43,Engineering,Associate,San Francisco,79311.02,4137.24,2020-06-12,14,83.8,robert.smith@company.com,(850) 737-4624,Active
EMP005025,James,Garcia,James Garcia,54,Engineering,Lead,New York,94798.45,12050.11,2021-08-27,31,61.2,james.garcia@company.com,(271) 956-7278,Inactive
EMP005026,William,Miller,William Miller,41,Engineering,Manager,Los Angeles,93958.27,7465.91,2024-07-02,14,82.9,william.miller@company.com,(503) 351-4852,Active
EMP005027,Melissa,Jones,Melissa Jones,42,HR,Specialist,Chicago,68762.63,9261.27,2022-02-21,16,76.0,melissa.jones@company.com,(957) 458-5600,Active
EMP005028,Jane,Gonzalez,Jane Gonzalez,65,Engineering,Manager,Los Angeles,100374.04,2065.18,2022-05-30,36,65.0,jane.gonzalez@company.com,(665) 859-4881,Active
EMP005029,Daniel,Taylor,Daniel Taylor,33,Marketing,Specialist,San Francisco,70340.3,7558.94,2020-09-07,8,95.1,daniel.taylor@company.com,(756) 320-1644,Active
EMP005030,Emily,Martin,Emily Martin,29,Engineering,Lead,Seattle,89489.88,4026.62,2023-06-25,6,65.6,emily.martin@company.com,(745) 937-1761,Active
EMP005031,Sarah,Anderson,Sarah Anderson,29,Engineering,Associate,Boston,52943.5,3126.54,2021-07-09,1,100.0,sarah.anderson@company.com,(676) 853-8021,Active
EMP005032,Nicole,Lopez,Nicole Lopez,26,Legal,Lead,Boston,56973.57,8215.43,2023-04-28,1,53.0,nicole.lopez@company.com,(221) 430-4685,Active
EMP005033,Daniel,Hernandez,Daniel Hernandez,62,Finance,Senior Developer,Miami,103187.13,11053.82,2024-09-02,38,83.8,daniel.hernandez@company.com,(221) 797-4562,Active
EMP005034,Melissa,Taylor,Melissa Taylor,44,Finance,Coordinator,Los Angeles,95644.05,11948.54,2020-11-28,18,66.7,melissa.taylor@company.com,(422) 989-1704,Active
EMP005035,Ashley,Hernandez,Ashley Hernandez,63,HR,Specialist,Austin,66032.22,6853.63,2024-12-01,37,35.8,ashley.hernandez@company.com,(417) 225-5321,Active
EMP005036,Nicole,Garcia,Nicole Garcia,65,Engineering,Manager,Miami,103163.09,14021.89,2020-01-05,38,74.7,nicole.garcia@company.com,(224) 357-7433,On Leave
EMP005037,Daniel,Lopez,Daniel Lopez,58,Operations,Lead,Seattle,58284.28,4472.5,2021-12-12,34,87.6,daniel.lopez@company.com,(407) 925-8113,Active
EMP005038,Michael,Wilson,Michael Wilson,61,HR,Coordinator,Chicago,96082.36,4776.67,2020-06-14,34,61.8,michael.wilson@company.com,(306) 682-3311,Active
EMP005039,Robert,Johnson,Robert Johnson,45,HR,Analyst,Boston,59399.42,7362.08,2020-07-02,19,64.4,robert.johnson@company.com,(686) 379-7361,On Leave
EMP005040,Jessica,Smith,Jessica Smith,33,Engineering,Manager,Seattle,89871.85,11290.6,2023-01-01,5,89.4,jessica.smith@company.com,(907) 727-8032,Inactive
EMP005041,Michael,Brown,Michael Brown,48,Marketing,Manager,Boston,81386.93,3643.59,2021-09-11,22,59.2,michael.brown@company.com,(511) 918-4795,Active
EMP005042,James,Anderson,James Anderson,30,Legal,Senior Developer,Chicago,67236.47,11985.24,2020-07-23,1,58.8,james.anderson@company.com,(336) 655-2753,Active
EMP005043,Matthew,Brown,Matthew Brown,37,Engineering,Lead,San Francisco,105053.74,15542.51,2022-05-01,12,63.2,matthew.brown@company.com,(639) 438-7020,Active
EMP005044,James,Jones,James Jones,59,IT,Director,Miami,80217.17,6741.72,2024-08-22,30,79.9,james.jones@company.com,(869) 662-2876,Active
EMP005045,Daniel,Smith,Daniel Smith,44,IT,Associate,Los Angeles,103422.58,12397.96,2021-07-15,22,83.6,daniel.smith@company.com,(629) 955-6032,Active
EMP005046,Melissa,Davis,Melissa Davis,34,Operations,Associate,Seattle,66741.13,6899.39,2023-01-29,8,72.7,melissa.davis@company.com,(782) 543-4136,Active
EMP005047,Ashley,Garcia,Ashley Garcia,43,Operations,Coordinator,Chicago,68697.18,947.51,2022-07-29,16,50.4,ashley.garcia@company.com,(654) 588-9820,Active
EMP005048,Anthony,Thomas,Anthony Thomas,56,Legal,Coordinator,Austin,84722.16,10370.41,2020-06-30,33,87.0,anthony.thomas@company.com,(597) 841-7320,Active
EMP005049,Emily,Davis,Emily Davis,39,Legal,Senior Developer,New York,98121.43,3241.59,2021-06-26,10,97.3,emily.davis@company.com,(892) 941-1278,Inactive
EMP005050,Amanda,Johnson,Amanda Johnson,43,Legal,Coordinator,San Francisco,64558.9,6833.75,2023-08-12,18,80.8,amanda.johnson@company.com,(986) 299-7225,Active
EMP005051,Jessica,Jones,Jessica Jones,37,HR,Specialist,New York,56162.38,10877.46,2022-09-25,14,96.1,jessica.jones@company.com,(703) 354-6517,Active
EMP005052,Stephanie,Williams,Stephanie Williams,55,Sales,Coordinator,Boston,70598.71,5864.43,2023-11-07,31,93.8,stephanie.williams@company.com,(901) 844-4767,Active
EMP005053,Matthew,Martinez,Matthew Martinez,46,Sales,Analyst,Los Angeles,57120.58,6088.0,2024-03-29,24,82.0,matthew.martinez@company.com,(899) 793-1283,Active
EMP005054,Nicole,Taylor,Nicole Taylor,61,Sales,Associate,Boston,87594.34,6681.56,2022-03-25,38,72.6,nicole.taylor@company.com,(254) 877-4162,Active
EMP005055,Anthony,Moore,Anthony Moore,56,Engineering,Senior Developer,Boston,103438.88,18801.98,2023-08-01,31,73.9,anthony.moore@company.com,(734) 420-5309,Inactive
EMP005056,William,Jackson,William Jackson,27,HR,Director,Los Angeles,65104.16,4198.31,2021-10-20,0,61.3,william.jackson@company.com,(645) 740-2003,Active
EMP005057,Matthew,Thomas,Matthew Thomas,28,Legal,Specialist,Austin,93327.86,5541.25,2022-09-24,1,50.7,matthew.thomas@company.com,(348) 501-5269,Active
EMP005058,Stephanie,Anderson,Stephanie Anderson,35,IT,Senior Developer,Chicago,75974.21,7308.85,2024-06-27,9,79.2,stephanie.anderson@company.com,(749) 702-5755,Active
EMP005059,Lisa,Wilson,Lisa Wilson,56,Finance,Specialist,Miami,93964.93,5316.0,2020-09-24,32,79.6,lisa.wilson@company.com,(817) 855-4293,Active
EMP005060,Matthew,Davis,Matthew Davis,64,Finance,Manager,Miami,127936.38,9938.86,2023-05-22,40,68.6,matthew.davis@company.com,(936) 853-3822,Active
EMP005061,James,Brown,James Brown,23,IT,Manager,Chicago,82505.45,0.0,2023-02-13,0,87.3,james.brown@company.com,(519) 556-5338,Active
EMP005062,David,Gonzalez,David Gonzalez,46,Marketing,Lead,Miami,45508.91,2522.13,2021-02-25,19,78.7,david.gonzalez@company.com,(428) 304-4067,Active
EMP005063,Sarah,Jones,Sarah Jones,22,Legal,Associate,Los Angeles,38102.04,6002.6,2021-04-01,0,84.3,sarah.jones@company.com,(472) 207-5196,Active
EMP005064,Lisa,Anderson,Lisa Anderson,62,Finance,Lead,Seattle,99914.46,8360.16,2022-05-21,40,94.9,lisa.anderson@company.com,(549) 932-3983,Active
EMP005065,David,Martinez,David Martinez,52,IT,Coordinator,Los Angeles,122698.12,10738.09,2024-04-10,23,100.0,david.martinez@company.com,(317) 622-3916,Active
EMP005066,Amanda,Williams,Amanda Williams,41,Legal,Director,San Francisco,87968.33,7307.01,2022-01-30,19,64.2,amanda.williams@company.com,(904) 872-3352,Active
EMP005067,Ashley,Hernandez,Ashley Hernandez,48,Finance,Manager,Miami,97921.19,18579.02,2023-12-28,26,58.9,ashley.hernandez@company.com,(841) 534-1116,Active
EMP005068,Amanda,Anderson,Amanda Anderson,45,Finance,Manager,Boston,73495.4,4198.64,2022-09-19,21,100.0,amanda.anderson@company.com,(625) 629-6118,Active
EMP005069,Matthew,Martinez,Matthew Martinez,51,Sales,Director,Austin,77761.59,2650.08,2020-08-31,26,74.5,matthew.martinez@company.com,(383) 667-8138,Active
EMP005070,Nicole,Davis,Nicole Davis,32,HR,Specialist,Boston,70726.06,5354.53,2023-01-12,6,61.0,nicole.davis@company.com,(380) 852-3089,Inactive
EMP005071,Amanda,Jones,Amanda Jones,37,Finance,Associate,San Francisco,63396.28,9790.39,2024-11-22,11,67.3,amanda.jones@company.com,(215) 879-4096,Inactive
EMP005072,Jessica,Martinez,Jessica Martinez,53,Sales,Associate,Miami,69663.17,3369.12,2023-12-04,25,98.2,jessica.martinez@company.com,(561) 518-7674,Active
EMP005073,William,Brown,William Brown,35,Sales,Manager,San Francisco,84463.43,11054.61,2023-09-01,10,50.7,william.brown@company.com,(302) 499-8577,Inactive
EMP005074,Anthony,Williams,Anthony Williams,22,Marketing,Coordinator,Austin,37532.34,4718.08,2022-11-30,0,76.5,anthony.williams@company.com,(456) 488-1134,Active
EMP005075,David,Anderson,David Anderson,39,Legal,Analyst,San Francisco,91211.1,9511.33,2024-12-20,11,96.2,david.anderson@company.com,(653) 701-2722,Inactive
EMP005076,Christopher,Taylor,Christopher Taylor,30,Operations,Manager,Austin,51629.02,6612.31,2024-09-02,7,56.4,christopher.taylor@company.com,(804) 298-8387,Active
EMP005077,Melissa,Jackson,Melissa Jackson,59,Finance,Manager,New York,82262.43,10253.09,2023-09-07,34,71.4,melissa.jackson@company.com,(396) 229-9812,Active
EMP005078,Emily,Garcia,Emily Garcia,34,Engineering,Specialist,Los Angeles,65742.56,14053.82,2024-08-22,11,75.1,emily.garcia@company.com,(299) 819-7374,Active
EMP005079,Ashley,Johnson,Ashley Johnson,54,Marketing,Lead,Austin,99280.71,1132.5,2022-05-11,31,90.2,ashley.johnson@company.com,(457) 529-3076,Active
EMP005080,James,Moore,James Moore,47,Legal,Manager,Chicago,93183.22,6229.54,2020-12-11,24,51.6,james.moore@company.com,(443) 763-7305,Active
EMP005081,Emily,Wilson,Emily Wilson,31,Engineering,Manager,New York,41044.75,176.48,2022-01-17,3,76.5,emily.wilson@company.com,(793) 756-1421,Active
EMP005082,Sarah,Taylor,Sarah Taylor,40,Engineering,Director,New York,82287.51,10433.87,2020-01-01,15,94.7,sarah.taylor@company.com,(200) 540-4196,Active
EMP005083,David,Moore,David Moore,60,IT,Analyst,Miami,84942.36,9940.93,2024-05-28,32,56.7,david.moore@company.com,(941) 871-3532,Active
EMP005084,Robert,Smith,Robert Smith,22,Legal,Manager,San Francisco,88711.39,5458.72,2024-10-24,0,95.5,robert.smith@company.com,(755) 264-7948,Active
EMP005085,Emily,Garcia,Emily Garcia,48,HR,Associate,Miami,55056.4,4793.44,2023-08-19,19,84.1,emily.garcia@company.com,(600) 371-2848,Active
EMP005086,Michael,Lopez,Michael Lopez,37,Sales,Lead,New York,61987.93,5874.45,2020-01-06,15,72.1,michael.lopez@company.com,(997) 895-3078,Active
EMP005087,David,Martin,David Martin,55,Marketing,Analyst,Seattle,78600.5,1965.78,2023-09-18,32,76.1,david.martin@company.com,(772) 618-4549,Active
EMP005088,Jessica,Martinez,Jessica Martinez,54,Marketing,Director,Los Angeles,83622.11,5385.09,2023-02-19,25,69.9,jessica.martinez@company.com,(796) 989-9857,Active
EMP005089,William,Martin,William Martin,28,Operations,Senior Developer,Boston,75927.19,8586.25,2020-04-18,6,55.0,william.martin@company.com,(824) 344-4763,Inactive
EMP005090,Amanda,Lopez,Amanda Lopez,44,Operations,Analyst,Miami,86439.59,4502.88,2022-11-21,18,81.4,amanda.lopez@company.com,(865) 426-5301,Active
EMP005091,Robert,Taylor,Robert Taylor,22,Sales,Senior Developer,Los Angeles,53776.61,5794.35,2023-09-19,0,66.9,robert.taylor@company.com,(814) 227-6736,Active
EMP005092,Nicole,Thomas,Nicole Thomas,54,Operations,Manager,Austin,80502.11,10849.51,2023-11-30,31,62.7,nicole.thomas@company.com,(851) 353-7707,Active
EMP005093,Anthony,Martin,Anthony Martin,36,Engineering,Senior Developer,Seattle,87937.01,16363.73,2022-05-27,13,82.2,anthony.martin@company.com,(679) 779-6369,Active
EMP005094,Emily,Johnson,Emily Johnson,26,Marketing,Senior Developer,Miami,53854.84,12476.52,2021-07-16,3,53.5,emily.johnson@company.com,(536) 469-9870,Active
EMP005095,Michael,Moore,Michael Moore,50,Sales,Analyst,Miami,74193.24,14453.15,2022-11-17,22,70.0,michael.moore@company.com,(486) 545-9455,Active
EMP005096,Melissa,Rodriguez,Melissa Rodriguez,35,Finance,Manager,New York,84041.43,10986.4,2023-03-26,7,61.2,melissa.rodriguez@company.com,(378) 630-4012,Active
EMP005097,Matthew,Gonzalez,Matthew Gonzalez,33,Operations,Lead,New York,29923.86,0.0,2023-09-07,4,52.1,matthew.gonzalez@company.com,(389) 221-1914,Active
EMP005098,John,Lopez,John Lopez,28,Legal,Senior Developer,New York,84201.51,1489.62,2023-03-13,0,68.9,john.lopez@company.com,(709) 492-4445,On Leave
EMP005099,James,Anderson,James Anderson,40,Operations,Analyst,Chicago,86439.48,0.0,2021-11-07,15,45.4,james.anderson@company.com,(552) 914-7121,Inactive
EMP005100,Stephanie,Taylor,Stephanie Taylor,63,Engineering,Associate,Seattle,95950.61,11919.96,2024-08-02,37,75.1,stephanie.taylor@company.com,(814) 946-1217,Active
EMP005101,James,Moore,James Moore,25,Sales,Director,Chicago,46414.97,810.0,2022-02-17,0,75.6,james.moore@company.com,(356) 479-4067,Active
EMP005102,Ashley,Thomas,Ashley Thomas,55,Engineering,Analyst,New York,114504.23,14547.01,2021-12-07,33,61.9,ashley.thomas@company.com,(318) 785-1651,Active
EMP005103,Daniel,Jones,Daniel Jones,62,Finance,Associate,Seattle,86623.29,6402.33,2020-04-13,37,27.0,daniel.jones@company.com,(836) 568-8750,Active
EMP005104,Emily,Martinez,Emily Martinez,28,Legal,Specialist,Miami,93060.48,9005.19,2022-07-27,0,97.0,emily.martinez@company.com,(595) 448-1890,Inactive
EMP005105,Nicole,Miller,Nicole Miller,41,Operations,Analyst,Miami,40928.32,1949.56,2023-10-02,14,69.5,nicole.miller@company.com,(749) 817-1485,Inactive
EMP005106,Sarah,Johnson,Sarah Johnson,56,Engineering,Director,Los Angeles,102727.09,13048.26,2021-06-30,29,75.1,sarah.johnson@company.com,(856) 671-6036,Active
EMP005107,Michael,Taylor,Michael Taylor,32,Engineering,Analyst,Seattle,97091.64,12338.77,2020-04-03,4,60.7,michael.taylor@company.com,(894) 357-3570,Active
EMP005108,James,Jackson,James Jackson,34,Legal,Lead,Boston,84410.59,14354.31,2021-05-25,7,77.3,james.jackson@company.com,(419) 995-8089,On Leave
EMP005109,Emily,Taylor,Emily Taylor,52,Legal,Coordinator,Los Angeles,144676.48,10232.83,2022-07-09,26,86.4,emily.taylor@company.com,(568) 945-6852,Active
EMP005110,James,Taylor,James Taylor,31,IT,Associate,Boston,111768.55,5207.66,2024-11-30,8,69.0,james.taylor@company.com,(753) 568-1400,Active
EMP005111,Stephanie,Gonzalez,Stephanie Gonzalez,45,Finance,Analyst,Miami,94730.56,4324.31,2023-09-09,20,87.0,stephanie.gonzalez@company.com,(610) 517-9358,Active
EMP005112,Jessica,Johnson,Jessica Johnson,34,Engineering,Analyst,New York,91515.27,3664.91,2021-12-04,9,85.5,jessica.johnson@company.com,(560) 467-7638,Active
EMP005113,James,Davis,James Davis,45,HR,Lead,Seattle,89241.61,5083.88,2023-06-27,21,71.4,james.davis@company.com,(721) 557-3232,Active
EMP005114,Matthew,Martinez,Matthew Martinez,56,Finance,Manager,Miami,75345.92,3593.06,2021-08-10,33,80.3,matthew.martinez@company.com,(321) 905-6101,Active
EMP005115,James,Gonzalez,James Gonzalez,45,HR,Lead,Austin,68633.88,10684.92,2020-03-23,22,74.4,james.gonzalez@company.com,(637) 817-6486,Active
EMP005116,Michael,Taylor,Michael Taylor,42,Sales,Senior Developer,Los Angeles,104668.83,14814.57,2021-02-09,20,62.5,michael.taylor@company.com,(747) 860-8223,Inactive
EMP005117,Amanda,Martin,Amanda Martin,65,Operations,Specialist,Boston,68191.09,7989.85,2020-11-30,38,57.1,amanda.martin@company.com,(382) 788-9593,Inactive
EMP005118,Robert,Davis,Robert Davis,51,Marketing,Senior Developer,Seattle,87525.94,6618.12,2023-06-15,23,82.5,robert.davis@company.com,(883) 829-8540,Active
EMP005119,Daniel,Williams,Daniel Williams,24,Sales,Senior Developer,New York,46927.99,7202.38,2024-01-01,0,44.5,daniel.williams@company.com,(910) 586-8233,Active
EMP005120,Daniel,Martinez,Daniel Martinez,56,HR,Manager,Los Angeles,71907.95,9957.59,2024-08-26,33,71.8,daniel.martinez@company.com,(470) 758-1041,Inactive
EMP005121,Matthew,Hernandez,Matthew Hernandez,63,Marketing,Senior Developer,Miami,88101.84,12503.38,2021-06-12,40,73.3,matthew.hernandez@company.com,(428) 900-7809,Active
EMP005122,William,Thomas,William Thomas,60,Finance,Specialist,Austin,106045.34,5347.09,2024-05-07,38,100.0,william.thomas@company.com,(691) 599-9466,Active
EMP005123,Robert,Taylor,Robert Taylor,51,IT,Associate,San Francisco,89844.54,11531.6,2023-07-18,28,80.8,robert.taylor@company.com,(955) 292-9625,Active
EMP005124,Daniel,Gonzalez,Daniel Gonzalez,48,Finance,Manager,Boston,82661.02,3376.58,2023-01-10,19,96.5,daniel.gonzalez@company.com,(499) 393-2331,Active
EMP005125,Stephanie,Hernandez,Stephanie Hernandez,28,Marketing,Lead,San Francisco,77497.29,10815.05,2024-09-10,0,62.5,stephanie.hernandez@company.com,(777) 953-1594,Active
EMP005126,John,Hernandez,John Hernandez,51,HR,Analyst,San Francisco,59224.18,10080.86,2022-05-09,24,74.8,john.hernandez@company.com,(220) 579-6219,Active
EMP005127,Melissa,Martinez,Melissa Martinez,65,Engineering,Specialist,Chicago,107841.26,15824.35,2021-11-19,40,55.9,melissa.martinez@company.com,(836) 576-9810,Active
EMP005128,Daniel,Wilson,Daniel Wilson,56,Operations,Senior Developer,Boston,74944.06,10474.48,2023-08-04,27,69.9,daniel.wilson@company.com,(374) 625-9451,Active
EMP005129,Jane,Thomas,Jane Thomas,60,HR,Director,Miami,74864.45,7496.88,2020-08-11,36,91.0,jane.thomas@company.com,(732) 911-4961,Active
EMP005130,Ashley,Brown,Ashley Brown,47,Marketing,Specialist,Austin,71737.55,8459.19,2021-11-02,20,49.6,ashley.brown@company.com,(796) 934-3825,Active
EMP005131,Amanda,Taylor,Amanda Taylor,24,Engineering,Specialist,Chicago,89573.97,8309.87,2021-12-12,0,100.0,amanda.taylor@company.com,(526) 711-2270,Inactive
EMP005132,Christopher,Garcia,Christopher Garcia,48,Legal,Director,Seattle,101611.12,11222.33,2021-11-12,25,82.6,christopher.garcia@company.com,(305) 489-3057,Active
EMP005133,Stephanie,Miller,Stephanie Miller,38,Marketing,Manager,Miami,78312.38,14836.82,2020-11-11,16,71.8,stephanie.miller@company.com,(410) 302-8613,Active
EMP005134,Jane,Jones,Jane Jones,55,Sales,Associate,New York,77221.37,8475.21,2020-01-06,29,92.1,jane.jones@company.com,(999) 846-8939,Active
EMP005135,Ashley,Rodriguez,Ashley Rodriguez,57,HR,Specialist,Austin,65872.99,16285.71,2023-10-24,32,63.7,ashley.rodriguez@company.com,(625) 202-3973,Active
EMP005136,Christopher,Miller,Christopher Miller,31,HR,Associate,Boston,44798.38,5538.93,2021-07-22,3,81.9,christopher.miller@company.com,(275) 927-7610,Active
EMP005137,Anthony,Moore,Anthony Moore,37,Legal,Analyst,New York,37500.0,3469.96,2021-11-08,14,47.7,anthony.moore@company.com,(354) 296-6898,Active
EMP005138,Michael,Rodriguez,Michael Rodriguez,48,HR,Senior Developer,Boston,86289.17,7088.18,2022-08-30,26,92.0,michael.rodriguez@company.com,(333) 865-4243,Active
EMP005139,Matthew,Lopez,Matthew Lopez,56,Engineering,Specialist,Seattle,112813.33,13693.01,2023-01-02,31,90.9,matthew.lopez@company.com,(572) 373-7364,Active
EMP005140,David,Davis,David Davis,30,Operations,Lead,Seattle,54235.98,4253.16,2020-11-10,5,81.4,david.davis@company.com,(372) 462-1582,Inactive
EMP005141,Amanda,Davis,Amanda Davis,23,Engineering,Senior Developer,Los Angeles,82267.92,7921.73,2020-08-25,0,82.9,amanda.davis@company.com,(431) 827-1278,Active
EMP005142,Amanda,Taylor,Amanda Taylor,59,Marketing,Coordinator,Miami,72145.57,188.75,2024-09-27,37,94.9,amanda.taylor@company.com,(849) 369-4216,Active
EMP005143,Matthew,Thomas,Matthew Thomas,57,Engineering,Associate,Boston,96199.09,10893.45,2023-02-25,35,58.0,matthew.thomas@company.com,(880) 430-4587,Active
EMP005144,Amanda,Gonzalez,Amanda Gonzalez,65,HR,Senior Developer,Boston,58390.42,5641.99,2022-12-12,43,67.9,amanda.gonzalez@company.com,(988) 357-5270,Inactive
EMP005145,Lisa,Jackson,Lisa Jackson,60,Legal,Associate,Seattle,92293.34,7236.64,2023-04-02,35,76.9,lisa.jackson@company.com,(773) 243-1717,Inactive
EMP005146,Amanda,Thomas,Amanda Thomas,35,HR,Manager,Austin,49560.79,735.94,2022-08-01,11,66.0,amanda.thomas@company.com,(838) 952-3060,Active
EMP005147,Christopher,Smith,Christopher Smith,26,Finance,Specialist,New York,80393.29,10338.32,2021-05-30,0,67.5,christopher.smith@company.com,(666) 579-1429,Active
EMP005148,James,Smith,James Smith,33,Operations,Associate,Los Angeles,40862.24,2310.65,2021-12-11,4,97.0,james.smith@company.com,(530) 728-1637,Active
EMP005149,James,Moore,James Moore,57,IT,Analyst,Miami,103107.99,0.0,2020-12-01,32,71.7,james.moore@company.com,(406) 373-5742,Active
EMP005150,William,Davis,William Davis,22,Engineering,Associate,New York,100698.87,9017.26,2021-05-04,0,70.3,william.davis@company.com,(906) 265-2720,Inactive
EMP005151,Stephanie,Jackson,Stephanie Jackson,60,Legal,Director,San Francisco,105426.73,4542.43,2022-02-20,31,63.3,stephanie.jackson@company.com,(977) 447-6568,Active
EMP005152,Michael,Martinez,Michael Martinez,47,Marketing,Analyst,New York,54423.77,8586.61,2023-01-26,22,70.1,michael.martinez@company.com,(607) 311-3188,Active
EMP005153,Robert,Garcia,Robert Garcia,42,IT,Specialist,San Francisco,85252.68,3091.04,2020-01-05,18,80.6,robert.garcia@company.com,(932) 989-3156,Active
EMP005154,James,Martinez,James Martinez,28,Marketing,Specialist,Chicago,61443.42,4979.82,2024-02-20,4,93.6,james.martinez@company.com,(808) 359-3798,Active
EMP005155,John,Jones,John Jones,50,HR,Manager,Chicago,78083.08,6963.24,2020-01-31,26,78.9,john.jones@company.com,(227) 298-4124,Active
EMP005156,Matthew,Martin,Matthew Martin,41,Marketing,Specialist,Chicago,54050.16,10127.06,2023-09-18,13,100.0,matthew.martin@company.com,(441) 540-2005,Active
EMP005157,Melissa,Jackson,Melissa Jackson,33,Sales,Coordinator,Austin,77607.07,12295.15,2021-04-16,5,78.7,melissa.jackson@company.com,(977) 365-6287,On Leave
EMP005158,Sarah,Thomas,Sarah Thomas,44,IT,Specialist,Chicago,91120.4,6519.68,2024-02-17,21,76.6,sarah.thomas@company.com,(913) 731-5502,Active
EMP005159,Melissa,Gonzalez,Melissa Gonzalez,28,Finance,Lead,New York,83817.88,5415.3,2022-07-27,3,93.1,melissa.gonzalez@company.com,(793) 571-4531,Active
EMP005160,William,Smith,William Smith,48,HR,Lead,New York,89464.13,7509.76,2020-03-22,24,94.0,william.smith@company.com,(811) 255-7424,Active
EMP005161,Jessica,Gonzalez,Jessica Gonzalez,42,Engineering,Lead,Chicago,110749.66,12286.8,2021-01-19,20,50.6,jessica.gonzalez@company.com,(324) 938-6478,Active
EMP005162,Emily,Wilson,Emily Wilson,36,Sales,Director,Miami,83115.72,3573.63,2022-05-29,8,44.7,emily.wilson@company.com,(391) 801-3385,Active
EMP005163,Lisa,Moore,Lisa Moore,39,Legal,Lead,Miami,73074.92,8476.41,2021-02-04,17,90.4,lisa.moore@company.com,(756) 943-3986,Active
EMP005164,Robert,Taylor,Robert Taylor,43,Marketing,Specialist,San Francisco,85374.0,12802.47,2022-06-04,14,68.7,robert.taylor@company.com,(370) 808-3621,Active
EMP005165,Emily,Taylor,Emily Taylor,29,HR,Senior Developer,Austin,62703.7,998.28,2021-02-07,1,72.9,emily.taylor@company.com,(712) 533-3893,Active
EMP005166,Robert,Hernandez,Robert Hernandez,36,Engineering,Analyst,Los Angeles,141824.76,18901.62,2022-09-20,11,74.5,robert.hernandez@company.com,(897) 228-5772,Inactive
EMP005167,Jane,Brown,Jane Brown,54,Finance,Senior Developer,Seattle,114357.65,20941.85,2020-12-17,25,68.4,jane.brown@company.com,(518) 546-3628,Active
EMP005168,David,Rodriguez,David Rodriguez,37,Operations,Lead,Los Angeles,67071.81,4498.16,2023-10-15,9,72.9,david.rodriguez@company.com,(226) 734-4612,Active
EMP005169,Jessica,Lopez,Jessica Lopez,31,Engineering,Associate,Seattle,87651.01,10080.72,2020-11-16,2,57.9,jessica.lopez@company.com,(910) 828-4099,Active
EMP005170,Daniel,Rodriguez,Daniel Rodriguez,58,Sales,Director,Boston,91213.99,13052.87,2024-10-25,30,75.2,daniel.rodriguez@company.com,(550) 766-4838,Active
EMP005171,Matthew,Anderson,Matthew Anderson,33,Operations,Manager,San Francisco,37094.82,2952.54,2021-11-28,4,89.2,matthew.anderson@company.com,(448) 980-1528,Active
EMP005172,William,Hernandez,William Hernandez,28,Legal,Coordinator,Boston,66429.26,8094.6,2020-05-01,4,70.0,william.hernandez@company.com,(720) 916-4033,Active
EMP005173,Melissa,Jones,Melissa Jones,50,HR,Director,Chicago,63914.84,4876.67,2020-01-29,24,96.0,melissa.jones@company.com,(205) 693-1073,Active
EMP005174,Michael,Moore,Michael Moore,59,IT,Specialist,Seattle,113622.25,2336.96,2022-03-17,30,59.5,michael.moore@company.com,(897) 667-5671,Active
EMP005175,Amanda,Garcia,Amanda Garcia,33,Sales,Director,Seattle,60443.81,7589.62,2024-02-24,8,66.3,amanda.garcia@company.com,(575) 861-7239,Inactive
EMP005176,Jane,Moore,Jane Moore,53,IT,Analyst,Chicago,77192.72,5452.32,2022-07-27,30,90.7,jane.moore@company.com,(876) 200-3829,Active
EMP005177,David,Lopez,David Lopez,31,Finance,Senior Developer,San Francisco,63769.98,13003.2,2024-03-07,5,100.0,david.lopez@company.com,(883) 263-7028,Active
EMP005178,Stephanie,Garcia,Stephanie Garcia,45,Finance,Analyst,San Francisco,74760.71,9846.15,2022-05-15,17,42.3,stephanie.garcia@company.com,(875) 617-8302,Active
EMP005179,Matthew,Smith,Matthew Smith,53,Finance,Coordinator,New York,88161.1,10528.12,2023-03-10,30,69.5,matthew.smith@company.com,(611) 509-8927,Active
EMP005180,Robert,Wilson,Robert Wilson,48,Finance,Specialist,Chicago,85425.55,2491.39,2024-09-21,20,48.1,robert.wilson@company.com,(984) 532-4253,On Leave
EMP005181,David,Smith,David Smith,40,IT,Specialist,Boston,90233.41,10457.33,2024-10-07,16,91.7,david.smith@company.com,(943) 950-4685,Active
EMP005182,Stephanie,Williams,Stephanie Williams,48,Finance,Specialist,Austin,95479.41,11415.22,2024-11-13,20,66.0,stephanie.williams@company.com,(260) 912-4403,Active
EMP005183,Amanda,Jones,Amanda Jones,45,Finance,Senior Developer,Austin,85862.79,2840.25,2020-03-29,19,97.7,amanda.jones@company.com,(823) 266-6491,Active
EMP005184,Stephanie,Moore,Stephanie Moore,37,HR,Coordinator,New York,74832.46,7540.69,2021-05-08,13,85.4,stephanie.moore@company.com,(944) 279-4052,Active
EMP005185,Amanda,Garcia,Amanda Garcia,29,IT,Lead,Seattle,62900.0,11436.07,2021-07-30,1,58.2,amanda.garcia@company.com,(648) 762-8594,Active
EMP005186,Daniel,Gonzalez,Daniel Gonzalez,60,Finance,Analyst,Seattle,81313.46,13002.38,2022-11-02,35,100.0,daniel.gonzalez@company.com,(623) 842-4813,Active
EMP005187,John,Anderson,John Anderson,50,Sales,Senior Developer,New York,71657.11,12671.33,2024-02-10,22,80.9,john.anderson@company.com,(237) 311-3215,Active
EMP005188,Ashley,Taylor,Ashley Taylor,48,Engineering,Associate,Boston,90970.52,4346.41,2023-05-26,24,72.9,ashley.taylor@company.com,(855) 504-3110,Active
EMP005189,Matthew,Thomas,Matthew Thomas,26,Finance,Manager,New York,82123.73,5550.73,2021-07-26,1,55.0,matthew.thomas@company.com,(462) 798-2139,Active
EMP005190,Jane,Anderson,Jane Anderson,54,Marketing,Senior Developer,Austin,73480.14,7885.16,2024-02-08,26,86.8,jane.anderson@company.com,(500) 783-3834,On Leave
EMP005191,Ashley,Jackson,Ashley Jackson,58,HR,Associate,New York,94581.8,8691.57,2021-08-15,34,82.5,ashley.jackson@company.com,(257) 471-2402,Active
EMP005192,Jane,Anderson,Jane Anderson,22,Engineering,Director,Seattle,67010.3,6757.86,2020-06-02,0,100.0,jane.anderson@company.com,(229) 556-7069,Active
EMP005193,Robert,Williams,Robert Williams,41,Operations,Coordinator,Miami,58990.86,10842.24,2020-03-20,17,76.6,robert.williams@company.com,(596) 625-1252,Active
EMP005194,Daniel,Lopez,Daniel Lopez,52,Sales,Senior Developer,Seattle,93446.22,12422.94,2021-06-26,26,69.2,daniel.lopez@company.com,(734) 433-6661,Inactive
EMP005195,James,Gonzalez,James Gonzalez,36,Engineering,Senior Developer,Boston,80719.39,1243.47,2021-06-28,8,70.8,james.gonzalez@company.com,(936) 334-8501,Active
EMP005196,David,Williams,David Williams,39,Operations,Associate,Austin,79575.11,6018.0,2020-08-23,11,54.7,david.williams@company.com,(307) 542-3001,Active
EMP005197,Stephanie,Garcia,Stephanie Garcia,32,Legal,Specialist,San Francisco,73555.1,8205.34,2021-03-01,10,67.8,stephanie.garcia@company.com,(969) 578-4158,Active
EMP005198,Jane,Gonzalez,Jane Gonzalez,60,Sales,Coordinator,Los Angeles,92997.03,15742.33,2020-01-22,37,100.0,jane.gonzalez@company.com,(846) 460-9174,Active
EMP005199,James,Lopez,James Lopez,49,HR,Manager,San Francisco,73422.66,4874.75,2022-10-14,25,87.0,james.lopez@company.com,(404) 711-2218,Active
EMP005200,John,Anderson,John Anderson,47,Marketing,Manager,Boston,70256.11,3695.04,2023-01-22,20,83.9,john.anderson@company.com,(863) 513-6257,Active
EMP005201,Emily,Martinez,Emily Martinez,40,Engineering,Manager,Los Angeles,76062.22,7133.75,2024-02-23,16,84.2,emily.martinez@company.com,(824) 638-3102,Active
EMP005202,Jessica,Davis,Jessica Davis,43,IT,Senior Developer,New York,76006.51,7421.94,2023-10-08,17,88.2,jessica.davis@company.com,(215) 796-4892,Active
EMP005203,Anthony,Brown,Anthony Brown,48,Finance,Manager,New York,94799.95,11252.31,2024-07-19,22,50.4,anthony.brown@company.com,(809) 825-9275,Active
EMP005204,Lisa,Anderson,Lisa Anderson,52,Sales,Analyst,Chicago,89992.55,13361.66,2022-11-23,28,89.9,lisa.anderson@company.com,(733) 658-6011,Active
EMP005205,James,Jackson,James Jackson,57,Finance,Coordinator,Chicago,95179.22,13937.09,2021-06-26,30,74.1,james.jackson@company.com,(851) 396-5880,Active
EMP005206,Jane,Jones,Jane Jones,50,IT,Specialist,Los Angeles,94263.26,11610.64,2023-08-13,22,64.3,jane.jones@company.com,(377) 690-4978,Active
EMP005207,Stephanie,Martin,Stephanie Martin,53,IT,Specialist,Los Angeles,84866.06,12719.46,2023-01-28,25,76.8,stephanie.martin@company.com,(264) 285-1614,Active
EMP005208,Emily,Jackson,Emily Jackson,63,Marketing,Analyst,Miami,95542.64,3845.92,2024-08-04,38,61.2,emily.jackson@company.com,(477) 393-1315,Active
EMP005209,Melissa,Thomas,Melissa Thomas,43,Legal,Associate,Austin,71521.44,8676.04,2022-07-21,14,54.3,melissa.thomas@company.com,(669) 719-2091,Active
EMP005210,John,Taylor,John Taylor,53,Marketing,Manager,Seattle,83636.95,14062.47,2022-10-27,28,66.9,john.taylor@company.com,(824) 428-6873,Active
EMP005211,Jessica,Miller,Jessica Miller,61,Sales,Lead,Boston,74276.34,6205.47,2023-03-26,34,90.8,jessica.miller@company.com,(382) 256-3953,Active
EMP005212,Stephanie,Gonzalez,Stephanie Gonzalez,38,Sales,Analyst,Los Angeles,58260.2,7014.26,2020-02-03,9,97.4,stephanie.gonzalez@company.com,(284) 656-3474,Active
EMP005213,James,Brown,James Brown,46,Marketing,Associate,Los Angeles,67528.5,9300.25,2020-04-28,19,78.6,james.brown@company.com,(898) 775-7856,On Leave
EMP005214,Stephanie,Brown,Stephanie Brown,29,Sales,Specialist,New York,40597.98,4601.04,2020-01-04,2,69.3,stephanie.brown@company.com,(889) 445-1441,Active
EMP005215,Emily,Thomas,Emily Thomas,37,IT,Director,Miami,93745.57,9161.41,2024-03-31,13,88.8,emily.thomas@company.com,(621) 221-9661,Active
EMP005216,Robert,Miller,Robert Miller,61,Operations,Associate,New York,85275.0,13930.45,2022-03-11,37,44.2,robert.miller@company.com,(919) 614-9081,Active
EMP005217,James,Lopez,James Lopez,26,Engineering,Manager,New York,71732.24,17468.2,2021-11-26,3,88.0,james.lopez@company.com,(249) 895-1873,Active
EMP005218,Jane,Wilson,Jane Wilson,46,Marketing,Manager,Boston,98365.44,1321.51,2023-11-17,19,79.4,jane.wilson@company.com,(926) 804-9274,Active
EMP005219,Amanda,Lopez,Amanda Lopez,61,IT,Specialist,Seattle,101689.57,6471.24,2024-06-26,37,64.6,amanda.lopez@company.com,(279) 799-5717,Active
EMP005220,David,Rodriguez,David Rodriguez,26,HR,Senior Developer,Los Angeles,54287.92,8640.49,2022-03-14,3,74.3,david.rodriguez@company.com,(249) 580-1210,Active
EMP005221,Lisa,Jackson,Lisa Jackson,51,Engineering,Associate,Miami,101954.51,16194.13,2020-07-07,29,84.6,lisa.jackson@company.com,(795) 320-9269,Active
EMP005222,Ashley,Martin,Ashley Martin,32,HR,Lead,Los Angeles,69196.55,9408.59,2022-12-04,3,70.4,ashley.martin@company.com,(469) 824-1235,Active
EMP005223,Michael,Anderson,Michael Anderson,52,Legal,Senior Developer,Seattle,83639.72,12695.09,2020-08-31,30,67.9,michael.anderson@company.com,(985) 689-8134,Active
EMP005224,Amanda,Smith,Amanda Smith,29,Engineering,Director,Seattle,59502.56,4429.3,2024-08-18,0,52.8,amanda.smith@company.com,(705) 547-4261,Active
EMP005225,Sarah,Hernandez,Sarah Hernandez,22,Legal,Analyst,Boston,42565.12,0.0,2020-12-29,0,61.5,sarah.hernandez@company.com,(835) 529-1859,Active
EMP005226,Jessica,Moore,Jessica Moore,59,IT,Director,New York,82270.72,4242.56,2023-04-09,37,86.1,jessica.moore@company.com,(260) 418-7955,Active
EMP005227,Nicole,Wilson,Nicole Wilson,32,Legal,Associate,Boston,67154.63,9423.22,2022-08-24,8,80.1,nicole.wilson@company.com,(576) 408-6324,Inactive
EMP005228,James,Davis,James Davis,58,Finance,Specialist,Miami,95263.09,13263.18,2021-02-17,30,49.7,james.davis@company.com,(812) 339-9134,Active
EMP005229,Sarah,Garcia,Sarah Garcia,59,Engineering,Manager,Miami,107440.19,5258.1,2024-04-10,37,79.8,sarah.garcia@company.com,(932) 226-4399,Active
EMP005230,Michael,Smith,Michael Smith,57,Sales,Director,New York,98720.32,15184.07,2023-07-22,31,71.5,michael.smith@company.com,(346) 205-9237,Active
EMP005231,Jessica,Rodriguez,Jessica Rodriguez,44,Sales,Manager,Los Angeles,64801.5,10544.57,2023-05-08,18,64.2,jessica.rodriguez@company.com,(901) 829-1402,Active
EMP005232,Amanda,Thomas,Amanda Thomas,51,Operations,Associate,San Francisco,60518.12,4018.8,2022-03-27,28,75.5,amanda.thomas@company.com,(286) 776-1302,Active
EMP005233,Christopher,Rodriguez,Christopher Rodriguez,42,Finance,Manager,Seattle,75999.72,6551.86,2021-07-28,17,70.6,christopher.rodriguez@company.com,(428) 804-5733,Active
EMP005234,Christopher,Williams,Christopher Williams,61,IT,Analyst,Chicago,125917.79,13303.34,2023-11-13,35,73.8,christopher.williams@company.com,(372) 677-8273,Active
EMP005235,Sarah,Smith,Sarah Smith,38,Operations,Manager,Seattle,53613.82,8192.19,2020-12-12,11,67.3,sarah.smith@company.com,(941) 590-1316,Active
EMP005236,Emily,Taylor,Emily Taylor,46,Finance,Coordinator,Los Angeles,108964.39,17354.29,2024-01-16,22,44.7,emily.taylor@company.com,(539) 798-3328,Inactive
EMP005237,Matthew,Jackson,Matthew Jackson,56,Operations,Associate,Los Angeles,73463.84,7000.47,2021-05-27,30,59.5,matthew.jackson@company.com,(839) 789-4558,Active
EMP005238,Anthony,Anderson,Anthony Anderson,55,Finance,Director,Boston,87075.35,11118.81,2024-11-30,31,87.1,anthony.anderson@company.com,(821) 264-9720,Active
EMP005239,Jessica,Moore,Jessica Moore,34,Finance,Associate,Miami,49128.5,3848.34,2020-06-21,7,52.5,jessica.moore@company.com,(854) 511-5975,Active
EMP005240,Jessica,Anderson,Jessica Anderson,51,HR,Manager,Los Angeles,80377.76,9451.33,2023-06-24,26,61.1,jessica.anderson@company.com,(263) 724-6395,Active
EMP005241,Jessica,Anderson,Jessica Anderson,47,Finance,Associate,Miami,72106.54,12714.72,2024-03-23,22,82.8,jessica.anderson@company.com,(421) 307-9661,Active
EMP005242,William,Garcia,William Garcia,30,Engineering,Analyst,New York,74411.64,4583.5,2021-08-07,4,85.4,william.garcia@company.com,(807) 369-8982,Active
EMP005243,James,Garcia,James Garcia,37,HR,Associate,Seattle,48231.61,5900.77,2024-01-23,11,65.6,james.garcia@company.com,(874) 280-6199,Active
EMP005244,Emily,Brown,Emily Brown,62,IT,Associate,Miami,136824.74,21641.51,2024-02-14,40,71.1,emily.brown@company.com,(204) 735-7699,Active
EMP005245,John,Gonzalez,John Gonzalez,36,IT,Lead,Boston,62943.55,10754.24,2022-10-25,7,84.8,john.gonzalez@company.com,(893) 363-6086,Active
EMP005246,Amanda,Wilson,Amanda Wilson,52,Operations,Director,Chicago,94724.31,12321.65,2023-02-14,24,72.7,amanda.wilson@company.com,(537) 456-1680,Active
EMP005247,Ashley,Martinez,Ashley Martinez,26,Operations,Director,New York,70225.24,10779.2,2024-12-09,4,40.3,ashley.martinez@company.com,(788) 763-7543,Active
EMP005248,Robert,Rodriguez,Robert Rodriguez,47,IT,Manager,Los Angeles,64308.23,11316.51,2022-12-07,25,64.7,robert.rodriguez@company.com,(322) 463-5820,Active
EMP005249,Christopher,Johnson,Christopher Johnson,60,Marketing,Coordinator,Los Angeles,104653.59,5919.85,2021-04-06,34,80.6,christopher.johnson@company.com,(387) 903-4652,Inactive
EMP005250,Amanda,Miller,Amanda Miller,23,Engineering,Manager,Miami,71422.2,0.0,2022-08-12,0,93.1,amanda.miller@company.com,(815) 306-1695,Active
EMP005251,Matthew,Thomas,Matthew Thomas,23,IT,Senior Developer,New York,53302.44,4123.4,2022-01-05,0,62.0,matthew.thomas@company.com,(263) 727-4701,Inactive
EMP005252,Jessica,Rodriguez,Jessica Rodriguez,60,Operations,Analyst,San Francisco,71524.42,4099.01,2023-05-26,38,42.6,jessica.rodriguez@company.com,(740) 352-5120,Active
EMP005253,Michael,Taylor,Michael Taylor,58,HR,Lead,Austin,85751.71,7402.83,2023-02-21,34,74.0,michael.taylor@company.com,(733) 310-5985,Active
EMP005254,Ashley,Jones,Ashley Jones,35,Operations,Lead,New York,51755.98,6675.73,2024-07-02,13,56.2,ashley.jones@company.com,(515) 427-9623,Active
EMP005255,Jane,Miller,Jane Miller,65,Operations,Manager,New York,74770.08,2689.78,2022-06-26,41,65.3,jane.miller@company.com,(720) 638-8327,Active
EMP005256,James,Hernandez,James Hernandez,32,Engineering,Coordinator,New York,77803.51,9795.36,2021-01-24,5,57.8,james.hernandez@company.com,(967) 526-8932,Active
EMP005257,Christopher,Johnson,Christopher Johnson,50,HR,Lead,Los Angeles,70728.18,12065.02,2021-03-03,23,84.5,christopher.johnson@company.com,(422) 598-2113,Active
EMP005258,William,Thomas,William Thomas,63,Finance,Coordinator,San Francisco,79894.88,8885.42,2024-04-14,41,63.9,william.thomas@company.com,(295) 644-4668,Active
EMP005259,James,Wilson,James Wilson,26,IT,Specialist,San Francisco,78728.31,8063.19,2022-11-07,3,58.9,james.wilson@company.com,(987) 907-3560,On Leave
EMP005260,William,Davis,William Davis,55,IT,Coordinator,Seattle,82832.11,5000.42,2020-06-02,28,55.9,william.davis@company.com,(654) 740-3653,Active
EMP005261,Amanda,Thomas,Amanda Thomas,35,Legal,Manager,Austin,70433.99,10564.43,2024-04-10,8,92.5,amanda.thomas@company.com,(596) 269-5266,Inactive
EMP005262,Christopher,Smith,Christopher Smith,51,Sales,Specialist,Miami,76984.18,4503.33,2024-04-17,28,55.0,christopher.smith@company.com,(288) 809-7190,Active
EMP005263,Jane,Johnson,Jane Johnson,62,Marketing,Associate,Boston,83242.67,8295.63,2023-10-17,34,69.7,jane.johnson@company.com,(723) 407-6407,Inactive
EMP005264,Stephanie,Jones,Stephanie Jones,25,Legal,Lead,Austin,90398.4,7232.7,2022-09-05,2,71.1,stephanie.jones@company.com,(690) 591-6381,Active
EMP005265,David,Davis,David Davis,38,Finance,Senior Developer,Miami,60404.63,3530.02,2021-08-02,16,40.7,david.davis@company.com,(552) 317-4166,Active
EMP005266,John,Jones,John Jones,43,Marketing,Coordinator,Los Angeles,31322.29,3493.49,2024-06-21,21,89.4,john.jones@company.com,(860) 990-8070,On Leave
EMP005267,Emily,Jackson,Emily Jackson,37,HR,Lead,Los Angeles,71334.35,12400.6,2022-01-11,9,62.2,emily.jackson@company.com,(597) 383-8442,Active
EMP005268,William,Hernandez,William Hernandez,65,Finance,Director,New York,89293.23,15817.92,2024-05-14,39,56.5,william.hernandez@company.com,(512) 798-9358,Active
EMP005269,Anthony,Davis,Anthony Davis,57,Legal,Coordinator,Boston,139646.55,12539.74,2021-11-05,29,91.2,anthony.davis@company.com,(442) 608-5888,Active
EMP005270,Emily,Garcia,Emily Garcia,25,Engineering,Lead,Seattle,79215.7,9552.67,2020-03-09,1,61.9,emily.garcia@company.com,(539) 463-5259,Active
EMP005271,Christopher,Lopez,Christopher Lopez,63,HR,Senior Developer,New York,84371.01,9844.35,2023-02-25,41,76.0,christopher.lopez@company.com,(946) 870-8675,Active
EMP005272,Lisa,Garcia,Lisa Garcia,43,Legal,Specialist,New York,75790.25,7873.09,2024-10-22,16,69.7,lisa.garcia@company.com,(445) 723-9850,Active
EMP005273,David,Taylor,David Taylor,27,Legal,Coordinator,San Francisco,100914.01,8328.07,2024-04-24,4,60.4,david.taylor@company.com,(906) 730-4823,Active
EMP005274,William,Davis,William Davis,29,Engineering,Lead,Chicago,61583.87,8120.83,2024-01-08,1,75.0,william.davis@company.com,(445) 762-6208,Active
EMP005275,Emily,Rodriguez,Emily Rodriguez,54,Engineering,Specialist,Chicago,120611.07,18997.0,2024-08-06,32,72.4,emily.rodriguez@company.com,(748) 983-1121,Active
EMP005276,Stephanie,Taylor,Stephanie Taylor,39,IT,Lead,New York,96790.01,10786.42,2022-03-31,13,81.1,stephanie.taylor@company.com,(404) 461-3852,Active
EMP005277,Ashley,Anderson,Ashley Anderson,40,Legal,Senior Developer,San Francisco,94430.63,8702.04,2021-12-19,14,52.0,ashley.anderson@company.com,(656) 763-8472,Active
EMP005278,Nicole,Williams,Nicole Williams,36,Operations,Senior Developer,Los Angeles,60287.65,4345.92,2024-09-14,14,100.0,nicole.williams@company.com,(613) 360-2064,Active
EMP005279,Robert,Gonzalez,Robert Gonzalez,61,Legal,Director,San Francisco,116568.99,9738.15,2024-02-28,37,77.8,robert.gonzalez@company.com,(740) 939-9114,Active
EMP005280,Ashley,Smith,Ashley Smith,62,HR,Senior Developer,San Francisco,62979.04,5555.38,2022-03-25,38,92.5,ashley.smith@company.com,(635) 625-2970,Active
EMP005281,Ashley,Gonzalez,Ashley Gonzalez,61,IT,Associate,Miami,100534.29,19663.98,2020-12-18,35,88.6,ashley.gonzalez@company.com,(954) 277-9228,Active
EMP005282,Ashley,Anderson,Ashley Anderson,51,Marketing,Specialist,Chicago,76893.2,4649.36,2022-10-08,29,76.4,ashley.anderson@company.com,(614) 867-7940,Active
EMP005283,Daniel,Brown,Daniel Brown,26,IT,Senior Developer,Miami,91995.69,5982.07,2023-07-30,3,45.6,daniel.brown@company.com,(474) 731-6886,Active
EMP005284,David,Hernandez,David Hernandez,49,Legal,Analyst,Boston,108009.93,12398.67,2021-01-28,26,44.9,david.hernandez@company.com,(523) 354-9237,Active
EMP005285,John,Martin,John Martin,56,HR,Senior Developer,Seattle,88717.9,3311.47,2021-04-01,31,83.4,john.martin@company.com,(995) 652-4918,Active
EMP005286,William,Jones,William Jones,44,Finance,Senior Developer,Miami,100646.6,6000.72,2020-05-14,16,84.5,william.jones@company.com,(554) 522-9485,On Leave
EMP005287,Emily,Williams,Emily Williams,53,Sales,Senior Developer,Boston,103320.65,14389.35,2022-06-29,30,61.9,emily.williams@company.com,(294) 818-1031,Active
EMP005288,John,Wilson,John Wilson,49,Legal,Associate,Miami,96186.74,4204.96,2023-09-28,27,68.7,john.wilson@company.com,(820) 402-2916,Active
EMP005289,Christopher,Martinez,Christopher Martinez,43,Operations,Director,Austin,54528.79,5987.92,2021-01-30,17,91.9,christopher.martinez@company.com,(609) 503-3643,Active
EMP005290,John,Davis,John Davis,41,Operations,Director,Austin,50403.13,3804.06,2023-11-23,14,78.5,john.davis@company.com,(955) 965-3864,Active
EMP005291,Michael,Johnson,Michael Johnson,52,Sales,Coordinator,Chicago,92873.6,17846.64,2021-09-06,23,67.9,michael.johnson@company.com,(914) 613-8391,Active
EMP005292,Lisa,Williams,Lisa Williams,64,Finance,Lead,Boston,100417.85,2989.65,2022-08-23,35,84.0,lisa.williams@company.com,(243) 438-2561,Active
EMP005293,Melissa,Smith,Melissa Smith,41,Operations,Analyst,Los Angeles,48318.69,5567.72,2022-01-27,14,88.0,melissa.smith@company.com,(765) 400-4057,Active
EMP005294,William,Miller,William Miller,39,Operations,Coordinator,Seattle,57416.36,4245.28,2022-03-06,11,68.6,william.miller@company.com,(397) 605-8714,Active
EMP005295,Matthew,Davis,Matthew Davis,39,IT,Director,Los Angeles,81549.27,8713.01,2022-05-08,16,82.6,matthew.davis@company.com,(847) 507-6110,Active
EMP005296,Anthony,Taylor,Anthony Taylor,53,Sales,Associate,New York,88240.64,13056.47,2021-02-01,31,87.4,anthony.taylor@company.com,(969) 335-7758,Inactive
EMP005297,Robert,Jackson,Robert Jackson,42,Marketing,Associate,New York,70063.52,9605.62,2024-08-07,17,97.7,robert.jackson@company.com,(926) 223-5501,Active
EMP005298,Anthony,Martinez,Anthony Martinez,50,Marketing,Senior Developer,Chicago,68572.05,6740.48,2020-07-02,27,84.7,anthony.martinez@company.com,(828) 379-5363,Active
EMP005299,Robert,Hernandez,Robert Hernandez,32,Engineering,Lead,Los Angeles,90948.03,10593.77,2023-01-13,10,67.5,robert.hernandez@company.com,(373) 261-4392,Active
EMP005300,David,Brown,David Brown,30,Sales,Manager,Chicago,74804.72,1533.16,2021-03-17,1,47.4,david.brown@company.com,(723) 354-9278,Active
EMP005301,Lisa,Johnson,Lisa Johnson,41,Sales,Manager,Boston,74776.93,8668.57,2024-05-18,12,90.6,lisa.johnson@company.com,(882) 999-7021,Active
EMP005302,Ashley,Thomas,Ashley Thomas,54,IT,Associate,San Francisco,80104.05,6226.99,2023-02-18,26,99.0,ashley.thomas@company.com,(970) 262-7361,Active
EMP005303,Jessica,Johnson,Jessica Johnson,57,Finance,Manager,New York,124981.32,12781.42,2024-11-05,31,62.4,jessica.johnson@company.com,(534) 898-5425,Inactive
EMP005304,Matthew,Smith,Matthew Smith,49,Sales,Senior Developer,Austin,77448.15,5132.56,2024-08-06,23,36.2,matthew.smith@company.com,(480) 416-4936,Active
EMP005305,Amanda,Thomas,Amanda Thomas,57,Finance,Analyst,Austin,96777.83,15771.2,2020-07-28,35,68.3,amanda.thomas@company.com,(953) 310-2961,Inactive
EMP005306,Amanda,Rodriguez,Amanda Rodriguez,63,Operations,Senior Developer,Chicago,93037.58,831.42,2024-04-02,41,47.5,amanda.rodriguez@company.com,(899) 685-2765,Active
EMP005307,Lisa,Johnson,Lisa Johnson,55,Sales,Associate,Austin,59937.92,6431.39,2021-08-22,28,69.4,lisa.johnson@company.com,(267) 701-7820,Active
EMP005308,Anthony,Jones,Anthony Jones,47,Engineering,Specialist,Boston,116197.46,4878.13,2023-01-15,19,58.3,anthony.jones@company.com,(849) 408-7519,Active
EMP005309,Anthony,Smith,Anthony Smith,34,Sales,Manager,Los Angeles,83273.16,10851.11,2020-08-07,9,98.3,anthony.smith@company.com,(974) 284-6575,Inactive
EMP005310,Robert,Wilson,Robert Wilson,29,Engineering,Specialist,Los Angeles,100436.54,6188.55,2021-03-06,2,85.3,robert.wilson@company.com,(823) 506-6962,Active
EMP005311,Robert,Rodriguez,Robert Rodriguez,63,Legal,Analyst,Austin,62412.22,7962.95,2020-04-30,36,70.4,robert.rodriguez@company.com,(203) 797-7783,Active
EMP005312,Sarah,Lopez,Sarah Lopez,59,HR,Director,Boston,73121.28,4644.81,2024-07-04,30,67.2,sarah.lopez@company.com,(845) 229-6878,Active
EMP005313,Amanda,Wilson,Amanda Wilson,27,Marketing,Manager,Seattle,56710.54,6743.62,2024-11-04,0,54.8,amanda.wilson@company.com,(507) 810-9117,Active
EMP005314,Stephanie,Rodriguez,Stephanie Rodriguez,52,Operations,Coordinator,Boston,70404.29,6714.86,2020-07-18,25,72.2,stephanie.rodriguez@company.com,(899) 614-4445,Active
EMP005315,Ashley,Johnson,Ashley Johnson,45,Operations,Specialist,Miami,69303.75,1789.52,2020-07-23,19,66.1,ashley.johnson@company.com,(282) 855-4356,Active
EMP005316,Anthony,Brown,Anthony Brown,51,Engineering,Senior Developer,Austin,133650.85,13788.64,2023-11-21,27,77.9,anthony.brown@company.com,(605) 987-7559,Active
EMP005317,John,Martin,John Martin,40,Operations,Senior Developer,Chicago,84044.18,7310.55,2022-11-05,18,67.3,john.martin@company.com,(540) 892-9262,Inactive
EMP005318,Christopher,Taylor,Christopher Taylor,42,Engineering,Director,Seattle,124577.89,20456.97,2023-05-26,16,87.9,christopher.taylor@company.com,(466) 347-1229,Active
EMP005319,Matthew,Taylor,Matthew Taylor,52,Marketing,Coordinator,Boston,78401.17,10851.2,2022-09-18,25,82.7,matthew.taylor@company.com,(726) 404-9918,Active
EMP005320,Melissa,Smith,Melissa Smith,35,HR,Lead,Miami,45667.78,2733.59,2021-02-26,9,75.2,melissa.smith@company.com,(969) 284-3513,Active
EMP005321,Nicole,Moore,Nicole Moore,60,IT,Coordinator,Seattle,124916.97,14626.43,2021-02-24,37,45.4,nicole.moore@company.com,(908) 263-8486,Active
EMP005322,Daniel,Moore,Daniel Moore,49,Sales,Specialist,Austin,54296.32,3949.02,2020-02-15,23,86.8,daniel.moore@company.com,(940) 806-6719,Active
EMP005323,Sarah,Rodriguez,Sarah Rodriguez,28,Engineering,Manager,Boston,90532.48,9872.29,2024-03-02,2,73.3,sarah.rodriguez@company.com,(273) 766-2654,Active
EMP005324,Christopher,Williams,Christopher Williams,26,Legal,Manager,New York,85769.29,13984.72,2020-03-17,2,74.6,christopher.williams@company.com,(482) 727-6862,Active
EMP005325,Sarah,Jones,Sarah Jones,42,HR,Senior Developer,Seattle,51920.46,6766.97,2020-01-18,18,82.7,sarah.jones@company.com,(942) 796-5659,Active
EMP005326,Emily,Hernandez,Emily Hernandez,23,Operations,Associate,Austin,80883.31,5897.49,2020-10-26,0,76.1,emily.hernandez@company.com,(530) 569-8067,Active
EMP005327,William,Brown,William Brown,30,Marketing,Manager,Miami,56891.61,8854.29,2020-05-08,5,78.7,william.brown@company.com,(259) 826-4125,Active
EMP005328,Sarah,Hernandez,Sarah Hernandez,33,Marketing,Senior Developer,Seattle,48149.62,2788.5,2022-10-13,6,77.4,sarah.hernandez@company.com,(641) 312-2813,Active
EMP005329,Ashley,Taylor,Ashley Taylor,30,HR,Specialist,Chicago,53959.2,5023.52,2024-03-16,4,50.4,ashley.taylor@company.com,(920) 238-7655,Active
EMP005330,David,Wilson,David Wilson,30,Sales,Senior Developer,Chicago,43679.59,5438.67,2022-03-05,7,83.6,david.wilson@company.com,(622) 931-5891,Active
EMP005331,Jane,Smith,Jane Smith,65,Sales,Analyst,San Francisco,113558.12,3705.72,2023-12-24,42,82.8,jane.smith@company.com,(412) 424-1375,Active
EMP005332,Daniel,Jackson,Daniel Jackson,25,IT,Coordinator,Boston,78672.7,7480.13,2023-07-05,0,75.5,daniel.jackson@company.com,(599) 866-8613,Inactive
EMP005333,Emily,Davis,Emily Davis,23,HR,Specialist,Los Angeles,64003.11,7152.1,2020-07-22,1,60.7,emily.davis@company.com,(500) 446-6034,Active
EMP005334,Emily,Garcia,Emily Garcia,36,Engineering,Specialist,Miami,69951.58,9062.4,2023-09-18,10,93.9,emily.garcia@company.com,(817) 858-1913,Active
EMP005335,Robert,Taylor,Robert Taylor,59,Engineering,Coordinator,Boston,108786.8,12437.68,2020-01-16,31,57.0,robert.taylor@company.com,(829) 981-5429,Active
EMP005336,Michael,Wilson,Michael Wilson,64,HR,Analyst,Los Angeles,91530.3,11719.47,2021-11-09,42,70.8,michael.wilson@company.com,(656) 703-3934,Active
EMP005337,Matthew,Thomas,Matthew Thomas,46,Marketing,Specialist,Miami,92304.46,4129.78,2020-09-07,23,58.8,matthew.thomas@company.com,(251) 581-2303,Inactive
EMP005338,Amanda,Anderson,Amanda Anderson,52,Sales,Coordinator,Boston,91025.68,18359.39,2021-11-19,25,68.6,amanda.anderson@company.com,(293) 765-6111,Active
EMP005339,Amanda,Garcia,Amanda Garcia,26,IT,Director,Seattle,93973.71,17564.2,2023-07-07,0,85.8,amanda.garcia@company.com,(525) 343-3256,Active
EMP005340,Robert,Jones,Robert Jones,47,Finance,Specialist,Chicago,91606.82,11351.96,2024-05-10,25,82.6,robert.jones@company.com,(737) 691-3811,Active
EMP005341,Jane,Garcia,Jane Garcia,58,Engineering,Senior Developer,Chicago,115264.29,13161.05,2023-08-10,29,63.7,jane.garcia@company.com,(669) 376-7290,Active
EMP005342,Sarah,Davis,Sarah Davis,34,Finance,Manager,Chicago,56772.63,6599.09,2021-10-01,7,93.1,sarah.davis@company.com,(840) 543-9038,Active
EMP005343,Sarah,Davis,Sarah Davis,48,Sales,Coordinator,Seattle,103997.01,2733.47,2024-04-09,22,92.3,sarah.davis@company.com,(588) 340-7109,Active
EMP005344,Robert,Johnson,Robert Johnson,25,Marketing,Senior Developer,Seattle,52727.18,3954.09,2021-03-25,0,69.6,robert.johnson@company.com,(216) 215-2893,Active
EMP005345,Michael,Martinez,Michael Martinez,25,IT,Specialist,Seattle,50897.05,4724.02,2021-01-13,0,86.2,michael.martinez@company.com,(285) 488-5068,Active
EMP005346,Melissa,Taylor,Melissa Taylor,60,Engineering,Coordinator,Boston,54863.51,5268.08,2023-09-21,33,88.2,melissa.taylor@company.com,(831) 341-3181,Inactive
EMP005347,Melissa,Smith,Melissa Smith,45,Marketing,Manager,Los Angeles,85896.35,3399.98,2024-02-25,17,71.8,melissa.smith@company.com,(513) 776-8641,Active
EMP005348,Melissa,Martin,Melissa Martin,38,Legal,Coordinator,Chicago,75544.73,4987.87,2022-04-05,13,67.2,melissa.martin@company.com,(887) 805-8144,Active
EMP005349,Ashley,Williams,Ashley Williams,55,Sales,Coordinator,Austin,97373.68,14942.61,2020-02-01,32,48.6,ashley.williams@company.com,(658) 907-8118,Active
EMP005350,Lisa,Martin,Lisa Martin,40,IT,Analyst,Miami,73863.69,11341.77,2023-12-05,14,78.1,lisa.martin@company.com,(657) 923-7600,Active
EMP005351,Anthony,Wilson,Anthony Wilson,46,Engineering,Lead,New York,128934.14,13506.62,2020-08-19,24,76.4,anthony.wilson@company.com,(308) 830-5631,Active
EMP005352,Jane,Lopez,Jane Lopez,23,Marketing,Manager,Chicago,53777.15,6691.99,2020-07-13,1,67.9,jane.lopez@company.com,(267) 347-8923,Active
EMP005353,John,Martinez,John Martinez,33,Marketing,Coordinator,Chicago,58072.27,2387.25,2023-03-13,11,81.5,john.martinez@company.com,(942) 428-4857,Active
EMP005354,David,Miller,David Miller,55,Sales,Director,Seattle,77628.83,12689.24,2021-03-10,28,68.6,david.miller@company.com,(314) 616-2218,Active
EMP005355,Christopher,Martin,Christopher Martin,23,Legal,Specialist,Seattle,63544.15,8020.08,2024-12-02,0,76.1,christopher.martin@company.com,(623) 796-8971,Active
EMP005356,Sarah,Brown,Sarah Brown,57,Operations,Senior Developer,San Francisco,91733.65,10112.27,2020-08-29,28,72.2,sarah.brown@company.com,(578) 705-9931,Inactive
EMP005357,David,Davis,David Davis,39,Engineering,Lead,Austin,98547.04,12222.57,2020-08-28,15,69.3,david.davis@company.com,(529) 862-7044,Inactive
EMP005358,Matthew,Gonzalez,Matthew Gonzalez,35,Engineering,Associate,Chicago,105955.72,9356.13,2021-09-09,9,54.5,matthew.gonzalez@company.com,(333) 415-7606,Inactive
EMP005359,Ashley,Hernandez,Ashley Hernandez,38,Finance,Director,Los Angeles,46151.89,4633.8,2022-07-02,10,72.4,ashley.hernandez@company.com,(270) 487-8564,Active
EMP005360,Melissa,Lopez,Melissa Lopez,41,Engineering,Coordinator,New York,121515.58,10442.79,2023-08-16,19,51.6,melissa.lopez@company.com,(910) 670-2072,Active
EMP005361,Melissa,Taylor,Melissa Taylor,24,Finance,Specialist,Seattle,67589.81,3058.5,2020-04-10,0,95.8,melissa.taylor@company.com,(261) 359-8984,Active
EMP005362,Matthew,Martin,Matthew Martin,38,Finance,Specialist,Chicago,66655.61,9700.82,2021-09-20,14,47.8,matthew.martin@company.com,(436) 652-4356,Active
EMP005363,Stephanie,Johnson,Stephanie Johnson,25,Finance,Associate,Seattle,72940.62,4212.63,2024-05-28,0,54.9,stephanie.johnson@company.com,(952) 669-2912,Active
EMP005364,Matthew,Williams,Matthew Williams,62,IT,Analyst,San Francisco,120319.14,21529.44,2024-02-24,33,86.8,matthew.williams@company.com,(701) 934-8217,Active
EMP005365,Ashley,Anderson,Ashley Anderson,36,Legal,Associate,Seattle,86424.58,7695.65,2022-06-16,13,85.7,ashley.anderson@company.com,(730) 958-5778,Active
EMP005366,David,Anderson,David Anderson,27,HR,Senior Developer,Austin,56360.26,6093.59,2023-08-04,1,87.3,david.anderson@company.com,(728) 732-2713,Active
EMP005367,Melissa,Hernandez,Melissa Hernandez,39,Finance,Director,San Francisco,65885.5,10236.34,2024-06-08,12,58.4,melissa.hernandez@company.com,(543) 483-6765,Active
EMP005368,Daniel,Martin,Daniel Martin,56,Legal,Lead,New York,104858.7,12762.25,2023-05-16,27,42.5,daniel.martin@company.com,(936) 262-8801,Inactive
EMP005369,Jane,Martinez,Jane Martinez,26,Operations,Director,Boston,48317.76,7724.21,2020-02-24,1,83.4,jane.martinez@company.com,(220) 272-8945,Active
EMP005370,William,Brown,William Brown,24,Marketing,Analyst,Miami,45519.06,4840.34,2021-12-20,0,78.2,william.brown@company.com,(801) 379-2776,Active
EMP005371,Anthony,Moore,Anthony Moore,58,Operations,Lead,Los Angeles,75856.47,10221.94,2023-11-15,32,70.5,anthony.moore@company.com,(330) 464-1856,Active
EMP005372,James,Garcia,James Garcia,46,Operations,Lead,San Francisco,67508.92,1394.1,2022-08-18,18,86.0,james.garcia@company.com,(495) 849-9712,Active
EMP005373,James,Jones,James Jones,50,IT,Analyst,Seattle,99862.66,15263.16,2024-04-04,22,81.7,james.jones@company.com,(966) 476-4539,Active
EMP005374,David,Taylor,David Taylor,50,Marketing,Manager,Chicago,80471.37,3653.66,2021-01-13,23,66.7,david.taylor@company.com,(330) 252-5508,Active
EMP005375,Stephanie,Martinez,Stephanie Martinez,60,IT,Lead,New York,103609.66,6760.72,2020-11-27,37,77.4,stephanie.martinez@company.com,(585) 548-3562,Active
EMP005376,Sarah,Rodriguez,Sarah Rodriguez,50,Legal,Manager,Los Angeles,81474.21,12448.62,2023-06-29,21,84.3,sarah.rodriguez@company.com,(621) 662-4799,Active
EMP005377,Amanda,Johnson,Amanda Johnson,49,Engineering,Analyst,Austin,100993.21,8431.9,2020-08-28,22,68.4,amanda.johnson@company.com,(952) 786-6611,Active
EMP005378,Lisa,Miller,Lisa Miller,49,Marketing,Coordinator,New York,73767.17,9752.46,2024-02-09,20,68.1,lisa.miller@company.com,(201) 632-6691,Active
EMP005379,Anthony,Gonzalez,Anthony Gonzalez,40,Sales,Specialist,Boston,90764.85,17263.95,2021-07-12,11,59.3,anthony.gonzalez@company.com,(885) 559-3074,Active
EMP005380,William,Jackson,William Jackson,51,Finance,Senior Developer,San Francisco,83770.25,7594.55,2024-03-01,23,58.6,william.jackson@company.com,(227) 234-3795,Active
EMP005381,Anthony,Gonzalez,Anthony Gonzalez,48,Legal,Manager,Los Angeles,114336.74,9979.1,2021-09-01,21,87.1,anthony.gonzalez@company.com,(259) 621-3355,Active
EMP005382,Emily,Brown,Emily Brown,50,Operations,Lead,San Francisco,85402.08,11876.4,2021-10-07,24,67.0,emily.brown@company.com,(327) 816-7165,Active
EMP005383,Emily,Jackson,Emily Jackson,44,IT,Coordinator,New York,84676.92,8950.01,2022-12-07,19,76.2,emily.jackson@company.com,(640) 562-4839,Active
EMP005384,William,Miller,William Miller,26,Finance,Analyst,Chicago,79597.17,9248.15,2020-03-08,3,97.6,william.miller@company.com,(707) 247-5698,Active
EMP005385,Jane,Anderson,Jane Anderson,64,Legal,Analyst,Chicago,122478.18,21254.27,2020-10-20,37,80.2,jane.anderson@company.com,(774) 677-5158,Active
EMP005386,Lisa,Hernandez,Lisa Hernandez,49,HR,Lead,Los Angeles,81169.28,13205.97,2021-08-23,23,73.0,lisa.hernandez@company.com,(368) 753-7512,Active
EMP005387,Melissa,Gonzalez,Melissa Gonzalez,55,Legal,Director,Miami,87936.15,13018.38,2022-10-26,29,63.7,melissa.gonzalez@company.com,(981) 728-1939,Active
EMP005388,Michael,Miller,Michael Miller,61,Engineering,Analyst,Boston,118688.77,12444.76,2023-11-08,37,100.0,michael.miller@company.com,(794) 354-4405,Active
EMP005389,Amanda,Garcia,Amanda Garcia,64,Marketing,Lead,Austin,96603.43,14107.04,2022-10-08,36,76.3,amanda.garcia@company.com,(543) 245-5419,Active
EMP005390,Matthew,Smith,Matthew Smith,51,IT,Analyst,Austin,111425.64,9410.79,2021-06-24,25,58.0,matthew.smith@company.com,(485) 763-7539,Active
EMP005391,Stephanie,Johnson,Stephanie Johnson,46,Finance,Analyst,San Francisco,72135.86,8182.27,2022-05-06,19,86.2,stephanie.johnson@company.com,(307) 605-7003,Active
EMP005392,Ashley,Jones,Ashley Jones,35,Legal,Director,Austin,94475.5,11844.93,2023-09-10,9,77.8,ashley.jones@company.com,(802) 784-8681,Active
EMP005393,Sarah,Martinez,Sarah Martinez,22,IT,Associate,San Francisco,90543.4,7851.91,2023-06-08,0,79.4,sarah.martinez@company.com,(962) 976-1570,Active
EMP005394,Christopher,Williams,Christopher Williams,27,Engineering,Associate,Chicago,71867.35,11553.85,2023-09-17,1,91.2,christopher.williams@company.com,(976) 864-7008,Active
EMP005395,Michael,Jackson,Michael Jackson,35,Engineering,Director,Seattle,101937.19,0.0,2022-09-29,9,50.9,michael.jackson@company.com,(676) 233-3735,Active
EMP005396,Stephanie,Anderson,Stephanie Anderson,38,Engineering,Manager,Boston,51630.35,5481.4,2021-02-25,12,81.3,stephanie.anderson@company.com,(529) 623-3758,Active
EMP005397,Daniel,Garcia,Daniel Garcia,28,Finance,Specialist,Los Angeles,71054.63,7644.95,2024-04-29,1,90.0,daniel.garcia@company.com,(533) 606-1157,Active
EMP005398,Amanda,Williams,Amanda Williams,48,Sales,Associate,New York,75451.37,7978.65,2021-10-17,25,90.3,amanda.williams@company.com,(970) 602-4855,Active
EMP005399,Emily,Gonzalez,Emily Gonzalez,35,Legal,Senior Developer,San Francisco,79054.76,13694.7,2020-06-06,10,59.1,emily.gonzalez@company.com,(703) 720-6517,Active
EMP005400,Amanda,Martin,Amanda Martin,32,Marketing,Analyst,Miami,47259.9,7034.6,2024-06-19,6,84.8,amanda.martin@company.com,(795) 279-7642,Active
EMP005401,David,Jones,David Jones,49,Marketing,Coordinator,Chicago,57193.75,6433.46,2021-05-20,20,76.1,david.jones@company.com,(759) 463-2158,Active
EMP005402,James,Thomas,James Thomas,34,IT,Lead,San Francisco,36000.0,3078.03,2022-04-09,11,69.8,james.thomas@company.com,(583) 895-8939,Active
EMP005403,William,Lopez,William Lopez,44,HR,Associate,Los Angeles,35984.97,3730.99,2020-01-29,15,73.1,william.lopez@company.com,(711) 799-4543,Active
EMP005404,Ashley,Johnson,Ashley Johnson,46,HR,Lead,Austin,58530.03,2652.55,2022-11-13,19,77.3,ashley.johnson@company.com,(423) 601-2841,Active
EMP005405,Anthony,Garcia,Anthony Garcia,47,IT,Associate,Los Angeles,77621.58,2432.61,2022-02-22,18,52.0,anthony.garcia@company.com,(859) 730-1386,Active
EMP005406,John,Thomas,John Thomas,36,Operations,Coordinator,Los Angeles,64167.23,4666.41,2021-05-03,12,95.1,john.thomas@company.com,(252) 225-1810,Active
EMP005407,David,Thomas,David Thomas,59,Operations,Director,New York,66188.59,7075.2,2023-11-18,31,83.9,david.thomas@company.com,(618) 874-1258,Active
EMP005408,John,Martin,John Martin,24,Marketing,Director,New York,52010.82,3194.15,2021-03-30,0,61.2,john.martin@company.com,(663) 289-5339,Active
EMP005409,Sarah,Miller,Sarah Miller,42,Legal,Lead,Seattle,92969.52,7931.23,2024-08-14,16,91.1,sarah.miller@company.com,(380) 710-4730,Active
EMP005410,David,Wilson,David Wilson,45,Finance,Specialist,Boston,86182.59,15304.83,2020-11-19,19,100.0,david.wilson@company.com,(710) 626-3063,Active
EMP005411,Jessica,Gonzalez,Jessica Gonzalez,65,HR,Specialist,Chicago,65380.03,2856.69,2020-03-01,43,93.1,jessica.gonzalez@company.com,(895) 682-3848,Active
EMP005412,Matthew,Williams,Matthew Williams,30,Operations,Associate,San Francisco,52540.38,5101.25,2020-06-03,7,68.8,matthew.williams@company.com,(880) 713-1417,Active
EMP005413,Matthew,Smith,Matthew Smith,56,Engineering,Manager,Seattle,91365.59,11162.03,2023-07-03,33,50.8,matthew.smith@company.com,(412) 436-7455,Active
EMP005414,Daniel,Jones,Daniel Jones,61,Finance,Coordinator,Seattle,109285.81,10896.75,2024-08-24,34,67.1,daniel.jones@company.com,(330) 390-8928,Active
EMP005415,William,Jones,William Jones,28,IT,Director,Miami,51219.65,4541.93,2024-06-20,4,49.6,william.jones@company.com,(337) 906-8935,Active
EMP005416,David,Brown,David Brown,60,Operations,Director,Boston,61073.24,8345.47,2020-10-26,31,88.4,david.brown@company.com,(527) 251-2578,Active
EMP005417,Anthony,Miller,Anthony Miller,25,Marketing,Specialist,Miami,53074.33,5563.72,2022-01-10,0,78.3,anthony.miller@company.com,(298) 287-7465,Active
EMP005418,Michael,Wilson,Michael Wilson,59,Engineering,Analyst,Los Angeles,103482.99,9124.51,2024-05-06,30,60.7,michael.wilson@company.com,(503) 807-6324,Inactive
EMP005419,Jessica,Miller,Jessica Miller,37,IT,Manager,Los Angeles,53540.62,6278.75,2024-02-15,14,93.7,jessica.miller@company.com,(549) 675-6303,Active
EMP005420,Anthony,Gonzalez,Anthony Gonzalez,35,IT,Lead,Seattle,95264.26,11519.14,2020-05-14,12,90.0,anthony.gonzalez@company.com,(896) 295-9389,Active
EMP005421,David,Smith,David Smith,48,Legal,Director,Chicago,132952.75,7592.3,2024-02-18,21,38.3,david.smith@company.com,(787) 321-2429,Active
EMP005422,Christopher,Hernandez,Christopher Hernandez,61,Operations,Associate,New York,54129.24,9436.25,2021-03-21,37,72.0,christopher.hernandez@company.com,(643) 794-9332,Active
EMP005423,Michael,Gonzalez,Michael Gonzalez,63,Legal,Coordinator,Los Angeles,112908.49,12301.5,2021-12-28,38,80.2,michael.gonzalez@company.com,(834) 833-2232,Inactive
EMP005424,Lisa,Gonzalez,Lisa Gonzalez,54,IT,Associate,Miami,86075.26,5089.72,2020-05-05,28,68.3,lisa.gonzalez@company.com,(958) 388-3259,Active
EMP005425,William,Martinez,William Martinez,32,Operations,Specialist,San Francisco,55737.64,8468.66,2021-04-25,7,63.8,william.martinez@company.com,(661) 882-1074,Active
EMP005426,Robert,Rodriguez,Robert Rodriguez,22,Marketing,Senior Developer,Seattle,69951.67,8070.34,2024-10-10,0,74.7,robert.rodriguez@company.com,(628) 359-8042,Active
EMP005427,Melissa,Anderson,Melissa Anderson,49,Legal,Specialist,Seattle,99014.97,11062.79,2020-10-29,23,86.5,melissa.anderson@company.com,(385) 348-2618,Inactive
EMP005428,Ashley,Jones,Ashley Jones,55,Sales,Director,Miami,93016.24,16083.44,2022-11-17,27,74.1,ashley.jones@company.com,(294) 884-1462,Inactive
EMP005429,William,Anderson,William Anderson,59,HR,Lead,San Francisco,95631.29,2515.88,2021-10-31,35,59.5,william.anderson@company.com,(303) 232-3894,Active
EMP005430,Amanda,Moore,Amanda Moore,42,HR,Manager,Boston,59795.93,3684.79,2022-11-02,17,75.9,amanda.moore@company.com,(953) 410-4852,Active
EMP005431,Sarah,Smith,Sarah Smith,51,Finance,Director,Boston,115004.48,19797.68,2024-02-16,25,93.3,sarah.smith@company.com,(530) 289-4564,Active
EMP005432,Stephanie,Miller,Stephanie Miller,27,Finance,Senior Developer,Austin,66574.13,2453.12,2023-11-27,1,65.7,stephanie.miller@company.com,(650) 279-2056,Inactive
EMP005433,Christopher,Davis,Christopher Davis,65,HR,Specialist,Boston,99662.8,6994.64,2022-07-02,43,81.5,christopher.davis@company.com,(843) 287-6873,Inactive
EMP005434,Robert,Davis,Robert Davis,56,Marketing,Specialist,Boston,69726.65,831.2,2020-08-08,34,80.0,robert.davis@company.com,(696) 620-9921,Active
EMP005435,David,Jones,David Jones,23,Engineering,Analyst,Los Angeles,61603.43,11125.37,2023-03-12,0,82.7,david.jones@company.com,(860) 806-5173,Active
EMP005436,Nicole,Johnson,Nicole Johnson,27,Marketing,Coordinator,Seattle,63286.39,4704.15,2022-08-01,5,77.6,nicole.johnson@company.com,(321) 890-7842,Active
EMP005437,Sarah,Jackson,Sarah Jackson,38,Sales,Analyst,Los Angeles,64706.12,8729.71,2022-01-26,9,85.8,sarah.jackson@company.com,(500) 811-4202,Active
EMP005438,Ashley,Hernandez,Ashley Hernandez,30,HR,Coordinator,Los Angeles,58191.49,0.0,2020-07-23,3,75.9,ashley.hernandez@company.com,(405) 422-9475,On Leave
EMP005439,Sarah,Davis,Sarah Davis,33,IT,Specialist,Miami,85794.49,7794.42,2024-10-04,8,82.8,sarah.davis@company.com,(595) 283-8062,Active
EMP005440,John,Hernandez,John Hernandez,31,Finance,Director,Austin,59840.94,5519.3,2022-07-16,5,62.7,john.hernandez@company.com,(898) 220-8931,Active
EMP005441,Jessica,Gonzalez,Jessica Gonzalez,61,Legal,Analyst,San Francisco,80987.19,3869.71,2022-10-17,38,75.9,jessica.gonzalez@company.com,(917) 465-8927,Active
EMP005442,Lisa,Lopez,Lisa Lopez,50,HR,Analyst,San Francisco,96732.7,19632.62,2020-08-09,21,60.0,lisa.lopez@company.com,(664) 741-5957,Inactive
EMP005443,Christopher,Martin,Christopher Martin,41,Legal,Associate,Chicago,110391.75,12287.49,2022-07-03,19,72.1,christopher.martin@company.com,(344) 253-5470,Active
EMP005444,Stephanie,Garcia,Stephanie Garcia,43,HR,Senior Developer,San Francisco,49102.4,7799.22,2023-08-13,19,96.4,stephanie.garcia@company.com,(586) 654-8409,Active
EMP005445,Nicole,Gonzalez,Nicole Gonzalez,61,Finance,Specialist,Miami,111193.13,13138.16,2020-01-30,39,72.1,nicole.gonzalez@company.com,(997) 319-3356,Active
EMP005446,Amanda,Davis,Amanda Davis,27,Sales,Coordinator,Miami,75243.41,7514.15,2021-10-30,1,87.7,amanda.davis@company.com,(201) 466-7407,Active
EMP005447,Stephanie,Brown,Stephanie Brown,38,Finance,Specialist,Austin,90995.58,5223.15,2020-04-10,15,47.2,stephanie.brown@company.com,(432) 817-8635,Active
EMP005448,Christopher,Thomas,Christopher Thomas,22,Operations,Coordinator,Seattle,60936.05,10697.75,2022-06-20,0,76.7,christopher.thomas@company.com,(628) 803-1940,Active
EMP005449,Michael,Rodriguez,Michael Rodriguez,58,Marketing,Manager,Boston,86602.56,19863.16,2023-06-16,36,92.2,michael.rodriguez@company.com,(561) 601-4221,Active
EMP005450,Jane,Miller,Jane Miller,52,Operations,Analyst,Boston,86704.41,13704.75,2022-11-04,26,57.3,jane.miller@company.com,(973) 735-4048,Active
EMP005451,Robert,Jones,Robert Jones,57,IT,Director,Miami,97916.87,15390.82,2024-08-12,34,66.9,robert.jones@company.com,(516) 407-6880,Active
EMP005452,Amanda,Martin,Amanda Martin,27,Sales,Lead,Miami,69793.61,5377.52,2022-04-18,5,72.4,amanda.martin@company.com,(453) 724-6930,Active
EMP005453,Christopher,Jackson,Christopher Jackson,39,Marketing,Coordinator,Chicago,76832.67,8503.67,2023-12-30,10,93.3,christopher.jackson@company.com,(862) 914-5419,Active
EMP005454,Stephanie,Miller,Stephanie Miller,37,IT,Analyst,Los Angeles,84324.02,15581.43,2022-10-26,9,52.1,stephanie.miller@company.com,(709) 299-2258,Active
EMP005455,Sarah,Wilson,Sarah Wilson,23,Operations,Coordinator,Austin,69203.21,8557.0,2023-05-07,0,88.9,sarah.wilson@company.com,(975) 540-6686,On Leave
EMP005456,Lisa,Rodriguez,Lisa Rodriguez,43,Operations,Associate,New York,56328.02,5404.88,2023-09-24,20,97.0,lisa.rodriguez@company.com,(781) 733-6519,Active
EMP005457,David,Martin,David Martin,63,Finance,Director,Los Angeles,114436.12,13269.99,2024-05-20,41,83.4,david.martin@company.com,(262) 821-8564,Active
EMP005458,Matthew,Hernandez,Matthew Hernandez,52,Operations,Senior Developer,Seattle,59538.5,2598.62,2022-07-03,29,70.8,matthew.hernandez@company.com,(794) 409-5902,Inactive
EMP005459,Michael,Martinez,Michael Martinez,37,Sales,Analyst,Seattle,74955.07,7609.24,2020-05-25,8,54.5,michael.martinez@company.com,(564) 458-6079,Active
EMP005460,Jane,Jackson,Jane Jackson,50,IT,Associate,Miami,86651.82,9033.33,2020-10-28,24,73.4,jane.jackson@company.com,(518) 346-6910,Active
EMP005461,Jane,Martinez,Jane Martinez,61,Engineering,Analyst,Boston,139436.73,4451.18,2024-03-04,34,82.9,jane.martinez@company.com,(885) 908-8944,Active
EMP005462,Daniel,Smith,Daniel Smith,40,HR,Specialist,Boston,77670.21,10133.19,2022-08-03,15,100.0,daniel.smith@company.com,(641) 589-4792,Active
EMP005463,Daniel,Anderson,Daniel Anderson,63,Legal,Senior Developer,Boston,107094.81,12512.61,2023-09-28,37,81.8,daniel.anderson@company.com,(860) 200-1461,Active
EMP005464,Amanda,Brown,Amanda Brown,49,Finance,Lead,New York,72966.25,3375.93,2020-12-13,26,51.9,amanda.brown@company.com,(433) 487-7686,Active
EMP005465,Jane,Rodriguez,Jane Rodriguez,44,Sales,Lead,San Francisco,68956.49,5797.85,2020-04-12,21,61.3,jane.rodriguez@company.com,(725) 356-3482,Active
EMP005466,Anthony,Jones,Anthony Jones,42,Operations,Director,San Francisco,71832.81,9198.1,2023-06-20,19,77.4,anthony.jones@company.com,(229) 204-3938,Active
EMP005467,Amanda,Johnson,Amanda Johnson,51,Sales,Specialist,San Francisco,100586.52,17837.85,2022-06-22,25,77.3,amanda.johnson@company.com,(462) 890-8303,Active
EMP005468,Anthony,Johnson,Anthony Johnson,22,Operations,Coordinator,Boston,57646.31,4647.96,2020-09-16,0,50.1,anthony.johnson@company.com,(446) 693-9257,Active
EMP005469,Lisa,Smith,Lisa Smith,23,Finance,Coordinator,Miami,61160.88,1893.33,2022-09-10,1,62.2,lisa.smith@company.com,(919) 988-5799,Active
EMP005470,Nicole,Martinez,Nicole Martinez,26,Finance,Associate,Chicago,82070.79,9688.89,2021-04-19,0,61.3,nicole.martinez@company.com,(400) 415-5024,Active
EMP005471,Nicole,Moore,Nicole Moore,34,Finance,Coordinator,Los Angeles,102529.07,8014.93,2020-05-15,9,94.2,nicole.moore@company.com,(784) 243-4394,Active
EMP005472,Nicole,Miller,Nicole Miller,62,Engineering,Specialist,Chicago,115356.98,12215.2,2020-07-01,34,82.7,nicole.miller@company.com,(413) 242-2925,Active
EMP005473,Jane,Gonzalez,Jane Gonzalez,41,Finance,Manager,Seattle,59837.82,4383.78,2021-02-16,15,52.1,jane.gonzalez@company.com,(574) 854-4982,Inactive
EMP005474,Ashley,Brown,Ashley Brown,44,Legal,Director,Miami,105189.71,164.72,2021-02-21,17,86.3,ashley.brown@company.com,(491) 935-4829,Inactive
EMP005475,Jane,Anderson,Jane Anderson,59,Sales,Senior Developer,Chicago,102515.69,10321.14,2023-07-05,32,89.8,jane.anderson@company.com,(744) 363-2507,Active
EMP005476,John,Wilson,John Wilson,61,HR,Director,Chicago,78302.74,9006.44,2020-05-17,39,66.7,john.wilson@company.com,(740) 585-8558,On Leave
EMP005477,Matthew,Brown,Matthew Brown,39,Sales,Manager,New York,32353.72,5500.08,2020-11-11,12,91.8,matthew.brown@company.com,(441) 754-4948,Inactive
EMP005478,Anthony,Thomas,Anthony Thomas,44,Engineering,Coordinator,Chicago,120066.56,14136.88,2022-07-10,18,90.9,anthony.thomas@company.com,(822) 524-4928,Active
EMP005479,Stephanie,Martinez,Stephanie Martinez,23,Finance,Senior Developer,San Francisco,66417.01,4389.4,2023-05-25,0,49.5,stephanie.martinez@company.com,(871) 897-4100,Active
EMP005480,Daniel,Garcia,Daniel Garcia,31,IT,Associate,Austin,49973.69,5065.49,2020-11-28,9,66.9,daniel.garcia@company.com,(513) 217-3569,Active
EMP005481,William,Martin,William Martin,43,Marketing,Director,New York,96876.32,9713.01,2020-05-24,18,68.1,william.martin@company.com,(686) 848-6652,Active
EMP005482,William,Hernandez,William Hernandez,61,Engineering,Manager,New York,135402.96,0.0,2023-09-03,36,77.8,william.hernandez@company.com,(395) 837-6983,Active
EMP005483,David,Taylor,David Taylor,32,IT,Coordinator,Austin,96597.16,6915.36,2021-04-27,9,96.8,david.taylor@company.com,(790) 854-2468,Active
EMP005484,Melissa,Davis,Melissa Davis,28,HR,Analyst,Austin,43690.02,3638.83,2022-06-29,0,94.6,melissa.davis@company.com,(593) 527-4545,Inactive
EMP005485,Ashley,Moore,Ashley Moore,30,Engineering,Specialist,Chicago,56058.09,5059.86,2023-03-26,1,67.8,ashley.moore@company.com,(598) 600-9538,Active
EMP005486,Emily,Davis,Emily Davis,47,Operations,Coordinator,Boston,41053.46,5130.66,2024-02-22,24,100.0,emily.davis@company.com,(386) 227-2203,Active
EMP005487,Sarah,Lopez,Sarah Lopez,33,Finance,Specialist,Seattle,100984.51,14926.35,2023-02-01,5,83.2,sarah.lopez@company.com,(517) 703-3313,Active
EMP005488,William,Johnson,William Johnson,34,Operations,Lead,San Francisco,57595.8,3794.87,2020-01-29,10,60.2,william.johnson@company.com,(393) 894-3206,Active
EMP005489,Daniel,Anderson,Daniel Anderson,40,Operations,Analyst,New York,49762.94,8186.4,2021-12-06,11,96.6,daniel.anderson@company.com,(996) 457-9677,Active
EMP005490,Michael,Smith,Michael Smith,38,HR,Manager,Chicago,81283.92,9050.9,2023-11-16,16,70.5,michael.smith@company.com,(480) 308-1855,Active
EMP005491,Melissa,Jones,Melissa Jones,26,Sales,Analyst,New York,76018.23,7157.94,2024-03-20,4,65.4,melissa.jones@company.com,(811) 664-3823,Active
EMP005492,Daniel,Hernandez,Daniel Hernandez,31,Operations,Analyst,San Francisco,60617.22,398.3,2022-06-02,4,65.5,daniel.hernandez@company.com,(419) 674-1914,Active
EMP005493,Melissa,Martin,Melissa Martin,37,IT,Director,Austin,80767.55,2321.94,2023-12-08,12,83.3,melissa.martin@company.com,(223) 385-3594,Active
EMP005494,Daniel,Gonzalez,Daniel Gonzalez,57,IT,Analyst,Los Angeles,76677.77,2833.42,2020-08-29,31,71.2,daniel.gonzalez@company.com,(368) 700-5680,Active
EMP005495,Sarah,Miller,Sarah Miller,54,HR,Coordinator,Seattle,58317.81,3539.02,2023-03-27,29,75.7,sarah.miller@company.com,(934) 555-3901,Active
EMP005496,Amanda,Gonzalez,Amanda Gonzalez,39,Operations,Analyst,Los Angeles,60841.88,4560.13,2020-05-10,14,57.3,amanda.gonzalez@company.com,(793) 375-6343,Active
EMP005497,Jane,Jackson,Jane Jackson,61,Finance,Senior Developer,Seattle,70343.82,4515.51,2024-03-17,33,84.5,jane.jackson@company.com,(505) 710-6971,Inactive
EMP005498,Daniel,Wilson,Daniel Wilson,40,HR,Analyst,Miami,39515.53,1462.06,2021-12-15,14,85.3,daniel.wilson@company.com,(627) 499-9323,Active
EMP005499,Stephanie,Martinez,Stephanie Martinez,49,Legal,Associate,Los Angeles,82754.6,15412.89,2023-04-10,22,64.9,stephanie.martinez@company.com,(566) 879-6296,Active
EMP005500,Melissa,Smith,Melissa Smith,61,Operations,Associate,San Francisco,83873.99,14001.41,2024-10-30,38,88.6,melissa.smith@company.com,(574) 253-7493,Active
EMP005501,Anthony,Wilson,Anthony Wilson,36,Finance,Senior Developer,Boston,52706.73,2158.44,2020-07-22,13,87.5,anthony.wilson@company.com,(583) 799-1085,Active
EMP005502,David,Hernandez,David Hernandez,24,IT,Manager,Miami,37954.06,1328.19,2021-09-27,0,60.7,david.hernandez@company.com,(369) 634-5298,Active
EMP005503,Lisa,Thomas,Lisa Thomas,42,Operations,Manager,New York,70859.53,3547.49,2024-05-27,17,79.4,lisa.thomas@company.com,(995) 506-7511,Active
EMP005504,John,Gonzalez,John Gonzalez,48,HR,Coordinator,Chicago,59510.82,8994.25,2020-03-05,23,62.3,john.gonzalez@company.com,(933) 502-2674,Active
EMP005505,Daniel,Hernandez,Daniel Hernandez,65,Engineering,Manager,Chicago,104451.58,7094.33,2023-08-02,36,61.1,daniel.hernandez@company.com,(829) 361-3957,Active
EMP005506,Sarah,Garcia,Sarah Garcia,53,HR,Analyst,New York,100772.31,6758.71,2023-04-04,30,81.8,sarah.garcia@company.com,(888) 938-5615,Active
EMP005507,Christopher,Jones,Christopher Jones,50,Legal,Director,Los Angeles,115275.45,14056.91,2021-10-25,23,66.9,christopher.jones@company.com,(936) 298-5811,Active
EMP005508,William,Jackson,William Jackson,31,Legal,Coordinator,San Francisco,115508.52,11634.07,2023-10-04,4,84.2,william.jackson@company.com,(299) 334-6387,Active
EMP005509,Nicole,Martin,Nicole Martin,36,HR,Director,Boston,73692.99,7644.51,2023-07-18,9,82.4,nicole.martin@company.com,(432) 539-9195,Inactive
EMP005510,Ashley,Jackson,Ashley Jackson,35,Sales,Coordinator,Los Angeles,52697.76,3894.01,2021-04-01,12,96.9,ashley.jackson@company.com,(556) 980-6566,Active
EMP005511,Nicole,Thomas,Nicole Thomas,36,Operations,Analyst,San Francisco,50525.09,2688.79,2020-01-15,9,62.7,nicole.thomas@company.com,(785) 909-1723,Active
EMP005512,Michael,Thomas,Michael Thomas,63,Finance,Director,Miami,87056.99,13904.77,2024-04-18,36,57.2,michael.thomas@company.com,(264) 325-2303,Active
EMP005513,Lisa,Wilson,Lisa Wilson,43,HR,Associate,Austin,52686.39,4280.04,2024-10-08,21,72.6,lisa.wilson@company.com,(226) 778-9892,Active
EMP005514,Sarah,Johnson,Sarah Johnson,24,Operations,Specialist,New York,70029.05,5714.59,2023-10-09,1,68.3,sarah.johnson@company.com,(969) 529-7381,Active
EMP005515,Sarah,Martin,Sarah Martin,43,Legal,Manager,Seattle,94629.1,7783.76,2020-02-27,16,91.9,sarah.martin@company.com,(921) 570-9040,Active
EMP005516,Matthew,Miller,Matthew Miller,40,Finance,Coordinator,Seattle,57231.63,5339.79,2023-05-14,18,100.0,matthew.miller@company.com,(953) 479-3753,Active
EMP005517,Ashley,Garcia,Ashley Garcia,64,Engineering,Senior Developer,Seattle,95620.55,9481.65,2024-11-29,38,65.2,ashley.garcia@company.com,(726) 391-9934,Active
EMP005518,Stephanie,Hernandez,Stephanie Hernandez,65,Finance,Lead,New York,123742.18,8654.41,2023-01-25,37,77.5,stephanie.hernandez@company.com,(653) 378-6315,Active
EMP005519,Amanda,Martinez,Amanda Martinez,30,Sales,Senior Developer,Boston,82693.94,12658.16,2023-05-26,8,71.3,amanda.martinez@company.com,(249) 787-4359,Active
EMP005520,Daniel,Anderson,Daniel Anderson,52,Engineering,Associate,Miami,111285.03,7192.13,2023-09-08,25,78.9,daniel.anderson@company.com,(230) 898-7585,Active
EMP005521,Stephanie,Jackson,Stephanie Jackson,24,Finance,Director,San Francisco,90146.29,5880.64,2024-04-06,0,84.9,stephanie.jackson@company.com,(573) 302-3815,Active
EMP005522,William,Moore,William Moore,23,HR,Coordinator,Los Angeles,51868.5,3582.43,2024-05-09,0,79.4,william.moore@company.com,(568) 802-6971,Active
EMP005523,Emily,Thomas,Emily Thomas,26,Legal,Associate,New York,83430.2,6679.06,2023-04-09,3,89.7,emily.thomas@company.com,(834) 334-3235,Active
EMP005524,Sarah,Lopez,Sarah Lopez,63,IT,Manager,Seattle,97233.92,2926.73,2022-06-09,38,66.6,sarah.lopez@company.com,(221) 736-3917,Active
EMP005525,Sarah,Smith,Sarah Smith,23,Engineering,Director,Chicago,57573.36,3722.0,2021-12-26,0,67.4,sarah.smith@company.com,(278) 873-3252,Active
EMP005526,Lisa,Rodriguez,Lisa Rodriguez,60,Operations,Senior Developer,Los Angeles,68770.72,8193.09,2021-11-15,38,82.7,lisa.rodriguez@company.com,(999) 680-4366,Active
EMP005527,Lisa,Rodriguez,Lisa Rodriguez,26,HR,Associate,Boston,76152.34,11643.29,2021-02-14,0,66.4,lisa.rodriguez@company.com,(409) 688-6874,Active
EMP005528,Matthew,Rodriguez,Matthew Rodriguez,53,Sales,Lead,Austin,87439.38,11179.79,2024-12-28,25,91.9,matthew.rodriguez@company.com,(923) 741-9159,Inactive
EMP005529,Sarah,Moore,Sarah Moore,54,Sales,Senior Developer,San Francisco,85864.91,9352.83,2024-01-16,26,72.4,sarah.moore@company.com,(436) 439-8753,Active
EMP005530,Emily,Miller,Emily Miller,22,HR,Specialist,San Francisco,56352.18,10015.25,2021-04-26,0,77.4,emily.miller@company.com,(370) 482-2335,Active
EMP005531,Daniel,Smith,Daniel Smith,24,Legal,Analyst,San Francisco,75982.63,12486.44,2022-09-29,0,54.2,daniel.smith@company.com,(715) 696-7819,Active
EMP005532,Matthew,Thomas,Matthew Thomas,52,Engineering,Director,San Francisco,84256.34,4396.21,2023-10-14,25,95.2,matthew.thomas@company.com,(376) 376-1827,Active
EMP005533,David,Garcia,David Garcia,62,Engineering,Specialist,Seattle,125569.37,23506.45,2022-11-29,39,63.4,david.garcia@company.com,(500) 874-4919,Inactive
EMP005534,Sarah,Martin,Sarah Martin,45,Legal,Associate,San Francisco,113916.92,15418.25,2024-12-08,23,91.6,sarah.martin@company.com,(461) 800-6787,Active
EMP005535,Jane,Martinez,Jane Martinez,50,Marketing,Manager,Boston,78723.5,12559.3,2020-01-31,21,78.8,jane.martinez@company.com,(920) 847-4053,Active
EMP005536,Emily,Jones,Emily Jones,55,Finance,Lead,San Francisco,86643.34,9404.96,2020-03-30,29,60.5,emily.jones@company.com,(923) 327-9833,Active
EMP005537,Jessica,Brown,Jessica Brown,38,HR,Lead,Miami,58251.23,0.0,2023-10-16,10,68.6,jessica.brown@company.com,(482) 414-5217,Active
EMP005538,Jane,Hernandez,Jane Hernandez,30,Legal,Coordinator,Chicago,86095.19,3946.16,2023-12-19,1,45.0,jane.hernandez@company.com,(854) 293-9159,Active
EMP005539,Jessica,Lopez,Jessica Lopez,32,Sales,Associate,Austin,67577.97,4404.96,2022-10-22,6,79.6,jessica.lopez@company.com,(367) 978-3658,Active
EMP005540,James,Jones,James Jones,23,Legal,Coordinator,Los Angeles,89473.04,6655.23,2021-08-12,0,67.7,james.jones@company.com,(613) 379-2332,Active
EMP005541,Daniel,Smith,Daniel Smith,50,Engineering,Analyst,Los Angeles,95273.43,3479.26,2020-03-30,26,59.1,daniel.smith@company.com,(726) 340-2732,Active
EMP005542,William,Smith,William Smith,47,Legal,Associate,Los Angeles,79014.06,6184.05,2021-08-05,20,92.5,william.smith@company.com,(936) 851-6535,Active
EMP005543,Robert,Gonzalez,Robert Gonzalez,49,Marketing,Senior Developer,Chicago,66544.7,6520.28,2024-03-29,25,72.4,robert.gonzalez@company.com,(912) 451-6450,Active
EMP005544,Sarah,Brown,Sarah Brown,60,HR,Specialist,Seattle,78774.01,7992.03,2023-05-25,37,79.1,sarah.brown@company.com,(586) 754-6344,Active
EMP005545,David,Jackson,David Jackson,61,Sales,Specialist,Seattle,106850.43,7683.06,2021-12-30,32,46.5,david.jackson@company.com,(478) 884-5554,Active
EMP005546,Daniel,Jones,Daniel Jones,45,Operations,Lead,Seattle,82920.5,11667.64,2024-09-21,18,92.8,daniel.jones@company.com,(350) 874-1902,Active
EMP005547,William,Martinez,William Martinez,34,Marketing,Lead,San Francisco,83159.33,9568.2,2024-09-09,11,80.7,william.martinez@company.com,(569) 621-4783,Active
EMP005548,Anthony,Smith,Anthony Smith,36,Finance,Coordinator,Los Angeles,74740.39,2801.16,2020-07-25,12,47.6,anthony.smith@company.com,(490) 508-5236,Active
EMP005549,Amanda,Thomas,Amanda Thomas,35,Finance,Specialist,San Francisco,83777.09,13210.68,2024-02-22,7,52.7,amanda.thomas@company.com,(525) 363-6194,Active
EMP005550,Matthew,Taylor,Matthew Taylor,29,IT,Associate,Seattle,77075.73,7301.46,2021-10-13,7,75.9,matthew.taylor@company.com,(217) 773-4757,Inactive
EMP005551,William,Davis,William Davis,30,Sales,Specialist,Miami,69538.98,7160.28,2020-11-13,5,57.2,william.davis@company.com,(278) 443-2604,Active
EMP005552,Stephanie,Martin,Stephanie Martin,60,Legal,Specialist,Boston,105083.7,12810.14,2022-12-15,34,78.7,stephanie.martin@company.com,(424) 830-4516,Active
EMP005553,Melissa,Jones,Melissa Jones,61,Legal,Coordinator,San Francisco,72144.95,9663.87,2021-05-29,34,73.0,melissa.jones@company.com,(355) 367-5217,Active
EMP005554,James,Smith,James Smith,53,HR,Specialist,Austin,51230.35,5703.55,2024-03-30,26,100.0,james.smith@company.com,(300) 390-5718,Active
EMP005555,Emily,Davis,Emily Davis,54,Legal,Manager,Chicago,104066.41,12158.68,2022-06-29,30,79.3,emily.davis@company.com,(504) 270-8913,Active
EMP005556,Melissa,Johnson,Melissa Johnson,51,Engineering,Director,Los Angeles,80582.37,8610.12,2020-11-26,26,81.0,melissa.johnson@company.com,(440) 810-9020,Inactive
EMP005557,Robert,Davis,Robert Davis,53,Operations,Senior Developer,Chicago,78744.63,10209.37,2020-01-02,26,86.6,robert.davis@company.com,(743) 549-9674,Active
EMP005558,Daniel,Lopez,Daniel Lopez,36,Operations,Associate,Chicago,62586.77,8794.49,2021-04-08,8,71.8,daniel.lopez@company.com,(362) 289-9641,Active
EMP005559,Amanda,Brown,Amanda Brown,32,Engineering,Senior Developer,Boston,87929.23,9365.07,2022-12-16,5,82.2,amanda.brown@company.com,(325) 302-5428,Active
EMP005560,Sarah,Thomas,Sarah Thomas,52,HR,Analyst,Seattle,78089.05,2758.69,2024-05-16,27,77.6,sarah.thomas@company.com,(857) 202-7745,Active
EMP005561,Robert,Jackson,Robert Jackson,30,Operations,Director,Boston,44323.79,5992.69,2024-07-18,5,85.9,robert.jackson@company.com,(516) 400-4073,Active
EMP005562,Daniel,Brown,Daniel Brown,47,Legal,Manager,Chicago,63952.62,8465.4,2021-07-07,21,87.4,daniel.brown@company.com,(251) 778-4534,Active
EMP005563,David,Rodriguez,David Rodriguez,23,HR,Manager,New York,67464.32,3856.89,2023-06-09,0,79.7,david.rodriguez@company.com,(860) 282-8529,Active
EMP005564,Christopher,Miller,Christopher Miller,47,HR,Specialist,Chicago,81790.69,6677.53,2023-08-19,25,70.1,christopher.miller@company.com,(432) 203-9450,Active
EMP005565,Melissa,Garcia,Melissa Garcia,65,Finance,Lead,Seattle,115481.5,8789.26,2022-10-26,41,75.7,melissa.garcia@company.com,(444) 786-1465,Inactive
EMP005566,Sarah,Jones,Sarah Jones,52,Sales,Coordinator,Chicago,64713.59,7176.6,2022-10-12,24,82.0,sarah.jones@company.com,(834) 752-8072,Inactive
EMP005567,Michael,Johnson,Michael Johnson,61,Marketing,Senior Developer,Seattle,107619.49,12132.23,2023-03-11,33,70.6,michael.johnson@company.com,(715) 874-3935,Active
EMP005568,Emily,Rodriguez,Emily Rodriguez,38,Finance,Analyst,Boston,76833.16,10628.16,2020-03-17,16,70.9,emily.rodriguez@company.com,(651) 593-2263,Active
EMP005569,Nicole,Miller,Nicole Miller,59,Sales,Lead,San Francisco,75529.87,2848.9,2022-10-06,35,57.9,nicole.miller@company.com,(718) 790-6846,Active
EMP005570,Christopher,Lopez,Christopher Lopez,45,Engineering,Manager,San Francisco,97172.79,17230.91,2020-04-17,23,73.7,christopher.lopez@company.com,(581) 482-5862,On Leave
EMP005571,David,Anderson,David Anderson,48,Legal,Manager,Los Angeles,109374.33,8546.19,2020-08-27,21,69.2,david.anderson@company.com,(881) 329-4641,Active
EMP005572,David,Hernandez,David Hernandez,39,Legal,Senior Developer,Boston,134635.55,13555.25,2020-02-20,12,78.0,david.hernandez@company.com,(234) 219-4532,Active
EMP005573,Stephanie,Moore,Stephanie Moore,24,Operations,Specialist,Miami,28462.11,1550.31,2021-05-04,0,78.7,stephanie.moore@company.com,(799) 997-8778,On Leave
EMP005574,Jessica,Moore,Jessica Moore,23,Finance,Senior Developer,Miami,77420.72,7726.29,2024-03-05,0,71.9,jessica.moore@company.com,(909) 759-5415,Active
EMP005575,Amanda,Taylor,Amanda Taylor,28,Sales,Director,Los Angeles,71576.24,3599.99,2024-10-29,6,63.8,amanda.taylor@company.com,(248) 380-2755,Active
EMP005576,Michael,Moore,Michael Moore,40,Marketing,Associate,Austin,85274.23,8541.9,2021-01-31,11,69.0,michael.moore@company.com,(685) 337-6410,Active
EMP005577,Michael,Jones,Michael Jones,55,Engineering,Senior Developer,Austin,158682.4,504.22,2020-04-17,26,84.0,michael.jones@company.com,(357) 589-3504,Active
EMP005578,John,Lopez,John Lopez,40,Engineering,Lead,Los Angeles,95680.3,17231.55,2023-10-11,13,77.3,john.lopez@company.com,(501) 770-3857,Active
EMP005579,Emily,Jones,Emily Jones,30,Marketing,Specialist,Boston,52067.64,7505.24,2024-10-04,7,71.1,emily.jones@company.com,(602) 544-5564,Active
EMP005580,Jessica,Williams,Jessica Williams,64,IT,Specialist,San Francisco,143401.97,15559.01,2022-01-28,39,92.5,jessica.williams@company.com,(562) 809-1877,Active
EMP005581,James,Davis,James Davis,33,Operations,Analyst,Seattle,58626.26,7259.64,2024-09-02,8,60.5,james.davis@company.com,(408) 651-3608,On Leave
EMP005582,William,Wilson,William Wilson,29,IT,Associate,Miami,92172.17,13345.15,2024-03-06,6,73.2,william.wilson@company.com,(328) 371-7706,Inactive
EMP005583,Melissa,Gonzalez,Melissa Gonzalez,29,Sales,Specialist,Miami,65893.96,6952.17,2023-08-11,6,89.1,melissa.gonzalez@company.com,(650) 802-1194,Active
EMP005584,Amanda,Hernandez,Amanda Hernandez,59,Marketing,Specialist,Chicago,66658.87,5122.73,2024-01-22,33,100.0,amanda.hernandez@company.com,(974) 374-1708,Active
EMP005585,Stephanie,Rodriguez,Stephanie Rodriguez,48,Marketing,Specialist,Boston,53941.1,8628.1,2023-05-22,21,88.8,stephanie.rodriguez@company.com,(660) 745-1861,Active
EMP005586,Jessica,Thomas,Jessica Thomas,33,Sales,Manager,Los Angeles,49158.77,8037.67,2023-11-23,7,44.8,jessica.thomas@company.com,(862) 393-5752,Inactive
EMP005587,Matthew,Martin,Matthew Martin,30,Legal,Senior Developer,Austin,83565.56,7517.02,2020-08-10,7,81.8,matthew.martin@company.com,(638) 247-3012,Active
EMP005588,James,Davis,James Davis,58,Operations,Senior Developer,Chicago,49883.3,9845.11,2020-07-15,31,54.5,james.davis@company.com,(990) 959-6209,Active
EMP005589,Emily,Rodriguez,Emily Rodriguez,44,Engineering,Coordinator,San Francisco,92799.99,11906.3,2020-02-16,16,78.1,emily.rodriguez@company.com,(892) 959-5278,Active
EMP005590,Daniel,Martin,Daniel Martin,41,Engineering,Manager,Los Angeles,79232.98,11180.02,2022-12-23,16,48.2,daniel.martin@company.com,(724) 446-6544,Active
EMP005591,Amanda,Lopez,Amanda Lopez,41,HR,Specialist,Los Angeles,62676.17,7976.72,2021-10-18,13,100.0,amanda.lopez@company.com,(469) 848-8345,Active
EMP005592,Lisa,Anderson,Lisa Anderson,61,Legal,Analyst,Seattle,99678.41,14259.74,2021-12-16,35,62.2,lisa.anderson@company.com,(951) 499-3654,Active
EMP005593,Jane,Martinez,Jane Martinez,26,HR,Analyst,Los Angeles,64111.58,6056.56,2024-06-20,4,62.1,jane.martinez@company.com,(688) 534-7612,Active
EMP005594,Anthony,Thomas,Anthony Thomas,61,Operations,Lead,New York,97977.82,13662.42,2022-12-06,32,61.2,anthony.thomas@company.com,(856) 641-8884,Inactive
EMP005595,James,Davis,James Davis,22,Engineering,Coordinator,San Francisco,102502.54,12977.59,2022-12-21,0,75.0,james.davis@company.com,(205) 756-7620,On Leave
EMP005596,Matthew,Martin,Matthew Martin,49,Finance,Senior Developer,Boston,93213.87,4488.18,2020-08-08,27,80.2,matthew.martin@company.com,(816) 427-3600,Active
EMP005597,Stephanie,Thomas,Stephanie Thomas,30,Sales,Lead,Chicago,51371.9,2353.54,2021-11-19,4,68.6,stephanie.thomas@company.com,(375) 421-8194,Inactive
EMP005598,John,Smith,John Smith,49,Marketing,Associate,Boston,64088.09,4561.49,2021-01-25,21,64.9,john.smith@company.com,(525) 275-8960,Active
EMP005599,Jane,Lopez,Jane Lopez,26,HR,Manager,Chicago,51836.18,8758.21,2023-02-26,2,83.6,jane.lopez@company.com,(935) 451-7164,Active
EMP005600,John,Williams,John Williams,64,Finance,Associate,Seattle,92863.32,14701.78,2021-07-14,37,53.2,john.williams@company.com,(310) 836-8903,Active
EMP005601,Anthony,Martinez,Anthony Martinez,46,Sales,Director,New York,83316.66,9826.55,2022-05-25,23,79.2,anthony.martinez@company.com,(704) 535-9693,On Leave
EMP005602,Christopher,Jackson,Christopher Jackson,47,HR,Specialist,Chicago,45037.32,1474.03,2020-03-22,22,64.0,christopher.jackson@company.com,(272) 293-8472,Active
EMP005603,Robert,Johnson,Robert Johnson,46,HR,Manager,Miami,108435.8,7151.69,2023-06-21,21,68.3,robert.johnson@company.com,(670) 303-9667,Active
EMP005604,Daniel,Jackson,Daniel Jackson,36,Engineering,Lead,Miami,105425.55,7579.44,2024-06-25,12,70.0,daniel.jackson@company.com,(914) 439-8795,Active
EMP005605,Sarah,Wilson,Sarah Wilson,53,Marketing,Coordinator,Miami,77680.88,14750.84,2023-06-02,31,74.7,sarah.wilson@company.com,(373) 702-6071,Active
EMP005606,Jane,Williams,Jane Williams,33,Engineering,Associate,New York,60814.54,6517.49,2023-07-29,6,65.4,jane.williams@company.com,(823) 867-8250,Active
EMP005607,Jane,Smith,Jane Smith,33,Legal,Senior Developer,New York,63494.03,3551.03,2022-11-17,6,63.1,jane.smith@company.com,(420) 335-7068,Active
EMP005608,Christopher,Gonzalez,Christopher Gonzalez,54,Sales,Associate,New York,92396.83,7117.63,2020-07-11,29,45.0,christopher.gonzalez@company.com,(203) 739-6549,Active
EMP005609,Daniel,Johnson,Daniel Johnson,51,Engineering,Manager,Miami,110594.37,12844.16,2024-08-25,29,69.0,daniel.johnson@company.com,(221) 302-1101,Inactive
EMP005610,David,Jones,David Jones,27,Sales,Associate,Chicago,30000.0,3263.2,2023-02-20,2,88.9,david.jones@company.com,(423) 828-1685,Active
EMP005611,Jane,Brown,Jane Brown,34,Sales,Associate,San Francisco,72511.09,3431.51,2023-03-05,12,80.1,jane.brown@company.com,(400) 475-2833,Active
EMP005612,Christopher,Anderson,Christopher Anderson,51,IT,Senior Developer,Miami,94564.48,1682.27,2020-03-22,27,83.6,christopher.anderson@company.com,(312) 488-5995,Active
EMP005613,Stephanie,Davis,Stephanie Davis,44,Marketing,Analyst,Chicago,64142.51,9086.35,2022-01-13,19,71.9,stephanie.davis@company.com,(314) 781-7244,Active
EMP005614,David,Jackson,David Jackson,63,Operations,Senior Developer,Los Angeles,76439.99,0.0,2022-06-05,37,69.5,david.jackson@company.com,(656) 349-2778,Active
EMP005615,Melissa,Smith,Melissa Smith,36,Marketing,Specialist,Boston,58481.94,4342.36,2024-10-14,11,86.7,melissa.smith@company.com,(508) 809-7397,Active
EMP005616,Jane,Garcia,Jane Garcia,49,Finance,Senior Developer,Chicago,95964.07,10820.54,2024-09-25,22,63.9,jane.garcia@company.com,(730) 879-3325,Inactive
EMP005617,William,Taylor,William Taylor,63,Engineering,Lead,Boston,87927.3,2373.38,2021-12-08,37,56.5,william.taylor@company.com,(832) 536-1032,On Leave
EMP005618,Emily,Martinez,Emily Martinez,37,Marketing,Analyst,Seattle,62189.1,4754.75,2022-05-07,15,100.0,emily.martinez@company.com,(420) 450-7140,Active
EMP005619,Sarah,Anderson,Sarah Anderson,59,Operations,Lead,Seattle,72167.92,5295.84,2022-10-16,33,58.5,sarah.anderson@company.com,(327) 902-4183,Active
EMP005620,David,Smith,David Smith,61,IT,Director,San Francisco,123995.23,6733.54,2023-06-14,32,89.4,david.smith@company.com,(852) 333-1235,Active
EMP005621,Matthew,Wilson,Matthew Wilson,39,Legal,Lead,Los Angeles,129311.42,6308.57,2021-07-27,13,84.0,matthew.wilson@company.com,(514) 730-3739,Active
EMP005622,Melissa,Moore,Melissa Moore,39,Engineering,Director,Miami,85969.24,12505.48,2023-06-13,13,93.0,melissa.moore@company.com,(263) 244-5903,Active
EMP005623,Jessica,Johnson,Jessica Johnson,35,IT,Associate,Los Angeles,92831.12,7537.15,2024-11-10,10,67.5,jessica.johnson@company.com,(659) 975-8159,Active
EMP005624,Christopher,Johnson,Christopher Johnson,51,Marketing,Specialist,Los Angeles,86364.24,11619.37,2024-09-25,22,90.1,christopher.johnson@company.com,(824) 812-2148,Inactive
EMP005625,Jane,Rodriguez,Jane Rodriguez,61,Legal,Associate,San Francisco,130417.48,16995.49,2021-09-01,35,98.5,jane.rodriguez@company.com,(809) 535-5211,On Leave
EMP005626,James,Taylor,James Taylor,57,Finance,Associate,Seattle,70531.68,1570.41,2021-12-05,30,71.8,james.taylor@company.com,(679) 672-2933,Active
EMP005627,Daniel,Brown,Daniel Brown,44,Operations,Specialist,Austin,48390.72,2724.92,2020-12-08,16,77.1,daniel.brown@company.com,(676) 714-4471,Active
EMP005628,Emily,Taylor,Emily Taylor,22,Legal,Analyst,Austin,64930.11,11549.65,2024-05-22,0,91.0,emily.taylor@company.com,(995) 377-8674,Active
EMP005629,Stephanie,Hernandez,Stephanie Hernandez,39,Finance,Analyst,Seattle,55088.99,10853.23,2022-10-20,16,79.8,stephanie.hernandez@company.com,(512) 986-5745,On Leave
EMP005630,Ashley,Hernandez,Ashley Hernandez,25,Finance,Director,New York,67047.97,6500.34,2024-02-03,0,70.5,ashley.hernandez@company.com,(230) 937-1457,Active
EMP005631,Sarah,Martinez,Sarah Martinez,46,HR,Associate,Los Angeles,79691.05,11098.34,2021-10-30,24,72.8,sarah.martinez@company.com,(974) 776-5815,Active
EMP005632,Robert,Moore,Robert Moore,45,Marketing,Analyst,Austin,80887.19,7437.67,2021-05-24,18,81.2,robert.moore@company.com,(512) 540-5009,Active
EMP005633,Christopher,Wilson,Christopher Wilson,41,Marketing,Associate,Chicago,76350.74,690.26,2024-07-29,18,68.3,christopher.wilson@company.com,(573) 988-8934,Active
EMP005634,Ashley,Martin,Ashley Martin,28,Marketing,Director,New York,60524.68,9777.5,2024-09-18,1,99.9,ashley.martin@company.com,(916) 829-9964,Active
EMP005635,Robert,Davis,Robert Davis,33,Legal,Senior Developer,Los Angeles,86771.85,204.76,2024-06-10,6,100.0,robert.davis@company.com,(826) 279-6987,Active
EMP005636,Melissa,Smith,Melissa Smith,25,Sales,Senior Developer,Seattle,45762.33,2404.54,2020-08-23,1,59.9,melissa.smith@company.com,(280) 564-9656,Active
EMP005637,Christopher,Jones,Christopher Jones,55,HR,Coordinator,San Francisco,59592.18,7373.91,2021-05-13,32,54.7,christopher.jones@company.com,(824) 479-3628,Active
EMP005638,Sarah,Lopez,Sarah Lopez,32,Legal,Coordinator,Los Angeles,71252.61,7303.71,2020-03-20,3,79.9,sarah.lopez@company.com,(790) 994-2051,Active
EMP005639,Lisa,Anderson,Lisa Anderson,36,Operations,Coordinator,New York,65567.17,10502.23,2024-12-21,11,74.0,lisa.anderson@company.com,(649) 960-3246,Active
EMP005640,Amanda,Williams,Amanda Williams,34,Engineering,Manager,San Francisco,105327.42,4687.74,2020-03-03,6,65.9,amanda.williams@company.com,(859) 792-5338,Active
EMP005641,John,Johnson,John Johnson,28,Marketing,Lead,Miami,54130.17,4004.31,2021-04-06,3,85.1,john.johnson@company.com,(341) 968-1231,Active
EMP005642,James,Gonzalez,James Gonzalez,40,Finance,Lead,Chicago,99691.27,812.57,2023-08-10,14,100.0,james.gonzalez@company.com,(622) 843-4091,Active
EMP005643,Matthew,Garcia,Matthew Garcia,43,IT,Analyst,Austin,77349.53,8134.72,2024-11-19,14,49.0,matthew.garcia@company.com,(603) 655-7835,Active
EMP005644,Sarah,Williams,Sarah Williams,62,Finance,Senior Developer,Austin,127830.04,9001.49,2024-03-09,38,85.3,sarah.williams@company.com,(262) 669-6565,Active
EMP005645,Lisa,Taylor,Lisa Taylor,28,Legal,Specialist,San Francisco,57480.91,5247.76,2020-08-10,3,89.0,lisa.taylor@company.com,(472) 390-8075,Active
EMP005646,Ashley,Jones,Ashley Jones,48,HR,Associate,New York,58809.75,4820.85,2023-10-04,20,85.0,ashley.jones@company.com,(463) 948-7249,Inactive
EMP005647,Ashley,Miller,Ashley Miller,42,HR,Associate,San Francisco,37449.51,6140.18,2022-10-15,14,73.7,ashley.miller@company.com,(507) 925-3201,Active
EMP005648,Lisa,Hernandez,Lisa Hernandez,34,Finance,Coordinator,New York,86045.8,6168.0,2022-12-26,5,74.8,lisa.hernandez@company.com,(491) 872-8775,Active
EMP005649,Nicole,Jackson,Nicole Jackson,26,Finance,Coordinator,Miami,58978.21,8745.21,2020-09-30,3,51.4,nicole.jackson@company.com,(720) 803-8935,Active
EMP005650,Emily,Martinez,Emily Martinez,59,Operations,Analyst,Miami,68950.59,3630.99,2021-01-18,36,73.6,emily.martinez@company.com,(494) 548-6649,Active
EMP005651,John,Rodriguez,John Rodriguez,34,Marketing,Manager,San Francisco,81479.99,11099.65,2020-01-20,11,81.0,john.rodriguez@company.com,(315) 507-7544,Active
EMP005652,Melissa,Anderson,Melissa Anderson,50,Operations,Coordinator,Seattle,55135.88,6975.78,2021-03-03,25,72.9,melissa.anderson@company.com,(779) 956-1513,Active
EMP005653,Daniel,Martin,Daniel Martin,57,IT,Analyst,Los Angeles,102421.61,18864.11,2024-03-03,28,87.4,daniel.martin@company.com,(641) 808-3895,Active
EMP005654,Robert,Davis,Robert Davis,33,Operations,Manager,Austin,79612.1,2402.07,2020-03-07,4,100.0,robert.davis@company.com,(963) 887-3094,Active
EMP005655,Amanda,Miller,Amanda Miller,46,Operations,Coordinator,Chicago,76101.9,1442.28,2022-03-30,22,59.4,amanda.miller@company.com,(909) 411-8445,Active
EMP005656,Melissa,Miller,Melissa Miller,61,Sales,Coordinator,Chicago,104124.76,9472.23,2020-11-19,32,63.1,melissa.miller@company.com,(518) 570-9697,Active
EMP005657,Melissa,Johnson,Melissa Johnson,34,Sales,Senior Developer,Austin,64524.92,4073.88,2024-02-20,6,78.8,melissa.johnson@company.com,(319) 264-8289,Active
EMP005658,Melissa,Davis,Melissa Davis,49,HR,Director,Boston,62118.78,3150.87,2022-04-22,20,75.3,melissa.davis@company.com,(345) 501-3889,Active
EMP005659,Michael,Hernandez,Michael Hernandez,22,IT,Specialist,Seattle,87744.03,13269.35,2021-03-27,0,86.8,michael.hernandez@company.com,(766) 707-9972,Active
EMP005660,Daniel,Williams,Daniel Williams,27,HR,Director,Boston,53320.18,9635.26,2021-12-14,5,92.8,daniel.williams@company.com,(913) 885-9413,Active
EMP005661,Michael,Johnson,Michael Johnson,31,Operations,Analyst,Seattle,61447.29,2349.24,2021-11-08,8,70.8,michael.johnson@company.com,(643) 362-8928,Active
EMP005662,Stephanie,Rodriguez,Stephanie Rodriguez,30,HR,Senior Developer,Austin,52871.0,8804.71,2022-05-31,1,69.8,stephanie.rodriguez@company.com,(284) 985-3526,Active
EMP005663,Lisa,Martin,Lisa Martin,51,Marketing,Lead,Los Angeles,93450.0,8179.2,2023-02-17,26,42.4,lisa.martin@company.com,(500) 356-8735,Active
EMP005664,Sarah,Hernandez,Sarah Hernandez,49,HR,Lead,Los Angeles,59156.33,10194.17,2024-06-06,20,71.3,sarah.hernandez@company.com,(340) 248-8202,Inactive
EMP005665,Amanda,Johnson,Amanda Johnson,29,IT,Senior Developer,Los Angeles,62584.51,6179.79,2023-11-01,6,88.2,amanda.johnson@company.com,(857) 331-9954,Active
EMP005666,Christopher,Taylor,Christopher Taylor,43,Operations,Specialist,Seattle,63728.25,11353.24,2020-06-10,19,50.0,christopher.taylor@company.com,(630) 492-4876,Active
EMP005667,Michael,Williams,Michael Williams,27,Operations,Coordinator,Los Angeles,66951.66,4943.9,2021-10-01,4,100.0,michael.williams@company.com,(229) 374-7337,Active
EMP005668,David,Brown,David Brown,60,Engineering,Manager,Los Angeles,99364.79,0.0,2024-01-05,32,55.4,david.brown@company.com,(451) 968-7698,Active
EMP005669,Jessica,Lopez,Jessica Lopez,40,Sales,Analyst,Boston,58502.48,9209.88,2020-10-23,15,82.6,jessica.lopez@company.com,(808) 874-2457,Active
EMP005670,Amanda,Gonzalez,Amanda Gonzalez,37,Sales,Manager,Austin,57950.47,9813.6,2024-09-09,12,74.3,amanda.gonzalez@company.com,(650) 952-4939,Active
EMP005671,Matthew,Anderson,Matthew Anderson,65,Sales,Specialist,Seattle,90085.33,0.0,2023-10-27,39,66.5,matthew.anderson@company.com,(529) 477-6044,Inactive
EMP005672,Robert,Smith,Robert Smith,41,Engineering,Specialist,Miami,85155.36,8568.37,2024-05-21,14,54.5,robert.smith@company.com,(545) 891-8384,Active
EMP005673,Melissa,Martinez,Melissa Martinez,65,Sales,Associate,Seattle,95920.49,10061.88,2024-08-10,40,91.2,melissa.martinez@company.com,(966) 554-2642,Active
EMP005674,Sarah,Gonzalez,Sarah Gonzalez,23,HR,Analyst,Austin,60881.28,6702.93,2024-12-18,0,55.7,sarah.gonzalez@company.com,(575) 427-4968,Active
EMP005675,Robert,Johnson,Robert Johnson,29,Operations,Coordinator,Miami,29423.94,3087.7,2022-08-06,2,90.8,robert.johnson@company.com,(904) 717-7221,Active
EMP005676,Jane,Anderson,Jane Anderson,41,Engineering,Coordinator,Chicago,90590.75,11857.1,2020-02-17,15,62.2,jane.anderson@company.com,(667) 936-7255,Active
EMP005677,Jane,Gonzalez,Jane Gonzalez,25,Operations,Coordinator,New York,55571.48,5057.35,2023-12-28,0,75.5,jane.gonzalez@company.com,(351) 636-2341,Inactive
EMP005678,Stephanie,Taylor,Stephanie Taylor,34,IT,Coordinator,Boston,53331.19,9106.32,2024-10-26,7,86.1,stephanie.taylor@company.com,(952) 414-3227,Active
EMP005679,William,Thomas,William Thomas,33,Finance,Specialist,San Francisco,80867.45,6839.8,2020-05-11,4,67.4,william.thomas@company.com,(384) 888-5456,Active
EMP005680,William,Miller,William Miller,43,IT,Director,Seattle,110616.95,9562.56,2021-10-13,21,80.9,william.miller@company.com,(797) 990-7353,Active
EMP005681,John,Williams,John Williams,46,Marketing,Lead,New York,57241.41,5072.67,2020-08-04,18,100.0,john.williams@company.com,(596) 847-4550,Active
EMP005682,Nicole,Brown,Nicole Brown,23,HR,Lead,Chicago,40204.62,3026.61,2020-06-15,1,88.0,nicole.brown@company.com,(779) 297-9289,Active
EMP005683,Jessica,Moore,Jessica Moore,41,Sales,Analyst,Miami,54467.84,6054.18,2020-07-16,17,86.5,jessica.moore@company.com,(623) 540-1044,Active
EMP005684,Matthew,Williams,Matthew Williams,23,Legal,Lead,Boston,64152.91,8342.62,2022-05-12,0,65.6,matthew.williams@company.com,(962) 208-2680,Active
EMP005685,Matthew,Wilson,Matthew Wilson,24,Legal,Analyst,Boston,60002.0,8362.4,2020-09-15,1,85.0,matthew.wilson@company.com,(621) 334-6016,Active
EMP005686,Michael,Hernandez,Michael Hernandez,52,Marketing,Analyst,Austin,66447.88,190.01,2022-11-11,27,100.0,michael.hernandez@company.com,(309) 613-8151,Active
EMP005687,Michael,Thomas,Michael Thomas,36,Legal,Senior Developer,Austin,95905.41,5827.57,2021-02-26,7,70.5,michael.thomas@company.com,(285) 829-8551,Inactive
EMP005688,Anthony,Davis,Anthony Davis,33,Sales,Coordinator,Austin,87176.68,14942.82,2020-10-08,10,77.3,anthony.davis@company.com,(930) 961-9010,Active
EMP005689,Stephanie,Garcia,Stephanie Garcia,36,Operations,Director,Boston,54306.05,5283.87,2022-10-04,7,94.7,stephanie.garcia@company.com,(633) 875-7060,Active
EMP005690,Matthew,Jones,Matthew Jones,54,Operations,Associate,Los Angeles,77459.91,2478.22,2023-07-06,32,82.7,matthew.jones@company.com,(992) 545-2806,Active
EMP005691,Lisa,Brown,Lisa Brown,31,Legal,Lead,Chicago,65028.64,10706.55,2020-07-14,9,71.2,lisa.brown@company.com,(985) 537-5126,Active
EMP005692,Robert,Wilson,Robert Wilson,41,Marketing,Director,San Francisco,87187.14,6955.31,2021-08-11,12,91.9,robert.wilson@company.com,(324) 439-6468,Active
EMP005693,Robert,Martinez,Robert Martinez,57,IT,Lead,New York,95528.04,1785.43,2021-09-29,28,91.0,robert.martinez@company.com,(806) 625-9274,Active
EMP005694,Daniel,Martinez,Daniel Martinez,45,Finance,Coordinator,Los Angeles,94285.12,10291.02,2021-09-15,16,98.6,daniel.martinez@company.com,(925) 459-9828,Active
EMP005695,Matthew,Thomas,Matthew Thomas,22,HR,Senior Developer,Chicago,68383.18,4804.82,2024-04-01,0,100.0,matthew.thomas@company.com,(330) 537-6340,Active
EMP005696,Melissa,Thomas,Melissa Thomas,34,Finance,Coordinator,New York,79659.4,6187.43,2020-04-28,11,82.2,melissa.thomas@company.com,(423) 987-2066,Active
EMP005697,Robert,Martinez,Robert Martinez,31,IT,Manager,Boston,112038.93,13309.0,2023-01-22,3,100.0,robert.martinez@company.com,(921) 878-7812,Active
EMP005698,Stephanie,Martin,Stephanie Martin,38,IT,Lead,Austin,92400.91,4584.05,2024-06-04,13,69.1,stephanie.martin@company.com,(472) 500-8853,Inactive
EMP005699,Michael,Davis,Michael Davis,23,Finance,Analyst,San Francisco,73781.58,4515.93,2021-11-26,0,63.0,michael.davis@company.com,(962) 444-9497,Active
EMP005700,Jessica,Rodriguez,Jessica Rodriguez,50,Sales,Associate,New York,95524.07,3709.56,2022-01-24,23,93.1,jessica.rodriguez@company.com,(995) 669-3217,Active
EMP005701,Lisa,Anderson,Lisa Anderson,45,IT,Coordinator,Los Angeles,49763.78,7956.1,2022-05-13,18,87.7,lisa.anderson@company.com,(982) 360-1698,Inactive
EMP005702,Melissa,Johnson,Melissa Johnson,62,HR,Director,Austin,67037.03,0.0,2022-02-08,39,79.3,melissa.johnson@company.com,(651) 896-8978,Active
EMP005703,Ashley,Brown,Ashley Brown,28,Engineering,Director,Seattle,59760.16,4837.58,2023-04-13,0,96.6,ashley.brown@company.com,(680) 324-2834,Active
EMP005704,Jane,Smith,Jane Smith,43,HR,Manager,Seattle,63006.38,4105.45,2023-06-28,19,77.5,jane.smith@company.com,(953) 451-6494,Active
EMP005705,Matthew,Garcia,Matthew Garcia,45,Legal,Lead,San Francisco,99031.92,9284.03,2021-02-09,21,53.6,matthew.garcia@company.com,(903) 947-3215,Active
EMP005706,Jane,Miller,Jane Miller,64,Sales,Associate,New York,74348.11,9149.5,2022-03-24,38,72.9,jane.miller@company.com,(604) 488-8136,Active
EMP005707,Sarah,Taylor,Sarah Taylor,30,Finance,Lead,Miami,61642.67,7305.72,2024-01-06,5,78.5,sarah.taylor@company.com,(857) 837-8651,Active
EMP005708,Matthew,Martinez,Matthew Martinez,40,Operations,Coordinator,Miami,52518.63,5454.72,2022-08-10,11,80.0,matthew.martinez@company.com,(917) 794-8816,Active
EMP005709,Ashley,Martin,Ashley Martin,23,Sales,Specialist,Miami,69502.22,13273.79,2022-05-03,0,91.1,ashley.martin@company.com,(268) 862-1887,Inactive
EMP005710,Anthony,Garcia,Anthony Garcia,34,HR,Senior Developer,Boston,58729.85,4706.83,2020-02-12,6,50.4,anthony.garcia@company.com,(751) 864-4345,Inactive
EMP005711,Melissa,Taylor,Melissa Taylor,41,IT,Associate,Los Angeles,89206.0,6211.56,2023-01-15,16,91.2,melissa.taylor@company.com,(876) 820-9604,Active
EMP005712,John,Smith,John Smith,47,HR,Associate,Chicago,53987.92,6758.98,2024-07-17,20,89.7,john.smith@company.com,(538) 261-4740,On Leave
EMP005713,James,Jones,James Jones,52,Finance,Senior Developer,San Francisco,99871.59,14195.76,2021-07-12,26,100.0,james.jones@company.com,(973) 372-1644,Active
EMP005714,Stephanie,Lopez,Stephanie Lopez,47,Sales,Director,Austin,81478.62,9232.59,2021-11-21,22,74.5,stephanie.lopez@company.com,(382) 776-5624,Active
EMP005715,Melissa,Wilson,Melissa Wilson,64,Engineering,Associate,Austin,115562.39,1177.78,2024-11-02,35,66.6,melissa.wilson@company.com,(905) 272-1496,Active
EMP005716,Anthony,Garcia,Anthony Garcia,34,Legal,Specialist,New York,93943.24,9828.27,2024-05-01,10,98.9,anthony.garcia@company.com,(524) 410-9544,On Leave
EMP005717,Nicole,Anderson,Nicole Anderson,40,IT,Analyst,San Francisco,81778.72,0.0,2023-11-23,14,64.7,nicole.anderson@company.com,(969) 781-8350,Active
EMP005718,Christopher,Jones,Christopher Jones,62,Sales,Coordinator,Austin,73581.86,6883.88,2021-09-06,38,77.8,christopher.jones@company.com,(846) 528-7619,Active
EMP005719,William,Davis,William Davis,45,Sales,Director,Boston,60783.68,5035.58,2023-09-24,18,67.0,william.davis@company.com,(724) 841-4132,Active
EMP005720,Ashley,Moore,Ashley Moore,38,Operations,Senior Developer,Austin,68748.46,4255.81,2020-12-31,13,73.6,ashley.moore@company.com,(251) 232-9516,Active
EMP005721,Anthony,Johnson,Anthony Johnson,29,Finance,Manager,New York,84212.45,9540.64,2024-11-11,0,89.2,anthony.johnson@company.com,(379) 486-2703,On Leave
EMP005722,Daniel,Johnson,Daniel Johnson,32,HR,Specialist,Los Angeles,63476.9,5957.96,2021-01-10,6,82.1,daniel.johnson@company.com,(449) 702-5067,Active
EMP005723,Robert,Martinez,Robert Martinez,49,Marketing,Senior Developer,Seattle,79626.91,4473.4,2021-08-21,24,52.8,robert.martinez@company.com,(841) 650-3030,Active
EMP005724,Anthony,Thomas,Anthony Thomas,46,IT,Senior Developer,Chicago,103176.32,5120.07,2024-04-04,19,95.6,anthony.thomas@company.com,(691) 680-5822,Active
EMP005725,Lisa,Garcia,Lisa Garcia,48,Sales,Senior Developer,New York,95832.31,8045.52,2022-10-10,19,95.5,lisa.garcia@company.com,(339) 707-5383,Active
EMP005726,David,Williams,David Williams,40,Operations,Lead,San Francisco,53819.79,1176.85,2024-04-19,18,97.0,david.williams@company.com,(545) 220-9033,Active
EMP005727,Stephanie,Davis,Stephanie Davis,46,Sales,Analyst,Austin,83433.08,12286.61,2021-07-14,20,50.7,stephanie.davis@company.com,(903) 261-5496,Active
EMP005728,Michael,Martin,Michael Martin,43,IT,Senior Developer,Boston,92063.52,5179.64,2023-06-03,17,40.6,michael.martin@company.com,(605) 601-3813,Active
EMP005729,William,Lopez,William Lopez,34,Legal,Associate,New York,56299.74,4194.53,2021-10-10,7,60.8,william.lopez@company.com,(906) 744-8102,Active
EMP005730,Stephanie,Garcia,Stephanie Garcia,53,HR,Coordinator,Miami,48528.61,2091.1,2023-11-27,28,84.5,stephanie.garcia@company.com,(968) 659-8577,Active
EMP005731,Daniel,Brown,Daniel Brown,60,Marketing,Director,San Francisco,103563.98,8499.71,2024-10-15,32,57.1,daniel.brown@company.com,(910) 871-2415,Active
EMP005732,Melissa,Smith,Melissa Smith,34,Legal,Manager,New York,75438.08,5957.38,2020-09-17,5,58.9,melissa.smith@company.com,(375) 862-8185,Active
EMP005733,Stephanie,Garcia,Stephanie Garcia,24,Finance,Coordinator,Seattle,58784.66,7571.08,2021-01-09,0,76.9,stephanie.garcia@company.com,(653) 717-5754,Inactive
EMP005734,John,Smith,John Smith,36,HR,Manager,Miami,66735.78,7112.92,2022-05-10,14,71.0,john.smith@company.com,(493) 633-6578,Active
EMP005735,Ashley,Martin,Ashley Martin,53,Sales,Specialist,Los Angeles,95184.4,7199.9,2023-05-15,25,74.1,ashley.martin@company.com,(866) 723-8971,Active
EMP005736,Lisa,Miller,Lisa Miller,35,Marketing,Director,New York,61336.67,8651.48,2024-01-18,13,47.3,lisa.miller@company.com,(795) 344-3733,Active
EMP005737,Christopher,Taylor,Christopher Taylor,22,Legal,Director,New York,42489.31,3682.21,2022-08-21,0,63.5,christopher.taylor@company.com,(575) 581-9046,Active
EMP005738,Ashley,Hernandez,Ashley Hernandez,60,Legal,Coordinator,Los Angeles,117556.4,4371.42,2021-03-15,33,50.1,ashley.hernandez@company.com,(204) 793-3348,Active
EMP005739,Stephanie,Martinez,Stephanie Martinez,26,HR,Senior Developer,New York,51718.31,7773.6,2021-03-31,0,69.0,stephanie.martinez@company.com,(332) 353-3839,Active
EMP005740,Daniel,Lopez,Daniel Lopez,27,Engineering,Senior Developer,Seattle,88111.44,0.0,2020-10-09,5,86.1,daniel.lopez@company.com,(367) 631-7442,Active
EMP005741,Jessica,Lopez,Jessica Lopez,55,Engineering,Coordinator,Seattle,89862.97,12113.72,2022-01-27,26,88.7,jessica.lopez@company.com,(956) 862-8266,Active
EMP005742,Ashley,Jackson,Ashley Jackson,36,Marketing,Associate,Los Angeles,87373.36,12827.45,2020-12-29,10,78.2,ashley.jackson@company.com,(348) 873-5149,Active
EMP005743,Stephanie,Smith,Stephanie Smith,62,HR,Manager,Chicago,89378.08,4665.61,2022-09-12,36,80.6,stephanie.smith@company.com,(271) 262-1802,Active
EMP005744,James,Taylor,James Taylor,36,IT,Senior Developer,Seattle,73860.86,6150.56,2023-07-12,11,77.5,james.taylor@company.com,(670) 870-4920,Active
EMP005745,Christopher,Martin,Christopher Martin,28,Legal,Director,Austin,91734.17,2407.44,2024-03-27,6,94.5,christopher.martin@company.com,(827) 984-4327,Active
EMP005746,Robert,Miller,Robert Miller,51,Legal,Director,Los Angeles,105679.79,3574.12,2023-02-03,26,88.0,robert.miller@company.com,(936) 608-9552,Active
EMP005747,Matthew,Jones,Matthew Jones,58,Operations,Lead,San Francisco,45321.85,5410.71,2021-03-06,36,91.3,matthew.jones@company.com,(770) 937-8105,On Leave
EMP005748,Sarah,Gonzalez,Sarah Gonzalez,39,Operations,Analyst,Chicago,70988.02,9945.47,2021-05-25,15,82.8,sarah.gonzalez@company.com,(540) 238-9047,Active
EMP005749,Lisa,Martin,Lisa Martin,48,HR,Lead,Miami,65210.82,4692.43,2021-04-21,20,73.6,lisa.martin@company.com,(950) 846-6896,Active
EMP005750,Anthony,Martin,Anthony Martin,49,Engineering,Specialist,Los Angeles,102019.48,5376.29,2023-05-07,20,61.0,anthony.martin@company.com,(613) 231-4227,Inactive
EMP005751,Ashley,Garcia,Ashley Garcia,55,Operations,Associate,New York,58939.25,4692.07,2022-08-07,28,100.0,ashley.garcia@company.com,(357) 936-3527,Active
EMP005752,Stephanie,Garcia,Stephanie Garcia,49,Sales,Lead,New York,85984.88,11805.81,2022-04-07,20,87.1,stephanie.garcia@company.com,(650) 667-8279,Active
EMP005753,Nicole,Wilson,Nicole Wilson,56,Legal,Lead,Austin,116603.65,6923.47,2020-06-03,32,72.1,nicole.wilson@company.com,(745) 269-1743,Active
EMP005754,Anthony,Anderson,Anthony Anderson,36,Finance,Director,Los Angeles,85324.75,20523.24,2021-03-20,7,64.0,anthony.anderson@company.com,(233) 570-4531,Active
EMP005755,William,Johnson,William Johnson,57,IT,Specialist,Chicago,121060.78,14086.48,2020-10-14,35,59.7,william.johnson@company.com,(597) 320-1906,Active
EMP005756,Jessica,Jones,Jessica Jones,61,Finance,Lead,Miami,77328.98,9895.0,2021-01-19,33,47.7,jessica.jones@company.com,(598) 558-2780,Active
EMP005757,William,Martin,William Martin,62,Sales,Associate,Los Angeles,92879.98,5717.44,2020-06-15,35,88.0,william.martin@company.com,(416) 344-5933,Active
EMP005758,Jessica,Lopez,Jessica Lopez,25,Legal,Specialist,Chicago,59468.18,6290.06,2022-08-14,0,65.9,jessica.lopez@company.com,(612) 408-6705,Active
EMP005759,David,Gonzalez,David Gonzalez,60,Operations,Manager,New York,89113.01,13232.25,2022-08-10,34,72.4,david.gonzalez@company.com,(343) 766-5899,Active
EMP005760,Matthew,Lopez,Matthew Lopez,28,Engineering,Associate,New York,101557.63,15601.39,2022-06-07,3,100.0,matthew.lopez@company.com,(903) 916-3638,Active
EMP005761,William,Hernandez,William Hernandez,27,Engineering,Senior Developer,Boston,92794.03,9567.7,2024-11-19,0,94.4,william.hernandez@company.com,(473) 831-1470,Active
EMP005762,Daniel,Davis,Daniel Davis,43,Operations,Coordinator,Miami,49001.32,3191.17,2021-07-13,17,77.3,daniel.davis@company.com,(431) 493-6268,Active
EMP005763,Christopher,Martinez,Christopher Martinez,33,IT,Manager,San Francisco,78384.39,1828.58,2022-09-25,6,88.5,christopher.martinez@company.com,(711) 938-8284,Active
EMP005764,David,Garcia,David Garcia,43,Marketing,Specialist,Los Angeles,75240.58,9599.09,2024-11-17,19,84.4,david.garcia@company.com,(587) 947-2385,Active
EMP005765,James,Davis,James Davis,49,HR,Manager,New York,67256.18,10774.94,2020-10-29,25,74.2,james.davis@company.com,(708) 211-3225,Active
EMP005766,Amanda,Johnson,Amanda Johnson,27,Legal,Lead,Los Angeles,77220.44,8056.12,2024-04-13,0,69.3,amanda.johnson@company.com,(909) 647-4985,Inactive
EMP005767,Jane,Hernandez,Jane Hernandez,45,Sales,Coordinator,Seattle,80432.21,3788.11,2021-05-07,21,73.9,jane.hernandez@company.com,(767) 586-1160,Active
EMP005768,Stephanie,Taylor,Stephanie Taylor,27,Sales,Manager,Chicago,53440.9,148.66,2022-10-16,3,86.4,stephanie.taylor@company.com,(550) 206-1895,Active
EMP005769,Lisa,Martin,Lisa Martin,28,Sales,Coordinator,Boston,67732.54,2882.53,2022-12-20,0,82.6,lisa.martin@company.com,(554) 782-4588,Inactive
EMP005770,Emily,Jones,Emily Jones,46,Finance,Coordinator,Seattle,92752.05,8394.47,2021-12-29,21,89.8,emily.jones@company.com,(646) 546-3993,Active
EMP005771,David,Brown,David Brown,33,Finance,Specialist,Seattle,86487.29,0.0,2024-04-19,8,61.8,david.brown@company.com,(285) 394-7121,Active
EMP005772,Daniel,Gonzalez,Daniel Gonzalez,31,HR,Manager,Austin,57545.37,351.82,2021-05-03,9,61.8,daniel.gonzalez@company.com,(764) 281-6190,Active
EMP005773,James,Jackson,James Jackson,46,Engineering,Manager,Miami,96741.44,7401.27,2021-12-16,23,53.0,james.jackson@company.com,(955) 875-8132,Active
EMP005774,Michael,Smith,Michael Smith,58,IT,Associate,Austin,124551.74,13788.09,2020-08-17,32,54.1,michael.smith@company.com,(866) 265-3296,Active
EMP005775,Melissa,Martinez,Melissa Martinez,24,Engineering,Senior Developer,San Francisco,106294.01,10286.33,2022-07-17,1,77.6,melissa.martinez@company.com,(395) 225-7156,Active
EMP005776,Lisa,Davis,Lisa Davis,39,Marketing,Specialist,San Francisco,59510.71,298.24,2021-10-05,12,91.4,lisa.davis@company.com,(335) 758-8222,Inactive
EMP005777,Matthew,Jackson,Matthew Jackson,52,IT,Director,Chicago,79526.85,7179.16,2020-01-16,28,62.7,matthew.jackson@company.com,(999) 857-4065,Active
EMP005778,Jane,Lopez,Jane Lopez,49,Marketing,Coordinator,San Francisco,94813.63,8166.07,2020-04-06,20,54.5,jane.lopez@company.com,(528) 592-1855,Active
EMP005779,Robert,Brown,Robert Brown,47,Sales,Associate,Chicago,44874.02,3978.94,2020-04-19,25,72.4,robert.brown@company.com,(468) 918-9950,Active
EMP005780,Matthew,Jackson,Matthew Jackson,48,IT,Specialist,Boston,125022.93,19941.4,2023-06-09,20,86.0,matthew.jackson@company.com,(764) 269-9977,On Leave
EMP005781,William,Smith,William Smith,59,HR,Coordinator,Los Angeles,67119.74,7463.03,2021-09-22,36,70.2,william.smith@company.com,(670) 271-4059,Inactive
EMP005782,Jane,Lopez,Jane Lopez,32,Finance,Specialist,Miami,78493.27,0.0,2022-12-20,7,86.1,jane.lopez@company.com,(683) 237-6509,Active
EMP005783,David,Davis,David Davis,26,Engineering,Coordinator,New York,61806.99,5838.43,2022-03-14,0,68.8,david.davis@company.com,(206) 798-6058,Active
EMP005784,Christopher,Brown,Christopher Brown,28,Operations,Senior Developer,New York,60125.61,0.0,2020-10-10,0,68.8,christopher.brown@company.com,(998) 888-4623,Inactive
EMP005785,Jane,Wilson,Jane Wilson,64,IT,Associate,Boston,107365.73,6328.23,2022-06-05,37,85.2,jane.wilson@company.com,(256) 568-1476,On Leave
EMP005786,Lisa,Smith,Lisa Smith,25,Operations,Lead,Boston,36959.24,1179.67,2022-05-26,0,74.2,lisa.smith@company.com,(537) 696-9811,Inactive
EMP005787,Robert,Thomas,Robert Thomas,39,HR,Specialist,San Francisco,67043.46,0.0,2022-09-25,13,78.0,robert.thomas@company.com,(472) 431-8563,Active
EMP005788,Anthony,Jackson,Anthony Jackson,30,Engineering,Coordinator,Austin,95503.16,9190.86,2024-11-15,6,69.7,anthony.jackson@company.com,(356) 284-7350,Active
EMP005789,John,Jackson,John Jackson,64,Sales,Analyst,New York,85320.69,8708.99,2022-07-22,36,69.9,john.jackson@company.com,(632) 478-9144,Active
EMP005790,Ashley,Garcia,Ashley Garcia,23,Finance,Analyst,Austin,86567.11,3470.47,2020-06-14,0,57.3,ashley.garcia@company.com,(303) 276-1805,Active
EMP005791,Stephanie,Jones,Stephanie Jones,36,HR,Lead,Miami,48462.72,4496.03,2021-01-28,7,92.5,stephanie.jones@company.com,(847) 765-2786,Active
EMP005792,Jessica,Smith,Jessica Smith,43,HR,Specialist,San Francisco,74531.33,6262.32,2022-01-27,14,83.0,jessica.smith@company.com,(366) 455-9040,Active
EMP005793,John,Miller,John Miller,47,Finance,Director,Los Angeles,65578.07,7054.06,2024-06-26,20,78.6,john.miller@company.com,(400) 955-3960,Active
EMP005794,William,Jones,William Jones,38,Operations,Coordinator,Los Angeles,61798.28,7862.1,2022-04-06,9,67.7,william.jones@company.com,(765) 602-7781,Active
EMP005795,Jane,Hernandez,Jane Hernandez,42,Engineering,Manager,New York,112890.52,6698.17,2024-01-05,14,80.0,jane.hernandez@company.com,(568) 769-6729,Inactive
EMP005796,Robert,Moore,Robert Moore,65,Sales,Lead,Boston,66403.29,7780.33,2024-08-31,36,100.0,robert.moore@company.com,(581) 254-2516,Inactive
EMP005797,William,Davis,William Davis,41,Operations,Senior Developer,Miami,41593.55,2092.42,2023-02-20,14,48.5,william.davis@company.com,(850) 250-8878,Active
EMP005798,William,Martin,William Martin,38,Sales,Senior Developer,Seattle,47476.65,4287.95,2021-12-12,15,81.0,william.martin@company.com,(885) 975-2870,On Leave
EMP005799,William,Wilson,William Wilson,46,IT,Coordinator,San Francisco,85369.57,11672.28,2021-06-01,22,81.0,william.wilson@company.com,(313) 665-2527,Active
EMP005800,Stephanie,Lopez,Stephanie Lopez,46,IT,Associate,Chicago,121950.76,12725.48,2022-03-11,22,84.5,stephanie.lopez@company.com,(638) 749-6931,Active
EMP005801,James,Hernandez,James Hernandez,51,HR,Director,Los Angeles,88527.59,13297.13,2022-10-16,23,56.6,james.hernandez@company.com,(708) 635-8103,Active
EMP005802,Lisa,Lopez,Lisa Lopez,50,Engineering,Director,Chicago,106045.28,8802.13,2021-07-18,22,51.3,lisa.lopez@company.com,(488) 992-3175,Active
EMP005803,Nicole,Brown,Nicole Brown,29,IT,Analyst,Chicago,79005.79,12367.36,2022-02-19,1,64.3,nicole.brown@company.com,(639) 475-9361,Active
EMP005804,Lisa,Brown,Lisa Brown,56,IT,Specialist,San Francisco,92478.92,9728.81,2022-02-27,27,58.4,lisa.brown@company.com,(364) 761-9466,Active
EMP005805,Robert,Hernandez,Robert Hernandez,23,Engineering,Director,Boston,76395.39,3967.04,2021-02-15,0,65.6,robert.hernandez@company.com,(288) 874-6910,Active
EMP005806,Robert,Williams,Robert Williams,61,HR,Associate,Boston,85077.1,11114.34,2020-08-20,35,67.4,robert.williams@company.com,(311) 654-1078,Active
EMP005807,Matthew,Martinez,Matthew Martinez,45,Legal,Specialist,Austin,79234.21,6752.08,2021-09-20,19,54.5,matthew.martinez@company.com,(667) 791-4136,Active
EMP005808,Emily,Davis,Emily Davis,36,Sales,Associate,Miami,74553.51,11746.95,2020-06-04,12,90.3,emily.davis@company.com,(824) 915-7673,Active
EMP005809,Emily,Lopez,Emily Lopez,45,Operations,Director,Seattle,58125.68,3961.72,2020-09-03,18,58.7,emily.lopez@company.com,(420) 849-6146,Active
EMP005810,Melissa,Martinez,Melissa Martinez,24,Engineering,Specialist,Miami,71663.25,4758.7,2022-07-04,1,73.5,melissa.martinez@company.com,(480) 228-8399,Active
EMP005811,Melissa,Jones,Melissa Jones,25,IT,Lead,San Francisco,61908.75,4800.46,2021-12-12,0,73.5,melissa.jones@company.com,(617) 549-8197,Active
EMP005812,Anthony,Johnson,Anthony Johnson,30,IT,Director,San Francisco,48902.14,4561.88,2024-02-26,1,70.5,anthony.johnson@company.com,(496) 468-3446,Active
EMP005813,Michael,Taylor,Michael Taylor,31,Engineering,Specialist,Boston,49762.42,5004.17,2021-11-14,4,59.2,michael.taylor@company.com,(520) 279-3065,Active
EMP005814,Amanda,Jones,Amanda Jones,63,IT,Specialist,Austin,60948.79,1933.07,2023-01-25,36,100.0,amanda.jones@company.com,(457) 206-2092,On Leave
EMP005815,Michael,Anderson,Michael Anderson,31,Engineering,Specialist,Los Angeles,61400.27,3912.99,2023-05-27,5,78.8,michael.anderson@company.com,(320) 511-6012,Active
EMP005816,Jessica,Thomas,Jessica Thomas,34,Operations,Manager,Chicago,50326.55,1469.81,2020-07-16,9,75.1,jessica.thomas@company.com,(568) 590-2566,Active
EMP005817,Sarah,Gonzalez,Sarah Gonzalez,65,Finance,Coordinator,San Francisco,110741.6,18499.59,2024-12-09,36,97.5,sarah.gonzalez@company.com,(685) 433-4076,Active
EMP005818,Matthew,Rodriguez,Matthew Rodriguez,43,Engineering,Director,San Francisco,75168.14,7119.24,2021-07-01,21,71.1,matthew.rodriguez@company.com,(273) 844-9051,Active
EMP005819,John,Martin,John Martin,57,Engineering,Senior Developer,Miami,125536.92,6688.35,2023-03-21,34,73.0,john.martin@company.com,(583) 693-2673,Active
EMP005820,Ashley,Lopez,Ashley Lopez,28,Sales,Coordinator,Seattle,73272.52,2344.34,2020-07-21,6,87.5,ashley.lopez@company.com,(486) 796-6884,Active
EMP005821,Robert,Moore,Robert Moore,54,Legal,Associate,Austin,131851.26,11650.58,2023-01-29,26,74.5,robert.moore@company.com,(237) 678-3864,Active
EMP005822,Stephanie,Williams,Stephanie Williams,50,Engineering,Director,Seattle,120666.66,13186.98,2022-12-01,25,59.6,stephanie.williams@company.com,(731) 270-7268,Active
EMP005823,Ashley,Taylor,Ashley Taylor,46,Marketing,Analyst,Miami,101011.88,5489.69,2021-02-04,24,79.0,ashley.taylor@company.com,(867) 223-1515,Active
EMP005824,John,Martinez,John Martinez,54,IT,Specialist,Seattle,83395.2,8734.17,2021-11-28,26,62.1,john.martinez@company.com,(203) 441-1358,Active
EMP005825,Christopher,Smith,Christopher Smith,51,Finance,Senior Developer,Boston,89642.7,12270.32,2023-10-12,29,74.6,christopher.smith@company.com,(824) 829-1779,Active
EMP005826,Matthew,Thomas,Matthew Thomas,44,HR,Manager,Austin,94412.65,7143.5,2020-02-28,16,82.4,matthew.thomas@company.com,(381) 704-7186,Active
EMP005827,David,Anderson,David Anderson,40,Marketing,Director,Chicago,54979.61,5122.57,2024-05-20,13,85.1,david.anderson@company.com,(708) 427-7991,Active
EMP005828,James,Johnson,James Johnson,34,Finance,Analyst,Austin,73527.24,8584.06,2023-08-22,10,44.6,james.johnson@company.com,(595) 245-6438,Active
EMP005829,William,Anderson,William Anderson,48,HR,Director,Boston,49572.85,5795.66,2021-11-01,24,79.7,william.anderson@company.com,(344) 368-7853,Active
EMP005830,Amanda,Rodriguez,Amanda Rodriguez,22,HR,Coordinator,New York,62478.44,6611.63,2024-10-29,0,100.0,amanda.rodriguez@company.com,(414) 776-8671,Inactive
EMP005831,Ashley,Lopez,Ashley Lopez,34,Sales,Coordinator,Austin,88324.04,7294.01,2024-07-15,5,55.0,ashley.lopez@company.com,(829) 801-8116,Active
EMP005832,Stephanie,Johnson,Stephanie Johnson,60,IT,Manager,New York,107235.01,8526.82,2023-06-03,34,75.1,stephanie.johnson@company.com,(775) 837-8510,Active
EMP005833,William,Smith,William Smith,47,Operations,Specialist,San Francisco,60294.62,6515.18,2023-09-02,18,79.5,william.smith@company.com,(915) 448-2875,Inactive
EMP005834,Christopher,Martinez,Christopher Martinez,46,Sales,Senior Developer,San Francisco,83507.42,1308.69,2023-12-07,22,45.6,christopher.martinez@company.com,(404) 644-7015,Active
EMP005835,Jane,Garcia,Jane Garcia,39,Operations,Analyst,Seattle,25500.0,1923.95,2022-05-26,12,80.2,jane.garcia@company.com,(241) 243-7762,Active
EMP005836,Anthony,Garcia,Anthony Garcia,57,Marketing,Specialist,Austin,64749.86,10400.79,2021-02-21,34,62.4,anthony.garcia@company.com,(568) 673-4074,Active
EMP005837,Lisa,Hernandez,Lisa Hernandez,65,Finance,Analyst,Boston,105399.82,9401.27,2020-11-14,38,65.2,lisa.hernandez@company.com,(533) 265-8906,Active
EMP005838,Melissa,Hernandez,Melissa Hernandez,27,Marketing,Lead,Seattle,52930.17,7037.14,2022-07-27,2,63.7,melissa.hernandez@company.com,(563) 607-7000,Active
EMP005839,Emily,Taylor,Emily Taylor,62,Operations,Director,Los Angeles,83145.03,9025.91,2023-01-02,33,59.6,emily.taylor@company.com,(392) 638-9035,Active
EMP005840,Amanda,Anderson,Amanda Anderson,28,Engineering,Senior Developer,Austin,71526.79,9605.16,2024-02-14,2,74.5,amanda.anderson@company.com,(203) 280-3746,Active
EMP005841,Michael,Davis,Michael Davis,62,HR,Coordinator,Miami,68756.41,7355.43,2024-05-28,40,72.6,michael.davis@company.com,(415) 856-5288,Active
EMP005842,Ashley,Martinez,Ashley Martinez,32,HR,Specialist,Boston,50514.72,6549.76,2023-10-16,5,79.5,ashley.martinez@company.com,(994) 976-6432,Active
EMP005843,Daniel,Martinez,Daniel Martinez,30,HR,Director,Los Angeles,63001.88,7349.86,2023-02-24,4,88.1,daniel.martinez@company.com,(909) 330-6931,Active
EMP005844,Ashley,Miller,Ashley Miller,58,Engineering,Coordinator,Austin,144438.92,7588.25,2023-11-12,33,93.6,ashley.miller@company.com,(454) 973-6564,Active
EMP005845,Michael,Lopez,Michael Lopez,29,Sales,Director,Miami,51549.32,2464.35,2023-10-25,7,59.0,michael.lopez@company.com,(493) 588-7880,Inactive
EMP005846,John,Wilson,John Wilson,24,Marketing,Lead,Seattle,74631.91,2273.36,2020-07-27,0,40.9,john.wilson@company.com,(566) 687-6257,Active
EMP005847,Sarah,Smith,Sarah Smith,42,Engineering,Manager,San Francisco,103249.55,10025.71,2024-06-28,18,36.2,sarah.smith@company.com,(418) 220-3659,Active
EMP005848,Sarah,Jones,Sarah Jones,56,HR,Coordinator,Boston,88245.98,10605.44,2020-08-06,33,75.4,sarah.jones@company.com,(383) 298-7840,Active
EMP005849,Jessica,Jones,Jessica Jones,22,HR,Coordinator,Chicago,50828.41,7802.52,2021-06-15,0,74.9,jessica.jones@company.com,(301) 468-3073,Inactive
EMP005850,Stephanie,Davis,Stephanie Davis,55,Marketing,Analyst,Los Angeles,85714.19,2246.33,2020-08-21,30,65.3,stephanie.davis@company.com,(502) 470-6233,Active
EMP005851,Melissa,Brown,Melissa Brown,53,Operations,Specialist,New York,56426.82,7554.89,2021-10-21,27,81.4,melissa.brown@company.com,(327) 832-7435,Active
EMP005852,Daniel,Thomas,Daniel Thomas,33,Engineering,Senior Developer,San Francisco,91487.62,17428.45,2023-08-01,4,84.0,daniel.thomas@company.com,(561) 979-2645,Active
EMP005853,Stephanie,Moore,Stephanie Moore,25,Finance,Director,Chicago,64336.12,9994.16,2020-12-24,0,66.0,stephanie.moore@company.com,(923) 902-7442,Active
EMP005854,Amanda,Rodriguez,Amanda Rodriguez,61,IT,Director,New York,86486.61,6722.25,2021-01-28,37,81.3,amanda.rodriguez@company.com,(934) 596-4084,Active
EMP005855,James,Anderson,James Anderson,56,Sales,Director,Miami,108729.43,11964.58,2020-12-26,29,100.0,james.anderson@company.com,(405) 920-9981,Active
EMP005856,Ashley,Hernandez,Ashley Hernandez,23,Operations,Lead,Chicago,37551.55,3603.23,2023-02-19,0,63.5,ashley.hernandez@company.com,(947) 680-8160,Active
EMP005857,Emily,Gonzalez,Emily Gonzalez,37,Engineering,Director,Chicago,84963.88,10846.82,2021-11-06,11,56.5,emily.gonzalez@company.com,(639) 491-1358,On Leave
EMP005858,Anthony,Davis,Anthony Davis,39,Engineering,Senior Developer,Los Angeles,88217.06,8704.73,2023-05-13,16,68.2,anthony.davis@company.com,(941) 582-1203,Active
EMP005859,Nicole,Wilson,Nicole Wilson,63,Legal,Director,Los Angeles,117257.84,16724.95,2023-09-29,37,64.9,nicole.wilson@company.com,(737) 310-3020,Inactive
EMP005860,Anthony,Martinez,Anthony Martinez,42,Legal,Associate,Seattle,70431.3,9714.08,2020-08-29,14,60.0,anthony.martinez@company.com,(377) 440-2367,Active
EMP005861,John,Johnson,John Johnson,30,Marketing,Senior Developer,Seattle,46509.2,2491.75,2022-01-11,7,95.7,john.johnson@company.com,(544) 315-9100,Active
EMP005862,James,Taylor,James Taylor,49,IT,Lead,Austin,87303.66,11804.04,2021-03-07,22,67.1,james.taylor@company.com,(541) 409-4321,Active
EMP005863,Melissa,Johnson,Melissa Johnson,43,Marketing,Associate,Los Angeles,69613.77,11179.44,2022-06-08,19,42.7,melissa.johnson@company.com,(713) 643-9733,Active
EMP005864,Nicole,Rodriguez,Nicole Rodriguez,29,HR,Senior Developer,San Francisco,61451.39,3343.81,2022-02-27,2,74.6,nicole.rodriguez@company.com,(365) 268-1972,Active
EMP005865,Christopher,Lopez,Christopher Lopez,35,Sales,Specialist,Seattle,72502.37,5501.63,2024-09-21,11,90.5,christopher.lopez@company.com,(672) 411-7595,Active
EMP005866,Ashley,Miller,Ashley Miller,58,Sales,Coordinator,New York,71933.5,9997.48,2021-12-25,30,48.5,ashley.miller@company.com,(649) 707-2087,Active
EMP005867,Robert,Johnson,Robert Johnson,43,Marketing,Coordinator,Miami,47094.33,5796.24,2023-03-20,16,65.5,robert.johnson@company.com,(624) 242-9942,On Leave
EMP005868,James,Moore,James Moore,47,IT,Director,Miami,105757.59,5785.12,2021-11-10,22,96.2,james.moore@company.com,(733) 506-4339,Active
EMP005869,Emily,Miller,Emily Miller,29,Sales,Specialist,Seattle,59305.64,9469.32,2024-04-24,5,58.2,emily.miller@company.com,(541) 371-2661,Active
EMP005870,Nicole,Wilson,Nicole Wilson,46,Engineering,Analyst,Los Angeles,98164.18,3832.65,2023-08-09,24,60.8,nicole.wilson@company.com,(979) 205-9391,Active
EMP005871,Jane,Rodriguez,Jane Rodriguez,30,Engineering,Coordinator,San Francisco,105385.23,18596.97,2020-09-11,3,76.8,jane.rodriguez@company.com,(509) 963-2701,Active
EMP005872,Amanda,Johnson,Amanda Johnson,48,Operations,Senior Developer,New York,72415.01,6239.93,2023-12-12,24,96.4,amanda.johnson@company.com,(447) 890-5362,Active
EMP005873,William,Garcia,William Garcia,26,IT,Associate,Austin,105713.46,9357.89,2021-06-05,4,88.6,william.garcia@company.com,(273) 387-3814,Active
EMP005874,Ashley,Anderson,Ashley Anderson,45,Marketing,Specialist,Boston,64930.07,6405.99,2023-11-12,18,80.8,ashley.anderson@company.com,(424) 916-3921,Active
EMP005875,Robert,Martin,Robert Martin,59,IT,Specialist,New York,82974.16,11894.02,2020-09-16,31,94.9,robert.martin@company.com,(459) 226-9796,On Leave
EMP005876,Daniel,Martinez,Daniel Martinez,56,Finance,Coordinator,Chicago,53108.7,7240.36,2023-10-09,32,84.5,daniel.martinez@company.com,(442) 784-7556,Active
EMP005877,James,Garcia,James Garcia,44,Legal,Analyst,Los Angeles,93042.73,12667.25,2020-02-09,15,100.0,james.garcia@company.com,(782) 300-9979,Active
EMP005878,Sarah,Garcia,Sarah Garcia,36,Marketing,Associate,Seattle,57382.99,3141.07,2022-03-09,14,54.5,sarah.garcia@company.com,(325) 465-3614,Active
EMP005879,Nicole,Johnson,Nicole Johnson,26,Legal,Analyst,New York,80090.32,5816.23,2020-01-17,2,88.2,nicole.johnson@company.com,(822) 980-8668,Active
EMP005880,John,Martin,John Martin,55,IT,Coordinator,Austin,112201.78,9957.28,2024-11-10,30,74.4,john.martin@company.com,(303) 902-6212,Active
EMP005881,Michael,Thomas,Michael Thomas,28,Operations,Director,Austin,59883.1,3188.89,2020-08-28,6,84.7,michael.thomas@company.com,(650) 256-3216,Active
EMP005882,Amanda,Miller,Amanda Miller,33,HR,Lead,Miami,48944.34,513.25,2020-01-04,11,82.9,amanda.miller@company.com,(744) 598-1842,Active
EMP005883,Jessica,Anderson,Jessica Anderson,31,Legal,Lead,Boston,81339.33,2338.23,2021-01-03,4,85.6,jessica.anderson@company.com,(987) 576-4249,Active
EMP005884,Melissa,Jones,Melissa Jones,24,Engineering,Coordinator,San Francisco,50242.31,5418.03,2021-04-16,0,75.3,melissa.jones@company.com,(445) 432-1406,Active
EMP005885,Emily,Hernandez,Emily Hernandez,35,IT,Specialist,Los Angeles,118925.96,6015.83,2022-06-30,6,69.4,emily.hernandez@company.com,(981) 457-2100,Active
EMP005886,Jessica,Williams,Jessica Williams,32,Sales,Senior Developer,Boston,45951.74,685.9,2023-05-03,6,96.3,jessica.williams@company.com,(624) 715-4715,Active
EMP005887,Nicole,Martinez,Nicole Martinez,39,Marketing,Associate,Chicago,52437.25,10191.7,2023-09-05,14,58.6,nicole.martinez@company.com,(642) 402-2423,Active
EMP005888,Robert,Smith,Robert Smith,39,Engineering,Specialist,Austin,112738.87,17158.5,2023-11-17,12,67.2,robert.smith@company.com,(782) 320-5042,Active
EMP005889,Christopher,Hernandez,Christopher Hernandez,33,HR,Associate,Los Angeles,35677.99,2782.97,2022-10-13,10,86.1,christopher.hernandez@company.com,(290) 412-7568,Active
EMP005890,Robert,Hernandez,Robert Hernandez,24,Sales,Coordinator,Seattle,49419.25,4423.76,2020-12-11,0,65.7,robert.hernandez@company.com,(388) 727-3222,Active
EMP005891,James,Miller,James Miller,40,Finance,Analyst,Boston,74954.82,5882.92,2024-08-14,14,91.0,james.miller@company.com,(933) 809-8321,Active
EMP005892,Anthony,Miller,Anthony Miller,29,Finance,Coordinator,Los Angeles,84440.46,21687.21,2022-06-16,2,98.5,anthony.miller@company.com,(667) 522-4930,On Leave
EMP005893,Jessica,Lopez,Jessica Lopez,51,Marketing,Lead,San Francisco,94730.3,11179.08,2020-01-01,22,61.6,jessica.lopez@company.com,(899) 596-5820,Active
EMP005894,Stephanie,Martinez,Stephanie Martinez,49,Sales,Director,Chicago,53728.86,4042.66,2023-11-18,23,56.7,stephanie.martinez@company.com,(955) 856-2250,Active
EMP005895,Jane,Jones,Jane Jones,28,Finance,Lead,Seattle,72009.22,365.35,2022-10-27,3,85.2,jane.jones@company.com,(409) 208-8414,Inactive
EMP005896,John,Brown,John Brown,58,IT,Analyst,Austin,125904.52,17129.67,2022-10-15,31,71.3,john.brown@company.com,(849) 221-4105,Active
EMP005897,Anthony,Brown,Anthony Brown,32,Finance,Manager,San Francisco,76920.08,14193.61,2023-10-15,3,86.4,anthony.brown@company.com,(554) 328-7232,Inactive
EMP005898,Christopher,Miller,Christopher Miller,34,IT,Analyst,Seattle,58999.18,3604.92,2022-08-09,9,67.8,christopher.miller@company.com,(356) 947-2214,Active
EMP005899,Christopher,Rodriguez,Christopher Rodriguez,23,Operations,Director,Seattle,44477.5,3445.78,2022-03-04,0,72.6,christopher.rodriguez@company.com,(698) 628-9350,Active
EMP005900,Melissa,Martin,Melissa Martin,61,IT,Specialist,Miami,117878.08,5909.61,2022-03-09,35,100.0,melissa.martin@company.com,(690) 844-4046,Active
EMP005901,Matthew,Wilson,Matthew Wilson,28,HR,Senior Developer,New York,58622.48,3935.75,2023-11-16,0,73.0,matthew.wilson@company.com,(438) 411-4614,Active
EMP005902,Lisa,Moore,Lisa Moore,36,Marketing,Lead,San Francisco,84889.79,14536.65,2020-01-03,12,73.4,lisa.moore@company.com,(375) 856-7832,Active
EMP005903,Melissa,Brown,Melissa Brown,37,IT,Specialist,San Francisco,90444.78,9748.94,2024-10-20,10,77.4,melissa.brown@company.com,(817) 489-2540,Inactive
EMP005904,Amanda,Brown,Amanda Brown,28,Finance,Coordinator,Miami,40260.96,6486.41,2022-05-15,3,82.8,amanda.brown@company.com,(326) 625-1681,Active
EMP005905,Nicole,Martinez,Nicole Martinez,45,Operations,Associate,Chicago,55547.41,4077.48,2020-02-29,18,76.1,nicole.martinez@company.com,(628) 727-4013,Active
EMP005906,Matthew,Anderson,Matthew Anderson,26,Operations,Senior Developer,Los Angeles,61330.57,6912.1,2021-09-20,0,52.4,matthew.anderson@company.com,(997) 286-1176,Active
EMP005907,Christopher,Gonzalez,Christopher Gonzalez,61,Sales,Analyst,Boston,94824.81,13754.1,2023-06-25,34,51.2,christopher.gonzalez@company.com,(394) 361-6527,On Leave
EMP005908,Daniel,Taylor,Daniel Taylor,51,Engineering,Manager,Boston,78705.66,2548.01,2022-05-17,29,90.9,daniel.taylor@company.com,(782) 215-4133,Active
EMP005909,Jessica,Martinez,Jessica Martinez,63,Legal,Senior Developer,San Francisco,133920.94,21359.85,2021-01-11,40,91.1,jessica.martinez@company.com,(250) 340-8680,Active
EMP005910,David,Davis,David Davis,64,Operations,Senior Developer,Boston,89465.46,10191.28,2023-11-22,37,92.3,david.davis@company.com,(903) 342-3524,On Leave
EMP005911,Jane,Anderson,Jane Anderson,23,Marketing,Director,Chicago,59048.18,5421.49,2020-04-03,0,87.4,jane.anderson@company.com,(409) 448-7089,Active
EMP005912,David,Davis,David Davis,30,HR,Senior Developer,Boston,54624.09,5404.81,2020-08-04,6,79.2,david.davis@company.com,(915) 322-4950,Active
EMP005913,Lisa,Jackson,Lisa Jackson,51,Legal,Director,Miami,113768.08,13930.07,2023-01-13,29,70.6,lisa.jackson@company.com,(877) 668-3577,Active
EMP005914,Daniel,Gonzalez,Daniel Gonzalez,36,Legal,Director,Chicago,73449.19,9167.96,2022-03-12,7,78.8,daniel.gonzalez@company.com,(207) 850-5801,Active
EMP005915,Anthony,Gonzalez,Anthony Gonzalez,46,IT,Senior Developer,Boston,108129.99,12360.11,2021-09-15,20,93.8,anthony.gonzalez@company.com,(461) 902-5263,Active
EMP005916,Christopher,Hernandez,Christopher Hernandez,60,Legal,Director,Seattle,90764.91,7313.85,2020-02-18,38,89.8,christopher.hernandez@company.com,(612) 358-1380,Active
EMP005917,Michael,Martinez,Michael Martinez,63,Finance,Lead,San Francisco,108870.68,6515.71,2020-10-16,38,84.2,michael.martinez@company.com,(251) 377-9420,Active
EMP005918,Robert,Smith,Robert Smith,45,Engineering,Director,Seattle,110234.85,14798.44,2023-08-17,23,95.2,robert.smith@company.com,(423) 799-2960,On Leave
EMP005919,Michael,Jackson,Michael Jackson,37,Sales,Lead,San Francisco,86723.06,2314.5,2023-04-25,12,95.4,michael.jackson@company.com,(620) 455-4195,Active
EMP005920,James,Smith,James Smith,29,Legal,Coordinator,Seattle,81071.41,7798.03,2020-04-18,4,100.0,james.smith@company.com,(489) 489-4916,Active
EMP005921,Emily,Anderson,Emily Anderson,29,Sales,Manager,Chicago,77640.27,7374.9,2020-10-17,2,98.1,emily.anderson@company.com,(923) 732-5603,On Leave
EMP005922,William,Brown,William Brown,61,IT,Associate,San Francisco,119996.98,9384.57,2023-04-27,32,81.4,william.brown@company.com,(418) 900-7692,Active
EMP005923,William,Johnson,William Johnson,45,Operations,Associate,San Francisco,66641.41,10772.66,2021-04-21,23,86.3,william.johnson@company.com,(335) 446-9289,Active
EMP005924,Melissa,Smith,Melissa Smith,34,Operations,Specialist,Miami,73197.65,9861.72,2020-06-05,8,74.0,melissa.smith@company.com,(238) 448-8796,Active
EMP005925,Emily,Garcia,Emily Garcia,52,IT,Specialist,Boston,111473.01,4128.08,2020-09-07,24,80.7,emily.garcia@company.com,(935) 534-3107,Active
EMP005926,Nicole,Miller,Nicole Miller,51,Operations,Associate,San Francisco,65282.03,8431.34,2021-04-24,23,64.1,nicole.miller@company.com,(522) 704-9470,Active
EMP005927,Sarah,Wilson,Sarah Wilson,42,Finance,Associate,Seattle,77711.6,10119.47,2022-04-20,18,65.0,sarah.wilson@company.com,(712) 481-8845,Active
EMP005928,Robert,Garcia,Robert Garcia,22,Engineering,Manager,San Francisco,104950.26,6558.9,2024-12-22,0,92.3,robert.garcia@company.com,(382) 818-2654,Inactive
EMP005929,Matthew,Hernandez,Matthew Hernandez,36,Sales,Coordinator,San Francisco,76894.1,7625.31,2022-12-12,8,55.4,matthew.hernandez@company.com,(283) 323-1871,Active
EMP005930,Christopher,Johnson,Christopher Johnson,39,Marketing,Coordinator,Austin,45554.75,4124.71,2021-05-26,17,65.1,christopher.johnson@company.com,(545) 849-7507,Active
EMP005931,Matthew,Jackson,Matthew Jackson,62,Engineering,Specialist,San Francisco,126244.15,11570.77,2020-04-08,33,62.6,matthew.jackson@company.com,(750) 316-3303,Active
EMP005932,James,Wilson,James Wilson,64,HR,Associate,San Francisco,104100.56,1173.6,2022-10-11,41,82.0,james.wilson@company.com,(591) 604-1803,Active
EMP005933,Sarah,Gonzalez,Sarah Gonzalez,61,Marketing,Specialist,Miami,92471.01,9376.91,2024-11-18,36,75.3,sarah.gonzalez@company.com,(679) 724-8534,On Leave
EMP005934,Nicole,Williams,Nicole Williams,65,HR,Specialist,Austin,105767.89,11488.54,2022-10-18,37,93.2,nicole.williams@company.com,(885) 654-1748,Active
EMP005935,Michael,Smith,Michael Smith,48,Finance,Director,Miami,73463.21,8864.62,2020-01-04,22,69.2,michael.smith@company.com,(842) 768-1501,Active
EMP005936,Matthew,Garcia,Matthew Garcia,64,Sales,Senior Developer,Austin,100158.01,7585.97,2023-12-13,40,61.8,matthew.garcia@company.com,(280) 913-5883,Active
EMP005937,Emily,Martinez,Emily Martinez,44,Sales,Director,Seattle,67364.84,3542.2,2020-02-12,15,88.8,emily.martinez@company.com,(480) 978-5842,Active
EMP005938,Anthony,Anderson,Anthony Anderson,50,Finance,Coordinator,Chicago,74646.95,5131.25,2023-02-26,25,78.8,anthony.anderson@company.com,(622) 426-5920,Active
EMP005939,John,Smith,John Smith,63,Sales,Associate,Miami,77306.03,9314.64,2022-12-13,37,100.0,john.smith@company.com,(937) 947-4704,Active
EMP005940,Amanda,Smith,Amanda Smith,41,Engineering,Senior Developer,Seattle,91296.81,10093.74,2023-06-20,16,83.2,amanda.smith@company.com,(572) 291-2419,Active
EMP005941,Jane,Miller,Jane Miller,56,Engineering,Associate,Miami,108077.39,8329.35,2024-10-25,32,73.0,jane.miller@company.com,(599) 272-8810,Active
EMP005942,Sarah,Gonzalez,Sarah Gonzalez,48,IT,Associate,Seattle,128912.74,7114.63,2021-09-28,21,71.5,sarah.gonzalez@company.com,(906) 751-3219,Active
EMP005943,John,Martin,John Martin,38,Legal,Specialist,Chicago,81986.14,2874.76,2024-04-22,12,86.4,john.martin@company.com,(735) 272-9386,Active
EMP005944,Christopher,Jackson,Christopher Jackson,54,IT,Director,Chicago,70713.99,12945.97,2024-05-17,30,65.2,christopher.jackson@company.com,(487) 460-5195,Active
EMP005945,Amanda,Anderson,Amanda Anderson,59,Marketing,Lead,Seattle,64932.75,3896.81,2024-03-28,33,42.9,amanda.anderson@company.com,(672) 375-2358,Active
EMP005946,Anthony,Wilson,Anthony Wilson,43,HR,Analyst,Los Angeles,61951.76,5179.19,2020-02-22,14,74.4,anthony.wilson@company.com,(924) 796-2218,Active
EMP005947,William,Jackson,William Jackson,57,Finance,Lead,San Francisco,94566.59,4855.46,2024-02-15,35,73.5,william.jackson@company.com,(917) 361-4173,Active
EMP005948,Lisa,Smith,Lisa Smith,44,Sales,Manager,Miami,87297.77,4051.17,2023-12-02,18,72.5,lisa.smith@company.com,(599) 633-9634,Inactive
EMP005949,Jessica,Anderson,Jessica Anderson,48,Marketing,Coordinator,San Francisco,80093.98,9824.28,2024-05-30,24,75.7,jessica.anderson@company.com,(768) 789-4530,Active
EMP005950,Matthew,Rodriguez,Matthew Rodriguez,22,Engineering,Lead,Seattle,72947.26,5354.47,2020-03-21,0,62.1,matthew.rodriguez@company.com,(997) 574-8480,Active
EMP005951,Emily,Wilson,Emily Wilson,34,Operations,Coordinator,Los Angeles,72841.39,4616.22,2022-02-25,12,49.1,emily.wilson@company.com,(909) 484-2652,Active
EMP005952,James,Gonzalez,James Gonzalez,41,IT,Lead,Los Angeles,101402.37,5999.23,2020-07-13,14,74.9,james.gonzalez@company.com,(543) 669-2837,On Leave
EMP005953,Sarah,Jones,Sarah Jones,31,Engineering,Manager,Miami,63768.61,8718.24,2020-08-02,7,82.8,sarah.jones@company.com,(734) 905-1289,Active
EMP005954,Matthew,Jackson,Matthew Jackson,52,HR,Associate,Boston,66148.73,3134.04,2022-10-01,24,67.7,matthew.jackson@company.com,(846) 803-4043,Active
EMP005955,Stephanie,Garcia,Stephanie Garcia,59,Operations,Analyst,Boston,64506.79,6868.59,2021-12-07,32,60.9,stephanie.garcia@company.com,(671) 631-2280,Active
EMP005956,Jessica,Miller,Jessica Miller,46,Operations,Manager,Seattle,67258.18,10974.9,2024-09-17,22,55.0,jessica.miller@company.com,(728) 627-2074,Active
EMP005957,Matthew,Miller,Matthew Miller,49,Engineering,Director,Seattle,106865.78,7577.74,2021-07-27,20,59.4,matthew.miller@company.com,(348) 364-9126,Active
EMP005958,Robert,Jones,Robert Jones,44,Sales,Senior Developer,New York,72313.95,9218.32,2023-12-29,21,64.0,robert.jones@company.com,(446) 424-9915,Active
EMP005959,Robert,Smith,Robert Smith,43,Engineering,Manager,Seattle,84840.15,10727.09,2020-04-07,20,82.5,robert.smith@company.com,(453) 701-7887,Active
EMP005960,Ashley,Jackson,Ashley Jackson,35,Engineering,Specialist,San Francisco,85945.35,7767.51,2020-03-27,10,86.9,ashley.jackson@company.com,(547) 643-6453,Active
EMP005961,David,Lopez,David Lopez,51,Legal,Manager,Miami,93539.14,10074.86,2023-10-09,24,56.5,david.lopez@company.com,(957) 812-1760,Active
EMP005962,Lisa,Johnson,Lisa Johnson,61,Marketing,Manager,Miami,61401.46,6011.22,2021-07-09,37,64.0,lisa.johnson@company.com,(600) 397-7470,Active
EMP005963,Michael,Martin,Michael Martin,32,Sales,Associate,Austin,52736.1,5186.53,2024-12-09,5,66.1,michael.martin@company.com,(473) 743-9860,Active
EMP005964,David,Wilson,David Wilson,50,IT,Associate,San Francisco,96858.26,28759.65,2023-12-05,24,75.7,david.wilson@company.com,(398) 598-8292,Active
EMP005965,Melissa,Williams,Melissa Williams,37,Legal,Coordinator,Miami,91010.59,8754.96,2021-01-14,15,83.4,melissa.williams@company.com,(812) 620-5901,Inactive
EMP005966,Emily,Gonzalez,Emily Gonzalez,38,Sales,Specialist,Boston,67952.16,5625.12,2023-12-19,11,96.3,emily.gonzalez@company.com,(753) 847-8571,Inactive
EMP005967,Nicole,Williams,Nicole Williams,54,Finance,Analyst,San Francisco,76141.7,9399.27,2021-06-12,32,70.8,nicole.williams@company.com,(535) 367-8285,Active
EMP005968,Melissa,Johnson,Melissa Johnson,62,Operations,Lead,New York,87535.41,2929.95,2021-11-22,38,66.9,melissa.johnson@company.com,(546) 241-6277,Active
EMP005969,William,Martinez,William Martinez,27,Sales,Lead,Los Angeles,41605.03,2609.13,2022-11-23,0,95.5,william.martinez@company.com,(805) 932-7029,Inactive
EMP005970,Sarah,Davis,Sarah Davis,22,Sales,Lead,Austin,61114.71,7327.74,2020-05-07,0,92.1,sarah.davis@company.com,(648) 485-2322,Active
EMP005971,Emily,Smith,Emily Smith,26,Sales,Specialist,Austin,61881.55,1582.48,2024-09-08,4,84.4,emily.smith@company.com,(838) 872-9813,Inactive
EMP005972,Robert,Moore,Robert Moore,34,Marketing,Specialist,San Francisco,55184.42,3137.88,2020-02-04,8,78.3,robert.moore@company.com,(499) 599-3898,Active
EMP005973,Nicole,Wilson,Nicole Wilson,34,HR,Lead,Boston,62867.53,5208.34,2024-03-21,8,55.9,nicole.wilson@company.com,(389) 420-7726,Active
EMP005974,Melissa,Davis,Melissa Davis,39,HR,Manager,New York,80288.5,11243.47,2021-05-10,17,97.4,melissa.davis@company.com,(513) 526-5861,Active
EMP005975,Matthew,Martinez,Matthew Martinez,62,HR,Senior Developer,Chicago,72574.23,8328.12,2024-03-10,35,53.0,matthew.martinez@company.com,(243) 808-6273,Active
EMP005976,Lisa,Gonzalez,Lisa Gonzalez,30,IT,Lead,San Francisco,63725.58,5205.25,2022-08-01,1,77.3,lisa.gonzalez@company.com,(935) 881-4083,Active
EMP005977,Melissa,Jackson,Melissa Jackson,30,Engineering,Specialist,San Francisco,60495.92,1559.19,2022-03-23,7,87.9,melissa.jackson@company.com,(656) 629-2116,Active
EMP005978,Lisa,Jackson,Lisa Jackson,54,Operations,Senior Developer,San Francisco,69102.45,5864.29,2024-03-20,27,72.6,lisa.jackson@company.com,(240) 420-6752,Active
EMP005979,Emily,Hernandez,Emily Hernandez,28,Legal,Analyst,Los Angeles,79470.65,6381.85,2020-05-21,1,79.2,emily.hernandez@company.com,(258) 943-1551,Active
EMP005980,John,Lopez,John Lopez,27,Legal,Coordinator,Boston,93118.97,6936.81,2020-02-17,4,74.4,john.lopez@company.com,(224) 256-5207,Active
EMP005981,Michael,Lopez,Michael Lopez,30,IT,Director,Los Angeles,39797.4,3311.9,2020-03-25,1,77.2,michael.lopez@company.com,(583) 944-8353,Inactive
EMP005982,Melissa,Lopez,Melissa Lopez,63,IT,Analyst,Chicago,130667.72,22608.95,2020-02-14,37,81.7,melissa.lopez@company.com,(367) 316-8389,Active
EMP005983,Anthony,Garcia,Anthony Garcia,22,HR,Coordinator,New York,52475.35,5254.14,2021-02-01,0,79.5,anthony.garcia@company.com,(670) 229-2925,Active
EMP005984,Melissa,Gonzalez,Melissa Gonzalez,44,Engineering,Analyst,Miami,103228.11,7155.9,2020-01-10,17,76.6,melissa.gonzalez@company.com,(887) 421-3501,Inactive
EMP005985,William,Taylor,William Taylor,27,HR,Director,Chicago,45916.78,3576.03,2023-08-20,1,76.5,william.taylor@company.com,(676) 693-6990,Active
EMP005986,Melissa,Martin,Melissa Martin,53,Finance,Associate,Los Angeles,82076.09,2523.33,2024-11-07,24,87.3,melissa.martin@company.com,(758) 532-4350,Active
EMP005987,William,Brown,William Brown,36,Finance,Analyst,Seattle,69740.77,6326.07,2022-05-07,9,60.3,william.brown@company.com,(865) 775-9327,On Leave
EMP005988,Jane,Thomas,Jane Thomas,59,Legal,Lead,Boston,101304.6,9935.78,2024-11-13,33,69.4,jane.thomas@company.com,(848) 492-8163,Active
EMP005989,Matthew,Hernandez,Matthew Hernandez,55,Legal,Associate,Boston,103830.5,13662.53,2024-08-09,27,100.0,matthew.hernandez@company.com,(506) 575-2437,Active
EMP005990,Anthony,Garcia,Anthony Garcia,31,Finance,Lead,Chicago,59265.28,9224.28,2023-03-08,6,77.2,anthony.garcia@company.com,(447) 471-7322,Active
EMP005991,David,Martin,David Martin,46,Operations,Associate,San Francisco,66309.72,2346.51,2021-12-09,20,82.2,david.martin@company.com,(347) 387-9542,Active
EMP005992,Robert,Hernandez,Robert Hernandez,34,Sales,Lead,San Francisco,83333.52,4089.75,2022-09-11,9,74.1,robert.hernandez@company.com,(743) 602-4940,Active
EMP005993,Michael,Rodriguez,Michael Rodriguez,29,Finance,Lead,Miami,63804.52,5046.57,2022-06-22,2,100.0,michael.rodriguez@company.com,(507) 655-7677,Active
EMP005994,Anthony,Anderson,Anthony Anderson,51,Sales,Director,New York,43756.69,4908.06,2020-05-17,28,66.5,anthony.anderson@company.com,(736) 749-8189,Inactive
EMP005995,Emily,Thomas,Emily Thomas,40,Legal,Manager,Los Angeles,83558.89,12203.71,2024-11-26,12,69.0,emily.thomas@company.com,(619) 883-9836,Active
EMP005996,Matthew,Gonzalez,Matthew Gonzalez,47,Legal,Analyst,Seattle,50386.64,2073.36,2020-01-19,22,55.1,matthew.gonzalez@company.com,(538) 902-1498,Active
EMP005997,James,Thomas,James Thomas,45,Finance,Analyst,Los Angeles,88052.09,18659.22,2020-10-22,16,79.6,james.thomas@company.com,(271) 614-4428,Active
EMP005998,Stephanie,Hernandez,Stephanie Hernandez,54,Sales,Coordinator,Los Angeles,99478.31,9113.0,2024-04-29,28,72.0,stephanie.hernandez@company.com,(316) 554-4812,Active
EMP005999,Michael,Martinez,Michael Martinez,26,Sales,Analyst,Austin,62537.61,7687.37,2023-07-11,2,76.4,michael.martinez@company.com,(830) 713-8934,Active
EMP006000,Nicole,Wilson,Nicole Wilson,36,IT,Senior Developer,Boston,77955.74,10967.75,2023-08-01,9,74.9,nicole.wilson@company.com,(459) 647-7715,Active
EMP006001,Sarah,Thomas,Sarah Thomas,53,Engineering,Director,Boston,104544.15,12449.63,2023-06-11,30,80.1,sarah.thomas@company.com,(624) 674-1606,Active
EMP006002,James,Lopez,James Lopez,47,Marketing,Associate,Chicago,80420.67,8305.66,2021-09-23,20,59.2,james.lopez@company.com,(279) 955-3190,Active
EMP006003,Christopher,Lopez,Christopher Lopez,41,Operations,Coordinator,Chicago,70782.27,5540.92,2024-01-11,18,67.5,christopher.lopez@company.com,(697) 774-8411,On Leave
EMP006004,Robert,Hernandez,Robert Hernandez,27,Sales,Director,Los Angeles,59419.26,975.9,2020-10-12,4,72.4,robert.hernandez@company.com,(205) 384-3606,Active
EMP006005,Daniel,Brown,Daniel Brown,31,Sales,Senior Developer,Austin,54613.31,6284.81,2022-10-21,3,66.3,daniel.brown@company.com,(251) 261-3344,Active
EMP006006,William,Martin,William Martin,35,Engineering,Specialist,New York,94801.87,2125.64,2022-06-25,7,88.2,william.martin@company.com,(902) 522-6453,Active
EMP006007,Melissa,Davis,Melissa Davis,34,Finance,Analyst,Austin,48778.44,2173.2,2023-02-21,9,96.5,melissa.davis@company.com,(384) 434-2118,Active
EMP006008,Michael,Moore,Michael Moore,43,HR,Associate,Los Angeles,58329.18,6423.94,2023-04-03,18,92.1,michael.moore@company.com,(943) 468-9479,Active
EMP006009,Anthony,Taylor,Anthony Taylor,25,Engineering,Associate,Seattle,57630.6,3973.22,2023-05-14,0,67.3,anthony.taylor@company.com,(728) 971-9146,Active
EMP006010,Anthony,Anderson,Anthony Anderson,36,Operations,Coordinator,Seattle,56656.49,9776.55,2022-05-24,13,66.2,anthony.anderson@company.com,(345) 685-2753,Inactive
EMP006011,Robert,Anderson,Robert Anderson,65,Engineering,Specialist,Chicago,142692.58,22131.03,2021-09-04,39,65.8,robert.anderson@company.com,(601) 824-9605,Active
EMP006012,Anthony,Moore,Anthony Moore,34,Engineering,Associate,New York,97404.68,16133.81,2022-03-28,5,61.3,anthony.moore@company.com,(228) 787-5864,Active
EMP006013,Robert,Johnson,Robert Johnson,35,IT,Associate,Chicago,102538.19,15121.99,2021-08-18,6,71.8,robert.johnson@company.com,(615) 937-6432,Active
EMP006014,Nicole,Jackson,Nicole Jackson,28,Legal,Specialist,Chicago,83848.83,8067.33,2021-07-02,3,64.6,nicole.jackson@company.com,(977) 507-7370,Inactive
EMP006015,Jessica,Williams,Jessica Williams,57,Marketing,Analyst,Seattle,87377.13,5616.29,2023-11-08,32,58.7,jessica.williams@company.com,(243) 793-3830,Active
EMP006016,Anthony,Davis,Anthony Davis,51,Engineering,Senior Developer,San Francisco,73860.92,2925.32,2020-10-20,29,85.4,anthony.davis@company.com,(341) 238-3976,On Leave
EMP006017,Michael,Hernandez,Michael Hernandez,46,Sales,Coordinator,Chicago,102068.41,17842.57,2020-06-09,23,54.2,michael.hernandez@company.com,(415) 592-9349,Active
EMP006018,James,Martinez,James Martinez,40,Sales,Coordinator,Los Angeles,78184.65,6263.59,2020-12-04,14,75.6,james.martinez@company.com,(435) 700-1128,Active
EMP006019,Nicole,Anderson,Nicole Anderson,26,Legal,Coordinator,Miami,75693.55,5123.06,2020-06-07,3,58.7,nicole.anderson@company.com,(829) 255-1757,Active
EMP006020,Emily,Wilson,Emily Wilson,45,Engineering,Director,Miami,99930.67,6423.38,2021-08-10,20,75.7,emily.wilson@company.com,(978) 675-9347,Active
EMP006021,Jessica,Garcia,Jessica Garcia,60,IT,Specialist,Miami,105459.81,8893.59,2024-12-08,32,71.7,jessica.garcia@company.com,(744) 517-7917,Active
EMP006022,Jessica,Williams,Jessica Williams,48,Engineering,Analyst,Austin,113355.36,13292.75,2021-03-23,20,100.0,jessica.williams@company.com,(437) 757-6799,Active
EMP006023,Jessica,Anderson,Jessica Anderson,30,IT,Director,Miami,105187.86,2036.17,2020-04-22,8,56.8,jessica.anderson@company.com,(964) 564-9978,Active
EMP006024,Emily,Williams,Emily Williams,59,IT,Coordinator,Seattle,140873.21,13368.36,2023-05-18,36,71.6,emily.williams@company.com,(827) 629-9937,Active
EMP006025,William,Miller,William Miller,55,Sales,Senior Developer,Chicago,111893.42,11274.98,2020-11-01,32,62.6,william.miller@company.com,(564) 574-9215,Active
EMP006026,Matthew,Miller,Matthew Miller,37,Marketing,Manager,Austin,81636.97,3594.47,2022-09-04,9,62.0,matthew.miller@company.com,(756) 322-5378,Active
EMP006027,James,Anderson,James Anderson,53,Engineering,Lead,Los Angeles,112811.3,0.0,2020-04-29,26,74.2,james.anderson@company.com,(668) 710-4054,Active
EMP006028,Ashley,Rodriguez,Ashley Rodriguez,29,Operations,Lead,Seattle,79267.69,3923.07,2021-10-29,6,93.3,ashley.rodriguez@company.com,(869) 816-8177,Active
EMP006029,Jessica,Brown,Jessica Brown,43,Operations,Lead,Los Angeles,77819.45,4596.83,2021-03-07,17,57.6,jessica.brown@company.com,(319) 889-1679,Active
EMP006030,Emily,Gonzalez,Emily Gonzalez,47,Finance,Associate,Boston,67579.59,4855.51,2024-12-19,25,81.7,emily.gonzalez@company.com,(436) 785-5583,On Leave
EMP006031,Matthew,Martinez,Matthew Martinez,53,Operations,Senior Developer,Austin,88107.78,8618.72,2024-07-11,30,63.5,matthew.martinez@company.com,(212) 786-1238,Active
EMP006032,Amanda,Moore,Amanda Moore,59,Operations,Analyst,Miami,76879.03,8376.33,2022-02-13,35,62.7,amanda.moore@company.com,(394) 897-4071,Active
EMP006033,Melissa,Lopez,Melissa Lopez,43,Engineering,Lead,Chicago,92608.23,2493.99,2023-07-22,18,65.2,melissa.lopez@company.com,(272) 820-3533,Active
EMP006034,Emily,Brown,Emily Brown,45,Engineering,Director,Chicago,73212.91,17539.36,2023-01-30,16,91.3,emily.brown@company.com,(999) 649-3660,Inactive
EMP006035,Matthew,Moore,Matthew Moore,62,Engineering,Director,Miami,115343.91,9233.73,2022-06-09,38,76.8,matthew.moore@company.com,(624) 955-6039,Active
EMP006036,Melissa,Johnson,Melissa Johnson,43,IT,Manager,Boston,91118.86,6363.23,2024-01-31,16,90.3,melissa.johnson@company.com,(951) 899-2916,Active
EMP006037,Christopher,Rodriguez,Christopher Rodriguez,62,HR,Coordinator,Austin,73864.69,8339.76,2022-04-27,39,51.8,christopher.rodriguez@company.com,(346) 393-6460,Active
EMP006038,Emily,Williams,Emily Williams,55,Sales,Lead,San Francisco,94952.28,14287.97,2020-01-11,33,65.0,emily.williams@company.com,(902) 245-1067,Active
EMP006039,David,Garcia,David Garcia,51,Marketing,Coordinator,New York,60211.17,7452.79,2021-04-27,23,62.8,david.garcia@company.com,(334) 967-3733,Active
EMP006040,Anthony,Davis,Anthony Davis,30,Operations,Manager,Los Angeles,60414.86,4676.6,2022-12-19,2,78.4,anthony.davis@company.com,(784) 741-1496,Active
EMP006041,Christopher,Williams,Christopher Williams,43,Legal,Manager,San Francisco,60644.91,3712.83,2024-11-05,18,100.0,christopher.williams@company.com,(294) 492-8703,Inactive
EMP006042,Emily,Rodriguez,Emily Rodriguez,63,Legal,Senior Developer,Boston,133594.35,0.0,2024-04-23,37,80.0,emily.rodriguez@company.com,(324) 698-4136,Active
EMP006043,Christopher,Wilson,Christopher Wilson,47,Operations,Associate,New York,81516.05,10966.43,2022-11-20,25,91.2,christopher.wilson@company.com,(743) 844-9235,Active
EMP006044,Stephanie,Johnson,Stephanie Johnson,51,Marketing,Director,Miami,92285.44,9018.65,2020-09-05,22,59.7,stephanie.johnson@company.com,(634) 220-4909,Active
EMP006045,Amanda,Johnson,Amanda Johnson,59,Marketing,Coordinator,Seattle,70729.27,7277.1,2020-02-01,37,83.5,amanda.johnson@company.com,(603) 404-3074,Active
EMP006046,Jane,Lopez,Jane Lopez,43,Marketing,Senior Developer,Seattle,61090.95,5682.24,2023-09-15,21,73.4,jane.lopez@company.com,(637) 823-5213,Active
EMP006047,James,Wilson,James Wilson,35,Finance,Associate,Los Angeles,85533.85,9837.65,2022-02-14,7,83.3,james.wilson@company.com,(678) 606-5167,Active
EMP006048,Sarah,Rodriguez,Sarah Rodriguez,30,Marketing,Manager,Seattle,84224.4,7464.76,2020-02-05,4,93.0,sarah.rodriguez@company.com,(205) 213-2797,Active
EMP006049,Daniel,Rodriguez,Daniel Rodriguez,51,HR,Specialist,Miami,72458.84,2309.26,2022-09-28,22,55.0,daniel.rodriguez@company.com,(949) 299-1282,Active
EMP006050,Jessica,Taylor,Jessica Taylor,35,Marketing,Analyst,Austin,51239.09,5676.72,2020-10-28,9,84.4,jessica.taylor@company.com,(532) 940-9883,Active
EMP006051,Jessica,Thomas,Jessica Thomas,61,IT,Analyst,Chicago,141334.77,15586.78,2024-11-18,33,59.9,jessica.thomas@company.com,(414) 937-4855,Active
EMP006052,Jane,Brown,Jane Brown,39,Operations,Senior Developer,Seattle,67382.42,6123.3,2022-08-22,13,74.3,jane.brown@company.com,(705) 614-7046,Active
EMP006053,Stephanie,Wilson,Stephanie Wilson,39,Sales,Manager,New York,78981.02,7699.5,2020-03-14,13,54.1,stephanie.wilson@company.com,(219) 559-2413,Inactive
EMP006054,Sarah,Taylor,Sarah Taylor,22,IT,Specialist,Chicago,62268.88,7887.97,2022-10-20,0,92.1,sarah.taylor@company.com,(822) 970-4911,Active
EMP006055,Robert,Martinez,Robert Martinez,53,Sales,Manager,Seattle,91276.14,13000.16,2020-09-19,29,80.0,robert.martinez@company.com,(604) 802-7371,On Leave
EMP006056,Jessica,Williams,Jessica Williams,62,Operations,Coordinator,Boston,82612.26,8891.43,2023-10-16,38,70.0,jessica.williams@company.com,(738) 248-1309,Active
EMP006057,Amanda,Thomas,Amanda Thomas,37,Operations,Coordinator,Miami,51153.42,7057.58,2020-07-20,10,83.9,amanda.thomas@company.com,(906) 417-2796,Active
EMP006058,Jessica,Moore,Jessica Moore,53,Marketing,Lead,Austin,74134.0,9734.56,2020-04-21,28,95.0,jessica.moore@company.com,(881) 959-9806,Active
EMP006059,William,Gonzalez,William Gonzalez,30,Operations,Senior Developer,New York,60970.54,6609.52,2023-09-29,1,84.9,william.gonzalez@company.com,(402) 846-9874,Active
EMP006060,Matthew,Lopez,Matthew Lopez,24,Finance,Specialist,San Francisco,53191.37,7629.99,2020-12-28,1,66.3,matthew.lopez@company.com,(830) 431-3635,On Leave
EMP006061,William,Hernandez,William Hernandez,58,Legal,Senior Developer,New York,74775.76,7670.72,2022-08-20,36,67.1,william.hernandez@company.com,(659) 455-4744,Active
EMP006062,Melissa,Johnson,Melissa Johnson,28,Sales,Associate,New York,73678.42,13239.08,2022-01-10,5,82.8,melissa.johnson@company.com,(397) 611-1724,Active
EMP006063,Anthony,Thomas,Anthony Thomas,24,Sales,Lead,Chicago,59311.96,6670.44,2023-03-28,0,57.1,anthony.thomas@company.com,(438) 280-1623,Active
EMP006064,Christopher,Garcia,Christopher Garcia,60,Legal,Coordinator,Miami,144875.78,4562.54,2022-05-06,36,73.8,christopher.garcia@company.com,(993) 944-1004,Active
EMP006065,John,Martinez,John Martinez,59,Sales,Associate,Los Angeles,69812.27,8114.03,2020-01-22,32,57.3,john.martinez@company.com,(825) 568-7295,Active
EMP006066,Sarah,Williams,Sarah Williams,27,Marketing,Senior Developer,Chicago,49262.29,4941.29,2023-12-17,2,55.9,sarah.williams@company.com,(217) 692-6131,Active
EMP006067,Ashley,Davis,Ashley Davis,30,Operations,Manager,Austin,53631.19,6776.57,2023-04-13,5,75.5,ashley.davis@company.com,(704) 529-4657,On Leave
EMP006068,Christopher,Miller,Christopher Miller,50,Sales,Analyst,Seattle,79370.59,9886.49,2022-10-24,21,100.0,christopher.miller@company.com,(844) 805-7685,On Leave
EMP006069,Sarah,Taylor,Sarah Taylor,61,IT,Lead,San Francisco,115430.11,9624.54,2021-10-16,38,65.2,sarah.taylor@company.com,(862) 604-9936,Active
EMP006070,William,Hernandez,William Hernandez,41,Finance,Specialist,Los Angeles,54921.24,2825.18,2023-09-29,16,44.0,william.hernandez@company.com,(900) 373-3826,Active
EMP006071,Anthony,Jackson,Anthony Jackson,34,Marketing,Coordinator,Boston,56264.16,7845.51,2022-12-18,5,81.3,anthony.jackson@company.com,(992) 446-1892,Active
EMP006072,Amanda,Moore,Amanda Moore,28,Engineering,Coordinator,Miami,91977.57,10298.22,2022-04-10,4,42.6,amanda.moore@company.com,(841) 451-5160,Active
EMP006073,Lisa,Brown,Lisa Brown,56,Engineering,Director,Boston,145962.6,22628.7,2021-08-17,28,70.0,lisa.brown@company.com,(770) 759-4932,Inactive
EMP006074,Lisa,Garcia,Lisa Garcia,52,Legal,Lead,Chicago,91195.51,2323.36,2024-09-27,23,60.4,lisa.garcia@company.com,(653) 718-4435,Active
EMP006075,Melissa,Jackson,Melissa Jackson,44,HR,Senior Developer,Chicago,74364.94,7273.21,2023-02-14,20,65.9,melissa.jackson@company.com,(291) 595-8763,Active
EMP006076,Melissa,Anderson,Melissa Anderson,50,Sales,Manager,San Francisco,93312.12,2862.91,2021-04-07,25,71.4,melissa.anderson@company.com,(491) 244-3859,Active
EMP006077,Melissa,Davis,Melissa Davis,36,IT,Lead,San Francisco,86055.26,3925.46,2021-09-28,11,83.8,melissa.davis@company.com,(527) 665-5287,Active
EMP006078,Lisa,Williams,Lisa Williams,62,Finance,Manager,New York,124733.63,11182.39,2024-06-10,39,80.2,lisa.williams@company.com,(263) 228-1251,Inactive
EMP006079,Michael,Davis,Michael Davis,35,HR,Analyst,New York,60338.99,5560.71,2024-01-17,10,85.2,michael.davis@company.com,(320) 482-9971,Active
EMP006080,William,Smith,William Smith,27,Sales,Director,San Francisco,82337.71,7251.93,2024-09-05,0,75.0,william.smith@company.com,(989) 857-3648,Active
EMP006081,Nicole,Williams,Nicole Williams,23,Marketing,Lead,Miami,56516.94,3102.87,2020-10-28,0,72.0,nicole.williams@company.com,(472) 495-5092,Active
EMP006082,Stephanie,Martinez,Stephanie Martinez,42,Operations,Senior Developer,Los Angeles,60211.93,8835.42,2022-11-26,15,65.9,stephanie.martinez@company.com,(948) 959-6083,Active
EMP006083,Anthony,Brown,Anthony Brown,63,Operations,Director,Austin,96137.65,5585.17,2022-03-24,39,83.5,anthony.brown@company.com,(536) 835-8260,Active
EMP006084,Jane,Jackson,Jane Jackson,39,Sales,Lead,Seattle,73363.45,4775.19,2024-02-28,10,75.8,jane.jackson@company.com,(904) 321-4033,Active
EMP006085,Lisa,Smith,Lisa Smith,28,HR,Analyst,Austin,64091.59,8329.32,2024-09-22,5,88.1,lisa.smith@company.com,(963) 584-6694,Active
EMP006086,Anthony,Thomas,Anthony Thomas,30,IT,Analyst,San Francisco,103411.16,9720.3,2022-02-11,5,99.5,anthony.thomas@company.com,(612) 621-2936,Active
EMP006087,Anthony,Jackson,Anthony Jackson,65,Marketing,Lead,Miami,95253.13,10759.79,2023-10-12,40,83.9,anthony.jackson@company.com,(227) 891-9230,Active
EMP006088,Stephanie,Gonzalez,Stephanie Gonzalez,57,Operations,Specialist,Miami,73074.89,6739.44,2023-01-08,28,100.0,stephanie.gonzalez@company.com,(950) 634-7081,Active
EMP006089,Daniel,Anderson,Daniel Anderson,29,Operations,Lead,Miami,49944.22,2884.4,2022-06-07,4,73.1,daniel.anderson@company.com,(693) 419-9306,Active
EMP006090,Daniel,Hernandez,Daniel Hernandez,24,Engineering,Analyst,Los Angeles,76436.59,6957.52,2021-01-28,0,66.2,daniel.hernandez@company.com,(871) 948-5066,Active
EMP006091,Jessica,Davis,Jessica Davis,54,HR,Lead,Seattle,81345.69,11803.61,2024-04-30,29,89.6,jessica.davis@company.com,(489) 907-2529,Inactive
EMP006092,Emily,Wilson,Emily Wilson,60,Legal,Coordinator,Los Angeles,129715.31,8189.39,2022-07-08,37,61.4,emily.wilson@company.com,(253) 657-5028,Active
EMP006093,Nicole,Lopez,Nicole Lopez,56,Finance,Manager,Los Angeles,68649.61,11721.33,2024-03-03,29,90.5,nicole.lopez@company.com,(961) 973-6888,Active
EMP006094,Daniel,Miller,Daniel Miller,41,Marketing,Director,San Francisco,56784.3,11722.07,2021-03-22,19,43.7,daniel.miller@company.com,(203) 853-6443,Active
EMP006095,Daniel,Moore,Daniel Moore,35,Marketing,Analyst,New York,73098.35,13909.4,2024-01-02,7,70.9,daniel.moore@company.com,(994) 892-3562,Active
EMP006096,Amanda,Hernandez,Amanda Hernandez,49,Legal,Director,Los Angeles,89578.53,5335.42,2020-04-22,20,60.6,amanda.hernandez@company.com,(724) 735-9806,Active
EMP006097,Jane,Anderson,Jane Anderson,38,Sales,Associate,New York,76781.16,13875.5,2020-09-17,13,94.5,jane.anderson@company.com,(392) 901-2361,Active
EMP006098,Ashley,Davis,Ashley Davis,51,Finance,Senior Developer,Seattle,108598.9,9703.39,2023-02-26,28,62.8,ashley.davis@company.com,(703) 517-8440,Active
EMP006099,Nicole,Martinez,Nicole Martinez,23,IT,Senior Developer,Miami,48792.47,3889.17,2020-08-16,0,66.9,nicole.martinez@company.com,(920) 650-3594,Active
EMP006100,Matthew,Hernandez,Matthew Hernandez,51,IT,Specialist,Austin,72797.11,9116.15,2021-02-17,24,87.7,matthew.hernandez@company.com,(632) 582-1770,On Leave
EMP006101,William,Brown,William Brown,32,IT,Associate,Chicago,101635.76,7371.86,2022-07-21,9,76.6,william.brown@company.com,(382) 472-1177,Active
EMP006102,Christopher,Garcia,Christopher Garcia,24,Legal,Senior Developer,New York,60547.75,7915.37,2024-12-28,0,79.0,christopher.garcia@company.com,(930) 452-3337,Active
EMP006103,Amanda,Gonzalez,Amanda Gonzalez,39,IT,Manager,Miami,60545.71,5596.15,2020-05-09,11,65.4,amanda.gonzalez@company.com,(893) 834-2255,Active
EMP006104,Sarah,Anderson,Sarah Anderson,33,Sales,Specialist,New York,71664.34,3316.88,2024-05-28,11,46.4,sarah.anderson@company.com,(541) 932-3600,Active
EMP006105,Jane,Thomas,Jane Thomas,60,Sales,Analyst,New York,61976.39,12006.21,2020-12-19,34,63.5,jane.thomas@company.com,(280) 448-2714,On Leave
EMP006106,Anthony,Gonzalez,Anthony Gonzalez,64,Engineering,Manager,Boston,118631.7,14390.7,2021-01-25,37,82.1,anthony.gonzalez@company.com,(519) 594-2785,Inactive
EMP006107,Michael,Thomas,Michael Thomas,32,HR,Senior Developer,Seattle,71559.0,4059.82,2022-09-15,6,71.9,michael.thomas@company.com,(923) 462-2441,Active
EMP006108,Amanda,Lopez,Amanda Lopez,51,Finance,Senior Developer,Boston,104262.59,5886.8,2024-07-09,26,70.6,amanda.lopez@company.com,(387) 453-4382,Inactive
EMP006109,James,Lopez,James Lopez,54,Sales,Specialist,Los Angeles,84464.62,5498.51,2024-03-07,28,62.2,james.lopez@company.com,(834) 289-6717,Active
EMP006110,Christopher,Miller,Christopher Miller,39,Engineering,Associate,Austin,104667.97,12260.93,2021-02-13,10,67.8,christopher.miller@company.com,(438) 724-7751,Active
EMP006111,Matthew,Gonzalez,Matthew Gonzalez,34,Operations,Manager,New York,71670.11,2786.25,2022-07-03,6,74.1,matthew.gonzalez@company.com,(501) 468-4420,Active
EMP006112,James,Smith,James Smith,27,Sales,Associate,San Francisco,69515.45,5190.07,2022-01-19,3,83.1,james.smith@company.com,(436) 607-5254,Active
EMP006113,Christopher,Wilson,Christopher Wilson,53,IT,Lead,Miami,122117.15,3419.22,2022-11-04,29,82.9,christopher.wilson@company.com,(840) 301-4407,Active
EMP006114,Ashley,Hernandez,Ashley Hernandez,55,Marketing,Specialist,Seattle,85167.9,12052.35,2023-01-26,28,100.0,ashley.hernandez@company.com,(643) 481-2062,Active
EMP006115,James,Miller,James Miller,26,Operations,Manager,New York,45108.3,4605.11,2023-10-01,1,65.1,james.miller@company.com,(471) 401-6753,Active
EMP006116,Michael,Taylor,Michael Taylor,49,Finance,Associate,New York,80363.78,1520.38,2021-03-03,25,79.4,michael.taylor@company.com,(812) 357-5218,Active
EMP006117,Christopher,Lopez,Christopher Lopez,56,Sales,Analyst,Austin,77975.1,4215.75,2022-07-22,28,85.4,christopher.lopez@company.com,(287) 250-1565,Active
EMP006118,Anthony,Brown,Anthony Brown,39,Marketing,Specialist,Los Angeles,83257.09,10120.99,2024-03-21,11,55.8,anthony.brown@company.com,(441) 728-5346,Active
EMP006119,John,Martin,John Martin,34,Sales,Manager,Chicago,44012.94,2681.97,2022-01-12,9,76.9,john.martin@company.com,(249) 820-2557,On Leave
EMP006120,Robert,Davis,Robert Davis,62,Marketing,Associate,Austin,96375.25,0.0,2020-09-17,37,68.1,robert.davis@company.com,(525) 796-4604,Active
EMP006121,Nicole,Wilson,Nicole Wilson,61,Operations,Senior Developer,Miami,86609.76,15878.38,2020-08-15,37,75.2,nicole.wilson@company.com,(911) 822-3766,Active
EMP006122,Anthony,Brown,Anthony Brown,52,Marketing,Manager,Austin,59775.39,7824.17,2024-12-15,23,72.7,anthony.brown@company.com,(227) 637-3837,Inactive
EMP006123,Nicole,Brown,Nicole Brown,22,HR,Specialist,Chicago,51206.39,7530.86,2022-01-15,0,51.7,nicole.brown@company.com,(318) 624-9091,Active
EMP006124,Melissa,Anderson,Melissa Anderson,32,IT,Associate,San Francisco,88319.85,96.87,2020-01-17,10,100.0,melissa.anderson@company.com,(703) 835-2398,Active
EMP006125,David,Martin,David Martin,43,Marketing,Director,Austin,89677.27,11455.46,2023-12-11,17,90.5,david.martin@company.com,(534) 778-3013,Active
EMP006126,Robert,Lopez,Robert Lopez,64,HR,Coordinator,San Francisco,72890.6,3981.55,2021-05-21,38,70.8,robert.lopez@company.com,(560) 642-3745,Active
EMP006127,Nicole,Anderson,Nicole Anderson,59,Marketing,Coordinator,Seattle,89917.16,5273.47,2023-11-30,30,81.3,nicole.anderson@company.com,(848) 222-5467,Active
EMP006128,John,Jackson,John Jackson,39,Finance,Specialist,San Francisco,78385.38,4857.62,2024-06-12,15,82.6,john.jackson@company.com,(657) 881-9133,Active
EMP006129,Stephanie,Moore,Stephanie Moore,62,Marketing,Senior Developer,Chicago,96872.35,0.0,2023-01-03,40,89.7,stephanie.moore@company.com,(866) 331-5755,Active
EMP006130,Nicole,Garcia,Nicole Garcia,58,Sales,Director,Los Angeles,85359.34,10807.51,2022-02-07,35,72.1,nicole.garcia@company.com,(333) 812-8998,Active
EMP006131,Matthew,Wilson,Matthew Wilson,46,Finance,Director,Miami,91025.74,11470.31,2020-10-16,20,84.6,matthew.wilson@company.com,(933) 366-4566,Inactive
EMP006132,David,Rodriguez,David Rodriguez,40,Marketing,Director,Los Angeles,72346.01,10674.91,2022-07-16,13,89.6,david.rodriguez@company.com,(769) 942-4519,Active
EMP006133,Michael,Garcia,Michael Garcia,53,Operations,Senior Developer,Seattle,61058.79,7603.12,2021-08-24,24,64.9,michael.garcia@company.com,(550) 339-9543,Active
EMP006134,Nicole,Rodriguez,Nicole Rodriguez,34,Legal,Manager,Boston,58090.16,3715.36,2021-07-22,7,56.1,nicole.rodriguez@company.com,(464) 676-5637,Active
EMP006135,Daniel,Wilson,Daniel Wilson,25,Finance,Specialist,Austin,78066.05,9215.7,2021-07-04,1,66.1,daniel.wilson@company.com,(279) 203-6639,Active
EMP006136,Ashley,Johnson,Ashley Johnson,60,IT,Analyst,Boston,111273.09,7598.57,2024-03-27,35,98.6,ashley.johnson@company.com,(558) 422-3893,Active
EMP006137,David,Rodriguez,David Rodriguez,29,Finance,Director,Seattle,62182.46,4775.45,2021-07-22,2,79.4,david.rodriguez@company.com,(944) 583-2944,Active
EMP006138,Anthony,Lopez,Anthony Lopez,22,Operations,Lead,New York,52563.89,5697.16,2022-09-15,0,85.1,anthony.lopez@company.com,(525) 470-9095,Active
EMP006139,Nicole,Brown,Nicole Brown,45,Operations,Manager,Miami,90411.71,6424.86,2022-05-26,17,37.6,nicole.brown@company.com,(633) 382-6673,Active
EMP006140,John,Brown,John Brown,63,IT,Analyst,Chicago,107503.42,7353.23,2020-02-23,41,67.6,john.brown@company.com,(507) 399-8349,Active
EMP006141,Sarah,Rodriguez,Sarah Rodriguez,35,Finance,Analyst,Miami,105480.16,4394.87,2021-07-31,6,67.7,sarah.rodriguez@company.com,(730) 456-3118,Active
EMP006142,Amanda,Garcia,Amanda Garcia,23,HR,Coordinator,New York,67956.97,3237.49,2024-03-19,0,78.2,amanda.garcia@company.com,(635) 762-3187,Active
EMP006143,Nicole,Johnson,Nicole Johnson,37,Marketing,Lead,New York,82625.18,4653.64,2023-08-06,11,87.7,nicole.johnson@company.com,(714) 204-9217,Active
EMP006144,Emily,Garcia,Emily Garcia,29,Engineering,Coordinator,Chicago,68290.61,12244.66,2020-12-28,7,74.4,emily.garcia@company.com,(841) 317-1064,Active
EMP006145,Anthony,Rodriguez,Anthony Rodriguez,57,Marketing,Coordinator,Austin,82710.92,8513.36,2023-10-22,32,61.5,anthony.rodriguez@company.com,(465) 702-2343,Active
EMP006146,Emily,Thomas,Emily Thomas,34,Marketing,Analyst,New York,88238.98,0.0,2021-10-07,8,83.8,emily.thomas@company.com,(288) 223-1253,Active
EMP006147,Emily,Garcia,Emily Garcia,47,Legal,Coordinator,Chicago,89975.08,7800.3,2024-09-11,22,91.9,emily.garcia@company.com,(674) 785-9396,Inactive
EMP006148,Jessica,Hernandez,Jessica Hernandez,51,Finance,Analyst,Austin,61244.05,6697.97,2022-06-02,28,60.0,jessica.hernandez@company.com,(234) 437-3919,Active
EMP006149,Ashley,Johnson,Ashley Johnson,55,Engineering,Lead,Miami,130388.15,7040.08,2023-08-07,31,99.0,ashley.johnson@company.com,(232) 212-4817,Active
EMP006150,Nicole,Brown,Nicole Brown,24,Legal,Coordinator,San Francisco,84656.84,14832.36,2020-04-10,0,62.2,nicole.brown@company.com,(588) 755-6370,Active
EMP006151,Christopher,Smith,Christopher Smith,55,Operations,Manager,Chicago,71460.13,3979.0,2023-01-13,26,75.4,christopher.smith@company.com,(534) 319-6867,Active
EMP006152,Emily,Jones,Emily Jones,38,IT,Manager,Los Angeles,66579.66,10735.05,2020-02-14,15,86.5,emily.jones@company.com,(786) 797-8482,On Leave
EMP006153,Ashley,Jackson,Ashley Jackson,54,Finance,Senior Developer,San Francisco,121681.64,2865.74,2024-05-14,26,69.7,ashley.jackson@company.com,(652) 312-7115,On Leave
EMP006154,Jane,Davis,Jane Davis,37,IT,Lead,Seattle,108283.52,0.0,2021-05-23,10,72.4,jane.davis@company.com,(682) 328-6634,Active
EMP006155,John,Brown,John Brown,26,Marketing,Associate,Boston,53521.27,3070.49,2022-11-02,1,83.3,john.brown@company.com,(485) 733-4338,Active
EMP006156,Jessica,Jones,Jessica Jones,63,Legal,Lead,Los Angeles,76530.32,1853.03,2020-06-01,40,81.7,jessica.jones@company.com,(543) 519-4016,Active
EMP006157,Anthony,Hernandez,Anthony Hernandez,35,Operations,Senior Developer,Miami,57457.04,0.0,2024-06-01,10,77.4,anthony.hernandez@company.com,(795) 509-8197,Active
EMP006158,Melissa,Johnson,Melissa Johnson,38,Engineering,Senior Developer,Miami,88001.45,16918.18,2023-05-14,16,92.9,melissa.johnson@company.com,(285) 959-1771,Active
EMP006159,Robert,Davis,Robert Davis,49,IT,Coordinator,Austin,101894.84,15429.86,2023-07-02,27,85.5,robert.davis@company.com,(352) 317-8703,Active
EMP006160,William,Smith,William Smith,63,Operations,Coordinator,San Francisco,71918.23,5791.34,2021-10-18,38,60.7,william.smith@company.com,(745) 938-9901,Active
EMP006161,Stephanie,Wilson,Stephanie Wilson,31,HR,Specialist,San Francisco,48374.13,4364.64,2023-09-27,4,87.8,stephanie.wilson@company.com,(426) 754-8639,Active
EMP006162,Sarah,Williams,Sarah Williams,40,Operations,Analyst,Seattle,62821.5,8645.77,2024-10-23,12,64.7,sarah.williams@company.com,(318) 315-9551,Active
EMP006163,Lisa,Hernandez,Lisa Hernandez,56,Finance,Analyst,San Francisco,82471.53,7219.73,2024-01-25,34,100.0,lisa.hernandez@company.com,(927) 595-6328,Active
EMP006164,James,Brown,James Brown,29,Legal,Director,Austin,70990.08,10717.02,2022-03-17,6,76.6,james.brown@company.com,(869) 599-7931,Active
EMP006165,Sarah,Rodriguez,Sarah Rodriguez,61,HR,Director,San Francisco,90345.08,6735.7,2024-06-03,36,85.2,sarah.rodriguez@company.com,(661) 470-1380,On Leave
EMP006166,John,Williams,John Williams,35,Engineering,Senior Developer,San Francisco,85608.2,14981.18,2020-01-10,8,81.3,john.williams@company.com,(619) 453-3697,Active
EMP006167,William,Davis,William Davis,64,Marketing,Coordinator,Los Angeles,89402.97,24199.27,2024-05-02,36,64.8,william.davis@company.com,(471) 782-6148,Active
EMP006168,Matthew,Martin,Matthew Martin,46,Sales,Coordinator,Miami,73632.7,1889.72,2024-10-24,24,91.9,matthew.martin@company.com,(533) 266-8374,Active
EMP006169,Amanda,Martinez,Amanda Martinez,26,HR,Manager,Los Angeles,56724.84,5303.38,2023-08-06,3,64.1,amanda.martinez@company.com,(418) 476-7015,Active
EMP006170,William,Moore,William Moore,50,HR,Specialist,New York,66450.75,7483.47,2023-06-17,23,100.0,william.moore@company.com,(479) 250-9593,Active
EMP006171,Michael,Johnson,Michael Johnson,48,Engineering,Coordinator,Los Angeles,81246.56,9062.76,2022-03-31,23,60.8,michael.johnson@company.com,(827) 753-2530,Active
EMP006172,Robert,Miller,Robert Miller,40,HR,Associate,San Francisco,66968.39,7732.12,2022-08-21,17,62.3,robert.miller@company.com,(803) 976-3759,Active
EMP006173,Christopher,Martinez,Christopher Martinez,35,Engineering,Manager,Austin,106747.82,13617.65,2022-07-04,10,90.7,christopher.martinez@company.com,(555) 202-6517,Active
EMP006174,Anthony,Jackson,Anthony Jackson,60,Engineering,Specialist,Los Angeles,137951.64,12262.36,2020-02-12,36,84.1,anthony.jackson@company.com,(728) 318-1986,Active
EMP006175,Sarah,Johnson,Sarah Johnson,56,Sales,Associate,Miami,64817.83,14866.78,2022-01-26,30,64.0,sarah.johnson@company.com,(300) 218-6341,Active
EMP006176,John,Moore,John Moore,41,IT,Director,Boston,111333.85,6248.36,2024-01-23,18,71.1,john.moore@company.com,(710) 496-5448,Active
EMP006177,Amanda,Moore,Amanda Moore,50,HR,Senior Developer,Austin,84765.22,12992.88,2022-12-11,26,56.4,amanda.moore@company.com,(573) 948-8120,Active
EMP006178,James,Rodriguez,James Rodriguez,59,HR,Lead,Seattle,62702.27,5590.56,2022-11-10,34,55.2,james.rodriguez@company.com,(308) 351-7722,Active
EMP006179,Matthew,Brown,Matthew Brown,58,Engineering,Associate,Miami,98422.89,16587.25,2023-12-14,33,81.8,matthew.brown@company.com,(842) 887-4904,Active
EMP006180,Michael,Martin,Michael Martin,56,Legal,Director,New York,74053.16,12731.96,2020-02-16,28,79.2,michael.martin@company.com,(702) 842-9605,Active
EMP006181,Stephanie,Jones,Stephanie Jones,33,HR,Coordinator,Chicago,64912.73,9262.8,2021-11-17,6,65.3,stephanie.jones@company.com,(743) 757-2867,Active
EMP006182,Lisa,Brown,Lisa Brown,63,Marketing,Lead,Miami,85323.83,14100.17,2022-05-07,39,78.7,lisa.brown@company.com,(300) 571-2562,Active
EMP006183,Daniel,Taylor,Daniel Taylor,47,Finance,Analyst,Seattle,109750.65,5925.2,2021-06-23,21,59.9,daniel.taylor@company.com,(598) 679-8122,Active
EMP006184,John,Johnson,John Johnson,38,Finance,Coordinator,Chicago,44968.21,1989.96,2023-05-30,14,77.3,john.johnson@company.com,(654) 621-6170,Active
EMP006185,Emily,Hernandez,Emily Hernandez,60,Finance,Coordinator,Seattle,83917.91,14381.71,2023-01-21,33,46.1,emily.hernandez@company.com,(508) 651-6781,Active
EMP006186,Christopher,Williams,Christopher Williams,63,Finance,Senior Developer,New York,74492.04,2547.99,2024-08-26,40,91.2,christopher.williams@company.com,(875) 920-5335,Active
EMP006187,Anthony,Smith,Anthony Smith,31,Operations,Specialist,Seattle,57134.69,2250.69,2021-09-29,8,88.0,anthony.smith@company.com,(785) 632-3784,Active
EMP006188,Amanda,Jones,Amanda Jones,47,Sales,Coordinator,Los Angeles,67516.13,7548.63,2021-05-19,18,93.2,amanda.jones@company.com,(764) 829-8483,Active
EMP006189,Robert,Jackson,Robert Jackson,52,Engineering,Associate,Miami,111277.75,10992.21,2022-03-10,30,90.7,robert.jackson@company.com,(960) 611-8963,Active
EMP006190,David,Rodriguez,David Rodriguez,54,Finance,Manager,Chicago,112394.52,7832.75,2024-09-22,26,89.7,david.rodriguez@company.com,(446) 306-6255,Active
EMP006191,Anthony,Thomas,Anthony Thomas,39,Engineering,Coordinator,Los Angeles,120075.89,15216.49,2024-05-23,11,55.8,anthony.thomas@company.com,(770) 267-2678,On Leave
EMP006192,William,Lopez,William Lopez,36,Engineering,Lead,Miami,110199.57,9563.4,2023-02-01,7,82.8,william.lopez@company.com,(439) 646-4665,Active
EMP006193,Lisa,Wilson,Lisa Wilson,57,Engineering,Analyst,San Francisco,101376.2,4426.66,2020-10-26,29,95.4,lisa.wilson@company.com,(670) 322-7855,Active
EMP006194,Robert,Martin,Robert Martin,48,HR,Analyst,Boston,57931.17,3589.0,2022-05-09,23,78.7,robert.martin@company.com,(201) 286-8554,On Leave
EMP006195,Daniel,Garcia,Daniel Garcia,37,IT,Coordinator,Boston,93625.18,10202.7,2022-10-31,15,63.6,daniel.garcia@company.com,(268) 408-3083,Active
EMP006196,Stephanie,Brown,Stephanie Brown,44,HR,Specialist,Boston,51211.62,3188.96,2020-10-06,20,79.6,stephanie.brown@company.com,(663) 205-2347,Active
EMP006197,Nicole,Jones,Nicole Jones,44,HR,Analyst,Austin,43883.46,2949.96,2023-08-11,21,73.0,nicole.jones@company.com,(842) 258-1844,Active
EMP006198,Jessica,Johnson,Jessica Johnson,46,Finance,Lead,Los Angeles,81867.41,7746.58,2024-02-12,19,75.4,jessica.johnson@company.com,(516) 217-8424,Active
EMP006199,Amanda,Davis,Amanda Davis,60,HR,Senior Developer,San Francisco,88358.09,7509.78,2021-11-27,37,56.5,amanda.davis@company.com,(613) 502-9308,Active
EMP006200,Stephanie,Garcia,Stephanie Garcia,62,Legal,Director,Boston,99265.72,10294.73,2023-11-06,36,71.8,stephanie.garcia@company.com,(309) 995-9340,Active
EMP006201,Jessica,Davis,Jessica Davis,65,IT,Analyst,Seattle,141943.63,21900.6,2020-08-14,37,75.9,jessica.davis@company.com,(552) 353-7798,Active
EMP006202,Matthew,Anderson,Matthew Anderson,57,Sales,Associate,Los Angeles,100379.66,3310.77,2021-02-01,28,74.2,matthew.anderson@company.com,(865) 826-4428,Active
EMP006203,Robert,Jones,Robert Jones,64,Marketing,Associate,San Francisco,97603.76,8141.09,2024-04-01,39,88.7,robert.jones@company.com,(765) 930-9413,Active
EMP006204,John,Brown,John Brown,37,Marketing,Coordinator,San Francisco,43750.26,3626.47,2021-11-19,8,92.1,john.brown@company.com,(701) 469-2435,Inactive
EMP006205,Amanda,Brown,Amanda Brown,35,Marketing,Director,San Francisco,49685.01,3536.83,2024-12-22,12,79.7,amanda.brown@company.com,(909) 399-5757,Active
EMP006206,Michael,Thomas,Michael Thomas,22,Sales,Specialist,Seattle,38718.86,6043.02,2023-11-29,0,81.8,michael.thomas@company.com,(926) 550-6991,Inactive
EMP006207,Stephanie,Gonzalez,Stephanie Gonzalez,34,IT,Coordinator,Chicago,88368.29,9801.54,2021-02-16,7,80.5,stephanie.gonzalez@company.com,(620) 662-2691,Active
EMP006208,Sarah,Jones,Sarah Jones,59,Engineering,Specialist,Austin,97762.25,12953.45,2022-01-21,37,75.3,sarah.jones@company.com,(906) 691-5397,Active
EMP006209,Daniel,Hernandez,Daniel Hernandez,36,IT,Analyst,Boston,73861.85,13431.46,2021-03-02,14,85.4,daniel.hernandez@company.com,(205) 248-3137,Active
EMP006210,Emily,Jones,Emily Jones,42,HR,Senior Developer,Miami,61611.04,6097.24,2022-04-04,20,52.7,emily.jones@company.com,(594) 518-4735,On Leave
EMP006211,Robert,Lopez,Robert Lopez,22,Sales,Analyst,Miami,55210.57,9862.59,2020-05-14,0,65.9,robert.lopez@company.com,(267) 270-6189,Active
EMP006212,Lisa,Garcia,Lisa Garcia,35,Legal,Director,New York,91001.13,6974.61,2024-01-25,6,60.4,lisa.garcia@company.com,(256) 631-8719,Active
EMP006213,William,Jones,William Jones,38,Engineering,Senior Developer,San Francisco,88327.02,9539.77,2022-10-18,11,78.6,william.jones@company.com,(977) 910-5023,Active
EMP006214,Michael,Johnson,Michael Johnson,51,Sales,Specialist,New York,78427.07,10536.84,2022-03-14,26,73.3,michael.johnson@company.com,(236) 249-6432,Active
EMP006215,Jane,Martinez,Jane Martinez,30,Operations,Associate,Los Angeles,41145.06,4832.09,2022-12-31,1,79.5,jane.martinez@company.com,(610) 927-6675,Active
EMP006216,Robert,Moore,Robert Moore,35,Operations,Lead,Austin,81467.31,3039.68,2023-11-05,6,59.5,robert.moore@company.com,(848) 385-3219,Active
EMP006217,Matthew,Davis,Matthew Davis,49,Marketing,Analyst,New York,53442.22,2436.13,2021-11-28,23,93.0,matthew.davis@company.com,(419) 385-6038,Active
EMP006218,Nicole,Moore,Nicole Moore,24,Engineering,Associate,Miami,75118.02,3734.34,2023-05-10,1,82.3,nicole.moore@company.com,(942) 927-8138,Active
EMP006219,Melissa,Gonzalez,Melissa Gonzalez,49,Operations,Director,Seattle,74928.76,4960.73,2023-03-17,21,89.3,melissa.gonzalez@company.com,(560) 810-3690,Active
EMP006220,Sarah,Rodriguez,Sarah Rodriguez,46,IT,Senior Developer,Austin,82875.89,8124.15,2020-12-06,20,84.3,sarah.rodriguez@company.com,(871) 989-5840,Active
EMP006221,Jessica,Rodriguez,Jessica Rodriguez,57,Legal,Senior Developer,Seattle,103160.84,16747.71,2020-06-05,34,67.1,jessica.rodriguez@company.com,(615) 234-9344,Active
EMP006222,Daniel,Moore,Daniel Moore,59,Sales,Analyst,Chicago,103302.12,12966.4,2020-11-30,30,55.7,daniel.moore@company.com,(418) 858-5367,Active
EMP006223,Anthony,Martinez,Anthony Martinez,54,Finance,Specialist,Miami,60213.27,2448.89,2023-01-02,32,82.4,anthony.martinez@company.com,(511) 737-6817,Active
EMP006224,Christopher,Martin,Christopher Martin,43,Finance,Coordinator,Seattle,56406.03,2563.99,2020-06-13,19,81.3,christopher.martin@company.com,(916) 468-3901,Active
EMP006225,Amanda,Anderson,Amanda Anderson,50,Marketing,Specialist,San Francisco,64780.28,3843.3,2020-09-28,24,86.2,amanda.anderson@company.com,(588) 935-1908,Active
EMP006226,Jessica,Miller,Jessica Miller,39,Sales,Director,Seattle,84968.72,9458.61,2022-12-31,16,65.7,jessica.miller@company.com,(332) 651-7606,Active
EMP006227,Christopher,Brown,Christopher Brown,31,Marketing,Coordinator,Austin,56933.05,1272.35,2021-10-22,7,73.9,christopher.brown@company.com,(470) 575-3413,Inactive
EMP006228,Anthony,Brown,Anthony Brown,64,HR,Analyst,Miami,66896.18,9896.9,2024-09-13,38,73.4,anthony.brown@company.com,(210) 623-8677,Active
EMP006229,Robert,Johnson,Robert Johnson,60,Legal,Director,New York,122891.01,8448.5,2024-10-12,36,83.7,robert.johnson@company.com,(826) 826-4503,Active
EMP006230,Nicole,Gonzalez,Nicole Gonzalez,29,Marketing,Lead,New York,33658.14,3052.75,2021-12-04,2,51.0,nicole.gonzalez@company.com,(417) 776-2896,Active
EMP006231,Michael,Jackson,Michael Jackson,23,HR,Senior Developer,Chicago,63294.74,3859.39,2022-11-10,0,95.0,michael.jackson@company.com,(938) 415-6250,Active
EMP006232,Jessica,Martin,Jessica Martin,32,Finance,Coordinator,Boston,82859.93,4363.62,2020-01-23,7,53.2,jessica.martin@company.com,(571) 237-7409,Active
EMP006233,Amanda,Brown,Amanda Brown,49,Sales,Associate,Seattle,73617.74,3867.83,2020-09-29,26,76.6,amanda.brown@company.com,(671) 714-6466,Active
EMP006234,Stephanie,Garcia,Stephanie Garcia,55,Sales,Associate,Miami,87379.88,14798.68,2020-11-27,28,78.0,stephanie.garcia@company.com,(891) 673-3902,Active
EMP006235,Matthew,Brown,Matthew Brown,63,Finance,Coordinator,Seattle,99265.5,13956.92,2022-04-18,41,67.8,matthew.brown@company.com,(559) 285-5399,Active
EMP006236,Daniel,Hernandez,Daniel Hernandez,65,HR,Senior Developer,New York,82036.3,6104.34,2021-08-29,38,78.7,daniel.hernandez@company.com,(465) 594-4480,Active
EMP006237,William,Hernandez,William Hernandez,47,Operations,Coordinator,Seattle,55646.56,4301.38,2024-06-25,19,68.9,william.hernandez@company.com,(203) 291-3049,Active
EMP006238,David,Williams,David Williams,38,Finance,Director,San Francisco,84701.96,10914.25,2020-06-10,11,61.2,david.williams@company.com,(331) 254-6863,Inactive
EMP006239,Jessica,Johnson,Jessica Johnson,54,HR,Analyst,New York,66172.43,3819.17,2023-08-31,32,85.8,jessica.johnson@company.com,(389) 355-1648,Active
EMP006240,Ashley,Williams,Ashley Williams,35,Legal,Associate,Los Angeles,99098.52,7881.23,2024-05-21,10,60.7,ashley.williams@company.com,(806) 649-1747,Active
EMP006241,Christopher,Taylor,Christopher Taylor,27,HR,Analyst,Chicago,56820.03,9047.9,2022-02-13,5,100.0,christopher.taylor@company.com,(924) 618-8346,Active
EMP006242,John,Smith,John Smith,61,Legal,Director,Miami,111974.47,11722.53,2021-11-02,34,64.3,john.smith@company.com,(907) 500-7709,Active
EMP006243,Lisa,Lopez,Lisa Lopez,28,Engineering,Analyst,San Francisco,65042.91,8700.18,2020-07-04,3,71.6,lisa.lopez@company.com,(422) 572-6446,Inactive
EMP006244,Jane,Brown,Jane Brown,40,Marketing,Director,Boston,54077.22,5247.92,2021-06-01,11,79.8,jane.brown@company.com,(901) 403-8072,Active
EMP006245,Christopher,Wilson,Christopher Wilson,54,HR,Manager,Miami,64070.51,11435.8,2022-05-22,31,90.9,christopher.wilson@company.com,(686) 849-6378,Inactive
EMP006246,Ashley,Martinez,Ashley Martinez,41,Engineering,Senior Developer,Austin,109622.4,10127.95,2021-07-02,18,58.4,ashley.martinez@company.com,(727) 379-4006,Active
EMP006247,Lisa,Rodriguez,Lisa Rodriguez,51,Operations,Analyst,Miami,64372.75,7960.09,2020-02-08,28,94.9,lisa.rodriguez@company.com,(555) 583-6247,On Leave
EMP006248,Emily,Brown,Emily Brown,53,IT,Coordinator,Boston,96737.04,9652.67,2021-10-11,30,70.3,emily.brown@company.com,(200) 357-7348,Active
EMP006249,Lisa,Martinez,Lisa Martinez,60,Operations,Coordinator,New York,90860.13,7292.41,2022-12-06,33,74.9,lisa.martinez@company.com,(413) 944-7419,Active
EMP006250,Emily,Jones,Emily Jones,36,Finance,Analyst,Austin,103742.77,18183.68,2024-06-12,8,54.8,emily.jones@company.com,(946) 744-7657,Inactive
EMP006251,Matthew,Jackson,Matthew Jackson,59,Engineering,Manager,San Francisco,113568.6,12807.27,2022-03-30,33,89.3,matthew.jackson@company.com,(847) 894-6579,Inactive
EMP006252,Emily,Taylor,Emily Taylor,23,Operations,Specialist,Seattle,67332.74,13300.86,2024-02-12,0,79.0,emily.taylor@company.com,(400) 232-6144,Active
EMP006253,Robert,Wilson,Robert Wilson,49,Sales,Senior Developer,Seattle,56228.78,2305.62,2022-06-04,21,74.9,robert.wilson@company.com,(439) 868-8293,Active
EMP006254,Emily,Thomas,Emily Thomas,65,Finance,Manager,Chicago,115522.51,11496.29,2020-04-02,43,65.2,emily.thomas@company.com,(874) 852-6726,Active
EMP006255,Lisa,Martinez,Lisa Martinez,48,Engineering,Director,Miami,72675.56,12029.18,2023-05-18,22,74.7,lisa.martinez@company.com,(653) 685-9398,Active
EMP006256,Jane,Rodriguez,Jane Rodriguez,48,Operations,Coordinator,San Francisco,80525.79,10602.17,2024-04-30,22,100.0,jane.rodriguez@company.com,(811) 225-6878,Inactive
EMP006257,Emily,Martinez,Emily Martinez,22,Legal,Manager,Seattle,52936.86,5356.19,2021-09-23,0,70.5,emily.martinez@company.com,(307) 986-6034,Active
EMP006258,Sarah,Rodriguez,Sarah Rodriguez,22,Engineering,Lead,Miami,75618.9,7119.98,2024-07-26,0,69.6,sarah.rodriguez@company.com,(790) 977-6722,Active
EMP006259,Michael,Hernandez,Michael Hernandez,41,IT,Analyst,Chicago,79899.64,9130.62,2023-04-26,12,99.9,michael.hernandez@company.com,(317) 861-4269,Active
EMP006260,Anthony,Johnson,Anthony Johnson,61,Sales,Specialist,Los Angeles,85898.2,6504.63,2023-10-12,33,73.8,anthony.johnson@company.com,(214) 515-8826,Active
EMP006261,Jessica,Davis,Jessica Davis,47,Engineering,Lead,Seattle,137420.3,22848.68,2024-05-05,18,89.5,jessica.davis@company.com,(856) 810-2639,Active
EMP006262,James,Jackson,James Jackson,61,Marketing,Analyst,Seattle,84263.6,9936.81,2022-08-14,38,63.2,james.jackson@company.com,(589) 702-8482,Active
EMP006263,Stephanie,Hernandez,Stephanie Hernandez,61,HR,Specialist,Miami,78203.37,9807.45,2022-04-15,34,79.3,stephanie.hernandez@company.com,(952) 584-8221,Active
EMP006264,Stephanie,Miller,Stephanie Miller,58,Legal,Associate,San Francisco,110670.97,19775.66,2021-08-30,33,84.7,stephanie.miller@company.com,(442) 606-2115,Active
EMP006265,Sarah,Brown,Sarah Brown,36,IT,Coordinator,Boston,52520.4,4976.69,2024-12-04,9,77.0,sarah.brown@company.com,(341) 518-2161,Inactive
EMP006266,Sarah,Wilson,Sarah Wilson,50,Legal,Lead,Seattle,98925.05,21516.07,2023-01-26,23,78.1,sarah.wilson@company.com,(367) 522-7664,Active
EMP006267,William,Miller,William Miller,28,Marketing,Senior Developer,Boston,62613.29,3978.93,2020-01-21,3,70.8,william.miller@company.com,(325) 283-1443,Active
EMP006268,Nicole,Taylor,Nicole Taylor,30,HR,Specialist,San Francisco,37726.8,3980.54,2023-03-16,7,77.5,nicole.taylor@company.com,(882) 991-2107,Active
EMP006269,Jane,Williams,Jane Williams,47,Sales,Manager,Chicago,67721.86,7137.86,2024-07-09,23,86.9,jane.williams@company.com,(283) 862-8427,Active
EMP006270,Daniel,Rodriguez,Daniel Rodriguez,33,Sales,Lead,Boston,57354.45,12730.78,2023-03-10,9,93.9,daniel.rodriguez@company.com,(646) 298-5490,Inactive
EMP006271,Robert,Taylor,Robert Taylor,44,Engineering,Senior Developer,Chicago,86917.55,8319.92,2020-12-19,16,47.1,robert.taylor@company.com,(463) 529-9831,Active
EMP006272,Melissa,Smith,Melissa Smith,53,Engineering,Manager,Miami,108475.9,6167.95,2023-04-12,26,79.1,melissa.smith@company.com,(384) 672-9477,Active
EMP006273,Amanda,Anderson,Amanda Anderson,57,Finance,Associate,Austin,83996.31,7382.38,2023-11-22,29,80.9,amanda.anderson@company.com,(495) 367-6407,Active
EMP006274,Ashley,Anderson,Ashley Anderson,43,Engineering,Associate,Chicago,117621.22,1767.93,2023-07-03,18,86.9,ashley.anderson@company.com,(310) 844-6216,Active
EMP006275,Ashley,Gonzalez,Ashley Gonzalez,50,IT,Analyst,Los Angeles,103064.46,10636.98,2024-10-31,25,100.0,ashley.gonzalez@company.com,(201) 695-3855,Active
EMP006276,David,Jones,David Jones,39,HR,Lead,San Francisco,57553.21,6369.52,2020-02-22,15,43.9,david.jones@company.com,(720) 620-4945,Active
EMP006277,Ashley,Rodriguez,Ashley Rodriguez,48,Operations,Lead,Austin,65988.51,2725.93,2022-01-07,19,57.7,ashley.rodriguez@company.com,(247) 762-3824,Active
EMP006278,John,Miller,John Miller,46,Operations,Manager,Los Angeles,85340.73,11973.07,2020-10-10,20,97.8,john.miller@company.com,(770) 510-5562,Active
EMP006279,David,Anderson,David Anderson,56,HR,Analyst,Los Angeles,53289.81,5629.74,2023-09-11,30,70.7,david.anderson@company.com,(587) 765-5520,Active
EMP006280,Ashley,Brown,Ashley Brown,30,Finance,Manager,Miami,73930.7,2778.36,2021-06-24,1,86.4,ashley.brown@company.com,(493) 666-6345,Active
EMP006281,Jessica,Thomas,Jessica Thomas,40,Marketing,Manager,Los Angeles,79603.19,7272.65,2024-09-09,12,68.3,jessica.thomas@company.com,(977) 641-1345,Inactive
EMP006282,David,Davis,David Davis,30,Marketing,Manager,New York,56974.86,6915.2,2020-01-29,2,74.2,david.davis@company.com,(898) 851-3822,Active
EMP006283,Nicole,Smith,Nicole Smith,52,IT,Analyst,Miami,129924.68,18539.07,2023-07-05,26,38.4,nicole.smith@company.com,(474) 632-6145,Active
EMP006284,Robert,Smith,Robert Smith,35,Marketing,Analyst,Chicago,35607.65,2874.8,2020-12-14,12,95.4,robert.smith@company.com,(323) 330-9421,Active
EMP006285,Christopher,Martin,Christopher Martin,53,Engineering,Coordinator,Austin,107555.74,12520.73,2024-08-05,29,73.1,christopher.martin@company.com,(749) 422-3859,Active
EMP006286,David,Davis,David Davis,42,Marketing,Analyst,Miami,73256.56,10874.37,2021-04-06,16,87.6,david.davis@company.com,(512) 465-3264,Active
EMP006287,Christopher,Johnson,Christopher Johnson,45,HR,Specialist,San Francisco,71845.71,9785.26,2024-03-31,20,79.4,christopher.johnson@company.com,(756) 798-5440,Active
EMP006288,Emily,Garcia,Emily Garcia,49,HR,Analyst,Austin,78027.66,12034.47,2020-12-27,21,59.7,emily.garcia@company.com,(714) 944-5933,Active
EMP006289,Christopher,Brown,Christopher Brown,27,Legal,Manager,San Francisco,87372.19,3197.76,2022-11-07,3,100.0,christopher.brown@company.com,(924) 296-9339,Active
EMP006290,David,Brown,David Brown,63,HR,Lead,Austin,57972.17,9812.48,2024-03-21,34,57.3,david.brown@company.com,(909) 525-3925,Active
EMP006291,William,Lopez,William Lopez,41,Operations,Specialist,Seattle,43066.78,1454.82,2022-07-03,19,70.1,william.lopez@company.com,(334) 358-8832,Active
EMP006292,Jane,Rodriguez,Jane Rodriguez,57,Legal,Specialist,Seattle,113916.22,9287.49,2020-12-04,31,48.9,jane.rodriguez@company.com,(379) 873-6623,Active
EMP006293,Daniel,Miller,Daniel Miller,38,Engineering,Lead,Austin,91958.89,11574.13,2021-06-02,14,78.5,daniel.miller@company.com,(727) 573-1855,Active
EMP006294,Daniel,Rodriguez,Daniel Rodriguez,49,HR,Manager,Chicago,53504.16,3208.44,2024-03-19,26,67.2,daniel.rodriguez@company.com,(253) 609-1072,Active
EMP006295,Nicole,Davis,Nicole Davis,57,Engineering,Lead,Miami,124351.4,10233.37,2021-05-13,31,80.2,nicole.davis@company.com,(645) 964-7255,Active
EMP006296,Amanda,Taylor,Amanda Taylor,43,Operations,Lead,Miami,67141.92,4041.09,2020-07-10,18,80.8,amanda.taylor@company.com,(944) 951-6196,Active
EMP006297,Jessica,Davis,Jessica Davis,39,HR,Director,Boston,64538.12,11973.95,2022-10-24,13,71.0,jessica.davis@company.com,(416) 710-1610,Active
EMP006298,Nicole,Jackson,Nicole Jackson,26,Finance,Coordinator,New York,55901.96,6565.88,2022-06-13,0,86.7,nicole.jackson@company.com,(808) 948-5742,Active
EMP006299,Daniel,Gonzalez,Daniel Gonzalez,26,Sales,Lead,Chicago,87363.23,10161.34,2024-02-21,0,77.6,daniel.gonzalez@company.com,(737) 322-3513,Active
EMP006300,Jane,Anderson,Jane Anderson,31,IT,Specialist,Chicago,58731.06,4900.41,2023-01-12,4,62.9,jane.anderson@company.com,(236) 788-6786,Active
EMP006301,William,Jones,William Jones,53,Legal,Associate,Boston,107310.25,12076.1,2020-08-25,28,69.8,william.jones@company.com,(660) 933-5021,Inactive
EMP006302,Daniel,Jones,Daniel Jones,56,Engineering,Lead,San Francisco,62634.87,3887.25,2024-10-09,28,65.5,daniel.jones@company.com,(944) 909-1372,Active
EMP006303,Daniel,Hernandez,Daniel Hernandez,47,Operations,Associate,Boston,65848.22,1131.28,2022-07-20,20,92.0,daniel.hernandez@company.com,(670) 501-8862,Active
EMP006304,Sarah,Johnson,Sarah Johnson,23,IT,Specialist,Miami,55287.67,5180.01,2024-11-09,0,82.4,sarah.johnson@company.com,(504) 466-9324,Active
EMP006305,Jane,Thomas,Jane Thomas,65,Sales,Lead,Los Angeles,76959.35,4107.67,2023-07-09,40,83.8,jane.thomas@company.com,(703) 731-9441,Active
EMP006306,John,Garcia,John Garcia,25,Finance,Director,Chicago,74232.25,3426.1,2023-10-13,0,85.9,john.garcia@company.com,(892) 947-1031,On Leave
EMP006307,John,Moore,John Moore,23,HR,Specialist,Austin,45960.06,3678.86,2020-09-04,0,85.8,john.moore@company.com,(746) 691-2972,Active
EMP006308,James,Smith,James Smith,49,HR,Manager,Austin,82038.83,4322.17,2024-05-10,26,74.2,james.smith@company.com,(435) 721-1160,Active
EMP006309,Amanda,Rodriguez,Amanda Rodriguez,53,HR,Director,San Francisco,69240.05,3956.06,2022-06-22,30,80.4,amanda.rodriguez@company.com,(953) 425-2791,Active
EMP006310,Anthony,Lopez,Anthony Lopez,52,Engineering,Senior Developer,Seattle,81812.68,8234.47,2024-04-28,25,79.5,anthony.lopez@company.com,(831) 754-9169,Active
EMP006311,Anthony,Jackson,Anthony Jackson,25,Legal,Analyst,Austin,37500.0,5777.07,2023-11-22,3,63.4,anthony.jackson@company.com,(381) 857-3181,Inactive
EMP006312,Melissa,Taylor,Melissa Taylor,54,Engineering,Director,Chicago,96452.95,2865.96,2024-12-12,27,65.0,melissa.taylor@company.com,(917) 878-9839,Active
EMP006313,Anthony,Brown,Anthony Brown,56,Engineering,Analyst,Los Angeles,117054.67,10273.42,2020-03-04,32,82.2,anthony.brown@company.com,(483) 639-8536,Active
EMP006314,Robert,Johnson,Robert Johnson,33,HR,Associate,San Francisco,62669.35,10154.09,2023-03-31,10,65.3,robert.johnson@company.com,(269) 785-5217,Active
EMP006315,Melissa,Johnson,Melissa Johnson,34,Legal,Associate,Los Angeles,91391.43,11362.39,2024-09-30,7,82.7,melissa.johnson@company.com,(462) 479-5490,Active
EMP006316,Sarah,Moore,Sarah Moore,29,Operations,Manager,San Francisco,51972.5,5094.11,2020-08-04,5,60.4,sarah.moore@company.com,(551) 469-3727,Active
EMP006317,Emily,Hernandez,Emily Hernandez,33,Operations,Director,Miami,49045.54,6865.2,2020-01-31,9,66.0,emily.hernandez@company.com,(954) 304-9259,Active
EMP006318,Matthew,Thomas,Matthew Thomas,63,Marketing,Specialist,Boston,85431.66,12250.06,2020-12-25,39,86.4,matthew.thomas@company.com,(429) 216-3149,Active
EMP006319,Melissa,Garcia,Melissa Garcia,56,Legal,Analyst,Boston,105379.64,5150.66,2020-08-22,29,73.7,melissa.garcia@company.com,(903) 552-3753,Active
EMP006320,David,Davis,David Davis,26,Sales,Specialist,San Francisco,44505.66,4673.46,2021-03-29,0,95.4,david.davis@company.com,(494) 269-7325,Active
EMP006321,Jessica,Moore,Jessica Moore,54,Marketing,Lead,Los Angeles,96235.97,13545.14,2022-06-18,29,77.4,jessica.moore@company.com,(975) 574-8195,Active
EMP006322,Daniel,Anderson,Daniel Anderson,25,Sales,Associate,Seattle,54427.36,12724.85,2020-02-24,0,81.0,daniel.anderson@company.com,(560) 393-5934,On Leave
EMP006323,James,Anderson,James Anderson,46,Finance,Associate,New York,73050.79,11259.93,2024-06-10,21,82.1,james.anderson@company.com,(751) 437-5252,Active
EMP006324,Nicole,Wilson,Nicole Wilson,49,Legal,Associate,San Francisco,128392.59,17227.84,2023-11-24,25,87.7,nicole.wilson@company.com,(497) 974-7562,Active
EMP006325,Lisa,Jones,Lisa Jones,60,Sales,Lead,Miami,71082.16,10989.28,2024-03-19,37,81.8,lisa.jones@company.com,(397) 598-1318,Active
EMP006326,Lisa,Smith,Lisa Smith,57,Sales,Manager,San Francisco,52203.81,2491.07,2020-02-17,35,83.2,lisa.smith@company.com,(232) 693-8715,Active
EMP006327,Sarah,Taylor,Sarah Taylor,38,Marketing,Director,Los Angeles,52216.45,3928.44,2022-09-03,16,86.8,sarah.taylor@company.com,(854) 456-2158,Active
EMP006328,Melissa,Johnson,Melissa Johnson,58,HR,Analyst,Chicago,79665.32,13650.83,2021-10-12,33,56.9,melissa.johnson@company.com,(257) 950-9441,Active
EMP006329,Robert,Davis,Robert Davis,30,Marketing,Lead,Chicago,48369.15,6559.63,2024-11-25,4,66.7,robert.davis@company.com,(464) 864-5769,Inactive
EMP006330,William,Lopez,William Lopez,58,Finance,Lead,Seattle,97608.09,9352.21,2020-11-24,29,60.7,william.lopez@company.com,(654) 731-9098,Active
EMP006331,Emily,Martinez,Emily Martinez,62,Finance,Lead,Miami,52025.6,3566.35,2024-07-28,34,66.0,emily.martinez@company.com,(277) 666-6108,Active
EMP006332,Christopher,Moore,Christopher Moore,48,IT,Specialist,Miami,88512.23,19227.45,2020-09-14,21,63.7,christopher.moore@company.com,(205) 897-7159,Active
EMP006333,Melissa,Wilson,Melissa Wilson,39,Marketing,Lead,Austin,66012.5,5257.0,2022-02-08,15,40.5,melissa.wilson@company.com,(287) 774-3144,Active
EMP006334,Lisa,Miller,Lisa Miller,47,Engineering,Lead,Miami,105936.95,11801.57,2023-02-28,25,86.2,lisa.miller@company.com,(229) 814-2146,Active
EMP006335,Michael,Garcia,Michael Garcia,35,Sales,Associate,Chicago,72854.76,5211.16,2021-03-20,11,83.6,michael.garcia@company.com,(523) 931-2829,Active
EMP006336,Melissa,Williams,Melissa Williams,37,Engineering,Associate,Chicago,71121.39,5735.54,2020-12-16,8,79.4,melissa.williams@company.com,(374) 926-6318,Active
EMP006337,Sarah,Martin,Sarah Martin,58,HR,Coordinator,Austin,72097.8,7843.86,2022-05-08,32,72.1,sarah.martin@company.com,(333) 991-9314,Inactive
EMP006338,Ashley,Davis,Ashley Davis,50,Legal,Analyst,Chicago,62631.9,6161.86,2024-12-14,28,76.3,ashley.davis@company.com,(712) 460-1459,Active
EMP006339,Sarah,Garcia,Sarah Garcia,43,Operations,Manager,Chicago,62053.11,6343.91,2020-03-29,20,100.0,sarah.garcia@company.com,(471) 451-4050,Active
EMP006340,Michael,Moore,Michael Moore,64,Marketing,Analyst,San Francisco,73253.3,7267.7,2021-08-20,38,58.5,michael.moore@company.com,(693) 832-7509,Active
EMP006341,Stephanie,Anderson,Stephanie Anderson,42,HR,Director,New York,59437.56,5424.35,2020-07-18,16,84.7,stephanie.anderson@company.com,(701) 373-5366,Active
EMP006342,Lisa,Miller,Lisa Miller,27,Legal,Senior Developer,Boston,61425.01,6134.27,2021-03-12,3,74.2,lisa.miller@company.com,(698) 625-9766,Inactive
EMP006343,William,Taylor,William Taylor,34,Sales,Senior Developer,Seattle,49265.33,1098.11,2023-12-31,12,60.7,william.taylor@company.com,(809) 953-7238,Active
EMP006344,Lisa,Brown,Lisa Brown,30,Finance,Senior Developer,Boston,73159.94,7035.21,2023-07-01,6,94.9,lisa.brown@company.com,(357) 202-9335,Active
EMP006345,William,Martin,William Martin,26,IT,Director,Boston,76098.94,3005.57,2024-06-04,0,79.1,william.martin@company.com,(725) 544-2493,Inactive
EMP006346,William,Johnson,William Johnson,41,Operations,Specialist,Los Angeles,68504.74,9499.08,2024-03-23,13,79.4,william.johnson@company.com,(899) 555-4507,Active
EMP006347,Jane,Brown,Jane Brown,57,Engineering,Coordinator,Miami,90234.32,1659.52,2024-11-05,30,52.9,jane.brown@company.com,(378) 761-8418,Active
EMP006348,Lisa,Martin,Lisa Martin,30,Legal,Analyst,Chicago,93176.54,18447.47,2024-11-03,2,79.6,lisa.martin@company.com,(547) 683-6257,Active
EMP006349,Emily,Hernandez,Emily Hernandez,30,HR,Analyst,San Francisco,64758.02,3470.43,2024-12-19,1,86.6,emily.hernandez@company.com,(983) 389-8780,Active
EMP006350,William,Martinez,William Martinez,63,Operations,Manager,Boston,84429.29,10694.09,2021-05-21,38,72.2,william.martinez@company.com,(897) 213-8420,Active
EMP006351,Nicole,Jones,Nicole Jones,35,Operations,Associate,Seattle,77798.68,9825.47,2022-08-19,6,58.5,nicole.jones@company.com,(650) 352-4894,Active
EMP006352,Daniel,Thomas,Daniel Thomas,56,HR,Lead,New York,72106.11,6910.57,2021-10-16,29,69.0,daniel.thomas@company.com,(282) 616-4302,Active
EMP006353,Christopher,Wilson,Christopher Wilson,57,Marketing,Lead,Los Angeles,76922.83,0.0,2023-06-26,34,70.9,christopher.wilson@company.com,(506) 213-1630,Active
EMP006354,Daniel,Jones,Daniel Jones,64,Marketing,Lead,San Francisco,76153.5,5554.75,2022-03-10,36,73.2,daniel.jones@company.com,(480) 745-1246,Active
EMP006355,Michael,Martinez,Michael Martinez,35,Operations,Specialist,Seattle,51219.86,3939.75,2020-02-21,10,78.5,michael.martinez@company.com,(895) 935-3986,Active
EMP006356,Lisa,Lopez,Lisa Lopez,61,IT,Manager,Boston,115627.53,13281.51,2023-09-24,38,66.0,lisa.lopez@company.com,(532) 965-9562,Active
EMP006357,Ashley,Williams,Ashley Williams,22,Finance,Analyst,Chicago,49123.55,4055.94,2023-01-06,0,85.5,ashley.williams@company.com,(429) 535-7578,Active
EMP006358,David,Jones,David Jones,27,HR,Senior Developer,Boston,66548.98,8942.37,2020-06-16,5,96.0,david.jones@company.com,(879) 699-5916,Inactive
EMP006359,Matthew,Gonzalez,Matthew Gonzalez,24,HR,Director,Los Angeles,51041.43,3584.41,2023-01-11,0,69.3,matthew.gonzalez@company.com,(952) 247-6736,Active
EMP006360,Christopher,Johnson,Christopher Johnson,46,Legal,Specialist,New York,89727.26,9266.11,2021-04-13,20,96.7,christopher.johnson@company.com,(545) 886-2718,Active
EMP006361,Lisa,Miller,Lisa Miller,54,Sales,Analyst,Miami,67511.74,10287.77,2022-05-14,30,76.8,lisa.miller@company.com,(267) 234-9865,Active
EMP006362,William,Hernandez,William Hernandez,44,IT,Senior Developer,Austin,87338.39,0.0,2024-03-27,18,70.2,william.hernandez@company.com,(456) 657-7505,Active
EMP006363,Emily,Wilson,Emily Wilson,35,Operations,Lead,New York,50367.8,4490.04,2022-01-07,13,76.3,emily.wilson@company.com,(543) 717-6243,Active
EMP006364,Melissa,Jackson,Melissa Jackson,29,Legal,Associate,San Francisco,109419.22,6820.39,2023-12-27,0,82.9,melissa.jackson@company.com,(629) 727-1706,Active
EMP006365,James,Williams,James Williams,58,Sales,Specialist,Miami,87406.04,10667.91,2023-08-11,33,75.8,james.williams@company.com,(510) 922-8778,Active
EMP006366,Emily,Williams,Emily Williams,44,Legal,Coordinator,Miami,106355.65,21086.7,2021-08-23,16,72.7,emily.williams@company.com,(525) 672-5672,Inactive
EMP006367,Daniel,Smith,Daniel Smith,34,IT,Coordinator,New York,104092.74,10825.95,2024-02-19,9,84.2,daniel.smith@company.com,(547) 765-9315,Active
EMP006368,Ashley,Moore,Ashley Moore,62,Operations,Specialist,Los Angeles,93048.27,4670.95,2024-03-21,37,52.8,ashley.moore@company.com,(936) 437-3730,Inactive
EMP006369,Amanda,Martinez,Amanda Martinez,29,Sales,Coordinator,San Francisco,72710.32,11649.91,2022-05-22,0,73.8,amanda.martinez@company.com,(572) 353-8746,Active
EMP006370,Michael,Lopez,Michael Lopez,63,IT,Associate,Chicago,112192.42,18020.41,2022-04-01,36,51.3,michael.lopez@company.com,(974) 838-9810,Active
EMP006371,Jane,Lopez,Jane Lopez,47,Marketing,Analyst,Miami,90624.47,10152.98,2020-02-24,23,44.5,jane.lopez@company.com,(246) 771-6336,Active
EMP006372,Jessica,Brown,Jessica Brown,30,IT,Associate,Seattle,67828.49,5031.53,2020-03-21,6,77.0,jessica.brown@company.com,(609) 902-7583,Active
EMP006373,Anthony,Miller,Anthony Miller,37,Marketing,Lead,Austin,63933.34,9833.05,2021-11-16,9,92.3,anthony.miller@company.com,(536) 911-9826,Active
EMP006374,Matthew,Miller,Matthew Miller,29,HR,Senior Developer,Austin,62735.47,4751.76,2021-06-23,0,85.0,matthew.miller@company.com,(795) 454-3534,Active
EMP006375,Ashley,Taylor,Ashley Taylor,27,Operations,Analyst,Chicago,57725.19,2710.37,2024-03-06,0,73.9,ashley.taylor@company.com,(208) 603-8039,Active
EMP006376,Robert,Rodriguez,Robert Rodriguez,26,Legal,Senior Developer,Miami,50304.54,8696.0,2020-03-12,0,100.0,robert.rodriguez@company.com,(781) 221-1351,Active
EMP006377,Nicole,Williams,Nicole Williams,34,Engineering,Manager,New York,115229.5,10369.64,2021-02-24,11,83.9,nicole.williams@company.com,(371) 965-7850,Active
EMP006378,Michael,Anderson,Michael Anderson,28,Engineering,Specialist,Los Angeles,98470.11,6299.79,2021-09-23,6,97.2,michael.anderson@company.com,(910) 839-2138,Active
EMP006379,David,Thomas,David Thomas,23,Legal,Coordinator,Los Angeles,57529.51,7586.89,2020-01-08,0,100.0,david.thomas@company.com,(351) 949-5833,Inactive
EMP006380,Emily,Lopez,Emily Lopez,44,Engineering,Analyst,San Francisco,108725.38,12249.11,2020-09-29,20,90.6,emily.lopez@company.com,(787) 319-6923,On Leave
EMP006381,Amanda,Miller,Amanda Miller,33,Legal,Analyst,Boston,79593.7,6145.56,2022-09-12,6,54.2,amanda.miller@company.com,(274) 806-8602,Inactive
EMP006382,Christopher,Brown,Christopher Brown,36,IT,Specialist,Chicago,100122.26,10412.29,2020-10-06,11,95.1,christopher.brown@company.com,(820) 970-4111,Active
EMP006383,John,Brown,John Brown,40,Engineering,Manager,Miami,119423.42,12074.72,2020-08-24,11,56.7,john.brown@company.com,(649) 672-5811,Active
EMP006384,John,Moore,John Moore,26,HR,Associate,Seattle,51353.85,4331.71,2021-06-27,1,37.3,john.moore@company.com,(788) 319-8985,Active
EMP006385,John,Anderson,John Anderson,57,HR,Analyst,San Francisco,78601.42,3427.64,2021-02-23,31,63.8,john.anderson@company.com,(427) 318-6224,Inactive
EMP006386,Jessica,Rodriguez,Jessica Rodriguez,35,Legal,Analyst,Los Angeles,94646.58,1070.24,2020-07-30,7,55.5,jessica.rodriguez@company.com,(701) 493-2171,Active
EMP006387,Jessica,Anderson,Jessica Anderson,30,Operations,Specialist,San Francisco,58911.21,10706.11,2020-08-06,8,90.9,jessica.anderson@company.com,(588) 486-7690,Active
EMP006388,Matthew,Jackson,Matthew Jackson,53,Marketing,Lead,Austin,69314.62,8881.42,2023-10-12,28,92.4,matthew.jackson@company.com,(397) 863-3140,Active
EMP006389,Christopher,Johnson,Christopher Johnson,43,Marketing,Associate,Seattle,80514.55,3072.06,2021-03-17,20,65.6,christopher.johnson@company.com,(568) 575-6829,Active
EMP006390,John,Williams,John Williams,54,Marketing,Senior Developer,San Francisco,78300.46,4773.68,2021-06-21,28,72.9,john.williams@company.com,(892) 806-6701,Active
EMP006391,Robert,Hernandez,Robert Hernandez,46,Operations,Manager,Austin,55901.32,1966.5,2020-06-20,17,100.0,robert.hernandez@company.com,(992) 786-7351,Active
EMP006392,Anthony,Thomas,Anthony Thomas,65,Engineering,Specialist,Boston,100702.17,1711.36,2021-06-08,40,53.0,anthony.thomas@company.com,(569) 894-2642,Active
EMP006393,David,Williams,David Williams,27,Engineering,Manager,Chicago,68035.92,6630.43,2023-08-03,0,85.3,david.williams@company.com,(979) 409-9263,Active
EMP006394,Melissa,Smith,Melissa Smith,37,Legal,Director,San Francisco,60128.49,394.11,2024-09-10,14,51.2,melissa.smith@company.com,(963) 850-8037,Active
EMP006395,Ashley,Jones,Ashley Jones,41,Sales,Senior Developer,Chicago,67352.74,1625.38,2024-07-05,14,82.0,ashley.jones@company.com,(206) 234-5690,Active
EMP006396,Melissa,Martin,Melissa Martin,50,Legal,Analyst,Boston,100745.95,9771.26,2020-06-14,21,72.7,melissa.martin@company.com,(241) 261-9622,Active
EMP006397,Stephanie,Hernandez,Stephanie Hernandez,60,Finance,Coordinator,Chicago,73458.96,7057.53,2023-10-19,32,100.0,stephanie.hernandez@company.com,(539) 924-8101,Inactive
EMP006398,Matthew,Gonzalez,Matthew Gonzalez,54,Marketing,Analyst,Chicago,82328.45,11730.7,2023-06-18,30,65.9,matthew.gonzalez@company.com,(256) 964-6279,Active
EMP006399,Ashley,Brown,Ashley Brown,38,Legal,Manager,San Francisco,78463.47,14738.99,2021-12-12,14,84.8,ashley.brown@company.com,(591) 709-4519,Active
EMP006400,David,Martin,David Martin,41,HR,Manager,Los Angeles,57484.07,4642.65,2022-08-11,15,56.0,david.martin@company.com,(209) 589-5115,Active
EMP006401,Melissa,Jones,Melissa Jones,44,HR,Director,Boston,80299.29,5686.29,2023-02-24,22,73.4,melissa.jones@company.com,(847) 789-6468,Active
EMP006402,Amanda,Jones,Amanda Jones,52,Engineering,Lead,Seattle,146648.99,0.0,2022-09-16,29,86.3,amanda.jones@company.com,(223) 240-6016,Active
EMP006403,John,Anderson,John Anderson,27,IT,Lead,Chicago,43672.57,5500.12,2024-11-27,0,75.0,john.anderson@company.com,(454) 374-6930,Active
EMP006404,Nicole,Garcia,Nicole Garcia,37,Legal,Director,Seattle,90766.41,7110.09,2023-02-17,9,72.5,nicole.garcia@company.com,(439) 359-7466,Active
EMP006405,Emily,Jones,Emily Jones,24,Operations,Associate,New York,53458.8,10969.67,2024-11-20,0,65.3,emily.jones@company.com,(413) 511-9675,Active
EMP006406,Jessica,Jones,Jessica Jones,54,HR,Senior Developer,New York,92276.48,4761.74,2021-06-16,27,90.7,jessica.jones@company.com,(620) 462-7947,Active
EMP006407,John,Davis,John Davis,63,Engineering,Specialist,Boston,97222.41,15191.37,2020-06-23,36,81.7,john.davis@company.com,(754) 522-3710,Active
EMP006408,Anthony,Thomas,Anthony Thomas,37,Sales,Senior Developer,New York,54003.54,7163.08,2023-11-18,10,71.7,anthony.thomas@company.com,(220) 482-5430,Active
EMP006409,Jane,Lopez,Jane Lopez,41,Engineering,Director,New York,80027.84,5574.15,2024-08-06,16,71.2,jane.lopez@company.com,(460) 242-7699,Active
EMP006410,Jane,Taylor,Jane Taylor,52,Legal,Specialist,Los Angeles,76865.2,6881.14,2023-09-27,29,88.9,jane.taylor@company.com,(739) 601-7120,Active
EMP006411,Ashley,Jones,Ashley Jones,51,Marketing,Analyst,Boston,73451.98,6617.21,2024-10-05,23,69.0,ashley.jones@company.com,(675) 650-7392,Active
EMP006412,Daniel,Hernandez,Daniel Hernandez,50,Operations,Specialist,Los Angeles,55208.16,3264.5,2021-09-30,21,98.6,daniel.hernandez@company.com,(344) 795-3873,Active
EMP006413,James,Smith,James Smith,51,Sales,Analyst,Austin,88302.75,8920.06,2024-07-04,26,87.8,james.smith@company.com,(568) 333-7681,Active
EMP006414,Ashley,Martin,Ashley Martin,38,Finance,Analyst,Chicago,68050.73,4130.71,2024-04-11,13,70.2,ashley.martin@company.com,(377) 292-7952,Active
EMP006415,Lisa,Lopez,Lisa Lopez,38,Marketing,Senior Developer,Austin,62440.71,10790.65,2021-07-16,16,52.3,lisa.lopez@company.com,(823) 760-8374,Active
EMP006416,Ashley,Garcia,Ashley Garcia,25,Engineering,Coordinator,Austin,56360.89,5907.66,2022-07-23,3,80.7,ashley.garcia@company.com,(710) 660-4611,Active
EMP006417,William,Johnson,William Johnson,62,Finance,Associate,Austin,106367.85,3641.3,2023-12-27,34,55.6,william.johnson@company.com,(418) 584-3401,Active
EMP006418,Michael,Thomas,Michael Thomas,27,Operations,Director,Boston,25593.51,1319.39,2021-03-22,0,82.4,michael.thomas@company.com,(948) 678-4278,Active
EMP006419,Melissa,Anderson,Melissa Anderson,52,IT,Manager,Austin,79925.05,10888.64,2024-11-23,26,85.5,melissa.anderson@company.com,(992) 934-8117,Active
EMP006420,Nicole,Lopez,Nicole Lopez,30,Marketing,Associate,Miami,67762.68,8219.4,2021-12-30,5,65.4,nicole.lopez@company.com,(507) 844-7363,Inactive
EMP006421,Lisa,Jackson,Lisa Jackson,47,Sales,Lead,Boston,76569.39,12473.41,2021-03-24,22,100.0,lisa.jackson@company.com,(850) 229-5011,Active
EMP006422,Matthew,Hernandez,Matthew Hernandez,62,Sales,Specialist,Seattle,96261.73,8056.82,2023-07-29,36,70.3,matthew.hernandez@company.com,(329) 780-9585,Inactive
EMP006423,Robert,Wilson,Robert Wilson,46,Legal,Senior Developer,Los Angeles,123817.98,8430.75,2023-07-02,22,98.8,robert.wilson@company.com,(221) 671-6132,Active
EMP006424,Christopher,Williams,Christopher Williams,53,Sales,Coordinator,Boston,79208.85,15873.41,2022-01-15,29,84.3,christopher.williams@company.com,(299) 244-9089,Inactive
EMP006425,Lisa,Moore,Lisa Moore,30,Sales,Associate,Los Angeles,47405.87,4924.71,2024-12-18,7,68.0,lisa.moore@company.com,(306) 288-7098,Active
EMP006426,Lisa,Smith,Lisa Smith,51,Sales,Senior Developer,Miami,69403.01,13217.31,2024-02-12,23,71.1,lisa.smith@company.com,(714) 648-3065,Active
EMP006427,John,Williams,John Williams,23,Marketing,Director,Los Angeles,57377.45,8509.96,2023-08-07,1,100.0,john.williams@company.com,(319) 564-7651,Active
EMP006428,William,Garcia,William Garcia,29,Engineering,Manager,Los Angeles,66135.58,9305.41,2022-02-05,2,78.6,william.garcia@company.com,(854) 270-2581,Active
EMP006429,Melissa,Wilson,Melissa Wilson,51,Engineering,Specialist,Boston,121056.76,18975.92,2021-05-20,25,97.2,melissa.wilson@company.com,(541) 982-3493,Inactive
EMP006430,Nicole,Jones,Nicole Jones,40,Sales,Lead,Seattle,88709.49,17700.48,2020-06-20,16,86.4,nicole.jones@company.com,(795) 951-1020,Active
EMP006431,Jessica,Garcia,Jessica Garcia,63,Legal,Manager,San Francisco,94991.09,8846.0,2024-07-28,38,71.7,jessica.garcia@company.com,(913) 685-5037,Active
EMP006432,Daniel,Lopez,Daniel Lopez,32,Marketing,Analyst,San Francisco,46730.65,2458.65,2021-05-06,7,88.0,daniel.lopez@company.com,(236) 407-5903,Active
EMP006433,Anthony,Johnson,Anthony Johnson,60,Operations,Specialist,Los Angeles,71216.25,6805.26,2024-06-25,37,79.6,anthony.johnson@company.com,(409) 283-8255,Active
EMP006434,Michael,Johnson,Michael Johnson,27,Finance,Director,Los Angeles,69817.15,5312.7,2024-04-27,2,69.7,michael.johnson@company.com,(268) 272-9601,Active
EMP006435,Daniel,Smith,Daniel Smith,44,Sales,Director,Miami,73217.1,6861.57,2021-12-17,20,74.2,daniel.smith@company.com,(220) 898-6234,Active
EMP006436,Ashley,Lopez,Ashley Lopez,51,HR,Senior Developer,San Francisco,90508.34,11125.97,2021-03-31,27,78.7,ashley.lopez@company.com,(297) 352-6882,Active
EMP006437,Daniel,Smith,Daniel Smith,64,Legal,Specialist,Austin,138095.49,0.0,2024-08-12,36,58.5,daniel.smith@company.com,(305) 441-6863,Active
EMP006438,John,Hernandez,John Hernandez,48,Finance,Lead,New York,91142.85,3518.28,2024-10-15,21,81.1,john.hernandez@company.com,(621) 460-8910,Active
EMP006439,Nicole,Gonzalez,Nicole Gonzalez,59,Marketing,Director,Seattle,73152.17,8078.78,2022-04-17,34,82.7,nicole.gonzalez@company.com,(761) 906-2812,Active
EMP006440,Ashley,Hernandez,Ashley Hernandez,58,HR,Manager,Seattle,85138.9,4195.95,2024-05-13,34,69.4,ashley.hernandez@company.com,(679) 336-1369,Active
EMP006441,Daniel,Moore,Daniel Moore,33,Finance,Specialist,Boston,71899.3,13152.09,2021-11-05,9,85.0,daniel.moore@company.com,(748) 508-1887,Active
EMP006442,Emily,Anderson,Emily Anderson,30,Legal,Manager,Los Angeles,57998.45,6433.29,2020-09-22,8,60.1,emily.anderson@company.com,(298) 767-1890,Active
EMP006443,Stephanie,Thomas,Stephanie Thomas,32,Marketing,Analyst,Boston,81772.08,8289.47,2022-07-07,5,100.0,stephanie.thomas@company.com,(804) 396-5648,Active
EMP006444,William,Lopez,William Lopez,23,Sales,Associate,New York,47215.97,2834.01,2022-06-20,0,60.4,william.lopez@company.com,(700) 504-3355,Active
EMP006445,John,Moore,John Moore,38,HR,Associate,New York,42408.36,5910.61,2021-03-03,13,75.7,john.moore@company.com,(941) 483-5837,Active
EMP006446,Melissa,Brown,Melissa Brown,40,Engineering,Analyst,Seattle,99564.83,7814.67,2021-11-10,15,100.0,melissa.brown@company.com,(655) 944-6666,On Leave
EMP006447,Emily,Davis,Emily Davis,50,Legal,Coordinator,Austin,91067.66,10715.36,2021-03-07,22,100.0,emily.davis@company.com,(904) 464-8475,Active
EMP006448,Ashley,Taylor,Ashley Taylor,50,IT,Analyst,Austin,90872.86,2250.41,2020-11-26,28,73.3,ashley.taylor@company.com,(540) 999-4623,Active
EMP006449,Emily,Garcia,Emily Garcia,37,Legal,Specialist,Miami,79038.29,8076.54,2023-08-26,15,89.8,emily.garcia@company.com,(605) 855-1120,Active
EMP006450,Matthew,Rodriguez,Matthew Rodriguez,59,Legal,Director,San Francisco,112931.02,4555.86,2022-09-03,35,56.8,matthew.rodriguez@company.com,(209) 547-9648,Inactive
EMP006451,Melissa,Hernandez,Melissa Hernandez,36,Marketing,Analyst,Chicago,70548.57,7820.97,2024-06-03,9,71.7,melissa.hernandez@company.com,(284) 899-3624,On Leave
EMP006452,Jane,Johnson,Jane Johnson,55,Finance,Analyst,New York,75400.58,10152.38,2021-03-15,27,62.1,jane.johnson@company.com,(877) 487-3176,On Leave
EMP006453,Jane,Miller,Jane Miller,59,HR,Director,Miami,90038.32,10052.87,2023-02-06,32,90.6,jane.miller@company.com,(508) 581-4443,Active
EMP006454,Jane,Johnson,Jane Johnson,22,Marketing,Coordinator,San Francisco,58743.54,2575.07,2023-09-20,0,60.0,jane.johnson@company.com,(945) 621-4930,Active
EMP006455,Christopher,Gonzalez,Christopher Gonzalez,29,IT,Director,Seattle,77184.06,5676.12,2022-04-13,6,51.4,christopher.gonzalez@company.com,(546) 719-7148,Active
EMP006456,Ashley,Martin,Ashley Martin,45,Sales,Coordinator,Miami,64191.67,2763.23,2024-10-10,16,62.1,ashley.martin@company.com,(910) 316-4602,Active
EMP006457,Ashley,Martinez,Ashley Martinez,63,Operations,Director,Boston,91438.77,7251.69,2023-11-26,40,69.8,ashley.martinez@company.com,(365) 810-7387,Active
EMP006458,Robert,Thomas,Robert Thomas,48,Operations,Analyst,Seattle,71700.57,2903.52,2023-01-14,24,65.4,robert.thomas@company.com,(414) 290-9249,Active
EMP006459,Matthew,Gonzalez,Matthew Gonzalez,53,Sales,Associate,Los Angeles,100137.15,3803.29,2022-03-30,26,84.1,matthew.gonzalez@company.com,(435) 449-5905,Active
EMP006460,Matthew,Johnson,Matthew Johnson,59,Sales,Coordinator,San Francisco,84158.38,10823.76,2021-06-15,32,81.6,matthew.johnson@company.com,(949) 315-7211,Active
EMP006461,Ashley,Martin,Ashley Martin,52,Legal,Manager,Miami,99339.81,5964.85,2024-03-28,27,60.9,ashley.martin@company.com,(564) 893-5245,Active
EMP006462,Sarah,Williams,Sarah Williams,32,Finance,Associate,New York,81879.23,6219.49,2022-01-30,7,74.1,sarah.williams@company.com,(858) 476-9094,Active
EMP006463,Sarah,Garcia,Sarah Garcia,27,IT,Specialist,Miami,56530.6,7477.5,2023-05-07,0,71.8,sarah.garcia@company.com,(217) 669-6840,Active
EMP006464,Amanda,Brown,Amanda Brown,32,HR,Specialist,Austin,52320.69,4020.46,2022-01-18,9,60.1,amanda.brown@company.com,(623) 368-4541,Active
EMP006465,Lisa,Hernandez,Lisa Hernandez,23,IT,Senior Developer,Boston,45455.48,4994.1,2021-11-16,0,100.0,lisa.hernandez@company.com,(909) 744-3515,Active
EMP006466,Robert,Johnson,Robert Johnson,32,Finance,Associate,Miami,97608.7,13679.99,2020-03-15,9,68.6,robert.johnson@company.com,(550) 781-7994,Active
EMP006467,Amanda,Wilson,Amanda Wilson,57,Sales,Specialist,Chicago,92128.43,3908.18,2023-03-02,29,69.9,amanda.wilson@company.com,(761) 899-4579,Active
EMP006468,Ashley,Rodriguez,Ashley Rodriguez,63,Sales,Associate,Seattle,104603.78,14282.86,2022-09-21,35,67.3,ashley.rodriguez@company.com,(793) 593-4353,Active
EMP006469,David,Lopez,David Lopez,47,Marketing,Specialist,San Francisco,80862.99,5765.16,2023-08-09,25,100.0,david.lopez@company.com,(809) 429-8756,On Leave
EMP006470,James,Garcia,James Garcia,57,Engineering,Senior Developer,Austin,106145.1,11905.81,2024-04-06,29,46.1,james.garcia@company.com,(951) 282-7402,Active
EMP006471,Matthew,Wilson,Matthew Wilson,30,Legal,Specialist,Seattle,106248.54,6839.66,2024-05-13,6,61.8,matthew.wilson@company.com,(658) 736-8157,Active
EMP006472,Daniel,Miller,Daniel Miller,43,Marketing,Lead,New York,57179.02,4612.13,2020-05-09,20,79.3,daniel.miller@company.com,(744) 288-2591,Active
EMP006473,William,Rodriguez,William Rodriguez,43,Sales,Associate,Chicago,78262.58,12098.69,2024-03-21,17,90.7,william.rodriguez@company.com,(817) 710-2345,Active
EMP006474,Daniel,Johnson,Daniel Johnson,40,Sales,Director,Boston,67805.21,5508.75,2024-01-14,16,72.5,daniel.johnson@company.com,(785) 769-8574,Active
EMP006475,John,Lopez,John Lopez,22,Finance,Senior Developer,San Francisco,66184.31,4474.56,2023-04-08,0,78.9,john.lopez@company.com,(980) 799-5902,Active
EMP006476,Lisa,Moore,Lisa Moore,37,Operations,Senior Developer,San Francisco,62917.4,9171.65,2022-09-12,12,75.4,lisa.moore@company.com,(495) 372-7397,Active
EMP006477,David,Jones,David Jones,36,Legal,Manager,Seattle,105882.89,8071.32,2021-08-30,10,70.7,david.jones@company.com,(566) 283-3749,Active
EMP006478,Matthew,Hernandez,Matthew Hernandez,47,HR,Manager,Miami,84225.11,5381.2,2023-02-20,24,41.2,matthew.hernandez@company.com,(318) 250-4864,Active
EMP006479,William,Davis,William Davis,55,Sales,Manager,San Francisco,76908.35,6495.24,2020-03-01,31,72.0,william.davis@company.com,(518) 861-3939,Active
EMP006480,Jane,Brown,Jane Brown,50,Marketing,Specialist,Boston,68060.98,10491.43,2023-09-29,21,70.7,jane.brown@company.com,(870) 783-8496,Inactive
EMP006481,Christopher,Davis,Christopher Davis,58,Sales,Manager,Boston,66340.33,6131.23,2022-11-14,34,89.7,christopher.davis@company.com,(273) 208-8124,Active
EMP006482,Jane,Rodriguez,Jane Rodriguez,52,Marketing,Lead,Boston,76962.77,7958.03,2023-05-11,30,94.7,jane.rodriguez@company.com,(218) 418-6278,Active
EMP006483,Jane,Gonzalez,Jane Gonzalez,42,Finance,Analyst,Chicago,72954.06,5118.82,2021-03-31,19,77.5,jane.gonzalez@company.com,(568) 782-9205,Active
EMP006484,Nicole,Taylor,Nicole Taylor,34,Legal,Senior Developer,Los Angeles,104064.54,11522.93,2023-01-06,7,48.0,nicole.taylor@company.com,(935) 628-5629,On Leave
EMP006485,Matthew,Martinez,Matthew Martinez,33,Sales,Senior Developer,Chicago,50052.7,3437.08,2020-10-31,8,74.1,matthew.martinez@company.com,(443) 488-7219,Active
EMP006486,Lisa,Miller,Lisa Miller,27,Legal,Associate,New York,65942.08,7280.91,2020-10-26,2,94.3,lisa.miller@company.com,(674) 346-4699,Active
EMP006487,Christopher,Rodriguez,Christopher Rodriguez,23,HR,Senior Developer,Los Angeles,47300.65,4345.06,2020-08-15,0,56.8,christopher.rodriguez@company.com,(451) 730-9744,Active
EMP006488,James,Thomas,James Thomas,48,Sales,Analyst,Los Angeles,75665.7,7030.98,2024-09-11,19,84.4,james.thomas@company.com,(835) 719-5590,Active
EMP006489,Amanda,Martinez,Amanda Martinez,51,Legal,Manager,New York,85558.78,13746.04,2023-03-10,22,80.8,amanda.martinez@company.com,(640) 461-7747,Active
EMP006490,Christopher,Jackson,Christopher Jackson,29,Finance,Coordinator,Austin,50015.98,4055.06,2022-04-09,6,79.3,christopher.jackson@company.com,(939) 245-3005,Active
EMP006491,Stephanie,Taylor,Stephanie Taylor,41,Operations,Lead,Los Angeles,55851.46,5354.18,2024-05-26,19,65.7,stephanie.taylor@company.com,(650) 739-6454,Active
EMP006492,David,Martinez,David Martinez,38,Legal,Director,Boston,46972.08,4387.96,2023-06-09,13,79.1,david.martinez@company.com,(414) 242-4718,Active
EMP006493,Michael,Martin,Michael Martin,26,HR,Associate,Chicago,48212.83,8334.43,2024-02-07,0,66.6,michael.martin@company.com,(222) 453-9876,Inactive
EMP006494,Christopher,Brown,Christopher Brown,51,Operations,Specialist,Miami,83452.39,2492.45,2020-09-28,26,81.3,christopher.brown@company.com,(957) 393-7438,Active
EMP006495,Daniel,Taylor,Daniel Taylor,42,Engineering,Lead,Austin,105314.65,9312.24,2020-06-11,18,65.5,daniel.taylor@company.com,(678) 274-8099,Active
EMP006496,Nicole,Smith,Nicole Smith,45,Legal,Associate,Seattle,94642.09,18084.16,2024-05-22,20,91.2,nicole.smith@company.com,(319) 906-3401,Active
EMP006497,Stephanie,Hernandez,Stephanie Hernandez,43,Finance,Associate,Boston,93708.22,6625.56,2021-10-12,20,71.4,stephanie.hernandez@company.com,(644) 599-4622,Active
EMP006498,Robert,Gonzalez,Robert Gonzalez,40,HR,Director,San Francisco,27000.0,2809.6,2023-06-21,12,69.2,robert.gonzalez@company.com,(346) 875-3302,Inactive
EMP006499,Robert,Johnson,Robert Johnson,65,Finance,Senior Developer,Chicago,91686.25,9263.33,2020-04-26,39,100.0,robert.johnson@company.com,(436) 703-9994,Active
EMP006500,John,Martinez,John Martinez,52,Legal,Lead,Austin,91248.75,1246.89,2024-01-20,24,95.0,john.martinez@company.com,(247) 974-2515,Active
EMP006501,Robert,Hernandez,Robert Hernandez,34,Legal,Lead,Austin,101250.02,2323.59,2023-07-13,5,80.5,robert.hernandez@company.com,(682) 925-6685,Active
EMP006502,Michael,Garcia,Michael Garcia,33,Marketing,Analyst,Chicago,47091.4,7702.15,2024-12-23,5,100.0,michael.garcia@company.com,(224) 269-4839,Active
EMP006503,John,Martinez,John Martinez,36,Operations,Specialist,Miami,73246.41,9202.44,2024-01-01,14,69.2,john.martinez@company.com,(207) 877-6273,Active
EMP006504,Melissa,Martinez,Melissa Martinez,60,Sales,Director,San Francisco,90592.97,11435.29,2023-05-21,36,67.9,melissa.martinez@company.com,(359) 751-3203,Active
EMP006505,Stephanie,Jackson,Stephanie Jackson,37,IT,Director,Seattle,86274.62,13662.65,2023-01-23,11,89.8,stephanie.jackson@company.com,(351) 991-8088,Active
EMP006506,Michael,Davis,Michael Davis,60,Engineering,Director,New York,107381.0,10428.8,2021-05-26,37,83.4,michael.davis@company.com,(775) 402-4853,Inactive
EMP006507,Daniel,Miller,Daniel Miller,43,IT,Specialist,San Francisco,85905.09,9106.21,2024-01-13,18,57.7,daniel.miller@company.com,(263) 490-9174,Active
EMP006508,Michael,Martin,Michael Martin,30,Finance,Associate,Boston,58672.72,12703.57,2020-06-27,5,74.4,michael.martin@company.com,(885) 937-6235,Active
EMP006509,Matthew,Brown,Matthew Brown,63,Sales,Associate,New York,81630.07,10011.71,2023-12-03,37,96.7,matthew.brown@company.com,(824) 816-5726,Active
EMP006510,David,Jackson,David Jackson,54,Marketing,Director,Chicago,86739.5,11242.85,2020-05-10,31,66.3,david.jackson@company.com,(960) 835-9035,Active
EMP006511,Anthony,Hernandez,Anthony Hernandez,60,HR,Manager,Chicago,81809.82,10138.56,2020-05-11,37,64.6,anthony.hernandez@company.com,(239) 896-9484,Active
EMP006512,John,Thomas,John Thomas,34,Marketing,Analyst,Austin,40979.7,4446.85,2024-01-29,5,74.5,john.thomas@company.com,(345) 869-9154,Active
EMP006513,Daniel,Taylor,Daniel Taylor,52,HR,Senior Developer,New York,75645.55,3523.06,2023-07-03,24,100.0,daniel.taylor@company.com,(979) 516-5382,Active
EMP006514,Matthew,Moore,Matthew Moore,52,HR,Specialist,Seattle,87165.37,3977.17,2021-05-27,26,63.9,matthew.moore@company.com,(355) 547-5065,Active
EMP006515,David,Rodriguez,David Rodriguez,23,Finance,Lead,San Francisco,71217.63,5304.94,2022-10-23,0,49.6,david.rodriguez@company.com,(539) 762-5307,Active
EMP006516,Melissa,Johnson,Melissa Johnson,39,Marketing,Analyst,Austin,76811.87,1999.77,2022-11-04,16,75.5,melissa.johnson@company.com,(886) 855-4109,Active
EMP006517,Lisa,Williams,Lisa Williams,43,Operations,Senior Developer,Miami,37842.21,4710.54,2023-05-08,18,75.3,lisa.williams@company.com,(295) 210-5786,Active
EMP006518,Anthony,Anderson,Anthony Anderson,54,Marketing,Specialist,Austin,84803.62,5348.02,2020-07-04,25,36.6,anthony.anderson@company.com,(228) 885-3499,On Leave
EMP006519,Ashley,Jones,Ashley Jones,62,Operations,Coordinator,New York,59243.78,6723.57,2023-05-27,36,35.6,ashley.jones@company.com,(903) 599-4331,Active
EMP006520,Christopher,Garcia,Christopher Garcia,28,IT,Specialist,Seattle,64730.34,9733.64,2020-05-15,3,85.0,christopher.garcia@company.com,(761) 679-8668,Active
EMP006521,Nicole,Martin,Nicole Martin,50,IT,Lead,San Francisco,102053.05,0.0,2022-05-25,27,82.8,nicole.martin@company.com,(848) 746-8174,Active
EMP006522,Anthony,Wilson,Anthony Wilson,61,Marketing,Specialist,New York,90709.39,12945.94,2020-12-14,38,95.7,anthony.wilson@company.com,(986) 800-9067,Active
EMP006523,Nicole,Williams,Nicole Williams,59,Engineering,Specialist,San Francisco,76169.23,6031.63,2020-05-09,34,77.1,nicole.williams@company.com,(248) 939-1476,Active
EMP006524,David,Lopez,David Lopez,55,Marketing,Manager,Austin,95204.06,10168.86,2022-03-03,29,80.7,david.lopez@company.com,(552) 299-2897,Active
EMP006525,Nicole,Garcia,Nicole Garcia,65,Operations,Coordinator,San Francisco,96575.73,22471.37,2024-12-22,40,72.2,nicole.garcia@company.com,(355) 717-9418,Active
EMP006526,Jane,Martinez,Jane Martinez,54,IT,Coordinator,New York,86351.42,2385.0,2021-07-15,27,61.1,jane.martinez@company.com,(628) 777-1394,Active
EMP006527,Jane,Taylor,Jane Taylor,58,Finance,Senior Developer,Boston,113050.86,6862.69,2022-08-30,32,65.9,jane.taylor@company.com,(966) 214-5247,Active
EMP006528,Jane,Martinez,Jane Martinez,58,Legal,Manager,Austin,73229.54,11259.67,2024-12-27,35,100.0,jane.martinez@company.com,(736) 650-9897,Active
EMP006529,James,Jones,James Jones,35,IT,Analyst,Austin,99686.27,8586.54,2020-12-04,11,58.9,james.jones@company.com,(966) 734-5166,Active
EMP006530,Jessica,Davis,Jessica Davis,32,HR,Manager,Boston,60457.6,6137.88,2024-10-30,7,85.4,jessica.davis@company.com,(379) 899-2210,Active
EMP006531,Melissa,Thomas,Melissa Thomas,25,Engineering,Analyst,New York,56218.76,5010.31,2021-05-03,0,82.4,melissa.thomas@company.com,(419) 525-9891,Active
EMP006532,James,Smith,James Smith,51,IT,Lead,Chicago,100746.52,11176.7,2021-09-27,23,79.1,james.smith@company.com,(885) 284-7062,Active
EMP006533,Jane,Taylor,Jane Taylor,52,HR,Associate,Chicago,76399.92,10663.78,2024-10-12,23,66.0,jane.taylor@company.com,(236) 470-2568,Active
EMP006534,Ashley,Davis,Ashley Davis,48,Operations,Director,Seattle,70226.41,2454.47,2024-07-14,23,77.8,ashley.davis@company.com,(930) 511-2839,Active
EMP006535,Matthew,Jackson,Matthew Jackson,45,Marketing,Coordinator,Seattle,61612.42,5731.53,2023-09-22,22,63.5,matthew.jackson@company.com,(522) 663-5691,Active
EMP006536,Ashley,Davis,Ashley Davis,30,HR,Manager,Austin,34102.91,5548.95,2021-07-11,3,62.7,ashley.davis@company.com,(216) 422-1722,Active
EMP006537,James,Moore,James Moore,28,Sales,Coordinator,San Francisco,45923.72,5759.89,2023-09-19,0,83.3,james.moore@company.com,(725) 558-4869,Active
EMP006538,Stephanie,Jones,Stephanie Jones,56,Marketing,Manager,Boston,34574.22,1200.66,2024-02-11,31,47.2,stephanie.jones@company.com,(967) 810-5521,Active
EMP006539,Anthony,Rodriguez,Anthony Rodriguez,30,HR,Director,Miami,58557.49,6646.66,2021-05-02,1,84.9,anthony.rodriguez@company.com,(418) 268-3886,Active
EMP006540,Lisa,Miller,Lisa Miller,47,IT,Coordinator,Boston,95986.98,6082.52,2022-04-05,22,69.2,lisa.miller@company.com,(994) 764-6587,Inactive
EMP006541,Jane,Garcia,Jane Garcia,30,Marketing,Manager,New York,65470.8,3106.22,2022-02-05,2,64.3,jane.garcia@company.com,(394) 757-5867,Active
EMP006542,Anthony,Jones,Anthony Jones,56,Legal,Senior Developer,Boston,82030.94,9559.6,2021-03-10,28,62.6,anthony.jones@company.com,(388) 996-5587,Active
EMP006543,Michael,Moore,Michael Moore,23,HR,Senior Developer,Boston,30549.14,2985.26,2021-06-06,0,58.4,michael.moore@company.com,(645) 316-3740,Active
EMP006544,William,Johnson,William Johnson,56,Legal,Specialist,Austin,101346.83,4509.29,2020-02-07,29,73.9,william.johnson@company.com,(205) 660-8287,Active
EMP006545,Stephanie,Johnson,Stephanie Johnson,53,Sales,Director,New York,65799.09,6532.06,2024-05-07,29,54.7,stephanie.johnson@company.com,(312) 651-4958,Active
EMP006546,Lisa,Jackson,Lisa Jackson,59,IT,Analyst,Austin,98971.65,15947.43,2020-07-14,31,56.0,lisa.jackson@company.com,(576) 568-4629,Active
EMP006547,Jessica,Martin,Jessica Martin,27,Legal,Director,Boston,71806.55,3543.74,2020-07-27,4,77.4,jessica.martin@company.com,(706) 535-3150,Active
EMP006548,Nicole,Gonzalez,Nicole Gonzalez,59,Sales,Analyst,Chicago,85654.88,14614.5,2021-06-07,31,61.7,nicole.gonzalez@company.com,(223) 856-1770,Active
EMP006549,James,Jackson,James Jackson,24,HR,Coordinator,Miami,60691.21,2086.82,2024-10-20,0,89.3,james.jackson@company.com,(752) 285-9733,Active
EMP006550,Jane,Johnson,Jane Johnson,53,Marketing,Lead,Chicago,94790.58,8964.93,2024-03-08,30,90.1,jane.johnson@company.com,(473) 213-9692,Active
EMP006551,Amanda,Thomas,Amanda Thomas,31,Finance,Director,Chicago,79840.77,7758.01,2021-12-10,4,76.2,amanda.thomas@company.com,(283) 843-1623,Active
EMP006552,Emily,Wilson,Emily Wilson,55,Finance,Senior Developer,Chicago,73863.61,11855.93,2023-07-26,33,80.1,emily.wilson@company.com,(508) 799-3285,Inactive
EMP006553,Matthew,Martinez,Matthew Martinez,27,Sales,Director,Los Angeles,80894.51,232.47,2024-12-30,0,75.9,matthew.martinez@company.com,(926) 485-5676,Active
EMP006554,Anthony,Garcia,Anthony Garcia,27,Legal,Director,Los Angeles,68869.64,8659.81,2023-06-18,0,94.9,anthony.garcia@company.com,(887) 354-1093,Active
EMP006555,Michael,Lopez,Michael Lopez,43,Legal,Specialist,New York,106050.8,12559.56,2024-07-22,16,89.8,michael.lopez@company.com,(563) 933-4092,Active
EMP006556,Jessica,Smith,Jessica Smith,24,Finance,Specialist,Austin,77061.51,2107.27,2023-06-30,1,81.4,jessica.smith@company.com,(478) 768-2828,Active
EMP006557,Anthony,Moore,Anthony Moore,62,Marketing,Lead,Los Angeles,94395.78,11816.78,2021-08-22,40,95.7,anthony.moore@company.com,(498) 425-4916,Active
EMP006558,Robert,Brown,Robert Brown,62,Finance,Analyst,New York,107755.4,14961.85,2023-06-01,35,88.9,robert.brown@company.com,(221) 432-1329,Active
EMP006559,Sarah,Smith,Sarah Smith,49,HR,Senior Developer,San Francisco,80671.77,11841.17,2020-08-25,20,76.9,sarah.smith@company.com,(858) 506-1204,Active
EMP006560,Amanda,Jackson,Amanda Jackson,44,Legal,Analyst,Los Angeles,104960.77,12183.91,2020-05-27,15,44.5,amanda.jackson@company.com,(626) 420-5134,Active
EMP006561,Ashley,Davis,Ashley Davis,31,Engineering,Director,Boston,136603.45,16592.19,2021-09-08,7,81.4,ashley.davis@company.com,(467) 970-8844,On Leave
EMP006562,Amanda,Smith,Amanda Smith,58,Marketing,Analyst,Austin,107056.82,3301.31,2022-12-17,36,91.2,amanda.smith@company.com,(850) 746-2596,Inactive
EMP006563,Michael,Davis,Michael Davis,41,Legal,Coordinator,San Francisco,105375.97,10361.34,2023-11-02,13,100.0,michael.davis@company.com,(727) 748-1472,Active
EMP006564,David,Thomas,David Thomas,32,Sales,Associate,Seattle,72819.12,13939.99,2021-04-02,8,62.1,david.thomas@company.com,(557) 551-5820,Active
EMP006565,Ashley,Wilson,Ashley Wilson,29,IT,Lead,Austin,56678.4,0.0,2020-12-28,2,84.5,ashley.wilson@company.com,(253) 414-3733,Active
EMP006566,Jessica,Jones,Jessica Jones,34,Marketing,Manager,Miami,67944.37,1881.71,2021-10-01,6,68.6,jessica.jones@company.com,(824) 467-4916,Inactive
EMP006567,David,Thomas,David Thomas,28,Finance,Analyst,New York,86678.18,5888.68,2022-02-16,0,54.4,david.thomas@company.com,(561) 551-6303,Active
EMP006568,William,Lopez,William Lopez,60,Engineering,Director,Chicago,99889.23,14168.93,2024-01-16,35,73.6,william.lopez@company.com,(944) 453-2977,Active
EMP006569,Sarah,Taylor,Sarah Taylor,55,Operations,Manager,Seattle,87281.21,5629.53,2024-08-01,30,81.8,sarah.taylor@company.com,(533) 964-2522,Active
EMP006570,Matthew,Taylor,Matthew Taylor,37,Marketing,Director,Miami,46153.28,6691.07,2022-09-26,12,69.4,matthew.taylor@company.com,(851) 992-5367,Inactive
EMP006571,Jane,Jackson,Jane Jackson,41,Finance,Lead,Seattle,68708.47,4457.4,2020-07-05,15,63.0,jane.jackson@company.com,(746) 856-2081,Active
EMP006572,David,Martinez,David Martinez,63,Engineering,Analyst,Los Angeles,64230.39,5583.25,2024-12-14,35,84.8,david.martinez@company.com,(273) 939-5669,On Leave
EMP006573,Sarah,Davis,Sarah Davis,54,HR,Specialist,Boston,74949.62,4007.41,2022-06-15,26,83.3,sarah.davis@company.com,(393) 941-5050,Active
EMP006574,Emily,Hernandez,Emily Hernandez,43,Operations,Associate,Boston,76884.93,4771.69,2021-01-26,14,64.5,emily.hernandez@company.com,(497) 845-2960,Inactive
EMP006575,Sarah,Lopez,Sarah Lopez,55,Legal,Senior Developer,Miami,131748.33,14392.4,2023-02-17,33,51.6,sarah.lopez@company.com,(257) 965-8374,Inactive
EMP006576,Anthony,Jones,Anthony Jones,60,Marketing,Associate,Austin,100565.18,16290.02,2022-04-28,36,63.1,anthony.jones@company.com,(569) 339-9723,Active
EMP006577,Sarah,Rodriguez,Sarah Rodriguez,54,Sales,Analyst,New York,75790.29,5418.6,2024-04-20,26,61.5,sarah.rodriguez@company.com,(658) 484-6195,Active
EMP006578,William,Lopez,William Lopez,37,IT,Analyst,Boston,85416.34,6956.05,2022-01-30,9,68.2,william.lopez@company.com,(218) 699-8035,Inactive
EMP006579,Jessica,Thomas,Jessica Thomas,44,HR,Specialist,Los Angeles,106859.3,15187.25,2024-09-30,16,56.9,jessica.thomas@company.com,(992) 406-7123,Active
EMP006580,Jessica,Thomas,Jessica Thomas,30,Sales,Senior Developer,Chicago,62705.46,11184.13,2021-08-21,4,95.6,jessica.thomas@company.com,(603) 449-1868,Active
EMP006581,Jane,Martin,Jane Martin,52,Operations,Manager,Austin,46662.78,5131.61,2021-06-10,24,57.5,jane.martin@company.com,(375) 989-9835,Inactive
EMP006582,Christopher,Miller,Christopher Miller,42,Marketing,Senior Developer,Austin,70317.2,3899.71,2020-04-11,20,80.3,christopher.miller@company.com,(381) 613-6881,Active
EMP006583,Melissa,Martinez,Melissa Martinez,56,Legal,Specialist,Seattle,148471.54,13209.07,2023-05-20,27,83.9,melissa.martinez@company.com,(404) 605-7446,Active
EMP006584,James,Jones,James Jones,37,Sales,Manager,Los Angeles,75382.19,6919.99,2022-12-01,12,73.7,james.jones@company.com,(453) 505-1756,Active
EMP006585,Matthew,Jackson,Matthew Jackson,44,Legal,Manager,Seattle,92606.64,7155.87,2023-06-18,17,89.9,matthew.jackson@company.com,(416) 983-4334,Active
EMP006586,Lisa,Gonzalez,Lisa Gonzalez,31,Finance,Director,Miami,56765.02,6323.11,2022-01-15,8,87.7,lisa.gonzalez@company.com,(424) 835-6504,Inactive
EMP006587,Emily,Brown,Emily Brown,37,Operations,Analyst,Seattle,42799.61,1577.49,2023-12-14,12,77.2,emily.brown@company.com,(626) 336-7777,Active
EMP006588,Michael,Taylor,Michael Taylor,32,Marketing,Lead,Los Angeles,64419.1,5318.51,2020-05-05,7,66.3,michael.taylor@company.com,(291) 413-8063,Active
EMP006589,Michael,Wilson,Michael Wilson,23,IT,Director,Miami,72946.9,1648.46,2021-01-16,0,71.3,michael.wilson@company.com,(345) 323-8497,Active
EMP006590,Daniel,Lopez,Daniel Lopez,39,Finance,Specialist,San Francisco,96659.59,10293.24,2021-06-27,14,61.5,daniel.lopez@company.com,(698) 690-3921,Active
EMP006591,William,Hernandez,William Hernandez,49,HR,Lead,Austin,73449.39,7427.03,2024-02-06,21,95.1,william.hernandez@company.com,(596) 802-8477,Active
EMP006592,Stephanie,Jones,Stephanie Jones,23,Legal,Analyst,Los Angeles,43236.89,5692.99,2024-06-10,0,83.3,stephanie.jones@company.com,(479) 450-7707,Active
EMP006593,Jane,Gonzalez,Jane Gonzalez,49,HR,Manager,New York,69372.62,12803.97,2022-08-11,27,84.8,jane.gonzalez@company.com,(803) 743-3832,Active
EMP006594,Robert,Moore,Robert Moore,65,Sales,Lead,Miami,127666.99,19206.77,2024-03-25,37,61.5,robert.moore@company.com,(409) 880-6979,Inactive
EMP006595,Jessica,Martin,Jessica Martin,51,Marketing,Senior Developer,San Francisco,108178.47,10158.58,2022-10-28,29,91.6,jessica.martin@company.com,(664) 767-2695,Active
EMP006596,David,Gonzalez,David Gonzalez,35,Legal,Director,Miami,69524.1,8836.52,2021-11-03,13,68.6,david.gonzalez@company.com,(957) 888-2919,Inactive
EMP006597,Amanda,Martin,Amanda Martin,24,Legal,Specialist,Austin,78623.03,3166.99,2021-09-06,0,89.8,amanda.martin@company.com,(999) 621-9574,Active
EMP006598,John,Johnson,John Johnson,27,Finance,Specialist,Miami,48364.11,4240.14,2022-07-24,0,85.6,john.johnson@company.com,(975) 881-3681,Active
EMP006599,Christopher,Brown,Christopher Brown,45,IT,Analyst,Los Angeles,147721.28,11549.45,2024-02-06,16,61.5,christopher.brown@company.com,(919) 824-1664,Active
EMP006600,Anthony,Jones,Anthony Jones,28,IT,Director,Los Angeles,67193.42,10826.69,2023-08-18,3,80.2,anthony.jones@company.com,(637) 949-9026,Active
EMP006601,Stephanie,Davis,Stephanie Davis,51,IT,Director,Los Angeles,105245.02,6401.58,2024-11-03,22,100.0,stephanie.davis@company.com,(581) 331-8784,Active
EMP006602,John,Smith,John Smith,45,Legal,Coordinator,Boston,78256.43,3940.64,2020-01-23,16,71.0,john.smith@company.com,(462) 209-5517,Active
EMP006603,Robert,Taylor,Robert Taylor,60,HR,Senior Developer,New York,88728.45,4507.62,2020-05-15,37,94.2,robert.taylor@company.com,(670) 524-3444,Active
EMP006604,David,Smith,David Smith,57,Legal,Lead,New York,102519.95,6217.08,2022-09-16,35,92.6,david.smith@company.com,(856) 794-9233,Active
EMP006605,Nicole,Gonzalez,Nicole Gonzalez,34,Sales,Coordinator,Chicago,51239.7,6519.0,2022-04-28,5,54.9,nicole.gonzalez@company.com,(923) 270-7786,Active
EMP006606,Jane,Garcia,Jane Garcia,36,Engineering,Manager,Chicago,91662.87,5260.23,2020-10-23,7,76.2,jane.garcia@company.com,(374) 383-5929,Active
EMP006607,Christopher,Wilson,Christopher Wilson,55,Sales,Coordinator,Los Angeles,96953.82,18940.43,2020-07-08,33,70.9,christopher.wilson@company.com,(684) 915-6888,Active
EMP006608,Christopher,Wilson,Christopher Wilson,59,Marketing,Coordinator,Los Angeles,89550.0,9810.07,2022-10-16,31,65.7,christopher.wilson@company.com,(253) 505-4578,Active
EMP006609,Matthew,Miller,Matthew Miller,43,HR,Director,Chicago,71085.9,5713.03,2023-10-11,16,58.1,matthew.miller@company.com,(947) 734-5342,Active
EMP006610,Anthony,Brown,Anthony Brown,57,Marketing,Senior Developer,Los Angeles,103928.8,11922.92,2022-07-21,34,80.4,anthony.brown@company.com,(614) 984-5175,Active
EMP006611,Amanda,Anderson,Amanda Anderson,27,Legal,Analyst,Seattle,42187.73,1475.42,2022-06-28,5,67.4,amanda.anderson@company.com,(414) 522-5290,On Leave
EMP006612,Daniel,Smith,Daniel Smith,55,Operations,Lead,Seattle,54756.69,10329.33,2020-11-12,33,98.3,daniel.smith@company.com,(249) 970-3185,Active
EMP006613,Christopher,Hernandez,Christopher Hernandez,36,Marketing,Lead,Los Angeles,57490.09,1522.65,2024-01-08,12,70.7,christopher.hernandez@company.com,(808) 457-8722,Active
EMP006614,Lisa,Williams,Lisa Williams,30,IT,Manager,Los Angeles,56895.15,8784.02,2022-09-30,8,64.9,lisa.williams@company.com,(437) 931-2875,Active
EMP006615,Jane,Smith,Jane Smith,58,Sales,Lead,Miami,102980.05,14966.5,2022-08-20,34,65.7,jane.smith@company.com,(611) 592-1761,Active
EMP006616,Emily,Smith,Emily Smith,25,Engineering,Associate,Austin,70157.7,3551.54,2021-09-22,0,94.4,emily.smith@company.com,(991) 333-4558,Active
EMP006617,David,Davis,David Davis,26,Operations,Analyst,Boston,59841.96,8386.12,2020-10-15,0,62.8,david.davis@company.com,(230) 816-6092,Active
EMP006618,William,Hernandez,William Hernandez,35,IT,Senior Developer,Chicago,78705.74,5539.65,2020-10-29,13,73.0,william.hernandez@company.com,(958) 223-3774,Active
EMP006619,John,Jackson,John Jackson,46,Finance,Senior Developer,San Francisco,102310.25,5951.97,2024-12-15,20,86.7,john.jackson@company.com,(393) 782-7598,Active
EMP006620,Amanda,Garcia,Amanda Garcia,48,Operations,Senior Developer,Boston,73862.26,10754.55,2022-06-29,19,100.0,amanda.garcia@company.com,(995) 598-6234,Active
EMP006621,Lisa,Moore,Lisa Moore,37,HR,Specialist,Los Angeles,65451.02,7819.04,2024-10-02,12,60.7,lisa.moore@company.com,(816) 531-1427,Active
EMP006622,Emily,Wilson,Emily Wilson,40,Marketing,Coordinator,Miami,78830.38,2453.38,2023-10-17,16,99.1,emily.wilson@company.com,(702) 356-1972,On Leave
EMP006623,Robert,Brown,Robert Brown,25,Finance,Manager,Austin,75740.67,13043.78,2022-04-10,2,78.5,robert.brown@company.com,(303) 506-4872,Active
EMP006624,Matthew,Taylor,Matthew Taylor,55,Operations,Lead,Seattle,59923.88,4832.1,2020-03-21,27,68.2,matthew.taylor@company.com,(814) 874-1349,Active
EMP006625,Anthony,Moore,Anthony Moore,41,Sales,Director,Chicago,58570.01,0.0,2024-06-02,17,68.0,anthony.moore@company.com,(683) 273-1980,Active
EMP006626,Anthony,Johnson,Anthony Johnson,55,Legal,Senior Developer,San Francisco,100012.7,12833.85,2021-04-02,26,100.0,anthony.johnson@company.com,(875) 632-5159,Active
EMP006627,Lisa,Johnson,Lisa Johnson,37,IT,Coordinator,Miami,57956.37,8389.87,2023-01-08,12,92.9,lisa.johnson@company.com,(226) 393-2646,Active
EMP006628,Daniel,Thomas,Daniel Thomas,26,Engineering,Director,Boston,103483.91,8803.76,2023-10-06,2,65.8,daniel.thomas@company.com,(754) 960-9184,Active
EMP006629,Matthew,Martin,Matthew Martin,65,Operations,Specialist,Austin,74399.68,8722.11,2021-01-04,38,80.7,matthew.martin@company.com,(791) 662-1881,Active
EMP006630,Daniel,Thomas,Daniel Thomas,35,HR,Manager,Austin,61326.77,8872.98,2024-11-10,8,50.5,daniel.thomas@company.com,(231) 458-2481,Active
EMP006631,Robert,Garcia,Robert Garcia,52,IT,Specialist,Seattle,63615.54,9008.95,2020-09-09,28,79.6,robert.garcia@company.com,(208) 470-3184,Inactive
EMP006632,David,Smith,David Smith,39,Engineering,Coordinator,Los Angeles,91637.83,4113.35,2023-01-24,16,60.8,david.smith@company.com,(584) 378-4112,Inactive
EMP006633,William,Moore,William Moore,56,Legal,Director,San Francisco,116306.77,17526.51,2021-09-03,32,63.5,william.moore@company.com,(371) 295-2042,Inactive
EMP006634,Daniel,Martinez,Daniel Martinez,35,IT,Coordinator,Miami,71705.25,9114.93,2024-10-23,10,100.0,daniel.martinez@company.com,(698) 424-3768,Active
EMP006635,Michael,Rodriguez,Michael Rodriguez,32,Sales,Associate,Boston,64890.4,4836.5,2020-05-23,3,83.0,michael.rodriguez@company.com,(667) 394-2412,Active
EMP006636,Jessica,Jones,Jessica Jones,27,Sales,Analyst,Miami,64692.8,9300.38,2021-06-01,3,58.1,jessica.jones@company.com,(685) 912-7529,On Leave
EMP006637,Daniel,Rodriguez,Daniel Rodriguez,46,Engineering,Coordinator,Austin,102746.86,11278.32,2023-07-27,22,53.0,daniel.rodriguez@company.com,(929) 409-1613,Active
EMP006638,James,Gonzalez,James Gonzalez,63,Finance,Lead,San Francisco,98356.27,14569.13,2020-11-15,38,78.8,james.gonzalez@company.com,(701) 415-5440,Active
EMP006639,Anthony,Thomas,Anthony Thomas,61,Operations,Senior Developer,Seattle,104240.12,6163.23,2021-04-10,36,100.0,anthony.thomas@company.com,(992) 386-7289,Active
EMP006640,John,Brown,John Brown,36,Operations,Analyst,New York,68867.94,5051.34,2020-09-26,10,89.3,john.brown@company.com,(828) 716-4311,Active
EMP006641,David,Jones,David Jones,23,Sales,Director,Austin,50622.54,4059.07,2024-12-04,0,67.6,david.jones@company.com,(675) 231-5145,Active
EMP006642,Jane,Miller,Jane Miller,52,IT,Lead,New York,118483.34,16998.96,2020-12-02,29,95.1,jane.miller@company.com,(834) 505-4176,Active
EMP006643,David,Taylor,David Taylor,44,Legal,Specialist,Austin,130239.97,3188.73,2021-11-17,20,49.1,david.taylor@company.com,(326) 341-7048,Active
EMP006644,Lisa,Anderson,Lisa Anderson,22,Marketing,Coordinator,Boston,39208.63,7879.1,2023-01-16,0,90.2,lisa.anderson@company.com,(592) 711-4965,Active
EMP006645,Jane,Jones,Jane Jones,45,Legal,Director,Los Angeles,114549.28,13420.08,2024-02-03,22,67.9,jane.jones@company.com,(934) 503-9762,Inactive
EMP006646,Stephanie,Lopez,Stephanie Lopez,43,IT,Analyst,San Francisco,103890.3,15714.12,2022-12-21,20,55.6,stephanie.lopez@company.com,(256) 618-6711,Inactive
EMP006647,Emily,Brown,Emily Brown,32,Sales,Coordinator,New York,48642.86,2629.86,2021-03-10,5,77.1,emily.brown@company.com,(280) 607-2800,Active
EMP006648,Christopher,Thomas,Christopher Thomas,34,Operations,Senior Developer,Miami,64280.11,8069.99,2021-03-08,8,84.5,christopher.thomas@company.com,(474) 274-2858,On Leave
EMP006649,David,Martin,David Martin,63,Marketing,Manager,San Francisco,80674.0,8383.9,2021-07-07,34,79.1,david.martin@company.com,(372) 417-6316,Active
EMP006650,William,Anderson,William Anderson,50,IT,Coordinator,Boston,105686.39,7882.63,2021-08-16,25,93.6,william.anderson@company.com,(563) 244-9212,Active
EMP006651,William,Moore,William Moore,31,Operations,Associate,New York,58556.08,6737.31,2023-03-21,6,67.0,william.moore@company.com,(251) 513-4937,Active
EMP006652,Nicole,Thomas,Nicole Thomas,31,Finance,Specialist,Seattle,94116.93,14235.14,2024-09-26,4,98.2,nicole.thomas@company.com,(201) 605-1635,Active
EMP006653,Christopher,Jackson,Christopher Jackson,30,Engineering,Specialist,Boston,85787.15,6883.48,2020-04-09,6,68.3,christopher.jackson@company.com,(553) 895-3174,Active
EMP006654,Anthony,Taylor,Anthony Taylor,27,Engineering,Manager,Chicago,91198.84,6519.05,2024-06-16,0,100.0,anthony.taylor@company.com,(989) 708-8617,Active
EMP006655,Jane,Moore,Jane Moore,59,Sales,Director,Boston,93785.51,13976.3,2020-02-10,36,52.0,jane.moore@company.com,(366) 793-4611,Active
EMP006656,Christopher,Anderson,Christopher Anderson,25,Legal,Coordinator,New York,88051.05,9023.51,2020-10-15,3,69.2,christopher.anderson@company.com,(777) 705-3239,Active
EMP006657,Nicole,Martinez,Nicole Martinez,47,Sales,Lead,Chicago,78778.63,5541.27,2023-04-19,23,70.8,nicole.martinez@company.com,(847) 306-4675,Active
EMP006658,Jessica,Davis,Jessica Davis,57,Marketing,Specialist,Boston,89238.14,991.49,2024-04-27,30,63.8,jessica.davis@company.com,(860) 999-1284,Active
EMP006659,Michael,Wilson,Michael Wilson,47,Marketing,Specialist,Miami,88620.69,6134.52,2020-12-29,25,35.1,michael.wilson@company.com,(340) 299-3108,Active
EMP006660,Sarah,Williams,Sarah Williams,24,Operations,Specialist,Seattle,37352.33,1793.67,2021-09-26,1,67.8,sarah.williams@company.com,(862) 726-6742,Active
EMP006661,Ashley,Wilson,Ashley Wilson,38,Sales,Senior Developer,New York,73648.86,4829.82,2022-03-07,15,68.5,ashley.wilson@company.com,(746) 295-1057,Active
EMP006662,Jessica,Thomas,Jessica Thomas,56,Legal,Director,Miami,98606.48,12135.42,2020-01-31,30,41.5,jessica.thomas@company.com,(834) 849-6486,Inactive
EMP006663,Ashley,Gonzalez,Ashley Gonzalez,51,Engineering,Director,Miami,137923.38,4320.27,2024-11-07,23,79.4,ashley.gonzalez@company.com,(705) 376-1934,Active
EMP006664,Jessica,Garcia,Jessica Garcia,54,Finance,Specialist,New York,93019.91,3614.92,2021-09-13,27,100.0,jessica.garcia@company.com,(220) 305-3592,Active
EMP006665,Nicole,Hernandez,Nicole Hernandez,55,IT,Specialist,Austin,115640.97,13914.54,2021-02-13,33,79.1,nicole.hernandez@company.com,(609) 271-5487,Active
EMP006666,Jane,Williams,Jane Williams,62,Marketing,Specialist,New York,75245.4,6493.95,2021-05-04,37,100.0,jane.williams@company.com,(284) 363-9665,On Leave
EMP006667,Nicole,Wilson,Nicole Wilson,37,IT,Lead,Miami,116618.61,19646.47,2021-12-08,9,81.6,nicole.wilson@company.com,(592) 500-7543,Inactive
EMP006668,Matthew,Miller,Matthew Miller,45,IT,Director,Austin,96751.78,6247.64,2024-04-12,18,81.0,matthew.miller@company.com,(354) 235-5624,Active
EMP006669,Sarah,Wilson,Sarah Wilson,58,Operations,Senior Developer,Austin,73952.62,8489.19,2024-12-15,34,88.7,sarah.wilson@company.com,(796) 792-1027,Active
EMP006670,Melissa,Johnson,Melissa Johnson,64,Sales,Associate,Seattle,88974.31,2199.03,2020-08-19,36,73.6,melissa.johnson@company.com,(727) 680-1931,Active
EMP006671,Emily,Thomas,Emily Thomas,50,HR,Specialist,Chicago,77694.61,4895.69,2024-06-24,28,41.1,emily.thomas@company.com,(599) 672-9817,Active
EMP006672,Michael,Martinez,Michael Martinez,62,IT,Analyst,Seattle,115044.59,3410.72,2021-11-14,35,75.3,michael.martinez@company.com,(990) 229-9325,Active
EMP006673,Emily,Davis,Emily Davis,62,Marketing,Director,Seattle,72467.48,5894.15,2023-07-02,35,89.5,emily.davis@company.com,(620) 784-8075,Inactive
EMP006674,Ashley,Anderson,Ashley Anderson,41,Legal,Analyst,Austin,70489.64,1886.22,2021-05-25,19,94.6,ashley.anderson@company.com,(703) 360-5189,Inactive
EMP006675,Anthony,Garcia,Anthony Garcia,34,Marketing,Director,San Francisco,77208.06,9127.92,2021-04-17,8,100.0,anthony.garcia@company.com,(341) 513-1087,Inactive
EMP006676,Michael,Taylor,Michael Taylor,28,IT,Associate,Seattle,59760.49,6800.6,2020-02-11,2,91.7,michael.taylor@company.com,(566) 605-3449,Inactive
EMP006677,William,Lopez,William Lopez,33,Engineering,Associate,Boston,74404.28,6753.42,2023-06-18,9,99.3,william.lopez@company.com,(567) 882-9582,Active
EMP006678,Michael,Wilson,Michael Wilson,50,Sales,Specialist,Austin,87752.79,9291.09,2021-03-31,21,48.1,michael.wilson@company.com,(843) 977-9557,Active
EMP006679,Michael,Jones,Michael Jones,61,Operations,Analyst,New York,76358.74,1900.29,2021-10-17,39,76.5,michael.jones@company.com,(601) 373-2365,Active
EMP006680,William,Thomas,William Thomas,34,IT,Specialist,New York,96184.05,8257.83,2024-02-09,12,68.7,william.thomas@company.com,(504) 259-5871,Active
EMP006681,Sarah,Martinez,Sarah Martinez,61,Marketing,Coordinator,Los Angeles,77813.92,15507.46,2022-02-07,33,76.5,sarah.martinez@company.com,(358) 632-2152,Inactive
EMP006682,Jane,Rodriguez,Jane Rodriguez,41,IT,Director,Seattle,111503.51,10060.01,2020-02-24,19,70.0,jane.rodriguez@company.com,(936) 227-8187,Active
EMP006683,Daniel,Gonzalez,Daniel Gonzalez,55,IT,Coordinator,New York,65097.55,13340.33,2024-05-06,27,61.7,daniel.gonzalez@company.com,(935) 423-2175,Active
EMP006684,Lisa,Thomas,Lisa Thomas,49,HR,Specialist,Miami,58242.75,2198.78,2022-09-05,24,65.6,lisa.thomas@company.com,(585) 588-4674,Active
EMP006685,Melissa,Garcia,Melissa Garcia,37,Finance,Specialist,Chicago,92785.14,20969.94,2020-12-11,13,63.4,melissa.garcia@company.com,(694) 722-6110,Active
EMP006686,Michael,Garcia,Michael Garcia,56,Legal,Senior Developer,Los Angeles,70199.82,7361.96,2020-09-30,27,49.7,michael.garcia@company.com,(972) 953-9268,Active
EMP006687,Sarah,Garcia,Sarah Garcia,42,Finance,Lead,Miami,48697.79,1961.7,2023-06-01,13,93.3,sarah.garcia@company.com,(780) 814-5695,Active
EMP006688,Matthew,Williams,Matthew Williams,47,Finance,Associate,New York,62813.1,7873.08,2023-12-18,25,82.1,matthew.williams@company.com,(764) 324-3908,Active
EMP006689,Amanda,Gonzalez,Amanda Gonzalez,23,Sales,Specialist,New York,59749.8,8029.97,2020-03-16,0,100.0,amanda.gonzalez@company.com,(772) 635-8736,Active
EMP006690,Robert,Jones,Robert Jones,30,Operations,Specialist,Los Angeles,68283.11,2904.59,2022-12-02,6,69.3,robert.jones@company.com,(273) 230-7200,Inactive
EMP006691,William,Anderson,William Anderson,61,Sales,Coordinator,Los Angeles,104362.64,13266.36,2022-03-13,34,92.7,william.anderson@company.com,(830) 398-9773,Active
EMP006692,James,Williams,James Williams,40,Marketing,Coordinator,New York,44876.41,6199.08,2021-06-22,13,64.2,james.williams@company.com,(313) 563-3109,Active
EMP006693,Melissa,Taylor,Melissa Taylor,31,IT,Lead,Seattle,73593.65,12180.9,2024-04-18,9,57.8,melissa.taylor@company.com,(695) 207-2860,Active
EMP006694,Anthony,Gonzalez,Anthony Gonzalez,47,Marketing,Analyst,New York,83206.92,15808.21,2023-09-20,22,100.0,anthony.gonzalez@company.com,(445) 397-7230,Active
EMP006695,John,Gonzalez,John Gonzalez,34,Operations,Senior Developer,Austin,61809.3,4619.51,2021-03-02,11,78.4,john.gonzalez@company.com,(683) 753-6423,Inactive
EMP006696,David,Miller,David Miller,43,Operations,Director,Seattle,56371.9,8077.5,2022-01-18,16,69.4,david.miller@company.com,(865) 269-3665,Active
EMP006697,John,Martinez,John Martinez,31,Operations,Director,Los Angeles,77382.11,5996.0,2023-12-20,9,70.3,john.martinez@company.com,(764) 562-6961,Active
EMP006698,Jane,Hernandez,Jane Hernandez,51,Engineering,Specialist,New York,105305.28,19952.05,2024-08-22,29,100.0,jane.hernandez@company.com,(523) 289-1359,Active
EMP006699,Christopher,Wilson,Christopher Wilson,36,Engineering,Manager,Boston,133302.7,16555.44,2023-03-31,12,86.8,christopher.wilson@company.com,(523) 782-3562,Active
EMP006700,Robert,Jackson,Robert Jackson,43,Sales,Director,Boston,67819.8,8091.26,2020-11-29,20,43.3,robert.jackson@company.com,(358) 583-9013,Active
EMP006701,Sarah,Brown,Sarah Brown,30,IT,Associate,Los Angeles,62512.94,9856.59,2023-09-22,4,81.6,sarah.brown@company.com,(244) 364-9830,Active
EMP006702,Emily,Taylor,Emily Taylor,27,Sales,Associate,Seattle,51083.17,3794.72,2021-12-17,1,75.0,emily.taylor@company.com,(644) 872-2548,Active
EMP006703,Melissa,Moore,Melissa Moore,60,Sales,Specialist,Boston,88559.01,16277.25,2023-10-15,38,62.0,melissa.moore@company.com,(968) 765-4080,On Leave
EMP006704,Michael,Williams,Michael Williams,28,Operations,Director,Austin,83319.28,10773.28,2021-03-31,3,63.3,michael.williams@company.com,(586) 597-6007,Active
EMP006705,Robert,Martinez,Robert Martinez,25,Legal,Director,Seattle,124242.92,15805.14,2020-04-17,0,73.6,robert.martinez@company.com,(438) 501-3321,Active
EMP006706,Daniel,Moore,Daniel Moore,40,Finance,Associate,Boston,60251.21,12530.09,2022-06-08,18,90.7,daniel.moore@company.com,(949) 266-2784,Active
EMP006707,Amanda,Gonzalez,Amanda Gonzalez,36,Sales,Manager,Los Angeles,80480.03,12846.71,2023-05-06,10,60.8,amanda.gonzalez@company.com,(592) 514-1942,Active
EMP006708,Matthew,Thomas,Matthew Thomas,30,IT,Manager,Los Angeles,55941.34,11341.53,2024-04-10,5,54.5,matthew.thomas@company.com,(991) 949-2247,Active
EMP006709,Nicole,Garcia,Nicole Garcia,44,IT,Specialist,San Francisco,69348.84,1206.09,2024-03-13,19,63.5,nicole.garcia@company.com,(843) 682-4727,Active
EMP006710,Ashley,Moore,Ashley Moore,55,Engineering,Lead,Chicago,130867.67,6955.71,2023-05-10,30,82.3,ashley.moore@company.com,(709) 948-3192,Inactive
EMP006711,Melissa,Miller,Melissa Miller,30,Engineering,Associate,San Francisco,109446.99,18344.74,2023-07-03,4,63.1,melissa.miller@company.com,(798) 512-7476,Active
EMP006712,David,Brown,David Brown,49,Legal,Coordinator,Seattle,101964.97,13988.7,2023-08-29,23,66.6,david.brown@company.com,(600) 521-9947,Active
EMP006713,Robert,Moore,Robert Moore,44,IT,Specialist,Seattle,93385.63,10013.13,2024-09-21,19,74.6,robert.moore@company.com,(431) 905-1369,Active
EMP006714,Matthew,Rodriguez,Matthew Rodriguez,32,Sales,Coordinator,Seattle,36086.53,2246.64,2022-08-12,4,59.0,matthew.rodriguez@company.com,(789) 562-6689,Inactive
EMP006715,Daniel,Miller,Daniel Miller,52,Sales,Associate,Boston,80300.71,5553.14,2024-01-08,30,75.6,daniel.miller@company.com,(662) 791-8681,Active
EMP006716,Matthew,Williams,Matthew Williams,54,Operations,Senior Developer,Los Angeles,73213.25,10820.48,2021-01-20,26,55.5,matthew.williams@company.com,(864) 221-3049,On Leave
EMP006717,Jessica,Garcia,Jessica Garcia,60,Legal,Director,Los Angeles,153201.59,27068.88,2023-05-03,35,100.0,jessica.garcia@company.com,(292) 603-5654,Active
EMP006718,Melissa,Miller,Melissa Miller,57,Legal,Lead,Los Angeles,126837.07,12967.82,2023-10-24,32,57.8,melissa.miller@company.com,(911) 592-7004,Active
EMP006719,Stephanie,Martinez,Stephanie Martinez,57,Legal,Senior Developer,San Francisco,112313.43,8812.81,2023-10-12,32,69.6,stephanie.martinez@company.com,(693) 564-4718,Active
EMP006720,Anthony,Wilson,Anthony Wilson,22,Sales,Coordinator,Miami,74744.4,7427.81,2020-08-20,0,63.2,anthony.wilson@company.com,(289) 697-6178,Active
EMP006721,Robert,Martinez,Robert Martinez,25,Finance,Associate,New York,60684.84,1862.43,2020-04-12,1,65.7,robert.martinez@company.com,(356) 320-1570,Active
EMP006722,Christopher,Garcia,Christopher Garcia,63,IT,Associate,Los Angeles,105107.75,0.0,2022-09-10,39,94.2,christopher.garcia@company.com,(366) 990-8453,Active
EMP006723,Matthew,Davis,Matthew Davis,51,HR,Analyst,Chicago,41109.34,3657.63,2022-02-15,28,93.6,matthew.davis@company.com,(412) 703-4267,Active
EMP006724,Stephanie,Taylor,Stephanie Taylor,49,Marketing,Director,Seattle,61050.38,6275.8,2022-05-11,27,63.6,stephanie.taylor@company.com,(795) 712-2168,Active
EMP006725,Jane,Johnson,Jane Johnson,51,IT,Lead,Miami,107503.65,9888.12,2020-11-19,23,43.3,jane.johnson@company.com,(632) 669-2975,On Leave
EMP006726,Stephanie,Jackson,Stephanie Jackson,23,Sales,Lead,Seattle,42620.41,4952.92,2024-07-08,0,64.4,stephanie.jackson@company.com,(215) 274-3583,Active
EMP006727,Nicole,Miller,Nicole Miller,24,Finance,Specialist,Boston,44830.94,3080.11,2020-06-09,0,100.0,nicole.miller@company.com,(591) 482-7334,Active
EMP006728,Sarah,Lopez,Sarah Lopez,38,Engineering,Associate,New York,95336.15,23498.82,2023-08-03,13,75.6,sarah.lopez@company.com,(911) 894-7444,Active
EMP006729,Emily,Moore,Emily Moore,28,Operations,Manager,Austin,73226.71,7921.69,2020-03-05,6,58.6,emily.moore@company.com,(466) 535-7135,Active
EMP006730,Matthew,Gonzalez,Matthew Gonzalez,43,Operations,Analyst,Chicago,52236.68,8068.2,2020-11-06,20,83.4,matthew.gonzalez@company.com,(329) 956-1856,Active
EMP006731,Christopher,Lopez,Christopher Lopez,43,Legal,Specialist,Miami,72608.39,10221.71,2023-08-07,21,69.5,christopher.lopez@company.com,(318) 504-5458,Active
EMP006732,Jane,Williams,Jane Williams,62,Engineering,Specialist,Austin,148635.87,13742.13,2020-10-21,37,88.7,jane.williams@company.com,(201) 934-7202,On Leave
EMP006733,Nicole,Anderson,Nicole Anderson,65,Marketing,Lead,San Francisco,92484.88,3817.25,2020-02-26,40,64.9,nicole.anderson@company.com,(487) 941-8029,Active
EMP006734,Melissa,Smith,Melissa Smith,24,Sales,Associate,Miami,46904.73,4520.56,2020-10-17,0,69.3,melissa.smith@company.com,(327) 282-8106,Active
EMP006735,David,Davis,David Davis,23,Engineering,Associate,Seattle,63272.86,2535.01,2023-11-27,1,90.4,david.davis@company.com,(551) 719-4702,On Leave
EMP006736,Christopher,Lopez,Christopher Lopez,49,Engineering,Associate,San Francisco,112099.71,2314.84,2023-10-04,22,82.7,christopher.lopez@company.com,(625) 566-9942,Active
EMP006737,Sarah,Davis,Sarah Davis,27,IT,Analyst,Los Angeles,90786.25,13090.56,2020-12-08,4,58.6,sarah.davis@company.com,(979) 356-1631,Active
EMP006738,Michael,Smith,Michael Smith,61,Marketing,Director,San Francisco,52534.61,5397.35,2024-10-22,35,70.4,michael.smith@company.com,(221) 926-6955,Active
EMP006739,Anthony,Gonzalez,Anthony Gonzalez,23,HR,Lead,Seattle,54012.8,1567.41,2023-02-01,1,64.7,anthony.gonzalez@company.com,(398) 501-9678,Active
EMP006740,William,Gonzalez,William Gonzalez,52,Engineering,Specialist,Chicago,95110.43,6974.64,2023-11-26,24,90.0,william.gonzalez@company.com,(654) 509-1253,On Leave
EMP006741,Daniel,Jackson,Daniel Jackson,55,Finance,Specialist,Austin,120683.76,4576.21,2021-09-30,30,90.4,daniel.jackson@company.com,(491) 315-8652,Active
EMP006742,Christopher,Wilson,Christopher Wilson,37,IT,Associate,San Francisco,102089.22,15475.69,2021-01-15,10,88.1,christopher.wilson@company.com,(289) 427-3789,On Leave
EMP006743,Jessica,Jackson,Jessica Jackson,23,Marketing,Manager,Boston,56383.15,9350.9,2020-08-22,0,72.8,jessica.jackson@company.com,(891) 801-8918,Active
EMP006744,Michael,Johnson,Michael Johnson,41,HR,Senior Developer,Chicago,77260.54,1576.17,2022-03-13,17,71.9,michael.johnson@company.com,(547) 714-1075,On Leave
EMP006745,Daniel,Jones,Daniel Jones,29,IT,Manager,Miami,111231.29,13870.55,2024-11-22,5,83.2,daniel.jones@company.com,(911) 539-2240,Active
EMP006746,Lisa,Davis,Lisa Davis,24,HR,Manager,New York,41805.45,3095.08,2021-07-08,0,88.6,lisa.davis@company.com,(549) 841-9365,Active
EMP006747,Melissa,Garcia,Melissa Garcia,41,Sales,Manager,Austin,92374.59,16691.84,2021-07-09,13,92.2,melissa.garcia@company.com,(332) 998-1542,Active
EMP006748,Nicole,Lopez,Nicole Lopez,50,Engineering,Analyst,Boston,85171.23,0.0,2022-09-06,27,96.2,nicole.lopez@company.com,(432) 313-2281,Active
EMP006749,Daniel,Gonzalez,Daniel Gonzalez,63,Operations,Lead,Los Angeles,59277.68,4609.24,2021-01-15,36,60.6,daniel.gonzalez@company.com,(390) 481-2760,Active
EMP006750,Christopher,Hernandez,Christopher Hernandez,63,Engineering,Specialist,Austin,109277.67,695.71,2020-09-12,41,67.5,christopher.hernandez@company.com,(255) 298-6798,Active
EMP006751,Anthony,Martin,Anthony Martin,43,Marketing,Analyst,Chicago,58098.01,3327.3,2021-06-25,18,59.9,anthony.martin@company.com,(799) 382-5445,Active
EMP006752,William,Smith,William Smith,37,IT,Senior Developer,Los Angeles,112134.59,13869.7,2024-10-11,12,75.3,william.smith@company.com,(553) 787-3896,Active
EMP006753,David,Johnson,David Johnson,26,Legal,Specialist,Los Angeles,68504.87,3819.26,2024-08-04,3,55.5,david.johnson@company.com,(753) 595-2079,Active
EMP006754,Nicole,Garcia,Nicole Garcia,40,Operations,Senior Developer,Boston,70256.87,11918.67,2021-08-26,11,68.9,nicole.garcia@company.com,(424) 380-2218,Active
EMP006755,Melissa,Garcia,Melissa Garcia,53,Finance,Associate,Boston,99498.39,16576.87,2024-02-16,28,38.2,melissa.garcia@company.com,(262) 998-6637,Active
EMP006756,Emily,Johnson,Emily Johnson,48,Engineering,Senior Developer,Los Angeles,110762.7,5142.62,2024-07-12,22,61.7,emily.johnson@company.com,(662) 725-1034,Active
EMP006757,Sarah,Miller,Sarah Miller,37,Operations,Specialist,Austin,84759.22,9570.97,2022-06-24,9,75.4,sarah.miller@company.com,(400) 353-5344,Active
EMP006758,Jane,Lopez,Jane Lopez,46,Legal,Director,New York,79809.34,12292.5,2022-06-01,23,66.0,jane.lopez@company.com,(572) 782-7128,Active
EMP006759,James,Thomas,James Thomas,44,Engineering,Analyst,Miami,89207.63,5314.49,2024-06-04,18,63.8,james.thomas@company.com,(690) 869-3574,Active
EMP006760,William,Wilson,William Wilson,45,Sales,Lead,San Francisco,92988.87,8311.2,2020-10-20,19,78.1,william.wilson@company.com,(287) 865-4734,Active
EMP006761,Emily,Wilson,Emily Wilson,39,Sales,Lead,Los Angeles,56399.12,6082.17,2020-07-08,15,78.6,emily.wilson@company.com,(595) 906-8783,Active
EMP006762,Melissa,Johnson,Melissa Johnson,54,Marketing,Specialist,Chicago,66839.29,6752.33,2020-06-11,30,92.1,melissa.johnson@company.com,(238) 369-7845,Active
EMP006763,John,Moore,John Moore,37,HR,Director,New York,49312.45,3585.15,2024-09-04,11,56.5,john.moore@company.com,(391) 219-2419,Active
EMP006764,Jessica,Brown,Jessica Brown,24,HR,Senior Developer,Seattle,41106.58,4996.75,2024-05-20,1,68.0,jessica.brown@company.com,(537) 453-2480,Active
EMP006765,Matthew,Martin,Matthew Martin,26,Marketing,Manager,Austin,54011.79,3315.76,2022-09-13,3,58.3,matthew.martin@company.com,(436) 281-4774,Active
EMP006766,David,Jackson,David Jackson,46,Legal,Lead,Chicago,91724.41,12046.64,2022-08-02,24,86.4,david.jackson@company.com,(274) 415-1669,Active
EMP006767,Jessica,Taylor,Jessica Taylor,30,Legal,Manager,Los Angeles,89501.37,7247.92,2024-02-27,6,74.8,jessica.taylor@company.com,(801) 207-1230,Active
EMP006768,Melissa,Anderson,Melissa Anderson,45,IT,Analyst,Seattle,122095.99,12837.19,2024-01-10,22,85.4,melissa.anderson@company.com,(671) 667-1564,Active
EMP006769,Daniel,Taylor,Daniel Taylor,24,Operations,Coordinator,Chicago,48751.9,5335.76,2021-05-18,0,79.9,daniel.taylor@company.com,(986) 801-2075,Active
EMP006770,Matthew,Hernandez,Matthew Hernandez,60,Finance,Director,San Francisco,107861.91,6857.34,2020-09-07,38,85.0,matthew.hernandez@company.com,(932) 671-5278,Active
EMP006771,James,Brown,James Brown,24,Operations,Specialist,Seattle,47754.99,8312.91,2020-12-15,2,61.3,james.brown@company.com,(887) 428-4361,Active
EMP006772,Jane,Garcia,Jane Garcia,33,Operations,Coordinator,Boston,56862.5,9383.48,2020-05-10,10,64.3,jane.garcia@company.com,(209) 738-9601,Active
EMP006773,Sarah,Anderson,Sarah Anderson,54,Sales,Lead,New York,103131.2,4548.03,2021-07-14,26,100.0,sarah.anderson@company.com,(748) 532-4987,Active
EMP006774,Lisa,Martin,Lisa Martin,37,IT,Associate,Seattle,77881.29,10729.87,2023-11-30,10,93.9,lisa.martin@company.com,(211) 772-8349,Active
EMP006775,James,Rodriguez,James Rodriguez,33,Legal,Lead,Miami,90356.37,14295.95,2021-11-08,10,100.0,james.rodriguez@company.com,(441) 723-9962,Active
EMP006776,Daniel,Wilson,Daniel Wilson,46,HR,Director,Boston,53001.39,4024.92,2020-09-21,18,60.7,daniel.wilson@company.com,(481) 682-9585,Active
EMP006777,Sarah,Smith,Sarah Smith,52,Sales,Analyst,Los Angeles,61761.93,3000.88,2020-08-21,26,62.8,sarah.smith@company.com,(822) 732-8869,Active
EMP006778,Ashley,Wilson,Ashley Wilson,57,HR,Associate,San Francisco,90082.04,11485.67,2023-02-20,34,83.7,ashley.wilson@company.com,(909) 290-6651,Active
EMP006779,Michael,Gonzalez,Michael Gonzalez,48,Finance,Manager,San Francisco,94158.89,10619.17,2022-10-07,19,81.0,michael.gonzalez@company.com,(248) 847-5438,Inactive
EMP006780,James,Brown,James Brown,35,IT,Analyst,Seattle,66957.03,7937.35,2021-05-03,12,56.2,james.brown@company.com,(967) 225-7232,Active
EMP006781,Stephanie,Williams,Stephanie Williams,47,Engineering,Lead,San Francisco,126552.64,24681.67,2023-08-30,25,78.0,stephanie.williams@company.com,(478) 730-5806,Active
EMP006782,James,Garcia,James Garcia,63,Finance,Lead,Los Angeles,100486.85,9920.97,2020-09-01,34,85.1,james.garcia@company.com,(813) 423-2020,Active
EMP006783,Ashley,Thomas,Ashley Thomas,56,HR,Lead,New York,78688.44,5568.94,2021-12-23,27,73.1,ashley.thomas@company.com,(397) 548-9740,Active
EMP006784,Nicole,Miller,Nicole Miller,49,Marketing,Director,Seattle,81774.72,7909.85,2021-11-05,21,80.6,nicole.miller@company.com,(882) 816-6919,Inactive
EMP006785,Sarah,Davis,Sarah Davis,26,HR,Senior Developer,Austin,37761.57,3198.34,2024-01-05,0,45.6,sarah.davis@company.com,(618) 960-7106,Inactive
EMP006786,Robert,Jones,Robert Jones,22,HR,Specialist,Chicago,73258.97,3824.8,2022-04-30,0,48.1,robert.jones@company.com,(780) 424-6746,Active
EMP006787,Stephanie,Martin,Stephanie Martin,23,Legal,Lead,Austin,68660.8,5981.08,2024-07-21,0,72.5,stephanie.martin@company.com,(684) 693-3586,Active
EMP006788,Ashley,Davis,Ashley Davis,52,Legal,Specialist,San Francisco,109374.52,4380.04,2020-10-17,30,100.0,ashley.davis@company.com,(676) 313-7159,Active
EMP006789,Stephanie,Hernandez,Stephanie Hernandez,45,IT,Coordinator,Seattle,89360.62,2093.15,2022-01-06,23,80.1,stephanie.hernandez@company.com,(951) 423-3659,Active
EMP006790,John,Miller,John Miller,36,Finance,Associate,Miami,75070.42,4021.36,2023-05-09,11,67.8,john.miller@company.com,(611) 506-7077,Active
EMP006791,Ashley,Smith,Ashley Smith,65,IT,Specialist,Los Angeles,133909.78,12975.77,2020-11-02,43,100.0,ashley.smith@company.com,(548) 421-3646,Active
EMP006792,Christopher,Jackson,Christopher Jackson,27,HR,Manager,New York,55873.37,10868.44,2020-05-30,4,97.6,christopher.jackson@company.com,(300) 863-9862,Active
EMP006793,Sarah,Miller,Sarah Miller,51,HR,Analyst,New York,58544.41,5002.25,2020-03-14,23,87.8,sarah.miller@company.com,(911) 229-6797,On Leave
EMP006794,James,Anderson,James Anderson,39,Marketing,Associate,Austin,92077.92,10078.56,2023-09-28,15,65.3,james.anderson@company.com,(326) 617-1781,Active
EMP006795,Stephanie,Williams,Stephanie Williams,38,Sales,Associate,Austin,58681.16,6208.08,2023-10-18,14,91.3,stephanie.williams@company.com,(477) 260-7768,Active
EMP006796,Nicole,Johnson,Nicole Johnson,40,Operations,Specialist,San Francisco,51305.27,4056.07,2020-04-05,11,89.3,nicole.johnson@company.com,(503) 859-9093,Inactive
EMP006797,Jessica,Lopez,Jessica Lopez,30,Engineering,Senior Developer,Austin,74566.2,7994.75,2022-11-15,6,69.1,jessica.lopez@company.com,(741) 509-8536,Active
EMP006798,Michael,Gonzalez,Michael Gonzalez,23,HR,Analyst,Chicago,52446.63,6128.84,2022-12-14,0,77.2,michael.gonzalez@company.com,(520) 563-7658,Inactive
EMP006799,Jessica,Davis,Jessica Davis,52,IT,Manager,Los Angeles,102088.18,14502.29,2024-07-23,25,72.2,jessica.davis@company.com,(388) 428-6498,Active
EMP006800,Michael,Thomas,Michael Thomas,34,Marketing,Senior Developer,San Francisco,61695.57,3992.19,2024-10-13,10,69.2,michael.thomas@company.com,(771) 378-9758,Active
EMP006801,Jessica,Smith,Jessica Smith,25,Operations,Manager,San Francisco,48022.29,6733.03,2020-11-13,3,69.7,jessica.smith@company.com,(664) 287-1289,Active
EMP006802,Matthew,Williams,Matthew Williams,33,Finance,Associate,Miami,55505.94,624.76,2023-09-29,6,92.0,matthew.williams@company.com,(252) 925-6453,Active
EMP006803,Jessica,Miller,Jessica Miller,42,Engineering,Lead,Seattle,81995.14,4429.65,2023-03-27,16,65.4,jessica.miller@company.com,(958) 924-8378,Active
EMP006804,Matthew,Taylor,Matthew Taylor,41,Operations,Director,Seattle,72137.0,5229.37,2021-06-18,13,75.4,matthew.taylor@company.com,(858) 594-5486,Active
EMP006805,David,Martin,David Martin,50,Operations,Associate,Seattle,72582.27,7183.77,2024-09-15,23,68.5,david.martin@company.com,(410) 688-4403,Active
EMP006806,John,Johnson,John Johnson,59,HR,Specialist,New York,62899.65,4406.7,2022-07-23,36,87.8,john.johnson@company.com,(301) 590-7635,Active
EMP006807,David,Davis,David Davis,22,Finance,Coordinator,Chicago,59865.68,6651.83,2021-05-21,0,36.6,david.davis@company.com,(962) 860-1765,On Leave
EMP006808,David,Taylor,David Taylor,56,Sales,Manager,Seattle,87725.27,2071.04,2024-03-20,28,62.7,david.taylor@company.com,(203) 311-2470,Active
EMP006809,Amanda,Jones,Amanda Jones,57,Engineering,Senior Developer,Miami,112101.08,12370.47,2023-01-01,28,72.9,amanda.jones@company.com,(706) 951-5784,Active
EMP006810,Christopher,Lopez,Christopher Lopez,57,IT,Director,Los Angeles,91605.56,479.44,2022-07-11,33,45.8,christopher.lopez@company.com,(245) 705-1609,Active
EMP006811,Jessica,Thomas,Jessica Thomas,52,HR,Coordinator,Miami,79631.23,6291.47,2020-06-15,23,100.0,jessica.thomas@company.com,(461) 441-7123,On Leave
EMP006812,James,Lopez,James Lopez,62,Finance,Analyst,Los Angeles,85017.76,12824.27,2020-09-15,36,67.6,james.lopez@company.com,(356) 897-9772,Inactive
EMP006813,Ashley,Anderson,Ashley Anderson,32,IT,Manager,Los Angeles,78570.34,6877.37,2020-04-25,5,69.2,ashley.anderson@company.com,(825) 698-6027,Active
EMP006814,Anthony,Smith,Anthony Smith,37,Sales,Associate,Chicago,42879.38,4415.47,2020-08-08,11,51.1,anthony.smith@company.com,(821) 431-7119,Active
EMP006815,Amanda,Brown,Amanda Brown,57,Finance,Coordinator,San Francisco,83358.27,2267.78,2023-06-28,31,68.5,amanda.brown@company.com,(504) 258-1945,Active
EMP006816,Matthew,Martin,Matthew Martin,60,IT,Associate,Boston,104256.23,20460.39,2020-01-16,33,62.3,matthew.martin@company.com,(765) 456-7334,Active
EMP006817,William,Rodriguez,William Rodriguez,51,Operations,Lead,Los Angeles,65677.67,4970.83,2022-08-04,28,64.7,william.rodriguez@company.com,(569) 577-8019,Inactive
EMP006818,Michael,Garcia,Michael Garcia,50,HR,Manager,Seattle,81350.79,5458.46,2020-04-02,24,69.6,michael.garcia@company.com,(283) 972-6371,Active
EMP006819,Lisa,Smith,Lisa Smith,40,Finance,Senior Developer,New York,70535.11,2133.41,2022-01-01,18,89.3,lisa.smith@company.com,(226) 694-8052,Active
EMP006820,William,Garcia,William Garcia,53,Engineering,Analyst,San Francisco,80205.19,12290.97,2024-03-06,28,75.4,william.garcia@company.com,(311) 670-3239,Active
EMP006821,Jane,Jackson,Jane Jackson,27,Finance,Specialist,Austin,72508.28,7325.25,2020-12-22,0,100.0,jane.jackson@company.com,(391) 225-9483,Inactive
EMP006822,Ashley,Williams,Ashley Williams,35,Operations,Lead,Miami,58105.84,3532.52,2024-01-29,7,74.8,ashley.williams@company.com,(724) 686-4457,Active
EMP006823,Jessica,Anderson,Jessica Anderson,27,Marketing,Manager,Austin,46904.28,4303.2,2024-01-09,1,72.7,jessica.anderson@company.com,(919) 667-4701,Active
EMP006824,Sarah,Miller,Sarah Miller,65,IT,Lead,San Francisco,87462.06,17715.18,2022-08-13,37,72.7,sarah.miller@company.com,(460) 791-9148,Active
EMP006825,Anthony,Lopez,Anthony Lopez,41,HR,Analyst,Boston,61431.28,2219.33,2021-10-19,15,65.3,anthony.lopez@company.com,(746) 526-5044,Active
EMP006826,James,Martin,James Martin,62,Operations,Coordinator,San Francisco,80690.67,12135.7,2021-07-07,40,90.2,james.martin@company.com,(307) 498-5065,Active
EMP006827,Jane,Martinez,Jane Martinez,65,HR,Analyst,Miami,95881.99,12434.17,2024-12-27,40,68.4,jane.martinez@company.com,(493) 440-1037,On Leave
EMP006828,Matthew,Martinez,Matthew Martinez,44,IT,Associate,New York,63461.75,0.0,2024-10-09,21,60.9,matthew.martinez@company.com,(469) 865-2947,Inactive
EMP006829,Ashley,Martinez,Ashley Martinez,59,Marketing,Manager,Boston,67099.37,4916.02,2023-03-08,30,81.3,ashley.martinez@company.com,(893) 590-4147,Active
EMP006830,Melissa,Hernandez,Melissa Hernandez,39,Legal,Senior Developer,New York,73871.73,0.0,2021-10-30,11,77.3,melissa.hernandez@company.com,(564) 217-9670,Active
EMP006831,Stephanie,Miller,Stephanie Miller,48,Operations,Coordinator,Seattle,74987.02,10257.5,2021-07-10,23,60.7,stephanie.miller@company.com,(555) 206-6253,Inactive
EMP006832,Emily,Martin,Emily Martin,61,IT,Director,Boston,110480.25,19030.59,2022-09-15,37,100.0,emily.martin@company.com,(247) 460-8767,Active
EMP006833,Matthew,Johnson,Matthew Johnson,42,Operations,Director,Los Angeles,60667.53,8474.1,2021-10-02,17,89.5,matthew.johnson@company.com,(255) 563-2601,Active
EMP006834,Jessica,Rodriguez,Jessica Rodriguez,28,Finance,Analyst,New York,41930.75,7687.84,2022-07-26,0,57.5,jessica.rodriguez@company.com,(571) 571-5289,Active
EMP006835,Jane,Brown,Jane Brown,43,Finance,Coordinator,Chicago,59488.58,8148.54,2020-02-12,21,48.4,jane.brown@company.com,(446) 844-4296,Active
EMP006836,Jessica,Gonzalez,Jessica Gonzalez,54,HR,Manager,Seattle,55717.08,1654.81,2020-11-12,30,67.9,jessica.gonzalez@company.com,(305) 326-1472,Active
EMP006837,Ashley,Jackson,Ashley Jackson,47,Engineering,Associate,Seattle,122611.57,14904.22,2020-02-23,25,56.6,ashley.jackson@company.com,(604) 568-4073,Inactive
EMP006838,Anthony,Miller,Anthony Miller,38,Engineering,Associate,Los Angeles,106807.04,7128.08,2024-11-10,11,58.3,anthony.miller@company.com,(647) 402-6077,Active
EMP006839,Stephanie,Gonzalez,Stephanie Gonzalez,58,Engineering,Coordinator,Boston,108310.89,16506.82,2022-10-06,32,68.6,stephanie.gonzalez@company.com,(660) 394-1654,Active
EMP006840,James,Martinez,James Martinez,44,HR,Analyst,Los Angeles,62632.74,6343.4,2024-07-07,16,73.9,james.martinez@company.com,(427) 397-2320,Active
EMP006841,Robert,Williams,Robert Williams,63,Marketing,Manager,San Francisco,85124.95,8421.92,2023-02-11,38,83.1,robert.williams@company.com,(327) 320-1666,Active
EMP006842,Melissa,Thomas,Melissa Thomas,25,HR,Manager,New York,53271.8,2436.74,2022-07-02,2,60.8,melissa.thomas@company.com,(958) 711-9462,Active
EMP006843,Anthony,Gonzalez,Anthony Gonzalez,27,Legal,Associate,New York,103321.34,11767.76,2024-10-31,0,67.6,anthony.gonzalez@company.com,(594) 640-9345,Active
EMP006844,Ashley,Miller,Ashley Miller,36,HR,Associate,San Francisco,70907.49,7650.31,2021-10-18,11,78.7,ashley.miller@company.com,(233) 811-9895,Active
EMP006845,Nicole,Williams,Nicole Williams,49,Marketing,Analyst,Miami,68857.23,10705.18,2024-06-02,21,38.4,nicole.williams@company.com,(500) 820-1730,Active
EMP006846,William,Johnson,William Johnson,43,Operations,Director,Seattle,49582.76,3640.43,2023-05-05,18,84.0,william.johnson@company.com,(435) 486-7170,On Leave
EMP006847,Matthew,Martin,Matthew Martin,42,Finance,Director,Miami,79216.13,7983.78,2022-11-21,13,52.2,matthew.martin@company.com,(488) 454-6186,Active
EMP006848,Melissa,Garcia,Melissa Garcia,51,Operations,Senior Developer,New York,81462.85,6947.21,2024-08-04,28,80.1,melissa.garcia@company.com,(544) 989-4803,Active
EMP006849,Amanda,Taylor,Amanda Taylor,43,Finance,Analyst,Los Angeles,77924.42,12464.98,2024-11-07,17,80.9,amanda.taylor@company.com,(218) 236-4350,Active
EMP006850,Jessica,Johnson,Jessica Johnson,32,Marketing,Senior Developer,New York,65164.21,3877.18,2024-01-15,7,77.3,jessica.johnson@company.com,(822) 338-7219,Active
EMP006851,Christopher,Johnson,Christopher Johnson,23,Sales,Director,Miami,53808.18,2719.43,2022-11-05,0,80.1,christopher.johnson@company.com,(563) 531-6967,Active
EMP006852,Jane,Lopez,Jane Lopez,51,Sales,Lead,San Francisco,83032.4,9212.28,2024-10-03,27,67.2,jane.lopez@company.com,(892) 585-2502,Active
EMP006853,Christopher,Wilson,Christopher Wilson,31,Marketing,Specialist,Seattle,64326.23,716.55,2021-04-09,2,61.5,christopher.wilson@company.com,(621) 706-8822,Active
EMP006854,John,Rodriguez,John Rodriguez,47,Sales,Manager,San Francisco,77984.9,6471.75,2022-10-23,23,100.0,john.rodriguez@company.com,(241) 254-3927,Active
EMP006855,Christopher,Rodriguez,Christopher Rodriguez,42,Sales,Coordinator,Austin,58817.5,6260.28,2023-09-06,16,59.8,christopher.rodriguez@company.com,(803) 688-5237,Active
EMP006856,Matthew,Jackson,Matthew Jackson,47,Operations,Specialist,Los Angeles,75030.73,8461.21,2020-10-13,24,100.0,matthew.jackson@company.com,(580) 353-9055,Active
EMP006857,Robert,Williams,Robert Williams,49,Legal,Senior Developer,Miami,74199.44,8909.1,2020-01-14,26,90.6,robert.williams@company.com,(571) 994-4782,Active
EMP006858,Amanda,Wilson,Amanda Wilson,24,Operations,Director,Los Angeles,46569.68,4644.08,2021-03-02,0,52.8,amanda.wilson@company.com,(708) 402-5216,Active
EMP006859,Ashley,Moore,Ashley Moore,55,Sales,Manager,New York,66669.35,7175.91,2024-04-05,28,78.7,ashley.moore@company.com,(971) 231-1401,Active
EMP006860,Emily,Smith,Emily Smith,41,Sales,Lead,Chicago,82908.29,6815.77,2022-08-04,14,95.9,emily.smith@company.com,(584) 228-7375,On Leave
EMP006861,David,Lopez,David Lopez,55,Operations,Lead,Miami,66890.95,4651.45,2021-08-28,33,65.0,david.lopez@company.com,(505) 313-2591,Active
EMP006862,Matthew,Martinez,Matthew Martinez,61,Finance,Senior Developer,Chicago,96620.08,14818.4,2022-09-18,36,66.1,matthew.martinez@company.com,(952) 379-8967,Active
EMP006863,David,Williams,David Williams,62,Finance,Specialist,New York,127885.54,4471.99,2024-10-27,39,85.1,david.williams@company.com,(684) 770-2413,Active
EMP006864,Melissa,Brown,Melissa Brown,39,IT,Associate,San Francisco,86285.12,18469.33,2022-12-11,10,53.6,melissa.brown@company.com,(501) 977-9252,Active
EMP006865,Anthony,Martin,Anthony Martin,61,Sales,Associate,Chicago,80229.57,6653.03,2024-11-22,32,98.7,anthony.martin@company.com,(441) 906-9701,Active
EMP006866,David,Anderson,David Anderson,56,Finance,Specialist,San Francisco,112081.52,9891.49,2021-12-18,27,81.8,david.anderson@company.com,(860) 552-1052,Active
EMP006867,Jessica,Miller,Jessica Miller,32,HR,Lead,New York,57943.64,5657.8,2020-04-05,9,55.5,jessica.miller@company.com,(427) 726-3646,Active
EMP006868,Emily,Jackson,Emily Jackson,63,Operations,Lead,Chicago,52940.31,7121.21,2020-05-01,36,88.4,emily.jackson@company.com,(499) 829-8304,Active
EMP006869,Jessica,Rodriguez,Jessica Rodriguez,46,Finance,Associate,Seattle,104686.48,3960.02,2024-12-05,21,82.9,jessica.rodriguez@company.com,(414) 874-5825,Active
EMP006870,Melissa,Rodriguez,Melissa Rodriguez,59,IT,Senior Developer,Boston,86918.86,5196.24,2021-05-25,36,81.7,melissa.rodriguez@company.com,(300) 285-1236,Active
EMP006871,Amanda,Jones,Amanda Jones,22,Marketing,Senior Developer,San Francisco,35485.06,4922.62,2021-12-20,0,72.0,amanda.jones@company.com,(973) 798-6822,Inactive
EMP006872,Nicole,Williams,Nicole Williams,44,Marketing,Associate,Austin,83744.3,4541.06,2024-06-21,15,56.0,nicole.williams@company.com,(945) 774-9630,Active
EMP006873,Jane,Taylor,Jane Taylor,27,Marketing,Analyst,Austin,61834.52,7552.63,2021-04-30,0,72.6,jane.taylor@company.com,(580) 303-2171,Active
EMP006874,Anthony,Hernandez,Anthony Hernandez,63,Marketing,Coordinator,Chicago,91135.35,12210.29,2024-01-14,36,77.1,anthony.hernandez@company.com,(470) 789-5688,Active
EMP006875,John,Miller,John Miller,45,Sales,Associate,Miami,92634.83,10047.61,2023-01-22,21,71.6,john.miller@company.com,(874) 305-1916,Active
EMP006876,Michael,Miller,Michael Miller,52,Marketing,Lead,Seattle,67637.51,7570.41,2020-04-20,26,90.3,michael.miller@company.com,(692) 392-1928,Active
EMP006877,Ashley,Williams,Ashley Williams,64,Finance,Director,Chicago,103261.07,18423.72,2022-06-17,36,93.4,ashley.williams@company.com,(566) 648-5517,Active
EMP006878,William,Lopez,William Lopez,42,Sales,Director,Miami,87462.62,8939.74,2024-03-31,17,84.3,william.lopez@company.com,(856) 398-1082,Active
EMP006879,James,Rodriguez,James Rodriguez,45,Legal,Coordinator,Los Angeles,109301.24,6970.75,2022-07-07,20,61.7,james.rodriguez@company.com,(743) 292-7087,Active
EMP006880,Michael,Wilson,Michael Wilson,50,IT,Coordinator,Boston,117421.97,15451.56,2023-07-26,21,71.8,michael.wilson@company.com,(888) 295-8185,Active
EMP006881,Nicole,Gonzalez,Nicole Gonzalez,58,Finance,Senior Developer,Chicago,103842.19,4073.93,2024-04-22,35,65.0,nicole.gonzalez@company.com,(421) 644-1868,Inactive
EMP006882,Melissa,Williams,Melissa Williams,64,Finance,Analyst,Miami,118413.03,7865.39,2024-12-07,36,44.9,melissa.williams@company.com,(377) 891-3056,Active
EMP006883,Ashley,Hernandez,Ashley Hernandez,29,HR,Associate,San Francisco,69784.24,5953.97,2023-12-17,4,67.6,ashley.hernandez@company.com,(524) 283-7298,Active
EMP006884,Ashley,Brown,Ashley Brown,64,Engineering,Specialist,Boston,78959.73,11720.19,2024-10-18,39,74.8,ashley.brown@company.com,(210) 228-9503,Active
EMP006885,Jessica,Taylor,Jessica Taylor,63,Engineering,Analyst,Seattle,133246.31,12902.17,2020-02-08,40,43.5,jessica.taylor@company.com,(999) 677-7518,Active
EMP006886,Lisa,Jackson,Lisa Jackson,41,Engineering,Associate,Miami,90163.29,11167.68,2021-11-05,13,88.3,lisa.jackson@company.com,(956) 789-2306,Active
EMP006887,Sarah,Moore,Sarah Moore,51,Legal,Lead,New York,90053.82,12218.56,2022-11-29,25,77.4,sarah.moore@company.com,(958) 278-6463,Active
EMP006888,William,Jackson,William Jackson,22,Sales,Lead,Los Angeles,44670.42,6371.12,2020-05-17,0,65.0,william.jackson@company.com,(633) 528-8103,Active
EMP006889,Anthony,Taylor,Anthony Taylor,63,IT,Lead,Los Angeles,93859.89,4381.89,2024-07-21,41,83.3,anthony.taylor@company.com,(759) 747-6404,Active
EMP006890,Stephanie,Moore,Stephanie Moore,37,Marketing,Director,New York,53389.85,4022.2,2023-02-14,8,85.9,stephanie.moore@company.com,(576) 349-9452,Active
EMP006891,Lisa,Martinez,Lisa Martinez,50,Engineering,Coordinator,San Francisco,139984.13,14104.98,2021-08-13,25,89.9,lisa.martinez@company.com,(916) 285-7024,Inactive
EMP006892,Christopher,Taylor,Christopher Taylor,60,Operations,Senior Developer,San Francisco,57488.5,4738.16,2023-01-17,34,90.3,christopher.taylor@company.com,(766) 856-2493,Active
EMP006893,Melissa,Moore,Melissa Moore,53,Legal,Specialist,Austin,89128.35,9050.32,2022-11-13,24,100.0,melissa.moore@company.com,(256) 772-6249,Active
EMP006894,William,Martin,William Martin,25,IT,Lead,Los Angeles,98750.95,15708.67,2022-02-05,0,88.2,william.martin@company.com,(669) 874-2640,Active
EMP006895,Christopher,Jackson,Christopher Jackson,53,Operations,Manager,Seattle,77935.95,3137.97,2020-10-14,30,82.0,christopher.jackson@company.com,(396) 296-4289,Active
EMP006896,Ashley,Garcia,Ashley Garcia,26,IT,Associate,Austin,73270.28,6305.96,2023-04-18,4,67.5,ashley.garcia@company.com,(833) 552-8567,Active
EMP006897,Jessica,Martin,Jessica Martin,63,Operations,Manager,Miami,72756.42,11289.75,2020-04-03,38,73.5,jessica.martin@company.com,(308) 632-9962,On Leave
EMP006898,Amanda,Williams,Amanda Williams,29,Marketing,Specialist,Chicago,66137.31,4704.64,2024-12-16,4,98.5,amanda.williams@company.com,(845) 263-3853,Active
EMP006899,Daniel,Moore,Daniel Moore,22,HR,Director,New York,54242.66,4376.81,2023-01-05,0,68.5,daniel.moore@company.com,(318) 502-8625,Active
EMP006900,Jane,Rodriguez,Jane Rodriguez,59,Engineering,Analyst,Los Angeles,89909.46,5821.56,2024-02-19,34,82.3,jane.rodriguez@company.com,(632) 347-3629,Active
EMP006901,Anthony,Lopez,Anthony Lopez,25,HR,Associate,Miami,48858.5,5363.41,2020-12-10,2,91.0,anthony.lopez@company.com,(321) 205-6892,Active
EMP006902,Daniel,Jones,Daniel Jones,42,Legal,Manager,Chicago,123359.27,21701.08,2022-06-04,20,61.2,daniel.jones@company.com,(606) 674-7039,On Leave
EMP006903,Anthony,Smith,Anthony Smith,54,Operations,Director,Miami,60068.46,10028.45,2020-02-03,32,77.5,anthony.smith@company.com,(446) 667-6302,Active
EMP006904,Melissa,Rodriguez,Melissa Rodriguez,57,Operations,Director,New York,69391.86,6085.78,2020-01-09,29,82.1,melissa.rodriguez@company.com,(935) 610-3273,Active
EMP006905,Matthew,Brown,Matthew Brown,44,Legal,Specialist,New York,80978.79,8166.72,2023-03-31,22,81.8,matthew.brown@company.com,(905) 629-8997,Active
EMP006906,Ashley,Jones,Ashley Jones,53,Legal,Senior Developer,San Francisco,74272.22,13795.27,2022-05-28,31,47.6,ashley.jones@company.com,(417) 662-9569,Active
EMP006907,John,Johnson,John Johnson,56,Finance,Analyst,Miami,96994.77,16537.63,2020-01-04,31,59.3,john.johnson@company.com,(370) 909-9694,Inactive
EMP006908,Nicole,Garcia,Nicole Garcia,43,HR,Lead,Miami,73312.82,16740.77,2020-01-06,18,90.4,nicole.garcia@company.com,(985) 774-8214,Active
EMP006909,Michael,Hernandez,Michael Hernandez,47,Marketing,Analyst,Seattle,83182.12,465.34,2021-07-01,21,71.0,michael.hernandez@company.com,(490) 454-2429,Active
EMP006910,David,Martin,David Martin,56,HR,Senior Developer,Chicago,87158.02,9458.53,2020-02-14,29,100.0,david.martin@company.com,(419) 613-8729,Active
EMP006911,William,Johnson,William Johnson,45,Engineering,Coordinator,Chicago,93399.2,7180.78,2024-08-12,21,89.4,william.johnson@company.com,(994) 882-5317,Active
EMP006912,John,Jackson,John Jackson,43,HR,Senior Developer,San Francisco,68705.15,4683.14,2023-01-21,20,70.7,john.jackson@company.com,(262) 442-5563,Active
EMP006913,Daniel,Brown,Daniel Brown,55,Finance,Manager,Austin,68379.0,4131.24,2021-11-07,30,90.5,daniel.brown@company.com,(964) 514-6656,Active
EMP006914,Nicole,Jones,Nicole Jones,24,Legal,Associate,Boston,90988.73,13880.7,2022-11-27,0,63.5,nicole.jones@company.com,(577) 767-2586,Active
EMP006915,Melissa,Rodriguez,Melissa Rodriguez,43,Finance,Lead,Los Angeles,52772.4,6327.0,2021-06-12,14,67.4,melissa.rodriguez@company.com,(759) 359-3797,Active
EMP006916,Nicole,Gonzalez,Nicole Gonzalez,49,Finance,Coordinator,Chicago,82256.01,16032.18,2020-01-18,20,100.0,nicole.gonzalez@company.com,(510) 617-5565,On Leave
EMP006917,Michael,Thomas,Michael Thomas,47,Finance,Associate,Chicago,100513.84,9774.85,2022-01-11,21,57.8,michael.thomas@company.com,(757) 757-5889,Inactive
EMP006918,Stephanie,Wilson,Stephanie Wilson,65,Sales,Specialist,Chicago,92336.73,8945.4,2021-12-07,39,81.4,stephanie.wilson@company.com,(226) 285-2149,Active
EMP006919,Jane,Brown,Jane Brown,27,Marketing,Senior Developer,Seattle,57253.47,2559.3,2024-09-03,0,100.0,jane.brown@company.com,(767) 307-2658,Active
EMP006920,Jane,Anderson,Jane Anderson,29,IT,Senior Developer,Chicago,102765.09,7058.28,2020-02-17,6,78.0,jane.anderson@company.com,(798) 609-3670,Active
EMP006921,Emily,Williams,Emily Williams,49,IT,Lead,Seattle,112664.67,17708.79,2021-01-04,25,67.9,emily.williams@company.com,(948) 219-3563,Active
EMP006922,Robert,Williams,Robert Williams,65,Finance,Manager,San Francisco,94819.48,12410.7,2023-04-26,41,100.0,robert.williams@company.com,(333) 487-5208,Active
EMP006923,Anthony,Lopez,Anthony Lopez,35,Finance,Coordinator,New York,133251.92,8214.74,2024-06-21,10,75.4,anthony.lopez@company.com,(646) 743-7399,Active
EMP006924,Anthony,Gonzalez,Anthony Gonzalez,25,Sales,Analyst,Miami,53195.85,8847.12,2024-04-19,0,72.2,anthony.gonzalez@company.com,(483) 977-8502,Inactive
EMP006925,David,Thomas,David Thomas,49,HR,Lead,San Francisco,74718.43,10153.1,2020-03-16,22,80.5,david.thomas@company.com,(644) 248-6057,Active
EMP006926,David,Smith,David Smith,26,HR,Specialist,Miami,53516.5,4682.08,2021-08-12,0,92.1,david.smith@company.com,(949) 562-8791,Active
EMP006927,Lisa,Williams,Lisa Williams,38,IT,Director,Miami,78560.74,12890.29,2021-07-30,14,70.7,lisa.williams@company.com,(915) 351-2212,Active
EMP006928,Michael,Brown,Michael Brown,24,Finance,Lead,New York,58774.19,8000.07,2023-09-05,0,66.8,michael.brown@company.com,(771) 991-2271,Inactive
EMP006929,Stephanie,Gonzalez,Stephanie Gonzalez,32,Finance,Manager,Chicago,56625.87,9640.0,2022-10-09,4,57.8,stephanie.gonzalez@company.com,(258) 396-9480,Active
EMP006930,Anthony,Martinez,Anthony Martinez,46,Marketing,Senior Developer,Miami,56315.66,3823.79,2024-10-07,18,84.0,anthony.martinez@company.com,(964) 425-5341,Active
EMP006931,Melissa,Johnson,Melissa Johnson,40,IT,Analyst,Seattle,87142.51,11965.5,2020-09-19,11,59.4,melissa.johnson@company.com,(330) 522-8292,Active
EMP006932,Sarah,Wilson,Sarah Wilson,52,Finance,Manager,New York,56544.31,3787.73,2021-07-27,24,81.9,sarah.wilson@company.com,(713) 922-6899,Active
EMP006933,William,Brown,William Brown,44,Finance,Specialist,Austin,81159.29,5732.65,2024-05-30,15,100.0,william.brown@company.com,(920) 931-6959,Active
EMP006934,Stephanie,Gonzalez,Stephanie Gonzalez,65,HR,Senior Developer,Miami,80844.66,5317.21,2024-07-24,42,66.7,stephanie.gonzalez@company.com,(712) 243-2474,Active
EMP006935,Jane,Gonzalez,Jane Gonzalez,59,HR,Coordinator,Austin,96472.55,4340.43,2022-10-08,32,27.6,jane.gonzalez@company.com,(565) 851-8819,Active
EMP006936,Lisa,Anderson,Lisa Anderson,65,Operations,Lead,Los Angeles,82315.91,13645.64,2021-12-30,43,84.0,lisa.anderson@company.com,(628) 487-7204,Active
EMP006937,Melissa,Gonzalez,Melissa Gonzalez,49,IT,Specialist,Miami,63079.25,3608.51,2023-03-23,24,73.2,melissa.gonzalez@company.com,(931) 295-4600,Active
EMP006938,Matthew,Brown,Matthew Brown,24,IT,Manager,Seattle,98064.53,4962.21,2021-03-11,1,94.1,matthew.brown@company.com,(370) 508-3323,Active
EMP006939,Stephanie,Rodriguez,Stephanie Rodriguez,54,Operations,Analyst,Austin,65212.85,5318.47,2024-11-21,31,81.0,stephanie.rodriguez@company.com,(895) 490-5700,Active
EMP006940,David,Brown,David Brown,37,Finance,Senior Developer,Los Angeles,91250.1,6626.33,2020-01-28,13,100.0,david.brown@company.com,(216) 490-9416,Active
EMP006941,Lisa,Johnson,Lisa Johnson,27,Engineering,Senior Developer,Boston,51018.94,876.92,2024-04-14,0,88.0,lisa.johnson@company.com,(832) 774-4144,Active
EMP006942,Michael,Martinez,Michael Martinez,49,IT,Coordinator,New York,96708.14,11138.22,2023-05-04,22,100.0,michael.martinez@company.com,(882) 287-9797,Inactive
EMP006943,Melissa,Wilson,Melissa Wilson,43,Operations,Lead,Austin,77767.2,6726.48,2023-03-26,17,66.7,melissa.wilson@company.com,(969) 233-1595,Active
EMP006944,Nicole,Miller,Nicole Miller,39,Finance,Manager,San Francisco,73337.07,10997.16,2023-01-16,17,70.6,nicole.miller@company.com,(250) 709-6864,Active
EMP006945,Anthony,Hernandez,Anthony Hernandez,31,Engineering,Coordinator,Austin,66433.35,12426.64,2021-07-11,7,90.9,anthony.hernandez@company.com,(581) 314-4432,Inactive
EMP006946,William,Johnson,William Johnson,42,Marketing,Analyst,Seattle,59919.8,8855.42,2024-01-31,20,92.8,william.johnson@company.com,(352) 904-1714,Active
EMP006947,Nicole,Hernandez,Nicole Hernandez,39,Operations,Director,New York,65768.76,5299.22,2024-06-08,15,86.8,nicole.hernandez@company.com,(302) 348-2585,Active
EMP006948,Anthony,Lopez,Anthony Lopez,50,Operations,Specialist,Chicago,68141.56,5238.28,2020-05-23,26,99.5,anthony.lopez@company.com,(822) 911-8199,Active
EMP006949,Christopher,Hernandez,Christopher Hernandez,27,Operations,Associate,Austin,49124.23,3183.59,2024-07-17,0,66.8,christopher.hernandez@company.com,(247) 320-9943,Active
EMP006950,Melissa,Smith,Melissa Smith,51,HR,Manager,Chicago,67109.87,3011.6,2023-10-05,26,96.2,melissa.smith@company.com,(454) 354-6818,Active
EMP006951,Robert,Gonzalez,Robert Gonzalez,47,Sales,Specialist,Seattle,72346.79,14509.83,2024-08-19,22,85.1,robert.gonzalez@company.com,(912) 925-2984,Active
EMP006952,David,Williams,David Williams,60,IT,Senior Developer,Boston,98161.45,4662.21,2021-09-30,31,41.2,david.williams@company.com,(758) 323-2035,Active
EMP006953,Ashley,Wilson,Ashley Wilson,65,Legal,Associate,Chicago,131953.62,0.0,2020-08-24,43,91.3,ashley.wilson@company.com,(321) 705-4842,Active
EMP006954,Emily,Brown,Emily Brown,34,Operations,Specialist,Austin,39461.11,5276.27,2021-12-17,5,92.4,emily.brown@company.com,(242) 409-6939,Active
EMP006955,Anthony,Martin,Anthony Martin,55,IT,Director,Miami,62494.86,8323.36,2020-06-29,27,64.8,anthony.martin@company.com,(403) 880-2757,Active
EMP006956,Robert,Williams,Robert Williams,22,Marketing,Director,Seattle,72468.1,9303.53,2021-06-06,0,62.3,robert.williams@company.com,(925) 882-7245,Active
EMP006957,Christopher,Jones,Christopher Jones,37,Sales,Associate,Austin,56992.19,11408.86,2020-12-31,15,67.1,christopher.jones@company.com,(280) 542-4719,Active
EMP006958,William,Smith,William Smith,42,IT,Senior Developer,New York,96097.68,6304.8,2024-09-15,18,84.1,william.smith@company.com,(498) 629-2848,Active
EMP006959,John,Hernandez,John Hernandez,49,Finance,Specialist,Seattle,66785.7,13726.75,2022-07-14,25,63.3,john.hernandez@company.com,(581) 425-4278,Active
EMP006960,Jane,Smith,Jane Smith,49,Legal,Senior Developer,Seattle,95308.61,9504.11,2021-02-17,22,69.6,jane.smith@company.com,(901) 393-7053,Active
EMP006961,Jessica,Wilson,Jessica Wilson,61,Finance,Lead,San Francisco,102677.38,15978.4,2021-12-18,34,85.4,jessica.wilson@company.com,(313) 713-1481,Active
EMP006962,Daniel,Lopez,Daniel Lopez,64,IT,Analyst,Boston,102922.61,14842.06,2021-11-19,36,69.9,daniel.lopez@company.com,(535) 467-9366,Active
EMP006963,Matthew,Wilson,Matthew Wilson,56,IT,Analyst,San Francisco,91075.81,3559.44,2021-02-10,32,75.2,matthew.wilson@company.com,(896) 548-9539,Active
EMP006964,John,Hernandez,John Hernandez,51,Engineering,Director,Miami,100262.44,8094.54,2020-03-26,22,67.7,john.hernandez@company.com,(919) 955-2013,Active
EMP006965,David,Jackson,David Jackson,64,Finance,Associate,Boston,131532.83,25845.72,2024-06-16,40,87.6,david.jackson@company.com,(454) 596-7980,Active
EMP006966,Robert,Brown,Robert Brown,33,HR,Analyst,Los Angeles,28148.79,1555.5,2023-11-13,7,83.3,robert.brown@company.com,(731) 606-5047,Active
EMP006967,Anthony,Anderson,Anthony Anderson,23,Operations,Lead,Seattle,51075.49,2796.3,2020-02-17,0,63.3,anthony.anderson@company.com,(320) 884-2301,Active
EMP006968,Ashley,Miller,Ashley Miller,54,Operations,Director,Austin,65423.1,13424.95,2023-03-13,28,64.4,ashley.miller@company.com,(465) 365-8289,On Leave
EMP006969,Matthew,Jones,Matthew Jones,27,Sales,Associate,Boston,66803.59,4266.89,2022-01-23,3,81.9,matthew.jones@company.com,(960) 839-7257,Active
EMP006970,Jane,Garcia,Jane Garcia,30,Legal,Specialist,Seattle,79676.94,3267.92,2022-07-31,5,66.7,jane.garcia@company.com,(675) 219-7301,Active
EMP006971,Michael,Miller,Michael Miller,43,HR,Lead,Boston,51518.91,5739.52,2022-12-06,15,73.4,michael.miller@company.com,(362) 832-3543,Active
EMP006972,Ashley,Jones,Ashley Jones,63,HR,Manager,Boston,89239.17,10323.9,2022-04-11,39,82.2,ashley.jones@company.com,(759) 729-6116,Active
EMP006973,Anthony,Davis,Anthony Davis,44,HR,Manager,Los Angeles,62888.6,1735.46,2022-03-13,16,66.1,anthony.davis@company.com,(916) 348-7918,Active
EMP006974,David,Davis,David Davis,61,Sales,Specialist,Chicago,114060.56,9787.5,2022-08-21,32,74.6,david.davis@company.com,(915) 962-9229,Active
EMP006975,Melissa,Rodriguez,Melissa Rodriguez,49,Operations,Coordinator,Seattle,56032.1,957.83,2022-05-09,26,77.2,melissa.rodriguez@company.com,(933) 896-1243,Inactive
EMP006976,Sarah,Moore,Sarah Moore,49,IT,Coordinator,Los Angeles,85778.04,3032.91,2023-04-07,27,90.5,sarah.moore@company.com,(387) 686-6088,Inactive
EMP006977,Sarah,Garcia,Sarah Garcia,28,IT,Coordinator,Seattle,72234.68,6698.1,2021-08-05,0,95.5,sarah.garcia@company.com,(732) 333-8546,Active
EMP006978,Anthony,Lopez,Anthony Lopez,34,Sales,Specialist,San Francisco,92135.5,5999.36,2020-08-14,11,55.4,anthony.lopez@company.com,(940) 432-7541,Active
EMP006979,Daniel,Thomas,Daniel Thomas,46,Marketing,Senior Developer,San Francisco,63244.29,1380.58,2023-01-15,20,81.5,daniel.thomas@company.com,(714) 490-6087,Active
EMP006980,Sarah,Rodriguez,Sarah Rodriguez,39,Legal,Analyst,New York,68604.34,6836.34,2021-02-11,13,77.3,sarah.rodriguez@company.com,(290) 900-7176,Active
EMP006981,David,Lopez,David Lopez,23,Marketing,Specialist,Seattle,47065.02,6335.47,2024-02-10,0,69.0,david.lopez@company.com,(374) 652-2921,Active
EMP006982,Matthew,Smith,Matthew Smith,36,Finance,Coordinator,Boston,91120.3,7327.84,2023-06-07,13,86.4,matthew.smith@company.com,(293) 379-9891,Inactive
EMP006983,Lisa,Jackson,Lisa Jackson,46,Operations,Analyst,San Francisco,61411.13,12574.08,2020-08-11,18,67.0,lisa.jackson@company.com,(851) 890-8821,Inactive
EMP006984,Ashley,Anderson,Ashley Anderson,27,Operations,Director,Los Angeles,59846.21,9895.39,2022-03-12,0,50.9,ashley.anderson@company.com,(550) 327-9252,Active
EMP006985,Melissa,Smith,Melissa Smith,37,Finance,Manager,Miami,56072.97,6742.22,2023-12-23,12,70.4,melissa.smith@company.com,(367) 397-8424,Active
EMP006986,Emily,Lopez,Emily Lopez,48,Engineering,Analyst,Los Angeles,112336.49,6906.33,2020-08-15,24,73.6,emily.lopez@company.com,(950) 340-1121,Inactive
EMP006987,Jessica,Lopez,Jessica Lopez,40,Sales,Lead,Austin,58311.86,6309.35,2023-06-22,17,59.0,jessica.lopez@company.com,(876) 538-2359,Active
EMP006988,Stephanie,Garcia,Stephanie Garcia,40,Finance,Analyst,Boston,71340.37,10373.67,2021-06-25,13,76.8,stephanie.garcia@company.com,(232) 574-6933,Active
EMP006989,Daniel,Garcia,Daniel Garcia,35,HR,Senior Developer,Boston,51419.65,7005.04,2024-06-06,8,90.5,daniel.garcia@company.com,(781) 882-9402,Active
EMP006990,James,Lopez,James Lopez,36,Marketing,Analyst,Chicago,72601.11,8948.08,2023-06-06,9,78.9,james.lopez@company.com,(649) 694-1545,Active
EMP006991,Anthony,Moore,Anthony Moore,50,Finance,Coordinator,Boston,89895.02,10402.77,2021-10-05,22,99.9,anthony.moore@company.com,(491) 339-3584,Active
EMP006992,James,Martinez,James Martinez,63,Legal,Senior Developer,Chicago,96104.54,11696.05,2021-01-15,35,84.6,james.martinez@company.com,(814) 716-7588,Active
EMP006993,Jessica,Lopez,Jessica Lopez,43,HR,Manager,Miami,80568.61,11304.97,2024-09-24,21,80.3,jessica.lopez@company.com,(847) 638-4530,Active
EMP006994,Jane,Smith,Jane Smith,58,Sales,Senior Developer,Miami,90931.23,5786.63,2023-05-31,30,64.9,jane.smith@company.com,(952) 562-6833,Inactive
EMP006995,Melissa,Wilson,Melissa Wilson,43,HR,Coordinator,Chicago,79655.06,426.28,2023-08-22,16,78.3,melissa.wilson@company.com,(322) 602-7782,Active
EMP006996,Amanda,Wilson,Amanda Wilson,62,Legal,Associate,Seattle,124467.34,9976.8,2021-02-24,39,80.1,amanda.wilson@company.com,(708) 489-9050,Active
EMP006997,John,Miller,John Miller,53,IT,Director,Los Angeles,110799.14,3915.59,2024-10-24,25,93.3,john.miller@company.com,(728) 637-1883,Active
EMP006998,Matthew,Anderson,Matthew Anderson,36,Sales,Coordinator,Miami,67157.08,7332.84,2022-10-26,13,96.5,matthew.anderson@company.com,(464) 220-6466,Active
EMP006999,Michael,Moore,Michael Moore,38,IT,Coordinator,Boston,92872.88,5399.36,2021-01-08,16,53.5,michael.moore@company.com,(390) 719-9425,Active
EMP007000,Christopher,Brown,Christopher Brown,50,Legal,Lead,Chicago,105505.77,10106.26,2021-07-12,23,99.3,christopher.brown@company.com,(627) 259-1171,Active
EMP007001,Ashley,Williams,Ashley Williams,38,Engineering,Analyst,Boston,92593.2,18435.86,2024-07-05,10,34.8,ashley.williams@company.com,(740) 661-1459,Active
EMP007002,Amanda,Williams,Amanda Williams,22,Legal,Specialist,San Francisco,89791.14,15075.41,2023-10-07,0,76.1,amanda.williams@company.com,(967) 909-8289,Active
EMP007003,John,Smith,John Smith,60,Legal,Associate,New York,68377.91,5206.36,2021-07-01,34,82.1,john.smith@company.com,(876) 464-1825,Active
EMP007004,Melissa,Williams,Melissa Williams,63,Marketing,Director,Boston,73060.25,8726.5,2024-06-26,34,76.9,melissa.williams@company.com,(494) 628-2742,Active
EMP007005,James,Hernandez,James Hernandez,25,Marketing,Manager,Seattle,62475.38,15040.98,2024-06-08,0,91.5,james.hernandez@company.com,(340) 649-4022,Active
EMP007006,Amanda,Moore,Amanda Moore,36,Sales,Director,San Francisco,68867.58,1703.67,2020-03-02,13,58.1,amanda.moore@company.com,(726) 867-4741,Active
EMP007007,Robert,Brown,Robert Brown,27,Sales,Coordinator,Los Angeles,54707.02,5629.79,2023-07-25,4,61.7,robert.brown@company.com,(903) 326-6773,Active
EMP007008,David,Miller,David Miller,22,Finance,Manager,Boston,60508.34,4195.99,2024-08-30,0,74.4,david.miller@company.com,(763) 778-7924,Active
EMP007009,Melissa,Williams,Melissa Williams,25,HR,Associate,Miami,55274.98,3103.48,2022-02-23,2,78.3,melissa.williams@company.com,(678) 212-2008,Active
EMP007010,John,Wilson,John Wilson,31,Engineering,Manager,Boston,68389.12,11504.2,2023-12-28,7,84.7,john.wilson@company.com,(629) 496-1458,Active
EMP007011,Michael,Moore,Michael Moore,51,HR,Specialist,Chicago,49763.33,7527.7,2020-02-15,26,75.5,michael.moore@company.com,(914) 963-2593,Active
EMP007012,William,Johnson,William Johnson,22,Legal,Specialist,New York,76902.12,4730.33,2021-02-17,0,76.7,william.johnson@company.com,(728) 778-4143,Active
EMP007013,Sarah,Anderson,Sarah Anderson,23,HR,Specialist,Chicago,55181.15,7571.34,2022-06-06,0,61.2,sarah.anderson@company.com,(311) 559-6870,Active
EMP007014,Ashley,Williams,Ashley Williams,42,Sales,Specialist,Austin,77590.61,4751.45,2020-06-10,17,58.2,ashley.williams@company.com,(500) 765-2703,Active
EMP007015,Nicole,Jackson,Nicole Jackson,25,Marketing,Coordinator,Los Angeles,50786.01,1399.53,2023-01-09,2,78.3,nicole.jackson@company.com,(912) 424-6373,Inactive
EMP007016,Emily,Thomas,Emily Thomas,51,HR,Associate,Austin,83893.17,12401.22,2024-06-01,28,100.0,emily.thomas@company.com,(712) 759-6306,Active
EMP007017,Stephanie,Martin,Stephanie Martin,45,Finance,Associate,Boston,85147.27,6275.04,2022-11-11,17,96.9,stephanie.martin@company.com,(844) 480-8193,Active
EMP007018,Lisa,Miller,Lisa Miller,57,Sales,Lead,Boston,88626.34,5049.08,2023-03-08,32,58.1,lisa.miller@company.com,(881) 803-8027,Active
EMP007019,Sarah,Garcia,Sarah Garcia,58,HR,Specialist,Seattle,72929.94,12401.3,2024-08-03,32,98.0,sarah.garcia@company.com,(863) 992-5177,Active
EMP007020,John,Anderson,John Anderson,37,Finance,Lead,Boston,64026.4,7130.53,2024-10-22,14,87.9,john.anderson@company.com,(714) 468-5103,Active
EMP007021,Jane,Garcia,Jane Garcia,50,HR,Lead,New York,79789.33,6015.9,2024-07-30,27,90.7,jane.garcia@company.com,(685) 317-6072,Active
EMP007022,James,Johnson,James Johnson,46,Marketing,Manager,Los Angeles,70662.57,8233.61,2024-09-15,21,71.3,james.johnson@company.com,(276) 278-9317,Active
EMP007023,Stephanie,Martin,Stephanie Martin,60,Sales,Senior Developer,New York,83140.92,10742.76,2024-05-26,35,49.6,stephanie.martin@company.com,(759) 928-9842,Active
EMP007024,Jessica,Thomas,Jessica Thomas,30,Engineering,Senior Developer,San Francisco,60118.26,10001.73,2020-03-31,6,66.6,jessica.thomas@company.com,(491) 670-1053,Active
EMP007025,William,Rodriguez,William Rodriguez,31,Finance,Coordinator,Seattle,86917.55,3401.42,2024-10-21,8,67.5,william.rodriguez@company.com,(435) 993-3197,Active
EMP007026,Melissa,Jones,Melissa Jones,35,Sales,Coordinator,San Francisco,84831.41,11886.49,2020-06-04,6,94.7,melissa.jones@company.com,(288) 207-5465,Active
EMP007027,David,Gonzalez,David Gonzalez,37,Operations,Senior Developer,Chicago,48964.21,4912.92,2022-04-12,14,67.9,david.gonzalez@company.com,(549) 565-2450,Active
EMP007028,Stephanie,Garcia,Stephanie Garcia,41,Engineering,Manager,New York,74509.16,10494.06,2022-12-27,14,82.1,stephanie.garcia@company.com,(724) 755-9537,Active
EMP007029,Melissa,Wilson,Melissa Wilson,47,Finance,Specialist,San Francisco,84769.96,9727.71,2021-05-06,18,50.1,melissa.wilson@company.com,(668) 655-3712,Active
EMP007030,Matthew,Lopez,Matthew Lopez,23,Operations,Director,Los Angeles,59499.65,10514.68,2020-06-09,0,53.5,matthew.lopez@company.com,(973) 485-4795,Active
EMP007031,Nicole,Moore,Nicole Moore,46,Sales,Lead,New York,77218.47,4873.69,2021-02-15,23,87.0,nicole.moore@company.com,(346) 674-7818,Inactive
EMP007032,Michael,Jackson,Michael Jackson,42,Engineering,Lead,Austin,107480.63,10642.14,2022-08-23,17,100.0,michael.jackson@company.com,(662) 452-2448,Active
EMP007033,Emily,Hernandez,Emily Hernandez,59,HR,Coordinator,Miami,65536.15,8499.35,2024-10-23,37,86.1,emily.hernandez@company.com,(794) 424-4414,Active
EMP007034,Nicole,Hernandez,Nicole Hernandez,26,Sales,Senior Developer,Boston,61919.98,7134.98,2023-07-05,0,69.5,nicole.hernandez@company.com,(502) 788-5490,Active
EMP007035,John,Thomas,John Thomas,60,Finance,Lead,Los Angeles,56736.05,4561.09,2020-10-02,33,67.1,john.thomas@company.com,(432) 801-8505,Active
EMP007036,Matthew,Moore,Matthew Moore,31,Sales,Analyst,San Francisco,62789.74,4577.07,2020-07-16,2,62.3,matthew.moore@company.com,(974) 966-1769,Active
EMP007037,Jane,Hernandez,Jane Hernandez,42,Operations,Lead,Boston,88298.88,7442.4,2024-04-26,13,100.0,jane.hernandez@company.com,(246) 457-3360,Active
EMP007038,Daniel,Anderson,Daniel Anderson,54,IT,Lead,Los Angeles,103608.66,12429.55,2024-01-04,27,79.1,daniel.anderson@company.com,(455) 334-7115,Inactive
EMP007039,Anthony,Gonzalez,Anthony Gonzalez,35,IT,Lead,New York,62070.81,3337.75,2024-05-26,11,100.0,anthony.gonzalez@company.com,(207) 380-9975,Active
EMP007040,Robert,Thomas,Robert Thomas,25,Marketing,Manager,Austin,78621.75,3327.16,2022-01-08,0,77.1,robert.thomas@company.com,(666) 319-3553,Active
EMP007041,Stephanie,Garcia,Stephanie Garcia,24,IT,Analyst,Los Angeles,110842.74,9550.36,2022-09-05,0,60.2,stephanie.garcia@company.com,(434) 471-3770,Active
EMP007042,Jane,Rodriguez,Jane Rodriguez,38,Marketing,Coordinator,Los Angeles,49472.55,2873.41,2024-02-21,16,94.2,jane.rodriguez@company.com,(902) 498-5761,Active
EMP007043,John,Gonzalez,John Gonzalez,39,Operations,Analyst,Austin,65591.08,7863.57,2020-05-24,12,59.9,john.gonzalez@company.com,(838) 278-4759,Active
EMP007044,Jane,Rodriguez,Jane Rodriguez,24,Finance,Senior Developer,Chicago,80469.92,9616.91,2022-09-06,0,67.1,jane.rodriguez@company.com,(819) 533-4444,Active
EMP007045,Nicole,Lopez,Nicole Lopez,60,IT,Coordinator,Seattle,79461.85,3949.13,2024-03-12,35,68.4,nicole.lopez@company.com,(214) 490-6114,Active
EMP007046,William,Smith,William Smith,50,Finance,Senior Developer,Seattle,98846.17,4238.06,2022-04-08,28,86.2,william.smith@company.com,(420) 293-7959,Active
EMP007047,Christopher,Martinez,Christopher Martinez,49,Sales,Manager,Miami,77648.53,902.7,2020-04-18,21,100.0,christopher.martinez@company.com,(263) 426-4587,Active
EMP007048,John,Rodriguez,John Rodriguez,47,Legal,Analyst,Seattle,114642.08,18218.01,2020-08-27,21,90.4,john.rodriguez@company.com,(335) 966-1640,Active
EMP007049,Christopher,Smith,Christopher Smith,42,Operations,Coordinator,New York,71811.89,2015.63,2022-05-07,19,94.7,christopher.smith@company.com,(807) 206-3158,Active
EMP007050,Anthony,Brown,Anthony Brown,59,Legal,Manager,New York,111383.26,0.0,2022-06-17,30,95.5,anthony.brown@company.com,(344) 482-3463,On Leave
EMP007051,Melissa,Hernandez,Melissa Hernandez,42,HR,Lead,New York,80033.57,4496.16,2024-11-19,17,65.5,melissa.hernandez@company.com,(673) 349-3482,Active
EMP007052,Lisa,Wilson,Lisa Wilson,56,IT,Director,Miami,85600.1,8795.27,2021-07-25,31,56.9,lisa.wilson@company.com,(834) 522-9553,Active
EMP007053,Stephanie,Johnson,Stephanie Johnson,29,Sales,Manager,Boston,49252.29,3880.56,2020-04-01,7,81.5,stephanie.johnson@company.com,(741) 580-6285,Active
EMP007054,Anthony,Williams,Anthony Williams,54,Finance,Coordinator,Los Angeles,94863.65,12844.18,2020-05-18,25,73.1,anthony.williams@company.com,(647) 708-3761,On Leave
EMP007055,David,Anderson,David Anderson,23,Sales,Analyst,Boston,62868.46,9469.69,2022-04-11,1,62.6,david.anderson@company.com,(294) 694-3008,Active
EMP007056,Melissa,Johnson,Melissa Johnson,31,IT,Lead,Austin,69674.01,13090.02,2020-10-14,5,89.6,melissa.johnson@company.com,(227) 269-8160,Active
EMP007057,James,Rodriguez,James Rodriguez,60,Legal,Director,San Francisco,99747.37,9831.1,2021-03-24,31,81.7,james.rodriguez@company.com,(337) 881-6343,Active
EMP007058,Anthony,Wilson,Anthony Wilson,62,HR,Senior Developer,Seattle,91984.72,6.34,2021-04-12,40,54.0,anthony.wilson@company.com,(218) 236-5975,Active
EMP007059,Jessica,Gonzalez,Jessica Gonzalez,63,Marketing,Associate,Boston,88106.25,6124.79,2023-03-07,35,60.8,jessica.gonzalez@company.com,(317) 884-6457,Active
EMP007060,Lisa,Davis,Lisa Davis,57,Engineering,Senior Developer,Boston,110463.99,17448.98,2023-01-08,29,82.1,lisa.davis@company.com,(711) 909-7224,Active
EMP007061,Ashley,Smith,Ashley Smith,47,Finance,Associate,Los Angeles,83881.15,6106.36,2020-07-08,25,82.5,ashley.smith@company.com,(228) 265-1572,Active
EMP007062,Michael,Jackson,Michael Jackson,27,Operations,Associate,San Francisco,42966.67,7236.52,2020-07-06,3,82.4,michael.jackson@company.com,(741) 827-4321,Active
EMP007063,Anthony,Moore,Anthony Moore,42,IT,Director,Boston,96120.49,10210.89,2022-05-26,17,73.7,anthony.moore@company.com,(594) 992-2848,Active
EMP007064,John,Williams,John Williams,30,Sales,Coordinator,Miami,65289.32,1484.34,2024-11-26,4,50.8,john.williams@company.com,(258) 432-8600,Active
EMP007065,Robert,Gonzalez,Robert Gonzalez,22,Sales,Coordinator,Chicago,34970.51,3587.76,2020-05-14,0,82.6,robert.gonzalez@company.com,(491) 370-7343,Inactive
EMP007066,Matthew,Martin,Matthew Martin,42,Sales,Specialist,Chicago,62289.13,7483.36,2020-05-09,14,94.7,matthew.martin@company.com,(535) 931-3620,Active
EMP007067,Michael,Martin,Michael Martin,48,HR,Lead,Austin,63642.85,8037.82,2021-02-27,24,85.3,michael.martin@company.com,(217) 246-7329,Active
EMP007068,Jessica,Garcia,Jessica Garcia,47,Legal,Lead,Boston,93856.47,9124.53,2021-04-10,23,80.7,jessica.garcia@company.com,(679) 960-8563,Active
EMP007069,Ashley,Brown,Ashley Brown,28,Engineering,Coordinator,Seattle,65751.27,6240.72,2020-10-09,4,70.4,ashley.brown@company.com,(232) 690-3070,On Leave
EMP007070,James,Martin,James Martin,52,Finance,Director,New York,58691.39,5985.49,2022-10-11,27,55.4,james.martin@company.com,(594) 468-5897,Active
EMP007071,Robert,Davis,Robert Davis,26,Engineering,Coordinator,Seattle,101466.71,5929.44,2022-01-09,2,37.2,robert.davis@company.com,(359) 931-3214,Active
EMP007072,James,Martinez,James Martinez,44,Finance,Analyst,Chicago,78845.47,12178.56,2022-11-09,20,55.4,james.martinez@company.com,(549) 272-5247,Active
EMP007073,Jessica,Gonzalez,Jessica Gonzalez,48,HR,Coordinator,Chicago,60520.56,6388.23,2024-12-09,24,100.0,jessica.gonzalez@company.com,(522) 740-8064,Inactive
EMP007074,Jessica,Miller,Jessica Miller,39,HR,Manager,Austin,89464.28,9393.03,2021-12-13,12,59.3,jessica.miller@company.com,(637) 301-4723,Active
EMP007075,Sarah,Davis,Sarah Davis,56,Legal,Director,Chicago,94930.75,5238.23,2023-11-27,32,56.0,sarah.davis@company.com,(630) 680-1886,Active
EMP007076,Sarah,Miller,Sarah Miller,29,Operations,Analyst,Chicago,46932.3,4709.69,2020-06-05,6,93.8,sarah.miller@company.com,(320) 278-2701,Active
EMP007077,John,Jackson,John Jackson,43,HR,Lead,New York,60342.49,3149.81,2023-04-12,18,64.0,john.jackson@company.com,(783) 418-4587,Active
EMP007078,Lisa,Williams,Lisa Williams,32,HR,Associate,San Francisco,42991.43,2549.54,2024-08-10,5,58.9,lisa.williams@company.com,(221) 365-1292,Inactive
EMP007079,Matthew,Jones,Matthew Jones,29,IT,Senior Developer,San Francisco,76157.33,9043.29,2021-06-28,0,87.9,matthew.jones@company.com,(441) 408-6206,Inactive
EMP007080,Matthew,Wilson,Matthew Wilson,38,Marketing,Coordinator,Austin,67738.59,6065.55,2022-11-01,16,74.3,matthew.wilson@company.com,(935) 774-1137,Active
EMP007081,Nicole,Taylor,Nicole Taylor,23,Legal,Associate,Miami,71454.12,7546.47,2022-10-21,0,93.7,nicole.taylor@company.com,(237) 668-7682,Active
EMP007082,Anthony,Johnson,Anthony Johnson,45,Marketing,Specialist,Seattle,76268.1,5297.66,2022-05-07,21,86.5,anthony.johnson@company.com,(467) 479-3596,Inactive
EMP007083,Amanda,Jackson,Amanda Jackson,45,IT,Specialist,Seattle,125134.03,17416.48,2020-02-27,21,73.8,amanda.jackson@company.com,(907) 942-4043,Active
EMP007084,Melissa,Smith,Melissa Smith,62,Marketing,Lead,New York,84806.36,2143.15,2022-02-02,39,97.2,melissa.smith@company.com,(461) 348-3505,Inactive
EMP007085,William,Moore,William Moore,28,Engineering,Specialist,San Francisco,66630.9,2508.67,2022-08-07,4,50.6,william.moore@company.com,(596) 753-4393,Active
EMP007086,Robert,Martin,Robert Martin,63,Sales,Associate,Boston,89037.37,8635.57,2022-01-01,37,88.7,robert.martin@company.com,(982) 721-7147,Active
EMP007087,Matthew,Brown,Matthew Brown,33,Finance,Director,New York,61017.96,4927.56,2024-09-05,10,84.4,matthew.brown@company.com,(477) 751-5131,Inactive
EMP007088,William,Hernandez,William Hernandez,22,HR,Lead,Los Angeles,63284.78,5324.91,2023-03-06,0,56.0,william.hernandez@company.com,(392) 867-3823,Inactive
EMP007089,Robert,Miller,Robert Miller,38,Finance,Lead,Boston,77663.31,10168.86,2020-04-29,10,83.3,robert.miller@company.com,(718) 885-2152,Active
EMP007090,Melissa,Lopez,Melissa Lopez,49,IT,Senior Developer,Los Angeles,115074.26,2266.54,2023-12-12,21,67.3,melissa.lopez@company.com,(498) 513-7945,Active
EMP007091,Matthew,Rodriguez,Matthew Rodriguez,32,Engineering,Lead,Boston,73960.16,5629.75,2020-09-08,3,61.2,matthew.rodriguez@company.com,(250) 694-1708,Active
EMP007092,Sarah,Rodriguez,Sarah Rodriguez,31,Engineering,Analyst,Chicago,88123.19,14805.19,2023-09-11,8,78.0,sarah.rodriguez@company.com,(419) 855-6560,Inactive
EMP007093,Anthony,Wilson,Anthony Wilson,50,Engineering,Coordinator,Los Angeles,132473.38,8516.6,2022-12-03,27,84.9,anthony.wilson@company.com,(542) 560-3844,Active
EMP007094,Anthony,Lopez,Anthony Lopez,58,Engineering,Specialist,Seattle,132505.36,20889.69,2021-03-15,29,49.4,anthony.lopez@company.com,(645) 219-5445,Active
EMP007095,Ashley,Moore,Ashley Moore,61,IT,Senior Developer,San Francisco,140346.04,27186.54,2022-10-12,39,58.5,ashley.moore@company.com,(491) 530-8202,Active
EMP007096,Daniel,Gonzalez,Daniel Gonzalez,44,Marketing,Director,Los Angeles,70847.99,2618.31,2024-06-17,16,76.0,daniel.gonzalez@company.com,(644) 812-1194,Active
EMP007097,Matthew,Jackson,Matthew Jackson,65,Legal,Manager,Austin,110710.66,8247.37,2021-03-28,41,58.2,matthew.jackson@company.com,(634) 563-1574,Active
EMP007098,William,Wilson,William Wilson,29,Legal,Director,Seattle,72249.44,7017.25,2021-02-03,3,80.7,william.wilson@company.com,(504) 206-8479,Active
EMP007099,James,Hernandez,James Hernandez,45,Engineering,Director,San Francisco,84481.41,6671.27,2021-02-27,16,67.2,james.hernandez@company.com,(399) 993-5767,Inactive
EMP007100,Jessica,Williams,Jessica Williams,62,Legal,Lead,Chicago,127676.58,8135.01,2023-12-03,34,91.9,jessica.williams@company.com,(495) 837-7920,Active
EMP007101,Sarah,Taylor,Sarah Taylor,63,Operations,Specialist,Austin,72356.79,14119.08,2020-02-11,35,73.7,sarah.taylor@company.com,(981) 348-7409,Inactive
EMP007102,Jane,Brown,Jane Brown,29,Operations,Analyst,Boston,51905.62,6898.35,2022-02-19,7,100.0,jane.brown@company.com,(412) 373-4408,Inactive
EMP007103,Jane,Anderson,Jane Anderson,24,Operations,Lead,Miami,64150.91,2470.14,2022-11-19,1,67.1,jane.anderson@company.com,(904) 761-5609,Active
EMP007104,Jane,Lopez,Jane Lopez,52,Finance,Manager,Chicago,112135.9,16978.28,2024-03-15,29,100.0,jane.lopez@company.com,(913) 289-2479,Active
EMP007105,Christopher,Taylor,Christopher Taylor,55,Marketing,Analyst,Miami,77982.76,6729.97,2022-03-28,33,75.2,christopher.taylor@company.com,(432) 960-5971,Active
EMP007106,Matthew,Moore,Matthew Moore,54,Sales,Lead,Seattle,75106.14,14246.4,2024-07-17,25,64.8,matthew.moore@company.com,(933) 650-5196,Active
EMP007107,Michael,Taylor,Michael Taylor,42,Marketing,Senior Developer,Miami,68724.69,9374.68,2023-08-17,17,59.1,michael.taylor@company.com,(564) 966-2691,Active
EMP007108,Sarah,Jackson,Sarah Jackson,25,Finance,Analyst,Chicago,81503.8,1121.35,2022-08-14,0,54.5,sarah.jackson@company.com,(624) 915-4586,Active
EMP007109,Lisa,Rodriguez,Lisa Rodriguez,56,IT,Coordinator,Austin,125633.73,10466.46,2022-07-03,29,59.9,lisa.rodriguez@company.com,(951) 306-9716,Active
EMP007110,Matthew,Gonzalez,Matthew Gonzalez,56,HR,Specialist,Boston,56765.69,10647.59,2022-08-25,30,81.3,matthew.gonzalez@company.com,(436) 677-5678,Active
EMP007111,Sarah,Martinez,Sarah Martinez,63,Legal,Lead,Chicago,153080.46,22038.83,2021-06-24,34,78.9,sarah.martinez@company.com,(890) 961-8459,Active
EMP007112,Robert,Brown,Robert Brown,49,Engineering,Senior Developer,Miami,84277.97,14982.87,2020-09-19,26,72.9,robert.brown@company.com,(453) 394-7946,Active
EMP007113,Sarah,Jones,Sarah Jones,61,Sales,Coordinator,Boston,97813.42,8954.74,2021-07-07,35,75.6,sarah.jones@company.com,(981) 363-4595,Active
EMP007114,Anthony,Jackson,Anthony Jackson,44,Legal,Manager,Miami,91258.82,13526.54,2021-07-09,17,78.6,anthony.jackson@company.com,(894) 305-5103,Active
EMP007115,James,Moore,James Moore,59,IT,Director,San Francisco,104048.97,6359.51,2022-03-19,36,58.4,james.moore@company.com,(476) 399-3471,Active
EMP007116,Anthony,Johnson,Anthony Johnson,31,IT,Analyst,Austin,100955.92,7425.78,2024-12-27,3,77.7,anthony.johnson@company.com,(717) 668-8401,Active
EMP007117,James,Rodriguez,James Rodriguez,38,Finance,Manager,New York,81710.49,3900.62,2021-08-02,9,62.7,james.rodriguez@company.com,(353) 269-1061,On Leave
EMP007118,Lisa,Jackson,Lisa Jackson,48,Legal,Lead,Boston,103493.1,12983.18,2022-04-14,20,73.4,lisa.jackson@company.com,(927) 204-2131,Active
EMP007119,Christopher,Wilson,Christopher Wilson,45,IT,Director,Miami,78804.29,9936.4,2024-08-11,18,78.6,christopher.wilson@company.com,(795) 779-4068,Active
EMP007120,Nicole,Miller,Nicole Miller,36,IT,Lead,New York,58890.98,13956.18,2023-04-06,11,88.3,nicole.miller@company.com,(731) 811-1680,Active
EMP007121,Anthony,Thomas,Anthony Thomas,37,Marketing,Lead,New York,73933.32,2642.8,2023-09-11,12,70.0,anthony.thomas@company.com,(946) 790-9381,On Leave
EMP007122,Jessica,Taylor,Jessica Taylor,38,Sales,Senior Developer,New York,62083.56,3462.25,2024-03-30,14,61.3,jessica.taylor@company.com,(393) 613-3134,Active
EMP007123,Matthew,Miller,Matthew Miller,58,Sales,Analyst,Boston,73123.46,15636.62,2024-01-05,34,56.5,matthew.miller@company.com,(923) 587-5272,Active
EMP007124,Melissa,Martinez,Melissa Martinez,50,Finance,Associate,Boston,82896.87,9829.86,2023-11-16,24,94.1,melissa.martinez@company.com,(397) 944-3917,Active
EMP007125,James,Smith,James Smith,28,Operations,Associate,Seattle,41541.47,4766.55,2022-08-12,4,92.3,james.smith@company.com,(954) 734-9529,Active
EMP007126,Ashley,Taylor,Ashley Taylor,62,Engineering,Coordinator,Boston,107219.88,10987.65,2021-06-20,33,60.8,ashley.taylor@company.com,(690) 493-3965,Active
EMP007127,David,Moore,David Moore,24,Marketing,Specialist,Austin,50355.42,8808.35,2024-06-22,0,73.5,david.moore@company.com,(426) 877-8418,Inactive
EMP007128,Sarah,Martinez,Sarah Martinez,28,Marketing,Director,Seattle,68849.72,3304.94,2023-10-16,0,59.5,sarah.martinez@company.com,(715) 875-9417,Active
EMP007129,Sarah,Davis,Sarah Davis,54,Legal,Specialist,Chicago,84892.01,10687.78,2023-05-29,28,45.9,sarah.davis@company.com,(360) 748-5854,Active
EMP007130,Anthony,Gonzalez,Anthony Gonzalez,30,IT,Lead,Boston,74220.12,1453.05,2021-04-01,2,88.7,anthony.gonzalez@company.com,(741) 903-6515,Active
EMP007131,Daniel,Hernandez,Daniel Hernandez,39,Sales,Analyst,Chicago,80111.47,9232.23,2020-01-25,17,93.9,daniel.hernandez@company.com,(696) 340-2406,Active
EMP007132,James,Jackson,James Jackson,62,Engineering,Associate,Boston,131084.95,10034.86,2020-01-12,39,79.0,james.jackson@company.com,(381) 388-3459,Active
EMP007133,Jane,Davis,Jane Davis,23,Marketing,Director,San Francisco,77757.31,10524.03,2024-05-19,0,78.5,jane.davis@company.com,(946) 395-8601,Active
EMP007134,John,Johnson,John Johnson,36,IT,Manager,Seattle,85540.63,0.0,2023-06-15,14,76.7,john.johnson@company.com,(903) 618-5550,On Leave
EMP007135,David,Jackson,David Jackson,55,HR,Coordinator,Boston,97858.61,6739.06,2022-01-20,28,72.9,david.jackson@company.com,(240) 649-4094,Active
EMP007136,John,Johnson,John Johnson,47,Marketing,Specialist,Chicago,60069.01,6091.31,2021-07-01,20,61.0,john.johnson@company.com,(897) 935-2985,Active
EMP007137,Christopher,Brown,Christopher Brown,45,Engineering,Coordinator,Boston,72204.47,6321.88,2023-09-06,16,83.4,christopher.brown@company.com,(697) 256-5577,Active
EMP007138,Robert,Wilson,Robert Wilson,54,Finance,Associate,New York,84559.69,5619.57,2021-07-15,26,72.2,robert.wilson@company.com,(300) 583-2787,On Leave
EMP007139,Sarah,Taylor,Sarah Taylor,41,Marketing,Analyst,Chicago,84231.34,13175.66,2021-08-11,19,78.9,sarah.taylor@company.com,(315) 429-3704,Active
EMP007140,Anthony,Lopez,Anthony Lopez,33,Engineering,Manager,San Francisco,94921.17,10821.59,2020-09-17,9,94.9,anthony.lopez@company.com,(450) 383-4189,Inactive
EMP007141,Emily,Brown,Emily Brown,63,HR,Coordinator,Chicago,95802.1,6758.07,2024-12-21,41,82.4,emily.brown@company.com,(719) 323-5638,On Leave
EMP007142,Melissa,Davis,Melissa Davis,44,Operations,Analyst,New York,62992.98,5211.39,2020-10-08,19,87.3,melissa.davis@company.com,(302) 930-5403,Active
EMP007143,Lisa,Williams,Lisa Williams,44,IT,Manager,San Francisco,76253.34,9675.65,2023-11-14,16,69.1,lisa.williams@company.com,(978) 286-6561,Active
EMP007144,David,Williams,David Williams,63,Engineering,Lead,Boston,135479.02,10171.67,2022-10-25,39,84.2,david.williams@company.com,(856) 504-3934,Active
EMP007145,Nicole,Williams,Nicole Williams,62,Finance,Coordinator,Austin,114049.28,12615.01,2024-09-17,38,62.6,nicole.williams@company.com,(323) 928-5991,Active
EMP007146,Sarah,Martin,Sarah Martin,38,Legal,Lead,San Francisco,122642.55,17046.61,2022-04-12,15,59.1,sarah.martin@company.com,(447) 222-2738,Active
EMP007147,Sarah,Brown,Sarah Brown,23,Operations,Director,Seattle,31091.85,2493.87,2024-02-07,0,60.5,sarah.brown@company.com,(316) 645-8305,On Leave
EMP007148,Michael,Martinez,Michael Martinez,53,Sales,Specialist,New York,76111.1,5069.82,2023-10-12,31,67.6,michael.martinez@company.com,(773) 734-3247,Active
EMP007149,Stephanie,Rodriguez,Stephanie Rodriguez,40,Operations,Analyst,Los Angeles,76439.06,8235.47,2023-08-19,13,100.0,stephanie.rodriguez@company.com,(840) 230-1419,Active
EMP007150,Robert,Garcia,Robert Garcia,46,Legal,Associate,Austin,77209.91,13474.4,2024-04-19,21,57.5,robert.garcia@company.com,(576) 348-4351,Active
EMP007151,David,Lopez,David Lopez,58,Marketing,Coordinator,New York,99683.69,9731.7,2022-02-14,30,95.9,david.lopez@company.com,(559) 621-8607,Active
EMP007152,Sarah,Wilson,Sarah Wilson,30,Legal,Analyst,San Francisco,83182.98,10889.36,2022-08-08,8,60.9,sarah.wilson@company.com,(831) 518-5440,Active
EMP007153,Sarah,Davis,Sarah Davis,46,Engineering,Lead,Boston,102399.73,13824.18,2020-09-24,24,95.5,sarah.davis@company.com,(528) 406-5064,Active
EMP007154,Emily,Martinez,Emily Martinez,57,Legal,Lead,New York,90093.96,6579.69,2023-09-29,30,85.0,emily.martinez@company.com,(402) 216-7488,Active
EMP007155,Nicole,Taylor,Nicole Taylor,45,Legal,Senior Developer,Los Angeles,75026.33,7579.61,2023-03-22,23,91.1,nicole.taylor@company.com,(387) 262-3235,Active
EMP007156,David,Moore,David Moore,49,Operations,Manager,Seattle,69852.99,3577.98,2021-07-03,24,77.4,david.moore@company.com,(214) 344-7608,Active
EMP007157,Stephanie,Gonzalez,Stephanie Gonzalez,59,Finance,Manager,Boston,66598.69,9671.15,2020-07-24,30,87.5,stephanie.gonzalez@company.com,(526) 642-3129,Active
EMP007158,Nicole,Rodriguez,Nicole Rodriguez,24,Sales,Associate,New York,51845.33,10395.72,2020-01-27,0,84.1,nicole.rodriguez@company.com,(497) 540-9903,Active
EMP007159,Daniel,Moore,Daniel Moore,23,Sales,Lead,Seattle,48422.22,4491.11,2020-03-13,0,43.4,daniel.moore@company.com,(549) 879-8119,Active
EMP007160,Daniel,Brown,Daniel Brown,34,Legal,Senior Developer,Chicago,90543.97,11388.56,2020-12-14,6,70.8,daniel.brown@company.com,(609) 776-9408,Active
EMP007161,Jessica,Davis,Jessica Davis,59,Finance,Director,Boston,110947.25,13602.93,2021-01-28,30,79.4,jessica.davis@company.com,(757) 504-4414,Active
EMP007162,David,Wilson,David Wilson,55,Legal,Director,Austin,115817.8,25075.3,2020-08-29,26,79.8,david.wilson@company.com,(251) 929-3888,Inactive
EMP007163,Jane,Taylor,Jane Taylor,58,Operations,Manager,Chicago,87585.02,9447.06,2023-08-09,30,78.0,jane.taylor@company.com,(571) 609-5239,Active
EMP007164,Matthew,Smith,Matthew Smith,59,HR,Specialist,Seattle,105016.85,9559.76,2020-04-16,36,80.3,matthew.smith@company.com,(548) 750-6868,Active
EMP007165,Lisa,Lopez,Lisa Lopez,46,Sales,Specialist,Miami,93107.53,9678.7,2023-12-02,18,69.8,lisa.lopez@company.com,(449) 994-6663,Inactive
EMP007166,William,Martinez,William Martinez,43,Finance,Manager,Chicago,61713.06,4400.57,2023-04-29,14,74.2,william.martinez@company.com,(580) 486-6245,Active
EMP007167,Lisa,Williams,Lisa Williams,39,Marketing,Senior Developer,Austin,70490.16,0.0,2024-09-05,15,88.8,lisa.williams@company.com,(300) 663-5667,Inactive
EMP007168,Anthony,Martinez,Anthony Martinez,51,Finance,Analyst,Chicago,112319.67,19332.16,2024-09-15,26,61.6,anthony.martinez@company.com,(725) 442-3304,Active
EMP007169,Anthony,Hernandez,Anthony Hernandez,44,Legal,Analyst,Seattle,67412.36,6945.38,2022-06-16,17,92.1,anthony.hernandez@company.com,(814) 620-4597,Active
EMP007170,William,Martin,William Martin,63,Operations,Manager,Boston,63855.98,7378.47,2023-03-08,35,69.7,william.martin@company.com,(511) 652-9707,Active
EMP007171,Christopher,Martinez,Christopher Martinez,57,Sales,Director,Los Angeles,94600.6,10717.68,2023-01-23,34,65.4,christopher.martinez@company.com,(766) 372-9294,Active
EMP007172,Michael,Smith,Michael Smith,54,Operations,Coordinator,Chicago,56090.67,3823.47,2020-07-28,30,54.3,michael.smith@company.com,(368) 307-2969,Inactive
EMP007173,Matthew,Jackson,Matthew Jackson,28,Finance,Analyst,Los Angeles,41352.06,1505.49,2021-05-16,3,74.8,matthew.jackson@company.com,(307) 285-8111,On Leave
EMP007174,Christopher,Lopez,Christopher Lopez,34,Operations,Director,Los Angeles,64351.89,7875.5,2024-12-29,6,55.0,christopher.lopez@company.com,(844) 636-4646,Active
EMP007175,Ashley,Miller,Ashley Miller,64,HR,Manager,Boston,78871.56,7664.77,2020-06-10,38,64.0,ashley.miller@company.com,(556) 605-5838,Active
EMP007176,Amanda,Hernandez,Amanda Hernandez,43,IT,Senior Developer,Seattle,91594.96,6168.73,2021-06-25,20,52.0,amanda.hernandez@company.com,(599) 945-8258,On Leave
EMP007177,James,Martin,James Martin,65,Marketing,Associate,Austin,106302.26,11420.06,2024-07-20,40,54.4,james.martin@company.com,(352) 577-8775,Inactive
EMP007178,William,Brown,William Brown,52,IT,Associate,San Francisco,152168.28,10707.64,2024-08-03,27,70.3,william.brown@company.com,(572) 626-7443,Active
EMP007179,Daniel,Gonzalez,Daniel Gonzalez,35,Finance,Associate,New York,81130.33,5102.44,2021-03-11,9,77.5,daniel.gonzalez@company.com,(449) 592-6858,Active
EMP007180,Christopher,Brown,Christopher Brown,37,Legal,Senior Developer,San Francisco,89084.47,7436.64,2020-04-24,10,56.8,christopher.brown@company.com,(632) 784-7697,Active
EMP007181,Christopher,Martin,Christopher Martin,45,HR,Specialist,Chicago,58944.51,7885.08,2024-12-30,18,93.4,christopher.martin@company.com,(798) 858-7662,Inactive
EMP007182,Jessica,Martinez,Jessica Martinez,34,Finance,Associate,Austin,71741.47,10729.73,2023-05-15,5,62.6,jessica.martinez@company.com,(376) 715-6170,Active
EMP007183,Stephanie,Garcia,Stephanie Garcia,42,HR,Specialist,Miami,66317.99,6876.95,2022-06-28,13,73.0,stephanie.garcia@company.com,(658) 845-5746,Active
EMP007184,Robert,Davis,Robert Davis,37,HR,Manager,Los Angeles,42726.3,1686.62,2020-08-25,14,81.2,robert.davis@company.com,(254) 681-9810,Inactive
EMP007185,Melissa,Gonzalez,Melissa Gonzalez,59,Engineering,Director,Boston,102311.9,7944.12,2021-08-02,34,83.3,melissa.gonzalez@company.com,(964) 542-1598,Active
EMP007186,Nicole,Brown,Nicole Brown,25,IT,Specialist,Boston,80794.59,10033.85,2023-06-05,0,61.7,nicole.brown@company.com,(938) 753-1907,Active
EMP007187,Christopher,Brown,Christopher Brown,37,Finance,Specialist,Los Angeles,35236.3,2491.92,2023-02-09,9,73.5,christopher.brown@company.com,(705) 585-1101,On Leave
EMP007188,Amanda,Anderson,Amanda Anderson,22,IT,Associate,Seattle,62647.01,4951.0,2024-06-24,0,72.6,amanda.anderson@company.com,(226) 408-7157,Inactive
EMP007189,Robert,Garcia,Robert Garcia,27,Finance,Associate,Chicago,74831.45,13708.7,2022-04-08,0,58.8,robert.garcia@company.com,(382) 347-9180,Active
EMP007190,Lisa,Jones,Lisa Jones,48,Sales,Director,Miami,84483.61,1254.13,2022-04-19,22,48.7,lisa.jones@company.com,(596) 965-6515,On Leave
EMP007191,Stephanie,Anderson,Stephanie Anderson,57,HR,Associate,New York,64903.22,4929.02,2023-10-25,30,76.9,stephanie.anderson@company.com,(994) 245-9004,Inactive
EMP007192,Melissa,Thomas,Melissa Thomas,62,Marketing,Associate,Austin,95934.0,0.0,2022-02-03,36,59.3,melissa.thomas@company.com,(929) 656-7752,Active
EMP007193,William,Anderson,William Anderson,48,IT,Coordinator,Los Angeles,109387.88,7331.34,2023-11-20,20,59.0,william.anderson@company.com,(961) 680-2936,Active
EMP007194,John,Garcia,John Garcia,29,Marketing,Senior Developer,Los Angeles,42789.54,2342.27,2023-12-31,0,51.5,john.garcia@company.com,(875) 958-3083,Active
EMP007195,William,Jackson,William Jackson,53,Finance,Lead,Boston,79620.07,7920.24,2020-12-22,26,89.6,william.jackson@company.com,(473) 905-5301,Active
EMP007196,Michael,Anderson,Michael Anderson,28,IT,Analyst,Seattle,45297.45,4163.21,2022-05-15,1,68.1,michael.anderson@company.com,(298) 508-9606,Active
EMP007197,John,Jackson,John Jackson,54,Operations,Senior Developer,Miami,88832.24,20071.42,2023-02-24,32,80.4,john.jackson@company.com,(450) 408-9509,Active
EMP007198,John,Thomas,John Thomas,25,Engineering,Director,Austin,80471.4,12510.86,2024-03-13,0,49.1,john.thomas@company.com,(318) 559-7451,Active
EMP007199,Melissa,Smith,Melissa Smith,37,Operations,Director,Austin,72327.49,13015.05,2023-08-18,14,71.4,melissa.smith@company.com,(885) 241-9729,Active
EMP007200,Michael,Martin,Michael Martin,34,HR,Manager,Los Angeles,63761.56,5402.03,2022-03-24,5,69.2,michael.martin@company.com,(782) 612-3994,Active
EMP007201,Lisa,Moore,Lisa Moore,36,Operations,Senior Developer,Los Angeles,75208.79,10080.79,2020-05-10,9,54.9,lisa.moore@company.com,(243) 398-1220,Inactive
EMP007202,Anthony,Anderson,Anthony Anderson,64,Operations,Director,Los Angeles,85287.8,2131.24,2023-02-11,35,60.5,anthony.anderson@company.com,(909) 871-1463,Inactive
EMP007203,Jane,Martinez,Jane Martinez,53,Finance,Associate,San Francisco,95549.39,2181.23,2020-06-01,25,93.4,jane.martinez@company.com,(605) 615-2600,Active
EMP007204,John,Gonzalez,John Gonzalez,35,HR,Specialist,Boston,73234.12,9843.89,2022-12-13,11,97.1,john.gonzalez@company.com,(557) 398-7870,Active
EMP007205,John,Martinez,John Martinez,23,Engineering,Coordinator,New York,79961.74,10327.91,2024-09-26,0,92.7,john.martinez@company.com,(868) 689-5293,On Leave
EMP007206,Anthony,Taylor,Anthony Taylor,58,Legal,Specialist,Boston,92122.15,15631.76,2024-05-20,34,59.7,anthony.taylor@company.com,(938) 254-3773,Active
EMP007207,Anthony,Davis,Anthony Davis,54,Legal,Director,San Francisco,124130.46,13113.19,2023-01-07,25,67.1,anthony.davis@company.com,(814) 812-3331,Active
EMP007208,Jessica,Hernandez,Jessica Hernandez,25,Finance,Specialist,Seattle,67642.44,5563.22,2021-11-20,0,71.4,jessica.hernandez@company.com,(754) 966-1381,Active
EMP007209,Daniel,Miller,Daniel Miller,54,Engineering,Coordinator,San Francisco,61724.8,9924.68,2020-09-27,30,58.5,daniel.miller@company.com,(605) 276-5542,Active
EMP007210,Daniel,Taylor,Daniel Taylor,57,Marketing,Coordinator,Seattle,84383.03,9209.77,2024-02-10,31,60.8,daniel.taylor@company.com,(855) 611-7956,Active
EMP007211,Robert,Johnson,Robert Johnson,55,Operations,Analyst,San Francisco,65484.11,5196.25,2022-11-24,26,81.7,robert.johnson@company.com,(285) 621-4201,Active
EMP007212,Lisa,Jackson,Lisa Jackson,40,IT,Senior Developer,Austin,46580.42,4579.35,2022-08-01,15,85.1,lisa.jackson@company.com,(448) 401-4254,On Leave
EMP007213,Nicole,Lopez,Nicole Lopez,50,IT,Associate,Austin,113723.49,18201.18,2023-03-15,28,100.0,nicole.lopez@company.com,(982) 849-6462,Active
EMP007214,Jane,Brown,Jane Brown,51,Operations,Director,New York,53223.61,2845.73,2021-07-07,26,83.6,jane.brown@company.com,(409) 322-8019,Active
EMP007215,Emily,Miller,Emily Miller,58,Operations,Analyst,Los Angeles,70245.61,5956.89,2020-09-10,29,60.8,emily.miller@company.com,(444) 468-4184,Active
EMP007216,Daniel,Williams,Daniel Williams,28,Marketing,Coordinator,New York,89834.11,7166.73,2022-09-25,4,70.1,daniel.williams@company.com,(517) 831-3109,Active
EMP007217,Jessica,Moore,Jessica Moore,45,IT,Associate,New York,94789.24,3805.04,2022-10-29,23,80.6,jessica.moore@company.com,(391) 743-8386,Active
EMP007218,Matthew,Anderson,Matthew Anderson,26,Engineering,Specialist,Chicago,65497.12,6881.71,2022-01-27,2,100.0,matthew.anderson@company.com,(611) 517-6363,Inactive
EMP007219,Jessica,Brown,Jessica Brown,57,Engineering,Associate,Miami,126845.66,10164.79,2023-08-02,29,65.1,jessica.brown@company.com,(798) 918-1911,Active
EMP007220,John,Jackson,John Jackson,50,IT,Associate,New York,116907.59,5436.01,2022-08-10,22,68.7,john.jackson@company.com,(513) 470-4732,Active
EMP007221,James,Jackson,James Jackson,34,HR,Coordinator,Seattle,50443.31,0.0,2023-09-03,10,100.0,james.jackson@company.com,(704) 272-7659,Active
EMP007222,Sarah,Lopez,Sarah Lopez,43,IT,Director,Austin,93574.13,15818.45,2022-03-08,18,54.1,sarah.lopez@company.com,(219) 617-2328,Active
EMP007223,Michael,Davis,Michael Davis,52,Marketing,Senior Developer,Austin,101857.23,13725.61,2021-01-03,26,90.1,michael.davis@company.com,(394) 222-4735,Inactive
EMP007224,Melissa,Garcia,Melissa Garcia,50,IT,Lead,Seattle,79508.26,3241.3,2021-04-13,21,79.1,melissa.garcia@company.com,(240) 755-2414,Active
EMP007225,Jane,Miller,Jane Miller,40,Operations,Director,New York,61355.52,5747.51,2024-01-23,16,52.5,jane.miller@company.com,(964) 478-3096,Active
EMP007226,David,Taylor,David Taylor,60,Operations,Specialist,New York,96567.07,8658.39,2020-10-06,35,70.3,david.taylor@company.com,(498) 767-6408,Active
EMP007227,Sarah,Williams,Sarah Williams,53,IT,Analyst,Austin,110308.4,5480.05,2020-05-29,26,100.0,sarah.williams@company.com,(266) 519-5036,Active
EMP007228,Melissa,Moore,Melissa Moore,38,Operations,Director,Miami,70910.88,6140.77,2021-02-01,16,76.9,melissa.moore@company.com,(961) 897-5331,Active
EMP007229,Melissa,Wilson,Melissa Wilson,58,IT,Director,Chicago,80636.45,9362.33,2020-04-21,33,70.5,melissa.wilson@company.com,(226) 957-8999,Active
EMP007230,John,Davis,John Davis,52,Legal,Specialist,Miami,118989.24,4374.62,2024-10-01,27,88.4,john.davis@company.com,(642) 475-4804,Active
EMP007231,James,Smith,James Smith,30,Marketing,Lead,Boston,78211.12,13461.23,2020-03-03,6,70.4,james.smith@company.com,(489) 472-6522,Active
EMP007232,William,Garcia,William Garcia,65,HR,Lead,Boston,72676.21,9326.56,2023-07-11,38,47.8,william.garcia@company.com,(460) 376-2597,Active
EMP007233,William,Davis,William Davis,56,Engineering,Specialist,Boston,97838.4,1907.64,2023-11-06,33,67.4,william.davis@company.com,(666) 804-5325,Active
EMP007234,Anthony,Taylor,Anthony Taylor,40,HR,Senior Developer,New York,64014.22,7401.61,2022-12-03,16,97.2,anthony.taylor@company.com,(978) 635-1811,Inactive
EMP007235,John,Anderson,John Anderson,28,Operations,Director,Austin,50194.1,4056.52,2023-09-12,2,73.5,john.anderson@company.com,(920) 944-6909,Active
EMP007236,Daniel,Wilson,Daniel Wilson,25,Engineering,Specialist,New York,55059.07,9223.64,2021-01-06,0,73.6,daniel.wilson@company.com,(690) 240-9434,Active
EMP007237,Stephanie,Hernandez,Stephanie Hernandez,64,Finance,Director,Seattle,90973.35,1598.56,2023-10-28,36,51.0,stephanie.hernandez@company.com,(969) 421-9419,Active
EMP007238,John,Lopez,John Lopez,35,HR,Director,Los Angeles,53040.65,5185.71,2021-05-30,10,80.4,john.lopez@company.com,(654) 845-2303,Inactive
EMP007239,Christopher,Thomas,Christopher Thomas,41,Engineering,Lead,Seattle,75935.83,10190.5,2023-08-28,18,69.1,christopher.thomas@company.com,(881) 767-2012,Active
EMP007240,Ashley,Rodriguez,Ashley Rodriguez,43,Operations,Analyst,Chicago,51449.67,9784.84,2022-01-29,17,58.5,ashley.rodriguez@company.com,(727) 390-5293,Active
EMP007241,Ashley,Moore,Ashley Moore,47,Engineering,Specialist,Miami,111212.61,7661.04,2021-10-30,24,97.6,ashley.moore@company.com,(785) 377-2584,Active
EMP007242,Anthony,Miller,Anthony Miller,52,Sales,Coordinator,New York,80275.73,6798.61,2022-12-03,30,56.3,anthony.miller@company.com,(692) 598-9528,Active
EMP007243,Lisa,Rodriguez,Lisa Rodriguez,28,IT,Specialist,San Francisco,83044.3,9093.67,2024-09-27,5,98.2,lisa.rodriguez@company.com,(284) 593-6280,Active
EMP007244,Michael,Rodriguez,Michael Rodriguez,29,Sales,Lead,Miami,74555.83,9718.83,2024-04-11,0,93.2,michael.rodriguez@company.com,(519) 989-2939,Active
EMP007245,Christopher,Wilson,Christopher Wilson,35,HR,Associate,Chicago,63661.32,7007.94,2020-12-31,11,89.0,christopher.wilson@company.com,(483) 633-4573,Inactive
EMP007246,Jane,Garcia,Jane Garcia,55,Operations,Associate,Miami,52657.07,3610.43,2021-11-21,27,70.9,jane.garcia@company.com,(438) 543-8873,Active
EMP007247,Stephanie,Gonzalez,Stephanie Gonzalez,55,Legal,Associate,Austin,89829.79,3792.45,2024-09-13,31,61.8,stephanie.gonzalez@company.com,(997) 228-4586,Inactive
EMP007248,Sarah,Brown,Sarah Brown,52,Marketing,Coordinator,Seattle,62393.83,9349.74,2023-02-24,25,66.9,sarah.brown@company.com,(639) 284-6864,Inactive
EMP007249,Melissa,Martin,Melissa Martin,57,Finance,Senior Developer,Seattle,100415.51,12788.4,2023-01-20,33,90.8,melissa.martin@company.com,(894) 556-2086,Active
EMP007250,Stephanie,Taylor,Stephanie Taylor,54,HR,Lead,Chicago,53853.71,6321.68,2024-02-28,28,71.6,stephanie.taylor@company.com,(629) 344-9735,Active
EMP007251,Jane,Taylor,Jane Taylor,49,Marketing,Lead,Austin,81488.37,11991.84,2020-08-12,25,45.7,jane.taylor@company.com,(228) 582-7861,Active
EMP007252,Emily,Miller,Emily Miller,60,HR,Specialist,New York,72330.97,1799.0,2022-07-01,38,68.5,emily.miller@company.com,(925) 451-3495,Inactive
EMP007253,Emily,Jones,Emily Jones,51,Finance,Lead,Austin,114517.18,9892.49,2021-10-08,29,44.8,emily.jones@company.com,(753) 961-2603,Active
EMP007254,David,Lopez,David Lopez,40,IT,Senior Developer,Miami,116692.23,14665.62,2022-10-28,16,67.4,david.lopez@company.com,(577) 272-2949,Active
EMP007255,Daniel,Anderson,Daniel Anderson,47,Legal,Associate,San Francisco,84114.47,12650.11,2021-02-18,23,67.0,daniel.anderson@company.com,(319) 904-6175,Active
EMP007256,Robert,Taylor,Robert Taylor,32,Engineering,Analyst,Los Angeles,110188.6,4311.0,2023-08-25,7,66.4,robert.taylor@company.com,(953) 675-9379,Active
EMP007257,Sarah,Williams,Sarah Williams,42,Sales,Director,Chicago,82865.68,2015.16,2023-11-06,18,100.0,sarah.williams@company.com,(932) 487-5398,Active
EMP007258,David,Wilson,David Wilson,43,Engineering,Coordinator,Austin,87161.77,14065.31,2023-09-17,14,70.8,david.wilson@company.com,(768) 950-9883,Active
EMP007259,Daniel,Martinez,Daniel Martinez,43,HR,Specialist,Boston,68865.33,12364.02,2020-05-04,16,92.0,daniel.martinez@company.com,(991) 721-6161,Active
EMP007260,Nicole,Martinez,Nicole Martinez,44,Marketing,Specialist,New York,71964.91,8117.32,2023-06-05,15,69.8,nicole.martinez@company.com,(979) 571-5113,Inactive
EMP007261,Emily,Taylor,Emily Taylor,26,Legal,Lead,Los Angeles,84629.8,11308.96,2023-10-03,0,66.3,emily.taylor@company.com,(547) 643-8393,Active
EMP007262,Matthew,Wilson,Matthew Wilson,42,IT,Specialist,San Francisco,47048.13,5728.5,2021-12-02,17,87.5,matthew.wilson@company.com,(860) 417-3131,Active
EMP007263,Michael,Miller,Michael Miller,51,HR,Director,Miami,88143.45,9652.36,2021-01-20,22,71.0,michael.miller@company.com,(377) 604-5964,Active
EMP007264,Matthew,Brown,Matthew Brown,34,Finance,Specialist,Seattle,46284.68,5570.25,2023-02-25,5,44.1,matthew.brown@company.com,(784) 261-3389,Active
EMP007265,Ashley,Jones,Ashley Jones,36,Legal,Coordinator,Austin,63534.18,5086.74,2023-06-03,11,100.0,ashley.jones@company.com,(795) 311-3093,Active
EMP007266,Melissa,Taylor,Melissa Taylor,29,IT,Specialist,Seattle,55757.9,3113.98,2023-12-28,6,77.4,melissa.taylor@company.com,(743) 969-3673,Active
EMP007267,Stephanie,Williams,Stephanie Williams,51,Marketing,Coordinator,New York,73246.41,3765.36,2020-10-30,24,100.0,stephanie.williams@company.com,(891) 722-8329,Active
EMP007268,Sarah,Jackson,Sarah Jackson,63,Engineering,Analyst,Los Angeles,105847.86,11395.38,2021-08-08,37,69.4,sarah.jackson@company.com,(636) 970-7104,Active
EMP007269,Michael,Jones,Michael Jones,50,Marketing,Associate,Boston,86533.81,8429.46,2020-11-10,21,38.0,michael.jones@company.com,(458) 497-4586,Active
EMP007270,David,Martin,David Martin,24,Marketing,Associate,New York,31936.72,4167.65,2022-05-07,0,58.8,david.martin@company.com,(558) 466-7014,Inactive
EMP007271,Stephanie,Thomas,Stephanie Thomas,46,Engineering,Lead,Austin,39000.0,308.41,2020-04-08,21,64.8,stephanie.thomas@company.com,(650) 248-2099,Active
EMP007272,Anthony,Lopez,Anthony Lopez,38,Operations,Coordinator,Miami,53013.57,1810.83,2021-04-23,15,90.6,anthony.lopez@company.com,(719) 741-3115,On Leave
EMP007273,Daniel,Moore,Daniel Moore,22,Finance,Lead,Austin,69772.94,12753.44,2020-07-09,0,75.5,daniel.moore@company.com,(305) 686-2175,Active
EMP007274,Nicole,Lopez,Nicole Lopez,48,IT,Senior Developer,San Francisco,103962.49,16858.84,2024-01-10,23,87.5,nicole.lopez@company.com,(936) 683-9953,Active
EMP007275,Nicole,Thomas,Nicole Thomas,54,Operations,Coordinator,San Francisco,62539.7,3207.99,2023-01-31,31,100.0,nicole.thomas@company.com,(803) 322-9658,Active
EMP007276,Stephanie,Jones,Stephanie Jones,65,HR,Lead,Austin,98211.98,6296.93,2022-11-27,39,58.5,stephanie.jones@company.com,(473) 258-9248,Active
EMP007277,Michael,Jackson,Michael Jackson,34,Operations,Senior Developer,Miami,44510.76,5673.13,2021-12-06,7,68.3,michael.jackson@company.com,(611) 381-2739,Active
EMP007278,Jane,Smith,Jane Smith,56,Finance,Senior Developer,Miami,87636.55,14064.2,2024-06-03,27,60.1,jane.smith@company.com,(784) 973-5774,Active
EMP007279,James,Wilson,James Wilson,39,Operations,Manager,New York,48512.7,5387.85,2021-01-31,10,90.7,james.wilson@company.com,(654) 204-9878,Inactive
EMP007280,Michael,Martinez,Michael Martinez,26,IT,Senior Developer,Austin,59458.65,11664.55,2020-04-20,0,76.6,michael.martinez@company.com,(345) 670-5807,Active
EMP007281,Melissa,Taylor,Melissa Taylor,23,HR,Associate,Miami,49992.44,4133.8,2020-10-09,0,89.3,melissa.taylor@company.com,(442) 313-5506,Active
EMP007282,Michael,Jones,Michael Jones,48,IT,Coordinator,New York,106701.48,7896.42,2024-12-13,19,90.3,michael.jones@company.com,(616) 922-3570,On Leave
EMP007283,David,Gonzalez,David Gonzalez,52,IT,Director,Chicago,99650.53,9827.76,2022-03-05,30,91.0,david.gonzalez@company.com,(337) 253-2538,On Leave
EMP007284,Jessica,Martinez,Jessica Martinez,42,Marketing,Specialist,San Francisco,63164.23,2386.17,2024-01-05,19,98.7,jessica.martinez@company.com,(721) 711-8162,Active
EMP007285,David,Jackson,David Jackson,65,IT,Senior Developer,Chicago,111837.37,27541.52,2020-06-15,36,71.3,david.jackson@company.com,(764) 218-4311,Active
EMP007286,Christopher,Taylor,Christopher Taylor,29,Operations,Coordinator,Austin,49681.42,1218.23,2023-04-23,2,75.9,christopher.taylor@company.com,(270) 396-6720,Inactive
EMP007287,Emily,Wilson,Emily Wilson,59,HR,Specialist,Miami,56309.08,7454.2,2022-07-03,33,82.5,emily.wilson@company.com,(737) 735-9674,Inactive
EMP007288,Ashley,Hernandez,Ashley Hernandez,40,Sales,Senior Developer,Miami,86709.9,8962.34,2024-01-22,13,84.0,ashley.hernandez@company.com,(421) 418-2973,Active
EMP007289,David,Miller,David Miller,65,Marketing,Director,Chicago,81017.48,4784.09,2023-06-21,42,100.0,david.miller@company.com,(387) 920-8494,Active
EMP007290,Michael,Miller,Michael Miller,24,Legal,Coordinator,New York,91312.57,9244.96,2021-10-15,1,47.0,michael.miller@company.com,(492) 488-1440,Active
EMP007291,James,Martinez,James Martinez,51,Legal,Coordinator,Boston,108900.33,1614.84,2021-01-28,25,62.1,james.martinez@company.com,(387) 502-2847,Inactive
EMP007292,Stephanie,Martin,Stephanie Martin,29,Engineering,Manager,Miami,66058.3,3613.02,2024-06-19,0,89.8,stephanie.martin@company.com,(361) 942-5904,Active
EMP007293,Sarah,Rodriguez,Sarah Rodriguez,56,Sales,Lead,New York,79100.51,5537.93,2024-11-06,34,69.6,sarah.rodriguez@company.com,(300) 683-8522,Active
EMP007294,Stephanie,Thomas,Stephanie Thomas,52,Operations,Associate,Austin,64715.92,8921.46,2020-01-22,26,99.1,stephanie.thomas@company.com,(200) 482-6134,Active
EMP007295,Ashley,Hernandez,Ashley Hernandez,50,Legal,Analyst,Seattle,93990.81,5685.88,2022-10-13,23,51.8,ashley.hernandez@company.com,(578) 435-8635,Active
EMP007296,Robert,Garcia,Robert Garcia,61,IT,Director,Boston,106995.7,5984.91,2022-07-12,39,73.9,robert.garcia@company.com,(350) 461-6117,Active
EMP007297,Melissa,Brown,Melissa Brown,41,Marketing,Associate,Chicago,61132.67,2279.43,2023-04-26,12,56.7,melissa.brown@company.com,(522) 274-5753,Active
EMP007298,Jessica,Wilson,Jessica Wilson,43,Marketing,Manager,New York,57244.16,11273.95,2023-04-02,14,76.2,jessica.wilson@company.com,(298) 995-3355,On Leave
EMP007299,Matthew,Lopez,Matthew Lopez,65,HR,Manager,Seattle,88672.94,14806.67,2020-10-02,41,100.0,matthew.lopez@company.com,(815) 696-1276,Active
EMP007300,Anthony,Lopez,Anthony Lopez,37,HR,Manager,Miami,48681.59,4342.4,2022-06-10,15,89.6,anthony.lopez@company.com,(879) 466-1575,Active
EMP007301,Melissa,Rodriguez,Melissa Rodriguez,22,IT,Analyst,Miami,73124.17,7258.96,2022-05-27,0,88.7,melissa.rodriguez@company.com,(427) 702-7229,Active
EMP007302,William,Gonzalez,William Gonzalez,35,Sales,Coordinator,New York,54827.3,7112.36,2024-01-14,12,76.8,william.gonzalez@company.com,(785) 845-4992,Active
EMP007303,John,Martinez,John Martinez,60,Finance,Specialist,Miami,104580.73,9297.79,2020-02-22,33,59.8,john.martinez@company.com,(535) 238-6375,Active
EMP007304,James,Jackson,James Jackson,26,Finance,Associate,New York,80840.84,13957.94,2024-04-08,1,70.4,james.jackson@company.com,(262) 448-6408,Active
EMP007305,Emily,Anderson,Emily Anderson,29,Engineering,Senior Developer,Los Angeles,96258.31,3017.51,2020-02-06,6,84.8,emily.anderson@company.com,(872) 570-1648,Active
EMP007306,Lisa,Brown,Lisa Brown,63,Legal,Coordinator,San Francisco,93380.5,3335.76,2021-05-16,36,63.5,lisa.brown@company.com,(651) 352-2574,Active
EMP007307,William,Smith,William Smith,29,Finance,Lead,Miami,78894.07,0.0,2022-01-14,6,62.1,william.smith@company.com,(872) 417-2227,Active
EMP007308,Sarah,Lopez,Sarah Lopez,55,Finance,Senior Developer,Boston,72546.06,5768.53,2022-05-12,30,82.1,sarah.lopez@company.com,(506) 419-4997,Active
EMP007309,Anthony,Taylor,Anthony Taylor,65,Marketing,Associate,Austin,66369.08,10440.25,2024-09-25,42,61.9,anthony.taylor@company.com,(672) 201-1664,Active
EMP007310,William,Brown,William Brown,35,IT,Lead,Chicago,99892.35,13774.84,2024-02-04,9,67.0,william.brown@company.com,(561) 701-2572,Active
EMP007311,Nicole,Moore,Nicole Moore,25,Legal,Director,Chicago,75617.41,4351.16,2020-04-16,0,58.2,nicole.moore@company.com,(903) 649-6586,Active
EMP007312,Amanda,Thomas,Amanda Thomas,60,IT,Associate,San Francisco,103948.61,3566.47,2021-10-10,38,69.9,amanda.thomas@company.com,(767) 458-2643,Active
EMP007313,Robert,Smith,Robert Smith,41,Engineering,Analyst,Austin,80807.44,7697.14,2020-12-02,16,83.1,robert.smith@company.com,(222) 617-5789,Active
EMP007314,John,Wilson,John Wilson,59,IT,Analyst,Miami,109290.25,11630.99,2023-06-15,37,90.3,john.wilson@company.com,(713) 446-7827,Active
EMP007315,Anthony,Martinez,Anthony Martinez,56,Sales,Analyst,New York,82027.94,14784.78,2024-10-21,33,75.1,anthony.martinez@company.com,(715) 918-3909,Active
EMP007316,Robert,Taylor,Robert Taylor,48,Engineering,Associate,Chicago,84892.33,11748.66,2021-10-01,26,79.7,robert.taylor@company.com,(975) 810-3517,Active
EMP007317,Nicole,Johnson,Nicole Johnson,45,HR,Coordinator,San Francisco,71669.06,7344.81,2020-08-07,18,64.4,nicole.johnson@company.com,(843) 365-3781,Active
EMP007318,James,Taylor,James Taylor,44,Sales,Lead,Miami,68330.31,4312.38,2020-12-23,17,84.5,james.taylor@company.com,(795) 860-4023,Active
EMP007319,Matthew,Miller,Matthew Miller,39,IT,Associate,Austin,75204.76,5313.36,2022-12-23,12,53.4,matthew.miller@company.com,(309) 330-4645,Active
EMP007320,Jessica,Jones,Jessica Jones,61,Operations,Associate,Chicago,68104.1,5315.08,2020-04-09,36,65.1,jessica.jones@company.com,(241) 270-2452,Active
EMP007321,Sarah,Garcia,Sarah Garcia,32,HR,Lead,New York,49419.07,8866.03,2021-03-11,6,99.9,sarah.garcia@company.com,(737) 738-2002,Inactive
EMP007322,Michael,Jones,Michael Jones,28,Marketing,Analyst,San Francisco,50963.83,1984.41,2021-06-24,1,47.2,michael.jones@company.com,(840) 403-7804,Active
EMP007323,David,Brown,David Brown,48,Engineering,Manager,San Francisco,103874.39,7666.15,2022-06-26,26,81.6,david.brown@company.com,(854) 479-6449,Active
EMP007324,Jane,Lopez,Jane Lopez,58,Engineering,Senior Developer,New York,98706.8,7860.97,2020-05-16,33,80.7,jane.lopez@company.com,(822) 843-8561,Active
EMP007325,Matthew,Smith,Matthew Smith,43,Operations,Senior Developer,San Francisco,63463.86,6194.06,2023-11-21,17,67.9,matthew.smith@company.com,(264) 530-1380,Active
EMP007326,Ashley,Brown,Ashley Brown,51,Marketing,Coordinator,Chicago,88668.66,11438.84,2020-05-02,28,68.3,ashley.brown@company.com,(277) 316-3728,Inactive
EMP007327,Daniel,Hernandez,Daniel Hernandez,59,Engineering,Associate,Chicago,127233.78,7419.53,2022-08-15,30,51.2,daniel.hernandez@company.com,(242) 399-1900,Active
EMP007328,Jessica,Moore,Jessica Moore,22,Engineering,Senior Developer,Miami,72601.03,11808.13,2021-08-05,0,69.0,jessica.moore@company.com,(819) 446-9074,Inactive
EMP007329,Sarah,Martin,Sarah Martin,60,Sales,Specialist,New York,96629.54,10057.38,2022-01-27,35,69.8,sarah.martin@company.com,(313) 510-3003,Active
EMP007330,Nicole,Taylor,Nicole Taylor,37,Sales,Coordinator,Miami,54555.41,6871.12,2024-03-19,10,100.0,nicole.taylor@company.com,(619) 265-1690,Active
EMP007331,Nicole,Davis,Nicole Davis,31,Finance,Coordinator,Austin,98004.94,19146.56,2023-05-05,7,81.0,nicole.davis@company.com,(266) 363-8660,Active
EMP007332,Jessica,Wilson,Jessica Wilson,64,Marketing,Lead,Seattle,60595.79,6891.44,2023-06-11,41,68.1,jessica.wilson@company.com,(832) 961-1916,Active
EMP007333,Jessica,Miller,Jessica Miller,26,Finance,Coordinator,Miami,55949.35,5628.84,2020-01-28,3,59.3,jessica.miller@company.com,(992) 976-2147,Inactive
EMP007334,Nicole,Miller,Nicole Miller,57,Operations,Director,Los Angeles,71665.41,8365.96,2023-08-17,30,88.1,nicole.miller@company.com,(586) 476-1574,On Leave
EMP007335,Amanda,Taylor,Amanda Taylor,54,Operations,Senior Developer,San Francisco,60190.25,7446.84,2023-01-21,32,50.1,amanda.taylor@company.com,(580) 558-8376,Active
EMP007336,Melissa,Smith,Melissa Smith,31,Legal,Coordinator,Miami,75316.87,3369.45,2022-08-25,7,72.4,melissa.smith@company.com,(636) 643-3159,On Leave
EMP007337,Daniel,Williams,Daniel Williams,40,Engineering,Senior Developer,Los Angeles,96020.16,15799.57,2020-03-10,13,72.4,daniel.williams@company.com,(491) 376-1540,Active
EMP007338,Melissa,Miller,Melissa Miller,43,Operations,Associate,Austin,48510.05,5900.8,2022-12-19,19,66.7,melissa.miller@company.com,(347) 712-2073,Active
EMP007339,Daniel,Moore,Daniel Moore,58,Engineering,Lead,New York,96554.62,9497.45,2024-11-02,34,86.2,daniel.moore@company.com,(867) 774-7293,Inactive
EMP007340,Stephanie,Martin,Stephanie Martin,57,Engineering,Coordinator,New York,111138.46,12121.45,2021-05-17,32,98.0,stephanie.martin@company.com,(466) 931-8640,Active
EMP007341,Jane,Anderson,Jane Anderson,46,Finance,Specialist,San Francisco,91583.71,4292.28,2021-09-04,22,98.7,jane.anderson@company.com,(513) 442-5295,Active
EMP007342,Lisa,Garcia,Lisa Garcia,55,IT,Analyst,Los Angeles,91792.43,7639.93,2022-04-28,29,84.8,lisa.garcia@company.com,(989) 421-6633,Active
EMP007343,Matthew,Brown,Matthew Brown,41,HR,Director,Austin,78089.24,5530.76,2021-07-26,15,76.3,matthew.brown@company.com,(917) 830-5984,Inactive
EMP007344,James,Hernandez,James Hernandez,22,Marketing,Lead,Chicago,56382.14,1351.95,2022-08-02,0,79.6,james.hernandez@company.com,(682) 894-8436,Active
EMP007345,Amanda,Moore,Amanda Moore,26,IT,Associate,San Francisco,71167.41,8734.03,2020-02-17,2,71.2,amanda.moore@company.com,(259) 282-4359,Active
EMP007346,Jessica,Thomas,Jessica Thomas,33,Legal,Lead,San Francisco,84318.54,9552.26,2023-09-10,9,76.0,jessica.thomas@company.com,(820) 672-9593,Active
EMP007347,Anthony,Garcia,Anthony Garcia,52,HR,Manager,New York,70495.98,5296.92,2024-05-14,29,95.8,anthony.garcia@company.com,(661) 683-3306,Active
EMP007348,Nicole,Martinez,Nicole Martinez,29,Engineering,Manager,New York,68868.78,3758.64,2024-10-19,5,86.8,nicole.martinez@company.com,(624) 391-6425,Active
EMP007349,William,Wilson,William Wilson,50,IT,Manager,Los Angeles,88901.17,10365.99,2021-11-15,24,78.1,william.wilson@company.com,(201) 626-9468,Active
EMP007350,Emily,Lopez,Emily Lopez,51,Operations,Lead,Chicago,75569.62,428.24,2021-02-08,27,89.1,emily.lopez@company.com,(671) 853-5314,Active
EMP007351,John,Rodriguez,John Rodriguez,45,Sales,Analyst,New York,77906.98,8115.08,2021-07-03,22,100.0,john.rodriguez@company.com,(323) 620-2706,Active
EMP007352,David,Miller,David Miller,23,Legal,Director,Miami,73300.48,3903.19,2020-03-06,0,52.2,david.miller@company.com,(781) 215-6384,Inactive
EMP007353,Robert,Johnson,Robert Johnson,38,Sales,Coordinator,Chicago,118302.3,15501.56,2020-09-11,15,99.3,robert.johnson@company.com,(739) 637-5623,Active
EMP007354,William,Taylor,William Taylor,61,Operations,Manager,Boston,110369.67,11423.8,2020-12-15,39,66.5,william.taylor@company.com,(409) 284-5070,Active
EMP007355,Ashley,Rodriguez,Ashley Rodriguez,48,Legal,Coordinator,San Francisco,88317.34,7599.32,2022-02-13,25,64.0,ashley.rodriguez@company.com,(566) 253-4575,Active
EMP007356,Sarah,Hernandez,Sarah Hernandez,37,Engineering,Lead,New York,92584.56,5225.83,2021-06-09,11,64.6,sarah.hernandez@company.com,(768) 727-4630,Inactive
EMP007357,David,Wilson,David Wilson,54,Marketing,Senior Developer,New York,77918.0,12653.18,2020-10-20,27,84.7,david.wilson@company.com,(235) 347-2761,Inactive
EMP007358,David,Gonzalez,David Gonzalez,61,Marketing,Lead,New York,105013.09,1093.54,2023-09-12,35,81.4,david.gonzalez@company.com,(895) 996-7972,Active
EMP007359,Anthony,Lopez,Anthony Lopez,39,Legal,Lead,Boston,75097.41,1055.54,2020-07-31,14,59.2,anthony.lopez@company.com,(947) 974-9283,Active
EMP007360,Lisa,Anderson,Lisa Anderson,24,Marketing,Manager,Boston,62478.89,3434.74,2024-07-10,0,50.5,lisa.anderson@company.com,(227) 646-8638,Active
EMP007361,James,Taylor,James Taylor,40,Legal,Analyst,Seattle,118245.5,13665.28,2024-10-10,16,85.2,james.taylor@company.com,(874) 415-2956,Active
EMP007362,Sarah,Brown,Sarah Brown,61,Engineering,Lead,San Francisco,120259.91,4344.96,2022-11-15,39,73.8,sarah.brown@company.com,(402) 280-4737,Active
EMP007363,Daniel,Williams,Daniel Williams,25,Engineering,Associate,Austin,102175.76,3357.75,2022-05-20,0,65.0,daniel.williams@company.com,(936) 313-8929,On Leave
EMP007364,Amanda,Taylor,Amanda Taylor,26,Sales,Lead,Austin,36850.5,4985.09,2024-09-04,0,72.2,amanda.taylor@company.com,(586) 222-7896,Active
EMP007365,Daniel,Williams,Daniel Williams,42,Marketing,Coordinator,Boston,47820.24,3133.19,2023-11-11,18,79.3,daniel.williams@company.com,(256) 661-6639,Active
EMP007366,Anthony,Miller,Anthony Miller,47,Sales,Analyst,Miami,72709.56,3115.15,2024-09-08,19,86.9,anthony.miller@company.com,(629) 472-1955,Active
EMP007367,Robert,Rodriguez,Robert Rodriguez,48,Finance,Director,Seattle,89758.87,11294.29,2021-07-16,24,42.7,robert.rodriguez@company.com,(262) 387-9478,Active
EMP007368,James,Jackson,James Jackson,32,Sales,Lead,New York,82544.5,5915.66,2022-07-15,3,73.3,james.jackson@company.com,(310) 700-6141,Active
EMP007369,Christopher,Davis,Christopher Davis,38,Operations,Manager,Miami,59127.13,8579.69,2024-09-21,9,78.4,christopher.davis@company.com,(399) 958-9315,Active
EMP007370,Stephanie,Taylor,Stephanie Taylor,33,HR,Manager,Chicago,46750.45,2471.63,2020-01-20,11,78.3,stephanie.taylor@company.com,(678) 948-4340,Active
EMP007371,Christopher,Hernandez,Christopher Hernandez,55,Finance,Lead,Austin,116527.34,5211.37,2020-01-07,29,90.0,christopher.hernandez@company.com,(308) 325-3165,On Leave
EMP007372,Lisa,Jackson,Lisa Jackson,42,Marketing,Analyst,Miami,60285.94,3612.9,2020-09-30,16,88.8,lisa.jackson@company.com,(468) 785-8291,Active
EMP007373,Lisa,Davis,Lisa Davis,36,Finance,Lead,Miami,75407.43,8026.74,2023-08-11,8,77.7,lisa.davis@company.com,(897) 590-1714,Active
EMP007374,Sarah,Smith,Sarah Smith,47,IT,Specialist,Chicago,76600.98,2884.59,2022-01-14,25,100.0,sarah.smith@company.com,(402) 281-3020,Inactive
EMP007375,Melissa,Brown,Melissa Brown,23,Marketing,Coordinator,Los Angeles,37109.68,4359.61,2020-10-02,0,87.0,melissa.brown@company.com,(384) 666-2915,Active
EMP007376,Christopher,Taylor,Christopher Taylor,36,Finance,Associate,Los Angeles,70740.5,6187.98,2024-09-19,12,82.8,christopher.taylor@company.com,(646) 565-7839,Active
EMP007377,William,Johnson,William Johnson,43,Finance,Senior Developer,Chicago,73654.79,9572.79,2023-08-13,16,69.5,william.johnson@company.com,(263) 420-8250,Active
EMP007378,Daniel,Miller,Daniel Miller,48,IT,Coordinator,Seattle,70836.22,11046.14,2022-04-29,20,91.8,daniel.miller@company.com,(707) 275-3614,Active
EMP007379,Emily,Martinez,Emily Martinez,55,Legal,Specialist,Los Angeles,93216.36,13962.81,2020-06-02,28,72.6,emily.martinez@company.com,(529) 560-8769,Active
EMP007380,David,Brown,David Brown,33,HR,Senior Developer,San Francisco,54289.55,4731.29,2021-05-21,10,65.6,david.brown@company.com,(796) 587-9609,Inactive
EMP007381,Anthony,Johnson,Anthony Johnson,50,Marketing,Lead,Chicago,66424.52,14701.31,2022-06-05,25,87.7,anthony.johnson@company.com,(697) 942-3890,Active
EMP007382,John,Thomas,John Thomas,49,Sales,Director,San Francisco,97468.69,19423.14,2022-01-19,23,80.3,john.thomas@company.com,(228) 857-4727,Active
EMP007383,Stephanie,Taylor,Stephanie Taylor,26,Finance,Analyst,Seattle,40190.28,5411.08,2022-10-09,0,96.9,stephanie.taylor@company.com,(773) 410-7985,Active
EMP007384,William,Martinez,William Martinez,37,Legal,Analyst,Austin,87575.37,4222.77,2021-08-16,13,90.2,william.martinez@company.com,(539) 662-2873,On Leave
EMP007385,Anthony,Hernandez,Anthony Hernandez,56,Operations,Associate,Seattle,83742.33,10157.38,2023-01-11,32,52.6,anthony.hernandez@company.com,(459) 687-3577,On Leave
EMP007386,Christopher,Johnson,Christopher Johnson,65,Finance,Analyst,San Francisco,124969.48,8703.49,2023-01-17,36,89.9,christopher.johnson@company.com,(294) 689-9190,Active
EMP007387,Michael,Gonzalez,Michael Gonzalez,41,Finance,Specialist,Seattle,74882.04,5426.66,2021-01-14,16,59.7,michael.gonzalez@company.com,(861) 774-4082,Active
EMP007388,Robert,Garcia,Robert Garcia,63,Finance,Manager,Miami,117966.99,11010.25,2020-01-23,36,75.9,robert.garcia@company.com,(517) 371-7086,On Leave
EMP007389,William,Thomas,William Thomas,64,Sales,Manager,Chicago,92136.66,11724.79,2020-03-15,37,64.4,william.thomas@company.com,(651) 437-2444,Active
EMP007390,Jane,Moore,Jane Moore,43,Engineering,Analyst,Los Angeles,81216.48,5449.91,2021-07-06,17,77.3,jane.moore@company.com,(344) 451-8765,Active
EMP007391,Christopher,Thomas,Christopher Thomas,54,Operations,Analyst,Austin,68042.9,4345.58,2023-07-01,31,91.3,christopher.thomas@company.com,(781) 780-9788,Active
EMP007392,Sarah,Moore,Sarah Moore,46,Legal,Manager,Boston,56878.27,3550.6,2022-01-12,17,91.3,sarah.moore@company.com,(714) 742-5925,Inactive
EMP007393,Anthony,Martinez,Anthony Martinez,55,Marketing,Associate,Seattle,89870.61,11880.69,2024-08-18,29,56.4,anthony.martinez@company.com,(502) 899-2888,Active
EMP007394,Matthew,Taylor,Matthew Taylor,42,Engineering,Specialist,Austin,94320.17,3403.13,2022-04-01,13,54.7,matthew.taylor@company.com,(662) 246-1294,Active
EMP007395,Stephanie,Martin,Stephanie Martin,27,HR,Lead,Seattle,71273.66,15023.45,2021-05-03,0,66.8,stephanie.martin@company.com,(723) 274-1480,Active
EMP007396,Christopher,Davis,Christopher Davis,47,Legal,Lead,New York,100214.01,14731.92,2020-12-10,19,83.3,christopher.davis@company.com,(272) 775-7096,Active
EMP007397,David,Jones,David Jones,60,IT,Associate,San Francisco,94200.63,13136.42,2021-05-23,37,74.1,david.jones@company.com,(514) 247-6630,Active
EMP007398,Ashley,Martin,Ashley Martin,46,Operations,Senior Developer,New York,79444.79,14700.63,2022-09-01,23,78.9,ashley.martin@company.com,(555) 374-6068,Active
EMP007399,John,Williams,John Williams,50,Legal,Coordinator,Boston,116212.88,6325.95,2020-02-20,27,93.7,john.williams@company.com,(499) 806-4901,Active
EMP007400,Nicole,Brown,Nicole Brown,23,Finance,Analyst,San Francisco,72503.39,3382.02,2022-08-24,0,76.6,nicole.brown@company.com,(697) 224-2240,Active
EMP007401,Amanda,Davis,Amanda Davis,43,HR,Analyst,Miami,93610.58,6262.27,2023-09-17,18,66.6,amanda.davis@company.com,(751) 444-3759,Active
EMP007402,David,Davis,David Davis,46,Sales,Lead,San Francisco,108814.78,13405.11,2021-07-23,19,72.3,david.davis@company.com,(868) 246-1906,Active
EMP007403,William,Davis,William Davis,56,Marketing,Analyst,Los Angeles,51927.25,3934.33,2023-01-03,30,95.6,william.davis@company.com,(944) 845-5136,Active
EMP007404,Jessica,Thomas,Jessica Thomas,57,IT,Director,New York,124814.26,15379.62,2021-10-16,32,80.3,jessica.thomas@company.com,(586) 685-3270,Active
EMP007405,William,Jones,William Jones,53,Finance,Analyst,Miami,119395.18,4085.16,2024-10-22,27,71.2,william.jones@company.com,(341) 361-7943,Active
EMP007406,Melissa,Jones,Melissa Jones,28,HR,Director,Austin,42213.35,4580.54,2021-09-16,5,86.4,melissa.jones@company.com,(964) 441-3598,Active
EMP007407,Jane,Miller,Jane Miller,64,Marketing,Analyst,Chicago,97704.46,4979.59,2023-09-10,36,76.1,jane.miller@company.com,(656) 538-7151,Active
EMP007408,Amanda,Taylor,Amanda Taylor,56,HR,Specialist,Seattle,82271.59,0.0,2023-10-07,31,60.8,amanda.taylor@company.com,(273) 667-4587,Active
EMP007409,Matthew,Williams,Matthew Williams,50,Sales,Specialist,Chicago,72668.7,5015.25,2024-02-07,21,88.6,matthew.williams@company.com,(875) 345-5587,Active
EMP007410,Emily,Martin,Emily Martin,36,IT,Coordinator,Austin,76501.91,2443.1,2024-07-18,12,76.8,emily.martin@company.com,(816) 704-7070,Active
EMP007411,Matthew,Taylor,Matthew Taylor,42,HR,Manager,Chicago,48719.15,1973.82,2024-04-07,15,55.5,matthew.taylor@company.com,(834) 425-9029,Active
EMP007412,Lisa,Moore,Lisa Moore,62,Engineering,Analyst,New York,101313.65,12352.99,2023-06-05,34,72.9,lisa.moore@company.com,(436) 617-8253,Active
EMP007413,Amanda,Williams,Amanda Williams,26,Finance,Coordinator,Boston,68992.73,7573.53,2021-07-06,0,75.7,amanda.williams@company.com,(988) 952-6106,Active
EMP007414,Ashley,Jones,Ashley Jones,36,Legal,Lead,Austin,108757.38,6908.13,2020-10-27,14,71.8,ashley.jones@company.com,(638) 775-4082,Active
EMP007415,Jessica,Miller,Jessica Miller,24,Finance,Director,Austin,72573.12,7607.26,2022-09-20,1,58.3,jessica.miller@company.com,(889) 561-7093,On Leave
EMP007416,Daniel,Davis,Daniel Davis,51,Legal,Senior Developer,Boston,79560.1,5083.85,2021-04-19,26,79.5,daniel.davis@company.com,(808) 400-2250,Active
EMP007417,Christopher,Hernandez,Christopher Hernandez,26,HR,Analyst,San Francisco,65932.46,0.0,2024-10-27,0,48.4,christopher.hernandez@company.com,(630) 458-6674,Inactive
EMP007418,Lisa,Gonzalez,Lisa Gonzalez,49,Legal,Lead,Boston,108922.67,11039.58,2020-03-12,24,69.9,lisa.gonzalez@company.com,(562) 689-2754,Active
EMP007419,Melissa,Williams,Melissa Williams,41,Operations,Director,San Francisco,49720.59,1494.2,2021-04-16,19,77.4,melissa.williams@company.com,(431) 437-6997,Active
EMP007420,Amanda,Hernandez,Amanda Hernandez,23,Engineering,Director,San Francisco,75652.78,6696.62,2021-11-17,0,72.0,amanda.hernandez@company.com,(980) 764-5998,Active
EMP007421,Jane,Davis,Jane Davis,65,Finance,Senior Developer,San Francisco,112817.79,15086.92,2021-04-22,41,84.8,jane.davis@company.com,(651) 397-3275,Active
EMP007422,David,Jones,David Jones,55,Engineering,Lead,San Francisco,133760.81,18920.6,2021-04-12,29,82.8,david.jones@company.com,(753) 379-3065,Active
EMP007423,Jane,Gonzalez,Jane Gonzalez,27,IT,Associate,Los Angeles,53931.82,6900.03,2021-04-16,0,91.9,jane.gonzalez@company.com,(200) 968-8874,Active
EMP007424,Lisa,Wilson,Lisa Wilson,37,Finance,Director,Los Angeles,114614.19,9747.8,2023-05-03,14,62.0,lisa.wilson@company.com,(967) 825-9349,Inactive
EMP007425,James,Wilson,James Wilson,59,Sales,Coordinator,Chicago,74593.38,9628.97,2023-03-21,31,84.2,james.wilson@company.com,(282) 288-1294,Active
EMP007426,Matthew,Martinez,Matthew Martinez,36,HR,Coordinator,Austin,64778.28,9042.02,2020-01-30,11,90.8,matthew.martinez@company.com,(782) 450-3398,Inactive
EMP007427,Amanda,Miller,Amanda Miller,28,Marketing,Specialist,Los Angeles,45973.6,7423.88,2024-10-03,0,64.0,amanda.miller@company.com,(712) 962-7493,Active
EMP007428,David,Johnson,David Johnson,27,Sales,Manager,Austin,60653.81,3519.82,2024-10-01,0,100.0,david.johnson@company.com,(605) 530-4230,Active
EMP007429,Jessica,Martin,Jessica Martin,53,IT,Senior Developer,San Francisco,82168.08,12010.29,2023-09-16,29,69.0,jessica.martin@company.com,(771) 586-7228,Active
EMP007430,Sarah,Williams,Sarah Williams,45,Operations,Associate,San Francisco,58762.28,5563.39,2021-08-23,18,61.0,sarah.williams@company.com,(918) 993-5130,Inactive
EMP007431,James,Martin,James Martin,23,Marketing,Associate,Austin,53407.03,4978.64,2024-05-10,0,88.9,james.martin@company.com,(583) 809-8739,Active
EMP007432,Stephanie,Jackson,Stephanie Jackson,31,Engineering,Manager,New York,80928.24,11660.47,2020-01-08,9,66.5,stephanie.jackson@company.com,(488) 666-1050,Active
EMP007433,Emily,Wilson,Emily Wilson,38,Engineering,Specialist,New York,98217.06,7328.5,2024-10-24,10,100.0,emily.wilson@company.com,(875) 394-2324,Active
EMP007434,William,Martin,William Martin,64,Legal,Senior Developer,Austin,79796.92,15233.66,2024-12-09,41,91.6,william.martin@company.com,(221) 573-4484,Active
EMP007435,Matthew,Martin,Matthew Martin,33,HR,Analyst,San Francisco,57936.31,0.0,2023-06-30,4,83.4,matthew.martin@company.com,(920) 208-6095,Inactive
EMP007436,William,Garcia,William Garcia,33,Marketing,Associate,Austin,64215.96,10634.56,2020-09-12,6,75.4,william.garcia@company.com,(641) 234-2399,Active
EMP007437,Lisa,Thomas,Lisa Thomas,31,Marketing,Analyst,Austin,39284.55,796.62,2020-05-20,6,92.2,lisa.thomas@company.com,(329) 964-2548,Active
EMP007438,Amanda,Brown,Amanda Brown,59,Engineering,Manager,Los Angeles,131852.05,21414.96,2024-10-09,32,69.8,amanda.brown@company.com,(963) 813-9030,Active
EMP007439,Ashley,Jackson,Ashley Jackson,24,Legal,Specialist,New York,57107.58,8726.25,2023-10-12,0,69.2,ashley.jackson@company.com,(855) 358-1550,Active
EMP007440,Daniel,Gonzalez,Daniel Gonzalez,63,IT,Senior Developer,Austin,122594.72,13030.29,2020-03-08,41,74.7,daniel.gonzalez@company.com,(251) 817-6078,Active
EMP007441,Michael,Martin,Michael Martin,28,Finance,Analyst,Chicago,33000.0,2548.34,2021-03-15,6,77.9,michael.martin@company.com,(592) 534-4905,Active
EMP007442,Michael,Rodriguez,Michael Rodriguez,55,Legal,Coordinator,Chicago,91599.78,12969.83,2020-01-27,32,75.0,michael.rodriguez@company.com,(693) 587-3497,Active
EMP007443,David,Anderson,David Anderson,33,Operations,Specialist,New York,65114.82,5389.7,2021-09-24,5,55.1,david.anderson@company.com,(465) 726-4639,Active
EMP007444,Ashley,Jackson,Ashley Jackson,28,HR,Manager,Los Angeles,50436.83,10544.02,2024-06-23,0,50.9,ashley.jackson@company.com,(275) 607-2338,Active
EMP007445,Matthew,Thomas,Matthew Thomas,45,IT,Manager,Austin,69099.98,5577.72,2022-09-20,23,74.0,matthew.thomas@company.com,(404) 676-3664,Active
EMP007446,James,Thomas,James Thomas,28,Operations,Director,Seattle,48882.44,4105.5,2022-04-05,2,95.4,james.thomas@company.com,(413) 814-2948,Active
EMP007447,Jane,Brown,Jane Brown,58,HR,Manager,San Francisco,58841.38,8718.69,2020-10-21,29,81.1,jane.brown@company.com,(782) 529-8236,Active
EMP007448,David,Garcia,David Garcia,51,HR,Coordinator,Austin,81116.06,9994.19,2022-12-20,26,84.3,david.garcia@company.com,(639) 339-4511,Active
EMP007449,David,Jones,David Jones,60,HR,Analyst,Seattle,85411.85,10833.61,2020-10-22,37,72.6,david.jones@company.com,(627) 509-2247,Active
EMP007450,William,Rodriguez,William Rodriguez,57,Marketing,Manager,Austin,78736.72,12410.05,2022-01-13,34,70.1,william.rodriguez@company.com,(590) 599-6529,Active
EMP007451,Daniel,Wilson,Daniel Wilson,58,Engineering,Senior Developer,Los Angeles,110903.89,7712.13,2023-07-18,30,88.0,daniel.wilson@company.com,(853) 354-6851,On Leave
EMP007452,Melissa,Rodriguez,Melissa Rodriguez,63,HR,Analyst,Seattle,93716.38,5411.74,2020-09-12,41,70.1,melissa.rodriguez@company.com,(228) 754-6098,Active
EMP007453,Lisa,Moore,Lisa Moore,30,HR,Director,New York,44155.83,8197.31,2023-12-14,5,82.7,lisa.moore@company.com,(302) 645-7748,Active
EMP007454,Stephanie,Taylor,Stephanie Taylor,64,Engineering,Associate,Chicago,91408.77,7183.15,2023-09-23,40,60.7,stephanie.taylor@company.com,(948) 768-8790,Active
EMP007455,Nicole,Lopez,Nicole Lopez,59,Sales,Lead,San Francisco,83784.06,13611.36,2024-08-20,35,100.0,nicole.lopez@company.com,(634) 879-7996,Active
EMP007456,William,Thomas,William Thomas,27,IT,Lead,Boston,51286.88,5267.28,2022-02-13,0,77.2,william.thomas@company.com,(635) 509-8009,Active
EMP007457,Stephanie,Lopez,Stephanie Lopez,55,Engineering,Analyst,Chicago,108726.95,7209.75,2022-08-26,29,66.6,stephanie.lopez@company.com,(665) 915-5872,Active
EMP007458,William,Moore,William Moore,28,Marketing,Specialist,Boston,28500.0,214.61,2024-07-03,0,74.7,william.moore@company.com,(520) 679-7210,Active
EMP007459,Ashley,Anderson,Ashley Anderson,26,Marketing,Manager,New York,69555.28,9984.8,2020-08-11,2,60.2,ashley.anderson@company.com,(396) 702-7330,Active
EMP007460,Amanda,Garcia,Amanda Garcia,58,Sales,Lead,Austin,74261.39,10235.52,2020-09-21,31,48.0,amanda.garcia@company.com,(891) 470-3832,Inactive
EMP007461,Jane,Martinez,Jane Martinez,32,IT,Director,Boston,81997.62,5217.69,2024-11-28,5,91.9,jane.martinez@company.com,(520) 362-2089,Active
EMP007462,Jane,Hernandez,Jane Hernandez,62,Legal,Associate,Chicago,104603.1,17949.7,2024-06-16,39,74.5,jane.hernandez@company.com,(706) 665-4160,Inactive
EMP007463,Jane,Jones,Jane Jones,51,Engineering,Manager,Austin,94675.24,6071.07,2021-07-03,27,79.3,jane.jones@company.com,(395) 405-1798,Inactive
EMP007464,Melissa,Anderson,Melissa Anderson,34,Engineering,Senior Developer,New York,88949.02,6834.52,2020-09-23,12,52.0,melissa.anderson@company.com,(291) 569-4196,Active
EMP007465,Matthew,Moore,Matthew Moore,28,Finance,Coordinator,New York,60166.67,4484.47,2022-01-28,0,84.2,matthew.moore@company.com,(546) 210-8033,Active
EMP007466,Melissa,Brown,Melissa Brown,45,Sales,Associate,New York,56868.67,1200.25,2021-02-13,23,86.9,melissa.brown@company.com,(272) 810-9757,Active
EMP007467,William,Moore,William Moore,26,Engineering,Associate,Los Angeles,56206.85,6857.52,2022-07-10,4,76.3,william.moore@company.com,(947) 590-5438,Active
EMP007468,Stephanie,Jones,Stephanie Jones,52,Engineering,Coordinator,Los Angeles,134244.46,24086.24,2020-05-08,26,83.9,stephanie.jones@company.com,(608) 556-2398,Active
EMP007469,Christopher,Hernandez,Christopher Hernandez,59,Finance,Director,Miami,112141.81,13279.06,2022-09-15,31,86.8,christopher.hernandez@company.com,(238) 479-3691,Active
EMP007470,Michael,Martinez,Michael Martinez,28,Sales,Analyst,Boston,88369.0,20923.37,2021-04-27,0,95.2,michael.martinez@company.com,(768) 660-8184,Inactive
EMP007471,Matthew,Thomas,Matthew Thomas,32,Engineering,Manager,New York,54063.82,5757.51,2023-03-08,7,82.0,matthew.thomas@company.com,(742) 549-5441,Inactive
EMP007472,Jane,Wilson,Jane Wilson,58,HR,Lead,Boston,79619.37,8637.5,2022-03-27,33,77.4,jane.wilson@company.com,(445) 884-4390,Active
EMP007473,Sarah,Garcia,Sarah Garcia,49,HR,Specialist,Boston,78965.27,1933.5,2023-08-14,25,82.0,sarah.garcia@company.com,(398) 868-4508,Active
EMP007474,Christopher,Jones,Christopher Jones,51,Engineering,Lead,Austin,93995.68,4068.27,2022-04-25,26,89.7,christopher.jones@company.com,(257) 332-1639,Active
EMP007475,Jane,Anderson,Jane Anderson,39,HR,Director,Miami,81962.01,6649.5,2022-03-21,13,82.3,jane.anderson@company.com,(629) 749-1710,Active
EMP007476,Stephanie,Martin,Stephanie Martin,32,Legal,Manager,Los Angeles,95061.14,2044.78,2022-07-08,3,76.3,stephanie.martin@company.com,(931) 820-1231,Active
EMP007477,Christopher,Wilson,Christopher Wilson,48,Engineering,Coordinator,New York,87835.66,10826.94,2021-11-17,26,91.6,christopher.wilson@company.com,(805) 976-4874,Active
EMP007478,Anthony,Jackson,Anthony Jackson,41,Finance,Specialist,Austin,88796.55,0.0,2021-07-03,18,79.6,anthony.jackson@company.com,(827) 926-2106,Active
EMP007479,Christopher,Williams,Christopher Williams,64,Operations,Analyst,New York,97072.87,9417.81,2024-06-06,35,100.0,christopher.williams@company.com,(772) 649-3492,Active
EMP007480,Emily,Jones,Emily Jones,64,Operations,Coordinator,Boston,66014.64,8837.42,2022-07-01,36,52.9,emily.jones@company.com,(511) 997-2758,Active
EMP007481,William,Lopez,William Lopez,59,Engineering,Associate,New York,126491.28,14179.39,2022-02-25,36,99.8,william.lopez@company.com,(225) 437-7808,Active
EMP007482,John,Jackson,John Jackson,29,Sales,Senior Developer,Los Angeles,78243.49,7709.05,2022-05-02,2,79.3,john.jackson@company.com,(779) 423-3020,Active
EMP007483,Robert,Davis,Robert Davis,49,IT,Specialist,Austin,74200.11,2944.07,2021-10-23,24,68.5,robert.davis@company.com,(376) 746-1508,Active
EMP007484,Jessica,Miller,Jessica Miller,43,Marketing,Specialist,Los Angeles,63008.47,7342.25,2021-07-22,20,71.2,jessica.miller@company.com,(473) 583-9367,Active
EMP007485,Ashley,Jackson,Ashley Jackson,63,Finance,Senior Developer,Los Angeles,94041.15,10260.25,2024-06-07,35,88.3,ashley.jackson@company.com,(536) 361-9263,Active
EMP007486,Sarah,Hernandez,Sarah Hernandez,43,Sales,Associate,Boston,60254.05,5181.92,2022-08-13,15,66.7,sarah.hernandez@company.com,(508) 867-1298,Active
EMP007487,Anthony,Rodriguez,Anthony Rodriguez,40,Sales,Manager,Miami,50924.88,5461.34,2022-05-17,16,81.3,anthony.rodriguez@company.com,(216) 885-9891,On Leave
EMP007488,Sarah,Jones,Sarah Jones,35,Operations,Manager,Miami,56777.71,3058.66,2022-03-15,6,89.0,sarah.jones@company.com,(231) 359-9699,Active
EMP007489,David,Rodriguez,David Rodriguez,22,Legal,Specialist,San Francisco,67634.34,4592.17,2022-09-01,0,100.0,david.rodriguez@company.com,(252) 619-8998,Active
EMP007490,Christopher,Hernandez,Christopher Hernandez,37,Engineering,Manager,New York,110475.98,15621.33,2021-01-08,9,53.8,christopher.hernandez@company.com,(315) 895-8386,Active
EMP007491,Stephanie,Martinez,Stephanie Martinez,59,Legal,Specialist,New York,115845.96,12684.87,2023-11-13,35,61.3,stephanie.martinez@company.com,(770) 619-1470,Active
EMP007492,James,Gonzalez,James Gonzalez,51,Sales,Specialist,Chicago,73358.29,7558.82,2022-06-12,26,72.0,james.gonzalez@company.com,(621) 337-6443,Active
EMP007493,Anthony,Lopez,Anthony Lopez,50,Sales,Coordinator,Chicago,77817.39,8062.94,2020-05-16,21,71.5,anthony.lopez@company.com,(632) 338-9223,Active
EMP007494,John,Garcia,John Garcia,60,IT,Specialist,San Francisco,115180.72,0.0,2021-01-01,36,60.7,john.garcia@company.com,(355) 738-5790,Active
EMP007495,Christopher,Jackson,Christopher Jackson,44,Legal,Senior Developer,Boston,124872.84,12436.14,2021-03-07,15,49.1,christopher.jackson@company.com,(632) 740-2207,Active
EMP007496,Nicole,Smith,Nicole Smith,24,Finance,Associate,Seattle,61952.48,9345.7,2021-04-20,0,81.0,nicole.smith@company.com,(544) 902-1639,Active
EMP007497,David,Anderson,David Anderson,53,Marketing,Lead,San Francisco,54266.59,9611.56,2020-07-27,29,60.0,david.anderson@company.com,(473) 327-2730,Active
EMP007498,Emily,Martin,Emily Martin,33,Engineering,Specialist,Boston,88754.15,11757.39,2020-05-18,10,47.5,emily.martin@company.com,(797) 400-7402,Active
EMP007499,Emily,Gonzalez,Emily Gonzalez,27,HR,Director,San Francisco,58721.59,6825.26,2023-11-09,4,45.6,emily.gonzalez@company.com,(508) 799-5181,Active
EMP007500,Daniel,Taylor,Daniel Taylor,65,Sales,Coordinator,Chicago,100535.83,0.0,2020-09-19,38,98.7,daniel.taylor@company.com,(311) 803-4869,Active
EMP007501,James,Garcia,James Garcia,46,Marketing,Director,Chicago,53487.78,3353.22,2020-09-06,22,100.0,james.garcia@company.com,(267) 518-4034,Active
EMP007502,Michael,Williams,Michael Williams,59,Operations,Lead,Seattle,80992.89,6731.6,2024-08-01,36,83.6,michael.williams@company.com,(795) 908-8407,Active
EMP007503,John,Rodriguez,John Rodriguez,65,HR,Analyst,San Francisco,101745.43,7124.8,2020-02-05,37,72.8,john.rodriguez@company.com,(587) 876-1583,Active
EMP007504,Jessica,Jackson,Jessica Jackson,45,Operations,Director,Seattle,61297.56,6307.99,2024-03-31,22,75.1,jessica.jackson@company.com,(925) 370-9427,Active
EMP007505,Michael,Jones,Michael Jones,65,HR,Specialist,Miami,105084.93,10369.29,2021-02-17,43,66.8,michael.jones@company.com,(278) 203-8179,Active
EMP007506,Michael,Rodriguez,Michael Rodriguez,28,Legal,Specialist,Los Angeles,105889.25,9298.8,2020-12-31,5,79.3,michael.rodriguez@company.com,(652) 422-1074,Inactive
EMP007507,Anthony,Garcia,Anthony Garcia,38,Engineering,Lead,San Francisco,107600.44,4445.42,2020-05-04,15,75.5,anthony.garcia@company.com,(996) 628-9914,Active
EMP007508,Anthony,Jones,Anthony Jones,65,Finance,Senior Developer,New York,103981.82,7985.62,2020-08-23,39,43.8,anthony.jones@company.com,(586) 376-9352,Inactive
EMP007509,Michael,Wilson,Michael Wilson,54,Engineering,Director,Miami,86131.11,11193.45,2020-12-17,26,73.2,michael.wilson@company.com,(731) 307-8597,Inactive
EMP007510,Jane,Anderson,Jane Anderson,50,Legal,Senior Developer,Chicago,109944.93,7126.48,2022-10-28,23,67.7,jane.anderson@company.com,(769) 835-1303,Active
EMP007511,Amanda,Johnson,Amanda Johnson,65,Operations,Coordinator,Los Angeles,57020.12,7658.7,2024-12-15,38,80.2,amanda.johnson@company.com,(579) 438-5580,On Leave
EMP007512,John,Johnson,John Johnson,58,Marketing,Lead,Los Angeles,78851.46,11410.74,2020-06-18,31,85.5,john.johnson@company.com,(621) 270-8448,Active
EMP007513,Daniel,Anderson,Daniel Anderson,24,Operations,Coordinator,Austin,53422.34,4440.58,2021-06-14,1,67.6,daniel.anderson@company.com,(415) 895-2533,Active
EMP007514,Stephanie,Brown,Stephanie Brown,47,Sales,Senior Developer,Los Angeles,55941.2,4406.79,2024-12-14,23,73.0,stephanie.brown@company.com,(485) 995-3820,Active
EMP007515,Sarah,Taylor,Sarah Taylor,54,Operations,Director,Chicago,86800.94,5868.95,2020-04-15,25,47.2,sarah.taylor@company.com,(225) 502-5497,Active
EMP007516,Emily,Jackson,Emily Jackson,29,Finance,Lead,Los Angeles,83800.2,1382.18,2022-04-01,5,75.2,emily.jackson@company.com,(844) 304-7679,Active
EMP007517,Sarah,Brown,Sarah Brown,47,Operations,Manager,Miami,60831.43,6610.86,2024-03-07,19,64.5,sarah.brown@company.com,(250) 295-1333,Active
EMP007518,Emily,Johnson,Emily Johnson,53,Legal,Lead,Austin,100724.6,9095.08,2023-02-03,28,61.6,emily.johnson@company.com,(915) 647-7580,Active
EMP007519,Melissa,Brown,Melissa Brown,58,Operations,Lead,Boston,56000.0,10051.77,2020-12-04,32,72.7,melissa.brown@company.com,(780) 243-4127,Active
EMP007520,Jessica,Moore,Jessica Moore,27,IT,Senior Developer,Boston,61803.85,3022.26,2022-08-08,0,71.9,jessica.moore@company.com,(593) 708-4769,Active
EMP007521,David,Thomas,David Thomas,53,Marketing,Manager,Boston,111383.74,16881.27,2022-03-26,31,81.5,david.thomas@company.com,(395) 552-4588,Active
EMP007522,Sarah,Lopez,Sarah Lopez,41,Sales,Manager,New York,87335.42,6795.92,2023-05-25,15,75.6,sarah.lopez@company.com,(812) 818-2773,Active
EMP007523,Anthony,Taylor,Anthony Taylor,39,Marketing,Associate,Seattle,65619.32,4673.26,2020-07-11,14,64.4,anthony.taylor@company.com,(423) 900-2365,Active
EMP007524,Robert,Hernandez,Robert Hernandez,50,Engineering,Lead,Miami,77555.6,6583.96,2024-11-12,26,84.9,robert.hernandez@company.com,(904) 287-1928,Inactive
EMP007525,Michael,Garcia,Michael Garcia,32,Engineering,Coordinator,Seattle,75275.17,10352.5,2024-09-19,10,75.5,michael.garcia@company.com,(888) 794-4761,Active
EMP007526,Lisa,Lopez,Lisa Lopez,56,IT,Specialist,Austin,93500.39,11087.11,2021-10-21,32,48.4,lisa.lopez@company.com,(455) 533-5515,Inactive
EMP007527,Nicole,Brown,Nicole Brown,44,IT,Analyst,Los Angeles,81177.02,7227.37,2024-08-20,22,86.7,nicole.brown@company.com,(396) 939-1774,Active
EMP007528,Daniel,Davis,Daniel Davis,28,IT,Lead,Austin,36000.0,2481.1,2024-05-16,0,80.9,daniel.davis@company.com,(898) 552-8838,Inactive
EMP007529,Jane,Taylor,Jane Taylor,23,Sales,Senior Developer,Boston,41237.65,3490.81,2023-11-24,0,53.4,jane.taylor@company.com,(751) 926-1201,Inactive
EMP007530,Daniel,Thomas,Daniel Thomas,29,HR,Associate,Austin,71722.75,9484.29,2022-12-14,3,69.8,daniel.thomas@company.com,(389) 620-2045,Active
EMP007531,Ashley,Gonzalez,Ashley Gonzalez,22,Finance,Coordinator,Boston,59295.7,3771.32,2022-07-06,0,72.4,ashley.gonzalez@company.com,(558) 427-2090,Active
EMP007532,Jane,Jones,Jane Jones,50,IT,Lead,Los Angeles,91945.12,12097.33,2021-09-26,21,76.7,jane.jones@company.com,(387) 685-6228,Active
EMP007533,Michael,Rodriguez,Michael Rodriguez,24,Sales,Coordinator,Chicago,49426.86,6604.79,2021-12-17,0,77.0,michael.rodriguez@company.com,(334) 834-2600,Active
EMP007534,Amanda,Miller,Amanda Miller,24,Legal,Specialist,Seattle,61728.56,7440.1,2022-07-13,0,38.3,amanda.miller@company.com,(457) 209-2076,Active
EMP007535,James,Moore,James Moore,37,IT,Specialist,Los Angeles,89198.3,12520.12,2023-03-29,8,98.1,james.moore@company.com,(375) 655-3616,Active
EMP007536,James,Garcia,James Garcia,48,HR,Specialist,Chicago,101009.48,18543.18,2020-02-29,21,52.2,james.garcia@company.com,(341) 392-1530,On Leave
EMP007537,Anthony,Williams,Anthony Williams,65,Marketing,Specialist,Chicago,92657.32,8012.93,2021-02-02,38,40.4,anthony.williams@company.com,(830) 650-2723,On Leave
EMP007538,James,Johnson,James Johnson,47,Sales,Analyst,New York,62340.28,7066.97,2024-09-13,23,71.3,james.johnson@company.com,(887) 452-5890,Active
EMP007539,David,Jackson,David Jackson,33,Engineering,Specialist,New York,59877.8,12219.07,2020-03-23,10,67.1,david.jackson@company.com,(324) 652-8911,Active
EMP007540,William,Martin,William Martin,44,Sales,Director,Chicago,72120.31,4906.9,2020-10-14,20,97.4,william.martin@company.com,(502) 779-7063,Active
EMP007541,Sarah,Smith,Sarah Smith,41,IT,Manager,Miami,69359.52,7898.75,2023-10-30,19,76.6,sarah.smith@company.com,(381) 503-2047,Active
EMP007542,Stephanie,Jackson,Stephanie Jackson,25,HR,Lead,Seattle,68502.54,7718.19,2023-08-11,0,80.0,stephanie.jackson@company.com,(770) 985-8421,Active
EMP007543,David,Martin,David Martin,37,Legal,Associate,Seattle,113729.51,5902.68,2022-06-22,10,72.9,david.martin@company.com,(821) 413-1032,Active
EMP007544,Daniel,Jones,Daniel Jones,62,Sales,Analyst,Miami,105486.14,6990.74,2020-05-30,34,82.3,daniel.jones@company.com,(863) 799-3233,Active
EMP007545,John,Johnson,John Johnson,60,IT,Associate,Seattle,114401.25,16679.33,2021-08-18,34,70.5,john.johnson@company.com,(381) 745-9185,Inactive
EMP007546,Ashley,Lopez,Ashley Lopez,62,Legal,Director,Los Angeles,79197.57,11936.53,2023-10-16,38,69.2,ashley.lopez@company.com,(574) 725-8520,Active
EMP007547,Michael,Williams,Michael Williams,37,HR,Specialist,Boston,95651.54,8338.57,2024-01-31,12,61.7,michael.williams@company.com,(826) 384-6136,Active
EMP007548,Melissa,Rodriguez,Melissa Rodriguez,38,Operations,Specialist,Los Angeles,63900.16,10240.2,2021-10-01,16,82.7,melissa.rodriguez@company.com,(429) 322-4367,Active
EMP007549,Nicole,Brown,Nicole Brown,47,Operations,Senior Developer,Los Angeles,79081.35,10508.55,2021-02-19,24,51.7,nicole.brown@company.com,(630) 712-4041,Active
EMP007550,Jessica,Jones,Jessica Jones,48,Engineering,Associate,Seattle,102794.27,9532.65,2020-01-08,22,51.9,jessica.jones@company.com,(729) 499-7327,Active
EMP007551,Daniel,Martinez,Daniel Martinez,53,Engineering,Analyst,Miami,109871.09,13348.59,2021-08-12,30,87.8,daniel.martinez@company.com,(995) 741-1751,Active
EMP007552,Sarah,Taylor,Sarah Taylor,28,Legal,Senior Developer,Miami,92310.1,13195.59,2024-05-19,2,77.5,sarah.taylor@company.com,(699) 819-1363,Active
EMP007553,William,Moore,William Moore,34,Sales,Analyst,Boston,74286.52,6942.22,2022-09-30,10,91.7,william.moore@company.com,(662) 913-2736,Active
EMP007554,Emily,Thomas,Emily Thomas,42,Operations,Lead,New York,50515.47,2612.35,2023-07-22,19,67.1,emily.thomas@company.com,(950) 409-7973,Active
EMP007555,Jessica,Garcia,Jessica Garcia,63,Engineering,Manager,Seattle,96526.57,11117.67,2024-06-27,38,100.0,jessica.garcia@company.com,(607) 455-3667,Active
EMP007556,Robert,Gonzalez,Robert Gonzalez,51,Marketing,Lead,San Francisco,66557.91,12728.83,2023-02-27,29,71.7,robert.gonzalez@company.com,(837) 281-2710,Active
EMP007557,Robert,Smith,Robert Smith,26,Legal,Associate,Austin,83803.96,81.41,2022-03-04,4,69.2,robert.smith@company.com,(292) 971-7634,Active
EMP007558,Sarah,Jackson,Sarah Jackson,45,Legal,Lead,Los Angeles,75219.02,14954.94,2022-12-09,20,57.7,sarah.jackson@company.com,(268) 589-3837,Active
EMP007559,Melissa,Brown,Melissa Brown,62,Finance,Associate,San Francisco,98333.9,10208.91,2024-06-16,36,66.8,melissa.brown@company.com,(758) 377-7668,Active
EMP007560,Amanda,Jackson,Amanda Jackson,40,Legal,Manager,New York,85083.62,5423.52,2022-06-30,18,40.8,amanda.jackson@company.com,(420) 365-2818,On Leave
EMP007561,David,Anderson,David Anderson,32,Sales,Senior Developer,Chicago,30000.0,3545.17,2024-07-20,5,84.6,david.anderson@company.com,(562) 326-8277,Inactive
EMP007562,John,Martin,John Martin,45,IT,Lead,Chicago,104713.97,15222.22,2021-03-24,19,83.8,john.martin@company.com,(311) 639-8780,Active
EMP007563,William,Jackson,William Jackson,30,Marketing,Analyst,Seattle,56397.3,1400.9,2022-06-02,5,68.7,william.jackson@company.com,(699) 732-7785,Active
EMP007564,Daniel,Taylor,Daniel Taylor,34,Finance,Coordinator,New York,73679.78,5045.02,2021-09-06,11,73.2,daniel.taylor@company.com,(754) 556-2850,Active
EMP007565,Stephanie,Brown,Stephanie Brown,64,Marketing,Lead,Los Angeles,88043.41,8844.27,2024-11-29,38,51.3,stephanie.brown@company.com,(454) 681-1206,Active
EMP007566,William,Martin,William Martin,43,Legal,Senior Developer,Miami,102539.57,7911.3,2023-12-06,15,36.4,william.martin@company.com,(907) 575-9623,Active
EMP007567,Lisa,Jones,Lisa Jones,42,Legal,Analyst,San Francisco,82143.03,3512.07,2023-11-08,15,73.6,lisa.jones@company.com,(566) 810-9290,Active
EMP007568,Anthony,Jackson,Anthony Jackson,23,Sales,Director,Miami,67016.33,1293.94,2022-05-09,0,69.9,anthony.jackson@company.com,(713) 630-5357,Active
EMP007569,James,Williams,James Williams,51,Sales,Associate,Chicago,68536.91,8791.69,2020-05-16,27,74.1,james.williams@company.com,(207) 801-2085,Active
EMP007570,Matthew,Jones,Matthew Jones,46,Legal,Coordinator,Miami,89366.69,12357.39,2022-02-12,17,68.1,matthew.jones@company.com,(874) 559-4131,Active
EMP007571,Nicole,Miller,Nicole Miller,47,Legal,Lead,Los Angeles,68268.04,3257.79,2021-04-12,23,75.7,nicole.miller@company.com,(360) 631-6031,On Leave
EMP007572,Emily,Wilson,Emily Wilson,65,IT,Lead,Miami,124460.25,13375.97,2021-03-09,43,68.7,emily.wilson@company.com,(228) 289-5294,Inactive
EMP007573,Robert,Hernandez,Robert Hernandez,51,Marketing,Specialist,Miami,68894.61,11806.32,2021-05-05,22,100.0,robert.hernandez@company.com,(489) 238-8499,Active
EMP007574,Christopher,Jones,Christopher Jones,33,Legal,Associate,Los Angeles,93843.43,8766.99,2021-06-15,9,79.0,christopher.jones@company.com,(692) 741-6039,Active
EMP007575,John,Hernandez,John Hernandez,39,IT,Senior Developer,Seattle,79244.01,8433.79,2021-04-14,10,94.6,john.hernandez@company.com,(281) 925-1382,Active
EMP007576,Christopher,Johnson,Christopher Johnson,29,Marketing,Analyst,Miami,75952.83,9820.35,2023-06-14,5,60.3,christopher.johnson@company.com,(510) 541-2927,Active
EMP007577,Amanda,Wilson,Amanda Wilson,34,Engineering,Senior Developer,New York,120405.96,16550.08,2023-09-07,11,65.1,amanda.wilson@company.com,(466) 732-1232,Active
EMP007578,Michael,Johnson,Michael Johnson,28,IT,Coordinator,Boston,98165.27,6891.67,2023-11-07,0,67.5,michael.johnson@company.com,(201) 408-7541,Active
EMP007579,David,Wilson,David Wilson,40,Marketing,Lead,Austin,82862.96,10469.47,2021-10-22,13,83.5,david.wilson@company.com,(222) 543-5815,Active
EMP007580,Emily,Wilson,Emily Wilson,25,Engineering,Lead,Chicago,80054.7,7278.24,2023-02-21,0,99.5,emily.wilson@company.com,(480) 598-3987,Active
EMP007581,Jane,Gonzalez,Jane Gonzalez,54,HR,Coordinator,Miami,75861.04,9686.98,2023-05-03,32,93.6,jane.gonzalez@company.com,(967) 465-6841,Active
EMP007582,Jane,Jones,Jane Jones,51,HR,Lead,New York,89686.13,3231.79,2023-07-31,29,78.3,jane.jones@company.com,(266) 244-6378,Active
EMP007583,Jane,Smith,Jane Smith,53,IT,Specialist,Miami,82357.24,7546.86,2020-08-05,26,100.0,jane.smith@company.com,(581) 737-7307,Active
EMP007584,James,Jones,James Jones,38,Finance,Lead,New York,74587.21,12111.88,2023-12-08,13,78.4,james.jones@company.com,(479) 301-6178,Active
EMP007585,Amanda,Smith,Amanda Smith,48,Legal,Lead,Boston,101348.51,7017.28,2022-04-29,21,84.4,amanda.smith@company.com,(464) 513-7163,Active
EMP007586,Anthony,Garcia,Anthony Garcia,54,Sales,Senior Developer,Seattle,78603.94,9022.94,2023-03-13,27,94.7,anthony.garcia@company.com,(603) 518-3722,Active
EMP007587,Jane,Martinez,Jane Martinez,44,HR,Coordinator,Los Angeles,58622.25,6831.7,2021-08-18,20,89.1,jane.martinez@company.com,(962) 531-2298,Active
EMP007588,Michael,Wilson,Michael Wilson,38,Engineering,Analyst,New York,80554.95,11239.6,2023-12-21,11,58.4,michael.wilson@company.com,(341) 355-7996,Active
EMP007589,James,Wilson,James Wilson,45,Legal,Associate,Chicago,81098.13,8017.97,2022-02-07,23,54.9,james.wilson@company.com,(337) 509-4757,Inactive
EMP007590,Sarah,Anderson,Sarah Anderson,52,Sales,Manager,Seattle,95039.06,7969.32,2023-01-05,25,91.0,sarah.anderson@company.com,(824) 921-7377,Active
EMP007591,Nicole,Gonzalez,Nicole Gonzalez,39,Sales,Associate,Seattle,75278.33,8079.53,2023-06-09,12,69.4,nicole.gonzalez@company.com,(355) 872-2908,Active
EMP007592,Anthony,Davis,Anthony Davis,37,IT,Coordinator,Miami,101281.85,8706.41,2022-09-07,9,65.5,anthony.davis@company.com,(481) 292-3792,Inactive
EMP007593,Matthew,Thomas,Matthew Thomas,43,IT,Manager,Miami,94929.43,8890.77,2023-10-21,21,60.1,matthew.thomas@company.com,(456) 473-6051,Inactive
EMP007594,Michael,Moore,Michael Moore,48,IT,Senior Developer,Seattle,121314.68,16859.31,2021-04-10,19,78.7,michael.moore@company.com,(817) 253-5160,Active
EMP007595,Jane,Taylor,Jane Taylor,23,IT,Director,Chicago,82615.42,14427.77,2021-10-12,0,78.5,jane.taylor@company.com,(945) 917-6367,Active
EMP007596,Sarah,Martinez,Sarah Martinez,50,Marketing,Manager,Miami,54185.1,6402.59,2023-04-16,25,82.6,sarah.martinez@company.com,(423) 285-2363,Active
EMP007597,Michael,Jones,Michael Jones,22,Operations,Director,Boston,48716.86,5907.3,2021-11-17,0,57.6,michael.jones@company.com,(419) 843-3207,Active
EMP007598,Ashley,Brown,Ashley Brown,39,Marketing,Associate,Los Angeles,58389.65,2527.53,2022-04-05,15,71.9,ashley.brown@company.com,(913) 382-1742,Active
EMP007599,James,Gonzalez,James Gonzalez,46,IT,Manager,New York,117507.52,12540.76,2023-12-21,19,65.7,james.gonzalez@company.com,(355) 727-9979,Active
EMP007600,Ashley,Williams,Ashley Williams,55,Sales,Senior Developer,San Francisco,54888.34,6435.96,2023-07-27,30,93.2,ashley.williams@company.com,(334) 229-2472,Active
EMP007601,David,Gonzalez,David Gonzalez,24,Sales,Coordinator,Boston,59019.88,3130.61,2024-11-22,0,79.3,david.gonzalez@company.com,(460) 937-3478,Active
EMP007602,Daniel,Williams,Daniel Williams,40,Finance,Manager,San Francisco,86700.39,14769.66,2021-09-30,15,55.7,daniel.williams@company.com,(566) 339-9543,Active
EMP007603,Stephanie,Martinez,Stephanie Martinez,60,IT,Manager,New York,94589.36,16152.77,2023-12-20,31,88.4,stephanie.martinez@company.com,(898) 458-6248,Active
EMP007604,John,Hernandez,John Hernandez,43,Sales,Specialist,Boston,74175.67,11568.16,2024-02-11,18,100.0,john.hernandez@company.com,(957) 593-5530,On Leave
EMP007605,Robert,Thomas,Robert Thomas,22,Marketing,Senior Developer,San Francisco,49458.55,6389.16,2020-09-18,0,80.2,robert.thomas@company.com,(371) 413-2272,Active
EMP007606,Nicole,Moore,Nicole Moore,43,IT,Associate,Austin,80828.06,4063.9,2022-05-16,14,95.9,nicole.moore@company.com,(716) 233-3870,Active
EMP007607,Amanda,Rodriguez,Amanda Rodriguez,30,Operations,Coordinator,Miami,67791.92,8109.91,2024-08-09,2,50.6,amanda.rodriguez@company.com,(388) 621-6679,Inactive
EMP007608,Melissa,Johnson,Melissa Johnson,58,Engineering,Associate,Boston,84949.85,6873.92,2020-10-12,32,59.6,melissa.johnson@company.com,(736) 916-5746,Active
EMP007609,Robert,Jones,Robert Jones,58,Engineering,Senior Developer,San Francisco,122648.89,16479.45,2022-05-22,32,91.2,robert.jones@company.com,(244) 930-7733,Active
EMP007610,Jessica,Jackson,Jessica Jackson,36,Operations,Senior Developer,Los Angeles,67335.27,5149.71,2021-02-02,10,66.9,jessica.jackson@company.com,(591) 295-6312,Active
EMP007611,John,Smith,John Smith,35,HR,Specialist,Miami,63901.69,4343.56,2023-07-09,8,86.2,john.smith@company.com,(850) 785-3430,Active
EMP007612,David,Smith,David Smith,40,IT,Manager,Los Angeles,66116.28,6197.72,2020-04-10,17,85.5,david.smith@company.com,(910) 933-9128,Active
EMP007613,James,Anderson,James Anderson,22,Sales,Coordinator,Boston,54239.45,5683.38,2024-05-29,0,65.0,james.anderson@company.com,(538) 594-3265,On Leave
EMP007614,Robert,Jackson,Robert Jackson,57,Finance,Associate,Miami,89878.81,476.7,2021-09-24,31,64.8,robert.jackson@company.com,(618) 920-2031,Active
EMP007615,James,Anderson,James Anderson,63,Operations,Coordinator,New York,66954.21,10644.93,2020-09-02,35,75.0,james.anderson@company.com,(816) 943-1474,Active
EMP007616,Lisa,Martin,Lisa Martin,35,Engineering,Associate,Boston,74143.86,6324.92,2020-02-06,13,66.7,lisa.martin@company.com,(420) 331-7385,Active
EMP007617,Christopher,Jones,Christopher Jones,36,Operations,Manager,San Francisco,53343.44,1685.2,2021-04-21,13,86.5,christopher.jones@company.com,(299) 572-5064,Active
EMP007618,Daniel,Johnson,Daniel Johnson,62,HR,Manager,Austin,98228.96,2854.42,2024-10-03,35,73.9,daniel.johnson@company.com,(366) 482-7722,Active
EMP007619,Melissa,Wilson,Melissa Wilson,53,IT,Manager,Miami,101217.53,15874.69,2022-05-20,31,61.3,melissa.wilson@company.com,(500) 291-1927,Active
EMP007620,Lisa,Williams,Lisa Williams,32,Engineering,Analyst,Miami,87851.04,6699.86,2023-02-27,5,64.2,lisa.williams@company.com,(828) 951-8108,Active
EMP007621,Emily,Martinez,Emily Martinez,26,Operations,Senior Developer,Boston,60606.18,6906.26,2021-11-29,2,89.1,emily.martinez@company.com,(846) 658-1588,Inactive
EMP007622,William,Miller,William Miller,46,Finance,Lead,San Francisco,106430.22,11864.94,2024-07-10,17,80.1,william.miller@company.com,(278) 879-1819,Active
EMP007623,James,Thomas,James Thomas,61,Engineering,Director,Boston,132930.14,20298.67,2023-08-29,37,73.9,james.thomas@company.com,(424) 863-6047,Active
EMP007624,William,Davis,William Davis,59,Legal,Lead,Seattle,62787.35,5652.84,2022-02-06,36,79.7,william.davis@company.com,(260) 639-4409,Active
EMP007625,Nicole,Hernandez,Nicole Hernandez,22,HR,Associate,Chicago,41835.77,1061.38,2024-01-17,0,79.8,nicole.hernandez@company.com,(409) 584-4808,Active
EMP007626,Michael,Williams,Michael Williams,50,Operations,Coordinator,Chicago,66223.03,9304.56,2022-05-07,26,82.2,michael.williams@company.com,(475) 303-7542,Active
EMP007627,Jane,Wilson,Jane Wilson,34,Finance,Director,Austin,64202.23,3057.93,2024-08-30,10,79.0,jane.wilson@company.com,(226) 553-5832,Active
EMP007628,Christopher,Jackson,Christopher Jackson,45,IT,Senior Developer,Boston,109886.64,13695.35,2021-07-19,17,69.9,christopher.jackson@company.com,(723) 344-7310,Inactive
EMP007629,Nicole,Garcia,Nicole Garcia,48,Legal,Coordinator,Chicago,99736.05,10852.26,2022-04-12,22,83.7,nicole.garcia@company.com,(980) 452-5058,Active
EMP007630,Anthony,Jones,Anthony Jones,57,Marketing,Senior Developer,Seattle,62721.24,6875.23,2020-07-06,32,59.6,anthony.jones@company.com,(685) 685-2936,Active
EMP007631,Robert,Wilson,Robert Wilson,41,Legal,Senior Developer,Austin,83726.62,0.0,2023-12-20,18,94.0,robert.wilson@company.com,(695) 497-3568,Active
EMP007632,Sarah,Hernandez,Sarah Hernandez,50,Marketing,Analyst,San Francisco,78720.26,7789.38,2024-08-04,27,95.5,sarah.hernandez@company.com,(643) 963-4890,Active
EMP007633,Anthony,Jackson,Anthony Jackson,58,Legal,Lead,New York,82730.55,14733.77,2021-01-24,32,69.7,anthony.jackson@company.com,(831) 834-7076,Active
EMP007634,Jessica,Williams,Jessica Williams,26,Engineering,Associate,Austin,68389.43,5382.43,2024-04-25,0,96.7,jessica.williams@company.com,(754) 732-8039,Active
EMP007635,Lisa,Martinez,Lisa Martinez,41,Sales,Director,Chicago,65547.58,1933.98,2020-01-20,16,81.2,lisa.martinez@company.com,(887) 683-6828,Active
EMP007636,Daniel,Martinez,Daniel Martinez,25,Operations,Lead,Austin,63110.1,11134.39,2024-01-18,0,99.6,daniel.martinez@company.com,(701) 236-7478,Active
EMP007637,David,Jones,David Jones,32,Operations,Director,Los Angeles,52819.85,8059.7,2022-11-06,8,100.0,david.jones@company.com,(994) 572-2112,Active
EMP007638,Robert,Brown,Robert Brown,35,Marketing,Senior Developer,San Francisco,58747.58,5548.82,2021-09-06,13,49.3,robert.brown@company.com,(471) 335-4143,Active
EMP007639,Michael,Martinez,Michael Martinez,64,Operations,Manager,Seattle,60850.17,4283.0,2021-05-16,39,64.5,michael.martinez@company.com,(341) 688-5453,Active
EMP007640,William,Wilson,William Wilson,36,Finance,Analyst,Chicago,72874.16,8282.68,2022-01-15,11,84.8,william.wilson@company.com,(578) 781-3281,Inactive
EMP007641,Melissa,Williams,Melissa Williams,46,Marketing,Lead,New York,81239.14,6038.2,2021-09-11,23,82.8,melissa.williams@company.com,(481) 280-2729,Active
EMP007642,Matthew,Gonzalez,Matthew Gonzalez,45,Marketing,Director,Miami,78955.4,7840.38,2020-09-25,19,73.3,matthew.gonzalez@company.com,(852) 716-5680,Active
EMP007643,Matthew,Brown,Matthew Brown,59,Marketing,Associate,San Francisco,90417.49,7969.34,2022-06-07,33,51.6,matthew.brown@company.com,(258) 475-1195,Inactive
EMP007644,John,Jackson,John Jackson,27,HR,Lead,Los Angeles,39555.25,5855.14,2020-03-26,1,60.9,john.jackson@company.com,(267) 681-3373,Active
EMP007645,Amanda,Williams,Amanda Williams,41,Finance,Specialist,Miami,85376.61,13622.57,2021-06-14,15,72.8,amanda.williams@company.com,(242) 263-1989,Active
EMP007646,Jessica,Williams,Jessica Williams,48,Marketing,Analyst,Chicago,72931.94,3409.59,2023-12-30,24,79.3,jessica.williams@company.com,(627) 506-4043,Active
EMP007647,Daniel,Garcia,Daniel Garcia,41,Finance,Coordinator,Seattle,97953.09,2868.03,2024-11-23,12,87.6,daniel.garcia@company.com,(235) 427-9251,Active
EMP007648,Robert,Martinez,Robert Martinez,63,Legal,Specialist,Los Angeles,96822.58,5316.74,2023-06-27,37,63.3,robert.martinez@company.com,(798) 528-4003,Active
EMP007649,Robert,Jones,Robert Jones,30,Operations,Lead,Austin,36723.7,4173.09,2022-08-31,1,75.3,robert.jones@company.com,(861) 503-3959,Active
EMP007650,Stephanie,Anderson,Stephanie Anderson,62,Sales,Specialist,Los Angeles,68661.58,13246.22,2023-01-28,38,59.9,stephanie.anderson@company.com,(461) 447-6635,Active
EMP007651,Amanda,Martinez,Amanda Martinez,61,IT,Associate,Chicago,139780.01,24772.81,2020-03-22,36,48.8,amanda.martinez@company.com,(530) 551-4748,Active
EMP007652,Amanda,Lopez,Amanda Lopez,42,Operations,Senior Developer,Boston,57021.4,3698.64,2024-02-12,17,52.1,amanda.lopez@company.com,(851) 742-2022,Active
EMP007653,William,Thomas,William Thomas,45,Legal,Specialist,Seattle,98785.8,6744.65,2024-03-05,21,96.1,william.thomas@company.com,(831) 791-6724,Active
EMP007654,Nicole,Hernandez,Nicole Hernandez,25,HR,Senior Developer,San Francisco,38599.8,6338.19,2024-03-22,0,75.8,nicole.hernandez@company.com,(271) 428-1895,Active
EMP007655,Robert,Jones,Robert Jones,40,Sales,Senior Developer,Chicago,79263.38,8588.94,2024-10-17,11,78.3,robert.jones@company.com,(988) 637-2658,Inactive
EMP007656,Daniel,Wilson,Daniel Wilson,38,Marketing,Senior Developer,Boston,49701.71,6548.98,2024-04-04,11,100.0,daniel.wilson@company.com,(788) 666-4390,Active
EMP007657,Sarah,Smith,Sarah Smith,60,Marketing,Director,Austin,94226.9,2966.0,2020-07-11,34,63.3,sarah.smith@company.com,(346) 647-6338,Inactive
EMP007658,David,Taylor,David Taylor,49,Sales,Manager,New York,52011.85,4094.48,2022-06-29,21,87.0,david.taylor@company.com,(490) 976-9953,Active
EMP007659,Nicole,Thomas,Nicole Thomas,42,Sales,Coordinator,New York,87462.25,6313.6,2021-06-07,15,59.4,nicole.thomas@company.com,(735) 498-1607,Active
EMP007660,Jessica,Moore,Jessica Moore,24,Engineering,Associate,New York,106807.41,6537.12,2022-04-17,0,97.5,jessica.moore@company.com,(620) 538-9504,On Leave
EMP007661,Michael,Hernandez,Michael Hernandez,42,HR,Associate,Austin,96745.93,8288.42,2020-11-14,18,68.9,michael.hernandez@company.com,(349) 447-4946,Inactive
EMP007662,Robert,Gonzalez,Robert Gonzalez,38,Finance,Coordinator,Los Angeles,112231.74,14532.0,2021-07-01,9,77.2,robert.gonzalez@company.com,(781) 896-6093,Active
EMP007663,Amanda,Jackson,Amanda Jackson,36,Marketing,Coordinator,New York,66540.53,2322.26,2021-09-07,13,99.5,amanda.jackson@company.com,(735) 770-9585,Active
EMP007664,Daniel,Miller,Daniel Miller,25,Marketing,Lead,Boston,72673.13,4898.06,2023-05-16,0,98.0,daniel.miller@company.com,(289) 618-4026,Active
EMP007665,Lisa,Johnson,Lisa Johnson,50,Legal,Analyst,Miami,78525.43,8783.08,2022-04-30,26,74.5,lisa.johnson@company.com,(820) 331-6971,Active
EMP007666,David,Johnson,David Johnson,61,IT,Analyst,Los Angeles,126265.01,12530.29,2022-07-14,38,74.1,david.johnson@company.com,(336) 548-1549,Active
EMP007667,Michael,Jones,Michael Jones,28,Engineering,Specialist,New York,80582.18,5901.07,2020-04-03,1,100.0,michael.jones@company.com,(687) 574-9501,Active
EMP007668,David,Jones,David Jones,53,Legal,Specialist,Chicago,98689.0,14419.44,2022-11-15,28,68.6,david.jones@company.com,(528) 806-4667,Inactive
EMP007669,Melissa,Taylor,Melissa Taylor,49,Operations,Lead,Miami,65951.19,4231.67,2021-02-24,20,86.6,melissa.taylor@company.com,(479) 254-6754,Active
EMP007670,Christopher,Thomas,Christopher Thomas,65,IT,Lead,Miami,104646.09,16184.04,2020-01-25,39,86.5,christopher.thomas@company.com,(892) 392-8877,Inactive
EMP007671,Robert,Anderson,Robert Anderson,36,IT,Analyst,Miami,63000.4,4445.34,2023-02-11,10,74.5,robert.anderson@company.com,(240) 407-7697,Active
EMP007672,Sarah,Jackson,Sarah Jackson,25,Finance,Coordinator,Los Angeles,90932.26,5666.15,2024-08-18,0,79.0,sarah.jackson@company.com,(233) 290-4052,Active
EMP007673,James,Thomas,James Thomas,58,Marketing,Director,Chicago,77379.43,18036.6,2023-08-03,35,60.5,james.thomas@company.com,(830) 478-8552,Inactive
EMP007674,Nicole,Davis,Nicole Davis,44,Finance,Associate,New York,90390.06,11103.04,2020-11-06,21,66.7,nicole.davis@company.com,(585) 344-7038,Active
EMP007675,Christopher,Martinez,Christopher Martinez,23,Finance,Specialist,San Francisco,57302.18,5724.23,2023-01-08,1,69.7,christopher.martinez@company.com,(685) 701-8211,Inactive
EMP007676,Ashley,Hernandez,Ashley Hernandez,64,Finance,Director,San Francisco,107932.71,0.0,2022-02-15,41,55.9,ashley.hernandez@company.com,(727) 975-1086,Active
EMP007677,Matthew,Taylor,Matthew Taylor,64,Engineering,Analyst,Austin,108855.65,0.0,2020-02-10,36,54.8,matthew.taylor@company.com,(649) 812-7389,Active
EMP007678,Matthew,Williams,Matthew Williams,41,Legal,Coordinator,Boston,84496.52,4172.52,2020-09-22,15,69.0,matthew.williams@company.com,(543) 926-4770,Active
EMP007679,Michael,Garcia,Michael Garcia,63,Operations,Analyst,Boston,91514.37,5622.46,2021-10-19,41,78.1,michael.garcia@company.com,(228) 228-4153,Active
EMP007680,Anthony,Anderson,Anthony Anderson,45,HR,Associate,Miami,76646.9,3610.31,2020-04-13,21,99.8,anthony.anderson@company.com,(878) 378-8706,On Leave
EMP007681,Melissa,Johnson,Melissa Johnson,48,HR,Analyst,Austin,83603.73,8757.51,2024-12-14,21,75.1,melissa.johnson@company.com,(316) 859-6549,Inactive
EMP007682,Matthew,Miller,Matthew Miller,47,IT,Manager,Austin,80658.37,11456.43,2021-02-07,21,76.3,matthew.miller@company.com,(923) 838-3057,Active
EMP007683,Amanda,Taylor,Amanda Taylor,42,IT,Specialist,Miami,119192.0,7445.3,2021-04-03,14,72.7,amanda.taylor@company.com,(844) 593-1369,Active
EMP007684,Lisa,Taylor,Lisa Taylor,56,HR,Associate,Austin,70128.28,7578.61,2020-10-08,28,43.7,lisa.taylor@company.com,(953) 761-2870,Inactive
EMP007685,Daniel,Hernandez,Daniel Hernandez,27,Engineering,Manager,Los Angeles,78660.99,9017.98,2023-11-09,5,74.9,daniel.hernandez@company.com,(804) 500-8614,On Leave
EMP007686,Michael,Moore,Michael Moore,54,Engineering,Coordinator,Los Angeles,61037.11,2304.59,2020-05-27,32,73.6,michael.moore@company.com,(438) 286-2995,Inactive
EMP007687,William,Garcia,William Garcia,58,IT,Director,Miami,87525.96,11885.83,2024-05-13,32,86.8,william.garcia@company.com,(215) 657-5143,Active
EMP007688,Nicole,Gonzalez,Nicole Gonzalez,36,HR,Specialist,Los Angeles,69416.31,9607.65,2022-03-07,9,92.0,nicole.gonzalez@company.com,(278) 262-8466,Active
EMP007689,Sarah,Garcia,Sarah Garcia,63,Legal,Specialist,Miami,104822.61,13214.61,2023-06-23,37,83.2,sarah.garcia@company.com,(325) 682-7955,Active
EMP007690,James,Taylor,James Taylor,30,Marketing,Senior Developer,Austin,50341.18,4855.76,2022-04-18,4,83.2,james.taylor@company.com,(934) 348-8906,Active
EMP007691,Lisa,Brown,Lisa Brown,27,Finance,Coordinator,San Francisco,66601.81,5555.23,2022-05-02,1,100.0,lisa.brown@company.com,(330) 443-4881,Inactive
EMP007692,Nicole,Davis,Nicole Davis,60,Sales,Lead,Los Angeles,106204.99,13353.38,2021-01-02,31,81.9,nicole.davis@company.com,(794) 248-1570,Active
EMP007693,David,Martinez,David Martinez,38,Legal,Specialist,New York,68886.38,6145.26,2020-08-31,16,97.3,david.martinez@company.com,(942) 826-6861,On Leave
EMP007694,Robert,Johnson,Robert Johnson,48,Legal,Coordinator,Seattle,105709.32,15082.35,2022-01-21,23,99.2,robert.johnson@company.com,(350) 813-1566,Active
EMP007695,Robert,Lopez,Robert Lopez,47,Marketing,Coordinator,New York,66595.33,7144.25,2022-09-06,18,100.0,robert.lopez@company.com,(862) 234-4218,Active
EMP007696,David,Jones,David Jones,61,IT,Manager,Austin,133830.47,8635.2,2021-02-25,33,59.7,david.jones@company.com,(255) 708-9271,Inactive
EMP007697,Jessica,Thomas,Jessica Thomas,58,Sales,Specialist,Los Angeles,87100.42,6004.55,2020-10-29,31,100.0,jessica.thomas@company.com,(944) 821-5512,Active
EMP007698,Christopher,Brown,Christopher Brown,29,Marketing,Lead,Boston,71391.98,12929.56,2023-06-03,5,68.7,christopher.brown@company.com,(748) 879-3012,Active
EMP007699,Emily,Miller,Emily Miller,25,HR,Associate,San Francisco,75816.6,7988.78,2020-02-29,0,64.1,emily.miller@company.com,(403) 252-9836,Active
EMP007700,Lisa,Garcia,Lisa Garcia,65,Operations,Director,Los Angeles,74161.23,0.0,2023-10-16,43,65.6,lisa.garcia@company.com,(281) 289-5782,Inactive
EMP007701,Emily,Brown,Emily Brown,65,Operations,Manager,Austin,71974.01,9027.85,2022-11-08,36,65.9,emily.brown@company.com,(215) 489-1906,Active
EMP007702,Stephanie,Williams,Stephanie Williams,55,Legal,Senior Developer,Miami,91246.85,4462.22,2020-12-11,32,63.8,stephanie.williams@company.com,(907) 725-5094,Active
EMP007703,Jessica,Rodriguez,Jessica Rodriguez,23,Operations,Analyst,Seattle,47519.25,4802.88,2023-09-16,0,85.5,jessica.rodriguez@company.com,(349) 976-4367,Active
EMP007704,Michael,Thomas,Michael Thomas,54,Legal,Associate,San Francisco,109144.15,12673.5,2020-12-29,26,62.3,michael.thomas@company.com,(314) 946-5493,On Leave
EMP007705,Melissa,Wilson,Melissa Wilson,26,Operations,Coordinator,Los Angeles,59010.7,7837.51,2022-06-15,0,80.3,melissa.wilson@company.com,(222) 689-7948,Active
EMP007706,William,Brown,William Brown,45,IT,Coordinator,Austin,89112.0,9651.88,2020-04-22,21,57.1,william.brown@company.com,(894) 342-2051,Active
EMP007707,Michael,Smith,Michael Smith,35,IT,Senior Developer,San Francisco,66908.04,6145.23,2024-10-11,13,100.0,michael.smith@company.com,(469) 270-1764,Active
EMP007708,Christopher,Martinez,Christopher Martinez,28,Operations,Analyst,Boston,25500.0,6818.96,2020-01-14,2,83.2,christopher.martinez@company.com,(225) 899-5173,Active
EMP007709,David,Rodriguez,David Rodriguez,24,Finance,Senior Developer,Boston,60778.84,10176.5,2022-02-07,0,73.2,david.rodriguez@company.com,(299) 810-6034,Active
EMP007710,James,Davis,James Davis,44,Legal,Analyst,New York,82558.13,8372.17,2021-03-22,21,81.5,james.davis@company.com,(963) 723-8716,Active
EMP007711,Matthew,Davis,Matthew Davis,53,Marketing,Analyst,Austin,109075.17,21499.89,2024-03-21,24,54.7,matthew.davis@company.com,(953) 449-7234,On Leave
EMP007712,Daniel,Smith,Daniel Smith,39,Operations,Specialist,Austin,67305.07,8081.06,2020-10-27,12,81.8,daniel.smith@company.com,(562) 909-2087,Active
EMP007713,Sarah,Miller,Sarah Miller,33,Operations,Analyst,San Francisco,47066.59,7393.23,2020-09-04,10,100.0,sarah.miller@company.com,(582) 583-6736,On Leave
EMP007714,William,Moore,William Moore,26,HR,Lead,New York,77189.04,11195.66,2020-09-09,0,82.1,william.moore@company.com,(408) 213-2673,Active
EMP007715,Nicole,Taylor,Nicole Taylor,24,Engineering,Senior Developer,Seattle,87637.15,9147.3,2020-07-31,0,87.4,nicole.taylor@company.com,(919) 385-2073,Active
EMP007716,Christopher,Brown,Christopher Brown,23,Engineering,Associate,New York,111040.83,14805.49,2023-11-13,0,60.9,christopher.brown@company.com,(321) 249-3241,Active
EMP007717,Christopher,Thomas,Christopher Thomas,39,Finance,Lead,Los Angeles,100668.59,7365.72,2022-06-17,11,69.4,christopher.thomas@company.com,(723) 225-4174,Active
EMP007718,Robert,Brown,Robert Brown,26,IT,Director,Austin,62446.96,3432.17,2023-11-25,1,96.5,robert.brown@company.com,(511) 756-4856,Active
EMP007719,Daniel,Martinez,Daniel Martinez,62,Engineering,Lead,Boston,96840.03,19957.01,2021-09-05,38,69.0,daniel.martinez@company.com,(699) 285-9045,Active
EMP007720,James,Hernandez,James Hernandez,28,IT,Associate,Seattle,71024.12,7022.24,2021-06-01,0,98.7,james.hernandez@company.com,(441) 356-3474,Active
EMP007721,Christopher,Jackson,Christopher Jackson,27,IT,Senior Developer,Austin,88270.72,14447.78,2024-07-16,0,64.5,christopher.jackson@company.com,(746) 849-2649,Active
EMP007722,Nicole,Martin,Nicole Martin,65,IT,Director,New York,94590.24,15894.61,2023-12-11,36,81.9,nicole.martin@company.com,(860) 846-3613,Active
EMP007723,William,Miller,William Miller,44,Engineering,Associate,Chicago,107900.91,10321.21,2020-11-18,18,100.0,william.miller@company.com,(219) 489-9395,Active
EMP007724,John,Brown,John Brown,43,Operations,Senior Developer,Chicago,59335.66,632.64,2022-07-11,19,100.0,john.brown@company.com,(985) 412-9842,Active
EMP007725,Michael,Taylor,Michael Taylor,43,Legal,Director,Austin,94560.24,12646.84,2023-11-23,20,100.0,michael.taylor@company.com,(840) 387-5664,Active
EMP007726,Sarah,Hernandez,Sarah Hernandez,30,Marketing,Associate,Boston,55254.76,6159.05,2024-04-20,7,55.0,sarah.hernandez@company.com,(686) 439-1989,Active
EMP007727,Christopher,Jackson,Christopher Jackson,54,Legal,Senior Developer,Chicago,137790.6,18500.64,2023-01-09,27,37.8,christopher.jackson@company.com,(992) 994-9356,Active
EMP007728,Nicole,Rodriguez,Nicole Rodriguez,22,Engineering,Director,Miami,119725.67,10532.26,2024-06-11,0,95.1,nicole.rodriguez@company.com,(496) 434-2358,Active
EMP007729,Nicole,Lopez,Nicole Lopez,56,Legal,Specialist,Austin,68934.15,0.0,2022-03-18,32,66.5,nicole.lopez@company.com,(833) 975-9448,Inactive
EMP007730,Stephanie,Anderson,Stephanie Anderson,55,Operations,Manager,Miami,60444.82,5470.67,2020-07-09,28,44.6,stephanie.anderson@company.com,(537) 932-5699,Inactive
EMP007731,David,Thomas,David Thomas,30,Engineering,Coordinator,Boston,82811.2,1011.76,2022-09-01,8,94.4,david.thomas@company.com,(666) 867-3566,Active
EMP007732,Jane,Hernandez,Jane Hernandez,56,HR,Manager,Los Angeles,83550.33,9898.99,2023-02-08,32,73.4,jane.hernandez@company.com,(790) 642-5479,Active
EMP007733,Jessica,Moore,Jessica Moore,54,Marketing,Senior Developer,New York,77634.03,10805.72,2023-01-09,31,64.5,jessica.moore@company.com,(680) 700-7767,Active
EMP007734,Michael,Garcia,Michael Garcia,28,Finance,Senior Developer,Seattle,45751.64,5477.3,2024-12-30,1,63.9,michael.garcia@company.com,(271) 579-4616,Active
EMP007735,Lisa,Brown,Lisa Brown,56,Marketing,Manager,Miami,63357.9,7052.38,2024-07-06,32,62.4,lisa.brown@company.com,(655) 398-7319,Active
EMP007736,Jane,Wilson,Jane Wilson,40,Marketing,Analyst,Miami,44312.53,5412.49,2021-06-13,11,72.0,jane.wilson@company.com,(485) 665-1192,Active
EMP007737,Anthony,Wilson,Anthony Wilson,52,Legal,Coordinator,Seattle,129613.73,15232.4,2020-01-28,30,77.1,anthony.wilson@company.com,(664) 266-8073,Active
EMP007738,Anthony,Jones,Anthony Jones,37,Operations,Associate,Chicago,25500.0,3249.48,2023-10-16,14,72.1,anthony.jones@company.com,(555) 890-6972,Active
EMP007739,Daniel,Hernandez,Daniel Hernandez,29,Legal,Senior Developer,Los Angeles,85712.77,8697.43,2020-08-15,7,73.0,daniel.hernandez@company.com,(366) 207-1594,Inactive
EMP007740,Stephanie,Hernandez,Stephanie Hernandez,57,Operations,Director,Boston,67541.4,9209.24,2020-04-09,34,69.5,stephanie.hernandez@company.com,(967) 880-5129,Active
EMP007741,William,Miller,William Miller,44,HR,Analyst,Miami,87395.6,9314.28,2024-12-20,15,64.5,william.miller@company.com,(877) 660-1158,Active
EMP007742,Amanda,Martin,Amanda Martin,36,HR,Coordinator,Austin,66658.85,6605.34,2023-06-22,14,69.0,amanda.martin@company.com,(869) 380-5686,Active
EMP007743,Nicole,Martinez,Nicole Martinez,45,Finance,Director,Chicago,86002.04,13432.93,2023-11-10,21,67.2,nicole.martinez@company.com,(354) 757-1206,Active
EMP007744,Melissa,Williams,Melissa Williams,44,Engineering,Director,Los Angeles,128480.33,15742.77,2022-09-23,22,71.4,melissa.williams@company.com,(737) 277-3001,Active
EMP007745,Matthew,Jackson,Matthew Jackson,50,HR,Coordinator,Austin,66854.73,6278.73,2024-04-24,26,89.5,matthew.jackson@company.com,(466) 395-5539,Active
EMP007746,Melissa,Williams,Melissa Williams,61,Marketing,Manager,Seattle,113168.18,17171.06,2024-07-14,34,55.0,melissa.williams@company.com,(423) 976-9310,Active
EMP007747,Jane,Lopez,Jane Lopez,63,Legal,Specialist,New York,90979.87,13046.11,2024-11-14,38,44.4,jane.lopez@company.com,(828) 952-2517,Active
EMP007748,Sarah,Moore,Sarah Moore,42,Legal,Analyst,Austin,73429.36,7892.21,2021-04-22,16,50.6,sarah.moore@company.com,(957) 396-6352,Active
EMP007749,James,Johnson,James Johnson,58,IT,Director,Chicago,106288.31,11763.11,2024-09-18,36,62.8,james.johnson@company.com,(452) 512-5478,Active
EMP007750,Amanda,Jackson,Amanda Jackson,53,HR,Director,Austin,69634.78,3824.37,2021-02-06,30,89.5,amanda.jackson@company.com,(415) 656-9540,Active
EMP007751,Jessica,Hernandez,Jessica Hernandez,53,Engineering,Analyst,Boston,118516.32,12178.81,2023-06-08,27,72.1,jessica.hernandez@company.com,(844) 799-9698,Active
EMP007752,James,Jackson,James Jackson,42,Sales,Manager,Seattle,63364.83,13490.39,2021-10-24,13,55.6,james.jackson@company.com,(829) 542-2095,Active
EMP007753,Stephanie,Thomas,Stephanie Thomas,35,Finance,Specialist,Los Angeles,68200.5,8075.56,2020-09-30,6,78.1,stephanie.thomas@company.com,(387) 673-4258,Active
EMP007754,Stephanie,Davis,Stephanie Davis,58,IT,Lead,Seattle,117321.7,17560.93,2020-03-19,33,78.9,stephanie.davis@company.com,(484) 736-8845,Active
EMP007755,David,Taylor,David Taylor,31,Engineering,Senior Developer,Seattle,85619.47,5584.64,2023-05-21,8,24.9,david.taylor@company.com,(344) 835-5776,Inactive
EMP007756,William,Anderson,William Anderson,32,IT,Director,Austin,95559.24,13112.52,2023-07-25,9,100.0,william.anderson@company.com,(874) 666-9005,Active
EMP007757,Anthony,Davis,Anthony Davis,27,Engineering,Lead,Seattle,76704.68,6186.96,2024-05-25,2,67.1,anthony.davis@company.com,(241) 316-4993,Active
EMP007758,Robert,Anderson,Robert Anderson,50,IT,Specialist,New York,75093.8,3596.0,2023-04-27,25,54.6,robert.anderson@company.com,(311) 800-2607,Active
EMP007759,Lisa,Jackson,Lisa Jackson,42,Legal,Coordinator,New York,71819.48,4103.78,2022-07-21,19,94.3,lisa.jackson@company.com,(793) 890-8336,Active
EMP007760,John,Taylor,John Taylor,49,Engineering,Lead,Chicago,75097.14,5564.14,2024-03-02,23,80.2,john.taylor@company.com,(271) 433-7916,Active
EMP007761,Emily,Hernandez,Emily Hernandez,65,Operations,Specialist,Miami,65053.5,8856.65,2020-05-27,41,64.1,emily.hernandez@company.com,(777) 209-5083,Active
EMP007762,David,Williams,David Williams,57,Sales,Associate,Austin,76595.76,8757.55,2023-06-16,30,77.7,david.williams@company.com,(856) 963-2114,Active
EMP007763,Stephanie,Smith,Stephanie Smith,33,Legal,Specialist,New York,82363.24,5450.79,2020-06-12,10,87.3,stephanie.smith@company.com,(907) 971-6273,On Leave
EMP007764,Melissa,Garcia,Melissa Garcia,30,Finance,Associate,San Francisco,70131.73,9186.11,2023-02-15,8,72.9,melissa.garcia@company.com,(548) 959-9316,On Leave
EMP007765,William,Lopez,William Lopez,31,HR,Senior Developer,Los Angeles,59965.83,8516.2,2023-07-05,5,78.3,william.lopez@company.com,(239) 557-4270,Active
EMP007766,Ashley,Smith,Ashley Smith,50,Operations,Specialist,Austin,68427.58,5265.93,2022-10-14,21,76.6,ashley.smith@company.com,(492) 783-3993,Inactive
EMP007767,Robert,Johnson,Robert Johnson,27,Sales,Lead,New York,60339.03,7150.12,2024-01-25,0,52.5,robert.johnson@company.com,(837) 797-4806,Active
EMP007768,Christopher,Lopez,Christopher Lopez,60,Sales,Manager,Austin,77951.74,8615.66,2024-09-12,34,64.5,christopher.lopez@company.com,(680) 883-3760,Active
EMP007769,Ashley,Hernandez,Ashley Hernandez,33,HR,Associate,Austin,57716.34,3127.31,2020-09-26,7,98.5,ashley.hernandez@company.com,(524) 944-2281,Active
EMP007770,Nicole,Smith,Nicole Smith,64,Marketing,Senior Developer,Miami,77948.79,10003.12,2021-10-11,36,78.3,nicole.smith@company.com,(390) 342-8414,Active
EMP007771,Emily,Jones,Emily Jones,52,IT,Associate,Austin,97307.86,5362.81,2020-08-16,23,83.0,emily.jones@company.com,(679) 312-7231,Active
EMP007772,Robert,Moore,Robert Moore,40,HR,Senior Developer,Boston,94879.16,10028.6,2024-05-29,17,59.4,robert.moore@company.com,(704) 719-2552,Active
EMP007773,Amanda,Jones,Amanda Jones,35,Finance,Manager,Boston,75190.35,6355.44,2021-01-19,10,58.0,amanda.jones@company.com,(521) 664-9768,Active
EMP007774,Ashley,Garcia,Ashley Garcia,60,Sales,Director,San Francisco,76004.04,9491.64,2024-12-08,32,81.8,ashley.garcia@company.com,(867) 998-6539,Active
EMP007775,Christopher,Williams,Christopher Williams,57,Finance,Specialist,Seattle,93616.13,16747.72,2020-02-17,31,74.1,christopher.williams@company.com,(261) 536-8499,Active
EMP007776,Melissa,Martin,Melissa Martin,46,Finance,Senior Developer,Austin,111977.11,0.0,2024-12-10,17,95.1,melissa.martin@company.com,(549) 375-3665,Active
EMP007777,Lisa,Williams,Lisa Williams,32,Sales,Lead,New York,55572.67,4277.03,2021-09-16,8,67.8,lisa.williams@company.com,(645) 559-6586,Inactive
EMP007778,Christopher,Lopez,Christopher Lopez,30,HR,Analyst,New York,56313.14,10301.34,2023-09-01,2,66.9,christopher.lopez@company.com,(206) 226-7939,Active
EMP007779,Christopher,Lopez,Christopher Lopez,39,Marketing,Analyst,Austin,38470.95,5424.25,2020-04-13,10,65.1,christopher.lopez@company.com,(510) 339-1363,Active
EMP007780,Emily,Jones,Emily Jones,41,Finance,Manager,Miami,87322.36,11503.11,2021-06-19,14,64.5,emily.jones@company.com,(360) 734-5851,Active
EMP007781,James,Johnson,James Johnson,51,Sales,Associate,Austin,82742.05,10624.39,2022-09-15,28,90.9,james.johnson@company.com,(341) 502-6508,Active
EMP007782,Lisa,Davis,Lisa Davis,45,Marketing,Manager,New York,71908.75,10303.98,2022-12-17,20,93.9,lisa.davis@company.com,(524) 959-8253,Active
EMP007783,Michael,Jackson,Michael Jackson,30,HR,Associate,Chicago,59842.22,7228.36,2023-05-26,8,62.5,michael.jackson@company.com,(504) 483-7144,Active
EMP007784,Sarah,Smith,Sarah Smith,46,Marketing,Analyst,San Francisco,65512.47,8047.22,2020-02-25,18,66.8,sarah.smith@company.com,(777) 701-8138,Active
EMP007785,Matthew,Miller,Matthew Miller,36,Operations,Senior Developer,Miami,78380.13,7327.16,2023-08-11,8,71.7,matthew.miller@company.com,(918) 681-9536,Active
EMP007786,David,Smith,David Smith,25,Marketing,Lead,Miami,67139.91,9086.52,2023-06-15,0,64.3,david.smith@company.com,(396) 456-4491,Active
EMP007787,William,Taylor,William Taylor,53,Engineering,Specialist,Miami,128449.3,19771.58,2020-10-15,31,100.0,william.taylor@company.com,(611) 714-1144,Active
EMP007788,Amanda,Johnson,Amanda Johnson,59,Sales,Lead,Miami,75791.76,10076.46,2021-12-14,37,100.0,amanda.johnson@company.com,(484) 662-6698,Active
EMP007789,Michael,Wilson,Michael Wilson,31,Sales,Lead,Boston,64953.33,10931.22,2021-01-26,3,69.6,michael.wilson@company.com,(637) 638-6096,Active
EMP007790,Lisa,Wilson,Lisa Wilson,23,Engineering,Analyst,San Francisco,58811.82,4500.35,2020-02-23,1,71.5,lisa.wilson@company.com,(219) 415-1339,On Leave
EMP007791,Matthew,Brown,Matthew Brown,53,Legal,Specialist,New York,102902.7,2163.17,2022-06-26,26,65.0,matthew.brown@company.com,(615) 546-6443,Active
EMP007792,Ashley,Johnson,Ashley Johnson,24,Operations,Director,New York,34076.26,4366.43,2024-07-01,0,52.8,ashley.johnson@company.com,(702) 366-2105,Inactive
EMP007793,Anthony,Miller,Anthony Miller,35,Engineering,Senior Developer,Seattle,100853.88,2440.23,2023-02-11,6,61.8,anthony.miller@company.com,(217) 732-5889,Active
EMP007794,Anthony,Wilson,Anthony Wilson,51,Engineering,Associate,Seattle,71352.06,3454.23,2020-11-17,27,61.5,anthony.wilson@company.com,(257) 763-9181,Active
EMP007795,Nicole,Martinez,Nicole Martinez,24,HR,Analyst,Chicago,58100.66,6968.68,2020-07-23,0,66.2,nicole.martinez@company.com,(575) 982-7410,Active
EMP007796,Ashley,Miller,Ashley Miller,59,Legal,Analyst,Los Angeles,105355.79,12492.25,2023-07-11,34,72.9,ashley.miller@company.com,(558) 331-4997,Active
EMP007797,James,Martinez,James Martinez,34,Legal,Director,Seattle,59581.18,9303.74,2023-12-12,10,93.2,james.martinez@company.com,(375) 860-6837,On Leave
EMP007798,Daniel,Lopez,Daniel Lopez,40,Operations,Director,Austin,64553.39,4076.25,2022-01-12,18,68.6,daniel.lopez@company.com,(231) 646-6643,Active
EMP007799,William,Williams,William Williams,41,HR,Lead,New York,61050.92,10813.42,2023-08-03,12,52.3,william.williams@company.com,(480) 457-5069,Active
EMP007800,Melissa,Jackson,Melissa Jackson,62,Marketing,Analyst,New York,74511.86,7686.85,2024-03-23,34,63.3,melissa.jackson@company.com,(340) 390-3022,Active
EMP007801,Jessica,Anderson,Jessica Anderson,50,Engineering,Analyst,Austin,107118.79,6580.68,2023-07-23,27,65.7,jessica.anderson@company.com,(866) 910-3260,Active
EMP007802,Nicole,Martin,Nicole Martin,31,Legal,Analyst,New York,64552.97,8491.11,2023-10-14,7,80.3,nicole.martin@company.com,(954) 644-1497,Active
EMP007803,Amanda,Jones,Amanda Jones,64,Engineering,Senior Developer,Los Angeles,98571.78,18652.94,2020-03-03,36,78.6,amanda.jones@company.com,(972) 736-5706,Active
EMP007804,John,Gonzalez,John Gonzalez,32,Legal,Lead,Miami,86041.61,6205.94,2021-11-21,9,100.0,john.gonzalez@company.com,(392) 342-4968,Active
EMP007805,Robert,Thomas,Robert Thomas,65,Legal,Associate,Austin,139276.74,18790.37,2024-02-06,37,51.9,robert.thomas@company.com,(502) 348-2905,Active
EMP007806,James,Thomas,James Thomas,44,Marketing,Manager,Chicago,90947.21,1904.82,2024-07-23,18,78.7,james.thomas@company.com,(940) 473-4661,Active
EMP007807,Michael,Anderson,Michael Anderson,22,Finance,Director,Chicago,67510.43,4281.53,2023-02-09,0,87.8,michael.anderson@company.com,(254) 976-9768,Active
EMP007808,Michael,Jackson,Michael Jackson,32,Sales,Senior Developer,New York,74590.01,9911.01,2022-08-29,5,73.6,michael.jackson@company.com,(506) 526-6392,Active
EMP007809,Daniel,Hernandez,Daniel Hernandez,25,HR,Manager,Miami,51235.19,3118.61,2024-12-25,0,48.0,daniel.hernandez@company.com,(224) 457-2816,Inactive
EMP007810,Emily,Miller,Emily Miller,39,HR,Analyst,Los Angeles,70487.09,7792.04,2023-02-23,12,68.7,emily.miller@company.com,(587) 493-2290,Active
EMP007811,Lisa,Jones,Lisa Jones,64,Legal,Manager,Miami,85221.47,9248.33,2021-05-14,37,96.8,lisa.jones@company.com,(765) 808-4815,Active
EMP007812,Michael,Davis,Michael Davis,49,IT,Manager,Seattle,98511.07,19590.91,2024-07-07,26,68.2,michael.davis@company.com,(449) 642-6363,Active
EMP007813,Stephanie,Taylor,Stephanie Taylor,34,Legal,Director,Chicago,67118.49,10650.07,2020-05-27,6,77.0,stephanie.taylor@company.com,(815) 230-2235,Active
EMP007814,Michael,Moore,Michael Moore,42,Operations,Specialist,Boston,44610.25,3562.34,2020-01-24,19,73.5,michael.moore@company.com,(583) 975-8944,Active
EMP007815,Ashley,Taylor,Ashley Taylor,60,Legal,Director,New York,118824.04,11329.78,2023-02-11,31,86.3,ashley.taylor@company.com,(287) 911-9143,Active
EMP007816,William,Thomas,William Thomas,49,Finance,Lead,New York,96134.79,7536.6,2023-06-08,23,100.0,william.thomas@company.com,(386) 449-3335,Active
EMP007817,Robert,Davis,Robert Davis,25,Legal,Associate,Austin,85924.2,8423.45,2020-10-26,2,92.2,robert.davis@company.com,(403) 225-6419,Active
EMP007818,Christopher,Jones,Christopher Jones,45,Engineering,Analyst,Miami,91377.94,6584.89,2022-03-01,17,75.2,christopher.jones@company.com,(616) 817-4973,Active
EMP007819,Nicole,Lopez,Nicole Lopez,27,Operations,Senior Developer,Chicago,59048.89,4086.16,2022-12-03,1,80.7,nicole.lopez@company.com,(645) 345-7053,Active
EMP007820,Amanda,Gonzalez,Amanda Gonzalez,62,HR,Lead,Seattle,71510.37,13176.59,2021-07-31,40,77.3,amanda.gonzalez@company.com,(390) 336-5166,Active
EMP007821,Ashley,Jackson,Ashley Jackson,36,Engineering,Specialist,Austin,66742.21,11121.15,2020-10-18,9,84.1,ashley.jackson@company.com,(595) 973-3560,Active
EMP007822,Ashley,Rodriguez,Ashley Rodriguez,44,Finance,Manager,Austin,73983.66,6054.09,2021-05-29,18,56.4,ashley.rodriguez@company.com,(314) 218-7071,On Leave
EMP007823,James,Taylor,James Taylor,52,IT,Senior Developer,New York,120329.98,2022.35,2023-05-04,30,94.1,james.taylor@company.com,(430) 852-8429,Active
EMP007824,Emily,Moore,Emily Moore,26,IT,Coordinator,Miami,58357.09,8130.3,2023-08-07,0,77.4,emily.moore@company.com,(973) 644-7621,Active
EMP007825,John,Thomas,John Thomas,41,HR,Coordinator,Seattle,63939.98,6669.32,2023-11-27,12,45.7,john.thomas@company.com,(905) 962-8524,Active
EMP007826,John,Anderson,John Anderson,29,Sales,Manager,Miami,65929.97,8496.85,2022-04-16,4,100.0,john.anderson@company.com,(560) 531-1613,Active
EMP007827,Ashley,Thomas,Ashley Thomas,22,Marketing,Director,Chicago,52531.14,3873.23,2020-06-06,0,100.0,ashley.thomas@company.com,(467) 622-5804,Active
EMP007828,Jane,Jones,Jane Jones,40,Engineering,Associate,Miami,71483.77,11375.91,2022-01-03,14,63.5,jane.jones@company.com,(699) 787-8054,On Leave
EMP007829,Daniel,Lopez,Daniel Lopez,31,Sales,Specialist,Austin,56209.12,7446.9,2021-04-12,6,71.6,daniel.lopez@company.com,(984) 503-5440,Active
EMP007830,Daniel,Gonzalez,Daniel Gonzalez,37,Marketing,Associate,Austin,62800.21,11251.88,2023-12-17,12,100.0,daniel.gonzalez@company.com,(914) 782-7304,Active
EMP007831,Jessica,Anderson,Jessica Anderson,30,IT,Analyst,San Francisco,70456.71,1806.55,2020-01-11,5,40.4,jessica.anderson@company.com,(467) 561-9087,Active
EMP007832,Stephanie,Thomas,Stephanie Thomas,30,Finance,Specialist,New York,55744.08,683.34,2023-06-22,8,91.4,stephanie.thomas@company.com,(556) 231-7486,Active
EMP007833,Lisa,Garcia,Lisa Garcia,36,Operations,Senior Developer,San Francisco,64998.77,4399.07,2020-06-26,12,81.5,lisa.garcia@company.com,(555) 876-7112,Active
EMP007834,Emily,Martin,Emily Martin,44,Marketing,Senior Developer,Miami,83866.58,3367.78,2023-07-14,21,98.1,emily.martin@company.com,(394) 614-3355,Active
EMP007835,Nicole,Smith,Nicole Smith,52,Finance,Lead,Los Angeles,65078.73,8545.91,2022-08-19,25,97.2,nicole.smith@company.com,(823) 424-4261,Active
EMP007836,Anthony,Hernandez,Anthony Hernandez,41,Engineering,Lead,Chicago,113150.1,11174.32,2023-02-21,12,96.3,anthony.hernandez@company.com,(595) 877-3569,Active
EMP007837,Christopher,Miller,Christopher Miller,62,Sales,Senior Developer,Seattle,84824.47,1658.09,2021-04-12,35,91.5,christopher.miller@company.com,(524) 961-1557,Active
EMP007838,Lisa,Anderson,Lisa Anderson,50,Operations,Specialist,San Francisco,72770.14,7365.86,2024-08-02,21,85.1,lisa.anderson@company.com,(272) 380-1258,Active
EMP007839,Michael,Williams,Michael Williams,42,Engineering,Lead,Los Angeles,104785.47,19240.01,2022-09-23,19,87.2,michael.williams@company.com,(435) 627-9921,Active
EMP007840,Jessica,Anderson,Jessica Anderson,57,Finance,Associate,Miami,117607.83,10716.07,2020-09-06,29,83.3,jessica.anderson@company.com,(318) 542-6607,Active
EMP007841,Ashley,Jackson,Ashley Jackson,29,Legal,Specialist,Austin,72660.65,4491.87,2020-01-20,1,61.3,ashley.jackson@company.com,(203) 731-2821,Active
EMP007842,Jane,Lopez,Jane Lopez,56,Marketing,Analyst,San Francisco,93671.47,7284.14,2021-06-25,33,65.2,jane.lopez@company.com,(221) 882-8840,Active
EMP007843,Stephanie,Thomas,Stephanie Thomas,26,IT,Associate,San Francisco,81979.99,7946.59,2024-04-06,4,100.0,stephanie.thomas@company.com,(590) 496-6789,Active
EMP007844,Matthew,Miller,Matthew Miller,35,Legal,Director,Austin,81172.72,882.27,2020-09-08,7,75.4,matthew.miller@company.com,(246) 649-5941,Active
EMP007845,John,Miller,John Miller,63,Sales,Lead,New York,67779.84,7011.16,2022-06-27,36,97.0,john.miller@company.com,(668) 395-7020,Active
EMP007846,Anthony,Wilson,Anthony Wilson,50,Finance,Specialist,San Francisco,81827.44,5586.8,2021-09-24,24,66.4,anthony.wilson@company.com,(292) 368-8878,Active
EMP007847,Amanda,Thomas,Amanda Thomas,22,Engineering,Lead,Chicago,127282.59,21074.17,2024-03-23,0,84.4,amanda.thomas@company.com,(343) 258-4231,Active
EMP007848,Amanda,Williams,Amanda Williams,50,Marketing,Lead,New York,75690.07,13449.85,2024-08-28,25,70.4,amanda.williams@company.com,(566) 548-6115,Inactive
EMP007849,Christopher,Thomas,Christopher Thomas,56,Engineering,Specialist,New York,114847.15,9715.55,2022-08-30,31,78.1,christopher.thomas@company.com,(562) 899-9972,Active
EMP007850,Sarah,Jones,Sarah Jones,28,Engineering,Manager,Miami,63675.66,7332.83,2021-01-27,2,100.0,sarah.jones@company.com,(480) 302-2972,Active
EMP007851,Nicole,Wilson,Nicole Wilson,57,Sales,Senior Developer,New York,80263.85,9798.01,2020-01-19,28,66.4,nicole.wilson@company.com,(742) 404-1878,Active
EMP007852,Robert,Hernandez,Robert Hernandez,53,Marketing,Manager,Miami,68691.84,4938.25,2020-04-02,27,86.3,robert.hernandez@company.com,(944) 534-7693,Inactive
EMP007853,Matthew,Moore,Matthew Moore,36,IT,Specialist,Austin,81463.41,2756.72,2020-06-24,11,81.3,matthew.moore@company.com,(815) 593-3298,Inactive
EMP007854,Ashley,Brown,Ashley Brown,22,Finance,Lead,Seattle,98986.11,5535.62,2021-07-30,0,68.9,ashley.brown@company.com,(598) 835-1474,Active
EMP007855,Melissa,Jackson,Melissa Jackson,59,Marketing,Analyst,Austin,75547.27,4986.9,2023-09-19,30,91.9,melissa.jackson@company.com,(949) 264-9885,Active
EMP007856,James,Thomas,James Thomas,50,IT,Director,Boston,95150.21,3470.99,2022-12-19,21,78.2,james.thomas@company.com,(820) 437-4106,Active
EMP007857,David,Rodriguez,David Rodriguez,26,Sales,Senior Developer,Boston,57643.68,7383.13,2022-08-12,0,100.0,david.rodriguez@company.com,(983) 768-7581,Active
EMP007858,Nicole,Jackson,Nicole Jackson,63,Marketing,Associate,Miami,87764.19,8814.83,2023-06-21,37,79.8,nicole.jackson@company.com,(985) 772-6995,Active
EMP007859,Melissa,Jackson,Melissa Jackson,65,IT,Director,Miami,96593.32,1183.3,2022-08-10,42,65.0,melissa.jackson@company.com,(904) 810-6938,Active
EMP007860,Matthew,Johnson,Matthew Johnson,59,Operations,Associate,Los Angeles,62825.14,6022.14,2021-12-15,32,75.3,matthew.johnson@company.com,(346) 321-7240,Inactive
EMP007861,Robert,Martinez,Robert Martinez,24,Legal,Specialist,Los Angeles,116718.59,18369.85,2024-11-09,0,94.0,robert.martinez@company.com,(733) 224-3047,Active
EMP007862,Sarah,Williams,Sarah Williams,40,Finance,Associate,Chicago,89905.01,5425.39,2021-09-15,16,92.8,sarah.williams@company.com,(326) 958-1078,Active
EMP007863,Jane,Lopez,Jane Lopez,24,HR,Coordinator,Boston,55481.87,3500.85,2023-07-26,1,86.6,jane.lopez@company.com,(687) 990-9572,Active
EMP007864,Nicole,Davis,Nicole Davis,55,Operations,Associate,Chicago,79099.84,12015.91,2024-10-20,30,62.7,nicole.davis@company.com,(377) 943-8332,Active
EMP007865,Nicole,Garcia,Nicole Garcia,61,Legal,Manager,Los Angeles,118232.2,12446.49,2022-06-12,39,76.7,nicole.garcia@company.com,(927) 911-8469,Active
EMP007866,David,Lopez,David Lopez,30,Engineering,Lead,San Francisco,98751.64,3799.04,2024-02-03,1,63.8,david.lopez@company.com,(869) 830-3748,Inactive
EMP007867,Sarah,Brown,Sarah Brown,62,Engineering,Associate,Boston,123216.45,1556.45,2023-12-10,40,78.8,sarah.brown@company.com,(261) 585-4891,Active
EMP007868,Jessica,Jones,Jessica Jones,26,HR,Lead,Los Angeles,42443.51,6763.94,2023-11-20,0,96.6,jessica.jones@company.com,(445) 609-6572,Active
EMP007869,Jane,Williams,Jane Williams,25,Legal,Senior Developer,Austin,67368.07,8734.06,2020-05-22,0,86.9,jane.williams@company.com,(291) 988-3787,Active
EMP007870,David,Anderson,David Anderson,62,Marketing,Senior Developer,Chicago,76398.47,4211.33,2022-03-18,33,54.4,david.anderson@company.com,(447) 268-9003,Active
EMP007871,Sarah,Martin,Sarah Martin,27,HR,Lead,Chicago,46692.81,5717.25,2021-05-11,0,73.6,sarah.martin@company.com,(429) 485-1257,Active
EMP007872,James,Moore,James Moore,26,IT,Coordinator,Austin,73297.91,757.76,2021-08-18,2,68.9,james.moore@company.com,(647) 799-4034,Active
EMP007873,David,Gonzalez,David Gonzalez,40,IT,Specialist,Chicago,107520.26,12556.68,2020-11-07,14,71.0,david.gonzalez@company.com,(795) 944-7957,On Leave
EMP007874,Christopher,Davis,Christopher Davis,30,Engineering,Specialist,Miami,53714.4,4650.59,2020-09-26,3,98.4,christopher.davis@company.com,(877) 594-7932,Active
EMP007875,Matthew,Martin,Matthew Martin,24,Sales,Analyst,Chicago,85119.53,10738.73,2022-12-16,0,63.7,matthew.martin@company.com,(227) 209-4034,Active
EMP007876,Melissa,Johnson,Melissa Johnson,64,IT,Director,New York,124672.47,12424.63,2020-05-26,40,85.3,melissa.johnson@company.com,(492) 267-8508,Active
EMP007877,Jessica,Gonzalez,Jessica Gonzalez,38,Sales,Director,Chicago,60513.35,4564.58,2023-04-20,10,86.7,jessica.gonzalez@company.com,(422) 406-9968,Active
EMP007878,Anthony,Rodriguez,Anthony Rodriguez,36,Operations,Lead,Seattle,63101.52,6873.15,2021-12-20,8,100.0,anthony.rodriguez@company.com,(283) 904-6514,Active
EMP007879,Matthew,Hernandez,Matthew Hernandez,23,Legal,Coordinator,Chicago,49056.42,7147.2,2020-02-13,0,65.6,matthew.hernandez@company.com,(991) 591-8487,Active
EMP007880,Jessica,Jones,Jessica Jones,35,Marketing,Lead,Austin,67314.75,9575.96,2024-08-01,12,84.3,jessica.jones@company.com,(920) 960-1263,Active
EMP007881,Jessica,Brown,Jessica Brown,26,HR,Associate,Seattle,66578.04,6191.08,2021-10-01,0,51.4,jessica.brown@company.com,(498) 432-1163,Active
EMP007882,James,Davis,James Davis,58,HR,Director,Boston,86428.11,16152.91,2024-09-14,35,70.0,james.davis@company.com,(393) 908-3188,Active
EMP007883,Stephanie,Lopez,Stephanie Lopez,31,Engineering,Senior Developer,New York,100856.61,9594.79,2020-12-23,6,88.3,stephanie.lopez@company.com,(740) 272-9278,Active
EMP007884,Nicole,Martin,Nicole Martin,65,HR,Specialist,Los Angeles,85161.15,13433.26,2021-11-14,41,74.4,nicole.martin@company.com,(815) 263-5044,Inactive
EMP007885,Jane,Johnson,Jane Johnson,30,IT,Senior Developer,Miami,100897.25,7790.93,2023-08-29,8,83.9,jane.johnson@company.com,(407) 490-7690,Active
EMP007886,Jane,Gonzalez,Jane Gonzalez,53,Engineering,Coordinator,Los Angeles,101055.93,11442.48,2022-03-21,30,62.9,jane.gonzalez@company.com,(266) 348-2838,Active
EMP007887,Melissa,Martinez,Melissa Martinez,40,Legal,Associate,Chicago,93062.09,5104.89,2022-09-20,17,54.7,melissa.martinez@company.com,(384) 416-5976,Active
EMP007888,Stephanie,Moore,Stephanie Moore,51,Legal,Analyst,Miami,121028.42,10055.01,2022-09-12,28,53.4,stephanie.moore@company.com,(993) 546-4251,Active
EMP007889,Christopher,Moore,Christopher Moore,30,Legal,Lead,New York,92726.57,1351.27,2021-03-02,3,100.0,christopher.moore@company.com,(946) 506-3050,Active
EMP007890,John,Taylor,John Taylor,65,HR,Associate,San Francisco,100232.41,323.85,2023-05-24,39,72.0,john.taylor@company.com,(717) 338-4267,Active
EMP007891,Anthony,Jackson,Anthony Jackson,29,Operations,Specialist,Austin,36435.67,5229.26,2020-09-30,6,74.4,anthony.jackson@company.com,(896) 850-1478,Active
EMP007892,Christopher,Taylor,Christopher Taylor,57,Engineering,Director,Miami,95949.38,10751.51,2022-01-04,30,84.4,christopher.taylor@company.com,(375) 605-8380,Active
EMP007893,Christopher,Lopez,Christopher Lopez,41,Marketing,Coordinator,New York,66822.96,3034.79,2021-05-12,18,84.6,christopher.lopez@company.com,(865) 239-4187,Active
EMP007894,John,Smith,John Smith,28,Finance,Manager,Los Angeles,70641.97,6805.26,2024-08-18,2,73.3,john.smith@company.com,(950) 540-2786,Active
EMP007895,John,Brown,John Brown,58,Operations,Manager,New York,91667.54,11915.6,2023-07-02,35,71.3,john.brown@company.com,(771) 963-8689,Active
EMP007896,William,Wilson,William Wilson,48,Marketing,Senior Developer,Miami,61720.55,9989.21,2022-05-05,26,68.7,william.wilson@company.com,(666) 559-3128,Active
EMP007897,Amanda,Jackson,Amanda Jackson,42,HR,Specialist,Boston,83783.47,8405.13,2020-06-09,17,57.1,amanda.jackson@company.com,(578) 709-3580,Active
EMP007898,Melissa,Rodriguez,Melissa Rodriguez,49,Marketing,Lead,Seattle,70550.67,579.16,2021-08-02,23,88.8,melissa.rodriguez@company.com,(352) 865-6330,Active
EMP007899,Sarah,Martin,Sarah Martin,26,Operations,Specialist,Miami,38259.05,3824.82,2022-05-27,4,88.4,sarah.martin@company.com,(533) 291-9727,Active
EMP007900,Amanda,Gonzalez,Amanda Gonzalez,35,HR,Associate,San Francisco,37014.53,4357.59,2020-03-01,12,79.1,amanda.gonzalez@company.com,(408) 389-9379,Active
EMP007901,William,Moore,William Moore,53,Legal,Senior Developer,Seattle,88230.3,7439.99,2023-11-22,25,68.2,william.moore@company.com,(705) 329-8054,Active
EMP007902,Amanda,Jones,Amanda Jones,51,Marketing,Analyst,New York,68493.33,5326.94,2024-10-28,25,83.1,amanda.jones@company.com,(419) 299-6112,Active
EMP007903,Jane,Jones,Jane Jones,52,Operations,Manager,Chicago,55001.94,1560.4,2020-01-24,30,69.1,jane.jones@company.com,(868) 329-9465,Active
EMP007904,Ashley,Garcia,Ashley Garcia,47,IT,Lead,New York,117460.88,10597.17,2023-01-17,22,97.4,ashley.garcia@company.com,(377) 523-4874,Active
EMP007905,Melissa,Smith,Melissa Smith,62,Legal,Manager,Boston,103282.38,9277.22,2024-03-24,39,51.0,melissa.smith@company.com,(645) 272-7277,Active
EMP007906,Sarah,Jones,Sarah Jones,57,Sales,Senior Developer,Miami,89780.03,11252.22,2022-06-08,31,54.6,sarah.jones@company.com,(861) 388-7427,Active
EMP007907,Christopher,Martin,Christopher Martin,58,Legal,Analyst,Seattle,112911.32,5349.9,2020-11-24,36,87.3,christopher.martin@company.com,(442) 433-9685,Inactive
EMP007908,Ashley,Martinez,Ashley Martinez,35,Finance,Senior Developer,Los Angeles,79606.62,3021.13,2020-07-05,8,31.1,ashley.martinez@company.com,(671) 781-6192,Active
EMP007909,Amanda,Anderson,Amanda Anderson,55,Sales,Lead,San Francisco,80750.68,9997.3,2024-05-15,33,73.7,amanda.anderson@company.com,(210) 501-5195,Active
EMP007910,Ashley,Williams,Ashley Williams,42,Operations,Associate,Austin,57601.78,4615.28,2020-09-06,20,54.5,ashley.williams@company.com,(463) 542-2178,Active
EMP007911,Nicole,Miller,Nicole Miller,23,Sales,Analyst,Austin,30000.0,6146.46,2020-07-12,0,68.9,nicole.miller@company.com,(901) 739-2798,Active
EMP007912,Melissa,Johnson,Melissa Johnson,39,Finance,Coordinator,San Francisco,85081.78,7039.08,2022-03-16,12,79.0,melissa.johnson@company.com,(311) 211-1956,Inactive
EMP007913,David,Wilson,David Wilson,35,Engineering,Associate,Miami,100833.44,8369.76,2022-11-15,6,71.5,david.wilson@company.com,(898) 560-2159,Active
EMP007914,Ashley,Johnson,Ashley Johnson,44,IT,Manager,Seattle,87654.69,9994.67,2024-12-03,21,91.0,ashley.johnson@company.com,(252) 544-5716,On Leave
EMP007915,Amanda,Brown,Amanda Brown,43,Marketing,Lead,Chicago,47198.31,5718.32,2024-05-19,15,72.3,amanda.brown@company.com,(343) 836-5285,Active
EMP007916,Nicole,Martin,Nicole Martin,63,Sales,Associate,San Francisco,76118.61,9146.34,2022-06-04,37,79.0,nicole.martin@company.com,(980) 490-8793,Active
EMP007917,William,Taylor,William Taylor,39,HR,Coordinator,Chicago,70876.25,11119.77,2024-06-18,17,86.1,william.taylor@company.com,(815) 529-9114,Active
EMP007918,Nicole,Lopez,Nicole Lopez,48,Sales,Director,Austin,76606.12,0.0,2022-10-19,26,88.7,nicole.lopez@company.com,(560) 794-4248,Active
EMP007919,Amanda,Moore,Amanda Moore,53,Marketing,Senior Developer,Austin,90187.63,7887.51,2022-10-25,30,63.8,amanda.moore@company.com,(700) 314-7509,Active
EMP007920,Christopher,Anderson,Christopher Anderson,41,Operations,Analyst,Los Angeles,72011.2,10105.13,2024-03-16,16,46.8,christopher.anderson@company.com,(818) 843-3976,Active
EMP007921,Daniel,Wilson,Daniel Wilson,32,Engineering,Analyst,Miami,77281.58,2767.51,2021-11-06,4,55.5,daniel.wilson@company.com,(680) 878-8250,Active
EMP007922,Michael,Miller,Michael Miller,32,Sales,Specialist,Boston,60026.16,8836.82,2022-05-06,4,80.8,michael.miller@company.com,(392) 633-9170,Active
EMP007923,David,Brown,David Brown,50,HR,Manager,Los Angeles,73884.27,3345.97,2022-06-06,25,75.5,david.brown@company.com,(351) 830-5671,Active
EMP007924,Anthony,Rodriguez,Anthony Rodriguez,40,Finance,Analyst,Miami,73307.38,7210.89,2024-06-01,14,61.2,anthony.rodriguez@company.com,(710) 338-6101,Active
EMP007925,Melissa,Gonzalez,Melissa Gonzalez,30,Legal,Senior Developer,Boston,91110.43,7588.95,2020-08-02,4,74.7,melissa.gonzalez@company.com,(839) 492-9659,Active
EMP007926,Jessica,Miller,Jessica Miller,30,HR,Director,Los Angeles,35924.84,3008.17,2023-06-17,6,100.0,jessica.miller@company.com,(779) 641-1493,On Leave
EMP007927,Ashley,Rodriguez,Ashley Rodriguez,46,Legal,Coordinator,San Francisco,93739.79,11581.78,2023-11-04,19,46.7,ashley.rodriguez@company.com,(957) 791-8510,Active
EMP007928,Michael,Jackson,Michael Jackson,50,Finance,Coordinator,Seattle,94268.57,7680.96,2023-06-29,21,86.1,michael.jackson@company.com,(572) 913-7432,Active
EMP007929,Jane,Martin,Jane Martin,31,Legal,Specialist,Miami,58768.43,7105.56,2020-06-21,9,86.2,jane.martin@company.com,(720) 488-2689,Active
EMP007930,David,Gonzalez,David Gonzalez,31,Finance,Coordinator,New York,86197.9,15044.91,2024-10-05,4,74.3,david.gonzalez@company.com,(452) 570-3215,On Leave
EMP007931,Jessica,Garcia,Jessica Garcia,25,Marketing,Associate,Miami,80931.77,10104.17,2023-04-17,0,91.6,jessica.garcia@company.com,(916) 697-4120,Active
EMP007932,Jane,Hernandez,Jane Hernandez,57,Legal,Senior Developer,Chicago,38806.32,2975.62,2022-11-10,30,76.7,jane.hernandez@company.com,(641) 485-6526,Active
EMP007933,Jessica,Jones,Jessica Jones,40,IT,Associate,San Francisco,107211.11,13459.51,2023-06-19,16,78.2,jessica.jones@company.com,(278) 679-5221,Active
EMP007934,Jessica,Martin,Jessica Martin,53,Finance,Analyst,Boston,83113.51,6641.1,2020-12-06,25,95.1,jessica.martin@company.com,(657) 926-2639,Active
EMP007935,John,Lopez,John Lopez,26,Operations,Lead,Seattle,62122.41,8441.25,2020-04-14,0,63.4,john.lopez@company.com,(256) 924-7815,Inactive
EMP007936,Nicole,Taylor,Nicole Taylor,44,Legal,Manager,Austin,94304.5,15668.6,2023-07-04,20,70.1,nicole.taylor@company.com,(343) 776-7837,Active
EMP007937,John,Lopez,John Lopez,30,IT,Director,Austin,52127.97,3891.48,2022-03-11,2,67.8,john.lopez@company.com,(465) 249-8413,Active
EMP007938,Nicole,Garcia,Nicole Garcia,65,Legal,Analyst,San Francisco,129815.42,7850.69,2024-03-08,42,81.6,nicole.garcia@company.com,(771) 762-3887,Inactive
EMP007939,Stephanie,Davis,Stephanie Davis,50,Sales,Associate,New York,99589.34,7894.22,2024-03-23,25,62.6,stephanie.davis@company.com,(759) 666-3824,Active
EMP007940,Ashley,Johnson,Ashley Johnson,43,Legal,Specialist,Miami,90696.28,12470.74,2023-01-08,21,90.7,ashley.johnson@company.com,(742) 939-2202,On Leave
EMP007941,Stephanie,Taylor,Stephanie Taylor,30,Marketing,Specialist,New York,72881.38,4143.1,2021-03-18,8,94.3,stephanie.taylor@company.com,(367) 731-2501,Active
EMP007942,Daniel,Thomas,Daniel Thomas,57,HR,Lead,San Francisco,73363.62,7994.0,2024-03-27,34,75.9,daniel.thomas@company.com,(674) 503-3757,Active
EMP007943,Nicole,Martin,Nicole Martin,24,Finance,Lead,Austin,61830.86,2729.99,2023-01-20,0,30.0,nicole.martin@company.com,(897) 771-8707,Active
EMP007944,David,Anderson,David Anderson,30,Operations,Specialist,San Francisco,35188.06,4672.07,2020-02-21,8,64.8,david.anderson@company.com,(910) 591-6368,Active
EMP007945,James,Moore,James Moore,38,Engineering,Director,Boston,59507.41,7049.47,2020-08-08,15,93.7,james.moore@company.com,(637) 504-8228,Active
EMP007946,Lisa,Rodriguez,Lisa Rodriguez,63,Legal,Director,Boston,165282.11,16473.81,2023-12-08,34,71.3,lisa.rodriguez@company.com,(476) 236-8912,Active
EMP007947,Robert,Garcia,Robert Garcia,29,Finance,Associate,Boston,74685.91,7772.78,2024-08-15,5,63.7,robert.garcia@company.com,(756) 723-4853,Active
EMP007948,Matthew,Williams,Matthew Williams,31,Legal,Manager,San Francisco,82376.61,13591.31,2023-01-28,6,74.3,matthew.williams@company.com,(391) 346-9936,Active
EMP007949,William,Johnson,William Johnson,34,HR,Specialist,Austin,75118.96,7296.09,2023-03-10,6,73.5,william.johnson@company.com,(915) 691-8495,Active
EMP007950,Lisa,Davis,Lisa Davis,32,HR,Lead,Los Angeles,55908.8,6477.8,2024-05-13,10,75.5,lisa.davis@company.com,(755) 437-6851,Active
EMP007951,Ashley,Hernandez,Ashley Hernandez,62,Finance,Associate,New York,85024.91,9747.98,2022-09-26,34,86.0,ashley.hernandez@company.com,(848) 737-2545,Active
EMP007952,David,Davis,David Davis,39,Sales,Associate,San Francisco,38560.36,3490.37,2024-07-15,10,99.6,david.davis@company.com,(931) 711-7511,Active
EMP007953,Daniel,Hernandez,Daniel Hernandez,24,HR,Coordinator,Austin,37544.74,3810.89,2022-02-12,0,75.6,daniel.hernandez@company.com,(588) 452-9494,Active
EMP007954,Emily,Taylor,Emily Taylor,27,Marketing,Lead,Chicago,65165.78,9505.24,2020-01-19,4,68.5,emily.taylor@company.com,(608) 894-8735,Active
EMP007955,Melissa,Davis,Melissa Davis,46,Engineering,Analyst,Seattle,120411.19,21113.24,2023-03-31,24,73.5,melissa.davis@company.com,(717) 520-1990,Active
EMP007956,Daniel,Johnson,Daniel Johnson,61,Marketing,Associate,Austin,88481.0,6518.9,2023-01-09,33,90.1,daniel.johnson@company.com,(291) 888-1875,Active
EMP007957,William,Wilson,William Wilson,24,HR,Director,Los Angeles,54356.25,559.3,2020-10-16,0,67.1,william.wilson@company.com,(961) 219-2438,Inactive
EMP007958,Amanda,Martinez,Amanda Martinez,28,IT,Analyst,San Francisco,79549.89,6095.95,2020-05-28,0,71.8,amanda.martinez@company.com,(462) 948-2490,Active
EMP007959,Emily,Moore,Emily Moore,61,IT,Director,Miami,139958.46,0.0,2020-07-31,34,100.0,emily.moore@company.com,(879) 804-5262,Active
EMP007960,Anthony,Rodriguez,Anthony Rodriguez,28,Marketing,Coordinator,Los Angeles,55122.15,7986.37,2023-10-23,6,63.3,anthony.rodriguez@company.com,(306) 320-9709,Active
EMP007961,Matthew,Johnson,Matthew Johnson,58,Marketing,Analyst,New York,54961.95,3587.03,2023-08-22,36,73.2,matthew.johnson@company.com,(417) 294-6310,Active
EMP007962,Emily,Brown,Emily Brown,27,Engineering,Senior Developer,Los Angeles,75358.29,4741.84,2020-11-15,0,65.3,emily.brown@company.com,(517) 826-3528,Active
EMP007963,Sarah,Moore,Sarah Moore,59,Finance,Coordinator,Austin,106724.86,5597.61,2024-02-12,36,29.6,sarah.moore@company.com,(937) 808-8775,Active
EMP007964,John,Martin,John Martin,32,Engineering,Coordinator,Los Angeles,87208.92,3516.14,2022-08-22,10,71.2,john.martin@company.com,(349) 694-4088,Active
EMP007965,Sarah,Wilson,Sarah Wilson,50,Operations,Coordinator,Seattle,90425.54,10952.88,2022-05-07,23,62.6,sarah.wilson@company.com,(398) 386-5105,Active
EMP007966,Ashley,Smith,Ashley Smith,31,Operations,Associate,Austin,73458.47,4195.14,2020-01-02,5,80.0,ashley.smith@company.com,(609) 535-7914,Active
EMP007967,James,Rodriguez,James Rodriguez,56,Engineering,Analyst,Boston,119707.54,21009.25,2020-07-16,30,65.5,james.rodriguez@company.com,(661) 920-8740,Active
EMP007968,Anthony,Wilson,Anthony Wilson,25,Marketing,Analyst,Chicago,83031.47,681.52,2021-04-09,3,40.2,anthony.wilson@company.com,(939) 893-5639,Active
EMP007969,Stephanie,Thomas,Stephanie Thomas,51,Sales,Specialist,Seattle,45142.94,6259.19,2022-05-03,22,69.0,stephanie.thomas@company.com,(276) 873-8210,Active
EMP007970,Daniel,Martinez,Daniel Martinez,37,HR,Lead,New York,44648.74,4685.81,2022-03-18,12,51.6,daniel.martinez@company.com,(943) 887-7291,Active
EMP007971,William,Smith,William Smith,48,Engineering,Specialist,San Francisco,129703.84,4222.7,2022-08-08,21,39.1,william.smith@company.com,(884) 862-7988,Inactive
EMP007972,Anthony,Martin,Anthony Martin,60,Operations,Coordinator,Austin,57617.11,7757.71,2023-03-17,37,71.8,anthony.martin@company.com,(584) 224-8270,On Leave
EMP007973,David,Rodriguez,David Rodriguez,57,Engineering,Lead,Seattle,90216.32,10149.81,2022-02-22,35,100.0,david.rodriguez@company.com,(567) 917-3532,Inactive
EMP007974,Amanda,Gonzalez,Amanda Gonzalez,23,Marketing,Specialist,Chicago,66753.88,7144.37,2024-04-08,0,59.3,amanda.gonzalez@company.com,(664) 327-9725,Active
EMP007975,Matthew,Taylor,Matthew Taylor,59,Sales,Director,Seattle,79668.3,11284.41,2022-07-23,35,94.4,matthew.taylor@company.com,(305) 261-5695,Active
EMP007976,James,Taylor,James Taylor,23,Marketing,Manager,Los Angeles,61551.76,8311.96,2023-04-26,0,78.4,james.taylor@company.com,(611) 962-1586,Inactive
EMP007977,John,Anderson,John Anderson,32,Operations,Lead,New York,44763.8,3973.77,2023-11-17,8,94.8,john.anderson@company.com,(993) 791-8438,Active
EMP007978,David,Garcia,David Garcia,62,Sales,Manager,Miami,102916.35,3527.42,2022-04-25,38,67.2,david.garcia@company.com,(619) 705-8272,Active
EMP007979,Matthew,Williams,Matthew Williams,42,HR,Senior Developer,New York,46052.02,484.43,2022-03-27,18,72.0,matthew.williams@company.com,(407) 906-8058,Active
EMP007980,William,Jones,William Jones,49,IT,Director,Austin,99476.94,9362.13,2022-06-14,25,68.3,william.jones@company.com,(283) 760-2550,On Leave
EMP007981,James,Hernandez,James Hernandez,24,IT,Lead,Boston,116355.31,17301.1,2020-11-28,0,70.3,james.hernandez@company.com,(676) 348-9068,Active
EMP007982,Sarah,Taylor,Sarah Taylor,56,Finance,Specialist,San Francisco,103665.11,6818.77,2024-10-17,33,55.4,sarah.taylor@company.com,(675) 589-4029,Active
EMP007983,Jessica,Taylor,Jessica Taylor,50,Engineering,Associate,Chicago,102477.02,9475.55,2024-07-24,21,78.9,jessica.taylor@company.com,(980) 700-1949,Active
EMP007984,Lisa,Martinez,Lisa Martinez,39,IT,Associate,San Francisco,103119.65,11247.4,2022-08-04,16,82.0,lisa.martinez@company.com,(894) 695-2436,Inactive
EMP007985,Stephanie,Rodriguez,Stephanie Rodriguez,40,Sales,Specialist,San Francisco,66794.04,4852.43,2022-05-10,15,78.0,stephanie.rodriguez@company.com,(253) 461-2426,Active
EMP007986,Jessica,Wilson,Jessica Wilson,30,HR,Analyst,Chicago,53830.24,5302.6,2022-11-28,8,82.6,jessica.wilson@company.com,(230) 954-3741,Active
EMP007987,Lisa,Taylor,Lisa Taylor,30,Engineering,Director,San Francisco,69122.02,6260.7,2024-04-10,2,58.7,lisa.taylor@company.com,(504) 697-3472,Active
EMP007988,Jane,Jackson,Jane Jackson,41,IT,Director,Miami,77990.96,8881.46,2023-01-07,19,72.0,jane.jackson@company.com,(943) 632-7345,Active
EMP007989,Michael,Martin,Michael Martin,33,IT,Director,Boston,88822.98,8811.86,2022-06-27,4,76.7,michael.martin@company.com,(597) 668-1412,Active
EMP007990,Lisa,Garcia,Lisa Garcia,54,Legal,Senior Developer,Seattle,111631.61,16590.67,2021-08-31,30,86.2,lisa.garcia@company.com,(437) 757-4880,Active
EMP007991,Daniel,Hernandez,Daniel Hernandez,60,Engineering,Director,Boston,100600.36,12714.96,2020-01-29,33,80.0,daniel.hernandez@company.com,(763) 840-4145,Active
EMP007992,Christopher,Johnson,Christopher Johnson,56,Sales,Associate,Seattle,88055.36,4464.92,2024-09-07,33,79.5,christopher.johnson@company.com,(701) 314-6741,Active
EMP007993,Nicole,Moore,Nicole Moore,41,Marketing,Manager,Miami,56431.06,5456.81,2021-05-08,19,83.2,nicole.moore@company.com,(363) 959-3780,Active
EMP007994,Matthew,Martin,Matthew Martin,62,Sales,Associate,Austin,102510.54,6213.42,2020-03-20,36,62.6,matthew.martin@company.com,(513) 399-8358,Active
EMP007995,Amanda,Anderson,Amanda Anderson,64,IT,Director,Los Angeles,108794.86,13921.91,2023-03-12,41,61.1,amanda.anderson@company.com,(510) 218-9783,Active
EMP007996,David,Thomas,David Thomas,23,Operations,Analyst,Seattle,62203.94,2903.88,2022-09-27,0,62.2,david.thomas@company.com,(651) 577-5969,Inactive
EMP007997,Daniel,Martin,Daniel Martin,53,Marketing,Lead,Chicago,57679.21,5998.58,2023-10-04,29,81.9,daniel.martin@company.com,(253) 285-3471,Active
EMP007998,Christopher,Anderson,Christopher Anderson,55,Operations,Lead,Boston,77157.79,9359.06,2024-09-05,29,35.5,christopher.anderson@company.com,(830) 845-7273,Active
EMP007999,Melissa,Brown,Melissa Brown,23,Sales,Coordinator,Austin,66560.27,4319.69,2020-08-30,0,64.9,melissa.brown@company.com,(674) 231-8467,Inactive
EMP008000,Stephanie,Hernandez,Stephanie Hernandez,54,Engineering,Lead,San Francisco,95882.53,5461.74,2020-04-11,30,68.5,stephanie.hernandez@company.com,(408) 896-8199,Active
EMP008001,Robert,Hernandez,Robert Hernandez,39,Marketing,Analyst,Seattle,71854.04,6286.56,2023-02-02,15,69.3,robert.hernandez@company.com,(305) 638-5508,Active
EMP008002,Nicole,Rodriguez,Nicole Rodriguez,28,Operations,Specialist,Boston,42852.63,5448.88,2020-11-28,4,71.8,nicole.rodriguez@company.com,(850) 848-8609,Active
EMP008003,William,Anderson,William Anderson,54,Operations,Lead,Austin,41834.27,2091.52,2023-07-14,28,91.7,william.anderson@company.com,(863) 796-3177,Active
EMP008004,Michael,Martinez,Michael Martinez,56,Marketing,Director,Chicago,81013.24,8950.53,2022-09-16,29,64.4,michael.martinez@company.com,(825) 384-7015,Active
EMP008005,Lisa,Gonzalez,Lisa Gonzalez,25,IT,Manager,Boston,84010.72,8673.56,2022-02-16,0,80.4,lisa.gonzalez@company.com,(627) 226-2977,Inactive
EMP008006,Michael,Gonzalez,Michael Gonzalez,29,Operations,Associate,Boston,54480.81,2948.78,2021-12-25,5,80.6,michael.gonzalez@company.com,(296) 283-6673,On Leave
EMP008007,John,Davis,John Davis,61,Operations,Coordinator,Boston,77892.64,1752.42,2023-02-05,37,85.4,john.davis@company.com,(305) 756-1915,Active
EMP008008,Jane,Wilson,Jane Wilson,31,IT,Coordinator,New York,83692.23,9321.15,2022-05-17,2,82.1,jane.wilson@company.com,(900) 979-8922,Active
EMP008009,Emily,Brown,Emily Brown,50,HR,Manager,Los Angeles,45512.49,299.32,2020-03-23,26,78.1,emily.brown@company.com,(750) 479-4503,Active
EMP008010,John,Wilson,John Wilson,39,HR,Lead,Austin,54450.51,7393.68,2022-12-20,12,75.8,john.wilson@company.com,(341) 997-4994,Active
EMP008011,Sarah,Smith,Sarah Smith,30,Legal,Analyst,Miami,61147.64,5392.18,2024-08-23,3,70.5,sarah.smith@company.com,(266) 790-2630,Active
EMP008012,Robert,Smith,Robert Smith,26,Sales,Coordinator,Los Angeles,63594.8,1927.58,2020-07-06,2,79.3,robert.smith@company.com,(629) 756-1687,Active
EMP008013,Melissa,Garcia,Melissa Garcia,26,Sales,Director,Boston,62733.04,2986.72,2021-11-07,0,93.2,melissa.garcia@company.com,(683) 881-1522,Active
EMP008014,Robert,Hernandez,Robert Hernandez,26,Legal,Lead,San Francisco,78155.05,11613.9,2020-04-30,0,72.2,robert.hernandez@company.com,(390) 210-1861,Active
EMP008015,Amanda,Hernandez,Amanda Hernandez,53,Operations,Senior Developer,New York,71656.0,8003.99,2024-03-15,26,64.1,amanda.hernandez@company.com,(756) 661-9667,Active
EMP008016,Jane,Hernandez,Jane Hernandez,48,Marketing,Analyst,Seattle,80350.02,3977.44,2021-04-05,21,71.9,jane.hernandez@company.com,(334) 563-6671,Active
EMP008017,Robert,Miller,Robert Miller,28,Finance,Director,Chicago,64488.97,6667.98,2020-12-22,0,77.1,robert.miller@company.com,(860) 285-3835,Active
EMP008018,Robert,Smith,Robert Smith,61,Marketing,Director,Boston,77645.99,8343.56,2021-05-19,32,82.7,robert.smith@company.com,(908) 216-4572,Active
EMP008019,Michael,Davis,Michael Davis,46,Marketing,Lead,Chicago,69927.17,3501.27,2022-05-15,22,76.1,michael.davis@company.com,(951) 793-1240,Inactive
EMP008020,Melissa,Rodriguez,Melissa Rodriguez,36,Finance,Director,Miami,33000.0,2133.86,2020-01-25,13,90.6,melissa.rodriguez@company.com,(819) 848-9413,Active
EMP008021,John,Anderson,John Anderson,59,Engineering,Associate,Miami,106903.22,2972.87,2024-08-16,31,68.5,john.anderson@company.com,(589) 692-9645,Active
EMP008022,Robert,Miller,Robert Miller,58,Finance,Director,Austin,108318.76,18700.28,2021-12-19,30,85.3,robert.miller@company.com,(894) 994-8536,Active
EMP008023,Jessica,Anderson,Jessica Anderson,24,Engineering,Senior Developer,San Francisco,85557.58,173.73,2022-11-05,0,77.4,jessica.anderson@company.com,(978) 899-1751,Active
EMP008024,Christopher,Williams,Christopher Williams,52,HR,Director,Los Angeles,69483.33,5106.26,2022-09-11,25,50.4,christopher.williams@company.com,(922) 534-1393,Active
EMP008025,James,Johnson,James Johnson,24,HR,Coordinator,Austin,68491.83,16848.09,2020-07-18,0,80.9,james.johnson@company.com,(315) 604-4871,Active
EMP008026,Melissa,Moore,Melissa Moore,63,Finance,Lead,Boston,105490.2,11204.31,2023-07-04,38,61.4,melissa.moore@company.com,(440) 622-3752,Active
EMP008027,Jessica,Smith,Jessica Smith,22,HR,Analyst,Seattle,48727.85,1397.08,2024-07-10,0,28.8,jessica.smith@company.com,(643) 203-3765,Active
EMP008028,Jessica,Garcia,Jessica Garcia,55,Marketing,Analyst,Los Angeles,86781.82,11566.18,2024-11-27,27,80.2,jessica.garcia@company.com,(661) 338-9479,Active
EMP008029,David,Garcia,David Garcia,35,Finance,Manager,New York,58975.76,3102.85,2023-04-18,13,64.1,david.garcia@company.com,(933) 700-6411,Active
EMP008030,Michael,Smith,Michael Smith,39,Marketing,Specialist,Austin,69175.71,10658.45,2020-01-24,16,58.8,michael.smith@company.com,(788) 997-7764,Active
EMP008031,Daniel,Moore,Daniel Moore,23,Operations,Specialist,Los Angeles,60857.31,12132.66,2024-02-25,0,92.3,daniel.moore@company.com,(563) 820-9584,Active
EMP008032,Daniel,Williams,Daniel Williams,58,HR,Director,New York,57095.77,4815.71,2020-11-25,35,65.9,daniel.williams@company.com,(807) 348-5781,Active
EMP008033,Emily,Brown,Emily Brown,59,HR,Director,Seattle,98882.9,10114.83,2021-03-21,33,76.7,emily.brown@company.com,(330) 295-4979,Inactive
EMP008034,Jessica,Johnson,Jessica Johnson,53,Engineering,Specialist,New York,92142.72,6265.89,2024-02-08,28,82.7,jessica.johnson@company.com,(369) 836-6420,Active
EMP008035,Robert,Smith,Robert Smith,46,Marketing,Manager,Austin,95753.25,6808.44,2023-04-05,23,91.8,robert.smith@company.com,(546) 715-9034,Active
EMP008036,John,Garcia,John Garcia,52,Engineering,Coordinator,Miami,138190.87,22986.5,2020-11-09,30,100.0,john.garcia@company.com,(251) 220-3821,Active
EMP008037,Christopher,Martin,Christopher Martin,61,HR,Associate,San Francisco,56983.2,7103.74,2020-01-15,33,61.1,christopher.martin@company.com,(645) 923-3655,Active
EMP008038,Sarah,Rodriguez,Sarah Rodriguez,64,HR,Specialist,Miami,64844.8,0.0,2021-09-09,41,78.1,sarah.rodriguez@company.com,(436) 705-5023,Active
EMP008039,Jessica,Lopez,Jessica Lopez,36,IT,Lead,Chicago,111988.94,16081.41,2022-04-27,14,87.4,jessica.lopez@company.com,(441) 214-1573,Active
EMP008040,Melissa,Gonzalez,Melissa Gonzalez,51,HR,Coordinator,Chicago,55911.58,5718.05,2020-10-07,26,69.3,melissa.gonzalez@company.com,(668) 872-5000,Active
EMP008041,Christopher,Thomas,Christopher Thomas,39,Finance,Director,San Francisco,95783.81,14596.11,2023-03-30,14,86.2,christopher.thomas@company.com,(296) 480-3396,Inactive
EMP008042,Jessica,Thomas,Jessica Thomas,22,Operations,Specialist,Los Angeles,58418.2,5422.49,2020-05-08,0,48.7,jessica.thomas@company.com,(516) 454-2145,Active
EMP008043,John,Brown,John Brown,59,HR,Specialist,Miami,85240.22,9073.8,2020-11-27,34,82.1,john.brown@company.com,(826) 576-4947,Active
EMP008044,Robert,Anderson,Robert Anderson,34,Sales,Analyst,Seattle,68528.43,15845.92,2023-01-02,7,65.9,robert.anderson@company.com,(488) 212-9795,Active
EMP008045,Nicole,Taylor,Nicole Taylor,48,Operations,Director,Los Angeles,85471.95,6863.61,2022-10-24,26,62.2,nicole.taylor@company.com,(208) 387-9930,Active
EMP008046,David,Williams,David Williams,22,Marketing,Manager,New York,38560.4,1498.26,2024-08-15,0,70.1,david.williams@company.com,(493) 857-2485,Active
EMP008047,Nicole,Lopez,Nicole Lopez,48,Sales,Coordinator,Boston,59797.47,10339.56,2023-03-08,24,85.5,nicole.lopez@company.com,(615) 467-9853,Inactive
EMP008048,Jane,Miller,Jane Miller,23,Marketing,Lead,San Francisco,47668.11,8845.99,2020-01-31,0,71.1,jane.miller@company.com,(444) 828-7014,Active
EMP008049,Nicole,Moore,Nicole Moore,56,Finance,Director,Chicago,97064.97,9852.29,2023-09-28,32,78.5,nicole.moore@company.com,(571) 832-5342,Active
EMP008050,Michael,Wilson,Michael Wilson,31,Engineering,Senior Developer,Los Angeles,97361.54,4740.74,2021-04-10,7,45.4,michael.wilson@company.com,(550) 842-7382,Active
EMP008051,Christopher,Jones,Christopher Jones,63,Marketing,Specialist,Seattle,72165.37,6245.32,2022-06-05,38,98.2,christopher.jones@company.com,(989) 388-8025,Active
EMP008052,Stephanie,Brown,Stephanie Brown,34,Operations,Lead,Miami,64208.67,1529.9,2020-09-19,6,71.5,stephanie.brown@company.com,(434) 546-6641,Inactive
EMP008053,Melissa,Jones,Melissa Jones,40,Legal,Specialist,Seattle,80088.14,14715.89,2022-07-21,15,99.9,melissa.jones@company.com,(809) 898-4042,Active
EMP008054,Amanda,Jackson,Amanda Jackson,58,Finance,Associate,Seattle,101739.95,11833.51,2020-07-20,29,69.4,amanda.jackson@company.com,(660) 429-6166,Active
EMP008055,Jane,Wilson,Jane Wilson,22,Finance,Lead,Seattle,66644.03,740.92,2024-02-11,0,77.5,jane.wilson@company.com,(897) 202-7917,Active
EMP008056,Melissa,Martinez,Melissa Martinez,56,Engineering,Analyst,San Francisco,88458.2,8043.95,2022-02-28,29,75.4,melissa.martinez@company.com,(230) 357-9310,Active
EMP008057,Jane,Smith,Jane Smith,47,Legal,Senior Developer,San Francisco,94830.91,8844.84,2020-02-22,24,81.4,jane.smith@company.com,(639) 503-9334,Active
EMP008058,David,Miller,David Miller,26,Marketing,Associate,Boston,49086.41,3438.94,2023-02-27,0,76.6,david.miller@company.com,(836) 842-9354,Inactive
EMP008059,Jane,Moore,Jane Moore,45,Sales,Specialist,Seattle,70201.38,4990.71,2023-01-13,23,98.5,jane.moore@company.com,(850) 818-6092,Active
EMP008060,James,Rodriguez,James Rodriguez,28,Sales,Analyst,San Francisco,77566.88,0.0,2021-07-21,0,66.5,james.rodriguez@company.com,(933) 378-3366,Active
EMP008061,Jane,Wilson,Jane Wilson,29,Sales,Analyst,Austin,59647.06,1854.67,2024-05-24,0,97.0,jane.wilson@company.com,(948) 322-8766,Active
EMP008062,Lisa,Hernandez,Lisa Hernandez,55,Marketing,Associate,San Francisco,101722.7,10407.37,2022-05-31,30,76.2,lisa.hernandez@company.com,(654) 729-3351,Active
EMP008063,Anthony,Wilson,Anthony Wilson,35,Legal,Associate,Boston,94809.49,13356.43,2024-01-13,6,86.3,anthony.wilson@company.com,(665) 621-7076,Active
EMP008064,Nicole,Gonzalez,Nicole Gonzalez,40,HR,Lead,Miami,73044.26,317.35,2024-08-13,14,71.2,nicole.gonzalez@company.com,(856) 876-9673,Active
EMP008065,Anthony,Anderson,Anthony Anderson,64,Sales,Lead,San Francisco,73326.43,3900.73,2023-11-24,39,63.1,anthony.anderson@company.com,(334) 489-9498,Inactive
EMP008066,Matthew,Anderson,Matthew Anderson,26,Engineering,Director,Los Angeles,108710.96,5775.48,2021-03-21,2,69.8,matthew.anderson@company.com,(689) 844-9802,Active
EMP008067,William,Anderson,William Anderson,28,Marketing,Lead,Los Angeles,61736.92,2760.98,2024-01-17,4,54.6,william.anderson@company.com,(416) 368-7314,Active
EMP008068,Sarah,Davis,Sarah Davis,59,IT,Coordinator,San Francisco,98218.41,7280.38,2023-09-08,31,64.5,sarah.davis@company.com,(949) 830-4640,Active
EMP008069,Jane,Thomas,Jane Thomas,44,IT,Manager,Chicago,44330.35,2100.96,2023-12-02,15,67.1,jane.thomas@company.com,(845) 380-9824,Active
EMP008070,John,Thomas,John Thomas,22,Finance,Associate,Boston,57017.49,6034.4,2021-01-06,0,85.7,john.thomas@company.com,(958) 485-2459,Active
EMP008071,David,Rodriguez,David Rodriguez,61,Operations,Analyst,San Francisco,68664.05,6173.19,2021-05-06,39,100.0,david.rodriguez@company.com,(893) 274-5678,Active
EMP008072,Michael,Rodriguez,Michael Rodriguez,59,Marketing,Coordinator,San Francisco,78262.77,4847.68,2022-12-02,37,77.6,michael.rodriguez@company.com,(351) 550-5181,On Leave
EMP008073,James,Brown,James Brown,48,Finance,Specialist,Austin,55776.98,7355.8,2021-03-22,21,83.1,james.brown@company.com,(754) 351-6657,Active
EMP008074,Matthew,Gonzalez,Matthew Gonzalez,32,Marketing,Coordinator,New York,52898.06,6375.88,2020-05-21,8,95.6,matthew.gonzalez@company.com,(261) 397-5115,Active
EMP008075,Michael,Lopez,Michael Lopez,42,Finance,Director,Chicago,116355.13,16824.71,2021-08-01,15,61.7,michael.lopez@company.com,(793) 490-3495,Active
EMP008076,Amanda,Jones,Amanda Jones,32,Legal,Associate,New York,94338.69,13160.4,2020-01-23,3,62.3,amanda.jones@company.com,(656) 693-2217,Active
EMP008077,Melissa,Gonzalez,Melissa Gonzalez,37,Finance,Director,Chicago,65939.66,253.46,2022-03-21,10,61.1,melissa.gonzalez@company.com,(827) 309-9072,Inactive
EMP008078,Jane,Davis,Jane Davis,32,Marketing,Analyst,Seattle,41122.93,1391.3,2021-01-08,6,77.8,jane.davis@company.com,(432) 489-2139,On Leave
EMP008079,Daniel,Jackson,Daniel Jackson,61,Marketing,Senior Developer,San Francisco,111166.09,2985.28,2022-07-26,37,64.1,daniel.jackson@company.com,(260) 236-6982,Active
EMP008080,James,Martin,James Martin,59,IT,Manager,New York,98087.98,0.0,2020-07-12,37,68.1,james.martin@company.com,(363) 970-8731,Inactive
EMP008081,Melissa,Garcia,Melissa Garcia,37,Engineering,Manager,Seattle,76369.2,3738.86,2020-11-16,11,74.5,melissa.garcia@company.com,(655) 993-1566,Active
EMP008082,Anthony,Rodriguez,Anthony Rodriguez,48,HR,Coordinator,San Francisco,78345.52,8493.82,2020-12-14,23,77.8,anthony.rodriguez@company.com,(319) 294-9025,Active
EMP008083,Matthew,Wilson,Matthew Wilson,30,Marketing,Associate,Boston,64024.84,9482.79,2023-11-24,2,70.7,matthew.wilson@company.com,(292) 576-7677,Active
EMP008084,Nicole,Moore,Nicole Moore,48,IT,Associate,Seattle,85043.38,8053.96,2023-07-25,22,90.3,nicole.moore@company.com,(880) 546-1291,Active
EMP008085,James,Gonzalez,James Gonzalez,26,IT,Associate,New York,82389.06,4595.4,2020-11-23,2,78.7,james.gonzalez@company.com,(730) 558-4732,Active
EMP008086,Melissa,Martinez,Melissa Martinez,39,Marketing,Lead,San Francisco,72616.45,0.0,2020-06-05,10,83.9,melissa.martinez@company.com,(983) 275-4304,Inactive
EMP008087,Stephanie,Davis,Stephanie Davis,37,Operations,Director,Seattle,60041.17,5214.53,2020-08-28,8,83.5,stephanie.davis@company.com,(438) 449-2926,Active
EMP008088,David,Thomas,David Thomas,59,Engineering,Specialist,Los Angeles,95469.21,1450.92,2021-10-17,31,65.1,david.thomas@company.com,(517) 691-9659,Active
EMP008089,Robert,Jackson,Robert Jackson,65,Engineering,Lead,Seattle,162320.21,12899.24,2023-05-28,41,68.5,robert.jackson@company.com,(930) 291-1296,Active
EMP008090,Robert,Davis,Robert Davis,45,Legal,Associate,San Francisco,85474.84,1756.78,2020-05-25,21,94.0,robert.davis@company.com,(725) 542-1024,Active
EMP008091,Daniel,Gonzalez,Daniel Gonzalez,32,Legal,Associate,New York,58664.48,6432.86,2021-06-11,7,76.3,daniel.gonzalez@company.com,(489) 206-4436,Active
EMP008092,James,Thomas,James Thomas,23,Legal,Senior Developer,Los Angeles,87465.85,9740.54,2021-08-18,0,84.0,james.thomas@company.com,(212) 592-3515,Active
EMP008093,Jane,Lopez,Jane Lopez,42,Finance,Associate,Chicago,75474.71,5706.33,2021-03-16,18,93.0,jane.lopez@company.com,(555) 700-5600,Active
EMP008094,Nicole,Taylor,Nicole Taylor,38,Operations,Lead,San Francisco,58633.92,3463.2,2021-09-21,13,68.1,nicole.taylor@company.com,(471) 504-5752,On Leave
EMP008095,Jessica,Taylor,Jessica Taylor,64,Marketing,Analyst,Boston,84050.33,12164.54,2024-01-12,42,72.7,jessica.taylor@company.com,(451) 994-6757,Active
EMP008096,Christopher,Davis,Christopher Davis,58,Legal,Director,Austin,114226.41,8684.55,2023-01-01,32,60.0,christopher.davis@company.com,(984) 260-7280,Active
EMP008097,Melissa,Thomas,Melissa Thomas,23,Engineering,Director,Seattle,65398.85,6308.92,2022-12-30,0,52.5,melissa.thomas@company.com,(910) 288-1867,Active
EMP008098,Robert,Brown,Robert Brown,56,Engineering,Coordinator,Boston,125536.12,6484.89,2020-02-27,32,76.6,robert.brown@company.com,(672) 612-3038,Active
EMP008099,William,Taylor,William Taylor,65,IT,Senior Developer,Miami,100587.43,6750.03,2024-10-30,42,85.8,william.taylor@company.com,(875) 644-1972,Active
EMP008100,Jessica,Davis,Jessica Davis,56,Marketing,Manager,San Francisco,76135.57,9282.08,2023-05-14,31,59.4,jessica.davis@company.com,(386) 254-1755,Active
EMP008101,Sarah,Rodriguez,Sarah Rodriguez,29,Marketing,Associate,San Francisco,53737.33,9309.19,2023-02-10,4,69.4,sarah.rodriguez@company.com,(557) 223-9382,Active
EMP008102,William,Anderson,William Anderson,40,HR,Associate,Austin,67275.82,14470.54,2021-06-10,13,75.5,william.anderson@company.com,(600) 816-1182,Active
EMP008103,Stephanie,Brown,Stephanie Brown,26,Engineering,Manager,Los Angeles,97980.57,15139.43,2021-03-28,4,82.2,stephanie.brown@company.com,(439) 732-3543,Inactive
EMP008104,David,Miller,David Miller,49,Marketing,Director,Chicago,54565.4,5155.33,2022-02-04,25,74.2,david.miller@company.com,(416) 669-6190,Active
EMP008105,Melissa,Jones,Melissa Jones,22,Legal,Coordinator,New York,59566.87,2935.15,2023-06-07,0,65.2,melissa.jones@company.com,(335) 972-6193,Active
EMP008106,Michael,Moore,Michael Moore,39,Legal,Manager,Chicago,78976.45,2017.22,2022-04-18,13,74.4,michael.moore@company.com,(831) 611-6897,Inactive
EMP008107,Daniel,Thomas,Daniel Thomas,23,IT,Lead,Miami,36000.0,4772.95,2023-01-24,0,76.5,daniel.thomas@company.com,(716) 682-3012,Active
EMP008108,John,Taylor,John Taylor,64,Finance,Lead,Austin,88913.5,8898.44,2020-09-25,42,100.0,john.taylor@company.com,(201) 240-7419,Active
EMP008109,Robert,Jones,Robert Jones,24,Operations,Associate,Los Angeles,53631.35,4967.21,2021-12-25,1,79.1,robert.jones@company.com,(649) 517-9214,Inactive
EMP008110,Anthony,Davis,Anthony Davis,45,IT,Manager,Miami,52061.83,1915.52,2022-06-02,23,65.3,anthony.davis@company.com,(967) 267-9098,Inactive
EMP008111,John,Smith,John Smith,41,HR,Specialist,San Francisco,73290.91,11080.03,2023-08-20,17,85.6,john.smith@company.com,(257) 463-4358,Inactive
EMP008112,Nicole,Smith,Nicole Smith,59,Sales,Director,Boston,90502.09,9534.33,2020-05-23,33,66.4,nicole.smith@company.com,(561) 206-1170,Active
EMP008113,Nicole,Miller,Nicole Miller,39,Operations,Specialist,Austin,77861.97,16569.54,2023-11-09,12,73.5,nicole.miller@company.com,(754) 528-5805,Active
EMP008114,James,Hernandez,James Hernandez,59,IT,Specialist,San Francisco,124058.79,0.0,2020-05-09,34,68.1,james.hernandez@company.com,(952) 652-9530,Active
EMP008115,Daniel,Gonzalez,Daniel Gonzalez,53,Engineering,Director,San Francisco,108577.55,13202.25,2021-01-17,26,85.8,daniel.gonzalez@company.com,(997) 567-8828,Active
EMP008116,Matthew,Brown,Matthew Brown,24,IT,Director,Boston,60281.95,7775.08,2023-08-13,2,80.3,matthew.brown@company.com,(574) 353-5276,Active
EMP008117,Stephanie,Jackson,Stephanie Jackson,28,HR,Manager,Los Angeles,35135.77,2764.16,2021-06-17,1,52.7,stephanie.jackson@company.com,(978) 933-4010,Active
EMP008118,Anthony,Smith,Anthony Smith,59,Finance,Senior Developer,New York,80476.3,8071.06,2023-06-12,34,89.4,anthony.smith@company.com,(447) 787-6124,Active
EMP008119,Nicole,Jackson,Nicole Jackson,26,Sales,Director,Seattle,40491.54,3183.31,2024-01-04,4,71.9,nicole.jackson@company.com,(390) 486-6038,Inactive
EMP008120,Amanda,Thomas,Amanda Thomas,28,Finance,Specialist,Austin,53534.16,2018.09,2023-08-22,2,74.3,amanda.thomas@company.com,(387) 522-6814,Active
EMP008121,Emily,Jones,Emily Jones,63,IT,Analyst,Boston,91402.9,0.0,2023-04-11,36,58.5,emily.jones@company.com,(982) 928-4639,Inactive
EMP008122,Matthew,Garcia,Matthew Garcia,51,Sales,Associate,New York,75641.45,5394.03,2020-11-11,27,72.4,matthew.garcia@company.com,(751) 590-6673,Active
EMP008123,Jane,Johnson,Jane Johnson,40,Legal,Coordinator,Austin,65207.12,6702.36,2023-05-06,12,72.5,jane.johnson@company.com,(233) 278-4314,Active
EMP008124,Amanda,Anderson,Amanda Anderson,40,Engineering,Specialist,Seattle,95106.52,6078.65,2024-06-23,12,67.2,amanda.anderson@company.com,(286) 465-9351,Active
EMP008125,William,Miller,William Miller,30,Engineering,Coordinator,Chicago,86021.32,15430.59,2023-06-12,8,83.4,william.miller@company.com,(532) 716-9555,Active
EMP008126,James,Anderson,James Anderson,40,HR,Lead,Austin,87447.91,7922.24,2021-07-01,12,83.7,james.anderson@company.com,(372) 855-7531,Active
EMP008127,Amanda,Lopez,Amanda Lopez,31,Engineering,Associate,Chicago,77086.61,13482.19,2020-11-18,4,70.2,amanda.lopez@company.com,(979) 583-2793,Active
EMP008128,Jessica,Hernandez,Jessica Hernandez,60,HR,Coordinator,Boston,85826.57,7528.53,2022-04-14,38,81.3,jessica.hernandez@company.com,(816) 324-8617,On Leave
EMP008129,John,Thomas,John Thomas,62,Engineering,Associate,Austin,112927.92,6907.23,2023-12-09,33,73.7,john.thomas@company.com,(697) 833-9251,Active
EMP008130,Robert,Thomas,Robert Thomas,54,HR,Director,Los Angeles,91665.95,18256.7,2024-08-01,27,94.9,robert.thomas@company.com,(249) 298-6653,Inactive
EMP008131,Emily,Thomas,Emily Thomas,48,Legal,Lead,Austin,105246.8,8357.37,2021-08-02,20,88.6,emily.thomas@company.com,(934) 755-2524,Active
EMP008132,Ashley,Rodriguez,Ashley Rodriguez,50,Legal,Coordinator,New York,109395.55,16425.48,2020-11-03,21,74.8,ashley.rodriguez@company.com,(788) 303-9891,Active
EMP008133,Ashley,Johnson,Ashley Johnson,47,Engineering,Analyst,New York,78699.97,8440.82,2021-12-01,21,70.8,ashley.johnson@company.com,(529) 728-8486,Active
EMP008134,James,Anderson,James Anderson,28,HR,Director,San Francisco,65648.17,5086.86,2020-02-15,6,61.8,james.anderson@company.com,(383) 360-1510,On Leave
EMP008135,Daniel,Davis,Daniel Davis,33,Operations,Manager,Seattle,56033.18,65.47,2024-10-21,7,52.1,daniel.davis@company.com,(574) 855-4813,Active
EMP008136,William,Smith,William Smith,36,Sales,Specialist,Los Angeles,64872.86,3367.28,2024-06-17,13,61.0,william.smith@company.com,(901) 671-9898,Active
EMP008137,Jane,Wilson,Jane Wilson,52,Engineering,Director,Austin,106000.21,12193.2,2022-10-19,26,59.3,jane.wilson@company.com,(270) 835-9784,Active
EMP008138,Matthew,Hernandez,Matthew Hernandez,39,Sales,Analyst,New York,53407.11,2532.65,2023-12-25,12,41.4,matthew.hernandez@company.com,(912) 963-2140,Active
EMP008139,Ashley,Gonzalez,Ashley Gonzalez,56,Operations,Senior Developer,Seattle,40089.91,614.38,2023-02-28,29,62.3,ashley.gonzalez@company.com,(984) 883-4368,Active
EMP008140,Emily,Smith,Emily Smith,50,IT,Coordinator,San Francisco,88684.88,10931.35,2020-12-15,28,88.9,emily.smith@company.com,(900) 524-1487,Active
EMP008141,Michael,Anderson,Michael Anderson,33,Legal,Coordinator,Miami,84361.81,15544.87,2020-02-12,10,90.7,michael.anderson@company.com,(506) 677-1519,Active
EMP008142,Christopher,Garcia,Christopher Garcia,26,Marketing,Manager,Boston,46129.78,7953.53,2020-06-04,1,79.2,christopher.garcia@company.com,(662) 705-6456,Active
EMP008143,Daniel,Martinez,Daniel Martinez,54,Engineering,Director,Chicago,93425.83,3511.9,2024-09-30,27,55.7,daniel.martinez@company.com,(776) 426-7697,Inactive
EMP008144,Ashley,Rodriguez,Ashley Rodriguez,57,Legal,Lead,New York,92799.99,6708.68,2024-01-27,33,82.3,ashley.rodriguez@company.com,(970) 845-1311,Active
EMP008145,Jane,Lopez,Jane Lopez,28,Legal,Coordinator,Los Angeles,64269.89,6213.84,2020-09-19,2,58.2,jane.lopez@company.com,(683) 410-5035,On Leave
EMP008146,Sarah,Garcia,Sarah Garcia,27,Operations,Analyst,Chicago,61009.08,7204.39,2024-07-29,0,85.1,sarah.garcia@company.com,(287) 727-9780,Active
EMP008147,John,Brown,John Brown,36,IT,Specialist,Chicago,120947.59,18718.2,2023-11-02,7,58.9,john.brown@company.com,(460) 475-6633,Active
EMP008148,Lisa,Wilson,Lisa Wilson,44,Sales,Lead,Austin,100583.18,11879.15,2020-01-30,18,47.4,lisa.wilson@company.com,(449) 467-1484,Active
EMP008149,Ashley,Martin,Ashley Martin,54,Legal,Director,Boston,118514.9,7605.32,2020-09-06,27,76.3,ashley.martin@company.com,(525) 930-1727,Active
EMP008150,David,Anderson,David Anderson,34,Finance,Director,Austin,79754.66,8457.43,2023-05-25,11,92.4,david.anderson@company.com,(931) 318-2658,Active
EMP008151,Christopher,Lopez,Christopher Lopez,22,Finance,Specialist,Boston,83731.61,19276.73,2023-01-10,0,69.0,christopher.lopez@company.com,(224) 620-3205,Active
EMP008152,James,Jones,James Jones,50,Legal,Associate,Boston,82807.17,1989.73,2020-05-01,22,56.2,james.jones@company.com,(659) 360-6796,Active
EMP008153,Lisa,Miller,Lisa Miller,57,HR,Manager,Austin,71996.07,3016.16,2020-10-30,34,93.7,lisa.miller@company.com,(251) 627-9960,Active
EMP008154,David,Smith,David Smith,24,Operations,Specialist,Austin,40985.82,4478.64,2021-11-20,0,79.2,david.smith@company.com,(365) 769-2826,Active
EMP008155,Anthony,Anderson,Anthony Anderson,27,Operations,Coordinator,Miami,54762.72,1764.1,2024-11-08,5,74.6,anthony.anderson@company.com,(353) 428-3372,Active
EMP008156,Michael,Johnson,Michael Johnson,40,HR,Senior Developer,Chicago,64105.97,5471.44,2020-08-31,11,78.1,michael.johnson@company.com,(737) 622-3836,Active
EMP008157,James,Johnson,James Johnson,26,Marketing,Coordinator,Boston,59140.4,7385.7,2020-05-14,0,88.5,james.johnson@company.com,(448) 248-7425,Active
EMP008158,Lisa,Martinez,Lisa Martinez,63,Marketing,Specialist,Los Angeles,82242.78,8195.65,2023-08-09,39,77.5,lisa.martinez@company.com,(827) 710-9051,Active
EMP008159,John,Miller,John Miller,60,Finance,Associate,Boston,84734.79,12434.71,2020-12-23,36,85.2,john.miller@company.com,(273) 564-6887,Active
EMP008160,Melissa,Rodriguez,Melissa Rodriguez,33,Marketing,Associate,San Francisco,61359.05,6580.23,2023-03-12,11,76.1,melissa.rodriguez@company.com,(305) 798-6844,Active
EMP008161,Amanda,Jackson,Amanda Jackson,31,Finance,Manager,San Francisco,98548.99,10802.68,2021-05-28,5,74.8,amanda.jackson@company.com,(530) 470-1804,Active
EMP008162,Ashley,Thomas,Ashley Thomas,59,Marketing,Specialist,Chicago,76833.52,11944.14,2020-04-24,37,68.7,ashley.thomas@company.com,(871) 829-9221,Active
EMP008163,Stephanie,Gonzalez,Stephanie Gonzalez,31,Sales,Lead,San Francisco,52647.34,1159.76,2024-11-22,3,86.9,stephanie.gonzalez@company.com,(258) 213-8181,Active
EMP008164,Nicole,Martin,Nicole Martin,43,Engineering,Associate,New York,85696.56,908.43,2020-07-06,18,80.5,nicole.martin@company.com,(763) 240-3504,Inactive
EMP008165,Robert,Brown,Robert Brown,40,Operations,Associate,Boston,27784.66,2870.54,2022-08-09,15,73.8,robert.brown@company.com,(672) 524-4041,Active
EMP008166,Stephanie,Miller,Stephanie Miller,59,Operations,Specialist,Chicago,69571.35,8797.33,2024-02-12,30,54.9,stephanie.miller@company.com,(486) 508-6822,Inactive
EMP008167,John,Anderson,John Anderson,22,IT,Specialist,Boston,53017.74,3570.13,2022-07-23,0,53.2,john.anderson@company.com,(740) 724-2596,Active
EMP008168,Amanda,Martin,Amanda Martin,45,HR,Lead,Miami,68038.54,0.0,2022-01-12,22,76.4,amanda.martin@company.com,(897) 882-2925,Inactive
EMP008169,David,Hernandez,David Hernandez,47,Engineering,Specialist,Miami,64568.26,7283.86,2020-10-24,20,92.6,david.hernandez@company.com,(362) 316-3645,Active
EMP008170,Robert,Thomas,Robert Thomas,38,HR,Manager,Los Angeles,64865.16,2816.84,2020-01-23,9,68.5,robert.thomas@company.com,(308) 509-6276,Active
EMP008171,Jessica,Garcia,Jessica Garcia,65,HR,Senior Developer,Chicago,102058.96,16896.38,2024-04-02,42,84.9,jessica.garcia@company.com,(495) 336-1554,Active
EMP008172,Sarah,Thomas,Sarah Thomas,57,HR,Director,Boston,100583.7,2808.81,2022-11-12,32,39.9,sarah.thomas@company.com,(498) 396-1244,Inactive
EMP008173,Michael,Taylor,Michael Taylor,56,Finance,Associate,Los Angeles,78523.1,8459.96,2020-01-24,33,89.7,michael.taylor@company.com,(821) 226-4993,Active
EMP008174,Sarah,Rodriguez,Sarah Rodriguez,40,Engineering,Director,Austin,92887.33,13864.33,2021-04-21,18,74.2,sarah.rodriguez@company.com,(299) 453-4197,Inactive
EMP008175,Jane,Lopez,Jane Lopez,22,Legal,Manager,Chicago,92526.23,5448.48,2023-10-23,0,76.3,jane.lopez@company.com,(661) 406-2453,Active
EMP008176,Stephanie,Thomas,Stephanie Thomas,37,IT,Director,Chicago,73299.72,16261.83,2022-10-26,9,75.1,stephanie.thomas@company.com,(637) 567-9715,Active
EMP008177,Jessica,Smith,Jessica Smith,37,Sales,Senior Developer,Los Angeles,57727.82,5158.43,2022-10-28,10,69.8,jessica.smith@company.com,(257) 393-1563,On Leave
EMP008178,Robert,Taylor,Robert Taylor,37,Legal,Analyst,Seattle,80116.18,10516.3,2022-03-25,12,66.0,robert.taylor@company.com,(416) 890-5630,Active
EMP008179,Amanda,Martinez,Amanda Martinez,58,Legal,Coordinator,Boston,93046.61,14434.44,2020-05-28,32,78.7,amanda.martinez@company.com,(540) 975-7587,Active
EMP008180,Jessica,Garcia,Jessica Garcia,26,Marketing,Senior Developer,San Francisco,53612.88,6136.58,2020-11-29,1,63.4,jessica.garcia@company.com,(719) 843-1112,Active
EMP008181,Michael,Jackson,Michael Jackson,34,Sales,Lead,Miami,81086.96,10648.98,2023-11-29,6,58.0,michael.jackson@company.com,(229) 282-9618,Active
EMP008182,Melissa,Anderson,Melissa Anderson,22,Sales,Coordinator,Miami,100691.19,0.0,2022-04-08,0,76.5,melissa.anderson@company.com,(708) 731-6398,On Leave
EMP008183,Nicole,Anderson,Nicole Anderson,43,IT,Senior Developer,Los Angeles,54757.63,3551.36,2020-11-12,16,55.0,nicole.anderson@company.com,(282) 928-8380,Active
EMP008184,Ashley,Rodriguez,Ashley Rodriguez,24,Finance,Coordinator,San Francisco,52615.87,3376.78,2024-09-12,2,76.6,ashley.rodriguez@company.com,(586) 568-8368,Active
EMP008185,Melissa,Hernandez,Melissa Hernandez,37,Marketing,Senior Developer,Seattle,59880.37,9796.07,2021-03-17,12,98.7,melissa.hernandez@company.com,(348) 751-2907,Active
EMP008186,John,Brown,John Brown,24,Marketing,Coordinator,Boston,63655.99,5295.91,2022-10-25,0,78.3,john.brown@company.com,(479) 883-5500,Active
EMP008187,Robert,Hernandez,Robert Hernandez,26,Marketing,Specialist,Los Angeles,100641.19,4648.57,2020-03-12,0,76.7,robert.hernandez@company.com,(657) 310-5990,Inactive
EMP008188,Anthony,Williams,Anthony Williams,54,HR,Manager,San Francisco,73007.98,1734.51,2021-06-26,25,63.0,anthony.williams@company.com,(641) 942-7088,Active
EMP008189,Ashley,Johnson,Ashley Johnson,44,Finance,Associate,Boston,68069.77,10322.33,2021-05-29,20,77.2,ashley.johnson@company.com,(528) 486-4457,Active
EMP008190,Emily,Jackson,Emily Jackson,47,Engineering,Analyst,Austin,98340.44,8271.22,2022-05-14,24,71.4,emily.jackson@company.com,(526) 301-3508,Active
EMP008191,William,Anderson,William Anderson,36,Marketing,Associate,Chicago,79995.87,7352.08,2024-04-27,11,70.9,william.anderson@company.com,(429) 399-8364,Active
EMP008192,Jane,Martin,Jane Martin,64,Operations,Senior Developer,San Francisco,65657.66,712.06,2021-03-23,41,76.2,jane.martin@company.com,(899) 821-2361,Active
EMP008193,Emily,Jones,Emily Jones,33,Marketing,Associate,Miami,63209.11,9155.88,2020-07-21,9,66.0,emily.jones@company.com,(559) 766-5169,Active
EMP008194,Amanda,Williams,Amanda Williams,48,Sales,Specialist,Miami,64656.81,9493.04,2021-01-06,23,68.7,amanda.williams@company.com,(361) 444-2967,Active
EMP008195,Matthew,Miller,Matthew Miller,49,Sales,Analyst,Austin,91950.39,3771.89,2023-06-30,23,59.5,matthew.miller@company.com,(694) 559-9043,Active
EMP008196,Ashley,Smith,Ashley Smith,39,Legal,Senior Developer,San Francisco,84233.33,7887.94,2021-07-02,15,59.5,ashley.smith@company.com,(747) 578-6055,Active
EMP008197,Christopher,Jones,Christopher Jones,28,Legal,Senior Developer,Seattle,82919.54,4100.88,2023-02-23,3,100.0,christopher.jones@company.com,(675) 394-2900,Active
EMP008198,Nicole,Hernandez,Nicole Hernandez,62,Marketing,Associate,Miami,80705.79,7198.05,2021-08-18,36,69.4,nicole.hernandez@company.com,(366) 720-5147,Active
EMP008199,Christopher,Moore,Christopher Moore,56,Operations,Analyst,San Francisco,80868.95,5398.39,2022-04-04,28,58.2,christopher.moore@company.com,(267) 699-6769,Active
EMP008200,Christopher,Martin,Christopher Martin,48,Marketing,Specialist,Miami,105609.01,13964.41,2020-11-25,21,56.1,christopher.martin@company.com,(873) 826-1819,Active
EMP008201,Jane,Davis,Jane Davis,60,Sales,Senior Developer,Los Angeles,89704.41,4348.26,2020-03-25,35,66.3,jane.davis@company.com,(341) 724-2343,Active
EMP008202,Sarah,Brown,Sarah Brown,64,Legal,Specialist,New York,104781.23,4326.3,2020-02-11,41,81.3,sarah.brown@company.com,(496) 928-9133,Active
EMP008203,Melissa,Davis,Melissa Davis,50,Legal,Manager,Seattle,82343.97,843.01,2022-02-04,23,64.3,melissa.davis@company.com,(338) 320-8584,Active
EMP008204,David,Johnson,David Johnson,33,Legal,Lead,Austin,107542.46,5788.63,2024-04-21,4,98.2,david.johnson@company.com,(257) 843-2308,Active
EMP008205,Jessica,Brown,Jessica Brown,39,IT,Coordinator,Chicago,91551.66,6931.93,2022-11-19,14,80.4,jessica.brown@company.com,(266) 253-8396,Active
EMP008206,Anthony,Gonzalez,Anthony Gonzalez,43,Legal,Lead,Los Angeles,137413.58,15065.93,2024-11-14,15,79.2,anthony.gonzalez@company.com,(965) 462-2086,Active
EMP008207,Christopher,Johnson,Christopher Johnson,54,IT,Coordinator,Seattle,55450.41,6484.1,2024-11-24,30,77.3,christopher.johnson@company.com,(762) 896-9578,Active
EMP008208,Ashley,Martinez,Ashley Martinez,33,Finance,Specialist,Chicago,51075.58,7681.68,2021-11-29,8,100.0,ashley.martinez@company.com,(259) 479-9308,Active
EMP008209,Ashley,Lopez,Ashley Lopez,59,HR,Specialist,Los Angeles,69055.63,8107.19,2021-10-09,30,83.2,ashley.lopez@company.com,(309) 376-7830,Active
EMP008210,Emily,Thomas,Emily Thomas,56,IT,Lead,Los Angeles,110000.99,11377.72,2021-05-01,31,79.4,emily.thomas@company.com,(311) 551-7043,Active
EMP008211,William,Williams,William Williams,22,Legal,Analyst,Austin,91466.85,7489.7,2020-06-30,0,93.7,william.williams@company.com,(280) 354-7223,On Leave
EMP008212,Sarah,Moore,Sarah Moore,36,IT,Manager,Boston,47024.28,5547.88,2024-10-01,11,76.3,sarah.moore@company.com,(600) 419-5886,Active
EMP008213,Matthew,Hernandez,Matthew Hernandez,26,IT,Lead,Miami,36000.0,3864.43,2020-05-09,0,70.9,matthew.hernandez@company.com,(201) 495-7017,Active
EMP008214,Christopher,Taylor,Christopher Taylor,34,Marketing,Director,Los Angeles,68598.27,10954.19,2021-09-11,6,83.3,christopher.taylor@company.com,(380) 511-3994,Active
EMP008215,Lisa,Garcia,Lisa Garcia,45,Legal,Manager,New York,92944.12,2369.02,2021-11-10,18,77.9,lisa.garcia@company.com,(338) 557-2344,Active
EMP008216,Christopher,Garcia,Christopher Garcia,28,Legal,Coordinator,Chicago,53179.97,5550.19,2022-12-29,3,79.6,christopher.garcia@company.com,(612) 320-9302,Active
EMP008217,Michael,Rodriguez,Michael Rodriguez,28,Engineering,Lead,Seattle,81766.0,13899.67,2021-06-13,0,8.0,michael.rodriguez@company.com,(358) 622-2862,Active
EMP008218,Ashley,Anderson,Ashley Anderson,61,Sales,Senior Developer,Chicago,89479.11,9130.24,2024-04-21,39,88.3,ashley.anderson@company.com,(946) 584-3056,Active
EMP008219,Daniel,Miller,Daniel Miller,43,HR,Manager,Chicago,54817.92,7245.35,2020-02-20,19,77.8,daniel.miller@company.com,(630) 297-2850,Inactive
EMP008220,Lisa,Davis,Lisa Davis,31,IT,Analyst,Boston,100306.3,8811.13,2023-06-10,4,79.4,lisa.davis@company.com,(911) 883-8693,Active
EMP008221,Nicole,Smith,Nicole Smith,22,Marketing,Director,Austin,47670.98,0.0,2023-07-24,0,86.4,nicole.smith@company.com,(567) 363-4930,Active
EMP008222,Matthew,Rodriguez,Matthew Rodriguez,54,Operations,Director,Los Angeles,65812.75,8848.43,2024-06-30,32,77.1,matthew.rodriguez@company.com,(771) 419-9455,Active
EMP008223,Jane,Anderson,Jane Anderson,32,Finance,Associate,San Francisco,59734.91,8936.88,2024-03-11,9,85.0,jane.anderson@company.com,(825) 734-3029,Active
EMP008224,James,Wilson,James Wilson,43,Sales,Associate,Austin,75326.88,4242.65,2024-03-21,18,53.0,james.wilson@company.com,(914) 252-6092,Active
EMP008225,James,Brown,James Brown,36,Engineering,Analyst,Seattle,74525.89,9009.27,2021-07-04,8,79.7,james.brown@company.com,(340) 528-5256,Active
EMP008226,Matthew,Jackson,Matthew Jackson,60,HR,Director,Austin,89264.43,12015.74,2024-06-10,38,45.1,matthew.jackson@company.com,(546) 688-2514,Active
EMP008227,Stephanie,Moore,Stephanie Moore,39,Operations,Specialist,Austin,64840.39,8139.24,2023-04-23,16,57.7,stephanie.moore@company.com,(830) 476-1360,Active
EMP008228,William,Anderson,William Anderson,44,Legal,Lead,Chicago,59673.01,5312.63,2023-06-12,20,62.2,william.anderson@company.com,(663) 357-9374,Active
EMP008229,David,Thomas,David Thomas,45,Legal,Specialist,San Francisco,101974.19,7334.8,2020-01-01,22,75.6,david.thomas@company.com,(224) 900-5668,Active
EMP008230,William,Johnson,William Johnson,61,Legal,Lead,San Francisco,109784.97,2232.01,2021-04-28,32,76.1,william.johnson@company.com,(642) 312-9338,On Leave
EMP008231,Matthew,Hernandez,Matthew Hernandez,54,Legal,Analyst,Boston,74271.8,8196.87,2021-07-08,28,91.9,matthew.hernandez@company.com,(572) 365-2874,Active
EMP008232,Emily,Johnson,Emily Johnson,31,Sales,Manager,San Francisco,54757.45,3373.36,2022-12-11,9,99.3,emily.johnson@company.com,(372) 992-6341,Active
EMP008233,Nicole,Hernandez,Nicole Hernandez,64,Marketing,Senior Developer,San Francisco,106976.81,13088.39,2023-08-25,40,60.5,nicole.hernandez@company.com,(340) 315-6974,Active
EMP008234,Ashley,Wilson,Ashley Wilson,47,HR,Director,Austin,80240.13,5173.67,2023-02-25,21,71.5,ashley.wilson@company.com,(309) 968-8749,On Leave
EMP008235,Nicole,Rodriguez,Nicole Rodriguez,60,Marketing,Associate,Miami,85814.25,12568.43,2023-04-29,36,77.2,nicole.rodriguez@company.com,(246) 303-8650,Active
EMP008236,Christopher,Martin,Christopher Martin,36,Engineering,Director,Boston,87000.23,8792.0,2021-02-06,7,65.2,christopher.martin@company.com,(678) 262-3023,Active
EMP008237,Jessica,Gonzalez,Jessica Gonzalez,26,HR,Coordinator,Los Angeles,39954.88,846.25,2020-05-08,0,65.7,jessica.gonzalez@company.com,(465) 855-4548,Active
EMP008238,Stephanie,Garcia,Stephanie Garcia,22,IT,Coordinator,New York,81210.8,4971.55,2021-10-01,0,80.3,stephanie.garcia@company.com,(935) 548-3951,Active
EMP008239,Jane,Jackson,Jane Jackson,43,Marketing,Lead,Los Angeles,75871.4,3612.61,2020-09-11,15,53.9,jane.jackson@company.com,(391) 526-9799,Active
EMP008240,William,Smith,William Smith,44,Finance,Associate,Miami,82280.64,11330.34,2024-07-17,21,63.4,william.smith@company.com,(259) 719-5054,Active
EMP008241,John,Anderson,John Anderson,63,HR,Specialist,Boston,79810.61,6852.43,2022-05-10,37,100.0,john.anderson@company.com,(249) 215-8992,Active
EMP008242,William,Johnson,William Johnson,40,Legal,Coordinator,Los Angeles,80517.31,5732.12,2024-04-02,17,64.0,william.johnson@company.com,(591) 476-5231,Active
EMP008243,Lisa,Jones,Lisa Jones,22,Operations,Director,Boston,52201.53,6417.49,2021-05-20,0,67.6,lisa.jones@company.com,(459) 745-9255,Active
EMP008244,James,Martinez,James Martinez,39,IT,Manager,New York,84467.66,6770.24,2020-09-13,16,58.4,james.martinez@company.com,(381) 215-8262,Active
EMP008245,Christopher,Lopez,Christopher Lopez,46,HR,Lead,San Francisco,50308.32,7771.68,2023-09-24,20,87.2,christopher.lopez@company.com,(582) 904-6538,Active
EMP008246,David,Thomas,David Thomas,23,Finance,Director,Chicago,61625.79,8112.01,2021-04-19,0,81.8,david.thomas@company.com,(507) 874-3001,Inactive
EMP008247,David,Moore,David Moore,55,HR,Director,Seattle,57136.07,4637.19,2023-07-28,33,90.0,david.moore@company.com,(681) 223-4951,Active
EMP008248,Emily,Gonzalez,Emily Gonzalez,42,IT,Lead,Boston,140943.97,12843.71,2021-12-30,19,83.9,emily.gonzalez@company.com,(433) 811-2062,Active
EMP008249,Lisa,Brown,Lisa Brown,27,HR,Associate,Seattle,63927.43,7836.38,2023-02-02,5,64.2,lisa.brown@company.com,(823) 436-4852,Active
EMP008250,Christopher,Gonzalez,Christopher Gonzalez,24,Sales,Director,Los Angeles,44272.81,6497.97,2023-06-29,0,75.6,christopher.gonzalez@company.com,(713) 487-9576,Active
EMP008251,Sarah,Anderson,Sarah Anderson,60,Marketing,Coordinator,Chicago,103240.6,19524.32,2020-08-28,37,45.0,sarah.anderson@company.com,(378) 532-8879,Active
EMP008252,Sarah,Lopez,Sarah Lopez,27,HR,Specialist,Chicago,61261.93,6967.11,2022-06-05,3,72.3,sarah.lopez@company.com,(849) 253-7176,Inactive
EMP008253,Lisa,Taylor,Lisa Taylor,45,Sales,Coordinator,New York,61548.04,7787.63,2021-12-19,21,75.9,lisa.taylor@company.com,(478) 376-1575,Active
EMP008254,John,Martin,John Martin,54,HR,Manager,Los Angeles,54950.25,5260.01,2020-04-22,28,100.0,john.martin@company.com,(922) 697-9973,Active
EMP008255,William,Jackson,William Jackson,36,HR,Manager,Boston,74893.85,5098.34,2022-04-01,12,57.9,william.jackson@company.com,(300) 698-8424,Active
EMP008256,Robert,Taylor,Robert Taylor,47,Marketing,Lead,New York,96400.69,2955.43,2021-12-20,21,83.2,robert.taylor@company.com,(274) 315-4927,Active
EMP008257,Stephanie,Hernandez,Stephanie Hernandez,35,Legal,Senior Developer,Los Angeles,105930.56,8936.03,2020-01-25,10,54.5,stephanie.hernandez@company.com,(449) 390-1992,Active
EMP008258,William,Smith,William Smith,29,Sales,Director,Miami,68201.74,6902.49,2023-10-22,7,85.5,william.smith@company.com,(364) 772-2357,Active
EMP008259,James,Martinez,James Martinez,39,HR,Analyst,San Francisco,68714.41,3937.67,2021-06-16,10,59.1,james.martinez@company.com,(849) 617-9003,Active
EMP008260,John,Martin,John Martin,65,Finance,Specialist,New York,81980.02,13972.03,2021-05-14,39,74.9,john.martin@company.com,(659) 761-2654,Inactive
EMP008261,Michael,Brown,Michael Brown,23,Operations,Director,Miami,57434.01,6698.15,2022-05-08,0,84.6,michael.brown@company.com,(251) 622-4803,Active
EMP008262,Amanda,Williams,Amanda Williams,45,HR,Manager,New York,72034.06,7478.51,2021-12-16,22,66.2,amanda.williams@company.com,(673) 390-4817,Active
EMP008263,Robert,Garcia,Robert Garcia,44,Legal,Analyst,San Francisco,75883.39,2937.37,2021-04-09,20,60.9,robert.garcia@company.com,(425) 326-7700,Active
EMP008264,Stephanie,Jones,Stephanie Jones,23,IT,Lead,San Francisco,94345.01,5933.88,2024-05-05,0,72.7,stephanie.jones@company.com,(541) 515-2531,Active
EMP008265,David,Davis,David Davis,46,HR,Analyst,Boston,59373.67,9228.76,2023-09-26,21,87.2,david.davis@company.com,(300) 522-7643,Active
EMP008266,Robert,Garcia,Robert Garcia,34,Finance,Specialist,Miami,50014.23,7196.13,2022-03-22,7,58.2,robert.garcia@company.com,(739) 691-3172,On Leave
EMP008267,Michael,Moore,Michael Moore,46,Operations,Senior Developer,Boston,62366.4,11239.51,2021-04-15,18,64.2,michael.moore@company.com,(678) 255-4418,Active
EMP008268,Anthony,Anderson,Anthony Anderson,23,Legal,Lead,New York,93823.38,8055.32,2022-11-02,0,46.7,anthony.anderson@company.com,(849) 496-2640,Active
EMP008269,Stephanie,Thomas,Stephanie Thomas,53,HR,Associate,Austin,61727.86,9782.04,2023-05-05,30,81.4,stephanie.thomas@company.com,(425) 784-5930,Active
EMP008270,Lisa,Jackson,Lisa Jackson,49,Operations,Analyst,Miami,44772.73,1461.66,2020-03-02,27,79.7,lisa.jackson@company.com,(334) 252-4374,Inactive
EMP008271,Emily,Brown,Emily Brown,36,Engineering,Senior Developer,Seattle,86918.81,2240.66,2020-08-30,9,53.8,emily.brown@company.com,(465) 627-9665,Active
EMP008272,Jessica,Moore,Jessica Moore,40,HR,Senior Developer,Austin,63657.41,3984.94,2021-03-09,12,63.8,jessica.moore@company.com,(736) 640-4258,Active
EMP008273,Ashley,Jackson,Ashley Jackson,62,Marketing,Coordinator,Austin,74369.44,11107.33,2023-11-24,34,83.4,ashley.jackson@company.com,(889) 908-3201,Active
EMP008274,Lisa,Miller,Lisa Miller,33,Legal,Manager,San Francisco,100536.94,16087.71,2021-07-24,10,85.1,lisa.miller@company.com,(301) 675-7519,Active
EMP008275,Nicole,Hernandez,Nicole Hernandez,44,Sales,Director,New York,126958.32,25680.11,2023-08-23,22,48.0,nicole.hernandez@company.com,(206) 272-7746,Active
EMP008276,Jane,Rodriguez,Jane Rodriguez,53,Engineering,Lead,Austin,148362.6,2397.76,2024-03-23,31,44.6,jane.rodriguez@company.com,(873) 609-3120,Active
EMP008277,Matthew,Moore,Matthew Moore,43,Engineering,Manager,Los Angeles,116431.62,5315.13,2021-07-20,21,77.6,matthew.moore@company.com,(450) 715-2309,Active
EMP008278,Matthew,Jones,Matthew Jones,44,Sales,Analyst,San Francisco,60785.99,3434.34,2020-01-01,16,63.6,matthew.jones@company.com,(584) 350-5157,Inactive
EMP008279,Michael,Taylor,Michael Taylor,41,Operations,Senior Developer,New York,67353.12,8373.14,2023-09-30,13,80.7,michael.taylor@company.com,(626) 998-7874,Active
EMP008280,Michael,Hernandez,Michael Hernandez,52,Engineering,Lead,Boston,96396.51,12521.79,2024-02-28,29,60.7,michael.hernandez@company.com,(538) 595-9632,Active
EMP008281,Michael,Davis,Michael Davis,63,Finance,Senior Developer,Austin,97604.4,10493.46,2021-11-23,37,94.8,michael.davis@company.com,(428) 388-4640,Active
EMP008282,William,Jackson,William Jackson,27,HR,Analyst,Chicago,69206.15,7406.39,2024-05-14,1,50.5,william.jackson@company.com,(360) 412-7013,Active
EMP008283,Christopher,Davis,Christopher Davis,59,Finance,Analyst,Miami,86352.66,12332.01,2024-05-01,32,81.6,christopher.davis@company.com,(639) 370-5425,Active
EMP008284,Sarah,Martin,Sarah Martin,31,HR,Associate,San Francisco,82429.85,10867.02,2021-10-12,8,79.6,sarah.martin@company.com,(370) 654-8244,Inactive
EMP008285,Robert,Smith,Robert Smith,58,Legal,Specialist,Chicago,119735.34,14170.75,2024-12-02,35,87.0,robert.smith@company.com,(210) 439-7488,Active
EMP008286,Jane,Smith,Jane Smith,54,Marketing,Specialist,Boston,72668.34,2602.55,2020-01-19,28,94.6,jane.smith@company.com,(641) 926-5409,Inactive
EMP008287,Christopher,Anderson,Christopher Anderson,39,IT,Senior Developer,Boston,77208.88,10119.4,2022-10-04,17,91.9,christopher.anderson@company.com,(349) 695-9179,Inactive
EMP008288,James,Davis,James Davis,45,Marketing,Analyst,San Francisco,63243.29,4672.81,2021-02-20,23,82.9,james.davis@company.com,(851) 592-6316,Active
EMP008289,Stephanie,Martinez,Stephanie Martinez,63,Finance,Specialist,San Francisco,99912.18,7479.27,2023-04-16,41,91.1,stephanie.martinez@company.com,(400) 204-1511,Active
EMP008290,Amanda,Martin,Amanda Martin,42,Engineering,Analyst,Austin,78413.42,6222.31,2021-06-04,13,69.1,amanda.martin@company.com,(212) 443-1773,Active
EMP008291,David,Taylor,David Taylor,29,HR,Director,Seattle,43255.6,2936.05,2022-03-01,5,70.6,david.taylor@company.com,(478) 507-7053,Active
EMP008292,Robert,Smith,Robert Smith,30,Engineering,Associate,Los Angeles,91148.35,11106.52,2023-03-15,5,74.6,robert.smith@company.com,(520) 762-1869,Inactive
EMP008293,Ashley,Martin,Ashley Martin,40,Finance,Associate,New York,69984.26,6691.08,2022-04-12,17,64.6,ashley.martin@company.com,(508) 518-7685,Inactive
EMP008294,Michael,Hernandez,Michael Hernandez,28,Legal,Lead,San Francisco,76610.44,11686.55,2023-09-19,5,83.9,michael.hernandez@company.com,(791) 355-4798,On Leave
EMP008295,John,Jones,John Jones,34,HR,Analyst,Seattle,93645.75,9247.16,2023-01-03,9,67.9,john.jones@company.com,(473) 503-6434,Active
EMP008296,Jane,Thomas,Jane Thomas,36,Finance,Analyst,Chicago,66726.75,2690.24,2024-11-20,14,72.1,jane.thomas@company.com,(757) 220-4215,Active
EMP008297,Anthony,Rodriguez,Anthony Rodriguez,26,Finance,Manager,New York,58546.75,2321.99,2020-01-21,0,85.4,anthony.rodriguez@company.com,(266) 203-6389,Active
EMP008298,Anthony,Thomas,Anthony Thomas,32,Legal,Director,New York,69898.12,4419.34,2024-01-21,6,76.3,anthony.thomas@company.com,(642) 463-7170,Active
EMP008299,David,Jones,David Jones,52,Sales,Associate,Los Angeles,94734.88,16492.95,2024-08-27,27,64.9,david.jones@company.com,(899) 735-3782,Active
EMP008300,Stephanie,Jackson,Stephanie Jackson,61,Legal,Director,Miami,112270.38,163.53,2024-09-18,37,76.4,stephanie.jackson@company.com,(500) 712-6238,Active
EMP008301,Robert,Lopez,Robert Lopez,58,Legal,Analyst,Chicago,93064.5,1090.89,2024-07-06,31,94.8,robert.lopez@company.com,(881) 404-2391,Active
EMP008302,Christopher,Johnson,Christopher Johnson,49,Operations,Specialist,Miami,72510.67,8945.39,2023-01-25,27,93.1,christopher.johnson@company.com,(270) 520-8491,Active
EMP008303,Sarah,Smith,Sarah Smith,57,Engineering,Coordinator,San Francisco,84398.16,7419.28,2021-09-20,33,72.4,sarah.smith@company.com,(515) 670-6894,Active
EMP008304,William,Lopez,William Lopez,24,Legal,Lead,Austin,74112.51,11494.73,2023-10-21,0,49.9,william.lopez@company.com,(783) 913-9863,Active
EMP008305,Jane,Johnson,Jane Johnson,55,Marketing,Director,New York,73291.25,5651.1,2020-12-10,32,86.3,jane.johnson@company.com,(730) 706-1844,Active
EMP008306,Matthew,Jackson,Matthew Jackson,41,IT,Lead,San Francisco,104761.2,11831.88,2022-12-14,15,85.3,matthew.jackson@company.com,(941) 978-4843,Active
EMP008307,David,Lopez,David Lopez,50,Engineering,Coordinator,San Francisco,118376.57,20145.44,2024-01-14,21,53.3,david.lopez@company.com,(569) 663-4758,Active
EMP008308,David,Garcia,David Garcia,25,HR,Associate,Chicago,47677.93,6215.18,2024-12-15,0,74.8,david.garcia@company.com,(237) 292-8429,Inactive
EMP008309,Ashley,Jones,Ashley Jones,53,IT,Analyst,Austin,69877.43,5547.74,2020-05-03,30,82.1,ashley.jones@company.com,(828) 788-2310,Active
EMP008310,David,Miller,David Miller,36,Finance,Manager,Austin,42821.51,7045.58,2024-01-12,7,86.1,david.miller@company.com,(628) 280-9468,Active
EMP008311,James,Gonzalez,James Gonzalez,25,Legal,Lead,Chicago,81766.26,7743.83,2022-11-12,0,63.5,james.gonzalez@company.com,(558) 691-4225,Active
EMP008312,Robert,Jackson,Robert Jackson,32,Finance,Lead,Seattle,93075.71,10250.0,2023-11-29,3,64.9,robert.jackson@company.com,(652) 281-5401,Active
EMP008313,Jessica,Miller,Jessica Miller,23,Engineering,Senior Developer,Chicago,79136.26,12215.81,2021-05-12,0,76.4,jessica.miller@company.com,(965) 653-1650,Active
EMP008314,Robert,Garcia,Robert Garcia,35,Legal,Manager,Seattle,73295.99,8087.17,2024-07-01,6,79.1,robert.garcia@company.com,(398) 319-8159,Active
EMP008315,Melissa,Rodriguez,Melissa Rodriguez,38,HR,Senior Developer,Seattle,63507.2,1524.43,2023-01-07,9,100.0,melissa.rodriguez@company.com,(743) 312-6905,Inactive
EMP008316,Daniel,Wilson,Daniel Wilson,52,Operations,Coordinator,San Francisco,67789.32,8646.01,2020-05-04,30,72.6,daniel.wilson@company.com,(345) 299-9382,Active
EMP008317,William,Hernandez,William Hernandez,56,Marketing,Specialist,San Francisco,77719.26,6885.48,2020-08-27,30,72.7,william.hernandez@company.com,(573) 286-8787,Active
EMP008318,Jessica,Taylor,Jessica Taylor,49,IT,Manager,San Francisco,117495.41,8680.45,2023-01-28,20,93.4,jessica.taylor@company.com,(558) 508-1128,Active
EMP008319,Jessica,Johnson,Jessica Johnson,50,HR,Coordinator,Chicago,74636.61,7377.75,2021-03-30,25,81.7,jessica.johnson@company.com,(578) 530-6406,Active
EMP008320,Amanda,Miller,Amanda Miller,55,Legal,Manager,Chicago,127060.34,11882.34,2024-04-24,28,64.1,amanda.miller@company.com,(923) 968-6316,Active
EMP008321,John,Smith,John Smith,59,IT,Analyst,Seattle,93111.55,16017.54,2020-01-05,34,70.4,john.smith@company.com,(820) 377-3328,Active
EMP008322,Anthony,Thomas,Anthony Thomas,35,HR,Lead,Los Angeles,66013.65,5634.54,2024-07-01,11,86.9,anthony.thomas@company.com,(248) 656-2417,Active
EMP008323,John,Brown,John Brown,46,Sales,Manager,Austin,75446.72,12687.58,2021-04-03,20,49.4,john.brown@company.com,(339) 366-4458,On Leave
EMP008324,Emily,Davis,Emily Davis,54,Operations,Director,Seattle,62919.85,10334.71,2021-02-11,28,64.7,emily.davis@company.com,(904) 705-5250,Active
EMP008325,Stephanie,Hernandez,Stephanie Hernandez,39,IT,Analyst,New York,81911.81,4769.16,2022-03-10,15,69.1,stephanie.hernandez@company.com,(686) 921-6109,Inactive
EMP008326,Emily,Williams,Emily Williams,25,IT,Analyst,Austin,69989.26,4511.44,2021-05-28,2,78.4,emily.williams@company.com,(521) 797-7270,Inactive
EMP008327,Emily,Davis,Emily Davis,62,Legal,Specialist,Chicago,129560.48,13662.61,2023-11-14,35,48.4,emily.davis@company.com,(750) 468-4568,Active
EMP008328,Jane,Martin,Jane Martin,31,IT,Lead,New York,64152.88,6611.77,2023-04-07,7,48.8,jane.martin@company.com,(394) 794-2299,Active
EMP008329,Sarah,Lopez,Sarah Lopez,58,Engineering,Senior Developer,Miami,122414.84,16227.52,2023-07-09,33,92.7,sarah.lopez@company.com,(261) 743-2268,Active
EMP008330,Amanda,Miller,Amanda Miller,59,Operations,Senior Developer,Boston,82966.08,15048.66,2024-05-03,31,91.7,amanda.miller@company.com,(573) 858-4295,Active
EMP008331,David,Johnson,David Johnson,39,Marketing,Coordinator,Austin,62408.6,4414.43,2021-05-01,16,85.2,david.johnson@company.com,(478) 354-5507,Active
EMP008332,James,Smith,James Smith,34,Sales,Analyst,Boston,81491.97,6602.91,2024-01-07,5,77.9,james.smith@company.com,(945) 899-9723,On Leave
EMP008333,Jane,Wilson,Jane Wilson,34,Finance,Senior Developer,Los Angeles,83570.54,0.0,2023-07-05,9,58.0,jane.wilson@company.com,(521) 657-8482,Active
EMP008334,Anthony,Miller,Anthony Miller,41,Marketing,Associate,Seattle,71541.35,6087.48,2023-12-22,16,70.5,anthony.miller@company.com,(836) 867-7557,Active
EMP008335,Lisa,Garcia,Lisa Garcia,62,IT,Associate,Austin,83275.7,5145.47,2022-11-08,36,95.5,lisa.garcia@company.com,(211) 305-4027,Active
EMP008336,Christopher,Jackson,Christopher Jackson,36,HR,Manager,New York,53701.82,7431.47,2021-10-17,9,84.8,christopher.jackson@company.com,(518) 656-7599,Active
EMP008337,Emily,Martinez,Emily Martinez,52,Finance,Analyst,Seattle,104719.78,5498.03,2024-02-28,27,77.6,emily.martinez@company.com,(775) 382-9849,Active
EMP008338,Matthew,Miller,Matthew Miller,43,Marketing,Coordinator,Boston,76710.57,12656.16,2020-06-17,20,72.4,matthew.miller@company.com,(362) 584-7476,Active
EMP008339,Lisa,Williams,Lisa Williams,57,Legal,Lead,Chicago,119947.26,17712.48,2020-11-17,32,85.7,lisa.williams@company.com,(820) 669-4034,Active
EMP008340,Stephanie,Martin,Stephanie Martin,45,Engineering,Associate,Los Angeles,58488.31,0.0,2020-02-09,16,82.8,stephanie.martin@company.com,(372) 332-7591,Active
EMP008341,Stephanie,Lopez,Stephanie Lopez,59,Engineering,Analyst,San Francisco,137640.07,20758.58,2021-07-17,33,41.9,stephanie.lopez@company.com,(261) 502-1162,Active
EMP008342,Robert,Martinez,Robert Martinez,29,Sales,Associate,Miami,90133.56,12246.62,2020-01-09,7,69.3,robert.martinez@company.com,(880) 889-8997,Active
EMP008343,Melissa,Thomas,Melissa Thomas,29,Legal,Associate,Austin,80232.39,7464.79,2021-09-01,7,100.0,melissa.thomas@company.com,(222) 468-8629,Active
EMP008344,William,Jones,William Jones,44,Engineering,Associate,Los Angeles,74540.89,4142.13,2024-01-16,21,73.1,william.jones@company.com,(504) 705-9702,Active
EMP008345,Amanda,Jackson,Amanda Jackson,58,Finance,Manager,Austin,75903.14,6806.3,2023-12-09,29,68.7,amanda.jackson@company.com,(913) 277-3435,Active
EMP008346,Lisa,Martinez,Lisa Martinez,61,Sales,Director,Boston,86090.2,11134.43,2023-09-09,33,62.6,lisa.martinez@company.com,(531) 457-4247,Active
EMP008347,Melissa,Smith,Melissa Smith,33,Operations,Analyst,New York,41458.51,4431.67,2020-10-27,8,48.2,melissa.smith@company.com,(266) 972-7662,Inactive
EMP008348,Amanda,Martin,Amanda Martin,41,HR,Analyst,Chicago,61132.68,9192.86,2021-07-16,14,82.2,amanda.martin@company.com,(208) 923-9528,Active
EMP008349,Ashley,Smith,Ashley Smith,52,Legal,Director,Seattle,108149.3,10883.27,2022-12-23,23,71.4,ashley.smith@company.com,(448) 471-2310,Active
EMP008350,Jessica,Jones,Jessica Jones,35,Operations,Lead,Chicago,49040.44,7620.49,2021-07-19,7,55.6,jessica.jones@company.com,(515) 226-3297,Active
EMP008351,Robert,Miller,Robert Miller,62,Marketing,Lead,Chicago,85965.69,796.07,2022-05-16,35,98.5,robert.miller@company.com,(220) 411-3953,Active
EMP008352,Anthony,Brown,Anthony Brown,55,IT,Manager,Boston,105084.3,11673.98,2022-03-06,28,75.4,anthony.brown@company.com,(464) 418-9387,Active
EMP008353,James,Williams,James Williams,50,Marketing,Associate,Los Angeles,68111.92,5783.74,2023-12-09,27,77.4,james.williams@company.com,(441) 315-9467,Active
EMP008354,James,Taylor,James Taylor,60,HR,Lead,New York,51142.1,3012.74,2022-03-11,35,78.8,james.taylor@company.com,(798) 229-5852,Inactive
EMP008355,Robert,Hernandez,Robert Hernandez,59,Engineering,Lead,Miami,115282.3,8549.69,2021-04-21,34,62.9,robert.hernandez@company.com,(967) 311-9970,Active
EMP008356,James,Martin,James Martin,53,HR,Lead,Miami,64785.54,5458.59,2022-01-10,29,60.4,james.martin@company.com,(445) 423-6756,Active
EMP008357,William,Johnson,William Johnson,46,Operations,Director,Austin,85351.18,13611.8,2020-12-13,22,88.4,william.johnson@company.com,(860) 472-5059,On Leave
EMP008358,Robert,Hernandez,Robert Hernandez,26,Engineering,Specialist,Los Angeles,94895.02,2287.47,2024-11-04,2,67.7,robert.hernandez@company.com,(511) 449-4573,Active
EMP008359,Lisa,Smith,Lisa Smith,45,Marketing,Specialist,Boston,94563.46,4627.08,2022-10-18,22,66.2,lisa.smith@company.com,(965) 291-3884,Active
EMP008360,Nicole,Smith,Nicole Smith,64,IT,Specialist,Los Angeles,120845.29,5040.06,2024-03-23,41,77.4,nicole.smith@company.com,(516) 765-6979,On Leave
EMP008361,Stephanie,Thomas,Stephanie Thomas,40,IT,Associate,Chicago,85922.14,5076.64,2024-03-13,13,88.2,stephanie.thomas@company.com,(712) 565-6177,Active
EMP008362,Melissa,Johnson,Melissa Johnson,48,Sales,Director,San Francisco,75373.06,11365.79,2022-05-12,23,71.5,melissa.johnson@company.com,(257) 604-4708,Active
EMP008363,Melissa,Smith,Melissa Smith,40,Operations,Specialist,Boston,41207.08,10687.03,2022-01-01,13,72.5,melissa.smith@company.com,(619) 927-6518,Active
EMP008364,William,Williams,William Williams,43,Finance,Director,Chicago,50495.79,7387.73,2023-12-01,17,50.2,william.williams@company.com,(751) 628-2244,On Leave
EMP008365,James,Smith,James Smith,54,Finance,Director,San Francisco,100883.51,5051.82,2023-07-30,29,58.7,james.smith@company.com,(868) 768-3787,Active
EMP008366,Amanda,Taylor,Amanda Taylor,51,Sales,Manager,Seattle,93136.41,9937.05,2020-06-22,24,70.7,amanda.taylor@company.com,(851) 209-2787,Active
EMP008367,Anthony,Smith,Anthony Smith,50,Operations,Specialist,New York,79612.11,9801.19,2024-01-29,22,92.0,anthony.smith@company.com,(515) 950-3796,Active
EMP008368,Sarah,Wilson,Sarah Wilson,41,Finance,Manager,Boston,43399.79,3059.49,2023-08-21,12,87.2,sarah.wilson@company.com,(965) 740-2786,Active
EMP008369,Christopher,Davis,Christopher Davis,64,Operations,Senior Developer,Boston,75561.04,9788.52,2023-03-31,36,89.9,christopher.davis@company.com,(702) 346-7534,Active
EMP008370,William,Lopez,William Lopez,65,Operations,Coordinator,Los Angeles,70285.76,5635.97,2024-09-14,43,96.0,william.lopez@company.com,(764) 362-5757,Active
EMP008371,Nicole,Jones,Nicole Jones,36,Operations,Coordinator,Seattle,69406.56,10186.86,2023-04-21,9,85.5,nicole.jones@company.com,(710) 336-3441,Active
EMP008372,Jane,Brown,Jane Brown,51,Sales,Manager,Los Angeles,74947.63,8484.59,2020-02-15,27,76.1,jane.brown@company.com,(343) 638-9493,Active
EMP008373,Anthony,Wilson,Anthony Wilson,59,Legal,Lead,Miami,83520.85,0.0,2022-06-05,37,79.2,anthony.wilson@company.com,(958) 324-3896,Active
EMP008374,Anthony,Anderson,Anthony Anderson,60,IT,Lead,Austin,113313.35,16115.04,2022-07-03,36,84.8,anthony.anderson@company.com,(549) 555-6919,Active
EMP008375,Daniel,Martin,Daniel Martin,32,Finance,Senior Developer,Austin,87627.78,3222.54,2023-10-24,6,96.8,daniel.martin@company.com,(900) 810-4103,Inactive
EMP008376,Christopher,Anderson,Christopher Anderson,37,Sales,Associate,San Francisco,82169.53,5133.71,2020-12-02,12,69.2,christopher.anderson@company.com,(566) 407-6493,Active
EMP008377,Lisa,Davis,Lisa Davis,41,IT,Senior Developer,Chicago,76754.42,7600.59,2023-01-03,16,55.3,lisa.davis@company.com,(687) 852-4292,Inactive
EMP008378,Daniel,Hernandez,Daniel Hernandez,35,HR,Analyst,Miami,63678.07,2608.24,2022-09-06,9,51.4,daniel.hernandez@company.com,(562) 301-4549,Active
EMP008379,James,Taylor,James Taylor,35,IT,Manager,Chicago,68254.3,9147.64,2022-08-24,10,47.1,james.taylor@company.com,(274) 410-9590,Active
EMP008380,William,Thomas,William Thomas,49,Legal,Specialist,Boston,94314.83,16674.78,2023-07-27,20,78.3,william.thomas@company.com,(849) 253-8274,Active
EMP008381,Amanda,Davis,Amanda Davis,28,HR,Senior Developer,Seattle,67715.77,5401.07,2020-07-30,0,91.7,amanda.davis@company.com,(389) 423-7684,Active
EMP008382,Stephanie,Garcia,Stephanie Garcia,58,Operations,Associate,New York,62913.6,8546.15,2023-03-20,32,97.5,stephanie.garcia@company.com,(608) 667-3551,Active
EMP008383,John,Gonzalez,John Gonzalez,49,Finance,Specialist,Miami,64843.41,6319.93,2020-01-12,23,92.2,john.gonzalez@company.com,(928) 548-7071,Active
EMP008384,Jessica,Thomas,Jessica Thomas,35,Operations,Senior Developer,New York,61531.36,5199.74,2024-02-16,10,68.0,jessica.thomas@company.com,(619) 200-6290,Active
EMP008385,Jane,Rodriguez,Jane Rodriguez,27,Legal,Senior Developer,Miami,98122.79,3660.1,2020-09-28,4,80.4,jane.rodriguez@company.com,(437) 691-3889,Active
EMP008386,Jessica,Lopez,Jessica Lopez,63,Legal,Coordinator,Los Angeles,122003.54,5642.4,2022-06-07,34,82.2,jessica.lopez@company.com,(459) 355-7771,Active
EMP008387,Lisa,Jackson,Lisa Jackson,22,Engineering,Specialist,Boston,60988.5,9548.66,2022-08-23,0,61.1,lisa.jackson@company.com,(283) 708-8184,Active
EMP008388,Sarah,Wilson,Sarah Wilson,52,IT,Specialist,Miami,104534.4,15799.96,2023-11-11,25,59.0,sarah.wilson@company.com,(484) 738-7462,Active
EMP008389,James,Brown,James Brown,37,IT,Manager,New York,110026.4,7724.72,2023-02-13,14,79.9,james.brown@company.com,(212) 460-5655,Inactive
EMP008390,Amanda,Moore,Amanda Moore,52,HR,Senior Developer,Boston,94603.27,7646.65,2020-01-04,24,93.2,amanda.moore@company.com,(248) 626-8719,Active
EMP008391,Daniel,Wilson,Daniel Wilson,55,Engineering,Specialist,Austin,154940.69,15212.43,2024-04-02,26,73.4,daniel.wilson@company.com,(575) 427-1318,Active
EMP008392,Daniel,Miller,Daniel Miller,45,Finance,Coordinator,San Francisco,71980.84,9531.58,2020-11-13,22,73.2,daniel.miller@company.com,(691) 482-3520,Active
EMP008393,David,Moore,David Moore,42,Sales,Director,Austin,76774.06,8213.22,2020-05-01,14,43.1,david.moore@company.com,(823) 503-4948,Active
EMP008394,Matthew,Johnson,Matthew Johnson,32,Sales,Lead,New York,89149.99,18046.96,2024-11-25,5,82.8,matthew.johnson@company.com,(923) 560-4094,Active
EMP008395,Ashley,Brown,Ashley Brown,59,Marketing,Manager,Los Angeles,93107.73,18272.75,2020-02-20,32,84.0,ashley.brown@company.com,(365) 633-8198,Active
EMP008396,Matthew,Gonzalez,Matthew Gonzalez,60,Sales,Analyst,Seattle,82927.02,6255.35,2024-03-29,35,82.9,matthew.gonzalez@company.com,(230) 592-3465,Inactive
EMP008397,Ashley,Moore,Ashley Moore,22,Legal,Manager,Chicago,55781.96,5884.45,2024-09-14,0,70.8,ashley.moore@company.com,(364) 968-3346,Active
EMP008398,Robert,Wilson,Robert Wilson,64,Operations,Analyst,Boston,81728.57,2125.36,2020-11-13,42,100.0,robert.wilson@company.com,(222) 521-4103,Active
EMP008399,Ashley,Taylor,Ashley Taylor,40,Engineering,Manager,Austin,112852.88,5612.37,2020-12-22,15,91.8,ashley.taylor@company.com,(561) 304-6637,Active
EMP008400,Sarah,Gonzalez,Sarah Gonzalez,41,Sales,Specialist,Boston,41839.74,5782.76,2022-04-19,18,53.3,sarah.gonzalez@company.com,(668) 355-4106,Active
EMP008401,Ashley,Martinez,Ashley Martinez,22,Sales,Manager,Boston,67359.68,6367.39,2022-06-28,0,93.9,ashley.martinez@company.com,(271) 972-2269,Active
EMP008402,Robert,Lopez,Robert Lopez,27,Sales,Associate,Seattle,70611.61,8640.04,2021-05-20,0,73.6,robert.lopez@company.com,(569) 497-8553,Active
EMP008403,Nicole,Rodriguez,Nicole Rodriguez,56,Operations,Lead,Seattle,74793.87,9236.38,2022-04-17,28,79.2,nicole.rodriguez@company.com,(382) 201-7973,On Leave
EMP008404,Jessica,Martinez,Jessica Martinez,50,IT,Director,Miami,87773.63,8699.37,2022-07-22,28,48.2,jessica.martinez@company.com,(217) 895-4031,Active
EMP008405,Lisa,Thomas,Lisa Thomas,28,IT,Lead,San Francisco,75942.03,6890.09,2024-08-20,0,58.4,lisa.thomas@company.com,(465) 405-3268,Active
EMP008406,Ashley,Williams,Ashley Williams,22,Legal,Analyst,Chicago,68716.3,8880.38,2022-01-07,0,83.9,ashley.williams@company.com,(571) 322-5796,Active
EMP008407,Matthew,Hernandez,Matthew Hernandez,24,Engineering,Analyst,San Francisco,55785.84,9275.55,2023-04-13,0,100.0,matthew.hernandez@company.com,(799) 783-1252,Active
EMP008408,John,Brown,John Brown,39,Engineering,Associate,Chicago,97049.57,9969.57,2021-05-17,17,72.5,john.brown@company.com,(796) 896-1646,Active
EMP008409,Sarah,Martin,Sarah Martin,43,Engineering,Director,Miami,115835.1,13353.98,2023-03-08,18,42.7,sarah.martin@company.com,(478) 774-5049,Active
EMP008410,Robert,Martin,Robert Martin,52,Engineering,Manager,Los Angeles,92056.81,18558.43,2022-07-15,27,93.8,robert.martin@company.com,(872) 686-2075,Inactive
EMP008411,Daniel,Garcia,Daniel Garcia,42,Legal,Director,New York,72631.92,4079.82,2021-06-16,14,52.8,daniel.garcia@company.com,(521) 256-7102,Active
EMP008412,Matthew,Garcia,Matthew Garcia,32,Engineering,Specialist,Chicago,108748.74,12892.05,2021-05-31,7,74.9,matthew.garcia@company.com,(609) 886-5657,Active
EMP008413,Robert,Martin,Robert Martin,57,Legal,Analyst,Seattle,129290.8,422.84,2020-10-31,35,87.7,robert.martin@company.com,(532) 702-9056,Active
EMP008414,Matthew,Davis,Matthew Davis,61,Engineering,Analyst,Seattle,109449.2,3867.24,2020-08-01,32,100.0,matthew.davis@company.com,(481) 528-4356,Active
EMP008415,Robert,Davis,Robert Davis,57,Marketing,Director,San Francisco,78509.58,10369.17,2024-01-11,32,59.8,robert.davis@company.com,(237) 270-4578,Active
EMP008416,Christopher,Taylor,Christopher Taylor,50,Marketing,Associate,Chicago,62809.93,8910.61,2022-08-12,23,55.2,christopher.taylor@company.com,(377) 452-6628,Active
EMP008417,Michael,Martin,Michael Martin,64,Finance,Associate,Austin,90782.81,9102.71,2020-07-20,41,69.1,michael.martin@company.com,(489) 702-6367,Active
EMP008418,Anthony,Anderson,Anthony Anderson,62,Marketing,Coordinator,Austin,73224.35,7332.37,2021-11-25,37,96.9,anthony.anderson@company.com,(414) 272-9713,Inactive
EMP008419,William,Martinez,William Martinez,34,Finance,Manager,Los Angeles,73492.88,6510.01,2021-09-04,6,61.8,william.martinez@company.com,(726) 738-4290,Active
EMP008420,Robert,Martinez,Robert Martinez,35,Legal,Associate,San Francisco,92636.07,2977.66,2023-02-06,7,70.2,robert.martinez@company.com,(859) 739-1957,Active
EMP008421,Melissa,Anderson,Melissa Anderson,55,Sales,Associate,New York,65448.08,4442.38,2023-05-01,26,57.9,melissa.anderson@company.com,(601) 575-5265,Active
EMP008422,Amanda,Smith,Amanda Smith,36,Engineering,Director,Chicago,108915.21,19622.2,2022-01-27,10,95.8,amanda.smith@company.com,(612) 941-5963,Active
EMP008423,Ashley,Johnson,Ashley Johnson,49,Legal,Senior Developer,Miami,129762.96,14602.52,2024-09-16,27,54.4,ashley.johnson@company.com,(458) 346-2332,Active
EMP008424,John,Hernandez,John Hernandez,56,Finance,Coordinator,Austin,90628.75,850.29,2024-03-02,33,57.5,john.hernandez@company.com,(287) 395-8248,Active
EMP008425,Jessica,Rodriguez,Jessica Rodriguez,49,Legal,Analyst,Chicago,108764.16,23269.77,2023-06-05,24,64.3,jessica.rodriguez@company.com,(304) 260-9958,Inactive
EMP008426,Daniel,Anderson,Daniel Anderson,52,Operations,Senior Developer,Boston,62373.2,2911.76,2023-10-21,24,60.0,daniel.anderson@company.com,(831) 378-9425,Active
EMP008427,David,Brown,David Brown,49,Legal,Associate,Los Angeles,91698.34,8346.37,2024-06-22,25,71.6,david.brown@company.com,(259) 432-9704,Inactive
EMP008428,William,Thomas,William Thomas,57,IT,Associate,Chicago,88969.97,13918.78,2021-07-16,33,77.9,william.thomas@company.com,(632) 285-7491,Active
EMP008429,Jane,Williams,Jane Williams,26,IT,Coordinator,New York,61737.94,0.0,2020-01-27,2,87.9,jane.williams@company.com,(442) 534-1560,Inactive
EMP008430,Lisa,Smith,Lisa Smith,61,Legal,Senior Developer,Los Angeles,106317.71,10800.49,2024-09-26,39,68.3,lisa.smith@company.com,(298) 914-5178,Active
EMP008431,Daniel,Wilson,Daniel Wilson,49,Legal,Director,New York,118213.42,12618.46,2021-09-08,26,77.9,daniel.wilson@company.com,(872) 675-1336,Active
EMP008432,David,Gonzalez,David Gonzalez,38,HR,Specialist,Miami,63259.08,3259.62,2023-10-08,12,99.2,david.gonzalez@company.com,(619) 489-7146,Active
EMP008433,Amanda,Johnson,Amanda Johnson,46,Legal,Lead,Seattle,81831.97,1339.95,2022-06-10,21,80.0,amanda.johnson@company.com,(371) 295-9972,Active
EMP008434,Jessica,Moore,Jessica Moore,51,HR,Director,Boston,64560.15,5616.27,2020-01-28,27,74.1,jessica.moore@company.com,(276) 602-9307,Active
EMP008435,Anthony,Anderson,Anthony Anderson,63,Engineering,Senior Developer,Miami,85333.57,13618.93,2023-04-23,34,88.2,anthony.anderson@company.com,(801) 331-6923,Active
EMP008436,Sarah,Brown,Sarah Brown,58,Legal,Specialist,San Francisco,121706.2,12055.44,2021-08-28,35,80.8,sarah.brown@company.com,(908) 225-4151,Active
EMP008437,Nicole,Anderson,Nicole Anderson,58,Operations,Lead,Los Angeles,72624.52,4698.29,2021-02-16,34,79.1,nicole.anderson@company.com,(911) 315-2743,Active
EMP008438,Sarah,Anderson,Sarah Anderson,28,IT,Manager,Los Angeles,43097.68,2972.92,2024-10-01,1,74.6,sarah.anderson@company.com,(386) 650-2502,Active
EMP008439,Stephanie,Williams,Stephanie Williams,33,Operations,Manager,Seattle,59177.41,5582.14,2023-06-23,9,63.8,stephanie.williams@company.com,(725) 873-7002,Active
EMP008440,Michael,Smith,Michael Smith,48,HR,Specialist,Austin,65134.89,6857.45,2023-02-19,23,64.9,michael.smith@company.com,(324) 259-1966,Active
EMP008441,Ashley,Hernandez,Ashley Hernandez,54,HR,Senior Developer,Austin,58949.19,11128.39,2023-07-24,31,81.5,ashley.hernandez@company.com,(687) 517-3125,Active
EMP008442,Stephanie,Lopez,Stephanie Lopez,56,Sales,Coordinator,San Francisco,94728.28,8080.73,2024-02-15,31,96.6,stephanie.lopez@company.com,(957) 997-8813,Active
EMP008443,Anthony,Williams,Anthony Williams,39,HR,Lead,Los Angeles,45355.95,3594.82,2023-09-25,15,62.7,anthony.williams@company.com,(734) 869-6597,Active
EMP008444,Daniel,Martin,Daniel Martin,30,Marketing,Associate,New York,91516.64,6459.87,2024-12-24,4,75.7,daniel.martin@company.com,(446) 832-7261,Active
EMP008445,David,Rodriguez,David Rodriguez,65,Sales,Analyst,Miami,99382.16,7398.96,2023-06-09,36,66.8,david.rodriguez@company.com,(704) 306-4566,Active
EMP008446,James,Taylor,James Taylor,35,Marketing,Manager,Boston,45113.45,800.54,2023-01-08,6,63.0,james.taylor@company.com,(498) 417-5565,Active
EMP008447,Michael,Brown,Michael Brown,40,Marketing,Analyst,San Francisco,60764.12,447.42,2023-01-06,13,80.9,michael.brown@company.com,(737) 965-3758,Active
EMP008448,William,Lopez,William Lopez,31,Finance,Manager,Miami,91610.7,2603.63,2023-08-14,6,87.0,william.lopez@company.com,(876) 527-5626,Inactive
EMP008449,Robert,Garcia,Robert Garcia,53,Sales,Coordinator,Chicago,81925.4,10503.31,2023-04-21,28,58.9,robert.garcia@company.com,(919) 567-5807,Active
EMP008450,William,Martinez,William Martinez,23,HR,Analyst,Chicago,57164.49,6580.65,2020-05-02,0,90.0,william.martinez@company.com,(677) 726-2799,Active
EMP008451,James,Smith,James Smith,47,Finance,Senior Developer,New York,89501.18,9111.39,2022-04-10,19,79.4,james.smith@company.com,(843) 672-3632,Active
EMP008452,Robert,Gonzalez,Robert Gonzalez,63,HR,Senior Developer,Boston,85052.03,9092.32,2024-02-20,36,73.4,robert.gonzalez@company.com,(244) 675-4555,Active
EMP008453,Michael,Hernandez,Michael Hernandez,29,HR,Director,Seattle,58401.43,5055.23,2022-01-10,0,88.2,michael.hernandez@company.com,(634) 688-5677,Active
EMP008454,Ashley,Smith,Ashley Smith,57,Finance,Senior Developer,Los Angeles,100689.24,9136.05,2022-06-29,34,94.0,ashley.smith@company.com,(483) 576-6228,Active
EMP008455,Melissa,Moore,Melissa Moore,62,Engineering,Lead,San Francisco,97182.51,10641.06,2020-07-18,34,95.2,melissa.moore@company.com,(935) 533-2468,Active
EMP008456,John,Smith,John Smith,26,IT,Specialist,Austin,113072.51,15157.52,2020-03-13,0,78.1,john.smith@company.com,(806) 628-2581,Active
EMP008457,Anthony,Jackson,Anthony Jackson,35,Marketing,Analyst,Los Angeles,44914.32,4815.35,2023-11-01,8,100.0,anthony.jackson@company.com,(433) 982-7345,Active
EMP008458,Sarah,Lopez,Sarah Lopez,53,Legal,Lead,Miami,136597.89,15619.88,2022-04-12,30,74.6,sarah.lopez@company.com,(494) 334-4301,Active
EMP008459,Matthew,Hernandez,Matthew Hernandez,50,Engineering,Manager,Miami,130393.21,14063.44,2023-08-05,28,61.5,matthew.hernandez@company.com,(848) 514-8549,Active
EMP008460,Emily,Miller,Emily Miller,64,Engineering,Director,Austin,130460.85,20099.3,2023-11-18,37,70.1,emily.miller@company.com,(911) 520-1327,Active
EMP008461,Jessica,Garcia,Jessica Garcia,64,Engineering,Senior Developer,New York,126891.98,19948.59,2024-03-23,42,83.8,jessica.garcia@company.com,(319) 922-3661,Active
EMP008462,Lisa,Davis,Lisa Davis,29,Finance,Coordinator,San Francisco,85936.21,8123.24,2023-11-05,6,40.1,lisa.davis@company.com,(718) 354-3278,Active
EMP008463,Emily,Williams,Emily Williams,23,Operations,Senior Developer,San Francisco,55204.96,6654.27,2020-03-30,0,67.3,emily.williams@company.com,(764) 753-1004,Active
EMP008464,Nicole,Jackson,Nicole Jackson,41,Operations,Associate,New York,41615.84,1940.85,2022-04-13,19,55.3,nicole.jackson@company.com,(581) 815-4711,Active
EMP008465,Sarah,Rodriguez,Sarah Rodriguez,53,Engineering,Senior Developer,New York,109775.97,13815.33,2021-09-09,26,98.4,sarah.rodriguez@company.com,(891) 558-3112,Inactive
EMP008466,Nicole,Gonzalez,Nicole Gonzalez,45,Engineering,Analyst,Los Angeles,77417.84,7959.12,2024-07-11,17,86.0,nicole.gonzalez@company.com,(289) 695-6028,Active
EMP008467,John,Thomas,John Thomas,46,Finance,Analyst,Boston,83252.58,6795.3,2020-10-11,21,73.6,john.thomas@company.com,(503) 821-5325,Active
EMP008468,Nicole,Jackson,Nicole Jackson,45,Legal,Director,Los Angeles,78958.55,0.0,2023-03-11,17,90.2,nicole.jackson@company.com,(323) 587-1487,Active
EMP008469,Christopher,Jackson,Christopher Jackson,55,Finance,Associate,San Francisco,100686.36,10292.38,2021-10-29,28,86.3,christopher.jackson@company.com,(895) 771-8610,Active
EMP008470,Michael,Lopez,Michael Lopez,35,Marketing,Manager,Boston,50994.47,2068.2,2024-03-30,11,92.7,michael.lopez@company.com,(627) 450-6506,Active
EMP008471,Stephanie,Anderson,Stephanie Anderson,53,Operations,Manager,Austin,49422.31,5662.22,2021-07-20,25,100.0,stephanie.anderson@company.com,(511) 521-7351,Active
EMP008472,Amanda,Jackson,Amanda Jackson,62,Sales,Director,Los Angeles,89276.56,10018.67,2024-09-18,37,90.5,amanda.jackson@company.com,(339) 855-5922,Active
EMP008473,Robert,Miller,Robert Miller,33,Operations,Coordinator,New York,53984.49,4775.6,2020-07-02,8,82.5,robert.miller@company.com,(317) 330-8613,Active
EMP008474,Matthew,Brown,Matthew Brown,24,IT,Associate,Chicago,97028.78,0.0,2024-03-06,2,68.5,matthew.brown@company.com,(839) 742-7030,Active
EMP008475,John,Hernandez,John Hernandez,26,IT,Manager,Los Angeles,77655.05,6354.82,2021-11-14,0,63.1,john.hernandez@company.com,(910) 789-4171,Active
EMP008476,Michael,Jackson,Michael Jackson,63,Legal,Associate,Seattle,95502.02,15560.23,2022-02-06,36,99.9,michael.jackson@company.com,(603) 411-9697,Active
EMP008477,Stephanie,Martin,Stephanie Martin,26,Engineering,Lead,Chicago,81434.52,11663.16,2023-07-30,2,69.0,stephanie.martin@company.com,(602) 293-8192,On Leave
EMP008478,Stephanie,Moore,Stephanie Moore,26,Sales,Senior Developer,Austin,55488.83,3689.56,2020-02-14,0,68.6,stephanie.moore@company.com,(333) 862-1645,Active
EMP008479,Ashley,Johnson,Ashley Johnson,58,Marketing,Associate,Austin,68759.02,5917.89,2021-11-12,36,75.0,ashley.johnson@company.com,(860) 941-1293,Active
EMP008480,Jessica,Williams,Jessica Williams,40,Engineering,Lead,Boston,101633.21,1963.89,2023-02-13,18,78.6,jessica.williams@company.com,(769) 362-6191,Active
EMP008481,David,Garcia,David Garcia,30,Engineering,Coordinator,Los Angeles,64952.54,2696.03,2020-09-15,6,86.3,david.garcia@company.com,(254) 664-9165,Active
EMP008482,Matthew,Gonzalez,Matthew Gonzalez,65,Engineering,Coordinator,Chicago,144116.41,4229.27,2024-03-17,42,71.3,matthew.gonzalez@company.com,(616) 437-8783,Active
EMP008483,Michael,Williams,Michael Williams,36,IT,Lead,New York,59003.07,7303.36,2020-10-31,8,69.3,michael.williams@company.com,(652) 448-3817,Active
EMP008484,Amanda,Lopez,Amanda Lopez,34,Legal,Lead,Miami,82526.97,10075.82,2021-06-30,12,67.3,amanda.lopez@company.com,(769) 460-1011,Active
EMP008485,Emily,Garcia,Emily Garcia,51,IT,Analyst,San Francisco,83181.64,8247.38,2022-06-18,26,65.5,emily.garcia@company.com,(350) 618-1106,Active
EMP008486,Melissa,Wilson,Melissa Wilson,31,Marketing,Lead,Los Angeles,54915.63,7974.42,2020-10-27,8,65.4,melissa.wilson@company.com,(735) 382-6036,Active
EMP008487,Lisa,Anderson,Lisa Anderson,29,IT,Specialist,New York,98027.45,9588.32,2020-12-11,5,75.0,lisa.anderson@company.com,(739) 751-9027,Active
EMP008488,Lisa,Garcia,Lisa Garcia,40,Operations,Lead,Los Angeles,61986.49,6938.1,2023-11-16,14,89.6,lisa.garcia@company.com,(358) 910-5857,Active
EMP008489,Lisa,Lopez,Lisa Lopez,26,Finance,Coordinator,San Francisco,64177.4,9478.33,2022-08-26,3,67.2,lisa.lopez@company.com,(271) 686-8144,Active
EMP008490,Anthony,Gonzalez,Anthony Gonzalez,43,Legal,Analyst,Chicago,112453.84,6654.05,2022-01-06,19,66.6,anthony.gonzalez@company.com,(697) 638-6702,Active
EMP008491,James,Williams,James Williams,40,Finance,Coordinator,Los Angeles,69310.15,6591.53,2023-05-27,11,88.7,james.williams@company.com,(801) 717-4758,Active
EMP008492,Robert,Johnson,Robert Johnson,64,Operations,Analyst,Austin,91800.58,7602.92,2020-07-29,36,83.7,robert.johnson@company.com,(754) 790-4883,Active
EMP008493,Amanda,Davis,Amanda Davis,28,Engineering,Associate,Boston,65064.6,3906.18,2024-04-17,2,83.6,amanda.davis@company.com,(577) 469-9911,Active
EMP008494,Jessica,Taylor,Jessica Taylor,40,Engineering,Lead,Los Angeles,92343.92,3110.32,2020-08-10,14,55.2,jessica.taylor@company.com,(818) 306-9074,Active
EMP008495,Amanda,Williams,Amanda Williams,23,IT,Coordinator,Miami,79786.84,15729.94,2023-09-27,0,87.8,amanda.williams@company.com,(621) 587-8770,Active
EMP008496,Daniel,Lopez,Daniel Lopez,36,Marketing,Manager,Seattle,52435.02,2239.29,2023-06-10,9,43.8,daniel.lopez@company.com,(667) 916-6744,Active
EMP008497,Sarah,Davis,Sarah Davis,29,HR,Lead,Seattle,63759.51,0.0,2021-06-16,5,66.7,sarah.davis@company.com,(881) 880-6964,Active
EMP008498,Jane,Johnson,Jane Johnson,50,Finance,Senior Developer,Seattle,95646.94,6466.14,2023-01-09,23,66.9,jane.johnson@company.com,(566) 847-1917,Active
EMP008499,Stephanie,Johnson,Stephanie Johnson,54,HR,Lead,New York,77541.39,4746.71,2024-05-14,29,85.3,stephanie.johnson@company.com,(871) 928-9508,Active
EMP008500,Christopher,Davis,Christopher Davis,47,Finance,Senior Developer,Los Angeles,73501.94,7274.86,2021-10-22,24,78.4,christopher.davis@company.com,(937) 638-6241,Active
EMP008501,Melissa,Martin,Melissa Martin,54,HR,Manager,Seattle,41306.4,6759.1,2023-07-11,25,99.0,melissa.martin@company.com,(462) 767-7447,Active
EMP008502,Jessica,Moore,Jessica Moore,54,Finance,Director,San Francisco,90470.94,17103.15,2022-08-30,32,55.3,jessica.moore@company.com,(216) 653-9547,Active
EMP008503,Jessica,Miller,Jessica Miller,56,Engineering,Specialist,San Francisco,70090.61,5228.02,2020-05-15,27,81.0,jessica.miller@company.com,(314) 718-3455,Inactive
EMP008504,Jane,Wilson,Jane Wilson,50,Engineering,Analyst,Los Angeles,95803.6,8421.17,2023-12-28,23,45.2,jane.wilson@company.com,(944) 282-8762,Active
EMP008505,Stephanie,Rodriguez,Stephanie Rodriguez,42,IT,Manager,Miami,110151.37,14886.1,2024-05-03,18,86.0,stephanie.rodriguez@company.com,(551) 709-5889,Inactive
EMP008506,John,Lopez,John Lopez,51,Engineering,Manager,New York,99305.83,10195.73,2024-12-11,24,86.2,john.lopez@company.com,(209) 237-2026,Active
EMP008507,David,Wilson,David Wilson,54,Engineering,Analyst,Los Angeles,133843.24,40818.51,2020-05-07,27,23.5,david.wilson@company.com,(320) 324-1128,Active
EMP008508,Nicole,Moore,Nicole Moore,25,Legal,Manager,New York,53378.46,3934.28,2023-04-07,1,74.2,nicole.moore@company.com,(255) 515-3674,Active
EMP008509,Stephanie,Wilson,Stephanie Wilson,26,HR,Coordinator,Seattle,57515.39,3388.33,2022-04-01,0,100.0,stephanie.wilson@company.com,(516) 546-1585,Active
EMP008510,William,Johnson,William Johnson,45,Legal,Analyst,Seattle,92772.16,10798.33,2023-08-12,19,54.5,william.johnson@company.com,(559) 812-3316,Active
EMP008511,Emily,Williams,Emily Williams,65,HR,Analyst,Boston,70113.0,6857.41,2020-02-23,40,69.3,emily.williams@company.com,(683) 623-5292,On Leave
EMP008512,Jessica,Hernandez,Jessica Hernandez,56,HR,Coordinator,Chicago,59977.54,11185.17,2022-05-10,33,59.6,jessica.hernandez@company.com,(325) 859-9350,Active
EMP008513,Robert,Thomas,Robert Thomas,28,Engineering,Coordinator,San Francisco,110898.59,4242.97,2022-07-18,0,46.9,robert.thomas@company.com,(691) 513-6093,Active
EMP008514,Stephanie,Wilson,Stephanie Wilson,35,Marketing,Specialist,San Francisco,74672.81,12591.82,2023-12-04,6,80.4,stephanie.wilson@company.com,(533) 944-9430,Active
EMP008515,Matthew,Rodriguez,Matthew Rodriguez,30,Legal,Associate,San Francisco,62284.55,10659.7,2023-08-04,7,80.8,matthew.rodriguez@company.com,(971) 862-4660,Active
EMP008516,Sarah,Thomas,Sarah Thomas,39,Operations,Analyst,Los Angeles,50736.66,5410.81,2023-10-08,12,76.3,sarah.thomas@company.com,(851) 609-9762,Active
EMP008517,Michael,Rodriguez,Michael Rodriguez,46,Sales,Coordinator,Boston,112502.75,23051.17,2023-09-10,22,57.9,michael.rodriguez@company.com,(230) 288-5840,Active
EMP008518,Daniel,Smith,Daniel Smith,39,Engineering,Manager,Seattle,101906.96,5897.97,2024-10-28,12,65.6,daniel.smith@company.com,(296) 696-4106,Active
EMP008519,Daniel,Hernandez,Daniel Hernandez,51,Sales,Analyst,San Francisco,87714.23,0.0,2022-12-15,24,60.9,daniel.hernandez@company.com,(840) 630-2273,Active
EMP008520,Matthew,Taylor,Matthew Taylor,54,HR,Coordinator,Boston,81329.17,6346.15,2022-07-05,26,61.5,matthew.taylor@company.com,(236) 292-7880,Active
EMP008521,Stephanie,Williams,Stephanie Williams,53,Operations,Analyst,Seattle,60668.66,8643.74,2021-12-12,24,81.4,stephanie.williams@company.com,(909) 455-6323,Active
EMP008522,Amanda,Davis,Amanda Davis,41,Legal,Specialist,New York,109546.19,8755.73,2020-11-14,19,67.8,amanda.davis@company.com,(229) 924-7358,Active
EMP008523,Anthony,Jackson,Anthony Jackson,44,Operations,Specialist,Seattle,79710.68,7224.16,2020-01-08,22,49.4,anthony.jackson@company.com,(762) 212-6193,Active
EMP008524,David,Taylor,David Taylor,31,Marketing,Coordinator,San Francisco,58435.36,9358.41,2024-06-20,4,63.9,david.taylor@company.com,(513) 793-7980,Active
EMP008525,John,Taylor,John Taylor,44,HR,Lead,Miami,73862.89,3826.51,2020-10-07,20,98.3,john.taylor@company.com,(872) 547-2858,On Leave
EMP008526,Matthew,Davis,Matthew Davis,31,HR,Director,Boston,75207.07,10731.72,2021-09-10,8,82.5,matthew.davis@company.com,(800) 280-1555,Active
EMP008527,Christopher,Davis,Christopher Davis,43,IT,Director,Seattle,131605.3,11866.05,2022-01-23,16,92.9,christopher.davis@company.com,(501) 464-8952,Active
EMP008528,James,Hernandez,James Hernandez,27,Finance,Director,Boston,46182.1,7441.29,2022-12-28,4,56.8,james.hernandez@company.com,(759) 374-3552,Active
EMP008529,William,Smith,William Smith,34,Sales,Manager,Miami,69528.77,1377.67,2024-05-05,9,85.8,william.smith@company.com,(714) 910-6253,Inactive
EMP008530,Melissa,Martinez,Melissa Martinez,42,HR,Associate,Chicago,84025.76,3631.89,2022-10-15,20,76.3,melissa.martinez@company.com,(741) 353-3605,Active
EMP008531,Anthony,Taylor,Anthony Taylor,34,Legal,Manager,Los Angeles,103240.83,7276.64,2022-08-11,7,68.0,anthony.taylor@company.com,(788) 767-2122,Active
EMP008532,Amanda,Brown,Amanda Brown,39,HR,Specialist,San Francisco,53024.37,5961.03,2022-06-13,10,66.4,amanda.brown@company.com,(796) 361-4588,Active
EMP008533,Matthew,Gonzalez,Matthew Gonzalez,43,HR,Coordinator,Seattle,82571.45,10228.72,2022-10-29,21,53.1,matthew.gonzalez@company.com,(697) 373-4672,Active
EMP008534,Jessica,Gonzalez,Jessica Gonzalez,29,Marketing,Specialist,Boston,64947.36,10334.56,2023-08-16,7,69.5,jessica.gonzalez@company.com,(801) 757-2211,Active
EMP008535,William,Lopez,William Lopez,31,Legal,Lead,Boston,75963.26,5422.76,2021-04-02,6,95.1,william.lopez@company.com,(744) 618-9941,Active
EMP008536,Amanda,Johnson,Amanda Johnson,33,Legal,Coordinator,Seattle,72906.08,9618.15,2020-07-16,6,87.5,amanda.johnson@company.com,(326) 541-3916,Active
EMP008537,Michael,Taylor,Michael Taylor,56,Legal,Manager,San Francisco,90860.56,15567.59,2023-08-31,30,98.1,michael.taylor@company.com,(239) 224-4250,Active
EMP008538,Jane,Davis,Jane Davis,31,Operations,Lead,Chicago,81306.55,3075.67,2021-10-26,7,59.5,jane.davis@company.com,(300) 674-3830,Active
EMP008539,Jessica,Jones,Jessica Jones,51,Finance,Lead,Seattle,90923.48,12129.3,2024-12-03,26,82.1,jessica.jones@company.com,(997) 914-9267,On Leave
EMP008540,Jessica,Wilson,Jessica Wilson,34,Engineering,Analyst,New York,72744.28,10660.44,2023-05-29,12,77.9,jessica.wilson@company.com,(717) 510-7045,Active
EMP008541,Nicole,Garcia,Nicole Garcia,55,Sales,Associate,Seattle,98073.25,13224.22,2023-07-12,33,77.4,nicole.garcia@company.com,(303) 676-3744,Active
EMP008542,Melissa,Smith,Melissa Smith,23,Sales,Director,San Francisco,65353.58,3046.63,2022-11-18,0,51.6,melissa.smith@company.com,(771) 706-3050,Active
EMP008543,David,Moore,David Moore,27,HR,Manager,Los Angeles,81604.56,4138.15,2022-06-07,5,86.9,david.moore@company.com,(821) 589-7919,Active
EMP008544,Matthew,Rodriguez,Matthew Rodriguez,41,Finance,Specialist,Miami,64419.17,10169.53,2023-06-02,17,63.8,matthew.rodriguez@company.com,(448) 289-8403,Active
EMP008545,David,Jones,David Jones,30,Engineering,Analyst,Los Angeles,73463.83,7141.21,2021-07-24,7,80.8,david.jones@company.com,(924) 766-1504,Active
EMP008546,Emily,Anderson,Emily Anderson,51,Finance,Coordinator,Austin,82358.24,9833.42,2024-09-10,26,52.9,emily.anderson@company.com,(722) 894-6953,Active
EMP008547,Robert,Jones,Robert Jones,61,Legal,Director,Seattle,117281.86,5814.82,2024-12-31,32,99.5,robert.jones@company.com,(984) 496-3242,Inactive
EMP008548,Jane,Hernandez,Jane Hernandez,41,Engineering,Specialist,Chicago,59377.53,6910.87,2020-04-23,17,69.4,jane.hernandez@company.com,(797) 205-6783,Active
EMP008549,Robert,Martinez,Robert Martinez,34,Operations,Director,New York,79310.93,0.0,2024-10-18,7,77.5,robert.martinez@company.com,(662) 438-7111,Active
EMP008550,Emily,Gonzalez,Emily Gonzalez,60,Marketing,Analyst,Boston,76179.35,6748.1,2022-05-22,31,67.2,emily.gonzalez@company.com,(269) 683-7086,Active
EMP008551,William,Williams,William Williams,55,Marketing,Lead,Chicago,72402.0,8941.42,2020-03-06,28,64.4,william.williams@company.com,(256) 346-2111,Inactive
EMP008552,Stephanie,Williams,Stephanie Williams,38,HR,Director,Chicago,64900.0,4225.02,2020-11-13,13,98.4,stephanie.williams@company.com,(421) 800-9271,Active
EMP008553,William,Martinez,William Martinez,23,Operations,Analyst,San Francisco,81966.16,9995.31,2020-10-26,0,89.0,william.martinez@company.com,(678) 630-1043,On Leave
EMP008554,Daniel,Moore,Daniel Moore,47,IT,Manager,Los Angeles,92426.0,8866.57,2022-07-04,25,67.7,daniel.moore@company.com,(914) 613-5761,Active
EMP008555,David,Smith,David Smith,53,Legal,Lead,New York,93238.8,9816.18,2022-09-28,28,72.8,david.smith@company.com,(305) 436-7072,Active
EMP008556,Lisa,Jones,Lisa Jones,43,HR,Senior Developer,Austin,52630.62,8725.19,2020-12-24,20,67.0,lisa.jones@company.com,(760) 835-9197,Active
EMP008557,Michael,Taylor,Michael Taylor,58,IT,Coordinator,New York,112429.15,4151.17,2021-07-04,32,67.7,michael.taylor@company.com,(330) 404-2232,Inactive
EMP008558,Emily,Gonzalez,Emily Gonzalez,65,Marketing,Lead,Boston,85618.17,8517.2,2021-07-08,37,60.2,emily.gonzalez@company.com,(725) 810-5600,Active
EMP008559,Melissa,Martinez,Melissa Martinez,30,IT,Coordinator,Boston,75150.65,6750.11,2020-02-19,4,88.3,melissa.martinez@company.com,(571) 662-6133,Active
EMP008560,Anthony,Rodriguez,Anthony Rodriguez,46,HR,Analyst,Seattle,74425.3,4126.19,2021-11-19,17,56.5,anthony.rodriguez@company.com,(483) 713-3307,Active
EMP008561,John,Moore,John Moore,52,Operations,Senior Developer,San Francisco,69439.4,8730.98,2022-01-08,24,80.0,john.moore@company.com,(513) 784-5346,Active
EMP008562,Amanda,Smith,Amanda Smith,55,Finance,Coordinator,Los Angeles,113514.13,11591.9,2021-03-17,29,83.4,amanda.smith@company.com,(462) 375-6586,Active
EMP008563,David,Jones,David Jones,57,Engineering,Analyst,Austin,75713.33,8315.24,2022-05-12,31,79.8,david.jones@company.com,(202) 374-8863,Active
EMP008564,Ashley,Moore,Ashley Moore,60,Engineering,Lead,Boston,108640.84,8723.86,2023-05-01,31,64.6,ashley.moore@company.com,(634) 908-8366,Active
EMP008565,Robert,Miller,Robert Miller,28,Operations,Manager,Chicago,34490.46,6082.99,2020-07-23,6,75.3,robert.miller@company.com,(732) 763-8442,Active
EMP008566,Michael,Williams,Michael Williams,40,Engineering,Associate,Miami,74905.62,3775.48,2021-02-14,18,61.3,michael.williams@company.com,(239) 367-9490,Inactive
EMP008567,Stephanie,Wilson,Stephanie Wilson,55,Operations,Coordinator,Austin,56801.21,7402.46,2023-12-10,26,83.8,stephanie.wilson@company.com,(874) 769-2255,Active
EMP008568,Anthony,Moore,Anthony Moore,53,Operations,Senior Developer,Miami,52697.37,2741.84,2023-09-09,30,60.7,anthony.moore@company.com,(653) 362-2318,Active
EMP008569,Christopher,Moore,Christopher Moore,50,Marketing,Coordinator,Austin,90037.07,10962.19,2021-12-07,24,81.6,christopher.moore@company.com,(323) 885-6649,Active
EMP008570,Anthony,Davis,Anthony Davis,35,Finance,Associate,Los Angeles,54391.54,7656.71,2022-06-16,6,76.7,anthony.davis@company.com,(441) 250-9294,Active
EMP008571,John,Rodriguez,John Rodriguez,23,Engineering,Analyst,San Francisco,69721.36,11123.33,2024-02-05,0,87.0,john.rodriguez@company.com,(696) 989-3102,Active
EMP008572,William,Wilson,William Wilson,50,Engineering,Senior Developer,New York,109431.84,12404.61,2024-03-25,22,89.2,william.wilson@company.com,(324) 291-6990,Active
EMP008573,Stephanie,Davis,Stephanie Davis,54,Sales,Manager,San Francisco,68475.79,5954.6,2024-02-11,25,89.5,stephanie.davis@company.com,(721) 473-9923,Active
EMP008574,Daniel,Martin,Daniel Martin,56,HR,Senior Developer,Austin,72662.85,1300.37,2024-12-08,31,68.7,daniel.martin@company.com,(351) 456-1316,Active
EMP008575,Ashley,Thomas,Ashley Thomas,28,IT,Associate,Los Angeles,63081.13,3729.81,2021-07-19,3,73.6,ashley.thomas@company.com,(761) 470-8065,Active
EMP008576,James,Martin,James Martin,23,Sales,Senior Developer,New York,56566.04,2968.24,2021-09-05,0,82.8,james.martin@company.com,(527) 372-8258,Active
EMP008577,Sarah,Anderson,Sarah Anderson,32,HR,Specialist,New York,51033.53,4101.35,2021-01-19,9,100.0,sarah.anderson@company.com,(889) 300-2143,Active
EMP008578,Daniel,Hernandez,Daniel Hernandez,31,Engineering,Senior Developer,Austin,100815.07,12966.7,2023-07-27,8,68.5,daniel.hernandez@company.com,(202) 951-7729,Active
EMP008579,Sarah,Thomas,Sarah Thomas,28,HR,Coordinator,Boston,28754.78,0.0,2023-09-23,0,84.6,sarah.thomas@company.com,(833) 831-9017,Active
EMP008580,Melissa,Thomas,Melissa Thomas,38,Legal,Senior Developer,Chicago,70547.85,7799.0,2022-05-28,10,78.0,melissa.thomas@company.com,(591) 495-1967,Inactive
EMP008581,Michael,Gonzalez,Michael Gonzalez,41,Marketing,Coordinator,Boston,58222.75,7287.89,2021-02-05,19,74.1,michael.gonzalez@company.com,(461) 568-5414,Active
EMP008582,Melissa,Jones,Melissa Jones,26,Engineering,Lead,Austin,97708.4,10630.85,2020-11-13,0,75.5,melissa.jones@company.com,(528) 789-6699,On Leave
EMP008583,Stephanie,Brown,Stephanie Brown,53,IT,Lead,Austin,105988.01,12001.26,2023-10-03,30,71.8,stephanie.brown@company.com,(523) 217-2734,Active
EMP008584,Sarah,Johnson,Sarah Johnson,59,Marketing,Manager,Miami,108811.11,12831.42,2024-03-16,31,61.4,sarah.johnson@company.com,(898) 444-7506,Inactive
EMP008585,Christopher,Lopez,Christopher Lopez,48,Legal,Senior Developer,Los Angeles,105741.22,5401.68,2024-02-27,23,88.7,christopher.lopez@company.com,(844) 244-6899,On Leave
EMP008586,Melissa,Garcia,Melissa Garcia,49,HR,Coordinator,Miami,49705.48,4287.75,2021-09-27,23,60.0,melissa.garcia@company.com,(401) 532-6011,Active
EMP008587,Nicole,Johnson,Nicole Johnson,49,Sales,Analyst,Boston,88905.57,15852.09,2022-06-01,26,89.7,nicole.johnson@company.com,(872) 211-9031,Active
EMP008588,Christopher,Jackson,Christopher Jackson,30,HR,Director,Boston,63464.74,6503.95,2023-03-14,1,100.0,christopher.jackson@company.com,(696) 936-5353,Active
EMP008589,Sarah,Gonzalez,Sarah Gonzalez,46,IT,Senior Developer,Boston,82440.84,5908.09,2021-08-03,17,65.7,sarah.gonzalez@company.com,(508) 465-6777,Active
EMP008590,Jessica,Garcia,Jessica Garcia,61,HR,Analyst,San Francisco,72417.87,7156.7,2021-06-22,36,55.4,jessica.garcia@company.com,(849) 722-2846,Active
EMP008591,Emily,Thomas,Emily Thomas,35,Finance,Coordinator,Chicago,49377.57,3708.61,2022-11-01,12,44.6,emily.thomas@company.com,(777) 305-6896,Active
EMP008592,Christopher,Hernandez,Christopher Hernandez,38,Finance,Analyst,Boston,81764.39,3395.96,2024-07-04,16,75.8,christopher.hernandez@company.com,(693) 422-8516,Active
EMP008593,John,Rodriguez,John Rodriguez,31,Sales,Director,Los Angeles,35761.76,2365.33,2023-06-01,2,76.6,john.rodriguez@company.com,(911) 473-3749,Active
EMP008594,Matthew,Hernandez,Matthew Hernandez,46,Engineering,Manager,Seattle,95026.11,13289.08,2020-01-24,18,90.5,matthew.hernandez@company.com,(596) 220-7464,Active
EMP008595,Matthew,Thomas,Matthew Thomas,35,IT,Specialist,Chicago,64504.1,7725.79,2020-03-04,11,58.3,matthew.thomas@company.com,(720) 330-4522,Inactive
EMP008596,Robert,Johnson,Robert Johnson,44,Engineering,Lead,Chicago,100865.37,6709.14,2021-03-23,20,72.9,robert.johnson@company.com,(436) 733-6276,Active
EMP008597,Lisa,Garcia,Lisa Garcia,22,Operations,Manager,Miami,43642.89,10958.26,2024-08-18,0,78.0,lisa.garcia@company.com,(345) 930-7557,Active
EMP008598,Emily,Williams,Emily Williams,56,Marketing,Lead,Boston,86819.59,6494.57,2024-09-20,31,53.3,emily.williams@company.com,(277) 568-8413,Active
EMP008599,Sarah,Thomas,Sarah Thomas,51,Operations,Associate,Austin,63478.72,10102.85,2021-04-09,29,92.4,sarah.thomas@company.com,(823) 655-9831,Active
EMP008600,Lisa,Johnson,Lisa Johnson,38,HR,Senior Developer,Los Angeles,66426.95,6380.23,2024-07-22,12,78.3,lisa.johnson@company.com,(739) 487-4928,Active
EMP008601,Stephanie,Moore,Stephanie Moore,55,Marketing,Director,Chicago,69218.23,3012.33,2021-03-01,29,61.2,stephanie.moore@company.com,(621) 797-2210,Active
EMP008602,Daniel,Brown,Daniel Brown,65,Legal,Manager,Austin,104818.39,0.0,2020-04-14,42,68.7,daniel.brown@company.com,(908) 398-1461,Active
EMP008603,Christopher,Martinez,Christopher Martinez,24,Finance,Coordinator,San Francisco,53530.63,3236.91,2023-02-07,0,90.6,christopher.martinez@company.com,(808) 613-9984,Active
EMP008604,Melissa,Martinez,Melissa Martinez,62,Marketing,Coordinator,Miami,83007.75,7104.93,2023-08-11,36,100.0,melissa.martinez@company.com,(749) 954-4421,Inactive
EMP008605,Robert,Brown,Robert Brown,64,HR,Analyst,New York,83531.82,2391.16,2024-10-04,41,79.8,robert.brown@company.com,(288) 534-9062,Active
EMP008606,David,Smith,David Smith,27,HR,Senior Developer,Los Angeles,60139.59,1821.07,2024-10-15,5,64.3,david.smith@company.com,(937) 586-4027,Active
EMP008607,Melissa,Jackson,Melissa Jackson,26,Finance,Director,Miami,72616.98,11405.9,2020-06-27,0,89.7,melissa.jackson@company.com,(265) 215-9276,Active
EMP008608,Jane,Martinez,Jane Martinez,65,Sales,Senior Developer,Los Angeles,107045.26,12241.29,2020-05-10,42,67.1,jane.martinez@company.com,(393) 455-8029,On Leave
EMP008609,Nicole,Moore,Nicole Moore,34,Operations,Manager,Miami,60851.16,4588.4,2020-07-30,8,96.4,nicole.moore@company.com,(581) 756-7677,Active
EMP008610,Anthony,Wilson,Anthony Wilson,35,Operations,Associate,Chicago,56068.64,2176.69,2023-08-30,7,72.4,anthony.wilson@company.com,(445) 920-1152,Active
EMP008611,Stephanie,Wilson,Stephanie Wilson,61,Engineering,Analyst,Austin,123980.29,22157.7,2023-08-08,37,85.9,stephanie.wilson@company.com,(891) 653-4427,Active
EMP008612,Anthony,Wilson,Anthony Wilson,39,IT,Analyst,Los Angeles,99962.26,5063.39,2023-03-25,10,80.7,anthony.wilson@company.com,(221) 791-2116,Active
EMP008613,Ashley,Williams,Ashley Williams,35,Marketing,Senior Developer,Austin,64672.0,0.0,2023-09-06,9,74.5,ashley.williams@company.com,(652) 553-7192,Active
EMP008614,James,Johnson,James Johnson,60,Marketing,Manager,Chicago,73500.27,3102.56,2024-09-21,32,71.8,james.johnson@company.com,(932) 480-9091,Active
EMP008615,Jessica,Smith,Jessica Smith,26,Sales,Specialist,Chicago,59229.52,8049.01,2023-03-25,0,71.9,jessica.smith@company.com,(888) 228-8314,Active
EMP008616,Matthew,Taylor,Matthew Taylor,37,Marketing,Senior Developer,Seattle,81049.26,10228.77,2024-11-13,8,79.7,matthew.taylor@company.com,(760) 418-4545,Active
EMP008617,Daniel,Jones,Daniel Jones,30,Engineering,Senior Developer,Miami,67812.31,4791.51,2024-07-07,5,90.3,daniel.jones@company.com,(860) 802-1302,Active
EMP008618,Melissa,Davis,Melissa Davis,61,Finance,Lead,Chicago,78811.96,6677.4,2020-12-20,34,77.7,melissa.davis@company.com,(377) 250-9454,Active
EMP008619,Amanda,Moore,Amanda Moore,50,Engineering,Senior Developer,New York,104358.12,0.0,2022-01-08,26,68.1,amanda.moore@company.com,(276) 674-5644,Active
EMP008620,Anthony,Taylor,Anthony Taylor,60,IT,Analyst,Chicago,139267.14,14279.14,2020-02-09,34,65.2,anthony.taylor@company.com,(617) 749-7877,Active
EMP008621,Stephanie,Rodriguez,Stephanie Rodriguez,36,HR,Senior Developer,Seattle,70330.44,5001.83,2024-04-23,7,65.8,stephanie.rodriguez@company.com,(581) 367-5077,Active
EMP008622,Matthew,Garcia,Matthew Garcia,58,Engineering,Manager,Chicago,140866.92,13977.24,2020-05-23,30,99.0,matthew.garcia@company.com,(603) 932-7561,Active
EMP008623,Sarah,Lopez,Sarah Lopez,57,Sales,Specialist,Miami,81763.84,7900.21,2022-10-04,29,85.4,sarah.lopez@company.com,(651) 973-3612,Active
EMP008624,Ashley,Miller,Ashley Miller,64,IT,Associate,Los Angeles,124401.04,13327.12,2021-08-01,36,93.3,ashley.miller@company.com,(648) 836-9613,Active
EMP008625,Ashley,Wilson,Ashley Wilson,61,Operations,Director,New York,76933.93,8134.03,2021-05-07,33,96.4,ashley.wilson@company.com,(566) 219-5362,Active
EMP008626,Jane,Brown,Jane Brown,22,Operations,Lead,Chicago,47692.69,4035.41,2024-06-16,0,71.1,jane.brown@company.com,(615) 557-1617,Active
EMP008627,Christopher,Johnson,Christopher Johnson,32,HR,Lead,New York,49525.65,1425.87,2024-08-17,10,68.1,christopher.johnson@company.com,(570) 910-9210,Active
EMP008628,Lisa,Miller,Lisa Miller,51,IT,Analyst,Austin,123563.29,0.0,2024-07-31,24,73.7,lisa.miller@company.com,(377) 802-3011,Active
EMP008629,James,Thomas,James Thomas,33,IT,Specialist,Austin,72891.05,4736.26,2021-03-23,6,83.1,james.thomas@company.com,(453) 812-9155,Active
EMP008630,Jessica,Wilson,Jessica Wilson,58,HR,Associate,New York,93292.72,0.0,2020-08-28,34,50.8,jessica.wilson@company.com,(821) 428-8288,Active
EMP008631,Daniel,Johnson,Daniel Johnson,54,IT,Lead,San Francisco,95459.66,5925.58,2024-11-16,29,54.1,daniel.johnson@company.com,(747) 945-1779,Inactive
EMP008632,Michael,Moore,Michael Moore,58,Legal,Associate,San Francisco,128180.82,14777.98,2024-12-08,31,49.0,michael.moore@company.com,(593) 870-4286,Active
EMP008633,Michael,Johnson,Michael Johnson,22,Operations,Associate,Boston,54835.93,3687.19,2022-09-25,0,71.1,michael.johnson@company.com,(982) 893-3697,Active
EMP008634,Daniel,Rodriguez,Daniel Rodriguez,31,Marketing,Lead,New York,75601.25,8614.69,2024-12-02,4,60.2,daniel.rodriguez@company.com,(968) 724-5843,Active
EMP008635,Daniel,Brown,Daniel Brown,60,Legal,Director,San Francisco,117003.57,6369.5,2022-06-18,36,70.4,daniel.brown@company.com,(551) 609-6004,Active
EMP008636,Stephanie,Anderson,Stephanie Anderson,54,Sales,Director,Seattle,94385.36,20503.07,2022-04-25,32,77.0,stephanie.anderson@company.com,(483) 745-4787,Active
EMP008637,Michael,Anderson,Michael Anderson,61,Operations,Lead,New York,125095.06,17312.24,2023-11-13,32,54.9,michael.anderson@company.com,(213) 260-3548,Active
EMP008638,Matthew,Moore,Matthew Moore,54,Marketing,Associate,San Francisco,76769.58,7883.6,2020-04-02,25,65.1,matthew.moore@company.com,(371) 969-6338,Inactive
EMP008639,Jessica,Rodriguez,Jessica Rodriguez,34,Finance,Senior Developer,San Francisco,77451.41,5040.02,2020-01-03,11,91.4,jessica.rodriguez@company.com,(375) 378-1546,Active
EMP008640,Anthony,Jones,Anthony Jones,62,Sales,Manager,Los Angeles,96621.09,4503.11,2023-07-18,33,69.2,anthony.jones@company.com,(787) 342-3437,Inactive
EMP008641,Lisa,Miller,Lisa Miller,65,Legal,Lead,New York,104636.76,10211.59,2020-12-22,41,72.1,lisa.miller@company.com,(628) 450-4947,Active
EMP008642,Robert,Davis,Robert Davis,52,Engineering,Analyst,New York,83267.71,6856.48,2024-07-17,30,36.8,robert.davis@company.com,(408) 374-9893,Active
EMP008643,Emily,Brown,Emily Brown,34,Marketing,Manager,Seattle,60270.96,2937.42,2020-03-24,5,67.1,emily.brown@company.com,(598) 341-3137,Active
EMP008644,Melissa,Martinez,Melissa Martinez,25,IT,Manager,New York,68823.16,6423.29,2022-04-01,0,84.3,melissa.martinez@company.com,(475) 806-9389,Active
EMP008645,Emily,Rodriguez,Emily Rodriguez,45,Legal,Manager,Los Angeles,68031.79,0.0,2023-07-26,21,65.1,emily.rodriguez@company.com,(373) 806-1255,Inactive
EMP008646,Emily,Anderson,Emily Anderson,56,IT,Specialist,New York,86262.04,18463.23,2021-10-07,29,93.0,emily.anderson@company.com,(247) 888-4054,Active
EMP008647,Emily,Wilson,Emily Wilson,49,Marketing,Analyst,Miami,52360.93,5054.84,2024-08-06,26,48.1,emily.wilson@company.com,(896) 833-9045,Active
EMP008648,James,Miller,James Miller,42,HR,Specialist,Miami,69822.41,2106.93,2021-10-09,13,100.0,james.miller@company.com,(431) 654-5367,Active
EMP008649,Emily,Gonzalez,Emily Gonzalez,41,Finance,Coordinator,New York,93367.84,9794.22,2022-05-02,18,65.3,emily.gonzalez@company.com,(499) 403-3336,Active
EMP008650,Stephanie,Hernandez,Stephanie Hernandez,57,HR,Analyst,San Francisco,62470.23,3845.89,2021-06-23,35,81.0,stephanie.hernandez@company.com,(730) 444-9712,Inactive
EMP008651,Emily,Anderson,Emily Anderson,47,Engineering,Coordinator,Los Angeles,120541.29,18439.21,2024-04-30,18,55.5,emily.anderson@company.com,(992) 511-6523,Active
EMP008652,William,Moore,William Moore,26,Operations,Senior Developer,Seattle,53520.86,3819.43,2021-03-20,0,44.3,william.moore@company.com,(338) 438-8143,Active
EMP008653,Michael,Wilson,Michael Wilson,35,Marketing,Analyst,Boston,89498.32,4757.98,2021-04-02,11,38.5,michael.wilson@company.com,(232) 877-2107,Active
EMP008654,Daniel,Miller,Daniel Miller,47,HR,Specialist,Seattle,28971.42,3066.49,2021-11-13,20,88.4,daniel.miller@company.com,(348) 990-1246,Active
EMP008655,David,Rodriguez,David Rodriguez,41,Marketing,Coordinator,New York,73338.2,3857.04,2020-12-06,17,96.5,david.rodriguez@company.com,(623) 899-9057,Active
EMP008656,Matthew,Martin,Matthew Martin,26,Engineering,Associate,Miami,75105.43,9243.46,2024-01-23,0,80.6,matthew.martin@company.com,(316) 454-2973,Active
EMP008657,Nicole,Thomas,Nicole Thomas,53,IT,Coordinator,Austin,114510.06,2145.62,2021-08-17,24,51.3,nicole.thomas@company.com,(934) 242-1396,Active
EMP008658,Emily,Jones,Emily Jones,58,Engineering,Associate,Chicago,106178.18,13174.35,2024-04-25,32,63.8,emily.jones@company.com,(666) 772-7857,Active
EMP008659,Sarah,Garcia,Sarah Garcia,26,Legal,Coordinator,New York,88194.72,7868.53,2022-09-28,0,95.6,sarah.garcia@company.com,(229) 928-3618,Active
EMP008660,John,Davis,John Davis,41,Marketing,Manager,New York,71020.75,5073.81,2020-01-18,15,70.8,john.davis@company.com,(886) 238-4570,Active
EMP008661,Michael,Brown,Michael Brown,28,Engineering,Manager,New York,69597.25,4825.22,2023-03-07,2,63.2,michael.brown@company.com,(377) 772-3757,Active
EMP008662,John,Miller,John Miller,28,Legal,Coordinator,San Francisco,73041.48,6090.74,2020-08-22,6,79.9,john.miller@company.com,(497) 307-8626,Active
EMP008663,Emily,Wilson,Emily Wilson,48,Operations,Manager,Seattle,47201.08,2311.43,2024-06-23,22,75.1,emily.wilson@company.com,(280) 603-3886,Active
EMP008664,David,Martin,David Martin,45,Operations,Coordinator,Boston,63750.38,6077.47,2021-03-30,22,70.8,david.martin@company.com,(722) 693-1809,Active
EMP008665,Anthony,Williams,Anthony Williams,23,Operations,Analyst,Seattle,39538.54,6856.83,2020-12-24,1,71.2,anthony.williams@company.com,(926) 962-1840,Active
EMP008666,Robert,Jones,Robert Jones,39,HR,Senior Developer,Miami,65183.95,7526.82,2023-11-27,16,56.9,robert.jones@company.com,(583) 742-8898,Active
EMP008667,William,Martin,William Martin,25,IT,Analyst,Austin,57178.04,9079.59,2021-06-27,0,63.8,william.martin@company.com,(354) 498-7420,Active
EMP008668,Ashley,Thomas,Ashley Thomas,64,Marketing,Specialist,Seattle,87665.87,13062.58,2020-11-10,35,65.8,ashley.thomas@company.com,(388) 224-1376,Active
EMP008669,Ashley,Davis,Ashley Davis,56,Sales,Senior Developer,New York,81466.26,3701.74,2022-06-07,32,88.6,ashley.davis@company.com,(856) 262-8232,Active
EMP008670,Stephanie,Anderson,Stephanie Anderson,25,Engineering,Director,Seattle,63529.69,5959.1,2020-01-23,2,62.4,stephanie.anderson@company.com,(364) 479-2790,Inactive
EMP008671,Lisa,Miller,Lisa Miller,24,Operations,Manager,New York,68326.38,1543.39,2022-01-29,0,83.8,lisa.miller@company.com,(473) 379-4356,Active
EMP008672,Amanda,Thomas,Amanda Thomas,64,Finance,Coordinator,San Francisco,107465.6,15095.72,2020-09-04,39,48.6,amanda.thomas@company.com,(763) 976-3015,Active
EMP008673,William,Garcia,William Garcia,52,Sales,Senior Developer,Boston,83654.55,7452.23,2023-09-09,29,91.2,william.garcia@company.com,(486) 652-4948,Active
EMP008674,Anthony,Smith,Anthony Smith,46,Operations,Lead,Austin,62274.55,14306.42,2023-04-02,24,71.4,anthony.smith@company.com,(868) 933-2731,Active
EMP008675,James,Thomas,James Thomas,40,Marketing,Associate,Miami,76248.01,2607.18,2023-01-31,17,69.3,james.thomas@company.com,(509) 863-2629,Active
EMP008676,Sarah,Wilson,Sarah Wilson,65,Marketing,Associate,Chicago,73145.91,4433.17,2020-08-23,37,87.5,sarah.wilson@company.com,(921) 403-7453,Active
EMP008677,Jessica,Martinez,Jessica Martinez,45,Sales,Lead,San Francisco,68203.43,1530.85,2023-10-05,17,90.9,jessica.martinez@company.com,(840) 403-6236,Active
EMP008678,David,Jackson,David Jackson,46,Operations,Specialist,Seattle,62559.49,5358.35,2024-01-25,19,78.5,david.jackson@company.com,(953) 228-6489,Active
EMP008679,William,Gonzalez,William Gonzalez,25,HR,Senior Developer,Chicago,56994.81,7539.78,2023-02-08,0,46.5,william.gonzalez@company.com,(386) 654-1339,Active
EMP008680,Christopher,Jones,Christopher Jones,34,IT,Senior Developer,Los Angeles,45465.9,5679.04,2024-09-14,7,83.4,christopher.jones@company.com,(243) 771-5903,Active
EMP008681,Melissa,Wilson,Melissa Wilson,40,Engineering,Lead,Miami,103195.88,8149.41,2023-05-16,17,61.6,melissa.wilson@company.com,(720) 797-9635,Active
EMP008682,Emily,Taylor,Emily Taylor,58,IT,Specialist,Miami,144692.54,1403.4,2021-03-22,34,71.0,emily.taylor@company.com,(437) 402-9530,Active
EMP008683,David,Hernandez,David Hernandez,64,Engineering,Associate,Seattle,124523.43,8480.27,2023-11-17,41,79.0,david.hernandez@company.com,(365) 564-3731,Active
EMP008684,James,Moore,James Moore,61,Engineering,Senior Developer,Austin,130909.96,9939.56,2024-05-25,33,69.7,james.moore@company.com,(535) 426-6490,Active
EMP008685,Michael,Miller,Michael Miller,43,Sales,Coordinator,Austin,79962.33,10088.9,2024-09-30,20,93.2,michael.miller@company.com,(332) 268-5958,Active
EMP008686,James,Thomas,James Thomas,33,Operations,Lead,San Francisco,65625.6,3882.47,2021-07-01,4,67.2,james.thomas@company.com,(440) 988-2042,Active
EMP008687,Emily,Wilson,Emily Wilson,49,Marketing,Lead,San Francisco,70928.24,11120.86,2024-05-03,24,61.8,emily.wilson@company.com,(904) 452-2712,Active
EMP008688,Daniel,Garcia,Daniel Garcia,60,IT,Specialist,Boston,89103.8,11611.88,2021-01-16,38,56.3,daniel.garcia@company.com,(531) 726-7951,Active
EMP008689,John,Brown,John Brown,30,Finance,Senior Developer,Los Angeles,78726.34,4482.94,2020-09-04,1,57.8,john.brown@company.com,(633) 200-9821,Active
EMP008690,John,Thomas,John Thomas,23,Finance,Analyst,Boston,78904.85,14715.48,2021-12-27,0,74.7,john.thomas@company.com,(511) 854-9940,Inactive
EMP008691,Christopher,Brown,Christopher Brown,53,Operations,Coordinator,New York,78349.8,4702.5,2021-10-30,24,82.9,christopher.brown@company.com,(313) 294-1802,Inactive
EMP008692,Nicole,Smith,Nicole Smith,50,HR,Associate,New York,71443.19,10773.64,2023-11-07,25,75.1,nicole.smith@company.com,(318) 555-5842,Active
EMP008693,Jane,Hernandez,Jane Hernandez,47,Legal,Manager,Miami,115667.97,7204.17,2021-05-22,18,83.1,jane.hernandez@company.com,(841) 672-2712,Active
EMP008694,Sarah,Williams,Sarah Williams,22,Finance,Lead,Chicago,84412.31,14521.06,2020-06-06,0,87.1,sarah.williams@company.com,(245) 262-4240,Active
EMP008695,Christopher,Wilson,Christopher Wilson,24,Engineering,Director,Los Angeles,69051.23,1897.42,2020-11-07,0,87.5,christopher.wilson@company.com,(768) 919-8737,Active
EMP008696,Nicole,Williams,Nicole Williams,39,Operations,Coordinator,Seattle,59342.45,4948.19,2022-05-27,15,65.3,nicole.williams@company.com,(957) 262-7460,Active
EMP008697,James,Hernandez,James Hernandez,46,Sales,Analyst,Boston,89158.42,14789.17,2024-03-22,24,63.7,james.hernandez@company.com,(472) 384-8766,Active
EMP008698,Jane,Martin,Jane Martin,29,Engineering,Associate,San Francisco,109368.67,16158.21,2024-07-05,0,64.6,jane.martin@company.com,(853) 306-6516,Active
EMP008699,Christopher,Rodriguez,Christopher Rodriguez,63,Finance,Senior Developer,Austin,88219.81,15637.22,2022-02-19,35,74.7,christopher.rodriguez@company.com,(368) 426-1244,On Leave
EMP008700,Jessica,Smith,Jessica Smith,62,Engineering,Coordinator,Seattle,81695.75,13955.74,2024-05-08,39,68.1,jessica.smith@company.com,(864) 374-1707,Active
EMP008701,Emily,Miller,Emily Miller,63,Operations,Associate,New York,86383.26,10822.0,2022-11-16,36,57.9,emily.miller@company.com,(747) 966-9392,Active
EMP008702,Nicole,Davis,Nicole Davis,43,Sales,Specialist,San Francisco,39149.4,3290.48,2023-04-28,21,59.9,nicole.davis@company.com,(615) 402-9336,Active
EMP008703,Stephanie,Moore,Stephanie Moore,34,Finance,Specialist,Seattle,76382.42,303.82,2020-05-14,7,73.0,stephanie.moore@company.com,(873) 993-3463,Active
EMP008704,Lisa,Williams,Lisa Williams,29,Legal,Associate,New York,67920.32,8478.05,2020-10-29,0,64.0,lisa.williams@company.com,(347) 840-2818,Active
EMP008705,Anthony,Martinez,Anthony Martinez,45,Marketing,Manager,Los Angeles,73649.36,13010.29,2021-02-06,22,100.0,anthony.martinez@company.com,(354) 214-1115,Active
EMP008706,Robert,Jackson,Robert Jackson,51,Engineering,Senior Developer,Chicago,95186.28,13343.25,2021-11-15,28,74.7,robert.jackson@company.com,(516) 339-6763,Active
EMP008707,David,Taylor,David Taylor,61,HR,Senior Developer,San Francisco,67510.33,3349.47,2020-10-18,32,92.4,david.taylor@company.com,(317) 233-6495,Active
EMP008708,John,Williams,John Williams,27,Marketing,Specialist,Seattle,32393.38,2690.17,2020-11-06,3,90.2,john.williams@company.com,(919) 402-7498,Active
EMP008709,David,Hernandez,David Hernandez,23,IT,Director,Miami,75662.44,6254.82,2021-01-02,0,70.2,david.hernandez@company.com,(914) 372-3013,Active
EMP008710,Emily,Davis,Emily Davis,35,Marketing,Coordinator,New York,60835.82,6306.88,2024-08-21,11,69.8,emily.davis@company.com,(538) 513-1029,Active
EMP008711,William,Davis,William Davis,65,IT,Senior Developer,Los Angeles,106783.46,9151.21,2021-07-26,39,56.4,william.davis@company.com,(763) 256-4521,Active
EMP008712,Stephanie,Lopez,Stephanie Lopez,25,IT,Manager,Austin,49311.31,5189.12,2024-01-29,3,84.3,stephanie.lopez@company.com,(227) 941-1632,Active
EMP008713,Melissa,Hernandez,Melissa Hernandez,61,Operations,Lead,Los Angeles,82284.74,5650.21,2022-02-26,34,73.3,melissa.hernandez@company.com,(282) 439-5356,Active
EMP008714,David,Davis,David Davis,33,HR,Specialist,Seattle,69621.2,14245.49,2021-04-26,8,78.6,david.davis@company.com,(221) 911-5114,Active
EMP008715,Ashley,Garcia,Ashley Garcia,32,Legal,Manager,Chicago,88679.65,12625.35,2021-12-11,8,77.6,ashley.garcia@company.com,(282) 953-4163,Active
EMP008716,Amanda,Martinez,Amanda Martinez,31,Sales,Senior Developer,Seattle,63639.94,5407.72,2024-03-30,5,64.2,amanda.martinez@company.com,(635) 320-2457,Active
EMP008717,Matthew,Rodriguez,Matthew Rodriguez,53,Marketing,Associate,Boston,72291.18,0.0,2023-08-07,29,64.2,matthew.rodriguez@company.com,(292) 811-7468,Active
EMP008718,Jessica,Jones,Jessica Jones,44,IT,Analyst,Los Angeles,111948.8,20501.97,2022-01-22,22,79.3,jessica.jones@company.com,(291) 397-8665,Active
EMP008719,Melissa,Gonzalez,Melissa Gonzalez,28,Engineering,Coordinator,Boston,102756.17,3128.56,2022-01-02,0,37.2,melissa.gonzalez@company.com,(815) 211-9404,Active
EMP008720,Matthew,Miller,Matthew Miller,37,Sales,Director,New York,59749.72,1516.88,2024-10-19,15,69.4,matthew.miller@company.com,(472) 517-7714,Active
EMP008721,Robert,Johnson,Robert Johnson,63,Legal,Analyst,Seattle,98271.81,8251.06,2020-04-06,40,93.8,robert.johnson@company.com,(820) 685-7644,Active
EMP008722,David,Anderson,David Anderson,27,Engineering,Analyst,San Francisco,87340.91,8140.76,2020-10-27,0,74.2,david.anderson@company.com,(615) 836-6786,Active
EMP008723,Lisa,Johnson,Lisa Johnson,43,IT,Specialist,Chicago,90738.48,6617.23,2021-09-11,15,63.2,lisa.johnson@company.com,(345) 226-7066,Active
EMP008724,John,Miller,John Miller,62,Engineering,Coordinator,Los Angeles,139143.76,12124.85,2024-12-09,33,69.0,john.miller@company.com,(698) 304-3375,Active
EMP008725,Amanda,Miller,Amanda Miller,24,HR,Manager,Seattle,72131.9,1086.7,2023-08-25,0,85.6,amanda.miller@company.com,(992) 773-1315,Active
EMP008726,Stephanie,Johnson,Stephanie Johnson,60,Finance,Lead,Seattle,77981.9,10070.55,2021-06-13,36,68.6,stephanie.johnson@company.com,(932) 985-3120,Active
EMP008727,Emily,Hernandez,Emily Hernandez,43,Finance,Lead,Chicago,98476.25,17555.72,2020-07-22,15,55.9,emily.hernandez@company.com,(773) 801-1498,Active
EMP008728,Daniel,Gonzalez,Daniel Gonzalez,34,Marketing,Associate,Chicago,72264.58,969.12,2020-11-16,6,70.7,daniel.gonzalez@company.com,(564) 775-5867,Active
EMP008729,John,Thomas,John Thomas,54,Marketing,Lead,San Francisco,85021.83,18613.32,2024-11-08,32,90.3,john.thomas@company.com,(637) 808-6957,Active
EMP008730,Amanda,Davis,Amanda Davis,60,Engineering,Specialist,Seattle,99608.7,9539.41,2024-06-18,38,69.2,amanda.davis@company.com,(427) 988-2417,Active
EMP008731,Lisa,Anderson,Lisa Anderson,34,Finance,Associate,New York,85958.24,14014.49,2021-05-21,7,76.7,lisa.anderson@company.com,(860) 834-6905,Active
EMP008732,Jane,Thomas,Jane Thomas,33,Engineering,Lead,New York,93851.41,9372.64,2021-08-10,9,85.7,jane.thomas@company.com,(263) 678-5005,Active
EMP008733,Melissa,Miller,Melissa Miller,26,Operations,Manager,San Francisco,58349.44,7155.56,2024-05-15,0,70.3,melissa.miller@company.com,(793) 207-4279,Active
EMP008734,Michael,Taylor,Michael Taylor,51,IT,Coordinator,Austin,126104.6,13328.3,2023-03-24,23,99.4,michael.taylor@company.com,(267) 461-7284,Active
EMP008735,Christopher,Gonzalez,Christopher Gonzalez,55,IT,Senior Developer,Austin,113687.65,5372.35,2023-10-19,28,55.7,christopher.gonzalez@company.com,(760) 788-1818,Active
EMP008736,Sarah,Taylor,Sarah Taylor,49,Engineering,Director,Miami,148272.71,10044.84,2023-07-10,26,96.6,sarah.taylor@company.com,(364) 986-2551,Active
EMP008737,Amanda,Brown,Amanda Brown,30,Finance,Lead,San Francisco,45041.53,6590.7,2023-11-17,8,59.2,amanda.brown@company.com,(409) 484-9611,Active
EMP008738,Daniel,Williams,Daniel Williams,48,Legal,Coordinator,Miami,87602.48,2635.73,2021-08-17,24,51.2,daniel.williams@company.com,(574) 992-1299,Active
EMP008739,Amanda,Gonzalez,Amanda Gonzalez,22,IT,Specialist,New York,77436.97,7555.68,2024-05-12,0,85.8,amanda.gonzalez@company.com,(701) 708-1873,Active
EMP008740,Jane,Williams,Jane Williams,33,HR,Lead,Boston,70069.17,6558.53,2023-10-08,5,57.7,jane.williams@company.com,(753) 671-2172,Active
EMP008741,Michael,Davis,Michael Davis,22,Marketing,Senior Developer,San Francisco,68682.98,8589.02,2022-09-26,0,52.1,michael.davis@company.com,(256) 959-6331,Active
EMP008742,Ashley,Gonzalez,Ashley Gonzalez,57,IT,Senior Developer,Los Angeles,90527.48,8900.88,2024-07-23,33,81.2,ashley.gonzalez@company.com,(464) 887-8768,Active
EMP008743,Daniel,Jackson,Daniel Jackson,42,HR,Associate,Chicago,87157.78,12398.24,2023-05-05,17,58.6,daniel.jackson@company.com,(473) 737-2513,Active
EMP008744,Jessica,Lopez,Jessica Lopez,25,Marketing,Specialist,Boston,45629.13,1171.65,2023-07-17,0,75.0,jessica.lopez@company.com,(259) 847-1480,Active
EMP008745,Ashley,Hernandez,Ashley Hernandez,45,HR,Specialist,New York,72030.65,16844.59,2020-10-01,23,86.4,ashley.hernandez@company.com,(311) 492-4946,Active
EMP008746,Stephanie,Wilson,Stephanie Wilson,55,Operations,Specialist,San Francisco,79426.1,13819.96,2020-02-20,32,68.0,stephanie.wilson@company.com,(402) 607-5279,Active
EMP008747,Anthony,Moore,Anthony Moore,38,Sales,Lead,Los Angeles,72055.47,6600.78,2024-08-27,9,100.0,anthony.moore@company.com,(771) 853-4568,Active
EMP008748,Christopher,Garcia,Christopher Garcia,61,Sales,Manager,New York,56517.76,478.7,2021-04-06,32,69.4,christopher.garcia@company.com,(886) 752-6519,Active
EMP008749,William,Thomas,William Thomas,27,Marketing,Coordinator,San Francisco,32487.47,2314.75,2022-01-29,0,91.5,william.thomas@company.com,(302) 528-3838,Active
EMP008750,Matthew,Miller,Matthew Miller,64,IT,Director,Chicago,94816.71,17977.16,2023-12-11,38,96.8,matthew.miller@company.com,(228) 748-2318,Active
EMP008751,Daniel,Jones,Daniel Jones,57,IT,Lead,New York,112043.45,14346.04,2022-05-30,32,80.6,daniel.jones@company.com,(290) 328-5525,Active
EMP008752,Jane,Martinez,Jane Martinez,57,Finance,Coordinator,San Francisco,95798.74,19160.45,2022-03-18,31,65.2,jane.martinez@company.com,(755) 903-3233,Active
EMP008753,Jane,Thomas,Jane Thomas,61,Marketing,Specialist,Miami,54518.82,3832.8,2023-03-16,39,82.0,jane.thomas@company.com,(908) 828-5556,Inactive
EMP008754,Jane,Brown,Jane Brown,64,Marketing,Associate,Los Angeles,77609.85,13820.53,2021-01-06,39,64.1,jane.brown@company.com,(985) 789-4741,Active
EMP008755,Christopher,Anderson,Christopher Anderson,59,Finance,Associate,New York,108523.68,8428.28,2022-01-23,35,71.3,christopher.anderson@company.com,(619) 950-1634,Active
EMP008756,Emily,Garcia,Emily Garcia,55,Operations,Manager,Miami,73694.21,3430.27,2021-04-02,29,90.3,emily.garcia@company.com,(505) 804-4142,Active
EMP008757,Amanda,Miller,Amanda Miller,59,Finance,Lead,San Francisco,99388.79,1667.79,2022-03-07,37,94.1,amanda.miller@company.com,(260) 691-9550,Active
EMP008758,Melissa,Martin,Melissa Martin,40,HR,Senior Developer,Los Angeles,58065.55,1615.4,2023-05-13,15,65.0,melissa.martin@company.com,(566) 391-1725,Active
EMP008759,Matthew,Martinez,Matthew Martinez,63,IT,Specialist,Austin,114405.58,6017.38,2022-10-04,39,70.1,matthew.martinez@company.com,(655) 678-5218,Active
EMP008760,Ashley,Wilson,Ashley Wilson,50,HR,Specialist,Austin,53279.85,7034.64,2023-10-24,27,73.3,ashley.wilson@company.com,(504) 935-3014,Active
EMP008761,Michael,Garcia,Michael Garcia,50,Engineering,Senior Developer,Chicago,77829.87,7034.92,2021-09-13,28,72.9,michael.garcia@company.com,(405) 789-5235,On Leave
EMP008762,David,Johnson,David Johnson,41,Legal,Manager,Seattle,118425.39,15832.15,2020-05-19,13,88.3,david.johnson@company.com,(543) 568-8503,Active
EMP008763,Amanda,Gonzalez,Amanda Gonzalez,34,Operations,Analyst,Chicago,45389.29,7250.26,2022-07-21,11,98.5,amanda.gonzalez@company.com,(280) 819-3264,Active
EMP008764,Nicole,Smith,Nicole Smith,37,Legal,Manager,Boston,93512.63,7768.51,2023-09-01,13,76.7,nicole.smith@company.com,(255) 784-7340,Active
EMP008765,Matthew,Davis,Matthew Davis,41,HR,Associate,New York,66382.74,6342.92,2023-02-26,14,93.9,matthew.davis@company.com,(670) 441-4248,Active
EMP008766,Matthew,Thomas,Matthew Thomas,29,Sales,Analyst,Miami,65011.03,4507.19,2021-02-07,1,71.9,matthew.thomas@company.com,(546) 386-9814,Active
EMP008767,Sarah,Miller,Sarah Miller,28,IT,Lead,Chicago,75545.01,7619.87,2020-07-19,0,66.8,sarah.miller@company.com,(921) 225-1385,Active
EMP008768,Anthony,Thomas,Anthony Thomas,64,Legal,Specialist,New York,120072.22,15615.15,2021-03-28,40,56.8,anthony.thomas@company.com,(268) 412-5780,Active
EMP008769,Amanda,Williams,Amanda Williams,58,IT,Director,Austin,86225.01,11583.47,2020-12-31,34,80.0,amanda.williams@company.com,(716) 824-8245,Active
EMP008770,Sarah,Johnson,Sarah Johnson,35,Operations,Coordinator,Miami,47714.58,0.0,2021-06-27,10,68.6,sarah.johnson@company.com,(907) 828-9940,Active
EMP008771,Sarah,Williams,Sarah Williams,27,Engineering,Associate,San Francisco,117798.89,15694.77,2022-06-12,4,62.0,sarah.williams@company.com,(901) 209-9939,Active
EMP008772,Lisa,Brown,Lisa Brown,51,Sales,Senior Developer,Chicago,73172.54,15668.42,2021-09-05,22,100.0,lisa.brown@company.com,(695) 300-5360,Active
EMP008773,Ashley,Johnson,Ashley Johnson,42,Sales,Coordinator,San Francisco,86047.83,3897.0,2024-07-28,19,69.7,ashley.johnson@company.com,(846) 490-1477,Inactive
EMP008774,Robert,Miller,Robert Miller,37,Operations,Manager,Los Angeles,37065.08,0.0,2020-05-04,14,45.3,robert.miller@company.com,(670) 240-6379,Active
EMP008775,John,Martin,John Martin,32,IT,Lead,Chicago,64873.5,1909.7,2022-07-04,9,71.4,john.martin@company.com,(284) 765-7871,Active
EMP008776,Stephanie,Moore,Stephanie Moore,57,HR,Senior Developer,New York,88135.24,9843.13,2022-06-29,28,66.5,stephanie.moore@company.com,(706) 632-3892,Active
EMP008777,Lisa,Rodriguez,Lisa Rodriguez,59,Marketing,Specialist,Miami,92511.58,7862.03,2022-01-29,36,74.9,lisa.rodriguez@company.com,(451) 681-7085,Active
EMP008778,Christopher,Martin,Christopher Martin,41,IT,Associate,Chicago,97892.71,6373.45,2024-07-11,12,67.1,christopher.martin@company.com,(904) 259-7597,Active
EMP008779,Nicole,Smith,Nicole Smith,38,Finance,Lead,San Francisco,95053.94,11795.33,2023-06-17,15,69.2,nicole.smith@company.com,(844) 582-9787,Active
EMP008780,Robert,Johnson,Robert Johnson,46,HR,Coordinator,Austin,78527.99,8097.19,2020-04-14,21,75.5,robert.johnson@company.com,(227) 420-8274,Active
EMP008781,Jane,Johnson,Jane Johnson,45,Marketing,Coordinator,Boston,82242.84,10829.89,2020-05-03,21,76.9,jane.johnson@company.com,(413) 768-5590,Active
EMP008782,Michael,Smith,Michael Smith,49,IT,Director,Miami,92243.39,10507.64,2024-05-11,24,57.9,michael.smith@company.com,(276) 679-5056,Active
EMP008783,David,Davis,David Davis,65,Sales,Senior Developer,New York,67760.41,2607.9,2023-12-29,39,99.0,david.davis@company.com,(231) 838-5740,Inactive
EMP008784,Anthony,Anderson,Anthony Anderson,38,Operations,Director,San Francisco,62296.54,1479.99,2020-03-03,12,89.8,anthony.anderson@company.com,(311) 369-1164,Active
EMP008785,Jessica,Smith,Jessica Smith,25,Sales,Director,Los Angeles,74652.29,10184.25,2021-08-14,0,74.2,jessica.smith@company.com,(712) 317-2356,Active
EMP008786,James,Smith,James Smith,50,Marketing,Analyst,Miami,91821.64,17990.01,2024-08-07,24,68.1,james.smith@company.com,(538) 862-8182,Active
EMP008787,Daniel,Garcia,Daniel Garcia,43,IT,Coordinator,San Francisco,117556.35,16509.63,2022-12-24,19,97.9,daniel.garcia@company.com,(928) 516-4971,Inactive
EMP008788,Sarah,Garcia,Sarah Garcia,23,Legal,Coordinator,Austin,90475.05,12590.91,2023-02-23,1,100.0,sarah.garcia@company.com,(566) 757-3401,Active
EMP008789,Ashley,Taylor,Ashley Taylor,61,Marketing,Manager,Chicago,96736.99,13029.39,2024-10-22,38,68.4,ashley.taylor@company.com,(721) 539-8338,Active
EMP008790,Emily,Miller,Emily Miller,55,IT,Director,Chicago,103646.57,13408.56,2023-03-25,31,59.0,emily.miller@company.com,(284) 619-2727,Active
EMP008791,James,Smith,James Smith,61,Marketing,Coordinator,Seattle,88779.8,6293.15,2024-11-09,36,75.8,james.smith@company.com,(525) 974-3894,Active
EMP008792,Christopher,Taylor,Christopher Taylor,32,Legal,Manager,New York,89444.19,16069.25,2022-03-13,9,77.6,christopher.taylor@company.com,(912) 411-6733,Inactive
EMP008793,Melissa,Jones,Melissa Jones,50,Marketing,Coordinator,New York,63554.96,4841.85,2021-09-16,28,80.1,melissa.jones@company.com,(295) 445-8665,Inactive
EMP008794,Emily,Moore,Emily Moore,24,Marketing,Analyst,San Francisco,68241.17,4204.77,2022-06-17,0,68.6,emily.moore@company.com,(285) 609-5647,Active
EMP008795,Christopher,Martin,Christopher Martin,60,Operations,Manager,New York,84432.29,5897.73,2024-05-23,38,76.4,christopher.martin@company.com,(620) 734-5342,Active
EMP008796,Michael,Wilson,Michael Wilson,59,Engineering,Manager,Chicago,136612.24,21959.28,2024-10-31,37,82.1,michael.wilson@company.com,(961) 264-3766,Active
EMP008797,Sarah,Jones,Sarah Jones,44,Operations,Lead,Seattle,57276.37,4376.35,2024-04-20,20,77.0,sarah.jones@company.com,(356) 442-9578,Active
EMP008798,Ashley,Taylor,Ashley Taylor,50,Finance,Associate,Austin,93536.51,7116.23,2023-03-14,22,73.1,ashley.taylor@company.com,(718) 215-3104,Active
EMP008799,Jane,Jackson,Jane Jackson,63,Sales,Coordinator,Austin,64400.61,2970.18,2023-09-15,36,83.7,jane.jackson@company.com,(950) 678-2497,Active
EMP008800,William,Garcia,William Garcia,27,Sales,Senior Developer,Seattle,58008.46,5680.37,2021-10-10,0,68.0,william.garcia@company.com,(968) 681-1372,Active
EMP008801,Amanda,Jones,Amanda Jones,65,Sales,Specialist,New York,114964.11,11932.01,2022-04-06,42,62.9,amanda.jones@company.com,(204) 551-9787,Active
EMP008802,Emily,Gonzalez,Emily Gonzalez,40,Sales,Manager,San Francisco,94425.34,9301.47,2023-10-10,18,69.9,emily.gonzalez@company.com,(505) 497-8960,Active
EMP008803,Stephanie,Brown,Stephanie Brown,47,Finance,Director,Seattle,103087.44,0.0,2021-08-27,22,79.1,stephanie.brown@company.com,(213) 555-2020,Active
EMP008804,Stephanie,Taylor,Stephanie Taylor,48,Sales,Coordinator,Seattle,71779.9,5606.2,2022-07-19,23,89.5,stephanie.taylor@company.com,(522) 463-6936,Active
EMP008805,James,Lopez,James Lopez,55,Legal,Coordinator,Chicago,84598.55,6831.65,2022-01-17,28,52.1,james.lopez@company.com,(203) 558-6976,On Leave
EMP008806,William,Williams,William Williams,42,Sales,Lead,New York,60504.93,42.81,2023-08-09,18,87.9,william.williams@company.com,(289) 532-6004,Active
EMP008807,Lisa,Jackson,Lisa Jackson,27,Marketing,Director,Chicago,79628.41,6268.45,2021-08-15,4,75.1,lisa.jackson@company.com,(619) 608-3750,Active
EMP008808,Emily,Lopez,Emily Lopez,41,Finance,Coordinator,Austin,88663.65,1500.48,2021-07-16,19,80.1,emily.lopez@company.com,(579) 933-6189,Active
EMP008809,Stephanie,Miller,Stephanie Miller,39,Finance,Coordinator,Boston,70595.96,3383.91,2023-09-14,12,100.0,stephanie.miller@company.com,(208) 249-3532,Active
EMP008810,John,Martin,John Martin,54,Legal,Associate,Chicago,126964.0,21598.1,2023-11-02,27,68.5,john.martin@company.com,(667) 993-9824,Inactive
EMP008811,Nicole,Gonzalez,Nicole Gonzalez,64,IT,Analyst,San Francisco,74194.62,2800.2,2024-12-07,36,63.3,nicole.gonzalez@company.com,(724) 535-1405,Active
EMP008812,Stephanie,Jones,Stephanie Jones,62,Engineering,Director,Seattle,93234.55,9268.08,2024-06-22,36,92.0,stephanie.jones@company.com,(489) 317-1172,Inactive
EMP008813,Jessica,Smith,Jessica Smith,25,Sales,Manager,Austin,32584.47,2819.24,2024-02-28,0,100.0,jessica.smith@company.com,(312) 271-5001,Active
EMP008814,Jessica,Davis,Jessica Davis,29,IT,Associate,Seattle,86263.05,6232.8,2022-05-22,5,82.6,jessica.davis@company.com,(626) 743-7628,Active
EMP008815,William,Taylor,William Taylor,61,Sales,Director,Boston,79580.26,10608.05,2023-03-17,34,66.0,william.taylor@company.com,(288) 387-3757,Inactive
EMP008816,Michael,Martin,Michael Martin,62,Engineering,Director,Seattle,118493.74,10845.11,2023-12-02,40,59.2,michael.martin@company.com,(989) 873-7565,Active
EMP008817,James,Wilson,James Wilson,44,Engineering,Director,Seattle,82457.78,4510.82,2022-04-25,20,82.7,james.wilson@company.com,(918) 510-5170,Active
EMP008818,Christopher,Martin,Christopher Martin,45,Finance,Analyst,Seattle,85708.18,5751.97,2023-08-20,18,88.3,christopher.martin@company.com,(267) 932-2246,Active
EMP008819,Daniel,Smith,Daniel Smith,36,Engineering,Director,Boston,70120.84,9620.15,2023-07-20,9,81.5,daniel.smith@company.com,(238) 434-3802,Active
EMP008820,Michael,Hernandez,Michael Hernandez,24,Sales,Senior Developer,Miami,74752.24,5953.46,2020-03-08,1,71.7,michael.hernandez@company.com,(463) 220-6006,Active
EMP008821,Stephanie,Rodriguez,Stephanie Rodriguez,23,IT,Analyst,Austin,80427.35,9008.16,2020-10-15,0,85.9,stephanie.rodriguez@company.com,(729) 516-1630,On Leave
EMP008822,Ashley,Rodriguez,Ashley Rodriguez,22,Legal,Coordinator,New York,93128.37,7333.19,2023-07-22,0,94.6,ashley.rodriguez@company.com,(705) 857-4593,Active
EMP008823,Jane,Hernandez,Jane Hernandez,65,Finance,Associate,San Francisco,63400.53,11489.59,2021-05-13,39,56.5,jane.hernandez@company.com,(307) 723-3621,Inactive
EMP008824,Daniel,Lopez,Daniel Lopez,31,Engineering,Associate,New York,46618.35,2771.33,2023-09-10,8,91.2,daniel.lopez@company.com,(890) 779-3599,Active
EMP008825,Robert,Martin,Robert Martin,48,Engineering,Coordinator,New York,112843.52,2025.4,2020-02-18,19,54.9,robert.martin@company.com,(924) 626-8922,Active
EMP008826,Ashley,Taylor,Ashley Taylor,33,Sales,Manager,Miami,73727.33,7123.18,2021-02-16,9,72.3,ashley.taylor@company.com,(892) 846-4838,Inactive
EMP008827,Jessica,Jackson,Jessica Jackson,46,HR,Coordinator,Miami,52687.28,4051.99,2024-05-11,18,85.9,jessica.jackson@company.com,(856) 881-9371,Active
EMP008828,Robert,Smith,Robert Smith,44,Sales,Senior Developer,Chicago,71418.72,2049.02,2022-07-29,20,93.2,robert.smith@company.com,(223) 825-5661,Active
EMP008829,James,Anderson,James Anderson,56,Sales,Director,San Francisco,91730.96,417.12,2021-06-05,28,60.7,james.anderson@company.com,(316) 262-4022,Inactive
EMP008830,John,Wilson,John Wilson,32,Sales,Senior Developer,Los Angeles,59939.73,2210.48,2024-08-23,3,89.5,john.wilson@company.com,(926) 756-6455,Active
EMP008831,Michael,Johnson,Michael Johnson,28,IT,Manager,Miami,78974.87,2962.89,2022-08-17,4,58.0,michael.johnson@company.com,(605) 802-7187,Active
EMP008832,John,Garcia,John Garcia,47,Operations,Analyst,San Francisco,69006.68,8583.27,2022-08-30,19,85.7,john.garcia@company.com,(307) 681-8887,Active
EMP008833,Emily,Gonzalez,Emily Gonzalez,54,Operations,Senior Developer,Miami,74781.4,5966.4,2020-05-03,27,83.6,emily.gonzalez@company.com,(552) 953-3109,Active
EMP008834,Ashley,Williams,Ashley Williams,65,IT,Director,Los Angeles,105055.75,13846.11,2020-05-30,37,82.6,ashley.williams@company.com,(712) 564-7086,Active
EMP008835,James,Wilson,James Wilson,40,Legal,Lead,Los Angeles,104579.76,19078.52,2023-01-10,14,44.9,james.wilson@company.com,(649) 824-1044,Active
EMP008836,Ashley,Brown,Ashley Brown,39,Sales,Associate,Los Angeles,71627.71,3675.73,2023-05-05,13,79.7,ashley.brown@company.com,(295) 288-6862,Active
EMP008837,John,Hernandez,John Hernandez,38,Marketing,Analyst,Seattle,96194.99,13154.23,2022-05-19,9,76.2,john.hernandez@company.com,(816) 986-7742,Active
EMP008838,Anthony,Wilson,Anthony Wilson,30,Legal,Associate,Los Angeles,94888.03,21734.57,2023-06-14,6,84.3,anthony.wilson@company.com,(784) 210-1833,On Leave
EMP008839,Nicole,Garcia,Nicole Garcia,61,Sales,Manager,Los Angeles,125857.55,9523.55,2021-06-19,37,47.7,nicole.garcia@company.com,(317) 981-4993,Active
EMP008840,Stephanie,Rodriguez,Stephanie Rodriguez,49,Engineering,Lead,Seattle,79612.39,5030.46,2020-03-28,27,82.0,stephanie.rodriguez@company.com,(415) 764-4849,Active
EMP008841,John,Davis,John Davis,61,Sales,Senior Developer,San Francisco,69525.84,5072.12,2022-01-26,35,54.7,john.davis@company.com,(564) 696-8882,Active
EMP008842,Nicole,Davis,Nicole Davis,61,Engineering,Specialist,Miami,96084.6,11335.31,2023-06-08,38,56.3,nicole.davis@company.com,(220) 716-3963,Active
EMP008843,Amanda,Gonzalez,Amanda Gonzalez,24,Engineering,Director,Seattle,75968.89,0.0,2020-11-07,1,42.7,amanda.gonzalez@company.com,(225) 322-4224,On Leave
EMP008844,David,Jones,David Jones,40,HR,Coordinator,Austin,46736.31,7719.94,2021-07-09,16,78.8,david.jones@company.com,(252) 452-7120,Active
EMP008845,Jessica,Miller,Jessica Miller,49,Finance,Lead,Seattle,59369.81,1173.5,2020-11-24,25,55.7,jessica.miller@company.com,(841) 678-2203,Active
EMP008846,Sarah,Martin,Sarah Martin,39,IT,Lead,Boston,83308.99,0.0,2021-04-20,15,76.8,sarah.martin@company.com,(578) 287-6276,Active
EMP008847,Ashley,Jackson,Ashley Jackson,49,IT,Associate,New York,102040.96,8798.4,2022-06-06,26,79.9,ashley.jackson@company.com,(263) 658-8120,Active
EMP008848,Melissa,Williams,Melissa Williams,55,Marketing,Director,Seattle,90689.03,11955.18,2021-08-15,30,63.0,melissa.williams@company.com,(948) 955-7633,Active
EMP008849,Nicole,Davis,Nicole Davis,61,Finance,Specialist,Boston,102205.52,17414.09,2023-04-29,37,66.7,nicole.davis@company.com,(666) 549-2756,Active
EMP008850,Melissa,Martin,Melissa Martin,39,Engineering,Coordinator,New York,120793.87,10350.2,2024-09-20,14,66.4,melissa.martin@company.com,(721) 437-3424,Active
EMP008851,Anthony,Thomas,Anthony Thomas,48,HR,Manager,Los Angeles,98143.52,10720.11,2022-06-08,19,100.0,anthony.thomas@company.com,(437) 958-1965,Active
EMP008852,Lisa,Taylor,Lisa Taylor,48,Marketing,Manager,San Francisco,60202.73,1443.85,2023-06-13,19,81.8,lisa.taylor@company.com,(544) 838-3908,Active
EMP008853,Jessica,Davis,Jessica Davis,26,Marketing,Associate,Boston,46522.55,2610.59,2024-08-14,1,76.9,jessica.davis@company.com,(774) 435-5288,Active
EMP008854,Michael,Wilson,Michael Wilson,27,Sales,Associate,New York,74075.33,7543.94,2021-12-09,4,69.0,michael.wilson@company.com,(293) 521-2537,Active
EMP008855,David,Garcia,David Garcia,42,Marketing,Analyst,Los Angeles,41750.49,3611.97,2023-06-13,18,76.9,david.garcia@company.com,(989) 401-7208,Active
EMP008856,Matthew,Moore,Matthew Moore,59,HR,Associate,Seattle,90745.07,9444.5,2024-09-28,32,87.8,matthew.moore@company.com,(248) 539-3462,On Leave
EMP008857,Ashley,Moore,Ashley Moore,39,Marketing,Analyst,Boston,61458.96,8923.7,2022-02-17,15,81.9,ashley.moore@company.com,(894) 677-2250,Active
EMP008858,Matthew,Taylor,Matthew Taylor,28,Operations,Coordinator,San Francisco,79461.54,10764.33,2022-10-27,5,67.3,matthew.taylor@company.com,(610) 790-5670,Inactive
EMP008859,Lisa,Martinez,Lisa Martinez,51,Legal,Analyst,San Francisco,117304.71,17091.87,2023-05-04,28,85.9,lisa.martinez@company.com,(825) 282-8649,Active
EMP008860,Melissa,Gonzalez,Melissa Gonzalez,26,IT,Coordinator,San Francisco,102200.77,7256.77,2021-06-04,3,96.9,melissa.gonzalez@company.com,(566) 920-9501,Active
EMP008861,Stephanie,Brown,Stephanie Brown,51,Legal,Manager,New York,99126.05,14479.7,2020-06-13,26,80.6,stephanie.brown@company.com,(420) 623-6140,Active
EMP008862,Emily,Smith,Emily Smith,45,Sales,Director,Los Angeles,69641.29,272.46,2022-01-09,22,86.8,emily.smith@company.com,(656) 603-2722,Active
EMP008863,Ashley,Anderson,Ashley Anderson,63,Marketing,Coordinator,Boston,75372.74,7041.7,2022-02-21,35,53.6,ashley.anderson@company.com,(756) 476-3897,Active
EMP008864,Emily,Jones,Emily Jones,30,Operations,Coordinator,Austin,40311.58,6680.86,2024-07-29,8,96.3,emily.jones@company.com,(457) 304-5276,Active
EMP008865,Sarah,Jackson,Sarah Jackson,51,Finance,Associate,Chicago,87813.51,14742.71,2024-12-14,28,66.8,sarah.jackson@company.com,(672) 438-7545,Active
EMP008866,David,Hernandez,David Hernandez,55,Sales,Director,Boston,59932.94,2491.52,2020-07-05,27,69.5,david.hernandez@company.com,(244) 926-5307,Active
EMP008867,John,Moore,John Moore,49,Engineering,Coordinator,Seattle,92975.49,11185.61,2021-03-29,24,68.7,john.moore@company.com,(291) 234-1599,Active
EMP008868,Lisa,Johnson,Lisa Johnson,52,Finance,Coordinator,Miami,103135.99,9613.15,2021-08-24,29,91.8,lisa.johnson@company.com,(917) 692-8147,Active
EMP008869,Daniel,Brown,Daniel Brown,28,HR,Coordinator,Boston,62790.84,3779.58,2020-05-18,0,63.3,daniel.brown@company.com,(857) 719-5583,On Leave
EMP008870,Anthony,Brown,Anthony Brown,40,Legal,Specialist,Chicago,90053.67,3145.53,2022-08-26,16,60.5,anthony.brown@company.com,(287) 347-8407,Active
EMP008871,Lisa,Jones,Lisa Jones,38,Legal,Specialist,Chicago,82404.34,9175.62,2020-06-24,15,54.5,lisa.jones@company.com,(819) 752-8973,Active
EMP008872,Robert,Davis,Robert Davis,32,HR,Manager,Austin,31489.16,3060.2,2022-05-17,5,72.5,robert.davis@company.com,(572) 553-8379,Active
EMP008873,Michael,Davis,Michael Davis,44,Operations,Analyst,Boston,82574.9,4303.43,2023-12-17,17,62.0,michael.davis@company.com,(342) 204-3521,Inactive
EMP008874,Daniel,Martin,Daniel Martin,23,IT,Lead,San Francisco,81042.1,9228.58,2022-07-24,0,76.3,daniel.martin@company.com,(882) 228-1555,Active
EMP008875,Emily,Moore,Emily Moore,31,Engineering,Coordinator,Boston,80857.4,7175.34,2023-11-16,9,100.0,emily.moore@company.com,(269) 663-3978,Active
EMP008876,William,Moore,William Moore,40,HR,Senior Developer,Austin,67021.6,5234.88,2020-07-07,17,48.9,william.moore@company.com,(776) 722-8088,Active
EMP008877,Amanda,Martinez,Amanda Martinez,26,Engineering,Analyst,Boston,62956.37,0.0,2023-10-19,1,92.3,amanda.martinez@company.com,(531) 857-7498,Active
EMP008878,John,Gonzalez,John Gonzalez,36,Engineering,Associate,Boston,87650.56,12683.15,2021-09-21,10,70.3,john.gonzalez@company.com,(413) 340-1176,Active
EMP008879,Nicole,Martin,Nicole Martin,26,Operations,Senior Developer,New York,60352.31,6107.67,2021-11-15,4,83.9,nicole.martin@company.com,(711) 900-3925,Active
EMP008880,James,Smith,James Smith,24,IT,Associate,Austin,59477.58,5475.4,2020-12-14,0,52.2,james.smith@company.com,(356) 817-9793,Inactive
EMP008881,Emily,Hernandez,Emily Hernandez,34,Engineering,Director,Boston,103947.35,16868.58,2022-11-08,11,52.5,emily.hernandez@company.com,(600) 527-4122,Active
EMP008882,Robert,Hernandez,Robert Hernandez,64,Finance,Analyst,Seattle,114619.59,8947.87,2020-05-04,35,87.6,robert.hernandez@company.com,(785) 471-2528,Active
EMP008883,Ashley,Rodriguez,Ashley Rodriguez,24,IT,Manager,Chicago,62592.79,5086.24,2021-07-02,2,82.6,ashley.rodriguez@company.com,(391) 515-6522,On Leave
EMP008884,Melissa,Jackson,Melissa Jackson,43,Legal,Lead,Chicago,92169.67,9476.02,2021-01-28,15,57.1,melissa.jackson@company.com,(986) 289-4968,Inactive
EMP008885,Lisa,Garcia,Lisa Garcia,56,Sales,Manager,San Francisco,73689.21,7289.97,2022-11-10,32,80.9,lisa.garcia@company.com,(992) 992-3616,Active
EMP008886,Jessica,Moore,Jessica Moore,37,Engineering,Specialist,Miami,66678.9,13177.52,2021-03-15,14,77.8,jessica.moore@company.com,(741) 551-8510,Active
EMP008887,Lisa,Johnson,Lisa Johnson,36,HR,Senior Developer,Chicago,67768.13,8197.5,2023-09-11,7,31.3,lisa.johnson@company.com,(640) 542-3004,Inactive
EMP008888,James,Lopez,James Lopez,48,IT,Director,Miami,108960.76,5287.8,2024-02-25,19,74.0,james.lopez@company.com,(394) 649-7158,Active
EMP008889,Daniel,Jones,Daniel Jones,56,Legal,Lead,Miami,109566.03,0.0,2024-01-31,28,76.4,daniel.jones@company.com,(627) 845-6403,On Leave
EMP008890,Lisa,Thomas,Lisa Thomas,30,HR,Specialist,Chicago,39164.04,3093.6,2022-05-09,2,76.3,lisa.thomas@company.com,(227) 576-8807,Active
EMP008891,Jane,Lopez,Jane Lopez,60,Engineering,Senior Developer,Chicago,134461.86,11114.55,2020-07-13,33,64.6,jane.lopez@company.com,(812) 340-6422,Active
EMP008892,Amanda,Taylor,Amanda Taylor,54,HR,Analyst,Los Angeles,71935.66,11011.79,2021-11-05,28,94.1,amanda.taylor@company.com,(988) 266-8512,Active
EMP008893,David,Rodriguez,David Rodriguez,35,Operations,Analyst,Boston,71803.62,10822.42,2022-02-07,8,86.5,david.rodriguez@company.com,(664) 461-8131,Active
EMP008894,Jessica,Martinez,Jessica Martinez,62,Finance,Analyst,Austin,152211.35,8296.01,2024-03-31,39,85.2,jessica.martinez@company.com,(334) 365-4145,Active
EMP008895,Emily,Williams,Emily Williams,58,HR,Analyst,New York,75926.99,8293.65,2023-10-09,34,67.3,emily.williams@company.com,(706) 415-4055,Active
EMP008896,John,Martinez,John Martinez,52,Finance,Manager,Seattle,76295.11,7122.04,2023-08-08,27,58.6,john.martinez@company.com,(225) 212-5479,Active
EMP008897,Ashley,Martinez,Ashley Martinez,60,Finance,Analyst,Los Angeles,114745.98,11532.18,2024-08-07,36,84.4,ashley.martinez@company.com,(373) 711-3184,Active
EMP008898,Melissa,Jones,Melissa Jones,45,Legal,Specialist,Chicago,79758.54,14431.25,2024-05-02,22,67.1,melissa.jones@company.com,(448) 402-5298,Active
EMP008899,Emily,Smith,Emily Smith,56,Finance,Specialist,Seattle,79251.37,7589.38,2021-05-05,32,70.4,emily.smith@company.com,(700) 592-3387,Active
EMP008900,David,Hernandez,David Hernandez,40,Operations,Specialist,Seattle,80950.93,10071.76,2023-02-18,15,71.7,david.hernandez@company.com,(366) 965-9129,Active
EMP008901,Christopher,Lopez,Christopher Lopez,30,Operations,Associate,Miami,53653.32,3968.19,2024-05-02,5,67.8,christopher.lopez@company.com,(846) 965-5100,On Leave
EMP008902,Jessica,Smith,Jessica Smith,33,Engineering,Senior Developer,Miami,105705.92,14120.21,2020-04-18,7,69.5,jessica.smith@company.com,(632) 350-4600,Active
EMP008903,Lisa,Brown,Lisa Brown,48,IT,Senior Developer,Austin,78885.63,1089.51,2022-10-31,20,94.6,lisa.brown@company.com,(388) 887-5323,Active
EMP008904,William,Gonzalez,William Gonzalez,24,Finance,Associate,Boston,45011.72,968.7,2024-12-12,0,89.5,william.gonzalez@company.com,(917) 592-6471,Active
EMP008905,Stephanie,Smith,Stephanie Smith,55,Marketing,Lead,New York,72967.44,5664.16,2022-05-23,33,81.8,stephanie.smith@company.com,(862) 344-5582,Active
EMP008906,James,Williams,James Williams,47,HR,Associate,New York,65872.27,8327.09,2020-08-17,18,67.8,james.williams@company.com,(971) 344-8542,Active
EMP008907,Ashley,Taylor,Ashley Taylor,49,Operations,Specialist,Miami,68651.27,6564.54,2023-07-03,26,60.6,ashley.taylor@company.com,(505) 276-5733,Active
EMP008908,Emily,Wilson,Emily Wilson,43,Operations,Coordinator,Seattle,49346.7,767.62,2021-04-01,21,79.5,emily.wilson@company.com,(650) 241-7031,Active
EMP008909,Amanda,Rodriguez,Amanda Rodriguez,58,Finance,Coordinator,San Francisco,78169.76,11659.06,2022-11-15,34,90.3,amanda.rodriguez@company.com,(672) 514-5447,Active
EMP008910,James,Smith,James Smith,42,Marketing,Analyst,Chicago,64300.54,8433.13,2024-02-05,18,86.5,james.smith@company.com,(810) 537-2101,Active
EMP008911,Amanda,Moore,Amanda Moore,46,Legal,Senior Developer,Los Angeles,130770.22,17268.42,2020-06-02,17,57.7,amanda.moore@company.com,(589) 919-6169,Active
EMP008912,Matthew,Martin,Matthew Martin,30,Sales,Manager,Seattle,46387.37,1863.38,2024-09-28,3,73.8,matthew.martin@company.com,(736) 651-7914,Active
EMP008913,Sarah,Lopez,Sarah Lopez,33,Legal,Manager,Seattle,83236.06,2198.3,2020-05-02,10,100.0,sarah.lopez@company.com,(509) 947-9264,Active
EMP008914,Stephanie,Jackson,Stephanie Jackson,30,Engineering,Analyst,New York,39000.0,4582.85,2022-02-10,7,53.8,stephanie.jackson@company.com,(709) 945-9425,Active
EMP008915,William,Jackson,William Jackson,28,Engineering,Specialist,Austin,60587.97,4720.4,2020-09-25,3,90.5,william.jackson@company.com,(996) 711-5407,Inactive
EMP008916,Daniel,Taylor,Daniel Taylor,32,Finance,Coordinator,Miami,90967.57,10575.56,2020-12-15,5,63.8,daniel.taylor@company.com,(368) 716-2043,Active
EMP008917,Michael,Hernandez,Michael Hernandez,42,IT,Specialist,Chicago,64302.84,6203.83,2023-06-11,20,63.6,michael.hernandez@company.com,(830) 439-9019,Active
EMP008918,Lisa,Hernandez,Lisa Hernandez,61,Marketing,Specialist,New York,81222.96,5631.81,2021-02-27,34,84.8,lisa.hernandez@company.com,(234) 297-7633,Active
EMP008919,David,Wilson,David Wilson,33,HR,Coordinator,Miami,92322.71,4063.55,2023-07-02,8,77.0,david.wilson@company.com,(814) 854-8859,Active
EMP008920,Emily,Jackson,Emily Jackson,22,Finance,Coordinator,Los Angeles,84337.93,5449.44,2022-11-07,0,83.8,emily.jackson@company.com,(549) 668-7729,On Leave
EMP008921,Amanda,Smith,Amanda Smith,43,Operations,Coordinator,Miami,70743.09,10762.32,2023-05-05,18,67.6,amanda.smith@company.com,(980) 789-8725,Active
EMP008922,Robert,Martin,Robert Martin,62,Marketing,Senior Developer,San Francisco,76582.13,5248.83,2023-06-27,36,66.3,robert.martin@company.com,(460) 241-6635,Active
EMP008923,William,Wilson,William Wilson,47,Operations,Senior Developer,Chicago,69641.47,3913.75,2023-12-09,23,54.2,william.wilson@company.com,(747) 799-4197,Active
EMP008924,Jane,Lopez,Jane Lopez,51,HR,Lead,New York,96019.57,13506.92,2022-02-28,29,86.0,jane.lopez@company.com,(757) 340-1024,Inactive
EMP008925,William,Jones,William Jones,46,IT,Analyst,New York,82739.3,4736.69,2024-03-18,22,77.5,william.jones@company.com,(485) 482-3063,Active
EMP008926,Michael,Thomas,Michael Thomas,60,HR,Associate,Seattle,48043.98,9248.4,2020-11-11,36,79.6,michael.thomas@company.com,(950) 661-5294,Active
EMP008927,Stephanie,Moore,Stephanie Moore,37,Finance,Manager,Boston,97824.85,6222.42,2022-06-25,9,74.6,stephanie.moore@company.com,(222) 268-4925,Inactive
EMP008928,Ashley,Jones,Ashley Jones,43,Marketing,Coordinator,Austin,98799.13,13075.48,2024-01-26,19,77.6,ashley.jones@company.com,(524) 963-1384,Active
EMP008929,John,Lopez,John Lopez,29,Legal,Manager,San Francisco,95809.45,12529.09,2024-08-15,3,73.6,john.lopez@company.com,(876) 641-3116,Active
EMP008930,Jane,Jones,Jane Jones,23,Engineering,Senior Developer,San Francisco,81234.82,17435.63,2024-12-31,0,88.7,jane.jones@company.com,(252) 462-2445,Active
EMP008931,Amanda,Taylor,Amanda Taylor,28,IT,Specialist,New York,56451.05,816.73,2023-05-08,0,85.6,amanda.taylor@company.com,(870) 602-1004,Active
EMP008932,Emily,Hernandez,Emily Hernandez,28,Engineering,Manager,Chicago,80689.43,0.0,2020-09-11,6,68.5,emily.hernandez@company.com,(307) 830-9878,Active
EMP008933,James,Garcia,James Garcia,60,IT,Lead,San Francisco,82133.39,12493.1,2020-10-13,32,75.3,james.garcia@company.com,(728) 995-3226,Active
EMP008934,David,Gonzalez,David Gonzalez,33,Sales,Coordinator,Chicago,50850.52,8681.96,2023-03-01,7,53.2,david.gonzalez@company.com,(330) 985-8208,Active
EMP008935,Christopher,Smith,Christopher Smith,42,Finance,Analyst,New York,77302.17,8268.13,2022-07-12,14,99.8,christopher.smith@company.com,(312) 745-4461,Active
EMP008936,Sarah,Smith,Sarah Smith,43,Engineering,Coordinator,Seattle,95142.65,8901.33,2020-10-27,16,80.6,sarah.smith@company.com,(550) 467-1637,Inactive
EMP008937,Robert,Lopez,Robert Lopez,58,Sales,Specialist,Austin,91494.24,8678.41,2024-03-10,32,100.0,robert.lopez@company.com,(523) 704-7296,On Leave
EMP008938,Ashley,Jackson,Ashley Jackson,46,Finance,Lead,Miami,127370.43,5776.4,2023-06-25,23,88.9,ashley.jackson@company.com,(358) 595-2157,Active
EMP008939,Michael,Wilson,Michael Wilson,33,Finance,Associate,Los Angeles,42030.15,3299.7,2022-03-15,8,85.0,michael.wilson@company.com,(886) 842-4551,Active
EMP008940,Stephanie,Davis,Stephanie Davis,50,Sales,Lead,Chicago,79257.74,8353.17,2022-10-28,23,83.1,stephanie.davis@company.com,(856) 993-8530,Active
EMP008941,David,Martinez,David Martinez,24,Operations,Coordinator,Seattle,69178.73,6667.0,2020-06-25,0,58.1,david.martinez@company.com,(603) 640-3985,Inactive
EMP008942,Stephanie,Davis,Stephanie Davis,62,Operations,Coordinator,Miami,78981.43,5358.39,2021-08-29,35,88.8,stephanie.davis@company.com,(908) 722-5805,Active
EMP008943,Ashley,Smith,Ashley Smith,24,Operations,Senior Developer,Seattle,30448.69,2225.03,2022-04-25,0,58.6,ashley.smith@company.com,(748) 401-4265,Active
EMP008944,William,Garcia,William Garcia,62,Sales,Lead,Seattle,79649.88,11377.49,2020-12-30,33,57.3,william.garcia@company.com,(871) 443-9480,Active
EMP008945,Robert,Garcia,Robert Garcia,41,Legal,Coordinator,New York,110975.33,9259.36,2021-11-11,13,67.1,robert.garcia@company.com,(506) 485-1139,Active
EMP008946,Ashley,Williams,Ashley Williams,61,Marketing,Director,Seattle,82785.37,2684.33,2020-11-15,33,94.0,ashley.williams@company.com,(206) 956-6438,Active
EMP008947,Emily,Smith,Emily Smith,48,Legal,Specialist,New York,88702.26,12126.05,2023-08-21,22,80.4,emily.smith@company.com,(353) 594-8147,Active
EMP008948,Jessica,Gonzalez,Jessica Gonzalez,42,Legal,Director,Los Angeles,58252.41,6750.76,2021-09-20,13,70.1,jessica.gonzalez@company.com,(840) 734-6931,Active
EMP008949,Nicole,Hernandez,Nicole Hernandez,24,Marketing,Manager,Boston,63484.63,4469.3,2021-03-01,0,99.5,nicole.hernandez@company.com,(913) 901-2563,Inactive
EMP008950,John,Brown,John Brown,31,HR,Lead,Chicago,44749.02,3754.1,2024-02-16,8,71.8,john.brown@company.com,(819) 607-9399,Active
EMP008951,Anthony,Gonzalez,Anthony Gonzalez,63,Operations,Senior Developer,Chicago,74359.01,8522.11,2024-02-24,41,63.3,anthony.gonzalez@company.com,(289) 687-9031,Inactive
EMP008952,Nicole,Smith,Nicole Smith,61,Engineering,Senior Developer,Chicago,150916.85,17700.98,2024-11-07,36,74.7,nicole.smith@company.com,(256) 527-4474,Active
EMP008953,Jessica,Johnson,Jessica Johnson,39,IT,Senior Developer,Seattle,50752.99,4643.17,2022-02-10,10,82.6,jessica.johnson@company.com,(711) 882-1354,Active
EMP008954,Michael,Martinez,Michael Martinez,49,Marketing,Lead,New York,68291.77,4803.11,2022-11-17,23,49.6,michael.martinez@company.com,(392) 482-1017,Active
EMP008955,Daniel,Anderson,Daniel Anderson,40,Marketing,Manager,Boston,62050.06,9828.96,2020-09-24,15,66.5,daniel.anderson@company.com,(324) 246-9954,Inactive
EMP008956,Anthony,Miller,Anthony Miller,50,Engineering,Manager,Los Angeles,117945.25,14078.84,2024-11-03,23,60.1,anthony.miller@company.com,(723) 478-4227,Active
EMP008957,David,Martin,David Martin,25,Sales,Coordinator,Austin,59555.42,6632.36,2021-01-26,2,60.4,david.martin@company.com,(805) 999-5462,On Leave
EMP008958,Michael,Brown,Michael Brown,58,Legal,Lead,Chicago,116321.04,27157.29,2021-07-10,34,67.9,michael.brown@company.com,(378) 820-4174,Active
EMP008959,Michael,Anderson,Michael Anderson,38,Operations,Senior Developer,Los Angeles,61141.3,1631.26,2021-01-23,11,78.8,michael.anderson@company.com,(642) 402-2894,Active
EMP008960,Anthony,Gonzalez,Anthony Gonzalez,48,Operations,Specialist,Boston,69052.12,7745.02,2023-05-02,20,59.9,anthony.gonzalez@company.com,(899) 277-8511,Active
EMP008961,Nicole,Moore,Nicole Moore,54,Operations,Lead,Boston,66917.15,5695.11,2022-03-15,27,83.7,nicole.moore@company.com,(441) 468-3029,Active
EMP008962,Stephanie,Garcia,Stephanie Garcia,39,Operations,Senior Developer,Austin,75125.54,1147.1,2022-05-24,14,79.2,stephanie.garcia@company.com,(472) 229-3829,Active
EMP008963,Daniel,Davis,Daniel Davis,30,HR,Specialist,New York,53615.42,6756.1,2022-01-23,3,83.4,daniel.davis@company.com,(930) 909-8577,On Leave
EMP008964,William,Brown,William Brown,57,Marketing,Manager,Los Angeles,94075.57,13063.17,2024-02-09,33,83.4,william.brown@company.com,(876) 922-5079,Active
EMP008965,Anthony,Smith,Anthony Smith,40,Operations,Analyst,Seattle,71955.62,8143.34,2021-10-15,11,52.8,anthony.smith@company.com,(424) 285-8801,Active
EMP008966,David,Thomas,David Thomas,52,Legal,Analyst,Miami,129040.2,10898.14,2020-07-20,28,69.0,david.thomas@company.com,(844) 944-8500,Active
EMP008967,Nicole,Thomas,Nicole Thomas,65,Marketing,Analyst,Miami,95050.08,12307.86,2024-04-20,38,72.8,nicole.thomas@company.com,(597) 548-1149,Active
EMP008968,Robert,Williams,Robert Williams,38,Marketing,Coordinator,Austin,57362.89,6930.07,2024-11-17,9,78.6,robert.williams@company.com,(490) 725-4778,Active
EMP008969,Emily,Hernandez,Emily Hernandez,34,HR,Lead,Los Angeles,72360.55,3828.73,2020-08-18,5,87.4,emily.hernandez@company.com,(763) 415-3409,Active
EMP008970,Anthony,Hernandez,Anthony Hernandez,50,HR,Analyst,New York,64829.84,6858.35,2020-05-24,25,75.7,anthony.hernandez@company.com,(549) 544-6710,Active
EMP008971,Robert,Jackson,Robert Jackson,51,HR,Coordinator,San Francisco,79015.5,9833.27,2023-05-08,28,89.8,robert.jackson@company.com,(924) 878-2301,On Leave
EMP008972,Amanda,Williams,Amanda Williams,65,Operations,Lead,New York,62460.02,8903.87,2024-05-22,41,82.4,amanda.williams@company.com,(780) 693-3048,Active
EMP008973,Sarah,Johnson,Sarah Johnson,36,Sales,Manager,Miami,86431.63,0.0,2024-12-24,9,84.4,sarah.johnson@company.com,(729) 814-6462,Active
EMP008974,Jane,Davis,Jane Davis,49,Sales,Director,San Francisco,87266.11,8281.69,2020-09-20,22,42.0,jane.davis@company.com,(232) 437-7542,Active
EMP008975,Christopher,Smith,Christopher Smith,40,HR,Lead,Austin,80814.17,2960.56,2021-07-19,14,53.0,christopher.smith@company.com,(776) 610-2172,On Leave
EMP008976,Christopher,Jackson,Christopher Jackson,52,Engineering,Analyst,Miami,114830.23,15889.77,2024-06-08,27,47.5,christopher.jackson@company.com,(942) 714-1988,Inactive
EMP008977,Lisa,Davis,Lisa Davis,25,Finance,Associate,Seattle,86764.15,11797.33,2023-05-25,0,83.3,lisa.davis@company.com,(586) 821-1036,Active
EMP008978,Sarah,Johnson,Sarah Johnson,33,Marketing,Senior Developer,Austin,87425.13,10268.47,2023-03-28,7,82.6,sarah.johnson@company.com,(981) 446-8252,Active
EMP008979,Matthew,Johnson,Matthew Johnson,37,Finance,Associate,Seattle,82223.46,11510.29,2020-01-05,15,88.6,matthew.johnson@company.com,(205) 705-2328,Inactive
EMP008980,William,Jackson,William Jackson,52,Marketing,Coordinator,Austin,98370.02,16175.2,2023-06-22,28,67.2,william.jackson@company.com,(908) 935-3609,Active
EMP008981,Melissa,Miller,Melissa Miller,37,Engineering,Lead,Seattle,81429.28,10335.0,2022-12-20,14,74.9,melissa.miller@company.com,(234) 536-6292,Active
EMP008982,Sarah,Martinez,Sarah Martinez,61,Finance,Manager,Austin,79181.85,4196.75,2020-07-20,36,65.5,sarah.martinez@company.com,(306) 268-8035,Active
EMP008983,Amanda,Brown,Amanda Brown,64,Marketing,Manager,San Francisco,92344.28,9796.26,2022-08-29,38,96.2,amanda.brown@company.com,(521) 451-6268,Active
EMP008984,Ashley,Garcia,Ashley Garcia,31,HR,Coordinator,Los Angeles,73557.91,209.06,2023-10-02,8,66.9,ashley.garcia@company.com,(415) 985-8847,Active
EMP008985,Nicole,Rodriguez,Nicole Rodriguez,29,Sales,Analyst,Chicago,74846.57,4817.15,2022-02-25,2,76.3,nicole.rodriguez@company.com,(517) 387-6002,Active
EMP008986,William,Taylor,William Taylor,42,Operations,Senior Developer,Los Angeles,74450.31,8726.4,2022-11-04,20,58.6,william.taylor@company.com,(830) 501-7640,Active
EMP008987,Nicole,Hernandez,Nicole Hernandez,44,Finance,Director,Miami,76764.12,10395.66,2024-08-09,17,68.1,nicole.hernandez@company.com,(833) 764-4966,Active
EMP008988,Michael,Wilson,Michael Wilson,50,Sales,Lead,Chicago,69947.34,9665.71,2023-05-28,28,66.5,michael.wilson@company.com,(345) 505-3959,Active
EMP008989,Matthew,Williams,Matthew Williams,49,Sales,Manager,Boston,61486.63,8020.83,2022-07-08,25,77.7,matthew.williams@company.com,(323) 630-9709,Active
EMP008990,David,Miller,David Miller,53,Marketing,Lead,San Francisco,69634.6,9930.51,2020-08-16,31,45.2,david.miller@company.com,(286) 485-7207,Inactive
EMP008991,James,Miller,James Miller,29,Engineering,Coordinator,San Francisco,83193.39,7241.1,2024-05-13,0,61.4,james.miller@company.com,(698) 258-6409,Active
EMP008992,Jane,Brown,Jane Brown,47,Finance,Manager,Austin,64063.4,7422.24,2020-10-26,25,72.4,jane.brown@company.com,(984) 653-7411,Active
EMP008993,Lisa,Jackson,Lisa Jackson,28,Sales,Specialist,Chicago,67417.5,6998.54,2024-04-21,6,71.9,lisa.jackson@company.com,(481) 208-5595,On Leave
EMP008994,David,Moore,David Moore,55,HR,Specialist,Chicago,83260.67,8725.22,2020-12-12,28,98.2,david.moore@company.com,(226) 242-6418,Active
EMP008995,Jane,Taylor,Jane Taylor,30,Finance,Lead,Chicago,61182.5,6736.4,2023-05-25,2,72.1,jane.taylor@company.com,(907) 616-8763,Active
EMP008996,David,Wilson,David Wilson,64,HR,Director,Austin,79137.31,10104.33,2020-09-08,39,82.3,david.wilson@company.com,(407) 361-6844,Active
EMP008997,Emily,Williams,Emily Williams,36,Marketing,Specialist,Miami,64283.12,4810.06,2020-06-18,8,59.5,emily.williams@company.com,(943) 904-6088,Active
EMP008998,James,Lopez,James Lopez,39,Sales,Analyst,Los Angeles,104659.16,5721.16,2024-03-08,15,81.5,james.lopez@company.com,(819) 679-8654,Inactive
EMP008999,David,Martin,David Martin,44,Sales,Senior Developer,Los Angeles,61459.47,1519.4,2023-10-10,21,100.0,david.martin@company.com,(980) 980-7893,Active
EMP009000,William,Jackson,William Jackson,39,IT,Lead,San Francisco,50146.37,5854.42,2024-12-02,12,98.8,william.jackson@company.com,(516) 605-5131,Active
EMP009001,Matthew,Garcia,Matthew Garcia,27,Engineering,Coordinator,Miami,73268.54,12858.95,2024-01-30,2,79.1,matthew.garcia@company.com,(924) 353-1975,Active
EMP009002,Melissa,Smith,Melissa Smith,53,Finance,Specialist,Los Angeles,87557.92,12800.29,2022-12-26,25,56.2,melissa.smith@company.com,(893) 406-8568,Active
EMP009003,James,Miller,James Miller,60,Engineering,Lead,Austin,86318.39,11721.66,2022-05-05,32,75.6,james.miller@company.com,(394) 895-2838,Active
EMP009004,William,Taylor,William Taylor,63,Sales,Lead,Los Angeles,86557.32,11672.87,2021-06-01,34,77.1,william.taylor@company.com,(431) 305-3388,Active
EMP009005,Nicole,Garcia,Nicole Garcia,23,Legal,Coordinator,Chicago,114981.0,13761.86,2023-03-01,0,51.0,nicole.garcia@company.com,(628) 665-4649,On Leave
EMP009006,Melissa,Hernandez,Melissa Hernandez,30,HR,Lead,San Francisco,46884.25,3548.62,2024-06-22,1,100.0,melissa.hernandez@company.com,(775) 501-2337,On Leave
EMP009007,Stephanie,Rodriguez,Stephanie Rodriguez,63,Legal,Associate,Boston,84862.53,6934.67,2020-02-17,39,76.9,stephanie.rodriguez@company.com,(821) 310-6414,Active
EMP009008,Amanda,Rodriguez,Amanda Rodriguez,23,Sales,Lead,Boston,46070.65,3657.37,2023-06-12,0,87.0,amanda.rodriguez@company.com,(639) 322-5275,Active
EMP009009,Nicole,Garcia,Nicole Garcia,49,HR,Analyst,Seattle,101304.23,732.17,2023-12-03,21,84.7,nicole.garcia@company.com,(760) 373-1979,Active
EMP009010,Matthew,Taylor,Matthew Taylor,46,IT,Analyst,Chicago,84205.28,11315.67,2021-05-24,17,70.4,matthew.taylor@company.com,(890) 533-4769,Inactive
EMP009011,Emily,Jones,Emily Jones,48,Sales,Analyst,Austin,70543.29,11894.19,2023-12-26,23,43.1,emily.jones@company.com,(770) 629-9768,Active
EMP009012,Anthony,Thomas,Anthony Thomas,62,HR,Coordinator,Chicago,63591.35,9901.63,2023-03-09,36,72.1,anthony.thomas@company.com,(774) 850-7357,Active
EMP009013,Anthony,Davis,Anthony Davis,43,Finance,Coordinator,Miami,91363.97,11553.97,2023-01-24,18,54.3,anthony.davis@company.com,(582) 834-9303,On Leave
EMP009014,Jessica,Martinez,Jessica Martinez,24,Finance,Analyst,Austin,66835.3,7672.8,2024-02-17,0,82.8,jessica.martinez@company.com,(727) 244-2631,Active
EMP009015,John,Martin,John Martin,49,Finance,Senior Developer,Boston,74193.43,5173.29,2022-06-18,24,71.0,john.martin@company.com,(664) 806-1377,Active
EMP009016,Melissa,Williams,Melissa Williams,40,Operations,Specialist,Seattle,63463.18,2904.42,2023-03-05,18,82.7,melissa.williams@company.com,(949) 527-1885,Active
EMP009017,Christopher,Jones,Christopher Jones,57,HR,Manager,Los Angeles,90449.43,9572.01,2022-06-23,32,92.4,christopher.jones@company.com,(626) 768-3659,Inactive
EMP009018,Jessica,Anderson,Jessica Anderson,23,Finance,Associate,New York,80622.56,4202.26,2022-10-25,0,70.0,jessica.anderson@company.com,(935) 533-8159,Active
EMP009019,Amanda,Jones,Amanda Jones,49,Sales,Lead,Boston,93622.3,4502.29,2024-12-06,23,100.0,amanda.jones@company.com,(349) 495-9810,Active
EMP009020,Christopher,Gonzalez,Christopher Gonzalez,33,Operations,Associate,Seattle,82017.9,3631.76,2021-07-30,7,88.3,christopher.gonzalez@company.com,(419) 811-9354,Inactive
EMP009021,Anthony,Jackson,Anthony Jackson,40,Legal,Manager,Austin,62654.96,2489.34,2024-02-14,17,84.9,anthony.jackson@company.com,(651) 204-1011,Active
EMP009022,Stephanie,Wilson,Stephanie Wilson,63,Engineering,Analyst,Boston,124004.66,19027.38,2020-09-30,35,64.5,stephanie.wilson@company.com,(916) 620-2668,Active
EMP009023,David,Martinez,David Martinez,23,Legal,Director,San Francisco,89022.92,12415.84,2024-12-07,0,94.3,david.martinez@company.com,(222) 538-3636,Active
EMP009024,William,Smith,William Smith,65,Sales,Lead,San Francisco,104365.38,17598.23,2024-02-21,37,85.4,william.smith@company.com,(214) 607-8083,Active
EMP009025,James,Martinez,James Martinez,33,Sales,Analyst,New York,84802.28,4977.01,2024-05-30,7,98.9,james.martinez@company.com,(929) 289-3004,Active
EMP009026,John,Jackson,John Jackson,58,Sales,Coordinator,Boston,80141.3,13247.83,2024-06-12,36,78.5,john.jackson@company.com,(746) 305-7570,Active
EMP009027,Robert,Taylor,Robert Taylor,35,HR,Lead,Austin,75037.28,13919.23,2020-01-04,11,77.2,robert.taylor@company.com,(499) 828-9477,Active
EMP009028,Stephanie,Davis,Stephanie Davis,40,Marketing,Lead,Miami,49217.24,4540.99,2020-04-06,12,61.8,stephanie.davis@company.com,(419) 615-2142,Active
EMP009029,Anthony,Davis,Anthony Davis,38,Marketing,Coordinator,Miami,57200.61,4452.85,2024-12-10,11,53.9,anthony.davis@company.com,(340) 524-8672,Active
EMP009030,Nicole,Thomas,Nicole Thomas,61,Operations,Associate,Chicago,89829.77,13028.77,2021-06-28,36,72.5,nicole.thomas@company.com,(455) 648-9141,Inactive
EMP009031,Anthony,Thomas,Anthony Thomas,25,Operations,Coordinator,Chicago,56106.58,8617.86,2021-09-14,0,80.6,anthony.thomas@company.com,(333) 302-8543,Active
EMP009032,Lisa,Brown,Lisa Brown,48,IT,Coordinator,Seattle,92344.68,11372.6,2023-03-10,19,61.6,lisa.brown@company.com,(770) 375-7193,Active
EMP009033,Ashley,Jackson,Ashley Jackson,48,Finance,Manager,Boston,72254.67,6688.21,2021-10-29,23,61.2,ashley.jackson@company.com,(913) 416-8615,Active
EMP009034,William,Jackson,William Jackson,34,Engineering,Coordinator,Seattle,122371.11,15780.14,2023-12-13,9,54.9,william.jackson@company.com,(322) 980-2082,Active
EMP009035,Sarah,Smith,Sarah Smith,39,Sales,Lead,New York,69314.04,4039.33,2024-07-25,13,47.8,sarah.smith@company.com,(859) 371-7159,Active
EMP009036,John,Lopez,John Lopez,59,Finance,Senior Developer,Miami,103552.48,16030.57,2021-02-14,34,41.3,john.lopez@company.com,(705) 397-3076,Inactive
EMP009037,Christopher,Wilson,Christopher Wilson,47,Operations,Director,San Francisco,77129.15,5684.12,2024-04-18,24,69.0,christopher.wilson@company.com,(683) 934-1069,Active
EMP009038,William,Thomas,William Thomas,41,HR,Analyst,San Francisco,71761.87,6448.12,2024-03-19,19,90.3,william.thomas@company.com,(840) 537-5583,Active
EMP009039,Melissa,Johnson,Melissa Johnson,48,Legal,Senior Developer,Boston,131392.54,6090.44,2021-08-26,21,89.2,melissa.johnson@company.com,(778) 842-9100,Active
EMP009040,Ashley,Johnson,Ashley Johnson,25,Engineering,Associate,Chicago,64259.96,6552.17,2022-09-21,0,58.4,ashley.johnson@company.com,(456) 948-2563,Active
EMP009041,John,Anderson,John Anderson,26,HR,Coordinator,San Francisco,32641.33,6045.7,2020-04-02,0,76.2,john.anderson@company.com,(476) 687-9709,Active
EMP009042,James,Lopez,James Lopez,64,IT,Senior Developer,Los Angeles,152636.71,17783.21,2021-01-14,41,89.3,james.lopez@company.com,(753) 843-3725,Active
EMP009043,Ashley,Johnson,Ashley Johnson,59,Marketing,Analyst,Miami,102868.41,17191.75,2022-06-23,30,81.6,ashley.johnson@company.com,(853) 979-5750,Inactive
EMP009044,Jane,Gonzalez,Jane Gonzalez,40,Finance,Manager,Miami,88389.22,5735.38,2022-12-26,18,64.5,jane.gonzalez@company.com,(738) 656-1551,Active
EMP009045,Ashley,Jackson,Ashley Jackson,34,Sales,Manager,Los Angeles,72559.02,5131.53,2022-09-14,12,85.6,ashley.jackson@company.com,(918) 395-1284,Active
EMP009046,Melissa,Lopez,Melissa Lopez,50,Legal,Director,Seattle,110361.07,16256.17,2024-12-05,23,84.9,melissa.lopez@company.com,(346) 959-1172,Active
EMP009047,John,Johnson,John Johnson,27,Finance,Associate,Austin,54261.25,7373.75,2021-11-19,3,82.3,john.johnson@company.com,(811) 638-1031,Active
EMP009048,Melissa,Hernandez,Melissa Hernandez,27,Finance,Specialist,Boston,46751.49,2171.12,2024-01-03,2,34.1,melissa.hernandez@company.com,(899) 391-3846,Active
EMP009049,Stephanie,Smith,Stephanie Smith,61,IT,Director,Seattle,95152.19,10238.32,2024-05-09,37,63.7,stephanie.smith@company.com,(504) 654-3193,Active
EMP009050,Stephanie,Jackson,Stephanie Jackson,63,HR,Senior Developer,Chicago,98533.57,6987.05,2024-11-06,39,82.9,stephanie.jackson@company.com,(537) 332-6911,Active
EMP009051,Christopher,Williams,Christopher Williams,51,Legal,Coordinator,New York,101509.28,3110.09,2024-07-26,24,64.9,christopher.williams@company.com,(474) 756-2847,Active
EMP009052,David,Wilson,David Wilson,44,Finance,Specialist,New York,113764.89,14636.54,2020-06-21,22,89.3,david.wilson@company.com,(919) 387-7079,Inactive
EMP009053,Melissa,Jones,Melissa Jones,23,Finance,Director,Los Angeles,62937.36,10239.75,2021-03-14,0,60.7,melissa.jones@company.com,(234) 977-4230,Active
EMP009054,Nicole,Martinez,Nicole Martinez,63,Engineering,Director,Seattle,115804.23,18909.91,2020-03-26,34,85.0,nicole.martinez@company.com,(718) 784-5862,Active
EMP009055,Stephanie,Wilson,Stephanie Wilson,38,IT,Lead,Seattle,122022.17,8025.79,2024-10-28,14,69.6,stephanie.wilson@company.com,(888) 239-6451,Active
EMP009056,Melissa,Brown,Melissa Brown,53,IT,Director,San Francisco,93685.25,5397.03,2024-03-16,29,87.1,melissa.brown@company.com,(907) 896-1758,Active
EMP009057,Amanda,Thomas,Amanda Thomas,59,Engineering,Senior Developer,Miami,117624.03,8626.14,2021-04-01,32,64.2,amanda.thomas@company.com,(219) 963-9238,Active
EMP009058,David,Taylor,David Taylor,59,Legal,Analyst,Boston,120845.51,16193.8,2022-10-07,35,100.0,david.taylor@company.com,(910) 336-5372,Active
EMP009059,John,Wilson,John Wilson,51,Operations,Coordinator,Austin,61477.33,5375.83,2023-12-26,26,85.4,john.wilson@company.com,(275) 710-2314,Active
EMP009060,Sarah,Moore,Sarah Moore,62,Marketing,Senior Developer,Chicago,69055.69,5215.81,2021-05-22,39,77.3,sarah.moore@company.com,(322) 654-3380,Active
EMP009061,Michael,Miller,Michael Miller,55,Marketing,Manager,New York,54381.44,5385.21,2020-04-03,26,96.4,michael.miller@company.com,(982) 307-6473,Active
EMP009062,Ashley,Smith,Ashley Smith,54,Legal,Coordinator,Seattle,115581.34,8662.6,2020-03-03,29,100.0,ashley.smith@company.com,(423) 408-5164,Active
EMP009063,John,Lopez,John Lopez,58,Legal,Director,Miami,129593.92,11576.29,2022-03-15,31,87.6,john.lopez@company.com,(886) 473-2845,On Leave
EMP009064,Jane,Garcia,Jane Garcia,30,Marketing,Coordinator,Los Angeles,59898.92,3223.66,2022-05-19,6,89.9,jane.garcia@company.com,(379) 962-1078,Active
EMP009065,Matthew,Martinez,Matthew Martinez,57,IT,Manager,San Francisco,134987.68,9349.87,2020-10-31,28,90.0,matthew.martinez@company.com,(738) 722-3437,Active
EMP009066,Anthony,Taylor,Anthony Taylor,53,Finance,Lead,Austin,72718.11,1106.54,2022-08-19,24,79.1,anthony.taylor@company.com,(328) 306-2205,Active
EMP009067,Michael,Moore,Michael Moore,38,Operations,Lead,San Francisco,54839.74,4132.6,2021-10-03,13,78.9,michael.moore@company.com,(869) 446-1546,On Leave
EMP009068,Lisa,Thomas,Lisa Thomas,42,Marketing,Specialist,New York,44742.68,4966.73,2022-10-21,19,83.7,lisa.thomas@company.com,(924) 614-9822,Active
EMP009069,David,Johnson,David Johnson,50,Finance,Analyst,San Francisco,103200.39,5103.49,2024-04-09,23,85.1,david.johnson@company.com,(810) 953-3272,Active
EMP009070,Stephanie,Jackson,Stephanie Jackson,30,HR,Senior Developer,Chicago,54690.2,6226.31,2024-12-05,7,92.6,stephanie.jackson@company.com,(461) 919-5512,Active
EMP009071,Stephanie,Moore,Stephanie Moore,28,IT,Senior Developer,Austin,80398.67,8658.31,2021-09-25,0,47.1,stephanie.moore@company.com,(619) 768-8993,On Leave
EMP009072,John,Rodriguez,John Rodriguez,36,Sales,Coordinator,San Francisco,68213.41,7785.16,2020-09-04,14,72.1,john.rodriguez@company.com,(629) 922-7862,Active
EMP009073,James,Miller,James Miller,27,Marketing,Senior Developer,San Francisco,71374.66,7120.43,2024-09-30,1,92.0,james.miller@company.com,(907) 310-3214,On Leave
EMP009074,Christopher,Rodriguez,Christopher Rodriguez,62,Engineering,Manager,Miami,85534.59,8772.51,2022-10-19,40,69.3,christopher.rodriguez@company.com,(254) 675-9069,Active
EMP009075,Anthony,Moore,Anthony Moore,43,HR,Analyst,Chicago,74704.91,12115.49,2021-01-04,17,97.7,anthony.moore@company.com,(739) 348-2980,Active
EMP009076,John,Jones,John Jones,32,Sales,Analyst,Boston,75750.84,10709.51,2021-02-05,5,91.3,john.jones@company.com,(475) 902-9618,Active
EMP009077,Sarah,Anderson,Sarah Anderson,50,Sales,Analyst,Austin,111976.46,10972.88,2024-12-09,22,99.3,sarah.anderson@company.com,(366) 539-8334,On Leave
EMP009078,Daniel,Anderson,Daniel Anderson,27,Sales,Manager,Boston,81654.77,13158.5,2022-03-29,3,82.2,daniel.anderson@company.com,(513) 311-8453,Active
EMP009079,Jessica,Jones,Jessica Jones,54,Engineering,Associate,Austin,127076.96,16556.81,2020-01-26,32,71.2,jessica.jones@company.com,(691) 319-5763,Active
EMP009080,Matthew,Anderson,Matthew Anderson,59,Engineering,Lead,Austin,110872.73,19363.34,2024-09-03,34,83.8,matthew.anderson@company.com,(742) 935-5329,Active
EMP009081,Amanda,Thomas,Amanda Thomas,31,IT,Associate,Miami,57220.37,9865.24,2023-10-18,8,79.6,amanda.thomas@company.com,(419) 321-5627,Active
EMP009082,Robert,Brown,Robert Brown,63,Marketing,Analyst,Austin,73918.23,11315.85,2020-12-29,36,94.5,robert.brown@company.com,(948) 432-5911,Active
EMP009083,Nicole,Johnson,Nicole Johnson,39,Engineering,Coordinator,New York,104012.64,4158.88,2020-03-02,10,64.9,nicole.johnson@company.com,(984) 638-8169,Active
EMP009084,Christopher,Gonzalez,Christopher Gonzalez,34,HR,Coordinator,Los Angeles,84045.12,7992.99,2022-05-31,11,82.8,christopher.gonzalez@company.com,(729) 738-2008,Active
EMP009085,Jane,Jackson,Jane Jackson,50,Legal,Specialist,Austin,102199.55,17360.25,2022-12-30,21,57.4,jane.jackson@company.com,(891) 390-1777,On Leave
EMP009086,Amanda,Smith,Amanda Smith,35,Operations,Director,Miami,68267.05,9855.41,2020-09-18,10,54.5,amanda.smith@company.com,(956) 618-7494,Active
EMP009087,Amanda,Wilson,Amanda Wilson,34,Marketing,Lead,Boston,75431.3,8123.53,2020-10-29,11,54.7,amanda.wilson@company.com,(332) 408-8816,Active
EMP009088,Sarah,Rodriguez,Sarah Rodriguez,39,Finance,Specialist,Chicago,96245.0,10136.69,2021-11-20,17,77.5,sarah.rodriguez@company.com,(754) 416-2529,On Leave
EMP009089,Stephanie,Smith,Stephanie Smith,59,Finance,Manager,Los Angeles,82238.21,11919.92,2023-07-02,34,69.8,stephanie.smith@company.com,(311) 392-4345,Active
EMP009090,Melissa,Anderson,Melissa Anderson,29,Marketing,Analyst,Los Angeles,44211.26,4823.81,2023-05-04,2,61.2,melissa.anderson@company.com,(350) 717-8483,Active
EMP009091,Ashley,Lopez,Ashley Lopez,46,HR,Analyst,Chicago,58680.02,5415.17,2024-08-17,24,79.0,ashley.lopez@company.com,(509) 755-7077,Active
EMP009092,Matthew,Johnson,Matthew Johnson,22,Marketing,Lead,Boston,56143.34,0.0,2022-04-08,0,79.0,matthew.johnson@company.com,(838) 796-7139,Active
EMP009093,Robert,Martin,Robert Martin,44,Legal,Coordinator,Chicago,113686.57,12561.92,2020-07-28,22,66.4,robert.martin@company.com,(976) 229-9779,Active
EMP009094,Stephanie,Martinez,Stephanie Martinez,55,Sales,Analyst,Miami,86102.93,16379.8,2023-01-23,31,83.9,stephanie.martinez@company.com,(913) 761-6286,Active
EMP009095,Michael,Moore,Michael Moore,59,Operations,Director,Boston,73777.5,4812.89,2023-05-09,37,100.0,michael.moore@company.com,(487) 554-4325,Active
EMP009096,Emily,Miller,Emily Miller,42,Operations,Senior Developer,Chicago,59788.68,3150.62,2021-08-23,15,84.6,emily.miller@company.com,(620) 327-2263,Inactive
EMP009097,Michael,Johnson,Michael Johnson,47,Operations,Lead,Boston,58842.68,5239.25,2024-02-16,20,87.4,michael.johnson@company.com,(782) 963-5607,Active
EMP009098,Jessica,Rodriguez,Jessica Rodriguez,43,Sales,Analyst,Austin,63735.15,8076.09,2021-09-18,21,76.1,jessica.rodriguez@company.com,(365) 623-3691,Active
EMP009099,Nicole,Martin,Nicole Martin,48,HR,Coordinator,Los Angeles,75242.43,17756.65,2020-08-23,25,96.5,nicole.martin@company.com,(830) 557-7756,Active
EMP009100,William,Lopez,William Lopez,27,IT,Director,New York,65578.89,8094.46,2021-12-16,0,86.1,william.lopez@company.com,(613) 591-3006,Active
EMP009101,Robert,Jackson,Robert Jackson,58,IT,Senior Developer,Seattle,70171.64,6557.12,2022-09-07,29,82.1,robert.jackson@company.com,(969) 604-6551,Active
EMP009102,John,Thomas,John Thomas,53,Legal,Senior Developer,Seattle,80585.67,5971.7,2020-12-18,31,100.0,john.thomas@company.com,(202) 251-4116,Active
EMP009103,Matthew,Gonzalez,Matthew Gonzalez,44,IT,Lead,Austin,68121.57,7365.1,2020-03-04,16,82.6,matthew.gonzalez@company.com,(380) 281-7751,Active
EMP009104,Matthew,Thomas,Matthew Thomas,34,Engineering,Analyst,San Francisco,70624.45,5562.92,2023-12-15,7,83.2,matthew.thomas@company.com,(645) 627-8583,Active
EMP009105,Melissa,Miller,Melissa Miller,63,Marketing,Director,Austin,107570.77,9858.11,2022-08-22,40,97.5,melissa.miller@company.com,(818) 702-2575,Active
EMP009106,John,Garcia,John Garcia,42,Legal,Coordinator,San Francisco,104376.35,17097.2,2020-06-29,16,69.9,john.garcia@company.com,(421) 423-3388,Active
EMP009107,Jane,Williams,Jane Williams,65,Legal,Associate,Austin,114179.73,7412.95,2021-05-17,42,61.6,jane.williams@company.com,(709) 584-3928,Active
EMP009108,Ashley,Garcia,Ashley Garcia,43,Engineering,Manager,Los Angeles,113917.37,4529.48,2020-03-17,21,72.5,ashley.garcia@company.com,(382) 304-2815,Inactive
EMP009109,Ashley,Williams,Ashley Williams,34,IT,Specialist,Seattle,72180.51,5916.63,2023-08-16,6,80.3,ashley.williams@company.com,(666) 833-7692,Inactive
EMP009110,Nicole,Garcia,Nicole Garcia,49,Finance,Analyst,Austin,103889.14,12130.53,2021-02-07,21,100.0,nicole.garcia@company.com,(848) 283-8329,On Leave
EMP009111,William,Moore,William Moore,55,Finance,Specialist,Miami,98755.22,16854.09,2020-08-18,26,63.7,william.moore@company.com,(583) 346-1214,Active
EMP009112,Sarah,Martinez,Sarah Martinez,45,Legal,Specialist,Boston,116109.16,8501.33,2023-10-20,20,58.1,sarah.martinez@company.com,(729) 963-9565,Active
EMP009113,Christopher,Williams,Christopher Williams,56,Legal,Lead,Seattle,108805.21,15479.36,2021-05-17,32,81.2,christopher.williams@company.com,(726) 444-7467,Active
EMP009114,Lisa,Martinez,Lisa Martinez,48,Legal,Director,San Francisco,81575.42,6397.37,2021-08-05,22,83.3,lisa.martinez@company.com,(487) 830-9676,Active
EMP009115,Ashley,Anderson,Ashley Anderson,37,Marketing,Coordinator,Boston,53464.64,3142.36,2021-05-19,8,64.9,ashley.anderson@company.com,(945) 634-6176,Active
EMP009116,Amanda,Hernandez,Amanda Hernandez,57,IT,Coordinator,New York,121969.65,3046.56,2023-04-17,34,74.4,amanda.hernandez@company.com,(972) 381-4104,Active
EMP009117,Anthony,Jones,Anthony Jones,59,Operations,Associate,San Francisco,92539.03,1122.8,2024-04-11,34,66.2,anthony.jones@company.com,(798) 325-4728,Active
EMP009118,John,Wilson,John Wilson,35,HR,Analyst,San Francisco,59094.52,5370.47,2023-05-02,7,49.8,john.wilson@company.com,(343) 737-6612,Active
EMP009119,William,Williams,William Williams,38,HR,Manager,Boston,65255.16,4918.19,2022-10-20,12,56.4,william.williams@company.com,(963) 246-7406,Active
EMP009120,Amanda,Williams,Amanda Williams,30,Operations,Coordinator,Chicago,60111.19,2682.26,2024-06-12,1,74.6,amanda.williams@company.com,(920) 927-7301,Active
EMP009121,Melissa,Johnson,Melissa Johnson,29,Engineering,Senior Developer,Miami,62439.39,3903.63,2021-02-01,3,64.4,melissa.johnson@company.com,(955) 378-2301,Active
EMP009122,Sarah,Brown,Sarah Brown,29,Marketing,Specialist,Miami,84483.3,14822.28,2020-05-05,6,87.1,sarah.brown@company.com,(576) 862-9215,Active
EMP009123,Jessica,Rodriguez,Jessica Rodriguez,33,Operations,Coordinator,Los Angeles,64130.4,7354.24,2023-12-22,9,54.6,jessica.rodriguez@company.com,(836) 761-9746,Active
EMP009124,Anthony,Garcia,Anthony Garcia,62,Engineering,Analyst,Boston,107740.2,7191.72,2021-07-03,36,60.3,anthony.garcia@company.com,(979) 525-6445,Inactive
EMP009125,John,Miller,John Miller,30,Sales,Director,Los Angeles,83021.84,12990.41,2024-08-22,1,70.9,john.miller@company.com,(245) 695-4886,Active
EMP009126,Lisa,Jackson,Lisa Jackson,37,Operations,Coordinator,Miami,41626.72,4761.93,2020-05-28,8,100.0,lisa.jackson@company.com,(335) 935-3895,Active
EMP009127,Amanda,Miller,Amanda Miller,24,Legal,Specialist,Los Angeles,79622.4,7751.49,2022-12-05,0,58.7,amanda.miller@company.com,(346) 931-3380,Active
EMP009128,Michael,Johnson,Michael Johnson,56,Finance,Manager,Chicago,108929.65,6104.59,2023-09-12,31,63.6,michael.johnson@company.com,(657) 294-1640,Active
EMP009129,Amanda,Wilson,Amanda Wilson,39,HR,Senior Developer,Austin,73525.31,4496.24,2022-12-07,17,86.9,amanda.wilson@company.com,(958) 242-8744,Active
EMP009130,Melissa,Gonzalez,Melissa Gonzalez,47,Finance,Director,Seattle,82227.8,5704.4,2023-09-19,23,92.9,melissa.gonzalez@company.com,(376) 349-4211,Active
EMP009131,Melissa,Martinez,Melissa Martinez,32,Marketing,Analyst,Austin,45094.85,2209.26,2023-01-30,6,85.0,melissa.martinez@company.com,(819) 450-2459,Active
EMP009132,Jane,Martinez,Jane Martinez,48,Engineering,Specialist,Los Angeles,134652.62,4744.55,2021-07-08,24,75.2,jane.martinez@company.com,(237) 617-4303,Inactive
EMP009133,David,Williams,David Williams,46,HR,Associate,Los Angeles,65942.55,2390.22,2024-04-10,18,81.6,david.williams@company.com,(928) 937-2925,Active
EMP009134,Lisa,Garcia,Lisa Garcia,43,Marketing,Specialist,Chicago,63101.94,11299.04,2023-04-20,21,82.4,lisa.garcia@company.com,(643) 451-9550,Active
EMP009135,Christopher,Martin,Christopher Martin,45,Legal,Associate,San Francisco,78963.06,8940.19,2023-05-15,23,91.0,christopher.martin@company.com,(820) 280-8429,Inactive
EMP009136,Amanda,Martinez,Amanda Martinez,32,Sales,Director,Austin,60893.24,6123.13,2020-03-06,6,87.9,amanda.martinez@company.com,(726) 310-7046,Active
EMP009137,Michael,Davis,Michael Davis,34,Engineering,Senior Developer,New York,127954.16,7880.75,2020-03-23,11,87.5,michael.davis@company.com,(960) 540-2841,Active
EMP009138,William,Rodriguez,William Rodriguez,44,HR,Analyst,Seattle,60966.78,8026.34,2021-05-29,19,44.8,william.rodriguez@company.com,(789) 878-5448,Active
EMP009139,James,Gonzalez,James Gonzalez,53,Sales,Coordinator,Austin,101217.69,6403.9,2024-11-01,24,54.6,james.gonzalez@company.com,(515) 593-7173,Active
EMP009140,John,Anderson,John Anderson,48,HR,Coordinator,Miami,46725.95,9507.2,2022-06-10,21,77.9,john.anderson@company.com,(521) 892-7863,Active
EMP009141,Anthony,Williams,Anthony Williams,36,Sales,Specialist,Chicago,71620.88,9250.65,2023-08-20,8,94.0,anthony.williams@company.com,(846) 930-1081,Active
EMP009142,Jane,Williams,Jane Williams,27,Marketing,Analyst,Miami,57221.7,6426.83,2024-11-06,2,67.9,jane.williams@company.com,(513) 901-2839,Active
EMP009143,Melissa,Lopez,Melissa Lopez,55,Engineering,Lead,Chicago,98489.78,4246.93,2021-02-09,28,70.0,melissa.lopez@company.com,(449) 766-2073,Active
EMP009144,Amanda,Martinez,Amanda Martinez,49,Operations,Analyst,Los Angeles,78551.33,9626.52,2022-08-17,24,82.0,amanda.martinez@company.com,(565) 651-8770,On Leave
EMP009145,Daniel,Moore,Daniel Moore,57,HR,Senior Developer,Chicago,90066.45,10063.26,2023-07-31,35,69.0,daniel.moore@company.com,(953) 739-7328,Active
EMP009146,Robert,Miller,Robert Miller,65,Legal,Associate,Chicago,104998.09,1600.85,2021-10-09,38,53.3,robert.miller@company.com,(642) 900-9626,Active
EMP009147,Emily,Johnson,Emily Johnson,33,Engineering,Coordinator,Seattle,83975.54,8597.53,2020-05-13,5,70.4,emily.johnson@company.com,(603) 994-7048,Active
EMP009148,Lisa,Williams,Lisa Williams,61,Operations,Lead,San Francisco,64951.25,4330.29,2023-10-22,39,79.1,lisa.williams@company.com,(754) 982-3389,Active
EMP009149,Jessica,Hernandez,Jessica Hernandez,62,Engineering,Senior Developer,Chicago,105134.5,12300.29,2021-09-19,37,32.3,jessica.hernandez@company.com,(367) 302-8936,Active
EMP009150,Lisa,Martin,Lisa Martin,51,Marketing,Lead,Austin,79526.41,5344.81,2020-10-07,24,64.1,lisa.martin@company.com,(355) 462-3166,Active
EMP009151,Robert,Martinez,Robert Martinez,60,Finance,Manager,Chicago,93416.11,6175.99,2022-06-18,36,82.9,robert.martinez@company.com,(323) 378-3376,On Leave
EMP009152,Jessica,Smith,Jessica Smith,62,Marketing,Director,Boston,76224.6,9903.19,2023-10-02,33,77.2,jessica.smith@company.com,(212) 203-8688,On Leave
EMP009153,Jessica,Jones,Jessica Jones,46,Finance,Specialist,Seattle,91700.83,5199.36,2024-12-13,22,64.9,jessica.jones@company.com,(463) 484-1987,Inactive
EMP009154,Sarah,Miller,Sarah Miller,50,Legal,Lead,Seattle,79170.87,11452.97,2020-04-24,23,78.0,sarah.miller@company.com,(566) 545-5177,Active
EMP009155,Matthew,Smith,Matthew Smith,37,Engineering,Lead,Boston,85532.64,7309.22,2024-02-27,14,82.7,matthew.smith@company.com,(384) 536-3513,Active
EMP009156,William,Martinez,William Martinez,51,HR,Analyst,New York,92962.88,3383.01,2024-06-16,22,69.5,william.martinez@company.com,(403) 401-3299,Inactive
EMP009157,Amanda,Miller,Amanda Miller,35,Marketing,Director,Chicago,56995.88,6657.33,2021-05-13,9,79.0,amanda.miller@company.com,(355) 249-2383,Active
EMP009158,Sarah,Gonzalez,Sarah Gonzalez,36,Marketing,Specialist,Los Angeles,53371.79,7101.9,2021-12-20,11,55.4,sarah.gonzalez@company.com,(595) 255-9429,Active
EMP009159,Matthew,Anderson,Matthew Anderson,54,Marketing,Senior Developer,San Francisco,68906.76,9995.14,2021-04-02,29,100.0,matthew.anderson@company.com,(871) 994-5958,Active
EMP009160,Jane,Martinez,Jane Martinez,54,Engineering,Analyst,Chicago,114290.91,17215.26,2022-09-26,27,77.7,jane.martinez@company.com,(468) 834-4226,Active
EMP009161,Jane,Davis,Jane Davis,26,Marketing,Coordinator,Boston,68165.73,7000.46,2021-04-08,0,74.1,jane.davis@company.com,(590) 866-4694,Active
EMP009162,Daniel,Davis,Daniel Davis,30,Legal,Director,New York,102723.56,9568.78,2023-02-12,1,64.5,daniel.davis@company.com,(931) 748-6551,Active
EMP009163,David,Wilson,David Wilson,51,Engineering,Director,Austin,122992.91,12492.69,2021-01-21,24,50.2,david.wilson@company.com,(585) 998-1441,Active
EMP009164,Amanda,Jackson,Amanda Jackson,39,Engineering,Lead,Los Angeles,83108.4,2878.56,2023-08-01,17,61.3,amanda.jackson@company.com,(214) 339-4614,Active
EMP009165,Daniel,Hernandez,Daniel Hernandez,43,Engineering,Manager,San Francisco,91973.47,758.24,2021-10-18,15,67.8,daniel.hernandez@company.com,(450) 538-3217,Inactive
EMP009166,Stephanie,Garcia,Stephanie Garcia,29,Marketing,Coordinator,Los Angeles,59104.52,5454.86,2020-09-27,0,85.7,stephanie.garcia@company.com,(361) 306-2798,On Leave
EMP009167,Matthew,Wilson,Matthew Wilson,35,Finance,Lead,Seattle,77994.59,4951.4,2020-06-20,12,89.2,matthew.wilson@company.com,(398) 433-5549,Active
EMP009168,Sarah,Garcia,Sarah Garcia,27,Sales,Associate,Los Angeles,79400.04,3416.87,2020-04-14,2,63.0,sarah.garcia@company.com,(587) 385-6327,Active
EMP009169,Stephanie,Williams,Stephanie Williams,49,HR,Specialist,San Francisco,95693.53,15310.29,2022-11-18,26,73.0,stephanie.williams@company.com,(663) 738-7222,Active
EMP009170,Melissa,Anderson,Melissa Anderson,55,Sales,Manager,San Francisco,70921.65,5222.86,2024-11-18,27,100.0,melissa.anderson@company.com,(795) 245-4973,On Leave
EMP009171,Emily,Smith,Emily Smith,46,Legal,Analyst,Los Angeles,87687.0,14212.58,2022-01-15,20,49.0,emily.smith@company.com,(693) 418-2416,Active
EMP009172,Amanda,Wilson,Amanda Wilson,58,Marketing,Senior Developer,Boston,89211.61,12657.69,2022-04-11,30,64.4,amanda.wilson@company.com,(827) 270-6873,Active
EMP009173,David,Smith,David Smith,25,Sales,Manager,New York,60799.69,10753.22,2021-04-27,2,77.0,david.smith@company.com,(638) 642-8661,Active
EMP009174,Nicole,Johnson,Nicole Johnson,31,Marketing,Director,Miami,59855.71,6572.18,2021-03-26,6,74.1,nicole.johnson@company.com,(701) 666-8378,Active
EMP009175,Lisa,Miller,Lisa Miller,36,Sales,Director,Boston,82138.15,2766.71,2022-04-11,9,94.5,lisa.miller@company.com,(532) 683-5665,Active
EMP009176,James,Taylor,James Taylor,33,IT,Lead,Boston,74179.45,2363.25,2023-12-05,9,46.9,james.taylor@company.com,(433) 870-4032,Active
EMP009177,Ashley,Martinez,Ashley Martinez,47,HR,Lead,Austin,70913.37,11952.29,2023-11-29,21,78.1,ashley.martinez@company.com,(358) 394-5126,Active
EMP009178,William,Jones,William Jones,35,HR,Senior Developer,San Francisco,65614.67,7519.4,2023-03-18,7,74.3,william.jones@company.com,(931) 631-9219,On Leave
EMP009179,Stephanie,Garcia,Stephanie Garcia,64,Sales,Director,San Francisco,69631.84,9790.41,2022-09-29,40,91.4,stephanie.garcia@company.com,(572) 818-8020,Active
EMP009180,Nicole,Anderson,Nicole Anderson,60,Marketing,Associate,New York,72082.89,8042.33,2022-10-13,38,76.7,nicole.anderson@company.com,(821) 676-3747,Active
EMP009181,Ashley,Jones,Ashley Jones,60,Sales,Associate,Chicago,89087.03,10439.06,2023-11-03,31,54.3,ashley.jones@company.com,(803) 862-6969,Active
EMP009182,Anthony,Smith,Anthony Smith,30,Engineering,Manager,San Francisco,86561.87,11061.0,2024-12-16,2,86.9,anthony.smith@company.com,(430) 736-1227,Active
EMP009183,Sarah,Jackson,Sarah Jackson,60,Marketing,Specialist,Seattle,82289.37,8694.21,2022-04-06,31,85.4,sarah.jackson@company.com,(966) 413-4264,Active
EMP009184,Anthony,Anderson,Anthony Anderson,32,HR,Analyst,Boston,82263.4,1007.36,2024-06-15,9,80.9,anthony.anderson@company.com,(701) 966-5994,Active
EMP009185,Robert,Davis,Robert Davis,30,Marketing,Director,San Francisco,51181.01,10089.08,2020-11-06,8,56.5,robert.davis@company.com,(739) 413-1691,Active
EMP009186,Nicole,Rodriguez,Nicole Rodriguez,51,Engineering,Coordinator,New York,98324.07,4282.68,2020-07-06,22,60.7,nicole.rodriguez@company.com,(534) 594-4354,Active
EMP009187,Amanda,Brown,Amanda Brown,43,HR,Director,New York,66110.82,4620.79,2023-05-30,17,59.9,amanda.brown@company.com,(817) 513-3273,Active
EMP009188,Michael,Miller,Michael Miller,25,HR,Director,New York,75268.29,11272.38,2024-06-18,0,77.8,michael.miller@company.com,(517) 353-3780,Active
EMP009189,Anthony,Hernandez,Anthony Hernandez,57,Sales,Specialist,Chicago,80653.92,4479.55,2021-04-04,33,93.7,anthony.hernandez@company.com,(328) 578-7295,Active
EMP009190,Anthony,Martinez,Anthony Martinez,43,Finance,Specialist,Los Angeles,76883.23,4296.7,2024-06-14,20,70.0,anthony.martinez@company.com,(985) 972-6896,Active
EMP009191,Anthony,Jackson,Anthony Jackson,65,Engineering,Director,Austin,138861.67,985.93,2022-03-27,41,65.1,anthony.jackson@company.com,(559) 486-6206,Active
EMP009192,James,Thomas,James Thomas,40,Finance,Specialist,Austin,53894.37,8527.47,2022-08-17,16,81.9,james.thomas@company.com,(805) 691-7070,Active
EMP009193,Jessica,Jones,Jessica Jones,47,Legal,Director,Austin,89894.17,9977.73,2020-11-11,20,58.8,jessica.jones@company.com,(797) 831-7213,Active
EMP009194,Jessica,Garcia,Jessica Garcia,39,Engineering,Senior Developer,Los Angeles,92136.02,13552.86,2024-06-15,14,77.0,jessica.garcia@company.com,(292) 357-2970,On Leave
EMP009195,Daniel,Smith,Daniel Smith,24,Finance,Lead,Austin,86457.25,10524.71,2023-03-21,2,50.0,daniel.smith@company.com,(631) 981-6734,Active
EMP009196,Nicole,Martinez,Nicole Martinez,47,HR,Lead,Austin,86347.43,5301.74,2020-09-26,19,74.1,nicole.martinez@company.com,(456) 309-8393,Active
EMP009197,Jane,Martin,Jane Martin,33,Legal,Lead,Chicago,111815.05,17981.22,2022-04-23,11,80.8,jane.martin@company.com,(822) 757-2630,Inactive
EMP009198,Sarah,Wilson,Sarah Wilson,42,Finance,Manager,Chicago,71934.83,6775.11,2023-09-02,17,57.9,sarah.wilson@company.com,(940) 961-8957,Active
EMP009199,Jessica,Anderson,Jessica Anderson,29,Operations,Lead,San Francisco,27576.5,2725.17,2024-07-11,4,94.4,jessica.anderson@company.com,(686) 702-9345,On Leave
EMP009200,David,Lopez,David Lopez,34,Sales,Senior Developer,New York,73460.42,6757.37,2022-06-05,11,63.8,david.lopez@company.com,(547) 866-9244,Active
EMP009201,Nicole,Anderson,Nicole Anderson,28,Sales,Associate,San Francisco,66160.94,7626.03,2024-12-02,2,53.0,nicole.anderson@company.com,(688) 466-9059,Inactive
EMP009202,Daniel,Hernandez,Daniel Hernandez,34,HR,Associate,San Francisco,28852.87,2853.0,2020-10-29,11,96.3,daniel.hernandez@company.com,(879) 678-8871,Active
EMP009203,Christopher,Jackson,Christopher Jackson,59,Operations,Senior Developer,Boston,66083.23,4992.16,2021-11-21,33,69.1,christopher.jackson@company.com,(492) 261-5054,Active
EMP009204,David,Moore,David Moore,46,Marketing,Analyst,Los Angeles,78787.66,1709.22,2021-08-19,18,79.4,david.moore@company.com,(664) 540-4947,Active
EMP009205,Stephanie,Gonzalez,Stephanie Gonzalez,59,Engineering,Specialist,Chicago,117460.89,11270.14,2022-04-18,34,66.3,stephanie.gonzalez@company.com,(303) 909-5717,Active
EMP009206,James,Rodriguez,James Rodriguez,31,Operations,Senior Developer,San Francisco,57517.84,3688.37,2024-07-11,9,56.3,james.rodriguez@company.com,(951) 698-6623,Active
EMP009207,Anthony,Lopez,Anthony Lopez,50,HR,Senior Developer,Chicago,55946.38,5621.78,2021-12-15,22,61.1,anthony.lopez@company.com,(650) 216-6915,Active
EMP009208,Ashley,Gonzalez,Ashley Gonzalez,47,Marketing,Associate,Boston,70900.9,10637.35,2022-06-18,25,51.4,ashley.gonzalez@company.com,(388) 419-1055,Active
EMP009209,James,Rodriguez,James Rodriguez,47,Finance,Associate,Austin,127208.71,12653.87,2024-05-03,25,58.0,james.rodriguez@company.com,(973) 506-5597,Active
EMP009210,Melissa,Martinez,Melissa Martinez,35,Legal,Lead,New York,95021.34,2739.21,2024-03-02,8,65.0,melissa.martinez@company.com,(929) 639-9862,Active
EMP009211,Robert,Taylor,Robert Taylor,40,Finance,Associate,San Francisco,90669.62,662.85,2023-04-04,11,65.5,robert.taylor@company.com,(697) 323-6992,Active
EMP009212,Christopher,Jones,Christopher Jones,47,Finance,Associate,New York,84803.99,12166.56,2024-03-30,19,82.0,christopher.jones@company.com,(455) 934-4541,Active
EMP009213,Michael,Taylor,Michael Taylor,41,IT,Associate,Chicago,52286.14,6281.07,2024-05-26,18,92.3,michael.taylor@company.com,(464) 679-9025,Active
EMP009214,Nicole,Johnson,Nicole Johnson,58,HR,Lead,Los Angeles,80445.03,7993.37,2022-02-21,30,84.0,nicole.johnson@company.com,(627) 306-8490,Active
EMP009215,Jane,Smith,Jane Smith,24,Marketing,Senior Developer,Austin,40321.2,3888.79,2023-06-18,0,77.9,jane.smith@company.com,(441) 818-1741,Active
EMP009216,John,Williams,John Williams,30,Finance,Manager,Boston,59146.56,13067.41,2020-06-08,8,79.7,john.williams@company.com,(978) 643-3218,Active
EMP009217,Ashley,Martinez,Ashley Martinez,43,Engineering,Manager,New York,99789.77,13062.44,2021-04-11,19,83.2,ashley.martinez@company.com,(679) 330-3129,Active
EMP009218,Emily,Martinez,Emily Martinez,47,Marketing,Director,Seattle,91389.94,6358.03,2020-04-19,23,76.3,emily.martinez@company.com,(560) 609-7835,Inactive
EMP009219,John,Hernandez,John Hernandez,27,Engineering,Director,Chicago,85739.97,11283.8,2020-04-29,5,82.3,john.hernandez@company.com,(229) 608-8624,Active
EMP009220,Emily,Taylor,Emily Taylor,58,Finance,Director,Los Angeles,92853.04,9041.19,2023-04-01,36,82.2,emily.taylor@company.com,(538) 544-6595,Active
EMP009221,Emily,Jones,Emily Jones,62,IT,Senior Developer,New York,123216.67,0.0,2024-11-24,37,65.4,emily.jones@company.com,(658) 579-8567,Active
EMP009222,Sarah,Williams,Sarah Williams,26,Engineering,Specialist,New York,87263.37,10459.76,2022-07-25,3,70.3,sarah.williams@company.com,(814) 949-5899,Active
EMP009223,Jane,Lopez,Jane Lopez,49,Sales,Specialist,Boston,64160.99,8826.15,2022-11-24,26,72.9,jane.lopez@company.com,(735) 719-3129,Inactive
EMP009224,Matthew,Williams,Matthew Williams,38,Marketing,Analyst,New York,55613.45,1935.99,2022-08-14,9,100.0,matthew.williams@company.com,(367) 534-9306,Inactive
EMP009225,Michael,Rodriguez,Michael Rodriguez,49,Sales,Coordinator,Los Angeles,80940.68,6619.79,2020-03-17,20,46.1,michael.rodriguez@company.com,(985) 612-6733,Inactive
EMP009226,Robert,Brown,Robert Brown,63,HR,Coordinator,Chicago,71704.28,6557.92,2020-06-30,38,61.0,robert.brown@company.com,(536) 583-3267,Active
EMP009227,William,Jones,William Jones,50,IT,Lead,Los Angeles,112924.13,9464.29,2022-08-16,26,62.1,william.jones@company.com,(319) 859-1733,Active
EMP009228,Robert,Gonzalez,Robert Gonzalez,65,Marketing,Manager,Miami,75948.25,7247.89,2023-01-25,37,55.2,robert.gonzalez@company.com,(923) 781-8535,Active
EMP009229,Anthony,Martinez,Anthony Martinez,40,Legal,Manager,Chicago,107447.16,11457.73,2021-12-03,11,75.3,anthony.martinez@company.com,(336) 807-2463,Active
EMP009230,Daniel,Lopez,Daniel Lopez,53,Engineering,Director,Los Angeles,125932.7,15816.5,2024-08-21,30,93.5,daniel.lopez@company.com,(834) 347-9149,Active
EMP009231,Christopher,Jackson,Christopher Jackson,26,Finance,Senior Developer,Austin,65302.5,7771.53,2020-08-10,0,77.1,christopher.jackson@company.com,(369) 493-1755,Active
EMP009232,Nicole,Gonzalez,Nicole Gonzalez,58,Engineering,Director,Seattle,132770.13,0.0,2022-03-28,31,60.1,nicole.gonzalez@company.com,(625) 742-6310,Active
EMP009233,Ashley,Brown,Ashley Brown,36,Sales,Director,Boston,44198.8,6152.42,2021-10-30,12,80.5,ashley.brown@company.com,(633) 456-3058,Active
EMP009234,Christopher,Rodriguez,Christopher Rodriguez,35,Marketing,Associate,San Francisco,48026.29,5559.0,2021-05-11,9,81.3,christopher.rodriguez@company.com,(987) 513-7521,Active
EMP009235,Michael,Smith,Michael Smith,27,Legal,Associate,Boston,108643.26,7091.18,2020-02-19,5,66.9,michael.smith@company.com,(656) 749-7825,Inactive
EMP009236,Nicole,Williams,Nicole Williams,40,Marketing,Manager,Seattle,85613.22,11785.7,2021-10-18,18,85.4,nicole.williams@company.com,(691) 930-3510,Inactive
EMP009237,Nicole,Jones,Nicole Jones,40,Finance,Lead,Austin,81955.2,8928.69,2024-06-03,16,72.1,nicole.jones@company.com,(542) 289-7515,Active
EMP009238,Michael,Martinez,Michael Martinez,57,Engineering,Coordinator,Austin,128533.03,16690.5,2020-06-16,35,76.2,michael.martinez@company.com,(801) 899-6743,Active
EMP009239,Jane,Smith,Jane Smith,47,Legal,Associate,Seattle,71906.26,7808.24,2024-06-06,19,62.8,jane.smith@company.com,(572) 335-5566,Active
EMP009240,Ashley,Moore,Ashley Moore,51,HR,Senior Developer,San Francisco,72189.81,4601.65,2024-12-22,28,83.2,ashley.moore@company.com,(516) 579-1272,On Leave
EMP009241,Ashley,Hernandez,Ashley Hernandez,42,HR,Specialist,Austin,70489.83,11099.93,2023-12-13,20,52.6,ashley.hernandez@company.com,(808) 936-6370,Active
EMP009242,David,Rodriguez,David Rodriguez,32,Engineering,Director,San Francisco,125716.66,10174.83,2022-11-24,7,87.4,david.rodriguez@company.com,(907) 547-8096,Inactive
EMP009243,William,Wilson,William Wilson,43,Finance,Coordinator,New York,70778.38,2905.27,2023-09-23,20,97.2,william.wilson@company.com,(340) 357-9911,Inactive
EMP009244,Ashley,Taylor,Ashley Taylor,26,Legal,Director,Seattle,44258.74,6587.08,2020-10-18,0,73.6,ashley.taylor@company.com,(429) 622-3706,Inactive
EMP009245,Lisa,Taylor,Lisa Taylor,42,Marketing,Coordinator,Boston,69444.84,6775.13,2023-08-13,19,88.5,lisa.taylor@company.com,(536) 286-2578,On Leave
EMP009246,William,Johnson,William Johnson,56,IT,Manager,Seattle,69043.35,4962.44,2020-01-29,34,92.2,william.johnson@company.com,(978) 895-1076,Active
EMP009247,Lisa,Martinez,Lisa Martinez,25,Legal,Senior Developer,San Francisco,78196.87,5056.0,2020-11-04,1,56.2,lisa.martinez@company.com,(235) 879-2768,Active
EMP009248,Sarah,Wilson,Sarah Wilson,36,Marketing,Manager,Chicago,75274.04,6404.75,2024-02-15,11,74.8,sarah.wilson@company.com,(556) 580-7409,Active
EMP009249,Lisa,Jackson,Lisa Jackson,55,Engineering,Lead,Austin,129882.45,8701.09,2020-01-20,30,76.0,lisa.jackson@company.com,(957) 962-8840,Active
EMP009250,Jane,Martinez,Jane Martinez,36,Marketing,Senior Developer,Chicago,79083.17,12138.53,2020-01-30,13,41.1,jane.martinez@company.com,(536) 622-2089,Active
EMP009251,Sarah,Martin,Sarah Martin,38,Legal,Analyst,Boston,55983.39,4381.84,2022-01-13,10,80.6,sarah.martin@company.com,(456) 696-1999,Active
EMP009252,Nicole,Miller,Nicole Miller,57,Operations,Specialist,Seattle,85315.19,9867.88,2022-07-19,35,33.9,nicole.miller@company.com,(330) 881-7103,Active
EMP009253,David,Brown,David Brown,48,Marketing,Associate,New York,56065.66,8386.06,2023-07-09,23,62.6,david.brown@company.com,(570) 916-6250,Active
EMP009254,Anthony,Smith,Anthony Smith,26,Legal,Senior Developer,New York,82711.23,4688.38,2023-06-16,1,85.5,anthony.smith@company.com,(509) 416-1062,Active
EMP009255,Nicole,Martinez,Nicole Martinez,63,Legal,Associate,San Francisco,119334.44,9139.38,2021-03-13,38,60.8,nicole.martinez@company.com,(484) 464-2969,Active
EMP009256,Jessica,Gonzalez,Jessica Gonzalez,27,Sales,Specialist,Chicago,57490.9,5698.02,2024-08-06,1,73.4,jessica.gonzalez@company.com,(233) 407-7968,Inactive
EMP009257,John,Brown,John Brown,59,Marketing,Analyst,Miami,96531.42,2593.13,2022-07-27,30,82.5,john.brown@company.com,(205) 812-2681,Active
EMP009258,Jane,Garcia,Jane Garcia,41,Finance,Analyst,New York,86515.35,6582.13,2023-11-11,18,78.6,jane.garcia@company.com,(612) 441-6295,Active
EMP009259,Nicole,Moore,Nicole Moore,33,Legal,Coordinator,Boston,71842.48,10918.2,2020-11-20,10,55.3,nicole.moore@company.com,(787) 800-2545,Active
EMP009260,Christopher,Jones,Christopher Jones,63,Sales,Associate,Los Angeles,100299.64,15624.16,2022-09-11,36,69.5,christopher.jones@company.com,(242) 744-4180,Active
EMP009261,Jessica,Moore,Jessica Moore,25,Legal,Coordinator,Chicago,71132.92,7353.7,2020-01-14,2,86.2,jessica.moore@company.com,(760) 397-5851,Active
EMP009262,Jane,Williams,Jane Williams,53,Legal,Specialist,New York,86483.96,7821.24,2022-07-07,27,100.0,jane.williams@company.com,(610) 493-1688,Active
EMP009263,Nicole,Williams,Nicole Williams,65,IT,Associate,New York,74868.49,3611.07,2020-02-23,38,73.1,nicole.williams@company.com,(397) 344-7711,Active
EMP009264,Emily,Rodriguez,Emily Rodriguez,41,Finance,Director,Austin,105334.25,12381.71,2022-07-09,19,82.5,emily.rodriguez@company.com,(515) 783-6670,Active
EMP009265,Matthew,Jackson,Matthew Jackson,45,IT,Lead,Chicago,80520.35,10998.26,2024-10-30,22,93.8,matthew.jackson@company.com,(431) 460-8907,Active
EMP009266,David,Martinez,David Martinez,32,IT,Coordinator,Chicago,64781.12,2884.82,2023-06-27,5,70.9,david.martinez@company.com,(816) 796-9063,Active
EMP009267,Anthony,Wilson,Anthony Wilson,32,IT,Manager,Chicago,65059.29,4346.74,2021-11-20,4,89.5,anthony.wilson@company.com,(876) 542-1511,Active
EMP009268,David,Taylor,David Taylor,35,Marketing,Associate,Austin,64497.31,7012.94,2020-01-17,13,100.0,david.taylor@company.com,(735) 441-6525,On Leave
EMP009269,Robert,Miller,Robert Miller,33,Sales,Analyst,Los Angeles,71445.41,2597.8,2023-08-27,4,80.5,robert.miller@company.com,(899) 691-8862,Active
EMP009270,John,Jones,John Jones,65,Legal,Analyst,Seattle,111539.46,11029.79,2023-01-08,42,71.0,john.jones@company.com,(925) 390-4976,Active
EMP009271,Robert,Williams,Robert Williams,47,Legal,Analyst,San Francisco,114666.13,13138.2,2021-05-07,19,72.7,robert.williams@company.com,(263) 645-6737,Active
EMP009272,Robert,Miller,Robert Miller,33,Operations,Lead,San Francisco,60653.25,5279.61,2024-12-20,7,76.7,robert.miller@company.com,(506) 797-7182,Active
EMP009273,Christopher,Moore,Christopher Moore,26,Finance,Lead,Los Angeles,74067.29,12718.27,2020-08-02,2,46.0,christopher.moore@company.com,(959) 817-5668,Active
EMP009274,Sarah,Martinez,Sarah Martinez,42,HR,Senior Developer,Boston,77253.83,6106.82,2023-09-12,18,79.2,sarah.martinez@company.com,(627) 318-9020,Active
EMP009275,John,Hernandez,John Hernandez,32,HR,Lead,Seattle,53384.21,3566.33,2022-07-11,6,65.3,john.hernandez@company.com,(349) 852-4169,Active
EMP009276,Jessica,Davis,Jessica Davis,37,HR,Senior Developer,Los Angeles,81238.77,14632.34,2021-08-03,15,49.1,jessica.davis@company.com,(421) 496-6204,Active
EMP009277,Ashley,Moore,Ashley Moore,56,IT,Senior Developer,Miami,94027.25,3945.21,2023-08-18,31,61.5,ashley.moore@company.com,(295) 548-4073,Active
EMP009278,Melissa,Davis,Melissa Davis,27,Engineering,Director,Austin,99932.47,3679.78,2021-06-09,1,56.7,melissa.davis@company.com,(266) 589-1186,Active
EMP009279,Christopher,Garcia,Christopher Garcia,49,Engineering,Manager,Miami,120547.46,4969.82,2023-05-22,25,96.0,christopher.garcia@company.com,(549) 238-2251,Active
EMP009280,David,Thomas,David Thomas,30,Operations,Analyst,Boston,44805.72,4843.61,2022-04-08,8,70.9,david.thomas@company.com,(440) 575-5275,Active
EMP009281,James,Thomas,James Thomas,45,Engineering,Director,San Francisco,77280.63,4383.23,2022-04-21,17,75.9,james.thomas@company.com,(454) 374-5232,Active
EMP009282,Nicole,Rodriguez,Nicole Rodriguez,34,Operations,Senior Developer,Miami,45809.97,5387.69,2022-01-31,6,77.4,nicole.rodriguez@company.com,(796) 634-7738,Active
EMP009283,Lisa,Williams,Lisa Williams,60,Finance,Coordinator,Chicago,99971.29,5719.15,2020-04-27,36,81.3,lisa.williams@company.com,(467) 616-2304,On Leave
EMP009284,Sarah,Thomas,Sarah Thomas,56,Sales,Analyst,Austin,65820.11,4211.32,2022-10-04,31,65.7,sarah.thomas@company.com,(315) 483-9054,Active
EMP009285,Nicole,Hernandez,Nicole Hernandez,57,IT,Manager,Austin,91004.04,7691.96,2022-05-08,32,57.5,nicole.hernandez@company.com,(776) 251-7680,Active
EMP009286,Stephanie,Williams,Stephanie Williams,28,HR,Analyst,San Francisco,44886.14,1808.3,2020-08-22,4,85.9,stephanie.williams@company.com,(331) 794-9482,Active
EMP009287,William,Wilson,William Wilson,54,IT,Coordinator,Austin,100556.38,11139.35,2020-07-28,32,94.8,william.wilson@company.com,(959) 588-2303,Active
EMP009288,Robert,Martinez,Robert Martinez,60,IT,Senior Developer,San Francisco,105405.29,2170.22,2023-03-23,38,57.8,robert.martinez@company.com,(339) 602-4350,Active
EMP009289,Robert,Johnson,Robert Johnson,62,Engineering,Coordinator,Los Angeles,100670.62,9741.86,2022-12-01,36,69.5,robert.johnson@company.com,(862) 344-3487,Active
EMP009290,John,Smith,John Smith,45,Finance,Director,Los Angeles,107953.42,16301.3,2021-09-11,22,83.9,john.smith@company.com,(743) 283-7829,Inactive
EMP009291,Amanda,Hernandez,Amanda Hernandez,57,IT,Associate,San Francisco,85376.66,8743.96,2023-10-21,35,100.0,amanda.hernandez@company.com,(975) 765-2323,Active
EMP009292,Anthony,Johnson,Anthony Johnson,30,Marketing,Analyst,San Francisco,48687.22,5276.03,2024-09-20,4,83.8,anthony.johnson@company.com,(227) 406-1205,Active
EMP009293,Emily,Anderson,Emily Anderson,28,HR,Director,Los Angeles,52379.6,4872.68,2023-09-05,0,100.0,emily.anderson@company.com,(590) 546-7772,Active
EMP009294,Amanda,Gonzalez,Amanda Gonzalez,38,IT,Specialist,Boston,78451.54,4565.58,2021-01-03,12,93.7,amanda.gonzalez@company.com,(232) 806-6359,Active
EMP009295,David,Garcia,David Garcia,35,Legal,Manager,Boston,65385.26,7418.61,2023-08-11,13,53.8,david.garcia@company.com,(510) 494-7908,On Leave
EMP009296,Christopher,Anderson,Christopher Anderson,46,Engineering,Associate,San Francisco,107398.04,742.59,2024-05-04,19,70.6,christopher.anderson@company.com,(347) 886-9246,Active
EMP009297,Amanda,Moore,Amanda Moore,32,Finance,Associate,San Francisco,67348.48,8796.02,2024-06-16,9,70.7,amanda.moore@company.com,(566) 735-5877,Active
EMP009298,William,Martinez,William Martinez,38,Sales,Associate,Los Angeles,104902.43,7701.98,2020-02-07,13,60.5,william.martinez@company.com,(554) 385-6811,Active
EMP009299,Jessica,Rodriguez,Jessica Rodriguez,55,Operations,Director,New York,59757.83,4544.1,2020-03-24,33,63.8,jessica.rodriguez@company.com,(731) 411-9256,Active
EMP009300,William,Rodriguez,William Rodriguez,50,Engineering,Senior Developer,New York,92484.98,10832.41,2021-10-13,28,78.2,william.rodriguez@company.com,(944) 462-3560,Active
EMP009301,Nicole,Martinez,Nicole Martinez,42,HR,Director,Chicago,64514.14,6144.77,2023-10-11,19,79.1,nicole.martinez@company.com,(204) 682-5509,Inactive
EMP009302,Matthew,Anderson,Matthew Anderson,63,Finance,Director,Boston,106110.54,15693.56,2021-06-30,40,64.7,matthew.anderson@company.com,(878) 852-1114,Active
EMP009303,Daniel,Martinez,Daniel Martinez,38,Engineering,Coordinator,Chicago,116247.38,14560.45,2022-10-06,10,64.6,daniel.martinez@company.com,(394) 912-7143,Active
EMP009304,Emily,Moore,Emily Moore,61,Engineering,Associate,Seattle,91349.36,10049.0,2022-04-18,39,63.2,emily.moore@company.com,(654) 501-7818,Active
EMP009305,Lisa,Davis,Lisa Davis,49,Marketing,Senior Developer,Boston,75840.89,1215.05,2022-02-10,26,69.5,lisa.davis@company.com,(518) 807-9376,Active
EMP009306,Emily,Thomas,Emily Thomas,51,Engineering,Lead,San Francisco,108058.59,11709.88,2024-02-23,22,53.6,emily.thomas@company.com,(360) 429-9195,Inactive
EMP009307,James,Taylor,James Taylor,43,Legal,Associate,New York,144273.98,22659.69,2022-06-09,17,53.9,james.taylor@company.com,(619) 565-6231,Active
EMP009308,Matthew,Moore,Matthew Moore,34,Operations,Manager,Austin,69542.37,7367.99,2021-05-19,10,80.4,matthew.moore@company.com,(490) 637-8006,Active
EMP009309,Daniel,Miller,Daniel Miller,23,Engineering,Manager,Seattle,62498.9,9217.56,2023-09-12,1,86.7,daniel.miller@company.com,(207) 253-7079,Active
EMP009310,Amanda,Wilson,Amanda Wilson,41,Legal,Lead,Austin,91393.94,10853.99,2021-01-18,12,71.2,amanda.wilson@company.com,(818) 386-7770,Active
EMP009311,Melissa,Gonzalez,Melissa Gonzalez,55,Sales,Specialist,Chicago,87285.24,11757.53,2021-07-10,30,68.9,melissa.gonzalez@company.com,(312) 518-3081,Active
EMP009312,Jessica,Wilson,Jessica Wilson,54,Engineering,Associate,Chicago,120031.99,13510.26,2023-05-18,26,86.2,jessica.wilson@company.com,(223) 935-9383,Active
EMP009313,James,Thomas,James Thomas,63,Legal,Coordinator,Austin,125779.14,13848.16,2023-04-30,39,90.6,james.thomas@company.com,(476) 498-7735,Active
EMP009314,William,Garcia,William Garcia,46,Operations,Coordinator,Austin,46886.71,4500.59,2022-08-23,21,46.3,william.garcia@company.com,(516) 984-7977,Active
EMP009315,Jane,Wilson,Jane Wilson,26,IT,Analyst,Boston,96517.86,11815.41,2022-09-30,4,84.1,jane.wilson@company.com,(431) 537-7228,Active
EMP009316,David,Taylor,David Taylor,52,Engineering,Senior Developer,New York,84748.34,4352.1,2022-10-18,28,59.5,david.taylor@company.com,(924) 610-7395,Inactive
EMP009317,Christopher,Wilson,Christopher Wilson,48,Legal,Coordinator,San Francisco,114761.03,14582.98,2022-04-18,23,90.4,christopher.wilson@company.com,(887) 845-4267,Inactive
EMP009318,Daniel,Lopez,Daniel Lopez,65,Marketing,Lead,Boston,94806.49,7224.44,2023-07-03,37,44.0,daniel.lopez@company.com,(669) 679-7274,Active
EMP009319,Nicole,Johnson,Nicole Johnson,32,Engineering,Analyst,New York,107782.11,14608.72,2022-07-07,7,88.7,nicole.johnson@company.com,(412) 989-2555,Active
EMP009320,David,Wilson,David Wilson,64,Operations,Analyst,San Francisco,85282.97,5307.48,2021-10-25,36,74.1,david.wilson@company.com,(520) 774-6579,Active
EMP009321,Anthony,Jones,Anthony Jones,41,Operations,Director,Chicago,61632.21,7437.27,2021-06-24,17,77.1,anthony.jones@company.com,(844) 248-3972,Active
EMP009322,Michael,Brown,Michael Brown,22,Engineering,Specialist,Los Angeles,80594.65,11160.1,2021-03-06,0,45.4,michael.brown@company.com,(637) 839-8196,Active
EMP009323,Anthony,Martinez,Anthony Martinez,58,Finance,Lead,Miami,64010.79,9630.26,2021-08-10,32,67.7,anthony.martinez@company.com,(808) 366-1719,Inactive
EMP009324,Jane,Miller,Jane Miller,59,Sales,Lead,Chicago,92313.31,7518.32,2024-11-09,37,94.8,jane.miller@company.com,(441) 586-3863,Active
EMP009325,Sarah,Wilson,Sarah Wilson,40,Legal,Senior Developer,Miami,63540.67,4760.55,2024-06-01,12,73.0,sarah.wilson@company.com,(230) 736-7497,Active
EMP009326,Anthony,Rodriguez,Anthony Rodriguez,40,Legal,Manager,Austin,48859.45,6822.97,2020-09-18,13,61.8,anthony.rodriguez@company.com,(769) 401-3299,Inactive
EMP009327,Nicole,Brown,Nicole Brown,34,Legal,Analyst,Boston,101872.48,3826.56,2022-08-24,5,64.3,nicole.brown@company.com,(973) 726-8099,Inactive
EMP009328,Anthony,Smith,Anthony Smith,33,HR,Manager,New York,31301.02,2117.52,2021-09-28,10,84.6,anthony.smith@company.com,(553) 298-3807,Active
EMP009329,Daniel,Martin,Daniel Martin,38,Sales,Lead,Los Angeles,55800.91,0.0,2020-07-09,10,88.5,daniel.martin@company.com,(597) 276-5037,Active
EMP009330,Jane,Brown,Jane Brown,62,Sales,Manager,San Francisco,83492.91,813.27,2023-12-16,35,76.0,jane.brown@company.com,(654) 406-6758,Active
EMP009331,Emily,Thomas,Emily Thomas,25,Finance,Senior Developer,Boston,60412.72,3894.0,2020-10-20,0,78.7,emily.thomas@company.com,(653) 949-2036,Active
EMP009332,Robert,Taylor,Robert Taylor,54,HR,Lead,Seattle,72325.93,4572.47,2023-10-08,31,66.4,robert.taylor@company.com,(675) 758-5448,Active
EMP009333,Christopher,Thomas,Christopher Thomas,54,Legal,Associate,New York,88260.05,8812.46,2023-01-28,30,69.4,christopher.thomas@company.com,(504) 676-7672,Active
EMP009334,Anthony,Jackson,Anthony Jackson,52,IT,Analyst,Miami,76826.22,10800.7,2024-03-19,28,100.0,anthony.jackson@company.com,(995) 454-4228,Active
EMP009335,Christopher,Williams,Christopher Williams,42,Legal,Lead,San Francisco,124705.75,9301.57,2022-09-03,18,84.9,christopher.williams@company.com,(286) 257-3572,Active
EMP009336,Melissa,Moore,Melissa Moore,22,IT,Senior Developer,Seattle,108989.75,2136.8,2020-09-11,0,72.0,melissa.moore@company.com,(755) 830-5835,Active
EMP009337,Melissa,Williams,Melissa Williams,28,Legal,Associate,Austin,94366.6,9851.93,2022-11-21,1,81.7,melissa.williams@company.com,(457) 747-8971,On Leave
EMP009338,Stephanie,Davis,Stephanie Davis,37,Marketing,Associate,Seattle,38100.59,5039.35,2023-05-06,8,63.1,stephanie.davis@company.com,(759) 655-2481,Active
EMP009339,Nicole,Lopez,Nicole Lopez,57,Operations,Director,San Francisco,72499.05,7944.54,2020-06-23,31,74.0,nicole.lopez@company.com,(367) 696-8684,Active
EMP009340,James,Jones,James Jones,37,Sales,Manager,Boston,76199.49,11800.14,2021-07-24,10,55.0,james.jones@company.com,(396) 615-2547,Active
EMP009341,David,Jackson,David Jackson,57,Sales,Senior Developer,Boston,114597.52,3762.71,2023-10-20,33,71.7,david.jackson@company.com,(596) 416-5698,Active
EMP009342,Emily,Moore,Emily Moore,24,Operations,Director,San Francisco,53669.15,5590.14,2024-04-06,2,84.8,emily.moore@company.com,(204) 713-9466,Active
EMP009343,Melissa,Martin,Melissa Martin,56,Sales,Coordinator,San Francisco,72908.4,10556.52,2023-05-28,31,99.1,melissa.martin@company.com,(881) 722-8320,Active
EMP009344,William,Taylor,William Taylor,25,HR,Director,Seattle,40641.82,4091.58,2020-04-19,0,74.7,william.taylor@company.com,(932) 843-7708,Active
EMP009345,Ashley,Williams,Ashley Williams,36,IT,Senior Developer,Miami,76990.41,5342.25,2020-09-15,13,54.2,ashley.williams@company.com,(441) 807-9589,Active
EMP009346,Sarah,Miller,Sarah Miller,52,Legal,Lead,Los Angeles,85556.27,15004.17,2022-11-14,24,81.0,sarah.miller@company.com,(831) 820-9114,Active
EMP009347,William,Miller,William Miller,37,Legal,Specialist,Chicago,117333.39,20875.21,2023-11-21,14,69.0,william.miller@company.com,(854) 908-4468,Active
EMP009348,Daniel,Hernandez,Daniel Hernandez,24,Marketing,Coordinator,Austin,51315.04,2665.74,2024-06-17,0,74.5,daniel.hernandez@company.com,(625) 447-8648,Active
EMP009349,Matthew,Jackson,Matthew Jackson,34,Legal,Director,Austin,127588.39,11681.89,2024-08-11,10,87.4,matthew.jackson@company.com,(550) 956-7834,Inactive
EMP009350,Robert,Smith,Robert Smith,22,Operations,Specialist,Chicago,25500.0,3502.32,2022-10-15,0,81.8,robert.smith@company.com,(278) 789-7130,Active
EMP009351,Amanda,Miller,Amanda Miller,30,Engineering,Lead,Miami,65821.4,7721.92,2024-04-27,7,62.6,amanda.miller@company.com,(333) 322-9417,Active
EMP009352,Christopher,Miller,Christopher Miller,49,Finance,Lead,Boston,90768.49,5615.43,2024-08-02,27,63.6,christopher.miller@company.com,(725) 471-9411,Active
EMP009353,Anthony,Thomas,Anthony Thomas,55,Finance,Director,San Francisco,102977.05,6165.16,2022-01-14,29,84.9,anthony.thomas@company.com,(438) 325-3133,Active
EMP009354,William,Wilson,William Wilson,45,Marketing,Director,Miami,63919.19,8663.2,2022-06-25,21,68.4,william.wilson@company.com,(998) 250-2168,Active
EMP009355,Melissa,Brown,Melissa Brown,63,Engineering,Manager,San Francisco,95761.5,0.0,2021-04-04,40,72.2,melissa.brown@company.com,(721) 447-4524,Active
EMP009356,Michael,Garcia,Michael Garcia,64,Legal,Specialist,Miami,139446.39,11159.75,2024-09-03,35,88.8,michael.garcia@company.com,(461) 547-3832,Active
EMP009357,Stephanie,Martin,Stephanie Martin,45,IT,Analyst,Los Angeles,122164.5,11518.49,2023-09-03,19,85.6,stephanie.martin@company.com,(511) 353-9329,Active
EMP009358,Melissa,Wilson,Melissa Wilson,42,IT,Lead,Austin,76527.14,10260.72,2022-11-13,15,74.8,melissa.wilson@company.com,(755) 956-5082,Active
EMP009359,Jane,Wilson,Jane Wilson,49,IT,Senior Developer,Miami,88863.88,7294.86,2020-10-17,23,89.5,jane.wilson@company.com,(848) 408-8997,Active
EMP009360,Nicole,Jackson,Nicole Jackson,60,Finance,Director,Austin,117532.59,12876.07,2023-02-24,35,64.6,nicole.jackson@company.com,(396) 979-8018,Active
EMP009361,William,Lopez,William Lopez,65,Finance,Lead,Chicago,118510.8,10206.32,2021-05-16,38,82.4,william.lopez@company.com,(847) 811-6924,Active
EMP009362,Sarah,Wilson,Sarah Wilson,40,IT,Specialist,San Francisco,82297.07,11829.45,2023-02-27,14,86.1,sarah.wilson@company.com,(731) 687-2584,Active
EMP009363,Emily,Martin,Emily Martin,45,IT,Analyst,Chicago,105874.33,9433.6,2021-09-29,21,60.0,emily.martin@company.com,(864) 556-1986,Active
EMP009364,Melissa,Jones,Melissa Jones,24,Sales,Coordinator,Boston,38347.79,2932.49,2022-02-09,0,74.5,melissa.jones@company.com,(442) 344-6530,Active
EMP009365,Matthew,Taylor,Matthew Taylor,64,Operations,Senior Developer,Chicago,84175.81,14264.66,2020-10-18,39,82.4,matthew.taylor@company.com,(873) 495-1974,Active
EMP009366,Robert,Taylor,Robert Taylor,47,Sales,Manager,Seattle,59504.07,6513.56,2024-05-27,19,69.0,robert.taylor@company.com,(880) 456-1772,Active
EMP009367,Daniel,Davis,Daniel Davis,40,Sales,Director,Austin,66702.55,4736.33,2020-08-08,11,93.2,daniel.davis@company.com,(879) 357-6495,On Leave
EMP009368,Stephanie,Moore,Stephanie Moore,58,Engineering,Director,Los Angeles,103604.51,2726.63,2023-09-03,33,95.2,stephanie.moore@company.com,(460) 714-4878,Active
EMP009369,James,Jackson,James Jackson,56,Finance,Coordinator,Boston,89724.98,9763.56,2022-08-21,34,86.8,james.jackson@company.com,(202) 282-8562,Active
EMP009370,Matthew,Lopez,Matthew Lopez,51,HR,Specialist,Miami,62517.01,39.28,2024-01-21,22,69.2,matthew.lopez@company.com,(545) 910-9155,Active
EMP009371,Stephanie,Rodriguez,Stephanie Rodriguez,40,Sales,Analyst,Seattle,49844.61,6849.92,2022-12-30,17,92.4,stephanie.rodriguez@company.com,(613) 488-1072,Active
EMP009372,Michael,Smith,Michael Smith,42,Sales,Manager,Chicago,50499.86,9030.31,2024-12-08,20,82.7,michael.smith@company.com,(249) 389-2356,Active
EMP009373,Anthony,Wilson,Anthony Wilson,28,HR,Associate,Los Angeles,58299.45,3817.3,2023-05-28,0,64.8,anthony.wilson@company.com,(201) 336-1067,Active
EMP009374,John,Martin,John Martin,45,HR,Analyst,Chicago,63622.37,4273.77,2020-08-01,16,81.4,john.martin@company.com,(381) 922-6818,Active
EMP009375,Amanda,Lopez,Amanda Lopez,61,Marketing,Analyst,New York,78307.19,4931.22,2024-05-18,37,92.3,amanda.lopez@company.com,(800) 712-2211,Active
EMP009376,James,Jones,James Jones,29,HR,Analyst,Austin,48384.06,9377.17,2023-01-15,4,59.8,james.jones@company.com,(952) 545-6222,Active
EMP009377,Melissa,Moore,Melissa Moore,27,IT,Associate,Miami,94539.1,16268.18,2023-12-27,3,62.2,melissa.moore@company.com,(405) 946-1891,Active
EMP009378,Jessica,Lopez,Jessica Lopez,53,IT,Manager,New York,100909.61,18007.19,2020-04-22,31,70.1,jessica.lopez@company.com,(205) 219-5588,Active
EMP009379,Matthew,Miller,Matthew Miller,22,Operations,Specialist,Chicago,69924.47,7323.26,2024-11-11,0,40.1,matthew.miller@company.com,(297) 859-6559,Active
EMP009380,Stephanie,Lopez,Stephanie Lopez,50,Marketing,Director,Austin,91114.2,10010.44,2021-10-10,25,100.0,stephanie.lopez@company.com,(694) 247-2832,Active
EMP009381,Stephanie,Hernandez,Stephanie Hernandez,39,Engineering,Manager,Chicago,98556.36,3085.17,2022-04-07,10,93.4,stephanie.hernandez@company.com,(912) 556-2609,Active
EMP009382,Daniel,Johnson,Daniel Johnson,29,Sales,Lead,Chicago,63903.93,4710.21,2021-07-19,2,72.6,daniel.johnson@company.com,(201) 945-2873,Active
EMP009383,Lisa,Wilson,Lisa Wilson,54,Legal,Specialist,Los Angeles,127561.13,23856.81,2020-10-02,32,68.6,lisa.wilson@company.com,(472) 812-6191,Active
EMP009384,Melissa,Wilson,Melissa Wilson,24,Legal,Analyst,San Francisco,51769.66,5979.4,2024-07-17,0,65.0,melissa.wilson@company.com,(340) 506-8438,Active
EMP009385,David,Garcia,David Garcia,29,Sales,Analyst,Austin,69620.79,0.0,2021-12-10,0,98.0,david.garcia@company.com,(758) 734-1411,Active
EMP009386,Christopher,Brown,Christopher Brown,56,Marketing,Lead,Chicago,69394.2,5977.19,2020-01-02,34,71.5,christopher.brown@company.com,(639) 880-7138,Active
EMP009387,Jessica,Gonzalez,Jessica Gonzalez,29,IT,Analyst,San Francisco,82312.23,9030.94,2024-04-11,7,82.5,jessica.gonzalez@company.com,(916) 285-2886,Active
EMP009388,Robert,Anderson,Robert Anderson,64,Marketing,Specialist,San Francisco,110113.89,6216.65,2023-11-11,40,100.0,robert.anderson@company.com,(735) 248-3543,Active
EMP009389,Lisa,Taylor,Lisa Taylor,65,HR,Lead,Boston,73618.87,2004.97,2021-06-24,37,94.2,lisa.taylor@company.com,(665) 504-5388,Active
EMP009390,David,Martinez,David Martinez,51,Engineering,Director,Seattle,92142.45,17755.7,2022-12-24,24,49.4,david.martinez@company.com,(465) 391-9645,On Leave
EMP009391,Matthew,Davis,Matthew Davis,31,HR,Senior Developer,Boston,62616.65,3733.9,2020-06-14,4,62.1,matthew.davis@company.com,(560) 755-3801,Active
EMP009392,John,Garcia,John Garcia,59,Finance,Analyst,Boston,117604.83,26514.45,2022-12-05,34,65.6,john.garcia@company.com,(577) 777-3865,Active
EMP009393,Ashley,Wilson,Ashley Wilson,35,HR,Analyst,Austin,47050.73,1874.13,2020-07-05,10,78.9,ashley.wilson@company.com,(276) 276-5154,Active
EMP009394,Michael,Williams,Michael Williams,28,Legal,Director,Chicago,58210.05,4521.71,2023-03-10,0,98.7,michael.williams@company.com,(591) 428-2394,Active
EMP009395,Anthony,Smith,Anthony Smith,43,Sales,Lead,New York,85954.69,8417.93,2023-07-19,16,59.5,anthony.smith@company.com,(644) 356-4842,Active
EMP009396,Matthew,Lopez,Matthew Lopez,61,Operations,Lead,Los Angeles,73440.37,7014.75,2020-08-13,39,100.0,matthew.lopez@company.com,(375) 422-1753,Active
EMP009397,Melissa,Martinez,Melissa Martinez,53,HR,Analyst,New York,80427.56,4828.7,2020-07-31,26,76.1,melissa.martinez@company.com,(972) 330-1469,Active
EMP009398,Christopher,Davis,Christopher Davis,44,Marketing,Lead,Los Angeles,87245.48,12255.28,2021-04-23,17,75.3,christopher.davis@company.com,(801) 580-9530,Active
EMP009399,Matthew,Davis,Matthew Davis,44,Marketing,Specialist,Los Angeles,52826.4,5016.7,2023-11-15,16,67.0,matthew.davis@company.com,(621) 477-3047,Active
EMP009400,Stephanie,Davis,Stephanie Davis,27,Engineering,Associate,Boston,52414.49,2916.08,2022-11-01,0,65.8,stephanie.davis@company.com,(859) 425-3700,Active
EMP009401,Jessica,Davis,Jessica Davis,29,Sales,Lead,Miami,67317.13,12232.86,2022-10-12,1,73.6,jessica.davis@company.com,(436) 642-5833,Active
EMP009402,Jessica,Miller,Jessica Miller,41,Operations,Associate,Seattle,101598.43,13941.91,2023-02-01,13,73.3,jessica.miller@company.com,(288) 684-6623,Active
EMP009403,James,Thomas,James Thomas,49,Operations,Manager,Miami,71366.67,7850.58,2022-02-20,20,74.8,james.thomas@company.com,(586) 718-7191,Active
EMP009404,Jane,Martin,Jane Martin,48,IT,Manager,Boston,114693.77,9834.58,2022-09-17,23,58.0,jane.martin@company.com,(579) 598-7868,Active
EMP009405,Christopher,Garcia,Christopher Garcia,39,HR,Specialist,Austin,65719.53,6580.41,2020-06-04,12,81.7,christopher.garcia@company.com,(988) 246-2178,On Leave
EMP009406,Anthony,Lopez,Anthony Lopez,22,Engineering,Coordinator,Seattle,80701.08,7082.72,2022-04-30,0,78.5,anthony.lopez@company.com,(882) 628-1868,Active
EMP009407,Stephanie,Garcia,Stephanie Garcia,62,HR,Analyst,New York,79587.78,1853.81,2021-11-25,40,76.0,stephanie.garcia@company.com,(995) 530-7091,Active
EMP009408,Nicole,Williams,Nicole Williams,39,Legal,Associate,Seattle,84876.57,8799.33,2021-01-30,16,100.0,nicole.williams@company.com,(353) 882-6657,Active
EMP009409,William,Wilson,William Wilson,28,Legal,Lead,Seattle,76158.59,8962.47,2020-04-22,0,95.2,william.wilson@company.com,(867) 353-4339,Active
EMP009410,Christopher,Brown,Christopher Brown,30,Engineering,Analyst,Seattle,121169.22,18516.57,2021-07-23,8,57.9,christopher.brown@company.com,(467) 852-7636,Active
EMP009411,Ashley,Williams,Ashley Williams,47,IT,Specialist,Miami,86204.38,12515.38,2023-03-26,20,67.3,ashley.williams@company.com,(673) 482-9689,Active
EMP009412,Lisa,Lopez,Lisa Lopez,55,HR,Manager,Los Angeles,97186.05,9013.35,2024-06-01,33,81.0,lisa.lopez@company.com,(471) 719-4311,Active
EMP009413,Sarah,Taylor,Sarah Taylor,42,Marketing,Senior Developer,San Francisco,54559.93,11476.24,2023-01-23,13,67.2,sarah.taylor@company.com,(324) 505-9494,Inactive
EMP009414,Jane,Wilson,Jane Wilson,49,Sales,Associate,Miami,45798.24,878.63,2021-05-24,20,74.6,jane.wilson@company.com,(459) 874-5600,Active
EMP009415,Jane,Taylor,Jane Taylor,60,Marketing,Lead,Seattle,110815.01,8202.32,2023-09-27,37,54.3,jane.taylor@company.com,(804) 335-3312,Active
EMP009416,Melissa,Moore,Melissa Moore,30,HR,Senior Developer,New York,54012.32,10204.93,2022-07-02,1,92.3,melissa.moore@company.com,(785) 379-3972,Active
EMP009417,Robert,Jackson,Robert Jackson,33,Engineering,Coordinator,Boston,86137.68,11834.91,2024-10-14,5,43.8,robert.jackson@company.com,(429) 365-8852,Active
EMP009418,Daniel,Thomas,Daniel Thomas,40,Engineering,Coordinator,Boston,116441.18,17642.4,2023-09-16,17,68.9,daniel.thomas@company.com,(251) 415-8618,Active
EMP009419,Nicole,Williams,Nicole Williams,64,IT,Specialist,Chicago,121320.16,16885.09,2023-11-24,35,70.5,nicole.williams@company.com,(684) 637-7685,Active
EMP009420,Anthony,Smith,Anthony Smith,39,Operations,Specialist,Austin,77137.65,5939.37,2024-04-04,17,73.5,anthony.smith@company.com,(809) 866-8875,Active
EMP009421,Daniel,Rodriguez,Daniel Rodriguez,55,Finance,Senior Developer,Boston,108997.65,15198.0,2020-04-22,27,84.8,daniel.rodriguez@company.com,(310) 846-6843,Active
EMP009422,William,Hernandez,William Hernandez,40,Operations,Specialist,Boston,35960.39,767.79,2021-11-15,11,75.0,william.hernandez@company.com,(624) 339-4504,Active
EMP009423,Michael,Anderson,Michael Anderson,34,Sales,Manager,Seattle,89669.21,7236.09,2020-07-31,5,92.8,michael.anderson@company.com,(731) 862-7306,Active
EMP009424,Amanda,Thomas,Amanda Thomas,57,Sales,Senior Developer,Los Angeles,86035.28,9137.81,2022-10-17,34,67.5,amanda.thomas@company.com,(215) 348-8729,Active
EMP009425,Melissa,Jones,Melissa Jones,38,Engineering,Specialist,Chicago,127073.07,3862.43,2022-01-05,16,83.2,melissa.jones@company.com,(548) 898-5724,Active
EMP009426,Melissa,Garcia,Melissa Garcia,53,IT,Specialist,San Francisco,79365.01,7633.9,2020-10-18,27,53.2,melissa.garcia@company.com,(475) 515-9522,Active
EMP009427,Lisa,Rodriguez,Lisa Rodriguez,42,Sales,Coordinator,Miami,73866.37,1589.93,2022-10-10,14,78.7,lisa.rodriguez@company.com,(364) 421-1825,Active
EMP009428,Christopher,Williams,Christopher Williams,39,Marketing,Specialist,Los Angeles,91249.7,15307.42,2021-07-17,17,61.5,christopher.williams@company.com,(592) 556-6931,Active
EMP009429,Robert,Thomas,Robert Thomas,22,Marketing,Specialist,Austin,56105.87,4713.34,2020-10-01,0,63.1,robert.thomas@company.com,(890) 438-9305,Active
EMP009430,Nicole,Martin,Nicole Martin,52,Marketing,Associate,Boston,74900.44,8966.95,2021-11-29,28,96.2,nicole.martin@company.com,(766) 458-8074,Active
EMP009431,Robert,Thomas,Robert Thomas,49,IT,Lead,Chicago,71982.91,8851.69,2021-07-14,25,74.0,robert.thomas@company.com,(861) 357-6157,Inactive
EMP009432,William,Miller,William Miller,27,Legal,Coordinator,Austin,114356.12,10518.18,2023-03-09,0,63.2,william.miller@company.com,(852) 319-9717,Active
EMP009433,Matthew,Smith,Matthew Smith,26,Finance,Lead,Seattle,66438.34,5693.42,2022-05-22,3,90.5,matthew.smith@company.com,(843) 592-3649,Active
EMP009434,Nicole,Anderson,Nicole Anderson,42,Marketing,Associate,Seattle,67511.51,2893.88,2021-01-25,16,60.7,nicole.anderson@company.com,(527) 883-3420,Active
EMP009435,Stephanie,Jackson,Stephanie Jackson,47,HR,Lead,Austin,91335.68,5966.83,2022-01-06,24,79.9,stephanie.jackson@company.com,(880) 853-4080,Active
EMP009436,Michael,Rodriguez,Michael Rodriguez,40,HR,Associate,Chicago,67786.54,7608.32,2023-05-16,15,50.5,michael.rodriguez@company.com,(963) 825-7076,Active
EMP009437,Stephanie,Taylor,Stephanie Taylor,58,Marketing,Manager,Seattle,85949.08,8681.28,2023-06-04,31,48.1,stephanie.taylor@company.com,(957) 900-2454,Active
EMP009438,William,Brown,William Brown,63,Marketing,Coordinator,Chicago,80622.47,6011.36,2024-02-29,41,70.9,william.brown@company.com,(493) 664-1336,Active
EMP009439,Nicole,Martin,Nicole Martin,49,HR,Analyst,San Francisco,74494.86,6847.76,2022-03-30,22,79.0,nicole.martin@company.com,(910) 516-3704,Active
EMP009440,Anthony,Taylor,Anthony Taylor,60,Marketing,Lead,San Francisco,114116.46,24023.89,2021-05-29,38,86.4,anthony.taylor@company.com,(999) 492-5339,Active
EMP009441,Matthew,Gonzalez,Matthew Gonzalez,24,Legal,Analyst,Austin,65222.34,5558.84,2024-02-24,1,88.9,matthew.gonzalez@company.com,(299) 309-3291,Active
EMP009442,Christopher,Williams,Christopher Williams,45,Legal,Manager,Chicago,103099.99,10048.18,2020-05-02,19,95.1,christopher.williams@company.com,(274) 213-3252,Active
EMP009443,Daniel,Brown,Daniel Brown,27,Marketing,Manager,Chicago,54438.09,1253.2,2023-04-03,3,78.7,daniel.brown@company.com,(511) 470-7241,Active
EMP009444,Amanda,Smith,Amanda Smith,37,Legal,Manager,Boston,79959.98,9890.4,2024-10-23,11,76.9,amanda.smith@company.com,(974) 475-7612,Active
EMP009445,David,Jones,David Jones,48,Finance,Senior Developer,Miami,96935.76,0.0,2021-07-27,25,71.3,david.jones@company.com,(283) 279-7560,Active
EMP009446,Lisa,Wilson,Lisa Wilson,31,Finance,Manager,Boston,67534.3,10045.67,2022-03-21,2,55.3,lisa.wilson@company.com,(711) 642-2316,On Leave
EMP009447,Christopher,Brown,Christopher Brown,58,Sales,Lead,Miami,110278.3,2716.74,2022-02-18,36,74.8,christopher.brown@company.com,(945) 784-7204,Active
EMP009448,Lisa,Williams,Lisa Williams,45,Sales,Director,New York,112553.23,9379.43,2023-11-15,22,100.0,lisa.williams@company.com,(842) 823-8435,Inactive
EMP009449,Robert,Jackson,Robert Jackson,46,Operations,Lead,Chicago,67547.88,4540.51,2021-03-21,20,73.1,robert.jackson@company.com,(958) 619-8872,Active
EMP009450,Robert,Johnson,Robert Johnson,28,Finance,Manager,Boston,43813.21,4275.58,2021-06-19,1,44.3,robert.johnson@company.com,(665) 459-5507,Active
EMP009451,William,Miller,William Miller,62,HR,Director,Miami,92842.71,11273.58,2023-04-11,34,62.4,william.miller@company.com,(202) 945-1229,Inactive
EMP009452,Sarah,Miller,Sarah Miller,41,IT,Senior Developer,Boston,96431.31,12531.8,2023-07-10,14,61.1,sarah.miller@company.com,(257) 642-2717,Active
EMP009453,James,Lopez,James Lopez,56,Finance,Specialist,Los Angeles,81897.34,8171.26,2021-07-26,28,99.8,james.lopez@company.com,(679) 315-1049,Active
EMP009454,Lisa,Garcia,Lisa Garcia,43,HR,Coordinator,Boston,39371.41,3029.72,2021-10-19,19,59.1,lisa.garcia@company.com,(321) 252-8435,Active
EMP009455,William,Lopez,William Lopez,59,Legal,Analyst,New York,141948.31,27673.25,2022-10-07,33,71.3,william.lopez@company.com,(894) 772-4009,Active
EMP009456,Anthony,Jones,Anthony Jones,64,Sales,Lead,Seattle,82260.13,10673.03,2022-02-18,41,87.2,anthony.jones@company.com,(332) 362-9484,Active
EMP009457,Matthew,Jackson,Matthew Jackson,64,Marketing,Analyst,Seattle,83761.24,8939.54,2023-02-15,41,73.0,matthew.jackson@company.com,(215) 402-2626,Active
EMP009458,Jane,Taylor,Jane Taylor,37,Finance,Senior Developer,Los Angeles,90982.55,16117.19,2022-06-27,12,81.8,jane.taylor@company.com,(556) 785-3914,Active
EMP009459,James,Jackson,James Jackson,45,HR,Coordinator,Miami,74210.39,15070.62,2023-02-21,21,80.5,james.jackson@company.com,(756) 869-3250,Active
EMP009460,Matthew,Moore,Matthew Moore,38,IT,Lead,Los Angeles,105174.91,15934.58,2024-06-06,10,58.3,matthew.moore@company.com,(353) 649-2837,Active
EMP009461,James,Smith,James Smith,48,Sales,Associate,Seattle,67057.03,9732.53,2021-05-25,19,84.3,james.smith@company.com,(555) 972-9838,Active
EMP009462,John,Lopez,John Lopez,34,Legal,Associate,San Francisco,56310.35,6357.96,2021-02-25,11,50.2,john.lopez@company.com,(443) 861-3949,Active
EMP009463,Nicole,Garcia,Nicole Garcia,38,Sales,Associate,San Francisco,65070.01,10428.9,2020-12-17,12,73.1,nicole.garcia@company.com,(474) 926-4423,Active
EMP009464,Sarah,Williams,Sarah Williams,26,Engineering,Associate,Austin,91781.38,12982.93,2021-11-17,0,82.4,sarah.williams@company.com,(246) 408-1588,Active
EMP009465,Christopher,Gonzalez,Christopher Gonzalez,59,Operations,Lead,Boston,68627.13,2655.71,2021-11-26,35,73.5,christopher.gonzalez@company.com,(300) 767-5241,Active
EMP009466,David,Miller,David Miller,44,Sales,Manager,Seattle,78625.68,4121.48,2020-01-29,18,100.0,david.miller@company.com,(612) 614-7771,Active
EMP009467,David,Jones,David Jones,41,Operations,Associate,San Francisco,66131.28,6344.61,2020-01-10,17,84.5,david.jones@company.com,(979) 331-3463,Active
EMP009468,Melissa,Thomas,Melissa Thomas,45,Finance,Manager,Boston,110799.19,9880.1,2022-01-13,22,64.6,melissa.thomas@company.com,(461) 909-6789,Active
EMP009469,David,Jones,David Jones,36,Finance,Lead,Los Angeles,84454.67,7005.68,2023-06-19,11,65.1,david.jones@company.com,(865) 518-3620,Active
EMP009470,Amanda,Taylor,Amanda Taylor,51,Operations,Lead,Chicago,56248.29,5619.38,2022-08-19,23,64.0,amanda.taylor@company.com,(995) 557-2960,Active
EMP009471,Anthony,Davis,Anthony Davis,41,Legal,Analyst,Austin,69050.38,4833.53,2024-08-02,16,82.5,anthony.davis@company.com,(778) 683-3724,Active
EMP009472,Michael,Martinez,Michael Martinez,48,Engineering,Analyst,Chicago,112873.62,16344.37,2022-06-13,21,87.3,michael.martinez@company.com,(719) 232-9839,Active
EMP009473,Christopher,Davis,Christopher Davis,42,Operations,Manager,Boston,47573.09,7261.01,2024-12-13,19,65.6,christopher.davis@company.com,(605) 865-8030,Inactive
EMP009474,Stephanie,Hernandez,Stephanie Hernandez,47,Finance,Lead,New York,102925.82,9126.7,2023-04-20,25,73.2,stephanie.hernandez@company.com,(318) 447-8561,On Leave
EMP009475,John,Hernandez,John Hernandez,46,Legal,Senior Developer,San Francisco,101909.55,5663.07,2024-05-15,22,66.3,john.hernandez@company.com,(436) 369-8268,Active
EMP009476,Emily,Davis,Emily Davis,64,Operations,Associate,Los Angeles,80409.31,4814.32,2020-12-02,37,66.9,emily.davis@company.com,(846) 533-8549,Active
EMP009477,Emily,Williams,Emily Williams,39,IT,Specialist,Seattle,85423.05,10786.87,2021-12-15,15,65.9,emily.williams@company.com,(601) 533-6323,Active
EMP009478,Sarah,Miller,Sarah Miller,38,HR,Manager,Chicago,65413.18,5914.98,2022-01-18,16,61.9,sarah.miller@company.com,(701) 988-4332,On Leave
EMP009479,Sarah,Jackson,Sarah Jackson,52,Finance,Analyst,New York,94111.25,11392.61,2024-03-12,24,80.8,sarah.jackson@company.com,(232) 703-2829,Active
EMP009480,Melissa,Thomas,Melissa Thomas,53,Sales,Manager,San Francisco,112214.09,4405.64,2020-07-20,25,79.0,melissa.thomas@company.com,(638) 459-7392,Active
EMP009481,David,Moore,David Moore,58,Marketing,Analyst,San Francisco,59734.54,7663.14,2022-06-30,30,80.0,david.moore@company.com,(342) 600-6781,Active
EMP009482,Daniel,Hernandez,Daniel Hernandez,56,Operations,Director,Chicago,84967.9,9417.19,2023-08-03,29,71.4,daniel.hernandez@company.com,(967) 383-9016,Active
EMP009483,Jessica,Miller,Jessica Miller,26,Engineering,Analyst,Chicago,86098.39,7148.24,2023-03-08,2,72.6,jessica.miller@company.com,(394) 200-5743,Inactive
EMP009484,James,Williams,James Williams,65,Sales,Associate,San Francisco,70874.92,3056.98,2020-02-29,38,69.8,james.williams@company.com,(728) 957-9503,Active
EMP009485,David,Brown,David Brown,36,IT,Specialist,Seattle,84595.13,4975.15,2024-04-19,10,65.6,david.brown@company.com,(380) 219-3322,Active
EMP009486,Matthew,Williams,Matthew Williams,65,HR,Coordinator,Chicago,93657.0,8760.24,2020-12-25,40,79.5,matthew.williams@company.com,(519) 511-9785,Inactive
EMP009487,Amanda,Miller,Amanda Miller,27,Sales,Analyst,Miami,65219.16,2121.6,2022-05-24,4,47.8,amanda.miller@company.com,(766) 335-2328,Active
EMP009488,James,Wilson,James Wilson,59,Legal,Analyst,San Francisco,96649.07,10880.75,2020-01-22,31,52.4,james.wilson@company.com,(277) 385-5265,Active
EMP009489,Ashley,Martinez,Ashley Martinez,41,Sales,Senior Developer,Miami,39311.09,3707.07,2023-08-27,13,77.2,ashley.martinez@company.com,(560) 493-5948,Inactive
EMP009490,Robert,Jackson,Robert Jackson,52,IT,Manager,San Francisco,127189.57,15293.45,2022-09-28,27,52.8,robert.jackson@company.com,(918) 758-4118,Active
EMP009491,David,Davis,David Davis,57,Finance,Lead,Austin,89773.32,13495.38,2024-01-12,33,64.5,david.davis@company.com,(342) 622-7042,Active
EMP009492,Anthony,Brown,Anthony Brown,60,HR,Manager,Chicago,79830.61,0.0,2021-11-13,35,71.5,anthony.brown@company.com,(735) 531-4503,Active
EMP009493,Melissa,Rodriguez,Melissa Rodriguez,46,Operations,Specialist,New York,90654.45,1514.34,2022-12-08,22,91.9,melissa.rodriguez@company.com,(383) 974-8559,Active
EMP009494,Ashley,Jones,Ashley Jones,62,HR,Associate,Austin,88671.97,7703.47,2023-03-30,39,92.4,ashley.jones@company.com,(410) 776-1064,Active
EMP009495,Sarah,Martinez,Sarah Martinez,45,Legal,Manager,Chicago,106885.55,15665.96,2020-01-22,22,64.8,sarah.martinez@company.com,(773) 244-2287,Active
EMP009496,Daniel,Davis,Daniel Davis,23,Legal,Senior Developer,Chicago,77296.14,7908.1,2020-04-03,0,79.0,daniel.davis@company.com,(537) 615-8527,Active
EMP009497,Jessica,Miller,Jessica Miller,34,Engineering,Associate,Los Angeles,87305.68,8874.85,2021-11-10,6,79.7,jessica.miller@company.com,(328) 566-7747,Active
EMP009498,John,Hernandez,John Hernandez,54,Operations,Specialist,Austin,72168.13,10711.63,2021-02-01,28,67.9,john.hernandez@company.com,(521) 449-6939,Active
EMP009499,Jane,Jones,Jane Jones,48,IT,Senior Developer,Miami,94460.01,6321.43,2021-10-13,24,71.4,jane.jones@company.com,(448) 965-5508,Active
EMP009500,James,Thomas,James Thomas,25,Finance,Specialist,New York,80874.39,13328.24,2021-06-05,1,56.5,james.thomas@company.com,(791) 833-3609,Active
EMP009501,Michael,Johnson,Michael Johnson,47,HR,Manager,Miami,69995.26,9127.04,2022-12-21,24,54.8,michael.johnson@company.com,(663) 788-1622,Active
EMP009502,Michael,Taylor,Michael Taylor,42,IT,Associate,Boston,99533.68,1108.3,2022-07-27,17,63.0,michael.taylor@company.com,(405) 761-6960,Active
EMP009503,Ashley,Taylor,Ashley Taylor,60,Engineering,Senior Developer,New York,106218.6,13621.24,2023-09-28,37,96.0,ashley.taylor@company.com,(343) 532-4966,Active
EMP009504,Jane,Hernandez,Jane Hernandez,24,HR,Senior Developer,Chicago,66799.81,1322.24,2024-12-09,0,59.3,jane.hernandez@company.com,(564) 929-7275,Active
EMP009505,Stephanie,Smith,Stephanie Smith,24,Finance,Analyst,New York,67493.75,5649.08,2021-08-08,0,79.2,stephanie.smith@company.com,(556) 927-2394,On Leave
EMP009506,Melissa,Williams,Melissa Williams,48,Finance,Coordinator,Seattle,77976.29,9384.14,2020-09-26,25,86.3,melissa.williams@company.com,(714) 441-2277,Active
EMP009507,Jessica,Taylor,Jessica Taylor,39,IT,Senior Developer,New York,83170.22,8349.95,2023-10-03,16,100.0,jessica.taylor@company.com,(233) 583-3846,Active
EMP009508,Emily,Anderson,Emily Anderson,45,Operations,Specialist,Austin,69481.97,6687.33,2024-07-01,17,89.3,emily.anderson@company.com,(779) 907-6325,Active
EMP009509,Melissa,Lopez,Melissa Lopez,41,IT,Specialist,Miami,97307.46,9640.19,2024-01-04,12,66.9,melissa.lopez@company.com,(878) 515-4559,Active
EMP009510,Robert,Garcia,Robert Garcia,64,Marketing,Manager,Boston,80446.61,9417.02,2021-04-04,40,89.9,robert.garcia@company.com,(347) 907-5739,On Leave
EMP009511,Daniel,Thomas,Daniel Thomas,23,Sales,Director,Miami,50445.52,7249.5,2023-12-18,0,72.7,daniel.thomas@company.com,(328) 328-7514,Active
EMP009512,Michael,Williams,Michael Williams,23,Finance,Lead,San Francisco,84972.05,14470.83,2021-03-02,0,74.5,michael.williams@company.com,(502) 966-9105,On Leave
EMP009513,Daniel,Taylor,Daniel Taylor,59,Finance,Associate,Chicago,79572.76,7851.84,2021-10-06,34,82.5,daniel.taylor@company.com,(794) 672-9510,Inactive
EMP009514,Ashley,Davis,Ashley Davis,37,IT,Manager,Chicago,80018.2,8296.1,2020-05-21,15,78.5,ashley.davis@company.com,(689) 300-2846,Active
EMP009515,William,Garcia,William Garcia,40,HR,Senior Developer,New York,62805.32,8017.76,2023-02-14,15,88.4,william.garcia@company.com,(434) 939-8379,Active
EMP009516,Christopher,Johnson,Christopher Johnson,45,HR,Associate,Seattle,75435.24,10197.8,2024-06-13,19,65.1,christopher.johnson@company.com,(401) 326-8422,Active
EMP009517,John,Garcia,John Garcia,62,HR,Lead,Los Angeles,74576.53,10551.9,2021-05-11,37,95.3,john.garcia@company.com,(847) 805-7952,Active
EMP009518,Stephanie,Jackson,Stephanie Jackson,49,IT,Lead,San Francisco,118677.29,4250.39,2023-02-02,20,54.2,stephanie.jackson@company.com,(660) 960-1593,Active
EMP009519,Daniel,Rodriguez,Daniel Rodriguez,55,Operations,Director,Austin,68710.41,9933.77,2020-09-27,32,89.2,daniel.rodriguez@company.com,(355) 295-8761,Inactive
EMP009520,John,Jones,John Jones,24,Marketing,Senior Developer,Austin,63549.28,8989.41,2022-04-05,0,91.7,john.jones@company.com,(474) 453-1458,Active
EMP009521,Anthony,Johnson,Anthony Johnson,27,Sales,Senior Developer,San Francisco,54055.32,2814.59,2020-02-02,4,98.1,anthony.johnson@company.com,(362) 327-1820,Active
EMP009522,Emily,Hernandez,Emily Hernandez,59,HR,Analyst,San Francisco,99684.16,10985.89,2023-10-31,34,90.6,emily.hernandez@company.com,(911) 209-6024,Active
EMP009523,Anthony,Anderson,Anthony Anderson,30,Operations,Director,Boston,45059.7,3895.7,2023-11-19,2,82.9,anthony.anderson@company.com,(606) 913-7480,Active
EMP009524,Amanda,Hernandez,Amanda Hernandez,40,Marketing,Manager,San Francisco,38464.88,3436.37,2023-01-25,13,69.0,amanda.hernandez@company.com,(930) 521-6559,Active
EMP009525,William,Taylor,William Taylor,57,IT,Specialist,Austin,105103.04,9906.32,2023-01-15,32,70.5,william.taylor@company.com,(695) 264-9398,Active
EMP009526,Anthony,Hernandez,Anthony Hernandez,45,Engineering,Manager,Los Angeles,120531.35,12042.19,2022-12-26,23,82.9,anthony.hernandez@company.com,(919) 309-1781,On Leave
EMP009527,Anthony,Taylor,Anthony Taylor,36,Finance,Analyst,Boston,60902.51,3888.66,2024-10-23,13,92.7,anthony.taylor@company.com,(912) 688-7791,Active
EMP009528,Nicole,Moore,Nicole Moore,50,Engineering,Specialist,Chicago,68059.05,10064.55,2024-11-13,21,69.5,nicole.moore@company.com,(358) 694-5369,Active
EMP009529,Michael,Taylor,Michael Taylor,56,Finance,Specialist,Chicago,73657.43,9468.57,2021-03-22,32,72.0,michael.taylor@company.com,(532) 938-1314,Active
EMP009530,Matthew,Brown,Matthew Brown,45,Finance,Director,Boston,59469.74,1245.52,2023-05-12,20,65.0,matthew.brown@company.com,(900) 606-9348,Active
EMP009531,Nicole,Lopez,Nicole Lopez,39,Marketing,Director,Seattle,63561.27,1713.18,2021-07-25,13,78.5,nicole.lopez@company.com,(676) 428-8981,Active
EMP009532,Daniel,Anderson,Daniel Anderson,39,HR,Associate,New York,73332.59,7679.74,2021-04-21,12,66.5,daniel.anderson@company.com,(764) 582-6950,Active
EMP009533,Christopher,Williams,Christopher Williams,38,Engineering,Associate,New York,99466.17,8038.16,2021-04-25,11,100.0,christopher.williams@company.com,(847) 513-3637,Active
EMP009534,Nicole,Thomas,Nicole Thomas,41,Legal,Analyst,Miami,125674.5,10953.48,2022-02-10,14,100.0,nicole.thomas@company.com,(383) 551-9026,Active
EMP009535,David,Jackson,David Jackson,32,Legal,Specialist,Chicago,88708.33,3878.21,2022-11-16,5,79.9,david.jackson@company.com,(820) 293-3252,Inactive
EMP009536,James,Lopez,James Lopez,32,HR,Analyst,Miami,52207.1,5444.01,2021-07-29,7,92.4,james.lopez@company.com,(991) 357-1636,Inactive
EMP009537,Lisa,Garcia,Lisa Garcia,25,IT,Analyst,Boston,78260.02,3461.05,2023-01-07,0,76.4,lisa.garcia@company.com,(206) 711-1612,Active
EMP009538,Daniel,Williams,Daniel Williams,40,Sales,Coordinator,Boston,60298.25,8548.34,2023-01-17,16,66.6,daniel.williams@company.com,(925) 905-3695,Active
EMP009539,Daniel,Jackson,Daniel Jackson,57,HR,Associate,Boston,78445.02,3993.85,2020-10-20,31,72.9,daniel.jackson@company.com,(543) 566-2529,Active
EMP009540,Ashley,Miller,Ashley Miller,55,Finance,Lead,Los Angeles,100970.94,11917.13,2020-04-28,28,65.8,ashley.miller@company.com,(827) 877-9040,Active
EMP009541,Lisa,Miller,Lisa Miller,25,Sales,Analyst,San Francisco,40183.34,787.26,2024-07-07,0,74.0,lisa.miller@company.com,(723) 294-2701,Active
EMP009542,Nicole,Johnson,Nicole Johnson,53,Sales,Manager,Austin,72797.92,9862.51,2022-01-11,29,72.1,nicole.johnson@company.com,(857) 345-1255,Active
EMP009543,James,Thomas,James Thomas,43,Marketing,Director,Seattle,91988.73,12063.28,2021-08-24,15,74.1,james.thomas@company.com,(475) 232-5144,Inactive
EMP009544,Nicole,Jackson,Nicole Jackson,41,Engineering,Senior Developer,Chicago,72112.76,12718.64,2022-07-10,13,88.5,nicole.jackson@company.com,(655) 380-1978,Active
EMP009545,Ashley,Thomas,Ashley Thomas,61,Marketing,Lead,Chicago,94683.47,5506.77,2022-06-09,34,56.6,ashley.thomas@company.com,(871) 464-5060,Active
EMP009546,Sarah,Thomas,Sarah Thomas,61,Marketing,Director,Chicago,73879.77,6898.03,2024-04-19,34,67.2,sarah.thomas@company.com,(967) 656-6342,Active
EMP009547,Nicole,Jones,Nicole Jones,65,Legal,Specialist,New York,147858.29,12808.41,2022-12-18,38,79.5,nicole.jones@company.com,(535) 812-6687,Active
EMP009548,Matthew,Jackson,Matthew Jackson,33,Legal,Analyst,Miami,89681.17,4466.47,2024-05-24,6,67.8,matthew.jackson@company.com,(584) 307-8091,Inactive
EMP009549,Melissa,Williams,Melissa Williams,50,IT,Lead,Miami,90113.5,20038.29,2024-11-30,22,81.6,melissa.williams@company.com,(552) 471-2940,Active
EMP009550,Ashley,Thomas,Ashley Thomas,29,IT,Lead,Chicago,86963.49,16922.4,2023-09-05,0,100.0,ashley.thomas@company.com,(465) 786-5126,Active
EMP009551,Lisa,Williams,Lisa Williams,23,IT,Lead,San Francisco,40789.72,4774.06,2024-06-25,0,96.1,lisa.williams@company.com,(281) 990-1002,Active
EMP009552,Daniel,Wilson,Daniel Wilson,25,HR,Manager,New York,63967.55,13833.38,2020-08-16,3,67.5,daniel.wilson@company.com,(980) 998-6878,Active
EMP009553,John,Martinez,John Martinez,61,Operations,Director,Chicago,88011.51,5938.64,2020-06-17,34,80.2,john.martinez@company.com,(803) 302-4292,Active
EMP009554,Robert,Thomas,Robert Thomas,63,Operations,Specialist,Miami,82780.99,10978.08,2022-04-18,41,62.2,robert.thomas@company.com,(701) 584-7219,Active
EMP009555,Ashley,Jones,Ashley Jones,40,Engineering,Associate,Los Angeles,76764.32,6839.41,2022-03-13,17,46.8,ashley.jones@company.com,(491) 552-1991,Active
EMP009556,Melissa,Miller,Melissa Miller,55,Sales,Specialist,San Francisco,74904.43,12685.63,2021-07-03,30,56.6,melissa.miller@company.com,(938) 366-2173,Active
EMP009557,John,Jackson,John Jackson,41,Engineering,Associate,San Francisco,94179.23,14168.24,2022-08-27,12,97.8,john.jackson@company.com,(494) 513-4435,Active
EMP009558,Michael,Martin,Michael Martin,27,HR,Director,Boston,65129.25,0.0,2022-12-05,1,48.1,michael.martin@company.com,(530) 724-3086,Active
EMP009559,Stephanie,Taylor,Stephanie Taylor,50,Operations,Senior Developer,Austin,64662.03,8061.92,2023-10-28,27,77.7,stephanie.taylor@company.com,(407) 542-3290,Active
EMP009560,William,Gonzalez,William Gonzalez,49,Marketing,Lead,Seattle,64256.31,8380.48,2020-03-24,21,59.8,william.gonzalez@company.com,(390) 268-8885,Active
EMP009561,Daniel,Johnson,Daniel Johnson,51,Marketing,Director,Boston,74712.86,8916.11,2023-01-21,29,82.0,daniel.johnson@company.com,(916) 445-7994,Active
EMP009562,Anthony,Thomas,Anthony Thomas,49,Legal,Manager,San Francisco,62613.19,4907.55,2023-05-09,23,59.6,anthony.thomas@company.com,(817) 384-3171,Inactive
EMP009563,John,Moore,John Moore,58,IT,Analyst,Boston,92788.11,8092.83,2024-11-10,33,84.8,john.moore@company.com,(844) 572-2029,Active
EMP009564,Ashley,Martin,Ashley Martin,58,Sales,Coordinator,Seattle,90596.04,12511.11,2022-01-18,29,100.0,ashley.martin@company.com,(784) 373-6850,Active
EMP009565,Ashley,Wilson,Ashley Wilson,48,Engineering,Senior Developer,Boston,110861.56,20435.0,2020-07-12,22,80.8,ashley.wilson@company.com,(805) 521-3270,Active
EMP009566,Stephanie,Brown,Stephanie Brown,38,HR,Lead,Miami,73600.26,7830.6,2021-10-09,9,71.7,stephanie.brown@company.com,(447) 505-3998,Active
EMP009567,Lisa,Williams,Lisa Williams,60,Marketing,Director,Boston,91876.74,8197.07,2023-12-31,38,82.7,lisa.williams@company.com,(588) 746-6639,Active
EMP009568,Stephanie,Rodriguez,Stephanie Rodriguez,54,HR,Senior Developer,Austin,73945.34,7486.87,2020-08-31,25,80.2,stephanie.rodriguez@company.com,(474) 582-4576,Active
EMP009569,David,Johnson,David Johnson,25,Legal,Manager,Miami,64957.3,3725.26,2022-12-16,0,58.3,david.johnson@company.com,(401) 814-6968,Active
EMP009570,William,Smith,William Smith,50,IT,Coordinator,Austin,59939.81,9006.53,2020-07-18,27,81.6,william.smith@company.com,(584) 229-9320,Inactive
EMP009571,Michael,Rodriguez,Michael Rodriguez,25,Operations,Director,Seattle,49910.45,5332.95,2020-04-17,0,97.0,michael.rodriguez@company.com,(957) 401-9846,Active
EMP009572,Stephanie,Hernandez,Stephanie Hernandez,51,Operations,Analyst,San Francisco,66556.83,11981.42,2023-01-02,23,90.1,stephanie.hernandez@company.com,(320) 334-2134,On Leave
EMP009573,Matthew,Rodriguez,Matthew Rodriguez,36,Engineering,Associate,Miami,85048.55,10066.66,2022-04-10,14,64.1,matthew.rodriguez@company.com,(706) 455-1517,Active
EMP009574,John,Anderson,John Anderson,27,Marketing,Director,Seattle,55276.68,9915.42,2021-02-01,0,68.8,john.anderson@company.com,(611) 327-7594,Active
EMP009575,Stephanie,Miller,Stephanie Miller,46,Engineering,Coordinator,Chicago,96875.9,8778.75,2023-02-04,21,79.5,stephanie.miller@company.com,(443) 597-7264,Active
EMP009576,David,Martinez,David Martinez,23,Engineering,Director,Los Angeles,89920.87,2635.92,2024-02-21,0,56.7,david.martinez@company.com,(730) 845-4792,Active
EMP009577,Stephanie,Wilson,Stephanie Wilson,55,Sales,Lead,San Francisco,56816.91,2308.05,2021-08-10,28,81.1,stephanie.wilson@company.com,(838) 569-4724,Active
EMP009578,Daniel,Gonzalez,Daniel Gonzalez,46,Legal,Associate,Miami,106104.68,12217.96,2021-09-12,18,90.5,daniel.gonzalez@company.com,(490) 412-4780,Active
EMP009579,Emily,Hernandez,Emily Hernandez,46,Finance,Coordinator,Miami,116233.49,11935.3,2022-02-18,17,78.5,emily.hernandez@company.com,(218) 764-1379,Active
EMP009580,Lisa,Davis,Lisa Davis,30,Legal,Analyst,Los Angeles,75514.48,10237.64,2021-01-05,6,48.3,lisa.davis@company.com,(490) 325-6034,Inactive
EMP009581,Michael,Martin,Michael Martin,43,Sales,Analyst,New York,73136.99,12212.13,2021-10-05,18,67.1,michael.martin@company.com,(217) 705-9773,Active
EMP009582,Robert,Anderson,Robert Anderson,37,HR,Coordinator,Austin,61465.48,4875.46,2020-01-10,11,89.7,robert.anderson@company.com,(386) 986-1207,Active
EMP009583,David,Miller,David Miller,52,Marketing,Senior Developer,Miami,69727.01,3616.78,2021-06-05,27,80.0,david.miller@company.com,(625) 811-7352,Active
EMP009584,Christopher,Thomas,Christopher Thomas,30,Sales,Director,Seattle,79547.21,9921.48,2023-02-03,3,82.5,christopher.thomas@company.com,(606) 514-9952,Active
EMP009585,Melissa,Taylor,Melissa Taylor,64,Legal,Senior Developer,Austin,96687.77,17290.83,2024-09-24,37,59.5,melissa.taylor@company.com,(359) 780-5368,Active
EMP009586,Melissa,Wilson,Melissa Wilson,50,Engineering,Specialist,Chicago,137224.32,6873.79,2023-04-24,22,61.0,melissa.wilson@company.com,(297) 330-6050,Active
EMP009587,John,Garcia,John Garcia,56,Operations,Senior Developer,Los Angeles,65575.37,10253.65,2022-06-08,27,57.6,john.garcia@company.com,(635) 509-1156,Active
EMP009588,William,Moore,William Moore,51,Engineering,Senior Developer,New York,79796.4,12702.78,2023-12-26,23,76.5,william.moore@company.com,(424) 224-4021,Inactive
EMP009589,Melissa,Taylor,Melissa Taylor,58,HR,Analyst,Austin,85947.64,17706.26,2023-08-16,36,60.7,melissa.taylor@company.com,(262) 636-8190,Active
EMP009590,Michael,Martinez,Michael Martinez,37,IT,Manager,Miami,75451.6,5083.69,2021-01-28,11,90.9,michael.martinez@company.com,(982) 295-3175,Active
EMP009591,Lisa,Williams,Lisa Williams,56,HR,Senior Developer,Chicago,96364.2,13977.41,2021-07-27,29,58.2,lisa.williams@company.com,(706) 951-6603,Inactive
EMP009592,Amanda,Garcia,Amanda Garcia,61,Finance,Associate,Austin,85585.1,11827.15,2021-02-03,38,73.1,amanda.garcia@company.com,(389) 346-3737,On Leave
EMP009593,Melissa,Johnson,Melissa Johnson,54,Operations,Lead,New York,64809.33,3642.59,2021-11-13,25,86.2,melissa.johnson@company.com,(671) 948-1128,Active
EMP009594,Anthony,Jackson,Anthony Jackson,26,Finance,Analyst,San Francisco,76652.05,14494.78,2024-05-08,3,62.7,anthony.jackson@company.com,(586) 473-3093,Active
EMP009595,Matthew,Anderson,Matthew Anderson,27,Legal,Coordinator,New York,70918.41,7589.46,2024-02-22,2,86.4,matthew.anderson@company.com,(441) 346-7892,Active
EMP009596,Christopher,Wilson,Christopher Wilson,61,Legal,Senior Developer,New York,125377.12,0.0,2022-04-28,32,77.2,christopher.wilson@company.com,(728) 913-7328,Active
EMP009597,Nicole,Brown,Nicole Brown,33,Finance,Associate,Miami,86885.33,3486.2,2024-09-21,5,54.8,nicole.brown@company.com,(341) 338-3752,Active
EMP009598,Daniel,Williams,Daniel Williams,43,Sales,Analyst,Boston,71998.07,1713.13,2022-04-17,19,74.3,daniel.williams@company.com,(606) 556-4073,Active
EMP009599,Christopher,Anderson,Christopher Anderson,55,Legal,Coordinator,Austin,79454.87,0.0,2021-08-05,27,72.2,christopher.anderson@company.com,(462) 687-6441,Active
EMP009600,Stephanie,Taylor,Stephanie Taylor,48,Marketing,Specialist,Boston,77248.4,12881.16,2020-11-18,25,46.0,stephanie.taylor@company.com,(679) 886-8936,Inactive
EMP009601,Sarah,Moore,Sarah Moore,55,Operations,Senior Developer,Boston,54392.02,5182.36,2022-06-01,28,65.6,sarah.moore@company.com,(745) 887-8648,On Leave
EMP009602,Jane,Smith,Jane Smith,60,Sales,Specialist,Seattle,64159.41,5659.73,2022-01-02,37,73.1,jane.smith@company.com,(640) 500-9456,Active
EMP009603,Jessica,Lopez,Jessica Lopez,31,IT,Associate,Miami,93546.51,13332.36,2020-08-24,8,67.4,jessica.lopez@company.com,(275) 554-7824,Active
EMP009604,Jane,Hernandez,Jane Hernandez,54,Legal,Specialist,Austin,154626.11,14583.99,2021-01-01,27,72.2,jane.hernandez@company.com,(366) 910-3952,Active
EMP009605,Robert,Moore,Robert Moore,55,IT,Senior Developer,San Francisco,120983.44,10205.1,2022-06-30,33,61.3,robert.moore@company.com,(987) 452-2993,Active
EMP009606,Jessica,Johnson,Jessica Johnson,30,Engineering,Manager,Chicago,101816.28,12464.65,2022-03-31,7,70.4,jessica.johnson@company.com,(722) 278-4544,Active
EMP009607,Sarah,Jones,Sarah Jones,65,Finance,Senior Developer,Miami,72469.8,5183.6,2023-10-03,42,85.2,sarah.jones@company.com,(450) 981-9076,Active
EMP009608,Nicole,Thomas,Nicole Thomas,35,Marketing,Manager,Seattle,49454.13,5573.82,2024-03-29,7,100.0,nicole.thomas@company.com,(910) 232-3258,Active
EMP009609,Jessica,Jones,Jessica Jones,65,Finance,Coordinator,New York,91513.64,7346.88,2020-03-15,42,92.9,jessica.jones@company.com,(905) 998-5357,Active
EMP009610,Sarah,Davis,Sarah Davis,32,Engineering,Senior Developer,San Francisco,90275.46,6442.4,2021-04-20,6,91.4,sarah.davis@company.com,(684) 785-8645,Active
EMP009611,David,Rodriguez,David Rodriguez,62,Sales,Specialist,Miami,71542.72,6415.8,2021-01-09,35,72.8,david.rodriguez@company.com,(332) 880-7783,On Leave
EMP009612,James,Rodriguez,James Rodriguez,39,Operations,Manager,San Francisco,37074.8,3075.08,2020-08-06,17,36.2,james.rodriguez@company.com,(201) 329-2038,Active
EMP009613,Sarah,Davis,Sarah Davis,50,HR,Manager,Seattle,63429.71,7357.5,2022-07-11,28,84.5,sarah.davis@company.com,(717) 264-5331,Inactive
EMP009614,Stephanie,Gonzalez,Stephanie Gonzalez,58,HR,Lead,Chicago,80256.47,1912.84,2021-10-05,32,77.3,stephanie.gonzalez@company.com,(780) 392-5331,Active
EMP009615,James,Lopez,James Lopez,23,HR,Coordinator,Boston,38014.58,5044.16,2024-12-28,0,63.3,james.lopez@company.com,(832) 707-9838,Active
EMP009616,Anthony,Jackson,Anthony Jackson,56,IT,Analyst,Austin,114186.09,5980.9,2021-04-25,30,61.0,anthony.jackson@company.com,(734) 647-7989,Inactive
EMP009617,Emily,Jackson,Emily Jackson,50,Legal,Analyst,Seattle,98850.78,13285.87,2020-11-13,22,66.3,emily.jackson@company.com,(487) 518-2468,Inactive
EMP009618,Daniel,Lopez,Daniel Lopez,52,HR,Lead,Los Angeles,67266.09,3992.54,2022-08-13,30,82.7,daniel.lopez@company.com,(570) 424-7762,On Leave
EMP009619,David,Brown,David Brown,39,Engineering,Lead,Chicago,90477.25,14513.12,2021-04-11,13,66.2,david.brown@company.com,(964) 543-2033,Active
EMP009620,Anthony,Johnson,Anthony Johnson,27,Marketing,Lead,Seattle,55752.26,8099.75,2024-10-29,1,61.0,anthony.johnson@company.com,(578) 618-8818,Active
EMP009621,John,Thomas,John Thomas,30,Legal,Analyst,New York,61639.37,1715.79,2024-05-11,7,86.7,john.thomas@company.com,(269) 469-8894,Inactive
EMP009622,William,Lopez,William Lopez,63,Operations,Senior Developer,New York,90021.77,6639.78,2023-08-22,36,72.1,william.lopez@company.com,(479) 959-3297,Active
EMP009623,William,Anderson,William Anderson,55,HR,Specialist,San Francisco,70457.68,711.3,2021-11-13,27,75.5,william.anderson@company.com,(881) 911-8223,Active
EMP009624,Robert,Williams,Robert Williams,50,Legal,Associate,New York,103136.9,8823.02,2022-10-11,21,67.8,robert.williams@company.com,(769) 401-7334,Active
EMP009625,Stephanie,Smith,Stephanie Smith,30,IT,Lead,Los Angeles,108667.38,14236.85,2023-03-23,2,95.9,stephanie.smith@company.com,(831) 937-3063,Active
EMP009626,Christopher,Davis,Christopher Davis,34,Engineering,Coordinator,Chicago,113217.54,0.0,2024-05-16,6,61.3,christopher.davis@company.com,(426) 862-1576,Active
EMP009627,William,Davis,William Davis,40,Sales,Lead,Los Angeles,88164.6,11080.35,2023-11-16,15,68.1,william.davis@company.com,(207) 475-1820,Active
EMP009628,Anthony,Jones,Anthony Jones,26,Marketing,Specialist,Chicago,68993.76,6662.75,2020-04-07,3,76.1,anthony.jones@company.com,(873) 646-8124,Active
EMP009629,John,Gonzalez,John Gonzalez,33,Finance,Associate,New York,65054.12,8629.93,2021-06-24,5,87.2,john.gonzalez@company.com,(592) 364-8632,Active
EMP009630,Stephanie,Wilson,Stephanie Wilson,34,HR,Manager,New York,61607.52,7480.65,2021-02-21,12,87.7,stephanie.wilson@company.com,(400) 306-4161,Inactive
EMP009631,Melissa,Lopez,Melissa Lopez,63,Legal,Lead,New York,110004.44,17215.26,2022-07-15,37,67.8,melissa.lopez@company.com,(596) 655-8215,Active
EMP009632,Nicole,Davis,Nicole Davis,37,Sales,Senior Developer,Austin,44338.93,2290.57,2020-10-22,14,67.5,nicole.davis@company.com,(802) 700-9362,Active
EMP009633,James,Jones,James Jones,41,IT,Director,Seattle,97029.88,7820.21,2023-04-21,18,62.4,james.jones@company.com,(762) 717-7686,On Leave
EMP009634,Sarah,Miller,Sarah Miller,54,Operations,Specialist,Boston,66606.21,8229.4,2021-04-16,25,81.3,sarah.miller@company.com,(493) 258-6321,Active
EMP009635,Michael,Gonzalez,Michael Gonzalez,46,Marketing,Coordinator,Boston,67013.48,10339.86,2023-12-25,18,62.7,michael.gonzalez@company.com,(766) 257-9384,Inactive
EMP009636,Michael,Thomas,Michael Thomas,33,IT,Lead,Miami,65053.12,2215.84,2023-10-15,8,72.8,michael.thomas@company.com,(352) 973-9967,Active
EMP009637,Daniel,Davis,Daniel Davis,58,IT,Coordinator,New York,120862.22,18138.37,2020-08-03,36,61.8,daniel.davis@company.com,(990) 278-1030,Active
EMP009638,Amanda,Miller,Amanda Miller,25,Operations,Coordinator,Austin,44753.45,2917.16,2020-09-30,0,71.0,amanda.miller@company.com,(531) 713-2001,Active
EMP009639,Anthony,Wilson,Anthony Wilson,29,HR,Manager,San Francisco,50691.03,4937.94,2024-05-18,3,100.0,anthony.wilson@company.com,(968) 232-9708,Active
EMP009640,Christopher,Davis,Christopher Davis,27,HR,Associate,San Francisco,72043.29,14313.33,2022-03-09,5,54.7,christopher.davis@company.com,(555) 834-4686,On Leave
EMP009641,Robert,Hernandez,Robert Hernandez,61,Engineering,Manager,San Francisco,117358.71,9922.21,2021-03-05,33,64.0,robert.hernandez@company.com,(731) 242-1183,Active
EMP009642,Lisa,Hernandez,Lisa Hernandez,54,Legal,Manager,Austin,111147.76,9451.62,2020-09-12,30,57.7,lisa.hernandez@company.com,(816) 384-5905,Active
EMP009643,Sarah,Moore,Sarah Moore,49,Marketing,Specialist,Austin,83789.43,10467.29,2022-12-27,25,81.6,sarah.moore@company.com,(376) 355-3832,On Leave
EMP009644,Daniel,Williams,Daniel Williams,35,Operations,Senior Developer,Boston,48901.07,4051.95,2021-10-14,12,59.9,daniel.williams@company.com,(295) 545-3603,On Leave
EMP009645,Amanda,Martinez,Amanda Martinez,30,Operations,Senior Developer,Miami,64034.67,4348.79,2020-07-01,8,77.7,amanda.martinez@company.com,(837) 619-1506,Active
EMP009646,Jessica,Taylor,Jessica Taylor,37,IT,Senior Developer,Los Angeles,88561.04,4663.26,2023-07-22,9,80.8,jessica.taylor@company.com,(861) 305-9898,Active
EMP009647,Ashley,Martin,Ashley Martin,58,Legal,Analyst,Boston,115802.66,862.13,2024-02-25,36,85.1,ashley.martin@company.com,(702) 892-2639,Active
EMP009648,John,Rodriguez,John Rodriguez,64,Marketing,Manager,Seattle,66722.75,6261.26,2022-12-06,41,66.1,john.rodriguez@company.com,(379) 709-5664,Active
EMP009649,Lisa,Taylor,Lisa Taylor,51,Sales,Specialist,Los Angeles,74269.02,3881.77,2021-09-01,27,64.5,lisa.taylor@company.com,(439) 411-8761,Active
EMP009650,Lisa,Johnson,Lisa Johnson,22,Engineering,Associate,New York,49466.88,9948.92,2020-12-22,0,83.2,lisa.johnson@company.com,(833) 813-2360,Inactive
EMP009651,Jessica,Martin,Jessica Martin,60,Engineering,Senior Developer,Seattle,106130.47,6227.36,2020-01-28,36,73.5,jessica.martin@company.com,(860) 487-1864,Active
EMP009652,Robert,Brown,Robert Brown,60,Finance,Associate,Miami,89913.53,2277.94,2022-10-14,32,67.2,robert.brown@company.com,(407) 220-1808,Active
EMP009653,Sarah,Gonzalez,Sarah Gonzalez,51,Finance,Senior Developer,Los Angeles,77345.92,4607.31,2024-10-30,24,44.3,sarah.gonzalez@company.com,(831) 936-2223,Active
EMP009654,Amanda,Miller,Amanda Miller,36,Engineering,Lead,Los Angeles,115239.0,9471.01,2021-05-29,11,72.6,amanda.miller@company.com,(600) 449-2271,Active
EMP009655,Anthony,Martinez,Anthony Martinez,43,Operations,Director,Chicago,48400.44,4337.89,2024-01-27,14,67.4,anthony.martinez@company.com,(638) 331-2717,Active
EMP009656,Robert,Wilson,Robert Wilson,56,Sales,Coordinator,Los Angeles,82130.21,7931.33,2021-07-04,28,90.0,robert.wilson@company.com,(429) 720-5850,Active
EMP009657,David,Wilson,David Wilson,55,HR,Associate,Chicago,61705.79,3946.51,2021-01-07,32,81.5,david.wilson@company.com,(436) 689-7831,On Leave
EMP009658,William,Hernandez,William Hernandez,51,IT,Associate,Chicago,59069.69,11649.55,2021-02-22,22,70.9,william.hernandez@company.com,(579) 842-4393,Active
EMP009659,David,Garcia,David Garcia,24,Legal,Specialist,Miami,103837.22,12771.9,2024-11-22,2,90.8,david.garcia@company.com,(739) 238-8940,Active
EMP009660,Stephanie,Johnson,Stephanie Johnson,37,IT,Specialist,Boston,49445.79,8171.51,2021-12-27,9,78.3,stephanie.johnson@company.com,(926) 949-3719,Active
EMP009661,James,Rodriguez,James Rodriguez,62,Finance,Senior Developer,Boston,99177.41,14322.11,2022-07-16,33,78.3,james.rodriguez@company.com,(641) 504-3726,Inactive
EMP009662,Anthony,Davis,Anthony Davis,41,Marketing,Director,Miami,39218.83,3776.26,2023-02-06,18,88.1,anthony.davis@company.com,(463) 744-9929,Active
EMP009663,Stephanie,Williams,Stephanie Williams,59,Engineering,Coordinator,New York,94278.21,22626.22,2023-06-29,35,73.6,stephanie.williams@company.com,(456) 750-3325,On Leave
EMP009664,Melissa,Johnson,Melissa Johnson,64,IT,Lead,New York,90630.91,8705.77,2023-08-30,42,65.1,melissa.johnson@company.com,(314) 417-2469,Active
EMP009665,Daniel,Jones,Daniel Jones,22,Operations,Analyst,New York,58981.44,9383.39,2024-08-09,0,74.9,daniel.jones@company.com,(200) 732-3596,Active
EMP009666,Christopher,Martinez,Christopher Martinez,59,IT,Analyst,New York,112212.52,21657.67,2022-12-15,31,52.5,christopher.martinez@company.com,(731) 896-4215,Active
EMP009667,Amanda,Thomas,Amanda Thomas,28,IT,Senior Developer,New York,87648.26,11071.66,2021-12-10,3,100.0,amanda.thomas@company.com,(972) 735-1131,Active
EMP009668,Lisa,Miller,Lisa Miller,39,Sales,Associate,Los Angeles,90360.21,3585.53,2022-08-20,15,72.6,lisa.miller@company.com,(541) 205-5881,Active
EMP009669,William,Miller,William Miller,49,Engineering,Lead,Miami,95897.96,9022.65,2021-01-07,23,85.9,william.miller@company.com,(248) 678-9395,Active
EMP009670,Emily,Moore,Emily Moore,51,Marketing,Director,Miami,94637.64,10354.39,2023-03-06,24,74.6,emily.moore@company.com,(745) 246-9767,On Leave
EMP009671,Matthew,Jackson,Matthew Jackson,60,Operations,Lead,Austin,60621.6,2419.94,2022-07-26,37,83.0,matthew.jackson@company.com,(516) 657-7391,Active
EMP009672,John,Martinez,John Martinez,55,Operations,Manager,San Francisco,87378.14,8351.19,2023-12-27,30,66.4,john.martinez@company.com,(571) 748-4553,Active
EMP009673,Ashley,Martin,Ashley Martin,25,IT,Manager,New York,59946.84,7850.85,2022-02-06,0,65.1,ashley.martin@company.com,(506) 342-6894,Active
EMP009674,Matthew,Wilson,Matthew Wilson,31,Engineering,Coordinator,Boston,57301.29,3514.89,2020-02-05,4,87.0,matthew.wilson@company.com,(703) 682-9354,Active
EMP009675,Jessica,Jackson,Jessica Jackson,40,Operations,Senior Developer,New York,35686.07,4795.02,2022-12-26,15,90.2,jessica.jackson@company.com,(281) 496-9656,Inactive
EMP009676,Robert,Hernandez,Robert Hernandez,51,Engineering,Associate,Chicago,114383.17,8693.97,2024-04-23,26,79.0,robert.hernandez@company.com,(561) 358-9680,Inactive
EMP009677,Anthony,Johnson,Anthony Johnson,49,Operations,Director,Miami,86910.59,17437.93,2020-01-10,24,62.3,anthony.johnson@company.com,(961) 885-8334,Active
EMP009678,Melissa,Moore,Melissa Moore,48,Sales,Senior Developer,New York,58705.6,6034.03,2021-05-16,19,59.2,melissa.moore@company.com,(241) 580-8188,Active
EMP009679,William,Brown,William Brown,56,Engineering,Director,New York,112559.04,13120.14,2020-07-19,29,91.9,william.brown@company.com,(622) 799-7387,On Leave
EMP009680,Michael,Miller,Michael Miller,64,Marketing,Senior Developer,Austin,95668.44,6473.38,2022-04-03,39,61.5,michael.miller@company.com,(570) 286-5245,On Leave
EMP009681,William,Miller,William Miller,38,Marketing,Analyst,Seattle,60986.74,6684.48,2023-07-29,16,65.2,william.miller@company.com,(834) 356-9575,Active
EMP009682,Ashley,Smith,Ashley Smith,43,IT,Coordinator,Seattle,67256.86,9803.07,2021-02-25,15,100.0,ashley.smith@company.com,(439) 758-6008,On Leave
EMP009683,Emily,Martinez,Emily Martinez,43,Legal,Senior Developer,Seattle,108486.16,11146.85,2023-05-20,19,66.3,emily.martinez@company.com,(675) 407-6463,Inactive
EMP009684,Sarah,Moore,Sarah Moore,24,Marketing,Director,Boston,58080.73,2104.63,2021-04-25,0,81.5,sarah.moore@company.com,(342) 406-2679,On Leave
EMP009685,Amanda,Brown,Amanda Brown,35,Marketing,Coordinator,San Francisco,68759.51,1511.1,2021-07-05,9,91.2,amanda.brown@company.com,(850) 743-8216,Active
EMP009686,Lisa,Thomas,Lisa Thomas,31,Engineering,Specialist,Miami,136211.28,13422.22,2024-05-13,2,91.8,lisa.thomas@company.com,(594) 699-5313,Active
EMP009687,Lisa,Smith,Lisa Smith,63,IT,Specialist,San Francisco,97231.21,2830.84,2021-03-19,37,77.1,lisa.smith@company.com,(524) 987-7220,Active
EMP009688,Jessica,Williams,Jessica Williams,54,Engineering,Director,Chicago,115970.53,9229.05,2021-01-08,31,68.8,jessica.williams@company.com,(854) 272-2792,Active
EMP009689,James,Smith,James Smith,27,Marketing,Associate,Seattle,79422.42,8639.73,2023-08-16,1,70.3,james.smith@company.com,(291) 850-2612,Active
EMP009690,Stephanie,Miller,Stephanie Miller,55,Operations,Coordinator,Boston,70938.33,5373.46,2022-09-18,31,75.7,stephanie.miller@company.com,(715) 737-5449,Inactive
EMP009691,Ashley,Lopez,Ashley Lopez,39,Legal,Lead,Seattle,69500.29,6560.16,2021-05-10,11,100.0,ashley.lopez@company.com,(552) 552-8487,Active
EMP009692,James,Thomas,James Thomas,31,IT,Senior Developer,Miami,52157.28,5347.57,2022-03-02,4,62.1,james.thomas@company.com,(430) 510-5371,Active
EMP009693,Anthony,Moore,Anthony Moore,27,Legal,Director,Austin,43339.61,4703.67,2020-06-17,2,50.8,anthony.moore@company.com,(987) 975-2353,Active
EMP009694,Amanda,Anderson,Amanda Anderson,65,Operations,Manager,Austin,69753.36,3379.24,2023-08-23,40,67.7,amanda.anderson@company.com,(930) 500-6331,Active
EMP009695,Jane,Thomas,Jane Thomas,28,Finance,Senior Developer,Miami,70782.23,11960.42,2021-03-11,0,90.3,jane.thomas@company.com,(277) 459-4559,Inactive
EMP009696,Stephanie,Jackson,Stephanie Jackson,41,Marketing,Senior Developer,Los Angeles,80402.68,8883.79,2023-03-08,12,61.6,stephanie.jackson@company.com,(876) 330-9623,Inactive
EMP009697,Emily,Anderson,Emily Anderson,58,HR,Lead,New York,82444.83,8492.78,2023-09-28,30,50.5,emily.anderson@company.com,(579) 246-5281,Active
EMP009698,Daniel,Johnson,Daniel Johnson,64,Legal,Senior Developer,Seattle,118192.23,13689.15,2021-06-21,36,95.8,daniel.johnson@company.com,(327) 707-6045,Inactive
EMP009699,John,Brown,John Brown,50,Sales,Coordinator,Boston,75899.88,4037.85,2024-04-06,24,82.1,john.brown@company.com,(827) 453-2177,Inactive
EMP009700,Amanda,Thomas,Amanda Thomas,60,Sales,Coordinator,Miami,103718.71,8934.21,2024-07-29,31,95.8,amanda.thomas@company.com,(288) 611-5370,Active
EMP009701,Daniel,Moore,Daniel Moore,46,Operations,Specialist,Seattle,56801.46,5161.22,2021-02-06,21,62.2,daniel.moore@company.com,(827) 673-7206,Active
EMP009702,Michael,Smith,Michael Smith,42,Legal,Coordinator,Seattle,108634.99,7332.22,2024-02-17,17,58.8,michael.smith@company.com,(927) 517-3740,Active
EMP009703,Ashley,Moore,Ashley Moore,47,Sales,Coordinator,Austin,65247.82,2870.6,2020-08-10,22,47.6,ashley.moore@company.com,(820) 212-5607,Active
EMP009704,Sarah,Taylor,Sarah Taylor,43,IT,Director,Miami,74671.18,8315.89,2020-01-10,16,100.0,sarah.taylor@company.com,(734) 567-7330,Active
EMP009705,Emily,Davis,Emily Davis,25,Marketing,Senior Developer,Seattle,54265.32,2600.69,2021-12-29,2,86.8,emily.davis@company.com,(290) 447-5642,Active
EMP009706,Michael,Anderson,Michael Anderson,24,Finance,Senior Developer,Miami,83882.02,4999.1,2021-02-22,0,71.4,michael.anderson@company.com,(853) 917-8095,Active
EMP009707,David,Hernandez,David Hernandez,22,Finance,Coordinator,San Francisco,33000.0,2104.73,2020-02-07,0,85.3,david.hernandez@company.com,(735) 315-7532,Active
EMP009708,Melissa,Thomas,Melissa Thomas,32,HR,Associate,Miami,27000.0,5141.19,2021-10-05,7,91.8,melissa.thomas@company.com,(304) 661-4411,Inactive
EMP009709,Amanda,Jones,Amanda Jones,59,Operations,Lead,Chicago,62475.97,9050.42,2024-07-29,34,100.0,amanda.jones@company.com,(500) 902-8422,Active
EMP009710,William,Gonzalez,William Gonzalez,23,Operations,Senior Developer,Miami,52573.62,3126.78,2023-07-27,0,72.2,william.gonzalez@company.com,(668) 430-8227,Inactive
EMP009711,Michael,Lopez,Michael Lopez,32,Legal,Analyst,Miami,112044.78,15733.35,2023-03-13,3,78.1,michael.lopez@company.com,(891) 437-1034,Active
EMP009712,Nicole,Jackson,Nicole Jackson,31,Sales,Manager,Chicago,64797.66,4855.87,2023-05-08,2,73.8,nicole.jackson@company.com,(394) 717-3768,Active
EMP009713,Robert,Lopez,Robert Lopez,57,Operations,Analyst,Austin,82523.39,12775.16,2024-05-21,28,63.5,robert.lopez@company.com,(541) 714-8937,Inactive
EMP009714,Matthew,Thomas,Matthew Thomas,35,Engineering,Analyst,Chicago,74161.56,8179.22,2020-05-17,11,87.0,matthew.thomas@company.com,(344) 848-5343,Active
EMP009715,Stephanie,Martinez,Stephanie Martinez,51,Sales,Senior Developer,Los Angeles,83134.21,9797.16,2023-09-09,29,70.5,stephanie.martinez@company.com,(589) 590-5387,Active
EMP009716,Ashley,Taylor,Ashley Taylor,28,HR,Lead,New York,86573.64,3255.04,2021-07-16,6,80.2,ashley.taylor@company.com,(290) 420-2926,Active
EMP009717,Amanda,Rodriguez,Amanda Rodriguez,39,Marketing,Lead,Chicago,76270.18,2232.51,2021-06-27,17,71.6,amanda.rodriguez@company.com,(415) 957-5212,Active
EMP009718,David,Jackson,David Jackson,28,IT,Senior Developer,San Francisco,55449.52,3449.11,2024-04-04,1,56.4,david.jackson@company.com,(882) 650-2952,Active
EMP009719,Jessica,Martin,Jessica Martin,42,IT,Director,New York,104932.07,10696.98,2024-11-22,15,65.6,jessica.martin@company.com,(729) 805-3082,Active
EMP009720,Stephanie,Jones,Stephanie Jones,44,Marketing,Senior Developer,Seattle,68762.53,7042.15,2022-02-19,18,59.6,stephanie.jones@company.com,(580) 615-8778,Active
EMP009721,Matthew,Wilson,Matthew Wilson,46,Engineering,Associate,Boston,104872.21,16666.83,2020-05-16,17,91.6,matthew.wilson@company.com,(208) 590-3701,Active
EMP009722,James,Wilson,James Wilson,32,Marketing,Analyst,Los Angeles,45101.75,3202.71,2021-02-26,10,76.2,james.wilson@company.com,(428) 995-4591,Active
EMP009723,Jessica,Williams,Jessica Williams,25,Marketing,Associate,Seattle,54900.47,6125.32,2024-02-01,0,77.0,jessica.williams@company.com,(694) 584-9168,Inactive
EMP009724,Robert,Anderson,Robert Anderson,32,Engineering,Specialist,New York,74840.96,7740.88,2023-12-23,7,71.4,robert.anderson@company.com,(861) 414-9409,Inactive
EMP009725,Nicole,Lopez,Nicole Lopez,45,Sales,Associate,Boston,40423.16,4095.09,2023-05-02,17,79.5,nicole.lopez@company.com,(764) 305-4443,Active
EMP009726,Emily,Williams,Emily Williams,52,Marketing,Coordinator,Seattle,100968.04,0.0,2021-07-14,30,69.8,emily.williams@company.com,(399) 888-3715,Active
EMP009727,John,Miller,John Miller,29,Marketing,Director,Boston,50180.0,8426.35,2022-05-11,2,67.9,john.miller@company.com,(310) 519-5565,Active
EMP009728,Matthew,Smith,Matthew Smith,56,Operations,Coordinator,San Francisco,78841.79,7941.99,2022-10-30,33,63.9,matthew.smith@company.com,(806) 538-3977,Active
EMP009729,Matthew,Davis,Matthew Davis,45,Finance,Specialist,New York,110643.99,12875.89,2024-10-14,23,90.3,matthew.davis@company.com,(916) 619-7860,Active
EMP009730,Ashley,Wilson,Ashley Wilson,54,HR,Analyst,Chicago,63232.97,7236.37,2021-04-15,32,85.6,ashley.wilson@company.com,(372) 622-7812,Active
EMP009731,Nicole,Gonzalez,Nicole Gonzalez,32,IT,Senior Developer,Austin,76900.44,10054.38,2022-01-01,9,97.2,nicole.gonzalez@company.com,(362) 855-8964,Active
EMP009732,Daniel,Anderson,Daniel Anderson,34,IT,Specialist,Miami,76607.04,3154.13,2022-06-05,5,73.3,daniel.anderson@company.com,(599) 372-1629,Inactive
EMP009733,James,Wilson,James Wilson,23,IT,Specialist,New York,39910.56,7213.69,2021-07-13,0,84.0,james.wilson@company.com,(591) 826-9057,Active
EMP009734,Amanda,Lopez,Amanda Lopez,39,Engineering,Specialist,New York,92386.95,8811.06,2024-10-11,15,92.9,amanda.lopez@company.com,(687) 837-7767,Inactive
EMP009735,Stephanie,Jones,Stephanie Jones,64,Operations,Lead,Miami,104408.87,11159.37,2022-04-13,38,63.5,stephanie.jones@company.com,(323) 855-7159,Active
EMP009736,David,Jackson,David Jackson,38,IT,Analyst,San Francisco,109698.84,10891.28,2023-01-19,13,68.5,david.jackson@company.com,(268) 203-9292,Active
EMP009737,Sarah,Thomas,Sarah Thomas,58,IT,Senior Developer,Chicago,115629.44,12213.05,2021-12-16,32,66.1,sarah.thomas@company.com,(605) 528-9381,Active
EMP009738,Nicole,Smith,Nicole Smith,27,Marketing,Associate,Chicago,54939.76,1701.95,2021-04-12,2,53.1,nicole.smith@company.com,(486) 684-2735,Inactive
EMP009739,William,Brown,William Brown,41,Sales,Associate,Austin,77052.24,1339.35,2021-05-11,19,93.3,william.brown@company.com,(281) 891-9070,Active
EMP009740,Emily,Gonzalez,Emily Gonzalez,34,Engineering,Director,San Francisco,76380.02,11434.84,2022-01-06,12,84.2,emily.gonzalez@company.com,(687) 774-5520,On Leave
EMP009741,Daniel,Smith,Daniel Smith,39,Legal,Senior Developer,New York,106137.82,10490.8,2021-06-15,11,80.2,daniel.smith@company.com,(574) 208-7708,Inactive
EMP009742,Amanda,Moore,Amanda Moore,47,Engineering,Associate,Seattle,55388.14,5759.79,2024-08-26,19,73.8,amanda.moore@company.com,(778) 526-8753,Inactive
EMP009743,Amanda,Hernandez,Amanda Hernandez,48,Marketing,Associate,Los Angeles,86914.15,10168.3,2022-06-12,26,93.2,amanda.hernandez@company.com,(605) 460-2117,Active
EMP009744,Amanda,Anderson,Amanda Anderson,49,Engineering,Manager,San Francisco,130232.33,17262.22,2024-09-05,21,92.1,amanda.anderson@company.com,(669) 821-5578,Active
EMP009745,Michael,Anderson,Michael Anderson,23,Finance,Senior Developer,Austin,73398.65,7088.54,2024-03-31,0,76.1,michael.anderson@company.com,(738) 910-1500,Active
EMP009746,Jane,Smith,Jane Smith,28,Operations,Director,Los Angeles,32932.9,2064.32,2023-10-09,5,67.1,jane.smith@company.com,(842) 776-5878,Active
EMP009747,James,Davis,James Davis,39,Marketing,Senior Developer,Chicago,65371.56,5722.49,2022-10-07,11,82.4,james.davis@company.com,(877) 735-5238,Inactive
EMP009748,James,Williams,James Williams,29,IT,Senior Developer,Los Angeles,93884.52,15252.97,2024-03-25,5,77.6,james.williams@company.com,(700) 571-8043,Inactive
EMP009749,Michael,Miller,Michael Miller,49,IT,Director,Seattle,83295.1,7345.98,2023-11-24,21,77.9,michael.miller@company.com,(872) 793-7492,Active
EMP009750,Sarah,Martin,Sarah Martin,48,Legal,Specialist,Los Angeles,107496.44,2268.32,2020-04-17,23,80.3,sarah.martin@company.com,(399) 819-4776,Active
EMP009751,David,Anderson,David Anderson,44,Operations,Specialist,San Francisco,65216.73,7516.02,2024-01-15,22,53.4,david.anderson@company.com,(938) 350-2558,Active
EMP009752,James,Martinez,James Martinez,30,Legal,Associate,San Francisco,109007.62,14578.0,2022-12-17,1,35.6,james.martinez@company.com,(806) 952-7579,Active
EMP009753,Amanda,Jones,Amanda Jones,27,Engineering,Analyst,Los Angeles,75700.89,887.28,2020-03-16,4,98.0,amanda.jones@company.com,(659) 589-8102,Active
EMP009754,William,Jones,William Jones,33,Sales,Manager,Miami,76197.84,11778.35,2020-01-24,4,74.2,william.jones@company.com,(886) 253-2539,Active
EMP009755,Matthew,Jackson,Matthew Jackson,42,Finance,Coordinator,Miami,108179.97,7959.18,2022-07-11,17,66.2,matthew.jackson@company.com,(774) 606-3660,Active
EMP009756,John,Taylor,John Taylor,38,Sales,Director,Los Angeles,77652.84,4150.54,2024-03-29,11,50.4,john.taylor@company.com,(602) 238-3804,Active
EMP009757,Stephanie,Jones,Stephanie Jones,57,IT,Manager,Los Angeles,107469.66,10555.91,2021-06-09,33,76.5,stephanie.jones@company.com,(480) 203-9138,Active
EMP009758,Daniel,Johnson,Daniel Johnson,34,IT,Coordinator,San Francisco,49369.97,4196.44,2020-07-16,12,80.5,daniel.johnson@company.com,(587) 722-9216,Active
EMP009759,Stephanie,Garcia,Stephanie Garcia,37,Engineering,Director,Seattle,105335.25,10461.8,2023-08-01,10,65.8,stephanie.garcia@company.com,(663) 726-9447,Active
EMP009760,James,Taylor,James Taylor,64,Sales,Senior Developer,Seattle,118290.85,15360.33,2020-02-09,39,67.2,james.taylor@company.com,(751) 911-9984,Active
EMP009761,Christopher,Hernandez,Christopher Hernandez,62,Marketing,Lead,Boston,112680.81,5350.19,2022-01-04,38,79.2,christopher.hernandez@company.com,(873) 937-7934,Active
EMP009762,Daniel,Moore,Daniel Moore,37,Marketing,Specialist,Austin,68784.52,8703.06,2021-09-06,12,85.5,daniel.moore@company.com,(935) 742-1777,Active
EMP009763,William,Taylor,William Taylor,58,Legal,Specialist,Austin,144235.91,21102.36,2020-01-24,35,40.6,william.taylor@company.com,(522) 666-2101,Active
EMP009764,Matthew,Hernandez,Matthew Hernandez,38,Legal,Director,Boston,78298.91,8294.39,2024-10-14,13,33.3,matthew.hernandez@company.com,(803) 466-7592,Active
EMP009765,Robert,Williams,Robert Williams,27,Operations,Manager,Chicago,56334.78,6377.32,2024-08-13,4,66.2,robert.williams@company.com,(761) 859-4055,Active
EMP009766,Matthew,Johnson,Matthew Johnson,59,Marketing,Coordinator,Chicago,74227.41,6176.45,2020-06-28,30,73.5,matthew.johnson@company.com,(993) 629-3749,Active
EMP009767,Christopher,Anderson,Christopher Anderson,51,Marketing,Associate,Miami,56852.24,2778.69,2024-05-30,25,79.0,christopher.anderson@company.com,(608) 997-5511,Active
EMP009768,John,Johnson,John Johnson,23,Sales,Director,Chicago,57754.71,10506.41,2023-12-20,0,96.1,john.johnson@company.com,(471) 478-3708,Active
EMP009769,Melissa,Davis,Melissa Davis,41,Sales,Director,New York,49535.41,6973.33,2023-11-22,18,52.6,melissa.davis@company.com,(696) 220-9734,Active
EMP009770,John,Hernandez,John Hernandez,24,HR,Lead,Miami,47023.4,5378.38,2023-06-30,0,80.6,john.hernandez@company.com,(790) 920-9741,Active
EMP009771,Michael,Martin,Michael Martin,63,IT,Analyst,Boston,69959.23,8694.36,2023-01-10,38,78.2,michael.martin@company.com,(501) 517-6426,Active
EMP009772,Jane,Gonzalez,Jane Gonzalez,37,Finance,Lead,Miami,61693.66,6813.13,2022-06-11,9,88.0,jane.gonzalez@company.com,(754) 823-8700,On Leave
EMP009773,Anthony,Johnson,Anthony Johnson,25,HR,Director,Chicago,67279.21,7725.83,2023-12-08,2,70.3,anthony.johnson@company.com,(738) 505-2884,Active
EMP009774,John,Smith,John Smith,45,Engineering,Coordinator,San Francisco,113390.18,14223.65,2023-11-30,18,64.6,john.smith@company.com,(860) 782-7352,Active
EMP009775,Robert,Lopez,Robert Lopez,26,Finance,Director,San Francisco,71787.51,10755.75,2020-12-24,0,51.3,robert.lopez@company.com,(242) 814-5048,Active
EMP009776,James,Jackson,James Jackson,49,Operations,Analyst,Boston,84401.14,9065.63,2021-04-24,24,81.2,james.jackson@company.com,(584) 631-3817,Active
EMP009777,William,Miller,William Miller,49,Legal,Senior Developer,Miami,111416.57,13643.41,2021-10-10,25,67.2,william.miller@company.com,(666) 911-9775,Active
EMP009778,Jessica,Thomas,Jessica Thomas,62,Engineering,Lead,Austin,119008.33,11977.91,2020-10-14,39,65.1,jessica.thomas@company.com,(600) 337-3028,Active
EMP009779,Matthew,Garcia,Matthew Garcia,31,HR,Specialist,San Francisco,50750.12,2551.01,2021-09-23,4,48.8,matthew.garcia@company.com,(772) 660-6107,Active
EMP009780,Christopher,Martin,Christopher Martin,64,HR,Coordinator,Chicago,68815.93,10827.74,2024-02-22,40,99.9,christopher.martin@company.com,(681) 386-7203,Active
EMP009781,Ashley,Martin,Ashley Martin,35,Engineering,Coordinator,Chicago,105034.97,7925.28,2023-10-12,12,80.9,ashley.martin@company.com,(353) 999-3075,Active
EMP009782,Jessica,Jackson,Jessica Jackson,52,Engineering,Analyst,New York,145481.12,5131.83,2021-12-01,26,70.9,jessica.jackson@company.com,(860) 440-7016,Active
EMP009783,Ashley,Moore,Ashley Moore,58,Finance,Senior Developer,Miami,82602.73,14420.01,2020-10-27,36,86.5,ashley.moore@company.com,(466) 509-8918,Active
EMP009784,Melissa,Garcia,Melissa Garcia,44,IT,Associate,Boston,101423.39,4294.97,2021-10-09,18,72.5,melissa.garcia@company.com,(573) 955-1234,Inactive
EMP009785,David,Taylor,David Taylor,29,Finance,Manager,Austin,69584.15,7363.86,2021-09-05,3,86.8,david.taylor@company.com,(502) 449-5946,Active
EMP009786,Stephanie,Rodriguez,Stephanie Rodriguez,51,Operations,Analyst,Chicago,77931.55,2066.86,2020-03-21,25,67.7,stephanie.rodriguez@company.com,(433) 827-5723,Active
EMP009787,Amanda,Davis,Amanda Davis,25,HR,Coordinator,San Francisco,58598.44,5912.59,2021-08-25,0,66.0,amanda.davis@company.com,(448) 702-9780,Active
EMP009788,Stephanie,Garcia,Stephanie Garcia,44,Operations,Coordinator,Seattle,82578.94,4997.99,2022-12-26,18,58.8,stephanie.garcia@company.com,(883) 394-9820,Active
EMP009789,James,Garcia,James Garcia,29,Sales,Coordinator,Seattle,74081.72,3154.36,2022-07-24,3,69.0,james.garcia@company.com,(912) 888-6470,Active
EMP009790,Christopher,Thomas,Christopher Thomas,54,IT,Analyst,New York,100569.29,796.1,2024-04-25,31,73.9,christopher.thomas@company.com,(994) 490-5613,Active
EMP009791,Michael,Brown,Michael Brown,32,Finance,Analyst,Austin,74367.16,7728.22,2024-04-03,10,87.8,michael.brown@company.com,(249) 525-5442,Active
EMP009792,John,Davis,John Davis,48,Legal,Senior Developer,Chicago,116781.22,13780.48,2022-10-04,25,68.6,john.davis@company.com,(768) 733-8182,Active
EMP009793,Ashley,Williams,Ashley Williams,47,Operations,Coordinator,New York,42194.84,2879.25,2022-04-02,20,80.3,ashley.williams@company.com,(771) 956-3263,Active
EMP009794,Christopher,Johnson,Christopher Johnson,53,Legal,Coordinator,Seattle,76235.09,12480.3,2024-07-12,30,72.4,christopher.johnson@company.com,(391) 780-9353,Active
EMP009795,Amanda,Hernandez,Amanda Hernandez,56,Finance,Analyst,Chicago,83473.3,3598.63,2023-11-13,28,100.0,amanda.hernandez@company.com,(754) 446-3794,Active
EMP009796,Emily,Smith,Emily Smith,39,Sales,Analyst,Miami,83041.08,6026.63,2022-10-12,17,91.3,emily.smith@company.com,(575) 883-6724,Active
EMP009797,Amanda,Taylor,Amanda Taylor,63,HR,Analyst,Seattle,74852.84,7516.53,2021-12-04,41,96.5,amanda.taylor@company.com,(784) 595-3995,Active
EMP009798,Daniel,Martinez,Daniel Martinez,55,Sales,Senior Developer,San Francisco,93827.8,5438.59,2024-08-28,31,47.0,daniel.martinez@company.com,(385) 311-5052,Active
EMP009799,Sarah,Brown,Sarah Brown,57,IT,Director,Miami,89141.82,12786.29,2022-06-24,33,57.1,sarah.brown@company.com,(467) 882-9125,Active
EMP009800,Emily,Garcia,Emily Garcia,51,Engineering,Senior Developer,Chicago,124052.51,9227.25,2021-11-11,24,79.5,emily.garcia@company.com,(475) 997-6007,Active
EMP009801,Nicole,Martin,Nicole Martin,26,HR,Lead,Seattle,46955.08,1699.09,2021-11-10,0,69.0,nicole.martin@company.com,(752) 477-4374,Active
EMP009802,John,Jones,John Jones,60,Legal,Associate,New York,100958.15,2477.87,2023-07-27,36,77.1,john.jones@company.com,(329) 961-1348,Active
EMP009803,David,Garcia,David Garcia,29,Legal,Senior Developer,Boston,71240.2,9512.96,2022-01-11,7,69.8,david.garcia@company.com,(769) 838-6534,Active
EMP009804,Amanda,Jones,Amanda Jones,51,HR,Specialist,New York,69313.63,12125.08,2021-12-24,29,89.0,amanda.jones@company.com,(891) 871-2789,Active
EMP009805,Emily,Martinez,Emily Martinez,51,IT,Director,Los Angeles,94925.81,7023.6,2022-09-09,24,59.4,emily.martinez@company.com,(298) 238-7563,Active
EMP009806,Michael,Garcia,Michael Garcia,63,Finance,Associate,Boston,125381.45,22686.26,2024-06-05,41,91.4,michael.garcia@company.com,(751) 749-2211,Active
EMP009807,Michael,Brown,Michael Brown,63,Sales,Senior Developer,Chicago,95579.99,12346.3,2023-04-25,34,69.8,michael.brown@company.com,(660) 472-3378,Active
EMP009808,William,Brown,William Brown,62,Sales,Lead,San Francisco,74317.76,5606.43,2023-11-08,38,53.8,william.brown@company.com,(339) 412-5159,Active
EMP009809,Christopher,Smith,Christopher Smith,29,HR,Manager,New York,47412.83,7221.24,2020-09-07,6,100.0,christopher.smith@company.com,(440) 302-9106,Active
EMP009810,Melissa,Williams,Melissa Williams,31,Engineering,Associate,Austin,43700.9,160.73,2024-07-15,3,76.5,melissa.williams@company.com,(413) 276-4681,Active
EMP009811,Daniel,Martin,Daniel Martin,33,Marketing,Manager,San Francisco,72359.17,6348.46,2021-03-28,10,52.9,daniel.martin@company.com,(922) 348-9465,Active
EMP009812,Sarah,Thomas,Sarah Thomas,62,Sales,Associate,Boston,100521.74,25938.14,2020-03-09,37,63.5,sarah.thomas@company.com,(589) 933-8718,Active
EMP009813,Nicole,Martin,Nicole Martin,41,Sales,Director,Boston,86605.89,11314.47,2021-01-11,15,97.0,nicole.martin@company.com,(232) 917-2670,Active
EMP009814,Melissa,Davis,Melissa Davis,29,Operations,Director,Boston,32129.47,445.54,2024-11-23,0,79.9,melissa.davis@company.com,(976) 278-1397,Active
EMP009815,Michael,Garcia,Michael Garcia,26,Sales,Specialist,Los Angeles,51973.09,5566.26,2020-03-15,0,62.2,michael.garcia@company.com,(457) 784-7156,Active
EMP009816,Stephanie,Hernandez,Stephanie Hernandez,36,Engineering,Manager,Chicago,137932.8,20016.21,2021-02-27,13,74.9,stephanie.hernandez@company.com,(300) 318-7909,Active
EMP009817,Lisa,Johnson,Lisa Johnson,29,Sales,Associate,Los Angeles,67607.36,7295.35,2022-03-01,0,73.4,lisa.johnson@company.com,(643) 549-1906,Active
EMP009818,Amanda,Gonzalez,Amanda Gonzalez,62,Marketing,Coordinator,Seattle,103930.85,19158.94,2021-11-19,37,66.9,amanda.gonzalez@company.com,(544) 401-9479,Inactive
EMP009819,Michael,Johnson,Michael Johnson,64,Engineering,Analyst,Seattle,98205.8,401.53,2023-03-10,38,62.0,michael.johnson@company.com,(719) 571-7508,Active
EMP009820,Amanda,Brown,Amanda Brown,45,HR,Lead,Miami,72823.33,5323.3,2024-07-16,23,65.3,amanda.brown@company.com,(364) 701-6310,Active
EMP009821,Amanda,Taylor,Amanda Taylor,27,Sales,Director,Seattle,67603.09,13520.04,2020-01-13,3,67.3,amanda.taylor@company.com,(349) 397-5697,Active
EMP009822,Anthony,Jackson,Anthony Jackson,45,Marketing,Specialist,Miami,76825.89,9424.63,2024-04-25,20,64.7,anthony.jackson@company.com,(611) 881-7924,Active
EMP009823,Sarah,Wilson,Sarah Wilson,36,Legal,Coordinator,Boston,47030.01,3761.79,2021-11-05,11,93.8,sarah.wilson@company.com,(976) 657-7842,Active
EMP009824,Matthew,Thomas,Matthew Thomas,43,Sales,Associate,Miami,93654.02,7322.09,2021-03-12,21,97.7,matthew.thomas@company.com,(820) 208-3503,Active
EMP009825,William,Johnson,William Johnson,33,Marketing,Specialist,San Francisco,45723.37,10583.22,2023-03-19,5,97.5,william.johnson@company.com,(578) 868-9758,Active
EMP009826,Jane,Gonzalez,Jane Gonzalez,36,Finance,Associate,Boston,89472.25,6641.03,2021-04-19,14,81.2,jane.gonzalez@company.com,(295) 746-9594,Active
EMP009827,Sarah,Taylor,Sarah Taylor,24,Legal,Director,Chicago,74890.58,2709.41,2024-12-25,0,74.4,sarah.taylor@company.com,(555) 315-8158,On Leave
EMP009828,John,Jackson,John Jackson,32,Operations,Manager,Los Angeles,60447.5,3847.07,2021-11-12,5,68.9,john.jackson@company.com,(890) 217-6468,On Leave
EMP009829,Matthew,Brown,Matthew Brown,49,Finance,Senior Developer,Miami,84504.69,3204.5,2020-11-14,21,42.6,matthew.brown@company.com,(388) 578-2880,Active
EMP009830,James,Miller,James Miller,60,Engineering,Coordinator,San Francisco,112423.55,4936.22,2023-01-10,33,59.7,james.miller@company.com,(907) 726-5416,Active
EMP009831,David,Taylor,David Taylor,25,Sales,Specialist,New York,52469.03,5675.16,2020-07-23,0,82.5,david.taylor@company.com,(943) 985-2789,On Leave
EMP009832,Jane,Martin,Jane Martin,56,Legal,Director,Chicago,96913.33,19482.02,2023-10-21,27,93.2,jane.martin@company.com,(602) 362-6238,Active
EMP009833,Jane,Martinez,Jane Martinez,57,Engineering,Director,Austin,126025.92,16726.6,2024-10-13,28,100.0,jane.martinez@company.com,(650) 410-3859,Active
EMP009834,Nicole,Smith,Nicole Smith,57,Marketing,Analyst,Miami,85962.72,5727.98,2024-04-25,31,72.7,nicole.smith@company.com,(406) 748-7041,Active
EMP009835,James,Gonzalez,James Gonzalez,49,IT,Specialist,Boston,62315.65,6624.41,2023-10-15,23,89.1,james.gonzalez@company.com,(743) 634-3263,Active
EMP009836,Christopher,Miller,Christopher Miller,29,IT,Manager,Boston,40696.72,2591.49,2020-01-25,7,67.8,christopher.miller@company.com,(212) 857-5140,Active
EMP009837,Lisa,Williams,Lisa Williams,37,IT,Specialist,Boston,52652.81,3763.96,2020-05-08,13,72.9,lisa.williams@company.com,(625) 555-2897,Active
EMP009838,Robert,Martin,Robert Martin,64,HR,Lead,San Francisco,69518.09,4372.84,2021-05-17,41,76.0,robert.martin@company.com,(962) 431-1788,Inactive
EMP009839,Matthew,Gonzalez,Matthew Gonzalez,26,HR,Lead,Miami,67169.44,828.12,2022-06-24,0,49.2,matthew.gonzalez@company.com,(909) 252-5913,Active
EMP009840,Amanda,Brown,Amanda Brown,55,Operations,Manager,Chicago,63595.26,8602.98,2021-05-02,33,60.5,amanda.brown@company.com,(227) 627-6977,Active
EMP009841,Ashley,Lopez,Ashley Lopez,65,Legal,Senior Developer,Seattle,134782.61,11295.98,2021-10-01,39,87.3,ashley.lopez@company.com,(531) 308-9672,Active
EMP009842,Christopher,Lopez,Christopher Lopez,56,Sales,Coordinator,Boston,78694.53,12456.24,2024-06-27,31,79.9,christopher.lopez@company.com,(490) 444-5780,Active
EMP009843,Emily,Smith,Emily Smith,57,Marketing,Director,San Francisco,66576.67,5976.25,2021-08-23,32,88.7,emily.smith@company.com,(770) 355-1902,Active
EMP009844,Stephanie,Miller,Stephanie Miller,48,HR,Analyst,Austin,95538.98,10008.27,2022-11-17,19,58.4,stephanie.miller@company.com,(259) 387-8656,Active
EMP009845,James,Davis,James Davis,33,Finance,Senior Developer,San Francisco,77926.0,15522.2,2022-06-24,9,73.0,james.davis@company.com,(440) 980-8213,Active
EMP009846,Daniel,Moore,Daniel Moore,23,Finance,Lead,Boston,92655.37,8526.95,2024-10-18,0,61.8,daniel.moore@company.com,(551) 763-7281,Active
EMP009847,Nicole,Hernandez,Nicole Hernandez,58,Legal,Director,Seattle,142490.2,6034.88,2021-03-07,30,69.3,nicole.hernandez@company.com,(297) 313-7796,Active
EMP009848,Nicole,Jackson,Nicole Jackson,62,IT,Manager,San Francisco,83896.17,10652.24,2021-11-15,38,94.7,nicole.jackson@company.com,(392) 938-7981,Inactive
EMP009849,Melissa,Martinez,Melissa Martinez,22,HR,Manager,Austin,57993.5,5841.59,2023-06-19,0,66.1,melissa.martinez@company.com,(205) 678-6655,Active
EMP009850,Jessica,Davis,Jessica Davis,51,Sales,Lead,Boston,111691.33,5619.69,2020-01-13,24,58.9,jessica.davis@company.com,(472) 615-3090,Inactive
EMP009851,Michael,Hernandez,Michael Hernandez,55,HR,Associate,Austin,78494.48,7415.49,2022-10-30,28,80.5,michael.hernandez@company.com,(715) 963-4588,Active
EMP009852,Sarah,Wilson,Sarah Wilson,40,Engineering,Specialist,Los Angeles,124054.99,8072.32,2020-06-19,18,52.6,sarah.wilson@company.com,(593) 596-9358,Active
EMP009853,Jessica,Hernandez,Jessica Hernandez,50,Legal,Director,Los Angeles,85341.69,4312.05,2024-07-08,26,89.8,jessica.hernandez@company.com,(273) 316-8214,Active
EMP009854,Emily,Brown,Emily Brown,39,HR,Associate,San Francisco,63970.74,660.33,2020-03-17,14,72.0,emily.brown@company.com,(720) 749-8635,Active
EMP009855,Jessica,Lopez,Jessica Lopez,46,Sales,Associate,Miami,76439.55,6754.3,2021-03-14,17,80.0,jessica.lopez@company.com,(731) 546-9772,Active
EMP009856,Daniel,Anderson,Daniel Anderson,44,Marketing,Lead,Los Angeles,59120.85,5754.75,2023-04-04,18,93.3,daniel.anderson@company.com,(553) 245-4557,Active
EMP009857,Amanda,Taylor,Amanda Taylor,39,Engineering,Director,Boston,90478.42,12279.8,2021-02-03,16,100.0,amanda.taylor@company.com,(366) 526-6466,Active
EMP009858,Lisa,Thomas,Lisa Thomas,63,Finance,Associate,Miami,101941.18,9837.82,2023-05-15,35,77.6,lisa.thomas@company.com,(654) 244-6012,Active
EMP009859,Jane,Garcia,Jane Garcia,36,Finance,Coordinator,Seattle,81331.94,3840.9,2023-09-19,8,58.9,jane.garcia@company.com,(735) 827-1888,Active
EMP009860,Jessica,Thomas,Jessica Thomas,23,Engineering,Specialist,Chicago,74191.4,8197.84,2020-03-03,0,62.2,jessica.thomas@company.com,(348) 465-2841,Inactive
EMP009861,Melissa,Jackson,Melissa Jackson,53,Legal,Analyst,Boston,111738.05,12758.87,2024-12-04,29,79.7,melissa.jackson@company.com,(736) 915-7392,Active
EMP009862,Stephanie,Thomas,Stephanie Thomas,28,Sales,Senior Developer,Seattle,74778.83,12414.23,2024-12-15,0,56.3,stephanie.thomas@company.com,(641) 799-7463,Active
EMP009863,John,Williams,John Williams,47,Operations,Senior Developer,Boston,58691.5,6629.37,2020-01-07,18,62.0,john.williams@company.com,(272) 850-2671,Active
EMP009864,William,Jones,William Jones,50,Operations,Associate,Chicago,61918.33,8352.78,2021-07-23,23,96.7,william.jones@company.com,(219) 522-2195,Active
EMP009865,James,Taylor,James Taylor,22,Marketing,Senior Developer,San Francisco,42999.02,358.96,2023-07-16,0,62.0,james.taylor@company.com,(685) 575-6868,Active
EMP009866,Sarah,Martinez,Sarah Martinez,55,IT,Manager,Chicago,78725.88,4886.27,2023-05-29,33,79.5,sarah.martinez@company.com,(709) 551-2672,Inactive
EMP009867,Daniel,Thomas,Daniel Thomas,54,IT,Specialist,Los Angeles,86069.25,10216.34,2023-11-11,31,86.7,daniel.thomas@company.com,(238) 253-8279,Active
EMP009868,Robert,Garcia,Robert Garcia,22,Marketing,Coordinator,Boston,57065.52,5608.56,2024-06-30,0,89.5,robert.garcia@company.com,(657) 357-9715,Active
EMP009869,James,Martin,James Martin,24,Legal,Analyst,San Francisco,102111.03,7216.63,2020-08-23,0,86.4,james.martin@company.com,(545) 680-9701,Active
EMP009870,Jane,Martinez,Jane Martinez,60,IT,Specialist,New York,119373.42,12120.46,2024-04-07,33,57.3,jane.martinez@company.com,(831) 758-8442,Active
EMP009871,James,Smith,James Smith,30,Finance,Senior Developer,Chicago,68094.43,6568.63,2022-02-28,7,85.9,james.smith@company.com,(908) 792-3839,Active
EMP009872,Melissa,Gonzalez,Melissa Gonzalez,29,Legal,Lead,Miami,64294.33,3756.01,2020-06-19,2,50.1,melissa.gonzalez@company.com,(695) 536-4878,Active
EMP009873,John,Gonzalez,John Gonzalez,33,Sales,Lead,Miami,50790.37,1430.01,2023-01-03,8,86.9,john.gonzalez@company.com,(861) 824-5601,Active
EMP009874,Amanda,Williams,Amanda Williams,46,Legal,Director,New York,81476.75,4572.4,2020-05-05,22,73.2,amanda.williams@company.com,(407) 599-9359,Active
EMP009875,Jessica,Martin,Jessica Martin,22,Sales,Coordinator,San Francisco,64976.49,9385.65,2023-02-10,0,66.6,jessica.martin@company.com,(999) 458-4331,Inactive
EMP009876,Jane,Brown,Jane Brown,37,HR,Director,San Francisco,55643.31,6099.78,2021-07-26,9,80.5,jane.brown@company.com,(766) 688-5675,Active
EMP009877,David,Thomas,David Thomas,46,Finance,Coordinator,Austin,102578.49,19150.93,2020-10-24,17,57.8,david.thomas@company.com,(508) 920-2919,Active
EMP009878,Anthony,Taylor,Anthony Taylor,57,Finance,Senior Developer,New York,104578.5,4283.2,2020-02-20,30,56.5,anthony.taylor@company.com,(512) 891-9528,Active
EMP009879,Ashley,Rodriguez,Ashley Rodriguez,46,Engineering,Analyst,San Francisco,90207.66,5831.84,2022-07-31,22,87.4,ashley.rodriguez@company.com,(632) 437-8365,On Leave
EMP009880,Matthew,Gonzalez,Matthew Gonzalez,41,Marketing,Coordinator,Chicago,55815.13,3878.2,2020-02-29,16,87.1,matthew.gonzalez@company.com,(850) 825-5885,Active
EMP009881,Michael,Martinez,Michael Martinez,33,Operations,Senior Developer,Chicago,58551.17,5306.43,2021-06-05,11,74.1,michael.martinez@company.com,(392) 207-1990,Active
EMP009882,John,Wilson,John Wilson,65,HR,Specialist,Los Angeles,70889.87,8144.35,2022-06-22,40,64.0,john.wilson@company.com,(528) 789-6602,Active
EMP009883,Christopher,Hernandez,Christopher Hernandez,58,IT,Specialist,San Francisco,94695.45,8773.55,2020-02-14,29,100.0,christopher.hernandez@company.com,(975) 393-6345,Active
EMP009884,William,Smith,William Smith,42,IT,Manager,New York,50577.99,3494.79,2021-11-20,16,72.3,william.smith@company.com,(417) 388-6840,Active
EMP009885,Anthony,Thomas,Anthony Thomas,62,Finance,Lead,Los Angeles,108649.36,8274.94,2020-05-20,37,66.7,anthony.thomas@company.com,(365) 274-1120,Active
EMP009886,Matthew,Miller,Matthew Miller,28,Operations,Lead,Miami,59757.23,8278.17,2021-05-16,3,79.9,matthew.miller@company.com,(802) 648-4449,Active
EMP009887,Michael,Garcia,Michael Garcia,62,Legal,Director,New York,141404.34,12596.66,2021-08-22,40,62.5,michael.garcia@company.com,(562) 688-4473,Active
EMP009888,Sarah,Brown,Sarah Brown,53,Engineering,Coordinator,Chicago,87289.93,13424.39,2024-02-12,24,96.9,sarah.brown@company.com,(916) 348-7396,Active
EMP009889,Jessica,Moore,Jessica Moore,35,Legal,Director,Austin,83586.22,5518.47,2021-08-31,10,89.1,jessica.moore@company.com,(274) 659-3548,Active
EMP009890,John,Lopez,John Lopez,39,Engineering,Associate,Seattle,99178.08,12401.58,2022-01-16,10,100.0,john.lopez@company.com,(653) 759-5476,Active
EMP009891,Christopher,Jones,Christopher Jones,39,Legal,Director,San Francisco,92489.59,8849.8,2020-05-10,15,100.0,christopher.jones@company.com,(338) 918-5612,Active
EMP009892,Jessica,Garcia,Jessica Garcia,28,IT,Director,Boston,50064.78,521.83,2022-07-01,6,95.2,jessica.garcia@company.com,(441) 431-8360,Active
EMP009893,Jane,Davis,Jane Davis,59,Legal,Analyst,Boston,103719.99,652.59,2021-05-09,37,100.0,jane.davis@company.com,(449) 557-7087,Active
EMP009894,William,Martin,William Martin,65,Marketing,Associate,New York,86403.07,5508.26,2022-08-07,36,72.1,william.martin@company.com,(925) 535-1571,Active
EMP009895,Jessica,Miller,Jessica Miller,23,Finance,Director,Seattle,69764.82,6675.86,2023-10-09,0,81.2,jessica.miller@company.com,(640) 579-2825,Active
EMP009896,Jessica,Garcia,Jessica Garcia,53,Legal,Director,Los Angeles,109678.41,16397.87,2023-07-19,24,40.0,jessica.garcia@company.com,(830) 528-8167,Active
EMP009897,Amanda,Williams,Amanda Williams,44,Finance,Director,Chicago,92653.24,9802.31,2022-09-15,15,97.6,amanda.williams@company.com,(998) 254-5517,Active
EMP009898,James,Lopez,James Lopez,51,Sales,Senior Developer,Austin,45635.06,5810.37,2024-08-27,26,85.3,james.lopez@company.com,(957) 427-9671,On Leave
EMP009899,Jessica,Wilson,Jessica Wilson,29,IT,Senior Developer,San Francisco,70077.53,7615.19,2021-02-02,2,70.2,jessica.wilson@company.com,(568) 907-9344,Inactive
EMP009900,Nicole,Moore,Nicole Moore,52,Finance,Lead,Boston,101917.04,8074.38,2022-08-12,30,72.1,nicole.moore@company.com,(874) 888-6245,Active
EMP009901,Emily,Martin,Emily Martin,61,Legal,Manager,Boston,124386.18,8988.07,2024-05-12,37,82.9,emily.martin@company.com,(263) 278-2862,Active
EMP009902,Sarah,Jackson,Sarah Jackson,31,Operations,Coordinator,New York,48534.9,2246.99,2020-12-16,8,91.5,sarah.jackson@company.com,(754) 543-4749,Active
EMP009903,Jane,Moore,Jane Moore,40,Marketing,Manager,San Francisco,65723.22,7712.3,2022-06-15,11,68.5,jane.moore@company.com,(789) 271-1657,Active
EMP009904,Melissa,Thomas,Melissa Thomas,40,Engineering,Specialist,Miami,110468.78,6620.96,2021-11-20,11,58.7,melissa.thomas@company.com,(617) 449-5503,Active
EMP009905,Jessica,Anderson,Jessica Anderson,36,Marketing,Manager,Austin,91440.09,6942.06,2020-03-16,7,87.4,jessica.anderson@company.com,(786) 415-1616,Active
EMP009906,Jessica,Moore,Jessica Moore,33,IT,Associate,San Francisco,85802.17,11992.35,2020-04-15,4,57.1,jessica.moore@company.com,(358) 357-3401,Active
EMP009907,William,Jones,William Jones,31,Sales,Analyst,Miami,71011.88,9424.68,2023-11-26,2,79.3,william.jones@company.com,(679) 652-2195,Active
EMP009908,Amanda,Smith,Amanda Smith,46,Sales,Analyst,Austin,80727.58,17485.53,2021-12-26,17,89.1,amanda.smith@company.com,(923) 523-2484,Active
EMP009909,Robert,Moore,Robert Moore,28,HR,Director,New York,63748.89,8160.91,2021-04-05,1,72.3,robert.moore@company.com,(836) 398-4517,Inactive
EMP009910,Stephanie,Jones,Stephanie Jones,26,Marketing,Specialist,Los Angeles,65239.7,4703.35,2020-10-17,0,38.1,stephanie.jones@company.com,(459) 210-1555,Active
EMP009911,Sarah,Thomas,Sarah Thomas,39,Finance,Coordinator,Chicago,83145.32,10721.93,2023-06-17,13,70.2,sarah.thomas@company.com,(302) 488-5291,On Leave
EMP009912,Jessica,Moore,Jessica Moore,63,HR,Director,Austin,62199.46,8177.89,2022-03-29,41,100.0,jessica.moore@company.com,(687) 241-8302,Active
EMP009913,Matthew,Smith,Matthew Smith,41,Operations,Manager,Los Angeles,67038.8,10379.99,2021-11-30,14,49.5,matthew.smith@company.com,(340) 516-6117,Active
EMP009914,Ashley,Thomas,Ashley Thomas,59,Legal,Manager,San Francisco,118766.19,5741.86,2020-03-16,36,67.5,ashley.thomas@company.com,(346) 655-6579,Active
EMP009915,Nicole,Martin,Nicole Martin,42,IT,Lead,Miami,80198.16,10034.84,2023-01-21,13,74.5,nicole.martin@company.com,(322) 323-8107,Active
EMP009916,Jane,Jones,Jane Jones,25,Finance,Associate,Austin,65272.13,2695.6,2024-11-20,2,61.7,jane.jones@company.com,(588) 540-4150,Active
EMP009917,Melissa,Gonzalez,Melissa Gonzalez,48,HR,Lead,New York,43503.87,3357.39,2020-12-02,20,61.2,melissa.gonzalez@company.com,(931) 755-8414,Active
EMP009918,Amanda,Anderson,Amanda Anderson,55,HR,Analyst,San Francisco,74786.13,6714.77,2023-10-14,31,84.9,amanda.anderson@company.com,(959) 833-2755,Inactive
EMP009919,Robert,Williams,Robert Williams,46,HR,Associate,Austin,86219.27,8224.62,2024-03-26,23,84.8,robert.williams@company.com,(261) 659-3577,Active
EMP009920,Melissa,Martinez,Melissa Martinez,59,IT,Analyst,Chicago,97689.9,5122.53,2020-12-02,33,83.1,melissa.martinez@company.com,(338) 535-5420,Active
EMP009921,Jessica,Martin,Jessica Martin,29,IT,Analyst,Austin,38403.79,5261.52,2022-02-15,5,78.2,jessica.martin@company.com,(621) 778-2681,Active
EMP009922,Christopher,Jackson,Christopher Jackson,44,IT,Director,Austin,71688.83,4073.08,2020-01-07,21,95.2,christopher.jackson@company.com,(386) 494-2508,Active
EMP009923,Lisa,Moore,Lisa Moore,42,Finance,Associate,Seattle,94885.07,15671.78,2022-07-27,19,62.7,lisa.moore@company.com,(906) 801-5220,Active
EMP009924,Ashley,Anderson,Ashley Anderson,43,Sales,Lead,Los Angeles,72488.58,9381.1,2022-01-31,17,63.6,ashley.anderson@company.com,(965) 596-5700,Active
EMP009925,Amanda,Wilson,Amanda Wilson,64,Finance,Manager,Austin,64447.9,6346.6,2023-05-01,35,74.4,amanda.wilson@company.com,(718) 715-1887,Active
EMP009926,James,Hernandez,James Hernandez,56,Engineering,Specialist,Los Angeles,99126.11,15970.63,2020-04-30,32,79.8,james.hernandez@company.com,(406) 420-6810,Active
EMP009927,Emily,Wilson,Emily Wilson,40,Finance,Coordinator,New York,86855.92,1004.16,2023-12-10,12,54.6,emily.wilson@company.com,(783) 548-6227,Active
EMP009928,Lisa,Lopez,Lisa Lopez,40,Legal,Analyst,Chicago,90270.41,10436.87,2023-02-23,11,70.7,lisa.lopez@company.com,(302) 587-1567,Active
EMP009929,James,Martin,James Martin,23,IT,Coordinator,New York,41584.55,8131.1,2020-10-12,0,69.7,james.martin@company.com,(593) 658-2303,Inactive
EMP009930,Anthony,Anderson,Anthony Anderson,43,Legal,Lead,San Francisco,83253.77,11824.66,2022-03-09,19,59.9,anthony.anderson@company.com,(666) 945-4600,Active
EMP009931,Nicole,Williams,Nicole Williams,60,Marketing,Lead,Seattle,75956.0,11241.92,2024-08-19,34,77.1,nicole.williams@company.com,(805) 581-7979,Active
EMP009932,John,Jones,John Jones,38,Engineering,Coordinator,Los Angeles,114198.03,18040.91,2020-05-09,15,84.3,john.jones@company.com,(522) 663-3285,Active
EMP009933,Emily,Rodriguez,Emily Rodriguez,51,Sales,Coordinator,New York,66205.81,9916.71,2021-03-15,29,73.3,emily.rodriguez@company.com,(586) 354-8084,Active
EMP009934,Christopher,Davis,Christopher Davis,55,Operations,Manager,Los Angeles,69262.06,9441.63,2022-01-12,33,50.9,christopher.davis@company.com,(860) 416-7187,Active
EMP009935,Stephanie,Gonzalez,Stephanie Gonzalez,59,Operations,Senior Developer,Seattle,74109.69,4431.49,2023-04-17,34,75.1,stephanie.gonzalez@company.com,(255) 311-2768,Active
EMP009936,Melissa,Moore,Melissa Moore,42,Marketing,Senior Developer,San Francisco,46661.37,4744.86,2022-09-04,19,79.9,melissa.moore@company.com,(630) 479-4938,Active
EMP009937,Anthony,Jackson,Anthony Jackson,31,IT,Associate,New York,99833.81,15047.43,2022-08-17,9,50.1,anthony.jackson@company.com,(565) 342-5326,Active
EMP009938,Amanda,Smith,Amanda Smith,58,Legal,Analyst,San Francisco,113317.96,6754.88,2023-06-17,36,76.2,amanda.smith@company.com,(656) 873-3736,Active
EMP009939,Nicole,Thomas,Nicole Thomas,40,Sales,Analyst,Austin,82020.7,0.0,2023-08-26,12,64.7,nicole.thomas@company.com,(378) 726-8764,Active
EMP009940,David,Taylor,David Taylor,53,Engineering,Coordinator,New York,122266.91,7382.46,2022-03-20,31,87.1,david.taylor@company.com,(679) 510-2123,Active
EMP009941,David,Jackson,David Jackson,49,Finance,Manager,Austin,95018.94,14885.43,2021-11-01,21,100.0,david.jackson@company.com,(238) 485-5446,Active
EMP009942,Anthony,Williams,Anthony Williams,30,Legal,Manager,Austin,81234.18,8377.18,2020-02-14,7,64.0,anthony.williams@company.com,(773) 602-6304,Active
EMP009943,Melissa,Moore,Melissa Moore,22,Legal,Manager,Miami,74809.45,1918.02,2021-07-26,0,93.7,melissa.moore@company.com,(299) 976-6176,Active
EMP009944,David,Martin,David Martin,41,Finance,Analyst,Austin,61366.01,10851.56,2020-06-04,18,52.8,david.martin@company.com,(566) 933-7899,Active
EMP009945,Nicole,Jones,Nicole Jones,57,Marketing,Director,Miami,101403.0,15408.27,2020-04-14,30,97.1,nicole.jones@company.com,(845) 694-5082,Active
EMP009946,Lisa,Davis,Lisa Davis,55,Legal,Lead,New York,93475.47,3207.41,2021-03-06,30,61.4,lisa.davis@company.com,(488) 772-6299,Active
EMP009947,Stephanie,Thomas,Stephanie Thomas,59,Operations,Manager,Seattle,76154.42,9267.85,2023-08-01,36,55.9,stephanie.thomas@company.com,(257) 927-8825,Active
EMP009948,Anthony,Davis,Anthony Davis,46,Legal,Lead,Boston,86312.14,19880.65,2024-06-18,24,75.6,anthony.davis@company.com,(778) 359-9059,Inactive
EMP009949,Matthew,Lopez,Matthew Lopez,45,Operations,Senior Developer,Austin,89819.52,9328.39,2022-02-18,21,68.6,matthew.lopez@company.com,(603) 556-1925,Active
EMP009950,Jessica,Martinez,Jessica Martinez,64,Finance,Associate,Seattle,92529.59,6738.49,2022-06-11,42,100.0,jessica.martinez@company.com,(944) 313-2759,On Leave
EMP009951,Daniel,Williams,Daniel Williams,64,IT,Director,Chicago,125254.37,1287.54,2020-04-24,35,71.5,daniel.williams@company.com,(387) 487-9364,On Leave
EMP009952,Anthony,Taylor,Anthony Taylor,41,Sales,Analyst,Austin,80354.81,17515.27,2020-03-31,17,78.0,anthony.taylor@company.com,(331) 933-9089,Active
EMP009953,Amanda,Thomas,Amanda Thomas,45,Operations,Analyst,Chicago,84818.05,7941.11,2022-04-16,17,77.0,amanda.thomas@company.com,(381) 520-6188,Active
EMP009954,Jessica,Brown,Jessica Brown,52,Operations,Analyst,Chicago,88941.29,10943.9,2023-03-11,24,41.9,jessica.brown@company.com,(420) 238-2805,Active
EMP009955,Lisa,Gonzalez,Lisa Gonzalez,65,Operations,Specialist,San Francisco,76344.07,8071.65,2021-12-16,43,96.8,lisa.gonzalez@company.com,(261) 953-9966,Active
EMP009956,Lisa,Williams,Lisa Williams,28,Marketing,Associate,Seattle,58940.0,1372.51,2022-06-05,1,27.5,lisa.williams@company.com,(773) 254-1954,Active
EMP009957,Christopher,Davis,Christopher Davis,65,Sales,Director,Seattle,82609.5,12147.56,2022-08-03,40,61.3,christopher.davis@company.com,(672) 218-2683,Active
EMP009958,Matthew,Jackson,Matthew Jackson,34,Marketing,Specialist,New York,64349.46,10939.01,2024-07-21,6,70.7,matthew.jackson@company.com,(502) 613-4324,Active
EMP009959,James,Jones,James Jones,26,Sales,Manager,San Francisco,77704.42,11942.33,2020-09-08,1,50.4,james.jones@company.com,(706) 815-3753,Active
EMP009960,Melissa,Johnson,Melissa Johnson,51,Operations,Lead,Miami,74094.29,11527.06,2024-01-28,27,71.3,melissa.johnson@company.com,(351) 836-8688,Active
EMP009961,Jessica,Miller,Jessica Miller,62,Operations,Coordinator,Los Angeles,75769.92,6838.13,2022-07-13,36,77.2,jessica.miller@company.com,(399) 356-6002,Active
EMP009962,Sarah,Jones,Sarah Jones,54,Finance,Analyst,Boston,69671.15,6369.15,2024-03-17,32,98.3,sarah.jones@company.com,(804) 599-4784,Active
EMP009963,Lisa,Rodriguez,Lisa Rodriguez,50,Legal,Associate,Chicago,135290.87,18223.71,2023-04-15,26,79.1,lisa.rodriguez@company.com,(963) 690-1808,Active
EMP009964,Emily,Anderson,Emily Anderson,24,Engineering,Director,Miami,71459.13,7734.05,2021-02-24,0,41.5,emily.anderson@company.com,(871) 930-4073,Active
EMP009965,Michael,Gonzalez,Michael Gonzalez,25,Legal,Manager,Boston,87344.47,5282.6,2022-07-06,0,58.5,michael.gonzalez@company.com,(774) 434-9417,Active
EMP009966,Amanda,Lopez,Amanda Lopez,43,Sales,Coordinator,Austin,73771.58,1006.77,2021-09-05,15,57.8,amanda.lopez@company.com,(607) 923-7610,Active
EMP009967,David,Jones,David Jones,25,Legal,Director,Boston,116698.7,3549.92,2024-01-11,3,94.6,david.jones@company.com,(453) 826-7622,Active
EMP009968,Stephanie,Johnson,Stephanie Johnson,44,Sales,Analyst,New York,85318.03,8293.44,2021-11-26,16,52.8,stephanie.johnson@company.com,(607) 890-9620,Active
EMP009969,Anthony,Anderson,Anthony Anderson,37,IT,Senior Developer,Miami,86091.91,8019.31,2021-08-03,12,64.3,anthony.anderson@company.com,(644) 729-9763,Active
EMP009970,Robert,Jones,Robert Jones,55,Legal,Coordinator,Miami,134862.94,11155.07,2021-07-09,33,81.5,robert.jones@company.com,(216) 536-7040,Active
EMP009971,Jane,Moore,Jane Moore,53,HR,Specialist,Seattle,60319.4,5660.87,2020-01-06,24,85.8,jane.moore@company.com,(412) 605-3080,Active
EMP009972,Lisa,Hernandez,Lisa Hernandez,58,Operations,Specialist,Seattle,73087.14,7800.3,2024-12-22,36,60.4,lisa.hernandez@company.com,(466) 694-3052,Active
EMP009973,Lisa,Thomas,Lisa Thomas,57,Engineering,Associate,Chicago,88317.85,0.0,2022-12-05,33,85.6,lisa.thomas@company.com,(780) 741-3043,Active
EMP009974,Michael,Brown,Michael Brown,35,Operations,Director,Boston,68772.96,10228.47,2024-08-01,10,94.4,michael.brown@company.com,(410) 816-3673,Active
EMP009975,Amanda,Anderson,Amanda Anderson,45,IT,Manager,Boston,64198.12,10099.78,2024-08-08,16,68.4,amanda.anderson@company.com,(814) 553-3145,Active
EMP009976,Christopher,Miller,Christopher Miller,39,Engineering,Manager,New York,44566.12,6638.71,2020-03-13,13,77.2,christopher.miller@company.com,(237) 443-9960,On Leave
EMP009977,John,Anderson,John Anderson,30,Finance,Analyst,San Francisco,80490.14,8781.0,2022-06-06,6,68.7,john.anderson@company.com,(867) 966-1785,Active
EMP009978,Lisa,Williams,Lisa Williams,40,Engineering,Senior Developer,Austin,85993.81,4594.33,2020-10-11,14,78.9,lisa.williams@company.com,(739) 247-8310,Active
EMP009979,David,Martin,David Martin,54,Finance,Lead,Seattle,88528.32,8556.5,2021-06-05,30,83.2,david.martin@company.com,(591) 998-3645,On Leave
EMP009980,Christopher,Martin,Christopher Martin,60,IT,Manager,Seattle,102233.79,14108.48,2022-10-17,35,68.3,christopher.martin@company.com,(594) 448-9929,Active
EMP009981,Michael,Taylor,Michael Taylor,31,IT,Specialist,Austin,36164.35,2125.19,2021-11-17,9,53.6,michael.taylor@company.com,(935) 572-6147,Active
EMP009982,Melissa,Smith,Melissa Smith,53,IT,Lead,New York,92222.42,12043.16,2022-10-21,26,75.1,melissa.smith@company.com,(255) 574-6092,Active
EMP009983,Sarah,Garcia,Sarah Garcia,53,Legal,Senior Developer,New York,85698.67,6560.39,2020-06-14,28,78.9,sarah.garcia@company.com,(702) 929-7985,Active
EMP009984,James,Taylor,James Taylor,29,Legal,Senior Developer,Austin,88199.65,2071.08,2021-07-19,4,83.3,james.taylor@company.com,(528) 888-1661,Active
EMP009985,Jessica,Davis,Jessica Davis,33,Sales,Analyst,Boston,62468.82,2692.32,2021-03-07,9,92.6,jessica.davis@company.com,(573) 373-6307,Active
EMP009986,Emily,Jones,Emily Jones,59,Engineering,Analyst,San Francisco,97883.39,13378.9,2023-10-30,35,72.9,emily.jones@company.com,(709) 953-6110,Active
EMP009987,Jessica,Martin,Jessica Martin,36,Sales,Manager,New York,76350.49,8449.12,2024-02-19,10,69.3,jessica.martin@company.com,(991) 299-2522,Active
EMP009988,William,Johnson,William Johnson,51,Sales,Analyst,Miami,78662.95,7520.59,2024-10-20,23,90.7,william.johnson@company.com,(427) 466-5267,Active
EMP009989,Melissa,Thomas,Melissa Thomas,56,Operations,Associate,Chicago,79213.33,1355.45,2023-01-30,29,71.0,melissa.thomas@company.com,(975) 802-1705,Active
EMP009990,Emily,Gonzalez,Emily Gonzalez,37,Sales,Specialist,Boston,52951.73,9759.51,2020-11-07,13,82.2,emily.gonzalez@company.com,(443) 755-3945,Active
EMP009991,Anthony,Wilson,Anthony Wilson,58,Engineering,Senior Developer,Seattle,122123.08,19146.24,2023-05-05,32,51.8,anthony.wilson@company.com,(761) 865-2097,Active
EMP009992,John,Smith,John Smith,60,Sales,Senior Developer,Boston,84068.65,5140.75,2023-03-22,36,73.9,john.smith@company.com,(939) 676-8336,Active
EMP009993,Daniel,Martinez,Daniel Martinez,48,Finance,Specialist,Austin,94058.62,12909.13,2022-08-26,24,50.4,daniel.martinez@company.com,(842) 952-9304,Inactive
EMP009994,David,Williams,David Williams,28,Legal,Senior Developer,Austin,93086.07,13658.08,2021-08-03,3,74.4,david.williams@company.com,(571) 574-1158,Active
EMP009995,Ashley,Garcia,Ashley Garcia,51,Engineering,Specialist,Chicago,121717.87,19819.93,2021-07-03,23,85.5,ashley.garcia@company.com,(631) 511-3530,Active
EMP009996,James,Jackson,James Jackson,57,Operations,Coordinator,Chicago,61937.26,8632.09,2020-12-04,31,74.7,james.jackson@company.com,(894) 790-4054,On Leave
EMP009997,Ashley,Jones,Ashley Jones,27,Engineering,Specialist,New York,65525.24,8980.1,2020-11-09,1,35.2,ashley.jones@company.com,(879) 851-6700,Active
EMP009998,Ashley,Davis,Ashley Davis,42,Marketing,Director,San Francisco,54779.76,5108.97,2024-01-17,20,69.3,ashley.davis@company.com,(689) 768-1615,Active
EMP009999,David,Jones,David Jones,45,Finance,Senior Developer,Seattle,105095.35,10654.03,2021-07-26,19,60.1,david.jones@company.com,(978) 608-4628,Active
EMP010000,Daniel,Taylor,Daniel Taylor,49,Finance,Director,Boston,39123.77,2645.56,2020-02-21,21,57.2,daniel.taylor@company.com,(534) 208-8156,Active
EMP010001,Anthony,Moore,Anthony Moore,33,Legal,Coordinator,Boston,80959.93,10553.04,2020-11-04,4,61.0,anthony.moore@company.com,(556) 700-3740,Active
EMP010002,Lisa,Jones,Lisa Jones,40,Operations,Associate,Miami,55052.39,7234.25,2021-06-26,15,62.0,lisa.jones@company.com,(220) 978-1707,Active
EMP010003,Christopher,Jackson,Christopher Jackson,37,IT,Associate,Seattle,74587.79,6996.48,2023-06-11,9,92.7,christopher.jackson@company.com,(225) 316-7699,Active
EMP010004,David,Davis,David Davis,32,Legal,Senior Developer,New York,70573.48,3587.54,2024-04-25,9,69.0,david.davis@company.com,(863) 497-2139,Active
EMP010005,Amanda,Williams,Amanda Williams,53,Engineering,Senior Developer,Boston,136261.1,5512.41,2022-06-22,29,68.1,amanda.williams@company.com,(699) 536-8698,Inactive
EMP010006,Matthew,Gonzalez,Matthew Gonzalez,28,Sales,Director,Chicago,59471.51,113.93,2024-08-08,1,79.3,matthew.gonzalez@company.com,(581) 859-9200,On Leave
EMP010007,Daniel,Gonzalez,Daniel Gonzalez,47,IT,Associate,Chicago,110312.41,8219.04,2023-06-08,22,78.1,daniel.gonzalez@company.com,(251) 798-2396,Active
EMP010008,Lisa,Wilson,Lisa Wilson,61,HR,Director,Chicago,84886.99,11961.32,2022-03-05,36,74.5,lisa.wilson@company.com,(990) 988-3597,Active
EMP010009,Daniel,Taylor,Daniel Taylor,37,IT,Manager,Austin,75929.63,2914.6,2024-11-29,10,61.5,daniel.taylor@company.com,(663) 262-2965,Active
EMP010010,Robert,Brown,Robert Brown,65,IT,Manager,Miami,116036.73,8586.07,2024-12-24,43,73.9,robert.brown@company.com,(450) 454-3196,Active
EMP010011,Stephanie,Martinez,Stephanie Martinez,62,Operations,Specialist,Los Angeles,71976.73,2672.49,2024-05-15,39,71.9,stephanie.martinez@company.com,(787) 279-9086,Active
EMP010012,Nicole,Smith,Nicole Smith,24,HR,Lead,New York,59249.92,7338.02,2024-06-11,0,75.2,nicole.smith@company.com,(296) 940-5764,Inactive
EMP010013,Stephanie,Johnson,Stephanie Johnson,56,Sales,Coordinator,New York,90533.89,4238.99,2022-11-18,29,44.9,stephanie.johnson@company.com,(684) 371-5377,Active
EMP010014,Michael,Williams,Michael Williams,43,HR,Director,Miami,88832.0,6928.05,2020-01-23,20,95.2,michael.williams@company.com,(416) 279-2021,Active
EMP010015,Sarah,Jackson,Sarah Jackson,63,IT,Specialist,San Francisco,88228.09,10437.11,2024-02-14,41,82.3,sarah.jackson@company.com,(639) 975-2867,Active
EMP010016,Christopher,Rodriguez,Christopher Rodriguez,47,HR,Associate,Chicago,71019.54,6047.32,2024-09-16,24,86.8,christopher.rodriguez@company.com,(411) 307-5645,Active
EMP010017,Jessica,Moore,Jessica Moore,35,Marketing,Specialist,Chicago,74976.08,9656.13,2024-01-08,10,63.1,jessica.moore@company.com,(482) 391-6495,Active
EMP010018,Amanda,Davis,Amanda Davis,30,Finance,Manager,San Francisco,94256.13,11333.42,2024-05-16,5,93.0,amanda.davis@company.com,(380) 519-1491,Active
EMP010019,James,Garcia,James Garcia,33,IT,Associate,New York,85775.0,9437.8,2022-04-21,8,47.1,james.garcia@company.com,(577) 907-5413,Active
EMP010020,Robert,Brown,Robert Brown,51,Sales,Manager,Austin,68317.75,5681.99,2023-06-29,25,84.1,robert.brown@company.com,(619) 444-8229,Active
EMP010021,Jane,Williams,Jane Williams,26,Finance,Analyst,Chicago,74673.22,3359.64,2022-11-06,2,63.8,jane.williams@company.com,(566) 333-3849,Active
EMP010022,Robert,Davis,Robert Davis,30,Engineering,Associate,New York,67279.09,3606.6,2024-12-21,3,86.9,robert.davis@company.com,(377) 437-1979,Inactive
EMP010023,John,Rodriguez,John Rodriguez,43,Legal,Lead,Chicago,90834.17,11802.59,2022-09-29,15,72.6,john.rodriguez@company.com,(400) 514-6659,Active
EMP010024,Robert,Martinez,Robert Martinez,53,IT,Analyst,Boston,125011.25,18590.82,2024-01-24,29,70.8,robert.martinez@company.com,(643) 692-6116,Active
EMP010025,Nicole,Taylor,Nicole Taylor,35,HR,Senior Developer,Boston,81496.35,1870.7,2023-06-27,13,84.8,nicole.taylor@company.com,(815) 327-8372,Active
EMP010026,Jessica,Anderson,Jessica Anderson,42,IT,Manager,Los Angeles,103844.27,11974.51,2022-05-27,20,40.4,jessica.anderson@company.com,(369) 577-4357,Active
EMP010027,Melissa,Garcia,Melissa Garcia,47,Finance,Lead,Boston,55214.2,5766.82,2024-07-27,25,40.2,melissa.garcia@company.com,(488) 470-2922,Active
EMP010028,Amanda,Miller,Amanda Miller,34,IT,Manager,Los Angeles,69352.0,4967.55,2022-12-15,6,61.8,amanda.miller@company.com,(999) 619-1723,Active
EMP010029,Matthew,Martin,Matthew Martin,47,Finance,Senior Developer,New York,81532.13,6240.13,2023-02-19,23,73.6,matthew.martin@company.com,(575) 290-5814,Active
EMP010030,Stephanie,Moore,Stephanie Moore,53,Legal,Associate,Austin,113253.7,9015.57,2023-01-17,24,72.2,stephanie.moore@company.com,(954) 919-5859,Active
EMP010031,Michael,Taylor,Michael Taylor,46,Sales,Specialist,Austin,97744.79,15445.47,2023-06-22,20,86.8,michael.taylor@company.com,(946) 402-2514,Active
EMP010032,Melissa,Lopez,Melissa Lopez,43,Operations,Director,New York,43162.23,2480.38,2024-04-22,20,78.5,melissa.lopez@company.com,(874) 309-1013,Active
EMP010033,Matthew,Moore,Matthew Moore,44,Marketing,Associate,Boston,58350.96,4831.22,2021-01-27,21,68.8,matthew.moore@company.com,(666) 832-8744,Active
EMP010034,Christopher,Thomas,Christopher Thomas,31,Engineering,Associate,San Francisco,67750.47,3543.51,2020-11-30,2,80.5,christopher.thomas@company.com,(376) 408-2558,Active
EMP010035,Sarah,Brown,Sarah Brown,22,Marketing,Director,Boston,48550.74,7316.67,2021-07-08,0,93.8,sarah.brown@company.com,(210) 480-5276,Active
EMP010036,Ashley,Smith,Ashley Smith,32,Legal,Senior Developer,Chicago,79233.52,10072.12,2024-09-26,10,81.5,ashley.smith@company.com,(274) 952-3021,On Leave
EMP010037,James,Jackson,James Jackson,45,IT,Lead,Los Angeles,110250.51,16780.74,2024-10-28,21,93.4,james.jackson@company.com,(787) 996-6783,Active
EMP010038,Sarah,Miller,Sarah Miller,36,HR,Director,Boston,59819.76,12468.83,2020-03-30,13,52.4,sarah.miller@company.com,(272) 796-4550,Active
EMP010039,Robert,Miller,Robert Miller,39,Operations,Coordinator,Miami,57946.3,2274.94,2022-09-02,10,59.7,robert.miller@company.com,(685) 715-8923,Active
EMP010040,Melissa,Gonzalez,Melissa Gonzalez,60,Sales,Lead,Chicago,84458.35,3882.14,2024-08-30,38,68.7,melissa.gonzalez@company.com,(998) 629-6903,Active
EMP010041,William,Martin,William Martin,31,Marketing,Senior Developer,Seattle,52524.58,5083.76,2020-01-15,2,58.0,william.martin@company.com,(261) 789-7712,Active
EMP010042,John,Rodriguez,John Rodriguez,47,Sales,Director,San Francisco,65423.88,10461.47,2022-04-25,23,73.0,john.rodriguez@company.com,(616) 347-1576,Active
EMP010043,Stephanie,Williams,Stephanie Williams,49,Engineering,Manager,Chicago,88582.55,13436.22,2020-06-14,23,40.1,stephanie.williams@company.com,(294) 917-8389,Active
EMP010044,Sarah,Taylor,Sarah Taylor,39,HR,Lead,Seattle,78577.12,10794.47,2022-07-27,15,91.3,sarah.taylor@company.com,(426) 272-1944,Active
EMP010045,John,Gonzalez,John Gonzalez,41,Engineering,Director,New York,122025.64,8913.0,2020-01-13,15,47.9,john.gonzalez@company.com,(967) 743-6463,Active
EMP010046,Jessica,Thomas,Jessica Thomas,49,Engineering,Senior Developer,Los Angeles,73902.01,9721.95,2020-12-25,20,80.8,jessica.thomas@company.com,(485) 535-7019,Active
EMP010047,Anthony,Lopez,Anthony Lopez,27,Sales,Analyst,Austin,70575.83,9005.31,2020-11-28,1,79.8,anthony.lopez@company.com,(861) 336-7905,Active
EMP010048,James,Johnson,James Johnson,23,Engineering,Lead,San Francisco,41658.09,3968.15,2023-07-23,0,72.2,james.johnson@company.com,(937) 939-1876,Active
EMP010049,Amanda,Wilson,Amanda Wilson,40,Finance,Specialist,New York,75369.78,8687.01,2021-10-29,15,60.3,amanda.wilson@company.com,(652) 759-5498,Active
EMP010050,William,Miller,William Miller,39,Operations,Analyst,San Francisco,59798.32,7682.57,2020-01-28,13,77.4,william.miller@company.com,(247) 485-6640,Active
EMP010051,Sarah,Hernandez,Sarah Hernandez,51,Marketing,Director,Seattle,87081.24,14181.45,2024-07-25,24,94.9,sarah.hernandez@company.com,(601) 537-8110,On Leave
EMP010052,Amanda,Moore,Amanda Moore,45,IT,Specialist,Miami,99548.57,6384.84,2021-06-26,16,77.8,amanda.moore@company.com,(994) 434-1481,Active
EMP010053,Matthew,Martin,Matthew Martin,49,Sales,Lead,San Francisco,91051.41,12553.61,2024-01-26,21,83.5,matthew.martin@company.com,(515) 540-8155,Active
EMP010054,Matthew,Hernandez,Matthew Hernandez,33,Sales,Manager,Chicago,71051.75,4561.76,2022-02-03,7,77.0,matthew.hernandez@company.com,(468) 238-5393,Active
EMP010055,Ashley,Lopez,Ashley Lopez,46,Legal,Analyst,Los Angeles,100609.28,5245.83,2024-12-24,21,63.8,ashley.lopez@company.com,(551) 513-2104,Active
EMP010056,Emily,Williams,Emily Williams,65,Finance,Manager,Los Angeles,99919.77,10288.18,2022-09-05,38,67.8,emily.williams@company.com,(686) 775-2245,Inactive
EMP010057,Ashley,Miller,Ashley Miller,25,HR,Lead,Boston,37412.67,2997.3,2024-02-12,1,69.9,ashley.miller@company.com,(760) 465-8247,Active
EMP010058,Amanda,Smith,Amanda Smith,51,Operations,Lead,Seattle,63471.55,6910.21,2022-02-08,29,87.8,amanda.smith@company.com,(707) 470-5371,Active
EMP010059,Robert,Williams,Robert Williams,56,HR,Lead,Los Angeles,84025.87,3455.44,2022-12-01,32,62.2,robert.williams@company.com,(329) 404-7997,Active
EMP010060,Melissa,Moore,Melissa Moore,37,Finance,Director,Chicago,91304.98,2990.02,2024-08-08,15,81.5,melissa.moore@company.com,(687) 877-5851,Active
EMP010061,Michael,Thomas,Michael Thomas,62,Sales,Coordinator,Miami,98156.7,5887.81,2022-09-12,38,79.0,michael.thomas@company.com,(868) 438-3562,Active
EMP010062,Robert,Wilson,Robert Wilson,33,Sales,Senior Developer,Austin,42161.98,7276.8,2021-09-23,10,80.7,robert.wilson@company.com,(386) 216-1879,Active
EMP010063,Melissa,Davis,Melissa Davis,56,Finance,Director,New York,93864.55,12949.23,2022-04-16,27,91.6,melissa.davis@company.com,(384) 695-6492,Active
EMP010064,Anthony,Lopez,Anthony Lopez,34,Marketing,Specialist,Chicago,77668.91,8309.9,2020-09-16,10,75.5,anthony.lopez@company.com,(811) 427-3375,Active
EMP010065,William,Hernandez,William Hernandez,36,Marketing,Analyst,New York,48890.87,3224.46,2022-05-16,10,90.0,william.hernandez@company.com,(893) 226-8933,Active
EMP010066,Matthew,Brown,Matthew Brown,43,Legal,Senior Developer,Austin,86998.77,10150.05,2024-04-18,19,59.3,matthew.brown@company.com,(300) 647-1419,Inactive
EMP010067,David,Martinez,David Martinez,48,Engineering,Associate,Austin,118490.0,7528.98,2020-04-21,26,86.5,david.martinez@company.com,(401) 629-1130,Active
EMP010068,Melissa,Taylor,Melissa Taylor,44,Sales,Lead,Boston,92107.78,6462.86,2024-01-02,16,84.2,melissa.taylor@company.com,(566) 914-9588,Active
EMP010069,Nicole,Thomas,Nicole Thomas,44,Operations,Analyst,Boston,52310.58,1394.53,2022-12-05,18,87.6,nicole.thomas@company.com,(270) 245-4440,Active
EMP010070,Lisa,Davis,Lisa Davis,37,IT,Coordinator,Austin,84203.51,5930.65,2022-01-31,9,90.3,lisa.davis@company.com,(390) 436-2532,Active
EMP010071,James,Taylor,James Taylor,36,IT,Associate,Chicago,69116.1,12000.17,2022-11-04,8,85.6,james.taylor@company.com,(554) 219-4832,Active
EMP010072,James,Smith,James Smith,62,Finance,Associate,Seattle,92554.33,9358.71,2023-08-30,35,68.8,james.smith@company.com,(250) 308-1781,Active
EMP010073,Robert,Jones,Robert Jones,25,Engineering,Manager,New York,76780.39,5739.15,2021-09-29,1,79.4,robert.jones@company.com,(896) 984-3699,Active
EMP010074,Anthony,Moore,Anthony Moore,23,HR,Manager,Los Angeles,54881.76,1704.96,2022-10-01,0,94.4,anthony.moore@company.com,(398) 394-2849,Active
EMP010075,Stephanie,Gonzalez,Stephanie Gonzalez,24,Sales,Analyst,Seattle,69144.57,11541.97,2020-03-29,2,89.9,stephanie.gonzalez@company.com,(593) 329-2843,Active
EMP010076,Jane,Jones,Jane Jones,50,Finance,Specialist,Austin,91570.7,7325.13,2023-11-08,25,68.3,jane.jones@company.com,(328) 308-9116,Active
EMP010077,Sarah,Brown,Sarah Brown,46,Operations,Analyst,Chicago,90482.39,7434.36,2021-02-07,17,58.8,sarah.brown@company.com,(326) 387-9812,Active
EMP010078,Ashley,Williams,Ashley Williams,46,Operations,Lead,Chicago,44908.18,8437.53,2022-09-08,23,85.3,ashley.williams@company.com,(584) 565-6884,Active
EMP010079,Emily,Lopez,Emily Lopez,46,HR,Specialist,Chicago,95775.14,2749.9,2020-12-02,20,87.2,emily.lopez@company.com,(524) 473-8282,Active
EMP010080,James,Thomas,James Thomas,35,IT,Specialist,Chicago,90624.19,13286.79,2024-08-12,11,73.8,james.thomas@company.com,(792) 381-9907,Active
EMP010081,Sarah,Taylor,Sarah Taylor,52,Legal,Analyst,Boston,112669.42,11183.66,2022-11-28,23,82.2,sarah.taylor@company.com,(774) 888-3947,Active
EMP010082,Daniel,Johnson,Daniel Johnson,39,Marketing,Analyst,Los Angeles,61465.87,6058.05,2021-07-04,14,78.8,daniel.johnson@company.com,(522) 756-6857,Active
EMP010083,Ashley,Davis,Ashley Davis,47,Sales,Lead,Los Angeles,75407.22,10240.27,2020-09-25,21,68.2,ashley.davis@company.com,(253) 762-4765,Active
EMP010084,Matthew,Taylor,Matthew Taylor,29,Finance,Senior Developer,Los Angeles,76259.36,6511.59,2023-09-24,5,56.8,matthew.taylor@company.com,(220) 733-7684,Active
EMP010085,Emily,Wilson,Emily Wilson,57,Operations,Specialist,San Francisco,64553.8,10900.29,2020-01-26,30,82.0,emily.wilson@company.com,(963) 625-8152,Active
EMP010086,William,Jones,William Jones,44,Operations,Coordinator,New York,63350.77,5427.24,2021-11-16,20,61.9,william.jones@company.com,(589) 873-3493,Active
EMP010087,James,Lopez,James Lopez,50,HR,Specialist,Austin,68909.61,7915.89,2020-08-24,28,100.0,james.lopez@company.com,(793) 910-8133,Active
EMP010088,Lisa,Taylor,Lisa Taylor,26,Operations,Coordinator,San Francisco,73571.25,12323.92,2022-02-02,0,64.7,lisa.taylor@company.com,(845) 948-4099,Active
EMP010089,Matthew,Martinez,Matthew Martinez,56,IT,Coordinator,Miami,114153.44,0.0,2024-08-20,30,73.1,matthew.martinez@company.com,(882) 444-9556,Active
EMP010090,Robert,Gonzalez,Robert Gonzalez,24,Operations,Lead,Chicago,25500.0,2899.96,2024-02-15,2,100.0,robert.gonzalez@company.com,(640) 641-2042,Active
EMP010091,Robert,Brown,Robert Brown,35,Legal,Senior Developer,Los Angeles,65041.2,4632.0,2024-09-11,13,56.9,robert.brown@company.com,(537) 959-9209,Active
EMP010092,Amanda,Smith,Amanda Smith,35,Finance,Manager,Miami,82147.51,5993.03,2024-11-12,11,96.5,amanda.smith@company.com,(769) 657-3658,Inactive
EMP010093,Ashley,Johnson,Ashley Johnson,35,Sales,Associate,New York,49187.67,3091.56,2022-08-17,10,100.0,ashley.johnson@company.com,(947) 920-7422,Active
EMP010094,Amanda,Rodriguez,Amanda Rodriguez,47,Engineering,Associate,Boston,120234.86,6295.51,2020-03-31,19,84.5,amanda.rodriguez@company.com,(368) 259-2034,Active
EMP010095,Robert,Jones,Robert Jones,53,Operations,Coordinator,Los Angeles,74105.82,4457.85,2024-12-15,30,69.1,robert.jones@company.com,(770) 840-2020,Active
EMP010096,Lisa,Johnson,Lisa Johnson,46,Operations,Manager,Austin,55095.49,9158.39,2021-12-13,24,70.3,lisa.johnson@company.com,(888) 427-5409,Active
EMP010097,John,Miller,John Miller,49,Marketing,Manager,Seattle,111929.45,9074.07,2024-10-11,21,64.8,john.miller@company.com,(411) 226-8779,On Leave
EMP010098,Jessica,Johnson,Jessica Johnson,26,Operations,Analyst,Seattle,40220.46,1122.19,2021-04-22,4,91.3,jessica.johnson@company.com,(850) 517-9483,Active
EMP010099,Robert,Thomas,Robert Thomas,27,IT,Coordinator,Austin,53588.43,9206.27,2023-07-19,1,77.8,robert.thomas@company.com,(627) 251-9449,Active
EMP010100,Melissa,Miller,Melissa Miller,43,IT,Specialist,Boston,98600.54,10355.71,2022-09-27,18,95.2,melissa.miller@company.com,(651) 456-7775,Active
EMP010101,Michael,Williams,Michael Williams,63,Engineering,Director,Seattle,137896.94,9716.42,2023-07-03,37,69.5,michael.williams@company.com,(924) 796-1875,Active
EMP010102,Stephanie,Davis,Stephanie Davis,22,Operations,Coordinator,Miami,38452.06,3901.7,2020-08-01,0,69.6,stephanie.davis@company.com,(462) 604-1329,Inactive
EMP010103,David,Hernandez,David Hernandez,50,HR,Manager,New York,75813.95,12752.91,2023-06-26,23,84.6,david.hernandez@company.com,(973) 569-9445,Active
EMP010104,Jane,Davis,Jane Davis,57,Finance,Senior Developer,Seattle,103675.34,4201.04,2024-01-26,34,70.9,jane.davis@company.com,(783) 573-5219,Active
EMP010105,Daniel,Anderson,Daniel Anderson,58,Finance,Manager,Boston,64076.34,6307.75,2021-01-27,29,98.9,daniel.anderson@company.com,(523) 479-5167,Active
EMP010106,David,Hernandez,David Hernandez,42,HR,Coordinator,New York,79267.89,5980.31,2024-05-29,15,53.7,david.hernandez@company.com,(732) 953-2532,Active
EMP010107,Amanda,Brown,Amanda Brown,52,Marketing,Specialist,Los Angeles,49609.62,5467.89,2020-01-15,25,48.6,amanda.brown@company.com,(226) 774-4311,Active
EMP010108,Daniel,Lopez,Daniel Lopez,33,Operations,Manager,Los Angeles,64342.12,12235.05,2022-03-15,7,78.8,daniel.lopez@company.com,(896) 615-7956,Active
EMP010109,Robert,Smith,Robert Smith,25,IT,Director,Miami,101636.67,11217.12,2022-11-23,0,78.8,robert.smith@company.com,(697) 521-1659,Active
EMP010110,Nicole,Anderson,Nicole Anderson,47,HR,Analyst,Los Angeles,61984.88,5539.94,2024-04-11,19,83.3,nicole.anderson@company.com,(297) 762-5845,Active
EMP010111,Daniel,Anderson,Daniel Anderson,40,Finance,Coordinator,Boston,89736.0,14908.63,2024-08-30,14,57.3,daniel.anderson@company.com,(740) 497-2947,Active
EMP010112,Christopher,Brown,Christopher Brown,41,Legal,Specialist,Austin,109325.05,5924.85,2023-12-06,19,78.9,christopher.brown@company.com,(968) 704-5775,Active
EMP010113,Michael,Jackson,Michael Jackson,61,Sales,Director,Seattle,110687.04,13677.97,2020-07-19,32,48.7,michael.jackson@company.com,(567) 201-8204,Active
EMP010114,Melissa,Brown,Melissa Brown,53,Engineering,Manager,Chicago,97440.42,4879.09,2024-04-14,29,75.0,melissa.brown@company.com,(359) 859-4555,Active
EMP010115,Emily,Lopez,Emily Lopez,29,Engineering,Senior Developer,Los Angeles,67769.65,1786.67,2023-01-29,0,73.3,emily.lopez@company.com,(433) 218-4781,Active
EMP010116,Stephanie,Garcia,Stephanie Garcia,63,Sales,Analyst,Austin,76144.57,3208.4,2023-01-19,39,100.0,stephanie.garcia@company.com,(462) 243-1900,Active
EMP010117,Matthew,Jones,Matthew Jones,43,IT,Senior Developer,Austin,74764.69,6739.35,2023-10-23,17,92.9,matthew.jones@company.com,(421) 374-5231,Active
EMP010118,Anthony,Brown,Anthony Brown,58,Engineering,Analyst,New York,139117.22,8131.59,2020-09-19,30,49.0,anthony.brown@company.com,(553) 801-2593,Active
EMP010119,Robert,Rodriguez,Robert Rodriguez,34,Operations,Specialist,Austin,50491.98,3230.1,2021-01-10,5,77.6,robert.rodriguez@company.com,(855) 312-1311,Active
EMP010120,Nicole,Martin,Nicole Martin,57,Sales,Director,San Francisco,70923.07,9278.51,2020-09-07,33,79.0,nicole.martin@company.com,(244) 432-1882,Active
EMP010121,Amanda,Jones,Amanda Jones,55,Legal,Director,New York,129440.72,20481.93,2021-05-31,29,60.3,amanda.jones@company.com,(461) 947-2145,Active
EMP010122,William,Martinez,William Martinez,38,Engineering,Director,Seattle,109729.21,1184.83,2022-11-11,15,57.3,william.martinez@company.com,(920) 207-9137,Inactive
EMP010123,Amanda,Lopez,Amanda Lopez,48,Finance,Coordinator,New York,68277.47,7619.88,2024-04-11,19,59.4,amanda.lopez@company.com,(845) 997-6930,Active
EMP010124,James,Moore,James Moore,45,IT,Specialist,Seattle,91263.92,2336.28,2021-10-09,18,62.7,james.moore@company.com,(347) 610-5675,Active
EMP010125,John,Thomas,John Thomas,51,Marketing,Senior Developer,Austin,69178.9,6863.66,2024-07-21,24,77.6,john.thomas@company.com,(884) 455-5466,Active
EMP010126,Sarah,Wilson,Sarah Wilson,26,Marketing,Specialist,Seattle,66456.55,4716.83,2023-01-06,0,100.0,sarah.wilson@company.com,(425) 580-9009,Active
EMP010127,Jessica,Williams,Jessica Williams,59,Finance,Senior Developer,New York,80527.09,1830.09,2020-04-13,30,77.7,jessica.williams@company.com,(363) 610-3121,Active
EMP010128,Jessica,Miller,Jessica Miller,45,Marketing,Senior Developer,Los Angeles,82335.73,12487.46,2023-04-30,23,71.8,jessica.miller@company.com,(958) 449-1333,Active
EMP010129,Jane,Anderson,Jane Anderson,54,Engineering,Specialist,Los Angeles,109426.65,8268.25,2022-07-01,28,52.8,jane.anderson@company.com,(412) 818-6218,Active
EMP010130,Jane,Smith,Jane Smith,27,Sales,Specialist,Miami,79285.93,7080.9,2021-09-16,0,59.4,jane.smith@company.com,(272) 950-2483,Active
EMP010131,Daniel,Garcia,Daniel Garcia,40,HR,Specialist,New York,63831.52,2355.54,2022-04-05,14,81.9,daniel.garcia@company.com,(615) 647-3561,Active
EMP010132,Michael,Jackson,Michael Jackson,39,Legal,Coordinator,Austin,107975.07,20443.26,2022-11-10,16,52.2,michael.jackson@company.com,(855) 987-5496,Active
EMP010133,Michael,Thomas,Michael Thomas,46,IT,Manager,Boston,96226.28,11427.34,2021-05-17,23,76.5,michael.thomas@company.com,(640) 216-3719,Active
EMP010134,Lisa,Miller,Lisa Miller,44,Engineering,Senior Developer,Boston,134883.16,15452.15,2020-11-12,19,53.4,lisa.miller@company.com,(676) 266-9682,Active
EMP010135,Anthony,Taylor,Anthony Taylor,42,Finance,Associate,Seattle,78609.68,9519.6,2021-10-11,19,94.6,anthony.taylor@company.com,(338) 511-9657,Active
EMP010136,Stephanie,Lopez,Stephanie Lopez,33,Marketing,Specialist,Austin,63109.12,1609.19,2021-03-13,6,63.3,stephanie.lopez@company.com,(259) 513-1701,Active
EMP010137,Jessica,Jones,Jessica Jones,40,Operations,Coordinator,Chicago,53945.67,1461.76,2022-02-26,15,89.3,jessica.jones@company.com,(806) 287-1233,Active
EMP010138,Emily,Martinez,Emily Martinez,43,Sales,Specialist,Boston,74595.58,7108.82,2021-08-25,15,46.7,emily.martinez@company.com,(664) 835-6467,Active
EMP010139,Michael,Moore,Michael Moore,52,Operations,Senior Developer,New York,76697.14,6631.46,2020-12-01,25,100.0,michael.moore@company.com,(220) 737-4375,Active
EMP010140,Emily,Brown,Emily Brown,52,Sales,Director,Los Angeles,77246.32,9786.11,2021-07-01,26,100.0,emily.brown@company.com,(706) 215-2936,Active
EMP010141,Amanda,Rodriguez,Amanda Rodriguez,25,Sales,Specialist,Austin,64684.78,5352.33,2020-09-27,0,100.0,amanda.rodriguez@company.com,(827) 899-4467,Active
EMP010142,Robert,Brown,Robert Brown,27,Legal,Senior Developer,Los Angeles,102757.27,4896.86,2023-03-09,3,87.9,robert.brown@company.com,(687) 422-1173,Active
EMP010143,Michael,Brown,Michael Brown,40,Sales,Specialist,New York,57786.8,7585.97,2023-10-07,11,78.5,michael.brown@company.com,(809) 714-1115,Active
EMP010144,Stephanie,Thomas,Stephanie Thomas,61,Operations,Specialist,Los Angeles,83799.49,2364.71,2024-09-23,35,79.1,stephanie.thomas@company.com,(903) 820-1971,Active
EMP010145,Christopher,Brown,Christopher Brown,57,Finance,Specialist,New York,71527.06,8118.2,2021-01-15,28,95.6,christopher.brown@company.com,(862) 301-2510,Active
EMP010146,Robert,Miller,Robert Miller,27,Finance,Senior Developer,New York,42076.87,2216.39,2022-06-01,4,90.7,robert.miller@company.com,(608) 454-4540,Inactive
EMP010147,Jessica,Martin,Jessica Martin,58,HR,Lead,Austin,80510.71,4385.6,2021-02-01,29,77.6,jessica.martin@company.com,(611) 277-9115,On Leave
EMP010148,Nicole,Martinez,Nicole Martinez,49,Finance,Coordinator,Austin,105460.58,11968.61,2023-01-15,25,60.2,nicole.martinez@company.com,(701) 515-5401,Active
EMP010149,Robert,Brown,Robert Brown,43,Marketing,Senior Developer,Seattle,73694.26,9176.18,2022-10-15,16,76.8,robert.brown@company.com,(948) 583-2755,Active
EMP010150,Stephanie,Martinez,Stephanie Martinez,64,Legal,Specialist,New York,102386.98,9448.89,2022-06-04,40,89.9,stephanie.martinez@company.com,(915) 993-5982,Active
EMP010151,Jane,Brown,Jane Brown,33,Finance,Director,San Francisco,83558.89,5053.55,2021-05-25,11,56.6,jane.brown@company.com,(699) 251-5392,Active
EMP010152,Emily,Gonzalez,Emily Gonzalez,39,Marketing,Associate,San Francisco,79930.26,1142.64,2024-08-18,11,80.2,emily.gonzalez@company.com,(441) 269-6540,Active
EMP010153,Stephanie,Williams,Stephanie Williams,38,Operations,Specialist,Miami,74951.9,6958.57,2024-11-08,11,60.3,stephanie.williams@company.com,(427) 558-6363,Active
EMP010154,Jessica,Gonzalez,Jessica Gonzalez,36,Finance,Manager,Austin,78344.95,8301.08,2020-07-26,9,55.3,jessica.gonzalez@company.com,(593) 836-5625,Active
EMP010155,David,Jackson,David Jackson,43,IT,Analyst,Miami,105138.46,6715.63,2021-09-24,18,70.7,david.jackson@company.com,(849) 442-5745,Active
EMP010156,Jane,Williams,Jane Williams,37,Finance,Lead,Chicago,61151.13,5762.08,2023-03-19,9,90.1,jane.williams@company.com,(301) 251-3667,Active
EMP010157,Lisa,Thomas,Lisa Thomas,33,Finance,Manager,Chicago,108966.52,21493.89,2022-03-10,7,75.5,lisa.thomas@company.com,(606) 781-1535,Active
EMP010158,Jessica,Wilson,Jessica Wilson,57,Finance,Manager,Austin,81632.36,4541.18,2021-06-11,32,79.7,jessica.wilson@company.com,(479) 946-8658,Active
EMP010159,Lisa,Wilson,Lisa Wilson,40,Legal,Senior Developer,Miami,106072.17,13499.45,2024-12-11,16,96.1,lisa.wilson@company.com,(523) 651-7320,Active
EMP010160,Melissa,Smith,Melissa Smith,52,Engineering,Analyst,San Francisco,69025.85,7888.59,2023-10-19,26,75.3,melissa.smith@company.com,(762) 221-1357,Active
EMP010161,Robert,Williams,Robert Williams,60,Sales,Manager,New York,63104.01,4185.42,2023-06-08,38,100.0,robert.williams@company.com,(718) 364-6977,Active
EMP010162,Robert,Miller,Robert Miller,44,Finance,Associate,Austin,97260.61,9420.45,2021-11-24,17,50.2,robert.miller@company.com,(827) 952-5691,Active
EMP010163,Emily,Moore,Emily Moore,38,Sales,Analyst,Los Angeles,79773.66,5130.39,2023-09-23,13,71.8,emily.moore@company.com,(439) 592-6433,Active
EMP010164,James,Wilson,James Wilson,35,Legal,Senior Developer,Miami,86341.36,10030.27,2021-07-24,11,93.7,james.wilson@company.com,(925) 886-8135,Active
EMP010165,Amanda,Anderson,Amanda Anderson,26,Finance,Coordinator,Seattle,52073.04,9372.54,2020-12-01,0,62.4,amanda.anderson@company.com,(730) 757-3598,Active
EMP010166,Jane,Moore,Jane Moore,29,HR,Associate,Austin,41157.42,3867.13,2022-08-11,0,67.8,jane.moore@company.com,(730) 242-3539,Active
EMP010167,Daniel,Miller,Daniel Miller,38,Operations,Lead,Boston,74618.58,11271.65,2023-04-06,15,67.4,daniel.miller@company.com,(682) 657-3397,Inactive
EMP010168,Matthew,Martin,Matthew Martin,65,Legal,Coordinator,Chicago,133078.44,22581.44,2022-04-23,36,89.5,matthew.martin@company.com,(796) 393-8877,Active
EMP010169,Nicole,Gonzalez,Nicole Gonzalez,25,HR,Manager,Seattle,40004.49,5245.45,2022-01-13,0,87.2,nicole.gonzalez@company.com,(523) 415-8968,Active
EMP010170,Amanda,Taylor,Amanda Taylor,35,HR,Senior Developer,Austin,58050.99,1726.18,2021-03-15,6,74.9,amanda.taylor@company.com,(512) 200-5021,Active
EMP010171,Christopher,Johnson,Christopher Johnson,43,Legal,Lead,Austin,101647.04,5689.01,2022-08-02,19,44.4,christopher.johnson@company.com,(281) 550-1783,Active
EMP010172,Jessica,Taylor,Jessica Taylor,64,Engineering,Specialist,Los Angeles,120591.44,13638.76,2023-05-06,36,96.8,jessica.taylor@company.com,(245) 252-3994,On Leave
EMP010173,Matthew,Smith,Matthew Smith,53,Legal,Director,Austin,94329.58,8448.7,2023-01-13,26,75.3,matthew.smith@company.com,(433) 925-1856,Active
EMP010174,Ashley,Thomas,Ashley Thomas,46,Finance,Associate,San Francisco,78088.57,6379.13,2020-08-15,21,78.5,ashley.thomas@company.com,(357) 432-7677,Active
EMP010175,Nicole,Martin,Nicole Martin,31,HR,Director,Austin,93665.97,3984.91,2024-10-12,7,75.1,nicole.martin@company.com,(883) 533-9067,Active
EMP010176,Daniel,Rodriguez,Daniel Rodriguez,35,Finance,Analyst,Boston,73253.13,4658.83,2021-12-22,9,73.5,daniel.rodriguez@company.com,(867) 861-8425,Inactive
EMP010177,Emily,Davis,Emily Davis,64,Legal,Analyst,Miami,107319.05,0.0,2020-03-03,40,61.3,emily.davis@company.com,(466) 440-4567,Active
EMP010178,James,Miller,James Miller,23,Engineering,Coordinator,Austin,86603.09,9826.72,2020-07-27,0,58.5,james.miller@company.com,(791) 484-7399,Inactive
EMP010179,Melissa,Taylor,Melissa Taylor,48,Legal,Director,San Francisco,132807.91,22130.95,2023-06-16,22,87.9,melissa.taylor@company.com,(558) 229-4989,Active
EMP010180,Matthew,Lopez,Matthew Lopez,35,Finance,Director,Austin,102093.89,7517.15,2022-05-18,13,62.7,matthew.lopez@company.com,(602) 562-9468,On Leave
EMP010181,Michael,Martin,Michael Martin,59,HR,Manager,Chicago,89304.93,12934.87,2023-05-22,32,79.8,michael.martin@company.com,(599) 642-8437,Inactive
EMP010182,Emily,Brown,Emily Brown,62,IT,Coordinator,Chicago,118731.38,0.0,2023-10-23,33,70.8,emily.brown@company.com,(640) 765-6574,Active
EMP010183,Nicole,Rodriguez,Nicole Rodriguez,34,HR,Lead,Seattle,62547.45,7833.61,2021-11-04,5,99.4,nicole.rodriguez@company.com,(773) 561-1120,Active
EMP010184,Jane,Taylor,Jane Taylor,43,IT,Manager,San Francisco,77177.95,10479.2,2021-10-02,15,91.9,jane.taylor@company.com,(887) 677-3481,Active
EMP010185,James,Jones,James Jones,62,Finance,Senior Developer,Los Angeles,113454.39,5326.85,2021-10-27,34,79.4,james.jones@company.com,(796) 605-6255,Active
EMP010186,Anthony,Brown,Anthony Brown,34,Engineering,Senior Developer,Boston,62541.82,8302.15,2020-01-06,9,64.4,anthony.brown@company.com,(639) 573-7824,Inactive
EMP010187,Matthew,Moore,Matthew Moore,40,IT,Director,Miami,49218.36,7923.25,2022-12-04,15,61.6,matthew.moore@company.com,(994) 848-3263,Active
EMP010188,James,Lopez,James Lopez,61,HR,Senior Developer,Austin,78017.62,4362.47,2024-09-13,39,93.4,james.lopez@company.com,(336) 827-5032,Active
EMP010189,Amanda,Garcia,Amanda Garcia,32,HR,Manager,New York,40627.46,4868.52,2021-11-20,4,87.0,amanda.garcia@company.com,(285) 634-7723,Active
EMP010190,David,Miller,David Miller,24,Finance,Senior Developer,Austin,40524.58,1517.42,2023-03-13,0,73.2,david.miller@company.com,(481) 586-6564,Active
EMP010191,Daniel,Martinez,Daniel Martinez,55,Sales,Specialist,Los Angeles,60930.95,1296.39,2023-11-04,30,84.8,daniel.martinez@company.com,(720) 511-7473,Inactive
EMP010192,William,Davis,William Davis,35,Sales,Director,Seattle,71662.77,8528.46,2021-11-10,7,72.0,william.davis@company.com,(645) 214-4934,Active
EMP010193,Michael,Rodriguez,Michael Rodriguez,49,IT,Coordinator,Chicago,96843.73,4102.86,2024-11-24,26,59.8,michael.rodriguez@company.com,(787) 540-5565,Active
EMP010194,Matthew,Smith,Matthew Smith,61,Finance,Manager,Austin,140112.99,22911.69,2021-11-26,34,65.6,matthew.smith@company.com,(892) 971-6235,Active
EMP010195,Jane,Smith,Jane Smith,37,Finance,Lead,Los Angeles,43918.85,5489.19,2021-08-07,13,85.7,jane.smith@company.com,(738) 216-5499,Active
EMP010196,Ashley,Hernandez,Ashley Hernandez,54,Legal,Director,Boston,97893.21,10626.13,2021-03-30,31,93.8,ashley.hernandez@company.com,(806) 537-2061,Active
EMP010197,Daniel,Rodriguez,Daniel Rodriguez,46,IT,Associate,New York,76410.45,13746.48,2024-08-16,17,83.3,daniel.rodriguez@company.com,(675) 714-1423,Inactive
EMP010198,Robert,Williams,Robert Williams,38,Marketing,Associate,Seattle,54302.36,761.61,2024-08-27,13,69.1,robert.williams@company.com,(870) 566-4241,Active
EMP010199,Melissa,Jones,Melissa Jones,23,Marketing,Coordinator,Boston,45934.09,3195.92,2020-10-26,0,72.4,melissa.jones@company.com,(270) 521-8307,On Leave
EMP010200,Jessica,Brown,Jessica Brown,58,Finance,Coordinator,Miami,91972.89,5641.85,2022-01-17,29,49.1,jessica.brown@company.com,(574) 783-7800,Active
EMP010201,Sarah,Miller,Sarah Miller,40,Marketing,Coordinator,Miami,94989.17,2627.44,2022-02-27,12,68.6,sarah.miller@company.com,(806) 922-1241,Inactive
EMP010202,James,Gonzalez,James Gonzalez,31,Marketing,Analyst,New York,75790.04,9556.98,2022-12-26,2,61.0,james.gonzalez@company.com,(853) 982-4183,Active
EMP010203,Matthew,Anderson,Matthew Anderson,53,IT,Coordinator,Miami,124877.88,17244.31,2022-02-19,25,68.0,matthew.anderson@company.com,(642) 683-4550,Active
EMP010204,Amanda,Moore,Amanda Moore,46,Finance,Lead,San Francisco,69788.59,7129.89,2020-07-23,17,80.4,amanda.moore@company.com,(480) 675-7245,On Leave
EMP010205,James,Williams,James Williams,26,Engineering,Associate,Miami,103794.52,11331.0,2023-12-28,3,64.2,james.williams@company.com,(569) 322-7134,Inactive
EMP010206,David,Smith,David Smith,56,HR,Manager,Boston,88560.38,11223.01,2022-11-05,32,66.5,david.smith@company.com,(425) 974-7459,Active
EMP010207,John,Wilson,John Wilson,45,Legal,Specialist,Seattle,76097.83,7290.61,2023-04-18,20,89.9,john.wilson@company.com,(969) 626-5285,Active
EMP010208,Jessica,Lopez,Jessica Lopez,38,Marketing,Manager,Miami,79316.48,4970.1,2020-02-14,11,64.6,jessica.lopez@company.com,(860) 589-3462,Active
EMP010209,David,Martin,David Martin,28,Engineering,Specialist,Chicago,93398.62,4100.78,2021-10-11,0,76.3,david.martin@company.com,(231) 650-7253,Active
EMP010210,Nicole,Gonzalez,Nicole Gonzalez,46,Finance,Senior Developer,Seattle,87189.21,15796.45,2024-10-12,22,59.6,nicole.gonzalez@company.com,(555) 800-6596,Active
EMP010211,Daniel,Thomas,Daniel Thomas,22,Finance,Specialist,Austin,58032.75,4293.29,2020-04-15,0,72.6,daniel.thomas@company.com,(345) 281-9067,Active
EMP010212,Emily,Smith,Emily Smith,35,IT,Specialist,Austin,74186.36,9470.9,2022-11-24,10,78.3,emily.smith@company.com,(408) 373-4651,Active
EMP010213,Matthew,Wilson,Matthew Wilson,53,HR,Senior Developer,Seattle,77652.56,13606.38,2022-01-19,25,73.7,matthew.wilson@company.com,(994) 366-2659,Active
EMP010214,Stephanie,Thomas,Stephanie Thomas,61,Finance,Lead,San Francisco,125670.69,11460.06,2024-10-22,37,76.2,stephanie.thomas@company.com,(316) 459-5972,Active
EMP010215,Lisa,Smith,Lisa Smith,36,Legal,Director,San Francisco,72017.5,10424.32,2023-02-22,14,79.5,lisa.smith@company.com,(456) 541-7445,Active
EMP010216,Amanda,Moore,Amanda Moore,35,IT,Associate,San Francisco,78755.11,10878.68,2024-07-23,12,87.1,amanda.moore@company.com,(363) 485-9243,Active
EMP010217,Jessica,Moore,Jessica Moore,44,HR,Manager,Austin,55509.43,4475.58,2023-08-27,17,81.4,jessica.moore@company.com,(931) 457-5675,Active
EMP010218,Nicole,Williams,Nicole Williams,49,Operations,Analyst,San Francisco,75555.51,4803.66,2021-03-13,26,91.0,nicole.williams@company.com,(966) 852-9366,Active
EMP010219,Christopher,Anderson,Christopher Anderson,23,HR,Associate,Miami,36798.18,3152.18,2020-02-25,0,88.6,christopher.anderson@company.com,(227) 739-7847,Active
EMP010220,Melissa,Taylor,Melissa Taylor,36,Engineering,Manager,Seattle,109956.48,24004.7,2021-03-23,12,72.4,melissa.taylor@company.com,(413) 366-7248,Active
EMP010221,Emily,Hernandez,Emily Hernandez,38,Sales,Lead,Miami,67970.55,6869.82,2022-05-20,13,74.1,emily.hernandez@company.com,(811) 743-4396,Active
EMP010222,Melissa,Brown,Melissa Brown,65,HR,Coordinator,New York,83878.48,10603.57,2024-10-18,36,72.7,melissa.brown@company.com,(882) 257-9526,Active
EMP010223,David,Rodriguez,David Rodriguez,36,Engineering,Analyst,San Francisco,113796.35,23235.13,2024-05-06,10,58.9,david.rodriguez@company.com,(717) 376-8895,Active
EMP010224,Amanda,Martinez,Amanda Martinez,36,Marketing,Analyst,San Francisco,40495.3,5065.62,2022-01-01,10,69.8,amanda.martinez@company.com,(727) 744-8650,Active
EMP010225,James,Anderson,James Anderson,41,Engineering,Specialist,Chicago,104538.82,8689.02,2021-06-30,12,59.7,james.anderson@company.com,(940) 575-3456,Active
EMP010226,Anthony,Taylor,Anthony Taylor,55,Sales,Senior Developer,Seattle,73630.1,5214.1,2023-02-05,29,53.1,anthony.taylor@company.com,(581) 502-9799,Active
EMP010227,Amanda,Smith,Amanda Smith,22,Engineering,Senior Developer,Boston,60527.23,12408.92,2022-06-02,0,79.9,amanda.smith@company.com,(714) 582-1250,Active
EMP010228,Anthony,Davis,Anthony Davis,39,Operations,Senior Developer,Seattle,54836.31,7535.53,2020-02-15,17,83.2,anthony.davis@company.com,(664) 428-8319,Active
EMP010229,Jane,Taylor,Jane Taylor,49,Marketing,Coordinator,Chicago,81283.75,0.0,2022-07-04,25,70.4,jane.taylor@company.com,(471) 598-6134,Active
EMP010230,William,Rodriguez,William Rodriguez,29,Engineering,Director,Los Angeles,67494.37,10527.35,2024-11-14,6,63.5,william.rodriguez@company.com,(870) 469-5845,Active
EMP010231,Matthew,Johnson,Matthew Johnson,52,Marketing,Specialist,Austin,63055.16,5377.99,2020-02-21,26,76.6,matthew.johnson@company.com,(700) 223-3957,Active
EMP010232,Daniel,Jones,Daniel Jones,65,IT,Senior Developer,New York,131985.18,15247.48,2022-10-27,41,53.0,daniel.jones@company.com,(747) 978-1151,Active
EMP010233,Matthew,Brown,Matthew Brown,47,Finance,Manager,Boston,80412.23,9386.86,2024-11-22,21,77.7,matthew.brown@company.com,(817) 705-1211,Active
EMP010234,Matthew,Jones,Matthew Jones,48,Finance,Specialist,San Francisco,102497.01,14333.97,2023-03-14,20,71.7,matthew.jones@company.com,(499) 489-2541,Active
EMP010235,Christopher,Rodriguez,Christopher Rodriguez,25,IT,Specialist,Seattle,78037.06,10150.32,2023-08-31,0,75.5,christopher.rodriguez@company.com,(758) 792-8683,On Leave
EMP010236,Jane,Martin,Jane Martin,42,IT,Associate,Seattle,103646.16,10560.81,2021-10-22,16,74.5,jane.martin@company.com,(465) 582-1880,Active
EMP010237,John,Taylor,John Taylor,40,Engineering,Director,Miami,111564.69,12671.57,2022-01-23,11,96.8,john.taylor@company.com,(246) 294-6412,Active
EMP010238,Robert,Rodriguez,Robert Rodriguez,35,Finance,Senior Developer,Chicago,54743.42,8392.0,2021-09-17,10,72.1,robert.rodriguez@company.com,(775) 796-9130,Active
EMP010239,Anthony,Smith,Anthony Smith,65,Engineering,Lead,New York,117947.78,6032.15,2020-08-21,38,77.2,anthony.smith@company.com,(661) 234-3070,Active
EMP010240,Emily,Taylor,Emily Taylor,34,Engineering,Director,San Francisco,126710.18,18116.56,2024-07-30,12,81.6,emily.taylor@company.com,(449) 336-8815,Active
EMP010241,Lisa,Brown,Lisa Brown,64,Sales,Specialist,San Francisco,91492.65,10921.54,2022-11-13,36,90.4,lisa.brown@company.com,(767) 393-8590,Active
EMP010242,Robert,Lopez,Robert Lopez,26,IT,Senior Developer,Miami,82035.22,9099.69,2023-07-03,0,89.3,robert.lopez@company.com,(501) 819-6561,Inactive
EMP010243,Stephanie,Moore,Stephanie Moore,24,Marketing,Manager,San Francisco,78663.38,5127.42,2022-04-23,1,85.2,stephanie.moore@company.com,(823) 253-9779,Active
EMP010244,John,Miller,John Miller,34,Legal,Director,Boston,84712.19,10092.48,2023-10-19,9,100.0,john.miller@company.com,(571) 784-7201,Active
EMP010245,Robert,Hernandez,Robert Hernandez,51,Finance,Lead,Los Angeles,85292.88,9508.69,2024-03-17,25,83.5,robert.hernandez@company.com,(827) 564-4587,Active
EMP010246,Robert,Anderson,Robert Anderson,25,Legal,Coordinator,Chicago,76104.23,15256.56,2022-08-27,2,82.9,robert.anderson@company.com,(494) 237-6367,Active
EMP010247,Robert,Anderson,Robert Anderson,44,IT,Analyst,New York,98536.91,11487.16,2023-02-19,19,77.5,robert.anderson@company.com,(755) 582-7022,Active
EMP010248,Anthony,Taylor,Anthony Taylor,44,Engineering,Analyst,New York,95244.37,10447.59,2024-12-25,17,54.9,anthony.taylor@company.com,(461) 603-2063,Active
EMP010249,David,Jones,David Jones,36,Operations,Specialist,New York,40888.33,4502.92,2024-10-16,8,79.3,david.jones@company.com,(882) 720-5309,Active
EMP010250,Amanda,Brown,Amanda Brown,25,Sales,Coordinator,New York,49580.61,7708.52,2022-01-16,0,81.1,amanda.brown@company.com,(796) 603-8977,On Leave
EMP010251,David,Taylor,David Taylor,59,Legal,Senior Developer,Seattle,126597.7,12469.68,2024-06-09,33,83.6,david.taylor@company.com,(742) 570-7370,Active
EMP010252,Matthew,Taylor,Matthew Taylor,49,IT,Analyst,Austin,109040.25,9707.42,2024-01-20,21,70.1,matthew.taylor@company.com,(309) 596-3749,Active
EMP010253,David,Wilson,David Wilson,48,Operations,Analyst,Miami,76426.85,7412.69,2024-04-08,25,63.4,david.wilson@company.com,(458) 462-5222,Active
EMP010254,Matthew,Johnson,Matthew Johnson,56,Legal,Specialist,Miami,71659.64,8409.68,2021-06-18,33,87.5,matthew.johnson@company.com,(385) 285-5818,Active
EMP010255,Jane,Martinez,Jane Martinez,62,Legal,Lead,Seattle,114289.32,11830.15,2023-10-04,34,64.8,jane.martinez@company.com,(618) 488-6047,Active
EMP010256,Amanda,Johnson,Amanda Johnson,45,Legal,Coordinator,Boston,108534.22,2943.95,2021-02-05,22,55.8,amanda.johnson@company.com,(347) 646-7328,On Leave
EMP010257,Amanda,Garcia,Amanda Garcia,31,Legal,Associate,San Francisco,77583.41,2116.39,2023-05-19,4,79.2,amanda.garcia@company.com,(905) 496-5232,Inactive
EMP010258,Emily,Rodriguez,Emily Rodriguez,48,Legal,Director,Los Angeles,117514.12,8052.96,2021-11-09,24,94.6,emily.rodriguez@company.com,(696) 729-5687,Active
EMP010259,Sarah,Miller,Sarah Miller,59,Finance,Senior Developer,Boston,93413.31,5450.99,2023-12-24,32,85.6,sarah.miller@company.com,(393) 205-3181,Active
EMP010260,Lisa,Jackson,Lisa Jackson,31,Engineering,Manager,Austin,78831.0,11181.91,2021-02-22,9,84.0,lisa.jackson@company.com,(962) 968-8818,Active
EMP010261,Lisa,Lopez,Lisa Lopez,58,IT,Coordinator,Chicago,72179.24,8396.25,2024-07-18,31,77.8,lisa.lopez@company.com,(230) 559-9157,Inactive
EMP010262,David,Brown,David Brown,22,Finance,Specialist,Miami,88454.1,8770.86,2024-08-29,0,74.7,david.brown@company.com,(339) 264-1775,Active
EMP010263,Stephanie,Rodriguez,Stephanie Rodriguez,55,IT,Associate,Miami,96919.02,2982.85,2021-04-24,28,80.2,stephanie.rodriguez@company.com,(649) 605-1573,Inactive
EMP010264,Daniel,Gonzalez,Daniel Gonzalez,31,Engineering,Specialist,Los Angeles,82233.14,6879.99,2020-09-30,5,100.0,daniel.gonzalez@company.com,(263) 908-3180,Active
EMP010265,Emily,Lopez,Emily Lopez,37,Operations,Director,Chicago,48954.75,3701.11,2023-02-12,11,66.4,emily.lopez@company.com,(481) 326-7165,Active
EMP010266,Anthony,Anderson,Anthony Anderson,45,Finance,Specialist,Miami,95693.53,767.04,2020-02-28,19,83.2,anthony.anderson@company.com,(317) 771-2000,Active
EMP010267,Matthew,Brown,Matthew Brown,44,HR,Senior Developer,New York,109918.02,9390.5,2024-06-07,15,100.0,matthew.brown@company.com,(204) 439-6350,Active
EMP010268,Michael,Rodriguez,Michael Rodriguez,60,Finance,Director,Chicago,114657.87,8318.41,2022-03-27,32,80.5,michael.rodriguez@company.com,(320) 324-7971,Active
EMP010269,William,Anderson,William Anderson,44,Legal,Senior Developer,Austin,90846.9,0.0,2021-03-31,21,94.9,william.anderson@company.com,(854) 419-5387,Active
EMP010270,Sarah,Brown,Sarah Brown,39,Legal,Analyst,New York,81074.78,9259.79,2024-07-26,12,56.4,sarah.brown@company.com,(678) 337-5091,Active
EMP010271,Amanda,Jackson,Amanda Jackson,38,Legal,Analyst,Austin,37500.0,2038.68,2024-05-09,13,68.1,amanda.jackson@company.com,(903) 718-7508,Active
EMP010272,Melissa,Williams,Melissa Williams,26,Legal,Coordinator,Miami,111108.26,13613.87,2024-04-08,0,60.9,melissa.williams@company.com,(258) 388-5390,Active
EMP010273,Lisa,Jackson,Lisa Jackson,40,Sales,Manager,Chicago,42616.28,4248.3,2024-08-25,12,93.3,lisa.jackson@company.com,(609) 886-2249,Active
EMP010274,James,Martin,James Martin,39,Marketing,Lead,Austin,58374.03,9968.54,2024-02-10,16,79.7,james.martin@company.com,(677) 563-3965,On Leave
EMP010275,David,Miller,David Miller,51,Operations,Coordinator,Los Angeles,73146.88,11335.58,2024-12-26,26,100.0,david.miller@company.com,(555) 283-6177,Inactive
EMP010276,Sarah,Jackson,Sarah Jackson,47,Marketing,Coordinator,Miami,71082.77,11068.1,2024-05-17,22,76.1,sarah.jackson@company.com,(910) 487-2551,Active
EMP010277,Stephanie,Thomas,Stephanie Thomas,54,Operations,Director,Boston,64312.16,6088.07,2021-07-16,28,100.0,stephanie.thomas@company.com,(589) 351-6370,Active
EMP010278,Jane,Martinez,Jane Martinez,55,Sales,Senior Developer,San Francisco,72353.01,5459.51,2020-08-17,26,46.8,jane.martinez@company.com,(983) 611-9262,Inactive
EMP010279,John,Garcia,John Garcia,54,Sales,Coordinator,Chicago,69648.98,12666.91,2023-04-13,25,72.0,john.garcia@company.com,(562) 474-3795,Active
EMP010280,William,Davis,William Davis,53,Finance,Analyst,Seattle,85976.12,9830.84,2022-05-19,25,53.3,william.davis@company.com,(885) 328-1375,Active
EMP010281,Michael,Martinez,Michael Martinez,55,Engineering,Specialist,New York,151094.7,19582.4,2024-10-02,30,84.3,michael.martinez@company.com,(797) 510-8468,Active
EMP010282,Robert,Martinez,Robert Martinez,43,HR,Manager,Austin,67089.84,5692.01,2022-02-10,17,81.1,robert.martinez@company.com,(602) 632-7628,Active
EMP010283,James,Jones,James Jones,25,HR,Analyst,Los Angeles,68790.57,4312.59,2021-03-23,0,51.2,james.jones@company.com,(745) 365-3693,Active
EMP010284,Amanda,Smith,Amanda Smith,24,Marketing,Manager,Boston,67898.58,5816.06,2020-11-04,1,92.3,amanda.smith@company.com,(771) 988-5295,Active
EMP010285,Nicole,Miller,Nicole Miller,50,Engineering,Director,Boston,123302.39,1357.48,2022-08-30,23,71.7,nicole.miller@company.com,(745) 834-6078,Active
EMP010286,Anthony,Taylor,Anthony Taylor,52,IT,Senior Developer,Los Angeles,79656.0,9062.82,2023-05-23,25,68.0,anthony.taylor@company.com,(747) 597-5542,Active
EMP010287,Stephanie,Rodriguez,Stephanie Rodriguez,52,IT,Coordinator,Los Angeles,98730.8,5846.94,2023-03-10,26,91.7,stephanie.rodriguez@company.com,(990) 404-6960,Active
EMP010288,Jessica,Taylor,Jessica Taylor,62,Operations,Senior Developer,Miami,97496.71,9294.3,2024-11-25,37,45.3,jessica.taylor@company.com,(366) 325-3547,On Leave
EMP010289,Melissa,Smith,Melissa Smith,43,Sales,Analyst,San Francisco,94960.57,6217.64,2023-08-16,17,57.2,melissa.smith@company.com,(853) 430-6556,Active
EMP010290,Melissa,Miller,Melissa Miller,29,HR,Coordinator,Chicago,56567.2,5268.84,2024-04-12,5,100.0,melissa.miller@company.com,(896) 239-2215,Active
EMP010291,Lisa,Garcia,Lisa Garcia,32,Marketing,Senior Developer,Miami,50028.35,6692.05,2023-03-23,7,83.5,lisa.garcia@company.com,(639) 965-8727,Active
EMP010292,John,Davis,John Davis,50,Sales,Coordinator,New York,90016.89,5387.59,2024-05-31,28,83.2,john.davis@company.com,(406) 938-9097,Active
EMP010293,Matthew,Johnson,Matthew Johnson,29,Marketing,Coordinator,New York,49980.33,4377.31,2024-11-16,0,51.5,matthew.johnson@company.com,(453) 872-4173,Inactive
EMP010294,Melissa,Hernandez,Melissa Hernandez,47,HR,Analyst,San Francisco,88842.66,10346.43,2022-12-17,24,65.3,melissa.hernandez@company.com,(482) 657-5142,Active
EMP010295,Michael,Lopez,Michael Lopez,28,Marketing,Associate,San Francisco,51759.01,2118.79,2022-06-08,1,73.7,michael.lopez@company.com,(463) 903-5159,Active
EMP010296,James,Smith,James Smith,32,Legal,Analyst,Seattle,82950.59,13685.72,2024-11-17,3,58.5,james.smith@company.com,(277) 688-9466,Active
EMP010297,Jessica,Smith,Jessica Smith,37,Engineering,Lead,Boston,74298.1,7958.27,2021-12-29,11,69.8,jessica.smith@company.com,(375) 543-9131,Active
EMP010298,Matthew,Miller,Matthew Miller,63,IT,Analyst,Seattle,110078.17,7152.33,2023-02-11,39,70.7,matthew.miller@company.com,(932) 819-7504,Active
EMP010299,Nicole,Williams,Nicole Williams,46,Engineering,Director,Los Angeles,117494.36,14745.52,2020-01-17,24,67.2,nicole.williams@company.com,(217) 692-3690,Active
EMP010300,Emily,Gonzalez,Emily Gonzalez,40,Operations,Coordinator,Austin,55614.17,7217.93,2024-10-13,18,69.7,emily.gonzalez@company.com,(982) 433-9889,Active
EMP010301,Matthew,Brown,Matthew Brown,27,Engineering,Specialist,Los Angeles,75789.85,1501.99,2020-10-05,0,61.9,matthew.brown@company.com,(832) 479-4818,Active
EMP010302,William,Anderson,William Anderson,57,Finance,Coordinator,Austin,114188.07,14547.35,2021-06-04,32,93.7,william.anderson@company.com,(787) 513-2902,Active
EMP010303,Melissa,Lopez,Melissa Lopez,55,Legal,Associate,Miami,127696.34,15144.6,2023-09-05,27,88.6,melissa.lopez@company.com,(804) 738-8886,Active
EMP010304,John,Moore,John Moore,56,Legal,Director,New York,95667.41,11274.39,2022-01-21,30,64.4,john.moore@company.com,(474) 917-3646,Active
EMP010305,Stephanie,Jones,Stephanie Jones,22,HR,Lead,San Francisco,49679.89,6342.95,2024-12-16,0,84.6,stephanie.jones@company.com,(848) 680-1587,Active
EMP010306,David,Davis,David Davis,31,Engineering,Associate,Los Angeles,82209.47,7501.27,2023-04-04,9,76.2,david.davis@company.com,(500) 309-7966,On Leave
EMP010307,Jane,Davis,Jane Davis,38,Sales,Senior Developer,Boston,82272.47,6489.37,2021-11-05,16,76.9,jane.davis@company.com,(677) 400-2726,Active
EMP010308,Robert,Smith,Robert Smith,53,Operations,Senior Developer,Los Angeles,66373.21,4125.83,2022-03-01,25,82.5,robert.smith@company.com,(219) 571-1435,Active
EMP010309,John,Davis,John Davis,28,Operations,Director,San Francisco,77466.89,6595.39,2022-11-11,5,68.3,john.davis@company.com,(923) 610-1681,Active
EMP010310,John,Smith,John Smith,53,Sales,Analyst,Chicago,76870.54,7585.35,2023-09-05,31,55.2,john.smith@company.com,(345) 759-4977,Active
EMP010311,Nicole,Smith,Nicole Smith,46,Engineering,Coordinator,Los Angeles,91343.14,7161.88,2021-12-19,22,72.7,nicole.smith@company.com,(594) 507-3738,Active
EMP010312,Matthew,Williams,Matthew Williams,48,Legal,Director,Chicago,62975.45,10589.03,2023-03-01,21,78.9,matthew.williams@company.com,(608) 304-3387,Active
EMP010313,David,Garcia,David Garcia,65,IT,Associate,San Francisco,78790.18,7822.08,2022-06-16,36,63.9,david.garcia@company.com,(442) 449-7500,Active
EMP010314,Jane,Lopez,Jane Lopez,49,HR,Specialist,Seattle,76883.26,0.0,2021-10-10,20,61.4,jane.lopez@company.com,(370) 501-1276,Active
EMP010315,Ashley,Williams,Ashley Williams,54,HR,Director,Chicago,65363.53,6382.73,2022-07-09,28,78.6,ashley.williams@company.com,(293) 565-4964,Active
EMP010316,Daniel,Martin,Daniel Martin,26,Operations,Specialist,Austin,37877.77,4135.34,2024-02-05,0,58.5,daniel.martin@company.com,(545) 868-6981,Active
EMP010317,David,Moore,David Moore,47,Sales,Senior Developer,Boston,68901.46,0.0,2024-05-16,22,83.5,david.moore@company.com,(526) 518-8732,Active
EMP010318,Jessica,Gonzalez,Jessica Gonzalez,24,Operations,Senior Developer,Austin,43246.72,0.0,2023-03-17,0,53.8,jessica.gonzalez@company.com,(442) 400-7588,Active
EMP010319,David,Smith,David Smith,22,HR,Specialist,Boston,49582.89,1755.53,2022-04-11,0,78.6,david.smith@company.com,(289) 345-9434,Active
EMP010320,Ashley,Davis,Ashley Davis,62,Sales,Analyst,Austin,59409.13,5026.47,2020-11-17,34,80.8,ashley.davis@company.com,(578) 843-6483,Active
EMP010321,John,Johnson,John Johnson,62,Sales,Senior Developer,New York,111898.28,17241.56,2021-08-21,33,74.8,john.johnson@company.com,(898) 549-6019,Active
EMP010322,Jessica,Wilson,Jessica Wilson,36,Finance,Lead,Austin,53686.48,4082.33,2021-06-17,13,71.2,jessica.wilson@company.com,(720) 981-3309,Active
EMP010323,David,Miller,David Miller,41,Marketing,Senior Developer,Los Angeles,66397.79,10334.37,2023-02-16,17,88.7,david.miller@company.com,(957) 715-2095,Active
EMP010324,Christopher,Miller,Christopher Miller,24,Operations,Analyst,San Francisco,43211.09,5625.95,2024-07-10,0,93.7,christopher.miller@company.com,(469) 648-1094,Active
EMP010325,Robert,Brown,Robert Brown,46,Marketing,Manager,Seattle,77094.71,11562.41,2020-09-24,18,88.1,robert.brown@company.com,(853) 274-5676,Active
EMP010326,Anthony,Brown,Anthony Brown,36,Finance,Senior Developer,Chicago,75390.07,477.25,2021-06-24,10,61.7,anthony.brown@company.com,(294) 648-2692,Active
EMP010327,Michael,Martin,Michael Martin,50,Sales,Specialist,Boston,107338.34,19698.3,2020-04-21,27,79.0,michael.martin@company.com,(368) 356-5453,Active
EMP010328,Jane,Wilson,Jane Wilson,23,Finance,Manager,Chicago,69114.66,10686.39,2021-09-27,0,80.3,jane.wilson@company.com,(904) 769-7980,Active
EMP010329,Emily,Smith,Emily Smith,49,Engineering,Associate,Chicago,76717.55,7660.68,2022-11-16,20,94.3,emily.smith@company.com,(423) 800-8568,Inactive
EMP010330,John,Anderson,John Anderson,43,HR,Coordinator,Seattle,64405.58,5243.41,2021-01-27,14,79.1,john.anderson@company.com,(749) 872-2866,Active
EMP010331,Jessica,Wilson,Jessica Wilson,22,Sales,Coordinator,San Francisco,41638.22,6291.61,2020-03-22,0,73.5,jessica.wilson@company.com,(964) 612-6080,Active
EMP010332,Amanda,Gonzalez,Amanda Gonzalez,23,IT,Director,San Francisco,41995.39,7875.54,2023-06-04,0,60.1,amanda.gonzalez@company.com,(626) 273-2300,Active
EMP010333,Christopher,Rodriguez,Christopher Rodriguez,23,Legal,Specialist,Austin,69496.66,12605.96,2020-03-06,0,67.6,christopher.rodriguez@company.com,(843) 445-8033,Active
EMP010334,Matthew,Rodriguez,Matthew Rodriguez,48,Engineering,Senior Developer,Los Angeles,108243.69,2431.28,2021-07-19,26,65.7,matthew.rodriguez@company.com,(949) 997-9732,Active
EMP010335,James,Rodriguez,James Rodriguez,58,IT,Manager,New York,73632.67,1101.72,2022-11-17,36,83.4,james.rodriguez@company.com,(302) 270-9272,Active
EMP010336,James,Smith,James Smith,31,HR,Manager,Chicago,54733.24,3741.0,2024-03-16,6,71.7,james.smith@company.com,(662) 699-3937,Active
EMP010337,Michael,Hernandez,Michael Hernandez,62,IT,Director,Seattle,111636.16,10351.77,2023-10-21,40,78.5,michael.hernandez@company.com,(449) 313-5649,Inactive
EMP010338,Christopher,Taylor,Christopher Taylor,49,Finance,Director,Los Angeles,92250.03,8117.66,2024-05-22,25,68.4,christopher.taylor@company.com,(756) 756-4760,Active
EMP010339,Stephanie,Miller,Stephanie Miller,50,Engineering,Specialist,San Francisco,102556.92,9035.17,2021-09-30,25,74.6,stephanie.miller@company.com,(540) 906-1030,Active
EMP010340,Amanda,Jones,Amanda Jones,57,Finance,Senior Developer,Austin,91518.92,6808.98,2020-11-07,31,95.4,amanda.jones@company.com,(994) 778-7082,Active
EMP010341,Sarah,Davis,Sarah Davis,27,Engineering,Coordinator,Austin,109495.74,19768.22,2021-01-01,4,62.2,sarah.davis@company.com,(992) 807-6089,Active
EMP010342,Robert,Jackson,Robert Jackson,63,Engineering,Associate,New York,79367.47,13398.24,2022-07-01,40,59.5,robert.jackson@company.com,(389) 724-3590,On Leave
EMP010343,Emily,Martinez,Emily Martinez,32,Finance,Director,Chicago,82557.02,16408.85,2021-05-05,9,100.0,emily.martinez@company.com,(882) 983-2490,Active
EMP010344,Robert,Garcia,Robert Garcia,38,Legal,Director,Miami,97221.79,11687.83,2021-07-21,12,100.0,robert.garcia@company.com,(342) 323-8197,Active
EMP010345,Anthony,Anderson,Anthony Anderson,47,Legal,Specialist,New York,65438.97,8049.03,2022-01-16,25,77.6,anthony.anderson@company.com,(369) 343-1488,Active
EMP010346,Melissa,Martin,Melissa Martin,60,Finance,Coordinator,Boston,78485.71,0.0,2021-09-14,31,72.0,melissa.martin@company.com,(365) 919-8799,Active
EMP010347,John,Lopez,John Lopez,29,Sales,Director,Los Angeles,48560.16,520.36,2024-01-14,0,79.0,john.lopez@company.com,(844) 209-9289,On Leave
EMP010348,Matthew,Davis,Matthew Davis,38,Marketing,Coordinator,San Francisco,97526.76,12761.52,2023-03-18,12,63.1,matthew.davis@company.com,(533) 669-3913,Active
EMP010349,Stephanie,Taylor,Stephanie Taylor,30,Legal,Associate,Miami,88867.38,10673.97,2020-03-13,1,80.2,stephanie.taylor@company.com,(549) 818-2488,Active
EMP010350,Daniel,Jackson,Daniel Jackson,27,Legal,Analyst,Chicago,65591.1,0.0,2021-06-03,1,79.3,daniel.jackson@company.com,(639) 404-6684,Active
EMP010351,Amanda,Martin,Amanda Martin,28,HR,Senior Developer,Chicago,75460.75,2184.74,2020-04-30,0,83.3,amanda.martin@company.com,(836) 769-6426,On Leave
EMP010352,Christopher,Hernandez,Christopher Hernandez,62,Legal,Manager,Los Angeles,143029.87,10119.14,2020-08-24,36,98.2,christopher.hernandez@company.com,(709) 745-3292,Inactive
EMP010353,Lisa,Garcia,Lisa Garcia,45,IT,Senior Developer,Boston,102907.08,6227.83,2021-12-26,17,80.8,lisa.garcia@company.com,(553) 846-2655,Active
EMP010354,James,Anderson,James Anderson,61,Sales,Senior Developer,Los Angeles,112718.91,17276.21,2024-04-17,39,65.0,james.anderson@company.com,(678) 354-4189,Active
EMP010355,John,Rodriguez,John Rodriguez,23,Sales,Director,Boston,55728.37,3819.69,2021-12-17,0,77.3,john.rodriguez@company.com,(511) 731-2634,Active
EMP010356,Jane,Garcia,Jane Garcia,28,IT,Manager,Chicago,94528.06,13450.48,2024-08-28,0,76.6,jane.garcia@company.com,(217) 547-3728,Active
EMP010357,Jessica,Lopez,Jessica Lopez,56,Legal,Specialist,Seattle,92331.07,14582.5,2020-05-13,27,91.4,jessica.lopez@company.com,(740) 307-5673,Inactive
EMP010358,Anthony,Hernandez,Anthony Hernandez,63,Engineering,Senior Developer,Miami,95960.41,7538.49,2023-12-26,41,76.8,anthony.hernandez@company.com,(507) 272-7113,Active
EMP010359,Jane,Rodriguez,Jane Rodriguez,64,IT,Lead,Boston,116561.58,0.0,2020-09-25,42,63.9,jane.rodriguez@company.com,(279) 299-8322,Active
EMP010360,David,Taylor,David Taylor,47,Finance,Coordinator,Austin,85326.43,6680.34,2023-06-28,24,52.1,david.taylor@company.com,(678) 834-1773,Active
EMP010361,Christopher,Lopez,Christopher Lopez,59,Sales,Associate,San Francisco,75883.27,7648.57,2024-10-03,31,77.6,christopher.lopez@company.com,(812) 816-9209,Active
EMP010362,Melissa,Thomas,Melissa Thomas,49,Finance,Director,New York,75528.84,2497.92,2020-08-12,23,50.9,melissa.thomas@company.com,(891) 231-7127,Active
EMP010363,James,Davis,James Davis,61,Marketing,Manager,Boston,56187.36,3453.07,2022-11-04,36,86.2,james.davis@company.com,(889) 568-9550,Active
EMP010364,David,Gonzalez,David Gonzalez,34,Legal,Associate,Chicago,79630.17,9788.94,2023-04-15,9,76.5,david.gonzalez@company.com,(625) 597-3219,Active
EMP010365,Anthony,Rodriguez,Anthony Rodriguez,39,Legal,Associate,Seattle,89040.55,16322.5,2023-07-03,11,96.2,anthony.rodriguez@company.com,(388) 534-8171,Active
EMP010366,David,Rodriguez,David Rodriguez,39,IT,Specialist,Boston,115821.37,12706.55,2020-04-30,17,54.0,david.rodriguez@company.com,(414) 968-6435,Active
EMP010367,David,Williams,David Williams,65,Marketing,Specialist,New York,75614.77,9647.19,2020-01-25,43,90.1,david.williams@company.com,(684) 763-6022,Active
EMP010368,Melissa,Brown,Melissa Brown,61,Engineering,Director,New York,102672.27,5797.61,2020-07-10,36,68.3,melissa.brown@company.com,(527) 433-2478,Active
EMP010369,William,Johnson,William Johnson,39,Engineering,Director,Los Angeles,95533.45,9078.86,2024-05-24,14,63.2,william.johnson@company.com,(659) 602-4621,Active
EMP010370,Matthew,Wilson,Matthew Wilson,54,Engineering,Coordinator,Seattle,83672.32,9707.5,2020-06-17,32,39.8,matthew.wilson@company.com,(444) 364-4471,Active
EMP010371,Michael,Davis,Michael Davis,43,Legal,Director,San Francisco,84937.33,13862.14,2021-08-06,20,55.2,michael.davis@company.com,(765) 876-4872,Active
EMP010372,Christopher,Davis,Christopher Davis,24,Legal,Senior Developer,New York,61910.01,3014.93,2020-11-10,0,99.8,christopher.davis@company.com,(640) 709-8974,Active
EMP010373,Lisa,Rodriguez,Lisa Rodriguez,40,Sales,Analyst,Seattle,79770.04,7244.21,2024-12-31,16,61.3,lisa.rodriguez@company.com,(734) 383-5241,Active
EMP010374,Jessica,Williams,Jessica Williams,47,Finance,Associate,Seattle,82817.07,14496.56,2022-12-26,22,96.1,jessica.williams@company.com,(388) 903-1967,Active
EMP010375,John,Williams,John Williams,37,Engineering,Specialist,Miami,99755.49,6468.83,2023-05-05,13,80.0,john.williams@company.com,(721) 209-1233,Active
EMP010376,Amanda,Martin,Amanda Martin,37,Operations,Specialist,Austin,79477.95,6200.49,2024-04-18,11,54.2,amanda.martin@company.com,(680) 782-6719,Active
EMP010377,Christopher,Hernandez,Christopher Hernandez,57,Sales,Associate,Austin,90345.73,2628.19,2020-04-14,34,100.0,christopher.hernandez@company.com,(298) 420-2544,Active
EMP010378,Michael,Smith,Michael Smith,49,Legal,Director,New York,108835.73,11440.6,2020-12-15,25,75.3,michael.smith@company.com,(489) 671-3191,Inactive
EMP010379,Sarah,Jones,Sarah Jones,46,Marketing,Associate,Seattle,74533.04,1566.21,2024-06-05,22,81.8,sarah.jones@company.com,(434) 995-6083,Active
EMP010380,Michael,Moore,Michael Moore,45,Finance,Director,Los Angeles,71639.9,6911.09,2021-10-06,23,61.8,michael.moore@company.com,(205) 349-9740,Inactive
EMP010381,Amanda,Smith,Amanda Smith,57,Sales,Associate,Seattle,90493.27,3561.12,2022-12-11,29,82.5,amanda.smith@company.com,(825) 667-8176,Inactive
EMP010382,Amanda,Miller,Amanda Miller,23,IT,Associate,Los Angeles,74512.72,13842.88,2022-06-01,0,60.0,amanda.miller@company.com,(942) 815-7804,Active
EMP010383,Jane,Garcia,Jane Garcia,44,Legal,Coordinator,Miami,113896.47,1785.65,2024-02-29,19,80.5,jane.garcia@company.com,(784) 279-2424,Active
EMP010384,Emily,Rodriguez,Emily Rodriguez,49,HR,Senior Developer,Boston,60480.96,6643.9,2024-03-17,22,79.4,emily.rodriguez@company.com,(929) 953-7812,Active
EMP010385,John,Brown,John Brown,43,Engineering,Lead,Austin,99926.96,10846.03,2022-08-17,16,44.8,john.brown@company.com,(540) 628-7035,Active
EMP010386,Stephanie,Martin,Stephanie Martin,64,Operations,Associate,Seattle,109083.87,10958.25,2022-09-09,42,84.7,stephanie.martin@company.com,(912) 414-6586,Active
EMP010387,Emily,Brown,Emily Brown,62,Legal,Associate,Los Angeles,121873.22,0.0,2024-07-16,38,80.2,emily.brown@company.com,(481) 969-6901,Active
EMP010388,Jane,Anderson,Jane Anderson,57,Sales,Associate,New York,95824.23,10574.09,2021-07-27,32,86.0,jane.anderson@company.com,(542) 673-1881,Active
EMP010389,David,Rodriguez,David Rodriguez,38,IT,Coordinator,Chicago,58042.27,8155.34,2023-09-19,11,84.5,david.rodriguez@company.com,(929) 590-7212,Active
EMP010390,John,Lopez,John Lopez,46,Sales,Specialist,San Francisco,95554.55,2925.09,2022-07-22,17,66.2,john.lopez@company.com,(353) 525-5736,Inactive
EMP010391,Daniel,Thomas,Daniel Thomas,56,IT,Analyst,San Francisco,87358.89,8917.79,2022-06-06,33,89.2,daniel.thomas@company.com,(887) 725-6594,Active
EMP010392,Ashley,Smith,Ashley Smith,49,Engineering,Analyst,New York,80445.54,11485.79,2021-04-21,25,86.7,ashley.smith@company.com,(683) 638-8809,Active
EMP010393,John,Lopez,John Lopez,63,Sales,Senior Developer,Miami,79464.99,11222.11,2021-04-24,38,57.9,john.lopez@company.com,(597) 490-5533,Active
EMP010394,Emily,Davis,Emily Davis,64,IT,Lead,Seattle,122919.29,6834.48,2024-01-27,36,75.4,emily.davis@company.com,(803) 752-6901,Active
EMP010395,Ashley,Gonzalez,Ashley Gonzalez,43,Sales,Coordinator,Chicago,62608.97,6627.67,2021-12-10,15,73.9,ashley.gonzalez@company.com,(816) 524-7807,On Leave
EMP010396,Emily,Davis,Emily Davis,46,Sales,Senior Developer,Austin,59501.83,3108.18,2024-12-18,17,86.3,emily.davis@company.com,(931) 966-5399,Active
EMP010397,Amanda,Gonzalez,Amanda Gonzalez,62,Engineering,Coordinator,Austin,119627.24,6851.69,2020-07-17,37,99.6,amanda.gonzalez@company.com,(949) 775-4551,Active
EMP010398,Robert,Davis,Robert Davis,60,Sales,Associate,Seattle,95408.19,4534.14,2020-02-14,36,55.2,robert.davis@company.com,(641) 269-6380,Active
EMP010399,William,Taylor,William Taylor,56,Operations,Lead,Seattle,86541.46,5238.84,2021-10-01,32,64.2,william.taylor@company.com,(413) 803-1647,On Leave
EMP010400,John,Garcia,John Garcia,51,Engineering,Specialist,San Francisco,101938.94,10079.26,2020-04-27,22,60.4,john.garcia@company.com,(951) 806-7833,Active
EMP010401,Christopher,Rodriguez,Christopher Rodriguez,37,Marketing,Specialist,Seattle,58081.4,5519.92,2020-05-26,13,87.9,christopher.rodriguez@company.com,(755) 373-8805,Active
EMP010402,Ashley,Miller,Ashley Miller,41,Engineering,Senior Developer,Miami,111218.85,3358.57,2021-09-08,13,71.4,ashley.miller@company.com,(844) 284-8334,Active
EMP010403,Sarah,Lopez,Sarah Lopez,65,Legal,Associate,Seattle,118505.2,16594.96,2024-02-25,36,69.1,sarah.lopez@company.com,(471) 670-3698,Inactive
EMP010404,Stephanie,Gonzalez,Stephanie Gonzalez,50,Sales,Lead,San Francisco,84862.87,9663.21,2022-04-02,28,54.3,stephanie.gonzalez@company.com,(273) 478-9089,Active
EMP010405,Emily,Anderson,Emily Anderson,65,Finance,Specialist,New York,107789.55,14510.87,2023-04-20,42,81.5,emily.anderson@company.com,(737) 879-7358,Active
EMP010406,Sarah,Anderson,Sarah Anderson,51,Marketing,Lead,Seattle,73549.21,5363.39,2023-10-24,24,85.1,sarah.anderson@company.com,(932) 946-2985,Active
EMP010407,Stephanie,Lopez,Stephanie Lopez,55,HR,Associate,Seattle,83982.81,9702.29,2020-06-15,30,85.0,stephanie.lopez@company.com,(839) 856-3818,Active
EMP010408,Jane,Smith,Jane Smith,55,Sales,Manager,Chicago,80747.32,6756.0,2020-11-12,27,55.1,jane.smith@company.com,(792) 714-6742,Active
EMP010409,Ashley,Taylor,Ashley Taylor,48,Sales,Analyst,Miami,54956.52,5944.38,2022-04-09,24,100.0,ashley.taylor@company.com,(688) 906-4715,Active
EMP010410,David,Jackson,David Jackson,54,HR,Manager,Seattle,88502.8,11069.14,2021-06-02,25,62.6,david.jackson@company.com,(666) 368-2526,Active
EMP010411,William,Lopez,William Lopez,29,IT,Analyst,New York,116654.54,9185.9,2024-02-20,5,100.0,william.lopez@company.com,(624) 683-2093,Active
EMP010412,Christopher,Jones,Christopher Jones,22,Engineering,Director,Los Angeles,66435.44,7292.63,2020-05-09,0,81.0,christopher.jones@company.com,(652) 890-7238,Active
EMP010413,Lisa,Anderson,Lisa Anderson,62,Sales,Director,Seattle,90426.35,6314.59,2023-05-13,39,82.4,lisa.anderson@company.com,(645) 622-1637,Active
EMP010414,John,Jackson,John Jackson,23,IT,Manager,Miami,72973.84,0.0,2023-10-10,0,90.2,john.jackson@company.com,(220) 230-2085,Active
EMP010415,Jessica,Miller,Jessica Miller,38,Engineering,Specialist,Austin,96877.03,14734.11,2024-05-06,11,62.7,jessica.miller@company.com,(828) 214-3918,Active
EMP010416,James,Williams,James Williams,38,Engineering,Director,San Francisco,72094.95,2644.66,2024-12-12,9,54.6,james.williams@company.com,(822) 252-3016,Active
EMP010417,Ashley,Smith,Ashley Smith,32,Operations,Analyst,Los Angeles,43683.58,4055.55,2022-04-17,5,89.6,ashley.smith@company.com,(778) 879-6366,Active
EMP010418,Sarah,Jackson,Sarah Jackson,63,Legal,Director,Boston,95897.69,6542.69,2023-05-20,38,93.9,sarah.jackson@company.com,(754) 780-6716,On Leave
EMP010419,Daniel,Wilson,Daniel Wilson,49,Engineering,Senior Developer,Seattle,106466.06,15302.37,2021-11-21,20,75.9,daniel.wilson@company.com,(731) 593-4658,Active
EMP010420,Amanda,Jackson,Amanda Jackson,52,Engineering,Coordinator,Austin,77621.09,12010.76,2022-10-14,26,91.3,amanda.jackson@company.com,(989) 904-1971,Active
EMP010421,Emily,Rodriguez,Emily Rodriguez,36,Sales,Analyst,Austin,56418.99,5364.03,2023-04-15,8,69.4,emily.rodriguez@company.com,(971) 883-5257,Inactive
EMP010422,Matthew,Thomas,Matthew Thomas,37,Marketing,Associate,Miami,60653.32,8804.83,2021-10-20,11,65.6,matthew.thomas@company.com,(270) 914-2942,Active
EMP010423,Jane,Garcia,Jane Garcia,49,Engineering,Lead,New York,90169.41,10127.61,2023-09-05,22,85.1,jane.garcia@company.com,(975) 910-4082,Active
EMP010424,John,Gonzalez,John Gonzalez,23,Operations,Associate,Chicago,37418.35,3585.3,2022-09-11,0,100.0,john.gonzalez@company.com,(700) 613-8518,Active
EMP010425,Jessica,Jackson,Jessica Jackson,44,Sales,Senior Developer,Miami,97646.38,12568.07,2020-02-28,20,78.4,jessica.jackson@company.com,(496) 894-5039,Active
EMP010426,Michael,Johnson,Michael Johnson,52,IT,Associate,Chicago,73371.14,9072.88,2023-11-28,26,71.1,michael.johnson@company.com,(457) 710-3925,Active
EMP010427,Melissa,Gonzalez,Melissa Gonzalez,40,Sales,Specialist,San Francisco,56652.4,11903.11,2022-06-21,16,89.6,melissa.gonzalez@company.com,(948) 849-9492,Active
EMP010428,Ashley,Rodriguez,Ashley Rodriguez,28,Sales,Associate,Boston,81696.63,4791.07,2021-07-24,2,55.5,ashley.rodriguez@company.com,(335) 608-5840,Active
EMP010429,Lisa,Wilson,Lisa Wilson,30,Finance,Senior Developer,Boston,63770.04,12052.46,2021-12-13,2,72.5,lisa.wilson@company.com,(316) 884-2206,Active
EMP010430,Jessica,Brown,Jessica Brown,42,Finance,Senior Developer,Miami,99287.0,11684.65,2024-03-02,20,90.4,jessica.brown@company.com,(785) 537-6466,Inactive
EMP010431,William,Gonzalez,William Gonzalez,32,Marketing,Manager,Austin,60965.01,4719.66,2024-02-07,10,88.2,william.gonzalez@company.com,(318) 992-4567,Active
EMP010432,Sarah,Moore,Sarah Moore,29,HR,Lead,Chicago,67426.04,9555.45,2022-03-24,1,83.4,sarah.moore@company.com,(635) 578-3182,Active
EMP010433,Matthew,Lopez,Matthew Lopez,64,HR,Lead,New York,72252.2,13158.68,2024-04-01,41,72.4,matthew.lopez@company.com,(502) 942-6049,Active
EMP010434,William,Miller,William Miller,36,IT,Specialist,Los Angeles,70146.44,5831.52,2024-07-17,7,59.6,william.miller@company.com,(461) 948-8035,Active
EMP010435,Emily,Rodriguez,Emily Rodriguez,51,IT,Associate,Los Angeles,92136.76,18203.99,2024-03-20,29,72.3,emily.rodriguez@company.com,(952) 485-6819,Active
EMP010436,Anthony,Jackson,Anthony Jackson,37,Legal,Director,San Francisco,102435.41,18082.61,2021-05-26,13,72.2,anthony.jackson@company.com,(327) 815-5264,Active
EMP010437,David,Davis,David Davis,64,Operations,Specialist,Chicago,83086.73,9679.84,2022-12-11,39,75.5,david.davis@company.com,(741) 933-1763,Active
EMP010438,Sarah,Martin,Sarah Martin,24,IT,Senior Developer,Austin,71915.24,3840.38,2021-09-14,2,72.7,sarah.martin@company.com,(346) 781-2034,Active
EMP010439,Michael,Gonzalez,Michael Gonzalez,33,IT,Senior Developer,Chicago,71000.3,11415.77,2024-09-07,7,75.4,michael.gonzalez@company.com,(353) 509-4746,Active
EMP010440,Matthew,Brown,Matthew Brown,62,Operations,Director,Miami,62030.76,1642.19,2020-11-05,35,89.9,matthew.brown@company.com,(474) 772-4077,Active
EMP010441,Lisa,Williams,Lisa Williams,55,Operations,Analyst,Seattle,87571.18,16073.44,2023-03-18,29,82.8,lisa.williams@company.com,(601) 759-5648,Active
EMP010442,David,Jackson,David Jackson,62,Legal,Associate,Chicago,114822.97,9482.99,2020-02-04,37,94.1,david.jackson@company.com,(700) 310-9484,Active
EMP010443,John,Martin,John Martin,57,Legal,Analyst,Boston,84531.87,8759.93,2024-05-09,30,99.4,john.martin@company.com,(765) 532-2063,Active
EMP010444,Robert,Jones,Robert Jones,22,Engineering,Senior Developer,Miami,85451.15,2041.15,2021-05-03,0,71.8,robert.jones@company.com,(651) 966-4470,Active
EMP010445,William,Martin,William Martin,42,Operations,Specialist,Austin,75918.2,4518.59,2021-05-04,16,81.1,william.martin@company.com,(528) 772-5860,Active
EMP010446,Emily,Thomas,Emily Thomas,26,Legal,Director,San Francisco,94782.14,9798.36,2021-10-01,2,82.3,emily.thomas@company.com,(564) 251-5626,Active
EMP010447,Jessica,Jones,Jessica Jones,43,IT,Associate,San Francisco,73346.62,4793.62,2022-09-05,16,69.3,jessica.jones@company.com,(588) 471-6509,Active
EMP010448,Melissa,Martin,Melissa Martin,53,Finance,Coordinator,Los Angeles,87384.76,10842.93,2022-06-23,25,90.7,melissa.martin@company.com,(598) 676-9366,Active
EMP010449,Jessica,Rodriguez,Jessica Rodriguez,55,Engineering,Analyst,Boston,101780.31,9789.1,2024-03-25,31,77.7,jessica.rodriguez@company.com,(905) 826-1577,Active
EMP010450,Daniel,Johnson,Daniel Johnson,63,Finance,Director,Los Angeles,87714.52,7321.53,2021-01-05,38,68.0,daniel.johnson@company.com,(355) 673-4465,Active
EMP010451,Amanda,Jackson,Amanda Jackson,25,Finance,Senior Developer,Miami,48744.23,3266.02,2021-09-20,3,80.7,amanda.jackson@company.com,(878) 566-6524,Inactive
EMP010452,Ashley,Johnson,Ashley Johnson,36,Sales,Associate,New York,80075.0,6962.35,2024-01-03,8,75.7,ashley.johnson@company.com,(625) 868-5244,Active
EMP010453,Lisa,Smith,Lisa Smith,48,Legal,Lead,Austin,130840.04,14290.46,2020-02-08,19,55.3,lisa.smith@company.com,(910) 985-8267,Active
EMP010454,William,Miller,William Miller,42,Finance,Coordinator,Miami,78461.59,10615.82,2023-11-07,13,75.6,william.miller@company.com,(240) 221-3930,Inactive
EMP010455,Matthew,Johnson,Matthew Johnson,57,IT,Coordinator,Boston,87296.41,12316.56,2023-03-10,30,80.4,matthew.johnson@company.com,(234) 493-3894,Active
EMP010456,Christopher,Taylor,Christopher Taylor,34,Operations,Associate,San Francisco,54147.17,8841.71,2021-02-07,11,53.3,christopher.taylor@company.com,(557) 703-9143,Active
EMP010457,Matthew,Jackson,Matthew Jackson,30,Legal,Director,San Francisco,68491.85,7828.21,2022-04-18,4,100.0,matthew.jackson@company.com,(281) 642-5965,Active
EMP010458,Christopher,Martin,Christopher Martin,26,HR,Senior Developer,Chicago,39735.53,2373.6,2022-03-19,4,83.2,christopher.martin@company.com,(286) 325-6561,Active
EMP010459,Matthew,Garcia,Matthew Garcia,41,Finance,Lead,Chicago,75700.52,6250.14,2023-08-24,18,44.1,matthew.garcia@company.com,(745) 957-2097,Active
EMP010460,Jane,Moore,Jane Moore,45,HR,Manager,New York,75514.03,11107.33,2024-03-21,17,81.9,jane.moore@company.com,(230) 689-6888,Active
EMP010461,Melissa,Williams,Melissa Williams,54,Finance,Analyst,Chicago,107952.77,7567.94,2022-08-24,32,93.0,melissa.williams@company.com,(610) 808-1752,Active
EMP010462,Stephanie,Garcia,Stephanie Garcia,52,IT,Specialist,Seattle,127769.86,5762.53,2021-03-30,27,56.1,stephanie.garcia@company.com,(435) 332-8466,Active
EMP010463,Matthew,Hernandez,Matthew Hernandez,60,Operations,Specialist,Miami,98223.83,3129.86,2023-10-16,37,85.8,matthew.hernandez@company.com,(978) 800-3109,Active
EMP010464,David,Thomas,David Thomas,25,Legal,Director,Miami,60032.76,1610.82,2020-02-06,2,82.2,david.thomas@company.com,(893) 337-4305,Inactive
EMP010465,Jane,Davis,Jane Davis,34,Sales,Coordinator,Los Angeles,85134.33,11433.76,2020-03-17,9,72.6,jane.davis@company.com,(726) 992-8373,Inactive
EMP010466,Amanda,Williams,Amanda Williams,58,Legal,Analyst,Austin,114508.79,15022.0,2023-08-08,36,42.4,amanda.williams@company.com,(236) 971-6140,Active
EMP010467,Michael,Thomas,Michael Thomas,47,Legal,Lead,San Francisco,119033.12,8099.6,2021-05-30,23,72.9,michael.thomas@company.com,(808) 461-5252,Inactive
EMP010468,Emily,Miller,Emily Miller,50,Sales,Senior Developer,San Francisco,76535.64,4543.91,2021-07-26,25,64.7,emily.miller@company.com,(257) 867-8934,On Leave
EMP010469,Sarah,Martin,Sarah Martin,35,Sales,Coordinator,Miami,84345.12,4353.03,2024-03-22,9,74.8,sarah.martin@company.com,(625) 960-9619,Active
EMP010470,Christopher,Thomas,Christopher Thomas,61,Engineering,Coordinator,Seattle,153358.62,18690.66,2024-03-05,33,84.1,christopher.thomas@company.com,(645) 804-8356,Inactive
EMP010471,Robert,Martinez,Robert Martinez,36,IT,Specialist,Boston,96951.58,3156.13,2022-08-05,14,85.9,robert.martinez@company.com,(929) 334-3165,Active
EMP010472,Jane,Miller,Jane Miller,28,Engineering,Director,Boston,48259.59,4902.66,2023-01-28,0,67.5,jane.miller@company.com,(767) 710-1596,Active
EMP010473,Stephanie,Thomas,Stephanie Thomas,47,IT,Analyst,New York,89907.83,8444.76,2024-07-20,21,82.2,stephanie.thomas@company.com,(219) 407-5221,Active
EMP010474,Emily,Davis,Emily Davis,31,HR,Analyst,San Francisco,59320.18,4505.16,2020-11-29,9,87.5,emily.davis@company.com,(649) 761-1937,Active
EMP010475,Michael,Smith,Michael Smith,32,Legal,Director,New York,53219.26,4636.24,2021-09-21,7,82.5,michael.smith@company.com,(482) 518-9534,Active
EMP010476,Jane,Anderson,Jane Anderson,63,Legal,Director,Austin,131529.05,14605.27,2024-08-30,35,84.8,jane.anderson@company.com,(497) 557-4095,Active
EMP010477,Jessica,Hernandez,Jessica Hernandez,30,IT,Associate,Boston,70716.03,8843.81,2023-09-25,4,100.0,jessica.hernandez@company.com,(713) 894-4159,Active
EMP010478,Anthony,Smith,Anthony Smith,55,Operations,Coordinator,New York,87974.74,7103.76,2020-11-16,26,75.6,anthony.smith@company.com,(608) 973-9334,Active
EMP010479,Melissa,Gonzalez,Melissa Gonzalez,23,Operations,Specialist,Los Angeles,25500.0,2744.02,2020-02-18,0,71.3,melissa.gonzalez@company.com,(608) 207-1183,On Leave
EMP010480,Anthony,Miller,Anthony Miller,32,Engineering,Lead,Austin,45871.24,5106.26,2021-09-25,6,73.6,anthony.miller@company.com,(988) 970-1718,Active
EMP010481,John,Wilson,John Wilson,27,HR,Specialist,Chicago,51352.56,5690.41,2023-05-13,0,98.5,john.wilson@company.com,(480) 763-5375,Active
EMP010482,Sarah,Davis,Sarah Davis,35,HR,Lead,Austin,69808.15,1672.93,2023-09-16,12,69.1,sarah.davis@company.com,(678) 478-3733,Active
EMP010483,William,Garcia,William Garcia,63,Operations,Lead,San Francisco,90931.61,23232.59,2023-07-08,35,87.3,william.garcia@company.com,(706) 571-8020,Active
EMP010484,James,Moore,James Moore,44,Finance,Senior Developer,Los Angeles,76265.07,6107.16,2023-01-22,20,78.0,james.moore@company.com,(284) 597-6393,Inactive
EMP010485,Stephanie,Davis,Stephanie Davis,61,IT,Coordinator,New York,123245.2,11467.12,2020-12-02,39,92.7,stephanie.davis@company.com,(462) 535-8379,Active
EMP010486,James,Williams,James Williams,42,Legal,Associate,New York,79725.38,1775.23,2023-08-07,14,50.3,james.williams@company.com,(494) 790-6937,Active
EMP010487,Melissa,Gonzalez,Melissa Gonzalez,44,Sales,Coordinator,Los Angeles,62643.51,13070.46,2021-12-18,17,100.0,melissa.gonzalez@company.com,(451) 342-3971,Active
EMP010488,Christopher,Wilson,Christopher Wilson,27,Finance,Associate,Chicago,89480.89,15844.28,2023-11-13,4,74.5,christopher.wilson@company.com,(539) 272-8677,Active
EMP010489,Sarah,Jones,Sarah Jones,64,IT,Director,Los Angeles,105367.08,14687.28,2021-10-04,39,87.3,sarah.jones@company.com,(201) 527-8839,Active
EMP010490,Anthony,Brown,Anthony Brown,47,Legal,Associate,Miami,75315.55,2847.46,2022-04-14,21,73.6,anthony.brown@company.com,(840) 418-5902,Active
EMP010491,Jessica,Miller,Jessica Miller,38,Marketing,Director,Austin,95933.79,10823.67,2021-12-31,14,54.7,jessica.miller@company.com,(647) 365-8976,Active
EMP010492,Robert,Thomas,Robert Thomas,27,Sales,Senior Developer,San Francisco,43252.37,469.3,2024-08-21,0,68.5,robert.thomas@company.com,(720) 896-3512,Inactive
EMP010493,John,Gonzalez,John Gonzalez,50,Engineering,Coordinator,Seattle,116472.21,5838.0,2021-09-03,26,64.0,john.gonzalez@company.com,(230) 818-8101,Active
EMP010494,Matthew,Garcia,Matthew Garcia,35,HR,Senior Developer,New York,45727.94,734.37,2024-05-01,10,68.0,matthew.garcia@company.com,(280) 412-5647,Active
EMP010495,Emily,Wilson,Emily Wilson,55,Operations,Senior Developer,Boston,92320.9,12852.94,2020-10-05,27,64.5,emily.wilson@company.com,(748) 859-8216,Active
EMP010496,Robert,Rodriguez,Robert Rodriguez,47,Sales,Lead,Boston,63379.05,5624.5,2020-07-24,24,85.8,robert.rodriguez@company.com,(519) 935-7544,Active
EMP010497,Melissa,Smith,Melissa Smith,53,Engineering,Coordinator,Austin,114458.09,7436.33,2024-08-20,31,98.0,melissa.smith@company.com,(999) 890-6708,Active
EMP010498,Emily,Jackson,Emily Jackson,64,Legal,Associate,New York,148188.46,25345.91,2021-11-07,38,96.0,emily.jackson@company.com,(229) 285-8601,Active
EMP010499,Melissa,Davis,Melissa Davis,59,HR,Analyst,Austin,72323.95,3074.83,2023-04-07,32,83.2,melissa.davis@company.com,(924) 686-7849,Inactive
EMP010500,Sarah,Brown,Sarah Brown,25,HR,Director,San Francisco,47874.63,5958.6,2021-04-11,2,100.0,sarah.brown@company.com,(590) 559-5538,Inactive
EMP010501,David,Anderson,David Anderson,26,HR,Associate,San Francisco,57287.3,0.0,2024-10-31,0,76.2,david.anderson@company.com,(509) 564-4718,Active
EMP010502,Stephanie,Brown,Stephanie Brown,46,Finance,Manager,San Francisco,62491.32,4807.61,2020-06-30,23,54.8,stephanie.brown@company.com,(444) 701-5957,On Leave
EMP010503,Amanda,Moore,Amanda Moore,38,Legal,Senior Developer,San Francisco,99438.08,19772.91,2022-04-24,12,61.2,amanda.moore@company.com,(708) 297-6001,Active
EMP010504,Emily,Anderson,Emily Anderson,60,Operations,Senior Developer,Seattle,99194.03,10295.41,2020-04-12,31,81.7,emily.anderson@company.com,(799) 525-8399,Active
EMP010505,Matthew,Hernandez,Matthew Hernandez,52,Finance,Manager,Chicago,95413.95,5403.95,2022-04-18,27,64.6,matthew.hernandez@company.com,(585) 652-2775,Active
EMP010506,Lisa,Rodriguez,Lisa Rodriguez,63,Finance,Specialist,Austin,108079.48,6824.61,2022-11-07,34,64.7,lisa.rodriguez@company.com,(530) 470-3410,Active
EMP010507,Anthony,Moore,Anthony Moore,51,IT,Lead,New York,106156.53,17604.99,2022-10-30,27,99.6,anthony.moore@company.com,(463) 915-9327,Active
EMP010508,Anthony,Miller,Anthony Miller,23,Marketing,Analyst,Seattle,67456.15,8411.34,2023-09-14,1,90.8,anthony.miller@company.com,(870) 727-2109,Active
EMP010509,Robert,Wilson,Robert Wilson,56,Marketing,Analyst,Austin,64544.49,10411.85,2022-11-02,31,79.7,robert.wilson@company.com,(743) 664-8323,Active
EMP010510,Melissa,Miller,Melissa Miller,32,Sales,Coordinator,Austin,75699.88,10149.05,2024-12-06,3,100.0,melissa.miller@company.com,(213) 436-6696,On Leave
EMP010511,William,Davis,William Davis,45,HR,Manager,Boston,57562.05,6078.76,2024-08-08,17,63.3,william.davis@company.com,(865) 394-8231,Active
EMP010512,Matthew,Gonzalez,Matthew Gonzalez,45,HR,Specialist,New York,80777.78,8313.89,2024-11-28,22,69.8,matthew.gonzalez@company.com,(227) 673-5756,Active
EMP010513,Matthew,Taylor,Matthew Taylor,53,IT,Director,Los Angeles,134584.42,10130.53,2020-07-25,27,75.3,matthew.taylor@company.com,(939) 740-4345,Active
EMP010514,Ashley,Wilson,Ashley Wilson,49,HR,Manager,Austin,74195.63,2791.26,2021-05-19,22,72.1,ashley.wilson@company.com,(499) 807-5437,Active
EMP010515,Jane,Jones,Jane Jones,52,Legal,Manager,Los Angeles,126681.64,31660.05,2023-08-02,29,82.0,jane.jones@company.com,(625) 680-1562,Active
EMP010516,Jane,Miller,Jane Miller,55,HR,Director,Seattle,83469.7,5886.06,2024-04-25,33,75.6,jane.miller@company.com,(964) 213-8111,Active
EMP010517,John,Davis,John Davis,64,Operations,Associate,Boston,64559.27,14637.02,2021-06-30,40,91.4,john.davis@company.com,(936) 278-7325,Active
EMP010518,Emily,Johnson,Emily Johnson,35,Engineering,Senior Developer,Los Angeles,103513.76,5451.65,2020-10-29,9,87.6,emily.johnson@company.com,(373) 305-9599,Active
EMP010519,David,Wilson,David Wilson,65,HR,Manager,San Francisco,81924.21,5825.13,2020-06-21,40,69.9,david.wilson@company.com,(455) 721-1805,Active
EMP010520,Stephanie,Garcia,Stephanie Garcia,49,IT,Analyst,Los Angeles,100821.54,3285.77,2023-05-27,25,69.0,stephanie.garcia@company.com,(352) 399-2920,Active
EMP010521,Emily,Garcia,Emily Garcia,44,IT,Lead,Los Angeles,82781.31,2997.03,2021-12-24,17,96.4,emily.garcia@company.com,(582) 552-4633,Inactive
EMP010522,Robert,Thomas,Robert Thomas,62,HR,Lead,Boston,83412.95,9972.99,2023-05-07,37,70.1,robert.thomas@company.com,(976) 947-9318,Active
EMP010523,Jessica,Martinez,Jessica Martinez,56,IT,Senior Developer,Austin,98742.07,8728.77,2023-02-04,27,49.8,jessica.martinez@company.com,(993) 549-3258,Active
EMP010524,William,Anderson,William Anderson,46,Operations,Associate,Austin,55631.23,6301.97,2023-04-20,18,75.5,william.anderson@company.com,(417) 767-4374,Active
EMP010525,Jane,Davis,Jane Davis,26,Operations,Lead,Seattle,37720.21,4765.79,2024-01-28,0,71.0,jane.davis@company.com,(358) 729-7134,Active
EMP010526,William,Jones,William Jones,58,Sales,Specialist,San Francisco,109638.7,4487.26,2024-02-14,35,74.6,william.jones@company.com,(551) 968-9422,Active
EMP010527,Sarah,Jackson,Sarah Jackson,40,Legal,Specialist,New York,89113.66,8348.28,2024-12-09,18,100.0,sarah.jackson@company.com,(772) 962-2616,Active
EMP010528,Anthony,Smith,Anthony Smith,50,Marketing,Senior Developer,New York,53426.04,5490.87,2022-12-13,21,96.6,anthony.smith@company.com,(970) 282-9732,Active
EMP010529,William,Johnson,William Johnson,47,Legal,Specialist,Chicago,79289.82,8859.96,2023-02-06,22,82.6,william.johnson@company.com,(746) 409-2083,Active
EMP010530,John,Johnson,John Johnson,22,Legal,Coordinator,New York,74241.2,2478.44,2023-11-03,0,72.7,john.johnson@company.com,(701) 453-9117,Active
EMP010531,Robert,Jackson,Robert Jackson,59,Legal,Specialist,San Francisco,135508.44,7332.44,2024-11-09,32,92.3,robert.jackson@company.com,(241) 807-7465,Active
EMP010532,Matthew,Martinez,Matthew Martinez,28,HR,Analyst,Chicago,63759.36,6344.5,2024-10-20,6,100.0,matthew.martinez@company.com,(229) 403-3629,Inactive
EMP010533,Ashley,Martinez,Ashley Martinez,61,Engineering,Director,San Francisco,113398.75,21318.82,2022-10-06,37,100.0,ashley.martinez@company.com,(369) 926-8948,Active
EMP010534,Stephanie,Davis,Stephanie Davis,40,Sales,Coordinator,San Francisco,53952.13,8122.79,2020-05-08,13,100.0,stephanie.davis@company.com,(985) 454-7674,Active
EMP010535,Amanda,Brown,Amanda Brown,28,HR,Associate,New York,55162.99,7243.02,2022-08-26,5,76.5,amanda.brown@company.com,(813) 983-2325,Active
EMP010536,Jessica,Moore,Jessica Moore,46,Finance,Specialist,Austin,78879.15,6978.44,2024-01-28,21,53.1,jessica.moore@company.com,(604) 431-2160,Active
EMP010537,Ashley,Anderson,Ashley Anderson,30,IT,Analyst,San Francisco,105146.15,11564.75,2021-09-26,2,66.1,ashley.anderson@company.com,(233) 599-3404,Active
EMP010538,Robert,Anderson,Robert Anderson,62,Operations,Manager,Seattle,84879.12,4387.09,2024-09-16,40,54.4,robert.anderson@company.com,(476) 697-9049,Inactive
EMP010539,Melissa,Jackson,Melissa Jackson,27,HR,Manager,Chicago,57244.43,6374.74,2022-10-31,3,83.4,melissa.jackson@company.com,(335) 756-5990,Active
EMP010540,Nicole,Jackson,Nicole Jackson,38,Finance,Coordinator,Los Angeles,62648.23,9144.36,2023-01-25,12,73.8,nicole.jackson@company.com,(881) 474-9083,Active
EMP010541,Christopher,Taylor,Christopher Taylor,28,IT,Director,Seattle,74934.29,3805.5,2022-04-24,5,86.8,christopher.taylor@company.com,(773) 316-3412,Active
EMP010542,Michael,Thomas,Michael Thomas,37,HR,Manager,San Francisco,63464.7,6255.63,2021-10-13,11,66.1,michael.thomas@company.com,(367) 897-2311,Active
EMP010543,Emily,Thomas,Emily Thomas,58,HR,Analyst,San Francisco,73454.09,12683.36,2021-04-09,30,93.1,emily.thomas@company.com,(482) 349-3700,Active
EMP010544,Melissa,Gonzalez,Melissa Gonzalez,45,IT,Manager,Boston,78673.94,12224.05,2021-05-17,17,58.5,melissa.gonzalez@company.com,(212) 266-9618,Active
EMP010545,Daniel,Thomas,Daniel Thomas,38,HR,Coordinator,New York,66124.6,5879.39,2021-11-29,12,68.9,daniel.thomas@company.com,(883) 824-9069,Active
EMP010546,Sarah,Rodriguez,Sarah Rodriguez,23,HR,Senior Developer,Los Angeles,27000.0,2642.89,2022-06-29,0,65.0,sarah.rodriguez@company.com,(268) 528-2402,Active
EMP010547,Jane,Martinez,Jane Martinez,27,IT,Specialist,Seattle,36000.0,3437.59,2021-08-25,3,64.1,jane.martinez@company.com,(614) 331-8697,Active
EMP010548,Robert,Martin,Robert Martin,23,Legal,Associate,Seattle,41585.89,4954.15,2022-04-11,0,63.4,robert.martin@company.com,(828) 781-4779,Active
EMP010549,Stephanie,Martinez,Stephanie Martinez,36,Engineering,Lead,Boston,85165.12,8242.99,2021-10-05,8,92.9,stephanie.martinez@company.com,(366) 202-8433,Inactive
EMP010550,Ashley,Moore,Ashley Moore,62,IT,Senior Developer,Austin,105917.07,10979.54,2023-09-18,40,98.2,ashley.moore@company.com,(269) 444-5479,Active
EMP010551,Nicole,Williams,Nicole Williams,57,HR,Manager,Chicago,78836.6,5492.61,2023-08-22,30,89.2,nicole.williams@company.com,(309) 640-1372,Active
EMP010552,David,Gonzalez,David Gonzalez,51,Operations,Associate,New York,61560.75,7693.3,2021-10-01,25,79.0,david.gonzalez@company.com,(971) 949-1462,Active
EMP010553,Stephanie,Moore,Stephanie Moore,39,Finance,Associate,New York,97228.82,9030.92,2024-06-20,11,74.0,stephanie.moore@company.com,(803) 660-3632,Active
EMP010554,Daniel,Garcia,Daniel Garcia,58,HR,Analyst,San Francisco,91013.54,1640.76,2020-08-09,31,59.8,daniel.garcia@company.com,(237) 661-4010,Active
EMP010555,Ashley,Jones,Ashley Jones,48,Legal,Coordinator,Chicago,86261.71,8609.58,2020-05-10,21,97.9,ashley.jones@company.com,(608) 239-7890,Active
EMP010556,Melissa,Williams,Melissa Williams,49,IT,Director,Boston,84858.73,2718.57,2021-12-15,24,70.1,melissa.williams@company.com,(483) 445-5116,Active
EMP010557,Lisa,Martinez,Lisa Martinez,43,Engineering,Lead,Boston,89412.0,9523.56,2020-05-08,21,57.0,lisa.martinez@company.com,(726) 288-9171,Active
EMP010558,Michael,Thomas,Michael Thomas,46,Legal,Lead,New York,120464.93,10997.25,2022-03-15,24,48.3,michael.thomas@company.com,(397) 390-3437,Active
EMP010559,Robert,Jones,Robert Jones,60,HR,Senior Developer,Boston,85027.27,16829.81,2024-12-05,35,43.9,robert.jones@company.com,(494) 997-3552,Active
EMP010560,James,Martinez,James Martinez,64,Finance,Analyst,Austin,110240.91,8435.2,2021-08-11,42,54.2,james.martinez@company.com,(211) 734-7527,Active
EMP010561,Matthew,Miller,Matthew Miller,31,Sales,Analyst,Los Angeles,59691.45,8394.83,2023-10-18,2,84.3,matthew.miller@company.com,(591) 761-9690,On Leave
EMP010562,Emily,Thomas,Emily Thomas,57,Engineering,Coordinator,Los Angeles,117963.57,7652.52,2020-03-26,31,68.7,emily.thomas@company.com,(947) 366-2106,Active
EMP010563,Jessica,Wilson,Jessica Wilson,65,Engineering,Associate,New York,133048.71,7223.68,2020-04-02,37,73.0,jessica.wilson@company.com,(775) 428-2280,Active
EMP010564,Melissa,Rodriguez,Melissa Rodriguez,62,Marketing,Specialist,Miami,58666.11,5697.23,2021-08-06,38,65.6,melissa.rodriguez@company.com,(742) 807-9848,Active
EMP010565,Nicole,Moore,Nicole Moore,35,HR,Specialist,Seattle,63500.89,8839.82,2020-12-11,9,83.3,nicole.moore@company.com,(626) 386-7102,Active
EMP010566,Ashley,Williams,Ashley Williams,48,Sales,Coordinator,Boston,82559.53,2411.85,2022-03-31,23,67.7,ashley.williams@company.com,(556) 689-8010,Active
EMP010567,John,Moore,John Moore,37,Marketing,Specialist,Austin,66658.62,11063.8,2022-05-27,8,71.1,john.moore@company.com,(782) 251-1010,Active
EMP010568,Lisa,Lopez,Lisa Lopez,51,Operations,Coordinator,Seattle,77898.99,11766.61,2023-09-06,26,74.1,lisa.lopez@company.com,(593) 965-4275,Active
EMP010569,James,Jones,James Jones,62,Operations,Associate,Chicago,63541.23,5430.99,2020-06-03,34,75.7,james.jones@company.com,(524) 791-9980,Active
EMP010570,Christopher,Taylor,Christopher Taylor,63,Sales,Coordinator,New York,98576.93,4853.76,2023-08-08,38,69.3,christopher.taylor@company.com,(636) 337-6583,Active
EMP010571,Christopher,Moore,Christopher Moore,57,Engineering,Associate,Austin,99374.98,10898.49,2020-04-15,34,86.7,christopher.moore@company.com,(372) 619-6188,Active
EMP010572,Christopher,Davis,Christopher Davis,55,Operations,Lead,Austin,81562.24,0.0,2021-01-28,27,94.8,christopher.davis@company.com,(879) 335-4448,Active
EMP010573,Emily,Martin,Emily Martin,25,Engineering,Manager,New York,80172.35,8423.72,2023-11-16,0,92.6,emily.martin@company.com,(460) 704-7879,Active
EMP010574,Lisa,Rodriguez,Lisa Rodriguez,32,Operations,Associate,Chicago,42046.04,1138.64,2022-10-28,3,87.2,lisa.rodriguez@company.com,(226) 756-8610,Active
EMP010575,Jessica,Johnson,Jessica Johnson,52,Engineering,Analyst,Boston,109957.52,7497.75,2021-03-17,29,59.8,jessica.johnson@company.com,(424) 591-4103,Active
EMP010576,William,Hernandez,William Hernandez,49,Finance,Senior Developer,Los Angeles,115307.45,15824.77,2022-01-12,22,84.4,william.hernandez@company.com,(384) 386-6677,Active
EMP010577,James,Brown,James Brown,28,IT,Coordinator,Miami,69460.91,389.02,2022-09-30,0,63.1,james.brown@company.com,(705) 639-2333,Active
EMP010578,Matthew,Johnson,Matthew Johnson,38,Finance,Senior Developer,Chicago,54630.02,9373.68,2024-05-16,14,100.0,matthew.johnson@company.com,(210) 219-1140,Inactive
EMP010579,David,Brown,David Brown,29,Marketing,Coordinator,Austin,64204.58,540.71,2022-12-15,7,67.4,david.brown@company.com,(635) 408-7483,Active
EMP010580,Nicole,Anderson,Nicole Anderson,33,HR,Specialist,San Francisco,63227.99,1234.67,2023-12-15,10,74.9,nicole.anderson@company.com,(733) 815-1990,Active
EMP010581,Anthony,Hernandez,Anthony Hernandez,27,Marketing,Associate,Los Angeles,57974.63,5000.69,2022-03-09,5,42.6,anthony.hernandez@company.com,(483) 575-8656,Active
EMP010582,David,Wilson,David Wilson,65,Sales,Manager,Seattle,116681.4,14603.85,2021-06-10,36,45.9,david.wilson@company.com,(244) 580-5310,Active
EMP010583,Melissa,Davis,Melissa Davis,54,HR,Coordinator,Seattle,75856.39,11900.07,2020-04-06,25,69.9,melissa.davis@company.com,(930) 989-6939,Inactive
EMP010584,Robert,Lopez,Robert Lopez,38,HR,Lead,Seattle,54184.22,6154.11,2024-12-01,12,81.8,robert.lopez@company.com,(625) 376-4490,Active
EMP010585,David,Taylor,David Taylor,42,Marketing,Manager,Los Angeles,80530.17,5799.56,2022-08-08,14,75.0,david.taylor@company.com,(325) 436-6213,Active
EMP010586,Lisa,Gonzalez,Lisa Gonzalez,42,IT,Director,Seattle,64520.55,5401.36,2021-10-27,17,99.3,lisa.gonzalez@company.com,(601) 819-6859,Inactive
EMP010587,Sarah,Davis,Sarah Davis,42,Finance,Coordinator,Miami,101263.18,9869.78,2023-05-02,14,65.2,sarah.davis@company.com,(512) 435-5452,Active
EMP010588,Daniel,Anderson,Daniel Anderson,57,Legal,Lead,Austin,113824.62,12604.47,2020-05-17,30,64.4,daniel.anderson@company.com,(881) 572-4004,On Leave
EMP010589,Melissa,Miller,Melissa Miller,54,HR,Manager,New York,94325.1,2094.06,2024-07-02,28,69.9,melissa.miller@company.com,(638) 341-8829,Inactive
EMP010590,David,Anderson,David Anderson,40,Sales,Director,San Francisco,89556.83,9033.95,2021-10-28,14,88.3,david.anderson@company.com,(851) 609-5539,Active
EMP010591,Melissa,Williams,Melissa Williams,29,Marketing,Lead,Los Angeles,65504.53,12928.89,2021-04-03,0,66.0,melissa.williams@company.com,(631) 542-1900,Active
EMP010592,Robert,Davis,Robert Davis,60,Sales,Manager,Seattle,69676.89,7533.09,2022-08-31,36,73.6,robert.davis@company.com,(463) 819-1129,Active
EMP010593,Matthew,Davis,Matthew Davis,43,Marketing,Analyst,Los Angeles,88862.49,4023.86,2020-03-30,18,61.1,matthew.davis@company.com,(381) 878-2775,Active
EMP010594,Emily,Davis,Emily Davis,34,Engineering,Associate,New York,147182.91,7749.67,2020-08-14,5,93.7,emily.davis@company.com,(362) 216-9254,Active
EMP010595,Nicole,Miller,Nicole Miller,52,Engineering,Coordinator,Los Angeles,88492.73,9755.86,2022-03-17,27,74.9,nicole.miller@company.com,(886) 442-4772,Active
EMP010596,Amanda,Miller,Amanda Miller,25,IT,Director,Boston,65100.27,6007.51,2020-03-27,1,67.1,amanda.miller@company.com,(860) 339-5252,Active
EMP010597,Nicole,Wilson,Nicole Wilson,48,Operations,Analyst,Miami,50211.65,0.0,2021-03-24,22,89.0,nicole.wilson@company.com,(641) 500-1055,Active
EMP010598,Christopher,Thomas,Christopher Thomas,35,Operations,Senior Developer,New York,56560.82,6490.53,2023-02-27,12,70.5,christopher.thomas@company.com,(915) 663-6438,On Leave
EMP010599,James,Hernandez,James Hernandez,27,Finance,Specialist,New York,60385.41,6223.25,2022-09-28,0,92.5,james.hernandez@company.com,(592) 991-8076,Active
EMP010600,Jane,Lopez,Jane Lopez,56,IT,Analyst,Boston,118079.7,7375.45,2023-04-03,31,77.1,jane.lopez@company.com,(540) 382-7440,Active
EMP010601,Lisa,Johnson,Lisa Johnson,54,Finance,Specialist,Austin,109422.4,2812.23,2020-09-28,27,82.3,lisa.johnson@company.com,(229) 675-6718,Active
EMP010602,Christopher,Gonzalez,Christopher Gonzalez,58,Sales,Manager,Austin,100346.86,16825.01,2021-04-06,35,68.4,christopher.gonzalez@company.com,(217) 616-1095,Active
EMP010603,James,Gonzalez,James Gonzalez,59,Legal,Director,Miami,113620.11,21947.32,2020-07-07,32,80.1,james.gonzalez@company.com,(745) 763-5567,Active
EMP010604,David,Rodriguez,David Rodriguez,57,Legal,Manager,Austin,110968.54,6146.06,2022-02-25,28,100.0,david.rodriguez@company.com,(776) 891-3368,On Leave
EMP010605,Lisa,Smith,Lisa Smith,34,Operations,Specialist,Boston,53023.93,3701.73,2023-09-22,11,61.7,lisa.smith@company.com,(407) 729-2159,Active
EMP010606,Amanda,Moore,Amanda Moore,49,Marketing,Director,Seattle,83739.92,7867.04,2024-10-27,25,73.2,amanda.moore@company.com,(752) 238-1225,Active
EMP010607,Ashley,Brown,Ashley Brown,25,Marketing,Manager,Los Angeles,74930.34,11164.2,2021-03-03,1,74.2,ashley.brown@company.com,(541) 515-3964,Active
EMP010608,Nicole,Lopez,Nicole Lopez,65,Operations,Senior Developer,New York,67092.54,3363.56,2021-01-21,43,78.4,nicole.lopez@company.com,(328) 599-5468,Active
EMP010609,Robert,Jackson,Robert Jackson,25,Finance,Manager,Miami,74838.15,2939.45,2023-07-03,2,51.9,robert.jackson@company.com,(681) 870-5675,Active
EMP010610,Stephanie,Lopez,Stephanie Lopez,22,HR,Analyst,San Francisco,53871.97,4973.53,2023-11-23,0,65.2,stephanie.lopez@company.com,(875) 765-7044,Active
EMP010611,Emily,Anderson,Emily Anderson,44,HR,Associate,Los Angeles,57583.22,7473.47,2021-01-05,17,67.0,emily.anderson@company.com,(553) 509-9255,Active
EMP010612,John,Brown,John Brown,36,Engineering,Senior Developer,Austin,49506.09,7889.74,2022-07-24,8,86.1,john.brown@company.com,(901) 457-9237,Inactive
EMP010613,John,Martinez,John Martinez,33,Sales,Lead,Miami,58549.69,4552.79,2023-01-21,4,74.8,john.martinez@company.com,(590) 451-1299,Active
EMP010614,Michael,Taylor,Michael Taylor,51,Engineering,Coordinator,Los Angeles,82594.35,8647.69,2023-04-15,27,70.1,michael.taylor@company.com,(666) 435-4574,Active
EMP010615,Michael,Martinez,Michael Martinez,56,HR,Lead,Boston,68556.31,4591.18,2021-02-15,33,62.8,michael.martinez@company.com,(913) 930-4347,Active
EMP010616,Michael,Williams,Michael Williams,47,Operations,Analyst,Boston,75482.99,11070.86,2021-06-04,24,80.3,michael.williams@company.com,(290) 556-8901,Active
EMP010617,Emily,Hernandez,Emily Hernandez,29,Operations,Manager,Austin,67870.92,5491.65,2023-03-20,5,82.7,emily.hernandez@company.com,(345) 366-8144,Inactive
EMP010618,Christopher,Lopez,Christopher Lopez,54,Marketing,Senior Developer,Austin,89495.62,9042.03,2024-12-17,29,61.1,christopher.lopez@company.com,(974) 474-5671,On Leave
EMP010619,Lisa,Miller,Lisa Miller,29,Marketing,Coordinator,Boston,72595.1,8775.39,2022-07-11,0,57.0,lisa.miller@company.com,(816) 316-9454,Active
EMP010620,James,Miller,James Miller,26,HR,Coordinator,Miami,36950.89,6203.26,2023-08-20,0,67.9,james.miller@company.com,(317) 371-3503,Active
EMP010621,Anthony,Lopez,Anthony Lopez,65,HR,Associate,Boston,82243.4,4912.08,2021-07-10,40,67.3,anthony.lopez@company.com,(622) 262-1216,Active
EMP010622,Stephanie,Brown,Stephanie Brown,27,Finance,Manager,San Francisco,33000.0,3325.68,2024-07-07,3,79.8,stephanie.brown@company.com,(473) 772-9261,Active
EMP010623,Anthony,Gonzalez,Anthony Gonzalez,46,Operations,Senior Developer,Miami,73065.8,7287.29,2023-11-03,18,98.6,anthony.gonzalez@company.com,(469) 629-9250,Active
EMP010624,Melissa,Garcia,Melissa Garcia,52,IT,Manager,Austin,87086.9,5075.41,2023-01-20,25,80.7,melissa.garcia@company.com,(327) 331-2340,Active
EMP010625,Daniel,Davis,Daniel Davis,44,Legal,Analyst,San Francisco,91203.76,9736.31,2024-07-11,21,69.5,daniel.davis@company.com,(843) 589-4464,Active
EMP010626,Daniel,Garcia,Daniel Garcia,61,Legal,Manager,Austin,93866.36,16656.1,2024-07-21,36,81.5,daniel.garcia@company.com,(861) 305-5791,Active
EMP010627,Amanda,Smith,Amanda Smith,55,Legal,Coordinator,New York,108938.85,10466.73,2024-06-09,26,87.2,amanda.smith@company.com,(284) 666-7622,On Leave
EMP010628,James,Williams,James Williams,62,IT,Manager,San Francisco,91460.41,11046.71,2020-09-18,39,66.6,james.williams@company.com,(696) 853-8224,Active
EMP010629,Nicole,Taylor,Nicole Taylor,48,Operations,Director,Austin,75544.3,11787.1,2023-07-04,23,69.9,nicole.taylor@company.com,(804) 643-2486,Active
EMP010630,Matthew,Williams,Matthew Williams,53,Engineering,Analyst,Miami,79934.12,7097.99,2024-05-14,30,70.5,matthew.williams@company.com,(724) 448-7761,Active
EMP010631,Stephanie,Brown,Stephanie Brown,25,Marketing,Lead,New York,87802.57,538.29,2023-03-21,0,59.2,stephanie.brown@company.com,(570) 782-9050,Active
EMP010632,Robert,Garcia,Robert Garcia,24,Sales,Senior Developer,Seattle,34873.62,6359.24,2023-01-31,2,63.1,robert.garcia@company.com,(286) 891-9875,Active
EMP010633,Lisa,Thomas,Lisa Thomas,56,Engineering,Lead,San Francisco,110587.29,10864.23,2024-01-04,30,80.5,lisa.thomas@company.com,(490) 222-5001,Active
EMP010634,Daniel,Garcia,Daniel Garcia,60,Marketing,Specialist,Austin,67854.49,5814.56,2020-12-20,37,58.4,daniel.garcia@company.com,(880) 870-2497,Inactive
EMP010635,James,Martinez,James Martinez,53,HR,Manager,New York,69405.85,9006.42,2024-08-01,27,69.7,james.martinez@company.com,(667) 332-3301,Active
EMP010636,Amanda,Anderson,Amanda Anderson,47,Sales,Associate,Seattle,97260.81,14790.05,2023-02-20,22,70.7,amanda.anderson@company.com,(545) 643-5192,Active
EMP010637,Emily,Jones,Emily Jones,60,IT,Specialist,New York,102417.64,17026.98,2020-12-22,31,74.2,emily.jones@company.com,(311) 693-3502,Active
EMP010638,William,Johnson,William Johnson,54,Sales,Associate,Seattle,100755.46,10042.4,2020-07-22,32,87.6,william.johnson@company.com,(351) 650-2540,Inactive
EMP010639,Lisa,Smith,Lisa Smith,52,Operations,Associate,Austin,58629.63,6723.05,2020-09-21,28,82.0,lisa.smith@company.com,(641) 272-8176,Inactive
EMP010640,Michael,Davis,Michael Davis,30,Operations,Manager,Austin,60569.71,5380.88,2023-03-08,3,83.5,michael.davis@company.com,(598) 991-6760,Active
EMP010641,Christopher,Martin,Christopher Martin,55,IT,Analyst,Chicago,77468.71,5444.13,2024-11-21,31,91.7,christopher.martin@company.com,(508) 208-6305,Active
EMP010642,Jane,Anderson,Jane Anderson,50,HR,Coordinator,Los Angeles,55850.15,8497.99,2022-03-15,26,65.6,jane.anderson@company.com,(281) 284-9418,Active
EMP010643,Daniel,Rodriguez,Daniel Rodriguez,58,Engineering,Specialist,Miami,108183.4,6355.95,2023-06-06,36,54.9,daniel.rodriguez@company.com,(800) 898-2186,Active
EMP010644,Sarah,Lopez,Sarah Lopez,33,Operations,Manager,Austin,54279.94,3081.19,2020-09-11,4,92.0,sarah.lopez@company.com,(563) 790-8197,Active
EMP010645,Ashley,Davis,Ashley Davis,30,Operations,Lead,New York,56785.43,4274.65,2020-04-05,5,77.9,ashley.davis@company.com,(953) 316-3588,Active
EMP010646,Anthony,Lopez,Anthony Lopez,65,Engineering,Manager,Boston,104600.35,10605.09,2024-07-28,40,92.6,anthony.lopez@company.com,(731) 631-7390,Active
EMP010647,Lisa,Brown,Lisa Brown,47,IT,Manager,Boston,70169.83,6285.58,2021-08-04,24,66.6,lisa.brown@company.com,(846) 853-4209,Active
EMP010648,Matthew,Johnson,Matthew Johnson,44,Operations,Specialist,New York,78943.54,11416.28,2024-06-11,19,92.8,matthew.johnson@company.com,(514) 370-2429,Inactive
EMP010649,James,Brown,James Brown,51,Marketing,Director,New York,81844.69,14068.1,2023-08-06,22,74.1,james.brown@company.com,(595) 349-7970,On Leave
EMP010650,Jessica,Miller,Jessica Miller,31,IT,Associate,Boston,89369.37,16406.03,2021-08-19,9,63.8,jessica.miller@company.com,(448) 641-5110,Active
EMP010651,John,Anderson,John Anderson,57,Operations,Analyst,Seattle,72867.37,9417.17,2024-10-08,30,92.9,john.anderson@company.com,(529) 555-3718,Active
EMP010652,Anthony,Davis,Anthony Davis,35,Marketing,Senior Developer,Seattle,83074.87,11410.63,2021-10-26,13,74.8,anthony.davis@company.com,(890) 600-9255,Active
EMP010653,Jane,Anderson,Jane Anderson,38,Marketing,Associate,Boston,56089.67,8782.54,2020-01-16,14,66.1,jane.anderson@company.com,(229) 699-4589,Active
EMP010654,Lisa,Hernandez,Lisa Hernandez,22,Engineering,Manager,San Francisco,75738.43,6096.2,2023-10-06,0,70.2,lisa.hernandez@company.com,(539) 281-1150,Active
EMP010655,Amanda,Brown,Amanda Brown,52,Sales,Senior Developer,Austin,55367.2,10798.94,2024-03-19,30,87.4,amanda.brown@company.com,(924) 491-6187,Active
EMP010656,Sarah,Williams,Sarah Williams,48,Operations,Analyst,Chicago,67438.24,910.35,2022-12-15,20,82.2,sarah.williams@company.com,(350) 520-9264,Active
EMP010657,Daniel,Smith,Daniel Smith,27,Marketing,Lead,New York,73947.43,2167.36,2023-12-19,1,84.5,daniel.smith@company.com,(319) 823-7031,Active
EMP010658,Amanda,Jones,Amanda Jones,59,Operations,Analyst,Los Angeles,84775.27,6130.81,2021-11-28,32,56.9,amanda.jones@company.com,(533) 857-9485,Active
EMP010659,Jessica,Wilson,Jessica Wilson,42,IT,Senior Developer,Los Angeles,92982.88,7448.93,2024-05-04,17,100.0,jessica.wilson@company.com,(745) 768-1543,Active
EMP010660,Daniel,Jones,Daniel Jones,63,Finance,Coordinator,Boston,81479.13,10326.13,2021-10-27,41,70.6,daniel.jones@company.com,(348) 296-3253,Active
EMP010661,David,Brown,David Brown,41,Operations,Associate,Boston,53729.14,4731.76,2023-10-28,17,61.9,david.brown@company.com,(396) 309-5545,Active
EMP010662,John,Rodriguez,John Rodriguez,54,Operations,Specialist,Los Angeles,84019.47,14581.13,2024-09-21,31,94.1,john.rodriguez@company.com,(696) 666-6328,Active
EMP010663,Emily,Gonzalez,Emily Gonzalez,47,Sales,Analyst,Seattle,53410.15,4634.51,2024-01-23,19,68.6,emily.gonzalez@company.com,(365) 860-3381,Active
EMP010664,John,Gonzalez,John Gonzalez,35,Legal,Lead,Los Angeles,74594.73,9392.21,2021-10-09,9,82.3,john.gonzalez@company.com,(949) 544-9491,Active
EMP010665,Sarah,Williams,Sarah Williams,58,Engineering,Analyst,San Francisco,104579.17,6968.27,2021-01-28,36,87.4,sarah.williams@company.com,(474) 749-5057,Active
EMP010666,Robert,Gonzalez,Robert Gonzalez,53,Finance,Senior Developer,Boston,94441.76,10018.18,2023-10-09,31,74.1,robert.gonzalez@company.com,(319) 758-8084,Active
EMP010667,Matthew,Williams,Matthew Williams,45,Legal,Manager,Los Angeles,79403.26,1004.61,2023-02-07,19,79.5,matthew.williams@company.com,(945) 880-1778,Active
EMP010668,Ashley,Gonzalez,Ashley Gonzalez,33,IT,Director,San Francisco,103514.33,8917.18,2020-05-04,7,75.5,ashley.gonzalez@company.com,(406) 224-4882,Active
EMP010669,Christopher,Jones,Christopher Jones,37,Marketing,Director,San Francisco,70794.55,6720.69,2021-11-25,15,53.2,christopher.jones@company.com,(213) 609-5316,Active
EMP010670,David,Smith,David Smith,39,Operations,Associate,Miami,54833.5,5449.41,2020-01-25,11,99.3,david.smith@company.com,(893) 270-3625,Active
EMP010671,Michael,Davis,Michael Davis,60,HR,Coordinator,New York,75124.06,11747.88,2022-08-14,31,74.5,michael.davis@company.com,(880) 289-6901,Active
EMP010672,Amanda,Martin,Amanda Martin,50,HR,Lead,Austin,69601.95,6862.41,2020-10-14,24,87.1,amanda.martin@company.com,(576) 282-4409,Active
EMP010673,Nicole,Wilson,Nicole Wilson,35,HR,Coordinator,Miami,66599.92,9066.28,2021-08-14,13,96.1,nicole.wilson@company.com,(644) 759-3505,Active
EMP010674,Matthew,Hernandez,Matthew Hernandez,31,Legal,Senior Developer,Austin,100706.89,11359.72,2020-09-21,7,89.8,matthew.hernandez@company.com,(577) 658-4522,Active
EMP010675,William,Johnson,William Johnson,30,Operations,Director,Austin,52783.35,5530.42,2023-02-27,4,34.2,william.johnson@company.com,(792) 860-1135,Active
EMP010676,Emily,Wilson,Emily Wilson,63,Operations,Associate,Chicago,78487.51,2522.78,2022-04-02,40,79.7,emily.wilson@company.com,(539) 221-4865,Active
EMP010677,Robert,Johnson,Robert Johnson,33,Engineering,Associate,San Francisco,91030.5,14768.98,2021-02-06,8,66.5,robert.johnson@company.com,(765) 756-2153,Active
EMP010678,David,Jones,David Jones,27,Engineering,Manager,San Francisco,126943.24,8810.64,2023-07-14,0,49.3,david.jones@company.com,(938) 393-3839,Active
EMP010679,Jessica,Williams,Jessica Williams,53,Sales,Manager,San Francisco,89904.48,652.73,2024-11-20,30,60.6,jessica.williams@company.com,(392) 825-8569,Active
EMP010680,David,Martin,David Martin,47,Operations,Specialist,Los Angeles,79373.1,6493.82,2022-05-17,20,97.7,david.martin@company.com,(870) 787-5854,Active
EMP010681,Michael,Davis,Michael Davis,53,Engineering,Analyst,Miami,105089.39,17359.67,2020-02-08,31,47.6,michael.davis@company.com,(631) 308-1110,Active
EMP010682,Jessica,Rodriguez,Jessica Rodriguez,37,IT,Associate,New York,75025.24,10615.92,2023-07-05,9,65.9,jessica.rodriguez@company.com,(872) 310-7361,Active
EMP010683,Nicole,Miller,Nicole Miller,41,Sales,Director,Chicago,56330.61,5376.82,2020-03-05,12,67.0,nicole.miller@company.com,(606) 720-2216,Active
EMP010684,James,Taylor,James Taylor,40,Legal,Senior Developer,San Francisco,113590.56,15278.74,2023-10-11,18,78.6,james.taylor@company.com,(262) 333-6626,Active
EMP010685,Jane,Wilson,Jane Wilson,52,Sales,Analyst,Chicago,57765.51,3777.24,2022-03-10,26,73.2,jane.wilson@company.com,(236) 895-7858,Active
EMP010686,Ashley,Garcia,Ashley Garcia,41,Finance,Associate,Boston,74078.9,3260.76,2021-07-11,15,67.0,ashley.garcia@company.com,(283) 503-6513,Active
EMP010687,Matthew,Garcia,Matthew Garcia,34,HR,Director,San Francisco,46512.84,5269.94,2024-11-27,11,60.9,matthew.garcia@company.com,(913) 750-5937,Active
EMP010688,Daniel,Miller,Daniel Miller,41,HR,Manager,Austin,58632.19,5903.14,2022-06-20,15,79.2,daniel.miller@company.com,(656) 408-8640,Inactive
EMP010689,Robert,Martinez,Robert Martinez,50,Legal,Lead,Seattle,84237.39,8323.73,2021-07-22,27,82.3,robert.martinez@company.com,(588) 504-1188,Active
EMP010690,John,Lopez,John Lopez,29,Operations,Senior Developer,Seattle,51420.61,29.67,2020-09-19,3,84.5,john.lopez@company.com,(317) 360-6054,On Leave
EMP010691,Matthew,Miller,Matthew Miller,46,Operations,Associate,Seattle,60212.29,8145.44,2020-05-17,22,84.2,matthew.miller@company.com,(260) 874-7754,Active
EMP010692,Sarah,Rodriguez,Sarah Rodriguez,35,Engineering,Director,Austin,124245.98,0.0,2022-02-28,10,62.2,sarah.rodriguez@company.com,(707) 637-2833,Active
EMP010693,Amanda,Anderson,Amanda Anderson,39,Sales,Manager,New York,90719.96,8732.19,2023-07-25,17,83.8,amanda.anderson@company.com,(392) 400-2595,Active
EMP010694,Daniel,Lopez,Daniel Lopez,31,Engineering,Analyst,Los Angeles,106361.29,13446.53,2020-03-10,9,53.3,daniel.lopez@company.com,(702) 208-9599,Active
EMP010695,Anthony,Hernandez,Anthony Hernandez,26,Sales,Director,Seattle,55699.49,907.16,2023-12-29,1,54.8,anthony.hernandez@company.com,(264) 611-7118,Active
EMP010696,Amanda,Hernandez,Amanda Hernandez,24,Legal,Coordinator,Miami,97086.97,5453.74,2021-09-15,0,71.5,amanda.hernandez@company.com,(481) 775-2994,Inactive
EMP010697,Christopher,Johnson,Christopher Johnson,59,Legal,Lead,San Francisco,109080.09,17111.87,2020-12-04,31,94.0,christopher.johnson@company.com,(964) 281-6811,Active
EMP010698,Robert,Jackson,Robert Jackson,40,IT,Lead,Chicago,81172.11,13507.05,2023-05-03,12,73.5,robert.jackson@company.com,(569) 477-4264,Active
EMP010699,Jane,Wilson,Jane Wilson,54,Finance,Senior Developer,Miami,90098.68,4854.96,2020-01-23,29,50.8,jane.wilson@company.com,(346) 683-1000,Active
EMP010700,Robert,Jackson,Robert Jackson,38,IT,Senior Developer,Seattle,95159.68,11404.84,2020-07-24,13,68.5,robert.jackson@company.com,(682) 687-5230,Active
EMP010701,William,Johnson,William Johnson,53,Sales,Associate,Austin,85971.3,6703.28,2020-06-23,29,65.5,william.johnson@company.com,(620) 241-8543,Active
EMP010702,Lisa,Brown,Lisa Brown,55,Sales,Manager,New York,93989.18,8320.08,2024-01-05,26,92.4,lisa.brown@company.com,(921) 223-2076,Active
EMP010703,Nicole,Miller,Nicole Miller,26,Legal,Analyst,New York,83009.13,14289.28,2021-12-16,4,91.8,nicole.miller@company.com,(944) 617-3867,Active
EMP010704,Nicole,Davis,Nicole Davis,31,Operations,Analyst,Los Angeles,40943.45,4926.34,2023-07-21,6,50.7,nicole.davis@company.com,(255) 505-4585,Active
EMP010705,Anthony,Lopez,Anthony Lopez,29,Engineering,Coordinator,New York,79590.28,8495.74,2021-07-16,0,77.6,anthony.lopez@company.com,(270) 424-2111,Active
EMP010706,Matthew,Anderson,Matthew Anderson,24,Sales,Manager,Chicago,56249.15,7109.73,2021-12-25,0,90.1,matthew.anderson@company.com,(254) 312-3134,Active
EMP010707,Robert,Jones,Robert Jones,29,Legal,Director,San Francisco,80160.67,10903.41,2020-11-06,2,95.7,robert.jones@company.com,(223) 813-2001,Active
EMP010708,Ashley,Gonzalez,Ashley Gonzalez,47,IT,Analyst,San Francisco,91827.74,15714.6,2023-06-20,20,80.5,ashley.gonzalez@company.com,(610) 448-2222,Inactive
EMP010709,Amanda,Gonzalez,Amanda Gonzalez,39,Legal,Lead,San Francisco,99520.26,9146.68,2023-11-28,11,51.2,amanda.gonzalez@company.com,(272) 625-3126,Active
EMP010710,Nicole,Jones,Nicole Jones,39,Sales,Coordinator,Seattle,46915.98,4625.72,2023-08-24,10,78.0,nicole.jones@company.com,(594) 677-5608,Active
EMP010711,James,Johnson,James Johnson,64,Marketing,Senior Developer,Los Angeles,105405.42,3884.1,2023-09-12,39,70.7,james.johnson@company.com,(566) 733-7834,Active
EMP010712,Christopher,Williams,Christopher Williams,62,HR,Lead,Seattle,85575.78,5512.86,2020-05-20,36,67.2,christopher.williams@company.com,(709) 611-2528,Active
EMP010713,Daniel,Jackson,Daniel Jackson,57,IT,Specialist,Miami,109922.16,11681.68,2024-12-20,32,91.5,daniel.jackson@company.com,(457) 799-6851,Inactive
EMP010714,Melissa,Miller,Melissa Miller,30,Legal,Analyst,Los Angeles,107271.24,6962.99,2022-04-10,5,89.0,melissa.miller@company.com,(560) 907-2977,Inactive
EMP010715,Melissa,Martin,Melissa Martin,64,IT,Senior Developer,Austin,82431.56,7215.53,2020-05-21,39,48.6,melissa.martin@company.com,(697) 811-3824,Active
EMP010716,Robert,Moore,Robert Moore,41,HR,Manager,Seattle,42693.9,7316.86,2023-10-05,15,65.2,robert.moore@company.com,(386) 875-7097,Active
EMP010717,Emily,Wilson,Emily Wilson,65,HR,Associate,New York,81134.39,5456.91,2023-05-31,40,58.6,emily.wilson@company.com,(368) 667-4884,Inactive
EMP010718,Sarah,Smith,Sarah Smith,40,Legal,Lead,Austin,104250.77,8542.42,2022-07-12,13,74.8,sarah.smith@company.com,(505) 377-5813,Active
EMP010719,Jessica,Hernandez,Jessica Hernandez,45,IT,Manager,Seattle,89870.82,2806.73,2022-09-13,20,100.0,jessica.hernandez@company.com,(714) 785-5172,Active
EMP010720,David,Anderson,David Anderson,33,HR,Coordinator,New York,97850.12,7315.88,2022-08-10,5,80.2,david.anderson@company.com,(811) 973-7387,Active
EMP010721,Nicole,Moore,Nicole Moore,45,Legal,Director,Austin,67897.63,11185.11,2021-08-06,16,100.0,nicole.moore@company.com,(926) 584-3634,Active
EMP010722,Christopher,Rodriguez,Christopher Rodriguez,34,Finance,Lead,Chicago,84723.1,17352.07,2024-04-23,10,100.0,christopher.rodriguez@company.com,(994) 368-3796,Active
EMP010723,Sarah,Miller,Sarah Miller,23,Engineering,Manager,Seattle,59113.95,5350.9,2020-01-13,1,79.6,sarah.miller@company.com,(853) 542-2062,Active
EMP010724,Lisa,Rodriguez,Lisa Rodriguez,31,IT,Coordinator,Austin,72329.39,9003.82,2024-06-12,5,80.1,lisa.rodriguez@company.com,(220) 504-6878,Active
EMP010725,Ashley,Johnson,Ashley Johnson,37,HR,Analyst,Boston,70244.46,6638.91,2022-06-18,10,82.4,ashley.johnson@company.com,(238) 418-3761,Active
EMP010726,Stephanie,Williams,Stephanie Williams,57,HR,Analyst,Los Angeles,76726.81,6038.52,2022-03-29,35,73.5,stephanie.williams@company.com,(427) 789-9870,Active
EMP010727,Matthew,Rodriguez,Matthew Rodriguez,26,Marketing,Senior Developer,Seattle,61183.2,5453.22,2020-11-02,3,69.3,matthew.rodriguez@company.com,(261) 201-6740,Active
EMP010728,Michael,Davis,Michael Davis,43,Operations,Associate,Chicago,60621.45,7785.44,2020-09-14,14,59.3,michael.davis@company.com,(365) 721-9369,Active
EMP010729,Nicole,Lopez,Nicole Lopez,51,Engineering,Manager,New York,115404.88,8182.15,2024-02-09,25,65.5,nicole.lopez@company.com,(814) 300-8998,Active
EMP010730,Daniel,Martin,Daniel Martin,64,Finance,Manager,San Francisco,114577.44,14147.47,2024-05-28,38,71.0,daniel.martin@company.com,(572) 238-4081,Active
EMP010731,Melissa,Williams,Melissa Williams,59,Sales,Lead,San Francisco,99937.53,2484.94,2023-09-03,31,79.7,melissa.williams@company.com,(206) 748-8998,Inactive
EMP010732,David,Jones,David Jones,32,HR,Coordinator,Boston,60423.42,5798.69,2021-08-30,10,82.7,david.jones@company.com,(707) 621-9290,Active
EMP010733,Christopher,Thomas,Christopher Thomas,63,Operations,Associate,New York,77309.71,0.0,2021-02-10,36,63.8,christopher.thomas@company.com,(486) 458-8654,Active
EMP010734,William,Martinez,William Martinez,43,Finance,Lead,Chicago,80691.93,7837.09,2021-06-21,17,85.5,william.martinez@company.com,(253) 690-7654,Active
EMP010735,Ashley,Martinez,Ashley Martinez,48,Sales,Associate,New York,87957.34,10197.64,2020-09-06,23,78.8,ashley.martinez@company.com,(787) 370-1758,On Leave
EMP010736,Ashley,Williams,Ashley Williams,55,Marketing,Analyst,Chicago,68997.41,1116.86,2020-03-15,29,60.7,ashley.williams@company.com,(928) 442-9857,Active
EMP010737,Stephanie,Anderson,Stephanie Anderson,65,HR,Analyst,Seattle,100439.48,8323.15,2023-04-12,38,58.1,stephanie.anderson@company.com,(947) 267-9337,Active
EMP010738,Christopher,Brown,Christopher Brown,58,Marketing,Director,Chicago,92110.15,4410.84,2023-03-30,35,92.9,christopher.brown@company.com,(311) 715-3217,Active
EMP010739,Amanda,Brown,Amanda Brown,38,Finance,Associate,New York,62024.33,6593.88,2024-08-12,11,68.4,amanda.brown@company.com,(986) 577-4842,Active
EMP010740,Emily,Martin,Emily Martin,28,Marketing,Associate,Los Angeles,60940.65,98.58,2022-10-13,2,83.3,emily.martin@company.com,(894) 422-2729,Active
EMP010741,Nicole,Lopez,Nicole Lopez,31,Engineering,Director,Seattle,115206.69,18859.91,2022-10-10,5,71.9,nicole.lopez@company.com,(979) 470-5674,Active
EMP010742,Lisa,Anderson,Lisa Anderson,28,Operations,Analyst,Seattle,81765.6,10741.69,2021-04-04,6,100.0,lisa.anderson@company.com,(794) 664-3552,Active
EMP010743,Sarah,Moore,Sarah Moore,46,Legal,Coordinator,New York,119672.89,9574.85,2024-02-16,19,82.9,sarah.moore@company.com,(376) 723-5174,Active
EMP010744,Michael,Brown,Michael Brown,38,Operations,Manager,Miami,67155.83,7545.62,2022-07-21,15,72.8,michael.brown@company.com,(814) 280-5298,Active
EMP010745,Sarah,Miller,Sarah Miller,54,Marketing,Manager,San Francisco,48189.96,6451.77,2024-02-06,27,63.7,sarah.miller@company.com,(727) 603-1671,Active
EMP010746,Sarah,Lopez,Sarah Lopez,43,HR,Manager,Boston,57708.03,8806.77,2024-10-16,16,74.6,sarah.lopez@company.com,(805) 750-2158,Active
EMP010747,William,Jackson,William Jackson,54,IT,Specialist,Los Angeles,82851.82,6280.64,2023-08-12,31,88.9,william.jackson@company.com,(572) 416-4943,Active
EMP010748,Sarah,Hernandez,Sarah Hernandez,33,Legal,Director,Seattle,84082.48,13128.41,2021-04-14,4,97.1,sarah.hernandez@company.com,(394) 505-4406,Active
EMP010749,Michael,Brown,Michael Brown,31,Marketing,Senior Developer,Boston,60445.78,0.0,2024-06-01,8,68.9,michael.brown@company.com,(486) 746-7544,Active
EMP010750,William,Smith,William Smith,26,Marketing,Specialist,Chicago,74717.49,3150.11,2023-08-10,1,69.0,william.smith@company.com,(713) 445-1969,Active
EMP010751,David,Jones,David Jones,36,Engineering,Lead,Seattle,56674.36,6724.78,2020-12-13,8,69.3,david.jones@company.com,(738) 658-6049,Active
EMP010752,Lisa,Martinez,Lisa Martinez,60,HR,Associate,Boston,99272.17,11941.77,2024-10-02,33,82.4,lisa.martinez@company.com,(338) 320-4909,Active
EMP010753,Nicole,Rodriguez,Nicole Rodriguez,22,Sales,Lead,New York,48498.38,7383.41,2020-08-27,0,62.1,nicole.rodriguez@company.com,(850) 655-1827,Active
EMP010754,Nicole,Gonzalez,Nicole Gonzalez,51,Operations,Specialist,Boston,85895.78,13508.69,2020-05-24,26,61.8,nicole.gonzalez@company.com,(704) 994-4382,Active
EMP010755,Robert,Martinez,Robert Martinez,61,Marketing,Senior Developer,Boston,97996.07,21317.91,2021-02-08,37,98.0,robert.martinez@company.com,(716) 647-2923,Active
EMP010756,James,Wilson,James Wilson,58,Operations,Lead,San Francisco,71308.71,4224.73,2021-02-22,29,92.2,james.wilson@company.com,(861) 895-5229,Inactive
EMP010757,Christopher,Jones,Christopher Jones,24,Engineering,Senior Developer,Los Angeles,72822.76,9814.07,2023-03-14,0,92.5,christopher.jones@company.com,(500) 957-4602,Active
EMP010758,Amanda,Garcia,Amanda Garcia,62,Engineering,Specialist,Boston,128376.83,21336.98,2022-07-21,35,95.1,amanda.garcia@company.com,(946) 909-1002,Active
EMP010759,Ashley,Williams,Ashley Williams,29,Marketing,Specialist,Seattle,65789.16,935.29,2022-09-26,1,90.6,ashley.williams@company.com,(734) 768-5734,Active
EMP010760,John,Hernandez,John Hernandez,50,Engineering,Director,Miami,114133.17,6755.41,2021-10-29,27,88.3,john.hernandez@company.com,(396) 535-4131,Active
EMP010761,Ashley,Rodriguez,Ashley Rodriguez,35,Marketing,Lead,Boston,63053.97,8161.15,2024-06-30,7,72.2,ashley.rodriguez@company.com,(808) 670-9972,Active
EMP010762,Sarah,Jones,Sarah Jones,37,IT,Manager,New York,95420.11,17240.3,2021-03-15,8,75.5,sarah.jones@company.com,(460) 341-3742,Inactive
EMP010763,Emily,Lopez,Emily Lopez,48,IT,Specialist,Chicago,93395.05,17478.64,2022-04-03,20,63.9,emily.lopez@company.com,(930) 942-9110,Active
EMP010764,Michael,Gonzalez,Michael Gonzalez,23,IT,Director,Los Angeles,90279.75,9705.11,2020-01-04,0,71.3,michael.gonzalez@company.com,(448) 278-9118,Active
EMP010765,Sarah,Brown,Sarah Brown,63,IT,Specialist,Chicago,88572.03,16398.77,2024-02-09,40,41.6,sarah.brown@company.com,(967) 485-3788,Active
EMP010766,Anthony,Gonzalez,Anthony Gonzalez,51,Sales,Associate,Miami,68342.43,10682.56,2020-03-23,29,100.0,anthony.gonzalez@company.com,(202) 207-5899,Active
EMP010767,Nicole,Miller,Nicole Miller,57,HR,Associate,Los Angeles,70502.81,5763.05,2023-10-23,34,100.0,nicole.miller@company.com,(616) 594-7486,Active
EMP010768,Christopher,Johnson,Christopher Johnson,55,Operations,Director,Boston,59129.53,6276.46,2023-07-08,31,67.2,christopher.johnson@company.com,(684) 321-1750,Active
EMP010769,James,Moore,James Moore,36,Finance,Director,Boston,63436.93,9611.68,2022-10-20,12,65.8,james.moore@company.com,(708) 844-8867,On Leave
EMP010770,Ashley,Brown,Ashley Brown,49,Legal,Manager,Seattle,99858.52,7113.37,2021-05-31,21,92.2,ashley.brown@company.com,(708) 285-6746,On Leave
EMP010771,David,Jackson,David Jackson,55,Sales,Senior Developer,Chicago,72737.86,9995.72,2021-05-21,32,79.0,david.jackson@company.com,(919) 554-9248,Active
EMP010772,Melissa,Smith,Melissa Smith,22,Finance,Analyst,Austin,72021.55,10664.63,2024-09-07,0,65.4,melissa.smith@company.com,(236) 754-1306,Active
EMP010773,Stephanie,Taylor,Stephanie Taylor,57,Engineering,Associate,New York,92026.68,11352.57,2021-10-28,30,61.5,stephanie.taylor@company.com,(641) 690-4222,Active
EMP010774,William,Lopez,William Lopez,53,Finance,Lead,New York,105709.28,16114.91,2020-08-08,28,71.3,william.lopez@company.com,(993) 918-8581,Active
EMP010775,Emily,Martinez,Emily Martinez,41,Legal,Director,Los Angeles,49573.61,6337.23,2024-07-31,16,100.0,emily.martinez@company.com,(765) 822-6402,Active
EMP010776,John,Smith,John Smith,39,Operations,Coordinator,Chicago,56236.76,6255.79,2022-03-26,12,89.2,john.smith@company.com,(483) 360-7414,Active
EMP010777,Emily,Martinez,Emily Martinez,32,Operations,Senior Developer,Los Angeles,48371.86,5927.19,2021-01-19,9,60.7,emily.martinez@company.com,(485) 669-7235,Active
EMP010778,James,Martinez,James Martinez,43,Engineering,Senior Developer,New York,109786.53,15599.8,2021-01-18,16,76.6,james.martinez@company.com,(712) 997-9407,Active
EMP010779,Ashley,Davis,Ashley Davis,37,Finance,Analyst,San Francisco,101741.1,6007.82,2021-08-01,8,65.4,ashley.davis@company.com,(566) 392-9495,Active
EMP010780,Daniel,Thomas,Daniel Thomas,38,Marketing,Specialist,Chicago,63599.77,5778.34,2021-02-17,13,86.4,daniel.thomas@company.com,(438) 788-1200,Active
EMP010781,James,Martinez,James Martinez,46,Marketing,Director,Chicago,75309.47,3145.41,2020-07-11,22,85.0,james.martinez@company.com,(220) 288-3851,Inactive
EMP010782,James,Williams,James Williams,59,Marketing,Director,Austin,96865.21,16719.42,2022-08-31,36,76.0,james.williams@company.com,(217) 920-8212,Active
EMP010783,Jane,Johnson,Jane Johnson,55,HR,Analyst,New York,56980.54,6635.3,2021-01-02,31,55.3,jane.johnson@company.com,(484) 846-3713,Inactive
EMP010784,Daniel,Jackson,Daniel Jackson,53,HR,Associate,San Francisco,74328.59,238.25,2022-03-18,26,86.3,daniel.jackson@company.com,(441) 943-3320,Inactive
EMP010785,Michael,Taylor,Michael Taylor,47,Engineering,Specialist,San Francisco,99377.06,6504.73,2022-09-15,22,67.8,michael.taylor@company.com,(995) 891-6070,Inactive
EMP010786,Michael,Lopez,Michael Lopez,24,Marketing,Coordinator,Austin,70461.47,10884.55,2022-11-03,0,81.3,michael.lopez@company.com,(761) 358-9215,Active
EMP010787,Robert,Williams,Robert Williams,36,Marketing,Director,Seattle,82963.99,5523.44,2022-12-19,13,94.5,robert.williams@company.com,(682) 256-2304,Active
EMP010788,Lisa,Miller,Lisa Miller,26,Sales,Manager,Seattle,40565.63,5303.86,2020-11-01,0,83.7,lisa.miller@company.com,(675) 749-5106,Active
EMP010789,Michael,Martin,Michael Martin,22,Marketing,Director,Austin,72379.07,5671.52,2022-09-15,0,72.4,michael.martin@company.com,(372) 992-8315,Active
EMP010790,Lisa,Davis,Lisa Davis,22,Operations,Manager,Boston,41600.91,3958.88,2023-12-17,0,66.4,lisa.davis@company.com,(866) 640-3413,Active
EMP010791,Anthony,Martinez,Anthony Martinez,30,Marketing,Specialist,New York,49081.34,2850.77,2023-07-08,7,64.6,anthony.martinez@company.com,(702) 621-4394,Active
EMP010792,Michael,Williams,Michael Williams,49,Marketing,Coordinator,New York,68281.91,10925.47,2020-09-09,24,69.0,michael.williams@company.com,(485) 471-9514,Active
EMP010793,Daniel,Thomas,Daniel Thomas,44,Operations,Senior Developer,Miami,54035.9,9738.66,2020-03-01,20,78.5,daniel.thomas@company.com,(320) 330-8388,Active
EMP010794,Anthony,Thomas,Anthony Thomas,47,IT,Coordinator,Seattle,82571.52,5669.47,2024-09-08,19,68.9,anthony.thomas@company.com,(323) 609-8953,On Leave
EMP010795,Matthew,Lopez,Matthew Lopez,43,Engineering,Senior Developer,Boston,85261.5,10251.95,2022-12-07,15,79.7,matthew.lopez@company.com,(200) 828-8247,Active
EMP010796,Jessica,Williams,Jessica Williams,45,Operations,Manager,New York,67992.74,9468.24,2022-05-21,16,61.6,jessica.williams@company.com,(365) 960-8365,Active
EMP010797,Anthony,Thomas,Anthony Thomas,63,Finance,Analyst,San Francisco,127219.75,10237.83,2022-09-12,39,65.5,anthony.thomas@company.com,(988) 912-9597,Active
EMP010798,Emily,Garcia,Emily Garcia,57,HR,Analyst,Seattle,72131.31,3736.74,2021-04-15,32,46.2,emily.garcia@company.com,(369) 346-4364,Active
EMP010799,Daniel,Johnson,Daniel Johnson,24,Sales,Associate,Chicago,45812.44,4340.42,2023-01-29,0,73.9,daniel.johnson@company.com,(970) 337-2664,Active
EMP010800,William,Jones,William Jones,23,HR,Specialist,Miami,39416.76,1990.34,2023-12-19,0,87.7,william.jones@company.com,(429) 995-7802,Active
EMP010801,David,Jones,David Jones,40,HR,Lead,Chicago,51760.09,5258.52,2020-04-25,17,80.7,david.jones@company.com,(218) 595-7969,Active
EMP010802,William,Miller,William Miller,60,Legal,Specialist,Chicago,121307.46,7772.05,2020-10-05,31,85.8,william.miller@company.com,(387) 649-4100,Inactive
EMP010803,Stephanie,Garcia,Stephanie Garcia,52,Engineering,Coordinator,Miami,69544.26,10484.54,2024-06-28,30,79.2,stephanie.garcia@company.com,(356) 371-8215,Active
EMP010804,Matthew,Taylor,Matthew Taylor,41,Legal,Specialist,San Francisco,105226.32,14527.99,2021-04-23,14,98.3,matthew.taylor@company.com,(904) 607-6522,Active
EMP010805,Anthony,Miller,Anthony Miller,27,Finance,Lead,Miami,73632.95,16733.45,2020-04-19,2,70.5,anthony.miller@company.com,(405) 328-9546,Active
EMP010806,Jane,Rodriguez,Jane Rodriguez,51,Finance,Coordinator,Los Angeles,141930.42,21729.58,2022-06-05,24,100.0,jane.rodriguez@company.com,(549) 783-6113,Active
EMP010807,Jessica,Gonzalez,Jessica Gonzalez,46,Legal,Manager,Chicago,86811.82,15957.37,2023-01-20,23,85.6,jessica.gonzalez@company.com,(837) 940-5822,On Leave
EMP010808,Christopher,Brown,Christopher Brown,28,Marketing,Manager,San Francisco,54821.88,5968.48,2022-08-29,0,76.2,christopher.brown@company.com,(542) 690-2049,Active
EMP010809,Nicole,Jones,Nicole Jones,53,IT,Senior Developer,Los Angeles,98319.07,0.0,2022-08-30,28,55.1,nicole.jones@company.com,(263) 291-4670,Active
EMP010810,Jessica,Lopez,Jessica Lopez,33,HR,Manager,New York,62292.33,8878.0,2021-06-12,6,68.2,jessica.lopez@company.com,(858) 642-6832,Active
EMP010811,Emily,Martin,Emily Martin,56,Legal,Manager,Chicago,117081.96,18038.85,2022-08-03,34,80.4,emily.martin@company.com,(522) 436-6815,Active
EMP010812,Lisa,Rodriguez,Lisa Rodriguez,24,Marketing,Senior Developer,Miami,48572.67,684.68,2024-04-05,0,90.8,lisa.rodriguez@company.com,(995) 859-7233,Active
EMP010813,David,Williams,David Williams,60,HR,Coordinator,Austin,47709.55,7733.84,2020-07-14,37,100.0,david.williams@company.com,(590) 643-4243,Active
EMP010814,Matthew,Rodriguez,Matthew Rodriguez,34,HR,Senior Developer,Seattle,60868.14,4114.03,2021-01-31,9,77.5,matthew.rodriguez@company.com,(504) 579-8885,Active
EMP010815,Jane,Moore,Jane Moore,38,Sales,Lead,Miami,66230.01,11537.76,2021-10-09,16,80.8,jane.moore@company.com,(896) 905-4572,Active
EMP010816,Jessica,Thomas,Jessica Thomas,62,Finance,Specialist,Miami,127182.82,22738.36,2024-03-16,35,82.1,jessica.thomas@company.com,(526) 571-4662,Active
EMP010817,Amanda,Jones,Amanda Jones,64,Legal,Senior Developer,Los Angeles,110049.22,17670.94,2023-11-03,42,62.8,amanda.jones@company.com,(446) 764-1033,Active
EMP010818,Amanda,Wilson,Amanda Wilson,65,HR,Lead,Seattle,75244.51,4025.31,2021-07-18,37,68.4,amanda.wilson@company.com,(906) 913-4889,Active
EMP010819,David,Moore,David Moore,50,Marketing,Lead,Boston,61927.66,8508.56,2023-01-08,21,84.1,david.moore@company.com,(574) 511-6761,Active
EMP010820,James,Smith,James Smith,35,Finance,Coordinator,San Francisco,118218.81,558.24,2023-01-26,13,72.6,james.smith@company.com,(979) 697-1463,Active
EMP010821,Matthew,Johnson,Matthew Johnson,52,IT,Associate,New York,102673.95,2844.05,2022-08-16,25,90.1,matthew.johnson@company.com,(872) 809-3935,Inactive
EMP010822,William,Martin,William Martin,50,HR,Director,Chicago,71535.47,11130.18,2020-06-27,21,79.0,william.martin@company.com,(768) 337-1118,Active
EMP010823,Lisa,Johnson,Lisa Johnson,53,Finance,Specialist,Los Angeles,86301.58,9157.83,2024-08-15,25,87.3,lisa.johnson@company.com,(245) 718-5818,Active
EMP010824,Lisa,Rodriguez,Lisa Rodriguez,41,HR,Lead,Seattle,69678.74,6564.79,2024-07-22,14,57.3,lisa.rodriguez@company.com,(473) 700-8946,Active
EMP010825,Matthew,Jones,Matthew Jones,37,IT,Analyst,Los Angeles,104372.13,13164.39,2021-08-28,11,96.3,matthew.jones@company.com,(531) 731-4182,Active
EMP010826,Ashley,Johnson,Ashley Johnson,39,Sales,Senior Developer,Miami,78673.78,8948.04,2021-07-06,14,82.8,ashley.johnson@company.com,(694) 379-8214,Active
EMP010827,Jessica,Martin,Jessica Martin,25,HR,Specialist,Boston,51416.79,3736.55,2023-07-09,0,82.3,jessica.martin@company.com,(803) 947-4977,Active
EMP010828,Jessica,Wilson,Jessica Wilson,64,Marketing,Associate,Chicago,82540.06,6156.91,2022-09-30,38,94.3,jessica.wilson@company.com,(677) 532-1886,Active
EMP010829,Melissa,Martin,Melissa Martin,56,HR,Coordinator,Chicago,100985.61,11117.08,2022-01-24,34,42.1,melissa.martin@company.com,(469) 788-1757,Active
EMP010830,Sarah,Moore,Sarah Moore,51,Finance,Associate,Boston,106807.85,7266.7,2020-11-23,26,69.9,sarah.moore@company.com,(404) 780-2263,Active
EMP010831,Christopher,Thomas,Christopher Thomas,48,Legal,Director,Seattle,117520.65,10600.63,2021-06-08,20,64.9,christopher.thomas@company.com,(889) 840-2720,Active
EMP010832,William,Gonzalez,William Gonzalez,33,Legal,Lead,San Francisco,105086.19,4371.62,2023-09-03,5,61.5,william.gonzalez@company.com,(210) 269-8158,Active
EMP010833,Emily,Thomas,Emily Thomas,46,HR,Analyst,Boston,58249.54,9783.61,2023-07-18,22,68.7,emily.thomas@company.com,(975) 818-1245,Active
EMP010834,Robert,Martinez,Robert Martinez,65,HR,Specialist,Los Angeles,93117.52,8424.64,2024-12-22,43,100.0,robert.martinez@company.com,(593) 495-6641,Active
EMP010835,William,Lopez,William Lopez,64,Engineering,Specialist,New York,144234.97,18513.94,2020-03-02,36,73.4,william.lopez@company.com,(310) 658-8407,Active
EMP010836,Stephanie,Anderson,Stephanie Anderson,45,Operations,Manager,Chicago,44653.47,6026.09,2020-01-11,21,81.9,stephanie.anderson@company.com,(439) 514-5337,On Leave
EMP010837,Michael,Brown,Michael Brown,58,Operations,Analyst,Chicago,85699.24,8105.92,2022-04-05,33,83.9,michael.brown@company.com,(499) 514-1824,Active
EMP010838,William,Brown,William Brown,65,Engineering,Lead,Los Angeles,96747.93,11116.01,2020-11-12,40,70.2,william.brown@company.com,(493) 229-4581,Active
EMP010839,William,Wilson,William Wilson,46,Operations,Lead,Miami,75212.27,2857.71,2024-05-19,17,61.0,william.wilson@company.com,(501) 858-8237,Active
EMP010840,James,Williams,James Williams,40,HR,Associate,Chicago,34908.24,2914.32,2021-01-24,16,83.2,james.williams@company.com,(390) 669-4582,On Leave
EMP010841,Sarah,Garcia,Sarah Garcia,37,Marketing,Manager,Austin,83167.72,6748.93,2024-04-15,12,72.6,sarah.garcia@company.com,(913) 481-2803,Active
EMP010842,Lisa,Miller,Lisa Miller,41,Legal,Lead,Los Angeles,83243.25,15721.23,2020-01-10,15,79.9,lisa.miller@company.com,(717) 641-4799,Active
EMP010843,Amanda,Gonzalez,Amanda Gonzalez,54,Legal,Specialist,Boston,102307.03,20280.88,2023-04-06,32,64.2,amanda.gonzalez@company.com,(424) 326-9060,Active
EMP010844,Jessica,Gonzalez,Jessica Gonzalez,64,Marketing,Senior Developer,Miami,100438.02,14793.18,2024-09-14,37,82.7,jessica.gonzalez@company.com,(463) 323-9041,Active
EMP010845,David,Moore,David Moore,36,HR,Specialist,New York,67804.03,4690.04,2022-11-19,9,66.6,david.moore@company.com,(629) 670-9674,Active
EMP010846,Matthew,Taylor,Matthew Taylor,62,Operations,Lead,Austin,95015.96,9722.09,2023-07-09,34,69.8,matthew.taylor@company.com,(767) 453-9661,Active
EMP010847,Sarah,Martinez,Sarah Martinez,47,IT,Director,Chicago,71794.45,11229.86,2023-07-05,18,78.8,sarah.martinez@company.com,(502) 852-1155,Active
EMP010848,Emily,Williams,Emily Williams,26,IT,Associate,Seattle,70863.75,5407.08,2024-05-23,0,94.0,emily.williams@company.com,(634) 862-8386,Active
EMP010849,Jessica,Rodriguez,Jessica Rodriguez,47,Marketing,Analyst,Los Angeles,68741.96,4376.19,2021-09-10,20,77.0,jessica.rodriguez@company.com,(745) 335-3960,Active
EMP010850,William,Davis,William Davis,38,Marketing,Lead,Chicago,71880.69,5079.22,2024-04-09,13,43.3,william.davis@company.com,(311) 279-6222,Inactive
EMP010851,Robert,Lopez,Robert Lopez,35,Legal,Specialist,San Francisco,86526.1,6994.18,2024-12-16,12,80.8,robert.lopez@company.com,(765) 315-9984,Active
EMP010852,Jane,Lopez,Jane Lopez,38,Finance,Coordinator,New York,41084.84,1902.2,2022-11-21,16,69.6,jane.lopez@company.com,(333) 706-2091,Active
EMP010853,William,Brown,William Brown,54,IT,Coordinator,New York,131619.29,8510.34,2022-04-07,29,80.1,william.brown@company.com,(444) 713-1264,Active
EMP010854,John,Martinez,John Martinez,61,Operations,Analyst,Boston,60998.6,3166.09,2024-08-28,32,77.4,john.martinez@company.com,(583) 352-7708,Active
EMP010855,Christopher,Johnson,Christopher Johnson,54,IT,Analyst,Miami,97754.88,11151.09,2022-04-16,25,85.9,christopher.johnson@company.com,(715) 760-9327,Inactive
EMP010856,Jessica,Martinez,Jessica Martinez,60,Operations,Associate,New York,78990.32,5628.03,2024-01-10,35,95.4,jessica.martinez@company.com,(831) 620-4937,Active
EMP010857,James,Gonzalez,James Gonzalez,44,Legal,Coordinator,Boston,86488.45,9756.46,2020-04-16,18,87.3,james.gonzalez@company.com,(871) 405-8252,On Leave
EMP010858,Christopher,Martinez,Christopher Martinez,57,Legal,Director,San Francisco,152322.88,18762.4,2021-04-21,29,68.1,christopher.martinez@company.com,(827) 215-1121,Active
EMP010859,Stephanie,Garcia,Stephanie Garcia,50,IT,Senior Developer,San Francisco,108964.49,9466.79,2020-04-22,21,73.7,stephanie.garcia@company.com,(539) 204-7820,Inactive
EMP010860,Nicole,Miller,Nicole Miller,36,Operations,Lead,Miami,51029.38,6233.1,2022-02-26,10,74.2,nicole.miller@company.com,(605) 398-2738,Inactive
EMP010861,Michael,Martin,Michael Martin,64,IT,Manager,Seattle,131804.36,21384.7,2022-02-01,38,88.0,michael.martin@company.com,(454) 701-7905,Active
EMP010862,Jane,Rodriguez,Jane Rodriguez,31,Sales,Senior Developer,Boston,67840.27,5114.7,2020-01-21,8,78.9,jane.rodriguez@company.com,(608) 291-3897,Inactive
EMP010863,James,Jones,James Jones,60,Engineering,Manager,Los Angeles,135293.57,0.0,2021-10-02,33,95.5,james.jones@company.com,(659) 810-4662,Active
EMP010864,Sarah,Garcia,Sarah Garcia,22,Sales,Coordinator,Seattle,41857.01,4561.36,2020-06-28,0,74.6,sarah.garcia@company.com,(476) 547-9003,Active
EMP010865,James,Gonzalez,James Gonzalez,46,Engineering,Associate,Boston,69375.57,2228.58,2024-04-17,20,64.8,james.gonzalez@company.com,(233) 691-4958,Active
EMP010866,Michael,Brown,Michael Brown,53,Marketing,Analyst,Seattle,71223.79,7511.0,2020-02-27,29,67.4,michael.brown@company.com,(526) 325-3952,Active
EMP010867,Jessica,Garcia,Jessica Garcia,29,Marketing,Associate,New York,65015.4,5268.69,2023-08-02,1,79.6,jessica.garcia@company.com,(315) 791-5133,Active
EMP010868,Sarah,Anderson,Sarah Anderson,25,HR,Senior Developer,Miami,76841.93,11414.2,2021-08-09,3,84.3,sarah.anderson@company.com,(867) 461-4030,Inactive
EMP010869,Ashley,Smith,Ashley Smith,52,Marketing,Analyst,New York,83470.94,3225.73,2020-05-11,30,69.8,ashley.smith@company.com,(915) 259-3123,Active
EMP010870,Matthew,Davis,Matthew Davis,47,Finance,Director,Los Angeles,88074.56,12006.2,2023-11-08,21,62.5,matthew.davis@company.com,(901) 581-6204,Inactive
EMP010871,Melissa,Hernandez,Melissa Hernandez,36,Finance,Lead,Austin,59377.05,4876.93,2024-11-12,9,88.0,melissa.hernandez@company.com,(383) 810-6220,Inactive
EMP010872,Michael,Garcia,Michael Garcia,22,Operations,Senior Developer,Chicago,54665.67,8747.44,2024-03-05,0,76.6,michael.garcia@company.com,(282) 953-2951,Active
EMP010873,Christopher,Jackson,Christopher Jackson,51,Legal,Associate,Austin,90987.41,8200.47,2022-03-31,29,69.6,christopher.jackson@company.com,(579) 478-1057,Active
EMP010874,Matthew,Johnson,Matthew Johnson,52,Engineering,Director,Seattle,126908.05,13478.46,2022-11-14,28,77.2,matthew.johnson@company.com,(604) 984-6411,Active
EMP010875,Matthew,Martinez,Matthew Martinez,49,Sales,Manager,Los Angeles,74490.22,13296.49,2021-10-10,21,77.1,matthew.martinez@company.com,(406) 831-1652,Inactive
EMP010876,Jane,Martin,Jane Martin,65,Engineering,Specialist,Boston,130737.25,215.26,2022-12-09,39,84.2,jane.martin@company.com,(984) 294-5001,Active
EMP010877,Anthony,Lopez,Anthony Lopez,41,IT,Associate,Boston,75918.29,5842.84,2021-12-04,18,68.0,anthony.lopez@company.com,(619) 605-7482,Active
EMP010878,Jane,Moore,Jane Moore,44,Engineering,Coordinator,Chicago,84452.78,5788.72,2021-06-06,18,67.9,jane.moore@company.com,(419) 679-4405,Active
EMP010879,Christopher,Anderson,Christopher Anderson,37,IT,Coordinator,Miami,112019.97,9280.36,2020-09-12,11,95.8,christopher.anderson@company.com,(957) 893-6077,Active
EMP010880,William,Gonzalez,William Gonzalez,36,Engineering,Analyst,Los Angeles,79797.46,11274.63,2021-10-07,11,92.5,william.gonzalez@company.com,(930) 887-2167,Active
EMP010881,Nicole,Garcia,Nicole Garcia,40,Engineering,Lead,San Francisco,70234.47,4897.44,2024-03-12,12,80.9,nicole.garcia@company.com,(493) 556-5987,Active
EMP010882,Christopher,Gonzalez,Christopher Gonzalez,37,Marketing,Specialist,Los Angeles,50930.13,3970.78,2023-01-03,15,51.2,christopher.gonzalez@company.com,(785) 851-8858,Active
EMP010883,John,Brown,John Brown,59,Marketing,Senior Developer,Austin,99282.13,4533.59,2024-08-20,34,82.8,john.brown@company.com,(926) 831-6955,Active
EMP010884,Christopher,Gonzalez,Christopher Gonzalez,43,Marketing,Lead,Los Angeles,60956.94,6060.49,2023-05-03,21,60.0,christopher.gonzalez@company.com,(550) 566-4376,Active
EMP010885,John,Wilson,John Wilson,61,Finance,Analyst,Los Angeles,86993.96,4989.77,2020-09-02,35,39.9,john.wilson@company.com,(995) 778-8909,Active
EMP010886,Matthew,Taylor,Matthew Taylor,56,IT,Senior Developer,New York,91995.39,9766.65,2024-01-16,28,87.7,matthew.taylor@company.com,(372) 559-2983,Active
EMP010887,Michael,Miller,Michael Miller,22,HR,Lead,Miami,27000.0,2186.47,2020-12-20,0,83.9,michael.miller@company.com,(971) 707-1825,On Leave
EMP010888,William,Williams,William Williams,61,IT,Manager,Seattle,120823.84,7711.02,2024-12-21,33,65.4,william.williams@company.com,(607) 893-2156,Inactive
EMP010889,Melissa,Miller,Melissa Miller,57,IT,Coordinator,Austin,76432.69,3449.58,2022-04-25,29,59.9,melissa.miller@company.com,(280) 817-1676,Active
EMP010890,Nicole,Miller,Nicole Miller,35,IT,Manager,New York,77160.14,7669.92,2022-03-18,6,85.8,nicole.miller@company.com,(525) 315-2781,Active
EMP010891,John,Davis,John Davis,51,Sales,Senior Developer,Seattle,80245.98,5929.52,2024-12-01,28,75.9,john.davis@company.com,(441) 861-8645,Active
EMP010892,Anthony,Jones,Anthony Jones,47,IT,Analyst,San Francisco,127303.42,4696.59,2022-05-22,19,67.7,anthony.jones@company.com,(469) 261-5324,Active
EMP010893,Anthony,Moore,Anthony Moore,63,Marketing,Associate,New York,84467.32,9135.4,2021-01-27,38,95.5,anthony.moore@company.com,(452) 297-6381,Active
EMP010894,Stephanie,Thomas,Stephanie Thomas,61,Marketing,Specialist,Los Angeles,91381.97,7491.67,2020-12-12,33,69.6,stephanie.thomas@company.com,(211) 897-8338,Active
EMP010895,Michael,Brown,Michael Brown,55,HR,Senior Developer,Miami,66983.57,4118.35,2024-05-07,33,67.4,michael.brown@company.com,(363) 661-1418,Active
EMP010896,Anthony,Anderson,Anthony Anderson,55,Sales,Director,Boston,86559.26,9801.21,2024-04-15,30,76.0,anthony.anderson@company.com,(954) 508-9221,On Leave
EMP010897,Daniel,Brown,Daniel Brown,50,HR,Manager,Seattle,50806.44,5061.1,2023-11-12,23,79.6,daniel.brown@company.com,(745) 994-4188,Active
EMP010898,Amanda,Anderson,Amanda Anderson,29,Sales,Specialist,Austin,78865.76,8125.28,2023-07-03,5,92.7,amanda.anderson@company.com,(973) 583-6679,Active
EMP010899,Amanda,Thomas,Amanda Thomas,55,IT,Manager,Boston,83100.24,18526.65,2024-12-12,26,74.2,amanda.thomas@company.com,(983) 241-8612,Active
EMP010900,Lisa,Brown,Lisa Brown,26,Finance,Analyst,Chicago,69383.79,7666.01,2021-04-10,1,71.8,lisa.brown@company.com,(842) 486-8565,Inactive
EMP010901,Anthony,Johnson,Anthony Johnson,30,Operations,Specialist,Miami,41964.79,0.0,2020-09-03,4,80.3,anthony.johnson@company.com,(993) 656-4406,Active
EMP010902,Michael,Lopez,Michael Lopez,31,Finance,Manager,Seattle,79793.59,11723.05,2023-04-26,3,94.3,michael.lopez@company.com,(768) 689-5234,Active
EMP010903,Matthew,Jones,Matthew Jones,49,IT,Manager,San Francisco,68555.81,3202.61,2021-11-20,27,73.7,matthew.jones@company.com,(348) 617-2568,Active
EMP010904,Matthew,Anderson,Matthew Anderson,65,Sales,Associate,New York,103164.41,1632.92,2023-04-18,39,74.3,matthew.anderson@company.com,(548) 926-7393,Active
EMP010905,Michael,Martinez,Michael Martinez,40,IT,Analyst,Boston,69617.38,5058.11,2023-10-26,17,76.1,michael.martinez@company.com,(602) 835-7435,Active
EMP010906,Daniel,Thomas,Daniel Thomas,47,Legal,Senior Developer,San Francisco,96551.89,7495.56,2021-04-21,24,71.4,daniel.thomas@company.com,(228) 963-7160,Active
EMP010907,Michael,Garcia,Michael Garcia,63,IT,Specialist,Austin,119998.86,14213.08,2020-11-24,41,75.8,michael.garcia@company.com,(420) 913-2803,Inactive
EMP010908,Stephanie,Wilson,Stephanie Wilson,62,Engineering,Coordinator,New York,133989.42,16095.92,2023-10-05,39,98.5,stephanie.wilson@company.com,(721) 697-5933,On Leave
EMP010909,Anthony,Martin,Anthony Martin,24,Finance,Director,Boston,64242.72,7586.97,2020-07-20,0,70.2,anthony.martin@company.com,(309) 229-3532,On Leave
EMP010910,Anthony,Smith,Anthony Smith,28,HR,Associate,Los Angeles,60913.24,8518.3,2022-10-25,2,80.7,anthony.smith@company.com,(482) 206-8874,Active
EMP010911,Lisa,Moore,Lisa Moore,46,HR,Lead,Miami,56904.09,5517.42,2024-05-18,17,84.4,lisa.moore@company.com,(450) 326-9697,Active
EMP010912,Nicole,Anderson,Nicole Anderson,58,Sales,Senior Developer,San Francisco,92152.33,18737.1,2024-08-30,34,70.6,nicole.anderson@company.com,(421) 389-8186,Active
EMP010913,Amanda,Moore,Amanda Moore,37,Marketing,Manager,San Francisco,53769.38,3034.56,2022-05-18,10,63.5,amanda.moore@company.com,(363) 617-2338,Active
EMP010914,David,Gonzalez,David Gonzalez,49,Marketing,Manager,Seattle,99917.47,13370.83,2022-10-22,23,77.5,david.gonzalez@company.com,(887) 839-3771,Active
EMP010915,John,Jones,John Jones,43,IT,Specialist,Chicago,86153.59,7139.36,2023-06-13,18,53.6,john.jones@company.com,(858) 757-9159,Active
EMP010916,David,Martinez,David Martinez,46,Operations,Associate,New York,69710.35,6532.38,2023-05-30,18,24.1,david.martinez@company.com,(980) 570-4485,Active
EMP010917,Jane,Miller,Jane Miller,51,HR,Coordinator,San Francisco,62140.87,9556.6,2021-09-11,25,54.4,jane.miller@company.com,(320) 437-4290,Active
EMP010918,John,Miller,John Miller,59,Legal,Manager,Miami,115395.98,9272.95,2021-01-25,31,52.6,john.miller@company.com,(529) 509-2741,Active
EMP010919,Melissa,Hernandez,Melissa Hernandez,29,Sales,Manager,Seattle,49010.86,5659.98,2024-10-01,6,97.3,melissa.hernandez@company.com,(479) 460-5975,Active
EMP010920,Robert,Thomas,Robert Thomas,63,IT,Manager,New York,76162.88,7742.55,2022-04-21,38,59.2,robert.thomas@company.com,(685) 668-4925,Active
EMP010921,Christopher,Gonzalez,Christopher Gonzalez,58,Operations,Associate,Boston,64778.55,5200.6,2024-08-27,33,89.8,christopher.gonzalez@company.com,(386) 294-3308,Active
EMP010922,Robert,Anderson,Robert Anderson,33,Sales,Specialist,Los Angeles,60947.25,6555.29,2020-02-07,4,87.1,robert.anderson@company.com,(453) 359-5399,Active
EMP010923,Robert,Lopez,Robert Lopez,51,Legal,Manager,New York,132111.81,11656.51,2024-07-11,26,80.5,robert.lopez@company.com,(237) 675-2142,Active
EMP010924,Stephanie,Jackson,Stephanie Jackson,23,Sales,Specialist,Miami,72715.55,0.0,2020-07-23,1,72.9,stephanie.jackson@company.com,(774) 649-9349,Active
EMP010925,Michael,Rodriguez,Michael Rodriguez,33,Legal,Senior Developer,Austin,93949.51,10665.33,2021-08-03,5,80.5,michael.rodriguez@company.com,(874) 636-1091,Active
EMP010926,William,Anderson,William Anderson,27,Operations,Coordinator,Miami,47188.76,1609.66,2021-02-01,0,78.2,william.anderson@company.com,(276) 519-4868,On Leave
EMP010927,Michael,Thomas,Michael Thomas,50,Sales,Manager,San Francisco,56526.52,5670.99,2022-03-14,27,83.6,michael.thomas@company.com,(540) 715-4077,Active
EMP010928,David,Anderson,David Anderson,48,Legal,Analyst,Chicago,78147.25,8393.21,2022-11-21,22,61.9,david.anderson@company.com,(781) 700-6573,Active
EMP010929,Amanda,Hernandez,Amanda Hernandez,31,Sales,Analyst,Chicago,73607.47,4482.09,2024-01-13,9,73.9,amanda.hernandez@company.com,(472) 489-5557,Inactive
EMP010930,Matthew,Thomas,Matthew Thomas,24,Engineering,Specialist,Austin,88898.19,13595.63,2022-04-07,0,82.4,matthew.thomas@company.com,(663) 501-5413,Active
EMP010931,Ashley,Wilson,Ashley Wilson,34,Engineering,Associate,Austin,87975.28,12078.71,2023-09-23,6,100.0,ashley.wilson@company.com,(449) 596-7586,Active
EMP010932,Amanda,Anderson,Amanda Anderson,28,Engineering,Analyst,Seattle,97579.59,17593.56,2022-07-14,5,73.7,amanda.anderson@company.com,(759) 662-8274,Active
EMP010933,Michael,Garcia,Michael Garcia,41,Legal,Associate,San Francisco,99417.59,14840.55,2020-08-27,19,82.7,michael.garcia@company.com,(402) 305-7315,Active
EMP010934,Nicole,Brown,Nicole Brown,35,HR,Senior Developer,New York,89507.17,15800.0,2023-11-05,9,77.1,nicole.brown@company.com,(653) 723-7121,Active
EMP010935,Christopher,Hernandez,Christopher Hernandez,60,Legal,Manager,Chicago,129114.9,13044.29,2020-02-12,38,89.0,christopher.hernandez@company.com,(661) 923-2428,Active
EMP010936,Emily,Johnson,Emily Johnson,58,Sales,Director,Austin,102446.99,16545.93,2023-11-07,30,78.9,emily.johnson@company.com,(378) 490-2867,Active
EMP010937,James,Martinez,James Martinez,25,IT,Senior Developer,New York,71356.82,8105.97,2024-01-21,0,97.0,james.martinez@company.com,(411) 445-6048,Active
EMP010938,Amanda,Miller,Amanda Miller,52,IT,Manager,San Francisco,84379.47,7380.98,2023-04-09,25,55.6,amanda.miller@company.com,(749) 702-8498,Active
EMP010939,Melissa,Martinez,Melissa Martinez,23,IT,Senior Developer,Miami,38656.3,677.52,2024-11-09,0,98.2,melissa.martinez@company.com,(780) 934-5261,Active
EMP010940,Melissa,Williams,Melissa Williams,39,Marketing,Manager,Boston,42821.07,0.0,2023-11-20,14,78.7,melissa.williams@company.com,(786) 448-8737,Active
EMP010941,Jane,Martin,Jane Martin,24,Sales,Senior Developer,San Francisco,53928.12,6471.38,2022-04-14,2,51.5,jane.martin@company.com,(947) 523-4238,Active
EMP010942,Melissa,Thomas,Melissa Thomas,31,Operations,Associate,Seattle,60111.04,0.0,2024-12-18,7,73.3,melissa.thomas@company.com,(377) 771-5931,On Leave
EMP010943,Christopher,Brown,Christopher Brown,54,IT,Analyst,Austin,98056.51,6865.31,2023-12-22,31,68.1,christopher.brown@company.com,(957) 715-4381,Active
EMP010944,Stephanie,Thomas,Stephanie Thomas,64,Legal,Lead,Boston,106142.38,15464.11,2021-01-15,40,58.6,stephanie.thomas@company.com,(822) 751-6875,Inactive
EMP010945,John,Anderson,John Anderson,49,Sales,Senior Developer,Seattle,113624.76,7010.2,2023-02-11,24,87.2,john.anderson@company.com,(821) 893-2644,Active
EMP010946,Michael,Lopez,Michael Lopez,54,Marketing,Analyst,Austin,98508.79,8353.4,2021-04-06,31,93.7,michael.lopez@company.com,(884) 302-6104,Inactive
EMP010947,John,Martinez,John Martinez,24,IT,Senior Developer,Miami,65900.78,8390.46,2021-12-18,0,80.5,john.martinez@company.com,(984) 625-2475,Active
EMP010948,John,Wilson,John Wilson,44,IT,Senior Developer,Miami,112662.16,3964.64,2021-10-19,18,50.6,john.wilson@company.com,(576) 899-7088,Active
EMP010949,John,Rodriguez,John Rodriguez,22,IT,Associate,Miami,68860.25,5966.4,2022-01-16,0,76.1,john.rodriguez@company.com,(547) 237-6650,Active
EMP010950,Jane,Hernandez,Jane Hernandez,62,Legal,Director,Chicago,100308.15,6283.12,2022-02-12,35,85.4,jane.hernandez@company.com,(854) 490-8834,Active
EMP010951,Jessica,Smith,Jessica Smith,44,Marketing,Lead,New York,78218.19,11262.14,2024-08-09,21,83.3,jessica.smith@company.com,(632) 692-2320,Active
EMP010952,Stephanie,Garcia,Stephanie Garcia,52,HR,Senior Developer,Boston,54043.6,6898.35,2020-08-23,27,65.7,stephanie.garcia@company.com,(856) 999-9397,Active
EMP010953,Emily,Garcia,Emily Garcia,60,Finance,Coordinator,Seattle,66642.95,2963.0,2022-12-30,38,64.2,emily.garcia@company.com,(321) 808-6230,Active
EMP010954,Emily,Anderson,Emily Anderson,27,Legal,Senior Developer,San Francisco,96091.43,14017.45,2024-11-02,1,100.0,emily.anderson@company.com,(440) 277-6691,Active
EMP010955,Daniel,Wilson,Daniel Wilson,37,Legal,Director,Chicago,63113.13,12119.66,2024-05-06,13,82.4,daniel.wilson@company.com,(565) 568-2272,Active
EMP010956,Robert,Garcia,Robert Garcia,61,Legal,Analyst,Boston,114073.58,7966.81,2021-03-31,37,94.9,robert.garcia@company.com,(559) 281-5661,Active
EMP010957,Matthew,Johnson,Matthew Johnson,32,Legal,Coordinator,Miami,117777.86,13595.85,2020-05-08,7,97.5,matthew.johnson@company.com,(873) 506-6944,Active
EMP010958,Matthew,Moore,Matthew Moore,55,Operations,Director,Chicago,71063.54,2913.31,2022-12-19,28,40.1,matthew.moore@company.com,(589) 588-5110,Active
EMP010959,John,Jackson,John Jackson,59,IT,Associate,Austin,88786.61,12641.2,2024-10-22,33,81.3,john.jackson@company.com,(672) 790-5164,Active
EMP010960,Anthony,Hernandez,Anthony Hernandez,37,Operations,Specialist,Los Angeles,50526.45,4458.21,2020-10-31,15,72.3,anthony.hernandez@company.com,(344) 433-2217,Active
EMP010961,Anthony,Johnson,Anthony Johnson,61,Sales,Analyst,Miami,94644.71,15608.54,2020-10-08,39,77.8,anthony.johnson@company.com,(570) 728-1964,Inactive
EMP010962,Anthony,Thomas,Anthony Thomas,52,Marketing,Senior Developer,Miami,92226.23,13182.26,2023-06-03,27,85.8,anthony.thomas@company.com,(616) 386-4498,Active
EMP010963,Ashley,Jackson,Ashley Jackson,28,Operations,Senior Developer,Los Angeles,53600.11,6461.41,2022-08-13,4,61.6,ashley.jackson@company.com,(524) 695-9265,Active
EMP010964,Jane,Williams,Jane Williams,50,HR,Associate,Los Angeles,73839.64,3672.25,2020-09-30,21,71.9,jane.williams@company.com,(353) 257-7984,Active
EMP010965,Robert,Miller,Robert Miller,56,IT,Associate,New York,103618.45,10950.92,2022-04-10,27,72.8,robert.miller@company.com,(237) 387-8766,Active
EMP010966,William,Lopez,William Lopez,44,Finance,Coordinator,Chicago,94221.21,1980.99,2021-04-20,16,78.5,william.lopez@company.com,(948) 452-9176,Active
EMP010967,Nicole,Smith,Nicole Smith,39,Operations,Manager,Austin,62933.92,7565.4,2024-12-14,14,69.4,nicole.smith@company.com,(847) 761-2408,Active
EMP010968,James,Thomas,James Thomas,50,Legal,Director,Chicago,146056.76,14780.32,2020-02-17,27,87.9,james.thomas@company.com,(669) 494-6099,Active
EMP010969,Lisa,Taylor,Lisa Taylor,41,HR,Coordinator,New York,80466.49,6567.77,2020-07-17,19,79.7,lisa.taylor@company.com,(896) 339-3962,Active
EMP010970,Robert,Moore,Robert Moore,33,Legal,Lead,New York,121915.78,11944.4,2023-09-15,9,79.3,robert.moore@company.com,(749) 289-6681,Inactive
EMP010971,Emily,Williams,Emily Williams,61,Sales,Lead,Los Angeles,71135.03,10117.72,2024-06-25,33,92.1,emily.williams@company.com,(693) 541-3203,Inactive
EMP010972,Amanda,Anderson,Amanda Anderson,62,Finance,Specialist,Los Angeles,96214.93,14297.73,2020-06-24,39,82.7,amanda.anderson@company.com,(567) 678-5138,Inactive
EMP010973,Nicole,Smith,Nicole Smith,50,IT,Director,Los Angeles,84369.66,10154.29,2020-06-19,26,94.2,nicole.smith@company.com,(641) 934-5689,Active
EMP010974,Lisa,Lopez,Lisa Lopez,50,HR,Director,Boston,72704.13,4650.27,2022-04-15,24,83.9,lisa.lopez@company.com,(324) 259-5033,Active
EMP010975,Ashley,Moore,Ashley Moore,43,Legal,Associate,San Francisco,105391.59,20063.05,2021-06-11,14,55.0,ashley.moore@company.com,(505) 555-7546,Active
EMP010976,John,Jones,John Jones,47,Engineering,Coordinator,New York,110454.6,7087.16,2021-03-01,22,68.2,john.jones@company.com,(450) 319-7916,Active
EMP010977,Jane,Anderson,Jane Anderson,50,IT,Senior Developer,Boston,99107.6,4360.67,2021-08-18,22,60.3,jane.anderson@company.com,(777) 658-7418,Active
EMP010978,Michael,Jackson,Michael Jackson,40,Engineering,Lead,San Francisco,131477.16,15642.17,2021-07-15,17,78.3,michael.jackson@company.com,(788) 812-4596,Inactive
EMP010979,Robert,Anderson,Robert Anderson,32,Legal,Lead,Boston,44385.39,3057.07,2023-10-31,3,67.7,robert.anderson@company.com,(228) 712-5246,Active
EMP010980,Daniel,Jackson,Daniel Jackson,60,Legal,Manager,Miami,111049.6,12474.61,2020-02-21,31,100.0,daniel.jackson@company.com,(503) 348-6771,Active
EMP010981,Daniel,Gonzalez,Daniel Gonzalez,31,Operations,Director,Boston,49960.14,2937.66,2024-02-12,4,100.0,daniel.gonzalez@company.com,(498) 868-3021,Active
EMP010982,Ashley,Martinez,Ashley Martinez,50,HR,Director,New York,71100.04,9463.38,2024-07-23,25,100.0,ashley.martinez@company.com,(854) 376-1341,Active
EMP010983,William,Smith,William Smith,34,Sales,Senior Developer,Seattle,87337.73,5880.91,2023-02-11,5,92.8,william.smith@company.com,(611) 924-5948,Active
EMP010984,Robert,Lopez,Robert Lopez,24,IT,Coordinator,New York,84546.4,9860.21,2021-02-26,0,48.4,robert.lopez@company.com,(910) 886-7872,Active
EMP010985,Emily,Martinez,Emily Martinez,59,Legal,Specialist,Boston,76584.97,15882.87,2024-06-26,32,67.2,emily.martinez@company.com,(727) 369-5739,Active
EMP010986,Daniel,Brown,Daniel Brown,59,Marketing,Director,Los Angeles,78472.98,5759.54,2024-05-28,33,55.5,daniel.brown@company.com,(488) 361-7850,Inactive
EMP010987,David,Rodriguez,David Rodriguez,59,HR,Senior Developer,Miami,63590.1,1288.91,2023-09-18,34,54.8,david.rodriguez@company.com,(498) 231-9354,Active
EMP010988,Nicole,Wilson,Nicole Wilson,49,IT,Senior Developer,Austin,73319.67,8651.72,2023-02-04,21,81.1,nicole.wilson@company.com,(806) 365-1072,Active
EMP010989,William,Martinez,William Martinez,44,Engineering,Specialist,San Francisco,110272.72,4518.78,2020-01-27,16,93.0,william.martinez@company.com,(305) 539-3296,Active
EMP010990,James,Johnson,James Johnson,63,HR,Manager,New York,77927.5,9323.91,2024-01-27,38,88.5,james.johnson@company.com,(607) 844-5339,Inactive
EMP010991,William,Brown,William Brown,50,Legal,Senior Developer,Austin,119260.74,11575.96,2023-10-07,28,48.9,william.brown@company.com,(405) 550-9851,Active
EMP010992,Lisa,Martinez,Lisa Martinez,32,Operations,Lead,Los Angeles,56281.67,8119.06,2023-07-26,5,71.3,lisa.martinez@company.com,(367) 943-7231,Active
EMP010993,Michael,Brown,Michael Brown,60,Engineering,Senior Developer,Seattle,97016.8,12248.88,2021-06-02,32,72.0,michael.brown@company.com,(549) 916-2273,Active
EMP010994,Ashley,Jackson,Ashley Jackson,57,Engineering,Specialist,Los Angeles,112683.66,25619.7,2024-05-17,31,100.0,ashley.jackson@company.com,(876) 645-4284,Active
EMP010995,Michael,Williams,Michael Williams,41,Finance,Senior Developer,New York,67622.42,0.0,2023-05-13,12,36.8,michael.williams@company.com,(252) 732-5976,Inactive
EMP010996,Amanda,Miller,Amanda Miller,65,HR,Director,San Francisco,102385.74,4538.58,2023-08-14,40,63.1,amanda.miller@company.com,(773) 793-6168,Active
EMP010997,Daniel,Williams,Daniel Williams,47,Legal,Director,Seattle,86733.29,14942.4,2022-04-23,24,81.5,daniel.williams@company.com,(546) 534-4621,Active
EMP010998,David,Anderson,David Anderson,24,HR,Lead,Austin,54271.09,6351.74,2023-05-13,0,77.0,david.anderson@company.com,(323) 743-1180,On Leave
EMP010999,James,Johnson,James Johnson,61,Marketing,Associate,Chicago,84035.78,7027.33,2022-03-21,32,97.8,james.johnson@company.com,(573) 344-9844,Active
EMP011000,Emily,Gonzalez,Emily Gonzalez,55,Finance,Director,San Francisco,89228.59,6723.48,2023-09-10,31,68.9,emily.gonzalez@company.com,(321) 358-3421,Active
EMP011001,John,Rodriguez,John Rodriguez,56,IT,Associate,Boston,104238.06,11016.14,2023-10-18,33,100.0,john.rodriguez@company.com,(504) 844-5615,Active
EMP011002,Michael,Miller,Michael Miller,51,Marketing,Manager,Chicago,68984.09,7200.26,2024-12-19,27,77.5,michael.miller@company.com,(694) 272-1641,Active
EMP011003,William,Jones,William Jones,36,Operations,Coordinator,Los Angeles,77113.25,7736.89,2023-02-20,7,82.6,william.jones@company.com,(796) 358-9906,Active
EMP011004,Matthew,Taylor,Matthew Taylor,53,Sales,Manager,Boston,101869.35,9194.84,2024-08-26,27,54.1,matthew.taylor@company.com,(646) 936-2030,Active
EMP011005,Anthony,Jones,Anthony Jones,51,Marketing,Specialist,San Francisco,74668.95,7852.45,2020-12-03,28,52.6,anthony.jones@company.com,(606) 514-9496,Active
EMP011006,Daniel,Wilson,Daniel Wilson,44,Finance,Lead,San Francisco,76629.44,6192.08,2024-10-27,22,70.9,daniel.wilson@company.com,(441) 281-5443,Active
EMP011007,Jane,Taylor,Jane Taylor,38,Legal,Specialist,Austin,47614.22,1141.55,2022-04-08,10,78.3,jane.taylor@company.com,(300) 766-9334,Active
EMP011008,Emily,Rodriguez,Emily Rodriguez,62,HR,Coordinator,Seattle,82434.29,7063.88,2024-06-16,37,85.9,emily.rodriguez@company.com,(347) 504-4739,On Leave
EMP011009,Christopher,Taylor,Christopher Taylor,28,Engineering,Lead,San Francisco,103967.49,2261.49,2020-04-22,3,87.4,christopher.taylor@company.com,(764) 410-9843,Active
EMP011010,Anthony,Thomas,Anthony Thomas,35,Engineering,Specialist,New York,101655.79,14140.09,2023-11-10,8,75.7,anthony.thomas@company.com,(209) 756-6457,Active
EMP011011,Sarah,Thomas,Sarah Thomas,23,Operations,Coordinator,Miami,58789.51,2485.04,2020-05-22,0,80.1,sarah.thomas@company.com,(493) 901-7622,Active
EMP011012,William,Gonzalez,William Gonzalez,45,Engineering,Associate,Miami,115765.69,11245.56,2023-08-28,21,97.0,william.gonzalez@company.com,(963) 745-3351,Active
EMP011013,Ashley,Lopez,Ashley Lopez,65,Legal,Senior Developer,Los Angeles,108818.92,14364.93,2020-08-18,42,82.9,ashley.lopez@company.com,(254) 355-4052,Active
EMP011014,Ashley,Martinez,Ashley Martinez,47,IT,Specialist,Seattle,119580.41,13052.64,2024-10-25,23,100.0,ashley.martinez@company.com,(288) 430-3745,Active
EMP011015,Daniel,Williams,Daniel Williams,50,Legal,Analyst,Austin,91915.39,11985.01,2023-01-07,22,75.6,daniel.williams@company.com,(986) 577-9415,Active
EMP011016,Emily,Thomas,Emily Thomas,45,Sales,Lead,Boston,76244.57,9428.61,2024-09-26,18,90.8,emily.thomas@company.com,(237) 313-7216,Active
EMP011017,Lisa,Martinez,Lisa Martinez,33,HR,Associate,Los Angeles,61887.33,5563.53,2021-10-12,6,93.3,lisa.martinez@company.com,(304) 281-3077,Active
EMP011018,Melissa,Martinez,Melissa Martinez,51,Legal,Senior Developer,Austin,90869.0,10415.71,2023-05-21,24,65.9,melissa.martinez@company.com,(740) 694-5715,Active
EMP011019,David,Brown,David Brown,45,Operations,Lead,Chicago,53842.98,10795.75,2024-12-11,17,72.8,david.brown@company.com,(450) 968-9868,Active
EMP011020,Amanda,Hernandez,Amanda Hernandez,28,IT,Specialist,Boston,75888.7,3863.91,2022-01-29,0,61.6,amanda.hernandez@company.com,(660) 939-2617,Active
EMP011021,Amanda,Garcia,Amanda Garcia,37,IT,Specialist,San Francisco,45593.78,5649.74,2024-11-05,11,57.6,amanda.garcia@company.com,(360) 386-1659,Active
EMP011022,Matthew,Garcia,Matthew Garcia,47,Legal,Manager,Austin,112172.57,18342.55,2022-08-02,21,86.1,matthew.garcia@company.com,(355) 350-1608,Active
EMP011023,Amanda,Miller,Amanda Miller,54,Finance,Manager,Chicago,80639.06,2054.08,2024-05-26,29,81.4,amanda.miller@company.com,(911) 358-8024,Active
EMP011024,Ashley,Martin,Ashley Martin,31,IT,Lead,New York,59522.08,5150.27,2020-02-16,9,91.3,ashley.martin@company.com,(901) 730-6391,Active
EMP011025,Ashley,Williams,Ashley Williams,39,Marketing,Manager,San Francisco,51567.94,2213.69,2024-05-07,12,82.9,ashley.williams@company.com,(430) 325-6154,Active
EMP011026,Nicole,Miller,Nicole Miller,62,Sales,Senior Developer,Los Angeles,75016.87,11291.04,2021-12-26,39,54.7,nicole.miller@company.com,(446) 986-1666,Active
EMP011027,Jane,Garcia,Jane Garcia,58,Marketing,Lead,Austin,77488.29,11987.43,2024-05-07,33,71.3,jane.garcia@company.com,(904) 690-7711,Active
EMP011028,Robert,Martin,Robert Martin,55,Sales,Manager,Chicago,78671.13,3109.5,2024-01-19,33,100.0,robert.martin@company.com,(800) 936-3071,Active
EMP011029,Daniel,Brown,Daniel Brown,60,Legal,Director,New York,88126.46,10018.87,2022-01-16,33,73.4,daniel.brown@company.com,(488) 727-1109,Active
EMP011030,Anthony,Martin,Anthony Martin,61,HR,Associate,San Francisco,65006.37,8639.84,2024-06-20,36,80.4,anthony.martin@company.com,(462) 260-8848,Active
EMP011031,Michael,Hernandez,Michael Hernandez,42,Engineering,Specialist,New York,82339.45,1366.27,2024-04-01,17,66.7,michael.hernandez@company.com,(945) 870-4591,Active
EMP011032,Emily,Taylor,Emily Taylor,44,IT,Specialist,San Francisco,115402.08,17270.62,2020-08-15,20,70.5,emily.taylor@company.com,(413) 338-8935,Active
EMP011033,Jessica,Martin,Jessica Martin,58,Sales,Director,Miami,84712.3,7701.25,2020-03-20,34,73.7,jessica.martin@company.com,(392) 332-4392,Active
EMP011034,Sarah,Brown,Sarah Brown,53,Engineering,Lead,Austin,96291.26,14654.68,2022-12-28,25,97.9,sarah.brown@company.com,(770) 291-3963,Active
EMP011035,Amanda,Gonzalez,Amanda Gonzalez,60,Operations,Director,Los Angeles,56455.05,0.0,2022-01-17,37,49.3,amanda.gonzalez@company.com,(796) 699-3487,Active
EMP011036,Michael,Garcia,Michael Garcia,51,HR,Analyst,Los Angeles,68333.36,6041.46,2023-06-28,28,45.0,michael.garcia@company.com,(694) 864-6483,On Leave
EMP011037,Anthony,Taylor,Anthony Taylor,39,IT,Lead,Seattle,110126.42,15000.48,2024-03-14,16,71.3,anthony.taylor@company.com,(274) 851-5621,Active
EMP011038,William,Martin,William Martin,48,Legal,Associate,Seattle,90730.29,14523.32,2024-11-27,24,67.9,william.martin@company.com,(782) 961-3697,Inactive
EMP011039,Daniel,Gonzalez,Daniel Gonzalez,32,Engineering,Lead,San Francisco,39000.0,7449.07,2023-06-11,4,45.3,daniel.gonzalez@company.com,(513) 449-5310,On Leave
EMP011040,Jessica,Miller,Jessica Miller,53,Legal,Specialist,New York,106631.42,21304.94,2022-12-31,25,63.7,jessica.miller@company.com,(796) 201-8328,Active
EMP011041,David,Martin,David Martin,34,HR,Analyst,San Francisco,59635.13,7439.7,2020-11-09,12,75.3,david.martin@company.com,(713) 983-7286,Active
EMP011042,James,Williams,James Williams,64,Marketing,Specialist,New York,63527.14,3204.86,2024-11-24,39,100.0,james.williams@company.com,(957) 894-3606,Active
EMP011043,Jessica,Martinez,Jessica Martinez,58,Finance,Senior Developer,Austin,86413.93,20086.59,2021-01-11,33,52.6,jessica.martinez@company.com,(322) 920-7932,Inactive
EMP011044,Anthony,Smith,Anthony Smith,30,Engineering,Director,Miami,58394.97,6071.91,2023-04-04,3,58.5,anthony.smith@company.com,(883) 599-1483,Inactive
EMP011045,Nicole,Jones,Nicole Jones,39,Legal,Manager,New York,98614.04,9855.36,2024-11-17,14,64.8,nicole.jones@company.com,(910) 692-7447,Active
EMP011046,Anthony,Martin,Anthony Martin,22,IT,Senior Developer,Chicago,81255.96,11302.88,2021-07-27,0,85.9,anthony.martin@company.com,(814) 384-7319,Inactive
EMP011047,Ashley,Garcia,Ashley Garcia,45,Operations,Specialist,San Francisco,45428.64,3794.42,2023-08-24,18,59.9,ashley.garcia@company.com,(723) 621-9083,Active
EMP011048,Christopher,Moore,Christopher Moore,24,HR,Director,Los Angeles,62908.94,3272.47,2024-10-25,0,91.6,christopher.moore@company.com,(407) 455-2394,Active
EMP011049,Jessica,Miller,Jessica Miller,43,HR,Specialist,Chicago,87483.05,4983.96,2022-02-17,16,80.7,jessica.miller@company.com,(594) 228-4151,Active
EMP011050,Jessica,Jones,Jessica Jones,37,Marketing,Senior Developer,New York,95894.97,9613.47,2021-10-12,9,99.7,jessica.jones@company.com,(558) 906-1802,Active
EMP011051,Amanda,Garcia,Amanda Garcia,60,Engineering,Associate,San Francisco,116144.18,17346.47,2020-03-20,33,77.8,amanda.garcia@company.com,(444) 871-3355,Active
EMP011052,Ashley,Gonzalez,Ashley Gonzalez,47,Operations,Specialist,Seattle,68275.76,6258.88,2023-05-26,22,72.4,ashley.gonzalez@company.com,(815) 743-7446,Active
EMP011053,Christopher,Hernandez,Christopher Hernandez,62,Marketing,Lead,Chicago,82703.54,9454.52,2020-11-25,39,48.6,christopher.hernandez@company.com,(258) 510-5035,On Leave
EMP011054,Michael,Martinez,Michael Martinez,44,Sales,Senior Developer,Chicago,55508.46,4129.45,2021-07-22,20,81.3,michael.martinez@company.com,(572) 542-7891,Active
EMP011055,William,Lopez,William Lopez,24,Legal,Analyst,Miami,42867.45,6293.74,2020-04-09,0,64.6,william.lopez@company.com,(203) 768-1354,Active
EMP011056,John,Taylor,John Taylor,62,Engineering,Coordinator,Seattle,120488.14,8970.4,2023-01-02,34,100.0,john.taylor@company.com,(839) 567-5536,Active
EMP011057,James,Garcia,James Garcia,37,HR,Coordinator,San Francisco,71112.05,7363.0,2023-01-08,14,90.7,james.garcia@company.com,(805) 822-9531,Active
EMP011058,David,Jones,David Jones,55,Finance,Specialist,Chicago,91587.58,3603.46,2023-04-30,28,74.8,david.jones@company.com,(651) 415-9794,Active
EMP011059,Christopher,Williams,Christopher Williams,52,IT,Senior Developer,New York,95425.59,9678.95,2024-10-20,24,94.2,christopher.williams@company.com,(232) 679-6088,Active
EMP011060,Amanda,Smith,Amanda Smith,43,Operations,Senior Developer,Seattle,76452.39,8593.2,2022-01-06,17,79.6,amanda.smith@company.com,(682) 829-6865,Active
EMP011061,Michael,Jackson,Michael Jackson,43,Operations,Analyst,Miami,55730.33,3254.57,2020-08-07,14,65.1,michael.jackson@company.com,(981) 912-8902,Active
EMP011062,Lisa,Rodriguez,Lisa Rodriguez,25,Engineering,Associate,Chicago,86600.9,8068.26,2023-11-18,1,94.1,lisa.rodriguez@company.com,(609) 878-9020,Active
EMP011063,James,Rodriguez,James Rodriguez,38,HR,Director,Boston,77636.39,5933.13,2024-10-14,15,51.2,james.rodriguez@company.com,(719) 239-6283,Active
EMP011064,Robert,Rodriguez,Robert Rodriguez,47,HR,Associate,Chicago,71677.1,5249.42,2021-11-22,21,79.3,robert.rodriguez@company.com,(863) 716-4061,Active
EMP011065,Matthew,Moore,Matthew Moore,45,Sales,Manager,Boston,91912.63,9502.19,2024-05-08,19,63.1,matthew.moore@company.com,(847) 745-9210,On Leave
EMP011066,Jane,Johnson,Jane Johnson,58,Marketing,Lead,New York,81714.03,6326.77,2022-07-04,35,100.0,jane.johnson@company.com,(626) 562-9857,Active
EMP011067,Nicole,Johnson,Nicole Johnson,61,Legal,Lead,Chicago,93503.04,9356.33,2021-05-09,36,69.4,nicole.johnson@company.com,(581) 757-8071,Active
EMP011068,David,Taylor,David Taylor,30,Engineering,Associate,Boston,97058.47,12363.01,2023-03-07,3,73.8,david.taylor@company.com,(308) 540-1525,Active
EMP011069,Robert,Smith,Robert Smith,26,Sales,Lead,Austin,47068.2,6257.98,2020-06-18,4,69.0,robert.smith@company.com,(951) 371-9744,Active
EMP011070,Lisa,Johnson,Lisa Johnson,64,Engineering,Analyst,New York,131489.47,5715.11,2022-09-29,41,76.0,lisa.johnson@company.com,(393) 941-8025,Active
EMP011071,Daniel,Jackson,Daniel Jackson,43,HR,Specialist,Boston,93859.36,6554.56,2021-05-27,18,59.7,daniel.jackson@company.com,(895) 293-5253,Active
EMP011072,David,Hernandez,David Hernandez,35,Finance,Senior Developer,Seattle,87228.14,6852.18,2023-04-29,6,81.5,david.hernandez@company.com,(343) 337-9351,Active
EMP011073,Nicole,Hernandez,Nicole Hernandez,63,Engineering,Lead,Chicago,105054.05,1127.13,2021-07-17,38,96.9,nicole.hernandez@company.com,(949) 906-5300,Active
EMP011074,Jane,Gonzalez,Jane Gonzalez,30,Legal,Lead,Austin,80595.89,7738.33,2024-07-25,7,66.5,jane.gonzalez@company.com,(245) 432-4245,Active
EMP011075,Christopher,Moore,Christopher Moore,56,Legal,Lead,Los Angeles,92904.23,9724.07,2020-07-19,34,70.3,christopher.moore@company.com,(378) 349-4173,Active
EMP011076,Anthony,Jones,Anthony Jones,33,Marketing,Director,New York,43854.8,3679.85,2023-07-29,10,63.4,anthony.jones@company.com,(256) 677-7110,Active
EMP011077,Amanda,Thomas,Amanda Thomas,24,Engineering,Associate,Chicago,80291.32,14080.42,2024-09-21,0,79.4,amanda.thomas@company.com,(636) 241-8733,Inactive
EMP011078,Anthony,Johnson,Anthony Johnson,57,Marketing,Lead,New York,68531.67,4740.75,2023-02-08,32,66.5,anthony.johnson@company.com,(287) 364-2308,Active
EMP011079,Ashley,Jackson,Ashley Jackson,29,Engineering,Analyst,San Francisco,78379.13,12298.25,2024-04-17,6,52.8,ashley.jackson@company.com,(628) 544-1859,Active
EMP011080,Lisa,Jackson,Lisa Jackson,39,Sales,Associate,Boston,72702.21,6676.64,2023-01-24,17,90.7,lisa.jackson@company.com,(403) 516-4370,Active
EMP011081,Daniel,Brown,Daniel Brown,55,Sales,Coordinator,Austin,58035.46,2367.84,2023-08-30,32,59.7,daniel.brown@company.com,(311) 398-6786,Inactive
EMP011082,Lisa,Jones,Lisa Jones,38,Legal,Associate,Seattle,98121.11,8456.84,2023-01-27,9,64.2,lisa.jones@company.com,(299) 632-3488,Active
EMP011083,Stephanie,Taylor,Stephanie Taylor,62,HR,Senior Developer,Miami,77958.38,6155.83,2021-12-18,38,95.8,stephanie.taylor@company.com,(693) 294-5390,Active
EMP011084,Lisa,Garcia,Lisa Garcia,44,Finance,Senior Developer,Miami,95966.68,0.0,2020-08-14,16,67.8,lisa.garcia@company.com,(346) 453-6539,Active
EMP011085,Jessica,Hernandez,Jessica Hernandez,40,Operations,Analyst,Miami,59008.24,7592.8,2021-09-27,15,100.0,jessica.hernandez@company.com,(976) 494-4154,On Leave
EMP011086,Daniel,Gonzalez,Daniel Gonzalez,58,HR,Director,San Francisco,71078.96,10235.76,2020-06-08,31,49.4,daniel.gonzalez@company.com,(257) 755-7055,Active
EMP011087,Stephanie,Johnson,Stephanie Johnson,28,Finance,Lead,San Francisco,79217.98,8966.99,2022-03-21,0,63.9,stephanie.johnson@company.com,(554) 503-5947,Active
EMP011088,Melissa,Anderson,Melissa Anderson,58,Operations,Director,Chicago,91519.73,12832.28,2020-07-26,31,81.3,melissa.anderson@company.com,(637) 540-9759,Inactive
EMP011089,William,Anderson,William Anderson,45,Engineering,Associate,Chicago,99139.69,6962.62,2020-02-26,23,76.7,william.anderson@company.com,(286) 999-8063,Active
EMP011090,William,Thomas,William Thomas,50,Finance,Associate,Austin,100878.61,10139.06,2023-04-08,25,67.5,william.thomas@company.com,(857) 494-7256,Inactive
EMP011091,Jane,Lopez,Jane Lopez,34,Finance,Director,Los Angeles,50122.03,1938.68,2021-11-20,9,61.7,jane.lopez@company.com,(922) 480-2401,Active
EMP011092,Jane,Hernandez,Jane Hernandez,55,HR,Director,Los Angeles,81459.37,9759.61,2022-09-09,28,81.4,jane.hernandez@company.com,(675) 369-7137,Active
EMP011093,Lisa,Garcia,Lisa Garcia,25,Sales,Associate,Seattle,84588.18,4981.42,2024-10-09,0,66.2,lisa.garcia@company.com,(824) 635-9608,Active
EMP011094,David,Gonzalez,David Gonzalez,55,Legal,Manager,Austin,109238.01,11885.51,2024-02-04,29,63.6,david.gonzalez@company.com,(738) 844-8053,Active
EMP011095,William,Davis,William Davis,55,HR,Specialist,Miami,62020.06,7328.25,2020-03-26,26,26.3,william.davis@company.com,(930) 360-6968,Active
EMP011096,Emily,Moore,Emily Moore,50,Finance,Manager,New York,79801.63,2317.43,2024-07-25,22,60.0,emily.moore@company.com,(426) 846-6894,Active
EMP011097,David,Rodriguez,David Rodriguez,60,Finance,Lead,Boston,89361.43,5071.05,2022-04-18,31,62.9,david.rodriguez@company.com,(712) 745-5056,Active
EMP011098,Michael,Gonzalez,Michael Gonzalez,40,IT,Lead,New York,61534.74,5094.11,2022-09-08,18,63.5,michael.gonzalez@company.com,(392) 734-8011,Active
EMP011099,Daniel,Miller,Daniel Miller,34,Legal,Associate,Los Angeles,96267.57,0.0,2022-07-13,10,67.9,daniel.miller@company.com,(308) 817-8475,On Leave
EMP011100,Robert,Garcia,Robert Garcia,50,Engineering,Director,Chicago,119093.32,18524.11,2024-04-30,27,82.0,robert.garcia@company.com,(990) 389-7746,Active
EMP011101,Melissa,Garcia,Melissa Garcia,46,Marketing,Associate,Miami,94573.19,7754.67,2024-11-11,21,81.2,melissa.garcia@company.com,(709) 351-4651,Active
EMP011102,Emily,Jackson,Emily Jackson,47,Engineering,Coordinator,Miami,79769.4,14584.3,2023-10-12,25,80.0,emily.jackson@company.com,(950) 642-9669,Active
EMP011103,Nicole,Williams,Nicole Williams,50,Operations,Lead,Boston,49200.31,5628.16,2022-07-01,21,67.8,nicole.williams@company.com,(488) 471-8247,Active
EMP011104,Lisa,Wilson,Lisa Wilson,62,Sales,Senior Developer,New York,103488.2,9566.32,2022-05-02,37,89.3,lisa.wilson@company.com,(822) 378-2247,Active
EMP011105,Nicole,Davis,Nicole Davis,59,Engineering,Specialist,Chicago,114702.35,15477.89,2024-10-24,36,82.6,nicole.davis@company.com,(565) 247-1068,Active
EMP011106,Christopher,Moore,Christopher Moore,57,Legal,Director,New York,122900.58,23775.43,2022-06-09,31,71.3,christopher.moore@company.com,(905) 301-7450,Active
EMP011107,David,Garcia,David Garcia,55,Marketing,Manager,Miami,84301.32,3869.61,2020-04-02,28,42.8,david.garcia@company.com,(957) 381-7616,Active
EMP011108,Stephanie,Jackson,Stephanie Jackson,46,Operations,Specialist,Austin,58925.28,7298.53,2021-03-28,18,70.9,stephanie.jackson@company.com,(384) 837-6567,Active
EMP011109,Christopher,Rodriguez,Christopher Rodriguez,32,IT,Manager,New York,73131.11,14559.7,2024-07-21,7,53.0,christopher.rodriguez@company.com,(293) 578-6807,Active
EMP011110,Stephanie,Smith,Stephanie Smith,35,Legal,Associate,Chicago,72448.23,9888.94,2021-10-28,10,57.7,stephanie.smith@company.com,(725) 433-1774,On Leave
EMP011111,Matthew,Davis,Matthew Davis,46,IT,Specialist,Los Angeles,76099.61,9811.52,2024-12-13,22,76.5,matthew.davis@company.com,(955) 295-7801,Active
EMP011112,Melissa,Gonzalez,Melissa Gonzalez,33,Operations,Lead,Los Angeles,79388.17,8625.43,2024-11-20,11,71.1,melissa.gonzalez@company.com,(444) 750-6751,Active
EMP011113,Michael,Anderson,Michael Anderson,28,Sales,Coordinator,Seattle,64119.52,3787.75,2020-12-15,0,97.8,michael.anderson@company.com,(371) 517-2144,Active
EMP011114,Anthony,Brown,Anthony Brown,52,Engineering,Coordinator,New York,75057.34,7071.16,2024-11-24,30,51.5,anthony.brown@company.com,(417) 787-1367,Active
EMP011115,Jane,Rodriguez,Jane Rodriguez,43,Finance,Senior Developer,Seattle,76042.78,4870.98,2024-11-18,20,76.5,jane.rodriguez@company.com,(767) 316-8567,Active
EMP011116,Anthony,Davis,Anthony Davis,33,Operations,Director,New York,49768.87,6285.44,2023-12-14,11,80.7,anthony.davis@company.com,(681) 849-1517,Active
EMP011117,Christopher,Hernandez,Christopher Hernandez,37,IT,Director,Chicago,78810.03,9895.92,2024-12-19,12,100.0,christopher.hernandez@company.com,(951) 430-8963,Active
EMP011118,John,Gonzalez,John Gonzalez,24,HR,Lead,New York,63197.98,4270.89,2024-07-17,2,75.3,john.gonzalez@company.com,(603) 799-7704,Active
EMP011119,Melissa,Jones,Melissa Jones,52,Engineering,Associate,New York,130050.48,19982.58,2021-07-07,28,73.4,melissa.jones@company.com,(445) 890-6088,Active
EMP011120,David,Davis,David Davis,40,IT,Senior Developer,Austin,92550.41,11617.49,2022-04-07,17,88.6,david.davis@company.com,(935) 443-9862,On Leave
EMP011121,Matthew,Taylor,Matthew Taylor,37,Legal,Coordinator,New York,64472.68,3204.81,2020-09-28,12,78.6,matthew.taylor@company.com,(689) 607-9236,Active
EMP011122,Jessica,Hernandez,Jessica Hernandez,49,Finance,Associate,Los Angeles,93547.38,10691.28,2024-10-09,25,62.8,jessica.hernandez@company.com,(785) 296-5645,Active
EMP011123,James,Hernandez,James Hernandez,31,Finance,Coordinator,Chicago,49425.96,2516.69,2023-09-04,5,77.5,james.hernandez@company.com,(528) 553-3521,Active
EMP011124,Matthew,Hernandez,Matthew Hernandez,34,HR,Lead,Austin,61713.45,8464.2,2022-04-01,10,66.8,matthew.hernandez@company.com,(530) 850-8849,Active
EMP011125,David,Rodriguez,David Rodriguez,50,Engineering,Specialist,Austin,123965.62,14451.17,2020-07-17,24,70.6,david.rodriguez@company.com,(563) 723-6611,Active
EMP011126,Anthony,Miller,Anthony Miller,62,IT,Manager,Los Angeles,109801.21,14352.26,2021-11-10,36,92.5,anthony.miller@company.com,(577) 879-4145,Active
EMP011127,Matthew,Garcia,Matthew Garcia,39,Sales,Coordinator,Boston,74326.83,2771.4,2020-02-03,15,74.4,matthew.garcia@company.com,(676) 960-2649,Active
EMP011128,Daniel,Taylor,Daniel Taylor,32,Operations,Lead,Seattle,52780.87,9287.59,2021-07-06,3,68.7,daniel.taylor@company.com,(351) 785-1697,Active
EMP011129,Matthew,Jackson,Matthew Jackson,44,Operations,Analyst,Seattle,61643.89,12392.9,2024-04-01,19,88.7,matthew.jackson@company.com,(832) 537-3925,Active
EMP011130,Stephanie,Anderson,Stephanie Anderson,25,Marketing,Associate,Los Angeles,49298.63,5289.73,2020-07-01,0,95.1,stephanie.anderson@company.com,(813) 845-2649,Active
EMP011131,Robert,Moore,Robert Moore,62,Engineering,Manager,Boston,96049.13,19947.03,2022-11-25,33,36.2,robert.moore@company.com,(995) 890-5085,Active
EMP011132,John,Martinez,John Martinez,46,Marketing,Coordinator,Boston,83970.49,9161.43,2023-11-29,19,98.3,john.martinez@company.com,(972) 412-7492,Active
EMP011133,James,Brown,James Brown,54,Sales,Director,New York,73192.18,0.0,2024-09-28,31,71.4,james.brown@company.com,(871) 562-4205,Active
EMP011134,Amanda,Gonzalez,Amanda Gonzalez,36,HR,Associate,Boston,70919.27,12027.81,2023-01-10,13,84.2,amanda.gonzalez@company.com,(558) 446-2437,Active
EMP011135,Lisa,Davis,Lisa Davis,65,Operations,Associate,Boston,75594.39,10857.76,2023-09-03,41,92.6,lisa.davis@company.com,(509) 956-3774,Active
EMP011136,Melissa,Anderson,Melissa Anderson,45,Marketing,Associate,Austin,62488.36,8721.22,2023-02-09,17,100.0,melissa.anderson@company.com,(271) 444-2292,Active
EMP011137,Ashley,Jones,Ashley Jones,40,Engineering,Analyst,Seattle,49323.9,9381.49,2024-06-22,16,92.9,ashley.jones@company.com,(519) 831-4687,On Leave
EMP011138,Lisa,Anderson,Lisa Anderson,62,IT,Specialist,Seattle,104733.04,12517.27,2023-06-04,36,54.7,lisa.anderson@company.com,(227) 243-1226,Active
EMP011139,Jane,Miller,Jane Miller,30,Marketing,Associate,Chicago,47768.83,6440.4,2023-04-04,6,95.2,jane.miller@company.com,(772) 829-4426,Active
EMP011140,Sarah,Martinez,Sarah Martinez,27,Operations,Associate,Los Angeles,63612.81,382.71,2020-11-15,5,91.8,sarah.martinez@company.com,(529) 389-9691,Active
EMP011141,Amanda,Brown,Amanda Brown,33,IT,Associate,Seattle,125382.73,4679.03,2024-01-25,7,72.9,amanda.brown@company.com,(539) 429-1009,Active
EMP011142,Robert,Moore,Robert Moore,61,Finance,Manager,Seattle,114395.17,19600.25,2021-09-17,35,68.3,robert.moore@company.com,(656) 925-8401,Active
EMP011143,Amanda,Williams,Amanda Williams,51,Operations,Coordinator,Chicago,88901.53,5061.58,2022-04-25,23,58.7,amanda.williams@company.com,(593) 384-9971,Active
EMP011144,David,Lopez,David Lopez,49,HR,Analyst,New York,76955.09,9251.14,2024-12-06,24,66.1,david.lopez@company.com,(291) 617-8887,Active
EMP011145,Nicole,Smith,Nicole Smith,53,Finance,Associate,Miami,83025.84,8916.88,2022-07-16,30,33.1,nicole.smith@company.com,(955) 684-9867,Active
EMP011146,Lisa,Johnson,Lisa Johnson,44,Sales,Specialist,Austin,53747.65,6205.38,2024-03-03,18,63.9,lisa.johnson@company.com,(486) 259-4720,Active
EMP011147,Lisa,Johnson,Lisa Johnson,62,Sales,Director,New York,108395.86,2816.1,2023-07-04,36,85.7,lisa.johnson@company.com,(503) 829-1849,Active
EMP011148,James,Hernandez,James Hernandez,41,Engineering,Senior Developer,Los Angeles,52964.86,4681.99,2024-09-29,17,86.1,james.hernandez@company.com,(738) 769-8748,Inactive
EMP011149,David,Miller,David Miller,43,Operations,Manager,Austin,64892.27,7880.52,2021-04-03,20,100.0,david.miller@company.com,(426) 620-8872,Active
EMP011150,Jessica,Garcia,Jessica Garcia,59,Sales,Associate,Los Angeles,109447.98,15064.19,2024-03-24,33,63.9,jessica.garcia@company.com,(283) 333-7296,Active
EMP011151,Matthew,Brown,Matthew Brown,42,Sales,Specialist,Chicago,77296.51,8692.34,2023-03-22,15,87.2,matthew.brown@company.com,(913) 941-4153,Active
EMP011152,Nicole,Miller,Nicole Miller,47,Marketing,Coordinator,Boston,64372.59,3523.63,2022-07-21,21,96.1,nicole.miller@company.com,(867) 498-5823,Active
EMP011153,Stephanie,Jackson,Stephanie Jackson,40,HR,Director,Boston,66537.84,5002.71,2022-02-04,18,81.8,stephanie.jackson@company.com,(456) 279-1990,Active
EMP011154,Emily,Wilson,Emily Wilson,42,Legal,Associate,Miami,88354.7,7680.64,2024-10-10,14,71.2,emily.wilson@company.com,(920) 630-2924,Active
EMP011155,John,Brown,John Brown,37,Finance,Specialist,Seattle,67510.09,8141.19,2021-08-15,15,63.4,john.brown@company.com,(317) 249-6024,Inactive
EMP011156,Stephanie,Taylor,Stephanie Taylor,23,Engineering,Director,Los Angeles,70662.63,9460.57,2022-07-25,0,86.1,stephanie.taylor@company.com,(606) 605-2139,Active
EMP011157,William,Rodriguez,William Rodriguez,23,Engineering,Coordinator,Los Angeles,77857.17,9371.4,2023-04-03,0,77.7,william.rodriguez@company.com,(434) 665-4702,Active
EMP011158,Michael,Miller,Michael Miller,42,Sales,Coordinator,New York,89107.03,3992.73,2024-01-09,13,88.2,michael.miller@company.com,(670) 311-8058,Active
EMP011159,Anthony,Martin,Anthony Martin,51,Finance,Senior Developer,Austin,91333.94,3129.46,2023-12-23,25,92.7,anthony.martin@company.com,(738) 949-6365,Inactive
EMP011160,Christopher,Moore,Christopher Moore,37,IT,Specialist,Miami,87387.32,14166.2,2023-08-27,14,62.7,christopher.moore@company.com,(759) 869-5624,Active
EMP011161,James,Taylor,James Taylor,39,IT,Senior Developer,Chicago,88273.23,7655.54,2022-12-09,10,63.7,james.taylor@company.com,(703) 538-5641,Active
EMP011162,John,Wilson,John Wilson,33,Operations,Manager,Miami,54315.35,5557.19,2023-12-25,6,76.8,john.wilson@company.com,(354) 357-5810,Active
EMP011163,Amanda,Jones,Amanda Jones,32,Legal,Senior Developer,Miami,55882.88,7495.67,2024-07-26,7,95.9,amanda.jones@company.com,(441) 213-6745,Inactive
EMP011164,Melissa,Wilson,Melissa Wilson,49,Sales,Senior Developer,New York,87213.3,12874.17,2022-01-20,27,71.9,melissa.wilson@company.com,(879) 582-3034,Inactive
EMP011165,Robert,Martinez,Robert Martinez,55,Sales,Director,Chicago,72948.97,5756.38,2024-01-18,32,54.8,robert.martinez@company.com,(911) 265-6882,Active
EMP011166,Robert,Davis,Robert Davis,43,Legal,Lead,Miami,96714.77,7706.39,2023-09-22,18,61.3,robert.davis@company.com,(900) 461-8684,Inactive
EMP011167,Ashley,Wilson,Ashley Wilson,30,Legal,Associate,Austin,69533.59,4610.57,2024-01-22,8,62.5,ashley.wilson@company.com,(221) 208-1784,Active
EMP011168,David,Johnson,David Johnson,60,IT,Director,Los Angeles,123725.94,14842.85,2020-06-04,38,71.6,david.johnson@company.com,(844) 919-8789,Active
EMP011169,Daniel,Brown,Daniel Brown,47,Marketing,Manager,Chicago,93847.15,10365.77,2021-08-31,25,86.7,daniel.brown@company.com,(927) 491-3060,Active
EMP011170,Sarah,Gonzalez,Sarah Gonzalez,24,IT,Lead,New York,86044.15,7665.59,2020-12-16,0,81.1,sarah.gonzalez@company.com,(810) 935-9432,Active
EMP011171,Amanda,Hernandez,Amanda Hernandez,50,HR,Coordinator,Seattle,72168.28,3662.47,2022-09-27,23,74.0,amanda.hernandez@company.com,(555) 607-9677,Active
EMP011172,Jessica,Martinez,Jessica Martinez,39,Marketing,Lead,Chicago,66346.08,606.88,2022-09-04,17,84.8,jessica.martinez@company.com,(739) 813-4283,Active
EMP011173,Matthew,Rodriguez,Matthew Rodriguez,46,HR,Director,Austin,93450.51,4763.8,2021-02-02,20,61.7,matthew.rodriguez@company.com,(612) 348-5380,Inactive
EMP011174,Matthew,Jackson,Matthew Jackson,24,Engineering,Manager,New York,63738.43,4086.01,2024-08-13,0,98.5,matthew.jackson@company.com,(301) 809-1472,Active
EMP011175,Robert,Moore,Robert Moore,30,Legal,Senior Developer,Los Angeles,71041.38,4722.26,2023-07-10,3,70.3,robert.moore@company.com,(877) 972-6077,Active
EMP011176,Robert,Garcia,Robert Garcia,45,Marketing,Associate,New York,83335.26,4906.74,2024-02-29,20,85.3,robert.garcia@company.com,(886) 404-4673,Inactive
EMP011177,Lisa,Lopez,Lisa Lopez,28,HR,Senior Developer,Seattle,47848.31,837.54,2020-01-15,2,52.0,lisa.lopez@company.com,(441) 997-5240,Active
EMP011178,Amanda,Lopez,Amanda Lopez,62,Operations,Senior Developer,New York,74591.54,5184.76,2021-06-23,38,61.8,amanda.lopez@company.com,(545) 409-1925,Active
EMP011179,Melissa,Miller,Melissa Miller,52,Engineering,Analyst,New York,115110.48,13253.43,2020-10-02,26,73.5,melissa.miller@company.com,(806) 203-1894,Active
EMP011180,Daniel,Davis,Daniel Davis,41,Legal,Coordinator,Los Angeles,100479.2,12935.7,2022-02-03,17,98.7,daniel.davis@company.com,(577) 236-5720,Inactive
EMP011181,Christopher,Garcia,Christopher Garcia,49,Marketing,Director,New York,75592.88,4716.69,2022-03-29,24,86.3,christopher.garcia@company.com,(816) 815-6486,Active
EMP011182,Amanda,Davis,Amanda Davis,65,Engineering,Senior Developer,Chicago,104502.98,5113.06,2024-01-16,39,47.9,amanda.davis@company.com,(925) 390-1352,Active
EMP011183,Jane,Garcia,Jane Garcia,47,Sales,Analyst,Austin,45394.19,4358.97,2023-11-02,20,59.1,jane.garcia@company.com,(613) 480-1113,Active
EMP011184,Sarah,Gonzalez,Sarah Gonzalez,61,IT,Analyst,Chicago,103830.12,9923.68,2022-06-24,35,98.2,sarah.gonzalez@company.com,(786) 862-4962,Active
EMP011185,Nicole,Williams,Nicole Williams,46,Operations,Coordinator,Boston,61064.14,5003.85,2020-03-05,19,55.3,nicole.williams@company.com,(679) 768-7962,Active
EMP011186,Jessica,Johnson,Jessica Johnson,45,Operations,Manager,Boston,71488.2,10747.52,2023-10-08,16,48.9,jessica.johnson@company.com,(255) 318-8323,Active
EMP011187,Anthony,Garcia,Anthony Garcia,58,Engineering,Lead,New York,100817.72,9814.11,2020-11-19,31,40.1,anthony.garcia@company.com,(970) 670-9936,Inactive
EMP011188,Lisa,Smith,Lisa Smith,54,Operations,Coordinator,Chicago,85459.09,7087.98,2024-11-16,29,73.9,lisa.smith@company.com,(993) 778-5730,Active
EMP011189,Jane,Taylor,Jane Taylor,48,IT,Associate,Seattle,109844.78,12351.54,2023-03-19,19,100.0,jane.taylor@company.com,(586) 388-5733,Active
EMP011190,William,Brown,William Brown,44,HR,Analyst,Seattle,67111.92,4047.22,2021-11-18,15,93.0,william.brown@company.com,(566) 499-6812,On Leave
EMP011191,Amanda,Garcia,Amanda Garcia,54,Marketing,Associate,San Francisco,81239.61,9996.28,2024-01-24,27,75.8,amanda.garcia@company.com,(701) 338-3133,Inactive
EMP011192,Jessica,Martinez,Jessica Martinez,36,Engineering,Lead,Chicago,97900.05,4269.44,2023-04-21,11,63.0,jessica.martinez@company.com,(874) 569-8507,Active
EMP011193,Jessica,Anderson,Jessica Anderson,43,Operations,Director,Boston,57410.02,5869.05,2020-09-30,19,67.4,jessica.anderson@company.com,(476) 970-7267,Active
EMP011194,Anthony,Gonzalez,Anthony Gonzalez,30,Legal,Senior Developer,Los Angeles,66206.55,7453.66,2024-11-13,7,94.8,anthony.gonzalez@company.com,(421) 616-2361,Active
EMP011195,Stephanie,Jackson,Stephanie Jackson,44,IT,Specialist,Boston,102701.39,17771.07,2020-04-22,16,79.1,stephanie.jackson@company.com,(845) 405-6270,Active
EMP011196,Matthew,Anderson,Matthew Anderson,47,Finance,Senior Developer,Chicago,102767.29,10127.02,2020-10-12,23,90.0,matthew.anderson@company.com,(795) 931-4287,Active
EMP011197,Robert,Williams,Robert Williams,43,Sales,Manager,Austin,46242.28,5724.48,2024-12-04,21,70.8,robert.williams@company.com,(294) 349-2177,Active
EMP011198,Amanda,Lopez,Amanda Lopez,27,Engineering,Senior Developer,New York,75768.37,872.48,2022-08-27,5,80.8,amanda.lopez@company.com,(847) 998-3672,Active
EMP011199,Stephanie,Wilson,Stephanie Wilson,55,Finance,Lead,San Francisco,94930.23,7388.54,2024-06-02,33,71.5,stephanie.wilson@company.com,(471) 355-5491,Active
EMP011200,Nicole,Moore,Nicole Moore,46,Engineering,Specialist,Los Angeles,89773.96,7626.47,2023-07-28,17,72.8,nicole.moore@company.com,(981) 976-1760,Active
EMP011201,James,Moore,James Moore,63,Engineering,Specialist,Los Angeles,125237.47,2502.43,2021-04-29,39,49.2,james.moore@company.com,(506) 853-6935,Active
EMP011202,Melissa,Martin,Melissa Martin,52,Operations,Director,Chicago,77660.22,13285.13,2020-11-03,23,82.9,melissa.martin@company.com,(505) 681-2128,Active
EMP011203,William,Wilson,William Wilson,40,Marketing,Lead,Miami,38071.91,4276.76,2020-10-22,18,63.5,william.wilson@company.com,(200) 759-1830,Active
EMP011204,Anthony,Martinez,Anthony Martinez,50,HR,Coordinator,Boston,68083.6,8757.15,2021-01-30,21,90.6,anthony.martinez@company.com,(759) 280-1240,Active
EMP011205,Christopher,Williams,Christopher Williams,30,Marketing,Associate,San Francisco,28500.0,1816.76,2021-07-19,8,76.6,christopher.williams@company.com,(325) 427-4013,Inactive
EMP011206,John,Jackson,John Jackson,27,IT,Coordinator,Austin,56773.19,7295.17,2023-01-18,5,57.3,john.jackson@company.com,(904) 981-8474,On Leave
EMP011207,Anthony,Jones,Anthony Jones,36,Sales,Coordinator,Chicago,81888.15,5879.34,2023-06-12,8,77.5,anthony.jones@company.com,(289) 635-1229,Active
EMP011208,Anthony,Martin,Anthony Martin,49,Engineering,Analyst,Boston,123057.08,9554.79,2020-07-25,25,81.8,anthony.martin@company.com,(546) 336-7094,Active
EMP011209,Melissa,Martinez,Melissa Martinez,52,Sales,Analyst,Chicago,85391.26,5231.83,2024-12-20,27,64.3,melissa.martinez@company.com,(989) 793-2338,Active
EMP011210,William,Wilson,William Wilson,39,Sales,Lead,San Francisco,30000.0,5889.71,2022-12-14,16,59.8,william.wilson@company.com,(668) 536-3168,Inactive
EMP011211,Daniel,Miller,Daniel Miller,57,Operations,Analyst,Los Angeles,79399.63,7943.01,2021-02-23,30,86.0,daniel.miller@company.com,(377) 597-2832,Active
EMP011212,Emily,Thomas,Emily Thomas,35,Engineering,Senior Developer,Austin,90254.31,8912.58,2023-11-15,9,65.6,emily.thomas@company.com,(512) 972-5922,Active
EMP011213,Amanda,Brown,Amanda Brown,38,Engineering,Senior Developer,San Francisco,107783.74,13677.4,2020-03-31,16,75.6,amanda.brown@company.com,(815) 973-1153,Active
EMP011214,Amanda,Miller,Amanda Miller,50,Legal,Associate,New York,95815.23,11206.32,2023-10-15,25,80.9,amanda.miller@company.com,(873) 322-8849,Active
EMP011215,Lisa,Garcia,Lisa Garcia,39,HR,Analyst,Chicago,64406.33,7536.01,2023-08-30,10,68.5,lisa.garcia@company.com,(793) 742-5091,Active
EMP011216,Ashley,Wilson,Ashley Wilson,53,Sales,Analyst,Chicago,95554.49,0.0,2020-02-19,28,56.0,ashley.wilson@company.com,(672) 254-8415,Active
EMP011217,Lisa,Thomas,Lisa Thomas,28,Sales,Coordinator,Miami,80610.88,13812.91,2023-12-15,0,62.1,lisa.thomas@company.com,(677) 606-3994,Active
EMP011218,Daniel,Martin,Daniel Martin,37,IT,Coordinator,Miami,91750.03,6848.7,2022-02-19,14,68.7,daniel.martin@company.com,(609) 425-8446,Active
EMP011219,Daniel,Miller,Daniel Miller,58,HR,Specialist,Boston,93531.63,7717.27,2022-08-10,32,63.0,daniel.miller@company.com,(344) 981-5562,Active
EMP011220,Matthew,Martin,Matthew Martin,35,Sales,Senior Developer,Boston,67967.35,5969.76,2020-01-18,6,86.7,matthew.martin@company.com,(770) 902-6521,Active
EMP011221,Nicole,Taylor,Nicole Taylor,38,IT,Coordinator,San Francisco,102322.33,8481.92,2024-09-06,16,94.0,nicole.taylor@company.com,(579) 578-4166,Active
EMP011222,Michael,Davis,Michael Davis,39,Operations,Manager,Chicago,77432.99,10197.43,2022-07-31,15,95.3,michael.davis@company.com,(605) 624-8981,Active
EMP011223,Matthew,Martin,Matthew Martin,24,IT,Analyst,Seattle,53455.54,3234.52,2024-07-17,0,82.4,matthew.martin@company.com,(706) 536-5795,Active
EMP011224,Christopher,Gonzalez,Christopher Gonzalez,48,Marketing,Specialist,Austin,73052.29,5636.34,2021-06-29,19,65.8,christopher.gonzalez@company.com,(812) 604-3985,On Leave
EMP011225,Daniel,Moore,Daniel Moore,36,Legal,Senior Developer,Los Angeles,88764.74,358.8,2024-05-01,13,77.2,daniel.moore@company.com,(733) 915-8884,Active
EMP011226,Melissa,Smith,Melissa Smith,65,Sales,Senior Developer,New York,123326.83,9499.6,2021-03-01,37,86.9,melissa.smith@company.com,(510) 403-5970,Active
EMP011227,Stephanie,Wilson,Stephanie Wilson,64,Finance,Senior Developer,Austin,103956.82,7515.12,2020-11-10,40,91.1,stephanie.wilson@company.com,(319) 715-9909,Active
EMP011228,Matthew,Jones,Matthew Jones,30,Sales,Specialist,Los Angeles,35194.58,2324.59,2024-04-18,2,66.5,matthew.jones@company.com,(350) 249-1184,Active
EMP011229,John,Jackson,John Jackson,61,Legal,Lead,Los Angeles,128992.05,24065.26,2020-11-20,37,40.6,john.jackson@company.com,(750) 204-7036,Active
EMP011230,Matthew,Brown,Matthew Brown,46,Engineering,Manager,San Francisco,121080.33,22985.67,2021-05-01,20,74.8,matthew.brown@company.com,(578) 454-2018,Active
EMP011231,William,Thomas,William Thomas,31,IT,Director,Miami,94857.34,10392.11,2023-05-14,6,75.4,william.thomas@company.com,(693) 327-7627,Active
EMP011232,Lisa,Martin,Lisa Martin,27,Engineering,Specialist,Miami,124984.64,8923.26,2020-10-17,0,70.8,lisa.martin@company.com,(919) 927-3307,Active
EMP011233,Amanda,Johnson,Amanda Johnson,23,Marketing,Director,San Francisco,60397.04,2162.2,2023-07-10,0,78.1,amanda.johnson@company.com,(839) 430-2023,Active
EMP011234,Robert,Jackson,Robert Jackson,36,Marketing,Specialist,San Francisco,54148.58,2820.41,2023-03-08,11,89.5,robert.jackson@company.com,(638) 674-4853,Inactive
EMP011235,Michael,Johnson,Michael Johnson,22,IT,Manager,New York,110928.27,3564.11,2024-08-11,0,60.2,michael.johnson@company.com,(796) 606-3555,Active
EMP011236,Anthony,Rodriguez,Anthony Rodriguez,57,Engineering,Associate,Boston,139838.39,24078.57,2024-06-11,33,88.1,anthony.rodriguez@company.com,(929) 902-2738,Active
EMP011237,Lisa,Hernandez,Lisa Hernandez,34,IT,Director,Austin,79207.27,5288.99,2024-07-21,10,93.8,lisa.hernandez@company.com,(851) 714-7725,Active
EMP011238,Christopher,Johnson,Christopher Johnson,46,Finance,Senior Developer,Los Angeles,69010.15,10315.39,2020-11-26,24,65.7,christopher.johnson@company.com,(827) 252-8021,Active
EMP011239,Nicole,Garcia,Nicole Garcia,40,Marketing,Senior Developer,San Francisco,51653.64,2762.57,2021-03-30,12,68.2,nicole.garcia@company.com,(561) 838-3004,Active
EMP011240,Sarah,Miller,Sarah Miller,59,IT,Lead,Boston,70137.71,13015.52,2020-02-01,35,90.7,sarah.miller@company.com,(530) 980-5749,Active
EMP011241,Emily,Martin,Emily Martin,43,Marketing,Lead,Seattle,63199.46,7965.85,2023-02-01,16,58.6,emily.martin@company.com,(398) 550-1151,Active
EMP011242,Anthony,Davis,Anthony Davis,33,HR,Associate,Austin,64504.18,6654.05,2020-07-26,8,61.0,anthony.davis@company.com,(529) 778-1753,On Leave
EMP011243,Daniel,Garcia,Daniel Garcia,40,IT,Lead,Los Angeles,81239.57,10848.45,2020-05-23,12,60.9,daniel.garcia@company.com,(621) 339-6158,Active
EMP011244,Christopher,Wilson,Christopher Wilson,36,Operations,Senior Developer,Miami,52749.38,4519.11,2022-03-01,13,78.8,christopher.wilson@company.com,(577) 671-5616,Active
EMP011245,Amanda,Taylor,Amanda Taylor,57,Engineering,Analyst,Chicago,138855.16,8857.31,2024-08-26,30,55.2,amanda.taylor@company.com,(483) 247-3245,Active
EMP011246,Sarah,Johnson,Sarah Johnson,53,Sales,Director,Chicago,84226.21,10756.59,2024-01-25,28,71.3,sarah.johnson@company.com,(676) 248-3465,Inactive
EMP011247,Christopher,Jackson,Christopher Jackson,56,Sales,Coordinator,San Francisco,96050.45,9737.54,2022-09-23,28,91.0,christopher.jackson@company.com,(373) 599-6575,Active
EMP011248,Sarah,Miller,Sarah Miller,27,IT,Analyst,Boston,39707.71,3249.12,2024-02-15,0,59.6,sarah.miller@company.com,(469) 413-5877,Active
EMP011249,James,Wilson,James Wilson,52,Finance,Manager,New York,86371.97,7641.5,2022-04-04,25,68.7,james.wilson@company.com,(982) 922-6632,Active
EMP011250,Christopher,Williams,Christopher Williams,52,Operations,Director,Seattle,48181.85,6228.52,2021-11-30,25,72.6,christopher.williams@company.com,(773) 868-2920,Active
EMP011251,Lisa,Williams,Lisa Williams,24,Marketing,Director,Seattle,62939.92,5408.69,2022-06-12,0,67.2,lisa.williams@company.com,(955) 921-8941,Active
EMP011252,Nicole,Johnson,Nicole Johnson,45,Engineering,Associate,Los Angeles,88310.02,12893.85,2020-11-17,21,95.2,nicole.johnson@company.com,(370) 699-9120,Active
EMP011253,David,Brown,David Brown,34,Engineering,Manager,Chicago,71265.48,10075.65,2023-08-20,5,79.9,david.brown@company.com,(700) 511-5009,Active
EMP011254,Michael,Johnson,Michael Johnson,40,Operations,Manager,Los Angeles,71836.39,7217.05,2024-11-02,15,79.4,michael.johnson@company.com,(321) 997-8259,Active
EMP011255,William,Lopez,William Lopez,38,Finance,Senior Developer,Seattle,90448.3,4714.28,2020-07-11,11,74.8,william.lopez@company.com,(927) 383-6513,Active
EMP011256,Robert,Taylor,Robert Taylor,55,Finance,Lead,San Francisco,102658.57,4542.84,2022-02-06,33,90.5,robert.taylor@company.com,(230) 873-4065,On Leave
EMP011257,David,Thomas,David Thomas,50,HR,Senior Developer,San Francisco,87206.8,9162.92,2022-03-07,25,83.5,david.thomas@company.com,(788) 549-3398,Active
EMP011258,Amanda,Martin,Amanda Martin,51,HR,Analyst,Chicago,72149.25,11091.31,2020-04-22,26,66.5,amanda.martin@company.com,(794) 257-4693,Active
EMP011259,William,Johnson,William Johnson,61,Engineering,Analyst,Miami,137128.13,7118.84,2023-11-04,39,50.3,william.johnson@company.com,(977) 881-2762,Active
EMP011260,Matthew,Anderson,Matthew Anderson,24,Operations,Analyst,Seattle,49494.11,7911.87,2022-09-06,0,79.5,matthew.anderson@company.com,(201) 379-1356,Active
EMP011261,Ashley,Hernandez,Ashley Hernandez,48,Operations,Specialist,Miami,66988.45,3529.33,2023-11-29,19,78.3,ashley.hernandez@company.com,(634) 401-1343,Active
EMP011262,Ashley,Davis,Ashley Davis,41,HR,Associate,San Francisco,47874.68,5539.96,2023-02-14,14,54.0,ashley.davis@company.com,(348) 228-8489,Active
EMP011263,Amanda,Garcia,Amanda Garcia,40,Legal,Director,Boston,92832.47,9734.81,2020-10-01,11,87.3,amanda.garcia@company.com,(960) 238-7416,Active
EMP011264,Robert,Martinez,Robert Martinez,33,Sales,Lead,Chicago,70344.66,8922.59,2020-08-09,7,97.8,robert.martinez@company.com,(395) 425-8436,Active
EMP011265,James,Johnson,James Johnson,40,Marketing,Specialist,San Francisco,67984.92,12199.89,2022-01-07,15,82.5,james.johnson@company.com,(442) 309-2480,Active
EMP011266,Melissa,Martinez,Melissa Martinez,64,Legal,Associate,Los Angeles,115110.7,7935.52,2021-08-02,42,64.2,melissa.martinez@company.com,(403) 826-2724,Active
EMP011267,Christopher,Williams,Christopher Williams,33,Finance,Coordinator,Boston,84386.48,11512.84,2020-04-23,7,61.6,christopher.williams@company.com,(814) 375-6133,Active
EMP011268,John,Taylor,John Taylor,43,HR,Coordinator,Seattle,69557.52,11736.76,2020-06-03,18,77.0,john.taylor@company.com,(351) 776-2546,Active
EMP011269,James,Moore,James Moore,34,Legal,Coordinator,New York,112315.79,0.0,2020-12-18,9,92.2,james.moore@company.com,(641) 414-7194,Active
EMP011270,Emily,Anderson,Emily Anderson,61,Finance,Analyst,Chicago,124288.07,2431.25,2021-10-22,38,100.0,emily.anderson@company.com,(775) 522-4533,Active
EMP011271,Jessica,Hernandez,Jessica Hernandez,26,Engineering,Director,Chicago,68451.07,8065.02,2023-10-26,4,77.2,jessica.hernandez@company.com,(881) 546-6402,Active
EMP011272,John,Taylor,John Taylor,46,Legal,Lead,Seattle,99428.65,7576.98,2022-04-23,17,75.9,john.taylor@company.com,(534) 341-9606,Active
EMP011273,Robert,Moore,Robert Moore,25,Finance,Analyst,Austin,95254.78,8208.95,2021-07-14,0,87.1,robert.moore@company.com,(690) 856-7917,Active
EMP011274,Michael,Martinez,Michael Martinez,43,HR,Director,Seattle,45706.19,4519.1,2022-11-12,20,77.6,michael.martinez@company.com,(424) 443-7095,Active
EMP011275,Matthew,Jackson,Matthew Jackson,44,Legal,Specialist,Seattle,76919.99,3582.98,2023-10-11,19,73.3,matthew.jackson@company.com,(458) 634-8497,Active
EMP011276,William,Martin,William Martin,62,Engineering,Coordinator,Boston,108872.76,5785.86,2020-11-20,36,97.7,william.martin@company.com,(827) 989-9900,Active
EMP011277,Michael,Thomas,Michael Thomas,29,IT,Director,Boston,72519.52,5031.84,2021-01-05,1,77.1,michael.thomas@company.com,(265) 648-1053,Active
EMP011278,Sarah,Thomas,Sarah Thomas,64,Legal,Specialist,Los Angeles,132719.83,25940.97,2023-05-20,41,78.8,sarah.thomas@company.com,(908) 935-7462,Active
EMP011279,Christopher,Hernandez,Christopher Hernandez,59,Finance,Senior Developer,Chicago,97948.59,4672.4,2023-10-11,37,75.9,christopher.hernandez@company.com,(519) 706-7111,Active
EMP011280,Daniel,Johnson,Daniel Johnson,23,Finance,Analyst,New York,66776.4,4259.08,2022-03-22,0,55.3,daniel.johnson@company.com,(482) 854-4434,Inactive
EMP011281,Lisa,Johnson,Lisa Johnson,29,Marketing,Coordinator,Boston,56321.98,6895.66,2024-05-11,5,72.3,lisa.johnson@company.com,(536) 976-3960,Active
EMP011282,Stephanie,Brown,Stephanie Brown,45,Marketing,Specialist,Boston,79627.16,6265.96,2020-02-27,23,78.2,stephanie.brown@company.com,(290) 662-7052,Active
EMP011283,Anthony,Taylor,Anthony Taylor,47,HR,Director,Seattle,78912.18,749.12,2022-09-09,18,88.7,anthony.taylor@company.com,(245) 374-5704,Inactive
EMP011284,Jane,Lopez,Jane Lopez,60,Marketing,Coordinator,Austin,74576.18,632.04,2023-06-09,33,76.2,jane.lopez@company.com,(623) 939-4971,Active
EMP011285,Jane,Davis,Jane Davis,54,Legal,Senior Developer,Seattle,120441.62,20528.42,2022-10-18,27,40.0,jane.davis@company.com,(379) 690-2252,Active
EMP011286,Melissa,Anderson,Melissa Anderson,25,Engineering,Manager,Los Angeles,113464.79,5332.18,2021-01-16,0,64.9,melissa.anderson@company.com,(914) 991-1810,Active
EMP011287,Nicole,Brown,Nicole Brown,48,Marketing,Manager,Miami,79786.91,3887.55,2021-08-23,19,95.8,nicole.brown@company.com,(656) 791-4130,Active
EMP011288,John,Jones,John Jones,50,Finance,Associate,Chicago,121700.6,11051.15,2023-07-25,25,64.8,john.jones@company.com,(992) 917-4365,Inactive
EMP011289,Jessica,Garcia,Jessica Garcia,25,IT,Specialist,San Francisco,56162.72,6360.5,2022-07-31,3,54.2,jessica.garcia@company.com,(646) 966-1171,Active
EMP011290,Jessica,Thomas,Jessica Thomas,46,Sales,Senior Developer,Chicago,58382.91,9654.12,2023-01-26,17,44.2,jessica.thomas@company.com,(425) 524-4330,Active
EMP011291,Sarah,Garcia,Sarah Garcia,34,Legal,Senior Developer,Austin,100213.64,6468.66,2020-02-24,12,67.5,sarah.garcia@company.com,(624) 962-4175,Active
EMP011292,Sarah,Hernandez,Sarah Hernandez,31,Sales,Specialist,New York,69773.94,5022.7,2023-04-20,2,51.1,sarah.hernandez@company.com,(892) 641-4533,Active
EMP011293,Jane,Garcia,Jane Garcia,59,Legal,Manager,New York,111138.93,5958.61,2023-07-18,36,67.9,jane.garcia@company.com,(378) 320-1085,Active
EMP011294,James,Moore,James Moore,62,Engineering,Associate,Chicago,126570.53,1633.75,2024-03-01,40,85.4,james.moore@company.com,(367) 638-7671,Active
EMP011295,Stephanie,Moore,Stephanie Moore,24,Engineering,Analyst,Seattle,96236.32,9786.6,2023-01-20,1,87.7,stephanie.moore@company.com,(566) 212-4298,Active
EMP011296,Amanda,Davis,Amanda Davis,38,IT,Senior Developer,Miami,70007.52,7445.75,2022-07-22,10,65.1,amanda.davis@company.com,(598) 526-4454,Active
EMP011297,Melissa,Davis,Melissa Davis,55,HR,Analyst,Boston,82789.39,3534.61,2023-09-04,33,81.6,melissa.davis@company.com,(308) 973-5844,Active
EMP011298,Matthew,Johnson,Matthew Johnson,55,Finance,Senior Developer,Miami,117236.86,17091.22,2022-11-19,31,59.2,matthew.johnson@company.com,(753) 434-1399,On Leave
EMP011299,Jessica,Brown,Jessica Brown,38,Engineering,Senior Developer,San Francisco,102962.58,7368.47,2024-05-17,16,49.8,jessica.brown@company.com,(987) 371-8584,Active
EMP011300,Jane,Hernandez,Jane Hernandez,44,Finance,Coordinator,New York,91540.05,9843.75,2023-07-19,17,63.1,jane.hernandez@company.com,(944) 603-8496,Active
EMP011301,Emily,Williams,Emily Williams,57,Operations,Specialist,Seattle,92459.89,5671.38,2022-03-14,29,93.0,emily.williams@company.com,(948) 500-8822,Active
EMP011302,Daniel,Gonzalez,Daniel Gonzalez,22,Sales,Lead,Boston,62229.97,6456.54,2023-07-17,0,81.9,daniel.gonzalez@company.com,(499) 447-9267,Inactive
EMP011303,Stephanie,Jones,Stephanie Jones,36,Operations,Analyst,New York,55074.46,3456.43,2024-04-12,7,48.4,stephanie.jones@company.com,(990) 713-5586,Active
EMP011304,Michael,Moore,Michael Moore,40,Sales,Director,Boston,63475.28,3574.78,2022-11-19,11,68.8,michael.moore@company.com,(268) 869-3923,Active
EMP011305,Nicole,Miller,Nicole Miller,43,Sales,Specialist,San Francisco,89566.96,5368.27,2020-08-06,17,82.2,nicole.miller@company.com,(203) 243-6654,Active
EMP011306,Emily,Jackson,Emily Jackson,23,Finance,Lead,San Francisco,85208.24,9480.24,2022-04-10,0,28.4,emily.jackson@company.com,(525) 911-4853,Inactive
EMP011307,William,Taylor,William Taylor,27,Marketing,Analyst,Miami,54551.05,1403.21,2020-07-02,5,69.0,william.taylor@company.com,(544) 557-1767,Active
EMP011308,Anthony,Wilson,Anthony Wilson,50,Engineering,Senior Developer,San Francisco,92884.56,11898.28,2022-04-18,24,72.7,anthony.wilson@company.com,(768) 350-2243,Active
EMP011309,Daniel,Rodriguez,Daniel Rodriguez,30,Engineering,Specialist,Los Angeles,78418.04,11848.0,2023-03-10,4,71.3,daniel.rodriguez@company.com,(358) 942-3765,Active
EMP011310,Jessica,Lopez,Jessica Lopez,51,Operations,Analyst,Los Angeles,75040.1,8206.6,2020-03-18,28,82.5,jessica.lopez@company.com,(334) 902-3076,Active
EMP011311,Anthony,Martinez,Anthony Martinez,57,Operations,Director,San Francisco,72794.12,5330.57,2023-07-18,33,83.0,anthony.martinez@company.com,(272) 813-9887,Active
EMP011312,William,Taylor,William Taylor,52,Finance,Manager,Miami,86897.84,10318.54,2023-12-18,30,82.2,william.taylor@company.com,(681) 267-9112,Active
EMP011313,John,Garcia,John Garcia,30,Sales,Associate,Boston,64881.41,12466.89,2024-01-16,2,89.1,john.garcia@company.com,(230) 306-4358,Active
EMP011314,Anthony,Rodriguez,Anthony Rodriguez,49,Legal,Coordinator,Los Angeles,99101.83,8484.73,2023-06-02,21,93.5,anthony.rodriguez@company.com,(721) 485-6739,Active
EMP011315,Emily,Williams,Emily Williams,65,Engineering,Analyst,Boston,100657.57,12318.17,2020-03-03,40,70.8,emily.williams@company.com,(643) 749-2970,Inactive
EMP011316,Stephanie,Jackson,Stephanie Jackson,31,IT,Director,San Francisco,79293.49,7571.8,2023-01-31,2,75.0,stephanie.jackson@company.com,(652) 989-4997,Active
EMP011317,Ashley,Davis,Ashley Davis,32,Operations,Senior Developer,Miami,86448.81,9475.65,2023-11-26,4,99.5,ashley.davis@company.com,(295) 221-3048,Active
EMP011318,Jessica,Martinez,Jessica Martinez,57,Legal,Manager,Miami,78703.58,10257.79,2021-07-28,29,94.9,jessica.martinez@company.com,(681) 939-3222,Active
EMP011319,Jane,Garcia,Jane Garcia,29,HR,Director,San Francisco,36652.93,5713.03,2023-03-06,6,92.6,jane.garcia@company.com,(934) 421-8298,Active
EMP011320,Lisa,Moore,Lisa Moore,46,Sales,Associate,Miami,54007.56,8210.38,2021-05-26,18,69.6,lisa.moore@company.com,(370) 352-2655,Inactive
EMP011321,Matthew,Williams,Matthew Williams,26,Finance,Manager,Seattle,64377.35,5415.39,2024-08-30,0,55.5,matthew.williams@company.com,(809) 419-1360,Active
EMP011322,Anthony,Rodriguez,Anthony Rodriguez,22,Marketing,Analyst,Miami,50035.43,3532.43,2023-09-24,0,74.8,anthony.rodriguez@company.com,(283) 461-9302,Active
EMP011323,Jessica,Martinez,Jessica Martinez,33,IT,Lead,Chicago,69176.01,9522.26,2024-05-24,8,74.1,jessica.martinez@company.com,(686) 292-5174,Active
EMP011324,Emily,Lopez,Emily Lopez,29,Finance,Director,Los Angeles,53135.87,5417.95,2021-04-18,2,94.7,emily.lopez@company.com,(252) 706-3078,Active
EMP011325,Robert,Williams,Robert Williams,37,Marketing,Associate,Boston,49560.89,5412.83,2023-03-10,11,73.6,robert.williams@company.com,(997) 599-7313,Active
EMP011326,Ashley,Gonzalez,Ashley Gonzalez,32,Operations,Senior Developer,Los Angeles,57232.68,6715.36,2021-06-11,5,96.1,ashley.gonzalez@company.com,(368) 895-7430,Active
EMP011327,Jane,Hernandez,Jane Hernandez,47,HR,Analyst,Austin,60719.04,6818.44,2024-01-18,20,80.0,jane.hernandez@company.com,(208) 412-4611,Active
EMP011328,John,Smith,John Smith,26,HR,Senior Developer,Los Angeles,52519.71,5736.8,2021-11-08,0,80.3,john.smith@company.com,(697) 518-5742,Active
EMP011329,William,Jones,William Jones,43,Sales,Specialist,San Francisco,80480.45,11274.07,2024-11-30,15,81.8,william.jones@company.com,(608) 908-3951,Active
EMP011330,Emily,Smith,Emily Smith,36,Sales,Lead,New York,92121.29,10424.09,2020-09-14,8,81.0,emily.smith@company.com,(382) 875-9785,Active
EMP011331,Michael,Wilson,Michael Wilson,63,Finance,Director,Miami,93542.26,3924.46,2021-04-07,38,100.0,michael.wilson@company.com,(861) 698-4723,Active
EMP011332,Emily,Smith,Emily Smith,36,Marketing,Director,Boston,75577.09,7743.8,2021-11-10,9,91.6,emily.smith@company.com,(436) 829-7796,Active
EMP011333,Ashley,Smith,Ashley Smith,62,Marketing,Associate,Miami,77837.46,11585.92,2024-08-12,33,82.0,ashley.smith@company.com,(537) 897-7820,Active
EMP011334,William,Williams,William Williams,54,IT,Senior Developer,San Francisco,86834.32,9771.02,2021-04-15,28,77.5,william.williams@company.com,(493) 619-9484,Active
EMP011335,Lisa,Moore,Lisa Moore,63,Operations,Director,Boston,76470.13,12888.78,2022-12-18,41,77.3,lisa.moore@company.com,(786) 434-2614,On Leave
EMP011336,Melissa,Hernandez,Melissa Hernandez,47,Engineering,Coordinator,New York,109722.18,6085.11,2022-04-16,22,64.5,melissa.hernandez@company.com,(847) 280-5230,Active
EMP011337,Nicole,Smith,Nicole Smith,24,Sales,Specialist,Austin,66578.46,7213.63,2021-02-19,1,87.6,nicole.smith@company.com,(496) 808-4914,Active
EMP011338,Melissa,Williams,Melissa Williams,55,HR,Specialist,Seattle,83681.78,11845.64,2021-05-10,29,68.9,melissa.williams@company.com,(778) 319-6596,Active
EMP011339,Lisa,Miller,Lisa Miller,43,IT,Coordinator,Miami,86631.04,2134.96,2021-04-23,21,77.4,lisa.miller@company.com,(562) 834-5291,Inactive
EMP011340,Ashley,Hernandez,Ashley Hernandez,54,Legal,Analyst,Boston,95480.38,6975.34,2023-12-11,27,62.9,ashley.hernandez@company.com,(639) 940-3597,Inactive
EMP011341,Sarah,Miller,Sarah Miller,48,HR,Associate,Miami,67585.78,1478.92,2020-01-15,25,66.2,sarah.miller@company.com,(347) 211-6051,Active
EMP011342,James,Taylor,James Taylor,64,HR,Senior Developer,New York,87472.21,12059.89,2023-10-04,40,64.4,james.taylor@company.com,(815) 298-7767,Active
EMP011343,Stephanie,Davis,Stephanie Davis,53,Sales,Senior Developer,Chicago,78904.68,5261.05,2024-02-28,28,82.2,stephanie.davis@company.com,(353) 746-5073,Active
EMP011344,Jessica,Williams,Jessica Williams,25,Engineering,Associate,New York,99786.95,14868.16,2024-06-22,0,90.2,jessica.williams@company.com,(802) 351-6148,On Leave
EMP011345,David,Rodriguez,David Rodriguez,22,Engineering,Senior Developer,Chicago,80074.65,4355.65,2022-12-06,0,47.0,david.rodriguez@company.com,(819) 992-1694,Active
EMP011346,John,Jackson,John Jackson,40,Sales,Analyst,Austin,82552.16,15068.95,2022-02-02,11,70.9,john.jackson@company.com,(395) 275-2694,Active
EMP011347,Anthony,Johnson,Anthony Johnson,62,Finance,Analyst,Miami,112259.78,15061.98,2024-12-16,33,82.3,anthony.johnson@company.com,(993) 675-1211,Active
EMP011348,Sarah,Taylor,Sarah Taylor,45,Operations,Director,San Francisco,56779.46,2623.39,2024-10-27,18,87.6,sarah.taylor@company.com,(375) 572-1427,Active
EMP011349,Jessica,Smith,Jessica Smith,27,HR,Associate,Seattle,52275.47,5444.72,2021-11-19,0,87.4,jessica.smith@company.com,(724) 528-6971,Active
EMP011350,John,Garcia,John Garcia,52,Finance,Associate,Austin,88965.7,10160.64,2020-03-09,24,74.3,john.garcia@company.com,(515) 304-2664,Active
EMP011351,Jessica,Anderson,Jessica Anderson,32,Finance,Associate,New York,84333.88,12267.55,2024-05-16,7,62.1,jessica.anderson@company.com,(250) 985-1795,Active
EMP011352,James,Brown,James Brown,44,Marketing,Associate,Los Angeles,59879.87,5491.88,2021-07-02,21,79.0,james.brown@company.com,(809) 691-5460,Active
EMP011353,Jessica,Thomas,Jessica Thomas,35,IT,Manager,San Francisco,102322.66,5952.44,2023-04-04,10,62.7,jessica.thomas@company.com,(993) 352-6955,Active
EMP011354,William,Martinez,William Martinez,33,Operations,Lead,Chicago,51554.95,6563.8,2024-09-06,4,64.9,william.martinez@company.com,(801) 891-2777,Active
EMP011355,Matthew,Williams,Matthew Williams,35,HR,Senior Developer,Seattle,56645.94,0.0,2022-02-04,10,60.2,matthew.williams@company.com,(698) 943-2655,Active
EMP011356,David,Jackson,David Jackson,23,Sales,Associate,Chicago,70073.19,8372.59,2023-02-13,0,73.9,david.jackson@company.com,(474) 701-2801,Active
EMP011357,Melissa,Brown,Melissa Brown,25,Sales,Manager,New York,57369.56,5449.97,2022-07-13,1,85.2,melissa.brown@company.com,(829) 774-6823,Active
EMP011358,Anthony,Garcia,Anthony Garcia,54,Sales,Specialist,New York,94112.97,1924.45,2024-10-11,26,60.9,anthony.garcia@company.com,(444) 794-8140,Active
EMP011359,Melissa,Brown,Melissa Brown,56,Legal,Director,Los Angeles,117673.55,22421.71,2021-06-10,29,75.2,melissa.brown@company.com,(422) 314-8836,Active
EMP011360,Jessica,Johnson,Jessica Johnson,22,HR,Analyst,Boston,38830.34,1522.64,2022-05-02,0,84.0,jessica.johnson@company.com,(912) 208-4045,Inactive
EMP011361,William,Taylor,William Taylor,55,IT,Associate,Los Angeles,123255.67,953.05,2021-05-03,27,67.5,william.taylor@company.com,(876) 555-9133,Active
EMP011362,Ashley,Wilson,Ashley Wilson,36,Marketing,Analyst,Austin,73469.87,9753.19,2024-05-19,12,78.9,ashley.wilson@company.com,(889) 967-2415,Active
EMP011363,Emily,Martinez,Emily Martinez,58,Sales,Coordinator,Miami,101026.62,9228.73,2021-05-25,36,68.2,emily.martinez@company.com,(417) 340-5573,Active
EMP011364,Jessica,Martin,Jessica Martin,33,Finance,Director,Chicago,62952.14,7376.27,2022-01-14,8,68.1,jessica.martin@company.com,(230) 415-4763,Active
EMP011365,James,Wilson,James Wilson,57,Finance,Senior Developer,San Francisco,101221.18,8043.22,2022-02-25,29,62.9,james.wilson@company.com,(357) 412-1082,Inactive
EMP011366,Emily,Anderson,Emily Anderson,31,Engineering,Associate,Miami,101206.33,4580.96,2022-12-24,2,88.9,emily.anderson@company.com,(810) 283-1707,Active
EMP011367,John,Moore,John Moore,34,Legal,Analyst,Chicago,93718.73,13806.65,2021-06-10,6,65.1,john.moore@company.com,(336) 792-1778,Inactive
EMP011368,Christopher,Miller,Christopher Miller,50,IT,Lead,Miami,103233.25,0.0,2021-04-03,26,52.2,christopher.miller@company.com,(812) 381-4654,Active
EMP011369,Emily,Hernandez,Emily Hernandez,35,Sales,Analyst,San Francisco,75431.06,4004.42,2022-04-29,12,79.7,emily.hernandez@company.com,(997) 716-4488,Active
EMP011370,Michael,Anderson,Michael Anderson,46,Finance,Manager,Austin,63026.16,9414.16,2020-06-26,23,86.1,michael.anderson@company.com,(699) 274-2142,Active
EMP011371,Stephanie,Hernandez,Stephanie Hernandez,38,Sales,Specialist,Miami,69181.66,827.7,2021-11-28,12,85.4,stephanie.hernandez@company.com,(766) 241-8709,Active
EMP011372,Michael,Wilson,Michael Wilson,28,Finance,Lead,Chicago,80505.99,9944.24,2021-04-09,0,86.2,michael.wilson@company.com,(224) 550-6638,Active
EMP011373,Sarah,Martin,Sarah Martin,51,Finance,Associate,Chicago,94585.12,9104.23,2020-04-25,23,75.3,sarah.martin@company.com,(848) 349-2696,Active
EMP011374,Emily,Jackson,Emily Jackson,40,Operations,Coordinator,Miami,47786.65,1911.97,2023-01-31,13,96.2,emily.jackson@company.com,(828) 205-1589,Active
EMP011375,Stephanie,Anderson,Stephanie Anderson,34,Engineering,Director,Miami,104054.99,10817.77,2023-05-29,11,63.5,stephanie.anderson@company.com,(546) 610-3398,Active
EMP011376,Nicole,Brown,Nicole Brown,56,Marketing,Lead,Miami,82230.31,6989.12,2023-01-15,29,58.6,nicole.brown@company.com,(472) 251-2826,On Leave
EMP011377,Nicole,Taylor,Nicole Taylor,23,Legal,Lead,Chicago,64173.19,6375.43,2021-09-26,0,69.4,nicole.taylor@company.com,(750) 564-7239,Active
EMP011378,Christopher,Gonzalez,Christopher Gonzalez,27,Marketing,Analyst,Los Angeles,47497.48,5122.54,2023-02-24,0,65.7,christopher.gonzalez@company.com,(652) 394-5832,Inactive
EMP011379,Nicole,Anderson,Nicole Anderson,37,IT,Senior Developer,Chicago,85945.32,18863.65,2023-03-03,8,79.5,nicole.anderson@company.com,(892) 735-3163,Active
EMP011380,Michael,Jones,Michael Jones,65,Sales,Coordinator,Miami,81043.5,12832.53,2023-04-21,39,48.1,michael.jones@company.com,(933) 210-2631,Active
EMP011381,Christopher,Smith,Christopher Smith,29,Marketing,Director,Boston,40864.52,5517.67,2020-11-19,2,82.8,christopher.smith@company.com,(475) 765-5741,Active
EMP011382,Anthony,Jackson,Anthony Jackson,45,Sales,Lead,Seattle,77595.15,2788.44,2024-12-24,19,64.8,anthony.jackson@company.com,(228) 807-3447,Active
EMP011383,Amanda,Johnson,Amanda Johnson,27,IT,Analyst,Seattle,65728.06,12227.55,2021-02-13,5,82.8,amanda.johnson@company.com,(890) 704-7154,Active
EMP011384,Jessica,Lopez,Jessica Lopez,55,Legal,Associate,Chicago,92297.12,2850.67,2024-02-19,27,81.2,jessica.lopez@company.com,(287) 909-4181,Active
EMP011385,Ashley,Williams,Ashley Williams,57,Sales,Associate,San Francisco,60583.58,10307.57,2022-12-19,35,88.8,ashley.williams@company.com,(632) 592-9604,Active
EMP011386,John,Jackson,John Jackson,24,Finance,Senior Developer,Boston,70483.83,4980.44,2022-06-03,0,99.9,john.jackson@company.com,(722) 949-1837,Active
EMP011387,Ashley,Smith,Ashley Smith,35,Operations,Analyst,New York,78137.11,12051.2,2023-12-22,6,83.3,ashley.smith@company.com,(363) 701-8398,Active
EMP011388,Christopher,Wilson,Christopher Wilson,54,HR,Coordinator,Seattle,75373.29,3317.98,2023-08-01,27,71.2,christopher.wilson@company.com,(435) 232-1151,Active
EMP011389,Melissa,Johnson,Melissa Johnson,44,HR,Specialist,San Francisco,76254.93,4156.57,2023-11-20,15,88.1,melissa.johnson@company.com,(308) 589-5949,Active
EMP011390,William,Rodriguez,William Rodriguez,33,HR,Coordinator,Austin,62191.61,4499.28,2023-01-30,4,80.8,william.rodriguez@company.com,(991) 505-4050,Active
EMP011391,Daniel,Johnson,Daniel Johnson,22,Finance,Manager,Boston,82211.46,12371.81,2021-07-16,0,89.1,daniel.johnson@company.com,(442) 699-4243,Inactive
EMP011392,Michael,Jones,Michael Jones,50,Operations,Senior Developer,Los Angeles,61353.14,5980.23,2020-07-20,26,97.6,michael.jones@company.com,(211) 924-5124,Active
EMP011393,Ashley,Moore,Ashley Moore,47,Operations,Senior Developer,Austin,63632.46,4573.47,2022-11-11,25,79.4,ashley.moore@company.com,(331) 508-7805,Active
EMP011394,Melissa,Johnson,Melissa Johnson,47,Sales,Senior Developer,Miami,60692.69,5263.24,2021-04-19,24,92.8,melissa.johnson@company.com,(566) 842-5324,Active
EMP011395,Michael,Moore,Michael Moore,45,Sales,Associate,Chicago,74437.75,4094.53,2021-08-18,16,57.7,michael.moore@company.com,(314) 555-1707,Inactive
EMP011396,Lisa,Hernandez,Lisa Hernandez,61,IT,Coordinator,Miami,96420.67,1059.39,2023-07-22,39,71.0,lisa.hernandez@company.com,(850) 674-8004,Active
EMP011397,Michael,Garcia,Michael Garcia,60,Engineering,Director,San Francisco,166746.32,20694.98,2024-11-17,38,86.7,michael.garcia@company.com,(537) 720-4535,Active
EMP011398,David,Jackson,David Jackson,39,Marketing,Associate,Los Angeles,83358.81,0.0,2020-07-17,16,92.3,david.jackson@company.com,(807) 869-6278,Inactive
EMP011399,Emily,Hernandez,Emily Hernandez,62,Finance,Lead,Boston,101562.16,14566.06,2020-10-14,39,78.1,emily.hernandez@company.com,(719) 302-4155,Active
EMP011400,David,Anderson,David Anderson,32,IT,Analyst,Miami,71502.25,6567.31,2022-07-04,6,49.7,david.anderson@company.com,(930) 788-1738,On Leave
EMP011401,James,Rodriguez,James Rodriguez,51,Sales,Director,Austin,77121.75,9093.88,2020-08-26,24,59.3,james.rodriguez@company.com,(649) 800-5630,Active
EMP011402,David,Davis,David Davis,32,HR,Director,Los Angeles,55632.91,4265.52,2022-04-18,7,79.5,david.davis@company.com,(791) 202-6615,Active
EMP011403,Jessica,Williams,Jessica Williams,52,Finance,Senior Developer,Seattle,110919.92,12350.78,2020-10-16,26,100.0,jessica.williams@company.com,(225) 498-8193,Active
EMP011404,Jessica,Martin,Jessica Martin,26,Operations,Specialist,Chicago,63820.37,4453.6,2024-10-02,4,78.6,jessica.martin@company.com,(613) 846-7332,Active
EMP011405,David,Williams,David Williams,25,IT,Director,New York,77125.38,10695.41,2022-10-25,3,38.2,david.williams@company.com,(203) 730-1012,Active
EMP011406,Christopher,Hernandez,Christopher Hernandez,52,Sales,Director,San Francisco,102414.5,6852.14,2021-02-04,26,91.0,christopher.hernandez@company.com,(363) 670-5355,Active
EMP011407,Melissa,Lopez,Melissa Lopez,57,Engineering,Specialist,San Francisco,85725.61,12531.23,2022-12-08,28,100.0,melissa.lopez@company.com,(390) 971-2489,Active
EMP011408,Nicole,Johnson,Nicole Johnson,62,Legal,Senior Developer,New York,129759.61,9908.59,2021-07-06,35,90.9,nicole.johnson@company.com,(449) 705-5066,On Leave
EMP011409,Amanda,Anderson,Amanda Anderson,65,Finance,Manager,New York,103492.44,10159.52,2023-07-26,37,89.5,amanda.anderson@company.com,(303) 336-3556,Active
EMP011410,Jessica,Johnson,Jessica Johnson,32,Engineering,Analyst,San Francisco,40266.81,5220.49,2023-04-23,8,46.7,jessica.johnson@company.com,(958) 933-9652,Active
EMP011411,David,Moore,David Moore,42,Marketing,Manager,New York,76952.35,11280.2,2022-01-03,14,32.8,david.moore@company.com,(536) 224-9903,Active
EMP011412,Christopher,Martin,Christopher Martin,46,Sales,Coordinator,Miami,75101.64,11349.68,2024-04-07,18,75.0,christopher.martin@company.com,(826) 851-5350,Active
EMP011413,Stephanie,Williams,Stephanie Williams,27,HR,Analyst,Chicago,27000.0,3881.09,2020-08-02,3,51.3,stephanie.williams@company.com,(645) 740-3973,Active
EMP011414,Nicole,Williams,Nicole Williams,64,IT,Senior Developer,Chicago,107760.82,8029.17,2022-08-25,38,80.5,nicole.williams@company.com,(445) 937-1278,Active
EMP011415,Daniel,Williams,Daniel Williams,29,HR,Associate,Seattle,58509.0,8821.85,2020-09-19,7,79.1,daniel.williams@company.com,(950) 542-5003,Active
EMP011416,Ashley,Davis,Ashley Davis,62,IT,Coordinator,Los Angeles,88726.11,7342.9,2024-10-08,40,63.2,ashley.davis@company.com,(350) 966-1929,Active
EMP011417,John,Garcia,John Garcia,28,IT,Director,New York,62295.91,10805.81,2021-05-22,1,72.4,john.garcia@company.com,(233) 850-8471,Active
EMP011418,Lisa,Lopez,Lisa Lopez,63,Engineering,Lead,New York,128811.23,15580.65,2020-12-17,39,70.9,lisa.lopez@company.com,(933) 445-4365,Inactive
EMP011419,Anthony,Lopez,Anthony Lopez,47,Sales,Manager,Miami,77021.81,6181.45,2024-02-15,19,95.8,anthony.lopez@company.com,(266) 467-4334,Active
EMP011420,Emily,Jones,Emily Jones,63,Marketing,Analyst,San Francisco,98795.1,7951.79,2024-05-11,34,62.6,emily.jones@company.com,(606) 491-3067,Active
EMP011421,David,Wilson,David Wilson,63,Marketing,Specialist,Seattle,96154.63,17661.76,2023-09-11,34,73.5,david.wilson@company.com,(999) 738-7431,Active
EMP011422,Matthew,Anderson,Matthew Anderson,25,Legal,Coordinator,San Francisco,70664.4,7165.5,2022-02-10,0,89.1,matthew.anderson@company.com,(537) 326-2020,Active
EMP011423,Jane,Brown,Jane Brown,43,Engineering,Coordinator,Austin,117020.11,19376.04,2022-05-29,17,68.4,jane.brown@company.com,(681) 905-3446,Active
EMP011424,Emily,Rodriguez,Emily Rodriguez,48,Engineering,Director,Austin,107618.99,4504.27,2024-10-02,24,59.0,emily.rodriguez@company.com,(565) 336-9159,Inactive
EMP011425,Christopher,Williams,Christopher Williams,36,Legal,Director,San Francisco,74935.91,9541.77,2023-03-19,10,100.0,christopher.williams@company.com,(670) 898-7181,Active
EMP011426,Daniel,Anderson,Daniel Anderson,26,Engineering,Senior Developer,Seattle,79424.54,11390.42,2021-01-09,0,94.9,daniel.anderson@company.com,(529) 611-3543,Active
EMP011427,Matthew,Anderson,Matthew Anderson,28,Sales,Coordinator,Austin,72665.38,13174.55,2024-05-16,1,100.0,matthew.anderson@company.com,(685) 368-6797,Active
EMP011428,Jessica,Thomas,Jessica Thomas,35,Engineering,Analyst,New York,96714.65,15655.98,2021-10-15,13,89.1,jessica.thomas@company.com,(321) 362-4197,Active
EMP011429,Michael,Jackson,Michael Jackson,25,IT,Associate,Chicago,64016.85,12711.43,2024-01-29,0,82.8,michael.jackson@company.com,(407) 869-4726,Active
EMP011430,Robert,Taylor,Robert Taylor,45,Finance,Lead,Miami,75934.7,900.88,2022-07-02,18,76.0,robert.taylor@company.com,(440) 447-7307,Active
EMP011431,Robert,Martinez,Robert Martinez,25,Marketing,Analyst,Boston,53415.56,6755.92,2023-01-06,0,63.5,robert.martinez@company.com,(811) 638-7952,Active
EMP011432,Christopher,Rodriguez,Christopher Rodriguez,50,Legal,Director,Boston,108999.99,5439.75,2020-11-14,22,57.7,christopher.rodriguez@company.com,(554) 897-6826,Active
EMP011433,Daniel,Miller,Daniel Miller,41,Marketing,Manager,Seattle,46947.97,8934.61,2024-08-10,14,83.2,daniel.miller@company.com,(661) 804-4136,Active
EMP011434,James,Garcia,James Garcia,65,Operations,Manager,Boston,82338.48,15762.55,2024-11-29,42,64.5,james.garcia@company.com,(568) 982-3649,Active
EMP011435,Jane,Gonzalez,Jane Gonzalez,36,HR,Lead,Austin,42850.84,312.86,2020-05-03,7,61.4,jane.gonzalez@company.com,(596) 863-8467,Active
EMP011436,Sarah,Smith,Sarah Smith,23,Finance,Coordinator,Chicago,47949.07,6298.43,2021-10-06,1,74.8,sarah.smith@company.com,(697) 831-8858,Active
EMP011437,David,Brown,David Brown,30,IT,Analyst,Chicago,77015.52,1759.24,2021-03-11,1,58.8,david.brown@company.com,(230) 748-9734,Active
EMP011438,Jessica,Lopez,Jessica Lopez,63,Operations,Senior Developer,Miami,87359.74,20525.53,2021-06-24,36,51.6,jessica.lopez@company.com,(995) 375-3016,Active
EMP011439,Jessica,Wilson,Jessica Wilson,22,Finance,Associate,Los Angeles,69215.76,5701.71,2022-03-27,0,69.2,jessica.wilson@company.com,(259) 489-7035,Active
EMP011440,William,Hernandez,William Hernandez,61,HR,Specialist,Chicago,81377.82,4335.44,2024-01-18,32,81.3,william.hernandez@company.com,(944) 431-6987,Active
EMP011441,Matthew,Taylor,Matthew Taylor,55,Finance,Senior Developer,Miami,82073.94,3271.88,2022-02-01,29,98.1,matthew.taylor@company.com,(908) 980-5561,Active
EMP011442,Lisa,Thomas,Lisa Thomas,29,Engineering,Specialist,Boston,75209.46,12335.31,2024-05-10,5,87.0,lisa.thomas@company.com,(287) 425-6000,Active
EMP011443,Jane,Martinez,Jane Martinez,56,Operations,Director,Austin,86468.51,5418.52,2024-11-12,30,67.4,jane.martinez@company.com,(913) 522-8143,Active
EMP011444,Amanda,Anderson,Amanda Anderson,34,Marketing,Analyst,Los Angeles,50677.47,8675.23,2024-10-19,12,75.1,amanda.anderson@company.com,(562) 980-7761,Active
EMP011445,Amanda,Moore,Amanda Moore,62,Operations,Analyst,Los Angeles,56811.9,6670.19,2023-09-14,36,62.6,amanda.moore@company.com,(537) 602-1730,Active
EMP011446,John,Moore,John Moore,55,Operations,Manager,Miami,66001.34,2653.2,2020-01-20,27,83.2,john.moore@company.com,(512) 560-9227,Active
EMP011447,Anthony,Miller,Anthony Miller,23,Finance,Associate,San Francisco,70853.59,12367.1,2024-09-20,0,81.5,anthony.miller@company.com,(265) 657-7732,Active
EMP011448,William,Davis,William Davis,45,Marketing,Lead,New York,83790.12,3885.52,2022-04-14,21,52.1,william.davis@company.com,(531) 773-3172,Active
EMP011449,Ashley,Moore,Ashley Moore,45,Legal,Specialist,Miami,92871.77,0.0,2023-03-08,16,62.6,ashley.moore@company.com,(775) 549-5192,Active
EMP011450,Amanda,Johnson,Amanda Johnson,33,IT,Senior Developer,Miami,63729.22,8223.18,2021-06-11,9,49.6,amanda.johnson@company.com,(500) 645-5369,Active
EMP011451,Anthony,Martinez,Anthony Martinez,62,Operations,Specialist,Chicago,74478.7,13954.06,2023-01-26,37,70.1,anthony.martinez@company.com,(863) 553-2996,Inactive
EMP011452,Stephanie,Williams,Stephanie Williams,26,Operations,Specialist,Austin,63949.62,3753.09,2021-03-27,0,60.5,stephanie.williams@company.com,(437) 613-7322,Active
EMP011453,Sarah,Garcia,Sarah Garcia,49,Sales,Lead,New York,73686.36,7331.34,2024-10-25,27,86.4,sarah.garcia@company.com,(786) 274-1315,Active
EMP011454,Matthew,Rodriguez,Matthew Rodriguez,45,Marketing,Senior Developer,Seattle,79718.46,4663.2,2022-10-14,23,71.8,matthew.rodriguez@company.com,(779) 488-7151,Active
EMP011455,Amanda,Garcia,Amanda Garcia,42,Marketing,Associate,Boston,60308.97,7627.47,2022-03-24,18,92.0,amanda.garcia@company.com,(369) 824-6982,Active
EMP011456,Robert,Smith,Robert Smith,46,Operations,Manager,Austin,86643.47,2666.99,2021-12-07,19,92.4,robert.smith@company.com,(287) 439-3880,Active
EMP011457,Matthew,Thomas,Matthew Thomas,34,Marketing,Specialist,Boston,75704.31,1838.07,2022-03-31,8,100.0,matthew.thomas@company.com,(606) 359-3706,Active
EMP011458,Nicole,Taylor,Nicole Taylor,59,IT,Coordinator,San Francisco,86769.09,8372.05,2022-11-26,35,89.6,nicole.taylor@company.com,(783) 364-6425,Active
EMP011459,Michael,Miller,Michael Miller,25,HR,Coordinator,Austin,56099.84,5254.75,2023-05-13,2,59.2,michael.miller@company.com,(900) 673-6207,Active
EMP011460,Robert,Lopez,Robert Lopez,48,Legal,Coordinator,Los Angeles,128656.28,12202.89,2023-04-05,24,52.0,robert.lopez@company.com,(413) 283-6012,Active
EMP011461,Daniel,Johnson,Daniel Johnson,43,Legal,Coordinator,Miami,84651.78,10914.77,2023-08-19,19,54.3,daniel.johnson@company.com,(679) 945-5599,Active
EMP011462,Jessica,Gonzalez,Jessica Gonzalez,22,Engineering,Specialist,Chicago,39000.0,2779.97,2020-10-16,0,51.9,jessica.gonzalez@company.com,(233) 276-2427,Active
EMP011463,Jane,Jones,Jane Jones,29,Operations,Analyst,Los Angeles,58062.2,2970.37,2021-03-21,0,75.9,jane.jones@company.com,(588) 513-1746,Active
EMP011464,Robert,Taylor,Robert Taylor,64,IT,Associate,Austin,102934.24,14607.39,2020-01-21,42,73.3,robert.taylor@company.com,(581) 694-5899,Active
EMP011465,Jane,Anderson,Jane Anderson,62,IT,Manager,Miami,94306.89,13894.03,2021-05-22,38,75.5,jane.anderson@company.com,(287) 240-1712,Active
EMP011466,Sarah,Brown,Sarah Brown,27,Sales,Lead,Chicago,65208.78,8208.95,2024-01-12,1,68.0,sarah.brown@company.com,(667) 645-2744,Active
EMP011467,Christopher,Anderson,Christopher Anderson,26,Marketing,Director,Austin,64392.89,7657.16,2023-10-24,0,82.3,christopher.anderson@company.com,(882) 566-8044,Active
EMP011468,Nicole,Williams,Nicole Williams,41,Marketing,Coordinator,Seattle,63226.84,9288.27,2024-01-06,16,79.0,nicole.williams@company.com,(543) 233-6340,Active
EMP011469,Amanda,Davis,Amanda Davis,49,Engineering,Lead,Los Angeles,102481.16,14992.74,2022-12-07,20,55.5,amanda.davis@company.com,(651) 427-5819,Active
EMP011470,John,Anderson,John Anderson,48,HR,Analyst,Seattle,85293.47,6105.15,2023-04-29,21,71.3,john.anderson@company.com,(480) 587-5720,Active
EMP011471,Michael,Thomas,Michael Thomas,31,Sales,Director,Austin,69192.45,11910.01,2023-01-19,2,66.9,michael.thomas@company.com,(600) 420-1914,Inactive
EMP011472,Matthew,Lopez,Matthew Lopez,36,Marketing,Analyst,Boston,64305.75,4978.36,2023-06-24,14,79.1,matthew.lopez@company.com,(734) 345-9554,Active
EMP011473,David,Taylor,David Taylor,61,Sales,Senior Developer,Los Angeles,96925.22,14886.01,2023-10-19,34,74.6,david.taylor@company.com,(744) 368-4478,Active
EMP011474,Emily,Jackson,Emily Jackson,61,Finance,Specialist,San Francisco,103504.46,16583.38,2022-02-28,33,67.6,emily.jackson@company.com,(202) 917-1078,Active
EMP011475,Nicole,Hernandez,Nicole Hernandez,28,Sales,Coordinator,San Francisco,47756.22,6157.5,2024-01-10,0,82.9,nicole.hernandez@company.com,(665) 940-8951,Active
EMP011476,William,Williams,William Williams,43,Sales,Coordinator,New York,88981.79,10776.9,2020-01-14,18,72.0,william.williams@company.com,(709) 732-4582,Active
EMP011477,Christopher,Martin,Christopher Martin,32,Marketing,Director,Chicago,48753.82,5460.14,2023-03-26,9,72.2,christopher.martin@company.com,(634) 619-9959,Inactive
EMP011478,David,Jackson,David Jackson,37,HR,Director,Los Angeles,67180.95,8400.99,2024-03-23,14,60.3,david.jackson@company.com,(327) 947-8864,Active
EMP011479,Nicole,Johnson,Nicole Johnson,61,Marketing,Manager,Austin,84004.34,18116.74,2024-01-24,37,72.2,nicole.johnson@company.com,(249) 562-3388,Active
EMP011480,Matthew,Jackson,Matthew Jackson,31,Marketing,Senior Developer,Seattle,73642.79,10771.98,2024-02-27,5,86.5,matthew.jackson@company.com,(364) 853-7096,Active
EMP011481,Stephanie,Miller,Stephanie Miller,64,Legal,Lead,Seattle,137680.49,12195.36,2022-04-10,42,70.0,stephanie.miller@company.com,(344) 643-7853,Active
EMP011482,Ashley,Johnson,Ashley Johnson,61,Legal,Lead,New York,114123.61,10781.2,2023-10-01,36,79.3,ashley.johnson@company.com,(398) 671-2106,Active
EMP011483,Michael,Thomas,Michael Thomas,36,Finance,Director,San Francisco,78409.63,4448.46,2022-01-16,13,56.4,michael.thomas@company.com,(908) 863-3539,Active
EMP011484,John,Taylor,John Taylor,24,Legal,Director,New York,65401.42,0.0,2021-01-10,0,83.0,john.taylor@company.com,(489) 207-8924,Inactive
EMP011485,Sarah,Wilson,Sarah Wilson,22,Marketing,Specialist,Austin,53417.75,8954.67,2022-10-12,0,87.0,sarah.wilson@company.com,(546) 518-9751,Active
EMP011486,David,Martin,David Martin,53,Sales,Associate,Seattle,67494.55,5920.05,2024-12-24,24,81.7,david.martin@company.com,(708) 368-7685,On Leave
EMP011487,Nicole,Moore,Nicole Moore,39,IT,Senior Developer,New York,86356.4,2484.46,2024-09-06,10,54.4,nicole.moore@company.com,(599) 225-8846,Inactive
EMP011488,Emily,Miller,Emily Miller,51,Legal,Coordinator,New York,91724.18,12471.54,2020-10-20,26,68.2,emily.miller@company.com,(942) 241-9387,Active
EMP011489,Sarah,Martinez,Sarah Martinez,31,Engineering,Senior Developer,New York,66636.31,9153.09,2024-01-20,2,64.5,sarah.martinez@company.com,(762) 659-2455,Active
EMP011490,Lisa,Brown,Lisa Brown,32,Marketing,Lead,Los Angeles,69917.89,6823.0,2022-03-26,8,57.8,lisa.brown@company.com,(274) 757-2905,Active
EMP011491,Emily,Taylor,Emily Taylor,36,HR,Manager,San Francisco,63294.11,2932.63,2023-11-24,13,72.6,emily.taylor@company.com,(410) 300-4371,Active
EMP011492,Nicole,Williams,Nicole Williams,59,Engineering,Coordinator,Austin,117748.1,15259.45,2022-09-14,36,82.2,nicole.williams@company.com,(519) 317-4001,Active
EMP011493,James,Thomas,James Thomas,23,Legal,Lead,New York,84067.62,9500.82,2021-04-08,0,97.3,james.thomas@company.com,(439) 203-2230,Inactive
EMP011494,Lisa,Garcia,Lisa Garcia,48,Legal,Senior Developer,Chicago,77138.2,1306.3,2021-05-21,26,62.0,lisa.garcia@company.com,(312) 946-1663,Active
EMP011495,Michael,Gonzalez,Michael Gonzalez,60,HR,Specialist,New York,69973.66,8039.97,2024-02-23,37,74.6,michael.gonzalez@company.com,(255) 713-7928,Active
EMP011496,Lisa,Davis,Lisa Davis,26,IT,Coordinator,Seattle,86979.63,10761.37,2023-02-25,0,87.9,lisa.davis@company.com,(972) 765-6577,Active
EMP011497,Robert,Rodriguez,Robert Rodriguez,42,Finance,Lead,New York,96148.01,10392.48,2022-10-28,16,85.8,robert.rodriguez@company.com,(751) 533-9782,Active
EMP011498,Sarah,Moore,Sarah Moore,51,HR,Analyst,San Francisco,65162.84,3909.6,2023-04-13,29,72.6,sarah.moore@company.com,(405) 280-9343,Active
EMP011499,Robert,Johnson,Robert Johnson,59,HR,Specialist,Boston,59870.42,6774.06,2023-10-31,34,86.3,robert.johnson@company.com,(205) 903-2775,Active
EMP011500,Stephanie,Brown,Stephanie Brown,61,IT,Manager,Los Angeles,119607.86,17773.67,2021-02-23,39,71.7,stephanie.brown@company.com,(425) 455-8388,Active
EMP011501,John,Hernandez,John Hernandez,63,IT,Coordinator,San Francisco,114235.5,19648.39,2022-05-07,41,87.0,john.hernandez@company.com,(920) 926-6440,Active
EMP011502,Sarah,Jones,Sarah Jones,65,HR,Senior Developer,Seattle,98587.44,23224.49,2021-11-08,43,75.7,sarah.jones@company.com,(697) 688-6561,Active
EMP011503,John,Brown,John Brown,63,Finance,Senior Developer,Seattle,134217.85,13470.76,2024-09-17,36,90.4,john.brown@company.com,(621) 777-4623,Active
EMP011504,Daniel,Thomas,Daniel Thomas,32,Sales,Director,Chicago,69017.73,5191.51,2020-12-20,7,78.0,daniel.thomas@company.com,(320) 371-8198,Active
EMP011505,Jane,Jackson,Jane Jackson,57,Marketing,Specialist,Seattle,69162.43,5047.66,2022-11-01,34,40.5,jane.jackson@company.com,(711) 856-4344,Inactive
EMP011506,Melissa,Garcia,Melissa Garcia,57,Marketing,Lead,Miami,88456.15,3360.81,2023-08-12,30,70.3,melissa.garcia@company.com,(243) 856-2505,Inactive
EMP011507,James,Lopez,James Lopez,46,Engineering,Coordinator,New York,103274.42,17943.29,2021-02-12,19,82.8,james.lopez@company.com,(977) 703-7939,Active
EMP011508,Jessica,Johnson,Jessica Johnson,56,Sales,Lead,Los Angeles,62933.66,11370.76,2022-09-28,28,93.7,jessica.johnson@company.com,(881) 330-1404,Active
EMP011509,John,Martin,John Martin,26,IT,Analyst,Seattle,68049.71,5820.3,2023-11-08,0,54.9,john.martin@company.com,(693) 299-7237,Active
EMP011510,Lisa,Wilson,Lisa Wilson,47,Sales,Associate,Austin,99181.82,5256.79,2020-04-09,24,86.3,lisa.wilson@company.com,(777) 527-4427,Active
EMP011511,William,Martin,William Martin,61,Marketing,Manager,Austin,93315.54,9741.67,2022-03-18,37,79.6,william.martin@company.com,(683) 814-5746,Active
EMP011512,Daniel,Miller,Daniel Miller,53,HR,Associate,San Francisco,56441.47,8451.59,2022-09-13,27,73.1,daniel.miller@company.com,(276) 853-9817,Active
EMP011513,Nicole,Martinez,Nicole Martinez,63,IT,Senior Developer,Los Angeles,101007.89,16016.84,2024-07-30,38,78.2,nicole.martinez@company.com,(436) 447-3211,Active
EMP011514,David,Taylor,David Taylor,37,Sales,Lead,Austin,64065.61,8024.45,2024-10-20,9,77.7,david.taylor@company.com,(752) 945-6507,Active
EMP011515,William,Martin,William Martin,26,Marketing,Specialist,Boston,76226.74,8824.11,2022-01-25,3,65.3,william.martin@company.com,(957) 385-6835,Active
EMP011516,Michael,Gonzalez,Michael Gonzalez,50,Sales,Associate,Los Angeles,59418.47,5109.16,2024-04-04,27,60.0,michael.gonzalez@company.com,(448) 714-8979,Active
EMP011517,Jessica,Jackson,Jessica Jackson,24,Operations,Lead,San Francisco,39443.74,1574.34,2023-11-12,0,76.7,jessica.jackson@company.com,(475) 526-2121,Active
EMP011518,William,Taylor,William Taylor,42,Sales,Analyst,Austin,78907.8,6939.39,2024-03-04,14,63.4,william.taylor@company.com,(889) 643-8587,Active
EMP011519,Robert,Miller,Robert Miller,34,Finance,Senior Developer,Seattle,72636.24,3114.09,2022-05-11,5,67.7,robert.miller@company.com,(754) 412-8264,Active
EMP011520,Anthony,Jones,Anthony Jones,24,IT,Specialist,Boston,38698.77,1951.97,2024-12-02,0,71.2,anthony.jones@company.com,(816) 572-3601,Active
EMP011521,Anthony,Thomas,Anthony Thomas,34,Sales,Analyst,Austin,78965.81,9775.96,2020-03-03,11,59.7,anthony.thomas@company.com,(902) 407-2115,Active
EMP011522,Jessica,Brown,Jessica Brown,43,Engineering,Director,Austin,68401.13,8592.2,2022-07-15,18,50.2,jessica.brown@company.com,(453) 940-4805,Active
EMP011523,Michael,Jackson,Michael Jackson,33,Sales,Specialist,Austin,54941.27,1543.9,2023-10-26,7,89.1,michael.jackson@company.com,(438) 321-8050,Inactive
EMP011524,Sarah,Thomas,Sarah Thomas,56,HR,Director,Austin,61722.85,5000.93,2020-12-06,30,69.8,sarah.thomas@company.com,(553) 528-1876,Active
EMP011525,Nicole,Lopez,Nicole Lopez,60,Marketing,Lead,Miami,64395.34,9656.66,2022-03-09,33,64.0,nicole.lopez@company.com,(888) 440-9212,Active
EMP011526,Robert,Johnson,Robert Johnson,25,Legal,Associate,Miami,94383.75,8531.26,2020-01-02,0,81.6,robert.johnson@company.com,(300) 433-3752,Inactive
EMP011527,Nicole,Rodriguez,Nicole Rodriguez,63,HR,Senior Developer,San Francisco,85387.13,387.68,2023-07-06,40,78.9,nicole.rodriguez@company.com,(481) 809-1228,Active
EMP011528,Jane,Rodriguez,Jane Rodriguez,24,IT,Director,Miami,80237.4,9957.24,2020-12-23,0,83.2,jane.rodriguez@company.com,(399) 620-8733,Active
EMP011529,Jessica,Wilson,Jessica Wilson,53,Sales,Coordinator,New York,71389.16,5503.1,2020-08-22,25,61.4,jessica.wilson@company.com,(858) 847-7028,Active
EMP011530,Robert,Rodriguez,Robert Rodriguez,45,Engineering,Analyst,Miami,134664.96,14106.69,2022-12-21,21,71.6,robert.rodriguez@company.com,(373) 560-6453,Active
EMP011531,Ashley,Gonzalez,Ashley Gonzalez,24,Engineering,Senior Developer,Los Angeles,71459.29,4765.98,2021-11-15,0,59.4,ashley.gonzalez@company.com,(883) 988-4903,On Leave
EMP011532,Lisa,Martin,Lisa Martin,25,IT,Director,San Francisco,71131.04,11721.96,2021-04-13,2,100.0,lisa.martin@company.com,(300) 666-3950,Active
EMP011533,Robert,Martin,Robert Martin,46,Legal,Manager,San Francisco,118292.83,11510.71,2020-11-04,19,79.9,robert.martin@company.com,(914) 342-4538,Active
EMP011534,William,Moore,William Moore,56,Finance,Manager,Los Angeles,101137.52,6646.86,2020-05-06,31,49.8,william.moore@company.com,(633) 240-4441,Active
EMP011535,John,Moore,John Moore,60,IT,Associate,Austin,129668.09,8334.54,2021-06-16,35,58.9,john.moore@company.com,(801) 848-3772,Active
EMP011536,David,Rodriguez,David Rodriguez,53,Marketing,Coordinator,San Francisco,68622.43,3512.42,2024-04-26,24,63.7,david.rodriguez@company.com,(901) 599-1863,Active
EMP011537,Sarah,Moore,Sarah Moore,62,Finance,Analyst,Seattle,99112.64,14597.66,2020-02-23,38,75.6,sarah.moore@company.com,(605) 782-3255,Active
EMP011538,Amanda,Gonzalez,Amanda Gonzalez,26,Operations,Senior Developer,Chicago,51636.8,8992.92,2023-03-31,1,63.7,amanda.gonzalez@company.com,(407) 200-7092,Active
EMP011539,Melissa,Hernandez,Melissa Hernandez,57,Sales,Lead,Seattle,84054.39,6776.47,2020-12-27,28,67.6,melissa.hernandez@company.com,(978) 635-9161,Active
EMP011540,Anthony,Johnson,Anthony Johnson,41,Finance,Analyst,Seattle,77950.69,6940.87,2020-11-07,13,89.5,anthony.johnson@company.com,(215) 835-8181,Active
EMP011541,Nicole,Moore,Nicole Moore,54,Finance,Manager,San Francisco,112021.52,8262.13,2021-01-31,30,57.1,nicole.moore@company.com,(419) 267-8576,Active
EMP011542,Matthew,Johnson,Matthew Johnson,64,HR,Senior Developer,Boston,72736.07,526.4,2022-05-29,36,50.3,matthew.johnson@company.com,(467) 571-5199,Active
EMP011543,James,Davis,James Davis,63,HR,Associate,San Francisco,71277.14,6877.0,2020-02-25,40,88.7,james.davis@company.com,(416) 675-4377,Inactive
EMP011544,Sarah,Smith,Sarah Smith,49,Marketing,Senior Developer,Boston,53264.93,2355.48,2020-06-22,21,71.9,sarah.smith@company.com,(908) 658-4371,Inactive
EMP011545,Robert,Thomas,Robert Thomas,59,Legal,Senior Developer,Miami,130626.94,12314.36,2021-01-12,36,84.7,robert.thomas@company.com,(516) 975-3143,Active
EMP011546,Matthew,Hernandez,Matthew Hernandez,48,Operations,Specialist,Boston,69900.69,11528.55,2021-12-22,25,59.9,matthew.hernandez@company.com,(831) 570-1205,Active
EMP011547,Nicole,Williams,Nicole Williams,43,Engineering,Coordinator,Miami,125504.03,3596.73,2021-07-21,21,100.0,nicole.williams@company.com,(454) 750-8628,Active
EMP011548,Anthony,Taylor,Anthony Taylor,55,HR,Director,Miami,76206.94,8005.59,2020-11-14,33,65.6,anthony.taylor@company.com,(290) 790-9858,Inactive
EMP011549,John,Martin,John Martin,53,HR,Director,Miami,61597.26,6547.34,2022-11-06,31,90.2,john.martin@company.com,(881) 844-1902,Active
EMP011550,Nicole,Davis,Nicole Davis,39,Legal,Director,San Francisco,80909.42,0.0,2021-01-09,11,99.2,nicole.davis@company.com,(700) 779-1644,Inactive
EMP011551,Jessica,Garcia,Jessica Garcia,37,Marketing,Director,Boston,65167.25,4493.25,2023-07-15,14,48.0,jessica.garcia@company.com,(246) 504-2128,Active
EMP011552,Nicole,Martin,Nicole Martin,41,Sales,Coordinator,Seattle,102246.79,9187.47,2022-11-09,17,85.2,nicole.martin@company.com,(904) 360-4315,On Leave
EMP011553,Nicole,Gonzalez,Nicole Gonzalez,33,Engineering,Specialist,Los Angeles,96779.89,7954.21,2024-03-05,5,82.1,nicole.gonzalez@company.com,(911) 353-8299,Active
EMP011554,Amanda,Jackson,Amanda Jackson,32,Finance,Analyst,Miami,72410.76,91.82,2020-06-04,6,87.6,amanda.jackson@company.com,(496) 304-3959,Active
EMP011555,John,Garcia,John Garcia,59,Marketing,Lead,Boston,71940.23,8120.48,2024-10-15,35,81.2,john.garcia@company.com,(862) 337-9920,Active
EMP011556,James,Martin,James Martin,31,Engineering,Lead,Chicago,67451.02,6789.41,2023-12-16,2,91.6,james.martin@company.com,(977) 606-8414,Active
EMP011557,Sarah,Wilson,Sarah Wilson,35,Operations,Specialist,New York,68124.72,5491.97,2024-10-11,11,95.4,sarah.wilson@company.com,(907) 734-2801,Active
EMP011558,David,Taylor,David Taylor,64,IT,Coordinator,Seattle,134001.31,10259.08,2021-12-11,36,72.0,david.taylor@company.com,(282) 720-9449,Inactive
EMP011559,Ashley,Miller,Ashley Miller,25,Sales,Director,Austin,78471.24,6826.02,2020-11-17,0,49.8,ashley.miller@company.com,(988) 761-3552,Active
EMP011560,Michael,Thomas,Michael Thomas,49,Sales,Lead,New York,94276.01,10787.75,2021-01-31,23,83.1,michael.thomas@company.com,(257) 974-6133,On Leave
EMP011561,Amanda,Martinez,Amanda Martinez,59,Sales,Senior Developer,Austin,80334.13,6201.68,2022-10-04,35,84.8,amanda.martinez@company.com,(303) 477-7972,Active
EMP011562,Michael,Miller,Michael Miller,61,Legal,Analyst,Seattle,67281.79,6308.38,2024-10-26,37,97.5,michael.miller@company.com,(457) 559-9298,Inactive
EMP011563,Matthew,Jones,Matthew Jones,61,Marketing,Manager,Miami,92788.76,11766.55,2024-02-16,33,100.0,matthew.jones@company.com,(880) 704-4597,Active
EMP011564,Jessica,Garcia,Jessica Garcia,36,Legal,Analyst,Chicago,98046.98,8037.16,2020-09-15,12,68.2,jessica.garcia@company.com,(235) 455-1832,Active
EMP011565,Daniel,Gonzalez,Daniel Gonzalez,58,Legal,Coordinator,Chicago,88945.29,8736.89,2021-08-01,32,81.3,daniel.gonzalez@company.com,(891) 962-6060,Active
EMP011566,Daniel,Jackson,Daniel Jackson,24,Marketing,Manager,Chicago,80580.02,9117.87,2021-03-10,0,58.9,daniel.jackson@company.com,(582) 963-2750,On Leave
EMP011567,Amanda,Moore,Amanda Moore,36,IT,Specialist,Chicago,82006.95,11367.91,2022-07-27,8,80.3,amanda.moore@company.com,(532) 964-8530,Active
EMP011568,Lisa,Wilson,Lisa Wilson,60,Sales,Associate,Los Angeles,82854.47,4551.25,2021-01-17,37,80.4,lisa.wilson@company.com,(922) 648-8515,Active
EMP011569,Stephanie,Martinez,Stephanie Martinez,32,HR,Associate,Seattle,62912.64,5351.7,2023-02-19,10,91.9,stephanie.martinez@company.com,(330) 231-8234,Active
EMP011570,Amanda,Williams,Amanda Williams,54,Engineering,Director,Seattle,138253.13,23609.17,2021-05-29,31,50.8,amanda.williams@company.com,(858) 640-9727,Active
EMP011571,Stephanie,Moore,Stephanie Moore,63,IT,Manager,New York,109890.76,6355.89,2024-04-06,37,88.1,stephanie.moore@company.com,(505) 338-8421,Active
EMP011572,Anthony,Moore,Anthony Moore,58,IT,Director,San Francisco,120267.85,12677.07,2023-07-29,33,97.9,anthony.moore@company.com,(430) 969-8574,Active
EMP011573,Nicole,Smith,Nicole Smith,51,Finance,Specialist,New York,119831.66,6765.96,2024-05-16,26,87.8,nicole.smith@company.com,(572) 248-7642,Active
EMP011574,Jessica,Wilson,Jessica Wilson,63,HR,Specialist,Chicago,90524.96,7361.0,2023-12-29,38,59.7,jessica.wilson@company.com,(388) 214-4423,Active
EMP011575,Daniel,Brown,Daniel Brown,55,Finance,Manager,Chicago,77599.87,8773.9,2020-05-20,27,93.5,daniel.brown@company.com,(958) 637-6402,Active
EMP011576,Emily,Taylor,Emily Taylor,44,Operations,Lead,Miami,73219.21,5229.17,2022-07-02,21,77.5,emily.taylor@company.com,(921) 403-2157,Active
EMP011577,Ashley,Brown,Ashley Brown,55,IT,Analyst,Seattle,120771.49,12859.77,2022-10-07,32,68.5,ashley.brown@company.com,(324) 619-6714,Inactive
EMP011578,Melissa,Williams,Melissa Williams,34,HR,Specialist,Chicago,61575.67,14526.68,2021-08-23,7,85.0,melissa.williams@company.com,(405) 759-3192,Active
EMP011579,Amanda,Martin,Amanda Martin,39,IT,Senior Developer,Austin,91962.54,1513.1,2022-08-23,14,100.0,amanda.martin@company.com,(483) 758-3629,Active
EMP011580,Nicole,Brown,Nicole Brown,53,Engineering,Specialist,San Francisco,88952.77,18134.49,2023-06-26,24,88.5,nicole.brown@company.com,(756) 975-3157,Inactive
EMP011581,John,Jones,John Jones,43,Marketing,Manager,Boston,88992.65,6058.22,2022-06-24,15,90.7,john.jones@company.com,(740) 905-6386,Active
EMP011582,Sarah,Moore,Sarah Moore,62,Operations,Associate,San Francisco,51428.94,6070.22,2022-02-15,39,63.7,sarah.moore@company.com,(894) 400-5137,Active
EMP011583,Amanda,Hernandez,Amanda Hernandez,31,Finance,Specialist,Austin,59507.5,8844.65,2020-05-27,5,57.8,amanda.hernandez@company.com,(699) 972-1110,Inactive
EMP011584,James,Garcia,James Garcia,40,Legal,Manager,Austin,137017.49,13719.98,2020-06-15,11,53.3,james.garcia@company.com,(476) 938-7291,Active
EMP011585,Michael,Jones,Michael Jones,46,Finance,Analyst,Austin,86394.8,7369.71,2020-02-07,17,69.7,michael.jones@company.com,(802) 452-2111,Active
EMP011586,Daniel,Miller,Daniel Miller,65,Engineering,Analyst,Chicago,160817.42,20869.58,2020-10-18,39,71.5,daniel.miller@company.com,(708) 721-7537,Active
EMP011587,David,Martin,David Martin,33,Marketing,Manager,Austin,63005.33,7727.59,2020-03-25,6,100.0,david.martin@company.com,(454) 901-2560,Active
EMP011588,John,Garcia,John Garcia,62,IT,Specialist,Boston,95478.62,12148.17,2020-09-13,40,91.0,john.garcia@company.com,(267) 511-7242,Active
EMP011589,Stephanie,Brown,Stephanie Brown,58,IT,Lead,Seattle,114600.93,10403.41,2020-10-30,34,86.7,stephanie.brown@company.com,(832) 547-5053,Active
EMP011590,Nicole,Rodriguez,Nicole Rodriguez,48,Marketing,Specialist,Los Angeles,86148.86,12700.64,2020-04-24,24,47.5,nicole.rodriguez@company.com,(239) 715-9541,Active
EMP011591,Lisa,Williams,Lisa Williams,54,Legal,Analyst,Seattle,97361.34,13145.51,2020-01-08,28,71.6,lisa.williams@company.com,(680) 574-3938,Active
EMP011592,Christopher,Davis,Christopher Davis,61,IT,Manager,Austin,108504.22,15233.32,2024-11-20,39,71.4,christopher.davis@company.com,(397) 269-1309,Active
EMP011593,Michael,Davis,Michael Davis,53,Engineering,Associate,Los Angeles,109923.94,7859.26,2020-12-01,26,72.8,michael.davis@company.com,(368) 805-1074,Active
EMP011594,Ashley,Thomas,Ashley Thomas,30,Engineering,Director,San Francisco,107887.12,12770.63,2022-04-02,1,66.0,ashley.thomas@company.com,(439) 997-6737,Active
EMP011595,Melissa,Wilson,Melissa Wilson,57,Finance,Associate,Chicago,100241.73,5764.81,2021-07-15,32,93.9,melissa.wilson@company.com,(994) 809-4250,Active
EMP011596,Daniel,Williams,Daniel Williams,62,HR,Lead,Chicago,87677.12,2222.8,2021-11-23,39,61.0,daniel.williams@company.com,(928) 445-4764,Active
EMP011597,Robert,Gonzalez,Robert Gonzalez,58,Sales,Coordinator,New York,73892.34,15616.36,2024-04-07,34,88.9,robert.gonzalez@company.com,(202) 748-5903,On Leave
EMP011598,William,Johnson,William Johnson,63,IT,Specialist,Seattle,132343.68,9271.46,2021-02-28,35,60.9,william.johnson@company.com,(558) 290-1623,Active
EMP011599,Nicole,Davis,Nicole Davis,46,Operations,Senior Developer,Boston,66856.64,13258.18,2020-11-18,20,64.2,nicole.davis@company.com,(856) 818-1363,Active
EMP011600,Jane,Johnson,Jane Johnson,41,Sales,Coordinator,Boston,80871.47,12399.97,2023-02-13,16,71.8,jane.johnson@company.com,(819) 369-9582,Active
EMP011601,Jane,Martin,Jane Martin,65,Operations,Analyst,Los Angeles,82278.01,3761.64,2021-12-21,39,75.3,jane.martin@company.com,(782) 728-4493,Active
EMP011602,Anthony,Martin,Anthony Martin,57,Operations,Associate,Los Angeles,85296.85,4715.95,2024-12-03,30,87.5,anthony.martin@company.com,(623) 420-8877,Active
EMP011603,Jessica,Moore,Jessica Moore,55,Engineering,Manager,Boston,98960.83,12404.52,2023-08-12,29,80.6,jessica.moore@company.com,(396) 657-7776,Active
EMP011604,John,Thomas,John Thomas,64,HR,Director,Seattle,70985.99,4606.25,2021-06-04,38,86.8,john.thomas@company.com,(770) 403-9547,Active
EMP011605,William,Taylor,William Taylor,61,HR,Director,New York,77852.43,6122.0,2022-06-25,36,90.2,william.taylor@company.com,(308) 373-6473,Active
EMP011606,Nicole,Martinez,Nicole Martinez,22,Operations,Director,Seattle,38834.0,2334.07,2020-05-29,0,86.1,nicole.martinez@company.com,(993) 919-4561,Active
EMP011607,William,Garcia,William Garcia,43,Engineering,Analyst,Chicago,115112.55,21666.44,2022-11-14,14,71.2,william.garcia@company.com,(282) 841-1631,Active
EMP011608,Nicole,Martinez,Nicole Martinez,29,HR,Analyst,Austin,34914.12,1733.04,2023-12-30,2,48.7,nicole.martinez@company.com,(901) 840-2499,Active
EMP011609,Robert,Jones,Robert Jones,37,Sales,Senior Developer,Austin,58697.95,963.58,2023-03-25,10,95.4,robert.jones@company.com,(270) 223-8656,Active
EMP011610,Melissa,Moore,Melissa Moore,41,IT,Specialist,Chicago,100115.88,6662.31,2022-09-08,12,55.5,melissa.moore@company.com,(717) 897-3002,Active
EMP011611,James,Taylor,James Taylor,22,IT,Specialist,Boston,61992.92,6728.75,2020-11-15,0,69.1,james.taylor@company.com,(295) 696-3610,Active
EMP011612,Jane,Taylor,Jane Taylor,41,Marketing,Director,San Francisco,64328.63,4620.26,2023-07-11,14,70.3,jane.taylor@company.com,(527) 823-2357,Active
EMP011613,Anthony,Garcia,Anthony Garcia,57,HR,Manager,San Francisco,77083.87,7690.02,2022-07-30,32,91.4,anthony.garcia@company.com,(716) 494-7687,Active
EMP011614,Lisa,Hernandez,Lisa Hernandez,45,IT,Lead,San Francisco,82360.17,2124.68,2023-12-27,23,81.7,lisa.hernandez@company.com,(290) 751-3668,Active
EMP011615,Emily,Thomas,Emily Thomas,39,HR,Lead,Chicago,72006.5,4911.73,2024-12-04,15,67.1,emily.thomas@company.com,(923) 776-8721,Inactive
EMP011616,William,Williams,William Williams,46,HR,Director,Miami,64362.1,5536.61,2024-08-18,18,63.4,william.williams@company.com,(278) 845-9175,Inactive
EMP011617,John,Gonzalez,John Gonzalez,61,Legal,Associate,Boston,96156.63,14937.89,2020-08-08,32,74.0,john.gonzalez@company.com,(512) 786-1596,Active
EMP011618,Matthew,Hernandez,Matthew Hernandez,29,Finance,Analyst,Boston,86142.25,13836.74,2020-08-20,2,98.2,matthew.hernandez@company.com,(271) 361-6112,Active
EMP011619,Amanda,Rodriguez,Amanda Rodriguez,32,Engineering,Associate,New York,84439.72,6176.06,2020-11-23,3,73.8,amanda.rodriguez@company.com,(922) 289-9156,Active
EMP011620,Nicole,Taylor,Nicole Taylor,33,Sales,Associate,New York,86375.53,5924.4,2020-02-26,4,91.9,nicole.taylor@company.com,(702) 606-1928,Active
EMP011621,Amanda,Wilson,Amanda Wilson,62,Operations,Senior Developer,New York,61276.09,10468.72,2022-03-03,33,76.1,amanda.wilson@company.com,(451) 762-6682,Active
EMP011622,Jessica,Williams,Jessica Williams,24,IT,Lead,Seattle,53051.09,5611.13,2023-11-13,0,71.2,jessica.williams@company.com,(216) 764-2687,Active
EMP011623,Amanda,Johnson,Amanda Johnson,54,Marketing,Lead,Austin,79750.36,13922.87,2023-12-31,31,49.9,amanda.johnson@company.com,(754) 445-9251,Active
EMP011624,Emily,Gonzalez,Emily Gonzalez,56,HR,Director,Boston,80415.36,10874.88,2020-11-25,32,79.0,emily.gonzalez@company.com,(552) 644-6603,Active
EMP011625,Anthony,Jackson,Anthony Jackson,55,HR,Lead,San Francisco,75564.27,4153.4,2021-03-07,33,68.5,anthony.jackson@company.com,(233) 807-1065,Active
EMP011626,Lisa,Williams,Lisa Williams,59,HR,Associate,Seattle,76366.41,8430.01,2023-01-16,30,77.1,lisa.williams@company.com,(893) 211-1841,Active
EMP011627,Stephanie,Martin,Stephanie Martin,61,Sales,Coordinator,Boston,57907.99,829.17,2021-07-15,39,40.8,stephanie.martin@company.com,(350) 998-8023,Active
EMP011628,Stephanie,Thomas,Stephanie Thomas,57,IT,Coordinator,San Francisco,87720.51,12056.54,2020-06-26,29,91.6,stephanie.thomas@company.com,(774) 876-2054,Active
EMP011629,Jessica,Williams,Jessica Williams,28,Engineering,Director,Seattle,53740.64,9827.04,2024-07-04,5,48.3,jessica.williams@company.com,(456) 669-5516,Active
EMP011630,Lisa,Williams,Lisa Williams,42,HR,Associate,San Francisco,67256.9,7070.18,2024-07-09,20,86.6,lisa.williams@company.com,(398) 720-2512,Active
EMP011631,Nicole,Moore,Nicole Moore,54,IT,Specialist,San Francisco,128769.8,2513.69,2024-07-23,28,74.0,nicole.moore@company.com,(800) 748-1001,Active
EMP011632,Ashley,Moore,Ashley Moore,22,Operations,Coordinator,Seattle,68398.96,4185.64,2022-10-06,0,93.5,ashley.moore@company.com,(514) 987-5379,Active
EMP011633,Jessica,Moore,Jessica Moore,35,Engineering,Coordinator,Chicago,75057.92,5311.8,2021-09-15,9,76.5,jessica.moore@company.com,(467) 477-1306,Active
EMP011634,Lisa,Martin,Lisa Martin,33,Sales,Lead,Miami,83978.03,6564.68,2024-10-22,10,79.7,lisa.martin@company.com,(935) 557-7015,Active
EMP011635,James,Gonzalez,James Gonzalez,54,Legal,Specialist,Miami,113611.68,16141.36,2020-10-10,26,78.7,james.gonzalez@company.com,(231) 474-1387,Active
EMP011636,Lisa,Lopez,Lisa Lopez,37,Finance,Specialist,Seattle,73794.7,366.93,2021-09-17,11,70.2,lisa.lopez@company.com,(263) 568-8077,Active
EMP011637,Amanda,Williams,Amanda Williams,46,Legal,Lead,San Francisco,93386.79,12704.94,2020-07-11,21,83.8,amanda.williams@company.com,(751) 983-3250,Active
EMP011638,Sarah,Miller,Sarah Miller,28,Engineering,Lead,New York,86046.49,6380.88,2022-12-27,0,90.0,sarah.miller@company.com,(327) 955-6978,Active
EMP011639,Melissa,Anderson,Melissa Anderson,37,Legal,Analyst,New York,92516.26,6598.06,2020-09-13,10,75.9,melissa.anderson@company.com,(588) 858-9691,Active
EMP011640,William,Johnson,William Johnson,44,Marketing,Lead,Miami,69619.95,8013.4,2020-09-24,18,57.9,william.johnson@company.com,(432) 474-9346,Active
EMP011641,Jane,Jones,Jane Jones,52,IT,Senior Developer,Chicago,86937.86,4375.23,2023-02-23,23,71.5,jane.jones@company.com,(275) 814-3567,On Leave
EMP011642,Ashley,Smith,Ashley Smith,49,Legal,Associate,Miami,118501.69,10753.53,2021-10-31,20,93.9,ashley.smith@company.com,(889) 416-7395,Active
EMP011643,Stephanie,Martinez,Stephanie Martinez,47,Operations,Specialist,Boston,81754.06,10113.3,2023-06-27,19,80.6,stephanie.martinez@company.com,(951) 961-8001,Active
EMP011644,Christopher,Smith,Christopher Smith,35,Engineering,Specialist,Los Angeles,111354.84,9236.54,2022-08-27,9,66.7,christopher.smith@company.com,(968) 352-5939,Active
EMP011645,David,Jones,David Jones,32,Sales,Senior Developer,Austin,68459.67,7824.17,2023-12-05,10,98.0,david.jones@company.com,(525) 540-1463,Active
EMP011646,Anthony,Johnson,Anthony Johnson,54,Marketing,Manager,Austin,88411.79,5285.29,2022-07-13,28,88.0,anthony.johnson@company.com,(986) 958-6799,On Leave
EMP011647,John,Rodriguez,John Rodriguez,45,Sales,Specialist,Los Angeles,81319.68,8772.92,2020-10-30,16,79.8,john.rodriguez@company.com,(639) 252-5126,Active
EMP011648,Lisa,Martin,Lisa Martin,65,Legal,Director,Boston,61662.75,3847.83,2021-05-02,36,96.4,lisa.martin@company.com,(620) 553-7604,Active
EMP011649,Jessica,Garcia,Jessica Garcia,32,Marketing,Manager,Seattle,52805.15,6304.32,2020-05-20,9,93.9,jessica.garcia@company.com,(665) 792-4433,Active
EMP011650,James,Martinez,James Martinez,32,Legal,Specialist,New York,114691.51,17069.87,2020-05-02,6,84.6,james.martinez@company.com,(735) 255-7675,Active
EMP011651,David,Taylor,David Taylor,56,Marketing,Analyst,Austin,74994.25,5404.38,2024-07-11,31,59.0,david.taylor@company.com,(612) 643-5546,Active
EMP011652,Michael,Garcia,Michael Garcia,60,Finance,Coordinator,Seattle,84667.47,6804.94,2020-04-21,37,79.9,michael.garcia@company.com,(686) 966-5293,Active
EMP011653,Lisa,Smith,Lisa Smith,28,Marketing,Coordinator,Los Angeles,60981.56,4268.88,2023-05-27,0,98.5,lisa.smith@company.com,(283) 692-7885,Active
EMP011654,David,Brown,David Brown,65,Finance,Manager,Austin,106457.0,8148.69,2020-01-11,42,87.0,david.brown@company.com,(362) 715-4479,Active
EMP011655,Christopher,Gonzalez,Christopher Gonzalez,62,IT,Director,Chicago,129618.75,13940.5,2022-11-05,39,73.0,christopher.gonzalez@company.com,(310) 335-8308,Active
EMP011656,Nicole,Martinez,Nicole Martinez,63,HR,Analyst,New York,84670.78,8881.01,2024-06-15,39,84.7,nicole.martinez@company.com,(478) 314-5503,Inactive
EMP011657,Sarah,Davis,Sarah Davis,61,IT,Manager,Miami,77515.06,7706.81,2023-09-10,39,88.0,sarah.davis@company.com,(463) 570-6014,Active
EMP011658,Robert,Thomas,Robert Thomas,45,HR,Associate,San Francisco,62870.12,0.0,2022-09-29,21,66.7,robert.thomas@company.com,(489) 705-6018,Active
EMP011659,Christopher,Moore,Christopher Moore,61,Operations,Senior Developer,Boston,88248.96,6379.95,2021-08-31,35,67.5,christopher.moore@company.com,(589) 928-2587,Active
EMP011660,Ashley,Martinez,Ashley Martinez,44,IT,Manager,Boston,117056.07,7502.03,2022-11-03,15,55.0,ashley.martinez@company.com,(641) 760-3535,Active
EMP011661,Sarah,Miller,Sarah Miller,51,Operations,Associate,Chicago,74398.03,4292.92,2024-08-27,22,71.9,sarah.miller@company.com,(515) 352-6763,Active
EMP011662,James,Martinez,James Martinez,40,HR,Lead,Austin,87592.77,10336.28,2021-06-16,12,92.0,james.martinez@company.com,(750) 959-1476,Active
EMP011663,Melissa,Anderson,Melissa Anderson,26,Engineering,Associate,New York,57829.86,4244.29,2023-06-09,0,78.9,melissa.anderson@company.com,(274) 886-9206,Active
EMP011664,Jessica,Martinez,Jessica Martinez,47,Operations,Lead,San Francisco,68064.04,6902.72,2023-03-20,18,66.1,jessica.martinez@company.com,(882) 974-3905,Active
EMP011665,Nicole,Thomas,Nicole Thomas,63,Legal,Senior Developer,Chicago,149209.81,31766.2,2023-01-28,40,92.0,nicole.thomas@company.com,(950) 736-5830,Active
EMP011666,Daniel,Gonzalez,Daniel Gonzalez,54,IT,Lead,Chicago,80609.14,9027.38,2022-08-13,28,81.5,daniel.gonzalez@company.com,(348) 721-7399,Active
EMP011667,John,Jackson,John Jackson,37,HR,Analyst,Chicago,68261.47,8095.64,2021-04-27,11,76.1,john.jackson@company.com,(515) 833-3316,Inactive
EMP011668,Matthew,Brown,Matthew Brown,23,HR,Analyst,Chicago,77001.63,10006.18,2021-06-08,0,85.5,matthew.brown@company.com,(291) 311-9342,Active
EMP011669,Jessica,Jones,Jessica Jones,64,Finance,Analyst,Boston,93304.82,5472.37,2023-07-27,37,58.7,jessica.jones@company.com,(598) 545-7269,Active
EMP011670,Matthew,Martinez,Matthew Martinez,54,Engineering,Associate,Miami,114470.98,4732.04,2023-10-07,25,58.9,matthew.martinez@company.com,(490) 699-5888,Active
EMP011671,Stephanie,Hernandez,Stephanie Hernandez,51,Operations,Manager,Austin,85084.47,9169.36,2020-04-09,22,85.8,stephanie.hernandez@company.com,(646) 818-9584,Active
EMP011672,James,Moore,James Moore,27,Legal,Director,San Francisco,87082.38,2933.15,2022-12-04,3,70.8,james.moore@company.com,(317) 311-2633,Active
EMP011673,William,Martin,William Martin,22,Marketing,Director,Austin,55406.18,7527.14,2022-05-27,0,74.0,william.martin@company.com,(533) 526-1576,Active
EMP011674,Amanda,Davis,Amanda Davis,42,Finance,Director,San Francisco,90232.15,6397.41,2020-03-05,16,86.7,amanda.davis@company.com,(940) 306-7455,Active
EMP011675,James,Johnson,James Johnson,57,Legal,Director,Austin,82981.75,8371.65,2020-05-29,28,100.0,james.johnson@company.com,(926) 735-4081,Active
EMP011676,Sarah,Lopez,Sarah Lopez,49,IT,Director,Chicago,84866.12,5995.05,2024-11-05,23,60.7,sarah.lopez@company.com,(741) 711-1815,Active
EMP011677,John,Miller,John Miller,28,HR,Analyst,Los Angeles,69393.77,12500.51,2020-11-29,5,57.4,john.miller@company.com,(891) 985-5354,Active
EMP011678,Anthony,Martinez,Anthony Martinez,40,Legal,Associate,Chicago,88847.37,6481.36,2022-01-18,12,77.9,anthony.martinez@company.com,(973) 202-2852,Active
EMP011679,Nicole,Hernandez,Nicole Hernandez,24,Engineering,Director,Boston,90438.63,2751.79,2022-01-29,0,42.2,nicole.hernandez@company.com,(475) 574-3790,Active
EMP011680,Robert,Gonzalez,Robert Gonzalez,31,Marketing,Manager,Chicago,66561.99,9881.22,2023-04-15,5,86.2,robert.gonzalez@company.com,(416) 665-6979,Inactive
EMP011681,William,Brown,William Brown,25,Engineering,Lead,Boston,69723.3,7173.22,2020-11-28,1,65.5,william.brown@company.com,(574) 473-3835,Active
EMP011682,Daniel,Rodriguez,Daniel Rodriguez,51,HR,Analyst,Austin,56965.81,4548.16,2024-06-17,27,66.1,daniel.rodriguez@company.com,(603) 524-7268,Active
EMP011683,Robert,Brown,Robert Brown,51,HR,Manager,Chicago,76575.68,11840.03,2020-05-16,23,100.0,robert.brown@company.com,(538) 947-1879,Active
EMP011684,William,Williams,William Williams,60,Marketing,Coordinator,San Francisco,76770.4,5249.92,2020-02-15,38,66.5,william.williams@company.com,(616) 757-5649,Active
EMP011685,Nicole,Garcia,Nicole Garcia,36,Sales,Coordinator,Seattle,75416.04,16335.56,2020-08-30,7,83.7,nicole.garcia@company.com,(391) 807-5344,Inactive
EMP011686,Emily,Jones,Emily Jones,57,IT,Senior Developer,Los Angeles,116033.9,16571.47,2023-04-01,33,97.4,emily.jones@company.com,(714) 612-3755,Inactive
EMP011687,William,Smith,William Smith,56,Operations,Analyst,Chicago,78103.57,4524.21,2022-04-18,30,75.0,william.smith@company.com,(537) 520-1727,On Leave
EMP011688,Anthony,Davis,Anthony Davis,54,Finance,Lead,Chicago,64312.21,4363.65,2020-08-20,27,95.8,anthony.davis@company.com,(718) 519-7646,Active
EMP011689,Jane,Thomas,Jane Thomas,28,Marketing,Analyst,Miami,45262.14,4613.69,2024-08-20,2,93.5,jane.thomas@company.com,(818) 998-8960,Active
EMP011690,Ashley,Johnson,Ashley Johnson,64,Sales,Senior Developer,Chicago,100295.81,10546.57,2022-06-08,41,82.1,ashley.johnson@company.com,(264) 209-7512,Active
EMP011691,Stephanie,Hernandez,Stephanie Hernandez,52,Operations,Manager,Seattle,79187.76,12060.75,2024-03-04,30,79.1,stephanie.hernandez@company.com,(972) 592-5486,Active
EMP011692,Emily,Williams,Emily Williams,49,Sales,Specialist,Austin,54226.73,6756.18,2020-05-10,23,89.8,emily.williams@company.com,(211) 531-9029,Active
EMP011693,Matthew,Williams,Matthew Williams,23,Marketing,Associate,Austin,43984.48,4592.25,2021-01-14,0,81.9,matthew.williams@company.com,(995) 886-5831,Active
EMP011694,Daniel,Wilson,Daniel Wilson,40,Sales,Associate,New York,65574.05,5076.68,2023-08-22,15,97.5,daniel.wilson@company.com,(536) 230-9480,Active
EMP011695,Matthew,Johnson,Matthew Johnson,54,Engineering,Director,Austin,94980.99,10040.83,2021-08-24,29,80.2,matthew.johnson@company.com,(924) 876-5814,Active
EMP011696,Emily,Martin,Emily Martin,23,Marketing,Director,Austin,54007.03,7790.07,2024-12-27,0,74.3,emily.martin@company.com,(995) 539-4261,Active
EMP011697,William,Davis,William Davis,44,IT,Manager,San Francisco,91683.09,5158.75,2023-12-16,18,68.7,william.davis@company.com,(447) 366-3957,Active
EMP011698,Ashley,Taylor,Ashley Taylor,32,HR,Specialist,Los Angeles,57402.62,5331.4,2021-03-19,3,92.5,ashley.taylor@company.com,(690) 274-8021,Active
EMP011699,Christopher,Williams,Christopher Williams,36,Marketing,Coordinator,Seattle,28500.0,3188.54,2020-08-22,13,74.8,christopher.williams@company.com,(200) 561-6553,On Leave
EMP011700,Daniel,Thomas,Daniel Thomas,60,Operations,Coordinator,Miami,84604.8,8372.1,2020-10-18,37,81.9,daniel.thomas@company.com,(962) 560-2811,Active
EMP011701,Amanda,Wilson,Amanda Wilson,33,Sales,Analyst,Chicago,66887.61,6312.47,2020-12-09,10,56.7,amanda.wilson@company.com,(888) 753-2661,Active
EMP011702,Jessica,Miller,Jessica Miller,59,IT,Director,Miami,93627.37,2951.75,2024-01-20,37,52.9,jessica.miller@company.com,(433) 393-2246,Active
EMP011703,Emily,Martinez,Emily Martinez,46,IT,Lead,Chicago,104929.29,18501.66,2020-08-31,19,97.1,emily.martinez@company.com,(971) 757-2935,Active
EMP011704,John,Johnson,John Johnson,47,Legal,Lead,San Francisco,106933.72,6079.58,2023-04-20,18,87.2,john.johnson@company.com,(290) 670-1392,On Leave
EMP011705,Lisa,Lopez,Lisa Lopez,51,HR,Lead,Los Angeles,89750.75,16427.23,2024-04-12,22,83.4,lisa.lopez@company.com,(222) 335-9613,Active
EMP011706,Anthony,Thomas,Anthony Thomas,47,Legal,Lead,Miami,90060.38,5735.4,2023-07-31,20,87.4,anthony.thomas@company.com,(612) 681-6944,Active
EMP011707,James,Wilson,James Wilson,55,Legal,Director,Boston,116255.57,12594.68,2023-07-31,33,100.0,james.wilson@company.com,(821) 579-3132,Active
EMP011708,James,Smith,James Smith,31,HR,Director,Los Angeles,63107.9,5069.12,2023-12-24,6,85.7,james.smith@company.com,(549) 400-3991,Active
EMP011709,Nicole,Rodriguez,Nicole Rodriguez,64,Operations,Senior Developer,Miami,117684.2,16170.13,2020-07-13,42,64.8,nicole.rodriguez@company.com,(593) 394-8721,Active
EMP011710,Jane,Davis,Jane Davis,39,Operations,Director,Seattle,53701.04,7612.96,2020-12-28,10,54.2,jane.davis@company.com,(849) 518-3494,Active
EMP011711,Stephanie,Anderson,Stephanie Anderson,29,Engineering,Senior Developer,Chicago,60654.14,10744.25,2020-05-24,4,54.7,stephanie.anderson@company.com,(385) 651-3442,Active
EMP011712,Anthony,Rodriguez,Anthony Rodriguez,32,Sales,Associate,Seattle,58376.81,9885.19,2024-04-01,7,67.8,anthony.rodriguez@company.com,(351) 659-7662,Active
EMP011713,Nicole,Smith,Nicole Smith,44,Finance,Manager,Austin,89041.17,17008.04,2022-03-18,18,72.5,nicole.smith@company.com,(955) 612-4856,Active
EMP011714,Michael,Thomas,Michael Thomas,61,Legal,Lead,San Francisco,136906.73,11773.04,2020-02-12,33,77.9,michael.thomas@company.com,(411) 897-2529,Active
EMP011715,Amanda,Williams,Amanda Williams,22,Sales,Associate,Los Angeles,82622.76,12412.95,2022-09-10,0,78.9,amanda.williams@company.com,(900) 827-7223,Active
EMP011716,Jessica,Jones,Jessica Jones,54,Operations,Analyst,Los Angeles,79784.04,7184.57,2024-06-17,31,81.4,jessica.jones@company.com,(838) 349-9612,Active
EMP011717,David,Davis,David Davis,55,Legal,Manager,San Francisco,116370.33,11750.86,2022-03-16,27,58.6,david.davis@company.com,(201) 424-5753,Active
EMP011718,James,Moore,James Moore,57,HR,Manager,San Francisco,66168.86,7778.57,2022-09-19,32,81.2,james.moore@company.com,(438) 336-1770,Inactive
EMP011719,Lisa,Moore,Lisa Moore,41,Engineering,Senior Developer,Miami,115296.76,13302.48,2021-05-27,15,34.9,lisa.moore@company.com,(743) 745-6029,Active
EMP011720,Stephanie,Wilson,Stephanie Wilson,65,Engineering,Senior Developer,Los Angeles,144935.7,16670.23,2024-07-10,41,62.9,stephanie.wilson@company.com,(365) 477-1495,Active
EMP011721,Matthew,Anderson,Matthew Anderson,60,IT,Specialist,New York,115799.43,9158.4,2022-08-21,34,69.5,matthew.anderson@company.com,(515) 363-4376,Active
EMP011722,Christopher,Lopez,Christopher Lopez,49,Finance,Director,Los Angeles,107944.48,13153.36,2024-03-11,20,70.4,christopher.lopez@company.com,(780) 584-1220,Inactive
EMP011723,Lisa,Thomas,Lisa Thomas,39,Operations,Coordinator,Chicago,50468.23,4367.73,2021-12-29,15,77.5,lisa.thomas@company.com,(386) 276-6111,Inactive
EMP011724,Daniel,Taylor,Daniel Taylor,65,Operations,Analyst,San Francisco,73233.3,13464.1,2021-10-07,40,85.2,daniel.taylor@company.com,(823) 203-1703,Active
EMP011725,Sarah,Johnson,Sarah Johnson,53,Legal,Specialist,Chicago,100446.88,12628.92,2020-06-13,28,74.1,sarah.johnson@company.com,(706) 435-7282,Active
EMP011726,Matthew,Johnson,Matthew Johnson,31,Operations,Analyst,Austin,73210.02,4949.33,2021-09-11,7,59.2,matthew.johnson@company.com,(397) 721-1677,Active
EMP011727,Christopher,Smith,Christopher Smith,53,Legal,Lead,Boston,101893.05,2770.87,2020-07-24,29,62.3,christopher.smith@company.com,(807) 601-9880,Active
EMP011728,Daniel,Wilson,Daniel Wilson,47,Legal,Specialist,New York,72792.68,4374.78,2021-04-21,21,78.4,daniel.wilson@company.com,(825) 843-2607,Active
EMP011729,Robert,Jones,Robert Jones,34,Finance,Lead,Los Angeles,112088.37,8108.43,2024-05-31,11,70.9,robert.jones@company.com,(612) 533-9311,Active
EMP011730,Daniel,Jackson,Daniel Jackson,65,Finance,Specialist,Boston,109115.55,18259.38,2021-12-05,36,89.3,daniel.jackson@company.com,(844) 493-9512,Active
EMP011731,Lisa,Jones,Lisa Jones,33,Operations,Senior Developer,Austin,55094.31,8364.3,2021-09-28,7,74.3,lisa.jones@company.com,(277) 901-2038,On Leave
EMP011732,William,Anderson,William Anderson,61,Legal,Coordinator,Seattle,116094.51,24830.22,2022-12-11,34,77.9,william.anderson@company.com,(598) 650-3264,Active
EMP011733,Melissa,Taylor,Melissa Taylor,52,Sales,Specialist,San Francisco,86066.05,11813.12,2020-05-14,28,64.9,melissa.taylor@company.com,(902) 972-2652,Active
EMP011734,Sarah,Taylor,Sarah Taylor,38,Finance,Associate,New York,76390.3,9737.18,2021-03-01,14,52.8,sarah.taylor@company.com,(532) 999-1524,Active
EMP011735,Melissa,Moore,Melissa Moore,60,IT,Associate,Miami,103582.51,16770.77,2022-11-13,35,100.0,melissa.moore@company.com,(835) 557-4635,Active
EMP011736,James,Hernandez,James Hernandez,54,Legal,Coordinator,New York,83270.62,11769.3,2023-05-11,32,93.8,james.hernandez@company.com,(980) 439-4213,Active
EMP011737,John,Jackson,John Jackson,47,HR,Lead,Los Angeles,71253.05,8511.76,2022-05-05,20,83.6,john.jackson@company.com,(225) 656-9851,Inactive
EMP011738,Jessica,Wilson,Jessica Wilson,29,Marketing,Manager,Seattle,63083.73,9706.06,2021-01-27,7,46.5,jessica.wilson@company.com,(612) 900-4570,Active
EMP011739,Lisa,Brown,Lisa Brown,60,IT,Lead,Chicago,142916.87,16043.14,2021-04-08,37,57.7,lisa.brown@company.com,(892) 234-4310,Active
EMP011740,Emily,Smith,Emily Smith,32,IT,Senior Developer,Miami,64162.19,12240.52,2021-06-23,6,95.7,emily.smith@company.com,(561) 334-8269,On Leave
EMP011741,David,Wilson,David Wilson,46,Sales,Senior Developer,Seattle,41331.33,2461.56,2020-06-09,20,87.9,david.wilson@company.com,(905) 346-5023,Active
EMP011742,William,Taylor,William Taylor,57,HR,Coordinator,Seattle,84299.38,2997.31,2024-05-30,35,100.0,william.taylor@company.com,(355) 695-1844,Inactive
EMP011743,Stephanie,Jones,Stephanie Jones,54,Finance,Director,Austin,86978.83,15934.22,2022-04-01,27,79.4,stephanie.jones@company.com,(916) 552-4868,Inactive
EMP011744,Jessica,Martin,Jessica Martin,31,Engineering,Associate,Chicago,79470.4,8721.6,2022-01-22,3,91.7,jessica.martin@company.com,(891) 293-5946,Active
EMP011745,Sarah,Davis,Sarah Davis,39,HR,Analyst,Los Angeles,70376.23,6761.31,2020-08-12,17,69.5,sarah.davis@company.com,(624) 979-6725,Active
EMP011746,James,Gonzalez,James Gonzalez,54,HR,Director,New York,70247.31,11079.82,2023-08-01,32,92.8,james.gonzalez@company.com,(411) 947-5709,Active
EMP011747,Stephanie,Rodriguez,Stephanie Rodriguez,31,Operations,Specialist,Chicago,50068.24,8714.14,2024-12-01,4,76.4,stephanie.rodriguez@company.com,(215) 226-6558,On Leave
EMP011748,Robert,Lopez,Robert Lopez,54,Legal,Lead,Austin,73462.51,9356.1,2023-03-11,29,95.6,robert.lopez@company.com,(532) 331-8565,Active
EMP011749,Daniel,Martin,Daniel Martin,38,Operations,Coordinator,San Francisco,59185.17,5080.18,2020-12-06,12,87.2,daniel.martin@company.com,(903) 676-1776,Active
EMP011750,Anthony,Taylor,Anthony Taylor,59,Marketing,Manager,Austin,79995.27,4875.35,2022-07-19,34,65.3,anthony.taylor@company.com,(695) 399-7008,Active
EMP011751,Stephanie,Thomas,Stephanie Thomas,64,Legal,Lead,Boston,100535.11,6072.8,2022-04-10,41,100.0,stephanie.thomas@company.com,(236) 969-2837,Active
EMP011752,Stephanie,Thomas,Stephanie Thomas,58,Marketing,Coordinator,Los Angeles,83178.2,3523.34,2020-05-28,30,93.1,stephanie.thomas@company.com,(582) 203-6837,Inactive
EMP011753,Lisa,Davis,Lisa Davis,63,Operations,Director,New York,66693.07,9746.81,2023-06-12,39,79.7,lisa.davis@company.com,(676) 974-2718,Active
EMP011754,William,Anderson,William Anderson,62,Legal,Associate,Los Angeles,88970.27,6308.47,2022-11-23,34,58.0,william.anderson@company.com,(498) 550-5245,Active
EMP011755,Emily,Thomas,Emily Thomas,57,Legal,Analyst,Chicago,103007.15,15764.79,2020-06-17,30,78.5,emily.thomas@company.com,(463) 476-6111,Active
EMP011756,Robert,Moore,Robert Moore,65,Legal,Lead,Seattle,117270.86,7163.96,2021-11-22,41,25.7,robert.moore@company.com,(882) 849-2444,Inactive
EMP011757,Emily,Lopez,Emily Lopez,55,Finance,Senior Developer,Miami,71297.56,11386.46,2024-08-08,27,84.9,emily.lopez@company.com,(349) 794-4400,Active
EMP011758,Lisa,Jackson,Lisa Jackson,26,Sales,Coordinator,Seattle,71186.09,2284.52,2023-11-14,0,84.4,lisa.jackson@company.com,(381) 819-3317,Active
EMP011759,Sarah,Jackson,Sarah Jackson,38,IT,Specialist,New York,84538.63,12889.57,2020-09-12,12,92.9,sarah.jackson@company.com,(663) 630-9531,Active
EMP011760,Sarah,Hernandez,Sarah Hernandez,39,Sales,Manager,Miami,78746.23,877.13,2020-03-02,17,83.4,sarah.hernandez@company.com,(219) 627-7372,Active
EMP011761,Stephanie,Taylor,Stephanie Taylor,57,Operations,Manager,Boston,77846.99,2143.05,2022-11-10,33,100.0,stephanie.taylor@company.com,(971) 515-6051,Active
EMP011762,John,Brown,John Brown,33,IT,Analyst,Miami,49742.63,7248.06,2024-09-02,9,50.4,john.brown@company.com,(361) 334-2507,Inactive
EMP011763,Stephanie,Hernandez,Stephanie Hernandez,29,Finance,Associate,Miami,91107.27,10021.16,2023-10-24,6,89.1,stephanie.hernandez@company.com,(478) 840-7614,Active
EMP011764,Nicole,Williams,Nicole Williams,46,Operations,Associate,Los Angeles,57093.01,12426.99,2024-09-07,17,85.2,nicole.williams@company.com,(775) 491-3573,Active
EMP011765,Amanda,Gonzalez,Amanda Gonzalez,63,Marketing,Coordinator,Chicago,86156.61,14263.57,2021-09-02,35,80.8,amanda.gonzalez@company.com,(676) 237-8393,Active
EMP011766,Amanda,Jackson,Amanda Jackson,48,HR,Analyst,Boston,96312.57,12777.61,2024-09-08,20,65.8,amanda.jackson@company.com,(527) 676-9727,Active
EMP011767,Christopher,Wilson,Christopher Wilson,55,Marketing,Coordinator,Boston,99658.47,19137.58,2022-11-25,32,61.2,christopher.wilson@company.com,(349) 867-2413,Inactive
EMP011768,William,Miller,William Miller,55,Engineering,Associate,Los Angeles,117072.31,12022.14,2023-03-07,28,49.5,william.miller@company.com,(429) 511-2533,Active
EMP011769,David,Anderson,David Anderson,39,Legal,Coordinator,Chicago,115263.24,7580.04,2024-11-21,14,80.5,david.anderson@company.com,(305) 831-7764,Active
EMP011770,Daniel,Moore,Daniel Moore,58,IT,Senior Developer,Chicago,114476.65,3288.73,2024-08-21,34,48.6,daniel.moore@company.com,(537) 752-2127,Active
EMP011771,Ashley,Hernandez,Ashley Hernandez,50,Legal,Lead,Austin,120167.35,21526.08,2021-06-09,28,54.5,ashley.hernandez@company.com,(490) 363-8361,Active
EMP011772,Robert,Brown,Robert Brown,49,Engineering,Manager,San Francisco,129741.02,12409.82,2024-10-04,22,75.5,robert.brown@company.com,(961) 314-1901,Active
EMP011773,Sarah,Wilson,Sarah Wilson,44,HR,Director,San Francisco,74471.08,8092.63,2020-05-28,17,92.3,sarah.wilson@company.com,(318) 401-6705,On Leave
EMP011774,Stephanie,Anderson,Stephanie Anderson,43,Legal,Senior Developer,Miami,67155.29,1074.36,2020-05-29,15,57.7,stephanie.anderson@company.com,(934) 434-4685,On Leave
EMP011775,David,Johnson,David Johnson,27,Finance,Lead,Chicago,100741.27,14562.13,2020-01-19,5,69.7,david.johnson@company.com,(435) 785-7324,Inactive
EMP011776,Christopher,Davis,Christopher Davis,35,HR,Associate,Chicago,81333.93,5636.42,2022-04-20,9,75.8,christopher.davis@company.com,(345) 218-7077,Active
EMP011777,Christopher,Jones,Christopher Jones,65,Marketing,Coordinator,Los Angeles,78442.95,6506.47,2020-06-13,40,99.6,christopher.jones@company.com,(546) 442-8961,Active
EMP011778,Jane,Wilson,Jane Wilson,62,Sales,Senior Developer,Boston,85827.45,3605.56,2022-02-27,36,70.9,jane.wilson@company.com,(773) 632-7788,Active
EMP011779,David,Moore,David Moore,61,Operations,Manager,Boston,82796.43,11083.66,2020-11-25,36,49.1,david.moore@company.com,(778) 497-1617,Active
EMP011780,Matthew,Martin,Matthew Martin,45,Marketing,Manager,Seattle,58568.0,3867.62,2024-06-11,20,80.0,matthew.martin@company.com,(474) 354-7087,Active
EMP011781,Sarah,Martinez,Sarah Martinez,51,Legal,Associate,Seattle,121605.24,22335.82,2021-03-01,22,65.5,sarah.martinez@company.com,(977) 472-8452,Active
EMP011782,James,Davis,James Davis,24,Legal,Coordinator,Seattle,99696.9,15535.23,2024-12-06,0,66.8,james.davis@company.com,(328) 581-4055,Active
EMP011783,James,Wilson,James Wilson,47,Engineering,Lead,Seattle,80150.36,11835.42,2023-11-03,18,66.5,james.wilson@company.com,(874) 202-8964,Active
EMP011784,Sarah,Anderson,Sarah Anderson,61,IT,Director,Austin,89287.09,8940.84,2022-06-06,33,66.9,sarah.anderson@company.com,(964) 587-2649,Active
EMP011785,Michael,Lopez,Michael Lopez,41,Sales,Specialist,Boston,70981.53,4200.95,2022-09-06,15,80.9,michael.lopez@company.com,(348) 761-5343,Inactive
EMP011786,Emily,Jackson,Emily Jackson,44,Operations,Coordinator,Boston,72890.37,10296.72,2024-06-21,18,64.7,emily.jackson@company.com,(980) 893-4428,Active
EMP011787,Michael,Jackson,Michael Jackson,45,HR,Director,Los Angeles,65943.8,2801.01,2024-12-04,20,53.2,michael.jackson@company.com,(648) 603-1458,Inactive
EMP011788,James,Taylor,James Taylor,24,Finance,Coordinator,Boston,43303.87,1791.15,2024-04-12,1,59.1,james.taylor@company.com,(278) 618-1508,Active
EMP011789,Michael,Anderson,Michael Anderson,31,Finance,Analyst,Austin,85514.64,9761.18,2021-01-29,6,79.2,michael.anderson@company.com,(362) 920-8419,On Leave
EMP011790,Sarah,Lopez,Sarah Lopez,37,Operations,Specialist,Boston,64922.43,5223.51,2022-09-15,12,61.8,sarah.lopez@company.com,(315) 696-6621,Active
EMP011791,Daniel,Johnson,Daniel Johnson,63,Sales,Senior Developer,Miami,112570.4,0.0,2020-07-08,40,77.5,daniel.johnson@company.com,(232) 792-1428,Active
EMP011792,John,Martinez,John Martinez,65,HR,Lead,Austin,89141.81,4266.69,2020-05-03,38,76.4,john.martinez@company.com,(591) 274-8346,Active
EMP011793,Emily,Moore,Emily Moore,59,Marketing,Lead,San Francisco,41794.71,3295.93,2021-08-12,30,88.6,emily.moore@company.com,(696) 692-4882,On Leave
EMP011794,Jessica,Gonzalez,Jessica Gonzalez,54,Legal,Senior Developer,Los Angeles,109500.75,7274.87,2020-08-13,30,88.6,jessica.gonzalez@company.com,(894) 711-7849,Active
EMP011795,Daniel,Wilson,Daniel Wilson,57,IT,Senior Developer,Miami,114882.51,21726.65,2022-01-01,32,44.6,daniel.wilson@company.com,(682) 308-9500,Active
EMP011796,Nicole,Jones,Nicole Jones,59,Engineering,Lead,San Francisco,121468.53,8524.86,2022-12-28,30,83.9,nicole.jones@company.com,(725) 439-8953,Active
EMP011797,Melissa,Hernandez,Melissa Hernandez,64,Finance,Associate,Boston,82695.19,12215.5,2020-06-23,41,90.1,melissa.hernandez@company.com,(892) 777-1783,Active
EMP011798,Melissa,Martin,Melissa Martin,25,HR,Associate,Seattle,52293.49,295.82,2022-08-24,0,76.2,melissa.martin@company.com,(509) 733-9695,Active
EMP011799,Nicole,Taylor,Nicole Taylor,29,Operations,Director,San Francisco,48107.02,1772.53,2022-02-24,6,63.5,nicole.taylor@company.com,(426) 631-3644,Active
EMP011800,Melissa,Martin,Melissa Martin,25,IT,Senior Developer,Austin,106801.03,19388.9,2020-07-17,3,90.8,melissa.martin@company.com,(702) 690-4249,Active
EMP011801,James,Lopez,James Lopez,52,IT,Associate,Austin,112831.32,14983.1,2023-03-13,27,71.6,james.lopez@company.com,(413) 462-8878,Active
EMP011802,Anthony,Rodriguez,Anthony Rodriguez,27,Finance,Director,New York,83731.91,8357.05,2021-02-24,2,51.7,anthony.rodriguez@company.com,(449) 627-8431,Active
EMP011803,Christopher,Brown,Christopher Brown,38,HR,Associate,Miami,54611.63,8784.16,2020-05-19,15,69.4,christopher.brown@company.com,(263) 429-6268,Active
EMP011804,Robert,Williams,Robert Williams,55,Engineering,Analyst,Miami,85125.29,6119.62,2024-10-21,30,80.4,robert.williams@company.com,(805) 679-1011,Active
EMP011805,Jane,Davis,Jane Davis,23,HR,Manager,Seattle,45980.11,6797.09,2021-05-02,0,82.3,jane.davis@company.com,(686) 400-7573,Active
EMP011806,Michael,Moore,Michael Moore,54,Engineering,Associate,San Francisco,116122.58,8545.62,2020-10-22,27,46.1,michael.moore@company.com,(359) 618-1205,Active
EMP011807,Nicole,Williams,Nicole Williams,58,Operations,Senior Developer,Boston,77879.79,10947.28,2022-11-24,31,58.9,nicole.williams@company.com,(647) 661-7363,Active
EMP011808,Melissa,Martinez,Melissa Martinez,63,Operations,Director,San Francisco,64529.27,9495.68,2021-07-08,39,100.0,melissa.martinez@company.com,(967) 821-6610,Active
EMP011809,Nicole,Jones,Nicole Jones,26,Legal,Analyst,Austin,85462.27,2840.31,2021-03-01,0,56.2,nicole.jones@company.com,(669) 656-7897,Active
EMP011810,Nicole,Davis,Nicole Davis,53,Marketing,Associate,Los Angeles,69290.31,9203.1,2020-12-18,25,99.9,nicole.davis@company.com,(324) 928-5602,Active
EMP011811,Michael,Smith,Michael Smith,63,IT,Manager,Boston,125843.11,11005.94,2023-08-19,41,85.2,michael.smith@company.com,(922) 750-3943,Active
EMP011812,Daniel,Garcia,Daniel Garcia,41,IT,Lead,Los Angeles,106876.49,11791.62,2022-08-25,16,81.9,daniel.garcia@company.com,(493) 539-7876,Active
EMP011813,Matthew,Jackson,Matthew Jackson,48,IT,Director,New York,52412.51,7012.01,2024-05-24,23,82.5,matthew.jackson@company.com,(955) 868-4366,Active
EMP011814,Robert,Rodriguez,Robert Rodriguez,39,HR,Coordinator,Miami,87605.29,0.0,2020-12-07,10,79.8,robert.rodriguez@company.com,(436) 397-7960,Active
EMP011815,Lisa,Anderson,Lisa Anderson,61,Sales,Specialist,Miami,88210.46,7822.64,2022-01-26,39,65.4,lisa.anderson@company.com,(204) 435-4641,Inactive
EMP011816,Melissa,Williams,Melissa Williams,54,Legal,Analyst,Miami,112544.13,13093.41,2022-04-24,25,67.2,melissa.williams@company.com,(586) 829-2589,Active
EMP011817,Ashley,Gonzalez,Ashley Gonzalez,27,Marketing,Manager,Chicago,80909.52,11590.23,2021-11-28,5,56.0,ashley.gonzalez@company.com,(843) 629-2827,Active
EMP011818,Anthony,Taylor,Anthony Taylor,51,Engineering,Lead,Austin,78000.28,13119.44,2022-01-21,26,67.1,anthony.taylor@company.com,(994) 350-4626,Active
EMP011819,Jane,Davis,Jane Davis,62,HR,Senior Developer,San Francisco,98601.97,8588.29,2020-02-21,36,88.2,jane.davis@company.com,(349) 592-5127,Active
EMP011820,Sarah,Thomas,Sarah Thomas,28,Operations,Coordinator,Chicago,66847.43,2278.97,2024-11-30,0,75.7,sarah.thomas@company.com,(347) 384-3627,Active
EMP011821,Anthony,Williams,Anthony Williams,29,Sales,Manager,Seattle,67188.78,11256.52,2020-01-10,4,65.0,anthony.williams@company.com,(337) 568-3415,Active
EMP011822,William,Miller,William Miller,33,Finance,Specialist,Los Angeles,72864.19,9477.81,2024-08-07,8,51.1,william.miller@company.com,(748) 864-3046,Active
EMP011823,Matthew,Rodriguez,Matthew Rodriguez,48,Marketing,Associate,Boston,79666.43,4721.36,2021-03-16,19,86.9,matthew.rodriguez@company.com,(655) 924-8554,Active
EMP011824,Jessica,Moore,Jessica Moore,23,Engineering,Analyst,Boston,74481.99,8687.1,2023-02-03,0,75.1,jessica.moore@company.com,(551) 205-7682,Active
EMP011825,Nicole,Gonzalez,Nicole Gonzalez,35,Operations,Manager,San Francisco,48340.27,7469.48,2020-09-14,7,66.0,nicole.gonzalez@company.com,(996) 888-5743,Active
EMP011826,Emily,Davis,Emily Davis,59,Marketing,Lead,Austin,93934.63,9849.28,2022-07-05,35,75.8,emily.davis@company.com,(632) 788-4834,Active
EMP011827,Lisa,Taylor,Lisa Taylor,39,Engineering,Analyst,Los Angeles,108103.75,10286.84,2020-05-15,13,60.4,lisa.taylor@company.com,(419) 351-6959,Inactive
EMP011828,Michael,Anderson,Michael Anderson,26,Engineering,Coordinator,San Francisco,81561.94,11594.61,2023-03-27,0,71.8,michael.anderson@company.com,(886) 422-2085,On Leave
EMP011829,Ashley,Martin,Ashley Martin,32,HR,Manager,Miami,73619.23,6687.81,2022-12-23,8,86.5,ashley.martin@company.com,(566) 224-8691,Active
EMP011830,Jane,Smith,Jane Smith,64,Finance,Coordinator,San Francisco,81660.95,7741.54,2022-10-09,38,100.0,jane.smith@company.com,(388) 347-2541,On Leave
EMP011831,Stephanie,Martin,Stephanie Martin,55,HR,Manager,San Francisco,74433.23,6157.29,2020-12-10,33,75.7,stephanie.martin@company.com,(324) 224-3674,Active
EMP011832,Matthew,Hernandez,Matthew Hernandez,42,Marketing,Lead,Austin,79209.18,10189.13,2023-05-18,20,71.0,matthew.hernandez@company.com,(302) 765-6998,Active
EMP011833,Stephanie,Anderson,Stephanie Anderson,57,Finance,Lead,Chicago,84666.93,10213.02,2020-11-21,30,63.7,stephanie.anderson@company.com,(282) 847-8369,Active
EMP011834,Matthew,Jones,Matthew Jones,57,Operations,Lead,New York,67968.05,6684.55,2021-11-09,32,98.7,matthew.jones@company.com,(426) 371-1160,Active
EMP011835,Nicole,Williams,Nicole Williams,28,Operations,Lead,Austin,80837.37,18103.29,2021-03-01,5,56.7,nicole.williams@company.com,(474) 249-2948,Active
EMP011836,Robert,Davis,Robert Davis,32,Operations,Specialist,Miami,73010.65,8260.95,2023-08-17,10,65.4,robert.davis@company.com,(622) 537-4410,Active
EMP011837,Stephanie,Lopez,Stephanie Lopez,65,Marketing,Coordinator,New York,89731.53,0.0,2024-12-27,36,62.7,stephanie.lopez@company.com,(966) 451-1612,Active
EMP011838,William,Hernandez,William Hernandez,36,Engineering,Lead,Seattle,83689.21,6836.49,2020-02-28,11,98.9,william.hernandez@company.com,(788) 363-9863,Active
EMP011839,Anthony,Miller,Anthony Miller,49,Engineering,Lead,Boston,103867.0,7101.29,2022-01-07,20,79.7,anthony.miller@company.com,(523) 804-6841,Active
EMP011840,Michael,Jones,Michael Jones,48,Sales,Associate,Chicago,67287.7,5741.03,2024-08-11,24,76.1,michael.jones@company.com,(884) 796-9943,Active
EMP011841,Jane,Garcia,Jane Garcia,26,Operations,Analyst,Seattle,80195.67,0.0,2020-04-05,0,87.6,jane.garcia@company.com,(219) 429-2399,Active
EMP011842,Melissa,Taylor,Melissa Taylor,58,Engineering,Coordinator,San Francisco,130315.39,9710.06,2022-03-25,35,58.0,melissa.taylor@company.com,(285) 613-5138,Active
EMP011843,Sarah,Miller,Sarah Miller,52,Sales,Manager,Seattle,92866.36,10183.82,2021-02-14,23,78.6,sarah.miller@company.com,(332) 719-3410,Active
EMP011844,Ashley,Jones,Ashley Jones,61,Legal,Senior Developer,Miami,114850.74,16224.79,2020-03-12,36,66.2,ashley.jones@company.com,(712) 489-7971,Active
EMP011845,William,Jones,William Jones,56,Operations,Associate,San Francisco,69355.84,12319.56,2023-01-14,27,95.0,william.jones@company.com,(419) 957-2659,Active
EMP011846,Nicole,Martinez,Nicole Martinez,29,IT,Associate,Boston,63694.0,6307.94,2023-10-22,5,66.9,nicole.martinez@company.com,(471) 843-3991,Active
EMP011847,Ashley,Lopez,Ashley Lopez,35,Finance,Specialist,Boston,65256.52,5164.31,2020-06-25,10,78.8,ashley.lopez@company.com,(922) 821-2343,Active
EMP011848,James,Martinez,James Martinez,49,Operations,Analyst,Seattle,68054.15,4127.12,2021-01-17,21,62.2,james.martinez@company.com,(653) 344-7562,Active
EMP011849,Jessica,Jones,Jessica Jones,60,Finance,Coordinator,Austin,96953.38,7930.34,2023-03-05,34,42.5,jessica.jones@company.com,(798) 866-9241,Active
EMP011850,Jane,Williams,Jane Williams,42,Legal,Senior Developer,Miami,68343.33,7252.37,2020-09-09,20,61.6,jane.williams@company.com,(484) 643-8340,Active
EMP011851,Christopher,Hernandez,Christopher Hernandez,45,Legal,Lead,Austin,76767.87,4382.07,2020-12-28,17,83.7,christopher.hernandez@company.com,(928) 952-2708,Active
EMP011852,Melissa,Thomas,Melissa Thomas,60,HR,Coordinator,Boston,88598.15,18062.16,2023-11-03,31,76.4,melissa.thomas@company.com,(209) 719-5528,Active
EMP011853,Lisa,Davis,Lisa Davis,35,IT,Associate,Seattle,84538.7,11286.63,2022-02-18,12,89.9,lisa.davis@company.com,(825) 615-1630,Active
EMP011854,Melissa,Martinez,Melissa Martinez,39,Engineering,Associate,Los Angeles,93259.89,11499.17,2022-05-17,15,79.3,melissa.martinez@company.com,(387) 357-5088,Active
EMP011855,Stephanie,Jones,Stephanie Jones,39,Legal,Coordinator,San Francisco,69676.97,3281.44,2020-08-29,10,87.8,stephanie.jones@company.com,(927) 941-5300,Active
EMP011856,Lisa,Williams,Lisa Williams,30,Legal,Associate,Miami,89047.37,11283.51,2023-12-16,8,86.7,lisa.williams@company.com,(203) 206-4412,Active
EMP011857,Stephanie,Brown,Stephanie Brown,44,Legal,Senior Developer,Los Angeles,124427.25,11462.85,2020-03-15,18,82.0,stephanie.brown@company.com,(627) 935-5102,Active
EMP011858,Ashley,Rodriguez,Ashley Rodriguez,44,Sales,Analyst,Los Angeles,97793.73,11933.97,2024-07-20,21,76.2,ashley.rodriguez@company.com,(406) 873-9571,Active
EMP011859,David,Martin,David Martin,25,Engineering,Analyst,Seattle,96862.75,9025.87,2024-02-09,0,83.4,david.martin@company.com,(300) 489-1921,Inactive
EMP011860,John,Brown,John Brown,29,Legal,Director,Seattle,84890.38,3819.0,2022-12-11,0,62.7,john.brown@company.com,(422) 635-2463,Active
EMP011861,Matthew,Brown,Matthew Brown,35,HR,Lead,Chicago,85061.16,19107.66,2023-08-10,10,78.0,matthew.brown@company.com,(493) 841-9535,On Leave
EMP011862,Melissa,Miller,Melissa Miller,33,Engineering,Associate,Seattle,105423.04,6280.78,2023-12-23,10,69.4,melissa.miller@company.com,(424) 690-6028,Active
EMP011863,Robert,Rodriguez,Robert Rodriguez,24,HR,Lead,Boston,61169.63,6951.72,2022-04-21,0,79.1,robert.rodriguez@company.com,(207) 580-5275,Active
EMP011864,Michael,Lopez,Michael Lopez,48,Engineering,Coordinator,Austin,109404.81,7469.9,2021-05-19,25,77.7,michael.lopez@company.com,(811) 456-4116,Active
EMP011865,Matthew,Rodriguez,Matthew Rodriguez,30,Sales,Coordinator,Seattle,62137.21,2932.38,2022-04-24,3,61.0,matthew.rodriguez@company.com,(420) 971-9031,Inactive
EMP011866,Jane,Anderson,Jane Anderson,51,Finance,Senior Developer,Boston,101482.15,8571.11,2021-12-06,29,77.3,jane.anderson@company.com,(846) 835-7548,Active
EMP011867,Daniel,Davis,Daniel Davis,23,Sales,Coordinator,Miami,64494.75,5060.74,2024-04-04,0,100.0,daniel.davis@company.com,(302) 502-8182,Active
EMP011868,Sarah,Garcia,Sarah Garcia,51,Marketing,Associate,Los Angeles,84601.08,8871.46,2021-11-28,23,43.5,sarah.garcia@company.com,(276) 642-2561,Active
EMP011869,Jane,Williams,Jane Williams,36,HR,Associate,New York,79183.47,5485.24,2021-04-27,8,70.4,jane.williams@company.com,(600) 216-4108,Active
EMP011870,Matthew,Jones,Matthew Jones,65,Sales,Analyst,New York,109124.14,15981.62,2021-03-24,37,84.6,matthew.jones@company.com,(591) 743-2511,Active
EMP011871,Emily,Thomas,Emily Thomas,62,Legal,Lead,Boston,95061.16,917.64,2023-04-29,35,60.3,emily.thomas@company.com,(213) 868-7264,Active
EMP011872,Robert,Jones,Robert Jones,23,Engineering,Coordinator,San Francisco,63793.74,7587.16,2024-07-15,0,64.5,robert.jones@company.com,(363) 281-6437,Active
EMP011873,James,Gonzalez,James Gonzalez,31,Finance,Manager,Los Angeles,76374.38,11354.49,2024-08-23,3,77.6,james.gonzalez@company.com,(900) 799-3323,Active
EMP011874,James,Lopez,James Lopez,62,HR,Analyst,Chicago,80691.92,5945.52,2021-01-03,38,73.8,james.lopez@company.com,(715) 590-5181,Active
EMP011875,Sarah,Rodriguez,Sarah Rodriguez,34,Sales,Specialist,Austin,81341.86,7548.01,2022-04-04,12,71.6,sarah.rodriguez@company.com,(640) 788-6497,Active
EMP011876,John,Taylor,John Taylor,37,Finance,Specialist,San Francisco,88060.82,17789.51,2023-08-16,14,60.5,john.taylor@company.com,(430) 593-1762,Active
EMP011877,Ashley,Miller,Ashley Miller,36,Engineering,Analyst,Austin,102718.52,16402.85,2022-06-17,11,94.2,ashley.miller@company.com,(519) 413-6909,Active
EMP011878,Robert,Martinez,Robert Martinez,40,Engineering,Director,New York,64032.05,10412.95,2024-03-30,16,90.9,robert.martinez@company.com,(225) 755-5067,Active
EMP011879,Jane,Martinez,Jane Martinez,39,Engineering,Associate,Boston,75169.5,2877.78,2020-10-01,15,58.4,jane.martinez@company.com,(541) 738-5132,Active
EMP011880,Ashley,Hernandez,Ashley Hernandez,59,Operations,Senior Developer,Austin,74643.71,7665.6,2023-06-25,31,93.9,ashley.hernandez@company.com,(246) 578-6696,Active
EMP011881,Lisa,Moore,Lisa Moore,27,Sales,Director,Boston,40866.12,1499.52,2024-10-10,5,72.6,lisa.moore@company.com,(932) 516-5161,Active
EMP011882,Ashley,Moore,Ashley Moore,51,Operations,Manager,New York,63649.65,3833.21,2022-08-09,24,89.4,ashley.moore@company.com,(329) 687-5505,Inactive
EMP011883,Amanda,Jackson,Amanda Jackson,31,Sales,Associate,Los Angeles,56417.52,8656.1,2020-01-22,8,74.4,amanda.jackson@company.com,(860) 719-6049,Active
EMP011884,Sarah,Martinez,Sarah Martinez,47,Finance,Lead,New York,80774.08,1482.5,2021-09-28,19,81.9,sarah.martinez@company.com,(230) 539-3840,Inactive
EMP011885,Amanda,Anderson,Amanda Anderson,37,Marketing,Senior Developer,Boston,76580.59,6880.38,2024-02-28,13,100.0,amanda.anderson@company.com,(445) 219-1171,Active
EMP011886,Robert,Anderson,Robert Anderson,45,Operations,Specialist,Chicago,58239.34,4276.42,2024-04-20,21,82.9,robert.anderson@company.com,(529) 540-9584,Active
EMP011887,James,Davis,James Davis,48,Marketing,Analyst,Los Angeles,74317.29,2643.12,2021-04-04,19,79.4,james.davis@company.com,(957) 851-8509,Active
EMP011888,Michael,Garcia,Michael Garcia,27,Legal,Senior Developer,Boston,49912.97,7352.69,2023-05-18,0,83.5,michael.garcia@company.com,(954) 796-4897,Active
EMP011889,Amanda,Taylor,Amanda Taylor,60,Finance,Associate,San Francisco,111385.52,16610.83,2024-05-18,33,71.8,amanda.taylor@company.com,(412) 524-7760,Active
EMP011890,Anthony,Lopez,Anthony Lopez,29,IT,Coordinator,San Francisco,63584.38,7265.17,2020-06-11,0,82.9,anthony.lopez@company.com,(244) 823-1213,Active
EMP011891,David,Jones,David Jones,37,Finance,Director,Miami,66145.87,13104.05,2020-02-19,8,71.3,david.jones@company.com,(693) 482-9772,Active
EMP011892,Daniel,Gonzalez,Daniel Gonzalez,54,Sales,Director,New York,103825.92,10457.02,2021-01-18,26,60.2,daniel.gonzalez@company.com,(486) 689-2491,Active
EMP011893,James,Gonzalez,James Gonzalez,59,Operations,Manager,Los Angeles,59372.81,3411.49,2022-11-26,33,61.3,james.gonzalez@company.com,(938) 765-4000,Active
EMP011894,James,Brown,James Brown,44,IT,Manager,Miami,86588.19,8349.98,2023-04-23,17,75.9,james.brown@company.com,(366) 566-8180,Active
EMP011895,Jessica,Martinez,Jessica Martinez,24,Legal,Senior Developer,Boston,48738.04,5895.42,2022-03-26,2,77.7,jessica.martinez@company.com,(327) 950-9066,Active
EMP011896,Melissa,Williams,Melissa Williams,36,HR,Coordinator,Austin,52256.39,0.0,2021-01-15,11,92.5,melissa.williams@company.com,(738) 221-9743,Active
EMP011897,Anthony,Brown,Anthony Brown,44,Legal,Lead,Seattle,85327.23,5303.6,2024-05-27,16,63.4,anthony.brown@company.com,(208) 595-7039,Active
EMP011898,Daniel,Martin,Daniel Martin,61,IT,Analyst,San Francisco,99903.08,6558.73,2021-05-30,39,67.2,daniel.martin@company.com,(848) 969-3763,Active
EMP011899,John,Miller,John Miller,24,Marketing,Manager,San Francisco,64296.1,1621.39,2020-07-23,0,78.8,john.miller@company.com,(886) 586-2430,Active
EMP011900,Michael,Brown,Michael Brown,53,Legal,Specialist,Los Angeles,91480.23,6167.66,2021-10-07,27,75.0,michael.brown@company.com,(881) 369-9108,Active
EMP011901,Robert,Smith,Robert Smith,41,IT,Manager,Boston,77520.25,8315.97,2020-03-13,14,93.6,robert.smith@company.com,(508) 987-1574,Active
EMP011902,Stephanie,Martinez,Stephanie Martinez,34,Operations,Lead,San Francisco,52334.71,3619.01,2023-07-16,12,65.5,stephanie.martinez@company.com,(946) 834-8396,Active
EMP011903,Matthew,Jones,Matthew Jones,46,Marketing,Senior Developer,Seattle,95753.54,14944.82,2021-07-17,21,85.9,matthew.jones@company.com,(219) 633-2402,Active
EMP011904,Robert,Williams,Robert Williams,25,Finance,Specialist,Chicago,66408.2,3397.14,2020-07-01,0,74.7,robert.williams@company.com,(927) 441-1363,Inactive
EMP011905,Matthew,Jackson,Matthew Jackson,27,Legal,Director,Miami,53191.85,2945.34,2024-05-21,0,100.0,matthew.jackson@company.com,(310) 365-7316,Active
EMP011906,Jane,Anderson,Jane Anderson,47,Operations,Manager,Seattle,51873.64,1754.5,2022-05-05,24,83.2,jane.anderson@company.com,(938) 434-2773,Active
EMP011907,David,Hernandez,David Hernandez,23,Operations,Senior Developer,Boston,25500.0,1930.14,2020-09-08,0,65.4,david.hernandez@company.com,(788) 675-3797,Active
EMP011908,Sarah,Anderson,Sarah Anderson,22,Marketing,Analyst,Miami,63823.51,6149.94,2020-01-30,0,55.6,sarah.anderson@company.com,(597) 575-6754,Active
EMP011909,Lisa,Martinez,Lisa Martinez,40,Legal,Associate,Austin,95845.49,4283.32,2021-02-03,17,87.5,lisa.martinez@company.com,(634) 346-1876,Active
EMP011910,Sarah,Miller,Sarah Miller,23,IT,Analyst,Miami,78240.48,11831.18,2021-10-25,0,86.6,sarah.miller@company.com,(385) 875-9947,Inactive
EMP011911,Sarah,Moore,Sarah Moore,35,Legal,Specialist,New York,90018.72,3311.5,2022-01-30,11,45.5,sarah.moore@company.com,(258) 927-4203,Active
EMP011912,Melissa,Martinez,Melissa Martinez,45,Engineering,Specialist,Austin,102756.91,11808.66,2022-09-06,20,90.8,melissa.martinez@company.com,(587) 424-4176,Active
EMP011913,Daniel,Lopez,Daniel Lopez,34,Finance,Director,Austin,80513.98,11586.29,2021-03-29,8,91.0,daniel.lopez@company.com,(268) 645-7709,Active
EMP011914,Jessica,Moore,Jessica Moore,22,Marketing,Coordinator,New York,40654.79,4418.67,2020-11-12,0,93.5,jessica.moore@company.com,(708) 259-1144,Inactive
EMP011915,Jane,Moore,Jane Moore,37,IT,Associate,Miami,63344.74,8735.5,2023-11-26,9,66.5,jane.moore@company.com,(516) 442-7779,Active
EMP011916,William,Taylor,William Taylor,29,Marketing,Coordinator,Boston,50541.64,6839.15,2020-09-03,0,90.2,william.taylor@company.com,(783) 309-2266,Active
EMP011917,Nicole,Jackson,Nicole Jackson,26,Sales,Manager,San Francisco,76342.84,11921.58,2023-10-22,3,66.7,nicole.jackson@company.com,(537) 786-5036,Active
EMP011918,Melissa,Taylor,Melissa Taylor,48,HR,Senior Developer,New York,94711.26,234.07,2022-04-11,24,69.8,melissa.taylor@company.com,(379) 809-9381,Active
EMP011919,Daniel,Thomas,Daniel Thomas,61,Finance,Director,Seattle,107795.02,2874.86,2020-02-08,35,87.2,daniel.thomas@company.com,(950) 673-6779,Active
EMP011920,Amanda,Taylor,Amanda Taylor,39,Finance,Analyst,Boston,62615.59,6920.46,2024-02-01,11,95.1,amanda.taylor@company.com,(423) 322-4919,Active
EMP011921,John,Rodriguez,John Rodriguez,24,Marketing,Senior Developer,Boston,72799.22,5270.75,2024-03-13,1,66.1,john.rodriguez@company.com,(534) 750-9004,Active
EMP011922,Lisa,Anderson,Lisa Anderson,32,Legal,Analyst,Chicago,133769.8,7121.17,2021-03-14,8,68.6,lisa.anderson@company.com,(533) 718-3014,Active
EMP011923,Jane,Martin,Jane Martin,64,Marketing,Coordinator,Los Angeles,110838.28,0.0,2020-06-09,36,89.2,jane.martin@company.com,(276) 922-3256,Active
EMP011924,Ashley,Lopez,Ashley Lopez,25,HR,Coordinator,San Francisco,40526.36,2091.21,2024-01-07,0,75.3,ashley.lopez@company.com,(675) 856-1480,Active
EMP011925,Jessica,Jackson,Jessica Jackson,38,Engineering,Specialist,New York,84423.41,6186.17,2022-04-03,12,94.3,jessica.jackson@company.com,(939) 462-6508,Active
EMP011926,Melissa,Moore,Melissa Moore,60,Legal,Specialist,Boston,96378.11,14240.09,2022-03-21,33,57.9,melissa.moore@company.com,(505) 211-4550,Inactive
EMP011927,John,Davis,John Davis,61,Legal,Lead,Chicago,90154.86,11737.43,2022-04-25,34,70.5,john.davis@company.com,(588) 422-8370,Inactive
EMP011928,Lisa,Jackson,Lisa Jackson,37,Finance,Analyst,Austin,55869.63,10377.05,2023-11-06,8,88.4,lisa.jackson@company.com,(858) 263-7813,On Leave
EMP011929,Anthony,Martinez,Anthony Martinez,31,Legal,Specialist,New York,52934.46,8137.27,2024-10-13,8,72.3,anthony.martinez@company.com,(211) 523-9775,Active
EMP011930,Daniel,Miller,Daniel Miller,49,Legal,Coordinator,Seattle,87679.5,5006.04,2024-05-21,27,64.6,daniel.miller@company.com,(837) 318-3867,Active
EMP011931,David,Williams,David Williams,37,Engineering,Specialist,San Francisco,68283.83,4347.97,2023-05-20,11,64.2,david.williams@company.com,(273) 615-9839,Active
EMP011932,James,Anderson,James Anderson,43,Finance,Analyst,Chicago,81788.58,9535.32,2020-09-25,20,80.0,james.anderson@company.com,(242) 207-9939,Active
EMP011933,Sarah,Gonzalez,Sarah Gonzalez,62,IT,Coordinator,Seattle,118175.73,17980.24,2024-08-23,40,81.3,sarah.gonzalez@company.com,(674) 466-7242,Inactive
EMP011934,Melissa,Garcia,Melissa Garcia,26,Sales,Coordinator,Boston,62097.28,2345.58,2021-07-27,1,60.0,melissa.garcia@company.com,(722) 688-3199,Active
EMP011935,Lisa,Garcia,Lisa Garcia,51,Finance,Lead,Los Angeles,88362.61,2774.04,2021-04-08,26,90.3,lisa.garcia@company.com,(943) 661-6776,Active
EMP011936,Stephanie,Anderson,Stephanie Anderson,40,Finance,Coordinator,Miami,67485.53,6539.17,2020-02-18,16,63.6,stephanie.anderson@company.com,(713) 728-3202,Active
EMP011937,Christopher,Garcia,Christopher Garcia,47,Sales,Coordinator,Los Angeles,77410.46,4683.77,2023-07-12,22,48.8,christopher.garcia@company.com,(682) 233-1836,Active
EMP011938,Robert,Brown,Robert Brown,47,Sales,Analyst,Austin,84772.17,9634.23,2022-08-29,21,71.9,robert.brown@company.com,(375) 390-4964,Inactive
EMP011939,Melissa,Hernandez,Melissa Hernandez,27,Operations,Director,San Francisco,31203.48,0.0,2021-08-01,5,70.5,melissa.hernandez@company.com,(767) 375-9120,Active
EMP011940,Daniel,Wilson,Daniel Wilson,58,Finance,Lead,San Francisco,101319.15,9764.0,2020-01-17,34,67.3,daniel.wilson@company.com,(691) 252-8005,Inactive
EMP011941,Anthony,Anderson,Anthony Anderson,46,IT,Manager,Seattle,90636.3,12456.16,2022-09-28,17,82.5,anthony.anderson@company.com,(712) 337-4966,Active
EMP011942,Christopher,Anderson,Christopher Anderson,52,Sales,Specialist,Austin,77707.03,6182.02,2020-03-25,30,74.3,christopher.anderson@company.com,(836) 577-1720,Inactive
EMP011943,David,Wilson,David Wilson,60,Finance,Lead,San Francisco,103994.67,10026.89,2024-08-17,37,62.0,david.wilson@company.com,(391) 424-9742,On Leave
EMP011944,Christopher,Jackson,Christopher Jackson,27,IT,Senior Developer,Los Angeles,93749.43,4646.1,2021-12-07,0,68.8,christopher.jackson@company.com,(814) 373-1474,Active
EMP011945,Ashley,Garcia,Ashley Garcia,26,HR,Senior Developer,Chicago,55617.31,4686.77,2023-02-14,2,62.3,ashley.garcia@company.com,(252) 764-2807,Active
EMP011946,Sarah,Gonzalez,Sarah Gonzalez,36,IT,Associate,New York,53969.54,4889.26,2023-08-17,13,72.6,sarah.gonzalez@company.com,(517) 893-9540,Active
EMP011947,Jessica,Martin,Jessica Martin,29,HR,Analyst,Chicago,57598.61,2167.13,2021-02-01,6,71.1,jessica.martin@company.com,(509) 785-8404,Active
EMP011948,Daniel,Jackson,Daniel Jackson,49,Engineering,Specialist,Austin,91135.18,7803.66,2023-10-20,27,79.7,daniel.jackson@company.com,(698) 242-9641,Active
EMP011949,Ashley,Garcia,Ashley Garcia,27,IT,Analyst,New York,37559.16,1019.46,2020-03-11,3,72.1,ashley.garcia@company.com,(453) 465-5093,Active
EMP011950,Jessica,Miller,Jessica Miller,31,Engineering,Associate,Boston,87650.14,7033.24,2022-10-21,5,95.5,jessica.miller@company.com,(948) 344-3021,Active
EMP011951,Sarah,Johnson,Sarah Johnson,41,Marketing,Senior Developer,Austin,49193.54,2697.76,2020-03-18,13,98.4,sarah.johnson@company.com,(440) 897-9928,Inactive
EMP011952,Matthew,Gonzalez,Matthew Gonzalez,46,Sales,Associate,Austin,85644.1,6248.04,2021-08-04,22,82.5,matthew.gonzalez@company.com,(798) 324-4737,On Leave
EMP011953,Robert,Gonzalez,Robert Gonzalez,46,Finance,Analyst,New York,110270.04,11932.84,2020-11-27,18,67.2,robert.gonzalez@company.com,(261) 718-3567,Active
EMP011954,Lisa,Williams,Lisa Williams,27,Engineering,Analyst,New York,67731.92,10806.01,2022-05-09,2,46.4,lisa.williams@company.com,(378) 942-4848,Active
EMP011955,Michael,Jones,Michael Jones,37,IT,Coordinator,Miami,100526.75,0.0,2023-08-01,9,89.8,michael.jones@company.com,(443) 613-3260,Active
EMP011956,Daniel,Taylor,Daniel Taylor,30,Finance,Associate,Boston,55651.77,5119.1,2020-09-09,6,90.9,daniel.taylor@company.com,(362) 772-8253,Inactive
EMP011957,Anthony,Martin,Anthony Martin,22,Sales,Associate,Miami,52500.33,7513.2,2024-12-14,0,66.3,anthony.martin@company.com,(244) 646-8070,Active
EMP011958,Amanda,Rodriguez,Amanda Rodriguez,42,Marketing,Senior Developer,New York,63369.64,3527.66,2020-08-20,18,79.6,amanda.rodriguez@company.com,(684) 880-4356,Active
EMP011959,Lisa,Jones,Lisa Jones,58,Sales,Associate,Seattle,97364.61,2982.01,2024-11-07,29,74.7,lisa.jones@company.com,(327) 288-3024,Active
EMP011960,Matthew,Miller,Matthew Miller,38,Sales,Specialist,Austin,53762.98,132.29,2020-12-09,11,70.9,matthew.miller@company.com,(873) 432-2930,Active
EMP011961,Jane,Wilson,Jane Wilson,57,Sales,Specialist,New York,81199.82,0.0,2023-07-09,33,82.3,jane.wilson@company.com,(963) 405-3601,Active
EMP011962,Sarah,Garcia,Sarah Garcia,34,Engineering,Specialist,San Francisco,83881.68,7884.69,2022-12-17,11,78.6,sarah.garcia@company.com,(677) 984-4732,Active
EMP011963,Ashley,Gonzalez,Ashley Gonzalez,45,Marketing,Lead,Boston,66286.77,9585.91,2023-09-23,21,73.1,ashley.gonzalez@company.com,(486) 217-2976,Active
EMP011964,Sarah,Thomas,Sarah Thomas,28,Sales,Director,Seattle,63180.04,6385.0,2022-01-05,1,56.3,sarah.thomas@company.com,(607) 353-9211,Active
EMP011965,Michael,Lopez,Michael Lopez,36,Finance,Director,New York,51425.01,4823.36,2021-12-01,11,85.6,michael.lopez@company.com,(643) 421-1705,Active
EMP011966,Ashley,Lopez,Ashley Lopez,33,Sales,Specialist,Los Angeles,41701.57,1227.39,2023-06-07,7,81.8,ashley.lopez@company.com,(751) 883-8968,Active
EMP011967,William,Wilson,William Wilson,32,Finance,Manager,Miami,50513.23,3173.6,2022-04-08,6,81.3,william.wilson@company.com,(989) 334-7118,Active
EMP011968,Michael,Martinez,Michael Martinez,55,Operations,Manager,Austin,79208.69,15137.57,2023-07-03,26,78.9,michael.martinez@company.com,(277) 721-5634,Inactive
EMP011969,Nicole,Taylor,Nicole Taylor,35,Marketing,Analyst,Seattle,51500.27,3556.92,2020-05-14,11,89.4,nicole.taylor@company.com,(274) 956-1373,Active
EMP011970,Jane,Jones,Jane Jones,43,HR,Senior Developer,Los Angeles,63882.38,5976.97,2024-01-31,17,52.7,jane.jones@company.com,(795) 525-7367,Inactive
EMP011971,Jessica,Gonzalez,Jessica Gonzalez,53,Finance,Specialist,Boston,76516.34,9144.15,2023-06-24,30,66.9,jessica.gonzalez@company.com,(523) 218-3207,Active
EMP011972,Sarah,Martinez,Sarah Martinez,33,Sales,Specialist,Los Angeles,52605.98,2932.34,2021-11-11,5,48.2,sarah.martinez@company.com,(841) 856-2410,Active
EMP011973,Emily,Lopez,Emily Lopez,63,Sales,Specialist,New York,101992.12,10166.94,2020-05-10,38,69.2,emily.lopez@company.com,(362) 351-8661,On Leave
EMP011974,Ashley,Brown,Ashley Brown,62,Finance,Manager,Seattle,88233.88,6032.67,2024-09-08,34,100.0,ashley.brown@company.com,(368) 368-2907,Active
EMP011975,Jane,Taylor,Jane Taylor,51,Sales,Senior Developer,San Francisco,57263.48,8794.84,2023-04-11,22,78.6,jane.taylor@company.com,(337) 904-2884,Active
EMP011976,Jane,Smith,Jane Smith,52,Engineering,Associate,San Francisco,92780.5,8605.84,2021-12-10,29,71.4,jane.smith@company.com,(978) 633-9373,Active
EMP011977,Christopher,Taylor,Christopher Taylor,27,HR,Specialist,Seattle,79936.79,4765.97,2024-10-31,1,47.4,christopher.taylor@company.com,(683) 726-8728,Active
EMP011978,Melissa,Anderson,Melissa Anderson,43,IT,Analyst,Miami,69384.35,6355.84,2022-09-04,15,65.9,melissa.anderson@company.com,(266) 924-1512,Active
EMP011979,Daniel,Taylor,Daniel Taylor,53,Operations,Lead,Austin,75374.53,7934.0,2022-04-27,26,87.7,daniel.taylor@company.com,(759) 392-7548,Active
EMP011980,Christopher,Taylor,Christopher Taylor,51,Finance,Analyst,Los Angeles,90701.87,14981.14,2021-01-10,28,90.8,christopher.taylor@company.com,(244) 684-7696,Active
EMP011981,Melissa,Anderson,Melissa Anderson,59,Finance,Specialist,Boston,96771.76,12474.72,2024-03-10,34,43.2,melissa.anderson@company.com,(350) 953-1445,Active
EMP011982,Melissa,Garcia,Melissa Garcia,24,HR,Coordinator,Los Angeles,46095.89,7246.06,2022-10-24,0,87.6,melissa.garcia@company.com,(663) 755-5526,Active
EMP011983,Nicole,Gonzalez,Nicole Gonzalez,62,Sales,Specialist,Austin,82735.32,18907.03,2020-03-05,35,70.9,nicole.gonzalez@company.com,(755) 846-3585,Active
EMP011984,Sarah,Smith,Sarah Smith,49,Engineering,Senior Developer,Chicago,89645.01,14897.43,2020-06-08,22,95.5,sarah.smith@company.com,(438) 644-1610,Active
EMP011985,Daniel,Taylor,Daniel Taylor,49,HR,Manager,Boston,48590.7,8378.17,2020-11-09,20,63.9,daniel.taylor@company.com,(651) 509-1093,Active
EMP011986,Ashley,Smith,Ashley Smith,35,Legal,Manager,Chicago,82770.6,1154.9,2021-09-25,6,74.4,ashley.smith@company.com,(702) 968-7354,Active
EMP011987,Amanda,Jackson,Amanda Jackson,52,Engineering,Coordinator,Chicago,114737.1,4077.21,2020-04-22,25,81.6,amanda.jackson@company.com,(643) 615-1751,Active
EMP011988,Lisa,Wilson,Lisa Wilson,27,Finance,Lead,Los Angeles,53142.22,2897.9,2023-01-15,2,64.5,lisa.wilson@company.com,(907) 354-7529,Active
EMP011989,Robert,Thomas,Robert Thomas,53,Finance,Lead,San Francisco,71227.82,5302.98,2024-12-27,28,92.1,robert.thomas@company.com,(979) 464-6405,Active
EMP011990,Anthony,Miller,Anthony Miller,64,Finance,Senior Developer,Boston,109309.7,3968.4,2021-08-01,36,77.0,anthony.miller@company.com,(435) 422-8644,Active
EMP011991,Amanda,Anderson,Amanda Anderson,31,Marketing,Analyst,San Francisco,80868.16,15167.77,2020-10-16,4,78.5,amanda.anderson@company.com,(619) 469-8551,Active
EMP011992,Ashley,Taylor,Ashley Taylor,33,Legal,Director,Los Angeles,71156.35,7846.97,2024-11-06,5,54.7,ashley.taylor@company.com,(350) 983-5269,Active
EMP011993,David,Rodriguez,David Rodriguez,26,Legal,Director,Seattle,50026.37,6966.31,2023-12-30,0,91.3,david.rodriguez@company.com,(749) 775-3555,Active
EMP011994,Anthony,Wilson,Anthony Wilson,53,HR,Manager,San Francisco,89313.6,6774.26,2020-08-15,25,100.0,anthony.wilson@company.com,(362) 430-5704,Active
EMP011995,Amanda,Martinez,Amanda Martinez,24,Marketing,Coordinator,Seattle,53817.66,9962.99,2021-12-08,0,54.1,amanda.martinez@company.com,(839) 355-7618,Active
EMP011996,Anthony,Martinez,Anthony Martinez,39,IT,Associate,Seattle,68847.37,10129.46,2023-01-23,12,73.7,anthony.martinez@company.com,(454) 428-9187,Active
EMP011997,Robert,Brown,Robert Brown,39,Sales,Senior Developer,Los Angeles,75735.48,11643.1,2021-05-25,10,92.2,robert.brown@company.com,(547) 771-2405,Inactive
EMP011998,Stephanie,Lopez,Stephanie Lopez,40,Sales,Lead,Seattle,70280.97,9450.98,2020-03-17,16,92.1,stephanie.lopez@company.com,(703) 274-1771,Active
EMP011999,Amanda,Hernandez,Amanda Hernandez,39,Operations,Manager,Seattle,61515.34,1024.88,2024-12-16,10,78.9,amanda.hernandez@company.com,(909) 887-8599,Active
EMP012000,Ashley,Moore,Ashley Moore,64,IT,Senior Developer,Miami,129402.71,18406.95,2023-02-17,39,59.0,ashley.moore@company.com,(405) 832-7482,Active
EMP012001,William,Williams,William Williams,47,IT,Lead,Chicago,87795.11,14348.11,2023-11-23,19,84.3,william.williams@company.com,(588) 388-3555,Active
EMP012002,Anthony,Martin,Anthony Martin,63,Sales,Associate,San Francisco,106578.75,5936.62,2024-08-26,38,76.0,anthony.martin@company.com,(626) 288-9264,Active
EMP012003,Nicole,Davis,Nicole Davis,55,Sales,Lead,San Francisco,66772.86,0.0,2023-07-31,29,82.2,nicole.davis@company.com,(480) 309-1395,Active
EMP012004,Ashley,Miller,Ashley Miller,48,HR,Associate,Chicago,65711.94,6820.39,2020-02-25,22,78.9,ashley.miller@company.com,(716) 616-3932,Active
EMP012005,Melissa,Moore,Melissa Moore,41,Legal,Manager,New York,68155.72,5288.1,2020-09-05,12,76.7,melissa.moore@company.com,(928) 908-1611,Active
EMP012006,Christopher,Davis,Christopher Davis,26,IT,Manager,New York,67664.72,3086.66,2022-01-18,0,81.6,christopher.davis@company.com,(379) 983-5923,Active
EMP012007,Anthony,Miller,Anthony Miller,29,HR,Manager,Boston,54592.35,6655.75,2023-06-23,1,96.3,anthony.miller@company.com,(201) 412-9220,Active
EMP012008,Amanda,Taylor,Amanda Taylor,57,IT,Coordinator,Chicago,75769.96,5077.44,2020-07-27,30,83.6,amanda.taylor@company.com,(261) 321-4765,Active
EMP012009,Amanda,Hernandez,Amanda Hernandez,60,Legal,Analyst,Austin,95402.65,7890.55,2024-06-03,32,81.9,amanda.hernandez@company.com,(684) 815-1711,Active
EMP012010,Melissa,Johnson,Melissa Johnson,23,Legal,Specialist,San Francisco,71930.73,6261.47,2024-06-05,0,66.2,melissa.johnson@company.com,(537) 943-9694,Active
EMP012011,Emily,Miller,Emily Miller,32,HR,Manager,Miami,49740.72,0.0,2021-03-01,9,62.4,emily.miller@company.com,(806) 227-6961,Active
EMP012012,Nicole,Smith,Nicole Smith,59,Legal,Manager,San Francisco,129150.41,9143.56,2020-08-29,36,60.8,nicole.smith@company.com,(562) 822-6425,Active
EMP012013,Sarah,Jackson,Sarah Jackson,64,Operations,Manager,Miami,83270.99,8442.76,2024-01-03,41,58.0,sarah.jackson@company.com,(419) 679-3620,Active
EMP012014,William,Smith,William Smith,33,Marketing,Specialist,Boston,56537.56,8375.63,2022-05-11,8,60.0,william.smith@company.com,(213) 599-5613,Inactive
EMP012015,Anthony,Davis,Anthony Davis,43,HR,Coordinator,Miami,93268.64,14116.06,2021-11-16,21,62.1,anthony.davis@company.com,(364) 264-6914,Active
EMP012016,Emily,Anderson,Emily Anderson,59,Legal,Director,San Francisco,110247.27,4402.65,2022-03-10,37,39.4,emily.anderson@company.com,(826) 856-8848,Active
EMP012017,Matthew,Rodriguez,Matthew Rodriguez,46,Operations,Director,San Francisco,47100.21,2135.69,2021-07-10,21,52.8,matthew.rodriguez@company.com,(295) 427-1512,Active
EMP012018,Robert,Gonzalez,Robert Gonzalez,63,HR,Associate,Austin,88411.17,10555.97,2023-09-26,35,81.1,robert.gonzalez@company.com,(438) 984-1132,Active
EMP012019,William,Rodriguez,William Rodriguez,63,IT,Coordinator,San Francisco,112562.06,14495.44,2022-02-01,34,75.7,william.rodriguez@company.com,(841) 586-4530,Active
EMP012020,Jane,Garcia,Jane Garcia,54,Legal,Manager,Miami,129322.55,22320.56,2020-11-22,26,92.2,jane.garcia@company.com,(532) 455-9192,Inactive
EMP012021,Amanda,Garcia,Amanda Garcia,28,Legal,Senior Developer,Los Angeles,89455.64,7526.14,2022-11-22,0,86.2,amanda.garcia@company.com,(483) 687-5793,Active
EMP012022,Emily,Anderson,Emily Anderson,29,Operations,Coordinator,New York,40827.37,3140.54,2020-02-26,6,74.9,emily.anderson@company.com,(846) 406-7904,Inactive
EMP012023,Lisa,Miller,Lisa Miller,58,IT,Analyst,San Francisco,75036.51,6314.42,2021-01-25,34,75.7,lisa.miller@company.com,(242) 278-8986,Active
EMP012024,Jane,Brown,Jane Brown,59,Marketing,Lead,New York,84827.07,8514.94,2023-11-03,34,77.4,jane.brown@company.com,(917) 667-3637,Active
EMP012025,Michael,Jones,Michael Jones,42,Marketing,Associate,Miami,61881.8,7631.39,2021-07-14,17,82.3,michael.jones@company.com,(354) 551-2282,Active
EMP012026,David,Wilson,David Wilson,28,Legal,Manager,Austin,77475.2,0.0,2023-10-30,0,61.3,david.wilson@company.com,(459) 313-4535,On Leave
EMP012027,Sarah,Garcia,Sarah Garcia,46,Marketing,Associate,Seattle,90596.72,2736.36,2020-07-14,22,88.2,sarah.garcia@company.com,(680) 494-7608,Active
EMP012028,Stephanie,Thomas,Stephanie Thomas,62,Sales,Manager,Los Angeles,83924.75,11782.44,2021-02-24,37,69.2,stephanie.thomas@company.com,(910) 539-7998,Active
EMP012029,Christopher,Williams,Christopher Williams,31,Operations,Associate,Seattle,40910.42,2791.96,2020-09-21,5,94.2,christopher.williams@company.com,(368) 728-9747,Active
EMP012030,Sarah,Martinez,Sarah Martinez,36,Sales,Analyst,Chicago,58518.06,7370.97,2022-08-02,7,87.0,sarah.martinez@company.com,(572) 589-7084,Active
EMP012031,Michael,Martin,Michael Martin,25,Operations,Manager,Miami,55474.38,6351.33,2020-06-16,2,45.4,michael.martin@company.com,(408) 401-6724,Active
EMP012032,Christopher,Thomas,Christopher Thomas,51,IT,Analyst,Seattle,105350.39,7077.95,2021-01-30,29,52.5,christopher.thomas@company.com,(998) 559-2156,Active
EMP012033,Amanda,Gonzalez,Amanda Gonzalez,23,Legal,Lead,Miami,79510.5,6452.91,2020-05-26,0,81.5,amanda.gonzalez@company.com,(510) 331-8621,Active
EMP012034,Melissa,Davis,Melissa Davis,26,Engineering,Senior Developer,Miami,100855.6,4024.01,2021-10-15,3,87.5,melissa.davis@company.com,(686) 477-3066,Active
EMP012035,Christopher,Martin,Christopher Martin,60,HR,Specialist,Seattle,77875.5,0.0,2021-12-15,32,63.9,christopher.martin@company.com,(872) 406-7341,Active
EMP012036,John,Hernandez,John Hernandez,24,Sales,Senior Developer,Austin,69353.78,7219.0,2020-02-29,1,73.1,john.hernandez@company.com,(304) 542-6661,Inactive
EMP012037,Christopher,Davis,Christopher Davis,57,Finance,Coordinator,San Francisco,74741.48,6537.45,2021-12-05,33,73.3,christopher.davis@company.com,(538) 322-3102,Active
EMP012038,Ashley,Garcia,Ashley Garcia,60,Marketing,Specialist,Los Angeles,79742.3,10443.82,2020-11-30,36,60.5,ashley.garcia@company.com,(753) 812-3749,Active
EMP012039,James,Williams,James Williams,24,IT,Coordinator,New York,66949.6,6325.6,2020-01-12,0,56.1,james.williams@company.com,(661) 466-2445,Active
EMP012040,John,Anderson,John Anderson,27,Marketing,Coordinator,Austin,50488.15,3641.98,2021-08-20,1,100.0,john.anderson@company.com,(369) 757-8235,Active
EMP012041,Matthew,Jones,Matthew Jones,57,HR,Specialist,New York,77208.63,13192.84,2023-11-20,35,84.7,matthew.jones@company.com,(353) 984-1538,Active
EMP012042,Michael,Smith,Michael Smith,60,HR,Specialist,San Francisco,62203.11,9120.62,2020-11-10,38,87.1,michael.smith@company.com,(327) 233-7279,Active
EMP012043,Lisa,Johnson,Lisa Johnson,38,HR,Coordinator,San Francisco,72642.74,416.0,2023-05-14,11,68.7,lisa.johnson@company.com,(536) 833-7643,Active
EMP012044,Jessica,Moore,Jessica Moore,38,Finance,Coordinator,Seattle,108267.25,18482.92,2022-09-30,11,77.0,jessica.moore@company.com,(876) 238-6129,Active
EMP012045,Lisa,Davis,Lisa Davis,65,Operations,Associate,San Francisco,80753.45,10477.69,2022-08-04,40,80.0,lisa.davis@company.com,(551) 219-1792,Active
EMP012046,Amanda,Wilson,Amanda Wilson,32,Sales,Associate,Los Angeles,62012.42,8224.21,2021-07-23,10,100.0,amanda.wilson@company.com,(768) 671-4462,Active
EMP012047,Robert,Jones,Robert Jones,63,Finance,Director,Chicago,74558.29,5507.4,2023-01-13,36,76.3,robert.jones@company.com,(730) 872-3707,Inactive
EMP012048,Amanda,Smith,Amanda Smith,36,Engineering,Manager,New York,79636.31,6572.63,2021-09-10,12,43.4,amanda.smith@company.com,(618) 418-7713,Active
EMP012049,Michael,Rodriguez,Michael Rodriguez,28,Operations,Associate,Miami,41230.26,5916.34,2021-04-12,4,66.8,michael.rodriguez@company.com,(363) 251-7989,Active
EMP012050,Sarah,Lopez,Sarah Lopez,23,Engineering,Senior Developer,Seattle,79282.89,7967.24,2022-05-05,0,96.8,sarah.lopez@company.com,(929) 339-7490,Active
EMP012051,Emily,Garcia,Emily Garcia,45,Operations,Director,Boston,57259.1,5703.04,2024-06-27,17,79.5,emily.garcia@company.com,(824) 727-4663,Inactive
EMP012052,Amanda,Smith,Amanda Smith,36,Engineering,Lead,Miami,77366.33,13704.51,2023-12-14,7,100.0,amanda.smith@company.com,(908) 947-7273,Active
EMP012053,Emily,Smith,Emily Smith,30,Finance,Associate,Chicago,67084.47,8561.83,2020-12-04,4,100.0,emily.smith@company.com,(741) 557-8468,Active
EMP012054,James,Gonzalez,James Gonzalez,48,Finance,Associate,Los Angeles,108885.26,18161.23,2020-10-05,20,91.5,james.gonzalez@company.com,(566) 285-4041,Active
EMP012055,Jane,Jones,Jane Jones,46,Finance,Coordinator,New York,78815.66,11623.68,2023-09-04,23,89.9,jane.jones@company.com,(903) 278-7919,Inactive
EMP012056,Ashley,Davis,Ashley Davis,51,Marketing,Senior Developer,Miami,98898.86,7932.82,2023-05-03,25,98.3,ashley.davis@company.com,(579) 820-4205,Active
EMP012057,Sarah,Jackson,Sarah Jackson,32,Engineering,Associate,Seattle,89841.39,15411.27,2022-04-22,5,62.6,sarah.jackson@company.com,(909) 253-3506,Active
EMP012058,Matthew,Thomas,Matthew Thomas,23,Engineering,Director,Chicago,81402.1,8974.75,2020-09-07,0,73.7,matthew.thomas@company.com,(466) 786-7034,Active
EMP012059,Daniel,Thomas,Daniel Thomas,44,Operations,Coordinator,Los Angeles,67257.91,15552.46,2022-08-27,19,61.4,daniel.thomas@company.com,(934) 229-3055,Active
EMP012060,Christopher,Garcia,Christopher Garcia,39,HR,Director,Chicago,53208.23,7776.57,2020-08-07,13,71.1,christopher.garcia@company.com,(915) 378-5021,Active
EMP012061,Nicole,Lopez,Nicole Lopez,42,Marketing,Senior Developer,New York,56435.32,5509.58,2020-05-21,16,80.3,nicole.lopez@company.com,(807) 672-8788,Active
EMP012062,John,Thomas,John Thomas,59,Operations,Coordinator,New York,56746.7,6919.97,2023-05-23,36,73.8,john.thomas@company.com,(901) 808-8934,On Leave
EMP012063,Jessica,Lopez,Jessica Lopez,48,Marketing,Specialist,Seattle,62817.98,5906.74,2023-08-13,23,66.2,jessica.lopez@company.com,(310) 645-8847,Active
EMP012064,Anthony,Taylor,Anthony Taylor,45,Sales,Specialist,Austin,77421.94,1627.41,2020-03-20,23,76.5,anthony.taylor@company.com,(542) 432-6773,Inactive
EMP012065,Daniel,Garcia,Daniel Garcia,59,Marketing,Lead,Boston,68090.74,11059.12,2024-06-22,31,71.8,daniel.garcia@company.com,(494) 347-4274,Active
EMP012066,Amanda,Taylor,Amanda Taylor,52,Engineering,Coordinator,Boston,130623.84,7469.37,2024-12-12,24,67.0,amanda.taylor@company.com,(372) 236-5172,Active
EMP012067,Sarah,Jackson,Sarah Jackson,44,Legal,Coordinator,Miami,83879.52,2911.0,2022-08-14,22,92.8,sarah.jackson@company.com,(628) 213-2813,Active
EMP012068,John,Taylor,John Taylor,26,Operations,Senior Developer,Chicago,60468.69,4524.53,2023-03-17,0,93.4,john.taylor@company.com,(952) 493-7305,Active
EMP012069,Lisa,Martinez,Lisa Martinez,36,Engineering,Senior Developer,Chicago,112323.85,2268.45,2024-06-03,7,100.0,lisa.martinez@company.com,(941) 588-2171,Active
EMP012070,Jessica,Thomas,Jessica Thomas,33,Engineering,Analyst,San Francisco,80524.71,0.0,2022-01-28,9,84.7,jessica.thomas@company.com,(595) 807-7030,Active
EMP012071,James,Martin,James Martin,61,IT,Senior Developer,Austin,113712.31,5838.28,2022-10-08,33,67.5,james.martin@company.com,(622) 318-7509,Active
EMP012072,Michael,Rodriguez,Michael Rodriguez,25,HR,Coordinator,San Francisco,27000.0,1173.9,2022-07-31,0,76.0,michael.rodriguez@company.com,(716) 286-6867,Active
EMP012073,David,Wilson,David Wilson,43,Engineering,Specialist,Los Angeles,138888.84,25847.21,2021-06-01,14,71.8,david.wilson@company.com,(823) 235-1767,Active
EMP012074,Nicole,Martin,Nicole Martin,34,Sales,Lead,New York,46816.09,4216.05,2023-07-02,11,55.8,nicole.martin@company.com,(492) 466-7165,Active
EMP012075,Amanda,Martin,Amanda Martin,40,IT,Specialist,San Francisco,74396.9,3783.78,2024-07-25,12,81.7,amanda.martin@company.com,(703) 846-8654,Active
EMP012076,Michael,Martinez,Michael Martinez,47,IT,Analyst,New York,111310.17,6826.67,2021-05-24,25,52.6,michael.martinez@company.com,(453) 209-6651,Active
EMP012077,Melissa,Jackson,Melissa Jackson,33,Operations,Analyst,Austin,66101.53,8285.4,2020-10-12,8,79.8,melissa.jackson@company.com,(211) 677-8908,Active
EMP012078,Ashley,Taylor,Ashley Taylor,55,Marketing,Analyst,San Francisco,71821.46,7474.25,2022-02-05,32,86.0,ashley.taylor@company.com,(705) 959-1571,Active
EMP012079,Christopher,Lopez,Christopher Lopez,46,Engineering,Lead,San Francisco,118643.65,33.72,2021-09-27,21,48.8,christopher.lopez@company.com,(877) 767-7709,Active
EMP012080,Daniel,Taylor,Daniel Taylor,45,Operations,Manager,Austin,77406.21,10610.61,2022-03-20,22,79.9,daniel.taylor@company.com,(675) 786-3187,Active
EMP012081,William,Moore,William Moore,39,Sales,Associate,Los Angeles,85506.07,14750.34,2022-12-24,15,89.6,william.moore@company.com,(513) 934-3509,Active
EMP012082,David,Davis,David Davis,35,Sales,Analyst,Chicago,63642.91,7518.97,2021-01-20,11,73.8,david.davis@company.com,(536) 615-4507,Active
EMP012083,Lisa,Thomas,Lisa Thomas,24,Operations,Lead,Boston,60835.53,9776.51,2023-04-30,2,94.3,lisa.thomas@company.com,(231) 602-4427,Active
EMP012084,Jane,Gonzalez,Jane Gonzalez,29,Sales,Director,Miami,50817.87,1052.29,2021-02-23,6,62.7,jane.gonzalez@company.com,(786) 295-2916,Active
EMP012085,Anthony,Taylor,Anthony Taylor,61,HR,Analyst,Austin,100770.47,15636.28,2021-09-13,34,62.0,anthony.taylor@company.com,(943) 858-9512,Active
EMP012086,David,Davis,David Davis,44,IT,Senior Developer,Austin,80679.49,11166.85,2020-10-28,18,96.4,david.davis@company.com,(720) 717-3929,Active
EMP012087,Anthony,Taylor,Anthony Taylor,25,HR,Manager,Chicago,56933.84,4598.95,2021-07-04,0,39.9,anthony.taylor@company.com,(467) 232-9448,Active
EMP012088,Robert,Martinez,Robert Martinez,54,Finance,Specialist,Miami,94192.53,12716.64,2021-06-08,32,96.3,robert.martinez@company.com,(744) 646-9817,Active
EMP012089,Stephanie,Moore,Stephanie Moore,60,HR,Analyst,Chicago,81834.55,10065.88,2022-03-09,36,76.7,stephanie.moore@company.com,(915) 703-2974,Active
EMP012090,William,Taylor,William Taylor,43,Sales,Specialist,Seattle,72303.96,2230.72,2021-07-15,14,73.1,william.taylor@company.com,(379) 418-5323,Active
EMP012091,David,Miller,David Miller,57,HR,Lead,Los Angeles,79212.11,11411.35,2020-05-05,35,100.0,david.miller@company.com,(203) 399-7797,Active
EMP012092,William,Garcia,William Garcia,57,IT,Coordinator,New York,101144.55,0.0,2020-03-17,29,67.1,william.garcia@company.com,(575) 680-3715,Active
EMP012093,Stephanie,Taylor,Stephanie Taylor,63,Finance,Lead,Seattle,79638.1,2891.92,2023-09-09,35,68.9,stephanie.taylor@company.com,(455) 277-5100,Inactive
EMP012094,Nicole,Garcia,Nicole Garcia,51,Operations,Manager,Miami,62460.16,5435.82,2022-05-29,26,91.7,nicole.garcia@company.com,(528) 629-4989,Active
EMP012095,John,Miller,John Miller,59,Legal,Coordinator,Seattle,83616.63,4572.59,2020-10-20,35,60.6,john.miller@company.com,(999) 262-2641,Active
EMP012096,Melissa,Jackson,Melissa Jackson,36,Engineering,Coordinator,San Francisco,88658.41,5172.82,2022-11-07,13,66.4,melissa.jackson@company.com,(978) 846-4544,Active
EMP012097,David,Johnson,David Johnson,54,Marketing,Lead,Chicago,77549.65,8982.43,2020-06-15,27,84.9,david.johnson@company.com,(650) 372-5987,Active
EMP012098,David,Davis,David Davis,32,Marketing,Coordinator,Austin,46511.36,4496.38,2024-08-23,5,77.4,david.davis@company.com,(846) 837-3779,Active
EMP012099,Michael,Gonzalez,Michael Gonzalez,50,Engineering,Coordinator,New York,93834.02,2269.8,2021-03-11,28,89.4,michael.gonzalez@company.com,(395) 258-1288,Active
EMP012100,Christopher,Davis,Christopher Davis,59,Engineering,Director,Chicago,114453.62,14833.53,2022-12-18,31,68.3,christopher.davis@company.com,(985) 917-6224,Active
EMP012101,Anthony,Jackson,Anthony Jackson,57,Marketing,Senior Developer,New York,78541.62,7890.21,2020-01-02,33,75.5,anthony.jackson@company.com,(919) 540-8135,Active
EMP012102,Daniel,Moore,Daniel Moore,55,Engineering,Analyst,Los Angeles,127889.53,4686.41,2021-10-04,33,44.5,daniel.moore@company.com,(379) 782-2468,Active
EMP012103,Daniel,Miller,Daniel Miller,30,Finance,Analyst,Chicago,83105.67,7808.55,2024-07-01,8,57.2,daniel.miller@company.com,(251) 421-8857,Active
EMP012104,Jane,Davis,Jane Davis,52,Marketing,Senior Developer,Boston,70526.48,5802.56,2022-09-01,30,72.1,jane.davis@company.com,(210) 930-8766,Active
EMP012105,Daniel,Anderson,Daniel Anderson,28,Operations,Lead,Boston,54960.35,2713.78,2022-08-09,0,77.8,daniel.anderson@company.com,(201) 519-9618,Active
EMP012106,Emily,Brown,Emily Brown,28,Operations,Director,Los Angeles,51953.26,8363.83,2020-10-12,5,75.0,emily.brown@company.com,(930) 455-8292,Active
EMP012107,Lisa,Williams,Lisa Williams,43,Marketing,Associate,Los Angeles,52024.11,5471.45,2020-11-02,15,57.8,lisa.williams@company.com,(597) 850-1648,Active
EMP012108,Emily,Gonzalez,Emily Gonzalez,28,HR,Manager,San Francisco,71977.52,6277.23,2023-07-31,6,82.1,emily.gonzalez@company.com,(633) 713-3039,Active
EMP012109,Ashley,Rodriguez,Ashley Rodriguez,27,Finance,Specialist,Seattle,81088.18,4572.33,2023-09-20,0,63.3,ashley.rodriguez@company.com,(558) 874-3340,Inactive
EMP012110,Robert,Anderson,Robert Anderson,40,IT,Associate,Seattle,52216.97,3725.5,2023-02-10,13,89.9,robert.anderson@company.com,(432) 309-9121,Active
EMP012111,Amanda,Brown,Amanda Brown,30,IT,Associate,Boston,65256.92,6468.92,2021-12-14,5,51.3,amanda.brown@company.com,(434) 509-5115,Active
EMP012112,Jane,Jackson,Jane Jackson,22,Marketing,Manager,Austin,71255.86,6488.09,2024-11-29,0,55.8,jane.jackson@company.com,(320) 993-4738,Inactive
EMP012113,Melissa,Smith,Melissa Smith,38,HR,Manager,New York,57551.66,3184.39,2022-07-03,12,62.5,melissa.smith@company.com,(282) 495-3430,Active
EMP012114,Daniel,Gonzalez,Daniel Gonzalez,33,Sales,Lead,Miami,43993.87,4929.69,2020-02-14,10,59.7,daniel.gonzalez@company.com,(936) 462-6238,Active
EMP012115,Stephanie,Lopez,Stephanie Lopez,45,Marketing,Specialist,Seattle,71806.42,2496.72,2024-10-23,20,100.0,stephanie.lopez@company.com,(595) 255-3340,Active
EMP012116,Anthony,Miller,Anthony Miller,41,Engineering,Analyst,Seattle,100730.99,5215.95,2020-06-27,15,62.0,anthony.miller@company.com,(397) 408-5104,Active
EMP012117,Nicole,Martinez,Nicole Martinez,63,Legal,Director,Seattle,116978.94,12248.13,2021-09-13,41,76.9,nicole.martinez@company.com,(781) 316-9339,Active
EMP012118,William,Anderson,William Anderson,33,Finance,Specialist,Miami,84428.1,8854.2,2024-08-09,6,76.4,william.anderson@company.com,(789) 376-8132,Active
EMP012119,Sarah,Davis,Sarah Davis,37,Marketing,Specialist,New York,68260.22,2215.83,2020-08-31,12,80.8,sarah.davis@company.com,(568) 688-2241,Active
EMP012120,Matthew,Davis,Matthew Davis,54,Finance,Specialist,Chicago,96329.8,8743.22,2020-07-01,32,69.7,matthew.davis@company.com,(270) 246-7126,Active
EMP012121,Nicole,Moore,Nicole Moore,22,Marketing,Analyst,Miami,70245.68,11084.27,2021-06-14,0,85.1,nicole.moore@company.com,(775) 218-7658,Inactive
EMP012122,Amanda,Gonzalez,Amanda Gonzalez,59,IT,Associate,Miami,90703.69,9748.71,2023-01-30,30,86.6,amanda.gonzalez@company.com,(498) 900-1429,Active
EMP012123,Nicole,Smith,Nicole Smith,31,Sales,Associate,Chicago,77492.66,12049.6,2022-04-12,3,74.0,nicole.smith@company.com,(215) 966-2809,On Leave
EMP012124,Matthew,Miller,Matthew Miller,45,Finance,Manager,Seattle,72247.1,5489.37,2023-06-13,21,100.0,matthew.miller@company.com,(406) 365-6812,Active
EMP012125,Amanda,Smith,Amanda Smith,25,Marketing,Manager,New York,81631.94,1354.94,2023-10-08,0,77.4,amanda.smith@company.com,(575) 488-3972,Active
EMP012126,Sarah,Smith,Sarah Smith,56,Legal,Senior Developer,New York,83520.04,13387.68,2021-06-22,31,86.1,sarah.smith@company.com,(945) 313-3146,Active
EMP012127,Matthew,Smith,Matthew Smith,56,Legal,Senior Developer,Chicago,96063.51,5531.69,2020-03-11,32,62.7,matthew.smith@company.com,(822) 255-7393,Inactive
EMP012128,John,Davis,John Davis,38,Marketing,Director,Miami,83354.04,7205.6,2020-04-13,10,79.2,john.davis@company.com,(646) 445-5133,Active
EMP012129,Jessica,Wilson,Jessica Wilson,35,Marketing,Director,New York,57721.96,8384.66,2024-02-27,7,73.8,jessica.wilson@company.com,(798) 502-9868,Active
EMP012130,Michael,Garcia,Michael Garcia,41,Legal,Specialist,Los Angeles,89372.6,5049.16,2020-01-16,14,60.9,michael.garcia@company.com,(676) 332-1708,Active
EMP012131,Sarah,Hernandez,Sarah Hernandez,32,Operations,Director,Austin,61839.51,4538.27,2024-10-05,4,58.6,sarah.hernandez@company.com,(265) 892-6200,Active
EMP012132,Michael,Jackson,Michael Jackson,59,Finance,Associate,Seattle,117957.82,19837.11,2023-01-29,35,83.0,michael.jackson@company.com,(970) 756-2372,Active
EMP012133,Jane,Brown,Jane Brown,49,Engineering,Director,New York,79245.05,11597.89,2020-04-18,26,77.4,jane.brown@company.com,(741) 629-9871,Active
EMP012134,Anthony,Johnson,Anthony Johnson,28,HR,Director,Los Angeles,58206.72,6509.35,2023-07-28,2,84.6,anthony.johnson@company.com,(670) 228-4558,Active
EMP012135,Stephanie,Williams,Stephanie Williams,30,IT,Analyst,Chicago,57499.03,4724.3,2021-04-16,1,53.8,stephanie.williams@company.com,(546) 790-5025,Active
EMP012136,Christopher,Jones,Christopher Jones,31,HR,Specialist,Miami,68250.89,0.0,2024-11-28,4,96.0,christopher.jones@company.com,(209) 851-9711,Active
EMP012137,Jane,Taylor,Jane Taylor,30,Operations,Coordinator,Chicago,56709.52,5210.34,2021-08-28,8,87.8,jane.taylor@company.com,(522) 633-9649,Active
EMP012138,Lisa,Martin,Lisa Martin,22,Sales,Analyst,Miami,33171.53,4505.45,2022-08-08,0,88.7,lisa.martin@company.com,(928) 728-1439,Active
EMP012139,Daniel,Garcia,Daniel Garcia,51,Finance,Lead,San Francisco,81079.71,0.0,2022-01-23,27,100.0,daniel.garcia@company.com,(586) 347-3503,Inactive
EMP012140,James,Wilson,James Wilson,43,Legal,Specialist,Austin,122218.45,12566.77,2020-10-10,18,89.2,james.wilson@company.com,(282) 477-3549,Inactive
EMP012141,Melissa,Thomas,Melissa Thomas,46,Finance,Senior Developer,Miami,57207.26,3028.31,2024-11-21,18,87.8,melissa.thomas@company.com,(979) 274-1430,Active
EMP012142,Daniel,Davis,Daniel Davis,33,Engineering,Analyst,Boston,92230.93,11694.93,2021-07-03,10,58.7,daniel.davis@company.com,(428) 246-6156,Active
EMP012143,Matthew,Williams,Matthew Williams,46,IT,Analyst,Austin,75007.7,4058.38,2022-02-04,24,67.5,matthew.williams@company.com,(488) 405-7479,Inactive
EMP012144,Anthony,Thomas,Anthony Thomas,58,Operations,Manager,San Francisco,56072.73,4387.18,2022-09-04,33,84.1,anthony.thomas@company.com,(577) 596-3179,Active
EMP012145,Emily,Jones,Emily Jones,60,IT,Analyst,Seattle,104601.27,0.0,2020-02-23,34,79.7,emily.jones@company.com,(808) 346-3887,Active
EMP012146,Michael,Davis,Michael Davis,39,IT,Coordinator,New York,102221.35,17028.92,2022-09-01,15,59.0,michael.davis@company.com,(884) 827-8443,Active
EMP012147,Emily,Thomas,Emily Thomas,60,Engineering,Director,Chicago,110687.31,14788.2,2022-10-11,38,72.2,emily.thomas@company.com,(847) 336-6363,Active
EMP012148,Robert,Garcia,Robert Garcia,41,Marketing,Specialist,New York,75462.62,11894.18,2022-08-15,16,79.4,robert.garcia@company.com,(619) 425-5496,Active
EMP012149,Daniel,Jones,Daniel Jones,53,Marketing,Senior Developer,Los Angeles,92374.02,11941.47,2022-11-05,28,79.2,daniel.jones@company.com,(620) 685-7623,Active
EMP012150,Emily,Thomas,Emily Thomas,27,Marketing,Specialist,Boston,57496.55,4328.76,2023-05-18,0,83.7,emily.thomas@company.com,(764) 589-1058,Active
EMP012151,Melissa,Lopez,Melissa Lopez,27,Operations,Analyst,Los Angeles,79097.84,4475.42,2020-11-28,2,78.1,melissa.lopez@company.com,(953) 326-8296,Active
EMP012152,Stephanie,Thomas,Stephanie Thomas,33,Finance,Manager,San Francisco,43436.44,5038.46,2021-10-04,5,89.5,stephanie.thomas@company.com,(230) 548-9700,Active
EMP012153,Nicole,Martin,Nicole Martin,64,Sales,Associate,Seattle,99643.05,10458.74,2020-11-20,41,99.9,nicole.martin@company.com,(299) 870-9347,On Leave
EMP012154,Ashley,Brown,Ashley Brown,47,Legal,Lead,Boston,77857.61,11358.2,2022-01-29,21,90.9,ashley.brown@company.com,(736) 291-2687,Active
EMP012155,Jessica,Wilson,Jessica Wilson,58,Engineering,Associate,Miami,94321.17,10788.8,2022-04-18,33,76.0,jessica.wilson@company.com,(857) 780-4248,Active
EMP012156,Sarah,Anderson,Sarah Anderson,61,HR,Lead,Chicago,101569.97,17727.18,2020-07-26,38,75.9,sarah.anderson@company.com,(509) 565-9864,Active
EMP012157,Robert,Jackson,Robert Jackson,39,Sales,Director,Miami,60366.36,7069.12,2020-11-06,16,72.4,robert.jackson@company.com,(532) 273-5411,Active
EMP012158,Ashley,Wilson,Ashley Wilson,50,Engineering,Manager,Los Angeles,65389.47,4287.19,2022-08-12,27,65.3,ashley.wilson@company.com,(641) 471-1407,Active
EMP012159,Melissa,Jackson,Melissa Jackson,58,Sales,Specialist,Seattle,72810.68,3815.7,2023-05-13,29,80.1,melissa.jackson@company.com,(831) 707-1609,Active
EMP012160,Ashley,Hernandez,Ashley Hernandez,30,Finance,Senior Developer,Chicago,51815.06,3412.72,2021-04-26,3,80.7,ashley.hernandez@company.com,(534) 883-5634,Active
EMP012161,Anthony,Thomas,Anthony Thomas,37,Operations,Coordinator,Austin,45692.17,1665.16,2021-02-09,9,100.0,anthony.thomas@company.com,(712) 515-7879,Active
EMP012162,Emily,Hernandez,Emily Hernandez,35,Operations,Analyst,Boston,52053.81,4419.53,2021-01-16,6,54.4,emily.hernandez@company.com,(275) 913-5932,Active
EMP012163,David,Moore,David Moore,55,Legal,Senior Developer,San Francisco,95227.66,8664.05,2022-05-16,32,50.2,david.moore@company.com,(332) 531-9874,Active
EMP012164,Anthony,Brown,Anthony Brown,43,HR,Manager,Boston,54388.34,3656.07,2022-10-30,20,67.2,anthony.brown@company.com,(448) 360-4278,Active
EMP012165,Jessica,Hernandez,Jessica Hernandez,35,Sales,Associate,Los Angeles,81033.34,4951.57,2023-09-12,7,50.7,jessica.hernandez@company.com,(305) 256-8650,On Leave
EMP012166,Ashley,Gonzalez,Ashley Gonzalez,36,Finance,Director,Seattle,73792.82,6634.02,2023-06-10,10,85.8,ashley.gonzalez@company.com,(837) 995-3274,Active
EMP012167,Stephanie,Brown,Stephanie Brown,62,Sales,Specialist,New York,79750.16,17263.42,2024-03-26,34,75.9,stephanie.brown@company.com,(878) 910-7644,Active
EMP012168,Nicole,Garcia,Nicole Garcia,28,Operations,Lead,Miami,30443.27,4402.0,2022-09-08,5,67.5,nicole.garcia@company.com,(540) 534-1112,Active
EMP012169,Matthew,Williams,Matthew Williams,52,Engineering,Coordinator,Chicago,94032.91,14268.51,2021-11-30,25,76.9,matthew.williams@company.com,(863) 933-1646,Active
EMP012170,Jessica,Garcia,Jessica Garcia,51,HR,Specialist,Seattle,92311.37,7465.28,2023-03-31,28,85.0,jessica.garcia@company.com,(676) 360-9041,Active
EMP012171,Amanda,Hernandez,Amanda Hernandez,51,IT,Manager,Miami,139626.73,10711.15,2022-09-17,25,47.1,amanda.hernandez@company.com,(263) 800-2382,Active
EMP012172,Stephanie,Williams,Stephanie Williams,51,Legal,Specialist,New York,89099.16,0.0,2024-08-17,28,71.1,stephanie.williams@company.com,(645) 230-5855,On Leave
EMP012173,Amanda,Gonzalez,Amanda Gonzalez,37,Legal,Manager,Boston,81671.5,8424.62,2024-06-29,12,68.3,amanda.gonzalez@company.com,(861) 795-6107,Inactive
EMP012174,Robert,Smith,Robert Smith,58,Sales,Director,Austin,99054.62,5595.71,2023-05-09,35,70.0,robert.smith@company.com,(547) 786-1673,Active
EMP012175,James,Martinez,James Martinez,48,Sales,Director,San Francisco,101852.61,2989.97,2020-11-11,25,83.6,james.martinez@company.com,(490) 317-1330,Inactive
EMP012176,David,Rodriguez,David Rodriguez,63,IT,Manager,Seattle,120723.77,3796.25,2022-02-13,38,89.6,david.rodriguez@company.com,(429) 498-9587,Active
EMP012177,Lisa,Johnson,Lisa Johnson,62,Finance,Manager,San Francisco,85413.64,11079.59,2024-01-16,34,72.8,lisa.johnson@company.com,(343) 570-2511,Active
EMP012178,John,Jones,John Jones,24,Finance,Senior Developer,Seattle,51519.96,3363.34,2021-01-21,0,41.4,john.jones@company.com,(602) 922-2325,Active
EMP012179,David,Wilson,David Wilson,54,Legal,Analyst,Miami,128678.69,9243.67,2024-11-15,25,93.6,david.wilson@company.com,(200) 970-9118,Inactive
EMP012180,Nicole,Davis,Nicole Davis,39,Marketing,Director,Seattle,58052.4,4003.19,2021-12-28,16,96.0,nicole.davis@company.com,(618) 316-2642,Inactive
EMP012181,Sarah,Anderson,Sarah Anderson,47,HR,Lead,Austin,69000.21,15586.81,2023-11-16,20,52.7,sarah.anderson@company.com,(292) 778-2983,Active
EMP012182,Jessica,Taylor,Jessica Taylor,39,Legal,Director,Austin,111437.82,16684.38,2020-12-16,16,83.1,jessica.taylor@company.com,(646) 722-8787,Active
EMP012183,Stephanie,Miller,Stephanie Miller,41,Legal,Director,Miami,72168.69,9179.37,2020-04-28,12,70.9,stephanie.miller@company.com,(607) 232-4179,Active
EMP012184,Sarah,Thomas,Sarah Thomas,34,Marketing,Manager,Los Angeles,68037.41,4443.37,2024-10-12,9,76.7,sarah.thomas@company.com,(898) 515-8311,Active
EMP012185,Jessica,Jones,Jessica Jones,34,Legal,Analyst,Boston,100538.08,597.81,2022-12-09,10,74.1,jessica.jones@company.com,(847) 945-9464,Active
EMP012186,John,Jackson,John Jackson,25,Operations,Lead,New York,62425.96,2388.99,2021-09-19,3,82.2,john.jackson@company.com,(807) 824-1068,Active
EMP012187,Jane,Jackson,Jane Jackson,26,Legal,Lead,New York,69428.46,6874.04,2024-05-04,0,73.6,jane.jackson@company.com,(984) 809-2131,Inactive
EMP012188,Lisa,Williams,Lisa Williams,39,Operations,Specialist,Austin,55560.1,3600.23,2022-01-02,17,65.3,lisa.williams@company.com,(387) 466-6126,Active
EMP012189,Daniel,Thomas,Daniel Thomas,33,Operations,Senior Developer,Chicago,51132.0,4571.11,2020-01-31,9,79.6,daniel.thomas@company.com,(743) 385-2688,Active
EMP012190,Ashley,Miller,Ashley Miller,64,Engineering,Manager,Chicago,153807.14,16341.81,2022-12-24,36,73.3,ashley.miller@company.com,(830) 987-7770,Active
EMP012191,Sarah,Martin,Sarah Martin,24,Sales,Associate,San Francisco,45547.01,3916.63,2020-04-11,2,82.5,sarah.martin@company.com,(804) 318-3215,Active
EMP012192,Anthony,Anderson,Anthony Anderson,53,Operations,Coordinator,Austin,47247.54,1322.42,2021-03-21,28,70.3,anthony.anderson@company.com,(334) 373-8921,Active
EMP012193,Nicole,Wilson,Nicole Wilson,49,Operations,Lead,Chicago,61994.53,8226.78,2020-06-15,23,60.3,nicole.wilson@company.com,(940) 414-4879,On Leave
EMP012194,Stephanie,Thomas,Stephanie Thomas,54,IT,Senior Developer,Boston,117016.86,22841.57,2023-04-25,25,68.1,stephanie.thomas@company.com,(508) 832-3011,On Leave
EMP012195,Anthony,Martin,Anthony Martin,58,IT,Senior Developer,Seattle,95439.05,9072.75,2024-05-17,31,86.3,anthony.martin@company.com,(827) 320-6195,Active
EMP012196,Melissa,Thomas,Melissa Thomas,51,Sales,Associate,Seattle,85420.23,6324.18,2022-02-01,26,82.8,melissa.thomas@company.com,(970) 771-8489,Active
EMP012197,Daniel,Lopez,Daniel Lopez,56,Engineering,Manager,Miami,93290.01,9213.03,2024-09-08,30,98.5,daniel.lopez@company.com,(204) 693-9547,Active
EMP012198,Sarah,Jackson,Sarah Jackson,61,Legal,Analyst,Boston,101946.49,2887.51,2023-07-23,36,77.3,sarah.jackson@company.com,(394) 947-1217,Active
EMP012199,James,Moore,James Moore,51,IT,Director,Austin,96316.56,16679.06,2020-07-04,22,47.7,james.moore@company.com,(385) 512-9855,Active
EMP012200,John,Martin,John Martin,37,Legal,Manager,Chicago,75228.28,2018.54,2024-04-22,10,83.7,john.martin@company.com,(611) 738-9750,Active
EMP012201,Michael,Martinez,Michael Martinez,26,Legal,Director,Seattle,91763.22,7561.65,2024-08-18,0,61.4,michael.martinez@company.com,(311) 869-3930,Active
EMP012202,Ashley,Thomas,Ashley Thomas,39,HR,Manager,Los Angeles,59479.24,314.42,2023-02-22,10,71.1,ashley.thomas@company.com,(306) 328-7698,Active
EMP012203,Michael,Taylor,Michael Taylor,31,Engineering,Manager,Miami,69642.96,4122.34,2024-10-27,7,72.9,michael.taylor@company.com,(246) 651-8251,On Leave
EMP012204,Matthew,Lopez,Matthew Lopez,26,Sales,Senior Developer,New York,56129.77,3393.79,2022-07-16,2,73.1,matthew.lopez@company.com,(895) 528-2757,On Leave
EMP012205,Daniel,Gonzalez,Daniel Gonzalez,29,HR,Analyst,Seattle,65844.12,4060.32,2024-10-26,7,76.8,daniel.gonzalez@company.com,(588) 830-1041,Active
EMP012206,Anthony,Williams,Anthony Williams,46,Sales,Senior Developer,New York,71291.33,3518.85,2021-07-28,19,46.2,anthony.williams@company.com,(291) 529-3775,Active
EMP012207,Jessica,Taylor,Jessica Taylor,62,Marketing,Associate,Chicago,74833.51,855.9,2021-11-06,37,81.7,jessica.taylor@company.com,(653) 323-7587,Inactive
EMP012208,Michael,Miller,Michael Miller,42,Engineering,Specialist,Seattle,80546.9,13669.58,2020-04-26,20,83.5,michael.miller@company.com,(490) 727-8204,Inactive
EMP012209,Christopher,Martin,Christopher Martin,32,IT,Manager,San Francisco,70552.06,4694.46,2023-08-22,3,71.0,christopher.martin@company.com,(529) 804-2086,Active
EMP012210,Melissa,Wilson,Melissa Wilson,45,Legal,Analyst,Miami,86143.59,16812.95,2022-10-17,17,65.8,melissa.wilson@company.com,(935) 233-6334,Active
EMP012211,Matthew,Wilson,Matthew Wilson,27,Operations,Analyst,Boston,38705.04,2392.36,2020-01-09,5,69.0,matthew.wilson@company.com,(534) 475-4553,Active
EMP012212,Ashley,Gonzalez,Ashley Gonzalez,61,Engineering,Specialist,Los Angeles,120388.44,10634.21,2022-10-15,38,58.0,ashley.gonzalez@company.com,(993) 623-5125,Active
EMP012213,Lisa,Smith,Lisa Smith,52,Finance,Manager,Seattle,68731.94,4978.87,2023-12-08,28,96.3,lisa.smith@company.com,(764) 455-4088,Active
EMP012214,Christopher,Jackson,Christopher Jackson,47,Marketing,Coordinator,San Francisco,70422.93,3798.49,2024-09-14,18,81.1,christopher.jackson@company.com,(894) 340-7700,Active
EMP012215,Christopher,Martinez,Christopher Martinez,52,Finance,Associate,San Francisco,66034.73,5358.23,2020-10-12,25,71.1,christopher.martinez@company.com,(389) 211-4178,Active
EMP012216,Nicole,Martinez,Nicole Martinez,26,HR,Specialist,Boston,41927.09,2455.61,2022-10-16,1,58.6,nicole.martinez@company.com,(657) 939-2277,Active
EMP012217,Christopher,Johnson,Christopher Johnson,53,Finance,Coordinator,New York,118381.32,15469.56,2022-08-17,31,80.9,christopher.johnson@company.com,(440) 535-9916,Active
EMP012218,William,Lopez,William Lopez,30,Finance,Analyst,San Francisco,63034.64,8415.07,2021-09-30,1,62.6,william.lopez@company.com,(614) 296-6325,Active
EMP012219,Anthony,Moore,Anthony Moore,51,Marketing,Analyst,Miami,82254.79,5571.4,2023-03-08,27,83.9,anthony.moore@company.com,(207) 739-3789,Active
EMP012220,Robert,Brown,Robert Brown,65,Sales,Coordinator,Austin,78109.08,8622.48,2022-01-16,38,100.0,robert.brown@company.com,(987) 981-9890,Active
EMP012221,Sarah,Smith,Sarah Smith,55,HR,Manager,New York,61865.0,3946.37,2024-01-04,32,81.6,sarah.smith@company.com,(436) 374-6883,Inactive
EMP012222,Emily,Taylor,Emily Taylor,63,IT,Specialist,Seattle,104735.12,18571.07,2021-06-07,37,84.9,emily.taylor@company.com,(824) 502-8911,Active
EMP012223,Stephanie,Williams,Stephanie Williams,64,Finance,Coordinator,Chicago,99971.83,9407.78,2022-12-22,37,74.9,stephanie.williams@company.com,(539) 696-4952,Active
EMP012224,Jane,Jackson,Jane Jackson,28,Legal,Senior Developer,Boston,45837.28,0.0,2020-10-17,0,87.3,jane.jackson@company.com,(461) 275-8233,Active
EMP012225,Lisa,Martinez,Lisa Martinez,27,Marketing,Coordinator,Seattle,78317.21,7438.92,2020-03-23,3,55.6,lisa.martinez@company.com,(802) 342-1762,Active
EMP012226,Michael,Martin,Michael Martin,24,Operations,Analyst,Chicago,44365.14,5811.67,2023-01-10,0,63.7,michael.martin@company.com,(549) 200-3400,Active
EMP012227,Daniel,Brown,Daniel Brown,30,Operations,Lead,Chicago,73355.15,1193.26,2024-06-22,4,82.4,daniel.brown@company.com,(586) 450-7324,Active
EMP012228,Matthew,Thomas,Matthew Thomas,25,Engineering,Specialist,New York,80402.91,11021.42,2021-12-28,0,78.4,matthew.thomas@company.com,(242) 753-4212,Active
EMP012229,Lisa,Rodriguez,Lisa Rodriguez,53,Legal,Manager,Chicago,91090.15,14407.28,2022-08-06,24,95.7,lisa.rodriguez@company.com,(630) 788-6975,Inactive
EMP012230,Robert,Gonzalez,Robert Gonzalez,57,Marketing,Analyst,Chicago,89819.3,14425.11,2022-12-16,30,72.0,robert.gonzalez@company.com,(784) 903-9307,Active
EMP012231,Robert,Garcia,Robert Garcia,61,IT,Manager,Miami,100334.46,8198.18,2021-03-28,32,62.1,robert.garcia@company.com,(615) 677-6846,Active
EMP012232,Matthew,Williams,Matthew Williams,24,HR,Analyst,Boston,50230.61,5238.99,2024-07-31,0,85.0,matthew.williams@company.com,(762) 891-6752,Active
EMP012233,Melissa,Wilson,Melissa Wilson,49,Operations,Coordinator,Boston,71688.22,5122.27,2023-03-03,21,74.4,melissa.wilson@company.com,(258) 258-6795,Active
EMP012234,Matthew,Martinez,Matthew Martinez,50,Legal,Specialist,New York,110600.97,17654.85,2022-08-26,22,74.4,matthew.martinez@company.com,(263) 932-4626,Active
EMP012235,John,Hernandez,John Hernandez,41,Marketing,Senior Developer,Seattle,76560.47,9176.11,2023-04-05,15,61.3,john.hernandez@company.com,(313) 489-6465,Inactive
EMP012236,Lisa,Garcia,Lisa Garcia,55,Legal,Analyst,New York,101918.69,3771.33,2023-08-09,30,60.5,lisa.garcia@company.com,(920) 233-7664,Active
EMP012237,Nicole,Johnson,Nicole Johnson,34,IT,Associate,Austin,73589.33,2097.79,2022-05-24,9,77.3,nicole.johnson@company.com,(361) 928-2985,Active
EMP012238,Sarah,Davis,Sarah Davis,32,Engineering,Senior Developer,Miami,60207.94,5466.22,2024-03-10,8,70.9,sarah.davis@company.com,(616) 809-6840,Active
EMP012239,Amanda,Gonzalez,Amanda Gonzalez,28,Engineering,Associate,Boston,90773.15,3932.74,2023-03-31,0,76.3,amanda.gonzalez@company.com,(747) 682-4772,Active
EMP012240,David,Wilson,David Wilson,24,Engineering,Senior Developer,New York,39000.0,2970.58,2021-09-13,1,77.8,david.wilson@company.com,(716) 834-8992,Inactive
EMP012241,Ashley,Taylor,Ashley Taylor,58,Finance,Senior Developer,San Francisco,103301.58,9822.65,2023-04-15,36,80.4,ashley.taylor@company.com,(785) 492-9030,Active
EMP012242,Stephanie,Davis,Stephanie Davis,45,HR,Director,Miami,56556.73,0.0,2024-08-07,19,75.9,stephanie.davis@company.com,(421) 387-4693,Active
EMP012243,Lisa,Jackson,Lisa Jackson,47,Sales,Lead,New York,90060.02,146.17,2020-08-02,23,99.8,lisa.jackson@company.com,(237) 708-3479,Active
EMP012244,William,Lopez,William Lopez,34,IT,Analyst,Chicago,56178.17,3906.59,2024-03-28,5,68.7,william.lopez@company.com,(298) 340-3255,Active
EMP012245,Christopher,Martin,Christopher Martin,34,Finance,Lead,Austin,67485.76,7434.45,2023-06-09,7,77.0,christopher.martin@company.com,(987) 984-7232,Active
EMP012246,Jane,Rodriguez,Jane Rodriguez,64,IT,Lead,Seattle,117114.35,10811.48,2022-11-23,42,88.6,jane.rodriguez@company.com,(343) 670-9390,Active
EMP012247,James,Moore,James Moore,28,IT,Analyst,Boston,48014.12,3571.63,2021-03-05,6,91.8,james.moore@company.com,(908) 585-4130,Active
EMP012248,Jane,Wilson,Jane Wilson,43,Marketing,Lead,Miami,48956.15,3713.5,2022-07-17,19,71.0,jane.wilson@company.com,(846) 720-3975,Active
EMP012249,Nicole,Moore,Nicole Moore,64,Sales,Coordinator,Chicago,87004.37,3090.05,2022-03-04,35,92.3,nicole.moore@company.com,(342) 445-2624,Active
EMP012250,Christopher,Lopez,Christopher Lopez,55,IT,Manager,Boston,92706.93,7132.76,2020-09-18,33,61.5,christopher.lopez@company.com,(332) 616-8974,Active
EMP012251,Anthony,Jackson,Anthony Jackson,37,Sales,Senior Developer,Miami,65491.39,237.93,2024-05-18,14,84.6,anthony.jackson@company.com,(594) 950-5300,On Leave
EMP012252,Christopher,Martin,Christopher Martin,63,Finance,Senior Developer,Miami,97105.62,12776.68,2020-06-28,35,64.3,christopher.martin@company.com,(381) 531-7562,Active
EMP012253,Jessica,Moore,Jessica Moore,34,IT,Lead,Chicago,113539.84,11008.73,2022-09-19,6,68.9,jessica.moore@company.com,(504) 394-6725,Active
EMP012254,Stephanie,Hernandez,Stephanie Hernandez,43,HR,Analyst,Los Angeles,76831.16,4894.32,2020-06-12,17,42.8,stephanie.hernandez@company.com,(724) 431-6588,Active
EMP012255,David,Rodriguez,David Rodriguez,55,Sales,Senior Developer,Los Angeles,96513.66,3929.44,2022-03-01,30,56.9,david.rodriguez@company.com,(292) 916-4050,Active
EMP012256,Christopher,Wilson,Christopher Wilson,36,Sales,Director,Chicago,72298.67,0.0,2023-06-02,10,71.6,christopher.wilson@company.com,(377) 463-6799,Active
EMP012257,Ashley,Jackson,Ashley Jackson,62,Marketing,Analyst,Chicago,82335.14,8674.24,2020-03-28,33,73.6,ashley.jackson@company.com,(594) 653-5042,Inactive
EMP012258,Amanda,Thomas,Amanda Thomas,51,HR,Specialist,Boston,72952.92,1976.58,2020-03-12,28,90.9,amanda.thomas@company.com,(525) 427-8006,Active
EMP012259,Amanda,Hernandez,Amanda Hernandez,40,Sales,Associate,New York,45275.37,6140.5,2020-07-14,16,85.7,amanda.hernandez@company.com,(274) 643-4892,Active
EMP012260,Ashley,Rodriguez,Ashley Rodriguez,60,Finance,Director,San Francisco,83530.04,4611.51,2023-08-24,33,60.5,ashley.rodriguez@company.com,(201) 381-5717,Active
EMP012261,Robert,Anderson,Robert Anderson,42,Marketing,Senior Developer,Los Angeles,69692.51,8948.25,2021-01-16,19,78.4,robert.anderson@company.com,(859) 770-9634,Active
EMP012262,Melissa,Hernandez,Melissa Hernandez,60,HR,Associate,Chicago,85438.43,15098.28,2023-12-17,31,84.2,melissa.hernandez@company.com,(365) 603-2042,Inactive
EMP012263,Emily,Johnson,Emily Johnson,61,Operations,Manager,Los Angeles,91578.03,9910.6,2024-02-09,33,64.4,emily.johnson@company.com,(949) 655-7517,Active
EMP012264,Christopher,Anderson,Christopher Anderson,46,Marketing,Specialist,Chicago,60582.47,5215.6,2021-12-09,20,73.5,christopher.anderson@company.com,(505) 733-6106,Active
EMP012265,Robert,Smith,Robert Smith,52,Finance,Manager,Austin,114711.76,10558.16,2023-10-09,30,80.7,robert.smith@company.com,(913) 293-4216,Active
EMP012266,William,Jones,William Jones,41,HR,Specialist,Austin,59840.3,7134.43,2024-06-29,14,73.9,william.jones@company.com,(544) 886-4980,Active
EMP012267,Amanda,Smith,Amanda Smith,35,Marketing,Manager,San Francisco,70190.61,8730.76,2021-04-25,9,77.5,amanda.smith@company.com,(351) 471-5096,Active
EMP012268,Jessica,Davis,Jessica Davis,53,Marketing,Specialist,Chicago,83838.47,5656.07,2024-03-23,28,80.5,jessica.davis@company.com,(912) 535-8715,Active
EMP012269,Nicole,Miller,Nicole Miller,42,HR,Director,Miami,55359.11,6983.0,2022-09-06,20,68.9,nicole.miller@company.com,(203) 746-7512,Active
EMP012270,David,Jackson,David Jackson,41,Operations,Specialist,Chicago,73668.25,11583.11,2023-08-18,16,71.5,david.jackson@company.com,(786) 607-8436,Inactive
EMP012271,Emily,Williams,Emily Williams,65,Sales,Director,San Francisco,94985.83,3852.71,2020-12-23,39,74.2,emily.williams@company.com,(201) 763-2721,On Leave
EMP012272,William,Jones,William Jones,41,IT,Manager,Boston,94169.52,12267.34,2020-02-01,13,63.2,william.jones@company.com,(275) 838-8044,Active
EMP012273,Stephanie,Moore,Stephanie Moore,33,Legal,Lead,Austin,68833.39,9208.45,2024-03-18,7,54.7,stephanie.moore@company.com,(541) 639-2451,Active
EMP012274,Nicole,Brown,Nicole Brown,41,Finance,Lead,Austin,67061.05,1209.36,2023-09-01,15,65.4,nicole.brown@company.com,(556) 458-8597,Active
EMP012275,Sarah,Martinez,Sarah Martinez,62,Engineering,Analyst,Boston,99790.53,12650.51,2021-11-23,39,63.2,sarah.martinez@company.com,(469) 426-3534,Active
EMP012276,Amanda,Johnson,Amanda Johnson,45,Marketing,Director,Los Angeles,92293.87,5648.97,2022-04-04,22,84.5,amanda.johnson@company.com,(805) 260-4917,Inactive
EMP012277,Nicole,Johnson,Nicole Johnson,45,Legal,Associate,Miami,84042.91,11641.85,2021-04-28,18,91.6,nicole.johnson@company.com,(227) 982-4703,Active
EMP012278,Sarah,Taylor,Sarah Taylor,50,Finance,Director,Austin,80534.88,7338.69,2020-11-03,23,83.1,sarah.taylor@company.com,(666) 554-1135,Active
EMP012279,Jane,Moore,Jane Moore,38,IT,Specialist,New York,92801.88,10028.8,2021-08-08,14,82.7,jane.moore@company.com,(368) 837-8558,Active
EMP012280,Robert,Rodriguez,Robert Rodriguez,47,IT,Senior Developer,San Francisco,88995.81,3724.46,2022-10-20,19,81.9,robert.rodriguez@company.com,(448) 756-7572,Active
EMP012281,Amanda,Hernandez,Amanda Hernandez,36,IT,Senior Developer,Austin,74643.95,13541.8,2021-12-26,11,68.3,amanda.hernandez@company.com,(524) 847-4124,Active
EMP012282,Michael,Taylor,Michael Taylor,33,IT,Manager,San Francisco,72390.09,5145.8,2024-07-25,6,87.3,michael.taylor@company.com,(693) 871-7216,Active
EMP012283,Matthew,Johnson,Matthew Johnson,54,Operations,Specialist,New York,81163.6,8700.11,2024-06-25,27,93.3,matthew.johnson@company.com,(768) 972-4752,Active
EMP012284,Michael,Jones,Michael Jones,27,Engineering,Director,Los Angeles,71127.56,10098.3,2020-09-10,0,73.9,michael.jones@company.com,(472) 856-8524,Inactive
EMP012285,Michael,Martinez,Michael Martinez,25,HR,Analyst,Seattle,46217.52,2754.48,2021-11-13,2,61.6,michael.martinez@company.com,(954) 695-9132,Active
EMP012286,Michael,Miller,Michael Miller,55,Marketing,Specialist,Seattle,77916.27,7503.03,2021-09-08,32,83.4,michael.miller@company.com,(365) 839-4830,Active
EMP012287,James,Rodriguez,James Rodriguez,53,IT,Associate,Chicago,84126.34,10845.69,2023-10-16,28,78.6,james.rodriguez@company.com,(983) 617-7082,Inactive
EMP012288,Melissa,Hernandez,Melissa Hernandez,40,Finance,Senior Developer,New York,90889.11,13134.23,2022-08-09,16,48.6,melissa.hernandez@company.com,(369) 244-6064,Active
EMP012289,Jessica,Johnson,Jessica Johnson,49,Marketing,Coordinator,New York,71708.28,11729.06,2021-12-27,22,80.4,jessica.johnson@company.com,(816) 491-3253,Inactive
EMP012290,Ashley,Brown,Ashley Brown,44,Engineering,Lead,Los Angeles,143180.87,18731.95,2023-11-05,17,72.7,ashley.brown@company.com,(948) 794-5219,On Leave
EMP012291,Robert,Jones,Robert Jones,22,Engineering,Senior Developer,Austin,54232.04,6122.14,2023-07-08,0,47.9,robert.jones@company.com,(209) 999-1262,Active
EMP012292,Christopher,Hernandez,Christopher Hernandez,51,Marketing,Analyst,Austin,81100.91,2792.4,2020-05-13,23,82.7,christopher.hernandez@company.com,(298) 434-3664,Active
EMP012293,John,Martinez,John Martinez,61,Marketing,Specialist,Seattle,75230.69,7199.6,2024-01-13,38,58.1,john.martinez@company.com,(272) 485-2680,Active
EMP012294,Melissa,Jackson,Melissa Jackson,29,Marketing,Director,Austin,55585.94,3420.19,2023-08-25,2,100.0,melissa.jackson@company.com,(809) 931-4706,Active
EMP012295,David,Lopez,David Lopez,31,HR,Senior Developer,Boston,51989.88,2626.68,2022-03-16,4,62.3,david.lopez@company.com,(299) 802-3743,Active
EMP012296,Robert,Wilson,Robert Wilson,23,Operations,Senior Developer,Seattle,64447.47,10499.21,2024-02-25,0,82.4,robert.wilson@company.com,(257) 669-6847,Active
EMP012297,Lisa,Williams,Lisa Williams,22,Sales,Analyst,Los Angeles,58526.16,1309.23,2022-04-07,0,88.7,lisa.williams@company.com,(316) 313-8898,Active
EMP012298,Jessica,Jones,Jessica Jones,43,Marketing,Director,Austin,58834.77,7869.6,2024-01-09,19,88.6,jessica.jones@company.com,(281) 636-9237,Active
EMP012299,Amanda,Brown,Amanda Brown,49,Sales,Director,Los Angeles,83802.57,7907.2,2020-10-28,26,75.7,amanda.brown@company.com,(676) 301-7010,Active
EMP012300,Lisa,Jones,Lisa Jones,38,Legal,Coordinator,Los Angeles,92661.36,4976.79,2020-08-21,11,47.7,lisa.jones@company.com,(601) 993-1661,Active
EMP012301,John,Johnson,John Johnson,23,IT,Specialist,Miami,61325.93,4490.92,2021-09-01,0,79.2,john.johnson@company.com,(645) 339-7077,Active
EMP012302,Robert,Jones,Robert Jones,50,Engineering,Specialist,Austin,103491.62,7483.69,2021-03-17,26,64.4,robert.jones@company.com,(881) 551-5384,Active
EMP012303,Daniel,Rodriguez,Daniel Rodriguez,60,HR,Specialist,Seattle,71535.06,13137.16,2020-07-01,35,57.8,daniel.rodriguez@company.com,(671) 758-9295,Active
EMP012304,John,Johnson,John Johnson,39,Legal,Analyst,San Francisco,108813.4,3140.26,2020-05-23,16,98.7,john.johnson@company.com,(222) 662-2676,Active
EMP012305,Lisa,Williams,Lisa Williams,62,Marketing,Associate,Austin,76350.59,13674.95,2023-09-09,36,82.4,lisa.williams@company.com,(240) 941-5307,Active
EMP012306,Jane,Williams,Jane Williams,49,Engineering,Associate,New York,55287.39,10100.2,2024-05-08,24,54.4,jane.williams@company.com,(988) 823-6298,Active
EMP012307,Ashley,Thomas,Ashley Thomas,22,HR,Manager,Seattle,28953.35,1380.23,2022-02-17,0,78.2,ashley.thomas@company.com,(289) 644-5931,Active
EMP012308,Sarah,Taylor,Sarah Taylor,26,Legal,Director,Seattle,53369.47,7472.52,2020-07-30,0,84.3,sarah.taylor@company.com,(520) 682-8447,Active
EMP012309,Emily,Miller,Emily Miller,47,Operations,Senior Developer,Chicago,66332.93,8302.07,2021-02-10,25,66.7,emily.miller@company.com,(380) 815-2141,Active
EMP012310,Christopher,Gonzalez,Christopher Gonzalez,30,Finance,Coordinator,Miami,99899.26,10044.13,2023-06-26,7,58.6,christopher.gonzalez@company.com,(450) 952-8409,Active
EMP012311,Melissa,Lopez,Melissa Lopez,59,Legal,Manager,Austin,73312.36,724.72,2022-01-13,34,73.9,melissa.lopez@company.com,(793) 596-3310,Inactive
EMP012312,John,Rodriguez,John Rodriguez,55,Legal,Senior Developer,Miami,110400.03,10671.99,2022-05-28,26,92.9,john.rodriguez@company.com,(891) 698-3737,On Leave
EMP012313,Jessica,Davis,Jessica Davis,25,Marketing,Analyst,Seattle,80430.49,8988.18,2022-09-19,0,100.0,jessica.davis@company.com,(333) 322-1570,Active
EMP012314,Christopher,Moore,Christopher Moore,57,HR,Analyst,New York,55791.44,2665.05,2022-03-20,33,79.4,christopher.moore@company.com,(924) 236-2619,Inactive
EMP012315,Amanda,Lopez,Amanda Lopez,44,Operations,Senior Developer,New York,60923.27,468.75,2022-01-13,15,94.1,amanda.lopez@company.com,(914) 530-4470,Active
EMP012316,James,Miller,James Miller,36,Sales,Specialist,Austin,75073.87,7925.32,2022-11-11,12,73.2,james.miller@company.com,(586) 872-6032,Inactive
EMP012317,Melissa,Gonzalez,Melissa Gonzalez,55,IT,Specialist,Austin,94751.31,13905.81,2023-12-13,27,67.4,melissa.gonzalez@company.com,(325) 653-4027,Active
EMP012318,Michael,Hernandez,Michael Hernandez,61,Legal,Manager,Chicago,134710.93,15252.73,2020-01-29,33,66.8,michael.hernandez@company.com,(767) 644-9217,Active
EMP012319,Christopher,Rodriguez,Christopher Rodriguez,43,Sales,Senior Developer,Seattle,74071.49,5163.78,2023-03-31,20,74.9,christopher.rodriguez@company.com,(671) 926-6029,Active
EMP012320,Emily,Anderson,Emily Anderson,23,Sales,Senior Developer,Chicago,47836.58,8553.96,2021-05-02,0,87.1,emily.anderson@company.com,(684) 304-5888,Active
EMP012321,Michael,Martin,Michael Martin,31,HR,Analyst,Chicago,51181.66,3754.36,2022-07-28,7,65.5,michael.martin@company.com,(793) 714-6144,Active
EMP012322,Michael,Gonzalez,Michael Gonzalez,59,IT,Analyst,San Francisco,111552.68,9948.54,2024-04-17,32,61.7,michael.gonzalez@company.com,(269) 924-6444,Active
EMP012323,Anthony,Brown,Anthony Brown,51,Engineering,Senior Developer,Boston,99648.33,16009.11,2023-10-26,27,83.7,anthony.brown@company.com,(285) 832-8257,On Leave
EMP012324,Stephanie,Wilson,Stephanie Wilson,36,Finance,Lead,Los Angeles,84538.04,10246.16,2020-09-01,8,92.9,stephanie.wilson@company.com,(974) 284-7837,Active
EMP012325,Jane,Johnson,Jane Johnson,39,Finance,Associate,Boston,60065.25,8883.23,2022-11-03,17,64.1,jane.johnson@company.com,(292) 544-8239,Active
EMP012326,Jessica,Gonzalez,Jessica Gonzalez,59,Legal,Coordinator,San Francisco,111304.64,15019.12,2020-10-04,34,76.4,jessica.gonzalez@company.com,(729) 954-4370,Active
EMP012327,Stephanie,Martinez,Stephanie Martinez,56,Marketing,Analyst,Los Angeles,75587.31,4363.2,2021-01-09,30,80.9,stephanie.martinez@company.com,(591) 627-5884,Active
EMP012328,Lisa,Williams,Lisa Williams,49,Finance,Lead,San Francisco,104923.63,4688.88,2022-04-05,21,78.3,lisa.williams@company.com,(379) 556-8098,Active
EMP012329,Robert,Jones,Robert Jones,55,Engineering,Manager,San Francisco,97045.64,3028.02,2020-05-19,33,41.5,robert.jones@company.com,(793) 246-5531,Active
EMP012330,Lisa,Gonzalez,Lisa Gonzalez,59,Legal,Coordinator,Los Angeles,80275.59,8881.74,2023-04-09,31,65.9,lisa.gonzalez@company.com,(356) 828-7501,Active
EMP012331,Sarah,Rodriguez,Sarah Rodriguez,32,IT,Lead,Austin,85274.31,7998.57,2022-06-09,6,88.4,sarah.rodriguez@company.com,(725) 514-6424,Active
EMP012332,Anthony,Rodriguez,Anthony Rodriguez,41,Sales,Coordinator,Chicago,61431.6,1813.37,2020-08-16,12,65.5,anthony.rodriguez@company.com,(884) 670-4599,Active
EMP012333,Melissa,Williams,Melissa Williams,61,Legal,Director,Boston,89040.17,9356.28,2021-12-20,35,92.3,melissa.williams@company.com,(850) 600-5008,Inactive
EMP012334,John,Martin,John Martin,57,Engineering,Analyst,New York,114750.7,6507.7,2024-04-18,31,72.5,john.martin@company.com,(973) 594-6910,Inactive
EMP012335,Michael,Moore,Michael Moore,50,Engineering,Coordinator,New York,99866.87,4859.02,2023-10-07,28,80.7,michael.moore@company.com,(523) 772-6308,Active
EMP012336,Stephanie,Davis,Stephanie Davis,63,Operations,Director,Boston,83364.57,7138.96,2022-12-12,40,96.6,stephanie.davis@company.com,(663) 854-3951,Active
EMP012337,Daniel,Anderson,Daniel Anderson,42,Engineering,Analyst,New York,80184.81,11306.25,2022-11-22,18,100.0,daniel.anderson@company.com,(940) 618-4515,Active
EMP012338,John,Smith,John Smith,59,HR,Associate,Los Angeles,95091.49,7494.2,2021-06-03,32,74.3,john.smith@company.com,(673) 475-8059,Active
EMP012339,Michael,Jones,Michael Jones,42,Marketing,Lead,Miami,55408.74,6104.17,2022-05-17,13,55.6,michael.jones@company.com,(520) 990-4398,Active
EMP012340,Melissa,Thomas,Melissa Thomas,38,Engineering,Director,New York,106204.65,10616.0,2021-06-29,15,93.3,melissa.thomas@company.com,(569) 942-8723,Active
EMP012341,Stephanie,Hernandez,Stephanie Hernandez,44,Marketing,Analyst,Austin,65928.2,5018.79,2020-03-13,15,100.0,stephanie.hernandez@company.com,(751) 992-1565,Active
EMP012342,Amanda,Wilson,Amanda Wilson,55,Sales,Director,Austin,56356.41,5381.51,2021-02-09,26,79.7,amanda.wilson@company.com,(443) 964-7284,Active
EMP012343,Melissa,Wilson,Melissa Wilson,60,Sales,Specialist,New York,67260.73,4506.0,2024-10-31,31,63.9,melissa.wilson@company.com,(231) 879-6624,Active
EMP012344,Sarah,Hernandez,Sarah Hernandez,58,Sales,Analyst,Austin,84886.72,12248.62,2021-02-09,29,73.8,sarah.hernandez@company.com,(508) 279-9422,Active
EMP012345,Stephanie,Anderson,Stephanie Anderson,42,Finance,Specialist,Chicago,90037.61,12572.5,2021-10-28,14,62.9,stephanie.anderson@company.com,(793) 261-6156,Active
EMP012346,Ashley,Williams,Ashley Williams,56,IT,Manager,Boston,88456.97,8610.38,2022-01-09,32,54.1,ashley.williams@company.com,(649) 267-5890,Active
EMP012347,Melissa,Rodriguez,Melissa Rodriguez,30,HR,Analyst,Chicago,76903.98,11410.19,2023-07-17,8,77.9,melissa.rodriguez@company.com,(537) 480-6587,Active
EMP012348,John,Smith,John Smith,56,IT,Associate,Seattle,77020.78,9858.48,2022-02-16,27,61.2,john.smith@company.com,(615) 697-1216,Active
EMP012349,James,Anderson,James Anderson,54,Sales,Associate,Los Angeles,98289.22,10372.15,2022-11-27,25,64.7,james.anderson@company.com,(812) 354-8025,Active
EMP012350,Matthew,Martin,Matthew Martin,22,Operations,Lead,San Francisco,37212.46,3913.75,2024-02-27,0,93.7,matthew.martin@company.com,(369) 978-6281,Active
EMP012351,Jane,Garcia,Jane Garcia,26,HR,Associate,Los Angeles,65241.57,12221.3,2020-07-27,1,41.3,jane.garcia@company.com,(804) 302-3881,Active
EMP012352,Matthew,Wilson,Matthew Wilson,37,IT,Associate,Chicago,40682.45,4016.98,2021-06-15,13,62.9,matthew.wilson@company.com,(398) 953-1798,Active
EMP012353,Robert,Thomas,Robert Thomas,25,Marketing,Lead,San Francisco,48827.14,4499.29,2024-11-24,0,62.3,robert.thomas@company.com,(885) 951-2419,Active
EMP012354,Jessica,Miller,Jessica Miller,48,IT,Lead,Seattle,88007.79,10182.15,2024-10-01,23,75.4,jessica.miller@company.com,(363) 353-4820,Active
EMP012355,Jessica,Martin,Jessica Martin,31,Marketing,Director,Chicago,52175.64,5795.6,2021-08-12,7,79.6,jessica.martin@company.com,(784) 528-4124,Active
EMP012356,Christopher,Johnson,Christopher Johnson,33,HR,Senior Developer,Chicago,62296.69,9192.64,2024-11-26,9,80.4,christopher.johnson@company.com,(462) 717-1791,Active
EMP012357,William,Jones,William Jones,30,HR,Analyst,Boston,41228.14,4920.19,2022-10-24,5,59.8,william.jones@company.com,(798) 589-7319,Active
EMP012358,Lisa,Hernandez,Lisa Hernandez,57,Operations,Director,San Francisco,81550.07,14516.48,2020-10-30,34,60.7,lisa.hernandez@company.com,(476) 432-4736,Active
EMP012359,Christopher,Hernandez,Christopher Hernandez,26,Legal,Associate,San Francisco,59058.19,5323.71,2023-12-03,0,76.7,christopher.hernandez@company.com,(690) 417-1617,Active
EMP012360,Emily,Thomas,Emily Thomas,60,HR,Senior Developer,Austin,84676.61,8702.84,2022-08-02,34,47.0,emily.thomas@company.com,(744) 924-5614,Active
EMP012361,Michael,Moore,Michael Moore,25,Marketing,Manager,Los Angeles,78268.21,4506.12,2021-09-02,2,74.0,michael.moore@company.com,(864) 742-6626,Active
EMP012362,Sarah,Davis,Sarah Davis,30,Sales,Manager,Austin,43274.03,4171.43,2021-03-11,8,92.2,sarah.davis@company.com,(729) 756-7716,Active
EMP012363,Lisa,Jackson,Lisa Jackson,23,Legal,Lead,Los Angeles,63004.62,6978.36,2024-12-23,0,80.6,lisa.jackson@company.com,(812) 326-1656,Active
EMP012364,Emily,Smith,Emily Smith,52,HR,Specialist,Los Angeles,51962.56,3851.54,2022-03-29,24,46.6,emily.smith@company.com,(233) 237-9946,Active
EMP012365,Daniel,Davis,Daniel Davis,41,Operations,Specialist,Los Angeles,43590.1,5862.53,2021-06-12,16,73.7,daniel.davis@company.com,(772) 470-8345,Active
EMP012366,Nicole,Martin,Nicole Martin,59,Operations,Manager,Los Angeles,79010.29,4795.11,2021-04-26,31,62.8,nicole.martin@company.com,(786) 920-8278,On Leave
EMP012367,Jane,Wilson,Jane Wilson,64,Finance,Specialist,Boston,124348.88,4418.02,2024-12-30,39,65.2,jane.wilson@company.com,(614) 606-1167,Active
EMP012368,Stephanie,Rodriguez,Stephanie Rodriguez,36,Finance,Specialist,Miami,62010.03,1900.48,2024-03-24,7,80.2,stephanie.rodriguez@company.com,(523) 323-7143,Active
EMP012369,Jane,Johnson,Jane Johnson,41,Legal,Coordinator,Miami,93552.22,9884.93,2023-07-15,16,74.3,jane.johnson@company.com,(399) 671-5040,Active
EMP012370,Robert,Lopez,Robert Lopez,57,Engineering,Lead,Boston,139176.41,15186.42,2023-02-04,33,71.3,robert.lopez@company.com,(584) 873-5313,Active
EMP012371,John,Thomas,John Thomas,47,HR,Associate,Miami,78930.77,13162.62,2021-04-21,21,100.0,john.thomas@company.com,(944) 765-7245,Inactive
EMP012372,Michael,Smith,Michael Smith,36,Engineering,Lead,Boston,109434.37,9529.35,2023-05-28,8,74.4,michael.smith@company.com,(646) 501-9935,Active
EMP012373,William,Martinez,William Martinez,32,Sales,Specialist,San Francisco,79751.79,0.0,2024-12-15,7,100.0,william.martinez@company.com,(970) 432-4842,Active
EMP012374,Stephanie,Wilson,Stephanie Wilson,42,Sales,Lead,Los Angeles,82862.06,1229.52,2020-10-01,17,69.8,stephanie.wilson@company.com,(342) 484-4132,Active
EMP012375,Stephanie,Garcia,Stephanie Garcia,60,HR,Director,Miami,72235.48,13329.62,2020-06-14,36,73.7,stephanie.garcia@company.com,(864) 275-2886,Active
EMP012376,John,Jones,John Jones,24,HR,Specialist,San Francisco,55344.07,7249.63,2021-08-15,0,62.1,john.jones@company.com,(916) 589-8385,Inactive
EMP012377,Jessica,Miller,Jessica Miller,40,Finance,Specialist,New York,44404.41,4651.18,2021-07-21,15,77.3,jessica.miller@company.com,(257) 297-2984,Active
EMP012378,Nicole,Hernandez,Nicole Hernandez,52,Engineering,Associate,Miami,88587.65,5732.07,2023-04-24,23,94.4,nicole.hernandez@company.com,(292) 475-8299,Active
EMP012379,Ashley,Jackson,Ashley Jackson,32,Marketing,Associate,Seattle,56302.92,4332.19,2020-05-19,8,76.7,ashley.jackson@company.com,(696) 749-1450,On Leave
EMP012380,Sarah,Davis,Sarah Davis,51,HR,Manager,Miami,74021.47,928.34,2020-08-17,23,94.8,sarah.davis@company.com,(467) 394-6920,Active
EMP012381,Jane,Jackson,Jane Jackson,31,Operations,Specialist,Seattle,55395.92,1666.27,2021-11-24,5,100.0,jane.jackson@company.com,(508) 783-6493,Active
EMP012382,James,Jackson,James Jackson,63,IT,Analyst,Seattle,109675.05,7714.1,2021-07-23,36,54.0,james.jackson@company.com,(471) 813-4299,Active
EMP012383,David,Jones,David Jones,52,HR,Specialist,Miami,70283.0,9057.31,2022-03-29,27,77.2,david.jones@company.com,(620) 466-8275,Active
EMP012384,Jane,Miller,Jane Miller,45,Marketing,Specialist,Boston,92625.79,8846.89,2020-08-18,22,68.8,jane.miller@company.com,(466) 243-6689,Active
EMP012385,Lisa,Jackson,Lisa Jackson,50,Operations,Associate,Boston,40672.86,4346.34,2024-12-14,28,100.0,lisa.jackson@company.com,(555) 309-4112,Active
EMP012386,Matthew,Johnson,Matthew Johnson,39,Sales,Senior Developer,Boston,71504.98,2033.26,2020-07-15,17,90.3,matthew.johnson@company.com,(523) 415-9690,Active
EMP012387,Robert,Gonzalez,Robert Gonzalez,31,Engineering,Specialist,Austin,103152.45,9193.76,2022-05-01,9,84.0,robert.gonzalez@company.com,(684) 577-8370,Active
EMP012388,Sarah,Jackson,Sarah Jackson,62,Marketing,Associate,Seattle,79667.56,12129.92,2021-12-25,38,100.0,sarah.jackson@company.com,(826) 468-2030,Active
EMP012389,Matthew,Williams,Matthew Williams,24,Marketing,Analyst,Chicago,80558.13,10393.96,2020-10-13,0,94.3,matthew.williams@company.com,(920) 785-2008,Active
EMP012390,Melissa,Lopez,Melissa Lopez,37,Engineering,Analyst,Chicago,96696.24,9214.04,2022-07-11,12,74.0,melissa.lopez@company.com,(968) 274-9047,Active
EMP012391,Stephanie,Smith,Stephanie Smith,32,HR,Lead,Austin,64775.83,11349.49,2022-07-06,7,100.0,stephanie.smith@company.com,(453) 378-9238,Active
EMP012392,Daniel,Taylor,Daniel Taylor,49,IT,Lead,Chicago,98894.03,3692.61,2024-03-22,25,100.0,daniel.taylor@company.com,(273) 383-9259,Active
EMP012393,James,Lopez,James Lopez,36,Operations,Analyst,Seattle,35624.52,5783.37,2021-05-02,10,92.2,james.lopez@company.com,(332) 945-8709,Active
EMP012394,Lisa,Thomas,Lisa Thomas,32,Engineering,Lead,Chicago,107609.5,12354.83,2022-12-26,5,79.2,lisa.thomas@company.com,(608) 477-2852,Active
EMP012395,Jessica,Brown,Jessica Brown,46,IT,Specialist,San Francisco,78355.29,5220.84,2022-01-04,24,78.9,jessica.brown@company.com,(404) 936-9813,Inactive
EMP012396,Daniel,Rodriguez,Daniel Rodriguez,36,Legal,Coordinator,San Francisco,98766.77,3044.02,2021-11-09,9,74.9,daniel.rodriguez@company.com,(713) 829-4028,Active
EMP012397,Amanda,Rodriguez,Amanda Rodriguez,44,Engineering,Associate,Chicago,96654.49,17408.99,2021-07-30,20,87.4,amanda.rodriguez@company.com,(957) 346-8532,Active
EMP012398,Michael,Taylor,Michael Taylor,59,IT,Senior Developer,Seattle,110633.34,16603.49,2021-08-02,35,68.2,michael.taylor@company.com,(575) 454-8991,Inactive
EMP012399,Jessica,Wilson,Jessica Wilson,31,IT,Analyst,New York,89303.8,8704.13,2020-03-11,6,93.4,jessica.wilson@company.com,(905) 458-1009,Active
EMP012400,David,Lopez,David Lopez,40,Sales,Specialist,Austin,40667.23,2126.03,2021-12-06,11,74.8,david.lopez@company.com,(676) 912-7151,Inactive
EMP012401,Nicole,Taylor,Nicole Taylor,46,Legal,Senior Developer,San Francisco,90446.59,6586.51,2023-06-14,17,94.9,nicole.taylor@company.com,(466) 312-2560,Active
EMP012402,Michael,Rodriguez,Michael Rodriguez,49,Operations,Associate,New York,67490.25,10831.96,2020-06-18,24,80.7,michael.rodriguez@company.com,(610) 929-2235,Active
EMP012403,Melissa,Garcia,Melissa Garcia,29,Sales,Manager,Los Angeles,101159.48,7648.83,2023-08-07,6,72.6,melissa.garcia@company.com,(624) 311-5416,Inactive
EMP012404,Lisa,Martinez,Lisa Martinez,22,Marketing,Manager,Chicago,68992.21,5014.11,2020-11-10,0,76.5,lisa.martinez@company.com,(682) 671-6996,Active
EMP012405,Sarah,Johnson,Sarah Johnson,37,HR,Coordinator,Boston,78708.3,12755.03,2020-11-11,9,46.4,sarah.johnson@company.com,(334) 661-5590,Inactive
EMP012406,Sarah,Gonzalez,Sarah Gonzalez,49,Finance,Senior Developer,Miami,125552.16,12246.85,2023-03-03,25,94.9,sarah.gonzalez@company.com,(949) 811-3888,Active
EMP012407,Matthew,Williams,Matthew Williams,55,Operations,Senior Developer,Miami,75094.58,11117.48,2022-02-28,29,75.3,matthew.williams@company.com,(432) 276-1694,Active
EMP012408,Sarah,Johnson,Sarah Johnson,42,HR,Lead,Austin,69394.81,11011.85,2020-01-03,19,69.9,sarah.johnson@company.com,(424) 536-2727,On Leave
EMP012409,Amanda,Lopez,Amanda Lopez,39,Legal,Director,Boston,95918.91,11611.51,2023-11-13,10,70.7,amanda.lopez@company.com,(613) 469-3464,Inactive
EMP012410,Robert,Thomas,Robert Thomas,37,Sales,Coordinator,San Francisco,66352.27,6216.65,2022-03-07,11,91.3,robert.thomas@company.com,(793) 819-8363,Inactive
EMP012411,Amanda,Johnson,Amanda Johnson,65,Finance,Lead,New York,119036.94,17786.25,2022-04-12,41,89.4,amanda.johnson@company.com,(629) 832-8644,Active
EMP012412,Sarah,Thomas,Sarah Thomas,26,HR,Specialist,Miami,48339.7,4709.68,2022-03-21,3,70.6,sarah.thomas@company.com,(886) 519-4983,Active
EMP012413,John,Miller,John Miller,28,IT,Analyst,Miami,75784.77,5495.94,2021-01-27,3,63.5,john.miller@company.com,(262) 240-8663,Active
EMP012414,James,Rodriguez,James Rodriguez,55,IT,Associate,New York,90293.89,12746.64,2023-08-29,27,99.7,james.rodriguez@company.com,(206) 298-6578,Active
EMP012415,Matthew,Garcia,Matthew Garcia,35,Legal,Analyst,Chicago,67767.72,7487.08,2020-01-20,12,61.7,matthew.garcia@company.com,(216) 640-8674,Active
EMP012416,Matthew,Thomas,Matthew Thomas,33,Finance,Manager,New York,70021.49,9074.86,2023-09-08,5,85.3,matthew.thomas@company.com,(883) 744-7577,Inactive
EMP012417,Stephanie,Thomas,Stephanie Thomas,39,Operations,Manager,Chicago,56831.64,6414.44,2022-07-28,11,87.3,stephanie.thomas@company.com,(525) 490-3954,Inactive
EMP012418,Sarah,Martinez,Sarah Martinez,33,Marketing,Coordinator,Los Angeles,70378.33,5722.16,2022-08-03,9,95.0,sarah.martinez@company.com,(850) 800-4570,Active
EMP012419,Jessica,Rodriguez,Jessica Rodriguez,32,Sales,Senior Developer,Austin,75771.64,6931.04,2024-11-13,7,86.0,jessica.rodriguez@company.com,(425) 831-2855,Active
EMP012420,Amanda,Rodriguez,Amanda Rodriguez,39,Operations,Senior Developer,Los Angeles,59072.33,7750.42,2020-11-23,13,71.9,amanda.rodriguez@company.com,(936) 534-5318,Active
EMP012421,Nicole,Martin,Nicole Martin,44,Engineering,Director,Boston,100594.95,10541.59,2022-11-14,15,81.1,nicole.martin@company.com,(894) 943-9262,Active
EMP012422,Anthony,Thomas,Anthony Thomas,27,Marketing,Associate,Austin,77523.49,6646.39,2020-06-16,5,43.1,anthony.thomas@company.com,(323) 761-6377,Active
EMP012423,Melissa,Thomas,Melissa Thomas,54,Operations,Analyst,San Francisco,73990.75,18059.65,2023-09-21,27,73.0,melissa.thomas@company.com,(502) 289-8923,Inactive
EMP012424,Lisa,Moore,Lisa Moore,64,Finance,Director,Austin,108899.26,1504.07,2023-09-09,42,73.7,lisa.moore@company.com,(805) 774-3920,Active
EMP012425,Jane,Martinez,Jane Martinez,35,Sales,Analyst,Chicago,84642.69,4721.31,2021-07-29,6,63.8,jane.martinez@company.com,(942) 570-1200,Active
EMP012426,Christopher,Rodriguez,Christopher Rodriguez,38,Finance,Director,Chicago,124098.68,13786.99,2024-06-14,10,84.0,christopher.rodriguez@company.com,(851) 516-3009,Active
EMP012427,Daniel,Johnson,Daniel Johnson,42,Marketing,Senior Developer,San Francisco,77282.79,9912.38,2022-03-13,14,78.3,daniel.johnson@company.com,(699) 542-1589,Inactive
EMP012428,David,Smith,David Smith,53,Marketing,Associate,Seattle,71798.59,17952.62,2020-04-16,29,73.0,david.smith@company.com,(673) 626-3975,Inactive
EMP012429,Robert,Jones,Robert Jones,29,Legal,Analyst,Seattle,84563.0,10668.87,2024-02-20,0,73.4,robert.jones@company.com,(553) 585-2981,Active
EMP012430,James,Davis,James Davis,43,HR,Senior Developer,Austin,82070.21,10930.33,2020-07-25,20,60.6,james.davis@company.com,(448) 377-1814,Active
EMP012431,David,Johnson,David Johnson,48,Operations,Manager,San Francisco,82491.67,3000.44,2023-10-14,23,48.7,david.johnson@company.com,(884) 654-7148,Active
EMP012432,Nicole,Williams,Nicole Williams,38,HR,Manager,Los Angeles,44939.67,7115.68,2023-08-14,15,59.1,nicole.williams@company.com,(330) 816-2664,Active
EMP012433,Lisa,Wilson,Lisa Wilson,38,Sales,Senior Developer,Los Angeles,71542.69,9285.59,2022-12-17,13,71.3,lisa.wilson@company.com,(531) 679-7336,Active
EMP012434,Melissa,Jones,Melissa Jones,26,Legal,Senior Developer,Boston,80694.32,6918.46,2024-12-16,3,80.9,melissa.jones@company.com,(820) 239-9499,Active
EMP012435,James,Martinez,James Martinez,39,Operations,Manager,New York,79307.18,9385.07,2021-03-01,17,76.7,james.martinez@company.com,(276) 251-3588,Active
EMP012436,Daniel,Davis,Daniel Davis,48,Sales,Specialist,Los Angeles,69035.41,4846.99,2024-12-19,24,66.9,daniel.davis@company.com,(216) 797-9142,Active
EMP012437,Christopher,Miller,Christopher Miller,62,Finance,Manager,New York,80795.57,12886.47,2020-02-08,39,49.9,christopher.miller@company.com,(403) 490-1261,Inactive
EMP012438,William,Taylor,William Taylor,52,Finance,Specialist,Seattle,71935.47,9904.54,2023-07-30,26,65.8,william.taylor@company.com,(650) 431-2318,Active
EMP012439,Matthew,Taylor,Matthew Taylor,37,Legal,Director,Boston,93655.08,3202.2,2021-02-11,15,81.1,matthew.taylor@company.com,(777) 552-8086,Active
EMP012440,Emily,Davis,Emily Davis,54,Legal,Senior Developer,San Francisco,84007.32,11636.11,2023-09-28,32,64.8,emily.davis@company.com,(925) 691-7108,Inactive
EMP012441,Melissa,Gonzalez,Melissa Gonzalez,22,HR,Director,Boston,50703.44,3003.7,2023-09-25,0,81.5,melissa.gonzalez@company.com,(354) 950-2411,Active
EMP012442,Michael,Miller,Michael Miller,44,Engineering,Lead,Chicago,105082.07,5336.11,2021-09-15,18,64.2,michael.miller@company.com,(951) 634-7407,Active
EMP012443,Anthony,Moore,Anthony Moore,43,Operations,Associate,Boston,60914.98,10173.96,2020-11-06,18,52.5,anthony.moore@company.com,(725) 667-7099,Active
EMP012444,Jessica,Rodriguez,Jessica Rodriguez,57,Marketing,Associate,Los Angeles,102240.92,10020.94,2024-08-31,29,100.0,jessica.rodriguez@company.com,(264) 825-3533,Active
EMP012445,Sarah,Smith,Sarah Smith,62,Marketing,Lead,Boston,87850.66,70.2,2020-10-05,36,73.8,sarah.smith@company.com,(351) 827-4147,Active
EMP012446,Robert,Miller,Robert Miller,54,IT,Coordinator,New York,90738.71,0.0,2021-03-24,30,56.8,robert.miller@company.com,(606) 840-9387,On Leave
EMP012447,Melissa,Johnson,Melissa Johnson,52,Finance,Manager,Austin,81876.3,0.0,2023-08-21,29,90.3,melissa.johnson@company.com,(338) 854-4434,Active
EMP012448,Amanda,Martinez,Amanda Martinez,25,Operations,Specialist,San Francisco,49024.21,2851.39,2022-12-01,0,99.0,amanda.martinez@company.com,(267) 763-2790,Active
EMP012449,Anthony,Jones,Anthony Jones,55,Marketing,Associate,San Francisco,72541.37,12875.99,2024-06-06,32,70.5,anthony.jones@company.com,(201) 842-1528,Active
EMP012450,Jane,Johnson,Jane Johnson,59,HR,Lead,Miami,80172.22,6812.54,2021-05-21,34,87.3,jane.johnson@company.com,(922) 223-8272,Active
EMP012451,William,Williams,William Williams,36,Marketing,Director,Boston,90910.7,12610.81,2024-07-18,7,83.7,william.williams@company.com,(969) 749-4447,Active
EMP012452,Melissa,Rodriguez,Melissa Rodriguez,45,IT,Associate,Boston,81142.68,231.71,2020-09-16,23,68.3,melissa.rodriguez@company.com,(452) 706-6295,On Leave
EMP012453,Matthew,Jones,Matthew Jones,41,Marketing,Specialist,New York,57163.72,6719.05,2021-01-21,14,53.7,matthew.jones@company.com,(513) 444-7148,Active
EMP012454,Jessica,Smith,Jessica Smith,59,Marketing,Director,Seattle,92539.45,8411.3,2023-06-01,33,88.4,jessica.smith@company.com,(240) 788-4566,Active
EMP012455,David,Anderson,David Anderson,56,HR,Lead,Seattle,70677.31,7673.44,2023-06-13,29,68.5,david.anderson@company.com,(299) 712-1454,Inactive
EMP012456,David,Martinez,David Martinez,55,Finance,Lead,Austin,85822.4,6686.24,2020-03-03,29,87.6,david.martinez@company.com,(669) 905-9130,Active
EMP012457,David,Smith,David Smith,51,Finance,Specialist,Seattle,92041.03,3665.92,2021-07-04,28,76.2,david.smith@company.com,(232) 875-4245,On Leave
EMP012458,Michael,Johnson,Michael Johnson,54,HR,Coordinator,Miami,82023.72,2520.98,2023-07-10,25,62.8,michael.johnson@company.com,(665) 284-3714,Active
EMP012459,Michael,Thomas,Michael Thomas,32,HR,Director,Boston,51357.95,8079.86,2024-09-21,3,67.3,michael.thomas@company.com,(469) 965-7002,Active
EMP012460,Matthew,Williams,Matthew Williams,61,Sales,Associate,Los Angeles,104876.17,12384.91,2024-03-19,38,100.0,matthew.williams@company.com,(540) 665-3832,Active
EMP012461,Nicole,Brown,Nicole Brown,51,Engineering,Specialist,Los Angeles,84019.79,9204.13,2021-04-17,28,79.5,nicole.brown@company.com,(781) 523-6476,Active
EMP012462,Jessica,Wilson,Jessica Wilson,48,IT,Director,Chicago,88648.49,2286.64,2022-09-22,24,59.3,jessica.wilson@company.com,(477) 257-5121,Active
EMP012463,Christopher,Jackson,Christopher Jackson,39,Finance,Lead,Boston,92581.23,12562.91,2021-11-28,10,86.6,christopher.jackson@company.com,(851) 665-2194,Inactive
EMP012464,Amanda,Moore,Amanda Moore,59,Legal,Manager,Miami,120967.76,28507.67,2024-06-16,36,70.6,amanda.moore@company.com,(980) 852-1621,Active
EMP012465,Anthony,Miller,Anthony Miller,47,Operations,Lead,San Francisco,54772.12,5122.53,2021-06-10,22,93.9,anthony.miller@company.com,(955) 302-3937,Active
EMP012466,Nicole,Davis,Nicole Davis,27,Sales,Analyst,Chicago,65001.33,7248.96,2021-05-04,0,87.1,nicole.davis@company.com,(894) 809-6562,Active
EMP012467,Emily,Moore,Emily Moore,27,HR,Director,Boston,57920.71,7938.6,2020-06-17,1,69.3,emily.moore@company.com,(771) 521-6590,Active
EMP012468,Amanda,Williams,Amanda Williams,39,Operations,Lead,Seattle,62055.23,8060.66,2021-02-24,17,80.6,amanda.williams@company.com,(715) 870-3056,Active
EMP012469,Nicole,Rodriguez,Nicole Rodriguez,64,HR,Manager,Boston,81033.03,12700.14,2022-10-14,38,58.4,nicole.rodriguez@company.com,(347) 434-2280,Active
EMP012470,Amanda,Smith,Amanda Smith,62,Finance,Senior Developer,New York,131267.44,20497.24,2024-11-26,40,80.5,amanda.smith@company.com,(888) 863-3370,Active
EMP012471,Lisa,Martinez,Lisa Martinez,52,Legal,Specialist,Austin,118003.33,12181.55,2024-10-06,26,84.4,lisa.martinez@company.com,(350) 996-1072,Active
EMP012472,Melissa,Anderson,Melissa Anderson,43,Operations,Associate,Chicago,67753.9,6409.26,2021-02-16,15,85.2,melissa.anderson@company.com,(674) 446-1998,Active
EMP012473,James,Hernandez,James Hernandez,60,HR,Lead,Austin,77213.77,7273.13,2020-10-01,31,72.8,james.hernandez@company.com,(398) 283-6198,Active
EMP012474,Jane,Garcia,Jane Garcia,59,Finance,Coordinator,San Francisco,78068.78,9117.56,2024-05-01,36,79.2,jane.garcia@company.com,(205) 784-2633,Active
EMP012475,Stephanie,Brown,Stephanie Brown,54,Sales,Director,Austin,79419.26,11197.69,2022-09-28,28,62.6,stephanie.brown@company.com,(438) 793-3350,Active
EMP012476,Stephanie,Smith,Stephanie Smith,57,Sales,Manager,Seattle,95876.27,12541.76,2021-08-31,34,84.9,stephanie.smith@company.com,(431) 255-5270,Active
EMP012477,Daniel,Gonzalez,Daniel Gonzalez,63,Marketing,Analyst,Austin,113248.78,2820.06,2021-02-22,38,100.0,daniel.gonzalez@company.com,(362) 597-1492,Active
EMP012478,Daniel,Davis,Daniel Davis,34,Sales,Manager,New York,87569.09,8326.16,2023-04-21,10,93.4,daniel.davis@company.com,(490) 578-2002,Active
EMP012479,William,Moore,William Moore,24,Marketing,Specialist,Miami,54183.31,3002.02,2022-06-14,0,66.3,william.moore@company.com,(844) 291-7133,Active
EMP012480,Jessica,Anderson,Jessica Anderson,43,Finance,Manager,San Francisco,93281.54,16293.57,2021-04-17,14,76.6,jessica.anderson@company.com,(208) 323-2581,Active
EMP012481,James,Jackson,James Jackson,57,Marketing,Lead,Chicago,91188.32,10080.15,2023-07-20,34,79.0,james.jackson@company.com,(267) 580-6637,Active
EMP012482,Christopher,Martin,Christopher Martin,30,IT,Coordinator,Austin,70217.33,9915.5,2021-08-04,4,71.8,christopher.martin@company.com,(874) 887-1127,Active
EMP012483,Emily,Martinez,Emily Martinez,30,Engineering,Analyst,Los Angeles,72922.08,7035.46,2021-04-14,3,90.2,emily.martinez@company.com,(223) 391-8491,On Leave
EMP012484,Michael,Rodriguez,Michael Rodriguez,45,HR,Manager,San Francisco,58726.66,7543.36,2020-03-18,16,96.5,michael.rodriguez@company.com,(720) 338-3472,Active
EMP012485,John,Garcia,John Garcia,31,Operations,Analyst,San Francisco,43340.93,5109.05,2023-04-02,6,84.4,john.garcia@company.com,(730) 687-4543,Active
EMP012486,Ashley,Hernandez,Ashley Hernandez,36,Sales,Director,Seattle,65720.95,8580.54,2020-08-02,12,70.3,ashley.hernandez@company.com,(754) 718-6517,On Leave
EMP012487,Michael,Gonzalez,Michael Gonzalez,47,Legal,Analyst,San Francisco,62716.88,10688.77,2021-09-22,19,82.9,michael.gonzalez@company.com,(466) 493-4822,Active
EMP012488,David,Taylor,David Taylor,46,Operations,Coordinator,Seattle,79609.79,13051.36,2023-01-25,18,62.4,david.taylor@company.com,(376) 874-7567,Active
EMP012489,Michael,Hernandez,Michael Hernandez,27,Marketing,Senior Developer,Los Angeles,65663.58,9594.4,2024-04-03,2,97.6,michael.hernandez@company.com,(292) 733-6689,Active
EMP012490,Sarah,Anderson,Sarah Anderson,55,Legal,Director,New York,78032.64,5140.75,2020-04-18,30,88.0,sarah.anderson@company.com,(556) 473-5114,Active
EMP012491,Anthony,Martinez,Anthony Martinez,44,Engineering,Specialist,Los Angeles,69690.89,5385.76,2022-02-05,17,65.5,anthony.martinez@company.com,(326) 343-6343,Active
EMP012492,Ashley,Martinez,Ashley Martinez,51,Operations,Analyst,Seattle,106042.93,17906.08,2020-12-30,23,70.4,ashley.martinez@company.com,(250) 453-5667,Inactive
EMP012493,Ashley,Smith,Ashley Smith,41,Sales,Director,San Francisco,70566.99,7998.75,2024-04-06,13,71.5,ashley.smith@company.com,(517) 817-8987,Active
EMP012494,David,Rodriguez,David Rodriguez,39,Operations,Lead,Los Angeles,32342.58,3249.02,2022-11-14,11,52.3,david.rodriguez@company.com,(944) 910-2600,Active
EMP012495,John,Hernandez,John Hernandez,38,Finance,Specialist,New York,64331.18,4621.56,2022-06-18,12,77.6,john.hernandez@company.com,(713) 795-6033,Active
EMP012496,Anthony,Garcia,Anthony Garcia,54,HR,Coordinator,Chicago,102285.13,19213.37,2024-09-01,28,72.5,anthony.garcia@company.com,(870) 428-9606,Active
EMP012497,John,Miller,John Miller,43,Legal,Manager,Boston,80423.84,7176.34,2024-11-27,17,88.0,john.miller@company.com,(883) 664-8883,Active
EMP012498,Melissa,Jackson,Melissa Jackson,37,Engineering,Manager,San Francisco,92328.3,9828.76,2023-03-16,14,77.5,melissa.jackson@company.com,(308) 318-8198,Inactive
EMP012499,David,Gonzalez,David Gonzalez,43,HR,Analyst,Miami,77377.03,3907.25,2023-08-03,19,45.9,david.gonzalez@company.com,(209) 240-2549,Active
EMP012500,Lisa,Williams,Lisa Williams,23,Finance,Director,New York,99263.88,6637.31,2024-04-18,0,71.8,lisa.williams@company.com,(951) 940-7769,Active
EMP012501,Matthew,Hernandez,Matthew Hernandez,28,Sales,Specialist,Austin,43019.98,10463.3,2023-05-23,1,96.3,matthew.hernandez@company.com,(748) 366-9106,Active
EMP012502,Lisa,Jones,Lisa Jones,50,Finance,Associate,Seattle,81482.55,5628.28,2024-06-26,26,90.8,lisa.jones@company.com,(874) 470-4389,Active
EMP012503,Lisa,Rodriguez,Lisa Rodriguez,46,Finance,Manager,Miami,65791.61,4223.02,2024-07-25,24,54.4,lisa.rodriguez@company.com,(492) 759-2145,Active
EMP012504,Lisa,Johnson,Lisa Johnson,50,Operations,Coordinator,Los Angeles,47886.6,2059.35,2021-09-01,28,88.2,lisa.johnson@company.com,(587) 437-7810,Active
EMP012505,Lisa,Martin,Lisa Martin,34,IT,Specialist,Los Angeles,71240.67,3470.0,2022-02-01,11,70.4,lisa.martin@company.com,(572) 858-5519,Active
EMP012506,Stephanie,Thomas,Stephanie Thomas,57,Sales,Lead,New York,97680.07,12052.44,2022-09-09,32,60.5,stephanie.thomas@company.com,(208) 326-8824,Active
EMP012507,Michael,Taylor,Michael Taylor,39,Sales,Director,Chicago,67610.31,7549.53,2021-06-30,16,81.1,michael.taylor@company.com,(902) 508-7827,Active
EMP012508,Nicole,Jackson,Nicole Jackson,37,Sales,Director,Chicago,54406.01,4651.14,2023-08-15,12,91.6,nicole.jackson@company.com,(759) 686-2348,Active
EMP012509,Emily,Anderson,Emily Anderson,33,IT,Associate,Miami,69747.23,2996.17,2022-08-24,5,74.1,emily.anderson@company.com,(980) 732-5601,Inactive
EMP012510,David,Davis,David Davis,57,Sales,Associate,Boston,80852.89,5884.82,2020-08-04,33,70.6,david.davis@company.com,(269) 828-4692,Active
EMP012511,Nicole,Martinez,Nicole Martinez,53,IT,Lead,Austin,85551.86,15246.58,2020-04-25,28,81.8,nicole.martinez@company.com,(889) 241-5452,Active
EMP012512,Stephanie,Rodriguez,Stephanie Rodriguez,61,Sales,Senior Developer,New York,104437.72,10652.97,2024-12-01,32,66.3,stephanie.rodriguez@company.com,(570) 592-6097,Active
EMP012513,Anthony,Garcia,Anthony Garcia,43,Sales,Analyst,San Francisco,100345.52,14057.02,2020-07-27,16,53.3,anthony.garcia@company.com,(411) 427-1988,Active
EMP012514,Lisa,Johnson,Lisa Johnson,40,IT,Lead,Miami,126938.81,6381.28,2021-06-08,14,91.2,lisa.johnson@company.com,(585) 712-1838,Active
EMP012515,Lisa,Smith,Lisa Smith,44,Legal,Associate,Boston,91684.48,11320.4,2024-07-22,22,77.4,lisa.smith@company.com,(327) 293-4594,Active
EMP012516,Anthony,Johnson,Anthony Johnson,62,Finance,Associate,New York,81978.24,9652.29,2020-10-25,40,71.5,anthony.johnson@company.com,(626) 699-5954,Active
EMP012517,Michael,Anderson,Michael Anderson,25,Finance,Coordinator,Boston,64910.19,6914.65,2021-08-13,0,81.5,michael.anderson@company.com,(622) 726-2310,Active
EMP012518,Lisa,Hernandez,Lisa Hernandez,61,Legal,Associate,Los Angeles,110633.21,3419.4,2024-12-27,38,95.9,lisa.hernandez@company.com,(366) 561-9392,Active
EMP012519,Christopher,Miller,Christopher Miller,42,Engineering,Associate,Seattle,108022.76,8655.15,2024-06-09,13,77.5,christopher.miller@company.com,(901) 594-2588,Active
EMP012520,Jane,Davis,Jane Davis,30,Marketing,Coordinator,New York,50313.99,3328.93,2021-03-15,7,59.6,jane.davis@company.com,(944) 249-7286,Inactive
EMP012521,Anthony,Johnson,Anthony Johnson,28,Operations,Specialist,Miami,56558.43,4554.07,2020-07-05,3,84.2,anthony.johnson@company.com,(970) 505-9321,Active
EMP012522,Matthew,Miller,Matthew Miller,45,Engineering,Specialist,Chicago,138466.89,15619.98,2023-02-05,17,93.1,matthew.miller@company.com,(908) 746-8518,Active
EMP012523,Christopher,Williams,Christopher Williams,34,Sales,Analyst,Austin,41555.6,8286.1,2023-03-14,7,67.4,christopher.williams@company.com,(729) 765-4466,Active
EMP012524,Stephanie,Brown,Stephanie Brown,22,IT,Manager,Miami,91267.95,11560.52,2020-02-11,0,100.0,stephanie.brown@company.com,(685) 842-2043,Inactive
EMP012525,Melissa,Anderson,Melissa Anderson,48,Operations,Analyst,New York,81482.8,8211.04,2024-07-30,20,60.2,melissa.anderson@company.com,(936) 307-9771,Inactive
EMP012526,Robert,Rodriguez,Robert Rodriguez,40,Marketing,Director,New York,87124.51,8203.57,2022-12-26,17,80.4,robert.rodriguez@company.com,(212) 617-7027,Active
EMP012527,Robert,Williams,Robert Williams,29,Sales,Lead,San Francisco,53767.04,6596.25,2024-06-05,0,77.0,robert.williams@company.com,(608) 815-4653,Active
EMP012528,Sarah,Johnson,Sarah Johnson,32,HR,Manager,San Francisco,57893.67,8763.13,2020-02-08,5,72.4,sarah.johnson@company.com,(372) 599-8773,Active
EMP012529,Robert,Hernandez,Robert Hernandez,30,Legal,Senior Developer,New York,82527.33,2402.03,2023-10-01,1,78.7,robert.hernandez@company.com,(889) 658-8109,On Leave
EMP012530,Robert,Williams,Robert Williams,54,Legal,Senior Developer,Los Angeles,101385.27,8088.28,2021-02-08,28,87.0,robert.williams@company.com,(735) 602-2007,On Leave
EMP012531,Christopher,Smith,Christopher Smith,60,Sales,Specialist,Miami,58383.8,10528.12,2020-11-29,37,76.0,christopher.smith@company.com,(819) 241-7360,Active
EMP012532,Nicole,Williams,Nicole Williams,34,Finance,Senior Developer,Boston,101554.92,8739.74,2020-03-27,10,88.3,nicole.williams@company.com,(525) 799-7199,Active
EMP012533,Amanda,Rodriguez,Amanda Rodriguez,39,Finance,Lead,New York,56656.05,2459.22,2023-02-14,14,77.8,amanda.rodriguez@company.com,(245) 272-6196,Active
EMP012534,William,Moore,William Moore,33,Engineering,Specialist,San Francisco,119359.23,8751.7,2020-04-18,11,59.6,william.moore@company.com,(718) 225-2117,Active
EMP012535,James,Smith,James Smith,51,HR,Coordinator,Miami,89860.56,12326.4,2021-08-31,23,51.8,james.smith@company.com,(540) 256-7064,Active
EMP012536,Nicole,Johnson,Nicole Johnson,42,Sales,Coordinator,Boston,86255.71,11048.88,2023-09-27,19,77.7,nicole.johnson@company.com,(520) 551-2416,Active
EMP012537,Jane,Miller,Jane Miller,46,Finance,Specialist,Miami,96691.97,6215.45,2022-08-31,23,56.1,jane.miller@company.com,(667) 585-5548,On Leave
EMP012538,Jessica,Thomas,Jessica Thomas,25,Legal,Analyst,Chicago,49390.4,4589.52,2022-10-07,0,82.2,jessica.thomas@company.com,(489) 526-2374,Active
EMP012539,Daniel,Anderson,Daniel Anderson,64,IT,Manager,Austin,114576.84,8700.4,2021-08-08,42,55.0,daniel.anderson@company.com,(820) 443-2050,On Leave
EMP012540,James,Miller,James Miller,42,Sales,Specialist,San Francisco,95416.49,12025.79,2020-08-01,19,92.0,james.miller@company.com,(338) 862-4999,Inactive
EMP012541,Sarah,Thomas,Sarah Thomas,56,HR,Associate,Austin,63095.77,2038.99,2023-07-06,29,75.9,sarah.thomas@company.com,(501) 329-9323,On Leave
EMP012542,James,Hernandez,James Hernandez,61,Sales,Director,Boston,84521.53,5093.55,2023-09-02,39,82.4,james.hernandez@company.com,(936) 257-7960,Active
EMP012543,Melissa,Thomas,Melissa Thomas,45,HR,Manager,San Francisco,35628.54,5075.69,2024-12-06,22,68.9,melissa.thomas@company.com,(785) 401-4298,On Leave
EMP012544,David,Moore,David Moore,57,Sales,Specialist,Austin,87512.14,10501.32,2020-02-26,31,37.2,david.moore@company.com,(422) 774-4478,Inactive
EMP012545,Stephanie,Martinez,Stephanie Martinez,31,Marketing,Senior Developer,Boston,80346.06,14442.65,2020-07-03,6,76.9,stephanie.martinez@company.com,(659) 842-1188,Inactive
EMP012546,Matthew,Anderson,Matthew Anderson,32,Operations,Lead,Miami,37829.52,3028.12,2024-08-08,6,94.0,matthew.anderson@company.com,(705) 853-8609,Active
EMP012547,Christopher,Garcia,Christopher Garcia,37,Engineering,Manager,Los Angeles,104674.71,14775.15,2023-08-17,11,67.7,christopher.garcia@company.com,(802) 246-2316,Active
EMP012548,Jane,Martin,Jane Martin,55,Operations,Manager,Boston,44192.12,2485.41,2023-03-22,31,79.4,jane.martin@company.com,(289) 924-2782,Active
EMP012549,Robert,Jones,Robert Jones,32,Marketing,Associate,Miami,68003.78,6761.08,2023-08-19,3,62.5,robert.jones@company.com,(879) 868-1688,Active
EMP012550,Nicole,Rodriguez,Nicole Rodriguez,42,Legal,Manager,New York,109430.59,17113.21,2021-06-20,13,100.0,nicole.rodriguez@company.com,(670) 379-5209,Inactive
EMP012551,Amanda,Thomas,Amanda Thomas,44,Sales,Associate,Chicago,87863.26,9498.46,2022-10-07,19,80.5,amanda.thomas@company.com,(678) 373-9654,Active
EMP012552,Emily,Johnson,Emily Johnson,26,Engineering,Senior Developer,New York,101202.61,7756.14,2021-12-12,1,100.0,emily.johnson@company.com,(487) 643-7195,Active
EMP012553,Nicole,Johnson,Nicole Johnson,49,Legal,Specialist,Miami,101256.28,16233.02,2020-12-27,20,87.0,nicole.johnson@company.com,(844) 569-6171,Active
EMP012554,Anthony,Gonzalez,Anthony Gonzalez,63,Sales,Associate,San Francisco,96603.9,9669.92,2024-05-11,37,49.1,anthony.gonzalez@company.com,(762) 490-8219,Inactive
EMP012555,Matthew,Johnson,Matthew Johnson,38,Finance,Coordinator,New York,77750.73,3025.67,2022-08-31,13,78.1,matthew.johnson@company.com,(385) 492-6550,Active
EMP012556,Melissa,Martinez,Melissa Martinez,65,Sales,Specialist,Los Angeles,79923.92,5420.36,2021-11-12,41,50.9,melissa.martinez@company.com,(403) 682-6209,Active
EMP012557,Lisa,Rodriguez,Lisa Rodriguez,24,Marketing,Associate,Los Angeles,56697.28,6608.63,2020-05-18,1,56.5,lisa.rodriguez@company.com,(240) 813-6926,On Leave
EMP012558,Jessica,Davis,Jessica Davis,51,Engineering,Director,Boston,110730.18,17608.51,2023-04-21,24,83.6,jessica.davis@company.com,(761) 290-4263,Active
EMP012559,Sarah,Thomas,Sarah Thomas,40,Operations,Lead,Chicago,72240.14,6553.18,2020-05-14,13,75.8,sarah.thomas@company.com,(944) 276-5941,Active
EMP012560,Anthony,Miller,Anthony Miller,33,Finance,Analyst,Seattle,53667.75,6869.28,2023-12-06,10,67.6,anthony.miller@company.com,(415) 601-7763,Active
EMP012561,Anthony,Martinez,Anthony Martinez,51,Marketing,Analyst,Austin,85102.86,5515.88,2021-05-09,24,61.8,anthony.martinez@company.com,(592) 267-8350,Active
EMP012562,Matthew,Martin,Matthew Martin,61,IT,Specialist,San Francisco,85689.76,9225.61,2020-06-09,38,62.3,matthew.martin@company.com,(807) 480-5651,Active
EMP012563,Stephanie,Martinez,Stephanie Martinez,35,Finance,Director,Boston,75952.75,8141.75,2023-08-04,10,63.4,stephanie.martinez@company.com,(667) 225-8954,Active
EMP012564,David,Brown,David Brown,46,Operations,Director,New York,69535.22,3767.0,2024-03-27,18,44.9,david.brown@company.com,(389) 220-7222,Active
EMP012565,Daniel,Smith,Daniel Smith,36,Marketing,Director,Miami,28500.0,4439.87,2024-07-06,11,100.0,daniel.smith@company.com,(709) 608-2290,Active
EMP012566,Lisa,Taylor,Lisa Taylor,59,Sales,Senior Developer,Chicago,92945.62,5951.2,2022-09-16,35,84.2,lisa.taylor@company.com,(819) 991-9971,Active
EMP012567,Matthew,Taylor,Matthew Taylor,55,HR,Associate,New York,73051.88,5706.71,2023-11-11,26,55.8,matthew.taylor@company.com,(697) 920-8125,Active
EMP012568,Emily,Thomas,Emily Thomas,23,Engineering,Analyst,Los Angeles,76215.27,7133.4,2020-06-08,0,77.1,emily.thomas@company.com,(798) 772-8308,Active
EMP012569,Michael,Gonzalez,Michael Gonzalez,39,Sales,Analyst,New York,65019.81,5592.21,2020-04-03,11,52.8,michael.gonzalez@company.com,(266) 474-6240,Active
EMP012570,John,Lopez,John Lopez,32,Sales,Analyst,Seattle,90931.22,6011.67,2020-09-22,10,74.3,john.lopez@company.com,(906) 749-3146,Active
EMP012571,Michael,Lopez,Michael Lopez,65,Operations,Senior Developer,Seattle,77833.17,7525.8,2024-05-28,41,85.7,michael.lopez@company.com,(563) 402-2768,Active
EMP012572,William,Thomas,William Thomas,34,Engineering,Manager,Boston,99895.82,10286.04,2022-11-17,5,76.5,william.thomas@company.com,(918) 555-7770,Inactive
EMP012573,Michael,Anderson,Michael Anderson,54,Operations,Specialist,New York,68612.19,5658.36,2024-06-14,32,75.1,michael.anderson@company.com,(641) 575-9813,Active
EMP012574,James,Williams,James Williams,29,Finance,Analyst,Chicago,59183.47,6046.77,2020-01-22,1,72.9,james.williams@company.com,(343) 302-3884,Active
EMP012575,Anthony,Johnson,Anthony Johnson,46,Legal,Associate,Boston,129716.11,6843.85,2020-07-24,23,48.3,anthony.johnson@company.com,(616) 375-7757,Active
EMP012576,Daniel,Thomas,Daniel Thomas,37,Sales,Analyst,Chicago,63323.71,6217.2,2023-05-13,15,66.4,daniel.thomas@company.com,(246) 951-8687,Inactive
EMP012577,John,Johnson,John Johnson,36,Marketing,Coordinator,Boston,74920.01,69.15,2023-07-29,13,89.5,john.johnson@company.com,(714) 336-5074,Active
EMP012578,Matthew,Hernandez,Matthew Hernandez,50,Sales,Manager,Los Angeles,102081.79,10832.5,2024-12-11,23,55.0,matthew.hernandez@company.com,(315) 791-1074,Active
EMP012579,Jessica,Jones,Jessica Jones,63,Legal,Lead,San Francisco,142263.45,14370.95,2024-09-26,34,78.7,jessica.jones@company.com,(594) 639-7237,Active
EMP012580,Michael,Wilson,Michael Wilson,49,HR,Analyst,Seattle,74416.91,4886.07,2024-11-19,27,93.5,michael.wilson@company.com,(409) 232-8367,Active
EMP012581,Sarah,Jackson,Sarah Jackson,65,Finance,Specialist,Boston,78074.54,7314.27,2023-12-26,36,75.0,sarah.jackson@company.com,(477) 724-9857,Active
EMP012582,Melissa,Davis,Melissa Davis,40,IT,Analyst,San Francisco,45830.08,6196.87,2023-07-16,14,47.6,melissa.davis@company.com,(630) 304-3923,Active
EMP012583,Robert,Jackson,Robert Jackson,22,HR,Coordinator,Austin,63021.18,4247.06,2020-04-30,0,77.8,robert.jackson@company.com,(466) 930-4617,Active
EMP012584,Daniel,Anderson,Daniel Anderson,62,IT,Coordinator,Austin,114819.41,19591.79,2022-08-25,40,71.2,daniel.anderson@company.com,(335) 647-3465,Active
EMP012585,Amanda,Wilson,Amanda Wilson,44,Sales,Senior Developer,Seattle,73448.17,1761.96,2023-02-13,18,74.8,amanda.wilson@company.com,(830) 353-4628,Active
EMP012586,Michael,Williams,Michael Williams,31,IT,Analyst,Chicago,62646.82,9347.64,2022-12-22,4,99.2,michael.williams@company.com,(886) 518-3508,Active
EMP012587,Matthew,Thomas,Matthew Thomas,41,IT,Lead,Austin,85277.46,5285.23,2024-07-08,14,55.2,matthew.thomas@company.com,(859) 296-2872,Active
EMP012588,Jessica,Taylor,Jessica Taylor,64,Marketing,Lead,New York,85379.59,9263.7,2023-05-26,38,73.9,jessica.taylor@company.com,(721) 485-3043,Active
EMP012589,Michael,Smith,Michael Smith,59,Marketing,Coordinator,Seattle,70148.62,11689.12,2024-10-31,31,52.7,michael.smith@company.com,(272) 792-2794,Active
EMP012590,Lisa,Davis,Lisa Davis,57,Sales,Lead,Los Angeles,90745.49,6957.22,2024-12-08,28,68.9,lisa.davis@company.com,(917) 931-5298,Active
EMP012591,Emily,Anderson,Emily Anderson,31,Legal,Manager,Miami,60001.75,2948.85,2024-11-01,7,82.8,emily.anderson@company.com,(786) 977-2455,Active
EMP012592,Emily,Martinez,Emily Martinez,49,Engineering,Lead,Los Angeles,135624.82,19490.63,2022-03-09,22,71.6,emily.martinez@company.com,(926) 543-4377,Active
EMP012593,Christopher,Davis,Christopher Davis,32,HR,Senior Developer,New York,64724.43,8939.62,2023-03-15,7,100.0,christopher.davis@company.com,(868) 832-7996,Active
EMP012594,Emily,Martinez,Emily Martinez,49,IT,Specialist,Miami,103474.56,9738.98,2023-09-15,21,92.9,emily.martinez@company.com,(993) 588-9680,Active
EMP012595,Amanda,Johnson,Amanda Johnson,50,Sales,Analyst,Los Angeles,87771.7,4269.31,2023-08-29,26,63.4,amanda.johnson@company.com,(627) 268-5528,Active
EMP012596,Matthew,Brown,Matthew Brown,36,Operations,Senior Developer,Chicago,64026.35,4872.15,2021-05-25,12,91.3,matthew.brown@company.com,(731) 251-3864,Active
EMP012597,Michael,Thomas,Michael Thomas,40,Operations,Specialist,New York,62040.09,6886.4,2021-01-01,17,79.1,michael.thomas@company.com,(337) 283-6473,On Leave
EMP012598,John,Hernandez,John Hernandez,42,Legal,Specialist,Seattle,93294.02,9364.05,2021-11-17,14,78.7,john.hernandez@company.com,(536) 216-1893,Active
EMP012599,Christopher,Brown,Christopher Brown,28,Sales,Analyst,New York,76564.62,9477.27,2021-10-04,5,67.8,christopher.brown@company.com,(991) 482-1378,Active
EMP012600,Daniel,Thomas,Daniel Thomas,55,Engineering,Coordinator,Boston,106109.57,17358.46,2021-10-01,32,51.9,daniel.thomas@company.com,(825) 608-1521,Active
EMP012601,James,Hernandez,James Hernandez,62,Marketing,Manager,Miami,84947.05,6709.61,2021-12-29,39,41.7,james.hernandez@company.com,(770) 770-8993,Active
EMP012602,Jessica,Davis,Jessica Davis,32,HR,Associate,Boston,30633.46,1395.84,2021-10-13,8,63.9,jessica.davis@company.com,(895) 575-5767,Inactive
EMP012603,Matthew,Moore,Matthew Moore,39,Finance,Coordinator,Miami,90179.39,13918.8,2021-11-10,15,77.0,matthew.moore@company.com,(576) 964-5230,Active
EMP012604,Emily,Gonzalez,Emily Gonzalez,28,Engineering,Specialist,Seattle,95444.81,0.0,2021-04-12,3,86.2,emily.gonzalez@company.com,(987) 521-3520,Active
EMP012605,Jessica,Johnson,Jessica Johnson,25,Operations,Senior Developer,Los Angeles,50714.88,7517.68,2023-11-24,2,71.6,jessica.johnson@company.com,(847) 915-2629,Inactive
EMP012606,Emily,Thomas,Emily Thomas,63,Marketing,Lead,Miami,96669.23,3113.25,2021-03-07,34,82.2,emily.thomas@company.com,(730) 377-1057,Active
EMP012607,Christopher,Rodriguez,Christopher Rodriguez,62,Engineering,Associate,Miami,109474.19,1607.37,2024-10-10,33,97.7,christopher.rodriguez@company.com,(563) 951-6635,Inactive
EMP012608,Jane,Davis,Jane Davis,32,Operations,Analyst,Miami,67205.48,9933.99,2023-08-10,5,94.0,jane.davis@company.com,(209) 261-1252,Active
EMP012609,Emily,Miller,Emily Miller,32,Finance,Specialist,San Francisco,75445.83,5164.07,2021-02-24,8,91.3,emily.miller@company.com,(350) 405-6666,Active
EMP012610,Amanda,Lopez,Amanda Lopez,54,Legal,Coordinator,Boston,101923.43,6575.71,2020-08-09,27,84.4,amanda.lopez@company.com,(497) 959-3298,Active
EMP012611,Jessica,Davis,Jessica Davis,43,HR,Lead,Austin,36468.4,5947.72,2023-05-09,14,66.3,jessica.davis@company.com,(213) 721-5387,Active
EMP012612,Anthony,Davis,Anthony Davis,41,IT,Coordinator,Miami,105187.08,6895.12,2024-03-10,17,86.4,anthony.davis@company.com,(722) 895-5666,On Leave
EMP012613,Melissa,Wilson,Melissa Wilson,45,Finance,Coordinator,San Francisco,67848.18,6242.14,2023-01-26,20,55.6,melissa.wilson@company.com,(622) 674-7892,Active
EMP012614,Sarah,Brown,Sarah Brown,36,Sales,Senior Developer,Miami,90038.93,8539.64,2020-08-09,9,67.0,sarah.brown@company.com,(761) 992-2292,Active
EMP012615,Lisa,Taylor,Lisa Taylor,62,Legal,Associate,San Francisco,148805.25,23251.85,2023-05-18,39,61.4,lisa.taylor@company.com,(487) 568-6623,Active
EMP012616,William,Moore,William Moore,60,Sales,Specialist,Chicago,110556.85,12907.36,2021-08-02,32,88.5,william.moore@company.com,(450) 343-3649,Active
EMP012617,John,Taylor,John Taylor,62,Legal,Coordinator,Miami,113245.57,9257.51,2021-08-20,33,100.0,john.taylor@company.com,(611) 881-3058,Active
EMP012618,Lisa,Miller,Lisa Miller,47,Finance,Analyst,Miami,73170.79,1980.14,2020-07-10,20,63.7,lisa.miller@company.com,(541) 229-9687,Active
EMP012619,Sarah,Rodriguez,Sarah Rodriguez,32,Operations,Manager,San Francisco,65480.45,5448.83,2024-04-30,4,60.8,sarah.rodriguez@company.com,(236) 813-9031,Active
EMP012620,Robert,Hernandez,Robert Hernandez,62,Marketing,Manager,New York,108395.22,16333.01,2020-03-13,34,77.4,robert.hernandez@company.com,(598) 398-4238,Active
EMP012621,Nicole,Thomas,Nicole Thomas,30,Engineering,Manager,New York,88506.99,4836.25,2022-09-29,5,96.8,nicole.thomas@company.com,(804) 971-1882,Active
EMP012622,Robert,Brown,Robert Brown,45,Operations,Specialist,New York,72548.86,0.0,2022-02-02,22,51.3,robert.brown@company.com,(342) 217-6665,Active
EMP012623,Stephanie,Brown,Stephanie Brown,36,Legal,Senior Developer,Seattle,78611.26,4877.31,2023-01-20,7,57.5,stephanie.brown@company.com,(562) 992-2992,Active
EMP012624,Amanda,Martinez,Amanda Martinez,30,Legal,Associate,Seattle,63264.59,4610.86,2022-12-15,2,66.7,amanda.martinez@company.com,(471) 698-5069,Active
EMP012625,Jessica,Thomas,Jessica Thomas,35,Operations,Lead,New York,66430.84,5601.98,2024-07-10,12,61.4,jessica.thomas@company.com,(886) 860-2143,Active
EMP012626,David,Taylor,David Taylor,24,HR,Analyst,Chicago,46199.3,7215.99,2020-12-18,0,88.1,david.taylor@company.com,(955) 679-5615,Active
EMP012627,Daniel,Jones,Daniel Jones,33,Engineering,Director,Austin,58433.68,2671.07,2021-09-24,11,75.7,daniel.jones@company.com,(713) 954-3831,Active
EMP012628,Lisa,Martin,Lisa Martin,48,Sales,Analyst,San Francisco,86084.44,6258.23,2022-09-20,24,73.6,lisa.martin@company.com,(647) 838-8587,On Leave
EMP012629,Emily,Garcia,Emily Garcia,31,Finance,Manager,Los Angeles,66543.46,8613.34,2024-09-10,6,77.2,emily.garcia@company.com,(315) 873-5074,Active
EMP012630,Nicole,Rodriguez,Nicole Rodriguez,51,Finance,Manager,Miami,88904.6,9843.97,2023-03-27,24,94.0,nicole.rodriguez@company.com,(509) 580-3287,Active
EMP012631,James,Davis,James Davis,37,IT,Specialist,San Francisco,94771.52,12587.49,2022-10-10,11,79.7,james.davis@company.com,(620) 758-5708,Active
EMP012632,Robert,Moore,Robert Moore,27,HR,Senior Developer,New York,62609.22,2718.33,2022-02-03,0,67.0,robert.moore@company.com,(502) 445-4609,Active
EMP012633,John,Hernandez,John Hernandez,63,Marketing,Director,Seattle,86460.36,12870.57,2021-05-30,41,81.5,john.hernandez@company.com,(539) 887-3748,On Leave
EMP012634,Anthony,Garcia,Anthony Garcia,28,Legal,Director,Los Angeles,49116.86,6776.71,2020-11-06,6,74.5,anthony.garcia@company.com,(265) 266-9409,Inactive
EMP012635,Michael,Davis,Michael Davis,39,HR,Director,Austin,92648.41,17169.64,2021-06-16,14,83.7,michael.davis@company.com,(984) 404-8858,Active
EMP012636,William,Hernandez,William Hernandez,54,HR,Specialist,Miami,73051.17,0.0,2022-12-21,25,76.7,william.hernandez@company.com,(421) 989-5853,Active
EMP012637,Matthew,Miller,Matthew Miller,37,Finance,Associate,Boston,76148.77,8900.99,2020-07-15,12,82.5,matthew.miller@company.com,(832) 518-1007,Active
EMP012638,Daniel,Davis,Daniel Davis,51,Engineering,Analyst,Miami,113575.11,11391.47,2020-07-30,26,74.1,daniel.davis@company.com,(250) 365-7962,Active
EMP012639,Matthew,Martin,Matthew Martin,47,Finance,Manager,Boston,98130.05,8609.56,2024-11-05,24,69.5,matthew.martin@company.com,(590) 687-7081,Inactive
EMP012640,James,Smith,James Smith,44,Operations,Associate,Miami,59418.16,7536.12,2023-01-12,21,82.1,james.smith@company.com,(535) 449-5387,Active
EMP012641,Ashley,Gonzalez,Ashley Gonzalez,57,Legal,Manager,Seattle,112770.69,17403.6,2020-11-15,32,69.6,ashley.gonzalez@company.com,(391) 356-6654,Active
EMP012642,Christopher,Garcia,Christopher Garcia,45,Operations,Senior Developer,Los Angeles,80895.85,7824.51,2021-09-08,23,74.9,christopher.garcia@company.com,(682) 603-9430,Active
EMP012643,David,Rodriguez,David Rodriguez,65,Marketing,Lead,Los Angeles,63282.52,1646.11,2022-09-18,37,77.5,david.rodriguez@company.com,(582) 415-4204,Active
EMP012644,John,Smith,John Smith,31,HR,Specialist,Seattle,50122.92,5284.45,2022-03-12,8,87.0,john.smith@company.com,(477) 704-2868,Active
EMP012645,Ashley,Jones,Ashley Jones,38,Finance,Specialist,Los Angeles,75073.19,9100.65,2022-08-17,12,80.0,ashley.jones@company.com,(841) 460-1617,Active
EMP012646,John,Lopez,John Lopez,62,IT,Associate,San Francisco,90154.87,6335.37,2020-08-07,36,89.9,john.lopez@company.com,(736) 494-7198,Active
EMP012647,Matthew,Anderson,Matthew Anderson,36,Engineering,Manager,Miami,138304.04,10110.82,2022-08-04,11,55.5,matthew.anderson@company.com,(760) 725-7682,Active
EMP012648,Matthew,Lopez,Matthew Lopez,28,Marketing,Director,Chicago,63491.54,5595.08,2020-09-16,6,63.3,matthew.lopez@company.com,(826) 636-3994,Active
EMP012649,William,Johnson,William Johnson,27,Sales,Specialist,New York,87471.66,8701.47,2022-03-28,3,100.0,william.johnson@company.com,(370) 410-9794,Inactive
EMP012650,Amanda,Smith,Amanda Smith,41,IT,Manager,Boston,112761.09,7915.95,2023-05-21,17,54.0,amanda.smith@company.com,(499) 441-2081,Active
EMP012651,Jane,Rodriguez,Jane Rodriguez,41,IT,Coordinator,Austin,73405.31,9072.0,2022-09-18,12,72.1,jane.rodriguez@company.com,(385) 444-6046,Active
EMP012652,Christopher,Martinez,Christopher Martinez,43,IT,Manager,New York,101666.01,5498.58,2024-06-10,14,69.7,christopher.martinez@company.com,(830) 469-9184,Active
EMP012653,Anthony,Jackson,Anthony Jackson,65,Sales,Director,San Francisco,98506.86,12189.91,2024-11-23,41,54.0,anthony.jackson@company.com,(602) 795-7924,Active
EMP012654,Stephanie,Smith,Stephanie Smith,47,HR,Director,Austin,65599.75,8788.03,2020-08-06,23,71.5,stephanie.smith@company.com,(650) 394-7596,Active
EMP012655,Emily,Miller,Emily Miller,47,Legal,Lead,Miami,116089.43,12161.24,2021-06-21,21,72.3,emily.miller@company.com,(629) 942-2393,Active
EMP012656,Matthew,Thomas,Matthew Thomas,42,Marketing,Specialist,Chicago,73586.16,3012.21,2023-03-14,18,94.9,matthew.thomas@company.com,(949) 654-6546,Inactive
EMP012657,Ashley,Garcia,Ashley Garcia,47,HR,Director,Chicago,62227.3,10718.35,2022-05-26,22,42.0,ashley.garcia@company.com,(547) 614-9056,Active
EMP012658,James,Martinez,James Martinez,62,HR,Manager,New York,72103.02,4486.87,2021-10-08,39,95.4,james.martinez@company.com,(898) 401-7266,Active
EMP012659,William,Lopez,William Lopez,48,Sales,Lead,Chicago,99221.01,4589.79,2022-07-10,22,72.8,william.lopez@company.com,(333) 499-9225,Active
EMP012660,Robert,Thomas,Robert Thomas,57,Operations,Coordinator,Miami,60178.23,1801.74,2021-12-09,33,74.1,robert.thomas@company.com,(418) 842-5593,Active
EMP012661,Michael,Miller,Michael Miller,29,Marketing,Specialist,San Francisco,49603.96,5553.92,2024-11-09,0,82.1,michael.miller@company.com,(246) 417-8364,Active
EMP012662,Anthony,Williams,Anthony Williams,22,Finance,Lead,Los Angeles,76752.15,0.0,2020-06-04,0,91.0,anthony.williams@company.com,(538) 640-6581,Active
EMP012663,Amanda,Davis,Amanda Davis,43,Finance,Director,Los Angeles,83292.39,5852.34,2023-08-15,21,54.0,amanda.davis@company.com,(350) 738-9616,Active
EMP012664,Nicole,Brown,Nicole Brown,47,HR,Director,Los Angeles,73706.99,11585.62,2021-04-10,24,89.1,nicole.brown@company.com,(890) 598-6157,Active
EMP012665,Matthew,Smith,Matthew Smith,41,Finance,Coordinator,Miami,50388.97,1606.07,2021-08-21,17,56.3,matthew.smith@company.com,(860) 225-2453,On Leave
EMP012666,Emily,Gonzalez,Emily Gonzalez,65,HR,Manager,Miami,101551.27,14087.69,2023-11-25,36,91.5,emily.gonzalez@company.com,(375) 679-5020,Inactive
EMP012667,Michael,Brown,Michael Brown,59,HR,Specialist,Miami,95482.01,14841.66,2023-03-20,35,77.8,michael.brown@company.com,(540) 835-7578,Active
EMP012668,David,Martinez,David Martinez,33,HR,Specialist,Chicago,54672.48,4555.91,2021-09-16,4,75.0,david.martinez@company.com,(927) 837-7098,Active
EMP012669,Melissa,Anderson,Melissa Anderson,31,IT,Associate,San Francisco,60838.51,6905.15,2024-08-25,2,61.3,melissa.anderson@company.com,(294) 578-1874,Active
EMP012670,Sarah,Lopez,Sarah Lopez,52,Marketing,Lead,San Francisco,84236.43,8319.27,2020-10-18,24,38.0,sarah.lopez@company.com,(459) 970-7124,Inactive
EMP012671,Daniel,Brown,Daniel Brown,27,Engineering,Senior Developer,Los Angeles,59133.14,7976.44,2022-01-02,4,75.1,daniel.brown@company.com,(258) 991-9329,Inactive
EMP012672,David,Brown,David Brown,39,Legal,Lead,New York,87024.63,13046.02,2020-03-27,14,60.4,david.brown@company.com,(857) 804-2628,Active
EMP012673,William,Rodriguez,William Rodriguez,61,Finance,Specialist,Miami,96742.97,610.73,2022-05-12,39,62.3,william.rodriguez@company.com,(292) 219-3484,Active
EMP012674,John,Taylor,John Taylor,53,Sales,Analyst,New York,85581.38,13607.86,2022-06-01,31,80.7,john.taylor@company.com,(811) 373-7176,Active
EMP012675,Lisa,Jackson,Lisa Jackson,61,Marketing,Manager,Boston,55039.44,1137.54,2024-03-09,37,61.9,lisa.jackson@company.com,(447) 783-9753,Active
EMP012676,John,Smith,John Smith,51,Marketing,Specialist,Seattle,73653.22,10910.84,2021-05-01,28,64.2,john.smith@company.com,(276) 900-4914,Active
EMP012677,Jane,Martinez,Jane Martinez,23,Legal,Director,San Francisco,102980.24,6673.82,2024-03-21,0,54.4,jane.martinez@company.com,(950) 380-5591,Inactive
EMP012678,Lisa,Davis,Lisa Davis,30,IT,Associate,Austin,88056.68,0.0,2021-09-10,5,75.1,lisa.davis@company.com,(682) 646-3330,Active
EMP012679,Christopher,Johnson,Christopher Johnson,38,Finance,Coordinator,Chicago,50594.14,3898.12,2022-02-27,14,71.9,christopher.johnson@company.com,(267) 369-1374,Active
EMP012680,Melissa,Williams,Melissa Williams,22,Legal,Lead,Los Angeles,45676.95,4617.47,2024-07-10,0,89.0,melissa.williams@company.com,(228) 407-4616,Active
EMP012681,Lisa,Martinez,Lisa Martinez,29,Finance,Specialist,Boston,55810.59,4025.91,2020-04-04,1,64.3,lisa.martinez@company.com,(363) 414-8840,Active
EMP012682,Robert,Jackson,Robert Jackson,51,Legal,Analyst,Chicago,113647.49,6994.19,2020-05-30,28,55.0,robert.jackson@company.com,(874) 752-1234,Active
EMP012683,William,Jones,William Jones,42,Legal,Associate,Chicago,116186.58,15543.15,2021-04-07,18,64.8,william.jones@company.com,(769) 316-7087,Active
EMP012684,David,Taylor,David Taylor,23,Marketing,Specialist,New York,37874.27,0.0,2023-08-18,1,81.5,david.taylor@company.com,(826) 680-8900,Active
EMP012685,Matthew,Johnson,Matthew Johnson,26,Sales,Associate,Austin,81321.28,9467.16,2024-05-04,3,75.1,matthew.johnson@company.com,(732) 463-7849,Active
EMP012686,Matthew,Rodriguez,Matthew Rodriguez,57,Sales,Associate,New York,76789.08,9525.11,2023-06-29,29,77.5,matthew.rodriguez@company.com,(336) 374-8498,Active
EMP012687,William,Williams,William Williams,38,Sales,Manager,San Francisco,97295.98,8974.16,2023-01-10,11,88.7,william.williams@company.com,(653) 735-2892,Active
EMP012688,Jessica,Anderson,Jessica Anderson,30,Sales,Manager,Los Angeles,64814.26,5348.05,2023-03-18,6,81.3,jessica.anderson@company.com,(689) 946-4763,Active
EMP012689,Amanda,Brown,Amanda Brown,22,Sales,Associate,Seattle,50941.2,4408.68,2020-01-18,0,73.9,amanda.brown@company.com,(679) 724-4351,Active
EMP012690,Michael,Moore,Michael Moore,46,Operations,Lead,Boston,40244.07,8430.01,2024-01-04,24,69.9,michael.moore@company.com,(712) 979-3932,Active
EMP012691,Sarah,Jones,Sarah Jones,29,Legal,Analyst,Seattle,114793.88,18706.57,2021-12-30,2,81.1,sarah.jones@company.com,(924) 665-2987,Active
EMP012692,Jessica,Smith,Jessica Smith,34,Operations,Specialist,New York,59859.57,6778.68,2024-10-06,11,70.5,jessica.smith@company.com,(474) 553-7741,Active
EMP012693,Melissa,Davis,Melissa Davis,25,Finance,Lead,San Francisco,60040.86,10837.49,2022-10-06,2,52.9,melissa.davis@company.com,(214) 432-2126,Active
EMP012694,David,Thomas,David Thomas,33,Sales,Associate,New York,76265.42,4639.51,2022-09-22,9,77.2,david.thomas@company.com,(811) 553-2606,Active
EMP012695,Nicole,Thomas,Nicole Thomas,56,Sales,Coordinator,Chicago,51318.14,5323.41,2022-12-05,27,78.7,nicole.thomas@company.com,(215) 290-1566,Active
EMP012696,Anthony,Brown,Anthony Brown,40,Finance,Associate,Boston,90524.41,19586.01,2022-02-18,15,70.4,anthony.brown@company.com,(654) 588-9334,Active
EMP012697,Amanda,Davis,Amanda Davis,53,Sales,Coordinator,San Francisco,79929.61,0.0,2023-04-03,24,93.8,amanda.davis@company.com,(563) 899-8345,Active
EMP012698,Daniel,Garcia,Daniel Garcia,42,Sales,Senior Developer,New York,83170.78,9915.6,2020-07-28,20,75.9,daniel.garcia@company.com,(803) 638-3402,Active
EMP012699,Stephanie,Lopez,Stephanie Lopez,27,Engineering,Senior Developer,Miami,105073.47,2143.84,2024-07-21,3,44.3,stephanie.lopez@company.com,(358) 885-9195,Active
EMP012700,William,Martin,William Martin,24,IT,Manager,Seattle,120947.0,12998.56,2021-11-15,0,77.1,william.martin@company.com,(470) 399-3025,Active
EMP012701,John,Gonzalez,John Gonzalez,30,Finance,Specialist,Los Angeles,80510.85,10082.08,2023-12-20,8,80.6,john.gonzalez@company.com,(987) 800-2391,Active
EMP012702,Robert,Brown,Robert Brown,29,IT,Manager,Austin,82988.72,14799.37,2022-04-17,3,85.8,robert.brown@company.com,(339) 656-5980,Active
EMP012703,Jessica,Jones,Jessica Jones,33,Marketing,Manager,Chicago,66231.59,5891.68,2020-05-23,11,90.8,jessica.jones@company.com,(966) 913-5553,Active
EMP012704,Robert,Wilson,Robert Wilson,53,Finance,Senior Developer,Boston,68507.24,10077.74,2020-09-21,26,66.1,robert.wilson@company.com,(958) 977-6248,Active
EMP012705,Christopher,Martinez,Christopher Martinez,52,Finance,Senior Developer,Seattle,86574.03,10965.58,2020-10-02,26,81.9,christopher.martinez@company.com,(499) 661-6786,Active
EMP012706,David,Smith,David Smith,41,Marketing,Specialist,Los Angeles,65521.46,4352.58,2021-06-09,18,91.8,david.smith@company.com,(817) 678-7344,Active
EMP012707,Sarah,Smith,Sarah Smith,65,Finance,Specialist,Los Angeles,94056.55,17759.12,2024-07-28,38,77.8,sarah.smith@company.com,(699) 342-1399,Active
EMP012708,Melissa,Martin,Melissa Martin,52,Operations,Senior Developer,Boston,49213.27,5990.49,2021-06-17,29,99.3,melissa.martin@company.com,(782) 729-8486,Active
EMP012709,Emily,Martin,Emily Martin,45,Sales,Coordinator,Los Angeles,94961.25,7742.13,2020-11-05,23,68.4,emily.martin@company.com,(259) 225-1614,Active
EMP012710,Lisa,Johnson,Lisa Johnson,58,Legal,Associate,Los Angeles,119929.8,11281.93,2022-09-23,30,66.8,lisa.johnson@company.com,(223) 459-3533,Active
EMP012711,Melissa,Johnson,Melissa Johnson,61,Operations,Manager,Los Angeles,71143.92,6883.87,2022-03-10,37,78.3,melissa.johnson@company.com,(604) 487-1261,Active
EMP012712,Sarah,Moore,Sarah Moore,34,IT,Analyst,Seattle,59260.96,5515.6,2021-03-09,6,85.7,sarah.moore@company.com,(627) 489-7076,Active
EMP012713,David,Lopez,David Lopez,46,Finance,Analyst,Chicago,82476.51,9957.46,2022-03-19,23,88.7,david.lopez@company.com,(560) 938-1397,On Leave
EMP012714,Jessica,Johnson,Jessica Johnson,65,Finance,Senior Developer,Seattle,69254.78,9623.98,2022-04-06,39,72.7,jessica.johnson@company.com,(677) 866-3836,Active
EMP012715,Anthony,Martinez,Anthony Martinez,38,Operations,Coordinator,Austin,66560.19,0.0,2023-08-08,14,74.0,anthony.martinez@company.com,(339) 842-6406,Active
EMP012716,Sarah,Johnson,Sarah Johnson,49,HR,Senior Developer,Los Angeles,69146.29,6223.55,2023-12-19,27,86.0,sarah.johnson@company.com,(615) 889-3103,Active
EMP012717,Nicole,Anderson,Nicole Anderson,64,Operations,Associate,New York,81890.47,14371.01,2024-10-26,41,65.8,nicole.anderson@company.com,(564) 894-1655,Active
EMP012718,Anthony,Taylor,Anthony Taylor,51,Operations,Director,Chicago,73028.63,1597.03,2023-07-12,29,69.2,anthony.taylor@company.com,(342) 960-9011,Active
EMP012719,John,Jones,John Jones,24,Sales,Associate,New York,30000.0,3560.02,2023-05-20,0,56.0,john.jones@company.com,(699) 471-4992,Active
EMP012720,Ashley,Jackson,Ashley Jackson,65,IT,Lead,Miami,126867.15,2011.99,2024-10-05,39,83.2,ashley.jackson@company.com,(410) 284-6609,On Leave
EMP012721,Stephanie,Moore,Stephanie Moore,62,HR,Specialist,Chicago,85830.21,6100.75,2020-03-06,40,73.6,stephanie.moore@company.com,(745) 348-2194,Active
EMP012722,Robert,Brown,Robert Brown,25,Operations,Coordinator,San Francisco,36707.84,3716.79,2020-08-26,0,77.4,robert.brown@company.com,(988) 783-5499,Active
EMP012723,David,Taylor,David Taylor,52,Sales,Manager,New York,83110.31,3342.96,2024-12-15,27,73.1,david.taylor@company.com,(619) 454-4755,Inactive
EMP012724,Lisa,Garcia,Lisa Garcia,37,Engineering,Analyst,San Francisco,110131.48,15438.61,2023-08-23,11,65.2,lisa.garcia@company.com,(686) 690-7774,Active
EMP012725,David,Miller,David Miller,41,Finance,Senior Developer,Austin,74880.3,6819.63,2021-12-06,18,70.8,david.miller@company.com,(666) 547-5501,Active
EMP012726,Michael,Williams,Michael Williams,26,HR,Director,Seattle,76721.89,5674.91,2022-02-12,1,78.5,michael.williams@company.com,(253) 925-7237,Active
EMP012727,Melissa,Brown,Melissa Brown,32,HR,Director,San Francisco,65920.64,8031.94,2020-06-12,4,48.3,melissa.brown@company.com,(458) 405-8750,Active
EMP012728,David,Hernandez,David Hernandez,55,IT,Director,Austin,101670.47,7872.11,2024-07-23,32,70.2,david.hernandez@company.com,(663) 959-3308,Active
EMP012729,James,Martin,James Martin,50,Marketing,Associate,Los Angeles,89263.0,19611.57,2022-07-17,24,62.9,james.martin@company.com,(562) 206-4340,Inactive
EMP012730,Michael,Hernandez,Michael Hernandez,24,Sales,Director,New York,83059.89,8754.38,2020-03-05,0,83.4,michael.hernandez@company.com,(202) 963-9049,Active
EMP012731,David,Johnson,David Johnson,27,Engineering,Lead,New York,85282.05,8876.01,2021-02-01,0,60.4,david.johnson@company.com,(344) 710-3843,Active
EMP012732,William,Jones,William Jones,36,Engineering,Manager,Austin,116117.47,3344.24,2023-06-21,11,71.9,william.jones@company.com,(546) 853-2332,Active
EMP012733,Daniel,Rodriguez,Daniel Rodriguez,31,Sales,Lead,Chicago,57507.49,6288.52,2021-11-21,9,45.6,daniel.rodriguez@company.com,(919) 470-4848,Active
EMP012734,William,Garcia,William Garcia,42,IT,Coordinator,Seattle,71954.48,0.0,2020-01-02,13,79.7,william.garcia@company.com,(774) 419-8654,Active
EMP012735,Daniel,Wilson,Daniel Wilson,57,Operations,Manager,Los Angeles,75134.22,11108.73,2023-03-15,31,83.3,daniel.wilson@company.com,(384) 503-9172,Active
EMP012736,Jane,Brown,Jane Brown,39,Engineering,Specialist,New York,53906.32,4124.77,2021-01-06,17,85.5,jane.brown@company.com,(370) 201-3326,Active
EMP012737,Matthew,Lopez,Matthew Lopez,31,HR,Coordinator,Los Angeles,49856.34,8122.54,2024-09-13,7,72.4,matthew.lopez@company.com,(467) 457-4445,Active
EMP012738,Anthony,Garcia,Anthony Garcia,39,IT,Director,Boston,64479.14,4430.29,2023-06-28,10,65.1,anthony.garcia@company.com,(648) 950-7872,On Leave
EMP012739,David,Jones,David Jones,22,HR,Senior Developer,Seattle,61053.48,4441.71,2023-10-08,0,80.4,david.jones@company.com,(703) 464-4140,Active
EMP012740,Sarah,Brown,Sarah Brown,61,IT,Senior Developer,San Francisco,95115.98,14172.29,2024-01-23,36,67.5,sarah.brown@company.com,(964) 963-5877,Active
EMP012741,Lisa,Davis,Lisa Davis,49,Sales,Director,Seattle,97547.17,12122.17,2021-08-06,27,60.7,lisa.davis@company.com,(418) 798-9363,Active
EMP012742,Matthew,Moore,Matthew Moore,45,Operations,Specialist,Austin,55148.25,5438.79,2020-11-05,22,100.0,matthew.moore@company.com,(629) 395-1553,Active
EMP012743,Daniel,Anderson,Daniel Anderson,53,Finance,Manager,New York,71441.59,8770.98,2021-10-26,25,83.7,daniel.anderson@company.com,(852) 776-7699,Active
EMP012744,Jessica,Anderson,Jessica Anderson,46,Sales,Manager,Austin,104408.74,0.0,2022-08-23,17,69.3,jessica.anderson@company.com,(585) 715-5089,Active
EMP012745,Sarah,Jones,Sarah Jones,25,HR,Senior Developer,Los Angeles,49304.58,4243.59,2023-08-31,0,40.2,sarah.jones@company.com,(281) 316-4448,Active
EMP012746,Melissa,Jackson,Melissa Jackson,28,HR,Associate,New York,39712.69,4222.89,2024-02-13,0,66.2,melissa.jackson@company.com,(275) 824-1766,Active
EMP012747,Amanda,Lopez,Amanda Lopez,25,Marketing,Associate,Boston,55801.06,5438.86,2021-09-16,0,72.7,amanda.lopez@company.com,(814) 758-8731,Active
EMP012748,Ashley,Taylor,Ashley Taylor,47,Operations,Specialist,Seattle,64657.19,7756.68,2020-11-03,19,65.7,ashley.taylor@company.com,(276) 404-2124,On Leave
EMP012749,Jane,Lopez,Jane Lopez,26,Operations,Associate,Austin,54286.53,0.0,2022-06-05,0,64.0,jane.lopez@company.com,(970) 509-6859,On Leave
EMP012750,Melissa,Anderson,Melissa Anderson,54,IT,Director,Chicago,132235.97,1710.97,2024-12-15,27,76.5,melissa.anderson@company.com,(259) 580-1916,Active
EMP012751,James,Brown,James Brown,45,Engineering,Manager,New York,105313.43,11928.12,2020-06-06,22,81.7,james.brown@company.com,(212) 943-3797,Active
EMP012752,Emily,Lopez,Emily Lopez,33,Sales,Associate,Austin,76545.73,7234.4,2024-09-08,6,97.4,emily.lopez@company.com,(399) 898-4705,Active
EMP012753,Melissa,Wilson,Melissa Wilson,54,HR,Senior Developer,Austin,73313.02,13463.26,2020-04-30,29,77.9,melissa.wilson@company.com,(841) 670-3009,Active
EMP012754,Christopher,Taylor,Christopher Taylor,65,HR,Manager,San Francisco,70201.35,6948.76,2020-10-02,38,78.1,christopher.taylor@company.com,(567) 495-5678,Active
EMP012755,Nicole,Miller,Nicole Miller,46,Engineering,Analyst,Los Angeles,89936.22,9975.1,2023-12-28,17,67.5,nicole.miller@company.com,(277) 672-5021,Active
EMP012756,Lisa,Garcia,Lisa Garcia,59,Marketing,Manager,Austin,65940.64,8869.69,2022-06-05,37,70.4,lisa.garcia@company.com,(579) 267-8832,Active
EMP012757,Anthony,Garcia,Anthony Garcia,28,Finance,Senior Developer,San Francisco,67893.57,8425.61,2022-10-01,2,76.5,anthony.garcia@company.com,(251) 964-4608,Active
EMP012758,Ashley,Moore,Ashley Moore,60,IT,Lead,San Francisco,112455.16,18461.4,2021-06-12,32,50.9,ashley.moore@company.com,(703) 978-2052,Active
EMP012759,James,Garcia,James Garcia,46,Operations,Manager,Chicago,70455.27,11868.4,2023-09-26,18,73.2,james.garcia@company.com,(454) 301-4735,On Leave
EMP012760,William,Williams,William Williams,24,HR,Senior Developer,Boston,51079.54,5716.91,2022-12-31,0,73.2,william.williams@company.com,(743) 868-1697,Active
EMP012761,Sarah,Anderson,Sarah Anderson,52,IT,Lead,Seattle,121861.41,13986.58,2020-08-16,24,80.3,sarah.anderson@company.com,(849) 676-5798,Active
EMP012762,James,Jackson,James Jackson,47,Sales,Lead,Seattle,64371.16,4529.29,2021-02-20,23,69.7,james.jackson@company.com,(578) 865-6129,Inactive
EMP012763,Amanda,Garcia,Amanda Garcia,38,Marketing,Analyst,Austin,78178.54,7790.54,2022-06-16,13,69.5,amanda.garcia@company.com,(515) 332-6966,Active
EMP012764,Emily,Martinez,Emily Martinez,29,Marketing,Director,Chicago,63571.73,9256.54,2024-06-17,5,78.4,emily.martinez@company.com,(331) 250-7701,Active
EMP012765,Christopher,Taylor,Christopher Taylor,37,IT,Manager,New York,74740.93,9687.01,2022-12-11,12,61.3,christopher.taylor@company.com,(995) 925-6560,Active
EMP012766,Lisa,Smith,Lisa Smith,24,HR,Senior Developer,New York,60058.3,11789.49,2023-01-31,0,93.7,lisa.smith@company.com,(614) 861-3287,Active
EMP012767,Matthew,Martinez,Matthew Martinez,34,Sales,Specialist,Boston,49602.42,2197.23,2020-09-20,10,62.8,matthew.martinez@company.com,(976) 728-3000,Active
EMP012768,Nicole,Anderson,Nicole Anderson,50,Marketing,Analyst,Los Angeles,72103.73,12062.6,2022-08-28,25,84.2,nicole.anderson@company.com,(601) 902-8431,Active
EMP012769,William,Jackson,William Jackson,51,Finance,Director,New York,117616.57,16147.89,2022-04-04,22,55.8,william.jackson@company.com,(794) 521-7302,Active
EMP012770,Melissa,Brown,Melissa Brown,45,Finance,Senior Developer,Seattle,108002.05,3742.78,2020-06-22,23,91.0,melissa.brown@company.com,(904) 720-6351,Active
EMP012771,Lisa,Davis,Lisa Davis,38,Engineering,Coordinator,New York,96029.28,15681.84,2020-12-27,11,75.0,lisa.davis@company.com,(940) 932-4577,Active
EMP012772,Ashley,Rodriguez,Ashley Rodriguez,30,HR,Director,Los Angeles,60266.8,8092.77,2024-01-01,3,64.6,ashley.rodriguez@company.com,(421) 456-9755,Active
EMP012773,William,Williams,William Williams,38,IT,Associate,Miami,62522.81,1198.84,2021-08-04,12,100.0,william.williams@company.com,(565) 246-8196,Active
EMP012774,William,Johnson,William Johnson,27,Legal,Lead,Miami,98301.4,11108.06,2022-08-03,2,67.2,william.johnson@company.com,(675) 476-9000,Active
EMP012775,Ashley,Garcia,Ashley Garcia,49,Marketing,Analyst,Miami,58487.33,2699.95,2021-07-23,22,62.3,ashley.garcia@company.com,(465) 804-3043,Active
EMP012776,Nicole,Garcia,Nicole Garcia,36,IT,Director,Chicago,100790.54,12893.82,2020-02-06,8,65.3,nicole.garcia@company.com,(716) 311-5056,Active
EMP012777,Amanda,Martin,Amanda Martin,60,Finance,Lead,Los Angeles,85745.25,12863.34,2023-11-17,35,73.8,amanda.martin@company.com,(545) 693-4431,Active
EMP012778,Amanda,Martinez,Amanda Martinez,45,Engineering,Lead,Chicago,117510.08,1100.3,2024-10-08,17,85.3,amanda.martinez@company.com,(260) 989-6583,Active
EMP012779,Sarah,Anderson,Sarah Anderson,32,Sales,Senior Developer,Los Angeles,63763.91,5132.56,2024-11-19,3,51.3,sarah.anderson@company.com,(444) 340-6103,Active
EMP012780,Jane,Gonzalez,Jane Gonzalez,65,Engineering,Manager,Miami,110319.93,625.41,2023-07-13,39,53.8,jane.gonzalez@company.com,(222) 330-5382,Active
EMP012781,William,Hernandez,William Hernandez,33,Finance,Coordinator,Miami,67661.98,1839.72,2020-02-16,9,71.6,william.hernandez@company.com,(928) 611-4291,Active
EMP012782,Amanda,Moore,Amanda Moore,52,IT,Coordinator,Chicago,69048.44,7044.37,2023-12-31,29,82.0,amanda.moore@company.com,(435) 371-4996,Active
EMP012783,Michael,Jackson,Michael Jackson,51,Sales,Specialist,Los Angeles,82729.58,10794.74,2023-12-26,22,61.5,michael.jackson@company.com,(472) 645-8884,Active
EMP012784,Melissa,Gonzalez,Melissa Gonzalez,55,Marketing,Specialist,Chicago,79372.29,10036.48,2020-03-22,29,83.1,melissa.gonzalez@company.com,(597) 522-5706,Active
EMP012785,David,Johnson,David Johnson,27,Marketing,Director,Boston,44448.94,4325.61,2021-03-16,2,64.3,david.johnson@company.com,(422) 746-1438,Active
EMP012786,Lisa,Garcia,Lisa Garcia,56,Finance,Analyst,Seattle,83492.77,13394.16,2021-12-02,31,84.9,lisa.garcia@company.com,(514) 857-7783,Active
EMP012787,Lisa,Jackson,Lisa Jackson,55,Legal,Senior Developer,Austin,99686.81,5370.9,2024-09-10,33,62.8,lisa.jackson@company.com,(585) 617-3603,Active
EMP012788,William,Lopez,William Lopez,22,IT,Specialist,New York,46527.98,8493.02,2022-11-24,0,94.8,william.lopez@company.com,(737) 534-9030,Active
EMP012789,William,Smith,William Smith,42,Finance,Coordinator,Austin,98083.56,8497.02,2020-08-26,13,77.5,william.smith@company.com,(287) 245-3898,Active
EMP012790,James,Martin,James Martin,61,Operations,Lead,Los Angeles,81293.34,3402.04,2024-02-09,37,75.2,james.martin@company.com,(798) 349-3544,Active
EMP012791,Jane,Jackson,Jane Jackson,61,Engineering,Associate,Los Angeles,93588.73,8435.64,2020-01-09,37,83.7,jane.jackson@company.com,(939) 251-6667,Active
EMP012792,John,Thomas,John Thomas,54,Operations,Associate,Miami,79172.86,8763.78,2024-02-17,30,79.4,john.thomas@company.com,(389) 693-7848,Active
EMP012793,Sarah,Garcia,Sarah Garcia,53,IT,Analyst,Chicago,106557.25,1322.29,2020-12-26,30,89.2,sarah.garcia@company.com,(361) 231-9175,Active
EMP012794,Anthony,Jones,Anthony Jones,49,Operations,Lead,Miami,61740.14,3697.25,2023-02-09,23,100.0,anthony.jones@company.com,(794) 752-3978,Active
EMP012795,Melissa,Wilson,Melissa Wilson,32,Legal,Manager,Miami,96152.73,18286.4,2022-07-05,7,91.6,melissa.wilson@company.com,(490) 242-7957,Inactive
EMP012796,Michael,Thomas,Michael Thomas,63,Finance,Associate,New York,92423.24,10328.55,2021-04-09,38,100.0,michael.thomas@company.com,(748) 533-6511,Active
EMP012797,Ashley,Hernandez,Ashley Hernandez,54,Marketing,Senior Developer,Seattle,59615.89,6209.84,2021-07-19,30,72.1,ashley.hernandez@company.com,(302) 982-2103,Active
EMP012798,Jane,Hernandez,Jane Hernandez,60,Sales,Associate,Austin,80498.78,12814.08,2020-09-07,37,92.2,jane.hernandez@company.com,(759) 531-7273,Active
EMP012799,Emily,Smith,Emily Smith,30,Sales,Senior Developer,Los Angeles,45451.11,3206.43,2020-07-14,2,100.0,emily.smith@company.com,(504) 851-6225,Active
EMP012800,Christopher,Thomas,Christopher Thomas,25,Marketing,Analyst,Los Angeles,60609.88,4543.16,2022-04-30,0,100.0,christopher.thomas@company.com,(563) 833-7146,Active
EMP012801,Robert,Hernandez,Robert Hernandez,61,Engineering,Director,Chicago,98057.48,3015.37,2020-10-28,34,62.6,robert.hernandez@company.com,(418) 264-5279,Active
EMP012802,Robert,Lopez,Robert Lopez,25,Finance,Senior Developer,New York,60134.54,8527.29,2021-07-04,0,81.3,robert.lopez@company.com,(829) 612-1620,Active
EMP012803,Sarah,Martinez,Sarah Martinez,36,Finance,Coordinator,Miami,99199.48,3131.65,2021-03-22,13,100.0,sarah.martinez@company.com,(728) 213-6187,Active
EMP012804,Lisa,Rodriguez,Lisa Rodriguez,36,Sales,Director,San Francisco,74904.8,8694.55,2021-04-10,11,71.0,lisa.rodriguez@company.com,(332) 772-4616,Active
EMP012805,Ashley,Brown,Ashley Brown,60,Engineering,Associate,Austin,131152.11,12654.32,2024-05-08,32,86.8,ashley.brown@company.com,(276) 749-6011,Active
EMP012806,Emily,Smith,Emily Smith,44,Sales,Associate,Boston,69319.22,2992.04,2021-12-02,22,76.0,emily.smith@company.com,(994) 462-6852,Active
EMP012807,Ashley,Garcia,Ashley Garcia,32,IT,Coordinator,Chicago,58593.13,0.0,2024-11-10,5,77.0,ashley.garcia@company.com,(707) 955-1013,Active
EMP012808,Robert,Martinez,Robert Martinez,59,IT,Analyst,Chicago,109987.69,13156.74,2021-07-13,34,63.4,robert.martinez@company.com,(500) 586-7145,Active
EMP012809,Robert,Williams,Robert Williams,37,Marketing,Senior Developer,San Francisco,71784.66,8945.86,2023-09-20,9,90.9,robert.williams@company.com,(416) 609-4837,Active
EMP012810,David,Thomas,David Thomas,27,Legal,Specialist,Austin,78231.69,7030.19,2023-04-22,4,100.0,david.thomas@company.com,(296) 206-6574,Inactive
EMP012811,Jessica,Martinez,Jessica Martinez,32,Marketing,Director,San Francisco,44925.87,4493.37,2021-01-04,3,77.9,jessica.martinez@company.com,(928) 785-8480,Active
EMP012812,Stephanie,Anderson,Stephanie Anderson,63,HR,Associate,Seattle,91798.95,1755.94,2023-01-30,34,71.3,stephanie.anderson@company.com,(284) 487-6581,Active
EMP012813,Sarah,Johnson,Sarah Johnson,39,Engineering,Analyst,Chicago,113339.29,14940.09,2023-06-08,13,100.0,sarah.johnson@company.com,(950) 744-4738,Active
EMP012814,Anthony,Gonzalez,Anthony Gonzalez,44,Engineering,Coordinator,Los Angeles,99153.75,12037.13,2024-10-10,22,77.1,anthony.gonzalez@company.com,(964) 324-9953,Active
EMP012815,Jessica,Taylor,Jessica Taylor,26,Marketing,Specialist,Chicago,38161.14,2426.7,2021-07-16,2,77.8,jessica.taylor@company.com,(812) 330-5592,Inactive
EMP012816,Emily,Martinez,Emily Martinez,45,Sales,Associate,Seattle,74544.71,3824.24,2021-03-24,22,73.9,emily.martinez@company.com,(641) 453-8801,Active
EMP012817,Stephanie,Garcia,Stephanie Garcia,45,IT,Analyst,San Francisco,133490.63,24302.71,2020-08-14,22,84.7,stephanie.garcia@company.com,(449) 621-3434,Active
EMP012818,Michael,Thomas,Michael Thomas,40,IT,Director,Seattle,90649.53,10951.4,2021-09-09,14,57.2,michael.thomas@company.com,(480) 680-8462,Active
EMP012819,Nicole,Anderson,Nicole Anderson,61,Operations,Analyst,Chicago,77380.68,5803.23,2023-02-06,37,75.6,nicole.anderson@company.com,(677) 429-7266,Active
EMP012820,Daniel,Jackson,Daniel Jackson,36,Marketing,Manager,Austin,79062.48,4632.35,2024-02-19,12,80.5,daniel.jackson@company.com,(327) 423-8412,Active
EMP012821,Nicole,Lopez,Nicole Lopez,49,Marketing,Analyst,Chicago,69042.48,8641.17,2021-12-31,25,74.6,nicole.lopez@company.com,(435) 490-3305,Active
EMP012822,Ashley,Martinez,Ashley Martinez,54,IT,Senior Developer,New York,94034.51,10318.08,2020-06-12,27,51.5,ashley.martinez@company.com,(455) 841-3186,On Leave
EMP012823,James,Smith,James Smith,31,Marketing,Director,San Francisco,53422.67,8016.75,2021-12-12,7,46.1,james.smith@company.com,(300) 339-5943,Active
EMP012824,Amanda,Martin,Amanda Martin,36,Engineering,Lead,Chicago,101984.59,15812.16,2024-07-04,14,100.0,amanda.martin@company.com,(841) 434-7686,Active
EMP012825,Melissa,Smith,Melissa Smith,61,IT,Analyst,Seattle,63500.74,3590.66,2020-03-09,33,85.1,melissa.smith@company.com,(595) 755-1992,Active
EMP012826,Matthew,Jones,Matthew Jones,25,Legal,Manager,San Francisco,49337.07,5227.55,2021-11-01,0,52.8,matthew.jones@company.com,(439) 205-4367,On Leave
EMP012827,Michael,Gonzalez,Michael Gonzalez,45,Operations,Director,Austin,78259.23,3654.52,2023-09-22,18,68.5,michael.gonzalez@company.com,(449) 975-2302,On Leave
EMP012828,Emily,Williams,Emily Williams,62,IT,Director,San Francisco,83360.69,10709.51,2023-08-29,39,93.5,emily.williams@company.com,(724) 742-6860,Active
EMP012829,John,Taylor,John Taylor,37,Finance,Lead,Boston,109543.54,18596.78,2023-06-20,13,75.9,john.taylor@company.com,(492) 705-1883,Active
EMP012830,John,Lopez,John Lopez,33,Engineering,Associate,New York,130110.53,11987.57,2023-02-03,9,67.2,john.lopez@company.com,(604) 914-3863,Active
EMP012831,Melissa,Hernandez,Melissa Hernandez,47,Marketing,Manager,New York,78093.96,9667.43,2022-05-01,21,76.0,melissa.hernandez@company.com,(464) 278-4955,Active
EMP012832,Christopher,Thomas,Christopher Thomas,57,Legal,Specialist,Boston,116840.33,8589.2,2020-04-29,29,83.1,christopher.thomas@company.com,(564) 397-2353,Active
EMP012833,Jane,Martin,Jane Martin,27,IT,Specialist,Miami,77723.9,4885.4,2023-05-20,3,77.7,jane.martin@company.com,(873) 573-4613,Active
EMP012834,David,Rodriguez,David Rodriguez,48,HR,Director,Seattle,42037.72,4461.7,2020-07-30,21,76.1,david.rodriguez@company.com,(743) 210-3916,Active
EMP012835,Robert,Smith,Robert Smith,53,Marketing,Associate,Boston,84192.32,9144.25,2022-06-12,24,74.8,robert.smith@company.com,(854) 594-4928,Active
EMP012836,William,Rodriguez,William Rodriguez,47,HR,Manager,Los Angeles,49553.76,4066.25,2022-09-12,24,88.1,william.rodriguez@company.com,(410) 242-4159,Active
EMP012837,Stephanie,Davis,Stephanie Davis,46,Operations,Senior Developer,San Francisco,72524.17,3222.58,2022-10-24,22,66.5,stephanie.davis@company.com,(839) 779-7331,Active
EMP012838,Ashley,Moore,Ashley Moore,57,HR,Analyst,Austin,64844.94,4634.96,2022-10-17,28,87.8,ashley.moore@company.com,(803) 408-1736,Active
EMP012839,Robert,Johnson,Robert Johnson,36,Engineering,Associate,Los Angeles,99813.9,7225.34,2021-12-29,13,60.2,robert.johnson@company.com,(397) 425-7025,Active
EMP012840,Melissa,Jones,Melissa Jones,57,Marketing,Director,Seattle,73541.4,7576.69,2022-12-28,28,78.9,melissa.jones@company.com,(411) 837-9350,Inactive
EMP012841,Anthony,Garcia,Anthony Garcia,34,Finance,Senior Developer,New York,92325.74,7669.87,2020-09-08,7,79.9,anthony.garcia@company.com,(301) 962-7622,Active
EMP012842,Sarah,Martinez,Sarah Martinez,48,Operations,Manager,Austin,75265.84,505.03,2023-06-23,26,94.9,sarah.martinez@company.com,(793) 611-6732,Active
EMP012843,Sarah,Anderson,Sarah Anderson,34,Operations,Manager,Austin,73690.62,2238.64,2021-11-19,10,89.0,sarah.anderson@company.com,(851) 707-9078,Active
EMP012844,Nicole,Lopez,Nicole Lopez,25,Engineering,Manager,New York,97449.59,10355.15,2022-08-01,0,80.8,nicole.lopez@company.com,(406) 565-1397,Active
EMP012845,Ashley,Johnson,Ashley Johnson,64,Sales,Director,Chicago,103742.76,0.0,2022-05-19,38,83.6,ashley.johnson@company.com,(593) 589-5931,Inactive
EMP012846,Anthony,Jones,Anthony Jones,36,Legal,Analyst,Boston,99724.92,13478.33,2020-04-04,13,73.0,anthony.jones@company.com,(975) 623-4979,Active
EMP012847,Michael,Thomas,Michael Thomas,35,Sales,Specialist,Miami,86016.51,8199.55,2022-02-23,11,74.7,michael.thomas@company.com,(554) 375-1335,Active
EMP012848,Robert,Wilson,Robert Wilson,51,Legal,Manager,Chicago,123467.23,6169.32,2022-03-22,26,59.6,robert.wilson@company.com,(285) 661-6291,Inactive
EMP012849,Anthony,Taylor,Anthony Taylor,54,Legal,Director,Los Angeles,60098.69,5581.73,2022-04-01,27,100.0,anthony.taylor@company.com,(650) 244-8451,Active
EMP012850,Sarah,Miller,Sarah Miller,63,HR,Specialist,Seattle,86085.39,7321.88,2023-08-21,39,87.8,sarah.miller@company.com,(551) 405-8692,Active
EMP012851,Melissa,Thomas,Melissa Thomas,31,Operations,Associate,Boston,63874.91,3891.35,2020-10-31,6,58.8,melissa.thomas@company.com,(376) 838-3904,Active
EMP012852,Amanda,Garcia,Amanda Garcia,48,Legal,Lead,Miami,99737.15,11998.74,2024-04-04,21,81.9,amanda.garcia@company.com,(975) 522-9605,Active
EMP012853,John,Wilson,John Wilson,47,Finance,Senior Developer,Seattle,84551.72,14675.14,2024-03-03,22,81.9,john.wilson@company.com,(929) 437-3699,Active
EMP012854,David,Davis,David Davis,44,Legal,Coordinator,Boston,68661.37,3922.58,2024-09-24,21,81.1,david.davis@company.com,(737) 658-7430,Active
EMP012855,Daniel,Gonzalez,Daniel Gonzalez,52,Engineering,Lead,San Francisco,106794.81,13964.26,2024-12-11,28,84.0,daniel.gonzalez@company.com,(374) 841-2200,Active
EMP012856,David,Williams,David Williams,62,HR,Analyst,Los Angeles,67685.04,5773.28,2024-10-04,34,96.0,david.williams@company.com,(288) 644-6580,Inactive
EMP012857,Melissa,Wilson,Melissa Wilson,32,HR,Lead,Austin,68285.77,9698.11,2022-01-04,4,86.3,melissa.wilson@company.com,(658) 967-7479,Active
EMP012858,Sarah,Taylor,Sarah Taylor,42,Marketing,Manager,San Francisco,62667.74,4183.46,2023-09-26,20,74.8,sarah.taylor@company.com,(543) 830-9132,On Leave
EMP012859,Michael,Hernandez,Michael Hernandez,47,HR,Coordinator,Chicago,76393.82,3184.29,2024-08-20,20,82.4,michael.hernandez@company.com,(523) 430-5205,Active
EMP012860,Michael,Wilson,Michael Wilson,27,Operations,Manager,New York,53400.48,4309.41,2021-11-24,0,90.2,michael.wilson@company.com,(457) 212-3870,Active
EMP012861,John,Martinez,John Martinez,50,Operations,Specialist,Miami,84641.16,6671.47,2022-07-23,21,63.7,john.martinez@company.com,(873) 492-9278,Active
EMP012862,Christopher,Davis,Christopher Davis,50,IT,Lead,San Francisco,102427.77,0.0,2020-11-05,25,91.8,christopher.davis@company.com,(803) 589-9136,Active
EMP012863,Nicole,Rodriguez,Nicole Rodriguez,46,Operations,Director,Seattle,65566.02,5253.15,2023-06-20,20,52.9,nicole.rodriguez@company.com,(972) 922-5967,Active
EMP012864,Daniel,Thomas,Daniel Thomas,46,Marketing,Director,Seattle,66698.22,7554.12,2021-02-20,23,53.8,daniel.thomas@company.com,(549) 479-5200,Active
EMP012865,Ashley,Rodriguez,Ashley Rodriguez,48,Marketing,Manager,Austin,86460.17,8701.16,2024-09-28,26,96.2,ashley.rodriguez@company.com,(904) 336-9969,Active
EMP012866,Matthew,Lopez,Matthew Lopez,47,Marketing,Lead,Los Angeles,71249.22,9930.08,2021-05-15,20,78.7,matthew.lopez@company.com,(643) 782-9971,Active
EMP012867,Ashley,Jones,Ashley Jones,60,Legal,Director,San Francisco,114047.73,21945.1,2021-08-25,35,54.2,ashley.jones@company.com,(233) 424-4101,Active
EMP012868,Melissa,Moore,Melissa Moore,65,Marketing,Analyst,Seattle,97897.5,13077.7,2022-09-14,36,68.6,melissa.moore@company.com,(575) 579-8603,Active
EMP012869,William,Martin,William Martin,26,IT,Manager,Chicago,82887.27,7432.64,2020-11-21,1,42.4,william.martin@company.com,(820) 820-3379,Active
EMP012870,Nicole,Davis,Nicole Davis,54,Finance,Associate,Los Angeles,61004.67,6074.63,2021-08-24,30,69.1,nicole.davis@company.com,(774) 754-7105,Active
EMP012871,Robert,Jackson,Robert Jackson,39,HR,Analyst,New York,48860.34,2558.22,2022-08-01,16,61.8,robert.jackson@company.com,(933) 377-7264,Active
EMP012872,Daniel,Thomas,Daniel Thomas,31,HR,Coordinator,New York,63120.17,8877.56,2021-09-06,3,91.3,daniel.thomas@company.com,(638) 918-4156,Active
EMP012873,Lisa,Moore,Lisa Moore,22,Sales,Senior Developer,Los Angeles,56209.37,4688.46,2023-04-24,0,80.1,lisa.moore@company.com,(893) 963-1813,Active
EMP012874,Sarah,Brown,Sarah Brown,65,HR,Lead,Austin,70570.12,2217.15,2024-01-19,38,100.0,sarah.brown@company.com,(796) 698-5374,Active
EMP012875,Michael,Johnson,Michael Johnson,51,Finance,Senior Developer,Austin,116802.33,18104.95,2022-11-11,25,83.6,michael.johnson@company.com,(911) 822-2024,Active
EMP012876,Jane,Smith,Jane Smith,62,Engineering,Lead,Austin,126659.72,6487.96,2024-01-30,39,50.6,jane.smith@company.com,(553) 782-8561,Active
EMP012877,Christopher,Miller,Christopher Miller,30,Operations,Lead,Austin,37203.7,5334.39,2024-03-26,2,95.9,christopher.miller@company.com,(275) 671-8634,Active
EMP012878,Sarah,Miller,Sarah Miller,45,IT,Lead,Austin,91627.71,11055.35,2024-02-28,23,70.2,sarah.miller@company.com,(680) 330-5364,Active
EMP012879,Stephanie,Hernandez,Stephanie Hernandez,65,Engineering,Director,Miami,103976.72,5194.16,2022-05-17,43,66.2,stephanie.hernandez@company.com,(423) 629-2901,Active
EMP012880,William,Smith,William Smith,49,Legal,Coordinator,Chicago,71794.91,7558.35,2020-10-31,25,74.2,william.smith@company.com,(458) 849-1384,Active
EMP012881,Emily,Rodriguez,Emily Rodriguez,29,Sales,Coordinator,Los Angeles,61341.07,5520.32,2020-07-17,1,74.0,emily.rodriguez@company.com,(973) 551-4786,Active
EMP012882,Jessica,Moore,Jessica Moore,39,Finance,Lead,Seattle,104775.44,9028.32,2021-09-30,14,66.2,jessica.moore@company.com,(314) 450-5137,Active
EMP012883,Melissa,Rodriguez,Melissa Rodriguez,35,Sales,Specialist,San Francisco,86169.19,7896.15,2021-01-03,6,69.4,melissa.rodriguez@company.com,(893) 735-8489,Active
EMP012884,Melissa,Davis,Melissa Davis,51,Marketing,Lead,Seattle,79520.79,13175.55,2022-07-08,25,77.9,melissa.davis@company.com,(529) 409-3619,Active
EMP012885,Jane,Smith,Jane Smith,44,Legal,Lead,San Francisco,80674.26,7289.92,2023-01-24,22,70.9,jane.smith@company.com,(291) 897-5828,Active
EMP012886,Nicole,Lopez,Nicole Lopez,63,Engineering,Lead,Miami,149713.11,8456.92,2021-01-24,38,74.9,nicole.lopez@company.com,(515) 807-1853,Active
EMP012887,James,Johnson,James Johnson,31,IT,Lead,Chicago,53268.96,5152.55,2024-02-16,3,57.3,james.johnson@company.com,(897) 406-8641,Active
EMP012888,Matthew,Lopez,Matthew Lopez,61,Finance,Coordinator,New York,106102.08,15183.29,2023-07-16,37,87.4,matthew.lopez@company.com,(458) 515-5228,Active
EMP012889,Robert,Anderson,Robert Anderson,55,HR,Director,San Francisco,109756.88,33.78,2021-02-10,30,61.0,robert.anderson@company.com,(845) 334-3301,Inactive
EMP012890,Matthew,Martin,Matthew Martin,47,Finance,Analyst,San Francisco,96891.5,2247.7,2023-06-16,23,64.4,matthew.martin@company.com,(750) 964-8941,Active
EMP012891,Amanda,Davis,Amanda Davis,38,Operations,Lead,Seattle,41874.64,8035.44,2021-07-23,13,66.6,amanda.davis@company.com,(720) 750-6055,Active
EMP012892,John,Moore,John Moore,50,Marketing,Lead,San Francisco,68533.7,0.0,2022-08-26,28,80.5,john.moore@company.com,(631) 329-3928,On Leave
EMP012893,Melissa,Williams,Melissa Williams,24,Operations,Senior Developer,San Francisco,68749.91,3201.07,2023-08-22,0,66.2,melissa.williams@company.com,(302) 975-4036,Active
EMP012894,Melissa,Williams,Melissa Williams,35,Engineering,Manager,Miami,92151.9,16444.62,2023-04-18,9,60.6,melissa.williams@company.com,(573) 664-2669,Active
EMP012895,Emily,Taylor,Emily Taylor,42,Sales,Senior Developer,San Francisco,90195.84,2240.27,2023-02-03,20,55.3,emily.taylor@company.com,(659) 893-7499,Inactive
EMP012896,Sarah,Martin,Sarah Martin,37,Marketing,Coordinator,New York,67065.99,11905.86,2020-02-09,9,56.7,sarah.martin@company.com,(265) 245-3711,Active
EMP012897,Stephanie,Martinez,Stephanie Martinez,35,HR,Coordinator,San Francisco,46167.92,5330.59,2022-06-04,13,63.0,stephanie.martinez@company.com,(925) 557-1813,Active
EMP012898,Matthew,Thomas,Matthew Thomas,33,Engineering,Lead,Miami,96118.18,5020.49,2022-10-16,5,93.9,matthew.thomas@company.com,(515) 884-9224,Active
EMP012899,Ashley,Hernandez,Ashley Hernandez,40,Engineering,Lead,San Francisco,104398.07,11278.89,2020-04-04,11,85.4,ashley.hernandez@company.com,(984) 652-6379,Inactive
EMP012900,Robert,Martinez,Robert Martinez,41,Finance,Analyst,Los Angeles,101947.88,8769.78,2022-07-02,12,77.3,robert.martinez@company.com,(654) 615-6942,Active
EMP012901,Sarah,Taylor,Sarah Taylor,42,HR,Lead,New York,80110.11,4543.96,2023-05-10,16,74.3,sarah.taylor@company.com,(434) 587-6729,Active
EMP012902,Emily,Thomas,Emily Thomas,34,Finance,Specialist,Boston,116839.56,14878.45,2021-08-19,5,71.8,emily.thomas@company.com,(641) 887-3413,Active
EMP012903,Amanda,Lopez,Amanda Lopez,63,IT,Coordinator,Austin,98071.45,0.0,2022-06-08,35,84.8,amanda.lopez@company.com,(528) 564-9775,Active
EMP012904,Robert,Smith,Robert Smith,41,Operations,Manager,Chicago,77890.47,11071.46,2023-07-02,14,41.0,robert.smith@company.com,(933) 603-8716,Active
EMP012905,Daniel,Davis,Daniel Davis,59,HR,Analyst,Los Angeles,74053.38,11386.37,2020-06-21,37,69.6,daniel.davis@company.com,(311) 272-6544,Active
EMP012906,Lisa,Williams,Lisa Williams,41,Operations,Specialist,Austin,74856.36,7747.6,2021-06-19,12,71.1,lisa.williams@company.com,(470) 989-5564,Active
EMP012907,Jessica,Miller,Jessica Miller,27,Legal,Manager,Austin,70642.87,8589.77,2021-10-25,0,65.9,jessica.miller@company.com,(349) 363-3215,Active
EMP012908,Jessica,Martinez,Jessica Martinez,37,Sales,Coordinator,Austin,49235.72,2287.86,2020-02-21,14,35.8,jessica.martinez@company.com,(872) 523-7732,Active
EMP012909,Nicole,Garcia,Nicole Garcia,22,IT,Analyst,Austin,64211.85,3015.52,2023-02-03,0,65.5,nicole.garcia@company.com,(331) 997-1829,On Leave
EMP012910,John,Gonzalez,John Gonzalez,65,Legal,Manager,Chicago,124665.8,8615.41,2023-09-29,43,71.4,john.gonzalez@company.com,(256) 219-8504,Active
EMP012911,Christopher,Brown,Christopher Brown,42,Sales,Specialist,New York,68571.52,6609.0,2023-02-10,20,60.6,christopher.brown@company.com,(423) 680-1200,Active
EMP012912,Anthony,Hernandez,Anthony Hernandez,47,Marketing,Analyst,San Francisco,92532.75,8759.75,2020-12-27,19,95.2,anthony.hernandez@company.com,(856) 296-6768,Active
EMP012913,Michael,Rodriguez,Michael Rodriguez,30,IT,Coordinator,Boston,40668.12,5712.06,2022-12-20,4,100.0,michael.rodriguez@company.com,(384) 626-7779,Active
EMP012914,Lisa,Rodriguez,Lisa Rodriguez,31,Legal,Director,New York,100754.27,14360.58,2020-05-13,4,76.4,lisa.rodriguez@company.com,(438) 350-3297,Active
EMP012915,Lisa,Jones,Lisa Jones,43,Finance,Coordinator,New York,79560.73,8280.33,2024-03-09,16,83.3,lisa.jones@company.com,(317) 459-4908,Active
EMP012916,William,Jackson,William Jackson,45,Sales,Specialist,Austin,76869.21,655.4,2021-07-23,16,70.7,william.jackson@company.com,(213) 509-7213,Active
EMP012917,Sarah,Taylor,Sarah Taylor,53,IT,Associate,Los Angeles,105135.8,7934.12,2022-10-19,31,67.1,sarah.taylor@company.com,(643) 455-5776,Active
EMP012918,Emily,Moore,Emily Moore,31,Engineering,Lead,Boston,89280.48,10944.08,2024-11-09,5,94.2,emily.moore@company.com,(465) 296-3561,Active
EMP012919,Christopher,Taylor,Christopher Taylor,32,Legal,Director,San Francisco,86120.53,14788.62,2023-06-02,8,88.0,christopher.taylor@company.com,(889) 960-2620,Active
EMP012920,Jane,Thomas,Jane Thomas,41,IT,Specialist,Chicago,60931.88,9523.22,2022-02-08,15,71.5,jane.thomas@company.com,(455) 643-8337,Active
EMP012921,Daniel,Garcia,Daniel Garcia,65,Marketing,Associate,Chicago,76848.71,13864.62,2023-10-26,39,90.0,daniel.garcia@company.com,(470) 830-9555,Inactive
EMP012922,Matthew,Miller,Matthew Miller,28,Engineering,Manager,Boston,66326.83,14625.79,2022-02-08,1,92.2,matthew.miller@company.com,(652) 356-1623,Active
EMP012923,Michael,Williams,Michael Williams,57,Sales,Director,Austin,79170.65,5596.45,2022-07-27,35,56.8,michael.williams@company.com,(499) 395-3623,Active
EMP012924,Matthew,Davis,Matthew Davis,45,Engineering,Senior Developer,Chicago,116946.15,5444.15,2020-01-15,17,48.8,matthew.davis@company.com,(739) 660-9450,Active
EMP012925,Ashley,Rodriguez,Ashley Rodriguez,39,Operations,Associate,Boston,66392.69,10393.11,2023-09-25,14,60.9,ashley.rodriguez@company.com,(604) 395-5054,Active
EMP012926,Nicole,Thomas,Nicole Thomas,64,Finance,Senior Developer,Los Angeles,98383.48,7313.22,2023-08-24,35,64.6,nicole.thomas@company.com,(790) 399-1503,Active
EMP012927,Robert,Williams,Robert Williams,48,Operations,Analyst,Seattle,91538.5,4977.59,2021-11-27,20,96.7,robert.williams@company.com,(621) 267-5266,Active
EMP012928,Lisa,Davis,Lisa Davis,38,HR,Senior Developer,San Francisco,50134.83,7799.07,2021-10-06,14,63.5,lisa.davis@company.com,(810) 966-3892,Active
EMP012929,Jane,Williams,Jane Williams,64,Operations,Lead,New York,67397.42,4895.25,2021-01-17,39,64.0,jane.williams@company.com,(737) 548-5926,Active
EMP012930,Daniel,Taylor,Daniel Taylor,28,Finance,Manager,San Francisco,63741.51,11554.16,2024-11-16,2,24.7,daniel.taylor@company.com,(816) 693-9081,Inactive
EMP012931,Lisa,Thomas,Lisa Thomas,43,Sales,Manager,Austin,96593.99,6520.28,2024-02-04,18,58.4,lisa.thomas@company.com,(936) 929-7488,Active
EMP012932,Christopher,Wilson,Christopher Wilson,28,Legal,Analyst,San Francisco,71279.2,6987.57,2024-04-20,4,58.7,christopher.wilson@company.com,(629) 682-6632,Inactive
EMP012933,Lisa,Moore,Lisa Moore,24,Marketing,Lead,Chicago,41985.43,4678.75,2024-07-03,0,63.5,lisa.moore@company.com,(842) 281-8068,Inactive
EMP012934,Jane,Taylor,Jane Taylor,40,Legal,Associate,Miami,85470.23,7429.71,2023-01-08,14,70.4,jane.taylor@company.com,(646) 547-6116,Active
EMP012935,Stephanie,Jones,Stephanie Jones,51,Sales,Coordinator,San Francisco,86737.39,9382.97,2023-12-07,26,95.8,stephanie.jones@company.com,(761) 921-3896,Active
EMP012936,Lisa,Jones,Lisa Jones,53,Finance,Director,Austin,94794.38,8109.09,2021-10-04,24,64.6,lisa.jones@company.com,(803) 504-2400,Active
EMP012937,Jane,Taylor,Jane Taylor,45,HR,Lead,Miami,60648.48,5763.45,2022-07-13,16,95.7,jane.taylor@company.com,(527) 530-8266,Active
EMP012938,Jessica,Jackson,Jessica Jackson,62,IT,Director,Austin,108334.83,15654.24,2020-02-10,33,63.1,jessica.jackson@company.com,(879) 936-4104,Active
EMP012939,Jessica,Garcia,Jessica Garcia,48,IT,Manager,San Francisco,112688.14,17667.32,2023-03-09,19,51.8,jessica.garcia@company.com,(283) 841-8693,Active
EMP012940,Amanda,Miller,Amanda Miller,37,HR,Director,Miami,88213.17,850.23,2023-12-01,9,78.8,amanda.miller@company.com,(716) 932-4779,Active
EMP012941,Matthew,Garcia,Matthew Garcia,59,Legal,Specialist,Los Angeles,132380.54,21914.05,2024-06-05,35,76.7,matthew.garcia@company.com,(941) 264-4040,Active
EMP012942,Matthew,Williams,Matthew Williams,42,Operations,Coordinator,Miami,59675.0,8550.72,2023-04-19,14,49.9,matthew.williams@company.com,(381) 263-9405,Inactive
EMP012943,James,Garcia,James Garcia,54,Engineering,Lead,Chicago,145099.46,16912.02,2023-06-05,28,87.7,james.garcia@company.com,(208) 380-4227,Active
EMP012944,Christopher,Brown,Christopher Brown,52,Marketing,Senior Developer,Boston,56566.48,3598.69,2020-03-29,23,95.2,christopher.brown@company.com,(454) 274-7673,Active
EMP012945,John,Moore,John Moore,22,IT,Manager,San Francisco,68907.41,6030.36,2022-09-02,0,61.7,john.moore@company.com,(866) 775-8561,Active
EMP012946,Anthony,Moore,Anthony Moore,52,Operations,Associate,Los Angeles,66671.9,5517.62,2020-06-03,26,100.0,anthony.moore@company.com,(583) 979-5197,Active
EMP012947,Jane,Hernandez,Jane Hernandez,42,Operations,Manager,Boston,40350.75,6483.86,2020-07-03,13,73.5,jane.hernandez@company.com,(664) 642-6188,Active
EMP012948,Ashley,Martin,Ashley Martin,50,IT,Director,Miami,91617.01,5424.43,2024-02-01,27,66.4,ashley.martin@company.com,(593) 723-9051,Active
EMP012949,Matthew,Anderson,Matthew Anderson,50,Legal,Associate,Seattle,99980.95,12652.48,2021-08-26,28,61.8,matthew.anderson@company.com,(990) 453-1342,Inactive
EMP012950,Melissa,Williams,Melissa Williams,56,Finance,Coordinator,New York,79980.64,12644.49,2022-06-06,34,84.8,melissa.williams@company.com,(695) 617-5335,Inactive
EMP012951,Melissa,Anderson,Melissa Anderson,31,Sales,Senior Developer,Los Angeles,67003.18,9887.4,2021-10-04,2,77.2,melissa.anderson@company.com,(271) 434-4522,Active
EMP012952,William,Gonzalez,William Gonzalez,44,Legal,Associate,Boston,62573.64,7919.11,2023-10-02,21,86.5,william.gonzalez@company.com,(374) 565-6381,On Leave
EMP012953,Matthew,Thomas,Matthew Thomas,62,Operations,Lead,Chicago,79408.91,5741.69,2022-11-16,35,82.4,matthew.thomas@company.com,(694) 483-8713,Active
EMP012954,Christopher,Rodriguez,Christopher Rodriguez,48,HR,Director,Boston,74306.96,8557.98,2021-09-11,23,98.1,christopher.rodriguez@company.com,(703) 286-4908,Active
EMP012955,Lisa,Williams,Lisa Williams,23,Operations,Senior Developer,San Francisco,41657.25,0.0,2021-01-10,0,89.7,lisa.williams@company.com,(514) 611-4681,Active
EMP012956,Jessica,Brown,Jessica Brown,61,Finance,Manager,Miami,98558.82,12341.31,2023-10-24,35,54.2,jessica.brown@company.com,(489) 386-5787,Active
EMP012957,Robert,Williams,Robert Williams,39,Legal,Manager,New York,99161.41,12319.12,2020-08-09,17,73.2,robert.williams@company.com,(424) 413-9405,Active
EMP012958,Lisa,Williams,Lisa Williams,47,Engineering,Associate,Los Angeles,106486.22,8263.28,2023-01-20,18,56.3,lisa.williams@company.com,(516) 494-9757,Active
EMP012959,Daniel,Martin,Daniel Martin,64,Sales,Analyst,Miami,88339.51,14384.64,2020-03-10,41,91.6,daniel.martin@company.com,(382) 803-3176,On Leave
EMP012960,Amanda,Jackson,Amanda Jackson,37,IT,Analyst,New York,82829.06,7423.18,2021-08-09,8,67.0,amanda.jackson@company.com,(569) 258-4769,Active
EMP012961,Lisa,Lopez,Lisa Lopez,36,Marketing,Lead,New York,83072.8,0.0,2024-01-27,14,68.8,lisa.lopez@company.com,(724) 266-3163,Active
EMP012962,William,Davis,William Davis,60,HR,Lead,Boston,73558.42,1811.59,2020-05-02,31,66.7,william.davis@company.com,(532) 303-2317,Active
EMP012963,Daniel,Jackson,Daniel Jackson,36,Marketing,Senior Developer,Austin,62932.01,6996.36,2024-02-29,10,100.0,daniel.jackson@company.com,(792) 444-8799,Active
EMP012964,Emily,Jackson,Emily Jackson,46,Engineering,Manager,Miami,80202.46,13697.42,2022-01-30,17,70.8,emily.jackson@company.com,(775) 278-1614,Active
EMP012965,Stephanie,Martinez,Stephanie Martinez,41,Sales,Manager,Boston,66469.25,9707.62,2024-02-06,17,92.5,stephanie.martinez@company.com,(964) 896-4700,Active
EMP012966,Robert,Garcia,Robert Garcia,29,Engineering,Director,Chicago,96645.45,13609.13,2022-08-24,2,82.6,robert.garcia@company.com,(741) 638-5024,Active
EMP012967,Ashley,Garcia,Ashley Garcia,65,Sales,Lead,San Francisco,76962.95,5147.89,2022-09-05,40,100.0,ashley.garcia@company.com,(921) 418-5402,Active
EMP012968,Matthew,Rodriguez,Matthew Rodriguez,38,Operations,Manager,Seattle,50445.19,3162.4,2023-05-23,9,89.3,matthew.rodriguez@company.com,(723) 206-9027,Active
EMP012969,Emily,Rodriguez,Emily Rodriguez,49,Sales,Coordinator,New York,92546.0,9170.93,2020-04-07,22,66.4,emily.rodriguez@company.com,(459) 653-5432,Active
EMP012970,Sarah,Smith,Sarah Smith,28,Legal,Manager,Boston,108949.36,7712.73,2023-03-13,6,64.3,sarah.smith@company.com,(872) 334-1238,Active
EMP012971,Matthew,Gonzalez,Matthew Gonzalez,27,Engineering,Coordinator,Miami,89046.76,4390.21,2020-11-03,0,95.4,matthew.gonzalez@company.com,(651) 672-7338,Active
EMP012972,Jane,Jackson,Jane Jackson,59,Engineering,Director,New York,99418.1,1189.75,2022-02-24,33,63.8,jane.jackson@company.com,(634) 753-1880,Active
EMP012973,William,Gonzalez,William Gonzalez,58,Finance,Senior Developer,Seattle,69938.2,11724.81,2024-09-10,33,57.8,william.gonzalez@company.com,(736) 705-7955,Active
EMP012974,Amanda,Wilson,Amanda Wilson,36,Sales,Specialist,Austin,66323.35,9173.47,2024-12-28,7,83.3,amanda.wilson@company.com,(469) 947-7163,Active
EMP012975,Stephanie,Gonzalez,Stephanie Gonzalez,28,IT,Senior Developer,Austin,74258.7,7012.09,2020-06-13,1,48.8,stephanie.gonzalez@company.com,(378) 321-5200,Active
EMP012976,Ashley,Anderson,Ashley Anderson,40,Legal,Analyst,Boston,77263.93,5937.17,2023-09-06,17,49.5,ashley.anderson@company.com,(257) 488-8624,Active
EMP012977,Ashley,Anderson,Ashley Anderson,24,Engineering,Analyst,Austin,71791.4,8551.68,2021-08-10,2,100.0,ashley.anderson@company.com,(329) 638-5616,Active
EMP012978,William,Taylor,William Taylor,37,Legal,Associate,Los Angeles,87516.57,4321.41,2021-07-24,15,84.0,william.taylor@company.com,(690) 618-4493,Active
EMP012979,Stephanie,Martinez,Stephanie Martinez,37,Sales,Senior Developer,Seattle,98961.07,20566.87,2020-12-31,12,75.4,stephanie.martinez@company.com,(465) 642-8310,Active
EMP012980,James,Davis,James Davis,39,Operations,Manager,Austin,71341.51,11439.63,2023-12-16,14,51.3,james.davis@company.com,(354) 581-5577,Inactive
EMP012981,Jane,Rodriguez,Jane Rodriguez,44,HR,Specialist,Miami,82597.93,9325.78,2021-01-13,22,65.2,jane.rodriguez@company.com,(205) 649-7532,Active
EMP012982,Lisa,Anderson,Lisa Anderson,58,HR,Analyst,Los Angeles,69681.92,7075.48,2022-03-06,34,67.6,lisa.anderson@company.com,(690) 475-6932,Inactive
EMP012983,Amanda,Miller,Amanda Miller,37,IT,Senior Developer,Austin,72434.63,9319.49,2022-10-30,12,100.0,amanda.miller@company.com,(344) 889-5310,Inactive
EMP012984,David,Lopez,David Lopez,55,Engineering,Coordinator,Boston,138112.4,20454.74,2020-10-25,29,72.7,david.lopez@company.com,(637) 946-2213,Active
EMP012985,Robert,Davis,Robert Davis,23,Legal,Coordinator,Chicago,59310.5,8886.21,2022-02-03,0,49.2,robert.davis@company.com,(370) 874-1565,Active
EMP012986,Christopher,Martin,Christopher Martin,34,Legal,Coordinator,Chicago,80134.33,9128.89,2022-12-29,8,86.0,christopher.martin@company.com,(351) 675-4728,Active
EMP012987,John,Johnson,John Johnson,48,Operations,Senior Developer,Boston,62186.15,5216.97,2024-11-01,20,59.8,john.johnson@company.com,(578) 258-2641,Active
EMP012988,Sarah,Moore,Sarah Moore,51,Marketing,Senior Developer,New York,66958.61,6930.84,2024-03-29,22,73.8,sarah.moore@company.com,(396) 746-1387,Active
EMP012989,William,Gonzalez,William Gonzalez,57,Operations,Analyst,Seattle,78045.89,5355.96,2021-01-03,28,81.9,william.gonzalez@company.com,(639) 808-6745,Active
EMP012990,Stephanie,Hernandez,Stephanie Hernandez,50,Legal,Associate,Boston,75639.74,11047.91,2021-07-14,23,100.0,stephanie.hernandez@company.com,(792) 523-1693,Active
EMP012991,Nicole,Hernandez,Nicole Hernandez,22,HR,Director,Miami,55036.52,4969.23,2022-09-14,0,85.8,nicole.hernandez@company.com,(597) 419-8505,Active
EMP012992,James,Taylor,James Taylor,57,Legal,Coordinator,Austin,81825.92,12202.27,2020-11-25,28,59.7,james.taylor@company.com,(675) 817-5769,Active
EMP012993,Melissa,Smith,Melissa Smith,37,Engineering,Associate,Austin,79768.54,6146.89,2020-12-12,14,68.0,melissa.smith@company.com,(970) 702-7026,Active
EMP012994,Ashley,Lopez,Ashley Lopez,51,HR,Analyst,Miami,90644.51,5107.46,2022-07-03,29,76.7,ashley.lopez@company.com,(700) 836-6901,Active
EMP012995,Nicole,Davis,Nicole Davis,26,HR,Analyst,Miami,55593.38,7027.45,2022-03-13,2,100.0,nicole.davis@company.com,(293) 789-5418,On Leave
EMP012996,Anthony,Thomas,Anthony Thomas,47,Sales,Associate,Seattle,75559.29,9887.24,2024-10-21,19,82.4,anthony.thomas@company.com,(453) 660-1688,Active
EMP012997,Jessica,Williams,Jessica Williams,38,Operations,Associate,New York,61210.76,3281.67,2024-07-03,10,80.7,jessica.williams@company.com,(304) 718-3194,Active
EMP012998,Anthony,Johnson,Anthony Johnson,65,Marketing,Analyst,Seattle,84377.4,13700.34,2022-07-17,36,67.5,anthony.johnson@company.com,(705) 674-9983,Active
EMP012999,Sarah,Anderson,Sarah Anderson,54,HR,Senior Developer,Miami,76572.03,5726.95,2023-12-06,28,78.7,sarah.anderson@company.com,(979) 915-4024,Active
EMP013000,Jessica,Jackson,Jessica Jackson,35,Sales,Manager,New York,67366.47,8095.4,2021-07-12,7,76.6,jessica.jackson@company.com,(608) 303-1791,Active
EMP013001,Jane,Lopez,Jane Lopez,32,HR,Associate,Los Angeles,53181.46,5617.59,2021-09-30,7,66.9,jane.lopez@company.com,(385) 653-9036,Active
EMP013002,Emily,Williams,Emily Williams,22,Operations,Analyst,Chicago,57595.98,5691.67,2023-03-30,0,72.6,emily.williams@company.com,(803) 539-8432,Active
EMP013003,Christopher,Johnson,Christopher Johnson,47,Sales,Analyst,New York,69730.94,10210.02,2020-07-13,18,57.1,christopher.johnson@company.com,(308) 745-3018,Active
EMP013004,Ashley,Taylor,Ashley Taylor,55,Marketing,Associate,Austin,77312.7,9353.98,2024-01-16,30,55.2,ashley.taylor@company.com,(422) 248-2619,Active
EMP013005,Christopher,Rodriguez,Christopher Rodriguez,55,Marketing,Director,Boston,50742.93,5788.15,2024-06-30,31,72.0,christopher.rodriguez@company.com,(814) 512-3737,Active
EMP013006,James,Gonzalez,James Gonzalez,26,HR,Coordinator,Miami,32199.01,2480.28,2021-08-20,0,69.8,james.gonzalez@company.com,(244) 647-9540,Active
EMP013007,Stephanie,Davis,Stephanie Davis,27,Finance,Specialist,Boston,57811.72,10044.29,2021-10-02,1,95.7,stephanie.davis@company.com,(622) 526-2298,Active
EMP013008,Matthew,Jones,Matthew Jones,57,IT,Coordinator,Boston,112049.01,13217.88,2023-11-20,35,91.8,matthew.jones@company.com,(453) 406-5437,Active
EMP013009,Sarah,Garcia,Sarah Garcia,40,Operations,Lead,Miami,39076.22,4241.64,2023-06-18,16,100.0,sarah.garcia@company.com,(321) 301-4458,Active
EMP013010,John,Moore,John Moore,60,IT,Manager,Seattle,103633.93,6116.58,2020-12-21,32,58.7,john.moore@company.com,(939) 974-6471,Active
EMP013011,Melissa,Johnson,Melissa Johnson,24,IT,Manager,Boston,72111.57,3802.06,2022-12-24,0,81.2,melissa.johnson@company.com,(531) 776-9986,Inactive
EMP013012,James,Martin,James Martin,43,Finance,Senior Developer,San Francisco,76885.45,10243.47,2021-06-25,21,64.3,james.martin@company.com,(924) 529-3089,Active
EMP013013,Michael,Moore,Michael Moore,25,Marketing,Director,Seattle,60691.06,15511.52,2022-12-22,1,63.1,michael.moore@company.com,(424) 852-5583,Active
EMP013014,William,Jones,William Jones,23,Sales,Associate,San Francisco,67111.64,6313.25,2021-07-27,0,79.9,william.jones@company.com,(468) 625-9774,Active
EMP013015,Stephanie,Garcia,Stephanie Garcia,35,IT,Director,Austin,94491.91,5724.41,2023-04-29,6,86.3,stephanie.garcia@company.com,(900) 266-3209,Active
EMP013016,Daniel,Taylor,Daniel Taylor,45,Operations,Coordinator,Chicago,42317.09,5994.99,2021-02-12,23,90.0,daniel.taylor@company.com,(857) 318-3568,Active
EMP013017,John,Brown,John Brown,64,Sales,Lead,San Francisco,90254.07,10440.58,2020-09-07,41,61.3,john.brown@company.com,(489) 716-8857,Active
EMP013018,David,Anderson,David Anderson,64,IT,Director,San Francisco,120832.89,17178.91,2022-06-20,42,100.0,david.anderson@company.com,(690) 525-9271,Active
EMP013019,Ashley,Jones,Ashley Jones,26,Marketing,Senior Developer,Austin,65525.71,13656.9,2020-10-11,4,82.1,ashley.jones@company.com,(969) 828-4092,Active
EMP013020,Daniel,Lopez,Daniel Lopez,47,IT,Director,Miami,78662.51,3926.88,2020-08-08,20,55.9,daniel.lopez@company.com,(597) 416-8477,Active
EMP013021,William,Johnson,William Johnson,36,Sales,Lead,Chicago,51649.83,5166.14,2022-10-31,11,77.0,william.johnson@company.com,(486) 980-2697,Active
EMP013022,Ashley,Gonzalez,Ashley Gonzalez,49,Legal,Coordinator,Boston,109428.79,5030.94,2022-05-05,27,83.2,ashley.gonzalez@company.com,(968) 413-2481,Active
EMP013023,Amanda,Williams,Amanda Williams,43,Sales,Analyst,Austin,96792.15,2719.91,2021-04-21,21,74.7,amanda.williams@company.com,(589) 463-3802,Active
EMP013024,Daniel,Jones,Daniel Jones,30,Finance,Associate,New York,52784.55,1819.45,2021-06-18,5,60.7,daniel.jones@company.com,(783) 976-8481,Active
EMP013025,William,Thomas,William Thomas,63,Legal,Senior Developer,Austin,133292.29,1238.66,2024-07-20,41,75.4,william.thomas@company.com,(320) 663-2474,Inactive
EMP013026,James,Williams,James Williams,45,Sales,Lead,San Francisco,97528.55,10320.6,2024-03-11,22,92.5,james.williams@company.com,(640) 753-2764,Active
EMP013027,David,Martinez,David Martinez,54,HR,Director,San Francisco,79101.58,10476.79,2022-11-09,30,50.6,david.martinez@company.com,(864) 662-3808,On Leave
EMP013028,Christopher,Thomas,Christopher Thomas,41,Legal,Coordinator,San Francisco,73407.2,9439.73,2023-12-09,18,58.1,christopher.thomas@company.com,(251) 914-1028,Active
EMP013029,David,Williams,David Williams,62,Sales,Senior Developer,New York,99824.83,20933.78,2023-03-24,33,100.0,david.williams@company.com,(404) 873-4417,Active
EMP013030,William,Garcia,William Garcia,60,HR,Lead,Los Angeles,77723.44,15946.92,2020-08-05,34,75.5,william.garcia@company.com,(462) 346-6458,Active
EMP013031,Melissa,Johnson,Melissa Johnson,47,IT,Associate,Miami,106798.0,6404.25,2020-05-01,25,84.5,melissa.johnson@company.com,(775) 741-7342,Active
EMP013032,Sarah,Williams,Sarah Williams,58,Engineering,Director,Miami,120457.34,11991.86,2022-08-14,32,58.2,sarah.williams@company.com,(960) 795-7518,Active
EMP013033,Michael,Garcia,Michael Garcia,65,Finance,Associate,Boston,114310.42,7066.18,2023-11-13,39,98.7,michael.garcia@company.com,(773) 839-3804,Active
EMP013034,Stephanie,Garcia,Stephanie Garcia,44,Legal,Associate,Boston,115688.02,7983.9,2021-04-25,19,59.6,stephanie.garcia@company.com,(989) 335-4969,Active
EMP013035,John,Hernandez,John Hernandez,55,Sales,Senior Developer,Chicago,68411.56,2539.59,2023-09-15,33,67.9,john.hernandez@company.com,(314) 499-3132,Active
EMP013036,Emily,Rodriguez,Emily Rodriguez,58,Marketing,Senior Developer,San Francisco,71908.35,4721.66,2023-02-28,30,72.2,emily.rodriguez@company.com,(842) 477-5794,Active
EMP013037,Matthew,Martinez,Matthew Martinez,35,Legal,Manager,Chicago,75041.32,6045.83,2022-05-17,9,72.2,matthew.martinez@company.com,(348) 216-5629,Active
EMP013038,Amanda,Williams,Amanda Williams,48,Legal,Specialist,Seattle,90754.88,17480.42,2021-07-04,26,72.9,amanda.williams@company.com,(914) 588-4967,Active
EMP013039,Anthony,Garcia,Anthony Garcia,51,Finance,Coordinator,Seattle,76136.87,3853.64,2020-11-19,25,76.1,anthony.garcia@company.com,(616) 711-9301,Active
EMP013040,Anthony,Lopez,Anthony Lopez,52,Operations,Director,Austin,68947.75,6968.98,2021-04-19,23,64.4,anthony.lopez@company.com,(512) 385-3665,Active
EMP013041,Emily,Johnson,Emily Johnson,39,Finance,Lead,San Francisco,86648.82,1992.45,2022-12-24,17,47.0,emily.johnson@company.com,(720) 291-1185,Active
EMP013042,Emily,Martinez,Emily Martinez,28,Engineering,Director,Seattle,96071.97,9677.35,2023-09-17,0,74.1,emily.martinez@company.com,(793) 496-8876,Active
EMP013043,Nicole,Garcia,Nicole Garcia,47,IT,Coordinator,Seattle,67512.88,7393.91,2022-10-01,20,65.9,nicole.garcia@company.com,(712) 935-8709,Active
EMP013044,Emily,Jackson,Emily Jackson,47,Engineering,Specialist,San Francisco,51781.37,4420.91,2024-11-03,25,48.6,emily.jackson@company.com,(760) 984-2593,Active
EMP013045,David,Martin,David Martin,55,HR,Manager,Chicago,99938.31,12007.47,2020-03-21,32,58.3,david.martin@company.com,(864) 691-3300,Active
EMP013046,Daniel,Taylor,Daniel Taylor,35,Legal,Director,New York,90898.17,6822.46,2020-09-05,6,65.5,daniel.taylor@company.com,(402) 822-9211,Active
EMP013047,Christopher,Thomas,Christopher Thomas,31,HR,Director,Seattle,45895.15,5699.3,2024-12-03,7,82.9,christopher.thomas@company.com,(983) 557-2403,Active
EMP013048,Jane,Martinez,Jane Martinez,34,Finance,Specialist,Miami,94782.86,14910.16,2020-09-10,9,99.2,jane.martinez@company.com,(990) 738-8162,Active
EMP013049,Emily,Johnson,Emily Johnson,58,HR,Senior Developer,Boston,74043.85,6946.41,2023-09-19,34,71.1,emily.johnson@company.com,(828) 391-3145,Active
EMP013050,Nicole,Taylor,Nicole Taylor,37,Engineering,Specialist,Seattle,70593.22,7279.35,2020-01-03,8,75.0,nicole.taylor@company.com,(547) 588-1377,Active
EMP013051,Christopher,Rodriguez,Christopher Rodriguez,26,Marketing,Specialist,Austin,66584.98,5401.4,2023-07-17,3,79.8,christopher.rodriguez@company.com,(723) 938-3416,Active
EMP013052,Robert,Hernandez,Robert Hernandez,29,IT,Associate,Los Angeles,70508.79,8022.86,2021-08-09,2,81.1,robert.hernandez@company.com,(466) 401-3000,Active
EMP013053,Matthew,Brown,Matthew Brown,40,Operations,Associate,Los Angeles,55897.61,2371.19,2024-11-13,11,70.4,matthew.brown@company.com,(700) 584-7587,Active
EMP013054,William,Brown,William Brown,47,HR,Lead,Los Angeles,60457.84,7548.96,2022-09-30,22,63.3,william.brown@company.com,(971) 342-7827,Active
EMP013055,Emily,Jackson,Emily Jackson,35,HR,Lead,Austin,60485.51,10177.41,2024-05-26,6,69.2,emily.jackson@company.com,(333) 995-5451,Active
EMP013056,Christopher,Hernandez,Christopher Hernandez,61,Operations,Lead,Los Angeles,78245.08,857.53,2020-09-27,39,100.0,christopher.hernandez@company.com,(658) 614-2407,Active
EMP013057,David,Jackson,David Jackson,26,Operations,Analyst,Seattle,40232.84,3789.27,2023-02-14,0,93.5,david.jackson@company.com,(232) 807-9359,Active
EMP013058,Jessica,Anderson,Jessica Anderson,30,Legal,Specialist,Boston,79574.5,9014.37,2021-12-08,5,96.2,jessica.anderson@company.com,(901) 574-1328,Active
EMP013059,Emily,Miller,Emily Miller,32,Engineering,Director,Los Angeles,79799.76,11918.7,2022-05-09,9,64.2,emily.miller@company.com,(234) 508-2626,Active
EMP013060,Ashley,Martinez,Ashley Martinez,62,Marketing,Manager,New York,103431.93,5261.02,2024-06-14,33,93.0,ashley.martinez@company.com,(508) 434-6806,Active
EMP013061,Anthony,Garcia,Anthony Garcia,34,Operations,Associate,Austin,80640.68,17410.98,2023-08-12,10,49.4,anthony.garcia@company.com,(862) 416-3817,Active
EMP013062,Stephanie,Garcia,Stephanie Garcia,34,Operations,Director,Boston,39189.9,6887.54,2021-06-28,12,78.3,stephanie.garcia@company.com,(818) 920-5894,Inactive
EMP013063,William,Williams,William Williams,52,HR,Analyst,Boston,98948.23,6615.13,2023-04-16,23,62.8,william.williams@company.com,(645) 629-5503,Active
EMP013064,Ashley,Gonzalez,Ashley Gonzalez,25,Legal,Senior Developer,Seattle,41657.77,1640.94,2020-07-18,3,57.1,ashley.gonzalez@company.com,(756) 277-6803,Active
EMP013065,Nicole,Gonzalez,Nicole Gonzalez,49,Sales,Director,Boston,99810.41,6391.31,2021-09-21,21,83.6,nicole.gonzalez@company.com,(868) 457-3022,Active
EMP013066,Ashley,Davis,Ashley Davis,53,Legal,Director,Chicago,128435.82,16390.78,2024-12-31,28,90.5,ashley.davis@company.com,(525) 588-8227,Active
EMP013067,William,Johnson,William Johnson,43,HR,Senior Developer,Miami,37488.84,4141.44,2021-07-07,16,82.2,william.johnson@company.com,(284) 916-9149,Active
EMP013068,John,Thomas,John Thomas,26,HR,Associate,Seattle,63155.97,6037.52,2020-10-21,2,94.8,john.thomas@company.com,(428) 402-9939,Active
EMP013069,Melissa,Johnson,Melissa Johnson,65,Finance,Associate,New York,90718.08,7003.78,2020-05-15,39,72.5,melissa.johnson@company.com,(216) 911-3591,Inactive
EMP013070,Nicole,Garcia,Nicole Garcia,30,Sales,Lead,Miami,59962.16,5416.37,2022-09-15,5,70.6,nicole.garcia@company.com,(895) 642-6320,On Leave
EMP013071,William,Rodriguez,William Rodriguez,53,Legal,Lead,Austin,100986.9,10111.46,2020-02-19,24,52.4,william.rodriguez@company.com,(972) 599-4817,Active
EMP013072,Stephanie,Johnson,Stephanie Johnson,62,IT,Manager,Seattle,102868.28,6958.74,2021-06-19,34,78.9,stephanie.johnson@company.com,(312) 558-4530,Active
EMP013073,Lisa,Smith,Lisa Smith,39,Finance,Lead,New York,72780.59,12759.93,2023-06-21,14,96.6,lisa.smith@company.com,(877) 310-6995,Active
EMP013074,James,Williams,James Williams,40,Legal,Specialist,San Francisco,83136.97,8256.26,2023-05-14,14,82.8,james.williams@company.com,(652) 678-8871,Active
EMP013075,David,Jackson,David Jackson,39,IT,Director,San Francisco,61863.98,10119.48,2020-07-01,11,83.4,david.jackson@company.com,(444) 708-2359,Active
EMP013076,Anthony,Brown,Anthony Brown,45,Engineering,Coordinator,Miami,116259.49,11770.23,2022-02-11,23,95.4,anthony.brown@company.com,(850) 358-5375,Active
EMP013077,Amanda,Johnson,Amanda Johnson,25,Marketing,Lead,Seattle,67298.53,2294.0,2020-03-09,3,85.1,amanda.johnson@company.com,(354) 202-9378,Active
EMP013078,David,Anderson,David Anderson,42,HR,Associate,Seattle,59758.59,9465.5,2021-10-05,18,76.5,david.anderson@company.com,(888) 876-8142,Active
EMP013079,David,Garcia,David Garcia,31,Sales,Coordinator,Los Angeles,65263.64,0.0,2021-02-07,5,80.9,david.garcia@company.com,(439) 621-4307,Active
EMP013080,James,Thomas,James Thomas,47,Operations,Senior Developer,Seattle,65772.11,2776.82,2021-05-16,23,59.8,james.thomas@company.com,(731) 735-8715,Active
EMP013081,Jane,Hernandez,Jane Hernandez,54,HR,Director,Austin,79915.24,8066.3,2023-02-16,30,67.2,jane.hernandez@company.com,(949) 928-3046,Active
EMP013082,Michael,Smith,Michael Smith,41,Finance,Manager,Seattle,73859.58,9889.94,2021-04-25,18,64.1,michael.smith@company.com,(329) 860-5561,Active
EMP013083,Lisa,Smith,Lisa Smith,55,Engineering,Associate,Boston,72870.43,3318.52,2024-03-12,27,86.4,lisa.smith@company.com,(391) 882-6674,Active
EMP013084,Michael,Garcia,Michael Garcia,38,Engineering,Director,Miami,81615.79,14212.01,2024-07-16,10,67.0,michael.garcia@company.com,(396) 378-2075,Active
EMP013085,William,Smith,William Smith,47,IT,Lead,Boston,109974.81,5553.63,2024-12-26,25,74.2,william.smith@company.com,(550) 627-2738,On Leave
EMP013086,Melissa,Miller,Melissa Miller,42,Marketing,Lead,Chicago,76604.67,12076.39,2024-11-23,17,66.7,melissa.miller@company.com,(946) 299-6328,Active
EMP013087,Matthew,Martinez,Matthew Martinez,58,Sales,Director,San Francisco,95565.52,13176.03,2023-11-21,29,87.6,matthew.martinez@company.com,(849) 212-3292,Active
EMP013088,Jessica,Jones,Jessica Jones,52,Operations,Lead,Chicago,88947.39,8648.93,2023-02-16,30,70.6,jessica.jones@company.com,(899) 727-2875,Active
EMP013089,Sarah,Hernandez,Sarah Hernandez,39,Operations,Analyst,San Francisco,83567.61,4248.0,2021-12-08,13,61.1,sarah.hernandez@company.com,(253) 803-2569,Active
EMP013090,Amanda,Wilson,Amanda Wilson,24,Legal,Senior Developer,Boston,87736.66,12019.3,2022-07-03,0,46.3,amanda.wilson@company.com,(450) 557-3840,Active
EMP013091,Amanda,Thomas,Amanda Thomas,35,HR,Manager,San Francisco,72374.09,10790.35,2020-04-13,6,75.4,amanda.thomas@company.com,(825) 527-6330,Active
EMP013092,Robert,Martinez,Robert Martinez,26,Engineering,Manager,Chicago,98533.88,2088.84,2023-05-05,3,65.5,robert.martinez@company.com,(821) 521-7753,Active
EMP013093,Robert,Wilson,Robert Wilson,30,Marketing,Senior Developer,Los Angeles,51625.53,6738.61,2022-09-06,6,62.4,robert.wilson@company.com,(293) 855-4144,Active
EMP013094,James,Brown,James Brown,40,IT,Specialist,Los Angeles,80578.68,7048.71,2020-02-14,18,47.0,james.brown@company.com,(598) 461-2415,Active
EMP013095,Robert,Miller,Robert Miller,28,IT,Lead,Miami,80217.4,9783.74,2021-01-09,0,71.7,robert.miller@company.com,(887) 696-5671,Active
EMP013096,Michael,Williams,Michael Williams,57,HR,Manager,San Francisco,92607.5,12860.87,2023-12-06,28,93.8,michael.williams@company.com,(635) 358-5500,Active
EMP013097,William,Davis,William Davis,44,Legal,Senior Developer,Austin,103038.88,8655.17,2022-10-08,18,59.9,william.davis@company.com,(860) 725-4998,Active
EMP013098,Daniel,Johnson,Daniel Johnson,48,Finance,Lead,Seattle,95555.2,5308.77,2020-10-17,20,79.0,daniel.johnson@company.com,(864) 296-1451,Active
EMP013099,William,Martin,William Martin,27,HR,Manager,New York,45016.01,10487.89,2023-02-11,4,81.5,william.martin@company.com,(796) 217-7284,Active
EMP013100,John,Wilson,John Wilson,23,Operations,Manager,Miami,55509.73,5884.68,2022-12-12,0,97.4,john.wilson@company.com,(738) 460-2788,Active
EMP013101,Christopher,Brown,Christopher Brown,60,Engineering,Manager,Boston,137254.24,23579.55,2020-10-20,35,88.9,christopher.brown@company.com,(740) 223-3440,On Leave
EMP013102,Jane,Brown,Jane Brown,50,Operations,Coordinator,San Francisco,65325.4,4207.05,2022-11-20,22,70.7,jane.brown@company.com,(833) 320-5557,Inactive
EMP013103,Melissa,Jackson,Melissa Jackson,55,IT,Manager,Boston,127217.29,4512.65,2022-04-19,32,70.2,melissa.jackson@company.com,(413) 704-9891,Active
EMP013104,Emily,Hernandez,Emily Hernandez,33,Marketing,Associate,Miami,41934.62,6257.33,2023-05-12,11,69.9,emily.hernandez@company.com,(707) 360-2279,Active
EMP013105,Christopher,Lopez,Christopher Lopez,64,Finance,Associate,Austin,104046.32,14596.61,2020-12-22,37,64.8,christopher.lopez@company.com,(980) 489-8754,Active
EMP013106,James,Smith,James Smith,62,Finance,Manager,San Francisco,85456.56,5150.15,2021-04-25,40,60.6,james.smith@company.com,(380) 801-4217,Active
EMP013107,David,Davis,David Davis,64,HR,Coordinator,Boston,87458.11,9077.25,2023-10-03,36,86.5,david.davis@company.com,(890) 294-8333,Active
EMP013108,Melissa,Davis,Melissa Davis,58,Operations,Director,New York,80437.81,6379.04,2021-10-06,33,73.9,melissa.davis@company.com,(977) 722-2346,Active
EMP013109,Robert,Hernandez,Robert Hernandez,65,Finance,Lead,Boston,122907.68,6525.47,2022-06-17,39,76.9,robert.hernandez@company.com,(284) 258-5607,Active
EMP013110,Daniel,Jackson,Daniel Jackson,36,Operations,Analyst,Chicago,50238.51,5927.19,2021-12-18,10,65.7,daniel.jackson@company.com,(968) 899-7116,Active
EMP013111,Robert,Jones,Robert Jones,39,Engineering,Associate,Los Angeles,92029.34,3524.14,2023-05-18,16,92.4,robert.jones@company.com,(924) 231-3029,Active
EMP013112,Nicole,Williams,Nicole Williams,51,IT,Coordinator,New York,51122.85,3221.31,2024-11-26,29,92.2,nicole.williams@company.com,(566) 852-5377,Active
EMP013113,William,Gonzalez,William Gonzalez,54,Operations,Associate,Boston,57081.58,8456.19,2022-07-17,28,71.6,william.gonzalez@company.com,(794) 674-9334,Active
EMP013114,Amanda,Jackson,Amanda Jackson,50,HR,Analyst,Seattle,61253.36,8642.3,2020-04-01,21,81.9,amanda.jackson@company.com,(829) 668-9430,Active
EMP013115,Lisa,Johnson,Lisa Johnson,51,Finance,Specialist,Austin,75995.76,7073.48,2023-03-21,23,90.5,lisa.johnson@company.com,(412) 527-1654,Active
EMP013116,Nicole,Smith,Nicole Smith,48,IT,Senior Developer,Seattle,110933.76,9847.0,2022-12-15,20,61.0,nicole.smith@company.com,(628) 441-7539,Active
EMP013117,Robert,Anderson,Robert Anderson,57,Legal,Coordinator,Austin,128856.83,12459.53,2024-06-22,29,52.5,robert.anderson@company.com,(496) 757-5079,Active
EMP013118,John,Martin,John Martin,42,Engineering,Specialist,New York,84086.93,11000.08,2023-05-06,18,63.2,john.martin@company.com,(319) 376-5362,Active
EMP013119,Matthew,Johnson,Matthew Johnson,57,Finance,Lead,Boston,92599.22,5253.46,2022-12-07,30,61.6,matthew.johnson@company.com,(995) 452-3009,Active
EMP013120,Daniel,Jackson,Daniel Jackson,49,Marketing,Director,Chicago,46369.92,5847.92,2020-01-11,22,68.5,daniel.jackson@company.com,(988) 710-6532,Active
EMP013121,Stephanie,Hernandez,Stephanie Hernandez,43,Marketing,Manager,Chicago,77001.25,10799.93,2022-05-22,21,47.9,stephanie.hernandez@company.com,(923) 491-3627,Active
EMP013122,Robert,Davis,Robert Davis,56,IT,Analyst,Chicago,120589.89,12305.9,2020-07-28,30,87.9,robert.davis@company.com,(483) 824-5709,Active
EMP013123,Anthony,Moore,Anthony Moore,61,HR,Analyst,Boston,74122.32,12529.72,2020-01-19,33,66.8,anthony.moore@company.com,(224) 901-8571,Active
EMP013124,Christopher,Taylor,Christopher Taylor,32,Legal,Manager,Chicago,63477.36,4429.85,2021-04-07,9,73.1,christopher.taylor@company.com,(371) 297-5593,Active
EMP013125,Amanda,Hernandez,Amanda Hernandez,23,Operations,Analyst,San Francisco,48554.95,4633.51,2020-09-17,0,44.5,amanda.hernandez@company.com,(264) 901-7944,Inactive
EMP013126,Melissa,Garcia,Melissa Garcia,45,IT,Analyst,Austin,78622.03,8580.66,2024-05-24,18,95.1,melissa.garcia@company.com,(528) 258-4073,Active
EMP013127,John,Thomas,John Thomas,38,Marketing,Senior Developer,Miami,82219.56,12302.08,2022-12-14,12,81.0,john.thomas@company.com,(235) 983-9651,Active
EMP013128,Stephanie,Martin,Stephanie Martin,22,Legal,Analyst,Austin,66351.27,9919.37,2024-09-02,0,63.8,stephanie.martin@company.com,(743) 931-1706,Active
EMP013129,Stephanie,Jones,Stephanie Jones,29,IT,Director,Chicago,67779.68,4840.35,2024-01-11,1,80.5,stephanie.jones@company.com,(653) 606-3560,Inactive
EMP013130,Christopher,Hernandez,Christopher Hernandez,65,Operations,Lead,San Francisco,67673.81,11269.01,2021-08-14,36,78.4,christopher.hernandez@company.com,(919) 357-5476,On Leave
EMP013131,William,Brown,William Brown,32,IT,Associate,Boston,78582.95,5396.43,2021-05-20,6,61.2,william.brown@company.com,(950) 513-5458,Active
EMP013132,Melissa,Moore,Melissa Moore,36,HR,Associate,Chicago,59892.77,9241.19,2023-10-07,11,72.5,melissa.moore@company.com,(374) 465-2040,Active
EMP013133,William,Miller,William Miller,54,Engineering,Specialist,San Francisco,75875.34,4127.73,2024-08-03,32,59.1,william.miller@company.com,(396) 767-9096,Active
EMP013134,Jessica,Gonzalez,Jessica Gonzalez,48,Finance,Associate,Miami,89125.86,4155.16,2021-09-22,24,64.3,jessica.gonzalez@company.com,(446) 997-1209,Active
EMP013135,Ashley,Rodriguez,Ashley Rodriguez,56,Operations,Director,Chicago,75251.99,9926.1,2023-10-31,34,66.8,ashley.rodriguez@company.com,(419) 432-8137,Active
EMP013136,Michael,Jackson,Michael Jackson,49,Engineering,Lead,Austin,61945.65,4776.77,2020-01-08,20,80.8,michael.jackson@company.com,(453) 204-6652,On Leave
EMP013137,Michael,Johnson,Michael Johnson,55,IT,Senior Developer,San Francisco,99726.75,11605.51,2020-12-27,26,82.2,michael.johnson@company.com,(748) 824-6465,On Leave
EMP013138,Christopher,Jackson,Christopher Jackson,43,Legal,Associate,San Francisco,86018.92,12848.26,2022-11-06,16,62.9,christopher.jackson@company.com,(623) 488-8644,Active
EMP013139,Nicole,Williams,Nicole Williams,35,Legal,Analyst,Chicago,68974.74,511.83,2024-03-14,11,63.0,nicole.williams@company.com,(371) 411-2514,Active
EMP013140,Christopher,Taylor,Christopher Taylor,54,Legal,Analyst,Seattle,98955.38,8951.63,2021-02-17,25,76.5,christopher.taylor@company.com,(341) 756-2873,Active
EMP013141,Robert,Brown,Robert Brown,28,Finance,Coordinator,Seattle,43939.64,3141.5,2022-02-19,4,93.9,robert.brown@company.com,(780) 488-3350,Active
EMP013142,Matthew,Garcia,Matthew Garcia,56,Marketing,Specialist,Los Angeles,72750.8,10364.63,2023-05-29,34,59.5,matthew.garcia@company.com,(678) 910-2221,Inactive
EMP013143,John,Anderson,John Anderson,61,Sales,Analyst,Seattle,71333.09,10581.79,2020-08-25,38,85.7,john.anderson@company.com,(678) 851-2942,Active
EMP013144,Sarah,Lopez,Sarah Lopez,47,Marketing,Specialist,New York,78419.38,8785.73,2020-05-31,18,69.5,sarah.lopez@company.com,(904) 767-2117,Active
EMP013145,Daniel,Moore,Daniel Moore,57,IT,Senior Developer,Chicago,89711.97,7749.06,2022-11-08,31,98.2,daniel.moore@company.com,(231) 412-6857,On Leave
EMP013146,Jane,Wilson,Jane Wilson,64,Marketing,Lead,Boston,101087.07,20611.09,2021-11-28,35,61.7,jane.wilson@company.com,(431) 415-8144,Active
EMP013147,Nicole,Moore,Nicole Moore,31,IT,Analyst,Los Angeles,42489.24,7012.85,2020-08-16,3,52.9,nicole.moore@company.com,(808) 231-2433,Active
EMP013148,Emily,Thomas,Emily Thomas,37,Finance,Associate,Miami,89747.5,13164.71,2021-04-20,15,93.2,emily.thomas@company.com,(941) 698-7490,Active
EMP013149,Emily,Martinez,Emily Martinez,51,HR,Analyst,Chicago,57209.98,7319.67,2022-11-29,26,65.5,emily.martinez@company.com,(839) 836-1961,Inactive
EMP013150,James,Thomas,James Thomas,41,Finance,Director,Seattle,62710.94,6843.14,2020-03-09,14,67.0,james.thomas@company.com,(492) 788-2443,Active
EMP013151,Christopher,Johnson,Christopher Johnson,37,Legal,Coordinator,Chicago,85183.83,1359.4,2022-09-20,11,75.8,christopher.johnson@company.com,(578) 567-1479,Active
EMP013152,Michael,Johnson,Michael Johnson,65,Finance,Analyst,Boston,106194.67,12510.45,2024-11-07,42,86.1,michael.johnson@company.com,(510) 349-8504,Inactive
EMP013153,Ashley,Moore,Ashley Moore,65,Sales,Coordinator,Chicago,105544.26,12897.86,2023-08-26,40,56.6,ashley.moore@company.com,(561) 489-6478,Active
EMP013154,William,Martin,William Martin,31,Legal,Analyst,Chicago,100947.92,12612.31,2022-09-15,2,51.1,william.martin@company.com,(654) 802-6914,Active
EMP013155,David,Johnson,David Johnson,33,Marketing,Specialist,Boston,87167.0,10570.76,2023-06-06,6,93.3,david.johnson@company.com,(559) 565-8644,Active
EMP013156,Jessica,Garcia,Jessica Garcia,28,Operations,Manager,Boston,60123.84,8713.18,2023-08-31,5,81.4,jessica.garcia@company.com,(791) 677-6562,Active
EMP013157,Ashley,Garcia,Ashley Garcia,52,Finance,Analyst,Seattle,96150.04,15407.77,2024-04-15,25,91.3,ashley.garcia@company.com,(202) 852-7888,Active
EMP013158,Daniel,Thomas,Daniel Thomas,56,HR,Analyst,Boston,51561.06,4312.58,2021-06-01,29,88.9,daniel.thomas@company.com,(281) 412-2438,Active
EMP013159,Amanda,Jackson,Amanda Jackson,62,IT,Associate,Los Angeles,115913.74,4008.01,2022-06-18,36,64.2,amanda.jackson@company.com,(457) 646-2099,Active
EMP013160,Stephanie,Gonzalez,Stephanie Gonzalez,55,HR,Director,Miami,76725.54,9958.22,2020-09-30,27,82.4,stephanie.gonzalez@company.com,(723) 721-9260,Active
EMP013161,David,Lopez,David Lopez,49,Finance,Manager,Chicago,66202.8,11201.22,2024-05-23,24,82.7,david.lopez@company.com,(381) 394-5182,Active
EMP013162,Ashley,Martinez,Ashley Martinez,59,Marketing,Senior Developer,Chicago,72750.46,6019.88,2024-11-09,30,86.9,ashley.martinez@company.com,(667) 328-5739,Inactive
EMP013163,John,Williams,John Williams,57,Finance,Analyst,Miami,88446.05,6626.54,2023-08-14,28,94.5,john.williams@company.com,(345) 339-3892,Active
EMP013164,Anthony,Davis,Anthony Davis,63,Engineering,Coordinator,Seattle,53622.72,6860.87,2023-05-01,39,33.9,anthony.davis@company.com,(928) 763-2616,Active
EMP013165,Sarah,Lopez,Sarah Lopez,40,Engineering,Lead,Seattle,58990.73,7343.24,2023-09-06,15,63.2,sarah.lopez@company.com,(745) 297-5019,Active
EMP013166,Michael,Moore,Michael Moore,29,Operations,Analyst,Miami,46132.93,2380.75,2024-11-10,7,74.1,michael.moore@company.com,(490) 735-8168,Active
EMP013167,Lisa,Moore,Lisa Moore,65,Operations,Specialist,Miami,53652.66,8052.29,2020-12-11,40,78.7,lisa.moore@company.com,(228) 293-7670,Active
EMP013168,Amanda,Jackson,Amanda Jackson,48,Sales,Manager,New York,62780.92,5260.22,2022-04-22,20,60.6,amanda.jackson@company.com,(566) 425-9808,Active
EMP013169,Daniel,Lopez,Daniel Lopez,41,Marketing,Lead,Miami,54922.04,5771.85,2022-08-24,12,74.3,daniel.lopez@company.com,(723) 832-5681,Active
EMP013170,John,Johnson,John Johnson,57,Legal,Lead,Seattle,105124.54,11123.56,2020-07-18,31,71.2,john.johnson@company.com,(596) 990-5409,Active
EMP013171,John,Miller,John Miller,42,Finance,Specialist,San Francisco,104132.75,15824.8,2020-09-15,14,65.2,john.miller@company.com,(934) 515-8501,Active
EMP013172,Anthony,Miller,Anthony Miller,64,Operations,Senior Developer,Los Angeles,86415.34,4154.53,2023-03-26,40,93.2,anthony.miller@company.com,(607) 687-8999,Active
EMP013173,Amanda,Martin,Amanda Martin,24,Finance,Director,Boston,86299.92,3191.43,2021-03-29,0,84.0,amanda.martin@company.com,(905) 786-1298,Active
EMP013174,Sarah,Rodriguez,Sarah Rodriguez,55,HR,Senior Developer,Austin,62256.59,11579.21,2022-12-26,32,90.8,sarah.rodriguez@company.com,(675) 544-4287,Active
EMP013175,John,Garcia,John Garcia,49,Marketing,Lead,Los Angeles,67449.33,7937.69,2022-10-27,26,100.0,john.garcia@company.com,(388) 488-5263,Active
EMP013176,Daniel,Smith,Daniel Smith,39,IT,Specialist,Miami,82482.15,15222.3,2024-08-31,17,100.0,daniel.smith@company.com,(686) 314-8125,Active
EMP013177,Stephanie,Moore,Stephanie Moore,59,IT,Senior Developer,New York,107742.95,15747.24,2022-10-10,37,89.5,stephanie.moore@company.com,(672) 759-6611,Active
EMP013178,Melissa,Thomas,Melissa Thomas,28,Finance,Senior Developer,Chicago,72729.3,6865.19,2021-11-08,5,73.8,melissa.thomas@company.com,(642) 655-5005,Active
EMP013179,Nicole,Lopez,Nicole Lopez,47,Marketing,Manager,Los Angeles,77871.55,5057.39,2023-01-05,20,82.6,nicole.lopez@company.com,(371) 409-1425,Active
EMP013180,Melissa,Martinez,Melissa Martinez,55,IT,Analyst,Chicago,107525.6,11364.83,2022-02-16,33,100.0,melissa.martinez@company.com,(468) 209-7503,Active
EMP013181,David,Rodriguez,David Rodriguez,36,Marketing,Specialist,San Francisco,58249.17,5125.64,2022-04-09,12,81.3,david.rodriguez@company.com,(622) 560-2615,Active
EMP013182,Nicole,Jones,Nicole Jones,38,Marketing,Analyst,Chicago,62270.97,9874.73,2022-05-19,12,86.4,nicole.jones@company.com,(272) 564-8450,Active
EMP013183,Christopher,Smith,Christopher Smith,49,Finance,Analyst,Boston,84847.46,10685.1,2020-11-08,25,78.9,christopher.smith@company.com,(551) 467-2725,Active
EMP013184,John,Jackson,John Jackson,61,Finance,Specialist,New York,104594.72,10974.34,2021-02-11,36,73.6,john.jackson@company.com,(966) 347-5030,Active
EMP013185,James,Garcia,James Garcia,27,HR,Coordinator,San Francisco,44102.71,6051.63,2021-02-05,4,96.0,james.garcia@company.com,(308) 835-3877,Active
EMP013186,Jane,Wilson,Jane Wilson,62,Finance,Associate,Chicago,104083.96,12024.27,2021-11-25,36,69.6,jane.wilson@company.com,(713) 276-8392,Active
EMP013187,Anthony,Thomas,Anthony Thomas,40,Legal,Coordinator,New York,72965.06,5964.82,2023-12-02,17,63.0,anthony.thomas@company.com,(419) 246-5256,Inactive
EMP013188,Jessica,Smith,Jessica Smith,56,Engineering,Senior Developer,Seattle,133125.21,9227.82,2024-03-21,32,80.4,jessica.smith@company.com,(309) 782-6364,Active
EMP013189,James,Taylor,James Taylor,64,Engineering,Coordinator,Los Angeles,91829.79,5713.55,2020-10-31,42,56.3,james.taylor@company.com,(624) 659-5449,On Leave
EMP013190,Melissa,Gonzalez,Melissa Gonzalez,64,Engineering,Specialist,Austin,125076.18,10276.61,2020-08-31,36,89.5,melissa.gonzalez@company.com,(938) 974-7171,Active
EMP013191,Daniel,Jones,Daniel Jones,29,Engineering,Lead,San Francisco,79218.32,11320.93,2024-09-28,5,88.3,daniel.jones@company.com,(222) 691-7671,Active
EMP013192,Sarah,Anderson,Sarah Anderson,24,Marketing,Senior Developer,Seattle,35344.34,1109.27,2020-03-23,0,99.9,sarah.anderson@company.com,(371) 922-9354,Active
EMP013193,Robert,Johnson,Robert Johnson,61,Legal,Director,San Francisco,80154.58,4400.6,2021-06-10,32,88.3,robert.johnson@company.com,(617) 751-3882,Active
EMP013194,Matthew,Johnson,Matthew Johnson,42,Sales,Senior Developer,Seattle,75347.88,2890.93,2022-05-05,14,82.1,matthew.johnson@company.com,(917) 906-7334,Active
EMP013195,Emily,Johnson,Emily Johnson,46,Operations,Manager,Austin,57664.97,9338.08,2020-09-27,24,57.2,emily.johnson@company.com,(233) 689-7332,Active
EMP013196,Christopher,Brown,Christopher Brown,61,Sales,Associate,Miami,83973.43,0.0,2021-12-10,35,85.2,christopher.brown@company.com,(462) 640-4415,Active
EMP013197,William,Martinez,William Martinez,36,HR,Lead,Seattle,55227.71,5952.46,2024-08-02,11,63.9,william.martinez@company.com,(224) 270-2732,Active
EMP013198,James,Rodriguez,James Rodriguez,55,Engineering,Coordinator,San Francisco,95474.44,4641.32,2021-11-18,29,69.1,james.rodriguez@company.com,(659) 762-1960,On Leave
EMP013199,Robert,Miller,Robert Miller,26,Finance,Manager,Chicago,77383.46,6009.22,2024-12-25,0,76.3,robert.miller@company.com,(506) 643-7096,Active
EMP013200,Christopher,Rodriguez,Christopher Rodriguez,64,Engineering,Manager,Seattle,128648.6,7271.24,2021-10-06,35,71.5,christopher.rodriguez@company.com,(375) 390-3423,Active
EMP013201,Emily,Moore,Emily Moore,63,IT,Coordinator,Chicago,116547.44,12828.67,2020-12-26,36,91.3,emily.moore@company.com,(606) 685-6647,Active
EMP013202,Ashley,Martin,Ashley Martin,23,Engineering,Manager,Los Angeles,103662.84,6596.69,2020-05-28,0,81.8,ashley.martin@company.com,(455) 698-5869,Inactive
EMP013203,Nicole,Anderson,Nicole Anderson,42,Engineering,Senior Developer,San Francisco,100916.55,8969.36,2022-12-14,18,61.0,nicole.anderson@company.com,(838) 793-8407,Active
EMP013204,John,Anderson,John Anderson,65,Sales,Senior Developer,Los Angeles,104274.59,10469.08,2021-07-20,38,68.4,john.anderson@company.com,(247) 773-5280,Inactive
EMP013205,Jessica,Gonzalez,Jessica Gonzalez,28,Finance,Coordinator,Boston,73344.55,685.15,2020-01-21,0,50.3,jessica.gonzalez@company.com,(660) 927-4565,Active
EMP013206,Lisa,Taylor,Lisa Taylor,43,Sales,Specialist,Miami,69990.21,0.0,2024-10-20,20,93.7,lisa.taylor@company.com,(280) 668-4506,Active
EMP013207,Daniel,Martinez,Daniel Martinez,53,HR,Manager,San Francisco,92141.24,13131.85,2024-01-17,28,74.1,daniel.martinez@company.com,(249) 948-6113,Active
EMP013208,Jane,Martin,Jane Martin,49,Legal,Senior Developer,Austin,104486.17,5947.76,2020-04-14,26,68.5,jane.martin@company.com,(268) 296-5379,Active
EMP013209,Ashley,Garcia,Ashley Garcia,36,Finance,Manager,Los Angeles,77151.2,855.39,2020-06-04,11,57.9,ashley.garcia@company.com,(404) 262-4391,Active
EMP013210,Robert,Hernandez,Robert Hernandez,51,HR,Senior Developer,Seattle,54578.18,1386.04,2020-12-18,29,65.5,robert.hernandez@company.com,(247) 881-8859,Active
EMP013211,Sarah,Miller,Sarah Miller,22,Marketing,Analyst,Seattle,60795.5,5128.51,2023-10-29,0,69.0,sarah.miller@company.com,(934) 756-7832,Active
EMP013212,Jane,Smith,Jane Smith,28,Operations,Associate,Chicago,61594.24,4650.32,2023-05-22,1,51.1,jane.smith@company.com,(338) 226-7599,Active
EMP013213,David,Thomas,David Thomas,63,Operations,Specialist,Austin,85097.32,13481.73,2023-02-11,34,82.2,david.thomas@company.com,(317) 414-5928,Active
EMP013214,Ashley,Taylor,Ashley Taylor,43,Operations,Coordinator,Seattle,66351.79,9072.97,2021-12-16,18,80.3,ashley.taylor@company.com,(941) 226-3635,Active
EMP013215,Daniel,Williams,Daniel Williams,60,Legal,Manager,Los Angeles,95852.02,12605.11,2020-07-13,31,89.4,daniel.williams@company.com,(484) 585-3398,Active
EMP013216,Ashley,Lopez,Ashley Lopez,38,IT,Senior Developer,Los Angeles,82760.19,7050.85,2021-11-18,12,66.2,ashley.lopez@company.com,(966) 844-2304,Active
EMP013217,John,Martinez,John Martinez,26,Marketing,Lead,Los Angeles,62367.38,6734.71,2023-10-31,0,63.9,john.martinez@company.com,(783) 543-1660,Active
EMP013218,Emily,Lopez,Emily Lopez,24,Finance,Analyst,Boston,60113.53,3566.22,2021-12-23,0,91.9,emily.lopez@company.com,(436) 266-3775,Active
EMP013219,Jessica,Williams,Jessica Williams,37,IT,Director,Seattle,59188.29,7447.58,2020-12-06,9,60.3,jessica.williams@company.com,(680) 761-9994,Inactive
EMP013220,Michael,Garcia,Michael Garcia,34,Sales,Manager,Los Angeles,68069.27,4406.31,2021-09-19,9,78.2,michael.garcia@company.com,(568) 502-7136,Active
EMP013221,Emily,Smith,Emily Smith,25,Sales,Associate,Seattle,66724.22,1110.21,2023-11-19,0,43.6,emily.smith@company.com,(875) 656-5863,Active
EMP013222,Nicole,Hernandez,Nicole Hernandez,52,Finance,Manager,San Francisco,107000.73,8200.26,2022-09-07,26,78.6,nicole.hernandez@company.com,(602) 765-7679,Active
EMP013223,Matthew,Martin,Matthew Martin,25,IT,Associate,New York,84689.5,14512.3,2024-02-14,0,71.6,matthew.martin@company.com,(584) 883-8166,Active
EMP013224,Jessica,Garcia,Jessica Garcia,49,Engineering,Associate,Los Angeles,134758.26,5041.9,2021-10-06,22,89.5,jessica.garcia@company.com,(804) 563-7591,Active
EMP013225,John,Gonzalez,John Gonzalez,27,Operations,Lead,Chicago,33049.84,1864.48,2024-09-11,0,79.8,john.gonzalez@company.com,(543) 430-9230,Active
EMP013226,Jessica,Hernandez,Jessica Hernandez,65,Operations,Associate,New York,82398.29,2579.96,2023-11-29,38,61.7,jessica.hernandez@company.com,(599) 972-8038,On Leave
EMP013227,Lisa,Miller,Lisa Miller,24,IT,Manager,San Francisco,83088.93,10504.91,2020-02-19,0,95.1,lisa.miller@company.com,(294) 679-2128,Active
EMP013228,John,Gonzalez,John Gonzalez,43,IT,Lead,New York,100396.96,6556.09,2020-09-24,20,73.3,john.gonzalez@company.com,(714) 688-6467,Active
EMP013229,Melissa,Lopez,Melissa Lopez,38,Finance,Manager,Austin,51809.31,2614.75,2021-09-28,14,96.3,melissa.lopez@company.com,(461) 398-7830,On Leave
EMP013230,Ashley,Williams,Ashley Williams,59,Operations,Specialist,San Francisco,77236.08,13446.55,2020-09-16,35,88.6,ashley.williams@company.com,(537) 600-3181,Active
EMP013231,Jane,Martin,Jane Martin,37,HR,Specialist,Seattle,32647.55,4677.36,2020-10-30,11,82.8,jane.martin@company.com,(992) 938-7362,Active
EMP013232,Melissa,Rodriguez,Melissa Rodriguez,61,Finance,Analyst,Chicago,70408.07,5943.41,2022-10-03,32,57.7,melissa.rodriguez@company.com,(615) 940-2179,On Leave
EMP013233,Michael,Anderson,Michael Anderson,25,Operations,Manager,New York,54326.73,6568.22,2023-01-01,0,75.5,michael.anderson@company.com,(950) 212-1213,Active
EMP013234,Jane,Smith,Jane Smith,65,Operations,Manager,New York,86340.1,4943.94,2023-07-06,42,69.6,jane.smith@company.com,(389) 912-8079,Active
EMP013235,Robert,Davis,Robert Davis,48,Sales,Analyst,Austin,83213.92,12478.27,2021-01-15,21,90.5,robert.davis@company.com,(547) 545-8426,Active
EMP013236,Christopher,Lopez,Christopher Lopez,42,Engineering,Manager,Seattle,89341.59,10784.89,2023-06-25,16,78.1,christopher.lopez@company.com,(514) 864-9643,Active
EMP013237,Ashley,Thomas,Ashley Thomas,56,Marketing,Specialist,Los Angeles,78882.22,3531.97,2021-08-05,28,98.1,ashley.thomas@company.com,(856) 729-4717,Active
EMP013238,Jessica,Johnson,Jessica Johnson,42,HR,Associate,Austin,47288.83,5227.35,2020-07-09,18,94.6,jessica.johnson@company.com,(865) 930-3847,Active
EMP013239,Anthony,Brown,Anthony Brown,27,Legal,Associate,Boston,91472.85,5253.18,2021-06-22,5,88.5,anthony.brown@company.com,(893) 438-2687,Active
EMP013240,David,Martin,David Martin,36,Finance,Director,Chicago,73938.43,10660.58,2022-12-16,13,76.3,david.martin@company.com,(877) 358-5608,Active
EMP013241,Jessica,Smith,Jessica Smith,41,HR,Director,Los Angeles,50603.61,9850.26,2023-06-10,14,52.6,jessica.smith@company.com,(334) 490-7356,Inactive
EMP013242,Anthony,Miller,Anthony Miller,59,HR,Specialist,Austin,87261.44,13863.42,2023-05-13,33,89.9,anthony.miller@company.com,(363) 540-9805,Active
EMP013243,John,Brown,John Brown,36,Finance,Lead,New York,59651.62,5598.47,2021-05-02,12,20.9,john.brown@company.com,(772) 919-8392,Active
EMP013244,John,Jackson,John Jackson,25,Legal,Director,San Francisco,102025.59,9374.38,2023-11-23,0,88.1,john.jackson@company.com,(322) 662-5411,Active
EMP013245,Anthony,Williams,Anthony Williams,23,Finance,Associate,Los Angeles,48985.82,8465.1,2020-03-11,0,66.7,anthony.williams@company.com,(223) 686-2224,Active
EMP013246,Ashley,Wilson,Ashley Wilson,56,Sales,Director,Miami,100077.55,7308.76,2020-11-13,34,100.0,ashley.wilson@company.com,(586) 833-8239,Active
EMP013247,Christopher,Wilson,Christopher Wilson,54,Finance,Analyst,San Francisco,103129.47,15830.34,2022-02-21,28,66.5,christopher.wilson@company.com,(845) 252-5892,Active
EMP013248,Emily,Lopez,Emily Lopez,62,IT,Specialist,Seattle,95910.8,16625.0,2022-08-22,35,65.7,emily.lopez@company.com,(216) 349-9441,Active
EMP013249,Amanda,Taylor,Amanda Taylor,65,Engineering,Senior Developer,New York,127392.49,10461.67,2021-06-30,38,69.8,amanda.taylor@company.com,(516) 911-8619,Inactive
EMP013250,Emily,Garcia,Emily Garcia,46,HR,Director,San Francisco,58216.99,9733.51,2022-08-13,20,82.3,emily.garcia@company.com,(815) 593-6860,Active
EMP013251,Matthew,Martinez,Matthew Martinez,42,Engineering,Coordinator,San Francisco,124887.67,9624.88,2023-01-12,19,80.5,matthew.martinez@company.com,(977) 837-5909,Active
EMP013252,Lisa,Johnson,Lisa Johnson,37,HR,Associate,Boston,64749.63,2679.73,2020-10-30,8,62.0,lisa.johnson@company.com,(361) 771-6583,Active
EMP013253,Stephanie,Thomas,Stephanie Thomas,47,Marketing,Director,Los Angeles,69457.45,7756.08,2024-03-14,19,100.0,stephanie.thomas@company.com,(656) 408-6249,On Leave
EMP013254,Emily,Anderson,Emily Anderson,33,HR,Director,Seattle,55346.21,7594.58,2021-03-28,9,65.1,emily.anderson@company.com,(482) 696-3354,Active
EMP013255,Christopher,Johnson,Christopher Johnson,46,HR,Analyst,New York,66294.15,4288.73,2020-01-05,23,66.5,christopher.johnson@company.com,(744) 213-6700,Active
EMP013256,Jane,Jones,Jane Jones,26,Operations,Specialist,Austin,62325.81,6301.54,2022-10-01,4,77.8,jane.jones@company.com,(312) 660-5366,Active
EMP013257,Ashley,Martin,Ashley Martin,23,Sales,Coordinator,Chicago,78107.87,5867.97,2020-03-05,0,68.0,ashley.martin@company.com,(492) 249-7741,Active
EMP013258,Matthew,Taylor,Matthew Taylor,56,Engineering,Lead,Seattle,104113.53,4.86,2020-09-05,31,79.8,matthew.taylor@company.com,(677) 851-9611,Inactive
EMP013259,Sarah,Lopez,Sarah Lopez,52,IT,Specialist,Austin,98832.99,13164.07,2021-06-04,28,74.0,sarah.lopez@company.com,(357) 966-6224,Active
EMP013260,John,Wilson,John Wilson,36,Engineering,Director,Seattle,72989.82,7117.41,2024-01-30,13,86.6,john.wilson@company.com,(986) 687-9752,Active
EMP013261,Emily,Brown,Emily Brown,52,Legal,Lead,San Francisco,120218.19,7264.51,2024-02-23,24,64.4,emily.brown@company.com,(365) 319-4110,Active
EMP013262,Amanda,Jackson,Amanda Jackson,53,Engineering,Lead,Los Angeles,80627.38,905.86,2021-12-20,26,100.0,amanda.jackson@company.com,(782) 886-3310,Active
EMP013263,Christopher,Wilson,Christopher Wilson,26,Legal,Specialist,Austin,58023.94,9079.29,2024-10-26,3,62.7,christopher.wilson@company.com,(792) 912-1244,Active
EMP013264,Jane,Smith,Jane Smith,42,Finance,Lead,Miami,77218.71,5936.56,2023-04-21,17,71.7,jane.smith@company.com,(497) 908-2025,Active
EMP013265,Anthony,Gonzalez,Anthony Gonzalez,52,Legal,Lead,Los Angeles,104798.61,5869.11,2023-01-06,26,74.8,anthony.gonzalez@company.com,(323) 685-8055,Active
EMP013266,Lisa,Martin,Lisa Martin,23,Legal,Lead,Los Angeles,64850.83,4067.92,2023-10-15,1,61.6,lisa.martin@company.com,(837) 684-8072,Active
EMP013267,Sarah,Martinez,Sarah Martinez,61,HR,Lead,Los Angeles,69890.84,11473.58,2021-05-10,32,81.6,sarah.martinez@company.com,(641) 451-4177,Active
EMP013268,Ashley,Williams,Ashley Williams,50,Marketing,Senior Developer,New York,71592.18,3474.99,2021-08-27,21,76.3,ashley.williams@company.com,(944) 501-9945,Active
EMP013269,Christopher,Lopez,Christopher Lopez,53,Legal,Senior Developer,San Francisco,90829.49,5965.61,2022-11-07,29,62.7,christopher.lopez@company.com,(980) 504-1892,Active
EMP013270,David,Anderson,David Anderson,43,Operations,Senior Developer,Seattle,60582.58,2591.7,2024-04-22,16,70.5,david.anderson@company.com,(977) 878-9888,On Leave
EMP013271,Robert,Johnson,Robert Johnson,43,Operations,Specialist,Boston,58433.97,7830.78,2024-08-28,19,74.5,robert.johnson@company.com,(900) 635-6906,On Leave
EMP013272,Matthew,Gonzalez,Matthew Gonzalez,62,Operations,Coordinator,San Francisco,60320.81,4442.2,2023-02-25,37,81.7,matthew.gonzalez@company.com,(493) 324-6125,Active
EMP013273,Amanda,Brown,Amanda Brown,38,Legal,Manager,Chicago,130964.02,7802.13,2020-06-13,14,64.6,amanda.brown@company.com,(407) 531-4870,Active
EMP013274,Jane,Anderson,Jane Anderson,53,Sales,Senior Developer,Austin,84452.06,5071.38,2021-05-11,29,100.0,jane.anderson@company.com,(211) 783-5602,Active
EMP013275,Emily,Gonzalez,Emily Gonzalez,51,IT,Manager,Chicago,115067.85,1333.16,2020-08-28,26,93.6,emily.gonzalez@company.com,(335) 210-3229,Active
EMP013276,David,Lopez,David Lopez,46,Engineering,Coordinator,San Francisco,117299.07,9488.19,2023-10-24,23,67.0,david.lopez@company.com,(849) 202-6120,Active
EMP013277,Lisa,Gonzalez,Lisa Gonzalez,45,Legal,Lead,Austin,105233.05,4167.2,2024-05-12,20,71.6,lisa.gonzalez@company.com,(501) 970-3334,Active
EMP013278,Daniel,Davis,Daniel Davis,46,Operations,Analyst,San Francisco,70434.23,2228.96,2023-10-14,17,73.5,daniel.davis@company.com,(669) 625-2413,Active
EMP013279,Stephanie,Davis,Stephanie Davis,56,Operations,Associate,San Francisco,69144.0,11089.99,2023-09-04,27,99.1,stephanie.davis@company.com,(313) 844-5795,Active
EMP013280,Amanda,Lopez,Amanda Lopez,47,IT,Analyst,Seattle,93698.81,10336.45,2023-03-05,23,86.1,amanda.lopez@company.com,(588) 388-9486,Inactive
EMP013281,Jessica,Hernandez,Jessica Hernandez,24,Operations,Coordinator,Boston,36825.34,3601.78,2021-11-14,0,78.6,jessica.hernandez@company.com,(454) 582-6776,Active
EMP013282,Christopher,Jackson,Christopher Jackson,25,Legal,Analyst,Miami,83748.38,3900.74,2024-08-31,3,83.0,christopher.jackson@company.com,(455) 369-7361,Active
EMP013283,Nicole,Williams,Nicole Williams,35,HR,Lead,Seattle,87009.55,15309.3,2024-06-30,11,90.7,nicole.williams@company.com,(904) 239-1436,Active
EMP013284,James,Miller,James Miller,34,Finance,Coordinator,Los Angeles,69680.34,3578.81,2023-08-30,6,97.0,james.miller@company.com,(784) 998-7907,Inactive
EMP013285,Jane,Moore,Jane Moore,26,Operations,Lead,Austin,60255.58,3149.04,2024-05-23,2,78.3,jane.moore@company.com,(651) 373-3216,Active
EMP013286,Nicole,Taylor,Nicole Taylor,48,Finance,Lead,New York,93392.88,11352.79,2020-05-05,25,100.0,nicole.taylor@company.com,(714) 226-3040,Active
EMP013287,Matthew,Thomas,Matthew Thomas,49,IT,Coordinator,San Francisco,64068.59,6933.75,2024-03-20,21,61.8,matthew.thomas@company.com,(245) 653-3505,Active
EMP013288,Lisa,Thomas,Lisa Thomas,40,Legal,Manager,Seattle,64087.33,879.06,2021-08-06,18,55.3,lisa.thomas@company.com,(927) 420-7921,Active
EMP013289,William,Anderson,William Anderson,34,Engineering,Senior Developer,Austin,66775.03,5668.71,2020-07-01,11,92.9,william.anderson@company.com,(739) 303-4763,On Leave
EMP013290,Lisa,Brown,Lisa Brown,56,Finance,Senior Developer,Boston,89105.13,2634.79,2021-07-14,29,70.3,lisa.brown@company.com,(898) 418-1102,Active
EMP013291,Anthony,Williams,Anthony Williams,46,Marketing,Analyst,Los Angeles,76772.23,1072.3,2024-04-16,21,79.4,anthony.williams@company.com,(728) 691-7391,Inactive
EMP013292,Sarah,Rodriguez,Sarah Rodriguez,39,Operations,Coordinator,Austin,56458.92,8411.45,2023-05-16,14,66.2,sarah.rodriguez@company.com,(249) 568-6492,Active
EMP013293,Jane,Rodriguez,Jane Rodriguez,54,Marketing,Associate,Seattle,50201.9,816.53,2020-06-12,27,60.2,jane.rodriguez@company.com,(699) 768-9474,Active
EMP013294,Lisa,Gonzalez,Lisa Gonzalez,61,Engineering,Associate,Chicago,101485.46,5194.46,2023-06-20,38,68.5,lisa.gonzalez@company.com,(674) 604-4669,Active
EMP013295,Christopher,Anderson,Christopher Anderson,27,Marketing,Lead,Austin,51022.48,4191.05,2021-06-21,0,86.3,christopher.anderson@company.com,(668) 967-9481,Active
EMP013296,Robert,Jones,Robert Jones,53,Legal,Associate,Chicago,85559.28,4937.97,2022-10-18,27,63.0,robert.jones@company.com,(215) 315-6958,Active
EMP013297,Matthew,Jackson,Matthew Jackson,51,Engineering,Manager,Chicago,110910.86,21647.55,2024-01-20,27,67.1,matthew.jackson@company.com,(319) 400-7760,Active
EMP013298,Ashley,Moore,Ashley Moore,34,HR,Senior Developer,Boston,67042.14,13479.37,2023-10-26,7,84.6,ashley.moore@company.com,(549) 791-7690,Active
EMP013299,Matthew,Jackson,Matthew Jackson,41,Operations,Lead,Miami,76362.28,5000.07,2020-05-14,13,55.1,matthew.jackson@company.com,(417) 918-6977,Active
EMP013300,Jane,Hernandez,Jane Hernandez,39,Operations,Manager,Chicago,72830.82,8073.75,2022-09-14,13,71.0,jane.hernandez@company.com,(232) 407-1324,Active
EMP013301,Amanda,Rodriguez,Amanda Rodriguez,35,HR,Director,New York,69428.66,0.0,2024-05-21,7,79.0,amanda.rodriguez@company.com,(913) 252-6439,Active
EMP013302,Robert,Jones,Robert Jones,59,IT,Coordinator,Austin,118526.54,9420.61,2022-03-26,37,55.4,robert.jones@company.com,(498) 510-4904,Active
EMP013303,Christopher,Thomas,Christopher Thomas,56,Sales,Senior Developer,New York,89580.31,9474.09,2023-05-23,29,62.2,christopher.thomas@company.com,(979) 555-2280,Active
EMP013304,Nicole,Rodriguez,Nicole Rodriguez,26,Sales,Specialist,Chicago,57698.52,3179.37,2021-04-27,1,61.1,nicole.rodriguez@company.com,(977) 280-3167,Active
EMP013305,Amanda,Anderson,Amanda Anderson,42,Operations,Lead,Los Angeles,28403.86,2581.66,2023-11-23,15,81.8,amanda.anderson@company.com,(922) 797-4947,Active
EMP013306,Melissa,Johnson,Melissa Johnson,58,IT,Associate,Los Angeles,115171.01,16767.09,2020-07-25,35,56.0,melissa.johnson@company.com,(376) 837-8272,Active
EMP013307,Nicole,Anderson,Nicole Anderson,26,Finance,Director,Austin,65591.69,8652.53,2023-01-07,2,54.1,nicole.anderson@company.com,(569) 462-6853,Active
EMP013308,Lisa,Martin,Lisa Martin,27,Operations,Lead,Boston,52518.15,6048.72,2023-05-05,5,88.5,lisa.martin@company.com,(635) 550-2153,Active
EMP013309,Ashley,Wilson,Ashley Wilson,53,Engineering,Manager,San Francisco,103758.63,11679.33,2021-06-24,25,68.4,ashley.wilson@company.com,(641) 658-6012,Active
EMP013310,Melissa,Williams,Melissa Williams,46,Sales,Director,Austin,84154.51,7957.94,2022-10-23,19,49.2,melissa.williams@company.com,(407) 266-9714,Active
EMP013311,Matthew,Moore,Matthew Moore,55,Finance,Associate,Los Angeles,103229.35,14657.25,2021-04-19,29,52.7,matthew.moore@company.com,(853) 911-9584,Inactive
EMP013312,Nicole,Taylor,Nicole Taylor,41,Sales,Manager,Boston,101633.01,5899.07,2021-02-21,17,59.5,nicole.taylor@company.com,(664) 982-9842,Active
EMP013313,Nicole,Hernandez,Nicole Hernandez,59,Legal,Specialist,Austin,147904.32,1397.99,2022-01-27,36,74.2,nicole.hernandez@company.com,(499) 416-2653,Active
EMP013314,Stephanie,Wilson,Stephanie Wilson,28,IT,Specialist,Chicago,55179.93,7247.56,2024-04-17,5,79.2,stephanie.wilson@company.com,(350) 344-8560,Active
EMP013315,Melissa,Gonzalez,Melissa Gonzalez,43,Marketing,Senior Developer,New York,61183.43,5771.14,2023-02-27,14,55.4,melissa.gonzalez@company.com,(923) 366-1374,Active
EMP013316,Melissa,Taylor,Melissa Taylor,33,Operations,Analyst,Seattle,51902.24,10881.55,2020-12-15,7,69.5,melissa.taylor@company.com,(332) 493-3874,Active
EMP013317,Michael,Davis,Michael Davis,27,Finance,Associate,Miami,64970.11,7365.0,2023-11-13,0,91.8,michael.davis@company.com,(915) 417-3594,Active
EMP013318,Christopher,Hernandez,Christopher Hernandez,48,Marketing,Specialist,New York,71515.22,9587.08,2020-08-25,21,82.3,christopher.hernandez@company.com,(448) 978-9854,Active
EMP013319,Daniel,Jackson,Daniel Jackson,39,Operations,Director,New York,54582.97,5037.69,2023-08-21,15,89.5,daniel.jackson@company.com,(208) 531-2923,On Leave
EMP013320,John,Hernandez,John Hernandez,25,Engineering,Lead,Seattle,80103.6,7797.34,2022-06-19,0,85.6,john.hernandez@company.com,(358) 583-5960,Active
EMP013321,David,Jackson,David Jackson,65,Marketing,Analyst,Austin,88293.66,0.0,2024-07-08,38,73.1,david.jackson@company.com,(450) 373-1613,Active
EMP013322,Sarah,Martinez,Sarah Martinez,31,Operations,Manager,San Francisco,80380.75,4985.03,2020-10-08,9,65.7,sarah.martinez@company.com,(659) 469-9827,Active
EMP013323,Lisa,Thomas,Lisa Thomas,53,Operations,Specialist,Chicago,79519.54,12781.39,2021-03-04,25,50.9,lisa.thomas@company.com,(629) 297-7177,Active
EMP013324,Stephanie,Jones,Stephanie Jones,38,Engineering,Associate,Los Angeles,65634.56,5753.64,2022-10-26,10,79.8,stephanie.jones@company.com,(436) 286-5000,Inactive
EMP013325,Anthony,Jackson,Anthony Jackson,51,Legal,Analyst,Los Angeles,101798.06,1287.2,2023-12-09,24,68.6,anthony.jackson@company.com,(656) 904-3126,Inactive
EMP013326,Emily,Williams,Emily Williams,24,HR,Senior Developer,New York,52337.43,6116.49,2024-07-02,0,78.8,emily.williams@company.com,(683) 381-4516,Active
EMP013327,Jessica,Martin,Jessica Martin,38,Finance,Specialist,Austin,90992.75,15010.98,2023-07-13,12,78.9,jessica.martin@company.com,(370) 305-3705,Active
EMP013328,Emily,Hernandez,Emily Hernandez,28,Operations,Manager,Chicago,54008.38,189.68,2020-08-01,0,77.6,emily.hernandez@company.com,(999) 762-4015,Active
EMP013329,Michael,Johnson,Michael Johnson,24,Engineering,Coordinator,Boston,58435.04,4641.15,2023-12-09,0,76.1,michael.johnson@company.com,(473) 490-2999,Active
EMP013330,Robert,Thomas,Robert Thomas,31,HR,Specialist,Miami,71706.09,11421.66,2020-09-30,8,60.2,robert.thomas@company.com,(667) 838-2793,Active
EMP013331,Jessica,Hernandez,Jessica Hernandez,47,HR,Director,New York,64501.19,7615.93,2021-03-17,24,100.0,jessica.hernandez@company.com,(467) 824-7958,Active
EMP013332,John,Moore,John Moore,32,Legal,Associate,Boston,55959.01,8313.84,2022-03-07,10,63.3,john.moore@company.com,(898) 383-6476,On Leave
EMP013333,Stephanie,Williams,Stephanie Williams,30,Engineering,Senior Developer,Chicago,62989.46,944.39,2021-10-24,4,66.4,stephanie.williams@company.com,(764) 889-4795,On Leave
EMP013334,Jane,Rodriguez,Jane Rodriguez,44,Operations,Lead,Chicago,62069.3,4232.32,2022-10-29,22,95.5,jane.rodriguez@company.com,(829) 453-9857,Active
EMP013335,Christopher,Smith,Christopher Smith,43,Marketing,Specialist,Seattle,62628.13,8252.15,2022-12-20,17,91.3,christopher.smith@company.com,(697) 481-2437,Active
EMP013336,Michael,Wilson,Michael Wilson,53,Legal,Coordinator,Los Angeles,112253.56,17237.02,2020-12-10,29,73.8,michael.wilson@company.com,(962) 514-4314,Active
EMP013337,Christopher,Hernandez,Christopher Hernandez,32,Finance,Specialist,Austin,71963.68,4530.94,2024-06-27,5,68.3,christopher.hernandez@company.com,(627) 649-6026,Active
EMP013338,Michael,Miller,Michael Miller,60,Finance,Lead,Chicago,90264.45,13923.75,2024-10-13,38,92.4,michael.miller@company.com,(376) 936-3923,Active
EMP013339,Emily,Wilson,Emily Wilson,40,Sales,Analyst,San Francisco,88427.06,13700.36,2021-05-22,18,87.0,emily.wilson@company.com,(718) 476-8460,Inactive
EMP013340,Lisa,Martin,Lisa Martin,33,Engineering,Director,San Francisco,62702.96,10716.75,2023-09-28,4,55.6,lisa.martin@company.com,(698) 459-8372,Active
EMP013341,Emily,Rodriguez,Emily Rodriguez,60,HR,Analyst,Boston,92560.55,13120.42,2023-12-08,34,50.8,emily.rodriguez@company.com,(908) 927-4773,Active
EMP013342,Nicole,Gonzalez,Nicole Gonzalez,54,Marketing,Lead,Miami,112938.78,10245.03,2021-01-26,31,97.4,nicole.gonzalez@company.com,(939) 483-8357,Active
EMP013343,Anthony,Garcia,Anthony Garcia,39,Operations,Associate,New York,73812.99,12282.81,2021-02-26,12,36.9,anthony.garcia@company.com,(639) 209-7254,Active
EMP013344,Jessica,Moore,Jessica Moore,63,Marketing,Coordinator,New York,97472.78,14483.39,2024-10-20,34,62.2,jessica.moore@company.com,(419) 386-3412,Active
EMP013345,Daniel,Thomas,Daniel Thomas,58,IT,Lead,New York,100996.9,2600.91,2023-03-08,36,57.4,daniel.thomas@company.com,(939) 642-5248,Active
EMP013346,Daniel,Miller,Daniel Miller,42,HR,Analyst,Seattle,59483.39,8174.09,2023-05-12,14,100.0,daniel.miller@company.com,(298) 935-4650,Inactive
EMP013347,Lisa,Martinez,Lisa Martinez,24,Sales,Analyst,Seattle,73969.15,16778.0,2023-02-17,0,77.3,lisa.martinez@company.com,(739) 707-1485,Active
EMP013348,Stephanie,Taylor,Stephanie Taylor,56,IT,Coordinator,Boston,92458.26,12810.9,2022-10-02,31,86.4,stephanie.taylor@company.com,(240) 829-2571,Active
EMP013349,Michael,Martin,Michael Martin,47,IT,Specialist,San Francisco,95558.21,15376.68,2023-08-02,20,73.6,michael.martin@company.com,(256) 460-6920,Active
EMP013350,Jessica,Taylor,Jessica Taylor,64,Legal,Specialist,Chicago,140526.32,19245.18,2022-07-22,38,97.1,jessica.taylor@company.com,(559) 501-9651,Active
EMP013351,Emily,Smith,Emily Smith,55,IT,Analyst,San Francisco,80776.73,7856.29,2024-08-20,29,45.6,emily.smith@company.com,(909) 580-4638,Active
EMP013352,Jane,Anderson,Jane Anderson,53,Finance,Associate,Austin,117182.9,13111.61,2020-06-21,29,78.0,jane.anderson@company.com,(533) 718-5741,Active
EMP013353,Stephanie,Martinez,Stephanie Martinez,45,IT,Lead,Austin,93186.88,10646.16,2024-10-01,16,92.6,stephanie.martinez@company.com,(283) 943-8959,Active
EMP013354,Daniel,Moore,Daniel Moore,63,Legal,Associate,New York,48849.13,2590.63,2024-04-23,34,91.7,daniel.moore@company.com,(996) 665-1951,Active
EMP013355,John,Davis,John Davis,45,HR,Associate,New York,72493.22,6858.08,2023-12-30,20,100.0,john.davis@company.com,(638) 359-8477,Active
EMP013356,Melissa,Wilson,Melissa Wilson,32,Operations,Specialist,Miami,57976.69,9875.3,2024-06-08,8,75.1,melissa.wilson@company.com,(285) 860-2915,Inactive
EMP013357,John,Garcia,John Garcia,62,Engineering,Senior Developer,Los Angeles,148054.25,9030.87,2021-02-21,36,90.8,john.garcia@company.com,(738) 443-4425,Active
EMP013358,James,Anderson,James Anderson,37,Marketing,Manager,Boston,68526.51,4351.94,2021-02-23,12,59.2,james.anderson@company.com,(261) 394-4801,Active
EMP013359,Emily,Lopez,Emily Lopez,22,Legal,Manager,Seattle,68268.05,9192.39,2023-03-23,0,70.5,emily.lopez@company.com,(217) 347-7409,On Leave
EMP013360,Nicole,Smith,Nicole Smith,50,Engineering,Senior Developer,San Francisco,125301.61,27091.83,2021-04-30,24,71.7,nicole.smith@company.com,(693) 256-1659,Active
EMP013361,Anthony,Taylor,Anthony Taylor,45,Sales,Manager,New York,61471.25,3938.85,2020-08-21,19,38.9,anthony.taylor@company.com,(501) 354-5503,Inactive
EMP013362,Jessica,Williams,Jessica Williams,39,IT,Specialist,Austin,91488.59,5208.95,2020-04-10,14,82.9,jessica.williams@company.com,(772) 780-2909,Active
EMP013363,Melissa,Rodriguez,Melissa Rodriguez,40,Operations,Coordinator,San Francisco,44259.88,3880.34,2022-08-16,16,80.7,melissa.rodriguez@company.com,(842) 486-6019,Inactive
EMP013364,David,Williams,David Williams,45,Finance,Specialist,Miami,66777.25,5418.34,2024-01-17,19,68.7,david.williams@company.com,(936) 714-5273,Active
EMP013365,Robert,Taylor,Robert Taylor,38,Engineering,Analyst,Seattle,59980.8,13373.46,2024-02-15,11,76.5,robert.taylor@company.com,(658) 371-1817,Inactive
EMP013366,John,Martin,John Martin,27,Sales,Analyst,Seattle,76233.08,9554.11,2020-10-04,1,67.6,john.martin@company.com,(431) 634-2692,Active
EMP013367,Robert,Wilson,Robert Wilson,46,Finance,Coordinator,Austin,75178.79,10162.24,2020-08-23,18,66.7,robert.wilson@company.com,(580) 451-7900,Active
EMP013368,Anthony,Garcia,Anthony Garcia,28,Marketing,Senior Developer,San Francisco,47535.94,3366.88,2024-05-05,0,79.1,anthony.garcia@company.com,(525) 367-1648,Active
EMP013369,Matthew,Garcia,Matthew Garcia,35,Legal,Senior Developer,Seattle,89918.18,5983.55,2020-05-03,8,35.4,matthew.garcia@company.com,(485) 501-4592,Active
EMP013370,John,Martin,John Martin,22,Finance,Specialist,Miami,56353.13,8307.03,2023-09-30,0,80.8,john.martin@company.com,(579) 277-9303,Active
EMP013371,David,Hernandez,David Hernandez,65,Finance,Lead,Chicago,96631.14,5147.79,2021-10-03,36,71.1,david.hernandez@company.com,(723) 316-5300,Active
EMP013372,Sarah,Thomas,Sarah Thomas,52,Sales,Director,Boston,76961.83,8921.65,2022-12-09,26,63.5,sarah.thomas@company.com,(730) 714-7520,Active
EMP013373,Stephanie,Gonzalez,Stephanie Gonzalez,47,HR,Associate,Los Angeles,56641.61,4388.83,2020-12-21,21,68.2,stephanie.gonzalez@company.com,(411) 760-6684,Active
EMP013374,Ashley,Johnson,Ashley Johnson,37,Marketing,Lead,San Francisco,71589.83,13010.06,2024-11-23,14,58.1,ashley.johnson@company.com,(865) 446-8891,Active
EMP013375,James,Smith,James Smith,46,Marketing,Lead,Austin,98766.8,13392.29,2020-05-29,20,49.1,james.smith@company.com,(707) 846-3696,Active
EMP013376,Ashley,Lopez,Ashley Lopez,33,HR,Senior Developer,Austin,62970.2,3910.06,2021-07-15,8,95.8,ashley.lopez@company.com,(565) 448-4000,Inactive
EMP013377,Michael,Lopez,Michael Lopez,40,Engineering,Specialist,San Francisco,77361.32,12870.41,2023-01-20,17,67.8,michael.lopez@company.com,(412) 379-1860,Active
EMP013378,Anthony,Gonzalez,Anthony Gonzalez,43,Legal,Analyst,Seattle,81132.07,8577.25,2022-04-25,14,87.1,anthony.gonzalez@company.com,(221) 815-1596,Active
EMP013379,John,Williams,John Williams,41,HR,Coordinator,Austin,79984.83,7446.25,2022-06-28,19,77.7,john.williams@company.com,(656) 534-1982,Active
EMP013380,Michael,Gonzalez,Michael Gonzalez,60,Finance,Associate,Austin,119284.18,8019.71,2023-04-07,32,73.3,michael.gonzalez@company.com,(445) 788-3888,Active
EMP013381,Christopher,Moore,Christopher Moore,43,Operations,Director,Chicago,62199.16,7523.64,2021-09-13,15,79.7,christopher.moore@company.com,(455) 890-1917,Active
EMP013382,Daniel,Davis,Daniel Davis,31,Sales,Manager,Chicago,51933.72,5822.27,2022-08-17,6,91.5,daniel.davis@company.com,(350) 691-2424,Active
EMP013383,Stephanie,Moore,Stephanie Moore,49,HR,Manager,Boston,86293.45,10194.6,2020-11-04,27,53.4,stephanie.moore@company.com,(836) 796-8663,Active
EMP013384,Melissa,Williams,Melissa Williams,41,Finance,Specialist,Seattle,73816.73,8766.41,2023-08-26,16,70.5,melissa.williams@company.com,(845) 534-6899,Active
EMP013385,Amanda,Gonzalez,Amanda Gonzalez,58,Sales,Manager,Miami,90544.09,11569.39,2022-01-13,31,76.9,amanda.gonzalez@company.com,(898) 840-7870,Inactive
EMP013386,John,Gonzalez,John Gonzalez,33,Marketing,Lead,Los Angeles,68740.45,11864.04,2020-03-09,11,68.0,john.gonzalez@company.com,(256) 591-3387,Active
EMP013387,Robert,Lopez,Robert Lopez,48,IT,Senior Developer,New York,93101.37,7576.99,2024-09-09,20,53.1,robert.lopez@company.com,(453) 215-8109,Active
EMP013388,Christopher,Anderson,Christopher Anderson,57,Legal,Analyst,Seattle,94990.48,545.92,2020-10-15,33,59.3,christopher.anderson@company.com,(492) 372-5396,Active
EMP013389,Amanda,Davis,Amanda Davis,56,Finance,Associate,Los Angeles,111985.63,15221.61,2024-05-15,34,71.4,amanda.davis@company.com,(944) 798-8339,Active
EMP013390,Sarah,Moore,Sarah Moore,56,Legal,Manager,Boston,78638.14,13491.41,2023-01-24,34,78.9,sarah.moore@company.com,(318) 845-7540,Active
EMP013391,Lisa,Lopez,Lisa Lopez,42,Sales,Director,Austin,85434.38,0.0,2020-12-28,16,71.4,lisa.lopez@company.com,(466) 533-4482,Active
EMP013392,James,Miller,James Miller,53,HR,Senior Developer,Chicago,74043.35,13840.36,2020-12-02,24,96.9,james.miller@company.com,(830) 948-2894,Active
EMP013393,Lisa,Moore,Lisa Moore,31,Sales,Coordinator,Austin,76576.22,10405.39,2020-10-05,9,74.3,lisa.moore@company.com,(562) 578-2156,Active
EMP013394,Stephanie,Johnson,Stephanie Johnson,30,Legal,Specialist,Los Angeles,85789.05,12139.12,2022-09-06,6,66.7,stephanie.johnson@company.com,(282) 658-4099,Active
EMP013395,Jessica,Gonzalez,Jessica Gonzalez,59,Operations,Coordinator,San Francisco,97627.32,3077.02,2020-06-24,37,77.8,jessica.gonzalez@company.com,(622) 501-3322,Active
EMP013396,Jane,Rodriguez,Jane Rodriguez,32,Sales,Senior Developer,Chicago,62582.48,5160.76,2020-04-29,3,70.3,jane.rodriguez@company.com,(476) 478-9161,Active
EMP013397,Nicole,Miller,Nicole Miller,30,Operations,Coordinator,New York,61465.67,4464.76,2023-03-15,1,77.1,nicole.miller@company.com,(255) 793-4794,Active
EMP013398,Ashley,Jones,Ashley Jones,60,Legal,Manager,San Francisco,110916.62,13586.84,2022-01-15,38,75.8,ashley.jones@company.com,(248) 804-1706,Inactive
EMP013399,Lisa,Anderson,Lisa Anderson,35,Sales,Senior Developer,Miami,71139.81,8814.27,2021-02-19,10,86.7,lisa.anderson@company.com,(875) 537-7774,Active
EMP013400,David,Thomas,David Thomas,47,Operations,Analyst,Seattle,55205.24,7816.16,2021-05-27,18,78.6,david.thomas@company.com,(875) 409-2202,Inactive
EMP013401,Christopher,Davis,Christopher Davis,34,Marketing,Specialist,Boston,52671.67,7919.48,2024-02-14,12,69.8,christopher.davis@company.com,(258) 490-4230,Active
EMP013402,Christopher,Lopez,Christopher Lopez,55,Sales,Analyst,San Francisco,88271.45,9602.79,2021-05-26,33,75.8,christopher.lopez@company.com,(714) 668-1608,Active
EMP013403,John,Garcia,John Garcia,31,Finance,Specialist,Austin,63910.04,6055.28,2020-03-05,7,87.5,john.garcia@company.com,(621) 662-8350,Active
EMP013404,Lisa,Williams,Lisa Williams,63,Operations,Director,Seattle,79239.32,11498.86,2023-01-17,36,61.4,lisa.williams@company.com,(897) 920-2519,Active
EMP013405,Amanda,Smith,Amanda Smith,31,Legal,Analyst,Seattle,104069.0,12358.43,2020-03-24,3,91.5,amanda.smith@company.com,(963) 800-2164,Active
EMP013406,Nicole,Jackson,Nicole Jackson,51,IT,Analyst,Boston,58263.99,5553.08,2021-01-29,23,80.4,nicole.jackson@company.com,(633) 929-7155,Active
EMP013407,Ashley,Anderson,Ashley Anderson,57,IT,Director,Austin,126679.19,11707.76,2023-07-03,28,72.0,ashley.anderson@company.com,(750) 521-9946,Active
EMP013408,William,Smith,William Smith,26,Legal,Associate,Boston,57811.29,5823.27,2024-03-21,0,51.5,william.smith@company.com,(596) 317-4826,Inactive
EMP013409,Sarah,Miller,Sarah Miller,26,Legal,Director,Seattle,47505.52,2440.61,2021-01-13,4,48.4,sarah.miller@company.com,(614) 253-1874,Active
EMP013410,David,Jackson,David Jackson,65,Marketing,Senior Developer,Los Angeles,118548.77,5306.68,2021-06-17,43,62.5,david.jackson@company.com,(806) 370-2174,Active
EMP013411,Daniel,Lopez,Daniel Lopez,26,Marketing,Associate,Los Angeles,71713.67,8790.22,2020-06-18,0,56.0,daniel.lopez@company.com,(938) 854-9212,On Leave
EMP013412,Amanda,Johnson,Amanda Johnson,56,Marketing,Manager,Miami,89602.15,10586.01,2021-02-03,33,84.9,amanda.johnson@company.com,(407) 983-9161,Active
EMP013413,Robert,Wilson,Robert Wilson,49,Operations,Coordinator,Chicago,73921.3,5103.65,2023-05-17,27,69.6,robert.wilson@company.com,(489) 635-8111,Active
EMP013414,Robert,Brown,Robert Brown,36,Finance,Specialist,New York,68141.25,9616.64,2023-07-18,11,93.2,robert.brown@company.com,(493) 239-4936,Active
EMP013415,Matthew,Rodriguez,Matthew Rodriguez,46,Sales,Director,Chicago,66795.51,4735.81,2021-08-29,17,73.0,matthew.rodriguez@company.com,(401) 753-6720,Active
EMP013416,Jessica,Jackson,Jessica Jackson,22,Engineering,Coordinator,Miami,41241.05,3100.42,2024-05-19,0,76.9,jessica.jackson@company.com,(846) 352-6221,Active
EMP013417,Jessica,Thomas,Jessica Thomas,49,Legal,Associate,Miami,107869.04,22511.71,2024-11-20,24,62.8,jessica.thomas@company.com,(995) 540-9858,Active
EMP013418,Jessica,Davis,Jessica Davis,27,IT,Associate,Los Angeles,63997.33,5486.81,2021-10-07,3,40.9,jessica.davis@company.com,(411) 745-5504,Active
EMP013419,Stephanie,Jones,Stephanie Jones,61,Sales,Specialist,Boston,60549.65,5571.55,2021-05-21,35,71.8,stephanie.jones@company.com,(770) 542-4705,Active
EMP013420,Sarah,Taylor,Sarah Taylor,54,Legal,Senior Developer,San Francisco,115764.82,16175.02,2024-03-26,26,85.8,sarah.taylor@company.com,(878) 656-1805,Active
EMP013421,Robert,Jackson,Robert Jackson,44,Marketing,Coordinator,San Francisco,91191.87,7118.31,2021-03-17,16,57.6,robert.jackson@company.com,(682) 913-1631,Active
EMP013422,Melissa,Martinez,Melissa Martinez,33,Marketing,Analyst,Miami,63067.17,4280.03,2023-11-04,10,71.5,melissa.martinez@company.com,(882) 982-3847,Active
EMP013423,Matthew,Smith,Matthew Smith,37,IT,Lead,New York,79837.22,8629.95,2021-12-25,15,54.5,matthew.smith@company.com,(786) 393-9528,Active
EMP013424,Lisa,Jones,Lisa Jones,28,IT,Analyst,Austin,88691.88,8012.81,2021-11-12,3,78.5,lisa.jones@company.com,(212) 890-5045,Active
EMP013425,Christopher,Moore,Christopher Moore,60,Marketing,Associate,Miami,108419.01,2578.29,2020-02-10,32,96.2,christopher.moore@company.com,(819) 449-9210,Inactive
EMP013426,John,Davis,John Davis,52,Finance,Analyst,Boston,100785.19,6565.13,2020-03-22,26,69.4,john.davis@company.com,(583) 672-4146,Inactive
EMP013427,William,Thomas,William Thomas,25,Legal,Coordinator,San Francisco,93460.51,1322.01,2020-02-25,0,55.1,william.thomas@company.com,(341) 661-4628,Active
EMP013428,David,Garcia,David Garcia,56,Finance,Manager,Austin,63688.07,6474.78,2023-12-27,33,85.0,david.garcia@company.com,(837) 494-6848,Active
EMP013429,John,Moore,John Moore,25,Operations,Analyst,Boston,39369.69,2044.54,2024-11-10,1,91.0,john.moore@company.com,(545) 440-5377,Active
EMP013430,Matthew,Moore,Matthew Moore,57,Sales,Lead,Seattle,85043.88,8284.94,2023-02-09,33,69.6,matthew.moore@company.com,(513) 962-4976,Inactive
EMP013431,Christopher,Moore,Christopher Moore,61,HR,Associate,Miami,59034.42,4883.28,2020-11-30,35,88.5,christopher.moore@company.com,(637) 581-2013,Active
EMP013432,Stephanie,Rodriguez,Stephanie Rodriguez,47,HR,Analyst,Miami,93478.89,15834.52,2024-04-15,19,100.0,stephanie.rodriguez@company.com,(423) 804-1997,Active
EMP013433,Melissa,Smith,Melissa Smith,37,Finance,Specialist,Boston,47724.74,5120.6,2023-11-16,14,61.6,melissa.smith@company.com,(929) 566-5296,Inactive
EMP013434,William,Martin,William Martin,56,Sales,Associate,San Francisco,86541.63,13246.95,2022-11-02,27,80.6,william.martin@company.com,(807) 989-8997,Active
EMP013435,Matthew,Miller,Matthew Miller,58,Engineering,Manager,Seattle,137871.63,16464.77,2021-06-22,29,66.6,matthew.miller@company.com,(854) 830-6773,Active
EMP013436,Amanda,Moore,Amanda Moore,32,HR,Analyst,San Francisco,37046.28,2199.52,2023-03-11,8,73.3,amanda.moore@company.com,(343) 664-4479,Active
EMP013437,David,Martin,David Martin,24,Finance,Lead,Boston,49588.01,4097.33,2023-01-24,0,85.0,david.martin@company.com,(498) 828-4951,Active
EMP013438,Lisa,Rodriguez,Lisa Rodriguez,62,Marketing,Associate,San Francisco,87127.03,6813.5,2021-12-13,38,60.3,lisa.rodriguez@company.com,(785) 399-2692,Active
EMP013439,Jessica,Martin,Jessica Martin,36,Engineering,Manager,New York,62986.36,5355.74,2024-09-16,11,51.1,jessica.martin@company.com,(846) 883-9993,Inactive
EMP013440,Michael,Brown,Michael Brown,30,Legal,Associate,Miami,66077.74,10446.68,2021-12-16,3,96.9,michael.brown@company.com,(246) 649-2855,Active
EMP013441,Daniel,Rodriguez,Daniel Rodriguez,49,IT,Specialist,Chicago,128292.58,9861.09,2020-09-27,26,53.7,daniel.rodriguez@company.com,(999) 777-3114,Active
EMP013442,Melissa,Hernandez,Melissa Hernandez,49,Engineering,Manager,Austin,104537.06,4471.32,2020-09-09,21,57.8,melissa.hernandez@company.com,(422) 750-5382,Active
EMP013443,Michael,Jones,Michael Jones,49,Finance,Director,Boston,73014.25,3444.04,2023-12-14,20,82.3,michael.jones@company.com,(897) 672-5007,Active
EMP013444,Stephanie,Miller,Stephanie Miller,31,Legal,Director,Miami,52389.26,1554.03,2021-07-16,5,78.6,stephanie.miller@company.com,(445) 244-4215,Inactive
EMP013445,Ashley,Rodriguez,Ashley Rodriguez,25,Finance,Lead,Austin,88568.91,16429.93,2022-10-09,1,54.1,ashley.rodriguez@company.com,(551) 934-6909,Active
EMP013446,Robert,Thomas,Robert Thomas,63,Engineering,Coordinator,Los Angeles,111551.24,18862.19,2023-07-24,39,65.5,robert.thomas@company.com,(515) 559-6624,Active
EMP013447,Michael,Brown,Michael Brown,57,Finance,Coordinator,Seattle,97752.7,13286.8,2020-01-24,29,100.0,michael.brown@company.com,(205) 603-1037,Active
EMP013448,Jane,Garcia,Jane Garcia,28,Marketing,Coordinator,Boston,98453.36,11690.93,2022-02-26,6,80.2,jane.garcia@company.com,(632) 472-7736,Active
EMP013449,Robert,Jones,Robert Jones,23,Legal,Manager,Miami,76385.3,8754.8,2021-10-17,0,55.4,robert.jones@company.com,(904) 625-5696,Active
EMP013450,David,Martin,David Martin,40,IT,Analyst,Miami,95081.16,3732.65,2021-08-11,11,93.0,david.martin@company.com,(839) 995-9837,Inactive
EMP013451,Jessica,Martinez,Jessica Martinez,34,Sales,Coordinator,Los Angeles,71439.68,9963.42,2020-09-15,9,89.7,jessica.martinez@company.com,(743) 255-8545,Active
EMP013452,Ashley,Hernandez,Ashley Hernandez,62,Sales,Manager,Austin,87153.75,6267.16,2020-09-19,40,90.2,ashley.hernandez@company.com,(534) 617-3281,Active
EMP013453,Jane,Taylor,Jane Taylor,35,HR,Director,Boston,72478.95,4802.34,2023-11-16,11,78.6,jane.taylor@company.com,(833) 813-5473,Inactive
EMP013454,William,Johnson,William Johnson,48,Legal,Lead,Chicago,130894.82,10768.62,2023-04-19,20,76.4,william.johnson@company.com,(460) 630-5784,Active
EMP013455,Jessica,Miller,Jessica Miller,24,Engineering,Coordinator,New York,99203.95,11446.02,2020-02-10,0,65.5,jessica.miller@company.com,(646) 762-3516,Active
EMP013456,Sarah,Gonzalez,Sarah Gonzalez,36,HR,Director,Boston,68663.7,3971.47,2020-09-20,9,100.0,sarah.gonzalez@company.com,(388) 708-9034,Inactive
EMP013457,Melissa,Anderson,Melissa Anderson,59,Operations,Associate,Miami,68863.09,9197.55,2024-02-10,31,62.4,melissa.anderson@company.com,(426) 595-1105,Active
EMP013458,Melissa,Jones,Melissa Jones,33,Sales,Associate,Chicago,57765.99,10670.58,2020-07-29,4,80.0,melissa.jones@company.com,(440) 911-6477,Active
EMP013459,Lisa,Martin,Lisa Martin,52,IT,Manager,Seattle,118678.99,1210.82,2024-10-18,29,52.6,lisa.martin@company.com,(866) 939-1468,Active
EMP013460,Jessica,Lopez,Jessica Lopez,51,Operations,Coordinator,Miami,74023.89,6781.71,2020-01-19,24,75.6,jessica.lopez@company.com,(435) 989-5954,Active
EMP013461,Anthony,Jackson,Anthony Jackson,22,Sales,Associate,Chicago,68106.52,8017.08,2020-06-26,0,76.3,anthony.jackson@company.com,(250) 351-7078,Active
EMP013462,Nicole,Taylor,Nicole Taylor,51,Operations,Coordinator,Miami,60940.91,7356.36,2020-11-04,28,82.3,nicole.taylor@company.com,(977) 343-8422,Active
EMP013463,Amanda,Brown,Amanda Brown,22,IT,Coordinator,San Francisco,88228.97,2459.34,2024-10-06,0,67.5,amanda.brown@company.com,(849) 950-9033,On Leave
EMP013464,Sarah,Rodriguez,Sarah Rodriguez,63,Sales,Lead,Seattle,89300.85,14702.4,2023-04-03,38,93.7,sarah.rodriguez@company.com,(464) 523-5047,Active
EMP013465,Sarah,Jones,Sarah Jones,45,HR,Analyst,New York,54350.99,6891.98,2020-10-22,22,88.6,sarah.jones@company.com,(311) 577-2874,Inactive
EMP013466,Amanda,Brown,Amanda Brown,50,HR,Analyst,Boston,60303.81,3758.51,2023-09-02,21,46.8,amanda.brown@company.com,(511) 614-9891,Active
EMP013467,David,Johnson,David Johnson,32,Operations,Manager,Chicago,52684.17,3689.42,2021-11-05,4,57.8,david.johnson@company.com,(802) 901-2479,Active
EMP013468,Daniel,Taylor,Daniel Taylor,65,Finance,Specialist,Chicago,98674.56,0.0,2022-10-28,37,100.0,daniel.taylor@company.com,(700) 792-8073,Inactive
EMP013469,James,Hernandez,James Hernandez,44,Operations,Lead,Seattle,87092.3,6075.6,2020-08-28,19,59.7,james.hernandez@company.com,(441) 455-7368,Active
EMP013470,Lisa,Williams,Lisa Williams,59,Sales,Coordinator,Boston,90596.77,6536.27,2022-09-02,30,76.3,lisa.williams@company.com,(589) 419-1142,Active
EMP013471,Daniel,Smith,Daniel Smith,30,HR,Associate,Chicago,39615.16,1799.89,2020-07-05,6,100.0,daniel.smith@company.com,(779) 714-1684,Active
EMP013472,Jessica,Taylor,Jessica Taylor,59,IT,Director,Los Angeles,59844.17,8513.52,2021-01-03,35,86.3,jessica.taylor@company.com,(621) 812-3123,Active
EMP013473,John,Thomas,John Thomas,40,Marketing,Analyst,Chicago,70793.01,4999.48,2023-06-20,15,93.9,john.thomas@company.com,(774) 851-2872,Inactive
EMP013474,Ashley,Taylor,Ashley Taylor,34,Finance,Manager,Seattle,61666.59,1588.29,2022-02-05,6,70.5,ashley.taylor@company.com,(432) 544-4986,Active
EMP013475,Jane,Rodriguez,Jane Rodriguez,22,Operations,Associate,Boston,48480.93,601.62,2022-09-20,0,84.9,jane.rodriguez@company.com,(452) 813-6921,Active
EMP013476,Daniel,Rodriguez,Daniel Rodriguez,62,IT,Specialist,Seattle,90150.96,11860.67,2020-05-10,34,56.2,daniel.rodriguez@company.com,(988) 268-4178,Active
EMP013477,Robert,Martin,Robert Martin,61,Legal,Associate,Austin,103130.31,9616.07,2023-04-03,34,61.5,robert.martin@company.com,(273) 306-8552,Active
EMP013478,Amanda,Anderson,Amanda Anderson,60,Finance,Senior Developer,Chicago,100867.34,11598.95,2022-07-17,38,84.3,amanda.anderson@company.com,(427) 848-1567,Active
EMP013479,John,Wilson,John Wilson,49,IT,Manager,Seattle,86681.92,5498.27,2024-06-19,20,56.6,john.wilson@company.com,(451) 533-7843,Active
EMP013480,Robert,Johnson,Robert Johnson,50,Legal,Director,Miami,102790.96,8649.8,2024-07-24,24,80.3,robert.johnson@company.com,(789) 353-6041,Active
EMP013481,Daniel,Gonzalez,Daniel Gonzalez,54,Operations,Coordinator,Chicago,73700.31,8582.66,2021-01-21,25,60.7,daniel.gonzalez@company.com,(718) 635-4196,Active
EMP013482,Stephanie,Miller,Stephanie Miller,50,Sales,Director,Boston,73317.4,10430.9,2023-07-19,26,83.4,stephanie.miller@company.com,(791) 976-3113,Active
EMP013483,John,Brown,John Brown,50,Legal,Lead,Austin,104993.64,12677.45,2023-03-29,25,88.5,john.brown@company.com,(316) 583-8530,Active
EMP013484,Matthew,Taylor,Matthew Taylor,45,Marketing,Director,Boston,59866.83,10946.08,2024-08-13,21,78.0,matthew.taylor@company.com,(608) 927-4338,Active
EMP013485,Nicole,Smith,Nicole Smith,34,Operations,Coordinator,Chicago,46220.72,1344.94,2023-08-02,6,64.3,nicole.smith@company.com,(652) 352-3814,Active
EMP013486,James,Brown,James Brown,34,HR,Specialist,Chicago,64950.01,9634.04,2024-08-22,12,64.0,james.brown@company.com,(970) 930-4954,Active
EMP013487,Daniel,Jackson,Daniel Jackson,61,IT,Lead,Chicago,134641.58,0.0,2022-08-04,32,97.3,daniel.jackson@company.com,(918) 314-3778,Active
EMP013488,Melissa,Thomas,Melissa Thomas,41,Marketing,Analyst,Austin,89458.46,15622.32,2024-04-08,17,80.9,melissa.thomas@company.com,(944) 401-3850,Active
EMP013489,Christopher,Thomas,Christopher Thomas,48,Legal,Associate,Miami,121482.17,16981.68,2023-06-05,24,58.1,christopher.thomas@company.com,(794) 897-1863,Active
EMP013490,Michael,Smith,Michael Smith,35,Legal,Coordinator,Seattle,86780.02,4255.34,2021-08-14,8,55.7,michael.smith@company.com,(297) 497-5037,Inactive
EMP013491,Amanda,Brown,Amanda Brown,46,Legal,Associate,Seattle,110735.74,13442.53,2021-03-16,19,100.0,amanda.brown@company.com,(906) 692-3168,Active
EMP013492,Anthony,Jackson,Anthony Jackson,50,Marketing,Senior Developer,New York,68121.46,5197.84,2022-04-08,21,59.1,anthony.jackson@company.com,(572) 716-3915,Active
EMP013493,Michael,Smith,Michael Smith,27,Operations,Associate,Los Angeles,47000.38,3358.72,2020-11-10,4,83.1,michael.smith@company.com,(764) 451-1427,Active
EMP013494,Jessica,Taylor,Jessica Taylor,30,Finance,Coordinator,Miami,97944.73,5923.67,2022-12-08,6,79.4,jessica.taylor@company.com,(468) 843-1766,Active
EMP013495,Nicole,Jones,Nicole Jones,30,Operations,Analyst,Chicago,57896.89,10928.75,2023-10-23,8,83.1,nicole.jones@company.com,(889) 329-6335,Active
EMP013496,Emily,Taylor,Emily Taylor,34,Marketing,Coordinator,San Francisco,64995.61,10067.22,2020-08-19,12,90.1,emily.taylor@company.com,(773) 394-2682,Active
EMP013497,William,Martinez,William Martinez,63,Marketing,Coordinator,Austin,64634.81,6783.4,2023-05-12,37,92.7,william.martinez@company.com,(425) 307-5429,Active
EMP013498,Jane,Thomas,Jane Thomas,57,Operations,Director,New York,68516.41,9863.73,2024-03-11,29,83.0,jane.thomas@company.com,(468) 489-8100,On Leave
EMP013499,Emily,Williams,Emily Williams,45,Marketing,Lead,Seattle,72338.02,3405.5,2023-03-16,16,64.6,emily.williams@company.com,(201) 303-9150,Inactive
EMP013500,Sarah,Martinez,Sarah Martinez,63,HR,Lead,Boston,84386.78,4225.25,2020-05-27,37,79.3,sarah.martinez@company.com,(560) 724-7244,Active
EMP013501,Ashley,Martinez,Ashley Martinez,28,Sales,Manager,Chicago,58806.03,3673.04,2021-09-21,3,69.5,ashley.martinez@company.com,(407) 289-1289,Active
EMP013502,Anthony,Davis,Anthony Davis,39,Legal,Coordinator,Boston,45382.83,5321.06,2022-01-07,13,65.0,anthony.davis@company.com,(340) 441-8628,Active
EMP013503,Robert,Gonzalez,Robert Gonzalez,58,Sales,Analyst,New York,106123.86,17555.28,2023-09-02,32,90.3,robert.gonzalez@company.com,(487) 951-3288,Active
EMP013504,John,Miller,John Miller,33,Legal,Director,Chicago,49429.3,6297.27,2024-09-03,4,78.2,john.miller@company.com,(384) 306-1699,Active
EMP013505,Michael,Brown,Michael Brown,37,HR,Coordinator,Boston,60972.37,8437.51,2020-10-13,14,84.1,michael.brown@company.com,(871) 990-7780,Active
EMP013506,Emily,Lopez,Emily Lopez,33,Operations,Lead,New York,42312.36,5280.42,2023-10-22,10,82.4,emily.lopez@company.com,(349) 704-5042,Active
EMP013507,Ashley,Williams,Ashley Williams,41,IT,Director,Miami,72293.34,5198.1,2020-03-21,19,80.9,ashley.williams@company.com,(331) 280-3725,On Leave
EMP013508,David,Jackson,David Jackson,32,Marketing,Coordinator,Chicago,74532.64,7955.06,2024-02-20,6,74.7,david.jackson@company.com,(705) 560-6205,Active
EMP013509,David,Brown,David Brown,23,Operations,Director,Miami,67097.54,3578.42,2023-02-14,0,60.7,david.brown@company.com,(556) 522-6650,Active
EMP013510,Christopher,Miller,Christopher Miller,33,Legal,Lead,Los Angeles,72013.58,33.97,2023-06-23,10,87.9,christopher.miller@company.com,(597) 832-5706,Active
EMP013511,Robert,Martin,Robert Martin,30,HR,Senior Developer,Austin,44877.48,6752.87,2023-10-31,3,59.7,robert.martin@company.com,(409) 741-1320,Active
EMP013512,Emily,Smith,Emily Smith,41,Legal,Director,Seattle,90011.54,4873.9,2020-11-03,13,100.0,emily.smith@company.com,(983) 976-1713,Active
EMP013513,Jessica,Hernandez,Jessica Hernandez,58,Sales,Specialist,Seattle,63724.91,12665.51,2020-12-08,30,95.9,jessica.hernandez@company.com,(358) 748-2280,Active
EMP013514,Anthony,Brown,Anthony Brown,22,Marketing,Manager,Chicago,48791.76,4401.36,2022-09-13,0,58.9,anthony.brown@company.com,(986) 788-1912,Active
EMP013515,Matthew,Miller,Matthew Miller,54,Finance,Director,Miami,125269.37,2163.59,2022-04-21,29,66.8,matthew.miller@company.com,(476) 620-3251,Active
EMP013516,Melissa,Gonzalez,Melissa Gonzalez,27,HR,Analyst,Chicago,54987.23,6106.97,2020-11-03,1,84.8,melissa.gonzalez@company.com,(752) 212-8200,Active
EMP013517,Emily,Garcia,Emily Garcia,49,Finance,Coordinator,Los Angeles,65621.69,4596.8,2023-12-18,20,67.0,emily.garcia@company.com,(350) 621-9917,Active
EMP013518,Emily,Rodriguez,Emily Rodriguez,44,IT,Specialist,Miami,99809.77,18459.21,2023-01-16,20,75.4,emily.rodriguez@company.com,(586) 713-5561,Active
EMP013519,William,Jackson,William Jackson,40,HR,Lead,Seattle,46623.73,5240.45,2024-06-16,18,83.9,william.jackson@company.com,(254) 213-3247,Active
EMP013520,David,Wilson,David Wilson,29,Legal,Lead,Boston,120087.11,17460.65,2021-04-28,6,47.8,david.wilson@company.com,(279) 399-4764,Active
EMP013521,Lisa,Jones,Lisa Jones,57,Legal,Coordinator,San Francisco,116164.87,19343.6,2020-09-24,31,68.0,lisa.jones@company.com,(446) 962-4174,Active
EMP013522,Sarah,Martin,Sarah Martin,30,HR,Senior Developer,Los Angeles,52961.29,4813.51,2021-08-22,7,83.9,sarah.martin@company.com,(997) 527-5410,Active
EMP013523,Anthony,Brown,Anthony Brown,51,Marketing,Specialist,Austin,77801.09,11741.38,2021-05-12,27,55.0,anthony.brown@company.com,(450) 557-8380,Inactive
EMP013524,Anthony,Gonzalez,Anthony Gonzalez,37,Sales,Analyst,Chicago,76239.73,7279.7,2022-08-24,14,54.4,anthony.gonzalez@company.com,(957) 573-2117,Active
EMP013525,William,Hernandez,William Hernandez,60,HR,Manager,Seattle,111274.48,5966.8,2021-08-30,31,74.9,william.hernandez@company.com,(715) 354-3087,Active
EMP013526,Michael,Lopez,Michael Lopez,27,Operations,Lead,New York,66366.28,2394.52,2022-03-21,3,72.0,michael.lopez@company.com,(860) 310-3846,Active
EMP013527,Nicole,Rodriguez,Nicole Rodriguez,29,HR,Director,Miami,63418.51,1441.69,2020-10-12,1,68.0,nicole.rodriguez@company.com,(312) 981-6169,Active
EMP013528,Michael,Wilson,Michael Wilson,25,Marketing,Associate,San Francisco,38980.78,7364.32,2023-03-05,0,34.9,michael.wilson@company.com,(829) 906-9609,Active
EMP013529,Stephanie,Johnson,Stephanie Johnson,37,Finance,Senior Developer,Austin,65941.13,8999.47,2022-10-12,10,50.0,stephanie.johnson@company.com,(926) 258-4811,Active
EMP013530,Christopher,Hernandez,Christopher Hernandez,25,Marketing,Analyst,New York,28770.96,4455.89,2023-04-07,0,37.0,christopher.hernandez@company.com,(607) 953-2516,Active
EMP013531,Emily,Thomas,Emily Thomas,33,HR,Senior Developer,Miami,58788.74,1263.19,2023-12-27,7,64.4,emily.thomas@company.com,(896) 357-4866,Inactive
EMP013532,Sarah,Miller,Sarah Miller,47,Engineering,Director,Seattle,124249.49,11764.39,2020-06-02,25,77.3,sarah.miller@company.com,(930) 275-3079,Active
EMP013533,Anthony,Brown,Anthony Brown,60,Operations,Associate,Seattle,91758.48,0.0,2023-07-22,31,77.7,anthony.brown@company.com,(751) 454-8226,Active
EMP013534,Amanda,Brown,Amanda Brown,24,Operations,Lead,Austin,60600.33,8038.93,2022-06-22,0,94.2,amanda.brown@company.com,(672) 266-9711,Active
EMP013535,Michael,Gonzalez,Michael Gonzalez,54,Finance,Lead,New York,88750.06,7699.96,2023-12-31,25,72.6,michael.gonzalez@company.com,(486) 507-9779,Inactive
EMP013536,David,Thomas,David Thomas,29,Engineering,Analyst,San Francisco,93910.42,0.0,2022-05-29,0,61.8,david.thomas@company.com,(960) 931-1636,Active
EMP013537,Jessica,Davis,Jessica Davis,54,IT,Coordinator,Boston,99787.6,1656.69,2020-03-23,30,63.0,jessica.davis@company.com,(694) 563-2044,Active
EMP013538,Jane,Martinez,Jane Martinez,61,HR,Analyst,Los Angeles,92815.01,5859.97,2021-10-09,37,89.4,jane.martinez@company.com,(422) 382-9293,Active
EMP013539,Amanda,Anderson,Amanda Anderson,29,Engineering,Director,Chicago,55607.6,2861.05,2024-07-28,1,73.7,amanda.anderson@company.com,(874) 635-3766,Active
EMP013540,Nicole,Hernandez,Nicole Hernandez,22,Sales,Lead,Los Angeles,78991.98,15129.12,2020-11-04,0,100.0,nicole.hernandez@company.com,(783) 809-9393,Active
EMP013541,James,Anderson,James Anderson,60,Operations,Analyst,Los Angeles,84290.39,3253.33,2023-05-07,37,87.5,james.anderson@company.com,(349) 693-3297,Active
EMP013542,Michael,Davis,Michael Davis,60,Sales,Specialist,Seattle,97430.29,5159.68,2024-10-08,33,63.4,michael.davis@company.com,(738) 920-1734,Active
EMP013543,Emily,Gonzalez,Emily Gonzalez,47,HR,Senior Developer,Seattle,61596.47,5425.1,2021-09-10,21,100.0,emily.gonzalez@company.com,(335) 301-2751,Active
EMP013544,William,Taylor,William Taylor,55,HR,Specialist,Austin,47990.04,10652.0,2024-05-02,27,64.4,william.taylor@company.com,(592) 299-2179,Active
EMP013545,Nicole,Martin,Nicole Martin,24,Sales,Specialist,Los Angeles,55505.79,2859.41,2023-11-12,1,88.9,nicole.martin@company.com,(882) 885-9508,Active
EMP013546,John,Johnson,John Johnson,50,Engineering,Director,Austin,119367.07,8035.19,2023-01-22,28,64.0,john.johnson@company.com,(782) 431-3377,Active
EMP013547,Jane,Taylor,Jane Taylor,59,Legal,Analyst,Boston,107479.51,2764.65,2021-03-25,36,74.8,jane.taylor@company.com,(432) 319-6021,Active
EMP013548,David,Jackson,David Jackson,40,Engineering,Senior Developer,San Francisco,87858.16,11473.51,2024-05-26,15,93.7,david.jackson@company.com,(488) 613-7336,Active
EMP013549,Ashley,Taylor,Ashley Taylor,52,Sales,Coordinator,Miami,98049.31,8779.66,2023-03-27,30,73.7,ashley.taylor@company.com,(826) 423-9529,Active
EMP013550,Sarah,Wilson,Sarah Wilson,44,Marketing,Senior Developer,Los Angeles,66861.85,10944.56,2024-08-13,15,77.0,sarah.wilson@company.com,(537) 984-2734,Active
EMP013551,David,Garcia,David Garcia,39,Operations,Manager,San Francisco,65120.04,7654.25,2024-03-23,17,100.0,david.garcia@company.com,(536) 583-9974,Inactive
EMP013552,James,Taylor,James Taylor,22,Legal,Director,Austin,49032.67,2643.47,2022-01-04,0,75.0,james.taylor@company.com,(364) 737-1110,Active
EMP013553,Christopher,Lopez,Christopher Lopez,50,Legal,Analyst,Boston,48851.07,6172.0,2020-08-22,22,94.2,christopher.lopez@company.com,(956) 826-8716,Active
EMP013554,Nicole,Rodriguez,Nicole Rodriguez,41,Sales,Senior Developer,Austin,53990.07,5857.9,2023-04-02,17,53.3,nicole.rodriguez@company.com,(649) 583-3677,Active
EMP013555,Jane,Wilson,Jane Wilson,25,Legal,Manager,Miami,77540.04,12118.69,2020-08-17,0,80.6,jane.wilson@company.com,(735) 292-9029,Active
EMP013556,Nicole,Jackson,Nicole Jackson,58,Operations,Manager,Austin,62494.91,6635.99,2024-03-11,32,37.7,nicole.jackson@company.com,(217) 973-9663,Active
EMP013557,Ashley,Gonzalez,Ashley Gonzalez,34,HR,Coordinator,Los Angeles,54286.91,6490.05,2021-11-20,12,60.9,ashley.gonzalez@company.com,(769) 818-7106,Active
EMP013558,Daniel,Jones,Daniel Jones,34,Finance,Associate,Los Angeles,65922.85,5211.65,2021-03-14,6,87.3,daniel.jones@company.com,(455) 735-4325,Active
EMP013559,Jessica,Davis,Jessica Davis,48,Finance,Director,Seattle,75552.48,2038.79,2023-02-20,25,66.4,jessica.davis@company.com,(556) 512-4216,Active
EMP013560,Jessica,Moore,Jessica Moore,39,Finance,Analyst,Seattle,66685.83,1247.47,2023-11-12,11,70.9,jessica.moore@company.com,(415) 570-8136,Active
EMP013561,Stephanie,Garcia,Stephanie Garcia,23,Operations,Director,Seattle,37928.43,3600.26,2021-07-15,0,61.7,stephanie.garcia@company.com,(978) 233-1745,Active
EMP013562,Christopher,Taylor,Christopher Taylor,56,Marketing,Manager,Seattle,91035.13,10018.84,2021-10-28,32,67.3,christopher.taylor@company.com,(814) 292-3946,Active
EMP013563,Matthew,Williams,Matthew Williams,27,Engineering,Manager,Miami,81690.27,5677.65,2022-04-11,5,47.6,matthew.williams@company.com,(334) 661-6355,Active
EMP013564,Emily,Rodriguez,Emily Rodriguez,39,Finance,Manager,New York,45321.55,5475.15,2022-09-24,11,78.0,emily.rodriguez@company.com,(901) 781-9015,Inactive
EMP013565,Anthony,Martin,Anthony Martin,26,Sales,Senior Developer,Chicago,82396.01,5285.36,2022-02-03,1,73.8,anthony.martin@company.com,(405) 492-3595,Active
EMP013566,James,Williams,James Williams,23,IT,Specialist,Chicago,70651.47,4798.25,2021-08-30,0,61.0,james.williams@company.com,(613) 344-7400,Inactive
EMP013567,David,Thomas,David Thomas,39,Legal,Specialist,Seattle,74817.47,11463.61,2021-05-19,17,83.7,david.thomas@company.com,(557) 200-2918,Active
EMP013568,Stephanie,Brown,Stephanie Brown,38,Sales,Manager,San Francisco,74214.84,10691.65,2023-01-29,16,89.8,stephanie.brown@company.com,(642) 733-1473,Active
EMP013569,Stephanie,Anderson,Stephanie Anderson,37,HR,Senior Developer,Chicago,53830.1,5192.94,2023-10-19,13,61.8,stephanie.anderson@company.com,(404) 598-4199,Active
EMP013570,Jane,Gonzalez,Jane Gonzalez,37,Engineering,Associate,Austin,75679.72,9081.34,2021-08-12,12,64.1,jane.gonzalez@company.com,(769) 429-7773,Active
EMP013571,Nicole,Lopez,Nicole Lopez,57,IT,Analyst,Chicago,94182.82,9997.51,2023-09-30,31,65.4,nicole.lopez@company.com,(243) 713-3636,Active
EMP013572,Anthony,Moore,Anthony Moore,55,Operations,Lead,Boston,87403.77,5879.09,2023-03-19,31,97.3,anthony.moore@company.com,(494) 985-8019,Active
EMP013573,Anthony,Jackson,Anthony Jackson,28,IT,Specialist,New York,69528.54,7021.61,2021-12-29,1,85.2,anthony.jackson@company.com,(627) 649-4053,Inactive
EMP013574,Emily,Martin,Emily Martin,42,Marketing,Lead,Seattle,52778.27,1642.24,2022-10-24,16,90.3,emily.martin@company.com,(826) 805-6871,Inactive
EMP013575,Emily,Martinez,Emily Martinez,48,Engineering,Senior Developer,New York,111452.02,2078.14,2023-07-07,21,87.9,emily.martinez@company.com,(274) 548-3029,Active
EMP013576,Nicole,Smith,Nicole Smith,31,Marketing,Associate,Austin,68400.56,7603.65,2022-03-09,8,55.0,nicole.smith@company.com,(952) 309-6143,Active
EMP013577,Jane,Thomas,Jane Thomas,58,IT,Senior Developer,New York,112102.03,10492.86,2024-05-29,36,68.0,jane.thomas@company.com,(400) 891-2919,Active
EMP013578,Melissa,Jackson,Melissa Jackson,36,Legal,Director,Boston,57577.61,6043.1,2023-01-21,11,98.0,melissa.jackson@company.com,(420) 704-6478,Active
EMP013579,Anthony,Thomas,Anthony Thomas,52,IT,Analyst,New York,106916.86,2611.46,2020-12-26,25,58.2,anthony.thomas@company.com,(957) 819-5722,Active
EMP013580,Amanda,Taylor,Amanda Taylor,38,HR,Senior Developer,Chicago,44422.09,2721.35,2021-10-29,10,67.2,amanda.taylor@company.com,(389) 715-5896,Active
EMP013581,James,Martinez,James Martinez,54,Operations,Associate,Los Angeles,53636.4,9469.72,2024-01-13,26,77.6,james.martinez@company.com,(582) 295-3125,Active
EMP013582,Stephanie,Davis,Stephanie Davis,42,HR,Coordinator,Austin,69039.13,7080.75,2023-06-09,18,86.0,stephanie.davis@company.com,(730) 602-4090,Active
EMP013583,James,Taylor,James Taylor,47,Sales,Associate,Chicago,75499.04,5898.49,2023-09-11,23,90.4,james.taylor@company.com,(799) 320-8499,Active
EMP013584,Michael,Smith,Michael Smith,23,Legal,Coordinator,Seattle,58077.41,4793.96,2020-02-18,0,52.2,michael.smith@company.com,(237) 550-2226,Active
EMP013585,Michael,Martin,Michael Martin,43,Engineering,Analyst,Seattle,139815.35,0.0,2023-02-06,21,63.4,michael.martin@company.com,(534) 909-8901,Active
EMP013586,William,Garcia,William Garcia,25,Sales,Manager,Miami,36612.75,3311.57,2024-11-21,1,65.6,william.garcia@company.com,(759) 946-6531,Active
EMP013587,William,Lopez,William Lopez,62,Engineering,Manager,Los Angeles,104012.52,14824.24,2024-11-19,33,61.2,william.lopez@company.com,(582) 439-1228,Inactive
EMP013588,Jane,Johnson,Jane Johnson,42,HR,Senior Developer,New York,77903.68,10758.18,2021-09-29,14,83.4,jane.johnson@company.com,(841) 530-4031,Inactive
EMP013589,David,Martinez,David Martinez,59,Finance,Specialist,San Francisco,84765.48,3737.49,2020-12-20,36,72.0,david.martinez@company.com,(544) 934-6913,Inactive
EMP013590,Amanda,Davis,Amanda Davis,43,IT,Lead,Boston,58321.69,5476.52,2024-09-25,20,80.6,amanda.davis@company.com,(293) 422-7821,Active
EMP013591,Daniel,Gonzalez,Daniel Gonzalez,37,IT,Associate,Los Angeles,76241.74,7758.44,2020-02-20,11,47.2,daniel.gonzalez@company.com,(236) 569-6010,Active
EMP013592,Lisa,Davis,Lisa Davis,30,Sales,Associate,Seattle,56185.22,7259.86,2022-12-12,2,81.8,lisa.davis@company.com,(248) 478-7918,Active
EMP013593,Ashley,Williams,Ashley Williams,40,IT,Lead,San Francisco,75517.06,13282.99,2022-09-07,13,39.8,ashley.williams@company.com,(364) 590-3334,Active
EMP013594,Ashley,Williams,Ashley Williams,61,Marketing,Manager,Austin,83665.63,9912.46,2021-08-19,35,79.7,ashley.williams@company.com,(846) 846-3518,Active
EMP013595,Daniel,Anderson,Daniel Anderson,26,Sales,Senior Developer,Seattle,43440.64,5145.89,2024-11-25,0,84.8,daniel.anderson@company.com,(878) 293-9728,Active
EMP013596,Melissa,Moore,Melissa Moore,47,Marketing,Manager,San Francisco,59128.78,6644.37,2021-01-16,20,86.2,melissa.moore@company.com,(307) 242-9837,Active
EMP013597,Ashley,Taylor,Ashley Taylor,49,Operations,Senior Developer,Chicago,70631.16,1082.0,2022-07-08,26,64.2,ashley.taylor@company.com,(327) 960-4914,Active
EMP013598,Melissa,Martinez,Melissa Martinez,52,Finance,Manager,Austin,106306.79,19006.32,2020-01-12,26,60.5,melissa.martinez@company.com,(562) 340-1628,Active
EMP013599,David,Jones,David Jones,51,IT,Coordinator,Boston,80389.77,13104.21,2024-02-20,29,86.1,david.jones@company.com,(753) 318-2759,Active
EMP013600,Anthony,Jones,Anthony Jones,30,Sales,Director,Miami,97824.82,17162.7,2020-11-10,3,78.8,anthony.jones@company.com,(937) 284-4181,Active
EMP013601,David,Wilson,David Wilson,64,Legal,Coordinator,San Francisco,132719.49,0.0,2021-05-02,41,70.0,david.wilson@company.com,(889) 564-6940,Active
EMP013602,Sarah,Miller,Sarah Miller,22,IT,Coordinator,Chicago,82726.61,3268.39,2021-10-15,0,64.8,sarah.miller@company.com,(880) 754-2173,Active
EMP013603,William,Williams,William Williams,37,Operations,Specialist,Chicago,48773.93,3727.71,2024-07-11,11,52.3,william.williams@company.com,(337) 757-9652,Active
EMP013604,Stephanie,Martin,Stephanie Martin,63,Marketing,Manager,Austin,54291.87,4773.73,2021-12-18,37,77.3,stephanie.martin@company.com,(430) 698-3020,Active
EMP013605,Robert,Martinez,Robert Martinez,59,Sales,Coordinator,Seattle,72338.17,8071.88,2021-12-08,36,90.6,robert.martinez@company.com,(901) 511-1950,Active
EMP013606,Michael,Garcia,Michael Garcia,59,Marketing,Senior Developer,Austin,125530.27,14537.15,2023-05-28,30,53.3,michael.garcia@company.com,(209) 766-2444,Active
EMP013607,Lisa,Lopez,Lisa Lopez,36,Engineering,Senior Developer,Austin,125755.47,15575.52,2022-04-29,10,94.1,lisa.lopez@company.com,(234) 931-5537,Active
EMP013608,Matthew,Wilson,Matthew Wilson,57,Finance,Associate,Miami,93651.17,11303.04,2023-06-13,33,58.3,matthew.wilson@company.com,(524) 986-8628,Active
EMP013609,James,Jones,James Jones,27,Legal,Senior Developer,Chicago,75442.44,10054.37,2020-01-01,0,76.8,james.jones@company.com,(279) 735-9786,Active
EMP013610,Michael,Wilson,Michael Wilson,47,Marketing,Specialist,Los Angeles,92472.56,7953.24,2024-12-02,25,90.2,michael.wilson@company.com,(766) 866-3574,Active
EMP013611,Melissa,Garcia,Melissa Garcia,38,Operations,Specialist,New York,65360.41,7181.16,2024-08-10,14,82.7,melissa.garcia@company.com,(835) 998-9702,Active
EMP013612,James,Thomas,James Thomas,45,Sales,Senior Developer,Miami,56580.31,5068.03,2024-04-04,20,87.3,james.thomas@company.com,(649) 671-1004,Active
EMP013613,Matthew,Williams,Matthew Williams,62,Legal,Manager,Chicago,161208.69,23835.0,2022-07-19,34,70.5,matthew.williams@company.com,(235) 793-2953,Active
EMP013614,Jane,Johnson,Jane Johnson,31,Sales,Manager,Chicago,76642.0,10290.61,2024-06-28,4,82.9,jane.johnson@company.com,(960) 352-9754,Active
EMP013615,Matthew,Thomas,Matthew Thomas,62,Finance,Manager,Miami,114473.78,18182.83,2021-05-16,37,63.7,matthew.thomas@company.com,(412) 578-1323,Active
EMP013616,Lisa,Thomas,Lisa Thomas,59,IT,Specialist,Chicago,103510.98,8795.03,2023-07-01,37,77.3,lisa.thomas@company.com,(818) 659-4084,Active
EMP013617,Jessica,Taylor,Jessica Taylor,65,Sales,Lead,Austin,84405.57,2155.51,2021-03-04,40,83.3,jessica.taylor@company.com,(422) 613-4222,Active
EMP013618,Robert,Brown,Robert Brown,22,Operations,Specialist,Seattle,49001.21,8457.53,2020-05-31,0,64.9,robert.brown@company.com,(435) 226-7207,Active
EMP013619,Christopher,Gonzalez,Christopher Gonzalez,39,IT,Analyst,Boston,70701.07,3542.45,2021-07-18,16,71.5,christopher.gonzalez@company.com,(626) 564-2625,Active
EMP013620,Anthony,Martin,Anthony Martin,45,Marketing,Analyst,New York,74140.65,3931.53,2024-05-02,18,87.8,anthony.martin@company.com,(344) 224-4015,Inactive
EMP013621,James,Hernandez,James Hernandez,52,Legal,Coordinator,Los Angeles,97435.34,14026.52,2020-02-20,25,84.0,james.hernandez@company.com,(433) 887-3874,Active
EMP013622,Ashley,Martinez,Ashley Martinez,26,IT,Analyst,Miami,57138.5,10160.36,2022-05-11,2,76.8,ashley.martinez@company.com,(712) 675-8247,Active
EMP013623,Christopher,Thomas,Christopher Thomas,30,IT,Lead,Chicago,41423.63,1186.18,2021-11-02,6,72.5,christopher.thomas@company.com,(558) 469-6980,Active
EMP013624,Lisa,Garcia,Lisa Garcia,61,Finance,Associate,Miami,79404.75,12919.57,2022-11-22,36,100.0,lisa.garcia@company.com,(510) 351-9896,Inactive
EMP013625,John,Garcia,John Garcia,63,Operations,Analyst,Miami,77720.09,12246.7,2024-01-31,36,67.1,john.garcia@company.com,(293) 437-7629,Active
EMP013626,David,Jackson,David Jackson,32,Finance,Senior Developer,Boston,42101.07,3386.37,2021-07-28,7,60.2,david.jackson@company.com,(266) 509-4786,Active
EMP013627,Jessica,Davis,Jessica Davis,48,Legal,Coordinator,Miami,97899.06,3921.8,2021-01-28,23,99.3,jessica.davis@company.com,(412) 403-5416,Active
EMP013628,John,Martinez,John Martinez,59,Engineering,Manager,Austin,131077.0,10602.15,2020-05-12,31,100.0,john.martinez@company.com,(216) 474-4531,Active
EMP013629,Amanda,Jones,Amanda Jones,44,Sales,Coordinator,San Francisco,78086.64,14816.33,2022-11-28,16,75.3,amanda.jones@company.com,(935) 748-8819,Active
EMP013630,Nicole,Jackson,Nicole Jackson,37,Engineering,Lead,Los Angeles,102784.72,22484.71,2023-11-28,12,94.5,nicole.jackson@company.com,(842) 688-7371,Active
EMP013631,Stephanie,Miller,Stephanie Miller,42,IT,Coordinator,Chicago,131247.58,15614.82,2023-10-29,19,100.0,stephanie.miller@company.com,(280) 913-7366,Active
EMP013632,John,Wilson,John Wilson,41,Finance,Analyst,Chicago,83202.54,4774.67,2022-07-11,13,69.7,john.wilson@company.com,(423) 362-3147,Active
EMP013633,Emily,Anderson,Emily Anderson,33,Finance,Manager,Chicago,41420.55,1584.06,2023-10-18,5,81.8,emily.anderson@company.com,(648) 592-6799,Active
EMP013634,Anthony,Smith,Anthony Smith,35,Engineering,Senior Developer,New York,100753.57,12823.72,2023-03-08,8,62.3,anthony.smith@company.com,(450) 496-4432,Inactive
EMP013635,William,Anderson,William Anderson,34,IT,Associate,Miami,76011.02,6699.75,2022-10-14,8,66.7,william.anderson@company.com,(384) 893-9292,Active
EMP013636,Anthony,Rodriguez,Anthony Rodriguez,65,Finance,Manager,Miami,96744.17,7679.05,2024-09-10,36,83.5,anthony.rodriguez@company.com,(496) 462-4484,Active
EMP013637,Melissa,Davis,Melissa Davis,60,IT,Analyst,Chicago,97126.03,7243.87,2024-12-07,32,81.7,melissa.davis@company.com,(750) 779-1740,Inactive
EMP013638,Ashley,Hernandez,Ashley Hernandez,49,Finance,Specialist,Miami,58082.26,7851.6,2023-12-03,22,89.7,ashley.hernandez@company.com,(408) 360-9789,Active
EMP013639,Emily,Williams,Emily Williams,63,Marketing,Director,New York,62728.23,8753.03,2020-01-12,34,81.5,emily.williams@company.com,(423) 673-1353,Inactive
EMP013640,Jane,Hernandez,Jane Hernandez,50,IT,Director,Seattle,55837.81,5281.11,2024-09-05,23,51.8,jane.hernandez@company.com,(983) 437-3325,Active
EMP013641,David,Garcia,David Garcia,43,Marketing,Associate,San Francisco,70864.27,14217.86,2024-09-19,21,57.1,david.garcia@company.com,(954) 371-2704,Inactive
EMP013642,John,Martinez,John Martinez,55,Sales,Analyst,New York,80089.67,14256.3,2021-03-21,33,68.0,john.martinez@company.com,(885) 944-2322,Active
EMP013643,Amanda,Wilson,Amanda Wilson,35,Engineering,Director,Miami,122140.6,4315.14,2023-07-31,12,97.4,amanda.wilson@company.com,(960) 843-1608,Active
EMP013644,Nicole,Jones,Nicole Jones,61,Engineering,Analyst,Austin,123445.99,9881.73,2022-07-04,37,69.0,nicole.jones@company.com,(834) 800-5225,Active
EMP013645,Stephanie,Garcia,Stephanie Garcia,28,IT,Director,Miami,75643.3,11016.78,2021-01-28,0,85.8,stephanie.garcia@company.com,(912) 999-4944,Active
EMP013646,Anthony,Jones,Anthony Jones,48,HR,Analyst,San Francisco,67043.19,10429.4,2023-12-31,22,54.1,anthony.jones@company.com,(319) 898-9984,Active
EMP013647,Daniel,Martinez,Daniel Martinez,59,Sales,Manager,New York,105016.88,18766.84,2023-12-03,35,97.7,daniel.martinez@company.com,(374) 254-5358,Active
EMP013648,Nicole,Rodriguez,Nicole Rodriguez,32,Legal,Manager,Chicago,84035.57,7022.64,2021-11-23,9,48.3,nicole.rodriguez@company.com,(709) 376-5795,Active
EMP013649,John,Moore,John Moore,26,Marketing,Associate,Miami,58295.0,11436.96,2023-11-14,0,66.7,john.moore@company.com,(978) 748-7972,Active
EMP013650,Michael,Martinez,Michael Martinez,26,Engineering,Manager,Austin,53820.51,4618.46,2024-06-09,4,86.1,michael.martinez@company.com,(839) 275-8791,Active
EMP013651,James,Lopez,James Lopez,44,Operations,Lead,Seattle,76625.33,5645.22,2023-04-14,17,70.2,james.lopez@company.com,(630) 683-5689,Active
EMP013652,Ashley,Hernandez,Ashley Hernandez,32,Legal,Senior Developer,San Francisco,100579.08,15475.13,2024-05-08,9,84.0,ashley.hernandez@company.com,(349) 939-8138,Active
EMP013653,Matthew,Thomas,Matthew Thomas,24,Legal,Analyst,New York,84140.36,17948.52,2023-04-20,1,81.4,matthew.thomas@company.com,(742) 863-2617,Active
EMP013654,John,Davis,John Davis,57,HR,Specialist,Los Angeles,74713.7,7695.96,2022-06-30,30,72.1,john.davis@company.com,(785) 203-9166,Active
EMP013655,Melissa,Brown,Melissa Brown,27,Operations,Manager,New York,57085.21,9751.25,2024-01-15,0,100.0,melissa.brown@company.com,(359) 739-1896,Active
EMP013656,Jessica,Williams,Jessica Williams,59,Marketing,Manager,Boston,108861.93,10699.72,2024-10-10,34,100.0,jessica.williams@company.com,(271) 980-9882,Active
EMP013657,Nicole,Rodriguez,Nicole Rodriguez,50,Legal,Analyst,San Francisco,130950.25,10050.07,2020-07-30,22,59.6,nicole.rodriguez@company.com,(811) 695-5801,Active
EMP013658,William,Jones,William Jones,60,Engineering,Lead,Boston,105168.71,18511.34,2020-02-02,38,82.8,william.jones@company.com,(343) 425-9003,Inactive
EMP013659,Stephanie,Jones,Stephanie Jones,54,Engineering,Manager,San Francisco,106775.62,0.0,2021-05-24,31,47.4,stephanie.jones@company.com,(724) 972-6902,Active
EMP013660,Jessica,Thomas,Jessica Thomas,23,Sales,Coordinator,Los Angeles,65997.89,6890.96,2023-11-01,0,58.8,jessica.thomas@company.com,(581) 847-2364,Active
EMP013661,William,Davis,William Davis,54,Finance,Specialist,Miami,83147.12,12348.55,2023-03-09,29,95.8,william.davis@company.com,(456) 906-2476,Active
EMP013662,Stephanie,Thomas,Stephanie Thomas,35,HR,Specialist,Seattle,39943.82,6423.18,2020-12-30,6,64.8,stephanie.thomas@company.com,(665) 684-4863,Active
EMP013663,Amanda,Davis,Amanda Davis,48,Marketing,Director,New York,84017.84,6770.76,2022-07-18,20,49.1,amanda.davis@company.com,(388) 892-5440,Active
EMP013664,Ashley,Brown,Ashley Brown,41,Finance,Specialist,Los Angeles,76647.65,7075.91,2022-03-14,16,77.7,ashley.brown@company.com,(827) 343-7206,Active
EMP013665,David,Gonzalez,David Gonzalez,26,Marketing,Director,Seattle,67314.31,11301.58,2022-10-27,1,36.9,david.gonzalez@company.com,(922) 336-1949,Active
EMP013666,David,Moore,David Moore,23,Marketing,Director,Seattle,58431.37,8871.09,2021-08-20,0,56.5,david.moore@company.com,(443) 546-9352,Active
EMP013667,James,Garcia,James Garcia,35,Marketing,Analyst,Seattle,79075.94,8680.51,2022-07-04,10,64.3,james.garcia@company.com,(381) 454-7425,Active
EMP013668,David,Rodriguez,David Rodriguez,35,Finance,Manager,Los Angeles,79463.61,10510.22,2020-03-20,8,96.5,david.rodriguez@company.com,(495) 246-6037,Active
EMP013669,Matthew,Martin,Matthew Martin,29,IT,Lead,Seattle,104680.67,17898.83,2020-01-21,7,69.9,matthew.martin@company.com,(819) 761-2408,Active
EMP013670,Melissa,Johnson,Melissa Johnson,36,HR,Specialist,Miami,27000.0,2300.2,2023-06-12,8,77.7,melissa.johnson@company.com,(209) 318-6369,Active
EMP013671,Jane,Wilson,Jane Wilson,31,Marketing,Associate,San Francisco,49391.61,4279.24,2024-04-11,9,83.3,jane.wilson@company.com,(322) 274-8315,Active
EMP013672,Michael,Gonzalez,Michael Gonzalez,48,HR,Manager,Austin,66690.97,12476.85,2022-09-02,21,68.1,michael.gonzalez@company.com,(422) 496-3345,Active
EMP013673,Jessica,Wilson,Jessica Wilson,34,Finance,Manager,Chicago,68957.92,9810.9,2024-06-03,8,66.5,jessica.wilson@company.com,(668) 401-8058,Active
EMP013674,Matthew,Hernandez,Matthew Hernandez,39,IT,Lead,Los Angeles,73801.15,8273.54,2023-10-17,10,90.8,matthew.hernandez@company.com,(712) 476-9201,Active
EMP013675,Jessica,Smith,Jessica Smith,63,Engineering,Coordinator,New York,88821.17,16327.33,2023-04-24,41,51.6,jessica.smith@company.com,(285) 722-7467,Active
EMP013676,John,Hernandez,John Hernandez,62,IT,Associate,Los Angeles,121330.21,14958.01,2020-10-18,39,63.4,john.hernandez@company.com,(934) 283-2477,Active
EMP013677,David,Hernandez,David Hernandez,40,Sales,Lead,Boston,77576.95,8771.94,2022-05-21,17,92.1,david.hernandez@company.com,(511) 439-6266,Active
EMP013678,Daniel,Gonzalez,Daniel Gonzalez,63,Finance,Senior Developer,New York,92011.07,15803.65,2023-07-29,34,55.2,daniel.gonzalez@company.com,(270) 646-4473,Active
EMP013679,Nicole,Jones,Nicole Jones,37,HR,Coordinator,Seattle,72460.86,4148.33,2024-01-09,10,94.5,nicole.jones@company.com,(267) 901-4857,Inactive
EMP013680,Jessica,Brown,Jessica Brown,57,Sales,Manager,Boston,132414.65,15804.1,2024-01-17,30,83.5,jessica.brown@company.com,(227) 306-9269,Inactive
EMP013681,Nicole,Smith,Nicole Smith,51,Operations,Manager,San Francisco,58536.25,12190.52,2024-05-09,28,61.3,nicole.smith@company.com,(697) 204-3528,Active
EMP013682,Melissa,Taylor,Melissa Taylor,63,Operations,Specialist,Seattle,70159.76,10044.67,2021-01-27,35,64.3,melissa.taylor@company.com,(745) 649-6605,Active
EMP013683,Stephanie,Brown,Stephanie Brown,35,Sales,Manager,San Francisco,61983.5,9511.57,2021-04-19,7,85.2,stephanie.brown@company.com,(768) 736-1325,Active
EMP013684,David,Brown,David Brown,34,Legal,Coordinator,Miami,61675.97,10446.99,2024-05-15,10,82.3,david.brown@company.com,(818) 777-9551,Active
EMP013685,Jessica,Johnson,Jessica Johnson,51,HR,Senior Developer,New York,61328.3,4611.01,2022-12-05,22,89.3,jessica.johnson@company.com,(351) 551-3940,Inactive
EMP013686,Christopher,Rodriguez,Christopher Rodriguez,61,Finance,Specialist,Los Angeles,78402.29,4683.09,2020-08-16,33,83.9,christopher.rodriguez@company.com,(715) 567-8370,Inactive
EMP013687,Nicole,Davis,Nicole Davis,63,Marketing,Specialist,New York,93214.48,5505.33,2024-01-05,39,78.5,nicole.davis@company.com,(813) 434-2954,Active
EMP013688,William,Thomas,William Thomas,27,Engineering,Analyst,Seattle,111732.57,12154.5,2020-10-24,0,66.4,william.thomas@company.com,(547) 651-9737,Inactive
EMP013689,Michael,Lopez,Michael Lopez,59,Engineering,Senior Developer,Chicago,133639.17,24261.09,2020-11-29,37,100.0,michael.lopez@company.com,(867) 304-7798,Active
EMP013690,John,Williams,John Williams,25,IT,Lead,Los Angeles,49880.59,10403.25,2024-08-06,2,92.0,john.williams@company.com,(539) 426-5302,Active
EMP013691,Daniel,Lopez,Daniel Lopez,35,IT,Coordinator,San Francisco,86964.1,4539.37,2021-03-04,13,72.7,daniel.lopez@company.com,(923) 285-9147,Active
EMP013692,Christopher,Williams,Christopher Williams,51,Finance,Coordinator,Los Angeles,82633.91,8474.6,2023-12-12,22,80.0,christopher.williams@company.com,(433) 743-3330,Active
EMP013693,Jessica,Martin,Jessica Martin,60,Marketing,Associate,Austin,58463.18,5570.68,2022-12-09,31,82.7,jessica.martin@company.com,(326) 474-1618,Active
EMP013694,Matthew,Williams,Matthew Williams,60,IT,Director,Austin,77778.23,3221.54,2020-02-12,35,93.2,matthew.williams@company.com,(239) 392-9902,Inactive
EMP013695,Daniel,Lopez,Daniel Lopez,34,Legal,Analyst,Boston,67205.5,10406.26,2022-06-24,5,84.4,daniel.lopez@company.com,(616) 427-5659,Active
EMP013696,Daniel,Moore,Daniel Moore,44,Engineering,Analyst,Austin,65082.06,7668.93,2022-09-05,15,59.8,daniel.moore@company.com,(593) 698-5127,On Leave
EMP013697,Ashley,Thomas,Ashley Thomas,37,Operations,Lead,Chicago,70179.3,6742.82,2020-08-03,15,88.2,ashley.thomas@company.com,(270) 881-4429,Active
EMP013698,Melissa,Martin,Melissa Martin,47,Sales,Specialist,Boston,73569.56,1622.56,2021-03-24,20,75.9,melissa.martin@company.com,(819) 311-2909,Active
EMP013699,Anthony,Johnson,Anthony Johnson,31,Legal,Senior Developer,Seattle,82331.41,11783.0,2020-05-17,7,100.0,anthony.johnson@company.com,(638) 272-4241,Active
EMP013700,Christopher,Johnson,Christopher Johnson,39,HR,Lead,San Francisco,62725.35,5504.9,2020-07-14,12,67.3,christopher.johnson@company.com,(431) 649-7616,Active
EMP013701,Emily,Brown,Emily Brown,60,Marketing,Manager,Seattle,73648.94,6750.94,2021-12-05,32,73.5,emily.brown@company.com,(595) 509-8069,Active
EMP013702,Robert,Miller,Robert Miller,59,HR,Coordinator,Seattle,69277.53,8591.61,2023-09-19,37,90.7,robert.miller@company.com,(545) 406-8583,Active
EMP013703,Robert,Williams,Robert Williams,26,Engineering,Senior Developer,Chicago,76167.47,6727.12,2024-07-07,0,64.8,robert.williams@company.com,(932) 960-5935,Active
EMP013704,Amanda,Brown,Amanda Brown,44,IT,Associate,Boston,48763.66,7430.49,2024-06-10,18,79.5,amanda.brown@company.com,(848) 417-6966,Active
EMP013705,David,Johnson,David Johnson,48,Finance,Analyst,Los Angeles,101779.9,12586.59,2021-03-31,22,54.6,david.johnson@company.com,(395) 233-8043,Active
EMP013706,Emily,Jones,Emily Jones,59,Engineering,Coordinator,Miami,108976.48,16951.47,2024-04-17,37,70.6,emily.jones@company.com,(507) 718-5896,Active
EMP013707,James,Anderson,James Anderson,39,Marketing,Analyst,Los Angeles,49310.17,2312.53,2023-12-20,15,77.9,james.anderson@company.com,(421) 504-6435,Active
EMP013708,Amanda,Anderson,Amanda Anderson,52,Operations,Senior Developer,Seattle,66430.08,4059.41,2022-12-17,30,50.5,amanda.anderson@company.com,(686) 878-6869,Active
EMP013709,Sarah,Miller,Sarah Miller,52,Engineering,Manager,New York,63049.42,8785.27,2022-06-15,28,100.0,sarah.miller@company.com,(914) 670-5668,Active
EMP013710,Emily,Moore,Emily Moore,28,Sales,Coordinator,Austin,54807.47,6761.2,2021-12-14,1,48.0,emily.moore@company.com,(315) 215-9866,Active
EMP013711,David,Jones,David Jones,30,Legal,Analyst,Boston,118868.62,10992.84,2020-12-20,4,98.1,david.jones@company.com,(991) 360-5788,Active
EMP013712,William,Wilson,William Wilson,39,HR,Specialist,San Francisco,71855.48,7191.76,2022-09-13,14,55.1,william.wilson@company.com,(522) 505-4617,Inactive
EMP013713,Melissa,Williams,Melissa Williams,62,Sales,Lead,San Francisco,70130.03,10507.02,2024-09-27,36,94.4,melissa.williams@company.com,(647) 259-4030,Active
EMP013714,Daniel,Johnson,Daniel Johnson,37,IT,Manager,New York,61993.75,8836.47,2022-12-11,11,65.9,daniel.johnson@company.com,(771) 833-9340,Active
EMP013715,Emily,Martin,Emily Martin,35,Operations,Senior Developer,Seattle,58944.52,6209.94,2022-10-23,11,75.7,emily.martin@company.com,(567) 471-8759,Active
EMP013716,Michael,Gonzalez,Michael Gonzalez,51,Finance,Senior Developer,Miami,92896.91,9044.87,2024-12-28,29,62.2,michael.gonzalez@company.com,(259) 594-2698,Active
EMP013717,Emily,Martinez,Emily Martinez,49,Sales,Specialist,Miami,65597.28,13776.63,2021-10-02,21,76.9,emily.martinez@company.com,(251) 495-4839,Active
EMP013718,Lisa,Williams,Lisa Williams,39,Finance,Senior Developer,Chicago,100582.66,17464.69,2024-09-21,15,82.8,lisa.williams@company.com,(636) 683-4935,Active
EMP013719,Ashley,Martinez,Ashley Martinez,56,Marketing,Manager,Boston,105409.65,8436.28,2023-06-01,34,60.4,ashley.martinez@company.com,(530) 835-7285,Active
EMP013720,Stephanie,Martin,Stephanie Martin,26,Engineering,Associate,Seattle,55148.36,6371.78,2022-07-24,3,43.5,stephanie.martin@company.com,(267) 368-9253,Active
EMP013721,Christopher,Williams,Christopher Williams,45,Engineering,Manager,Los Angeles,91543.0,10505.41,2021-10-18,16,100.0,christopher.williams@company.com,(339) 614-3087,Inactive
EMP013722,Christopher,Martin,Christopher Martin,26,Operations,Analyst,San Francisco,76550.04,5802.92,2023-10-11,4,72.1,christopher.martin@company.com,(504) 645-5691,Active
EMP013723,Robert,Anderson,Robert Anderson,25,Engineering,Senior Developer,Boston,87460.84,9201.6,2022-09-21,2,84.7,robert.anderson@company.com,(399) 311-4590,Active
EMP013724,Stephanie,Smith,Stephanie Smith,48,Marketing,Senior Developer,San Francisco,53911.37,4439.56,2024-07-23,21,88.5,stephanie.smith@company.com,(829) 231-2154,Active
EMP013725,John,Moore,John Moore,48,Legal,Senior Developer,Seattle,94158.74,0.0,2022-04-01,21,57.7,john.moore@company.com,(663) 733-9793,Active
EMP013726,Nicole,Brown,Nicole Brown,26,Marketing,Analyst,San Francisco,47346.78,0.0,2020-03-25,3,72.8,nicole.brown@company.com,(265) 856-7707,Active
EMP013727,Anthony,Wilson,Anthony Wilson,23,Legal,Analyst,New York,101746.02,17892.41,2020-03-08,1,72.7,anthony.wilson@company.com,(991) 425-6491,On Leave
EMP013728,Christopher,Davis,Christopher Davis,25,Legal,Coordinator,New York,64252.37,7893.62,2020-10-15,0,85.9,christopher.davis@company.com,(804) 596-8378,Active
EMP013729,Melissa,Johnson,Melissa Johnson,44,Sales,Director,Miami,82705.83,11485.61,2020-08-27,19,95.8,melissa.johnson@company.com,(931) 919-5111,On Leave
EMP013730,Stephanie,Jones,Stephanie Jones,61,Engineering,Senior Developer,Miami,96902.88,19082.34,2022-09-09,39,75.7,stephanie.jones@company.com,(489) 962-6273,Active
EMP013731,Daniel,Taylor,Daniel Taylor,28,HR,Specialist,Los Angeles,61972.67,4078.07,2022-02-24,5,84.1,daniel.taylor@company.com,(436) 574-5809,On Leave
EMP013732,Melissa,Martin,Melissa Martin,58,Engineering,Director,Austin,112338.65,11031.95,2023-05-22,30,64.4,melissa.martin@company.com,(418) 866-2240,Active
EMP013733,John,Johnson,John Johnson,59,Finance,Associate,Austin,88637.34,5734.24,2023-03-20,30,66.9,john.johnson@company.com,(992) 610-6444,Active
EMP013734,John,Smith,John Smith,65,IT,Manager,Miami,123504.83,10423.87,2020-05-20,36,92.1,john.smith@company.com,(997) 936-7837,Active
EMP013735,Christopher,Rodriguez,Christopher Rodriguez,48,Operations,Coordinator,Chicago,65083.72,2130.51,2022-05-23,22,94.6,christopher.rodriguez@company.com,(700) 392-4800,Active
EMP013736,Sarah,Martin,Sarah Martin,60,Legal,Specialist,Los Angeles,100898.12,5714.7,2023-11-25,37,77.0,sarah.martin@company.com,(549) 875-8764,Active
EMP013737,Emily,Lopez,Emily Lopez,22,Marketing,Manager,Chicago,56824.89,8654.61,2024-10-29,0,86.0,emily.lopez@company.com,(291) 768-4807,Active
EMP013738,Emily,Thomas,Emily Thomas,24,Marketing,Lead,New York,71935.56,5825.68,2021-01-15,0,52.0,emily.thomas@company.com,(284) 704-6969,On Leave
EMP013739,Ashley,Jones,Ashley Jones,43,Operations,Manager,Boston,64361.7,6518.96,2020-10-20,17,62.8,ashley.jones@company.com,(994) 478-9623,Active
EMP013740,Emily,Miller,Emily Miller,23,HR,Coordinator,Austin,44405.29,3258.43,2021-04-30,0,50.7,emily.miller@company.com,(595) 980-9657,Active
EMP013741,David,Taylor,David Taylor,42,Operations,Specialist,Austin,63383.75,1579.14,2024-07-03,13,67.5,david.taylor@company.com,(937) 329-5576,Inactive
EMP013742,Ashley,Hernandez,Ashley Hernandez,29,Operations,Analyst,San Francisco,51682.87,7403.57,2024-11-07,6,100.0,ashley.hernandez@company.com,(675) 888-5474,Active
EMP013743,Christopher,Brown,Christopher Brown,56,Sales,Senior Developer,Los Angeles,68693.96,2347.63,2024-08-18,33,65.5,christopher.brown@company.com,(437) 984-8070,Active
EMP013744,Michael,Johnson,Michael Johnson,64,HR,Manager,Los Angeles,45496.68,4460.89,2020-03-26,39,100.0,michael.johnson@company.com,(451) 991-3002,Active
EMP013745,William,Taylor,William Taylor,59,Finance,Specialist,San Francisco,116730.45,2638.06,2021-10-10,31,56.5,william.taylor@company.com,(519) 771-2122,Active
EMP013746,Ashley,Anderson,Ashley Anderson,40,Finance,Senior Developer,Boston,83188.25,7972.62,2022-06-30,12,40.0,ashley.anderson@company.com,(605) 979-9845,Inactive
EMP013747,Matthew,Lopez,Matthew Lopez,63,Legal,Lead,New York,103411.93,9034.19,2024-10-19,40,75.3,matthew.lopez@company.com,(233) 704-6461,Active
EMP013748,Lisa,Jones,Lisa Jones,25,Legal,Director,New York,74627.62,0.0,2020-01-15,0,53.3,lisa.jones@company.com,(758) 474-5878,Active
EMP013749,Anthony,Thomas,Anthony Thomas,58,IT,Coordinator,New York,133620.73,22738.84,2020-04-18,31,67.6,anthony.thomas@company.com,(783) 384-7374,Active
EMP013750,Stephanie,Gonzalez,Stephanie Gonzalez,34,HR,Specialist,Austin,65943.49,8501.3,2022-04-25,12,70.8,stephanie.gonzalez@company.com,(717) 713-4441,Active
EMP013751,Jessica,Lopez,Jessica Lopez,56,Finance,Analyst,Boston,118006.87,12732.37,2021-02-03,30,100.0,jessica.lopez@company.com,(562) 600-6194,Active
EMP013752,Amanda,Jackson,Amanda Jackson,35,Legal,Specialist,Seattle,82702.54,12723.49,2021-05-02,11,69.8,amanda.jackson@company.com,(877) 584-8748,Active
EMP013753,Matthew,Jones,Matthew Jones,42,IT,Lead,Miami,86973.76,10825.7,2022-03-04,13,100.0,matthew.jones@company.com,(751) 801-3388,Active
EMP013754,David,Jackson,David Jackson,28,Marketing,Lead,Boston,76056.2,5178.59,2024-04-17,4,74.5,david.jackson@company.com,(669) 425-5703,Active
EMP013755,Lisa,Rodriguez,Lisa Rodriguez,39,IT,Specialist,Boston,83072.11,10820.33,2024-11-29,10,87.2,lisa.rodriguez@company.com,(341) 510-8374,Active
EMP013756,Jane,Martinez,Jane Martinez,62,Sales,Specialist,Miami,84185.19,3957.42,2023-03-13,40,79.5,jane.martinez@company.com,(686) 705-4632,Active
EMP013757,Stephanie,Gonzalez,Stephanie Gonzalez,58,Sales,Manager,Miami,99284.38,9798.07,2021-03-11,34,59.1,stephanie.gonzalez@company.com,(798) 817-9033,Active
EMP013758,Amanda,Hernandez,Amanda Hernandez,59,IT,Manager,Austin,68135.51,6006.15,2021-09-14,34,100.0,amanda.hernandez@company.com,(297) 608-5508,Active
EMP013759,John,Brown,John Brown,50,Finance,Specialist,Seattle,91905.48,14582.66,2021-06-09,26,51.5,john.brown@company.com,(918) 781-5014,Active
EMP013760,Anthony,Wilson,Anthony Wilson,57,HR,Analyst,New York,74258.46,7944.54,2020-07-20,29,37.3,anthony.wilson@company.com,(833) 315-5477,Active
EMP013761,James,Wilson,James Wilson,52,IT,Specialist,Miami,124176.95,4203.72,2022-07-24,29,44.4,james.wilson@company.com,(319) 972-8332,Active
EMP013762,Jane,Anderson,Jane Anderson,35,Engineering,Manager,Boston,119321.59,19253.11,2020-05-11,13,66.2,jane.anderson@company.com,(772) 744-1942,Active
EMP013763,David,Hernandez,David Hernandez,59,Legal,Associate,Austin,100593.66,17522.5,2022-06-06,35,87.7,david.hernandez@company.com,(737) 687-6649,Active
EMP013764,Amanda,Gonzalez,Amanda Gonzalez,58,Legal,Manager,San Francisco,102975.33,9639.29,2024-02-20,34,69.9,amanda.gonzalez@company.com,(902) 816-3588,Active
EMP013765,David,Rodriguez,David Rodriguez,24,Engineering,Analyst,Seattle,110960.13,5592.71,2024-10-26,0,63.6,david.rodriguez@company.com,(938) 465-2931,Active
EMP013766,Robert,Martinez,Robert Martinez,65,HR,Coordinator,Seattle,77689.15,6943.48,2022-07-09,36,100.0,robert.martinez@company.com,(882) 969-8210,Active
EMP013767,Christopher,Davis,Christopher Davis,33,Sales,Director,San Francisco,81044.13,3431.37,2023-08-06,10,77.0,christopher.davis@company.com,(229) 354-6293,Active
EMP013768,James,Rodriguez,James Rodriguez,52,Legal,Associate,Seattle,110806.42,6956.5,2021-11-08,24,90.4,james.rodriguez@company.com,(239) 416-3599,Active
EMP013769,Nicole,Brown,Nicole Brown,24,Marketing,Director,New York,45407.27,3490.44,2023-03-04,2,100.0,nicole.brown@company.com,(668) 455-6125,Inactive
EMP013770,John,Johnson,John Johnson,48,Operations,Director,Seattle,63390.02,9154.4,2021-12-17,21,70.3,john.johnson@company.com,(365) 698-3385,Active
EMP013771,Anthony,Gonzalez,Anthony Gonzalez,41,Operations,Director,New York,72009.41,8193.66,2020-12-27,18,78.2,anthony.gonzalez@company.com,(482) 492-9035,Active
EMP013772,Sarah,Wilson,Sarah Wilson,50,HR,Manager,New York,62992.03,4859.07,2024-04-21,27,83.2,sarah.wilson@company.com,(754) 410-9889,Active
EMP013773,Ashley,Miller,Ashley Miller,60,Marketing,Director,Chicago,81805.72,1449.9,2021-11-12,36,100.0,ashley.miller@company.com,(823) 477-3188,Active
EMP013774,John,Taylor,John Taylor,40,Engineering,Director,Chicago,72289.58,10908.24,2024-05-31,12,100.0,john.taylor@company.com,(741) 649-1963,Active
EMP013775,Sarah,Jackson,Sarah Jackson,44,IT,Senior Developer,Chicago,105704.36,6302.89,2021-02-10,16,50.1,sarah.jackson@company.com,(216) 591-4546,Active
EMP013776,Ashley,Garcia,Ashley Garcia,40,Engineering,Specialist,Boston,145499.08,28191.4,2020-08-23,18,90.9,ashley.garcia@company.com,(238) 578-3347,Active
EMP013777,Nicole,Anderson,Nicole Anderson,38,Engineering,Associate,New York,75185.11,1865.75,2023-01-22,10,77.9,nicole.anderson@company.com,(349) 335-1976,Active
EMP013778,Lisa,Jackson,Lisa Jackson,23,Operations,Associate,Austin,65466.05,6039.67,2023-05-21,1,57.0,lisa.jackson@company.com,(754) 208-1240,Active
EMP013779,William,Lopez,William Lopez,56,IT,Senior Developer,Chicago,110620.23,13184.43,2020-06-21,33,62.8,william.lopez@company.com,(439) 515-7902,Active
EMP013780,Michael,Lopez,Michael Lopez,25,Finance,Manager,Chicago,65419.83,16109.71,2023-10-17,0,53.7,michael.lopez@company.com,(836) 737-5741,Active
EMP013781,John,Rodriguez,John Rodriguez,39,Sales,Senior Developer,Austin,63310.34,11581.56,2022-01-14,12,100.0,john.rodriguez@company.com,(585) 245-2723,Active
EMP013782,Robert,Williams,Robert Williams,44,Marketing,Coordinator,Boston,69407.15,8298.09,2020-07-01,21,69.5,robert.williams@company.com,(285) 239-4144,Active
EMP013783,Lisa,Taylor,Lisa Taylor,22,Operations,Senior Developer,San Francisco,42183.36,7491.05,2023-12-24,0,69.2,lisa.taylor@company.com,(344) 276-9320,Active
EMP013784,Christopher,Smith,Christopher Smith,64,Legal,Manager,Los Angeles,130144.3,19717.51,2021-03-29,39,71.4,christopher.smith@company.com,(937) 363-5997,Active
EMP013785,Christopher,Martin,Christopher Martin,50,Marketing,Coordinator,San Francisco,80943.09,4412.32,2023-05-27,22,88.4,christopher.martin@company.com,(505) 844-4015,Active
EMP013786,Daniel,Miller,Daniel Miller,25,Marketing,Specialist,Los Angeles,31993.93,0.0,2020-07-06,0,60.2,daniel.miller@company.com,(435) 572-7186,Active
EMP013787,Jane,Rodriguez,Jane Rodriguez,46,HR,Analyst,Boston,66250.77,7297.58,2022-08-01,23,95.8,jane.rodriguez@company.com,(431) 311-6963,Active
EMP013788,Nicole,Wilson,Nicole Wilson,48,Sales,Specialist,New York,86544.81,11690.48,2021-10-22,25,59.3,nicole.wilson@company.com,(329) 449-7652,Inactive
EMP013789,Amanda,Gonzalez,Amanda Gonzalez,31,Legal,Senior Developer,Miami,89206.53,6198.09,2023-05-31,6,68.0,amanda.gonzalez@company.com,(466) 691-5729,Active
EMP013790,Robert,Davis,Robert Davis,41,IT,Director,Los Angeles,66643.96,5458.91,2021-12-01,12,91.7,robert.davis@company.com,(841) 677-3057,Active
EMP013791,Lisa,Martinez,Lisa Martinez,45,Finance,Manager,Seattle,92944.49,7364.16,2023-03-29,22,75.5,lisa.martinez@company.com,(858) 489-3211,Active
EMP013792,David,Gonzalez,David Gonzalez,31,Sales,Senior Developer,Los Angeles,89605.84,9228.2,2024-05-30,9,53.3,david.gonzalez@company.com,(288) 264-4697,Active
EMP013793,Lisa,Garcia,Lisa Garcia,37,HR,Director,New York,65822.77,6279.68,2024-01-08,11,73.9,lisa.garcia@company.com,(468) 798-1550,Active
EMP013794,William,Brown,William Brown,26,Engineering,Director,Chicago,82411.6,10545.33,2020-10-09,0,72.7,william.brown@company.com,(598) 442-3203,Active
EMP013795,Matthew,Lopez,Matthew Lopez,59,Operations,Coordinator,Boston,58738.4,9456.23,2024-07-10,32,73.9,matthew.lopez@company.com,(906) 297-9010,Active
EMP013796,Melissa,Thomas,Melissa Thomas,33,HR,Coordinator,Boston,44943.05,4473.86,2020-06-25,11,95.5,melissa.thomas@company.com,(657) 640-7217,Active
EMP013797,David,Jackson,David Jackson,48,Finance,Lead,Miami,45425.6,3409.77,2020-12-11,21,62.1,david.jackson@company.com,(587) 797-6419,Active
EMP013798,Robert,Jones,Robert Jones,23,Finance,Lead,Boston,47364.06,7271.54,2020-11-08,0,79.2,robert.jones@company.com,(970) 814-4768,Active
EMP013799,Christopher,Moore,Christopher Moore,54,Engineering,Coordinator,Austin,99577.69,9289.34,2021-07-23,27,75.8,christopher.moore@company.com,(791) 232-9903,Active
EMP013800,Lisa,Martin,Lisa Martin,34,HR,Associate,Austin,98840.52,18716.7,2023-01-30,8,39.8,lisa.martin@company.com,(533) 529-7281,Active
EMP013801,Sarah,Martinez,Sarah Martinez,44,Marketing,Coordinator,New York,89507.39,14757.09,2021-04-22,17,75.3,sarah.martinez@company.com,(444) 490-1921,Active
EMP013802,Christopher,Taylor,Christopher Taylor,22,HR,Director,Austin,65367.32,5863.28,2024-06-25,0,66.4,christopher.taylor@company.com,(809) 938-4379,Active
EMP013803,Amanda,Hernandez,Amanda Hernandez,58,Operations,Manager,New York,64189.74,0.0,2021-02-26,35,80.6,amanda.hernandez@company.com,(891) 396-4183,Active
EMP013804,David,Thomas,David Thomas,36,HR,Associate,Seattle,58272.32,4790.98,2023-01-19,12,74.9,david.thomas@company.com,(555) 531-8290,Active
EMP013805,Christopher,Rodriguez,Christopher Rodriguez,34,HR,Senior Developer,New York,40458.38,5279.58,2023-12-04,12,76.2,christopher.rodriguez@company.com,(580) 227-5054,Active
EMP013806,Jessica,Rodriguez,Jessica Rodriguez,32,HR,Specialist,San Francisco,61890.07,4998.22,2021-03-19,5,100.0,jessica.rodriguez@company.com,(820) 945-6871,Active
EMP013807,Lisa,Lopez,Lisa Lopez,46,Legal,Specialist,Austin,106834.15,14429.87,2021-10-08,18,47.3,lisa.lopez@company.com,(351) 634-3331,Active
EMP013808,Sarah,Johnson,Sarah Johnson,43,IT,Senior Developer,Austin,76473.06,11748.13,2022-09-13,15,37.4,sarah.johnson@company.com,(286) 483-7050,Active
EMP013809,Melissa,Wilson,Melissa Wilson,34,Marketing,Specialist,Los Angeles,69454.91,5742.59,2023-07-19,9,67.3,melissa.wilson@company.com,(516) 979-8528,Active
EMP013810,Stephanie,Taylor,Stephanie Taylor,34,Legal,Lead,Seattle,101471.28,2812.84,2024-07-30,5,69.4,stephanie.taylor@company.com,(561) 590-9088,Active
EMP013811,Stephanie,Jackson,Stephanie Jackson,22,IT,Manager,New York,86482.55,0.0,2024-08-10,0,82.8,stephanie.jackson@company.com,(473) 413-5067,Active
EMP013812,Melissa,Rodriguez,Melissa Rodriguez,30,Legal,Lead,Austin,101913.44,11140.72,2023-02-08,1,77.2,melissa.rodriguez@company.com,(301) 516-1941,Active
EMP013813,Nicole,Johnson,Nicole Johnson,37,HR,Lead,San Francisco,85148.4,18201.23,2022-07-31,14,69.4,nicole.johnson@company.com,(755) 459-5664,Active
EMP013814,William,Gonzalez,William Gonzalez,24,Sales,Lead,Austin,61377.14,7945.6,2020-10-25,0,83.2,william.gonzalez@company.com,(711) 577-7465,Active
EMP013815,Stephanie,Brown,Stephanie Brown,39,Finance,Specialist,New York,96234.94,12158.86,2024-09-03,17,75.8,stephanie.brown@company.com,(606) 852-7855,Active
EMP013816,Ashley,Hernandez,Ashley Hernandez,39,Operations,Specialist,San Francisco,70756.28,1546.82,2022-11-01,12,72.8,ashley.hernandez@company.com,(320) 573-5673,Active
EMP013817,Stephanie,Brown,Stephanie Brown,60,Engineering,Associate,Austin,106297.54,13702.66,2023-06-02,33,96.7,stephanie.brown@company.com,(649) 682-7470,Active
EMP013818,Christopher,Moore,Christopher Moore,63,Operations,Director,Boston,81812.84,10462.21,2020-12-18,34,67.7,christopher.moore@company.com,(966) 849-3520,Active
EMP013819,Michael,Davis,Michael Davis,22,Legal,Director,San Francisco,110173.28,9119.16,2021-09-05,0,42.3,michael.davis@company.com,(450) 996-7827,Active
EMP013820,Matthew,Lopez,Matthew Lopez,52,IT,Director,Seattle,76753.65,9847.2,2024-10-02,27,76.0,matthew.lopez@company.com,(981) 950-2564,Active
EMP013821,Robert,Thomas,Robert Thomas,48,Engineering,Specialist,Miami,107575.19,7740.44,2023-05-16,20,73.4,robert.thomas@company.com,(524) 750-4313,Active
EMP013822,Nicole,Williams,Nicole Williams,58,Sales,Coordinator,Boston,69817.73,9939.47,2020-12-30,29,77.8,nicole.williams@company.com,(507) 234-8032,Active
EMP013823,Anthony,Miller,Anthony Miller,63,Sales,Lead,San Francisco,90150.07,12192.34,2022-04-30,40,85.1,anthony.miller@company.com,(862) 635-6220,Active
EMP013824,James,Smith,James Smith,48,Operations,Analyst,Chicago,74024.85,7764.51,2023-02-09,25,77.6,james.smith@company.com,(733) 716-2612,Active
EMP013825,Daniel,Rodriguez,Daniel Rodriguez,32,Finance,Director,Seattle,82762.13,9723.31,2020-05-24,5,78.8,daniel.rodriguez@company.com,(407) 740-1769,Inactive
EMP013826,James,Brown,James Brown,29,HR,Specialist,Seattle,71389.45,10911.77,2024-10-22,2,80.1,james.brown@company.com,(735) 968-4582,Active
EMP013827,David,Rodriguez,David Rodriguez,44,Legal,Specialist,Chicago,98116.37,5504.37,2020-11-02,18,70.6,david.rodriguez@company.com,(655) 215-2406,Active
EMP013828,Michael,Miller,Michael Miller,33,Operations,Associate,Seattle,60375.2,5679.06,2024-10-03,8,66.2,michael.miller@company.com,(955) 718-8028,Active
EMP013829,John,Martin,John Martin,64,IT,Coordinator,Seattle,135746.74,19553.67,2024-10-24,38,80.8,john.martin@company.com,(845) 966-1739,Active
EMP013830,Robert,Rodriguez,Robert Rodriguez,39,Finance,Manager,San Francisco,53789.26,10065.22,2023-09-02,14,38.8,robert.rodriguez@company.com,(884) 405-6487,Active
EMP013831,Stephanie,Jones,Stephanie Jones,53,Operations,Analyst,Boston,66454.22,8630.88,2023-04-16,29,68.4,stephanie.jones@company.com,(364) 630-4048,Active
EMP013832,Michael,Gonzalez,Michael Gonzalez,45,Finance,Coordinator,Miami,72893.84,9859.85,2023-06-10,22,92.3,michael.gonzalez@company.com,(643) 966-4303,Active
EMP013833,Jane,Gonzalez,Jane Gonzalez,47,Legal,Associate,Los Angeles,99716.07,8886.07,2020-09-27,23,48.4,jane.gonzalez@company.com,(689) 236-3576,Inactive
EMP013834,Christopher,Johnson,Christopher Johnson,32,IT,Analyst,Miami,95072.01,10544.43,2023-02-05,9,77.7,christopher.johnson@company.com,(444) 422-9823,Active
EMP013835,James,Hernandez,James Hernandez,39,Sales,Director,Chicago,43873.63,2447.97,2021-09-16,15,80.9,james.hernandez@company.com,(481) 334-8052,Active
EMP013836,Jane,Moore,Jane Moore,23,Marketing,Coordinator,Chicago,66297.67,776.52,2023-02-19,0,71.7,jane.moore@company.com,(303) 903-4108,Active
EMP013837,Melissa,Hernandez,Melissa Hernandez,35,Engineering,Manager,Seattle,79797.48,9177.45,2023-11-23,13,80.7,melissa.hernandez@company.com,(670) 404-2449,Inactive
EMP013838,Nicole,Gonzalez,Nicole Gonzalez,39,HR,Specialist,San Francisco,65190.15,5346.26,2022-08-07,17,74.4,nicole.gonzalez@company.com,(309) 570-9820,Inactive
EMP013839,Lisa,Jones,Lisa Jones,33,IT,Manager,Los Angeles,86869.16,4080.81,2023-10-31,8,77.9,lisa.jones@company.com,(786) 224-1919,Active
EMP013840,Jessica,Thomas,Jessica Thomas,42,HR,Lead,Boston,61615.48,2419.34,2023-01-01,17,61.4,jessica.thomas@company.com,(881) 212-3802,Active
EMP013841,Jane,Williams,Jane Williams,29,Marketing,Analyst,San Francisco,77541.35,6722.48,2021-09-24,5,54.2,jane.williams@company.com,(593) 429-9950,Inactive
EMP013842,Matthew,Moore,Matthew Moore,61,Operations,Director,Miami,78517.48,13150.95,2022-06-15,39,58.2,matthew.moore@company.com,(734) 362-4773,Inactive
EMP013843,Melissa,Taylor,Melissa Taylor,39,Engineering,Associate,San Francisco,74662.79,5768.52,2020-08-12,16,64.7,melissa.taylor@company.com,(766) 327-7718,Active
EMP013844,Michael,Williams,Michael Williams,43,Sales,Associate,Boston,80220.8,5940.76,2022-09-19,18,42.9,michael.williams@company.com,(971) 504-4382,Active
EMP013845,James,Hernandez,James Hernandez,62,Sales,Specialist,San Francisco,99081.41,0.0,2022-05-08,40,81.9,james.hernandez@company.com,(423) 610-6354,Active
EMP013846,Michael,Jackson,Michael Jackson,32,Sales,Associate,Los Angeles,80137.92,13186.67,2024-11-26,8,82.8,michael.jackson@company.com,(951) 681-2690,Active
EMP013847,Ashley,Smith,Ashley Smith,36,HR,Specialist,Los Angeles,86370.72,10649.26,2020-04-26,8,68.0,ashley.smith@company.com,(585) 378-5639,Active
EMP013848,John,Garcia,John Garcia,24,IT,Senior Developer,Los Angeles,72484.62,8332.93,2020-01-03,0,70.6,john.garcia@company.com,(409) 269-5229,Inactive
EMP013849,William,Jackson,William Jackson,46,IT,Coordinator,Los Angeles,110321.81,8598.56,2022-04-22,20,96.0,william.jackson@company.com,(679) 983-1998,Active
EMP013850,David,Garcia,David Garcia,34,Operations,Associate,Austin,47183.5,8321.58,2023-08-13,10,62.5,david.garcia@company.com,(739) 434-2584,Active
EMP013851,Robert,Jackson,Robert Jackson,51,Marketing,Lead,San Francisco,78751.24,20220.59,2023-12-29,22,99.5,robert.jackson@company.com,(761) 403-1200,Active
EMP013852,Amanda,Taylor,Amanda Taylor,39,Legal,Analyst,Los Angeles,68668.45,4559.07,2020-07-10,16,71.1,amanda.taylor@company.com,(448) 395-9555,Active
EMP013853,Christopher,Miller,Christopher Miller,58,Sales,Coordinator,Los Angeles,71957.3,13242.76,2023-11-24,36,100.0,christopher.miller@company.com,(699) 421-4169,Active
EMP013854,Amanda,Williams,Amanda Williams,42,Sales,Associate,Boston,62624.0,8489.56,2021-02-07,20,72.1,amanda.williams@company.com,(465) 463-9119,On Leave
EMP013855,Nicole,Taylor,Nicole Taylor,36,Legal,Senior Developer,Los Angeles,61299.35,5579.97,2023-08-12,8,87.1,nicole.taylor@company.com,(456) 233-3448,Active
EMP013856,Nicole,Hernandez,Nicole Hernandez,50,Legal,Director,Chicago,104898.78,11729.18,2024-02-04,22,94.4,nicole.hernandez@company.com,(866) 500-5744,Active
EMP013857,Jessica,Thomas,Jessica Thomas,33,Operations,Coordinator,San Francisco,37864.25,6742.2,2022-06-24,5,78.5,jessica.thomas@company.com,(633) 683-8433,Active
EMP013858,William,Martinez,William Martinez,36,Sales,Analyst,Miami,78238.46,13713.77,2023-01-01,8,61.6,william.martinez@company.com,(745) 838-6512,Active
EMP013859,Jane,Rodriguez,Jane Rodriguez,44,Legal,Lead,Seattle,56185.14,7742.49,2020-08-27,20,83.5,jane.rodriguez@company.com,(886) 333-6074,Active
EMP013860,Robert,Rodriguez,Robert Rodriguez,42,Finance,Analyst,Boston,108768.23,13808.17,2020-06-22,19,58.8,robert.rodriguez@company.com,(294) 801-6672,Active
EMP013861,Melissa,Taylor,Melissa Taylor,30,Engineering,Senior Developer,Austin,102081.38,10706.49,2023-06-28,4,76.4,melissa.taylor@company.com,(243) 619-9694,Active
EMP013862,John,Anderson,John Anderson,41,Operations,Specialist,Seattle,67656.5,6475.24,2024-04-03,18,70.2,john.anderson@company.com,(467) 332-2033,Active
EMP013863,Robert,Martinez,Robert Martinez,52,Operations,Specialist,Austin,77444.5,8572.42,2021-12-10,28,64.8,robert.martinez@company.com,(361) 514-7556,Active
EMP013864,James,Hernandez,James Hernandez,56,IT,Manager,San Francisco,114549.49,5797.19,2024-10-02,28,73.2,james.hernandez@company.com,(397) 683-8510,Active
EMP013865,Lisa,Martinez,Lisa Martinez,62,IT,Senior Developer,Los Angeles,115093.93,12856.15,2023-07-04,35,80.0,lisa.martinez@company.com,(995) 549-1752,Active
EMP013866,David,Rodriguez,David Rodriguez,40,Finance,Associate,Boston,122111.12,13753.42,2020-10-20,17,85.5,david.rodriguez@company.com,(720) 430-8822,Active
EMP013867,John,Gonzalez,John Gonzalez,37,Finance,Senior Developer,Boston,67544.52,8225.81,2024-03-30,8,92.5,john.gonzalez@company.com,(341) 353-6840,Active
EMP013868,William,Jackson,William Jackson,27,Legal,Associate,New York,84822.29,9996.66,2021-05-06,0,95.0,william.jackson@company.com,(943) 513-7608,On Leave
EMP013869,Robert,Martin,Robert Martin,50,Sales,Manager,Chicago,99343.79,13805.28,2023-04-17,27,50.8,robert.martin@company.com,(228) 577-9487,Active
EMP013870,Michael,Thomas,Michael Thomas,58,HR,Specialist,San Francisco,75736.7,5396.48,2024-04-22,32,99.0,michael.thomas@company.com,(411) 610-6356,Active
EMP013871,Jane,Davis,Jane Davis,50,Operations,Specialist,New York,81293.76,8269.49,2023-12-01,21,83.8,jane.davis@company.com,(781) 941-7284,Active
EMP013872,Emily,Jackson,Emily Jackson,65,Operations,Associate,Chicago,78591.57,8929.46,2022-05-01,42,72.1,emily.jackson@company.com,(550) 558-9516,Active
EMP013873,Daniel,Miller,Daniel Miller,56,Legal,Specialist,Boston,98262.26,4450.52,2022-07-18,33,92.9,daniel.miller@company.com,(634) 868-1401,Active
EMP013874,Nicole,Davis,Nicole Davis,49,Engineering,Coordinator,Seattle,93655.74,14216.75,2022-03-19,24,94.2,nicole.davis@company.com,(950) 644-6720,Active
EMP013875,Michael,Williams,Michael Williams,49,Sales,Analyst,Chicago,71761.51,11853.09,2023-01-07,22,77.6,michael.williams@company.com,(579) 435-3278,Active
EMP013876,Sarah,Jones,Sarah Jones,53,Sales,Senior Developer,Austin,122666.09,14501.02,2024-10-02,28,65.6,sarah.jones@company.com,(563) 416-7188,Active
EMP013877,Nicole,Moore,Nicole Moore,46,Engineering,Coordinator,Seattle,85061.84,23397.91,2020-05-20,22,47.8,nicole.moore@company.com,(340) 295-1156,Active
EMP013878,William,Williams,William Williams,37,IT,Manager,Miami,73632.08,7214.08,2022-10-21,10,51.2,william.williams@company.com,(918) 877-6179,Active
EMP013879,Amanda,Smith,Amanda Smith,31,Legal,Coordinator,New York,106355.52,2824.71,2023-05-21,4,91.8,amanda.smith@company.com,(697) 422-9050,Active
EMP013880,Michael,Garcia,Michael Garcia,22,HR,Manager,San Francisco,41819.54,4655.32,2024-10-10,0,84.1,michael.garcia@company.com,(848) 208-4789,Active
EMP013881,Lisa,Gonzalez,Lisa Gonzalez,59,HR,Senior Developer,Los Angeles,88906.3,3985.86,2020-03-04,30,88.8,lisa.gonzalez@company.com,(484) 853-4715,Active
EMP013882,William,Williams,William Williams,27,IT,Lead,Los Angeles,90644.35,8663.1,2021-11-09,0,81.3,william.williams@company.com,(887) 566-4470,Inactive
EMP013883,Jessica,Miller,Jessica Miller,40,Marketing,Lead,Austin,51003.89,7697.43,2020-07-24,16,60.4,jessica.miller@company.com,(763) 525-8041,Active
EMP013884,Christopher,Thomas,Christopher Thomas,56,Engineering,Senior Developer,Boston,135045.39,11055.21,2023-05-23,31,96.5,christopher.thomas@company.com,(340) 407-5600,Active
EMP013885,Christopher,Miller,Christopher Miller,25,Marketing,Coordinator,Austin,81518.57,12095.89,2020-02-12,0,70.5,christopher.miller@company.com,(807) 897-7779,Active
EMP013886,David,Taylor,David Taylor,25,Engineering,Director,Boston,40452.45,6398.66,2020-08-26,0,94.1,david.taylor@company.com,(593) 812-8278,Inactive
EMP013887,James,Jackson,James Jackson,42,HR,Director,Austin,45845.59,2471.59,2023-02-13,15,55.9,james.jackson@company.com,(283) 604-9415,Active
EMP013888,Jessica,Hernandez,Jessica Hernandez,61,Operations,Manager,Miami,63756.08,9255.6,2021-03-15,39,71.4,jessica.hernandez@company.com,(284) 245-8820,Active
EMP013889,Amanda,Jones,Amanda Jones,41,Engineering,Director,Austin,116455.05,6915.41,2021-07-25,14,56.0,amanda.jones@company.com,(297) 687-4431,On Leave
EMP013890,Melissa,Moore,Melissa Moore,43,Marketing,Analyst,New York,50570.64,7150.73,2022-10-03,19,81.3,melissa.moore@company.com,(757) 954-1200,Active
EMP013891,Stephanie,Moore,Stephanie Moore,55,HR,Lead,Austin,108125.09,6725.99,2024-01-26,26,54.2,stephanie.moore@company.com,(712) 656-7036,Active
EMP013892,Melissa,Jones,Melissa Jones,56,HR,Senior Developer,Boston,63385.13,6638.36,2023-11-27,34,82.4,melissa.jones@company.com,(859) 543-7318,Active
EMP013893,Ashley,Gonzalez,Ashley Gonzalez,25,IT,Associate,Seattle,69986.35,9916.62,2020-02-12,0,81.5,ashley.gonzalez@company.com,(292) 974-8835,Inactive
EMP013894,John,Gonzalez,John Gonzalez,62,HR,Director,New York,84123.53,8285.04,2022-03-07,39,76.8,john.gonzalez@company.com,(229) 498-8031,On Leave
EMP013895,Sarah,Smith,Sarah Smith,23,Marketing,Lead,San Francisco,55907.31,1780.59,2024-02-07,0,73.9,sarah.smith@company.com,(516) 733-5785,Active
EMP013896,Melissa,Martin,Melissa Martin,36,Operations,Manager,Seattle,70707.73,2362.63,2021-10-13,12,78.1,melissa.martin@company.com,(298) 386-4494,Active
EMP013897,Jessica,Hernandez,Jessica Hernandez,51,Marketing,Senior Developer,Boston,80614.91,4543.94,2020-06-13,24,65.1,jessica.hernandez@company.com,(994) 989-5864,Active
EMP013898,James,Hernandez,James Hernandez,52,Engineering,Director,Austin,110207.38,9747.28,2023-04-22,27,83.2,james.hernandez@company.com,(717) 575-9487,Active
EMP013899,Ashley,Taylor,Ashley Taylor,58,Operations,Specialist,Los Angeles,67207.28,8111.68,2020-01-30,36,98.7,ashley.taylor@company.com,(213) 271-5799,Inactive
EMP013900,Nicole,Hernandez,Nicole Hernandez,55,Legal,Coordinator,San Francisco,93857.24,3303.39,2022-06-20,27,72.8,nicole.hernandez@company.com,(213) 850-2313,Inactive
EMP013901,Sarah,Miller,Sarah Miller,60,Sales,Manager,Austin,67264.29,5738.0,2023-01-06,31,83.1,sarah.miller@company.com,(936) 963-3136,Active
EMP013902,Daniel,Jones,Daniel Jones,58,Marketing,Director,Austin,92027.35,4724.84,2023-11-28,35,62.4,daniel.jones@company.com,(320) 954-5003,Active
EMP013903,Daniel,Miller,Daniel Miller,59,Marketing,Associate,Seattle,83177.42,10599.72,2024-05-17,30,99.4,daniel.miller@company.com,(800) 938-7458,Active
EMP013904,James,Thomas,James Thomas,30,Operations,Manager,Austin,83696.81,3520.38,2021-09-16,7,52.3,james.thomas@company.com,(713) 246-1878,Active
EMP013905,Ashley,Gonzalez,Ashley Gonzalez,51,Legal,Senior Developer,New York,93803.84,11193.91,2020-01-11,25,59.8,ashley.gonzalez@company.com,(783) 248-2990,Active
EMP013906,Jane,Martin,Jane Martin,25,HR,Senior Developer,Boston,73077.6,5002.16,2023-01-22,1,50.1,jane.martin@company.com,(545) 381-9017,Active
EMP013907,Amanda,Johnson,Amanda Johnson,41,Finance,Senior Developer,Austin,83168.0,4435.11,2021-09-20,17,64.9,amanda.johnson@company.com,(773) 726-5281,Active
EMP013908,Emily,Thomas,Emily Thomas,42,IT,Manager,New York,70955.61,4529.79,2024-10-27,18,72.8,emily.thomas@company.com,(374) 344-1604,Active
EMP013909,Christopher,Lopez,Christopher Lopez,24,HR,Lead,Austin,44176.12,3531.03,2020-12-23,0,100.0,christopher.lopez@company.com,(519) 333-6921,Inactive
EMP013910,Stephanie,Garcia,Stephanie Garcia,37,Finance,Lead,Chicago,83777.68,6766.21,2023-02-23,12,74.9,stephanie.garcia@company.com,(669) 841-6067,Active
EMP013911,Daniel,Lopez,Daniel Lopez,25,Operations,Associate,Los Angeles,44758.01,4326.16,2023-08-13,0,76.2,daniel.lopez@company.com,(745) 305-5926,Active
EMP013912,Michael,Anderson,Michael Anderson,61,Engineering,Coordinator,Seattle,93274.3,0.0,2021-09-07,34,75.8,michael.anderson@company.com,(419) 887-7005,Active
EMP013913,Sarah,Williams,Sarah Williams,31,Operations,Senior Developer,Miami,62458.82,0.0,2024-03-03,8,74.4,sarah.williams@company.com,(625) 333-8840,Active
EMP013914,Emily,Smith,Emily Smith,57,Finance,Coordinator,Chicago,99896.25,5885.76,2023-01-19,31,84.1,emily.smith@company.com,(483) 572-3425,Active
EMP013915,Ashley,Jackson,Ashley Jackson,58,Legal,Lead,Los Angeles,111768.27,13330.9,2023-08-13,33,47.2,ashley.jackson@company.com,(337) 629-4305,Active
EMP013916,Christopher,Williams,Christopher Williams,24,Legal,Senior Developer,New York,69322.58,7598.55,2023-12-08,0,97.8,christopher.williams@company.com,(438) 533-5403,Inactive
EMP013917,Stephanie,Jones,Stephanie Jones,62,Legal,Senior Developer,Austin,74021.79,9995.11,2020-08-02,35,67.6,stephanie.jones@company.com,(467) 974-9944,Active
EMP013918,Jessica,Rodriguez,Jessica Rodriguez,53,Engineering,Coordinator,San Francisco,112296.57,7391.7,2024-09-01,31,74.7,jessica.rodriguez@company.com,(582) 975-3747,Active
EMP013919,Anthony,Lopez,Anthony Lopez,64,Finance,Coordinator,Boston,81295.91,7310.38,2023-10-10,42,89.7,anthony.lopez@company.com,(888) 252-8655,Active
EMP013920,Nicole,Taylor,Nicole Taylor,47,HR,Associate,Miami,75508.32,7564.42,2021-03-09,18,80.7,nicole.taylor@company.com,(209) 773-6199,Active
EMP013921,Sarah,Johnson,Sarah Johnson,64,Legal,Specialist,New York,111684.34,7392.63,2024-11-28,37,54.9,sarah.johnson@company.com,(393) 325-5491,Active
EMP013922,Ashley,Jackson,Ashley Jackson,55,Finance,Coordinator,Boston,101971.53,6268.71,2020-03-16,32,56.2,ashley.jackson@company.com,(289) 672-2210,Active
EMP013923,Daniel,Martin,Daniel Martin,50,HR,Lead,Boston,56876.8,5459.26,2020-07-30,26,40.2,daniel.martin@company.com,(916) 367-1724,Active
EMP013924,Daniel,Wilson,Daniel Wilson,60,HR,Lead,Los Angeles,66788.32,5734.94,2023-10-15,36,35.5,daniel.wilson@company.com,(234) 450-8306,Active
EMP013925,Stephanie,Miller,Stephanie Miller,38,Finance,Director,Miami,68839.08,6284.42,2022-09-21,15,67.8,stephanie.miller@company.com,(870) 679-5588,Active
EMP013926,Amanda,Smith,Amanda Smith,46,IT,Manager,Los Angeles,69556.54,1338.52,2022-05-21,18,89.9,amanda.smith@company.com,(615) 585-9518,Active
EMP013927,Anthony,Moore,Anthony Moore,32,Engineering,Coordinator,Seattle,81529.44,11766.63,2020-08-10,3,56.5,anthony.moore@company.com,(567) 558-4517,Active
EMP013928,William,Smith,William Smith,36,Engineering,Associate,Miami,126609.85,20023.21,2023-09-12,7,44.4,william.smith@company.com,(860) 569-4478,Active
EMP013929,Robert,Wilson,Robert Wilson,61,HR,Senior Developer,Seattle,76842.17,5132.57,2020-10-23,34,80.8,robert.wilson@company.com,(246) 777-8743,Active
EMP013930,William,Williams,William Williams,29,Marketing,Specialist,Boston,67945.51,1865.94,2020-08-15,3,67.3,william.williams@company.com,(555) 292-6753,Inactive
EMP013931,Matthew,Williams,Matthew Williams,35,Sales,Analyst,Seattle,55849.64,6682.76,2024-09-08,9,73.1,matthew.williams@company.com,(508) 433-9793,Active
EMP013932,Ashley,Martinez,Ashley Martinez,45,Operations,Associate,Los Angeles,58210.39,6539.18,2021-02-20,22,84.8,ashley.martinez@company.com,(421) 261-4704,Active
EMP013933,Emily,Garcia,Emily Garcia,36,Sales,Manager,Chicago,60432.22,1398.5,2021-05-15,9,91.3,emily.garcia@company.com,(360) 383-4271,On Leave
EMP013934,Melissa,Williams,Melissa Williams,22,Finance,Lead,Chicago,50281.63,5332.31,2024-05-16,0,50.8,melissa.williams@company.com,(656) 497-9453,Active
EMP013935,Michael,Gonzalez,Michael Gonzalez,25,HR,Manager,New York,44702.82,8140.05,2020-10-25,0,68.7,michael.gonzalez@company.com,(882) 672-4587,Active
EMP013936,James,Lopez,James Lopez,48,Operations,Senior Developer,Seattle,71803.94,9389.9,2020-09-29,25,63.1,james.lopez@company.com,(875) 273-1759,Active
EMP013937,Sarah,Wilson,Sarah Wilson,50,Legal,Specialist,Los Angeles,131871.83,5456.04,2021-05-20,25,73.4,sarah.wilson@company.com,(685) 443-2191,Active
EMP013938,Ashley,Martin,Ashley Martin,31,Finance,Associate,Boston,45952.85,3538.37,2023-02-20,2,65.9,ashley.martin@company.com,(787) 905-9644,Active
EMP013939,Nicole,Martinez,Nicole Martinez,42,Legal,Specialist,Boston,98067.36,9661.93,2021-05-24,15,69.1,nicole.martinez@company.com,(813) 357-3018,Active
EMP013940,Stephanie,Smith,Stephanie Smith,45,Finance,Analyst,Austin,96475.11,7791.52,2021-09-27,19,77.3,stephanie.smith@company.com,(911) 538-9737,On Leave
EMP013941,Christopher,Taylor,Christopher Taylor,36,Finance,Coordinator,New York,90890.01,14966.11,2021-07-29,7,63.5,christopher.taylor@company.com,(877) 448-6817,Active
EMP013942,Michael,Hernandez,Michael Hernandez,48,Engineering,Senior Developer,San Francisco,83308.34,6614.33,2024-06-19,20,88.6,michael.hernandez@company.com,(923) 405-3697,Inactive
EMP013943,Melissa,Martin,Melissa Martin,45,Marketing,Coordinator,Chicago,82051.33,8440.66,2020-06-16,21,89.0,melissa.martin@company.com,(381) 561-2411,Active
EMP013944,Matthew,Miller,Matthew Miller,61,HR,Lead,Boston,44569.22,7724.75,2023-01-04,39,87.2,matthew.miller@company.com,(987) 474-4004,Inactive
EMP013945,Ashley,Moore,Ashley Moore,63,Legal,Coordinator,San Francisco,90017.19,10593.33,2024-07-02,39,60.5,ashley.moore@company.com,(871) 301-8016,Active
EMP013946,Sarah,Thomas,Sarah Thomas,63,Sales,Director,Seattle,88439.43,13272.45,2023-03-04,34,72.9,sarah.thomas@company.com,(682) 242-6128,Active
EMP013947,Nicole,Smith,Nicole Smith,28,Operations,Director,Los Angeles,56631.63,9972.66,2024-11-29,0,53.3,nicole.smith@company.com,(597) 356-7892,Active
EMP013948,James,Jackson,James Jackson,62,Marketing,Senior Developer,Austin,68458.96,0.0,2021-05-09,38,68.0,james.jackson@company.com,(647) 543-1774,Active
EMP013949,Matthew,Martinez,Matthew Martinez,62,Operations,Coordinator,Miami,98837.41,3127.4,2021-10-27,34,60.3,matthew.martinez@company.com,(354) 346-6728,Active
EMP013950,Nicole,Johnson,Nicole Johnson,37,Legal,Analyst,Miami,58675.48,3933.52,2021-09-26,10,63.1,nicole.johnson@company.com,(645) 886-9351,Active
EMP013951,Ashley,Williams,Ashley Williams,27,Finance,Specialist,Miami,105401.76,10774.19,2022-06-20,1,71.1,ashley.williams@company.com,(390) 610-1591,On Leave
EMP013952,Nicole,Jones,Nicole Jones,61,Marketing,Senior Developer,New York,79015.32,10695.63,2021-01-21,36,75.2,nicole.jones@company.com,(652) 259-3652,Active
EMP013953,Lisa,Thomas,Lisa Thomas,55,Legal,Associate,Boston,118749.1,8033.06,2020-08-21,33,96.5,lisa.thomas@company.com,(262) 378-7996,Active
EMP013954,David,Johnson,David Johnson,25,Finance,Analyst,Chicago,74872.31,7240.65,2023-01-14,0,64.5,david.johnson@company.com,(849) 710-1324,Active
EMP013955,Robert,Brown,Robert Brown,23,Legal,Senior Developer,Miami,79798.65,4995.72,2023-03-17,1,60.9,robert.brown@company.com,(813) 498-2405,Active
EMP013956,James,Gonzalez,James Gonzalez,41,Engineering,Lead,Los Angeles,78669.65,2767.63,2021-12-14,15,77.0,james.gonzalez@company.com,(409) 647-4009,Active
EMP013957,Matthew,Taylor,Matthew Taylor,54,Legal,Coordinator,New York,106080.05,16375.27,2024-04-03,31,69.0,matthew.taylor@company.com,(624) 294-8976,Active
EMP013958,Daniel,Jackson,Daniel Jackson,32,Sales,Director,Miami,81570.22,13426.93,2021-09-22,8,71.2,daniel.jackson@company.com,(877) 697-7345,Active
EMP013959,Jessica,Jackson,Jessica Jackson,42,Operations,Director,Seattle,48254.12,6097.99,2024-10-03,19,75.9,jessica.jackson@company.com,(900) 942-5503,Active
EMP013960,Sarah,Gonzalez,Sarah Gonzalez,50,Finance,Specialist,Austin,45109.43,4130.87,2023-10-18,22,74.0,sarah.gonzalez@company.com,(708) 853-7414,Active
EMP013961,Nicole,Moore,Nicole Moore,23,Legal,Specialist,San Francisco,65662.65,5659.23,2020-08-30,0,90.1,nicole.moore@company.com,(771) 876-7467,Active
EMP013962,Stephanie,Gonzalez,Stephanie Gonzalez,55,Sales,Associate,Los Angeles,110451.42,15977.05,2021-08-04,30,100.0,stephanie.gonzalez@company.com,(403) 233-1382,Inactive
EMP013963,Amanda,Rodriguez,Amanda Rodriguez,64,Marketing,Director,Austin,121178.83,12438.81,2021-02-17,35,86.6,amanda.rodriguez@company.com,(585) 650-6776,Active
EMP013964,Lisa,Thomas,Lisa Thomas,52,Sales,Director,Boston,76408.16,1.31,2022-04-15,29,66.9,lisa.thomas@company.com,(951) 852-3846,Active
EMP013965,Anthony,Johnson,Anthony Johnson,62,Legal,Director,Miami,111697.56,11086.02,2020-01-13,38,78.7,anthony.johnson@company.com,(559) 388-3677,Active
EMP013966,Nicole,Jackson,Nicole Jackson,47,Finance,Lead,Chicago,49402.04,2747.06,2022-08-02,20,66.6,nicole.jackson@company.com,(780) 546-7306,Active
EMP013967,James,Rodriguez,James Rodriguez,29,IT,Specialist,Los Angeles,70659.11,7114.28,2020-01-19,6,67.4,james.rodriguez@company.com,(460) 518-4183,Active
EMP013968,Melissa,Martin,Melissa Martin,65,Marketing,Coordinator,Seattle,82167.77,7172.2,2022-07-20,40,64.7,melissa.martin@company.com,(480) 797-5313,Active
EMP013969,John,Jones,John Jones,45,IT,Specialist,San Francisco,113773.25,15070.33,2021-06-19,17,78.9,john.jones@company.com,(894) 886-9663,Active
EMP013970,Michael,Martin,Michael Martin,59,Engineering,Associate,Austin,126068.05,20716.84,2024-01-08,37,75.8,michael.martin@company.com,(562) 463-3056,Inactive
EMP013971,Melissa,Rodriguez,Melissa Rodriguez,52,Legal,Manager,New York,100666.95,6602.63,2023-09-29,26,52.7,melissa.rodriguez@company.com,(487) 841-7846,Active
EMP013972,William,Davis,William Davis,63,Marketing,Lead,Miami,83899.5,11745.53,2023-07-30,36,55.2,william.davis@company.com,(874) 682-4072,Active
EMP013973,Emily,Anderson,Emily Anderson,54,Marketing,Director,Austin,100292.99,14324.17,2022-03-17,32,54.3,emily.anderson@company.com,(306) 527-7956,Active
EMP013974,Jessica,Martin,Jessica Martin,57,Legal,Associate,Miami,92138.73,0.0,2020-07-27,30,44.6,jessica.martin@company.com,(548) 988-1656,Inactive
EMP013975,Lisa,Brown,Lisa Brown,45,Marketing,Associate,Boston,82426.83,0.0,2020-06-26,22,44.0,lisa.brown@company.com,(366) 741-3069,Active
EMP013976,James,Lopez,James Lopez,53,Sales,Senior Developer,Chicago,115072.39,7711.98,2023-12-31,31,63.5,james.lopez@company.com,(606) 803-1979,On Leave
EMP013977,Stephanie,Anderson,Stephanie Anderson,37,HR,Senior Developer,Miami,69562.04,9445.68,2023-06-01,14,77.6,stephanie.anderson@company.com,(653) 576-5617,Active
EMP013978,Christopher,Martin,Christopher Martin,22,Legal,Lead,Miami,82491.26,18351.26,2020-02-26,0,40.8,christopher.martin@company.com,(813) 446-3670,Active
EMP013979,David,Johnson,David Johnson,60,Legal,Analyst,San Francisco,111720.31,15285.67,2021-12-08,32,90.4,david.johnson@company.com,(443) 487-6690,Active
EMP013980,Anthony,Rodriguez,Anthony Rodriguez,55,Legal,Director,Miami,111367.38,1050.66,2022-05-25,28,80.0,anthony.rodriguez@company.com,(207) 722-3951,Active
EMP013981,James,Gonzalez,James Gonzalez,45,Engineering,Associate,New York,77476.74,10334.63,2023-10-08,23,83.8,james.gonzalez@company.com,(362) 200-2092,Active
EMP013982,Christopher,Gonzalez,Christopher Gonzalez,30,HR,Senior Developer,Miami,70774.82,9567.86,2024-03-19,1,66.3,christopher.gonzalez@company.com,(888) 584-7134,Active
EMP013983,Ashley,Brown,Ashley Brown,41,IT,Associate,San Francisco,94666.76,10373.4,2024-12-12,14,43.6,ashley.brown@company.com,(714) 504-2434,Active
EMP013984,Robert,Thomas,Robert Thomas,24,Engineering,Specialist,San Francisco,93172.48,10622.2,2020-05-04,0,94.9,robert.thomas@company.com,(262) 490-9188,Inactive
EMP013985,William,Moore,William Moore,57,Marketing,Manager,Chicago,91688.87,6238.24,2020-11-25,34,70.5,william.moore@company.com,(658) 548-3385,Active
EMP013986,Melissa,Taylor,Melissa Taylor,36,Engineering,Senior Developer,San Francisco,94262.55,14731.92,2023-03-06,11,53.7,melissa.taylor@company.com,(675) 713-7493,Inactive
EMP013987,Matthew,Taylor,Matthew Taylor,65,Legal,Senior Developer,Chicago,144955.91,31314.76,2020-09-18,43,87.6,matthew.taylor@company.com,(230) 578-8924,Inactive
EMP013988,Daniel,Jackson,Daniel Jackson,35,Engineering,Coordinator,New York,76893.94,11107.17,2023-03-31,13,74.3,daniel.jackson@company.com,(630) 326-9786,Active
EMP013989,Anthony,Davis,Anthony Davis,60,Legal,Specialist,New York,92620.49,14082.83,2022-05-13,33,55.6,anthony.davis@company.com,(545) 871-4655,Active
EMP013990,Jessica,Wilson,Jessica Wilson,61,Finance,Specialist,Miami,75982.67,11761.97,2023-01-09,39,63.7,jessica.wilson@company.com,(833) 280-8359,On Leave
EMP013991,Stephanie,Thomas,Stephanie Thomas,50,Operations,Director,Boston,52801.5,6754.88,2024-12-21,26,54.7,stephanie.thomas@company.com,(739) 420-5966,Active
EMP013992,Lisa,Moore,Lisa Moore,40,HR,Manager,New York,54102.55,10957.49,2021-10-06,13,94.1,lisa.moore@company.com,(889) 621-5868,Active
EMP013993,Emily,Martin,Emily Martin,30,Legal,Lead,Chicago,102678.85,19469.94,2022-07-21,6,74.8,emily.martin@company.com,(931) 920-1821,Active
EMP013994,Lisa,Garcia,Lisa Garcia,47,Legal,Senior Developer,Los Angeles,89631.81,10376.26,2022-03-08,22,77.9,lisa.garcia@company.com,(961) 526-5940,Inactive
EMP013995,Jessica,Rodriguez,Jessica Rodriguez,28,Operations,Director,New York,45963.56,5161.64,2022-12-06,1,83.2,jessica.rodriguez@company.com,(460) 391-6596,Active
EMP013996,Anthony,Wilson,Anthony Wilson,65,Operations,Associate,Chicago,72426.98,8902.78,2020-02-02,43,43.6,anthony.wilson@company.com,(676) 745-2832,Active
EMP013997,Emily,Moore,Emily Moore,29,Legal,Coordinator,Miami,90789.09,10327.53,2022-07-11,4,100.0,emily.moore@company.com,(624) 810-4044,Active
EMP013998,William,Wilson,William Wilson,60,IT,Specialist,New York,72213.51,3180.98,2021-11-16,34,80.6,william.wilson@company.com,(240) 830-7852,Active
EMP013999,Christopher,Wilson,Christopher Wilson,62,HR,Associate,Los Angeles,66361.38,6686.84,2021-12-08,33,92.3,christopher.wilson@company.com,(300) 769-8138,Inactive
EMP014000,Robert,Taylor,Robert Taylor,34,Sales,Director,Miami,70985.7,6392.63,2023-08-16,8,71.9,robert.taylor@company.com,(215) 324-4476,Active
EMP014001,Jane,Davis,Jane Davis,30,Legal,Specialist,Seattle,90739.92,7705.18,2021-02-20,5,74.1,jane.davis@company.com,(686) 629-8045,Active
EMP014002,Lisa,Taylor,Lisa Taylor,60,IT,Analyst,Miami,88590.67,733.42,2020-12-09,33,55.0,lisa.taylor@company.com,(836) 614-6168,Active
EMP014003,William,Taylor,William Taylor,42,Operations,Associate,Los Angeles,56019.75,3860.35,2022-02-25,15,49.5,william.taylor@company.com,(349) 505-2450,Active
EMP014004,Robert,Martinez,Robert Martinez,36,Engineering,Coordinator,Seattle,68917.09,3393.99,2021-06-27,11,50.7,robert.martinez@company.com,(504) 557-5284,Active
EMP014005,Michael,Martinez,Michael Martinez,29,Engineering,Associate,Austin,89654.14,18731.43,2024-08-02,4,74.6,michael.martinez@company.com,(751) 489-4160,Inactive
EMP014006,Daniel,Jones,Daniel Jones,59,Marketing,Senior Developer,San Francisco,63444.86,3968.11,2022-04-05,32,60.6,daniel.jones@company.com,(458) 797-5089,Active
EMP014007,John,Garcia,John Garcia,23,Finance,Specialist,San Francisco,46196.09,161.84,2022-08-06,0,72.6,john.garcia@company.com,(638) 422-5908,Active
EMP014008,Jane,Moore,Jane Moore,28,Marketing,Analyst,Los Angeles,60487.07,1207.33,2024-05-06,0,92.1,jane.moore@company.com,(990) 748-1584,Active
EMP014009,Lisa,Jones,Lisa Jones,56,Engineering,Analyst,Los Angeles,132655.67,19170.21,2021-10-23,27,100.0,lisa.jones@company.com,(897) 823-3051,Active
EMP014010,Nicole,Brown,Nicole Brown,57,Engineering,Specialist,New York,93775.54,11453.37,2021-04-30,28,54.2,nicole.brown@company.com,(880) 419-3641,Active
EMP014011,Melissa,Hernandez,Melissa Hernandez,64,HR,Associate,San Francisco,92432.48,23539.35,2022-12-09,37,84.9,melissa.hernandez@company.com,(797) 540-8578,Active
EMP014012,Amanda,Martinez,Amanda Martinez,47,Sales,Coordinator,Austin,68550.22,12703.76,2022-04-26,20,90.4,amanda.martinez@company.com,(363) 764-1017,Active
EMP014013,Matthew,Williams,Matthew Williams,33,Sales,Analyst,Seattle,80797.9,10584.23,2021-11-11,11,84.2,matthew.williams@company.com,(319) 575-4389,Inactive
EMP014014,David,Rodriguez,David Rodriguez,34,Finance,Specialist,Chicago,65022.53,3693.23,2022-06-16,7,100.0,david.rodriguez@company.com,(968) 878-3155,Active
EMP014015,Lisa,Jones,Lisa Jones,65,IT,Manager,Miami,103391.78,9517.48,2020-07-01,38,75.2,lisa.jones@company.com,(205) 730-6042,Active
EMP014016,Matthew,Garcia,Matthew Garcia,50,Engineering,Manager,Austin,104001.94,5376.95,2021-08-03,24,62.5,matthew.garcia@company.com,(422) 551-3423,Active
EMP014017,Robert,Lopez,Robert Lopez,31,IT,Director,Boston,95647.95,9502.53,2024-12-23,9,55.7,robert.lopez@company.com,(607) 676-6567,Active
EMP014018,David,Miller,David Miller,60,Legal,Coordinator,Austin,121390.32,13601.46,2022-04-05,31,78.3,david.miller@company.com,(957) 587-2888,Active
EMP014019,Jane,Williams,Jane Williams,47,Legal,Coordinator,Chicago,111350.08,15111.35,2024-11-11,23,73.3,jane.williams@company.com,(290) 380-7927,Inactive
EMP014020,James,Williams,James Williams,49,HR,Manager,Boston,58003.08,4799.83,2021-07-29,23,65.4,james.williams@company.com,(892) 976-8897,Active
EMP014021,Ashley,Johnson,Ashley Johnson,25,HR,Senior Developer,New York,59514.47,13369.44,2020-06-23,0,72.9,ashley.johnson@company.com,(897) 281-4276,Active
EMP014022,Ashley,Brown,Ashley Brown,30,Sales,Specialist,Seattle,58211.52,6661.75,2024-06-10,1,77.5,ashley.brown@company.com,(821) 383-2935,Active
EMP014023,James,Hernandez,James Hernandez,25,Finance,Manager,Chicago,61315.73,9057.83,2023-08-15,2,100.0,james.hernandez@company.com,(548) 969-2184,Active
EMP014024,Sarah,Wilson,Sarah Wilson,30,Finance,Associate,San Francisco,75001.99,7356.85,2020-12-03,8,61.3,sarah.wilson@company.com,(240) 640-4545,Inactive
EMP014025,Amanda,Gonzalez,Amanda Gonzalez,63,Sales,Senior Developer,Los Angeles,63146.65,3627.59,2020-09-02,37,58.8,amanda.gonzalez@company.com,(861) 743-2388,Active
EMP014026,Ashley,Jones,Ashley Jones,50,Sales,Senior Developer,New York,94560.62,8410.1,2022-01-09,21,81.6,ashley.jones@company.com,(926) 969-8097,Active
EMP014027,William,Johnson,William Johnson,45,Marketing,Specialist,San Francisco,78750.66,8057.34,2022-02-08,20,84.5,william.johnson@company.com,(692) 916-7278,Active
EMP014028,Christopher,Brown,Christopher Brown,26,Sales,Manager,Boston,64360.71,6020.15,2021-07-03,4,59.7,christopher.brown@company.com,(202) 712-1084,Active
EMP014029,Robert,Anderson,Robert Anderson,55,Operations,Specialist,Seattle,78657.2,5618.35,2023-12-06,32,71.4,robert.anderson@company.com,(391) 435-4059,Active
EMP014030,Sarah,Rodriguez,Sarah Rodriguez,40,HR,Specialist,Chicago,75260.29,8009.79,2021-03-14,12,54.0,sarah.rodriguez@company.com,(216) 689-4314,Inactive
EMP014031,David,Moore,David Moore,49,Finance,Specialist,San Francisco,56129.27,6574.31,2024-03-29,26,49.9,david.moore@company.com,(266) 555-4238,Active
EMP014032,Melissa,Moore,Melissa Moore,60,HR,Manager,New York,62172.49,9028.16,2021-03-31,35,79.1,melissa.moore@company.com,(303) 583-8778,Active
EMP014033,Michael,Smith,Michael Smith,28,HR,Senior Developer,Los Angeles,40089.15,5132.33,2023-12-07,2,73.8,michael.smith@company.com,(774) 379-5416,Active
EMP014034,Jessica,Gonzalez,Jessica Gonzalez,57,IT,Specialist,San Francisco,117654.6,22765.79,2023-08-10,34,96.3,jessica.gonzalez@company.com,(322) 395-1371,Inactive
EMP014035,Amanda,Wilson,Amanda Wilson,29,Sales,Lead,San Francisco,65253.28,5261.32,2023-11-15,7,79.4,amanda.wilson@company.com,(341) 986-4854,Active
EMP014036,William,Gonzalez,William Gonzalez,32,Engineering,Coordinator,San Francisco,126343.91,27473.12,2024-12-07,9,96.7,william.gonzalez@company.com,(875) 709-5269,Active
EMP014037,William,Brown,William Brown,40,Legal,Senior Developer,Los Angeles,82126.94,16563.77,2024-04-13,18,94.4,william.brown@company.com,(293) 623-6994,Active
EMP014038,John,Anderson,John Anderson,54,Legal,Senior Developer,Los Angeles,105691.48,18581.51,2021-12-02,29,82.5,john.anderson@company.com,(519) 461-4448,Active
EMP014039,John,Miller,John Miller,28,Marketing,Analyst,Austin,63866.74,9057.59,2023-10-25,2,83.9,john.miller@company.com,(978) 292-8191,Active
EMP014040,Sarah,Thomas,Sarah Thomas,42,Operations,Specialist,Chicago,58609.78,6162.58,2024-07-28,13,74.9,sarah.thomas@company.com,(236) 670-1772,Active
EMP014041,Nicole,Jones,Nicole Jones,28,Legal,Manager,Los Angeles,87859.16,15783.63,2024-05-08,1,91.1,nicole.jones@company.com,(792) 856-6772,Active
EMP014042,Lisa,Smith,Lisa Smith,35,Engineering,Coordinator,Los Angeles,87569.88,16134.2,2023-11-13,9,78.8,lisa.smith@company.com,(663) 804-2802,Active
EMP014043,David,Lopez,David Lopez,58,Engineering,Specialist,Seattle,124454.47,13006.87,2022-04-04,30,75.1,david.lopez@company.com,(223) 540-5606,Active
EMP014044,Anthony,Wilson,Anthony Wilson,39,Marketing,Manager,Boston,75374.89,10283.48,2023-09-22,13,83.8,anthony.wilson@company.com,(757) 536-9098,Active
EMP014045,Emily,Wilson,Emily Wilson,29,Legal,Senior Developer,Chicago,95708.67,7776.31,2024-07-11,1,80.1,emily.wilson@company.com,(367) 782-6792,Active
EMP014046,John,Jones,John Jones,27,Sales,Coordinator,Austin,67426.13,6381.02,2023-03-03,5,93.5,john.jones@company.com,(809) 251-1930,Active
EMP014047,Matthew,Anderson,Matthew Anderson,38,IT,Analyst,Boston,53968.25,3936.67,2020-01-16,16,52.2,matthew.anderson@company.com,(401) 502-8337,Active
EMP014048,James,Williams,James Williams,36,Legal,Director,Chicago,112801.73,3913.28,2020-03-27,8,87.7,james.williams@company.com,(970) 441-1426,Active
EMP014049,Nicole,Johnson,Nicole Johnson,62,HR,Associate,Miami,97942.91,18640.16,2020-07-25,39,68.3,nicole.johnson@company.com,(722) 655-9758,Active
EMP014050,Lisa,Martinez,Lisa Martinez,39,IT,Specialist,Los Angeles,87260.3,6319.63,2022-03-03,11,61.1,lisa.martinez@company.com,(882) 632-8730,Active
EMP014051,Sarah,Miller,Sarah Miller,56,Engineering,Senior Developer,San Francisco,106907.1,3180.9,2021-08-29,27,78.5,sarah.miller@company.com,(730) 868-2870,Inactive
EMP014052,Sarah,Martin,Sarah Martin,37,Marketing,Manager,Los Angeles,53931.78,29.16,2021-04-10,9,55.4,sarah.martin@company.com,(691) 734-3237,Active
EMP014053,Amanda,Wilson,Amanda Wilson,49,Engineering,Senior Developer,Austin,126447.04,10141.41,2022-10-18,24,81.0,amanda.wilson@company.com,(831) 443-3648,Active
EMP014054,Christopher,Jones,Christopher Jones,33,Marketing,Specialist,Boston,71794.12,5039.47,2023-05-04,6,72.5,christopher.jones@company.com,(673) 826-2856,Active
EMP014055,Daniel,Brown,Daniel Brown,31,Engineering,Specialist,Los Angeles,71198.29,5296.35,2021-12-03,7,100.0,daniel.brown@company.com,(280) 941-4152,Active
EMP014056,John,Martinez,John Martinez,48,Legal,Manager,Miami,97092.64,3239.83,2024-12-17,26,64.9,john.martinez@company.com,(647) 646-7837,On Leave
EMP014057,James,Taylor,James Taylor,51,HR,Director,Austin,74858.92,8451.24,2020-03-23,29,72.6,james.taylor@company.com,(454) 651-6949,Active
EMP014058,Amanda,Jones,Amanda Jones,52,Operations,Lead,Boston,76602.64,7406.53,2021-12-05,26,48.1,amanda.jones@company.com,(216) 810-5063,Active
EMP014059,David,Gonzalez,David Gonzalez,43,Finance,Senior Developer,New York,81321.51,4043.68,2020-11-14,17,80.4,david.gonzalez@company.com,(565) 857-2089,Inactive
EMP014060,Jessica,Davis,Jessica Davis,44,HR,Senior Developer,San Francisco,59735.58,6398.94,2020-07-01,20,97.1,jessica.davis@company.com,(244) 797-2936,Active
EMP014061,Melissa,Brown,Melissa Brown,65,Engineering,Manager,Austin,71213.99,10574.18,2020-03-11,43,81.6,melissa.brown@company.com,(204) 258-3020,Active
EMP014062,Melissa,Gonzalez,Melissa Gonzalez,28,Finance,Coordinator,Chicago,74847.91,11274.8,2020-03-16,4,45.1,melissa.gonzalez@company.com,(965) 742-1393,Active
EMP014063,Sarah,Jones,Sarah Jones,52,Engineering,Manager,San Francisco,143951.8,14637.92,2024-01-21,29,79.2,sarah.jones@company.com,(681) 649-7479,Active
EMP014064,Matthew,Lopez,Matthew Lopez,26,Engineering,Coordinator,Boston,80096.18,10481.78,2024-09-15,0,58.1,matthew.lopez@company.com,(959) 564-9309,Active
EMP014065,Michael,Taylor,Michael Taylor,44,IT,Analyst,Chicago,100164.79,868.51,2021-03-26,17,76.3,michael.taylor@company.com,(336) 804-5827,Active
EMP014066,Melissa,Gonzalez,Melissa Gonzalez,65,IT,Specialist,Miami,108879.95,6701.08,2023-04-12,43,93.5,melissa.gonzalez@company.com,(602) 992-2146,On Leave
EMP014067,William,Smith,William Smith,38,Operations,Analyst,Miami,64849.69,8366.37,2024-12-04,14,100.0,william.smith@company.com,(407) 688-5958,Active
EMP014068,Robert,Williams,Robert Williams,64,Marketing,Manager,New York,82514.79,15283.78,2023-08-16,37,78.0,robert.williams@company.com,(405) 404-5112,Active
EMP014069,Jessica,Davis,Jessica Davis,41,HR,Senior Developer,Austin,72049.01,11723.71,2022-10-05,19,90.3,jessica.davis@company.com,(681) 881-2170,Active
EMP014070,Lisa,Martinez,Lisa Martinez,24,Sales,Associate,New York,46161.52,924.38,2021-05-04,0,57.6,lisa.martinez@company.com,(514) 366-3691,Active
EMP014071,Robert,Taylor,Robert Taylor,30,Finance,Manager,Los Angeles,84641.33,8901.87,2023-02-22,4,91.3,robert.taylor@company.com,(798) 318-3100,Active
EMP014072,Stephanie,Johnson,Stephanie Johnson,46,Engineering,Manager,Austin,134136.19,11910.78,2021-05-29,22,53.7,stephanie.johnson@company.com,(946) 724-8704,Active
EMP014073,Anthony,Brown,Anthony Brown,38,HR,Manager,Miami,57438.97,1308.21,2022-03-31,16,60.5,anthony.brown@company.com,(674) 999-3096,Active
EMP014074,William,Moore,William Moore,52,Sales,Senior Developer,Seattle,63679.61,12045.56,2020-01-01,23,91.6,william.moore@company.com,(240) 303-3845,Active
EMP014075,Nicole,Brown,Nicole Brown,40,Operations,Analyst,New York,73170.51,0.0,2023-04-18,12,88.5,nicole.brown@company.com,(793) 713-1502,Inactive
EMP014076,David,Martin,David Martin,59,Finance,Associate,Boston,90307.31,10042.06,2020-11-19,36,88.4,david.martin@company.com,(923) 869-9628,Active
EMP014077,Nicole,Garcia,Nicole Garcia,62,Legal,Analyst,Los Angeles,122124.21,4046.42,2021-08-09,37,88.4,nicole.garcia@company.com,(432) 899-5896,Active
EMP014078,William,Lopez,William Lopez,29,HR,Specialist,Seattle,59992.31,10523.88,2024-12-22,1,65.1,william.lopez@company.com,(624) 936-2755,Active
EMP014079,Emily,Thomas,Emily Thomas,43,Operations,Lead,Los Angeles,63385.93,2807.6,2021-12-11,17,65.4,emily.thomas@company.com,(432) 764-6344,On Leave
EMP014080,Sarah,Jackson,Sarah Jackson,54,Sales,Manager,Chicago,100017.5,8538.06,2023-02-17,32,40.5,sarah.jackson@company.com,(990) 301-8095,Active
EMP014081,Robert,Martinez,Robert Martinez,62,Legal,Associate,Seattle,97195.78,3147.39,2021-08-06,37,61.8,robert.martinez@company.com,(831) 852-4051,Active
EMP014082,John,Davis,John Davis,23,Operations,Coordinator,New York,53640.68,8478.14,2023-03-31,0,74.9,john.davis@company.com,(650) 446-9278,Active
EMP014083,John,Miller,John Miller,57,Marketing,Associate,San Francisco,74280.08,450.49,2020-10-07,31,96.6,john.miller@company.com,(315) 573-9032,Active
EMP014084,Anthony,Smith,Anthony Smith,24,HR,Manager,Austin,44484.75,5995.96,2020-10-24,0,88.1,anthony.smith@company.com,(459) 384-4522,Active
EMP014085,Michael,Smith,Michael Smith,36,Marketing,Specialist,Miami,42678.57,3882.77,2023-10-12,12,69.1,michael.smith@company.com,(735) 689-2696,Active
EMP014086,William,Taylor,William Taylor,57,Operations,Manager,Los Angeles,92865.55,11493.64,2024-01-28,35,83.9,william.taylor@company.com,(613) 880-5916,On Leave
EMP014087,Christopher,Gonzalez,Christopher Gonzalez,41,Legal,Senior Developer,Austin,66257.78,7528.06,2024-10-12,13,44.7,christopher.gonzalez@company.com,(741) 751-2987,Active
EMP014088,David,Wilson,David Wilson,41,Marketing,Manager,Chicago,53100.53,5381.82,2024-07-15,12,94.8,david.wilson@company.com,(468) 552-3463,Active
EMP014089,Robert,Jones,Robert Jones,48,Finance,Specialist,Seattle,94267.49,9755.27,2020-08-20,25,64.6,robert.jones@company.com,(833) 243-9258,Active
EMP014090,Christopher,Hernandez,Christopher Hernandez,31,IT,Lead,Boston,76223.96,4815.77,2021-07-09,6,60.3,christopher.hernandez@company.com,(450) 451-3034,Active
EMP014091,Jane,Wilson,Jane Wilson,60,Engineering,Associate,San Francisco,92310.44,13719.58,2020-09-04,33,99.8,jane.wilson@company.com,(509) 453-9503,Active
EMP014092,Christopher,Brown,Christopher Brown,23,Sales,Lead,Seattle,50020.29,4812.67,2020-09-02,0,71.3,christopher.brown@company.com,(223) 687-1793,Active
EMP014093,Ashley,Garcia,Ashley Garcia,26,HR,Director,New York,50612.6,3744.38,2024-04-28,0,73.2,ashley.garcia@company.com,(945) 653-5352,Active
EMP014094,Jessica,Garcia,Jessica Garcia,27,Legal,Director,Boston,37500.0,2516.78,2024-11-19,0,68.4,jessica.garcia@company.com,(296) 675-2732,Active
EMP014095,Michael,Lopez,Michael Lopez,56,HR,Senior Developer,Miami,102694.22,9677.53,2021-09-17,32,65.0,michael.lopez@company.com,(730) 711-5668,Active
EMP014096,John,Gonzalez,John Gonzalez,64,Operations,Senior Developer,Boston,98959.56,4906.89,2024-02-16,37,60.4,john.gonzalez@company.com,(251) 887-7462,Active
EMP014097,Ashley,Thomas,Ashley Thomas,59,Sales,Director,Boston,77202.75,10850.03,2023-08-22,33,71.7,ashley.thomas@company.com,(838) 799-6408,Active
EMP014098,Stephanie,Rodriguez,Stephanie Rodriguez,54,HR,Senior Developer,Austin,95635.59,12300.62,2022-03-20,29,76.2,stephanie.rodriguez@company.com,(592) 269-8952,Active
EMP014099,Michael,Rodriguez,Michael Rodriguez,63,Marketing,Associate,Seattle,87018.18,6753.05,2021-08-19,37,67.7,michael.rodriguez@company.com,(989) 655-2060,Active
EMP014100,David,Miller,David Miller,65,HR,Associate,Los Angeles,92462.0,7802.68,2020-12-27,43,73.5,david.miller@company.com,(237) 290-8543,Active
EMP014101,Matthew,Johnson,Matthew Johnson,48,Sales,Director,Austin,99096.63,10491.68,2021-11-16,23,100.0,matthew.johnson@company.com,(274) 603-9198,Active
EMP014102,Stephanie,Jones,Stephanie Jones,54,Legal,Analyst,Seattle,104412.13,15880.07,2020-06-13,26,74.0,stephanie.jones@company.com,(738) 727-4801,Active
EMP014103,Jessica,Brown,Jessica Brown,65,Legal,Analyst,Los Angeles,160595.72,29198.21,2020-01-27,43,67.4,jessica.brown@company.com,(636) 586-2779,Active
EMP014104,Emily,Gonzalez,Emily Gonzalez,58,Sales,Director,San Francisco,57075.54,3548.98,2022-09-21,32,68.9,emily.gonzalez@company.com,(632) 931-8557,Active
EMP014105,Daniel,Jackson,Daniel Jackson,62,HR,Specialist,Austin,48202.29,7153.87,2024-05-10,33,74.0,daniel.jackson@company.com,(945) 858-6584,Active
EMP014106,Melissa,Lopez,Melissa Lopez,36,Finance,Associate,Miami,84483.2,4232.25,2023-02-24,14,76.5,melissa.lopez@company.com,(536) 841-1264,Active
EMP014107,Nicole,Martinez,Nicole Martinez,49,Operations,Senior Developer,Chicago,86612.97,6014.7,2022-06-10,22,96.4,nicole.martinez@company.com,(642) 308-3098,On Leave
EMP014108,Emily,Miller,Emily Miller,52,Marketing,Lead,Los Angeles,72518.37,5269.54,2023-02-12,29,46.8,emily.miller@company.com,(998) 614-3142,Active
EMP014109,Jane,Wilson,Jane Wilson,65,Sales,Senior Developer,Seattle,88944.13,5621.76,2021-02-23,37,80.8,jane.wilson@company.com,(291) 632-5958,Inactive
EMP014110,Emily,Johnson,Emily Johnson,37,IT,Lead,San Francisco,84964.95,6054.23,2020-07-27,14,67.1,emily.johnson@company.com,(318) 222-8122,Active
EMP014111,William,Smith,William Smith,52,Legal,Director,Los Angeles,99863.1,8062.55,2022-11-09,23,96.9,william.smith@company.com,(534) 772-5023,Active
EMP014112,Nicole,Davis,Nicole Davis,50,HR,Specialist,Austin,69477.05,0.0,2020-07-28,21,64.1,nicole.davis@company.com,(880) 770-8257,Active
EMP014113,Ashley,Miller,Ashley Miller,54,Operations,Senior Developer,Miami,57213.8,8919.23,2021-09-18,28,83.6,ashley.miller@company.com,(203) 322-8697,Active
EMP014114,John,Anderson,John Anderson,23,HR,Specialist,New York,55618.17,6718.0,2024-06-01,0,76.0,john.anderson@company.com,(979) 301-5950,Active
EMP014115,David,Martin,David Martin,50,Marketing,Specialist,Seattle,92216.65,10751.15,2023-12-23,26,73.0,david.martin@company.com,(898) 214-2537,Active
EMP014116,Melissa,Rodriguez,Melissa Rodriguez,56,Sales,Analyst,Chicago,79657.63,7859.74,2024-08-18,28,41.1,melissa.rodriguez@company.com,(476) 935-8136,Active
EMP014117,Lisa,Davis,Lisa Davis,33,Finance,Coordinator,Chicago,80891.12,12776.91,2020-06-16,4,79.9,lisa.davis@company.com,(684) 490-4626,Active
EMP014118,Ashley,Thomas,Ashley Thomas,33,IT,Specialist,Austin,61857.51,5921.56,2021-12-14,11,65.4,ashley.thomas@company.com,(531) 677-4309,Inactive
EMP014119,Daniel,Martinez,Daniel Martinez,65,Marketing,Lead,San Francisco,93005.97,8323.38,2024-04-22,42,59.7,daniel.martinez@company.com,(568) 260-1646,Active
EMP014120,Stephanie,Moore,Stephanie Moore,50,IT,Lead,Los Angeles,116787.52,9546.73,2020-09-28,25,87.3,stephanie.moore@company.com,(848) 853-6092,Active
EMP014121,John,Gonzalez,John Gonzalez,26,HR,Lead,Austin,43331.48,1851.85,2023-03-29,0,56.7,john.gonzalez@company.com,(588) 921-5572,Inactive
EMP014122,Christopher,Martinez,Christopher Martinez,38,Sales,Senior Developer,Chicago,69562.3,7484.27,2020-11-26,16,50.5,christopher.martinez@company.com,(450) 722-8317,Active
EMP014123,Lisa,Moore,Lisa Moore,50,Legal,Director,New York,103754.02,15684.6,2021-08-25,23,93.2,lisa.moore@company.com,(971) 500-9588,Active
EMP014124,Robert,Thomas,Robert Thomas,48,Sales,Associate,San Francisco,79479.16,15608.03,2024-07-24,19,98.2,robert.thomas@company.com,(828) 538-5727,Active
EMP014125,David,Anderson,David Anderson,41,HR,Director,New York,54733.45,9405.27,2021-04-29,17,88.9,david.anderson@company.com,(612) 276-2554,Active
EMP014126,Ashley,Thomas,Ashley Thomas,61,Finance,Coordinator,Boston,99795.37,13009.62,2021-11-18,36,63.0,ashley.thomas@company.com,(890) 812-5221,Active
EMP014127,William,Brown,William Brown,26,Sales,Lead,New York,51948.86,6679.78,2020-01-02,4,62.1,william.brown@company.com,(895) 219-2786,Active
EMP014128,Emily,Gonzalez,Emily Gonzalez,30,Engineering,Director,Miami,99910.61,11043.22,2021-08-10,6,93.3,emily.gonzalez@company.com,(465) 951-4955,Active
EMP014129,David,Williams,David Williams,53,Sales,Associate,Boston,67121.84,1847.44,2024-10-08,27,75.7,david.williams@company.com,(730) 635-9230,Active
EMP014130,James,Martin,James Martin,23,Engineering,Coordinator,San Francisco,101848.77,11519.48,2023-02-25,0,42.9,james.martin@company.com,(950) 288-8124,Active
EMP014131,Robert,Wilson,Robert Wilson,49,Engineering,Lead,Miami,105226.79,15001.66,2024-12-03,27,63.5,robert.wilson@company.com,(680) 430-5625,Active
EMP014132,Emily,Brown,Emily Brown,56,Finance,Lead,Los Angeles,82952.61,3311.72,2020-02-23,32,68.8,emily.brown@company.com,(497) 555-5176,Active
EMP014133,Ashley,Rodriguez,Ashley Rodriguez,27,Engineering,Coordinator,Seattle,93152.33,6791.89,2024-07-31,0,69.4,ashley.rodriguez@company.com,(664) 693-3744,Active
EMP014134,Robert,Hernandez,Robert Hernandez,27,HR,Associate,San Francisco,53492.14,6002.56,2020-09-24,0,64.2,robert.hernandez@company.com,(893) 485-1457,Inactive
EMP014135,Daniel,Davis,Daniel Davis,61,Operations,Manager,Los Angeles,58896.61,3094.18,2022-04-11,32,70.1,daniel.davis@company.com,(911) 562-9102,Active
EMP014136,Matthew,Taylor,Matthew Taylor,58,Operations,Director,Miami,64046.12,3407.86,2023-02-04,29,84.4,matthew.taylor@company.com,(624) 717-4386,Active
EMP014137,Amanda,Rodriguez,Amanda Rodriguez,30,Marketing,Analyst,Miami,65689.83,0.0,2020-05-13,5,78.4,amanda.rodriguez@company.com,(364) 578-3468,Inactive
EMP014138,Daniel,Smith,Daniel Smith,43,Engineering,Manager,Austin,87100.97,8606.38,2020-03-25,18,49.2,daniel.smith@company.com,(282) 907-7623,Active
EMP014139,David,Hernandez,David Hernandez,62,HR,Director,Boston,78788.43,8281.31,2020-03-18,40,51.8,david.hernandez@company.com,(423) 571-5335,Active
EMP014140,Daniel,Jackson,Daniel Jackson,30,Finance,Analyst,Seattle,93410.05,6401.2,2024-09-12,5,49.2,daniel.jackson@company.com,(496) 332-3584,Active
EMP014141,Matthew,Anderson,Matthew Anderson,61,Marketing,Associate,Chicago,71178.27,3764.59,2024-09-11,39,58.8,matthew.anderson@company.com,(524) 467-1453,Inactive
EMP014142,Nicole,Wilson,Nicole Wilson,31,Engineering,Analyst,Seattle,71777.66,4150.27,2021-11-28,2,82.6,nicole.wilson@company.com,(319) 520-9794,Inactive
EMP014143,Nicole,Smith,Nicole Smith,31,IT,Director,Chicago,41557.23,5461.07,2024-10-15,8,76.6,nicole.smith@company.com,(755) 501-9907,Active
EMP014144,Robert,Garcia,Robert Garcia,43,Sales,Manager,Los Angeles,64029.24,10108.56,2022-11-08,18,68.4,robert.garcia@company.com,(365) 660-6914,Active
EMP014145,Nicole,Williams,Nicole Williams,25,HR,Senior Developer,Boston,42790.1,9104.55,2023-05-18,2,55.1,nicole.williams@company.com,(998) 224-7580,Active
EMP014146,Jane,Anderson,Jane Anderson,64,Legal,Coordinator,New York,99867.13,8388.25,2022-07-07,37,85.1,jane.anderson@company.com,(231) 322-3089,Active
EMP014147,John,Taylor,John Taylor,27,Sales,Associate,Miami,96578.68,3555.16,2021-06-14,1,85.9,john.taylor@company.com,(272) 975-3054,Active
EMP014148,James,Brown,James Brown,26,Finance,Lead,New York,67054.08,6553.88,2024-06-30,1,66.1,james.brown@company.com,(221) 294-7072,Active
EMP014149,Jane,Garcia,Jane Garcia,39,HR,Lead,Boston,51021.05,2321.63,2020-07-06,14,51.7,jane.garcia@company.com,(208) 210-2383,Active
EMP014150,Melissa,Jones,Melissa Jones,46,Marketing,Analyst,Miami,57602.16,895.46,2023-02-06,24,99.6,melissa.jones@company.com,(819) 808-9872,Active
EMP014151,Melissa,Davis,Melissa Davis,41,Operations,Lead,San Francisco,69821.36,8449.53,2022-08-20,16,81.2,melissa.davis@company.com,(477) 666-4373,Active
EMP014152,Sarah,Martinez,Sarah Martinez,46,Marketing,Analyst,New York,81591.81,16489.68,2024-06-07,23,55.4,sarah.martinez@company.com,(685) 439-4045,Active
EMP014153,Lisa,Jones,Lisa Jones,36,HR,Associate,Seattle,85564.29,15809.86,2023-08-11,13,67.5,lisa.jones@company.com,(448) 944-1052,Active
EMP014154,Nicole,Miller,Nicole Miller,52,IT,Specialist,San Francisco,106242.85,9981.44,2024-03-03,25,48.7,nicole.miller@company.com,(366) 808-1198,On Leave
EMP014155,Nicole,Brown,Nicole Brown,56,IT,Lead,Seattle,123443.95,24973.57,2022-11-18,29,59.8,nicole.brown@company.com,(586) 216-5451,Active
EMP014156,Robert,Hernandez,Robert Hernandez,26,HR,Analyst,New York,60301.19,11693.38,2021-06-18,0,74.3,robert.hernandez@company.com,(410) 371-5400,Active
EMP014157,Anthony,Hernandez,Anthony Hernandez,49,Sales,Coordinator,Miami,72743.65,8190.86,2023-05-07,20,81.3,anthony.hernandez@company.com,(691) 509-6983,Active
EMP014158,Matthew,Davis,Matthew Davis,39,HR,Lead,New York,72308.5,5048.96,2024-03-12,16,62.0,matthew.davis@company.com,(997) 844-8727,Active
EMP014159,Robert,Brown,Robert Brown,24,Finance,Analyst,San Francisco,64751.87,9718.47,2024-06-07,0,77.5,robert.brown@company.com,(482) 809-1847,Active
EMP014160,David,Martinez,David Martinez,22,Legal,Director,Seattle,74783.26,7076.35,2023-11-19,0,56.4,david.martinez@company.com,(955) 217-8359,On Leave
EMP014161,Jane,Moore,Jane Moore,24,Legal,Coordinator,San Francisco,61391.87,4226.25,2024-12-29,0,85.9,jane.moore@company.com,(575) 816-5876,Active
EMP014162,Nicole,Miller,Nicole Miller,46,Operations,Manager,New York,40921.97,2358.92,2023-02-08,22,73.6,nicole.miller@company.com,(620) 274-2510,Inactive
EMP014163,James,Williams,James Williams,28,IT,Coordinator,Seattle,38518.99,3904.21,2020-09-23,1,95.5,james.williams@company.com,(228) 721-4165,Active
EMP014164,John,Taylor,John Taylor,49,Legal,Manager,Boston,109481.72,19189.16,2020-11-17,21,73.6,john.taylor@company.com,(273) 321-1785,Active
EMP014165,Jane,Jackson,Jane Jackson,60,HR,Analyst,Chicago,62475.7,4611.7,2024-05-26,35,91.0,jane.jackson@company.com,(515) 607-4292,Active
EMP014166,Jane,Johnson,Jane Johnson,60,IT,Specialist,New York,136129.35,18246.61,2024-07-12,32,56.3,jane.johnson@company.com,(410) 631-4332,Active
EMP014167,David,Hernandez,David Hernandez,61,Marketing,Specialist,New York,77202.73,7841.94,2023-09-21,33,100.0,david.hernandez@company.com,(909) 812-9895,Active
EMP014168,Melissa,Miller,Melissa Miller,64,Finance,Lead,Chicago,116488.57,12987.59,2022-08-12,39,93.2,melissa.miller@company.com,(617) 373-8879,Active
EMP014169,Melissa,Gonzalez,Melissa Gonzalez,53,Legal,Specialist,Miami,127700.35,10597.81,2020-12-09,30,68.7,melissa.gonzalez@company.com,(646) 727-5302,Inactive
EMP014170,Melissa,Brown,Melissa Brown,30,Finance,Manager,Miami,59340.15,1862.41,2021-03-28,8,92.9,melissa.brown@company.com,(493) 972-9262,On Leave
EMP014171,William,Jones,William Jones,25,Marketing,Senior Developer,Seattle,47093.07,1936.43,2021-09-22,0,53.7,william.jones@company.com,(234) 874-4401,Inactive
EMP014172,Michael,Davis,Michael Davis,38,Finance,Director,Boston,86895.27,12333.77,2024-02-27,9,91.0,michael.davis@company.com,(731) 767-9195,Active
EMP014173,Anthony,Jackson,Anthony Jackson,36,Engineering,Lead,Seattle,112725.86,12200.46,2024-08-17,8,68.0,anthony.jackson@company.com,(944) 842-4811,Active
EMP014174,Daniel,Anderson,Daniel Anderson,52,IT,Specialist,Miami,88705.04,445.27,2023-12-06,25,74.1,daniel.anderson@company.com,(664) 635-8506,Inactive
EMP014175,Daniel,Davis,Daniel Davis,50,Operations,Manager,San Francisco,83156.39,9328.28,2024-12-26,23,62.5,daniel.davis@company.com,(658) 294-5331,Inactive
EMP014176,Jane,Martin,Jane Martin,31,Operations,Coordinator,Chicago,71586.96,9349.96,2022-06-03,7,48.2,jane.martin@company.com,(835) 230-3879,Active
EMP014177,William,Rodriguez,William Rodriguez,26,IT,Specialist,San Francisco,79462.4,6990.04,2024-02-14,4,69.8,william.rodriguez@company.com,(640) 557-3886,Active
EMP014178,Sarah,Garcia,Sarah Garcia,38,Sales,Associate,San Francisco,60727.21,2735.82,2023-01-02,11,100.0,sarah.garcia@company.com,(543) 868-8197,Active
EMP014179,William,Jones,William Jones,54,Legal,Senior Developer,Los Angeles,80009.35,9660.17,2023-09-29,31,64.7,william.jones@company.com,(592) 439-4074,On Leave
EMP014180,James,Lopez,James Lopez,40,Marketing,Director,Los Angeles,74913.41,3048.25,2021-05-14,18,78.6,james.lopez@company.com,(656) 457-8492,Active
EMP014181,Lisa,Davis,Lisa Davis,62,Sales,Coordinator,Los Angeles,103434.26,15843.27,2021-04-06,38,79.2,lisa.davis@company.com,(707) 263-4915,Active
EMP014182,Nicole,Thomas,Nicole Thomas,23,IT,Analyst,Boston,44647.35,2063.51,2023-07-18,0,72.8,nicole.thomas@company.com,(628) 515-7059,On Leave
EMP014183,Stephanie,Johnson,Stephanie Johnson,50,Engineering,Coordinator,San Francisco,107340.22,15124.13,2023-12-06,23,70.8,stephanie.johnson@company.com,(360) 594-5183,Inactive
EMP014184,James,Brown,James Brown,44,Finance,Manager,Boston,53493.45,843.22,2024-09-06,19,61.6,james.brown@company.com,(365) 967-4415,Active
EMP014185,Nicole,Martin,Nicole Martin,46,Operations,Coordinator,San Francisco,64725.26,5630.6,2020-03-12,19,89.9,nicole.martin@company.com,(458) 487-3820,Active
EMP014186,Stephanie,Johnson,Stephanie Johnson,64,Marketing,Lead,New York,97732.29,14926.57,2023-09-26,40,83.1,stephanie.johnson@company.com,(640) 940-1215,Active
EMP014187,Anthony,Miller,Anthony Miller,45,Sales,Specialist,Austin,62544.53,4000.8,2022-01-10,17,76.3,anthony.miller@company.com,(691) 424-2624,Active
EMP014188,Melissa,Martinez,Melissa Martinez,22,Engineering,Director,New York,87121.31,4217.23,2022-05-14,0,60.7,melissa.martinez@company.com,(850) 849-6693,Active
EMP014189,John,Hernandez,John Hernandez,27,IT,Coordinator,Seattle,67780.16,6420.41,2022-05-10,0,78.0,john.hernandez@company.com,(605) 332-9412,Active
EMP014190,John,Smith,John Smith,65,Finance,Associate,New York,81906.96,10043.33,2021-08-01,40,100.0,john.smith@company.com,(557) 454-9841,Active
EMP014191,Matthew,Williams,Matthew Williams,25,Sales,Associate,Chicago,87442.72,8035.43,2020-10-13,0,61.1,matthew.williams@company.com,(769) 756-8364,Active
EMP014192,Christopher,Jones,Christopher Jones,56,Marketing,Lead,Miami,87139.82,0.0,2024-07-23,31,77.8,christopher.jones@company.com,(602) 650-9408,Active
EMP014193,Lisa,Brown,Lisa Brown,34,Marketing,Manager,Los Angeles,69491.46,8894.37,2021-01-01,5,80.5,lisa.brown@company.com,(391) 831-7599,Active
EMP014194,Lisa,Thomas,Lisa Thomas,44,Sales,Senior Developer,Chicago,81437.48,5637.44,2023-10-18,21,68.5,lisa.thomas@company.com,(288) 592-6084,Active
EMP014195,Sarah,Taylor,Sarah Taylor,61,Sales,Specialist,San Francisco,79925.47,7525.97,2021-07-23,38,90.2,sarah.taylor@company.com,(700) 445-9292,Active
EMP014196,Robert,Davis,Robert Davis,30,Marketing,Director,Los Angeles,51971.14,5467.65,2023-07-29,2,66.3,robert.davis@company.com,(424) 274-6998,Active
EMP014197,Jane,Wilson,Jane Wilson,43,Finance,Senior Developer,Seattle,57968.84,5155.66,2022-06-10,21,79.8,jane.wilson@company.com,(286) 493-5728,Active
EMP014198,John,Hernandez,John Hernandez,61,Legal,Lead,Seattle,124307.07,11345.54,2022-06-15,34,73.2,john.hernandez@company.com,(718) 380-3190,Active
EMP014199,Sarah,Williams,Sarah Williams,44,Marketing,Manager,Miami,64086.38,7789.11,2023-10-11,16,57.1,sarah.williams@company.com,(370) 827-5757,Active
EMP014200,Daniel,Wilson,Daniel Wilson,59,Sales,Associate,New York,69279.73,2765.28,2022-05-22,37,48.6,daniel.wilson@company.com,(835) 654-5126,Active
EMP014201,Nicole,Williams,Nicole Williams,28,Operations,Coordinator,Los Angeles,67626.33,0.0,2021-07-14,3,79.3,nicole.williams@company.com,(949) 928-1591,Active
EMP014202,William,Miller,William Miller,42,Marketing,Coordinator,Boston,87431.34,6304.11,2020-07-24,19,39.3,william.miller@company.com,(782) 947-8310,Active
EMP014203,Emily,Thomas,Emily Thomas,60,Finance,Analyst,Austin,96733.54,10083.75,2024-09-19,35,98.2,emily.thomas@company.com,(611) 298-9751,Active
EMP014204,Anthony,Miller,Anthony Miller,64,IT,Specialist,Austin,133692.87,747.15,2024-09-22,38,75.4,anthony.miller@company.com,(473) 541-7552,Inactive
EMP014205,Sarah,Taylor,Sarah Taylor,61,Marketing,Associate,New York,94783.03,7241.11,2020-01-22,36,87.0,sarah.taylor@company.com,(782) 901-1383,Active
EMP014206,Matthew,Gonzalez,Matthew Gonzalez,43,Legal,Analyst,New York,122224.44,9009.06,2023-09-01,17,88.9,matthew.gonzalez@company.com,(613) 677-3859,Active
EMP014207,James,Gonzalez,James Gonzalez,34,Engineering,Lead,New York,98440.68,5252.77,2023-11-14,9,61.2,james.gonzalez@company.com,(281) 251-9645,Active
EMP014208,Amanda,Thomas,Amanda Thomas,35,Engineering,Manager,Seattle,77640.85,15598.29,2022-07-11,6,87.3,amanda.thomas@company.com,(502) 932-1403,Active
EMP014209,Melissa,Lopez,Melissa Lopez,63,IT,Director,Miami,94041.51,11967.98,2022-04-10,40,85.0,melissa.lopez@company.com,(499) 908-1610,Active
EMP014210,James,Jackson,James Jackson,33,Sales,Director,Seattle,50294.49,1126.09,2024-01-21,4,82.3,james.jackson@company.com,(717) 424-9983,Active
EMP014211,William,Martin,William Martin,29,Legal,Lead,Austin,63493.12,8383.95,2022-04-17,5,66.4,william.martin@company.com,(773) 390-3155,Active
EMP014212,Christopher,Wilson,Christopher Wilson,44,Operations,Lead,Los Angeles,36905.09,5227.55,2024-10-08,18,86.9,christopher.wilson@company.com,(682) 883-8521,Active
EMP014213,John,Jones,John Jones,49,Operations,Analyst,Austin,59057.94,10081.89,2021-11-10,21,63.8,john.jones@company.com,(769) 325-4101,Active
EMP014214,Ashley,Martinez,Ashley Martinez,25,Engineering,Manager,San Francisco,93285.6,15742.89,2022-06-29,0,75.2,ashley.martinez@company.com,(219) 473-1167,Active
EMP014215,James,Williams,James Williams,35,Legal,Manager,Miami,107217.99,7757.95,2023-05-21,7,67.7,james.williams@company.com,(842) 206-2245,Active
EMP014216,Matthew,Jones,Matthew Jones,45,Legal,Manager,Boston,106533.43,4204.64,2022-12-31,20,67.3,matthew.jones@company.com,(974) 707-8483,Active
EMP014217,David,Martin,David Martin,32,Legal,Analyst,San Francisco,84483.46,8654.24,2020-01-29,8,100.0,david.martin@company.com,(439) 250-3841,Active
EMP014218,Jessica,Miller,Jessica Miller,30,Finance,Lead,New York,68003.9,1948.17,2022-06-26,2,83.7,jessica.miller@company.com,(710) 571-9293,Active
EMP014219,Michael,Williams,Michael Williams,48,Marketing,Manager,Austin,82906.85,6696.28,2021-07-20,24,84.6,michael.williams@company.com,(673) 876-8182,Inactive
EMP014220,Christopher,Wilson,Christopher Wilson,48,Legal,Director,Los Angeles,80048.15,9669.88,2024-08-06,22,90.3,christopher.wilson@company.com,(386) 791-6709,Active
EMP014221,Jane,Wilson,Jane Wilson,34,Marketing,Manager,Austin,68515.45,8371.54,2024-05-28,7,85.5,jane.wilson@company.com,(462) 281-6806,Inactive
EMP014222,Melissa,Jones,Melissa Jones,22,Finance,Director,Boston,47547.82,6015.56,2022-10-30,0,96.7,melissa.jones@company.com,(230) 360-8962,Active
EMP014223,Anthony,Jones,Anthony Jones,64,Sales,Director,Seattle,74347.14,4075.24,2020-03-01,38,100.0,anthony.jones@company.com,(603) 594-5623,Active
EMP014224,Robert,Jackson,Robert Jackson,45,Operations,Senior Developer,Chicago,59910.56,0.0,2021-10-12,16,65.6,robert.jackson@company.com,(558) 276-9392,Inactive
EMP014225,David,Jackson,David Jackson,43,Operations,Associate,Los Angeles,57198.68,1738.7,2020-10-16,15,72.1,david.jackson@company.com,(740) 393-8987,Active
EMP014226,Jane,Wilson,Jane Wilson,46,Finance,Lead,San Francisco,65656.0,2331.5,2023-11-25,24,100.0,jane.wilson@company.com,(713) 821-1339,Active
EMP014227,Stephanie,Taylor,Stephanie Taylor,34,Engineering,Specialist,Chicago,71364.1,6967.3,2020-12-22,6,65.4,stephanie.taylor@company.com,(472) 370-9946,Active
EMP014228,Matthew,Gonzalez,Matthew Gonzalez,60,Sales,Lead,Los Angeles,96314.33,13137.55,2023-04-01,38,68.2,matthew.gonzalez@company.com,(685) 254-1353,Active
EMP014229,Lisa,Smith,Lisa Smith,42,IT,Specialist,Boston,113862.96,11222.96,2024-07-22,15,94.3,lisa.smith@company.com,(896) 751-7680,Active
EMP014230,Emily,Gonzalez,Emily Gonzalez,54,Legal,Lead,Chicago,138236.75,0.0,2023-07-24,25,87.8,emily.gonzalez@company.com,(211) 490-4739,Active
EMP014231,Sarah,Gonzalez,Sarah Gonzalez,59,Marketing,Specialist,Austin,80145.8,4242.22,2022-07-08,30,81.3,sarah.gonzalez@company.com,(442) 271-1664,Active
EMP014232,Matthew,Davis,Matthew Davis,48,Operations,Specialist,Chicago,58217.68,5349.69,2020-12-07,23,65.2,matthew.davis@company.com,(227) 821-9330,Active
EMP014233,David,Jones,David Jones,48,IT,Senior Developer,Miami,77907.89,9225.43,2022-02-13,20,51.3,david.jones@company.com,(662) 522-1621,Active
EMP014234,Christopher,Taylor,Christopher Taylor,45,Legal,Associate,Boston,78236.64,3390.37,2020-03-02,21,59.0,christopher.taylor@company.com,(789) 563-2490,Active
EMP014235,Robert,Moore,Robert Moore,36,Marketing,Coordinator,Chicago,56800.6,8550.44,2023-04-11,7,85.6,robert.moore@company.com,(723) 509-4431,Active
EMP014236,Robert,Jones,Robert Jones,60,IT,Specialist,Austin,125921.83,14839.23,2021-08-19,31,81.3,robert.jones@company.com,(928) 223-2978,Active
EMP014237,Emily,Anderson,Emily Anderson,42,Marketing,Coordinator,New York,85937.94,7646.0,2021-09-07,17,64.4,emily.anderson@company.com,(532) 253-3846,Active
EMP014238,Sarah,Rodriguez,Sarah Rodriguez,62,Legal,Director,Miami,114547.59,12228.85,2021-11-01,33,87.0,sarah.rodriguez@company.com,(496) 534-8546,Active
EMP014239,Jessica,Martin,Jessica Martin,33,Operations,Analyst,Boston,81012.98,0.0,2023-10-18,9,100.0,jessica.martin@company.com,(310) 351-1926,Inactive
EMP014240,Jessica,Smith,Jessica Smith,49,Legal,Analyst,Chicago,112630.75,4682.85,2023-02-04,25,36.8,jessica.smith@company.com,(206) 888-6137,Active
EMP014241,Anthony,Jones,Anthony Jones,56,Marketing,Senior Developer,Austin,75416.77,7173.44,2024-01-03,31,81.0,anthony.jones@company.com,(238) 957-4164,Active
EMP014242,Ashley,Lopez,Ashley Lopez,63,Operations,Analyst,San Francisco,88816.44,11785.35,2021-01-20,40,60.4,ashley.lopez@company.com,(960) 237-1272,Active
EMP014243,Sarah,Brown,Sarah Brown,65,Sales,Manager,San Francisco,75801.55,12296.92,2021-02-17,39,83.1,sarah.brown@company.com,(420) 733-9708,Active
EMP014244,Nicole,Garcia,Nicole Garcia,38,Marketing,Lead,Austin,84651.85,7880.9,2021-10-29,13,86.3,nicole.garcia@company.com,(970) 845-4314,Active
EMP014245,Jessica,Williams,Jessica Williams,38,HR,Senior Developer,Chicago,76189.27,5327.66,2022-04-24,15,87.3,jessica.williams@company.com,(334) 807-4942,Active
EMP014246,Emily,Rodriguez,Emily Rodriguez,43,Operations,Senior Developer,New York,57730.37,6425.19,2024-11-06,15,87.0,emily.rodriguez@company.com,(218) 342-8575,Active
EMP014247,William,Williams,William Williams,41,IT,Lead,Seattle,103129.09,14196.52,2023-11-23,19,64.0,william.williams@company.com,(565) 288-7305,Active
EMP014248,Emily,Anderson,Emily Anderson,65,Operations,Director,Miami,58360.75,9132.89,2020-09-14,41,86.4,emily.anderson@company.com,(837) 513-9624,Active
EMP014249,Amanda,Jackson,Amanda Jackson,32,Finance,Director,Boston,81550.01,8545.68,2023-11-30,10,76.6,amanda.jackson@company.com,(748) 320-3369,Active
EMP014250,John,Hernandez,John Hernandez,24,Engineering,Associate,New York,66502.24,3244.59,2021-09-02,1,60.3,john.hernandez@company.com,(258) 253-3284,Active
EMP014251,Anthony,Gonzalez,Anthony Gonzalez,47,Engineering,Senior Developer,Austin,84351.68,8029.16,2020-03-14,25,61.8,anthony.gonzalez@company.com,(773) 789-9625,Active
EMP014252,John,Wilson,John Wilson,34,HR,Coordinator,Seattle,61321.32,7366.29,2022-12-08,10,100.0,john.wilson@company.com,(920) 251-5160,Inactive
EMP014253,Ashley,Garcia,Ashley Garcia,38,Operations,Director,Chicago,48290.39,5041.94,2020-10-26,9,33.9,ashley.garcia@company.com,(536) 970-7066,Active
EMP014254,Emily,Martinez,Emily Martinez,64,Finance,Lead,New York,104806.89,21632.21,2021-11-11,37,95.1,emily.martinez@company.com,(720) 954-5777,Active
EMP014255,Matthew,Garcia,Matthew Garcia,41,Sales,Lead,Austin,71522.19,3959.04,2020-04-10,17,78.0,matthew.garcia@company.com,(434) 817-3313,Active
EMP014256,William,Moore,William Moore,29,Marketing,Senior Developer,San Francisco,48061.47,1772.88,2023-06-13,3,75.0,william.moore@company.com,(307) 624-2005,Active
EMP014257,John,Martinez,John Martinez,52,Legal,Specialist,New York,78805.89,8155.11,2023-03-03,26,78.4,john.martinez@company.com,(590) 436-7879,Active
EMP014258,Michael,Lopez,Michael Lopez,26,Sales,Coordinator,San Francisco,57925.14,7174.52,2020-01-19,2,75.0,michael.lopez@company.com,(509) 599-4564,Inactive
EMP014259,Melissa,Gonzalez,Melissa Gonzalez,41,Operations,Specialist,Austin,62379.4,1770.46,2021-09-25,12,73.7,melissa.gonzalez@company.com,(653) 842-4299,Active
EMP014260,Jessica,Martin,Jessica Martin,62,Sales,Coordinator,New York,77747.06,6358.28,2021-03-03,40,86.2,jessica.martin@company.com,(673) 479-8623,Active
EMP014261,Lisa,Thomas,Lisa Thomas,52,Sales,Coordinator,Los Angeles,53191.72,2211.63,2022-06-17,27,97.8,lisa.thomas@company.com,(944) 354-8210,Active
EMP014262,Michael,Brown,Michael Brown,39,Finance,Associate,Austin,87785.04,0.0,2021-09-04,10,86.4,michael.brown@company.com,(727) 672-8271,Active
EMP014263,Stephanie,Anderson,Stephanie Anderson,22,HR,Associate,Boston,69706.77,4311.62,2020-07-17,0,71.9,stephanie.anderson@company.com,(898) 355-9546,Active
EMP014264,Sarah,Brown,Sarah Brown,42,HR,Director,Miami,93106.94,9185.87,2021-05-28,14,68.9,sarah.brown@company.com,(914) 301-2208,Active
EMP014265,Amanda,Johnson,Amanda Johnson,58,Finance,Manager,Austin,104197.92,6813.02,2024-05-29,36,71.2,amanda.johnson@company.com,(800) 211-8480,Active
EMP014266,Matthew,Davis,Matthew Davis,35,HR,Associate,Los Angeles,47416.67,1399.48,2020-08-03,6,91.5,matthew.davis@company.com,(914) 381-7224,Active
EMP014267,Christopher,Lopez,Christopher Lopez,29,Operations,Analyst,Austin,25500.0,2267.2,2020-04-22,6,51.1,christopher.lopez@company.com,(383) 267-7398,Active
EMP014268,Jessica,Rodriguez,Jessica Rodriguez,28,Operations,Associate,Boston,56074.17,4515.58,2021-06-18,5,52.1,jessica.rodriguez@company.com,(728) 625-8778,On Leave
EMP014269,David,Davis,David Davis,39,IT,Analyst,Los Angeles,88784.62,7638.95,2023-11-23,11,68.8,david.davis@company.com,(575) 489-6797,Active
EMP014270,Emily,Jackson,Emily Jackson,30,Legal,Senior Developer,New York,71212.55,2601.98,2024-07-06,2,87.8,emily.jackson@company.com,(367) 772-7081,On Leave
EMP014271,James,Moore,James Moore,51,HR,Senior Developer,Los Angeles,66372.74,7335.59,2024-04-13,27,74.8,james.moore@company.com,(878) 819-3200,Active
EMP014272,Christopher,Garcia,Christopher Garcia,58,HR,Lead,Austin,54039.29,1274.89,2023-05-07,32,74.7,christopher.garcia@company.com,(786) 556-1835,Active
EMP014273,Nicole,Martin,Nicole Martin,60,Marketing,Coordinator,Austin,78891.99,12186.81,2020-10-12,34,57.3,nicole.martin@company.com,(612) 764-1188,Active
EMP014274,Jane,Williams,Jane Williams,45,HR,Specialist,Miami,84015.38,2710.86,2024-02-24,19,63.1,jane.williams@company.com,(946) 597-8046,Active
EMP014275,Nicole,Hernandez,Nicole Hernandez,54,HR,Manager,Seattle,59143.26,5340.51,2020-09-21,26,92.4,nicole.hernandez@company.com,(446) 412-8015,Active
EMP014276,Melissa,Anderson,Melissa Anderson,57,Marketing,Director,Los Angeles,109753.06,12623.17,2023-05-16,29,88.9,melissa.anderson@company.com,(691) 443-7452,Active
EMP014277,Amanda,Moore,Amanda Moore,57,Marketing,Lead,Austin,81497.85,8860.33,2023-07-21,28,78.7,amanda.moore@company.com,(895) 521-5744,Active
EMP014278,Jane,Anderson,Jane Anderson,64,Finance,Specialist,Chicago,96096.91,8100.88,2020-12-13,37,63.0,jane.anderson@company.com,(372) 777-6258,Active
EMP014279,Nicole,Hernandez,Nicole Hernandez,39,Sales,Analyst,Chicago,100252.12,12918.69,2021-06-14,15,34.4,nicole.hernandez@company.com,(265) 398-5550,Active
EMP014280,Amanda,Brown,Amanda Brown,43,Operations,Senior Developer,San Francisco,50791.53,5119.4,2021-06-01,17,59.8,amanda.brown@company.com,(224) 491-4828,Active
EMP014281,Jane,Lopez,Jane Lopez,26,Sales,Director,Miami,69520.41,3619.52,2023-07-09,3,51.0,jane.lopez@company.com,(522) 351-1159,Active
EMP014282,David,Miller,David Miller,53,Legal,Coordinator,Miami,79260.85,13408.57,2024-06-08,24,79.9,david.miller@company.com,(502) 723-6907,Active
EMP014283,Stephanie,Garcia,Stephanie Garcia,56,Marketing,Director,New York,83983.68,5837.77,2024-04-27,28,67.9,stephanie.garcia@company.com,(556) 958-1291,Active
EMP014284,John,Johnson,John Johnson,51,Finance,Analyst,Chicago,76664.49,4818.38,2021-01-11,27,66.5,john.johnson@company.com,(605) 869-8372,Active
EMP014285,Michael,Thomas,Michael Thomas,49,Legal,Manager,Chicago,92612.45,17526.37,2023-05-05,21,35.9,michael.thomas@company.com,(290) 986-3707,Active
EMP014286,Christopher,Lopez,Christopher Lopez,48,Sales,Director,Chicago,56551.56,1444.39,2023-07-18,22,52.8,christopher.lopez@company.com,(681) 804-4205,On Leave
EMP014287,Lisa,Miller,Lisa Miller,35,Legal,Senior Developer,Boston,102872.51,5257.42,2020-04-12,11,76.2,lisa.miller@company.com,(650) 771-4220,Inactive
EMP014288,Nicole,Smith,Nicole Smith,46,IT,Director,Chicago,104460.35,20185.65,2023-05-14,19,80.8,nicole.smith@company.com,(480) 646-7928,Active
EMP014289,Lisa,Lopez,Lisa Lopez,54,Marketing,Senior Developer,Los Angeles,73542.9,7892.38,2021-04-03,30,72.3,lisa.lopez@company.com,(363) 561-4544,Active
EMP014290,Jessica,Anderson,Jessica Anderson,47,Engineering,Associate,Seattle,102911.97,19288.87,2020-11-02,22,83.7,jessica.anderson@company.com,(706) 247-8003,Active
EMP014291,Sarah,Miller,Sarah Miller,57,Marketing,Manager,Chicago,78123.87,9523.58,2024-02-26,32,76.6,sarah.miller@company.com,(458) 211-1143,Active
EMP014292,Nicole,Martinez,Nicole Martinez,22,IT,Coordinator,San Francisco,58212.95,7648.82,2023-03-03,0,70.3,nicole.martinez@company.com,(824) 682-4174,Active
EMP014293,John,Wilson,John Wilson,60,IT,Analyst,Austin,107602.39,2972.22,2023-05-03,32,70.9,john.wilson@company.com,(374) 743-8934,Active
EMP014294,John,Lopez,John Lopez,29,Marketing,Manager,Los Angeles,61776.58,832.2,2024-10-11,0,70.6,john.lopez@company.com,(614) 267-1663,Active
EMP014295,David,Wilson,David Wilson,34,Operations,Specialist,Austin,56082.73,6297.24,2020-09-06,5,62.3,david.wilson@company.com,(416) 970-4289,Active
EMP014296,Melissa,Johnson,Melissa Johnson,23,Operations,Associate,Los Angeles,64044.53,4233.56,2023-09-12,0,80.8,melissa.johnson@company.com,(350) 665-8851,Active
EMP014297,Sarah,Rodriguez,Sarah Rodriguez,26,Legal,Specialist,Boston,87670.28,5588.2,2024-03-05,0,72.1,sarah.rodriguez@company.com,(410) 878-9197,Active
EMP014298,William,Gonzalez,William Gonzalez,52,IT,Director,Austin,83602.17,0.0,2022-05-17,24,76.9,william.gonzalez@company.com,(871) 636-4428,Active
EMP014299,Anthony,Lopez,Anthony Lopez,52,HR,Lead,New York,44125.41,1689.36,2023-06-26,28,71.7,anthony.lopez@company.com,(638) 812-4838,Active
EMP014300,Sarah,Hernandez,Sarah Hernandez,41,Finance,Associate,San Francisco,51356.5,5494.78,2024-03-16,14,92.7,sarah.hernandez@company.com,(926) 479-2287,Active
EMP014301,James,Jackson,James Jackson,51,Engineering,Specialist,Los Angeles,89273.87,1858.83,2022-12-20,23,71.2,james.jackson@company.com,(701) 262-7579,Active
EMP014302,Lisa,Smith,Lisa Smith,22,HR,Coordinator,San Francisco,81365.62,7206.82,2021-02-01,0,69.1,lisa.smith@company.com,(424) 251-8443,On Leave
EMP014303,Jessica,Thomas,Jessica Thomas,52,IT,Associate,Miami,132710.02,11071.86,2023-01-05,27,48.9,jessica.thomas@company.com,(979) 580-6568,Inactive
EMP014304,Jane,Brown,Jane Brown,27,IT,Associate,San Francisco,74819.12,10947.16,2023-09-10,3,64.8,jane.brown@company.com,(599) 816-9976,Active
EMP014305,Jane,Wilson,Jane Wilson,34,Marketing,Associate,New York,93108.45,11267.84,2024-06-09,8,83.4,jane.wilson@company.com,(924) 455-9750,Active
EMP014306,Ashley,Thomas,Ashley Thomas,55,HR,Specialist,Los Angeles,75333.69,7385.51,2020-02-18,29,60.6,ashley.thomas@company.com,(456) 685-7072,Active
EMP014307,Stephanie,Martinez,Stephanie Martinez,59,HR,Manager,San Francisco,54758.9,5378.68,2023-11-24,34,76.9,stephanie.martinez@company.com,(786) 234-4850,Active
EMP014308,Jessica,Thomas,Jessica Thomas,47,Finance,Director,Austin,91588.32,7789.77,2024-07-11,21,67.5,jessica.thomas@company.com,(853) 663-1703,Active
EMP014309,Melissa,Miller,Melissa Miller,30,Marketing,Analyst,Los Angeles,46751.37,6269.46,2022-02-15,7,58.0,melissa.miller@company.com,(516) 922-1032,Active
EMP014310,Emily,Martinez,Emily Martinez,23,Finance,Analyst,Boston,51836.07,4074.96,2024-05-06,0,57.9,emily.martinez@company.com,(277) 611-5279,Active
EMP014311,Sarah,Jackson,Sarah Jackson,58,Marketing,Lead,Chicago,56570.23,5365.53,2023-12-04,30,90.1,sarah.jackson@company.com,(242) 246-5400,Active
EMP014312,Melissa,Thomas,Melissa Thomas,43,Engineering,Lead,Seattle,110670.51,14008.41,2024-12-08,21,65.8,melissa.thomas@company.com,(511) 452-8736,Active
EMP014313,Stephanie,Jones,Stephanie Jones,55,IT,Lead,Boston,107527.81,12652.34,2023-10-27,27,67.4,stephanie.jones@company.com,(272) 524-3681,Active
EMP014314,James,Jones,James Jones,64,IT,Director,New York,102264.08,9034.59,2020-04-17,40,40.5,james.jones@company.com,(960) 238-1079,Active
EMP014315,Matthew,Rodriguez,Matthew Rodriguez,27,Finance,Coordinator,Seattle,72299.06,10322.39,2023-10-28,5,59.8,matthew.rodriguez@company.com,(938) 348-3429,Active
EMP014316,Sarah,Martinez,Sarah Martinez,52,HR,Specialist,Boston,78882.88,4397.08,2023-07-20,26,59.9,sarah.martinez@company.com,(234) 544-6355,Active
EMP014317,Melissa,Taylor,Melissa Taylor,57,Finance,Analyst,Boston,78853.83,6820.54,2020-07-22,34,90.2,melissa.taylor@company.com,(888) 335-4390,On Leave
EMP014318,Jessica,Jackson,Jessica Jackson,59,Finance,Specialist,San Francisco,89540.74,9724.35,2022-05-30,35,89.0,jessica.jackson@company.com,(485) 433-2834,Active
EMP014319,Sarah,Jackson,Sarah Jackson,40,IT,Manager,Austin,74286.3,7824.4,2023-07-28,11,87.5,sarah.jackson@company.com,(930) 826-2160,Active
EMP014320,David,Miller,David Miller,54,Legal,Director,Seattle,116499.56,11471.21,2020-09-30,27,47.4,david.miller@company.com,(362) 395-4992,On Leave
EMP014321,Nicole,Thomas,Nicole Thomas,65,Marketing,Lead,Seattle,75649.4,1642.49,2020-11-28,39,98.5,nicole.thomas@company.com,(319) 480-7015,Active
EMP014322,Stephanie,Brown,Stephanie Brown,43,Legal,Lead,Seattle,75313.63,11203.83,2023-02-27,20,92.3,stephanie.brown@company.com,(587) 535-4351,Inactive
EMP014323,Nicole,Moore,Nicole Moore,60,Engineering,Director,Chicago,128607.67,8776.45,2020-05-20,37,73.2,nicole.moore@company.com,(211) 447-7724,Inactive
EMP014324,Sarah,Davis,Sarah Davis,44,IT,Lead,Chicago,70012.99,9985.58,2022-11-21,15,76.4,sarah.davis@company.com,(453) 684-7025,Active
EMP014325,Robert,Thomas,Robert Thomas,28,Engineering,Senior Developer,Austin,65081.21,11005.98,2023-05-12,5,60.6,robert.thomas@company.com,(923) 410-5961,Active
EMP014326,Emily,Johnson,Emily Johnson,22,Operations,Specialist,New York,45300.79,614.04,2024-05-24,0,78.4,emily.johnson@company.com,(639) 257-2195,Active
EMP014327,Stephanie,Jones,Stephanie Jones,56,Legal,Associate,Miami,105703.81,10725.03,2022-02-03,31,49.4,stephanie.jones@company.com,(917) 663-1381,Active
EMP014328,William,Davis,William Davis,33,Engineering,Analyst,New York,120680.42,17635.12,2023-06-30,7,70.0,william.davis@company.com,(351) 392-3522,Active
EMP014329,Ashley,Hernandez,Ashley Hernandez,44,HR,Coordinator,Austin,57031.35,5426.41,2022-01-01,17,64.9,ashley.hernandez@company.com,(212) 838-6042,Active
EMP014330,Jessica,Hernandez,Jessica Hernandez,47,Legal,Lead,Chicago,117550.85,11403.01,2022-07-21,19,98.5,jessica.hernandez@company.com,(610) 420-5137,Inactive
EMP014331,Sarah,Gonzalez,Sarah Gonzalez,42,IT,Director,New York,118249.7,16608.5,2020-04-28,19,93.3,sarah.gonzalez@company.com,(519) 378-7967,Active
EMP014332,Melissa,Miller,Melissa Miller,23,Operations,Specialist,Austin,34407.63,2585.16,2020-09-03,0,56.0,melissa.miller@company.com,(645) 425-6589,Active
EMP014333,Emily,Lopez,Emily Lopez,34,Engineering,Lead,Chicago,108529.91,3953.64,2021-06-13,6,72.9,emily.lopez@company.com,(851) 455-2871,Active
EMP014334,John,Gonzalez,John Gonzalez,36,HR,Manager,Miami,48732.2,3261.0,2022-12-28,14,100.0,john.gonzalez@company.com,(300) 727-6231,Active
EMP014335,Matthew,Smith,Matthew Smith,44,Marketing,Senior Developer,New York,66593.72,5862.38,2022-02-06,17,62.6,matthew.smith@company.com,(936) 310-6926,Active
EMP014336,David,Hernandez,David Hernandez,54,Operations,Senior Developer,Seattle,63607.4,5436.55,2024-11-11,31,84.9,david.hernandez@company.com,(745) 215-4426,Active
EMP014337,Christopher,Martin,Christopher Martin,26,Legal,Lead,Los Angeles,50740.1,7280.8,2022-11-15,0,70.1,christopher.martin@company.com,(585) 571-2032,On Leave
EMP014338,Amanda,Williams,Amanda Williams,51,Sales,Senior Developer,Los Angeles,87293.62,9013.26,2023-10-19,22,72.7,amanda.williams@company.com,(991) 621-3772,Active
EMP014339,Lisa,Rodriguez,Lisa Rodriguez,52,Engineering,Director,Boston,140285.64,18537.22,2021-01-23,25,64.3,lisa.rodriguez@company.com,(840) 805-9582,Active
EMP014340,Melissa,Anderson,Melissa Anderson,49,Finance,Coordinator,Miami,106484.35,10717.59,2022-04-09,26,70.2,melissa.anderson@company.com,(202) 314-4498,Active
EMP014341,Jane,Brown,Jane Brown,58,IT,Associate,San Francisco,102791.62,8020.5,2020-10-02,36,68.1,jane.brown@company.com,(580) 209-3756,Active
EMP014342,Daniel,Martinez,Daniel Martinez,61,IT,Manager,San Francisco,121791.22,11636.95,2023-04-19,36,100.0,daniel.martinez@company.com,(421) 248-1732,On Leave
EMP014343,Daniel,Brown,Daniel Brown,56,Legal,Coordinator,Boston,89926.73,5270.25,2022-12-07,30,66.7,daniel.brown@company.com,(262) 615-2029,Inactive
EMP014344,Amanda,Smith,Amanda Smith,47,HR,Specialist,Boston,75361.19,7184.75,2022-02-28,23,82.1,amanda.smith@company.com,(729) 468-4817,Active
EMP014345,Sarah,Williams,Sarah Williams,24,Engineering,Coordinator,New York,106625.85,11124.86,2021-03-14,0,80.5,sarah.williams@company.com,(564) 973-2791,Active
EMP014346,Jane,Gonzalez,Jane Gonzalez,45,Operations,Associate,Los Angeles,58011.01,0.0,2022-06-25,23,53.6,jane.gonzalez@company.com,(553) 995-9597,Active
EMP014347,Melissa,Jackson,Melissa Jackson,34,Operations,Director,Boston,60595.1,2920.99,2020-02-01,10,100.0,melissa.jackson@company.com,(783) 618-3430,Active
EMP014348,Anthony,Thomas,Anthony Thomas,22,Marketing,Lead,Chicago,34961.62,3545.59,2020-04-14,0,84.4,anthony.thomas@company.com,(720) 490-3368,Active
EMP014349,James,Garcia,James Garcia,43,IT,Specialist,New York,80532.04,5569.28,2023-11-26,21,55.9,james.garcia@company.com,(747) 400-9553,Active
EMP014350,Sarah,Moore,Sarah Moore,28,Sales,Director,Seattle,65734.5,1162.17,2024-02-22,5,59.1,sarah.moore@company.com,(994) 647-4294,Active
EMP014351,Amanda,Moore,Amanda Moore,54,IT,Director,Austin,134596.31,13968.4,2020-06-29,25,37.2,amanda.moore@company.com,(924) 646-8107,Inactive
EMP014352,Jessica,Lopez,Jessica Lopez,30,Engineering,Analyst,Miami,83124.01,9100.76,2024-06-18,6,88.7,jessica.lopez@company.com,(892) 574-3950,Active
EMP014353,Ashley,Rodriguez,Ashley Rodriguez,46,Marketing,Manager,Miami,61693.68,11737.38,2023-03-13,22,100.0,ashley.rodriguez@company.com,(618) 957-9352,Active
EMP014354,Stephanie,Taylor,Stephanie Taylor,58,Marketing,Analyst,Chicago,94974.03,15362.01,2024-08-23,36,79.9,stephanie.taylor@company.com,(708) 416-2463,Active
EMP014355,Anthony,Brown,Anthony Brown,27,Operations,Associate,Los Angeles,50281.15,6036.59,2020-10-26,0,59.5,anthony.brown@company.com,(812) 405-5461,Active
EMP014356,Jessica,Williams,Jessica Williams,56,Engineering,Senior Developer,Los Angeles,112793.29,5979.37,2021-02-21,33,81.6,jessica.williams@company.com,(942) 733-4911,Active
EMP014357,Stephanie,Lopez,Stephanie Lopez,50,Engineering,Coordinator,Seattle,94186.52,4853.42,2021-01-12,25,50.0,stephanie.lopez@company.com,(618) 292-9566,Active
EMP014358,David,Moore,David Moore,40,IT,Lead,Austin,42912.55,6713.43,2022-11-15,14,88.7,david.moore@company.com,(491) 439-6286,Active
EMP014359,Matthew,Anderson,Matthew Anderson,60,IT,Associate,Chicago,73889.67,2473.65,2021-02-11,34,75.2,matthew.anderson@company.com,(826) 509-8023,Active
EMP014360,Michael,Thomas,Michael Thomas,44,Engineering,Manager,Seattle,108543.32,13069.64,2021-09-07,15,100.0,michael.thomas@company.com,(696) 344-8948,Inactive
EMP014361,John,Thomas,John Thomas,51,Marketing,Senior Developer,San Francisco,63310.47,4192.44,2022-04-15,22,50.7,john.thomas@company.com,(343) 366-8837,Active
EMP014362,Matthew,Miller,Matthew Miller,58,HR,Lead,Austin,85137.04,6843.77,2021-08-14,34,77.3,matthew.miller@company.com,(891) 252-2869,Active
EMP014363,Daniel,Moore,Daniel Moore,46,IT,Manager,Miami,81688.06,8192.87,2021-04-23,23,79.1,daniel.moore@company.com,(346) 894-3838,Active
EMP014364,James,Wilson,James Wilson,46,Sales,Analyst,San Francisco,42479.28,1873.77,2022-06-17,22,89.8,james.wilson@company.com,(507) 216-7147,Active
EMP014365,Lisa,Rodriguez,Lisa Rodriguez,47,Legal,Coordinator,San Francisco,86822.84,5098.64,2022-12-28,22,66.4,lisa.rodriguez@company.com,(886) 669-8714,Active
EMP014366,William,Gonzalez,William Gonzalez,34,Legal,Specialist,Miami,94554.05,7511.62,2020-05-23,5,91.6,william.gonzalez@company.com,(297) 507-4202,Active
EMP014367,William,Moore,William Moore,49,Sales,Director,Boston,82660.35,10865.79,2021-04-15,21,73.5,william.moore@company.com,(702) 542-7091,Active
EMP014368,David,Davis,David Davis,24,Legal,Coordinator,Los Angeles,95015.72,10342.47,2023-04-06,0,62.5,david.davis@company.com,(719) 800-5715,Active
EMP014369,John,Martin,John Martin,42,HR,Senior Developer,New York,67973.36,4016.96,2020-10-08,20,81.2,john.martin@company.com,(930) 296-8375,Active
EMP014370,David,Lopez,David Lopez,34,Marketing,Manager,San Francisco,47099.85,2638.13,2024-07-14,8,79.7,david.lopez@company.com,(384) 982-3192,On Leave
EMP014371,William,Jones,William Jones,49,Engineering,Specialist,San Francisco,94233.24,9420.18,2023-03-13,20,96.0,william.jones@company.com,(660) 525-7075,Inactive
EMP014372,Jessica,Wilson,Jessica Wilson,56,Operations,Director,New York,79592.44,8081.15,2023-11-28,33,67.3,jessica.wilson@company.com,(930) 765-9993,Inactive
EMP014373,Anthony,Moore,Anthony Moore,25,Finance,Lead,Austin,44257.91,7230.99,2024-12-23,0,79.4,anthony.moore@company.com,(256) 393-9460,Active
EMP014374,Ashley,Williams,Ashley Williams,55,HR,Lead,Seattle,78561.23,283.53,2021-01-20,31,65.7,ashley.williams@company.com,(911) 528-1778,Active
EMP014375,Matthew,Wilson,Matthew Wilson,63,Sales,Manager,Austin,70518.52,3620.18,2024-06-07,34,62.0,matthew.wilson@company.com,(708) 518-8624,Active
EMP014376,Daniel,Johnson,Daniel Johnson,40,Marketing,Manager,Seattle,65522.02,4541.42,2021-12-31,13,63.9,daniel.johnson@company.com,(454) 439-2761,Active
EMP014377,Christopher,Martin,Christopher Martin,47,Operations,Associate,Austin,63042.12,1904.97,2021-08-28,23,71.8,christopher.martin@company.com,(300) 390-4134,Active
EMP014378,Robert,Lopez,Robert Lopez,29,Marketing,Associate,Austin,60415.43,8209.39,2021-11-20,1,70.3,robert.lopez@company.com,(548) 633-6669,Active
EMP014379,Anthony,Rodriguez,Anthony Rodriguez,38,Marketing,Associate,Seattle,70703.77,8607.13,2020-10-27,14,87.9,anthony.rodriguez@company.com,(237) 835-9153,Active
EMP014380,Melissa,Hernandez,Melissa Hernandez,46,Marketing,Senior Developer,Boston,70813.28,5008.45,2021-07-28,17,85.9,melissa.hernandez@company.com,(845) 440-5153,Active
EMP014381,Sarah,Gonzalez,Sarah Gonzalez,65,HR,Coordinator,Austin,82143.2,3619.8,2024-06-09,36,73.6,sarah.gonzalez@company.com,(220) 282-9971,Active
EMP014382,Stephanie,Smith,Stephanie Smith,60,Operations,Coordinator,New York,49268.3,1951.13,2023-08-27,37,78.8,stephanie.smith@company.com,(975) 440-6453,Active
EMP014383,Stephanie,Jackson,Stephanie Jackson,49,IT,Analyst,Miami,95083.11,12828.38,2022-09-15,22,70.6,stephanie.jackson@company.com,(503) 652-6777,Inactive
EMP014384,Nicole,Martinez,Nicole Martinez,29,Legal,Senior Developer,Los Angeles,61206.85,7511.55,2020-05-30,0,67.7,nicole.martinez@company.com,(358) 842-8827,Active
EMP014385,Ashley,Miller,Ashley Miller,41,Marketing,Coordinator,Boston,72806.68,16754.57,2023-01-15,19,81.7,ashley.miller@company.com,(760) 510-6093,Active
EMP014386,Lisa,Garcia,Lisa Garcia,41,IT,Director,New York,75843.2,7946.6,2021-08-20,18,70.6,lisa.garcia@company.com,(479) 728-4332,Active
EMP014387,Michael,Thomas,Michael Thomas,42,IT,Analyst,New York,79738.79,9830.24,2022-09-25,16,66.2,michael.thomas@company.com,(826) 882-4126,Active
EMP014388,Sarah,Wilson,Sarah Wilson,42,Finance,Director,San Francisco,79504.19,5010.43,2020-07-06,19,63.7,sarah.wilson@company.com,(675) 891-2258,Inactive
EMP014389,Michael,Taylor,Michael Taylor,65,Operations,Senior Developer,Boston,93410.33,9876.58,2021-08-23,40,61.0,michael.taylor@company.com,(874) 607-4787,Active
EMP014390,Sarah,Rodriguez,Sarah Rodriguez,55,IT,Associate,Austin,136344.62,24555.49,2020-10-10,28,70.5,sarah.rodriguez@company.com,(295) 444-1185,Active
EMP014391,Melissa,Taylor,Melissa Taylor,61,Marketing,Analyst,Los Angeles,76454.76,7203.86,2023-02-26,36,94.8,melissa.taylor@company.com,(696) 527-9768,Active
EMP014392,Stephanie,Williams,Stephanie Williams,30,HR,Coordinator,San Francisco,42624.37,3927.15,2022-04-19,6,79.1,stephanie.williams@company.com,(386) 299-5306,Inactive
EMP014393,Melissa,Hernandez,Melissa Hernandez,45,Legal,Analyst,Seattle,94797.37,6222.88,2021-12-25,22,60.1,melissa.hernandez@company.com,(594) 239-5089,Active
EMP014394,Sarah,Rodriguez,Sarah Rodriguez,63,Marketing,Coordinator,New York,85387.91,6856.39,2023-07-16,41,79.8,sarah.rodriguez@company.com,(778) 636-9093,Active
EMP014395,Lisa,Moore,Lisa Moore,28,Operations,Associate,Chicago,65010.94,5761.25,2022-05-01,0,92.1,lisa.moore@company.com,(494) 410-2447,Active
EMP014396,Stephanie,Jackson,Stephanie Jackson,38,Engineering,Associate,Austin,91079.54,9704.57,2022-02-01,13,83.7,stephanie.jackson@company.com,(771) 461-5686,Active
EMP014397,Jessica,Lopez,Jessica Lopez,47,Operations,Lead,New York,71543.73,1414.44,2020-09-01,25,89.2,jessica.lopez@company.com,(333) 423-7793,Active
EMP014398,Anthony,Taylor,Anthony Taylor,54,Operations,Director,San Francisco,79372.88,6344.12,2024-03-12,31,100.0,anthony.taylor@company.com,(449) 983-4967,Active
EMP014399,William,Jackson,William Jackson,28,HR,Analyst,Chicago,71280.04,5878.92,2024-05-09,2,51.2,william.jackson@company.com,(830) 243-8025,Active
EMP014400,John,Martin,John Martin,44,Sales,Specialist,Los Angeles,91468.05,15316.63,2023-03-27,18,77.4,john.martin@company.com,(569) 943-5421,Active
EMP014401,Jessica,Taylor,Jessica Taylor,34,Marketing,Senior Developer,Chicago,67635.19,9154.56,2023-08-12,11,79.6,jessica.taylor@company.com,(935) 430-7767,Active
EMP014402,Anthony,Martin,Anthony Martin,55,Engineering,Specialist,New York,73555.94,4648.23,2020-09-08,28,96.9,anthony.martin@company.com,(969) 506-2015,Active
EMP014403,Melissa,Moore,Melissa Moore,63,IT,Director,New York,118635.12,9991.54,2023-03-27,41,86.4,melissa.moore@company.com,(832) 773-4167,Active
EMP014404,Stephanie,Williams,Stephanie Williams,50,HR,Lead,Los Angeles,79126.52,9470.76,2023-05-30,21,56.8,stephanie.williams@company.com,(318) 535-1348,Active
EMP014405,Emily,Brown,Emily Brown,63,Finance,Senior Developer,Austin,65861.43,8865.57,2023-12-10,35,77.8,emily.brown@company.com,(201) 648-6430,Active
EMP014406,Anthony,Hernandez,Anthony Hernandez,52,Legal,Specialist,Miami,92910.13,18067.29,2024-12-30,29,74.4,anthony.hernandez@company.com,(773) 653-7057,Active
EMP014407,Matthew,Hernandez,Matthew Hernandez,52,Marketing,Analyst,Boston,73948.87,10352.55,2021-03-14,24,74.8,matthew.hernandez@company.com,(862) 663-8360,Active
EMP014408,William,Jackson,William Jackson,51,Engineering,Manager,Chicago,128218.38,15140.66,2024-04-23,25,47.1,william.jackson@company.com,(419) 760-3396,Active
EMP014409,Lisa,Wilson,Lisa Wilson,35,Sales,Specialist,Chicago,54873.09,6433.82,2020-09-27,7,50.7,lisa.wilson@company.com,(302) 627-6473,Inactive
EMP014410,Michael,Brown,Michael Brown,46,IT,Manager,Chicago,116634.96,18785.17,2024-02-09,17,71.6,michael.brown@company.com,(246) 788-6303,Inactive
EMP014411,Melissa,Martinez,Melissa Martinez,28,Engineering,Analyst,Seattle,93565.53,0.0,2021-08-13,0,73.4,melissa.martinez@company.com,(488) 869-4102,Active
EMP014412,Jessica,Martinez,Jessica Martinez,26,Legal,Coordinator,Boston,56609.47,1403.59,2020-07-28,0,84.3,jessica.martinez@company.com,(421) 859-2532,Inactive
EMP014413,Sarah,Smith,Sarah Smith,49,Engineering,Analyst,New York,82762.26,5760.77,2020-01-21,20,77.2,sarah.smith@company.com,(704) 482-5879,Active
EMP014414,Melissa,Gonzalez,Melissa Gonzalez,42,Marketing,Lead,San Francisco,42801.9,5366.78,2024-11-13,19,65.2,melissa.gonzalez@company.com,(615) 581-2815,Active
EMP014415,Daniel,Taylor,Daniel Taylor,65,Finance,Coordinator,Miami,94796.23,6476.68,2020-07-05,36,85.6,daniel.taylor@company.com,(906) 795-8237,Inactive
EMP014416,Melissa,Davis,Melissa Davis,60,Operations,Analyst,Chicago,68897.61,6114.06,2021-11-16,37,85.4,melissa.davis@company.com,(346) 941-9769,Active
EMP014417,Jessica,Hernandez,Jessica Hernandez,54,Sales,Director,Austin,73540.73,8334.06,2023-07-09,25,65.8,jessica.hernandez@company.com,(263) 220-6878,On Leave
EMP014418,Michael,Gonzalez,Michael Gonzalez,47,Finance,Analyst,San Francisco,85647.31,7606.97,2022-06-24,24,78.3,michael.gonzalez@company.com,(450) 398-4439,Active
EMP014419,Nicole,Moore,Nicole Moore,24,Engineering,Associate,Austin,73807.4,954.43,2023-06-17,0,89.4,nicole.moore@company.com,(816) 366-3807,Active
EMP014420,Christopher,Lopez,Christopher Lopez,25,Operations,Senior Developer,Miami,25500.0,3081.05,2020-01-07,3,100.0,christopher.lopez@company.com,(989) 686-8093,Inactive
EMP014421,Michael,Lopez,Michael Lopez,34,Finance,Senior Developer,Austin,82619.16,11349.16,2022-09-16,5,75.9,michael.lopez@company.com,(489) 869-7442,Active
EMP014422,Ashley,Johnson,Ashley Johnson,25,Operations,Associate,Chicago,48982.65,4546.54,2021-06-18,1,54.1,ashley.johnson@company.com,(259) 235-6250,Active
EMP014423,Amanda,Garcia,Amanda Garcia,51,Operations,Director,New York,63872.45,4876.83,2020-05-19,29,57.9,amanda.garcia@company.com,(251) 800-8060,Active
EMP014424,Michael,Thomas,Michael Thomas,30,Marketing,Lead,Boston,52546.41,7354.52,2020-10-16,7,100.0,michael.thomas@company.com,(769) 418-7963,Active
EMP014425,William,Jackson,William Jackson,64,Legal,Coordinator,Los Angeles,109708.51,8991.89,2024-08-27,40,79.4,william.jackson@company.com,(376) 505-1175,On Leave
EMP014426,William,Thomas,William Thomas,51,HR,Coordinator,Miami,79586.13,15862.62,2023-01-03,25,70.4,william.thomas@company.com,(436) 608-9203,Active
EMP014427,Melissa,Jones,Melissa Jones,60,Engineering,Analyst,Boston,89455.63,18109.02,2022-01-16,38,69.6,melissa.jones@company.com,(322) 267-9230,Active
EMP014428,Matthew,Johnson,Matthew Johnson,34,Sales,Coordinator,New York,93129.16,7547.45,2022-07-26,7,100.0,matthew.johnson@company.com,(358) 861-5880,Inactive
EMP014429,Michael,Moore,Michael Moore,48,Legal,Specialist,Miami,60495.39,5797.92,2022-05-02,24,79.3,michael.moore@company.com,(461) 994-2780,Active
EMP014430,Melissa,Thomas,Melissa Thomas,23,Sales,Specialist,Austin,60901.1,2941.01,2021-09-04,0,80.0,melissa.thomas@company.com,(980) 767-4461,Active
EMP014431,Nicole,Davis,Nicole Davis,37,Finance,Analyst,Miami,79346.35,467.45,2020-02-26,12,70.0,nicole.davis@company.com,(839) 201-1637,Active
EMP014432,Nicole,Garcia,Nicole Garcia,47,Marketing,Manager,Seattle,71927.48,3629.94,2022-01-13,18,49.3,nicole.garcia@company.com,(299) 631-5379,On Leave
EMP014433,Anthony,Anderson,Anthony Anderson,47,IT,Analyst,Seattle,89143.49,6348.24,2023-11-03,18,43.6,anthony.anderson@company.com,(255) 450-8692,Active
EMP014434,Emily,Lopez,Emily Lopez,34,Finance,Lead,New York,65047.99,8368.95,2023-03-09,9,83.4,emily.lopez@company.com,(535) 522-9141,Active
EMP014435,Daniel,Lopez,Daniel Lopez,52,IT,Lead,Miami,101290.77,13252.42,2024-05-27,26,85.6,daniel.lopez@company.com,(701) 787-2142,Active
EMP014436,William,Brown,William Brown,37,Sales,Analyst,Boston,57567.19,5329.44,2021-08-28,8,100.0,william.brown@company.com,(339) 922-2722,Active
EMP014437,Lisa,Thomas,Lisa Thomas,36,Operations,Coordinator,New York,39116.34,0.0,2023-05-30,9,68.5,lisa.thomas@company.com,(806) 325-4425,Active
EMP014438,Amanda,Davis,Amanda Davis,37,Legal,Specialist,Chicago,124682.54,19872.09,2021-08-28,15,64.0,amanda.davis@company.com,(734) 402-4332,On Leave
EMP014439,Daniel,Anderson,Daniel Anderson,64,Finance,Analyst,Miami,81504.25,9726.45,2023-09-26,39,81.1,daniel.anderson@company.com,(569) 622-2925,Active
EMP014440,Nicole,Williams,Nicole Williams,22,IT,Lead,Austin,79272.32,6410.53,2020-08-17,0,64.6,nicole.williams@company.com,(310) 983-4229,Active
EMP014441,Amanda,Rodriguez,Amanda Rodriguez,33,Finance,Lead,New York,51107.87,0.0,2021-02-03,10,98.8,amanda.rodriguez@company.com,(235) 304-1558,Active
EMP014442,Daniel,Gonzalez,Daniel Gonzalez,64,Operations,Manager,Miami,94818.08,9964.99,2021-10-23,38,36.6,daniel.gonzalez@company.com,(454) 560-7478,Active
EMP014443,David,Hernandez,David Hernandez,22,Marketing,Senior Developer,Boston,54714.17,12433.75,2020-06-05,0,59.7,david.hernandez@company.com,(721) 665-2318,Inactive
EMP014444,Amanda,Smith,Amanda Smith,29,Sales,Lead,Austin,74890.31,2110.33,2021-10-23,0,64.0,amanda.smith@company.com,(465) 239-1077,Active
EMP014445,Jessica,Davis,Jessica Davis,61,Sales,Manager,Austin,99623.68,4720.05,2024-10-07,35,98.2,jessica.davis@company.com,(402) 630-2817,Active
EMP014446,Sarah,Lopez,Sarah Lopez,42,Operations,Analyst,San Francisco,48312.31,5653.98,2023-02-26,19,79.7,sarah.lopez@company.com,(702) 722-6441,Active
EMP014447,Daniel,Jackson,Daniel Jackson,50,Operations,Manager,Miami,79870.19,9392.71,2021-09-09,26,70.0,daniel.jackson@company.com,(545) 369-7348,Active
EMP014448,Melissa,Hernandez,Melissa Hernandez,23,Engineering,Manager,Boston,53242.98,4823.45,2020-08-22,0,91.1,melissa.hernandez@company.com,(957) 574-3182,Active
EMP014449,Jessica,Williams,Jessica Williams,23,Sales,Manager,Los Angeles,71759.75,12024.91,2023-06-03,0,45.0,jessica.williams@company.com,(259) 793-2096,Active
EMP014450,David,Taylor,David Taylor,40,Operations,Manager,New York,68918.27,6883.46,2023-10-30,13,93.2,david.taylor@company.com,(228) 214-8403,Active
EMP014451,Stephanie,Hernandez,Stephanie Hernandez,48,Finance,Director,Los Angeles,62930.03,10322.01,2020-10-09,25,77.0,stephanie.hernandez@company.com,(705) 550-1218,Active
EMP014452,Lisa,Wilson,Lisa Wilson,23,Operations,Coordinator,Miami,46504.47,8582.68,2020-01-15,0,93.6,lisa.wilson@company.com,(779) 603-2304,Active
EMP014453,Matthew,Lopez,Matthew Lopez,39,IT,Analyst,Seattle,100255.85,11764.76,2021-06-30,12,81.1,matthew.lopez@company.com,(419) 603-8394,Active
EMP014454,Christopher,Martin,Christopher Martin,26,Operations,Associate,New York,59763.31,5957.86,2024-07-20,0,97.5,christopher.martin@company.com,(953) 205-2207,Active
EMP014455,Michael,Anderson,Michael Anderson,61,HR,Analyst,Los Angeles,80209.45,13600.74,2023-12-27,38,77.4,michael.anderson@company.com,(411) 651-4394,Active
EMP014456,Michael,Jackson,Michael Jackson,22,Engineering,Associate,Chicago,75853.87,4963.95,2022-05-23,0,77.8,michael.jackson@company.com,(237) 747-4146,Active
EMP014457,Christopher,Wilson,Christopher Wilson,52,Marketing,Associate,Seattle,67611.33,12844.05,2024-10-07,27,90.7,christopher.wilson@company.com,(648) 238-9278,Active
EMP014458,Emily,Jackson,Emily Jackson,26,IT,Associate,Miami,67478.88,4796.7,2020-11-07,1,66.0,emily.jackson@company.com,(985) 338-7220,Active
EMP014459,Melissa,Anderson,Melissa Anderson,49,Marketing,Coordinator,Los Angeles,83083.61,6336.62,2023-08-14,23,95.4,melissa.anderson@company.com,(318) 309-7843,Active
EMP014460,Lisa,Anderson,Lisa Anderson,32,Operations,Manager,New York,43344.24,6377.43,2021-03-29,10,61.1,lisa.anderson@company.com,(508) 510-6671,Active
EMP014461,Sarah,Martin,Sarah Martin,62,Sales,Director,Boston,107016.94,9827.05,2020-07-07,33,81.3,sarah.martin@company.com,(751) 669-6213,Active
EMP014462,Christopher,Smith,Christopher Smith,52,Marketing,Specialist,Boston,72300.98,6185.62,2022-06-02,24,59.0,christopher.smith@company.com,(528) 606-7318,Active
EMP014463,Jessica,Davis,Jessica Davis,27,Operations,Lead,New York,31181.19,3259.5,2021-10-28,0,72.3,jessica.davis@company.com,(543) 964-8580,Active
EMP014464,Stephanie,Williams,Stephanie Williams,26,Operations,Associate,New York,61708.49,4281.73,2020-10-17,0,73.6,stephanie.williams@company.com,(569) 534-7543,Active
EMP014465,Matthew,Garcia,Matthew Garcia,58,Engineering,Specialist,New York,111868.37,11595.81,2021-10-31,29,100.0,matthew.garcia@company.com,(716) 764-9271,Active
EMP014466,Emily,Jackson,Emily Jackson,37,Sales,Associate,Miami,72022.94,0.0,2020-10-17,13,76.8,emily.jackson@company.com,(632) 370-5183,Active
EMP014467,Lisa,Lopez,Lisa Lopez,28,Legal,Manager,Miami,72436.49,4199.46,2023-11-15,5,83.5,lisa.lopez@company.com,(362) 475-5740,Active
EMP014468,William,Thomas,William Thomas,36,Marketing,Lead,Los Angeles,63982.64,4666.08,2020-09-23,12,88.7,william.thomas@company.com,(966) 454-8431,Active
EMP014469,William,Brown,William Brown,47,Engineering,Analyst,Los Angeles,94870.63,1166.12,2022-07-03,25,83.9,william.brown@company.com,(624) 823-1159,Active
EMP014470,Stephanie,Smith,Stephanie Smith,26,Engineering,Coordinator,Austin,82570.53,10218.3,2021-06-03,0,55.4,stephanie.smith@company.com,(632) 918-8573,Active
EMP014471,Michael,Miller,Michael Miller,25,Sales,Coordinator,New York,61939.54,714.11,2024-06-02,2,73.8,michael.miller@company.com,(263) 444-1774,Active
EMP014472,Jane,Johnson,Jane Johnson,59,IT,Lead,San Francisco,116237.41,6619.54,2023-02-17,30,75.4,jane.johnson@company.com,(232) 382-1102,Inactive
EMP014473,Sarah,Thomas,Sarah Thomas,37,Finance,Coordinator,Miami,96211.94,8793.23,2020-02-16,13,65.6,sarah.thomas@company.com,(706) 893-4828,Active
EMP014474,Sarah,Gonzalez,Sarah Gonzalez,56,Legal,Specialist,Los Angeles,116471.53,10376.97,2020-08-04,32,88.3,sarah.gonzalez@company.com,(558) 948-8650,Active
EMP014475,Lisa,Miller,Lisa Miller,45,Engineering,Associate,Los Angeles,115736.39,7410.94,2024-01-20,17,93.1,lisa.miller@company.com,(983) 643-9623,Active
EMP014476,Melissa,Thomas,Melissa Thomas,60,Engineering,Senior Developer,Chicago,109829.64,13584.03,2022-05-23,38,84.9,melissa.thomas@company.com,(380) 849-6240,Active
EMP014477,Anthony,Garcia,Anthony Garcia,59,Legal,Specialist,Austin,115464.24,8538.9,2023-11-16,31,66.4,anthony.garcia@company.com,(464) 665-3747,Active
EMP014478,Robert,Garcia,Robert Garcia,40,IT,Manager,Los Angeles,84219.33,10069.42,2024-06-16,17,56.2,robert.garcia@company.com,(737) 496-7007,Active
EMP014479,William,Miller,William Miller,36,Marketing,Coordinator,New York,79393.08,13479.52,2021-08-28,13,67.0,william.miller@company.com,(875) 593-8877,Active
EMP014480,Nicole,Anderson,Nicole Anderson,62,Engineering,Analyst,Los Angeles,84053.97,2355.38,2023-06-20,38,64.2,nicole.anderson@company.com,(727) 981-6811,Active
EMP014481,Christopher,Rodriguez,Christopher Rodriguez,42,Finance,Director,New York,76158.89,10535.3,2020-07-13,20,87.9,christopher.rodriguez@company.com,(950) 528-7795,Active
EMP014482,Anthony,Gonzalez,Anthony Gonzalez,32,IT,Director,New York,71338.71,6622.96,2023-07-25,7,63.5,anthony.gonzalez@company.com,(644) 409-2936,Active
EMP014483,Melissa,Martinez,Melissa Martinez,62,Marketing,Manager,Boston,84849.55,9590.51,2024-03-20,38,61.8,melissa.martinez@company.com,(663) 986-2550,Active
EMP014484,Lisa,Miller,Lisa Miller,41,IT,Lead,Los Angeles,107601.34,11004.11,2021-01-19,12,66.0,lisa.miller@company.com,(332) 696-2434,Inactive
EMP014485,Amanda,Jackson,Amanda Jackson,40,Engineering,Senior Developer,San Francisco,72372.75,8024.14,2024-04-24,13,67.9,amanda.jackson@company.com,(477) 818-3925,Active
EMP014486,Stephanie,Jackson,Stephanie Jackson,22,HR,Lead,New York,58966.52,11269.7,2023-06-20,0,64.7,stephanie.jackson@company.com,(228) 234-8770,Active
EMP014487,Anthony,Garcia,Anthony Garcia,40,Legal,Analyst,Chicago,139888.83,7619.44,2024-04-04,12,66.3,anthony.garcia@company.com,(652) 900-1192,Active
EMP014488,Melissa,Martinez,Melissa Martinez,27,Sales,Analyst,Miami,65612.0,7207.13,2022-03-25,4,60.6,melissa.martinez@company.com,(267) 833-5418,Active
EMP014489,Anthony,Jackson,Anthony Jackson,39,Engineering,Analyst,Boston,84358.74,1101.72,2022-01-14,13,56.3,anthony.jackson@company.com,(989) 778-8473,Active
EMP014490,James,Martinez,James Martinez,23,HR,Specialist,Miami,46186.06,5375.46,2022-04-19,1,76.5,james.martinez@company.com,(600) 673-7941,Active
EMP014491,Sarah,Garcia,Sarah Garcia,31,Engineering,Lead,Seattle,89848.12,10111.81,2024-07-15,9,83.1,sarah.garcia@company.com,(646) 718-9125,Active
EMP014492,Daniel,Davis,Daniel Davis,45,HR,Director,New York,48146.76,0.0,2022-07-21,20,100.0,daniel.davis@company.com,(961) 760-5582,Active
EMP014493,William,Williams,William Williams,64,Sales,Senior Developer,Los Angeles,92603.74,13783.59,2020-08-15,35,59.0,william.williams@company.com,(446) 254-7879,Active
EMP014494,Sarah,Jones,Sarah Jones,49,Sales,Director,Seattle,88114.14,4127.48,2023-02-06,24,52.4,sarah.jones@company.com,(858) 466-8582,Active
EMP014495,William,Gonzalez,William Gonzalez,47,Engineering,Director,San Francisco,98384.13,10656.12,2022-01-29,18,56.5,william.gonzalez@company.com,(425) 509-7117,Active
EMP014496,Lisa,Rodriguez,Lisa Rodriguez,62,Legal,Director,Boston,142080.08,13983.78,2020-04-22,35,91.5,lisa.rodriguez@company.com,(229) 455-7534,Active
EMP014497,Jane,Garcia,Jane Garcia,59,Marketing,Lead,Miami,97354.56,6468.56,2022-04-30,37,100.0,jane.garcia@company.com,(269) 211-1935,Active
EMP014498,Stephanie,Smith,Stephanie Smith,39,Finance,Associate,Miami,73466.5,8478.23,2024-09-22,17,62.8,stephanie.smith@company.com,(803) 985-5282,Active
EMP014499,Christopher,Lopez,Christopher Lopez,52,IT,Director,Boston,80081.3,5041.01,2024-10-03,30,86.1,christopher.lopez@company.com,(661) 304-1371,Active
EMP014500,William,Garcia,William Garcia,48,Finance,Director,Seattle,102294.82,8336.81,2021-10-11,25,80.1,william.garcia@company.com,(924) 537-9213,Active
EMP014501,Amanda,Anderson,Amanda Anderson,39,Sales,Specialist,Los Angeles,66785.47,2863.79,2021-10-18,12,79.3,amanda.anderson@company.com,(347) 718-9258,Active
EMP014502,Michael,Johnson,Michael Johnson,30,Operations,Director,Austin,38138.18,1308.25,2024-01-30,8,86.6,michael.johnson@company.com,(315) 941-7787,Active
EMP014503,Sarah,Williams,Sarah Williams,24,Sales,Manager,San Francisco,33303.09,1046.78,2021-02-22,2,79.8,sarah.williams@company.com,(741) 337-3966,Active
EMP014504,Matthew,Wilson,Matthew Wilson,50,Operations,Associate,New York,51188.8,2241.91,2024-09-12,22,68.2,matthew.wilson@company.com,(725) 250-2196,Active
EMP014505,Anthony,Williams,Anthony Williams,45,Operations,Senior Developer,San Francisco,44163.22,2078.39,2020-09-04,21,74.3,anthony.williams@company.com,(254) 922-2957,Active
EMP014506,Daniel,Hernandez,Daniel Hernandez,31,Finance,Analyst,Los Angeles,83816.66,1931.71,2022-04-24,9,83.0,daniel.hernandez@company.com,(413) 788-8448,Active
EMP014507,William,Lopez,William Lopez,30,Legal,Coordinator,Boston,62611.99,3588.18,2022-08-20,7,75.7,william.lopez@company.com,(591) 845-3484,Active
EMP014508,Nicole,Hernandez,Nicole Hernandez,45,Finance,Manager,Seattle,78859.41,3671.18,2020-04-12,19,90.8,nicole.hernandez@company.com,(315) 780-3578,Active
EMP014509,Michael,Williams,Michael Williams,43,IT,Specialist,Seattle,85720.57,5609.05,2020-07-03,21,56.6,michael.williams@company.com,(478) 287-8418,Active
EMP014510,Melissa,Miller,Melissa Miller,46,Operations,Analyst,Chicago,70486.22,1949.54,2022-02-17,17,59.2,melissa.miller@company.com,(893) 231-6627,Active
EMP014511,Sarah,Smith,Sarah Smith,24,Legal,Analyst,Seattle,53372.53,8711.03,2023-05-19,0,62.6,sarah.smith@company.com,(311) 807-3649,Active
EMP014512,William,Hernandez,William Hernandez,41,Engineering,Senior Developer,Los Angeles,73902.44,10249.66,2020-12-11,12,67.8,william.hernandez@company.com,(536) 846-9862,Active
EMP014513,Jane,Gonzalez,Jane Gonzalez,53,IT,Lead,San Francisco,85861.08,12575.14,2024-07-20,29,73.4,jane.gonzalez@company.com,(942) 260-1280,Active
EMP014514,Nicole,Garcia,Nicole Garcia,63,Sales,Lead,Miami,74184.5,6508.62,2024-04-01,40,56.7,nicole.garcia@company.com,(368) 990-6060,Inactive
EMP014515,James,Smith,James Smith,45,HR,Director,Los Angeles,99949.83,1853.06,2021-10-23,16,90.6,james.smith@company.com,(368) 783-3318,Active
EMP014516,Jessica,Brown,Jessica Brown,61,HR,Coordinator,Austin,64246.33,6037.24,2023-06-18,39,74.9,jessica.brown@company.com,(752) 766-9148,Active
EMP014517,Ashley,Jones,Ashley Jones,43,Operations,Manager,San Francisco,59301.93,7589.77,2020-08-06,18,67.3,ashley.jones@company.com,(803) 311-5473,Active
EMP014518,Daniel,Jackson,Daniel Jackson,59,IT,Director,Chicago,112905.75,17564.86,2023-01-26,37,40.1,daniel.jackson@company.com,(258) 845-6010,Active
EMP014519,Matthew,Davis,Matthew Davis,33,Marketing,Specialist,Los Angeles,71361.91,7129.1,2020-10-05,6,85.6,matthew.davis@company.com,(271) 460-9810,Active
EMP014520,Stephanie,Davis,Stephanie Davis,53,Operations,Lead,San Francisco,89402.4,17061.41,2021-11-22,30,75.8,stephanie.davis@company.com,(907) 594-4121,Active
EMP014521,John,Jones,John Jones,65,Marketing,Specialist,Chicago,78037.47,0.0,2021-05-10,43,82.9,john.jones@company.com,(806) 464-8362,Active
EMP014522,Melissa,Garcia,Melissa Garcia,22,IT,Coordinator,Chicago,49704.03,5765.32,2020-07-30,0,65.0,melissa.garcia@company.com,(490) 278-5405,On Leave
EMP014523,Michael,Johnson,Michael Johnson,24,HR,Analyst,Los Angeles,64889.35,4702.4,2022-12-22,1,84.4,michael.johnson@company.com,(816) 756-2421,Active
EMP014524,Melissa,Johnson,Melissa Johnson,58,Engineering,Associate,Miami,115852.86,14589.94,2023-01-11,34,72.2,melissa.johnson@company.com,(489) 273-6667,Active
EMP014525,Anthony,Martinez,Anthony Martinez,40,Finance,Manager,Boston,93602.76,1728.47,2022-07-27,18,94.2,anthony.martinez@company.com,(261) 268-5500,Active
EMP014526,Sarah,Smith,Sarah Smith,65,Marketing,Coordinator,Boston,102447.81,9218.4,2023-11-27,39,59.2,sarah.smith@company.com,(286) 493-7929,Active
EMP014527,Nicole,Davis,Nicole Davis,57,Engineering,Associate,New York,92353.41,13279.14,2023-07-29,31,96.2,nicole.davis@company.com,(221) 766-6157,On Leave
EMP014528,Jessica,Rodriguez,Jessica Rodriguez,38,Engineering,Coordinator,Austin,82832.52,3632.99,2024-11-28,9,68.8,jessica.rodriguez@company.com,(837) 677-9146,Active
EMP014529,Daniel,Jackson,Daniel Jackson,57,HR,Associate,Boston,70355.52,3704.58,2023-02-14,35,72.4,daniel.jackson@company.com,(514) 727-2345,Inactive
EMP014530,Ashley,Hernandez,Ashley Hernandez,29,Legal,Associate,Chicago,79070.0,7198.45,2024-08-03,5,83.8,ashley.hernandez@company.com,(541) 942-3238,Active
EMP014531,Ashley,Miller,Ashley Miller,63,Marketing,Specialist,Boston,78248.08,9168.54,2021-06-03,36,84.9,ashley.miller@company.com,(828) 884-4459,Active
EMP014532,James,Johnson,James Johnson,43,HR,Analyst,San Francisco,55569.69,5989.4,2023-12-14,15,86.0,james.johnson@company.com,(644) 371-4554,Active
EMP014533,Daniel,Gonzalez,Daniel Gonzalez,38,Engineering,Analyst,Los Angeles,55279.9,5508.67,2024-08-18,9,59.1,daniel.gonzalez@company.com,(463) 379-8279,Active
EMP014534,Michael,Jackson,Michael Jackson,40,Marketing,Senior Developer,Boston,70782.66,9144.59,2022-01-19,18,98.2,michael.jackson@company.com,(944) 544-9770,On Leave
EMP014535,Emily,Taylor,Emily Taylor,34,Sales,Coordinator,Boston,48812.49,5710.3,2021-12-13,6,78.0,emily.taylor@company.com,(688) 335-1086,Inactive
EMP014536,Emily,Moore,Emily Moore,50,Engineering,Director,Miami,115249.69,8250.47,2022-11-06,28,58.4,emily.moore@company.com,(598) 345-2139,Active
EMP014537,William,Thomas,William Thomas,48,Marketing,Senior Developer,Boston,63307.02,5634.0,2020-11-10,23,77.6,william.thomas@company.com,(788) 992-5341,Active
EMP014538,Michael,Martinez,Michael Martinez,54,IT,Senior Developer,Miami,106398.29,6694.19,2021-08-16,25,84.6,michael.martinez@company.com,(510) 902-4751,Active
EMP014539,Emily,Hernandez,Emily Hernandez,48,IT,Senior Developer,New York,94989.64,15224.59,2024-12-24,20,74.3,emily.hernandez@company.com,(856) 555-3050,Active
EMP014540,Anthony,Martin,Anthony Martin,22,Legal,Director,San Francisco,89759.1,11787.45,2024-05-01,0,71.0,anthony.martin@company.com,(446) 383-8919,Active
EMP014541,Michael,Johnson,Michael Johnson,34,Engineering,Lead,San Francisco,92355.88,12753.35,2023-06-15,5,100.0,michael.johnson@company.com,(458) 260-2746,Active
EMP014542,Christopher,Taylor,Christopher Taylor,60,HR,Director,Boston,66976.38,12342.54,2022-04-15,34,88.3,christopher.taylor@company.com,(456) 726-9953,Active
EMP014543,Jessica,Garcia,Jessica Garcia,55,Engineering,Analyst,Boston,110531.39,10752.07,2022-04-27,27,65.3,jessica.garcia@company.com,(717) 543-3999,Active
EMP014544,Anthony,Brown,Anthony Brown,44,HR,Coordinator,New York,69786.43,10843.67,2022-05-06,21,60.2,anthony.brown@company.com,(509) 790-9002,Active
EMP014545,Daniel,Brown,Daniel Brown,32,Sales,Coordinator,Miami,77402.92,8009.42,2020-09-11,6,66.2,daniel.brown@company.com,(571) 370-9790,Inactive
EMP014546,David,Garcia,David Garcia,30,Engineering,Senior Developer,Seattle,93127.93,6902.5,2021-10-11,5,96.3,david.garcia@company.com,(731) 872-2495,Inactive
EMP014547,James,Wilson,James Wilson,22,Engineering,Specialist,San Francisco,88344.27,7459.24,2022-06-18,0,76.0,james.wilson@company.com,(635) 646-5025,Active
EMP014548,Nicole,Lopez,Nicole Lopez,32,Engineering,Analyst,Los Angeles,107007.54,11901.59,2021-06-26,4,99.6,nicole.lopez@company.com,(408) 746-3412,Active
EMP014549,Anthony,Gonzalez,Anthony Gonzalez,25,Marketing,Director,Boston,52417.93,6871.47,2024-12-18,0,59.2,anthony.gonzalez@company.com,(375) 862-8012,Active
EMP014550,William,Jackson,William Jackson,60,Engineering,Specialist,Seattle,101458.73,17039.35,2024-04-27,32,75.1,william.jackson@company.com,(459) 492-9872,Active
EMP014551,James,Miller,James Miller,49,Finance,Specialist,Boston,109658.92,9491.24,2024-08-01,25,60.2,james.miller@company.com,(217) 652-2686,Active
EMP014552,David,Johnson,David Johnson,24,Finance,Senior Developer,San Francisco,51500.14,8066.24,2022-10-19,1,73.3,david.johnson@company.com,(596) 373-4195,Active
EMP014553,Lisa,Johnson,Lisa Johnson,43,Legal,Lead,New York,100088.21,0.0,2024-05-14,14,84.0,lisa.johnson@company.com,(521) 723-9738,On Leave
EMP014554,Amanda,Thomas,Amanda Thomas,55,Legal,Manager,Los Angeles,96008.27,13501.05,2024-02-15,29,78.4,amanda.thomas@company.com,(543) 343-1592,Active
EMP014555,Ashley,Gonzalez,Ashley Gonzalez,50,Sales,Lead,Miami,97503.75,9040.85,2022-06-04,21,45.8,ashley.gonzalez@company.com,(587) 722-6302,Active
EMP014556,William,Garcia,William Garcia,39,Operations,Senior Developer,Boston,55100.29,4581.48,2023-01-01,10,75.4,william.garcia@company.com,(792) 394-2869,Active
EMP014557,Matthew,Rodriguez,Matthew Rodriguez,31,Sales,Director,Miami,68303.16,7397.47,2021-03-15,9,70.4,matthew.rodriguez@company.com,(906) 648-1276,Active
EMP014558,Christopher,Wilson,Christopher Wilson,64,Sales,Coordinator,San Francisco,80197.05,12330.34,2021-09-20,42,80.8,christopher.wilson@company.com,(205) 334-4743,Active
EMP014559,Robert,Moore,Robert Moore,52,Sales,Coordinator,Seattle,69514.69,9473.49,2021-09-10,29,72.9,robert.moore@company.com,(989) 681-1214,Active
EMP014560,Michael,Garcia,Michael Garcia,23,Finance,Lead,Miami,79669.71,4700.03,2022-07-22,0,74.3,michael.garcia@company.com,(543) 736-2448,Active
EMP014561,Sarah,Williams,Sarah Williams,55,HR,Specialist,Miami,76183.38,6163.01,2021-03-04,31,58.7,sarah.williams@company.com,(898) 972-8658,On Leave
EMP014562,Michael,Hernandez,Michael Hernandez,26,Finance,Senior Developer,San Francisco,45874.86,8413.58,2023-08-23,0,100.0,michael.hernandez@company.com,(230) 556-3523,Active
EMP014563,Melissa,Garcia,Melissa Garcia,30,Sales,Associate,Chicago,67275.62,4431.68,2024-06-16,3,89.6,melissa.garcia@company.com,(420) 901-7830,Active
EMP014564,Emily,Miller,Emily Miller,24,Operations,Lead,Chicago,44228.78,5505.51,2022-04-24,0,100.0,emily.miller@company.com,(681) 914-5596,Active
EMP014565,Sarah,Jones,Sarah Jones,64,HR,Director,Miami,67437.79,8275.86,2020-11-28,37,84.8,sarah.jones@company.com,(906) 808-9394,Active
EMP014566,John,Johnson,John Johnson,41,Marketing,Coordinator,Miami,81797.53,4821.7,2022-01-04,14,45.8,john.johnson@company.com,(792) 910-5500,Active
EMP014567,Melissa,Garcia,Melissa Garcia,59,IT,Lead,Miami,109509.81,19640.38,2024-12-19,37,78.4,melissa.garcia@company.com,(241) 938-6377,Active
EMP014568,Melissa,Rodriguez,Melissa Rodriguez,54,Legal,Lead,New York,103097.51,14930.33,2022-08-25,25,74.7,melissa.rodriguez@company.com,(363) 795-6757,Active
EMP014569,Emily,Rodriguez,Emily Rodriguez,31,Sales,Associate,New York,93836.09,14601.48,2022-01-31,4,62.3,emily.rodriguez@company.com,(713) 914-5723,Active
EMP014570,Nicole,Brown,Nicole Brown,48,Legal,Director,Seattle,110178.88,1250.31,2023-09-03,26,100.0,nicole.brown@company.com,(998) 999-5106,Inactive
EMP014571,Jessica,Jackson,Jessica Jackson,32,Finance,Coordinator,Seattle,66046.4,8107.64,2021-02-26,4,81.0,jessica.jackson@company.com,(351) 467-3885,Inactive
EMP014572,Melissa,Williams,Melissa Williams,57,IT,Coordinator,New York,91403.08,11283.01,2020-12-06,33,66.0,melissa.williams@company.com,(758) 736-3129,Active
EMP014573,Michael,Jackson,Michael Jackson,34,Sales,Manager,San Francisco,55286.37,5476.65,2024-07-23,11,99.7,michael.jackson@company.com,(647) 959-2189,Active
EMP014574,Daniel,Johnson,Daniel Johnson,64,HR,Coordinator,Los Angeles,72327.84,11304.02,2024-11-18,39,51.0,daniel.johnson@company.com,(411) 886-5853,Active
EMP014575,David,Anderson,David Anderson,57,Finance,Senior Developer,Chicago,73629.84,5565.29,2022-09-23,31,81.5,david.anderson@company.com,(823) 572-6632,Active
EMP014576,Emily,Garcia,Emily Garcia,36,Sales,Analyst,Chicago,63260.29,5983.42,2020-02-08,7,100.0,emily.garcia@company.com,(207) 397-7271,Active
EMP014577,David,Taylor,David Taylor,36,Legal,Senior Developer,Boston,103292.22,6406.89,2023-12-13,13,87.8,david.taylor@company.com,(447) 860-6077,Active
EMP014578,Christopher,Lopez,Christopher Lopez,37,Engineering,Lead,Austin,104071.78,14835.79,2022-04-15,9,64.6,christopher.lopez@company.com,(804) 303-8311,Active
EMP014579,Stephanie,Taylor,Stephanie Taylor,35,Legal,Director,Chicago,95269.36,7831.66,2023-01-01,6,64.4,stephanie.taylor@company.com,(565) 630-2221,Active
EMP014580,Amanda,Smith,Amanda Smith,41,Sales,Senior Developer,Seattle,57606.33,4934.41,2020-03-12,18,96.2,amanda.smith@company.com,(740) 822-9653,Active
EMP014581,Emily,Williams,Emily Williams,26,Legal,Director,San Francisco,109793.92,13282.83,2023-07-16,0,60.1,emily.williams@company.com,(726) 454-9590,Active
EMP014582,Anthony,Moore,Anthony Moore,29,Marketing,Specialist,Miami,61771.55,7502.32,2021-04-16,6,61.0,anthony.moore@company.com,(433) 843-4134,Active
EMP014583,Robert,Smith,Robert Smith,34,Legal,Manager,New York,56909.1,6855.11,2024-08-19,12,80.5,robert.smith@company.com,(550) 389-1719,Active
EMP014584,Melissa,Anderson,Melissa Anderson,54,Legal,Senior Developer,Chicago,124345.91,19995.38,2022-06-12,32,77.2,melissa.anderson@company.com,(983) 825-5014,Active
EMP014585,John,Jones,John Jones,65,Operations,Director,Miami,90406.67,10698.12,2024-09-16,37,88.4,john.jones@company.com,(902) 736-7409,Active
EMP014586,Ashley,Davis,Ashley Davis,44,Sales,Manager,Seattle,66475.61,6242.4,2024-01-18,16,70.5,ashley.davis@company.com,(767) 409-7860,Active
EMP014587,Sarah,Thomas,Sarah Thomas,60,Marketing,Senior Developer,Austin,73063.12,7359.77,2021-03-01,33,72.5,sarah.thomas@company.com,(388) 918-9254,Active
EMP014588,Christopher,Davis,Christopher Davis,38,Marketing,Senior Developer,Miami,60324.66,4800.93,2021-10-28,13,61.9,christopher.davis@company.com,(361) 520-8062,Active
EMP014589,Emily,Lopez,Emily Lopez,49,Legal,Specialist,Miami,79163.19,7546.02,2024-05-30,23,82.9,emily.lopez@company.com,(800) 277-6561,Active
EMP014590,Lisa,Davis,Lisa Davis,53,Engineering,Analyst,Boston,115183.54,14881.45,2020-02-10,28,100.0,lisa.davis@company.com,(587) 248-2663,Active
EMP014591,Stephanie,Rodriguez,Stephanie Rodriguez,55,HR,Specialist,Boston,60408.59,3707.93,2022-02-27,30,69.6,stephanie.rodriguez@company.com,(801) 842-4145,Active
EMP014592,Christopher,Williams,Christopher Williams,33,Legal,Director,New York,123173.68,13357.63,2024-09-11,5,62.3,christopher.williams@company.com,(876) 649-4853,Active
EMP014593,Stephanie,Smith,Stephanie Smith,57,Finance,Director,New York,97185.72,9906.13,2021-06-07,28,98.0,stephanie.smith@company.com,(561) 826-9694,Active
EMP014594,Amanda,Wilson,Amanda Wilson,58,Finance,Specialist,Seattle,100228.12,12132.42,2024-04-03,31,60.8,amanda.wilson@company.com,(780) 784-6585,Active
EMP014595,Matthew,Miller,Matthew Miller,52,Finance,Coordinator,New York,101306.28,7237.43,2023-05-05,25,69.9,matthew.miller@company.com,(670) 677-1362,Active
EMP014596,Jane,Martin,Jane Martin,32,Marketing,Director,Austin,32399.04,1554.56,2021-09-16,7,68.8,jane.martin@company.com,(940) 623-5443,Active
EMP014597,Daniel,Garcia,Daniel Garcia,35,Engineering,Coordinator,Los Angeles,120910.06,7087.32,2024-10-21,10,74.1,daniel.garcia@company.com,(652) 200-2670,On Leave
EMP014598,Michael,Brown,Michael Brown,27,IT,Specialist,Boston,64060.76,10514.04,2024-06-28,0,80.9,michael.brown@company.com,(951) 241-8536,Active
EMP014599,Christopher,Davis,Christopher Davis,43,Sales,Director,Los Angeles,97345.47,11163.49,2022-09-18,20,75.7,christopher.davis@company.com,(892) 621-4555,On Leave
EMP014600,Emily,Lopez,Emily Lopez,26,IT,Senior Developer,Los Angeles,55362.31,7982.71,2023-04-28,2,37.5,emily.lopez@company.com,(715) 742-5139,Inactive
EMP014601,Lisa,Moore,Lisa Moore,59,Sales,Manager,Chicago,75666.56,6966.01,2022-10-06,32,50.9,lisa.moore@company.com,(646) 613-6579,Active
EMP014602,Ashley,Lopez,Ashley Lopez,44,IT,Senior Developer,Chicago,93960.14,11693.04,2022-06-19,20,82.3,ashley.lopez@company.com,(498) 874-9570,On Leave
EMP014603,Lisa,Gonzalez,Lisa Gonzalez,34,Marketing,Manager,Miami,61155.2,4821.87,2023-12-19,12,50.1,lisa.gonzalez@company.com,(555) 853-7331,Active
EMP014604,Anthony,Thomas,Anthony Thomas,53,Sales,Lead,Chicago,107119.88,5994.61,2022-04-30,31,84.0,anthony.thomas@company.com,(468) 584-9901,Active
EMP014605,Sarah,Martin,Sarah Martin,32,Sales,Lead,Miami,83603.27,2796.51,2022-08-20,3,70.7,sarah.martin@company.com,(655) 838-7792,Inactive
EMP014606,John,Anderson,John Anderson,22,Sales,Senior Developer,Seattle,60832.28,6465.93,2021-02-08,0,76.8,john.anderson@company.com,(564) 697-3839,Active
EMP014607,Anthony,Thomas,Anthony Thomas,43,Marketing,Lead,Boston,69846.77,9992.16,2023-05-28,17,59.0,anthony.thomas@company.com,(970) 853-8966,Inactive
EMP014608,Melissa,Jones,Melissa Jones,53,Finance,Associate,Miami,87862.18,9284.01,2023-02-06,28,76.8,melissa.jones@company.com,(662) 801-4289,Active
EMP014609,Matthew,Brown,Matthew Brown,48,Engineering,Lead,Miami,130476.35,19732.49,2024-04-25,24,80.5,matthew.brown@company.com,(417) 999-2807,Active
EMP014610,William,Jackson,William Jackson,46,IT,Associate,New York,100703.95,25568.84,2024-10-07,19,63.8,william.jackson@company.com,(636) 959-1740,Active
EMP014611,William,Jackson,William Jackson,26,Finance,Manager,New York,36870.79,6114.12,2023-10-17,0,40.9,william.jackson@company.com,(325) 496-8299,Active
EMP014612,Daniel,Miller,Daniel Miller,31,HR,Lead,Boston,66601.48,11562.23,2023-08-29,7,66.3,daniel.miller@company.com,(705) 627-4659,Active
EMP014613,Jessica,Williams,Jessica Williams,25,IT,Specialist,San Francisco,65619.74,3499.48,2020-08-05,0,57.5,jessica.williams@company.com,(812) 217-5041,Active
EMP014614,Sarah,Gonzalez,Sarah Gonzalez,57,Engineering,Director,Chicago,108888.11,8363.76,2024-03-05,34,58.5,sarah.gonzalez@company.com,(832) 581-6661,Active
EMP014615,Emily,Hernandez,Emily Hernandez,53,Sales,Director,Miami,86797.21,12440.87,2020-05-30,24,46.8,emily.hernandez@company.com,(898) 452-7882,Active
EMP014616,Jane,Rodriguez,Jane Rodriguez,59,Operations,Manager,New York,84721.11,18377.78,2021-11-28,34,76.7,jane.rodriguez@company.com,(240) 641-9417,Active
EMP014617,Emily,Jackson,Emily Jackson,22,IT,Associate,Seattle,75279.46,8843.56,2024-02-02,0,70.2,emily.jackson@company.com,(311) 813-2556,Active
EMP014618,David,Brown,David Brown,43,Engineering,Manager,New York,86756.36,6202.38,2022-11-19,14,63.2,david.brown@company.com,(879) 912-9187,Active
EMP014619,Jane,Johnson,Jane Johnson,43,Marketing,Director,Miami,58070.19,9288.94,2021-03-28,21,57.0,jane.johnson@company.com,(322) 609-7225,Active
EMP014620,Nicole,Rodriguez,Nicole Rodriguez,52,IT,Coordinator,New York,88349.41,5954.55,2021-07-07,27,97.3,nicole.rodriguez@company.com,(302) 940-9339,Active
EMP014621,Amanda,Moore,Amanda Moore,51,Finance,Coordinator,Austin,101452.41,13886.03,2020-11-22,22,100.0,amanda.moore@company.com,(639) 802-1275,Active
EMP014622,James,Hernandez,James Hernandez,31,Operations,Coordinator,Seattle,68173.68,7990.37,2020-07-15,5,86.7,james.hernandez@company.com,(347) 588-1622,Active
EMP014623,Jane,Anderson,Jane Anderson,42,Engineering,Coordinator,Los Angeles,101945.93,11850.3,2023-09-10,20,54.4,jane.anderson@company.com,(807) 445-1011,Active
EMP014624,Michael,Taylor,Michael Taylor,46,Finance,Specialist,Austin,88309.71,5790.53,2021-06-21,24,64.8,michael.taylor@company.com,(361) 818-5587,Active
EMP014625,David,Williams,David Williams,63,Operations,Director,Austin,79626.7,14287.82,2021-01-25,40,65.9,david.williams@company.com,(747) 525-5040,Active
EMP014626,Daniel,Lopez,Daniel Lopez,51,IT,Coordinator,Boston,60925.94,3974.42,2023-02-28,25,61.9,daniel.lopez@company.com,(278) 759-7058,Active
EMP014627,Melissa,Anderson,Melissa Anderson,46,Finance,Associate,Austin,82649.92,9737.38,2020-04-10,24,100.0,melissa.anderson@company.com,(260) 843-2331,Active
EMP014628,Nicole,Martin,Nicole Martin,54,Operations,Lead,Seattle,66377.98,7930.7,2022-11-17,31,100.0,nicole.martin@company.com,(959) 756-4684,Active
EMP014629,Amanda,Rodriguez,Amanda Rodriguez,42,Operations,Specialist,Los Angeles,43789.97,5218.81,2023-03-18,16,83.7,amanda.rodriguez@company.com,(694) 539-9068,On Leave
EMP014630,Stephanie,Hernandez,Stephanie Hernandez,41,Legal,Specialist,Chicago,99568.97,9436.4,2024-03-06,17,46.2,stephanie.hernandez@company.com,(807) 429-6667,Active
EMP014631,Stephanie,Thomas,Stephanie Thomas,49,Legal,Specialist,San Francisco,117028.85,12460.26,2020-06-08,24,78.0,stephanie.thomas@company.com,(233) 979-4802,Active
EMP014632,Matthew,Gonzalez,Matthew Gonzalez,57,Legal,Analyst,San Francisco,150887.24,18943.43,2023-12-06,32,58.0,matthew.gonzalez@company.com,(523) 648-3628,Active
EMP014633,Matthew,Gonzalez,Matthew Gonzalez,37,IT,Specialist,San Francisco,69883.12,8301.61,2021-09-03,12,51.9,matthew.gonzalez@company.com,(710) 426-9316,Active
EMP014634,Melissa,Brown,Melissa Brown,35,Legal,Coordinator,Chicago,66051.94,797.42,2023-05-06,13,65.5,melissa.brown@company.com,(981) 519-5733,Active
EMP014635,Robert,Jackson,Robert Jackson,43,Engineering,Lead,Boston,100728.24,5639.04,2020-10-16,18,72.3,robert.jackson@company.com,(536) 706-5437,Active
EMP014636,David,Jones,David Jones,59,Marketing,Associate,San Francisco,83598.93,98.98,2023-10-16,35,100.0,david.jones@company.com,(850) 742-3449,Active
EMP014637,Robert,Brown,Robert Brown,25,Marketing,Analyst,Seattle,66876.19,0.0,2023-12-04,0,54.1,robert.brown@company.com,(814) 261-2908,On Leave
EMP014638,James,Moore,James Moore,41,HR,Coordinator,San Francisco,71489.32,12373.38,2021-04-16,16,70.2,james.moore@company.com,(797) 395-6092,Active
EMP014639,Michael,Moore,Michael Moore,60,HR,Specialist,San Francisco,62491.39,6027.9,2022-08-25,32,65.4,michael.moore@company.com,(535) 692-8873,Inactive
EMP014640,James,Williams,James Williams,22,HR,Senior Developer,San Francisco,34494.2,3522.22,2021-03-28,0,74.8,james.williams@company.com,(984) 792-9414,Inactive
EMP014641,Ashley,Smith,Ashley Smith,45,Finance,Senior Developer,San Francisco,108586.45,11680.33,2023-03-07,17,32.0,ashley.smith@company.com,(948) 682-8681,Active
EMP014642,Nicole,Johnson,Nicole Johnson,40,Engineering,Specialist,Los Angeles,89820.2,6164.89,2020-11-01,17,87.1,nicole.johnson@company.com,(318) 343-1357,Active
EMP014643,William,Johnson,William Johnson,24,Operations,Manager,Boston,50634.64,4509.74,2022-02-24,1,75.2,william.johnson@company.com,(245) 269-7183,Active
EMP014644,Michael,Garcia,Michael Garcia,40,Legal,Coordinator,New York,64911.35,10032.19,2024-03-25,16,96.0,michael.garcia@company.com,(924) 727-5692,Active
EMP014645,James,Martinez,James Martinez,49,HR,Analyst,Austin,73574.56,10269.5,2021-07-04,25,74.5,james.martinez@company.com,(560) 608-5451,Active
EMP014646,John,Rodriguez,John Rodriguez,55,IT,Specialist,Seattle,76224.36,10411.08,2023-11-28,30,47.1,john.rodriguez@company.com,(438) 524-8585,Active
EMP014647,James,Gonzalez,James Gonzalez,29,IT,Associate,San Francisco,59672.08,4272.68,2023-02-18,7,70.9,james.gonzalez@company.com,(786) 525-7281,Active
EMP014648,John,Taylor,John Taylor,53,Marketing,Director,Chicago,69769.25,5196.14,2020-01-26,29,93.7,john.taylor@company.com,(527) 229-5890,Active
EMP014649,Christopher,Johnson,Christopher Johnson,44,Operations,Coordinator,Los Angeles,57739.42,5411.39,2022-05-28,22,91.9,christopher.johnson@company.com,(997) 347-9089,Active
EMP014650,John,Taylor,John Taylor,35,Sales,Analyst,Boston,77173.83,8288.63,2023-12-15,6,70.5,john.taylor@company.com,(883) 273-2121,Active
EMP014651,John,Thomas,John Thomas,32,HR,Specialist,Chicago,33324.59,2167.45,2024-01-15,7,73.6,john.thomas@company.com,(863) 793-8217,Active
EMP014652,Ashley,Hernandez,Ashley Hernandez,22,Engineering,Coordinator,Seattle,68388.36,14195.11,2024-04-22,0,79.1,ashley.hernandez@company.com,(332) 845-7210,Active
EMP014653,Jane,Garcia,Jane Garcia,42,Engineering,Director,Austin,73838.11,6526.87,2024-07-17,13,79.1,jane.garcia@company.com,(901) 335-7611,On Leave
EMP014654,Amanda,Anderson,Amanda Anderson,33,Operations,Lead,Seattle,49926.36,1240.62,2024-12-22,11,38.6,amanda.anderson@company.com,(241) 478-6069,Active
EMP014655,Jessica,Hernandez,Jessica Hernandez,31,Marketing,Lead,Boston,74363.21,1242.71,2024-06-01,2,70.6,jessica.hernandez@company.com,(690) 473-6491,Active
EMP014656,Nicole,Lopez,Nicole Lopez,48,HR,Manager,Austin,70364.36,3794.19,2020-08-28,23,83.7,nicole.lopez@company.com,(746) 364-6927,Active
EMP014657,Anthony,Hernandez,Anthony Hernandez,53,IT,Specialist,Boston,89202.43,4460.02,2022-09-24,30,90.0,anthony.hernandez@company.com,(374) 415-1608,Active
EMP014658,Nicole,Gonzalez,Nicole Gonzalez,38,Legal,Associate,Los Angeles,97533.34,10230.85,2023-06-22,11,67.1,nicole.gonzalez@company.com,(324) 260-3505,Active
EMP014659,William,Martinez,William Martinez,36,Engineering,Coordinator,Los Angeles,101813.07,11043.85,2024-05-06,8,64.2,william.martinez@company.com,(231) 423-5070,Active
EMP014660,Melissa,Lopez,Melissa Lopez,60,Sales,Coordinator,Seattle,89284.94,9858.67,2021-02-12,35,52.2,melissa.lopez@company.com,(943) 867-2497,Inactive
EMP014661,Jessica,Thomas,Jessica Thomas,40,Sales,Specialist,Seattle,77965.0,5115.42,2021-01-18,12,84.3,jessica.thomas@company.com,(601) 736-5132,Active
EMP014662,Daniel,Taylor,Daniel Taylor,28,IT,Analyst,San Francisco,46851.1,9431.25,2024-05-04,2,82.5,daniel.taylor@company.com,(598) 992-5188,Active
EMP014663,Christopher,Wilson,Christopher Wilson,48,Engineering,Senior Developer,Austin,104681.35,12784.42,2023-11-30,19,62.0,christopher.wilson@company.com,(705) 545-3263,Inactive
EMP014664,Ashley,Garcia,Ashley Garcia,53,Legal,Lead,Miami,89750.4,3725.95,2023-11-11,30,72.6,ashley.garcia@company.com,(445) 418-8817,Active
EMP014665,David,Davis,David Davis,39,Marketing,Senior Developer,Boston,84468.04,9045.22,2024-05-05,14,87.4,david.davis@company.com,(368) 746-6998,On Leave
EMP014666,William,Lopez,William Lopez,43,Operations,Senior Developer,Chicago,64155.52,6433.24,2022-12-05,15,73.4,william.lopez@company.com,(989) 807-3306,Active
EMP014667,Daniel,Garcia,Daniel Garcia,49,Sales,Lead,New York,68672.76,8245.01,2020-09-16,21,84.9,daniel.garcia@company.com,(412) 296-6335,On Leave
EMP014668,Lisa,Martinez,Lisa Martinez,30,IT,Director,New York,56147.91,2665.15,2020-04-26,1,90.3,lisa.martinez@company.com,(212) 876-4049,Active
EMP014669,Lisa,Johnson,Lisa Johnson,22,Legal,Manager,Seattle,83389.79,10795.55,2020-03-20,0,57.4,lisa.johnson@company.com,(221) 706-5535,Active
EMP014670,John,Jackson,John Jackson,53,HR,Specialist,Seattle,68528.01,6286.84,2021-05-15,26,59.9,john.jackson@company.com,(449) 644-4179,Active
EMP014671,Ashley,Hernandez,Ashley Hernandez,47,Sales,Lead,San Francisco,64429.56,1028.61,2020-03-06,22,58.5,ashley.hernandez@company.com,(765) 290-4478,Active
EMP014672,David,Taylor,David Taylor,48,Sales,Lead,Boston,89291.74,10147.74,2024-05-21,25,87.8,david.taylor@company.com,(312) 753-7193,Active
EMP014673,Anthony,Gonzalez,Anthony Gonzalez,55,HR,Analyst,Seattle,86403.42,14058.52,2023-09-29,33,76.7,anthony.gonzalez@company.com,(740) 575-2501,Inactive
EMP014674,Stephanie,Williams,Stephanie Williams,62,Marketing,Lead,Los Angeles,93452.1,8799.94,2021-05-05,34,73.6,stephanie.williams@company.com,(386) 678-8483,Active
EMP014675,Christopher,Davis,Christopher Davis,42,HR,Coordinator,Miami,88737.34,12815.37,2024-01-19,19,77.9,christopher.davis@company.com,(397) 494-1659,Active
EMP014676,Nicole,Brown,Nicole Brown,32,IT,Specialist,Seattle,62307.9,3878.14,2022-12-15,9,52.3,nicole.brown@company.com,(320) 708-4895,Active
EMP014677,Nicole,Hernandez,Nicole Hernandez,57,Marketing,Analyst,Boston,85067.11,8914.51,2020-03-12,29,81.0,nicole.hernandez@company.com,(769) 691-6952,Active
EMP014678,Lisa,Miller,Lisa Miller,58,Sales,Analyst,New York,115155.72,10156.16,2023-11-19,35,69.6,lisa.miller@company.com,(844) 985-2049,Active
EMP014679,Robert,Thomas,Robert Thomas,56,Operations,Specialist,New York,56294.14,6074.83,2022-10-19,34,78.6,robert.thomas@company.com,(706) 365-2151,Inactive
EMP014680,Anthony,Lopez,Anthony Lopez,40,IT,Associate,Boston,79820.78,0.0,2022-09-08,16,55.5,anthony.lopez@company.com,(237) 364-4296,Active
EMP014681,Amanda,Anderson,Amanda Anderson,45,Operations,Associate,Seattle,74720.62,5046.09,2020-10-04,19,91.7,amanda.anderson@company.com,(311) 967-7585,Active
EMP014682,Ashley,Rodriguez,Ashley Rodriguez,26,HR,Manager,Boston,36116.91,4459.48,2024-02-08,2,78.0,ashley.rodriguez@company.com,(504) 903-1761,Active
EMP014683,Ashley,Martinez,Ashley Martinez,25,Engineering,Director,Chicago,82375.73,8185.4,2024-10-06,0,49.5,ashley.martinez@company.com,(425) 815-7216,Active
EMP014684,William,Williams,William Williams,33,HR,Manager,New York,40950.71,3625.93,2021-11-20,5,69.4,william.williams@company.com,(974) 860-8194,Active
EMP014685,Melissa,Thomas,Melissa Thomas,42,Legal,Senior Developer,Los Angeles,100924.78,7474.84,2024-05-03,14,83.5,melissa.thomas@company.com,(938) 506-8414,Active
EMP014686,James,Williams,James Williams,43,IT,Senior Developer,Austin,133819.57,11093.07,2023-11-18,16,100.0,james.williams@company.com,(915) 955-2153,Active
EMP014687,James,Lopez,James Lopez,27,HR,Specialist,New York,73480.06,9642.25,2022-02-24,5,74.3,james.lopez@company.com,(974) 775-2015,On Leave
EMP014688,Ashley,Johnson,Ashley Johnson,40,Engineering,Analyst,Seattle,48175.21,6714.8,2021-06-02,13,74.1,ashley.johnson@company.com,(762) 914-2731,Active
EMP014689,David,Johnson,David Johnson,36,Engineering,Associate,Miami,99235.01,15179.47,2021-12-23,11,79.5,david.johnson@company.com,(526) 235-4343,Active
EMP014690,Ashley,Hernandez,Ashley Hernandez,26,HR,Coordinator,Los Angeles,59448.33,7585.74,2021-12-21,2,64.3,ashley.hernandez@company.com,(960) 283-7759,Active
EMP014691,James,Gonzalez,James Gonzalez,58,Marketing,Senior Developer,Boston,83512.03,2905.97,2021-12-20,36,83.4,james.gonzalez@company.com,(559) 881-8296,Active
EMP014692,Stephanie,Garcia,Stephanie Garcia,39,IT,Specialist,Boston,54291.07,6294.49,2020-02-07,13,62.4,stephanie.garcia@company.com,(540) 714-5240,Active
EMP014693,Anthony,Moore,Anthony Moore,65,Sales,Analyst,Seattle,90968.3,3862.53,2023-07-04,41,100.0,anthony.moore@company.com,(247) 501-7966,On Leave
EMP014694,James,Brown,James Brown,48,Sales,Lead,New York,80413.1,9480.12,2022-08-06,22,75.5,james.brown@company.com,(335) 556-1898,Active
EMP014695,Ashley,Hernandez,Ashley Hernandez,27,Legal,Coordinator,Austin,56067.48,7860.09,2024-08-15,0,84.5,ashley.hernandez@company.com,(839) 269-2476,Active
EMP014696,Christopher,Smith,Christopher Smith,45,Engineering,Director,New York,48761.39,6005.46,2022-03-04,23,67.3,christopher.smith@company.com,(384) 706-2977,Active
EMP014697,Matthew,Davis,Matthew Davis,24,Legal,Senior Developer,Seattle,70747.15,3132.1,2024-06-29,2,70.7,matthew.davis@company.com,(465) 259-7568,Active
EMP014698,Emily,Williams,Emily Williams,55,Sales,Associate,Chicago,83412.02,10272.87,2022-02-01,28,87.6,emily.williams@company.com,(256) 823-1373,Active
EMP014699,Ashley,Gonzalez,Ashley Gonzalez,32,Engineering,Manager,Miami,105986.5,4111.88,2023-05-04,7,77.2,ashley.gonzalez@company.com,(289) 702-3629,Inactive
EMP014700,Daniel,Thomas,Daniel Thomas,63,Sales,Analyst,Miami,116794.91,9479.2,2021-09-18,41,56.8,daniel.thomas@company.com,(390) 984-2383,Active
EMP014701,James,Anderson,James Anderson,62,Finance,Associate,New York,123146.07,5774.65,2020-02-01,34,72.2,james.anderson@company.com,(765) 789-2556,Active
EMP014702,Sarah,Moore,Sarah Moore,36,HR,Director,Miami,41486.9,5130.74,2021-08-04,14,69.8,sarah.moore@company.com,(314) 962-4161,Active
EMP014703,Emily,Anderson,Emily Anderson,30,Operations,Senior Developer,Chicago,26540.37,2811.87,2024-11-12,8,92.3,emily.anderson@company.com,(841) 673-1436,Active
EMP014704,Lisa,Wilson,Lisa Wilson,23,HR,Specialist,Miami,42417.13,7719.53,2021-12-26,0,75.0,lisa.wilson@company.com,(708) 273-1885,Inactive
EMP014705,Daniel,Rodriguez,Daniel Rodriguez,26,Legal,Analyst,Seattle,87497.86,9111.16,2024-02-23,1,74.1,daniel.rodriguez@company.com,(430) 648-8935,Active
EMP014706,Daniel,Wilson,Daniel Wilson,63,IT,Analyst,Miami,118900.11,12854.99,2022-09-20,40,81.2,daniel.wilson@company.com,(429) 387-7381,Active
EMP014707,Robert,Jones,Robert Jones,65,Engineering,Lead,Chicago,140653.8,17349.65,2022-09-30,38,96.7,robert.jones@company.com,(445) 491-8288,Active
EMP014708,William,Brown,William Brown,22,Marketing,Analyst,Los Angeles,74925.81,4679.51,2020-11-05,0,49.5,william.brown@company.com,(703) 636-2457,Active
EMP014709,Michael,Johnson,Michael Johnson,58,IT,Associate,Boston,81263.86,9850.19,2022-08-25,31,92.1,michael.johnson@company.com,(970) 509-9998,Active
EMP014710,Amanda,Smith,Amanda Smith,65,Engineering,Senior Developer,Miami,132427.01,10647.57,2021-04-11,36,46.6,amanda.smith@company.com,(552) 703-7926,Active
EMP014711,Daniel,Rodriguez,Daniel Rodriguez,54,Sales,Manager,San Francisco,98258.61,13332.46,2020-10-08,26,70.4,daniel.rodriguez@company.com,(454) 614-1289,Active
EMP014712,Nicole,Gonzalez,Nicole Gonzalez,60,IT,Lead,Chicago,121135.8,15431.51,2024-07-18,36,77.5,nicole.gonzalez@company.com,(613) 292-6445,Active
EMP014713,Jessica,Hernandez,Jessica Hernandez,59,IT,Specialist,Chicago,107671.0,16641.85,2020-07-08,36,59.6,jessica.hernandez@company.com,(851) 824-1714,Active
EMP014714,Amanda,Garcia,Amanda Garcia,63,Sales,Specialist,New York,73586.84,12602.63,2024-07-02,35,84.9,amanda.garcia@company.com,(906) 550-2006,Active
EMP014715,Melissa,Rodriguez,Melissa Rodriguez,58,Operations,Lead,Chicago,69845.59,9064.17,2021-07-23,32,53.0,melissa.rodriguez@company.com,(374) 828-5556,Inactive
EMP014716,Amanda,Thomas,Amanda Thomas,52,Marketing,Lead,Chicago,45097.66,5101.57,2021-12-19,24,78.3,amanda.thomas@company.com,(734) 963-3728,Active
EMP014717,David,Martinez,David Martinez,52,Sales,Manager,New York,106532.6,18741.35,2024-06-01,23,59.4,david.martinez@company.com,(883) 608-4982,Active
EMP014718,James,Garcia,James Garcia,27,Finance,Analyst,Seattle,52721.88,5939.29,2024-01-25,2,71.5,james.garcia@company.com,(871) 848-8908,Active
EMP014719,Daniel,Brown,Daniel Brown,25,Engineering,Analyst,Boston,110783.15,9104.0,2023-02-21,1,82.3,daniel.brown@company.com,(451) 676-5881,Active
EMP014720,Sarah,Thomas,Sarah Thomas,45,IT,Senior Developer,Seattle,73483.57,9174.27,2022-08-12,18,71.4,sarah.thomas@company.com,(214) 387-2435,Active
EMP014721,Christopher,Hernandez,Christopher Hernandez,37,Operations,Lead,Seattle,76694.42,4477.12,2021-02-10,14,42.4,christopher.hernandez@company.com,(487) 560-6211,Active
EMP014722,Nicole,Hernandez,Nicole Hernandez,22,HR,Associate,Austin,37999.66,3990.52,2023-04-24,0,32.2,nicole.hernandez@company.com,(395) 878-5195,Active
EMP014723,Matthew,Martinez,Matthew Martinez,44,Legal,Associate,New York,78610.75,3034.82,2022-04-21,22,77.5,matthew.martinez@company.com,(408) 516-9864,Active
EMP014724,Amanda,Williams,Amanda Williams,57,IT,Manager,Austin,80336.22,5104.23,2021-07-13,29,93.0,amanda.williams@company.com,(225) 659-1538,On Leave
EMP014725,Anthony,Davis,Anthony Davis,51,IT,Analyst,Boston,125049.8,5896.69,2024-07-09,26,77.5,anthony.davis@company.com,(478) 347-5993,Active
EMP014726,Sarah,Davis,Sarah Davis,51,Sales,Senior Developer,Los Angeles,78122.93,7559.32,2023-07-22,26,45.0,sarah.davis@company.com,(562) 387-9966,Active
EMP014727,Emily,Hernandez,Emily Hernandez,59,Engineering,Lead,Los Angeles,115233.98,1304.31,2022-06-13,36,67.9,emily.hernandez@company.com,(532) 580-1861,Active
EMP014728,Jessica,Martinez,Jessica Martinez,26,IT,Senior Developer,Seattle,127716.94,17954.85,2023-02-11,0,48.9,jessica.martinez@company.com,(411) 922-6161,Active
EMP014729,Christopher,Thomas,Christopher Thomas,58,Engineering,Analyst,New York,142462.59,31892.39,2020-02-14,33,71.0,christopher.thomas@company.com,(642) 205-3264,Active
EMP014730,Michael,Hernandez,Michael Hernandez,33,Marketing,Director,New York,67796.8,13598.17,2022-10-05,5,100.0,michael.hernandez@company.com,(514) 813-5305,Active
EMP014731,Jane,Moore,Jane Moore,64,Marketing,Coordinator,San Francisco,81952.59,12010.02,2024-12-30,38,62.2,jane.moore@company.com,(306) 373-9145,On Leave
EMP014732,Amanda,Jones,Amanda Jones,60,Operations,Specialist,Austin,78947.46,7188.75,2023-08-14,34,77.5,amanda.jones@company.com,(631) 704-4390,Active
EMP014733,Nicole,Martinez,Nicole Martinez,59,Operations,Manager,Boston,77046.26,11359.15,2021-10-14,35,51.5,nicole.martinez@company.com,(718) 371-3740,Active
EMP014734,Melissa,Wilson,Melissa Wilson,62,Finance,Analyst,Seattle,105624.77,14747.74,2023-11-15,36,80.3,melissa.wilson@company.com,(511) 974-5144,Active
EMP014735,Amanda,Jackson,Amanda Jackson,59,Sales,Director,New York,77864.76,12485.34,2021-10-08,31,51.9,amanda.jackson@company.com,(747) 722-8159,Active
EMP014736,Amanda,Johnson,Amanda Johnson,62,IT,Associate,Chicago,114085.33,10406.32,2022-04-18,37,77.3,amanda.johnson@company.com,(589) 847-4329,Active
EMP014737,David,Gonzalez,David Gonzalez,58,Sales,Lead,San Francisco,73462.09,10530.1,2024-07-19,32,75.0,david.gonzalez@company.com,(875) 968-3126,Active
EMP014738,David,Williams,David Williams,42,Legal,Director,Los Angeles,69419.68,6624.76,2020-08-24,14,27.1,david.williams@company.com,(313) 439-1786,Active
EMP014739,Sarah,Jones,Sarah Jones,30,IT,Director,New York,85492.42,4795.14,2021-01-07,2,99.8,sarah.jones@company.com,(379) 236-7524,Active
EMP014740,Nicole,Anderson,Nicole Anderson,45,HR,Analyst,Miami,74265.08,9676.67,2020-04-19,20,64.1,nicole.anderson@company.com,(560) 625-5878,Active
EMP014741,Amanda,Jackson,Amanda Jackson,39,Marketing,Senior Developer,Austin,54309.58,5523.85,2023-06-09,11,68.5,amanda.jackson@company.com,(634) 273-1150,Active
EMP014742,Stephanie,Moore,Stephanie Moore,59,Engineering,Analyst,San Francisco,111434.38,12561.79,2021-01-21,34,100.0,stephanie.moore@company.com,(544) 555-3816,Active
EMP014743,James,Brown,James Brown,23,Sales,Lead,Austin,56919.55,4486.69,2021-04-21,0,55.4,james.brown@company.com,(267) 678-8198,Active
EMP014744,James,Anderson,James Anderson,52,Legal,Analyst,Chicago,122758.33,19522.44,2022-08-26,24,82.0,james.anderson@company.com,(352) 301-1280,Active
EMP014745,Ashley,Jackson,Ashley Jackson,54,Marketing,Associate,New York,86010.07,10445.86,2020-05-26,30,85.7,ashley.jackson@company.com,(549) 821-6304,Active
EMP014746,Michael,Anderson,Michael Anderson,64,Sales,Lead,Miami,81058.35,10895.11,2020-09-10,38,73.5,michael.anderson@company.com,(893) 712-2384,Active
EMP014747,Ashley,Davis,Ashley Davis,34,Operations,Senior Developer,San Francisco,47211.07,0.0,2022-10-06,10,80.5,ashley.davis@company.com,(527) 849-9434,Active
EMP014748,Daniel,Martinez,Daniel Martinez,34,Finance,Analyst,Los Angeles,106128.9,7780.48,2020-03-17,7,65.3,daniel.martinez@company.com,(908) 533-2008,Active
EMP014749,Nicole,Miller,Nicole Miller,34,Marketing,Director,Seattle,58075.66,2993.62,2024-10-23,6,73.8,nicole.miller@company.com,(483) 834-7934,Active
EMP014750,Michael,Hernandez,Michael Hernandez,60,Marketing,Lead,Austin,75222.07,9101.8,2020-10-14,31,94.7,michael.hernandez@company.com,(651) 310-4497,Active
EMP014751,Daniel,Williams,Daniel Williams,46,Finance,Lead,Miami,85682.16,12238.23,2022-12-13,23,92.4,daniel.williams@company.com,(963) 679-8702,Active
EMP014752,Jessica,Anderson,Jessica Anderson,31,Operations,Associate,San Francisco,52886.53,6986.68,2024-03-23,7,22.8,jessica.anderson@company.com,(819) 838-8095,Inactive
EMP014753,Sarah,Jackson,Sarah Jackson,33,HR,Lead,New York,51259.94,2398.6,2023-01-30,6,87.9,sarah.jackson@company.com,(443) 643-5227,Active
EMP014754,Sarah,Garcia,Sarah Garcia,33,Sales,Coordinator,Miami,68601.58,9020.91,2023-03-02,7,69.1,sarah.garcia@company.com,(661) 560-5157,Active
EMP014755,William,Taylor,William Taylor,25,Engineering,Senior Developer,Chicago,45436.49,6220.78,2024-01-03,0,100.0,william.taylor@company.com,(775) 617-5518,Active
EMP014756,Amanda,Martinez,Amanda Martinez,50,Marketing,Analyst,Boston,77439.65,9332.94,2023-08-09,25,53.4,amanda.martinez@company.com,(625) 712-3917,Inactive
EMP014757,John,Jones,John Jones,31,Sales,Director,Los Angeles,58892.11,5370.87,2023-11-25,4,88.1,john.jones@company.com,(231) 789-1466,Active
EMP014758,Melissa,Gonzalez,Melissa Gonzalez,35,Marketing,Specialist,Chicago,75088.46,5995.34,2021-02-28,11,85.1,melissa.gonzalez@company.com,(265) 509-8572,Active
EMP014759,Stephanie,Thomas,Stephanie Thomas,49,Engineering,Coordinator,Los Angeles,121416.27,20956.66,2023-07-24,24,97.9,stephanie.thomas@company.com,(799) 691-6720,Active
EMP014760,Jessica,Lopez,Jessica Lopez,23,IT,Lead,Miami,70472.0,7757.21,2020-12-08,0,57.5,jessica.lopez@company.com,(804) 709-5058,Active
EMP014761,John,Jackson,John Jackson,59,IT,Specialist,Seattle,103462.3,8635.78,2023-06-28,33,81.8,john.jackson@company.com,(311) 673-2888,On Leave
EMP014762,Lisa,Gonzalez,Lisa Gonzalez,38,Sales,Specialist,Boston,73918.85,6535.83,2023-09-30,16,63.1,lisa.gonzalez@company.com,(260) 905-6440,Active
EMP014763,Stephanie,Jackson,Stephanie Jackson,30,Sales,Director,San Francisco,60254.89,5304.51,2023-10-18,1,81.2,stephanie.jackson@company.com,(365) 863-4894,Active
EMP014764,James,Rodriguez,James Rodriguez,50,Finance,Manager,Seattle,59445.37,9180.05,2024-02-28,23,70.9,james.rodriguez@company.com,(525) 732-7692,Active
EMP014765,Amanda,Thomas,Amanda Thomas,40,Operations,Analyst,Austin,59686.56,4923.35,2022-09-27,12,84.4,amanda.thomas@company.com,(328) 526-9068,Active
EMP014766,Amanda,Thomas,Amanda Thomas,54,Marketing,Specialist,New York,77128.39,8357.3,2022-01-08,27,51.7,amanda.thomas@company.com,(364) 347-3637,Active
EMP014767,Daniel,Martin,Daniel Martin,56,Finance,Coordinator,Miami,107323.46,9104.08,2023-03-12,33,58.1,daniel.martin@company.com,(712) 831-5494,Active
EMP014768,Stephanie,Gonzalez,Stephanie Gonzalez,41,Finance,Coordinator,Chicago,106085.15,5157.06,2020-10-01,17,55.8,stephanie.gonzalez@company.com,(318) 974-5463,Inactive
EMP014769,William,Williams,William Williams,45,HR,Associate,Seattle,71415.21,0.0,2024-05-18,20,90.4,william.williams@company.com,(736) 713-3457,Active
EMP014770,Ashley,Davis,Ashley Davis,36,IT,Manager,San Francisco,60107.11,6069.18,2022-06-08,9,100.0,ashley.davis@company.com,(455) 678-6203,Active
EMP014771,Melissa,Davis,Melissa Davis,38,IT,Analyst,Austin,99498.56,6934.03,2022-01-17,14,76.4,melissa.davis@company.com,(770) 947-4069,Active
EMP014772,Lisa,Wilson,Lisa Wilson,33,Legal,Lead,Seattle,95657.21,9953.4,2022-01-07,11,62.5,lisa.wilson@company.com,(873) 651-4860,Active
EMP014773,Robert,Miller,Robert Miller,31,Finance,Lead,Austin,64397.76,10143.23,2022-10-13,5,83.6,robert.miller@company.com,(488) 778-5655,Active
EMP014774,Christopher,Taylor,Christopher Taylor,62,Finance,Senior Developer,Chicago,115087.93,10216.52,2024-09-24,40,66.1,christopher.taylor@company.com,(228) 286-7122,Active
EMP014775,Stephanie,Davis,Stephanie Davis,45,HR,Lead,Austin,53506.69,2701.36,2020-12-22,23,70.6,stephanie.davis@company.com,(749) 574-4758,Active
EMP014776,Stephanie,Moore,Stephanie Moore,24,Marketing,Coordinator,Boston,50498.77,4622.14,2023-02-13,0,93.5,stephanie.moore@company.com,(664) 785-1806,Active
EMP014777,Daniel,Thomas,Daniel Thomas,64,HR,Lead,New York,92306.13,14607.37,2022-04-02,41,99.8,daniel.thomas@company.com,(954) 240-3223,Active
EMP014778,James,Martin,James Martin,34,Marketing,Coordinator,Miami,55427.12,7378.59,2020-02-25,11,67.5,james.martin@company.com,(346) 219-2642,Active
EMP014779,Stephanie,Williams,Stephanie Williams,22,Engineering,Manager,Los Angeles,65346.11,10046.4,2023-10-14,0,66.3,stephanie.williams@company.com,(687) 286-6448,Active
EMP014780,Ashley,Williams,Ashley Williams,62,Marketing,Associate,Boston,81133.68,4956.56,2022-04-16,33,22.0,ashley.williams@company.com,(659) 618-9118,Active
EMP014781,Jane,Garcia,Jane Garcia,56,Marketing,Coordinator,Los Angeles,77266.47,9458.88,2024-05-29,34,46.5,jane.garcia@company.com,(825) 817-7714,Active
EMP014782,Jane,Brown,Jane Brown,37,IT,Specialist,Chicago,81166.48,9901.77,2021-02-17,8,72.6,jane.brown@company.com,(687) 905-7680,Inactive
EMP014783,James,Johnson,James Johnson,42,Marketing,Specialist,Seattle,67611.92,10401.21,2022-06-01,13,96.1,james.johnson@company.com,(828) 415-4850,Active
EMP014784,Nicole,Thomas,Nicole Thomas,30,Finance,Lead,Boston,52965.38,2405.97,2021-10-16,3,90.4,nicole.thomas@company.com,(516) 445-7973,Active
EMP014785,Ashley,Johnson,Ashley Johnson,46,IT,Lead,Austin,83736.89,16114.07,2020-09-18,22,71.4,ashley.johnson@company.com,(551) 511-2574,Active
EMP014786,Emily,Hernandez,Emily Hernandez,55,Operations,Associate,Austin,75384.14,5919.01,2020-07-05,32,77.0,emily.hernandez@company.com,(345) 430-2748,Active
EMP014787,Christopher,Davis,Christopher Davis,57,IT,Director,Los Angeles,97515.29,14917.3,2022-01-20,32,62.2,christopher.davis@company.com,(364) 885-9832,Active
EMP014788,Stephanie,Smith,Stephanie Smith,51,Legal,Director,Seattle,96613.04,8477.49,2024-08-13,25,86.1,stephanie.smith@company.com,(425) 498-6111,Active
EMP014789,Michael,Lopez,Michael Lopez,44,IT,Manager,Miami,67411.28,1402.22,2022-01-03,18,63.4,michael.lopez@company.com,(735) 584-6266,Active
EMP014790,Sarah,Brown,Sarah Brown,35,Legal,Lead,Los Angeles,113828.71,15537.96,2021-04-01,8,77.6,sarah.brown@company.com,(686) 266-4451,Active
EMP014791,Ashley,Martin,Ashley Martin,28,Operations,Manager,San Francisco,58634.81,6336.43,2021-08-19,1,81.6,ashley.martin@company.com,(345) 227-9585,Inactive
EMP014792,Christopher,Jones,Christopher Jones,55,Marketing,Manager,Miami,86620.27,13425.51,2023-01-18,28,93.7,christopher.jones@company.com,(914) 313-9223,Active
EMP014793,Matthew,Miller,Matthew Miller,55,Operations,Director,San Francisco,68401.12,6644.34,2023-06-08,33,88.7,matthew.miller@company.com,(695) 501-3008,Active
EMP014794,Sarah,Thomas,Sarah Thomas,56,Legal,Lead,Chicago,110733.74,8075.94,2024-12-31,34,86.6,sarah.thomas@company.com,(980) 900-9021,Active
EMP014795,Robert,Taylor,Robert Taylor,36,Marketing,Director,San Francisco,70237.87,5501.14,2024-06-27,7,84.2,robert.taylor@company.com,(701) 589-5983,Inactive
EMP014796,Jessica,Miller,Jessica Miller,54,Operations,Coordinator,Chicago,81295.4,13315.56,2021-07-03,28,96.4,jessica.miller@company.com,(479) 409-1977,Active
EMP014797,Stephanie,Taylor,Stephanie Taylor,62,Finance,Director,Miami,96376.55,6039.29,2023-10-08,40,61.6,stephanie.taylor@company.com,(259) 709-5976,Active
EMP014798,Matthew,Miller,Matthew Miller,50,Marketing,Lead,Seattle,53753.2,9189.97,2023-06-21,21,81.3,matthew.miller@company.com,(452) 378-9170,Inactive
EMP014799,Robert,Taylor,Robert Taylor,37,Legal,Analyst,New York,87794.57,0.0,2021-02-18,9,69.5,robert.taylor@company.com,(570) 584-6149,Active
EMP014800,Lisa,Davis,Lisa Davis,47,Legal,Coordinator,Boston,70913.17,8833.26,2023-10-11,19,83.3,lisa.davis@company.com,(268) 781-3215,Active
EMP014801,William,Lopez,William Lopez,65,Operations,Senior Developer,Los Angeles,83830.67,5970.13,2024-11-14,37,76.7,william.lopez@company.com,(425) 332-6643,Active
EMP014802,Sarah,Miller,Sarah Miller,42,Finance,Associate,San Francisco,75120.67,7711.89,2020-05-06,16,63.5,sarah.miller@company.com,(939) 906-7849,Active
EMP014803,Sarah,Garcia,Sarah Garcia,24,Legal,Manager,Boston,82343.1,11435.45,2021-10-04,2,52.2,sarah.garcia@company.com,(488) 668-9459,Active
EMP014804,Matthew,Thomas,Matthew Thomas,34,Finance,Director,Austin,72252.65,11029.06,2023-05-31,12,100.0,matthew.thomas@company.com,(543) 666-1066,Active
EMP014805,Jane,Rodriguez,Jane Rodriguez,41,Finance,Specialist,New York,95754.39,3790.35,2022-04-10,19,84.7,jane.rodriguez@company.com,(815) 984-2182,Active
EMP014806,Anthony,Williams,Anthony Williams,60,Sales,Manager,Boston,98381.15,8076.77,2024-11-28,36,75.9,anthony.williams@company.com,(390) 541-3352,Active
EMP014807,Michael,Martinez,Michael Martinez,39,Legal,Analyst,Seattle,97769.21,12201.55,2024-05-06,17,71.0,michael.martinez@company.com,(961) 928-2920,Active
EMP014808,Robert,Williams,Robert Williams,32,IT,Coordinator,Seattle,87779.16,9191.05,2022-07-17,3,61.2,robert.williams@company.com,(236) 897-6238,Active
EMP014809,William,Anderson,William Anderson,64,HR,Coordinator,Los Angeles,73471.04,9713.59,2021-02-09,41,94.3,william.anderson@company.com,(246) 550-7223,Active
EMP014810,Lisa,Garcia,Lisa Garcia,58,HR,Analyst,Seattle,84685.03,9336.33,2024-03-21,36,61.0,lisa.garcia@company.com,(893) 942-7251,Active
EMP014811,Stephanie,Gonzalez,Stephanie Gonzalez,53,Sales,Analyst,Boston,85803.16,10011.19,2022-11-21,25,55.1,stephanie.gonzalez@company.com,(204) 344-5645,Active
EMP014812,Sarah,Garcia,Sarah Garcia,25,Operations,Associate,Boston,33481.97,2638.18,2023-11-26,2,62.9,sarah.garcia@company.com,(584) 309-6119,Active
EMP014813,Lisa,Jackson,Lisa Jackson,48,Finance,Specialist,Seattle,72984.55,2095.37,2020-12-05,22,86.9,lisa.jackson@company.com,(917) 400-6773,Active
EMP014814,Amanda,Davis,Amanda Davis,65,IT,Associate,Miami,102774.13,123.2,2021-10-06,39,73.6,amanda.davis@company.com,(465) 260-9623,Active
EMP014815,Michael,Hernandez,Michael Hernandez,34,Operations,Associate,Boston,49748.57,4168.23,2024-10-07,9,94.9,michael.hernandez@company.com,(579) 365-1116,Active
EMP014816,Jane,Moore,Jane Moore,40,Finance,Associate,Los Angeles,111619.47,15812.12,2022-10-01,18,61.8,jane.moore@company.com,(300) 941-4773,On Leave
EMP014817,Jane,Taylor,Jane Taylor,41,Engineering,Director,Chicago,83967.91,6330.33,2023-01-23,18,95.1,jane.taylor@company.com,(896) 451-5654,Active
EMP014818,Matthew,Taylor,Matthew Taylor,54,Legal,Senior Developer,Los Angeles,136160.55,8961.88,2020-12-26,26,99.9,matthew.taylor@company.com,(506) 501-4973,Active
EMP014819,Jane,Miller,Jane Miller,24,Sales,Lead,Austin,71345.58,10801.69,2024-02-28,0,94.6,jane.miller@company.com,(594) 267-8677,Active
EMP014820,Amanda,Moore,Amanda Moore,45,Sales,Lead,Boston,90889.05,1881.45,2022-10-15,17,66.4,amanda.moore@company.com,(758) 482-6652,Active
EMP014821,Robert,Moore,Robert Moore,41,Sales,Coordinator,Seattle,90306.51,11683.86,2024-04-01,12,72.3,robert.moore@company.com,(901) 694-7499,Active
EMP014822,Sarah,Brown,Sarah Brown,58,Sales,Lead,Boston,80546.54,4037.39,2023-06-16,31,63.6,sarah.brown@company.com,(891) 599-3493,Inactive
EMP014823,James,Johnson,James Johnson,31,Sales,Manager,Austin,60286.02,5469.77,2021-04-20,5,92.9,james.johnson@company.com,(839) 248-7682,Active
EMP014824,Stephanie,Garcia,Stephanie Garcia,41,Finance,Analyst,Boston,90956.69,7597.97,2023-01-15,13,91.7,stephanie.garcia@company.com,(507) 654-4863,Active
EMP014825,Sarah,Davis,Sarah Davis,47,Finance,Associate,Seattle,98155.3,15671.76,2020-05-15,19,74.0,sarah.davis@company.com,(483) 208-9049,Active
EMP014826,Stephanie,Thomas,Stephanie Thomas,50,Marketing,Lead,Los Angeles,98983.28,6984.7,2020-03-03,21,73.9,stephanie.thomas@company.com,(999) 855-8876,Active
EMP014827,Jane,Brown,Jane Brown,31,Engineering,Specialist,Boston,73752.35,1046.5,2020-08-03,3,82.7,jane.brown@company.com,(869) 286-1181,Active
EMP014828,Anthony,Johnson,Anthony Johnson,41,HR,Associate,Seattle,73817.6,5462.44,2023-07-30,17,59.5,anthony.johnson@company.com,(246) 527-8876,Active
EMP014829,Anthony,Rodriguez,Anthony Rodriguez,28,Engineering,Senior Developer,New York,46927.35,4574.27,2020-10-08,0,72.8,anthony.rodriguez@company.com,(543) 474-4679,Active
EMP014830,Amanda,Lopez,Amanda Lopez,57,Engineering,Coordinator,Miami,92582.26,5614.34,2024-12-22,33,62.3,amanda.lopez@company.com,(236) 830-8680,Active
EMP014831,William,Miller,William Miller,29,Marketing,Specialist,Los Angeles,44713.34,4433.52,2023-10-06,7,86.8,william.miller@company.com,(669) 809-5401,On Leave
EMP014832,Jessica,Anderson,Jessica Anderson,49,Operations,Manager,Austin,82090.59,5752.47,2024-01-13,20,72.1,jessica.anderson@company.com,(225) 580-6320,Active
EMP014833,Daniel,Jones,Daniel Jones,31,Legal,Associate,Seattle,71924.51,5760.97,2020-10-13,9,67.3,daniel.jones@company.com,(501) 296-4013,Active
EMP014834,John,Rodriguez,John Rodriguez,52,IT,Manager,Los Angeles,111622.7,12078.14,2020-10-23,28,62.1,john.rodriguez@company.com,(298) 390-8610,Active
EMP014835,James,Anderson,James Anderson,32,Finance,Senior Developer,Austin,69261.8,11515.03,2020-02-03,8,63.8,james.anderson@company.com,(248) 906-1211,Active
EMP014836,Nicole,Taylor,Nicole Taylor,25,HR,Specialist,Boston,56464.97,6062.48,2020-02-27,0,77.6,nicole.taylor@company.com,(830) 369-8197,Active
EMP014837,Daniel,Gonzalez,Daniel Gonzalez,65,Sales,Director,Austin,123922.75,7168.91,2020-11-13,41,67.9,daniel.gonzalez@company.com,(456) 761-8891,Active
EMP014838,Christopher,Wilson,Christopher Wilson,55,Sales,Manager,Miami,109465.66,17780.88,2020-02-19,32,80.0,christopher.wilson@company.com,(709) 485-1759,Active
EMP014839,William,Wilson,William Wilson,24,HR,Lead,Seattle,35846.15,6141.79,2020-05-25,0,89.6,william.wilson@company.com,(601) 919-7215,Active
EMP014840,James,Smith,James Smith,32,Legal,Analyst,Los Angeles,97809.83,15774.91,2020-10-16,3,94.6,james.smith@company.com,(723) 914-4446,Active
EMP014841,Melissa,Wilson,Melissa Wilson,27,HR,Coordinator,Miami,67609.96,5884.05,2020-05-26,5,73.1,melissa.wilson@company.com,(387) 285-8908,Active
EMP014842,Christopher,Lopez,Christopher Lopez,39,Operations,Analyst,Seattle,70377.16,8648.33,2020-03-16,11,81.6,christopher.lopez@company.com,(269) 318-7504,Inactive
EMP014843,Jane,Moore,Jane Moore,36,Engineering,Director,Seattle,61739.0,6339.0,2023-03-13,12,90.8,jane.moore@company.com,(524) 991-6931,Active
EMP014844,Emily,Smith,Emily Smith,32,Sales,Manager,New York,84592.77,17503.84,2020-08-31,8,69.2,emily.smith@company.com,(961) 648-5241,Active
EMP014845,Jessica,Williams,Jessica Williams,61,Engineering,Associate,Los Angeles,155315.37,10943.6,2024-07-17,36,61.5,jessica.williams@company.com,(982) 322-9580,Active
EMP014846,Ashley,Martin,Ashley Martin,40,HR,Senior Developer,San Francisco,70031.35,11330.35,2020-05-19,17,54.4,ashley.martin@company.com,(997) 241-7771,Active
EMP014847,Amanda,Gonzalez,Amanda Gonzalez,50,IT,Senior Developer,Chicago,87944.41,13964.75,2022-01-13,25,89.7,amanda.gonzalez@company.com,(424) 583-6222,Active
EMP014848,David,Hernandez,David Hernandez,41,Operations,Manager,Chicago,75082.94,6893.28,2022-06-06,18,81.5,david.hernandez@company.com,(867) 832-4173,Active
EMP014849,Jessica,Davis,Jessica Davis,48,IT,Specialist,San Francisco,102301.22,18594.11,2021-04-12,26,80.4,jessica.davis@company.com,(814) 287-4363,Active
EMP014850,David,Martin,David Martin,55,Operations,Senior Developer,Seattle,57945.01,657.92,2022-02-22,28,100.0,david.martin@company.com,(211) 760-5859,Active
EMP014851,Ashley,Brown,Ashley Brown,44,Engineering,Specialist,Miami,89021.49,7246.19,2020-12-16,17,78.4,ashley.brown@company.com,(563) 792-7579,Active
EMP014852,Sarah,Thomas,Sarah Thomas,58,Operations,Senior Developer,Los Angeles,81082.31,6357.67,2021-07-25,35,84.8,sarah.thomas@company.com,(749) 547-6840,Active
EMP014853,Christopher,Jackson,Christopher Jackson,58,Marketing,Director,San Francisco,104393.3,12948.83,2024-09-25,33,70.5,christopher.jackson@company.com,(725) 531-3884,Inactive
EMP014854,William,Davis,William Davis,46,Operations,Manager,Austin,66968.27,8065.1,2023-06-09,24,65.7,william.davis@company.com,(615) 260-8869,Active
EMP014855,Nicole,Lopez,Nicole Lopez,36,Sales,Associate,Miami,79946.49,3184.89,2024-05-14,14,52.6,nicole.lopez@company.com,(552) 407-3898,Active
EMP014856,Robert,Martin,Robert Martin,22,Operations,Manager,Austin,45853.36,4151.99,2021-03-27,0,86.7,robert.martin@company.com,(374) 299-1170,Active
EMP014857,Lisa,Moore,Lisa Moore,56,Engineering,Manager,New York,126247.13,7388.4,2024-05-10,32,75.1,lisa.moore@company.com,(805) 201-2577,Inactive
EMP014858,Sarah,Hernandez,Sarah Hernandez,33,Engineering,Coordinator,Austin,76426.35,4493.57,2023-05-30,8,74.3,sarah.hernandez@company.com,(958) 672-8246,Active
EMP014859,Sarah,Johnson,Sarah Johnson,31,IT,Specialist,New York,64537.55,9523.6,2020-12-24,2,60.1,sarah.johnson@company.com,(647) 592-8615,Active
EMP014860,Daniel,Williams,Daniel Williams,32,HR,Manager,Seattle,56305.08,8729.35,2020-02-14,3,69.6,daniel.williams@company.com,(376) 863-4062,Active
EMP014861,Ashley,Jones,Ashley Jones,37,Operations,Analyst,Austin,28996.78,4189.12,2020-12-01,12,86.5,ashley.jones@company.com,(463) 930-5466,Active
EMP014862,Jessica,Moore,Jessica Moore,49,Legal,Senior Developer,Los Angeles,108439.85,6421.35,2022-05-03,25,48.7,jessica.moore@company.com,(994) 961-5888,Active
EMP014863,John,Williams,John Williams,34,Operations,Coordinator,Chicago,52448.56,5326.85,2024-03-18,9,73.5,john.williams@company.com,(915) 835-4559,Active
EMP014864,Melissa,Jones,Melissa Jones,52,Legal,Associate,Seattle,92467.27,0.0,2020-08-20,23,82.6,melissa.jones@company.com,(505) 391-3419,Active
EMP014865,Melissa,Martinez,Melissa Martinez,31,IT,Director,San Francisco,53949.17,8712.24,2020-08-15,6,80.7,melissa.martinez@company.com,(235) 255-8726,Active
EMP014866,Amanda,Johnson,Amanda Johnson,44,Legal,Coordinator,Miami,110398.06,12641.43,2023-09-09,17,69.0,amanda.johnson@company.com,(569) 261-3887,Active
EMP014867,Emily,Williams,Emily Williams,43,Sales,Coordinator,New York,59348.59,8698.59,2020-08-05,14,59.7,emily.williams@company.com,(398) 388-8630,Active
EMP014868,Matthew,Martinez,Matthew Martinez,24,Operations,Lead,San Francisco,45749.26,8392.77,2022-07-16,1,58.4,matthew.martinez@company.com,(345) 480-1085,Active
EMP014869,Daniel,Wilson,Daniel Wilson,27,Legal,Associate,Los Angeles,83798.82,4241.48,2020-05-17,5,100.0,daniel.wilson@company.com,(771) 873-1065,Active
EMP014870,Christopher,Davis,Christopher Davis,65,Operations,Associate,Miami,71367.03,4718.46,2024-12-04,37,74.2,christopher.davis@company.com,(786) 358-1486,Active
EMP014871,David,Martinez,David Martinez,30,Operations,Lead,New York,51632.09,8020.86,2021-10-09,3,85.5,david.martinez@company.com,(871) 435-2136,Active
EMP014872,Emily,Gonzalez,Emily Gonzalez,59,Operations,Lead,Chicago,84196.31,8669.84,2022-03-25,34,61.4,emily.gonzalez@company.com,(523) 352-2368,Active
EMP014873,Jane,Martin,Jane Martin,41,IT,Associate,Austin,69814.97,11482.52,2024-10-19,15,100.0,jane.martin@company.com,(681) 748-2942,Active
EMP014874,Christopher,Martinez,Christopher Martinez,46,Finance,Senior Developer,Austin,115750.49,0.0,2022-04-13,23,72.1,christopher.martinez@company.com,(552) 431-3499,Active
EMP014875,Robert,Jackson,Robert Jackson,59,Engineering,Associate,Boston,111840.84,7941.03,2022-05-17,34,86.5,robert.jackson@company.com,(616) 553-7578,Active
EMP014876,Matthew,Gonzalez,Matthew Gonzalez,31,Sales,Coordinator,New York,47774.07,7038.43,2020-10-11,6,74.0,matthew.gonzalez@company.com,(978) 810-3668,Active
EMP014877,Emily,Anderson,Emily Anderson,29,Finance,Lead,Austin,89231.51,13158.4,2023-10-30,0,66.0,emily.anderson@company.com,(313) 679-4557,Active
EMP014878,James,Williams,James Williams,35,Marketing,Senior Developer,Boston,67635.85,6408.57,2023-12-09,9,76.5,james.williams@company.com,(256) 577-1128,Active
EMP014879,Michael,Anderson,Michael Anderson,33,Finance,Lead,San Francisco,71880.12,4993.58,2020-03-03,11,60.0,michael.anderson@company.com,(665) 881-4692,Active
EMP014880,William,Jackson,William Jackson,57,Marketing,Director,Chicago,94421.9,13197.86,2021-12-27,33,68.4,william.jackson@company.com,(802) 504-9146,Active
EMP014881,Lisa,Rodriguez,Lisa Rodriguez,39,Engineering,Manager,Seattle,98702.57,14348.54,2024-07-17,10,55.1,lisa.rodriguez@company.com,(727) 418-6606,Active
EMP014882,Lisa,Moore,Lisa Moore,61,Sales,Analyst,Miami,81023.19,10134.4,2020-04-18,39,83.1,lisa.moore@company.com,(702) 707-2435,Inactive
EMP014883,Nicole,Garcia,Nicole Garcia,61,Engineering,Lead,Chicago,120913.63,17535.91,2022-01-16,38,47.3,nicole.garcia@company.com,(408) 459-9589,Active
EMP014884,Stephanie,Wilson,Stephanie Wilson,61,Engineering,Associate,Seattle,121534.54,12067.14,2023-01-30,39,81.2,stephanie.wilson@company.com,(635) 938-1128,Active
EMP014885,Stephanie,Martin,Stephanie Martin,39,Sales,Director,New York,100359.11,8572.08,2021-03-28,17,73.7,stephanie.martin@company.com,(262) 822-6685,On Leave
EMP014886,Anthony,Martin,Anthony Martin,38,HR,Senior Developer,Miami,72446.36,10195.51,2022-03-06,9,64.1,anthony.martin@company.com,(785) 628-8777,Active
EMP014887,David,Smith,David Smith,39,Marketing,Manager,San Francisco,48234.51,3197.63,2024-06-08,15,52.7,david.smith@company.com,(513) 513-8145,Active
EMP014888,William,Brown,William Brown,31,Marketing,Director,Los Angeles,80513.15,10700.59,2024-06-01,9,56.1,william.brown@company.com,(565) 474-5185,Active
EMP014889,Michael,Martin,Michael Martin,43,Finance,Associate,New York,73025.84,12001.48,2023-08-15,14,83.7,michael.martin@company.com,(449) 248-9018,Active
EMP014890,Lisa,Jones,Lisa Jones,46,Sales,Manager,Miami,82528.21,13802.48,2023-05-22,21,98.3,lisa.jones@company.com,(769) 773-8144,Active
EMP014891,Nicole,Gonzalez,Nicole Gonzalez,44,HR,Associate,Chicago,54595.74,6244.47,2024-07-23,20,95.6,nicole.gonzalez@company.com,(473) 645-7660,Active
EMP014892,Nicole,Jones,Nicole Jones,50,Engineering,Associate,Seattle,150374.12,8246.19,2020-04-14,24,98.0,nicole.jones@company.com,(576) 372-9756,Active
EMP014893,Jessica,Martin,Jessica Martin,45,Marketing,Senior Developer,Chicago,63153.79,8732.65,2020-10-25,20,68.3,jessica.martin@company.com,(553) 420-4955,Active
EMP014894,Daniel,Jackson,Daniel Jackson,25,IT,Specialist,Boston,37687.72,6792.21,2021-12-30,1,93.6,daniel.jackson@company.com,(620) 931-1891,Active
EMP014895,Amanda,Gonzalez,Amanda Gonzalez,52,Engineering,Lead,Austin,47175.58,2539.47,2021-05-20,24,86.3,amanda.gonzalez@company.com,(302) 482-9686,Active
EMP014896,John,Johnson,John Johnson,47,Legal,Specialist,Austin,108747.41,15525.15,2022-05-23,19,77.9,john.johnson@company.com,(693) 587-9583,Active
EMP014897,Matthew,Lopez,Matthew Lopez,55,Sales,Associate,Boston,94172.18,8895.22,2021-12-29,26,83.1,matthew.lopez@company.com,(821) 670-4250,Active
EMP014898,Christopher,Anderson,Christopher Anderson,63,IT,Director,Austin,112019.85,9777.41,2023-07-07,36,89.8,christopher.anderson@company.com,(561) 336-3274,Active
EMP014899,Jane,Rodriguez,Jane Rodriguez,26,IT,Lead,Los Angeles,109744.99,13571.09,2021-01-03,0,100.0,jane.rodriguez@company.com,(895) 692-9164,Inactive
EMP014900,Nicole,Miller,Nicole Miller,42,HR,Specialist,Seattle,69689.23,12301.74,2022-09-21,16,99.0,nicole.miller@company.com,(544) 656-3320,Active
EMP014901,Robert,Smith,Robert Smith,24,IT,Lead,Boston,83064.9,10122.8,2023-12-28,2,61.3,robert.smith@company.com,(636) 808-3605,Active
EMP014902,David,Lopez,David Lopez,61,IT,Coordinator,Miami,110691.14,9611.24,2020-02-12,32,98.7,david.lopez@company.com,(407) 859-5240,Active
EMP014903,Christopher,Jones,Christopher Jones,27,Operations,Manager,Miami,54701.61,3897.48,2022-07-10,4,82.1,christopher.jones@company.com,(766) 559-3983,Active
EMP014904,Jessica,Miller,Jessica Miller,49,Engineering,Director,Boston,99551.74,12002.13,2024-01-23,23,88.0,jessica.miller@company.com,(811) 574-7859,Active
EMP014905,Michael,Miller,Michael Miller,42,Engineering,Coordinator,Chicago,104293.03,13423.56,2023-05-15,20,77.0,michael.miller@company.com,(276) 969-6912,Active
EMP014906,Ashley,Garcia,Ashley Garcia,53,Engineering,Analyst,San Francisco,100407.13,9314.01,2020-06-15,25,63.9,ashley.garcia@company.com,(646) 819-6959,On Leave
EMP014907,Stephanie,Anderson,Stephanie Anderson,39,HR,Manager,Boston,57731.83,6528.79,2022-09-20,16,60.3,stephanie.anderson@company.com,(714) 908-8305,Active
EMP014908,Jessica,Jackson,Jessica Jackson,23,Engineering,Lead,Austin,89947.74,14048.7,2022-11-14,1,66.4,jessica.jackson@company.com,(828) 648-3577,Active
EMP014909,Matthew,Anderson,Matthew Anderson,55,Marketing,Director,Chicago,75157.94,12811.02,2024-11-30,31,75.9,matthew.anderson@company.com,(933) 350-2146,Active
EMP014910,Stephanie,Wilson,Stephanie Wilson,38,IT,Specialist,Chicago,90112.34,12865.64,2020-07-05,16,75.6,stephanie.wilson@company.com,(707) 468-3096,Active
EMP014911,Robert,Smith,Robert Smith,55,Marketing,Coordinator,Seattle,90462.33,11610.04,2022-06-09,26,72.7,robert.smith@company.com,(410) 361-8514,Active
EMP014912,Robert,Wilson,Robert Wilson,58,Marketing,Senior Developer,Los Angeles,91216.35,12884.9,2022-01-01,32,72.9,robert.wilson@company.com,(754) 576-5884,Active
EMP014913,William,Smith,William Smith,44,Legal,Specialist,Miami,101112.76,16463.68,2023-06-18,20,88.0,william.smith@company.com,(301) 972-2321,Active
EMP014914,Emily,Johnson,Emily Johnson,24,Finance,Director,Los Angeles,35554.26,4602.64,2021-09-24,1,45.4,emily.johnson@company.com,(893) 813-8826,Active
EMP014915,Jane,Anderson,Jane Anderson,55,Sales,Analyst,San Francisco,57287.45,11299.52,2021-11-05,28,61.7,jane.anderson@company.com,(562) 302-3413,Active
EMP014916,Anthony,Martin,Anthony Martin,43,Operations,Specialist,Los Angeles,59596.25,5530.42,2023-08-08,18,75.3,anthony.martin@company.com,(252) 258-6971,Active
EMP014917,Melissa,Johnson,Melissa Johnson,50,Marketing,Analyst,New York,39217.29,5679.95,2020-10-19,22,84.8,melissa.johnson@company.com,(965) 520-3391,Active
EMP014918,Robert,Moore,Robert Moore,27,Marketing,Analyst,Miami,62843.06,10611.38,2020-02-21,3,63.2,robert.moore@company.com,(684) 362-5394,Inactive
EMP014919,Nicole,Gonzalez,Nicole Gonzalez,24,HR,Senior Developer,Austin,41332.18,3357.36,2020-11-30,0,75.8,nicole.gonzalez@company.com,(412) 761-5504,Active
EMP014920,Sarah,Lopez,Sarah Lopez,32,Engineering,Senior Developer,Chicago,101996.96,5270.19,2023-03-02,7,55.3,sarah.lopez@company.com,(307) 570-1415,Active
EMP014921,Christopher,Smith,Christopher Smith,37,Sales,Director,Boston,63145.84,6113.02,2021-11-05,14,63.1,christopher.smith@company.com,(692) 587-5633,Active
EMP014922,Amanda,Wilson,Amanda Wilson,60,Sales,Associate,New York,113440.82,7106.1,2020-08-12,31,72.3,amanda.wilson@company.com,(885) 862-8231,Inactive
EMP014923,Robert,Davis,Robert Davis,58,Engineering,Analyst,Miami,87003.36,5270.6,2020-05-06,34,62.7,robert.davis@company.com,(618) 696-1199,Active
EMP014924,Daniel,Lopez,Daniel Lopez,29,Finance,Analyst,San Francisco,48715.01,9248.59,2023-12-13,2,71.5,daniel.lopez@company.com,(381) 401-1242,Active
EMP014925,Ashley,Wilson,Ashley Wilson,32,Engineering,Associate,Miami,84562.44,8753.37,2024-12-24,9,73.8,ashley.wilson@company.com,(400) 986-5314,On Leave
EMP014926,Amanda,Martin,Amanda Martin,36,Operations,Lead,Boston,66221.08,6502.01,2020-11-07,12,69.0,amanda.martin@company.com,(201) 268-2643,Active
EMP014927,James,Jones,James Jones,28,Finance,Manager,Seattle,48973.41,1856.47,2022-07-23,0,82.9,james.jones@company.com,(901) 615-5646,Active
EMP014928,Anthony,Jones,Anthony Jones,44,IT,Manager,Chicago,104134.98,19428.27,2023-09-23,17,78.9,anthony.jones@company.com,(267) 842-6228,Active
EMP014929,Christopher,Rodriguez,Christopher Rodriguez,50,IT,Specialist,San Francisco,88809.77,12050.48,2023-09-03,21,72.3,christopher.rodriguez@company.com,(704) 528-6161,Inactive
EMP014930,Matthew,Rodriguez,Matthew Rodriguez,58,Operations,Lead,Austin,82861.93,11447.85,2024-12-13,29,80.2,matthew.rodriguez@company.com,(722) 356-1805,Active
EMP014931,Christopher,Martinez,Christopher Martinez,44,Operations,Manager,New York,82589.91,3378.77,2023-06-16,15,59.3,christopher.martinez@company.com,(449) 585-8590,Active
EMP014932,Robert,Johnson,Robert Johnson,33,IT,Associate,San Francisco,77304.32,8178.96,2023-10-19,8,49.2,robert.johnson@company.com,(310) 521-3232,Active
EMP014933,Stephanie,Wilson,Stephanie Wilson,35,Finance,Associate,Austin,68643.69,5041.59,2020-10-09,12,65.2,stephanie.wilson@company.com,(731) 780-5632,Active
EMP014934,Ashley,Johnson,Ashley Johnson,28,Marketing,Specialist,Austin,59468.46,2674.55,2020-01-18,4,80.2,ashley.johnson@company.com,(451) 449-4822,Active
EMP014935,William,Garcia,William Garcia,41,Legal,Specialist,Boston,101649.57,5652.1,2024-01-19,18,78.5,william.garcia@company.com,(596) 292-3312,Active
EMP014936,Amanda,Thomas,Amanda Thomas,42,Operations,Director,Austin,86960.82,15529.87,2021-11-26,13,99.1,amanda.thomas@company.com,(307) 711-1134,Active
EMP014937,Amanda,Rodriguez,Amanda Rodriguez,50,Finance,Director,Boston,42370.1,7377.68,2020-03-05,21,81.6,amanda.rodriguez@company.com,(463) 375-3316,Active
EMP014938,James,Gonzalez,James Gonzalez,25,IT,Lead,Miami,50274.5,6023.65,2022-01-05,3,75.7,james.gonzalez@company.com,(236) 305-3494,Active
EMP014939,Robert,Martin,Robert Martin,64,Sales,Lead,Boston,75226.73,1354.84,2021-02-27,41,55.7,robert.martin@company.com,(296) 563-1693,Active
EMP014940,Lisa,Johnson,Lisa Johnson,25,Finance,Analyst,Seattle,57744.43,11422.43,2022-01-20,3,90.0,lisa.johnson@company.com,(582) 660-3491,Active
EMP014941,Sarah,Lopez,Sarah Lopez,43,Marketing,Senior Developer,Miami,63107.79,0.0,2021-01-15,16,75.8,sarah.lopez@company.com,(563) 829-9081,Active
EMP014942,Stephanie,Taylor,Stephanie Taylor,63,Engineering,Senior Developer,Seattle,133562.58,24657.93,2020-02-13,36,68.1,stephanie.taylor@company.com,(252) 289-8444,Active
EMP014943,Emily,Brown,Emily Brown,53,IT,Coordinator,New York,117733.71,17397.34,2020-01-19,24,82.4,emily.brown@company.com,(991) 921-7079,Inactive
EMP014944,Sarah,Wilson,Sarah Wilson,32,Engineering,Director,New York,80854.5,5326.83,2024-12-20,6,52.8,sarah.wilson@company.com,(562) 380-3171,Active
EMP014945,David,Lopez,David Lopez,45,IT,Manager,Chicago,103460.35,5501.08,2024-01-11,22,79.4,david.lopez@company.com,(956) 919-1774,Active
EMP014946,Melissa,Jones,Melissa Jones,43,Sales,Associate,Boston,86240.87,10903.95,2022-02-10,20,80.2,melissa.jones@company.com,(385) 992-9447,Active
EMP014947,Melissa,Johnson,Melissa Johnson,65,Marketing,Lead,Austin,85559.01,10097.94,2023-04-06,42,96.0,melissa.johnson@company.com,(264) 407-5946,Active
EMP014948,James,Thomas,James Thomas,25,Sales,Lead,Boston,65633.75,8218.51,2022-07-04,2,100.0,james.thomas@company.com,(478) 700-3783,Inactive
EMP014949,Robert,Jackson,Robert Jackson,43,Marketing,Associate,Los Angeles,52348.79,11038.24,2020-05-16,20,85.9,robert.jackson@company.com,(301) 640-8659,Active
EMP014950,Jane,Brown,Jane Brown,45,Marketing,Associate,Chicago,82641.6,4187.59,2022-04-13,21,81.3,jane.brown@company.com,(672) 412-4749,Active
EMP014951,Christopher,Rodriguez,Christopher Rodriguez,36,Operations,Analyst,New York,62999.76,5171.51,2021-05-13,8,76.1,christopher.rodriguez@company.com,(602) 672-5185,Inactive
EMP014952,Matthew,Hernandez,Matthew Hernandez,36,Sales,Director,Seattle,73462.85,11357.58,2021-03-24,9,58.8,matthew.hernandez@company.com,(579) 843-6932,Active
EMP014953,Robert,Miller,Robert Miller,43,Engineering,Senior Developer,New York,121894.19,12143.24,2021-04-29,18,72.2,robert.miller@company.com,(908) 585-2990,Active
EMP014954,Stephanie,Hernandez,Stephanie Hernandez,22,Legal,Director,Austin,78692.76,6376.17,2022-07-29,0,67.2,stephanie.hernandez@company.com,(229) 968-4929,Active
EMP014955,James,Johnson,James Johnson,52,Marketing,Director,Austin,76286.06,4289.13,2022-08-02,27,60.4,james.johnson@company.com,(764) 365-6236,Inactive
EMP014956,Michael,Taylor,Michael Taylor,36,Finance,Specialist,San Francisco,82757.18,9355.14,2020-01-30,14,79.8,michael.taylor@company.com,(993) 601-5338,On Leave
EMP014957,Matthew,Davis,Matthew Davis,39,Marketing,Senior Developer,Los Angeles,68744.92,6341.96,2022-06-14,10,48.1,matthew.davis@company.com,(230) 853-7859,Active
EMP014958,Emily,Hernandez,Emily Hernandez,47,HR,Coordinator,Chicago,64326.59,5187.16,2022-11-09,20,100.0,emily.hernandez@company.com,(982) 328-5291,Inactive
EMP014959,Sarah,Rodriguez,Sarah Rodriguez,39,HR,Manager,San Francisco,55839.3,3939.3,2021-04-13,14,60.7,sarah.rodriguez@company.com,(293) 373-6812,Active
EMP014960,Michael,Rodriguez,Michael Rodriguez,63,IT,Coordinator,Seattle,109842.59,15764.99,2021-10-04,40,71.4,michael.rodriguez@company.com,(432) 800-9071,Inactive
EMP014961,Robert,Moore,Robert Moore,57,Finance,Manager,Los Angeles,79459.03,3243.81,2022-01-17,35,73.7,robert.moore@company.com,(792) 684-2088,Inactive
EMP014962,Melissa,Hernandez,Melissa Hernandez,38,HR,Lead,Seattle,86917.33,16265.78,2021-08-27,16,91.3,melissa.hernandez@company.com,(701) 940-5824,Inactive
EMP014963,Anthony,Martin,Anthony Martin,60,HR,Analyst,Seattle,82217.4,6930.75,2021-05-04,37,69.3,anthony.martin@company.com,(489) 922-6586,Active
EMP014964,Jessica,Brown,Jessica Brown,35,Finance,Director,San Francisco,79361.27,3690.29,2023-08-09,10,55.0,jessica.brown@company.com,(806) 631-3278,Active
EMP014965,Christopher,Wilson,Christopher Wilson,48,Sales,Director,San Francisco,75178.9,708.96,2023-01-06,19,66.0,christopher.wilson@company.com,(814) 704-3190,Active
EMP014966,Anthony,Gonzalez,Anthony Gonzalez,59,Engineering,Senior Developer,San Francisco,122591.48,7955.28,2023-06-14,33,90.5,anthony.gonzalez@company.com,(847) 415-8260,Active
EMP014967,Sarah,Williams,Sarah Williams,32,Finance,Director,New York,73580.04,7238.3,2020-03-21,9,79.5,sarah.williams@company.com,(422) 260-7290,Inactive
EMP014968,John,Gonzalez,John Gonzalez,51,IT,Director,New York,104302.9,8832.64,2020-11-20,26,63.8,john.gonzalez@company.com,(846) 695-8988,Inactive
EMP014969,John,Martinez,John Martinez,36,Operations,Director,San Francisco,73018.02,108.21,2024-12-13,7,60.5,john.martinez@company.com,(219) 438-8911,On Leave
EMP014970,Stephanie,Thomas,Stephanie Thomas,65,Legal,Analyst,Miami,115127.99,15699.07,2020-01-16,39,82.0,stephanie.thomas@company.com,(307) 652-6569,Active
EMP014971,Robert,Moore,Robert Moore,30,Operations,Director,Chicago,38953.97,5960.93,2020-07-17,4,71.2,robert.moore@company.com,(933) 898-7570,Active
EMP014972,Stephanie,Lopez,Stephanie Lopez,51,HR,Coordinator,Miami,50943.68,3912.86,2023-02-22,27,87.8,stephanie.lopez@company.com,(673) 234-9517,Active
EMP014973,Sarah,Martin,Sarah Martin,57,IT,Director,San Francisco,91806.17,12600.76,2020-05-28,29,79.6,sarah.martin@company.com,(988) 392-8515,Active
EMP014974,Amanda,Martin,Amanda Martin,58,Engineering,Associate,Chicago,109510.12,7468.55,2021-11-13,35,65.4,amanda.martin@company.com,(400) 556-9921,Active
EMP014975,Michael,Moore,Michael Moore,55,Operations,Senior Developer,Los Angeles,88709.49,8793.54,2020-03-17,29,91.9,michael.moore@company.com,(649) 905-9584,Active
EMP014976,Jessica,Williams,Jessica Williams,44,Operations,Specialist,Boston,67771.41,9274.26,2022-10-27,15,55.9,jessica.williams@company.com,(346) 824-5676,Active
EMP014977,Daniel,Lopez,Daniel Lopez,52,Finance,Coordinator,Boston,75756.08,3100.23,2022-08-28,28,77.9,daniel.lopez@company.com,(532) 857-2147,Active
EMP014978,Daniel,Hernandez,Daniel Hernandez,22,Legal,Senior Developer,Seattle,84289.98,11995.83,2021-12-06,0,81.9,daniel.hernandez@company.com,(794) 985-1954,Inactive
EMP014979,Lisa,Williams,Lisa Williams,34,Sales,Senior Developer,Chicago,45963.02,4397.85,2022-03-24,9,81.9,lisa.williams@company.com,(380) 788-1180,Active
EMP014980,William,Moore,William Moore,51,Engineering,Analyst,San Francisco,98326.35,14678.02,2022-12-03,25,73.9,william.moore@company.com,(876) 528-4242,Active
EMP014981,Ashley,Brown,Ashley Brown,37,Legal,Lead,Austin,112777.51,11029.02,2020-02-15,11,89.8,ashley.brown@company.com,(802) 885-2967,Active
EMP014982,Jessica,Gonzalez,Jessica Gonzalez,61,HR,Director,Boston,99990.78,0.0,2022-07-06,36,72.4,jessica.gonzalez@company.com,(848) 409-6061,Active
EMP014983,Amanda,Lopez,Amanda Lopez,65,IT,Associate,Seattle,103587.2,11841.71,2022-08-26,42,48.9,amanda.lopez@company.com,(885) 711-5850,Active
EMP014984,Emily,Miller,Emily Miller,30,Sales,Senior Developer,Austin,53526.62,2301.81,2024-01-11,3,71.6,emily.miller@company.com,(567) 318-1380,Active
EMP014985,Melissa,Jackson,Melissa Jackson,42,HR,Analyst,Seattle,59558.57,7456.86,2020-09-11,17,92.4,melissa.jackson@company.com,(404) 677-4927,Active
EMP014986,Emily,Moore,Emily Moore,56,HR,Lead,San Francisco,71665.88,8806.17,2024-12-13,29,76.6,emily.moore@company.com,(743) 573-7982,Active
EMP014987,Matthew,Jackson,Matthew Jackson,37,Marketing,Lead,Boston,69924.33,11166.01,2020-04-28,13,66.7,matthew.jackson@company.com,(848) 324-6883,Inactive
EMP014988,Amanda,Taylor,Amanda Taylor,34,Finance,Analyst,San Francisco,64770.64,4761.63,2022-08-09,6,62.8,amanda.taylor@company.com,(452) 647-6588,Active
EMP014989,Daniel,Martinez,Daniel Martinez,33,IT,Lead,Boston,78464.16,7004.11,2023-02-02,8,85.3,daniel.martinez@company.com,(318) 598-9893,Active
EMP014990,Jane,Hernandez,Jane Hernandez,42,Finance,Associate,Austin,57745.33,4930.99,2020-11-09,19,78.8,jane.hernandez@company.com,(211) 574-9618,Active
EMP014991,Jane,Brown,Jane Brown,32,Engineering,Director,San Francisco,91059.93,9308.13,2022-12-17,7,62.4,jane.brown@company.com,(623) 431-1235,Active
EMP014992,James,Williams,James Williams,27,Marketing,Lead,Seattle,32465.84,2898.75,2023-07-06,0,85.0,james.williams@company.com,(765) 969-6705,Active
EMP014993,Melissa,Garcia,Melissa Garcia,38,Finance,Coordinator,Chicago,103708.95,17635.62,2020-05-10,11,78.7,melissa.garcia@company.com,(324) 304-9065,Inactive
EMP014994,Michael,Johnson,Michael Johnson,65,Sales,Director,Chicago,72147.97,7758.74,2022-03-15,43,76.6,michael.johnson@company.com,(849) 327-7723,Active
EMP014995,John,Wilson,John Wilson,26,IT,Lead,San Francisco,62899.38,2339.46,2022-05-15,1,91.5,john.wilson@company.com,(317) 996-3843,Active
EMP014996,William,Hernandez,William Hernandez,29,Engineering,Director,Seattle,84648.04,2145.37,2023-06-20,6,85.5,william.hernandez@company.com,(972) 986-7008,Active
EMP014997,Ashley,Williams,Ashley Williams,61,IT,Analyst,Austin,109510.43,0.0,2021-03-23,39,79.8,ashley.williams@company.com,(986) 388-5250,Active
EMP014998,Christopher,Martinez,Christopher Martinez,63,Finance,Coordinator,Boston,132577.28,18551.66,2022-11-20,34,61.9,christopher.martinez@company.com,(294) 666-9995,Active
EMP014999,Robert,Martin,Robert Martin,56,Legal,Director,Los Angeles,108065.4,16489.67,2020-11-02,28,91.6,robert.martin@company.com,(736) 659-6684,Active
EMP015000,Nicole,Smith,Nicole Smith,36,Sales,Coordinator,Los Angeles,83089.97,3533.69,2022-05-13,10,66.9,nicole.smith@company.com,(923) 302-2061,Active
EMP015001,Amanda,Anderson,Amanda Anderson,52,Engineering,Senior Developer,Chicago,118107.44,0.0,2021-08-14,30,81.5,amanda.anderson@company.com,(280) 613-7622,Active
EMP015002,Amanda,Moore,Amanda Moore,51,Operations,Lead,Austin,81625.73,7684.64,2023-06-12,28,63.9,amanda.moore@company.com,(492) 538-7156,Active
EMP015003,Matthew,Smith,Matthew Smith,59,Legal,Coordinator,Miami,118861.64,22924.74,2021-04-18,36,85.0,matthew.smith@company.com,(417) 344-2204,Active
EMP015004,Daniel,Williams,Daniel Williams,54,Finance,Manager,Seattle,75397.2,5395.38,2024-07-29,32,81.2,daniel.williams@company.com,(400) 414-1647,Active
EMP015005,Lisa,Jones,Lisa Jones,56,Sales,Coordinator,Austin,83193.59,9688.06,2023-03-23,31,64.6,lisa.jones@company.com,(333) 715-9153,Active
EMP015006,Amanda,Gonzalez,Amanda Gonzalez,39,IT,Senior Developer,Austin,58923.89,2372.35,2024-09-30,14,45.9,amanda.gonzalez@company.com,(860) 303-7300,On Leave
EMP015007,Nicole,Jackson,Nicole Jackson,58,Legal,Coordinator,New York,87198.63,2875.26,2022-07-23,36,54.0,nicole.jackson@company.com,(304) 834-3964,Active
EMP015008,James,Thomas,James Thomas,50,Finance,Manager,Miami,89522.96,12868.37,2022-11-27,22,84.3,james.thomas@company.com,(230) 214-6429,Active
EMP015009,Christopher,Rodriguez,Christopher Rodriguez,60,Marketing,Manager,Seattle,111715.02,24753.02,2022-04-10,31,66.0,christopher.rodriguez@company.com,(208) 255-6732,Active
EMP015010,Jane,Williams,Jane Williams,35,Engineering,Manager,New York,105245.49,3977.03,2024-04-15,13,58.3,jane.williams@company.com,(264) 537-5039,Active
EMP015011,Ashley,Moore,Ashley Moore,61,HR,Senior Developer,Seattle,74947.37,11789.28,2020-03-21,36,81.1,ashley.moore@company.com,(421) 778-3306,Inactive
EMP015012,David,Jackson,David Jackson,29,Marketing,Associate,San Francisco,70100.34,16802.04,2023-11-25,7,71.5,david.jackson@company.com,(783) 989-4713,Active
EMP015013,Melissa,Lopez,Melissa Lopez,53,Legal,Manager,Los Angeles,124307.25,17280.84,2024-01-28,30,87.8,melissa.lopez@company.com,(386) 477-4020,Active
EMP015014,Emily,Davis,Emily Davis,52,Engineering,Analyst,Austin,122746.67,8143.58,2021-08-26,27,66.0,emily.davis@company.com,(899) 873-8909,Active
EMP015015,David,Garcia,David Garcia,37,IT,Director,Austin,64778.75,4342.15,2023-03-01,12,59.7,david.garcia@company.com,(438) 305-3836,Inactive
EMP015016,Nicole,Martin,Nicole Martin,38,Legal,Director,Austin,87854.44,0.0,2022-07-02,9,55.4,nicole.martin@company.com,(676) 957-9907,Active
EMP015017,James,Williams,James Williams,29,Legal,Coordinator,Chicago,51181.22,4004.67,2023-11-07,7,100.0,james.williams@company.com,(932) 609-1091,Active
EMP015018,Anthony,Lopez,Anthony Lopez,51,Legal,Senior Developer,Los Angeles,82985.01,7159.57,2023-11-27,27,75.8,anthony.lopez@company.com,(286) 348-4169,Inactive
EMP015019,Lisa,Lopez,Lisa Lopez,62,Operations,Analyst,Miami,90526.47,6759.08,2023-03-01,39,72.8,lisa.lopez@company.com,(274) 689-1598,On Leave
EMP015020,Jessica,Lopez,Jessica Lopez,27,HR,Coordinator,San Francisco,45948.93,3414.37,2023-12-09,3,58.5,jessica.lopez@company.com,(281) 914-7393,Active
EMP015021,Anthony,Thomas,Anthony Thomas,45,IT,Analyst,Los Angeles,86346.79,8016.11,2021-09-19,20,88.2,anthony.thomas@company.com,(893) 806-9248,Inactive
EMP015022,John,Davis,John Davis,37,HR,Senior Developer,Miami,62175.25,3656.41,2021-09-16,10,73.3,john.davis@company.com,(475) 673-2598,Active
EMP015023,Christopher,Moore,Christopher Moore,47,Legal,Analyst,Boston,93909.72,3613.13,2024-12-05,25,86.5,christopher.moore@company.com,(724) 601-8015,Active
EMP015024,David,Rodriguez,David Rodriguez,64,HR,Analyst,Seattle,100978.04,6091.6,2021-04-23,42,69.6,david.rodriguez@company.com,(328) 726-9799,Active
EMP015025,Daniel,Garcia,Daniel Garcia,52,Marketing,Associate,Chicago,71990.87,8830.55,2021-05-23,27,98.9,daniel.garcia@company.com,(979) 506-2279,Active
EMP015026,Matthew,Thomas,Matthew Thomas,38,Finance,Manager,Los Angeles,66495.21,10675.5,2023-07-03,12,83.0,matthew.thomas@company.com,(529) 505-5544,Active
EMP015027,Daniel,Lopez,Daniel Lopez,54,Operations,Director,Boston,59746.81,8769.19,2020-02-26,26,80.4,daniel.lopez@company.com,(654) 521-3740,Active
EMP015028,Daniel,Hernandez,Daniel Hernandez,64,Engineering,Senior Developer,San Francisco,134648.18,17065.13,2023-03-14,35,93.0,daniel.hernandez@company.com,(307) 581-3071,Active
EMP015029,Sarah,Rodriguez,Sarah Rodriguez,64,Finance,Senior Developer,Boston,101562.68,7553.71,2024-10-03,35,72.3,sarah.rodriguez@company.com,(290) 464-1303,Active
EMP015030,Matthew,Davis,Matthew Davis,24,Operations,Director,Miami,52768.77,2935.67,2023-02-24,2,71.4,matthew.davis@company.com,(920) 389-8807,Active
EMP015031,Daniel,Brown,Daniel Brown,41,IT,Specialist,Chicago,102889.73,11072.5,2024-08-08,16,82.7,daniel.brown@company.com,(599) 898-9795,Active
EMP015032,James,Hernandez,James Hernandez,51,Operations,Analyst,Chicago,75810.5,7935.25,2023-03-26,26,69.8,james.hernandez@company.com,(369) 574-1527,On Leave
EMP015033,James,Lopez,James Lopez,60,Marketing,Associate,Miami,84934.71,0.0,2022-08-05,34,78.6,james.lopez@company.com,(260) 305-8231,Active
EMP015034,Anthony,Miller,Anthony Miller,46,Sales,Manager,Boston,75006.09,7298.37,2021-09-15,18,69.4,anthony.miller@company.com,(922) 772-6525,Active
EMP015035,Jessica,Martin,Jessica Martin,25,Finance,Coordinator,Los Angeles,88893.65,7007.72,2022-10-08,0,71.1,jessica.martin@company.com,(869) 544-8038,Active
EMP015036,Daniel,Smith,Daniel Smith,65,IT,Analyst,Seattle,119407.95,12334.71,2024-02-18,39,80.0,daniel.smith@company.com,(925) 973-3731,Active
EMP015037,Emily,Johnson,Emily Johnson,22,Sales,Analyst,Chicago,65536.21,3023.84,2021-03-22,0,72.4,emily.johnson@company.com,(451) 965-9178,Active
EMP015038,Stephanie,Gonzalez,Stephanie Gonzalez,51,Engineering,Specialist,Seattle,79190.87,10497.24,2024-02-15,26,72.0,stephanie.gonzalez@company.com,(792) 249-7303,Active
EMP015039,Jane,Rodriguez,Jane Rodriguez,37,Engineering,Senior Developer,Boston,44947.91,5319.07,2020-01-27,14,99.9,jane.rodriguez@company.com,(627) 632-4677,Active
EMP015040,Anthony,Johnson,Anthony Johnson,48,Sales,Director,Austin,68923.92,8141.87,2023-10-14,24,85.5,anthony.johnson@company.com,(441) 758-2650,Active
EMP015041,Nicole,Johnson,Nicole Johnson,28,Operations,Coordinator,Chicago,64486.78,10187.18,2022-02-25,6,53.2,nicole.johnson@company.com,(866) 747-2512,Active
EMP015042,Amanda,Smith,Amanda Smith,64,HR,Director,Los Angeles,58754.66,10695.46,2021-02-18,42,78.0,amanda.smith@company.com,(485) 693-6410,Inactive
EMP015043,Anthony,Wilson,Anthony Wilson,43,Legal,Specialist,Chicago,88997.61,22629.9,2020-04-23,15,93.7,anthony.wilson@company.com,(864) 282-7749,Active
EMP015044,Christopher,Rodriguez,Christopher Rodriguez,49,HR,Lead,Austin,96592.04,15326.89,2022-05-02,27,92.6,christopher.rodriguez@company.com,(248) 994-8210,Active
EMP015045,Melissa,Davis,Melissa Davis,47,Finance,Manager,Seattle,113037.99,17714.59,2021-08-13,22,75.0,melissa.davis@company.com,(832) 943-9985,Inactive
EMP015046,Daniel,Garcia,Daniel Garcia,33,Operations,Analyst,Boston,68306.25,7338.31,2022-02-01,7,82.7,daniel.garcia@company.com,(489) 765-8503,Active
EMP015047,David,Brown,David Brown,61,IT,Specialist,Seattle,92240.59,9418.83,2024-04-10,36,69.9,david.brown@company.com,(234) 258-8503,Active
EMP015048,Jane,Martin,Jane Martin,44,Finance,Lead,Seattle,71639.7,5639.83,2024-05-31,18,86.7,jane.martin@company.com,(576) 235-3440,Active
EMP015049,Robert,Johnson,Robert Johnson,26,Engineering,Lead,Boston,76170.28,2070.07,2022-03-03,3,87.4,robert.johnson@company.com,(250) 450-7445,Inactive
EMP015050,Matthew,Rodriguez,Matthew Rodriguez,38,Sales,Director,Miami,58386.9,6472.75,2022-02-24,11,84.0,matthew.rodriguez@company.com,(940) 471-8763,Active
EMP015051,David,Jones,David Jones,51,Legal,Director,Miami,116766.5,8798.74,2020-12-23,27,60.4,david.jones@company.com,(252) 566-9205,Active
EMP015052,Daniel,Johnson,Daniel Johnson,62,Operations,Director,New York,72666.79,9689.22,2022-09-23,35,89.0,daniel.johnson@company.com,(275) 644-4631,Active
EMP015053,William,Martin,William Martin,37,Marketing,Specialist,Seattle,100247.41,10334.8,2023-12-07,12,76.1,william.martin@company.com,(392) 754-3342,Active
EMP015054,Lisa,Jackson,Lisa Jackson,39,HR,Manager,Miami,60737.21,4131.1,2021-07-12,13,73.0,lisa.jackson@company.com,(384) 588-4932,Active
EMP015055,Daniel,Moore,Daniel Moore,32,Sales,Specialist,Austin,46692.1,4138.98,2021-11-24,8,92.6,daniel.moore@company.com,(233) 313-3396,Active
EMP015056,John,Martin,John Martin,49,HR,Manager,Miami,67506.24,9926.39,2020-07-12,27,93.4,john.martin@company.com,(636) 456-9442,Active
EMP015057,John,Williams,John Williams,27,Engineering,Lead,Chicago,85366.74,9207.79,2024-11-14,0,59.3,john.williams@company.com,(501) 300-8437,Active
EMP015058,Amanda,Williams,Amanda Williams,55,HR,Associate,New York,68491.71,4464.62,2023-06-14,28,71.3,amanda.williams@company.com,(542) 660-6778,Active
EMP015059,Lisa,Rodriguez,Lisa Rodriguez,47,IT,Manager,Los Angeles,71704.12,3801.53,2020-02-29,24,75.3,lisa.rodriguez@company.com,(369) 307-4512,Active
EMP015060,Michael,Jones,Michael Jones,38,Legal,Senior Developer,San Francisco,78288.3,451.68,2023-12-05,13,58.8,michael.jones@company.com,(732) 439-9659,Active
EMP015061,Amanda,Jones,Amanda Jones,61,Sales,Lead,Boston,97874.49,11658.7,2024-04-01,38,62.3,amanda.jones@company.com,(378) 995-5453,Active
EMP015062,Melissa,Davis,Melissa Davis,33,Engineering,Coordinator,Austin,88134.59,3664.66,2020-07-07,7,89.5,melissa.davis@company.com,(684) 516-6106,Active
EMP015063,Jane,Brown,Jane Brown,44,IT,Specialist,Boston,85258.5,9251.47,2023-03-15,21,87.6,jane.brown@company.com,(998) 218-3709,Active
EMP015064,Lisa,Williams,Lisa Williams,49,Marketing,Manager,New York,70937.19,10295.15,2023-09-20,23,68.4,lisa.williams@company.com,(247) 851-7025,Active
EMP015065,Christopher,Gonzalez,Christopher Gonzalez,34,Finance,Associate,Miami,82066.93,11625.87,2020-12-25,10,81.4,christopher.gonzalez@company.com,(800) 696-1719,On Leave
EMP015066,James,Smith,James Smith,63,Finance,Coordinator,Boston,96468.22,15671.7,2022-05-07,37,100.0,james.smith@company.com,(779) 880-3609,Active
EMP015067,Jane,Davis,Jane Davis,63,Engineering,Specialist,Chicago,107178.85,9514.32,2023-04-06,38,68.3,jane.davis@company.com,(901) 225-5569,Active
EMP015068,Melissa,Jones,Melissa Jones,60,Operations,Analyst,Miami,72043.96,14803.19,2022-02-19,33,97.1,melissa.jones@company.com,(628) 981-9175,Active
EMP015069,Jessica,Jones,Jessica Jones,47,Operations,Specialist,Boston,67654.9,2017.03,2022-08-14,18,100.0,jessica.jones@company.com,(459) 990-8563,Active
EMP015070,John,Martin,John Martin,60,Legal,Manager,Seattle,100042.26,12385.19,2021-12-21,32,92.9,john.martin@company.com,(776) 984-2229,Active
EMP015071,Nicole,Jones,Nicole Jones,36,Operations,Senior Developer,San Francisco,73618.15,8575.22,2024-01-28,10,87.8,nicole.jones@company.com,(442) 954-9275,Active
EMP015072,Melissa,Rodriguez,Melissa Rodriguez,62,Legal,Associate,San Francisco,100678.84,8047.23,2022-01-10,37,72.6,melissa.rodriguez@company.com,(437) 973-9721,Active
EMP015073,James,Martin,James Martin,39,Engineering,Senior Developer,Seattle,102253.94,3879.94,2023-04-30,16,63.8,james.martin@company.com,(539) 571-8214,Active
EMP015074,Stephanie,Jackson,Stephanie Jackson,54,Legal,Manager,San Francisco,122035.35,12050.56,2024-04-15,25,83.8,stephanie.jackson@company.com,(289) 903-9718,Inactive
EMP015075,John,Thomas,John Thomas,62,Sales,Coordinator,Austin,79693.69,5630.35,2024-09-19,35,43.1,john.thomas@company.com,(923) 330-1279,Active
EMP015076,Daniel,Garcia,Daniel Garcia,26,Marketing,Coordinator,Miami,86059.33,15370.95,2023-11-15,3,43.0,daniel.garcia@company.com,(959) 673-7465,Active
EMP015077,Ashley,Hernandez,Ashley Hernandez,29,Operations,Coordinator,Austin,60987.6,2267.61,2022-06-02,6,72.0,ashley.hernandez@company.com,(491) 293-2221,Active
EMP015078,Anthony,Jones,Anthony Jones,53,IT,Analyst,Seattle,137518.99,26142.59,2022-03-19,25,77.3,anthony.jones@company.com,(744) 647-1249,Active
EMP015079,David,Davis,David Davis,63,Sales,Director,Seattle,113666.12,6977.49,2024-05-06,36,64.2,david.davis@company.com,(495) 739-1083,Active
EMP015080,James,Rodriguez,James Rodriguez,61,Operations,Coordinator,San Francisco,69001.75,11425.82,2022-04-27,32,84.5,james.rodriguez@company.com,(537) 910-9492,On Leave
EMP015081,Jessica,Taylor,Jessica Taylor,49,Finance,Manager,San Francisco,93585.21,10813.1,2022-01-07,22,70.3,jessica.taylor@company.com,(534) 517-1633,Active
EMP015082,Daniel,Wilson,Daniel Wilson,65,Legal,Coordinator,Seattle,109001.6,22065.56,2023-03-16,39,55.3,daniel.wilson@company.com,(830) 801-1448,Active
EMP015083,Daniel,Johnson,Daniel Johnson,32,Marketing,Coordinator,Seattle,61566.8,6055.05,2022-03-17,9,65.4,daniel.johnson@company.com,(344) 359-6526,Active
EMP015084,David,Wilson,David Wilson,49,HR,Lead,Seattle,62230.4,6175.44,2020-06-25,20,41.6,david.wilson@company.com,(531) 537-2207,Active
EMP015085,James,Williams,James Williams,48,Engineering,Associate,Miami,91959.9,4530.71,2020-06-13,22,55.6,james.williams@company.com,(706) 703-7826,Active
EMP015086,Jane,Johnson,Jane Johnson,39,Engineering,Coordinator,Chicago,52830.67,5216.75,2020-11-06,12,77.5,jane.johnson@company.com,(996) 328-3371,Active
EMP015087,William,Jackson,William Jackson,32,Legal,Specialist,Los Angeles,62446.67,4429.58,2023-03-09,6,59.6,william.jackson@company.com,(353) 510-7974,Active
EMP015088,Lisa,Wilson,Lisa Wilson,59,Finance,Associate,Boston,93725.36,2815.83,2024-05-13,37,93.2,lisa.wilson@company.com,(248) 204-2141,Active
EMP015089,Amanda,Moore,Amanda Moore,63,Sales,Coordinator,Boston,99088.34,9375.87,2022-05-11,41,81.1,amanda.moore@company.com,(226) 241-8815,Active
EMP015090,Stephanie,Gonzalez,Stephanie Gonzalez,57,IT,Lead,Boston,98178.81,9372.84,2023-08-22,35,84.5,stephanie.gonzalez@company.com,(715) 364-6880,Active
EMP015091,Jessica,Rodriguez,Jessica Rodriguez,60,Sales,Coordinator,Los Angeles,94438.6,13535.88,2021-02-08,33,62.9,jessica.rodriguez@company.com,(755) 752-3387,Active
EMP015092,Jane,Taylor,Jane Taylor,29,Marketing,Specialist,San Francisco,68513.96,8344.92,2020-09-01,6,100.0,jane.taylor@company.com,(644) 729-9213,On Leave
EMP015093,Amanda,Moore,Amanda Moore,40,HR,Associate,Miami,77905.69,11539.8,2021-03-20,13,93.5,amanda.moore@company.com,(968) 617-8458,Active
EMP015094,Jessica,Hernandez,Jessica Hernandez,63,HR,Lead,San Francisco,73909.14,18041.31,2020-11-15,36,52.5,jessica.hernandez@company.com,(276) 939-4868,Active
EMP015095,John,Anderson,John Anderson,32,Legal,Senior Developer,New York,72967.98,6601.92,2021-05-02,6,58.6,john.anderson@company.com,(822) 285-2018,Active
EMP015096,William,Jones,William Jones,54,Finance,Associate,Seattle,83713.47,6741.64,2024-04-14,31,66.3,william.jones@company.com,(260) 389-4280,Active
EMP015097,David,Rodriguez,David Rodriguez,26,Operations,Analyst,Chicago,44162.54,3860.82,2021-04-11,1,65.0,david.rodriguez@company.com,(623) 775-8073,Active
EMP015098,Jane,Hernandez,Jane Hernandez,38,Operations,Coordinator,Boston,67954.37,5952.67,2023-12-17,12,80.1,jane.hernandez@company.com,(404) 849-8844,Active
EMP015099,Ashley,Taylor,Ashley Taylor,60,IT,Manager,Austin,133340.85,18631.77,2021-10-16,32,66.9,ashley.taylor@company.com,(634) 741-9367,Active
EMP015100,Michael,Wilson,Michael Wilson,61,Engineering,Specialist,San Francisco,163907.67,12871.34,2022-02-07,35,66.2,michael.wilson@company.com,(929) 532-2166,Active
EMP015101,Stephanie,Anderson,Stephanie Anderson,62,Marketing,Analyst,Chicago,78999.42,13729.24,2024-05-12,33,100.0,stephanie.anderson@company.com,(794) 688-4100,Active
EMP015102,Stephanie,Thomas,Stephanie Thomas,25,Finance,Associate,Austin,80381.02,3109.31,2022-03-02,0,62.8,stephanie.thomas@company.com,(531) 311-4056,Active
EMP015103,Amanda,Johnson,Amanda Johnson,28,IT,Specialist,Los Angeles,85217.17,11677.3,2021-06-09,3,91.7,amanda.johnson@company.com,(577) 663-5077,Active
EMP015104,William,Martinez,William Martinez,55,Finance,Senior Developer,Chicago,110940.34,2879.6,2024-11-20,26,81.5,william.martinez@company.com,(407) 934-7510,Active
EMP015105,Melissa,Smith,Melissa Smith,39,Sales,Associate,Austin,45284.97,2794.28,2022-03-25,16,79.7,melissa.smith@company.com,(967) 587-7313,Active
EMP015106,Anthony,Wilson,Anthony Wilson,37,HR,Senior Developer,New York,74264.82,7782.85,2021-06-08,8,86.2,anthony.wilson@company.com,(878) 705-1171,Active
EMP015107,Nicole,Taylor,Nicole Taylor,64,HR,Director,New York,87016.73,9199.94,2020-09-30,42,70.6,nicole.taylor@company.com,(242) 943-4107,Inactive
EMP015108,William,Miller,William Miller,57,Operations,Specialist,Austin,85776.52,15065.63,2022-11-18,31,60.5,william.miller@company.com,(341) 898-5160,Active
EMP015109,Christopher,Anderson,Christopher Anderson,57,Legal,Analyst,Chicago,101922.0,21541.61,2023-04-03,30,69.9,christopher.anderson@company.com,(671) 709-5455,Active
EMP015110,Robert,Lopez,Robert Lopez,35,Marketing,Specialist,Boston,61285.58,7343.97,2021-03-06,13,98.4,robert.lopez@company.com,(819) 524-9437,Active
EMP015111,Anthony,Martin,Anthony Martin,22,Sales,Analyst,New York,66015.15,3626.79,2023-06-05,0,77.4,anthony.martin@company.com,(679) 314-3067,Active
EMP015112,John,Martin,John Martin,44,Finance,Coordinator,Boston,63271.62,5400.6,2020-06-18,19,78.2,john.martin@company.com,(711) 385-5049,Active
EMP015113,Melissa,Smith,Melissa Smith,46,Finance,Coordinator,Seattle,67720.2,5785.82,2024-08-06,17,97.5,melissa.smith@company.com,(367) 557-4253,Active
EMP015114,Emily,Taylor,Emily Taylor,59,Finance,Director,Miami,85787.71,6455.04,2024-02-12,33,58.4,emily.taylor@company.com,(803) 749-5605,Active
EMP015115,William,Miller,William Miller,39,Marketing,Coordinator,Seattle,50153.02,7518.74,2020-12-15,17,89.7,william.miller@company.com,(552) 263-8946,Active
EMP015116,James,Jackson,James Jackson,31,Legal,Senior Developer,Chicago,73638.87,10721.01,2024-01-15,4,78.7,james.jackson@company.com,(373) 939-4022,Active
EMP015117,James,Jones,James Jones,36,Legal,Associate,Austin,85093.42,12467.21,2020-08-02,8,84.9,james.jones@company.com,(276) 788-6387,Inactive
EMP015118,Lisa,Williams,Lisa Williams,27,Operations,Senior Developer,Boston,60165.17,4664.91,2024-07-07,0,70.8,lisa.williams@company.com,(763) 477-1193,Active
EMP015119,Amanda,Garcia,Amanda Garcia,33,Legal,Specialist,New York,75331.99,6545.44,2021-12-16,6,83.3,amanda.garcia@company.com,(948) 714-5200,Active
EMP015120,David,Moore,David Moore,37,IT,Associate,Austin,80865.48,10569.3,2020-02-26,13,87.3,david.moore@company.com,(996) 514-4507,Active
EMP015121,Daniel,Hernandez,Daniel Hernandez,47,HR,Specialist,New York,66874.85,2416.03,2023-12-17,20,97.1,daniel.hernandez@company.com,(852) 773-7508,Active
EMP015122,David,Thomas,David Thomas,63,Sales,Lead,Miami,74287.68,9452.83,2023-08-15,36,83.9,david.thomas@company.com,(772) 604-1790,Active
EMP015123,Michael,Thomas,Michael Thomas,58,IT,Specialist,Boston,84936.76,11527.95,2020-09-22,33,100.0,michael.thomas@company.com,(444) 867-8987,Active
EMP015124,Daniel,Jackson,Daniel Jackson,32,HR,Associate,Miami,50185.34,4597.29,2020-08-16,10,78.4,daniel.jackson@company.com,(459) 862-7997,Active
EMP015125,David,Miller,David Miller,61,HR,Manager,Boston,62521.36,1583.75,2021-07-27,32,69.9,david.miller@company.com,(336) 484-3666,Active
EMP015126,William,Moore,William Moore,44,HR,Senior Developer,Boston,65143.13,10796.44,2023-01-02,15,76.4,william.moore@company.com,(322) 528-6109,Active
EMP015127,Anthony,Hernandez,Anthony Hernandez,35,Marketing,Specialist,Austin,78692.31,7841.45,2023-05-16,10,76.4,anthony.hernandez@company.com,(703) 986-7707,Active
EMP015128,James,Johnson,James Johnson,59,Sales,Senior Developer,Seattle,83972.87,17133.95,2021-02-18,33,68.2,james.johnson@company.com,(462) 215-1943,Active
EMP015129,Stephanie,Brown,Stephanie Brown,37,Marketing,Associate,Los Angeles,55991.88,9988.73,2022-01-02,13,55.9,stephanie.brown@company.com,(878) 619-9994,Active
EMP015130,Jane,Anderson,Jane Anderson,34,Operations,Manager,San Francisco,65225.38,13568.22,2022-06-02,5,82.6,jane.anderson@company.com,(375) 729-6449,Active
EMP015131,Ashley,Anderson,Ashley Anderson,25,Operations,Manager,Boston,71565.54,7632.22,2021-07-15,0,85.6,ashley.anderson@company.com,(414) 358-6693,Active
EMP015132,David,Wilson,David Wilson,35,Engineering,Director,Chicago,67288.57,13394.88,2024-03-20,8,67.1,david.wilson@company.com,(401) 523-3302,Active
EMP015133,Stephanie,Garcia,Stephanie Garcia,40,HR,Associate,New York,80126.29,5915.85,2022-09-15,18,89.8,stephanie.garcia@company.com,(580) 426-6861,Active
EMP015134,William,Gonzalez,William Gonzalez,45,Marketing,Director,New York,68048.59,8090.89,2024-10-16,20,78.8,william.gonzalez@company.com,(443) 327-1166,Active
EMP015135,Sarah,Gonzalez,Sarah Gonzalez,48,IT,Associate,Los Angeles,105509.45,2677.7,2023-03-22,26,100.0,sarah.gonzalez@company.com,(580) 654-7684,Active
EMP015136,Melissa,Jackson,Melissa Jackson,26,Sales,Analyst,New York,48292.85,3442.02,2021-12-23,2,60.6,melissa.jackson@company.com,(326) 878-1005,Active
EMP015137,Jessica,Jones,Jessica Jones,39,Operations,Analyst,Seattle,56295.08,4773.37,2023-04-14,12,65.4,jessica.jones@company.com,(451) 390-6562,Active
EMP015138,Amanda,Lopez,Amanda Lopez,54,Sales,Senior Developer,Austin,61407.17,9895.29,2020-01-14,28,80.0,amanda.lopez@company.com,(939) 897-9830,Active
EMP015139,Melissa,Miller,Melissa Miller,57,Marketing,Analyst,Los Angeles,78364.05,1422.37,2024-08-25,31,73.4,melissa.miller@company.com,(989) 527-2260,Active
EMP015140,Nicole,Wilson,Nicole Wilson,38,IT,Analyst,San Francisco,127515.81,26271.58,2020-06-01,12,90.4,nicole.wilson@company.com,(334) 855-1822,Active
EMP015141,Daniel,Wilson,Daniel Wilson,46,HR,Director,Chicago,78817.13,4244.22,2024-02-06,21,86.5,daniel.wilson@company.com,(220) 937-5441,Active
EMP015142,Anthony,Martinez,Anthony Martinez,53,Engineering,Lead,Miami,74606.08,5262.79,2022-07-11,24,52.8,anthony.martinez@company.com,(472) 670-9035,Inactive
EMP015143,John,Martin,John Martin,45,IT,Director,San Francisco,100807.37,13442.46,2024-11-29,19,64.5,john.martin@company.com,(962) 322-7669,Active
EMP015144,Michael,Moore,Michael Moore,41,HR,Associate,Chicago,31063.83,1362.63,2024-10-07,15,75.0,michael.moore@company.com,(597) 778-6784,Active
EMP015145,Christopher,Martinez,Christopher Martinez,37,Legal,Analyst,New York,88478.21,13227.0,2021-01-21,10,83.4,christopher.martinez@company.com,(893) 753-8060,Active
EMP015146,Jessica,Anderson,Jessica Anderson,58,Marketing,Senior Developer,Chicago,77215.6,4702.93,2023-02-11,35,81.3,jessica.anderson@company.com,(497) 529-9887,Active
EMP015147,Anthony,Martinez,Anthony Martinez,49,Operations,Analyst,Seattle,53539.64,5324.29,2023-03-11,20,83.6,anthony.martinez@company.com,(739) 897-7153,Active
EMP015148,Christopher,Wilson,Christopher Wilson,36,Legal,Lead,Los Angeles,107964.99,23901.43,2023-07-02,8,65.8,christopher.wilson@company.com,(698) 503-7652,Active
EMP015149,Amanda,Anderson,Amanda Anderson,53,IT,Coordinator,Boston,130277.0,13983.87,2023-11-19,25,56.8,amanda.anderson@company.com,(738) 308-6385,Active
EMP015150,Anthony,Wilson,Anthony Wilson,31,Sales,Analyst,Austin,80415.28,2269.46,2024-07-01,4,82.8,anthony.wilson@company.com,(508) 852-4920,Inactive
EMP015151,Nicole,Lopez,Nicole Lopez,50,HR,Manager,Boston,80854.95,10877.83,2020-03-13,22,89.8,nicole.lopez@company.com,(891) 527-5683,Active
EMP015152,Christopher,Davis,Christopher Davis,58,Finance,Lead,San Francisco,104043.95,8613.14,2021-07-30,30,57.5,christopher.davis@company.com,(638) 245-8168,Active
EMP015153,Christopher,Miller,Christopher Miller,57,Engineering,Coordinator,Chicago,131471.22,13036.27,2020-03-19,29,67.3,christopher.miller@company.com,(396) 563-9777,Active
EMP015154,Stephanie,Brown,Stephanie Brown,54,Finance,Manager,San Francisco,82570.48,11741.33,2023-10-08,25,100.0,stephanie.brown@company.com,(282) 506-8725,Active
EMP015155,David,Garcia,David Garcia,36,Sales,Analyst,San Francisco,67188.02,7189.97,2022-05-19,9,82.2,david.garcia@company.com,(938) 442-5475,Active
EMP015156,Stephanie,Miller,Stephanie Miller,40,HR,Coordinator,Los Angeles,72513.65,6759.88,2024-11-22,15,61.8,stephanie.miller@company.com,(748) 802-9589,Active
EMP015157,William,Davis,William Davis,60,Legal,Associate,Austin,136908.51,11379.23,2022-06-24,37,53.9,william.davis@company.com,(793) 290-9476,Inactive
EMP015158,Sarah,Brown,Sarah Brown,55,Engineering,Senior Developer,New York,78285.61,3838.55,2024-06-18,31,53.7,sarah.brown@company.com,(950) 543-9342,Active
EMP015159,Matthew,Taylor,Matthew Taylor,33,Finance,Lead,Miami,74833.74,9104.3,2024-06-14,11,63.5,matthew.taylor@company.com,(799) 621-4049,Inactive
EMP015160,Lisa,Gonzalez,Lisa Gonzalez,58,Engineering,Coordinator,Los Angeles,102369.52,8588.41,2022-12-15,29,96.5,lisa.gonzalez@company.com,(669) 859-7507,Active
EMP015161,Nicole,Williams,Nicole Williams,49,Operations,Associate,Seattle,61499.61,10041.59,2021-04-14,21,80.4,nicole.williams@company.com,(922) 345-4324,Active
EMP015162,James,Taylor,James Taylor,51,Finance,Associate,Miami,96837.76,6261.27,2020-03-07,28,82.3,james.taylor@company.com,(700) 783-9809,On Leave
EMP015163,Robert,Anderson,Robert Anderson,36,Finance,Lead,Boston,65641.4,3785.39,2023-10-30,11,63.3,robert.anderson@company.com,(503) 593-9288,Active
EMP015164,Jessica,Gonzalez,Jessica Gonzalez,42,Marketing,Manager,Boston,59932.61,2673.15,2020-06-24,15,76.8,jessica.gonzalez@company.com,(221) 258-6344,Active
EMP015165,Emily,Rodriguez,Emily Rodriguez,50,Legal,Senior Developer,Seattle,78487.5,12529.76,2021-06-26,22,69.1,emily.rodriguez@company.com,(315) 742-2222,Active
EMP015166,Nicole,Garcia,Nicole Garcia,29,HR,Manager,Seattle,57613.68,5770.96,2022-05-10,2,81.7,nicole.garcia@company.com,(363) 295-4566,Active
EMP015167,James,Jackson,James Jackson,47,IT,Lead,San Francisco,114031.28,11467.55,2020-05-24,21,52.9,james.jackson@company.com,(562) 394-7701,Active
EMP015168,Lisa,Taylor,Lisa Taylor,27,Finance,Coordinator,Chicago,76961.73,6381.12,2020-10-16,2,95.7,lisa.taylor@company.com,(358) 311-1141,On Leave
EMP015169,John,Anderson,John Anderson,33,Finance,Analyst,Austin,56700.97,6775.83,2020-02-08,10,89.4,john.anderson@company.com,(885) 612-8454,Active
EMP015170,Jane,Martinez,Jane Martinez,50,Engineering,Coordinator,New York,122179.76,13762.35,2020-09-20,27,79.4,jane.martinez@company.com,(872) 788-8207,On Leave
EMP015171,Melissa,Anderson,Melissa Anderson,36,Operations,Coordinator,Miami,51825.91,1681.25,2024-06-15,14,74.3,melissa.anderson@company.com,(399) 432-5399,Active
EMP015172,Daniel,Thomas,Daniel Thomas,31,Engineering,Lead,Seattle,84044.6,5822.53,2023-02-28,7,66.0,daniel.thomas@company.com,(951) 716-1116,Active
EMP015173,Matthew,Davis,Matthew Davis,26,IT,Manager,Chicago,87843.88,2967.36,2023-09-10,2,58.3,matthew.davis@company.com,(901) 817-8200,Active
EMP015174,Ashley,Thomas,Ashley Thomas,58,IT,Lead,Seattle,121398.09,935.47,2021-08-23,35,64.5,ashley.thomas@company.com,(581) 998-9825,Active
EMP015175,Robert,Davis,Robert Davis,52,Operations,Lead,Boston,72963.41,8946.09,2021-04-12,25,80.8,robert.davis@company.com,(667) 420-4022,Active
EMP015176,William,Anderson,William Anderson,44,Finance,Senior Developer,Los Angeles,89829.59,4960.34,2021-01-03,16,87.9,william.anderson@company.com,(240) 252-4427,Active
EMP015177,Lisa,Rodriguez,Lisa Rodriguez,54,Finance,Lead,Los Angeles,84248.49,19157.34,2022-12-23,29,66.7,lisa.rodriguez@company.com,(826) 556-1922,Active
EMP015178,Matthew,Taylor,Matthew Taylor,25,Engineering,Director,Austin,72690.01,6563.61,2024-08-11,2,67.7,matthew.taylor@company.com,(461) 534-5844,Active
EMP015179,Sarah,Wilson,Sarah Wilson,32,Finance,Coordinator,Chicago,61273.38,8252.18,2022-05-26,5,63.6,sarah.wilson@company.com,(879) 679-4081,Active
EMP015180,Michael,Miller,Michael Miller,48,Operations,Associate,Austin,60212.07,5099.9,2023-11-29,21,63.3,michael.miller@company.com,(419) 256-7705,On Leave
EMP015181,John,Rodriguez,John Rodriguez,35,Sales,Manager,Boston,72423.21,5597.62,2024-06-26,12,88.5,john.rodriguez@company.com,(250) 349-5873,On Leave
EMP015182,Jessica,Lopez,Jessica Lopez,22,Engineering,Associate,Boston,127196.85,9784.74,2023-10-26,0,78.1,jessica.lopez@company.com,(827) 325-2265,Active
EMP015183,Jessica,Gonzalez,Jessica Gonzalez,23,Engineering,Analyst,San Francisco,110353.26,6292.63,2022-02-24,0,73.8,jessica.gonzalez@company.com,(351) 686-4624,Active
EMP015184,John,Williams,John Williams,47,IT,Lead,Los Angeles,132079.59,15242.19,2021-05-25,21,72.3,john.williams@company.com,(729) 874-3652,Active
EMP015185,Amanda,Miller,Amanda Miller,47,Engineering,Coordinator,Boston,103707.04,15479.18,2021-10-21,18,86.3,amanda.miller@company.com,(348) 768-5949,Active
EMP015186,James,Moore,James Moore,65,Finance,Specialist,New York,70461.59,7172.75,2022-10-09,38,66.3,james.moore@company.com,(393) 686-5018,Inactive
EMP015187,Daniel,Wilson,Daniel Wilson,26,Engineering,Associate,Austin,74747.53,8552.31,2021-09-09,4,83.7,daniel.wilson@company.com,(734) 313-2977,Active
EMP015188,John,Davis,John Davis,60,Engineering,Manager,Boston,121650.66,9586.1,2020-11-08,31,77.3,john.davis@company.com,(423) 804-3899,Active
EMP015189,Christopher,Smith,Christopher Smith,41,HR,Associate,Boston,69610.68,1959.78,2022-10-25,14,60.5,christopher.smith@company.com,(362) 576-6476,Active
EMP015190,Matthew,Jackson,Matthew Jackson,45,Operations,Analyst,Austin,40908.02,3460.96,2024-11-01,20,71.7,matthew.jackson@company.com,(972) 434-4568,Active
EMP015191,Melissa,Brown,Melissa Brown,52,IT,Director,Seattle,84678.51,7890.91,2023-09-30,25,76.8,melissa.brown@company.com,(678) 539-2230,Active
EMP015192,Daniel,Jones,Daniel Jones,31,Sales,Senior Developer,New York,66063.67,4193.46,2021-05-16,5,81.9,daniel.jones@company.com,(835) 529-5091,Active
EMP015193,Matthew,Rodriguez,Matthew Rodriguez,39,IT,Analyst,Seattle,83074.72,4466.98,2020-02-16,11,61.6,matthew.rodriguez@company.com,(373) 904-1465,Active
EMP015194,Emily,Martin,Emily Martin,28,Sales,Specialist,Austin,91636.0,11191.35,2023-10-29,1,100.0,emily.martin@company.com,(735) 352-6941,Active
EMP015195,Jane,Wilson,Jane Wilson,38,Operations,Specialist,Seattle,51979.53,4379.26,2021-05-09,10,69.6,jane.wilson@company.com,(613) 223-1688,Active
EMP015196,David,Davis,David Davis,39,Legal,Director,Austin,92549.22,17076.44,2023-11-23,17,68.8,david.davis@company.com,(426) 320-1352,Active
EMP015197,Emily,Lopez,Emily Lopez,28,Legal,Lead,San Francisco,72976.98,7775.51,2024-03-04,5,94.9,emily.lopez@company.com,(944) 514-3388,Inactive
EMP015198,Ashley,Jackson,Ashley Jackson,62,IT,Analyst,Austin,84614.55,6163.55,2021-01-31,38,51.1,ashley.jackson@company.com,(945) 405-7305,Active
EMP015199,Ashley,Jackson,Ashley Jackson,42,Operations,Analyst,Chicago,58201.85,4653.77,2021-02-22,19,100.0,ashley.jackson@company.com,(475) 831-4653,Active
EMP015200,Emily,Moore,Emily Moore,39,Operations,Coordinator,Los Angeles,51324.61,7750.96,2022-08-18,15,53.6,emily.moore@company.com,(842) 369-6684,Active
EMP015201,Lisa,Martinez,Lisa Martinez,37,Marketing,Associate,Los Angeles,44164.71,3336.05,2023-06-30,15,42.7,lisa.martinez@company.com,(355) 476-9527,Active
EMP015202,David,Brown,David Brown,34,Sales,Director,New York,77151.5,3120.91,2020-07-27,10,69.8,david.brown@company.com,(842) 984-6770,Active
EMP015203,Daniel,Smith,Daniel Smith,56,Marketing,Director,New York,81387.66,9778.61,2022-08-25,32,85.0,daniel.smith@company.com,(739) 370-1429,Active
EMP015204,Stephanie,Davis,Stephanie Davis,50,Sales,Coordinator,Chicago,79959.79,12825.63,2023-03-31,26,57.5,stephanie.davis@company.com,(220) 734-3497,Active
EMP015205,Jane,Taylor,Jane Taylor,57,Operations,Director,Los Angeles,68712.23,4724.52,2024-03-09,34,100.0,jane.taylor@company.com,(630) 623-4860,Active
EMP015206,Daniel,Taylor,Daniel Taylor,23,Marketing,Director,Miami,45582.48,7616.24,2021-08-17,0,88.9,daniel.taylor@company.com,(826) 359-2286,Active
EMP015207,Emily,Smith,Emily Smith,62,Marketing,Senior Developer,Miami,98496.19,4781.68,2021-11-10,40,63.0,emily.smith@company.com,(254) 660-5833,Active
EMP015208,Matthew,Brown,Matthew Brown,34,HR,Manager,New York,44367.58,6946.62,2023-12-29,12,74.4,matthew.brown@company.com,(661) 387-8310,Active
EMP015209,William,Anderson,William Anderson,34,HR,Analyst,Boston,43730.59,10242.64,2021-05-18,6,84.2,william.anderson@company.com,(308) 640-8196,Inactive
EMP015210,Sarah,Garcia,Sarah Garcia,30,IT,Lead,San Francisco,77748.33,6267.49,2023-09-08,6,53.8,sarah.garcia@company.com,(754) 613-7755,Active
EMP015211,Daniel,Hernandez,Daniel Hernandez,50,Marketing,Analyst,San Francisco,77578.07,5161.5,2021-06-28,26,55.0,daniel.hernandez@company.com,(403) 342-5153,Active
EMP015212,Sarah,Martin,Sarah Martin,65,HR,Lead,Seattle,94790.81,0.0,2022-11-27,42,48.7,sarah.martin@company.com,(507) 780-8662,Active
EMP015213,Nicole,Gonzalez,Nicole Gonzalez,57,Marketing,Lead,Austin,88125.25,10322.76,2023-02-18,31,72.9,nicole.gonzalez@company.com,(520) 261-5940,Active
EMP015214,Jane,Thomas,Jane Thomas,44,HR,Associate,New York,56250.92,7510.47,2020-12-24,21,91.1,jane.thomas@company.com,(925) 594-4945,Active
EMP015215,Nicole,Martinez,Nicole Martinez,39,Sales,Associate,Los Angeles,82583.26,6733.07,2020-01-08,14,56.6,nicole.martinez@company.com,(994) 847-1304,Inactive
EMP015216,Matthew,Davis,Matthew Davis,35,Finance,Senior Developer,San Francisco,60142.37,8482.1,2023-04-25,10,100.0,matthew.davis@company.com,(744) 295-7407,Active
EMP015217,David,Hernandez,David Hernandez,41,Engineering,Specialist,Austin,73485.7,4053.26,2022-10-27,18,86.9,david.hernandez@company.com,(444) 791-2882,Active
EMP015218,Michael,Martinez,Michael Martinez,50,HR,Manager,Miami,72867.51,11319.71,2021-07-29,28,74.3,michael.martinez@company.com,(223) 885-5973,Active
EMP015219,Melissa,Moore,Melissa Moore,37,Engineering,Manager,Seattle,103573.05,10634.38,2021-07-13,12,77.5,melissa.moore@company.com,(866) 301-1725,Active
EMP015220,David,Martin,David Martin,48,IT,Director,San Francisco,57673.45,2210.88,2023-03-30,26,80.9,david.martin@company.com,(984) 679-4458,Active
EMP015221,Ashley,Rodriguez,Ashley Rodriguez,65,Legal,Associate,Austin,109230.58,16437.92,2020-01-05,38,67.7,ashley.rodriguez@company.com,(801) 604-6198,Active
EMP015222,Nicole,Garcia,Nicole Garcia,27,Operations,Manager,San Francisco,80113.69,6531.94,2023-02-14,0,99.7,nicole.garcia@company.com,(232) 707-7606,Active
EMP015223,Amanda,Davis,Amanda Davis,53,IT,Specialist,Seattle,115007.8,15614.44,2022-12-02,31,56.8,amanda.davis@company.com,(278) 609-4519,Active
EMP015224,Amanda,Jackson,Amanda Jackson,43,HR,Coordinator,San Francisco,76425.16,8394.61,2021-12-09,18,66.0,amanda.jackson@company.com,(304) 362-2410,Active
EMP015225,Ashley,Anderson,Ashley Anderson,38,Legal,Director,Chicago,85278.6,10755.94,2021-01-22,15,93.1,ashley.anderson@company.com,(651) 560-8372,Active
EMP015226,William,Jones,William Jones,48,Marketing,Coordinator,San Francisco,72239.55,5106.67,2020-12-07,19,79.3,william.jones@company.com,(721) 865-9455,Active
EMP015227,Christopher,Taylor,Christopher Taylor,58,HR,Director,San Francisco,72066.37,13983.69,2021-05-21,33,76.6,christopher.taylor@company.com,(929) 422-6449,Active
EMP015228,Anthony,Martin,Anthony Martin,41,Legal,Director,Austin,89552.67,7989.71,2022-09-16,18,90.0,anthony.martin@company.com,(977) 495-4811,Active
EMP015229,Daniel,Wilson,Daniel Wilson,59,Engineering,Associate,Austin,134780.67,12363.18,2022-02-15,35,93.7,daniel.wilson@company.com,(240) 985-5715,Active
EMP015230,William,Jones,William Jones,53,IT,Manager,Seattle,124548.68,14221.17,2021-06-07,27,56.1,william.jones@company.com,(423) 271-8656,Active
EMP015231,David,Johnson,David Johnson,30,HR,Lead,Seattle,68372.43,7100.89,2024-01-13,5,79.0,david.johnson@company.com,(981) 782-5694,Inactive
EMP015232,Christopher,Johnson,Christopher Johnson,26,Operations,Lead,Los Angeles,64194.82,3136.48,2021-03-22,0,53.9,christopher.johnson@company.com,(657) 376-8226,Inactive
EMP015233,James,Miller,James Miller,65,Operations,Analyst,San Francisco,68345.29,3547.23,2022-02-06,42,78.2,james.miller@company.com,(479) 934-4960,Active
EMP015234,Nicole,Miller,Nicole Miller,56,Sales,Specialist,Los Angeles,84862.08,4562.12,2020-01-10,31,84.1,nicole.miller@company.com,(830) 517-1365,Active
EMP015235,Daniel,Martinez,Daniel Martinez,33,Sales,Senior Developer,Seattle,64010.94,4803.02,2024-05-27,10,60.0,daniel.martinez@company.com,(446) 527-4438,Active
EMP015236,Ashley,Lopez,Ashley Lopez,33,IT,Senior Developer,Seattle,82946.58,5639.86,2023-07-29,5,76.8,ashley.lopez@company.com,(577) 279-2150,Inactive
EMP015237,Ashley,Davis,Ashley Davis,40,Legal,Coordinator,Seattle,107398.1,6489.07,2022-06-16,13,54.9,ashley.davis@company.com,(416) 862-4550,Active
EMP015238,Jane,Brown,Jane Brown,32,Sales,Specialist,Austin,71462.32,11687.98,2021-01-23,9,94.5,jane.brown@company.com,(677) 693-6579,Active
EMP015239,Michael,Gonzalez,Michael Gonzalez,28,Operations,Lead,Miami,76013.26,8864.31,2024-08-16,5,44.2,michael.gonzalez@company.com,(338) 396-4585,Active
EMP015240,Anthony,Taylor,Anthony Taylor,54,Legal,Specialist,Los Angeles,139897.43,7483.43,2021-03-21,25,66.3,anthony.taylor@company.com,(219) 682-1550,Active
EMP015241,Michael,Anderson,Michael Anderson,49,Engineering,Lead,Chicago,110408.22,13520.36,2021-03-08,21,78.7,michael.anderson@company.com,(275) 941-5437,Active
EMP015242,Daniel,Lopez,Daniel Lopez,58,Finance,Senior Developer,Chicago,100770.34,10250.27,2022-12-12,29,72.2,daniel.lopez@company.com,(380) 647-6596,Active
EMP015243,Jessica,Martin,Jessica Martin,45,Legal,Associate,Seattle,137606.99,8060.75,2024-04-12,16,79.9,jessica.martin@company.com,(295) 800-3982,Active
EMP015244,Robert,Williams,Robert Williams,57,Legal,Director,Boston,103225.3,17274.83,2023-07-04,35,72.4,robert.williams@company.com,(244) 315-8158,Active
EMP015245,David,Davis,David Davis,43,Operations,Manager,San Francisco,47980.84,415.63,2022-09-21,19,83.6,david.davis@company.com,(527) 208-7397,Active
EMP015246,Amanda,Moore,Amanda Moore,36,IT,Analyst,San Francisco,82600.16,2450.57,2022-12-17,12,88.1,amanda.moore@company.com,(971) 403-2778,Active
EMP015247,James,Moore,James Moore,40,Sales,Specialist,Chicago,84090.75,3717.91,2023-01-27,12,66.0,james.moore@company.com,(439) 985-5347,Active
EMP015248,Ashley,Jackson,Ashley Jackson,51,Engineering,Manager,Austin,115433.49,4852.7,2022-01-31,22,67.8,ashley.jackson@company.com,(911) 960-1572,Active
EMP015249,Jessica,Hernandez,Jessica Hernandez,62,IT,Manager,Boston,99875.64,19881.46,2023-08-10,38,53.5,jessica.hernandez@company.com,(753) 525-2021,Active
EMP015250,Nicole,Rodriguez,Nicole Rodriguez,65,Finance,Coordinator,Boston,88307.01,15018.68,2021-09-29,39,44.7,nicole.rodriguez@company.com,(767) 812-7547,Inactive
EMP015251,Matthew,Williams,Matthew Williams,42,Sales,Manager,Miami,75781.58,5750.42,2022-10-06,20,89.0,matthew.williams@company.com,(473) 691-2396,Active
EMP015252,Stephanie,Gonzalez,Stephanie Gonzalez,57,IT,Director,Los Angeles,92158.93,6788.15,2023-07-26,30,56.3,stephanie.gonzalez@company.com,(255) 883-2447,Active
EMP015253,Matthew,Miller,Matthew Miller,25,Marketing,Analyst,San Francisco,73744.39,69.47,2021-12-23,0,92.4,matthew.miller@company.com,(458) 557-7583,Active
EMP015254,Anthony,Miller,Anthony Miller,59,Operations,Coordinator,Seattle,92321.19,3464.84,2024-10-29,34,74.8,anthony.miller@company.com,(649) 254-2606,Active
EMP015255,David,Lopez,David Lopez,43,Operations,Analyst,Seattle,59739.92,6060.81,2024-06-12,20,45.0,david.lopez@company.com,(882) 447-1895,Active
EMP015256,James,Lopez,James Lopez,64,Operations,Lead,Boston,62246.85,5772.27,2023-08-13,40,79.0,james.lopez@company.com,(955) 882-6130,Active
EMP015257,Matthew,Taylor,Matthew Taylor,45,IT,Specialist,Seattle,103314.88,34.12,2022-07-20,20,68.0,matthew.taylor@company.com,(353) 228-8851,Active
EMP015258,Anthony,Thomas,Anthony Thomas,38,Engineering,Associate,Los Angeles,108327.88,4996.42,2020-11-04,13,78.2,anthony.thomas@company.com,(903) 314-6379,Active
EMP015259,David,Garcia,David Garcia,60,Sales,Specialist,Boston,104737.79,9147.96,2024-08-10,37,93.2,david.garcia@company.com,(861) 583-8261,Active
EMP015260,Matthew,Martinez,Matthew Martinez,24,IT,Analyst,New York,58208.6,4724.85,2024-10-16,0,50.6,matthew.martinez@company.com,(559) 497-1128,Active
EMP015261,Anthony,Smith,Anthony Smith,38,Sales,Coordinator,Los Angeles,57560.54,9245.62,2023-10-16,10,71.2,anthony.smith@company.com,(988) 328-2331,Active
EMP015262,Emily,Garcia,Emily Garcia,52,Legal,Analyst,Miami,104548.43,7862.51,2021-03-12,26,100.0,emily.garcia@company.com,(254) 301-8757,Active
EMP015263,Melissa,Hernandez,Melissa Hernandez,38,HR,Specialist,San Francisco,50451.14,2101.09,2024-11-16,11,73.5,melissa.hernandez@company.com,(895) 607-2822,Active
EMP015264,Matthew,Williams,Matthew Williams,49,Engineering,Lead,Miami,115140.77,8718.73,2022-06-30,20,60.1,matthew.williams@company.com,(671) 721-4077,Active
EMP015265,Ashley,Garcia,Ashley Garcia,43,IT,Director,New York,80918.11,10688.83,2022-03-27,18,82.1,ashley.garcia@company.com,(553) 505-7919,Active
EMP015266,Nicole,Davis,Nicole Davis,59,IT,Lead,Austin,105513.24,13018.08,2022-05-15,32,100.0,nicole.davis@company.com,(622) 973-8864,Active
EMP015267,Robert,Lopez,Robert Lopez,43,IT,Coordinator,Austin,98845.88,14834.12,2020-08-17,15,62.9,robert.lopez@company.com,(620) 642-3273,Active
EMP015268,Christopher,Jones,Christopher Jones,30,HR,Senior Developer,Boston,58917.19,12507.94,2021-12-05,5,84.9,christopher.jones@company.com,(227) 918-8101,Active
EMP015269,Ashley,Gonzalez,Ashley Gonzalez,28,Engineering,Director,Austin,98899.21,22414.23,2021-02-09,1,69.9,ashley.gonzalez@company.com,(883) 763-8905,Active
EMP015270,James,Rodriguez,James Rodriguez,61,Operations,Associate,San Francisco,90953.7,6509.95,2022-01-14,35,70.1,james.rodriguez@company.com,(234) 661-8522,Active
EMP015271,Sarah,Wilson,Sarah Wilson,33,Marketing,Director,Austin,76721.73,9651.48,2022-10-02,8,94.1,sarah.wilson@company.com,(518) 704-6334,Active
EMP015272,Stephanie,Jones,Stephanie Jones,23,Operations,Director,Los Angeles,77389.48,643.88,2024-05-10,0,87.8,stephanie.jones@company.com,(456) 991-4124,Active
EMP015273,Jane,Thomas,Jane Thomas,46,Marketing,Coordinator,Miami,70190.81,8028.76,2022-03-29,20,88.3,jane.thomas@company.com,(557) 386-3395,Inactive
EMP015274,Daniel,Jones,Daniel Jones,36,Marketing,Associate,Boston,86603.87,5757.18,2023-11-23,14,76.8,daniel.jones@company.com,(837) 933-3218,Active
EMP015275,Matthew,Martin,Matthew Martin,28,Finance,Lead,Chicago,33000.0,1064.13,2022-09-21,6,55.9,matthew.martin@company.com,(719) 875-6526,Active
EMP015276,Jane,Smith,Jane Smith,29,Sales,Coordinator,Chicago,96192.76,9657.07,2020-09-23,4,48.0,jane.smith@company.com,(908) 594-1990,Active
EMP015277,Emily,Gonzalez,Emily Gonzalez,38,Marketing,Associate,New York,65893.06,11047.58,2024-02-08,14,94.3,emily.gonzalez@company.com,(703) 679-2816,Active
EMP015278,Jane,Brown,Jane Brown,36,Sales,Specialist,Austin,56369.71,6828.14,2024-07-18,8,70.7,jane.brown@company.com,(855) 794-2037,Active
EMP015279,John,Wilson,John Wilson,64,Marketing,Senior Developer,Boston,92958.0,4332.47,2022-10-11,37,43.9,john.wilson@company.com,(558) 342-7792,Inactive
EMP015280,Robert,Moore,Robert Moore,38,Legal,Manager,Los Angeles,96095.03,6814.56,2023-12-17,9,77.3,robert.moore@company.com,(656) 410-8365,Active
EMP015281,Stephanie,Taylor,Stephanie Taylor,39,Operations,Associate,Chicago,61602.05,5574.74,2021-11-22,11,76.5,stephanie.taylor@company.com,(657) 656-9280,Active
EMP015282,Nicole,Wilson,Nicole Wilson,50,Sales,Senior Developer,Chicago,73424.63,7786.02,2024-01-24,21,86.2,nicole.wilson@company.com,(238) 769-9346,Active
EMP015283,Christopher,Jackson,Christopher Jackson,32,IT,Manager,Seattle,63101.77,6580.28,2020-11-12,6,56.1,christopher.jackson@company.com,(334) 902-4554,Active
EMP015284,Jessica,Martinez,Jessica Martinez,38,Engineering,Manager,San Francisco,135758.36,13533.36,2022-10-20,12,64.2,jessica.martinez@company.com,(413) 222-2403,Active
EMP015285,Nicole,Jackson,Nicole Jackson,57,IT,Senior Developer,San Francisco,115601.07,16662.57,2020-11-10,30,65.9,nicole.jackson@company.com,(841) 570-7479,Active
EMP015286,Matthew,Wilson,Matthew Wilson,48,Operations,Lead,Seattle,83489.76,12016.2,2020-07-28,20,56.2,matthew.wilson@company.com,(974) 272-8900,Active
EMP015287,James,Garcia,James Garcia,32,IT,Manager,Los Angeles,64422.15,8728.3,2021-12-07,8,89.8,james.garcia@company.com,(239) 595-6619,Active
EMP015288,Daniel,Johnson,Daniel Johnson,52,Legal,Analyst,San Francisco,133712.09,1919.11,2022-05-30,30,86.0,daniel.johnson@company.com,(319) 369-3810,Active
EMP015289,Michael,Lopez,Michael Lopez,34,Engineering,Coordinator,Boston,52726.56,3945.43,2024-05-26,9,57.9,michael.lopez@company.com,(691) 689-6414,Active
EMP015290,Sarah,Anderson,Sarah Anderson,33,Marketing,Manager,Austin,79481.56,4747.59,2022-09-20,11,82.4,sarah.anderson@company.com,(200) 332-8385,Active
EMP015291,Ashley,Anderson,Ashley Anderson,64,Finance,Senior Developer,Seattle,88477.18,10648.38,2023-09-03,40,81.9,ashley.anderson@company.com,(771) 291-7720,Active
EMP015292,Ashley,Brown,Ashley Brown,51,IT,Senior Developer,Chicago,107555.17,12723.43,2023-06-29,28,80.3,ashley.brown@company.com,(345) 730-6985,Inactive
EMP015293,James,Brown,James Brown,33,Finance,Manager,Los Angeles,48450.75,6133.65,2021-05-09,9,78.0,james.brown@company.com,(234) 394-3414,Active
EMP015294,Robert,Moore,Robert Moore,42,HR,Director,New York,68785.93,4957.84,2024-04-06,20,67.1,robert.moore@company.com,(372) 347-5622,Active
EMP015295,Melissa,Anderson,Melissa Anderson,32,Sales,Senior Developer,Boston,60856.57,6684.9,2023-04-25,3,66.8,melissa.anderson@company.com,(294) 301-8283,Active
EMP015296,Stephanie,Jackson,Stephanie Jackson,36,Finance,Coordinator,Boston,78402.13,9277.79,2023-05-21,13,71.1,stephanie.jackson@company.com,(620) 719-2241,Active
EMP015297,Ashley,Taylor,Ashley Taylor,37,HR,Associate,Seattle,55443.8,4733.41,2020-07-29,15,94.2,ashley.taylor@company.com,(229) 874-5556,Active
EMP015298,William,Brown,William Brown,50,IT,Director,Miami,80641.93,1088.47,2021-04-13,24,42.8,william.brown@company.com,(329) 647-2389,Active
EMP015299,Christopher,Jackson,Christopher Jackson,42,IT,Analyst,Boston,79757.89,13310.25,2024-09-10,16,91.0,christopher.jackson@company.com,(565) 319-1304,Inactive
EMP015300,Jane,Davis,Jane Davis,37,Engineering,Analyst,Los Angeles,39000.0,2192.21,2022-11-02,12,81.5,jane.davis@company.com,(283) 968-3611,Active
EMP015301,Matthew,Jones,Matthew Jones,42,Finance,Senior Developer,Seattle,87261.0,11393.68,2022-08-07,18,79.4,matthew.jones@company.com,(281) 769-6571,Active
EMP015302,Christopher,Rodriguez,Christopher Rodriguez,24,HR,Director,Seattle,61392.13,752.54,2023-02-16,0,51.8,christopher.rodriguez@company.com,(555) 922-3805,Active
EMP015303,John,Thomas,John Thomas,51,HR,Senior Developer,San Francisco,85772.21,8435.3,2023-06-23,22,71.0,john.thomas@company.com,(586) 518-1875,Active
EMP015304,Amanda,Jackson,Amanda Jackson,57,Finance,Lead,Austin,110705.03,7610.1,2024-09-30,35,75.2,amanda.jackson@company.com,(679) 212-8040,Active
EMP015305,David,Davis,David Davis,31,Engineering,Senior Developer,Austin,93906.5,11255.96,2021-02-09,7,100.0,david.davis@company.com,(923) 444-4401,Active
EMP015306,Nicole,Brown,Nicole Brown,44,Sales,Analyst,San Francisco,73307.88,2415.84,2022-11-01,19,73.6,nicole.brown@company.com,(775) 696-5053,Active
EMP015307,Daniel,Williams,Daniel Williams,63,Engineering,Specialist,Los Angeles,103545.65,2787.87,2022-01-19,39,69.9,daniel.williams@company.com,(793) 405-5277,Active
EMP015308,John,Johnson,John Johnson,29,Engineering,Associate,Austin,86774.63,9914.46,2024-08-14,6,85.1,john.johnson@company.com,(258) 792-7582,Active
EMP015309,Jessica,Gonzalez,Jessica Gonzalez,25,HR,Specialist,Austin,65573.66,10648.98,2020-11-04,0,70.9,jessica.gonzalez@company.com,(345) 742-4579,Active
EMP015310,Michael,Moore,Michael Moore,24,Finance,Manager,Boston,79985.8,7909.95,2022-09-10,0,100.0,michael.moore@company.com,(698) 761-7743,Inactive
EMP015311,Emily,Martinez,Emily Martinez,47,IT,Specialist,San Francisco,101636.55,10877.4,2024-06-14,24,51.6,emily.martinez@company.com,(761) 476-5312,Active
EMP015312,John,Garcia,John Garcia,46,Legal,Manager,Seattle,85281.96,8467.62,2022-07-06,18,66.8,john.garcia@company.com,(838) 742-2197,Active
EMP015313,Lisa,Garcia,Lisa Garcia,23,Finance,Senior Developer,Chicago,54042.7,5249.27,2020-04-23,0,85.1,lisa.garcia@company.com,(448) 791-8686,Active
EMP015314,Daniel,Lopez,Daniel Lopez,28,Operations,Director,Los Angeles,43175.17,6805.45,2024-12-02,1,77.4,daniel.lopez@company.com,(407) 445-9017,Active
EMP015315,Jane,Brown,Jane Brown,49,Operations,Senior Developer,Chicago,53758.26,2126.57,2020-09-01,22,67.6,jane.brown@company.com,(790) 698-5191,Active
EMP015316,Emily,Smith,Emily Smith,50,Marketing,Director,New York,98457.94,12751.24,2020-02-22,22,64.5,emily.smith@company.com,(687) 857-8990,Active
EMP015317,Ashley,Miller,Ashley Miller,53,Sales,Lead,San Francisco,72321.36,5444.54,2022-01-16,28,69.0,ashley.miller@company.com,(667) 997-6608,Active
EMP015318,Nicole,Jackson,Nicole Jackson,61,HR,Lead,San Francisco,96414.19,6528.07,2023-12-28,37,83.5,nicole.jackson@company.com,(840) 566-4827,Active
EMP015319,Christopher,Miller,Christopher Miller,41,Sales,Analyst,Seattle,68138.05,7767.5,2022-12-27,19,96.1,christopher.miller@company.com,(918) 669-6742,Active
EMP015320,Amanda,Moore,Amanda Moore,42,HR,Analyst,New York,64146.4,3552.53,2021-01-05,14,93.4,amanda.moore@company.com,(627) 270-3545,Active
EMP015321,Robert,Martinez,Robert Martinez,22,Sales,Analyst,New York,40468.17,5807.7,2021-05-28,0,78.9,robert.martinez@company.com,(776) 919-6215,Active
EMP015322,James,Williams,James Williams,33,IT,Lead,New York,82062.2,12069.93,2023-08-30,9,94.9,james.williams@company.com,(438) 383-7622,Active
EMP015323,Sarah,Garcia,Sarah Garcia,57,Legal,Associate,Los Angeles,96936.97,8311.11,2022-06-20,34,100.0,sarah.garcia@company.com,(652) 472-3095,Active
EMP015324,Jane,Martinez,Jane Martinez,29,Finance,Analyst,San Francisco,65882.33,7517.91,2023-11-20,0,65.0,jane.martinez@company.com,(395) 875-1355,Active
EMP015325,Nicole,Hernandez,Nicole Hernandez,42,HR,Coordinator,San Francisco,51690.25,10427.94,2021-03-20,17,60.7,nicole.hernandez@company.com,(743) 844-6754,Active
EMP015326,Stephanie,Smith,Stephanie Smith,62,IT,Associate,Seattle,89218.25,4217.95,2024-01-05,40,61.3,stephanie.smith@company.com,(948) 550-5903,Active
EMP015327,Emily,Thomas,Emily Thomas,61,HR,Lead,San Francisco,78427.39,9393.93,2020-12-23,32,55.2,emily.thomas@company.com,(298) 996-3686,Active
EMP015328,Robert,Thomas,Robert Thomas,48,Engineering,Specialist,Miami,121078.06,17179.15,2021-06-06,26,59.8,robert.thomas@company.com,(644) 627-3929,Active
EMP015329,Anthony,Lopez,Anthony Lopez,36,Sales,Specialist,Boston,41703.9,4155.16,2023-09-30,14,91.9,anthony.lopez@company.com,(575) 746-2348,Active
EMP015330,Daniel,Miller,Daniel Miller,36,Finance,Coordinator,Seattle,52508.29,4580.75,2022-05-14,11,81.8,daniel.miller@company.com,(423) 764-6932,Active
EMP015331,Sarah,Lopez,Sarah Lopez,42,Engineering,Lead,Boston,107427.64,16744.01,2021-05-16,17,68.4,sarah.lopez@company.com,(414) 746-1443,Active
EMP015332,Amanda,Lopez,Amanda Lopez,22,HR,Lead,Los Angeles,49405.57,2753.78,2022-09-24,0,91.4,amanda.lopez@company.com,(767) 488-5130,Active
EMP015333,Michael,Lopez,Michael Lopez,56,Operations,Lead,Boston,71519.52,11211.89,2021-07-07,34,87.6,michael.lopez@company.com,(942) 733-1895,Inactive
EMP015334,Sarah,Smith,Sarah Smith,46,HR,Analyst,Los Angeles,50400.51,6303.61,2020-07-22,24,73.9,sarah.smith@company.com,(232) 393-7733,Active
EMP015335,Daniel,Johnson,Daniel Johnson,39,Operations,Coordinator,Austin,42166.92,5585.09,2024-04-04,15,77.2,daniel.johnson@company.com,(678) 621-6045,Active
EMP015336,Michael,Brown,Michael Brown,45,Engineering,Analyst,Seattle,97007.84,11442.65,2023-11-30,22,80.4,michael.brown@company.com,(311) 515-6356,Active
EMP015337,Daniel,Martin,Daniel Martin,34,Marketing,Specialist,Seattle,66824.76,6797.63,2023-03-29,11,50.3,daniel.martin@company.com,(825) 414-8515,Active
EMP015338,Stephanie,Anderson,Stephanie Anderson,62,Sales,Coordinator,Los Angeles,90869.28,701.28,2024-05-31,37,63.0,stephanie.anderson@company.com,(378) 514-8270,Active
EMP015339,Matthew,Miller,Matthew Miller,38,HR,Lead,Chicago,72620.26,1731.23,2023-12-15,12,64.2,matthew.miller@company.com,(912) 480-5925,Active
EMP015340,Melissa,Brown,Melissa Brown,30,Engineering,Analyst,Chicago,106681.82,4524.55,2022-11-02,7,63.7,melissa.brown@company.com,(284) 718-4364,On Leave
EMP015341,Emily,Brown,Emily Brown,40,HR,Director,Austin,75009.89,6017.31,2022-10-03,18,100.0,emily.brown@company.com,(523) 308-9980,Active
EMP015342,Anthony,Davis,Anthony Davis,35,Marketing,Manager,Austin,73297.49,11900.23,2022-09-14,11,69.7,anthony.davis@company.com,(332) 234-3622,Active
EMP015343,Michael,Smith,Michael Smith,35,Legal,Specialist,San Francisco,63724.67,4764.08,2020-11-25,13,99.0,michael.smith@company.com,(492) 872-8553,Inactive
EMP015344,Michael,Moore,Michael Moore,26,Marketing,Analyst,San Francisco,60057.32,4290.21,2020-08-24,0,73.9,michael.moore@company.com,(517) 361-8786,Inactive
EMP015345,Nicole,Williams,Nicole Williams,65,Legal,Analyst,Austin,89010.77,0.0,2024-01-05,37,80.1,nicole.williams@company.com,(867) 650-5019,Active
EMP015346,Stephanie,Brown,Stephanie Brown,34,Sales,Associate,Los Angeles,63399.87,3134.14,2023-09-10,7,68.2,stephanie.brown@company.com,(653) 821-9311,Active
EMP015347,Emily,Martin,Emily Martin,48,Finance,Analyst,Austin,94826.53,10429.59,2022-11-20,23,63.7,emily.martin@company.com,(433) 833-6316,Active
EMP015348,Jane,Wilson,Jane Wilson,53,HR,Manager,Boston,42821.98,2897.61,2021-01-08,28,61.6,jane.wilson@company.com,(596) 495-6531,Active
EMP015349,Lisa,Martinez,Lisa Martinez,22,HR,Coordinator,Chicago,44995.96,1612.87,2020-03-24,0,62.7,lisa.martinez@company.com,(526) 375-1640,Active
EMP015350,Matthew,Lopez,Matthew Lopez,56,Marketing,Coordinator,Boston,75240.44,11840.34,2021-10-02,29,80.8,matthew.lopez@company.com,(992) 453-5902,Active
EMP015351,Ashley,Jackson,Ashley Jackson,59,Engineering,Specialist,Chicago,98761.12,3050.63,2020-04-29,34,79.3,ashley.jackson@company.com,(994) 822-7890,Inactive
EMP015352,Emily,Davis,Emily Davis,44,Marketing,Lead,Miami,80707.78,4690.13,2022-12-30,17,82.0,emily.davis@company.com,(413) 895-3241,Active
EMP015353,Robert,Martinez,Robert Martinez,58,Marketing,Senior Developer,Miami,79785.49,6743.57,2023-11-26,30,82.1,robert.martinez@company.com,(530) 632-9495,Active
EMP015354,Robert,Smith,Robert Smith,26,Sales,Associate,Los Angeles,43715.09,7291.25,2022-12-29,3,84.3,robert.smith@company.com,(201) 207-4780,Active
EMP015355,James,Brown,James Brown,25,IT,Coordinator,Chicago,60434.8,7210.18,2022-06-11,0,60.2,james.brown@company.com,(863) 439-3003,Active
EMP015356,Anthony,Anderson,Anthony Anderson,46,HR,Senior Developer,Seattle,70169.21,8048.36,2024-09-20,22,86.0,anthony.anderson@company.com,(873) 961-7957,On Leave
EMP015357,Robert,Taylor,Robert Taylor,62,Marketing,Lead,Miami,79351.09,13002.22,2020-05-13,37,74.1,robert.taylor@company.com,(955) 725-8341,On Leave
EMP015358,Jessica,Brown,Jessica Brown,34,Engineering,Associate,Austin,57215.5,7808.18,2022-10-25,5,57.1,jessica.brown@company.com,(333) 770-8136,Active
EMP015359,Nicole,Wilson,Nicole Wilson,54,Legal,Manager,Chicago,109258.25,5557.56,2023-11-18,30,85.4,nicole.wilson@company.com,(994) 607-8912,Active
EMP015360,John,Jackson,John Jackson,62,Legal,Coordinator,Seattle,111062.97,14743.3,2021-01-13,39,76.7,john.jackson@company.com,(306) 903-1581,Active
EMP015361,John,Jackson,John Jackson,24,IT,Analyst,Miami,104523.05,4130.88,2024-05-26,0,85.5,john.jackson@company.com,(798) 932-2576,Active
EMP015362,Nicole,Wilson,Nicole Wilson,46,HR,Specialist,Los Angeles,59668.34,5334.92,2021-01-03,17,87.4,nicole.wilson@company.com,(856) 989-4643,Active
EMP015363,Michael,Anderson,Michael Anderson,56,IT,Lead,Seattle,101263.52,8195.48,2020-10-20,30,82.5,michael.anderson@company.com,(550) 240-3882,Inactive
EMP015364,Daniel,Jones,Daniel Jones,57,HR,Specialist,New York,81180.63,4194.03,2020-04-24,30,70.8,daniel.jones@company.com,(526) 325-1144,Active
EMP015365,John,Moore,John Moore,63,Legal,Analyst,Chicago,102908.8,7233.75,2023-10-31,37,78.2,john.moore@company.com,(534) 943-4396,Active
EMP015366,James,Lopez,James Lopez,47,Finance,Associate,Seattle,79132.5,0.0,2021-09-12,20,69.9,james.lopez@company.com,(608) 601-5407,Active
EMP015367,James,Thomas,James Thomas,28,Engineering,Manager,New York,86029.22,17909.6,2022-01-22,1,55.6,james.thomas@company.com,(929) 941-3405,Active
EMP015368,Melissa,Thomas,Melissa Thomas,62,Marketing,Lead,Seattle,105047.86,13831.0,2023-11-12,39,88.8,melissa.thomas@company.com,(704) 694-4367,Active
EMP015369,Daniel,Moore,Daniel Moore,38,Marketing,Manager,Seattle,70294.57,8471.55,2022-04-17,16,94.2,daniel.moore@company.com,(223) 513-3035,Active
EMP015370,Anthony,Williams,Anthony Williams,39,Engineering,Coordinator,Austin,102507.63,9058.42,2024-02-13,12,66.1,anthony.williams@company.com,(825) 646-3810,Active
EMP015371,Amanda,Lopez,Amanda Lopez,42,Engineering,Coordinator,Austin,66412.41,8374.17,2020-10-12,16,50.6,amanda.lopez@company.com,(509) 298-9485,Active
EMP015372,Robert,Jackson,Robert Jackson,27,Finance,Analyst,Seattle,57731.53,3428.72,2022-09-20,2,87.9,robert.jackson@company.com,(242) 732-1427,Active
EMP015373,Sarah,Rodriguez,Sarah Rodriguez,49,Legal,Coordinator,San Francisco,107824.5,6234.45,2023-12-30,26,54.2,sarah.rodriguez@company.com,(781) 816-1237,Inactive
EMP015374,Lisa,Hernandez,Lisa Hernandez,60,HR,Senior Developer,Seattle,67145.49,264.56,2023-05-06,34,48.7,lisa.hernandez@company.com,(633) 653-2575,Inactive
EMP015375,Amanda,Brown,Amanda Brown,54,Engineering,Director,New York,92369.07,8429.07,2022-03-16,32,91.7,amanda.brown@company.com,(850) 730-3893,Active
EMP015376,Amanda,Miller,Amanda Miller,31,HR,Associate,Miami,38865.55,4592.77,2022-07-23,2,85.1,amanda.miller@company.com,(964) 377-8253,Active
EMP015377,Matthew,Jackson,Matthew Jackson,43,Sales,Coordinator,Los Angeles,78397.55,10035.02,2020-01-28,21,66.2,matthew.jackson@company.com,(210) 205-5019,Active
EMP015378,Jessica,Johnson,Jessica Johnson,49,HR,Director,Chicago,82616.26,9072.83,2020-10-08,27,49.2,jessica.johnson@company.com,(510) 418-6329,Active
EMP015379,David,Jackson,David Jackson,65,Operations,Analyst,Miami,64028.34,3918.32,2020-12-07,37,63.1,david.jackson@company.com,(888) 835-5877,Active
EMP015380,Melissa,Martinez,Melissa Martinez,49,IT,Director,Los Angeles,103771.48,13816.3,2021-03-02,26,89.0,melissa.martinez@company.com,(434) 414-7992,Active
EMP015381,James,Taylor,James Taylor,22,Engineering,Specialist,Austin,74095.29,5458.49,2020-02-06,0,78.5,james.taylor@company.com,(716) 559-4804,Active
EMP015382,Lisa,Jones,Lisa Jones,59,IT,Analyst,Seattle,107305.34,3445.67,2021-11-20,32,54.8,lisa.jones@company.com,(939) 609-2019,Inactive
EMP015383,Sarah,Martinez,Sarah Martinez,60,Operations,Director,Miami,78489.15,10822.11,2021-05-31,37,91.5,sarah.martinez@company.com,(819) 564-2811,Active
EMP015384,Ashley,Anderson,Ashley Anderson,34,IT,Manager,San Francisco,95609.91,2921.02,2021-08-09,9,78.4,ashley.anderson@company.com,(317) 727-8874,Active
EMP015385,John,Jackson,John Jackson,35,Engineering,Analyst,Chicago,104026.41,14214.25,2022-12-16,11,91.8,john.jackson@company.com,(792) 527-2789,Active
EMP015386,William,Brown,William Brown,52,Engineering,Manager,Seattle,102056.58,13431.23,2023-10-28,25,96.0,william.brown@company.com,(492) 740-7268,Inactive
EMP015387,John,Jones,John Jones,61,Sales,Associate,New York,74741.78,7240.34,2021-02-03,35,81.7,john.jones@company.com,(704) 873-2681,Active
EMP015388,Lisa,Jones,Lisa Jones,44,IT,Analyst,Miami,56564.88,6945.49,2020-05-30,16,72.0,lisa.jones@company.com,(883) 414-7167,Active
EMP015389,Stephanie,Jones,Stephanie Jones,35,IT,Coordinator,San Francisco,69124.93,2872.9,2022-09-16,8,61.3,stephanie.jones@company.com,(742) 228-2957,Active
EMP015390,William,Anderson,William Anderson,26,IT,Lead,Los Angeles,63834.01,8537.18,2021-06-26,3,77.6,william.anderson@company.com,(253) 672-8361,Active
EMP015391,Michael,Brown,Michael Brown,61,Engineering,Analyst,Miami,117302.11,15834.52,2022-04-29,38,15.8,michael.brown@company.com,(395) 363-4007,Active
EMP015392,Lisa,Rodriguez,Lisa Rodriguez,26,Operations,Director,New York,48722.07,2672.91,2022-02-02,0,81.3,lisa.rodriguez@company.com,(361) 784-3277,Active
EMP015393,Amanda,Taylor,Amanda Taylor,43,Legal,Coordinator,Austin,98767.71,12086.68,2020-12-26,21,74.1,amanda.taylor@company.com,(233) 751-1569,Active
EMP015394,Daniel,Rodriguez,Daniel Rodriguez,51,Sales,Coordinator,Los Angeles,104743.68,2736.88,2021-06-02,25,60.9,daniel.rodriguez@company.com,(424) 238-9698,Inactive
EMP015395,Amanda,Anderson,Amanda Anderson,65,IT,Specialist,Los Angeles,102627.48,2154.03,2023-08-09,37,57.6,amanda.anderson@company.com,(796) 426-2843,Active
EMP015396,Anthony,Garcia,Anthony Garcia,42,Legal,Director,Los Angeles,65351.19,8197.64,2024-01-10,13,98.9,anthony.garcia@company.com,(666) 496-6172,Active
EMP015397,Daniel,Martin,Daniel Martin,32,HR,Lead,Chicago,70060.0,4506.11,2023-07-04,5,98.2,daniel.martin@company.com,(324) 792-7327,Active
EMP015398,Stephanie,Garcia,Stephanie Garcia,33,Legal,Lead,Miami,61320.67,1215.1,2021-12-30,9,84.7,stephanie.garcia@company.com,(213) 982-5511,Inactive
EMP015399,Stephanie,Wilson,Stephanie Wilson,26,Finance,Senior Developer,Boston,74248.47,8631.44,2024-04-24,0,60.6,stephanie.wilson@company.com,(680) 900-6349,Active
EMP015400,Anthony,Davis,Anthony Davis,29,Operations,Manager,Los Angeles,47797.9,5984.47,2024-11-07,0,76.1,anthony.davis@company.com,(224) 398-4412,Active
EMP015401,Lisa,Anderson,Lisa Anderson,53,Marketing,Director,New York,74524.01,7914.04,2022-10-06,24,70.8,lisa.anderson@company.com,(354) 945-9248,Active
EMP015402,Stephanie,Hernandez,Stephanie Hernandez,46,Engineering,Director,Austin,122460.34,10059.56,2020-05-27,20,81.6,stephanie.hernandez@company.com,(571) 551-3104,Active
EMP015403,Robert,Garcia,Robert Garcia,48,HR,Director,Seattle,81020.51,5975.18,2023-09-22,20,73.3,robert.garcia@company.com,(543) 342-6354,Active
EMP015404,William,Smith,William Smith,38,Marketing,Associate,Austin,50275.27,4376.5,2022-10-07,10,53.0,william.smith@company.com,(349) 312-7226,Active
EMP015405,Jessica,Lopez,Jessica Lopez,45,Sales,Specialist,New York,97151.83,6907.71,2024-06-14,22,45.1,jessica.lopez@company.com,(964) 297-3258,Active
EMP015406,Jane,Lopez,Jane Lopez,33,Finance,Coordinator,Austin,69740.32,4875.21,2022-03-19,4,97.4,jane.lopez@company.com,(975) 694-9165,Active
EMP015407,Lisa,Jackson,Lisa Jackson,58,Operations,Lead,Seattle,80836.61,10596.14,2021-01-09,31,100.0,lisa.jackson@company.com,(416) 460-4850,Active
EMP015408,Emily,Brown,Emily Brown,42,Finance,Director,New York,64041.57,4942.95,2020-10-08,14,78.7,emily.brown@company.com,(253) 798-6429,Active
EMP015409,Stephanie,Williams,Stephanie Williams,42,Engineering,Associate,New York,78024.72,12563.93,2023-06-22,17,73.9,stephanie.williams@company.com,(938) 601-9004,Active
EMP015410,Jessica,Gonzalez,Jessica Gonzalez,64,Finance,Coordinator,San Francisco,108775.21,2222.16,2021-10-26,36,100.0,jessica.gonzalez@company.com,(602) 348-9861,Active
EMP015411,Christopher,Anderson,Christopher Anderson,34,Marketing,Lead,San Francisco,77447.32,10398.47,2022-05-12,10,89.7,christopher.anderson@company.com,(330) 673-5583,Inactive
EMP015412,Matthew,Garcia,Matthew Garcia,37,Sales,Lead,Seattle,76412.33,10051.69,2021-12-29,9,74.1,matthew.garcia@company.com,(328) 222-3700,On Leave
EMP015413,Michael,Smith,Michael Smith,46,Engineering,Senior Developer,San Francisco,90918.06,3799.91,2020-07-28,20,82.1,michael.smith@company.com,(806) 613-8710,Active
EMP015414,Daniel,Jones,Daniel Jones,24,HR,Senior Developer,Chicago,59345.13,4029.48,2024-05-27,0,76.8,daniel.jones@company.com,(317) 446-5318,Inactive
EMP015415,Christopher,Jackson,Christopher Jackson,50,HR,Senior Developer,Boston,77561.62,13866.84,2023-09-20,24,75.2,christopher.jackson@company.com,(641) 737-7061,Active
EMP015416,John,Hernandez,John Hernandez,30,IT,Coordinator,Seattle,80566.77,4274.42,2021-04-01,7,68.7,john.hernandez@company.com,(585) 373-9901,On Leave
EMP015417,Emily,Jones,Emily Jones,51,IT,Senior Developer,Austin,67306.5,8332.39,2020-08-08,22,100.0,emily.jones@company.com,(572) 465-8732,Inactive
EMP015418,Jane,Davis,Jane Davis,27,Operations,Analyst,Boston,50398.3,5619.32,2023-03-12,2,71.6,jane.davis@company.com,(618) 473-2718,On Leave
EMP015419,Daniel,Brown,Daniel Brown,36,HR,Senior Developer,Seattle,53283.5,5091.44,2022-10-08,8,71.1,daniel.brown@company.com,(611) 909-1784,Active
EMP015420,David,Hernandez,David Hernandez,63,HR,Director,San Francisco,92160.23,4980.78,2021-04-10,36,61.8,david.hernandez@company.com,(750) 909-2548,Active
EMP015421,William,Miller,William Miller,49,Sales,Analyst,Boston,60149.82,6779.23,2020-06-28,24,56.3,william.miller@company.com,(438) 836-5975,Active
EMP015422,Jane,Moore,Jane Moore,49,Sales,Associate,Chicago,86625.81,601.9,2020-10-04,20,77.8,jane.moore@company.com,(583) 268-5212,Inactive
EMP015423,Jane,Miller,Jane Miller,29,HR,Senior Developer,New York,57768.01,3172.42,2020-08-12,3,62.0,jane.miller@company.com,(777) 294-8816,Inactive
EMP015424,Nicole,Garcia,Nicole Garcia,28,Legal,Analyst,New York,41457.17,4016.67,2020-07-18,4,69.1,nicole.garcia@company.com,(329) 539-9778,Active
EMP015425,John,Williams,John Williams,24,Engineering,Coordinator,Chicago,84849.84,13494.45,2024-05-01,0,67.1,john.williams@company.com,(724) 803-4727,Active
EMP015426,Amanda,Johnson,Amanda Johnson,47,Operations,Manager,New York,57214.66,3274.57,2021-04-06,24,100.0,amanda.johnson@company.com,(774) 939-4007,Active
EMP015427,Matthew,Thomas,Matthew Thomas,46,Finance,Associate,Chicago,64874.79,4841.74,2024-12-02,19,63.7,matthew.thomas@company.com,(254) 708-8964,On Leave
EMP015428,Amanda,Martinez,Amanda Martinez,51,Finance,Analyst,Miami,99219.12,9140.45,2022-11-18,29,66.4,amanda.martinez@company.com,(268) 460-7099,Active
EMP015429,Matthew,Hernandez,Matthew Hernandez,43,HR,Senior Developer,New York,59607.51,5209.67,2022-11-17,19,89.4,matthew.hernandez@company.com,(364) 320-9403,Active
EMP015430,Daniel,Garcia,Daniel Garcia,31,Marketing,Director,Miami,61008.73,8107.16,2022-03-22,6,81.0,daniel.garcia@company.com,(827) 368-2525,Active
EMP015431,Anthony,Garcia,Anthony Garcia,31,Marketing,Manager,Seattle,45738.41,7295.64,2022-09-28,4,49.1,anthony.garcia@company.com,(264) 215-2125,Active
EMP015432,Stephanie,Davis,Stephanie Davis,25,Marketing,Specialist,Boston,66536.15,10752.74,2023-02-11,1,98.2,stephanie.davis@company.com,(334) 430-3912,Active
EMP015433,Emily,Martinez,Emily Martinez,63,Marketing,Director,Los Angeles,107074.74,14309.15,2022-12-20,36,79.5,emily.martinez@company.com,(546) 567-4232,Active
EMP015434,Sarah,Jackson,Sarah Jackson,56,Sales,Lead,San Francisco,86502.24,9196.16,2022-04-16,31,52.5,sarah.jackson@company.com,(701) 562-3525,Active
EMP015435,Christopher,Anderson,Christopher Anderson,26,Operations,Associate,Seattle,50808.87,6045.94,2021-07-29,0,50.0,christopher.anderson@company.com,(383) 555-5689,Active
EMP015436,Ashley,Anderson,Ashley Anderson,27,Legal,Coordinator,Boston,88828.17,12464.76,2020-08-03,0,65.5,ashley.anderson@company.com,(228) 346-8313,Active
EMP015437,Lisa,Martin,Lisa Martin,48,Marketing,Lead,New York,77684.85,4319.15,2023-04-22,25,48.7,lisa.martin@company.com,(239) 651-2189,Active
EMP015438,Jane,Jones,Jane Jones,25,Sales,Manager,Boston,70056.11,4151.62,2023-05-09,0,87.8,jane.jones@company.com,(412) 246-5721,Active
EMP015439,John,Williams,John Williams,32,Marketing,Associate,Los Angeles,78876.5,9535.47,2023-12-12,7,81.4,john.williams@company.com,(590) 266-8561,Active
EMP015440,Emily,Thomas,Emily Thomas,30,Legal,Manager,Los Angeles,84587.09,4688.31,2022-10-25,8,69.4,emily.thomas@company.com,(278) 690-2232,Active
EMP015441,Michael,Brown,Michael Brown,48,Finance,Lead,Chicago,110698.46,12313.34,2023-09-20,26,54.9,michael.brown@company.com,(965) 615-8073,Active
EMP015442,Ashley,Moore,Ashley Moore,48,Legal,Specialist,Los Angeles,100243.22,9810.41,2022-02-26,26,71.5,ashley.moore@company.com,(822) 485-4081,Active
EMP015443,Emily,Gonzalez,Emily Gonzalez,54,Sales,Manager,San Francisco,89215.6,13230.36,2020-12-21,27,64.7,emily.gonzalez@company.com,(942) 350-4905,Active
EMP015444,Nicole,Martinez,Nicole Martinez,58,Legal,Analyst,Austin,120600.11,15064.58,2024-05-31,34,100.0,nicole.martinez@company.com,(951) 620-2689,Active
EMP015445,Christopher,Moore,Christopher Moore,61,HR,Manager,San Francisco,85856.54,1104.9,2023-12-25,36,79.2,christopher.moore@company.com,(898) 593-7854,Active
EMP015446,Nicole,Hernandez,Nicole Hernandez,63,Finance,Associate,Los Angeles,104725.32,10363.35,2020-06-21,40,51.8,nicole.hernandez@company.com,(923) 522-7050,Active
EMP015447,Sarah,Lopez,Sarah Lopez,56,Finance,Director,Austin,106531.12,0.0,2021-07-28,29,61.7,sarah.lopez@company.com,(801) 782-8392,Active
EMP015448,Lisa,Williams,Lisa Williams,62,Finance,Specialist,Boston,73963.2,5003.64,2022-02-20,33,57.0,lisa.williams@company.com,(489) 520-7596,Active
EMP015449,Emily,Taylor,Emily Taylor,25,Operations,Analyst,Seattle,34076.8,4694.1,2020-06-18,0,89.2,emily.taylor@company.com,(333) 702-1073,Active
EMP015450,Melissa,Moore,Melissa Moore,32,IT,Associate,Seattle,80185.11,4961.38,2021-11-19,4,71.9,melissa.moore@company.com,(747) 642-3493,On Leave
EMP015451,Ashley,Williams,Ashley Williams,41,Engineering,Coordinator,Miami,75829.8,6384.21,2024-08-09,13,100.0,ashley.williams@company.com,(976) 585-8708,Inactive
EMP015452,Christopher,Davis,Christopher Davis,48,Sales,Manager,Boston,64088.75,5047.08,2024-02-11,26,47.9,christopher.davis@company.com,(318) 610-7309,Active
EMP015453,Emily,Miller,Emily Miller,52,Finance,Analyst,Austin,97625.68,1117.64,2020-01-06,29,89.0,emily.miller@company.com,(783) 840-7245,Active
EMP015454,Matthew,Lopez,Matthew Lopez,49,Marketing,Senior Developer,Seattle,53752.16,4287.47,2023-10-13,25,72.0,matthew.lopez@company.com,(268) 474-1855,Inactive
EMP015455,Jane,Brown,Jane Brown,46,IT,Coordinator,Seattle,89203.95,13427.61,2021-09-06,23,66.9,jane.brown@company.com,(392) 600-8889,Active
EMP015456,Stephanie,Brown,Stephanie Brown,64,Finance,Specialist,Chicago,111706.32,16015.52,2020-07-27,35,97.0,stephanie.brown@company.com,(674) 262-1844,Active
EMP015457,Jessica,Thomas,Jessica Thomas,63,HR,Specialist,Chicago,92301.87,13469.9,2024-11-06,41,96.1,jessica.thomas@company.com,(381) 417-4875,On Leave
EMP015458,Jane,Hernandez,Jane Hernandez,36,Finance,Director,Los Angeles,84879.27,10278.92,2023-08-24,13,92.3,jane.hernandez@company.com,(647) 649-5309,Active
EMP015459,William,Gonzalez,William Gonzalez,31,Operations,Coordinator,New York,61346.0,8737.96,2020-09-16,5,95.7,william.gonzalez@company.com,(859) 742-6886,Active
EMP015460,Christopher,Martinez,Christopher Martinez,44,HR,Associate,Chicago,72720.08,5495.75,2021-09-07,17,83.4,christopher.martinez@company.com,(506) 650-9008,Active
EMP015461,Stephanie,Johnson,Stephanie Johnson,33,HR,Associate,Boston,78816.44,7824.05,2021-08-26,10,100.0,stephanie.johnson@company.com,(322) 929-7649,Active
EMP015462,Amanda,Anderson,Amanda Anderson,23,Sales,Associate,Chicago,69600.62,9005.91,2023-12-13,0,100.0,amanda.anderson@company.com,(451) 751-7657,Inactive
EMP015463,Ashley,Hernandez,Ashley Hernandez,33,Operations,Associate,Miami,69155.25,2786.25,2020-04-08,9,83.6,ashley.hernandez@company.com,(688) 445-6174,Active
EMP015464,Nicole,Jackson,Nicole Jackson,56,Operations,Coordinator,Los Angeles,76804.73,9650.19,2023-10-24,32,64.7,nicole.jackson@company.com,(219) 949-3551,Active
EMP015465,Nicole,Thomas,Nicole Thomas,31,HR,Director,Seattle,52474.13,4846.86,2022-09-27,2,76.2,nicole.thomas@company.com,(651) 789-8790,Active
EMP015466,Emily,Smith,Emily Smith,41,Sales,Lead,Austin,75839.83,6385.42,2022-09-02,13,64.6,emily.smith@company.com,(463) 592-9774,Active
EMP015467,Ashley,Lopez,Ashley Lopez,38,Engineering,Lead,Seattle,83361.77,9891.12,2023-03-08,13,73.1,ashley.lopez@company.com,(266) 624-3258,Active
EMP015468,Nicole,Martin,Nicole Martin,31,Legal,Senior Developer,Chicago,110077.56,14992.19,2024-03-30,3,49.7,nicole.martin@company.com,(837) 619-3735,Active
EMP015469,Sarah,Smith,Sarah Smith,62,IT,Coordinator,San Francisco,104702.46,12767.09,2022-04-11,33,96.5,sarah.smith@company.com,(271) 480-2629,Inactive
EMP015470,Lisa,Rodriguez,Lisa Rodriguez,23,Operations,Director,New York,50597.91,6704.9,2023-09-05,0,68.3,lisa.rodriguez@company.com,(204) 479-3525,Inactive
EMP015471,Robert,Davis,Robert Davis,62,Sales,Manager,Boston,73405.1,115.82,2022-12-25,39,76.4,robert.davis@company.com,(330) 365-9004,Active
EMP015472,Melissa,Garcia,Melissa Garcia,58,Engineering,Manager,Boston,72098.35,7021.0,2024-06-18,35,97.5,melissa.garcia@company.com,(282) 861-2283,Active
EMP015473,William,Smith,William Smith,35,Operations,Director,Austin,42733.58,2731.51,2022-05-02,7,68.7,william.smith@company.com,(738) 803-2137,Active
EMP015474,Amanda,Smith,Amanda Smith,22,Legal,Specialist,Seattle,84271.87,0.0,2020-12-29,0,91.5,amanda.smith@company.com,(259) 293-8506,Inactive
EMP015475,Nicole,Garcia,Nicole Garcia,45,Legal,Director,New York,80651.15,4218.81,2023-11-01,20,60.3,nicole.garcia@company.com,(748) 696-7287,Active
EMP015476,James,Garcia,James Garcia,43,Engineering,Senior Developer,Chicago,70954.82,5853.64,2021-08-17,20,57.2,james.garcia@company.com,(708) 215-9052,Active
EMP015477,Lisa,Anderson,Lisa Anderson,57,Sales,Coordinator,San Francisco,75976.4,5545.51,2024-12-04,30,65.9,lisa.anderson@company.com,(816) 254-4911,Active
EMP015478,Robert,Lopez,Robert Lopez,28,Operations,Analyst,Austin,49968.11,6038.18,2024-04-26,6,64.9,robert.lopez@company.com,(263) 721-9774,Active
EMP015479,Sarah,Davis,Sarah Davis,46,Legal,Analyst,Austin,41810.99,3424.07,2022-02-03,22,58.7,sarah.davis@company.com,(960) 892-8446,Active
EMP015480,Nicole,Anderson,Nicole Anderson,53,Engineering,Senior Developer,New York,140846.21,8426.75,2023-10-01,25,67.6,nicole.anderson@company.com,(532) 952-4143,Active
EMP015481,Emily,Johnson,Emily Johnson,65,Finance,Director,Los Angeles,113898.2,8485.64,2024-03-11,43,71.5,emily.johnson@company.com,(733) 200-7642,On Leave
EMP015482,David,Smith,David Smith,61,Marketing,Coordinator,Miami,78926.08,11173.22,2020-06-10,35,53.7,david.smith@company.com,(300) 207-6563,Active
EMP015483,Daniel,Davis,Daniel Davis,44,Finance,Associate,San Francisco,72004.5,5339.8,2022-01-10,21,94.2,daniel.davis@company.com,(612) 703-1740,Active
EMP015484,Nicole,Taylor,Nicole Taylor,45,HR,Manager,Los Angeles,51896.81,5272.21,2021-01-23,17,67.9,nicole.taylor@company.com,(841) 697-5508,Inactive
EMP015485,David,Davis,David Davis,44,HR,Senior Developer,Austin,51305.4,6670.19,2022-11-24,17,71.6,david.davis@company.com,(511) 847-5022,Active
EMP015486,Emily,Anderson,Emily Anderson,58,IT,Senior Developer,San Francisco,112501.49,10192.5,2024-08-28,32,83.2,emily.anderson@company.com,(700) 605-3269,Active
EMP015487,John,Moore,John Moore,28,Marketing,Director,Los Angeles,52096.89,2960.43,2024-05-30,0,85.2,john.moore@company.com,(773) 750-7876,Active
EMP015488,Ashley,Hernandez,Ashley Hernandez,29,Marketing,Lead,San Francisco,45301.1,6622.64,2020-10-28,0,75.4,ashley.hernandez@company.com,(308) 466-4318,Active
EMP015489,Emily,Martinez,Emily Martinez,35,HR,Specialist,Austin,53894.28,4255.83,2023-03-11,12,78.6,emily.martinez@company.com,(310) 314-1334,Active
EMP015490,William,Lopez,William Lopez,39,Operations,Senior Developer,Austin,73577.36,9598.4,2024-02-06,16,87.4,william.lopez@company.com,(261) 736-7963,Inactive
EMP015491,Anthony,Jackson,Anthony Jackson,55,Marketing,Specialist,Austin,96240.91,6257.15,2021-01-02,26,77.0,anthony.jackson@company.com,(701) 424-5949,Active
EMP015492,Sarah,Smith,Sarah Smith,28,Legal,Analyst,Miami,98716.09,14914.02,2021-11-18,4,72.0,sarah.smith@company.com,(788) 972-7235,Active
EMP015493,Emily,Jones,Emily Jones,41,Marketing,Specialist,Seattle,80231.4,3823.73,2024-05-01,15,70.5,emily.jones@company.com,(959) 554-1452,Active
EMP015494,Lisa,Martinez,Lisa Martinez,55,Engineering,Manager,New York,98226.38,15180.62,2020-12-25,26,85.7,lisa.martinez@company.com,(528) 438-7797,Active
EMP015495,James,Thomas,James Thomas,31,Finance,Director,Seattle,57535.99,4570.1,2020-11-30,8,68.1,james.thomas@company.com,(757) 899-6465,Active
EMP015496,James,Wilson,James Wilson,30,Legal,Specialist,Chicago,62325.57,5405.61,2023-11-24,7,79.4,james.wilson@company.com,(457) 625-9821,Active
EMP015497,Lisa,Jones,Lisa Jones,63,Finance,Lead,Austin,95619.59,10143.14,2020-05-06,39,33.9,lisa.jones@company.com,(636) 828-4686,Active
EMP015498,John,Jones,John Jones,56,Engineering,Associate,Austin,98309.79,6961.83,2023-04-23,30,65.7,john.jones@company.com,(536) 375-4050,Active
EMP015499,Daniel,Gonzalez,Daniel Gonzalez,48,Legal,Analyst,Austin,111734.33,9329.24,2024-01-26,21,87.0,daniel.gonzalez@company.com,(666) 520-4318,Active
EMP015500,Anthony,Anderson,Anthony Anderson,30,Operations,Manager,Miami,84912.2,12514.4,2024-08-20,4,70.7,anthony.anderson@company.com,(305) 795-2926,Active
EMP015501,Emily,Williams,Emily Williams,59,HR,Manager,Seattle,92657.35,9351.13,2020-06-22,30,72.3,emily.williams@company.com,(858) 365-1623,Inactive
EMP015502,Melissa,Thomas,Melissa Thomas,53,IT,Specialist,Austin,105052.09,9580.99,2024-01-05,29,56.6,melissa.thomas@company.com,(776) 763-9096,Active
EMP015503,Robert,Thomas,Robert Thomas,26,Marketing,Coordinator,Chicago,51404.14,4801.9,2023-03-24,4,78.7,robert.thomas@company.com,(626) 420-6695,Active
EMP015504,Robert,Johnson,Robert Johnson,65,Sales,Associate,San Francisco,101790.76,5512.08,2020-01-03,39,51.9,robert.johnson@company.com,(907) 629-3520,Active
EMP015505,James,Thomas,James Thomas,57,Marketing,Director,Los Angeles,88156.59,7692.65,2024-07-08,30,63.7,james.thomas@company.com,(225) 408-3539,Active
EMP015506,David,Miller,David Miller,59,Sales,Senior Developer,San Francisco,116888.72,15121.1,2022-08-13,31,72.4,david.miller@company.com,(549) 809-6929,Active
EMP015507,Jessica,Davis,Jessica Davis,56,Sales,Analyst,Miami,94258.6,4493.86,2021-12-09,34,72.0,jessica.davis@company.com,(575) 947-7515,Active
EMP015508,Matthew,Brown,Matthew Brown,52,Legal,Manager,Chicago,120898.78,15783.4,2020-02-21,24,83.5,matthew.brown@company.com,(651) 843-2421,Active
EMP015509,Emily,Anderson,Emily Anderson,40,Sales,Coordinator,San Francisco,82187.22,0.0,2023-06-14,11,90.0,emily.anderson@company.com,(399) 773-8283,Active
EMP015510,Nicole,Williams,Nicole Williams,31,Engineering,Senior Developer,Miami,57829.25,7730.94,2020-10-10,4,83.6,nicole.williams@company.com,(560) 801-2710,Active
EMP015511,Sarah,Miller,Sarah Miller,23,Operations,Lead,New York,53439.94,7688.39,2021-07-22,0,71.6,sarah.miller@company.com,(790) 385-7587,Inactive
EMP015512,Jessica,Lopez,Jessica Lopez,45,Sales,Lead,Boston,39375.16,6670.23,2024-10-06,19,87.5,jessica.lopez@company.com,(506) 717-6542,Active
EMP015513,Robert,Gonzalez,Robert Gonzalez,59,IT,Associate,Miami,71251.21,3609.41,2020-08-25,36,68.3,robert.gonzalez@company.com,(835) 240-6410,Inactive
EMP015514,Emily,Brown,Emily Brown,34,Legal,Lead,Seattle,131218.14,10317.79,2024-07-25,7,65.4,emily.brown@company.com,(627) 859-2794,Active
EMP015515,David,Smith,David Smith,23,HR,Senior Developer,Chicago,41607.7,3399.45,2022-09-17,0,64.7,david.smith@company.com,(265) 388-3896,Active
EMP015516,Ashley,Hernandez,Ashley Hernandez,37,HR,Coordinator,Austin,49985.44,7709.16,2024-11-15,14,59.4,ashley.hernandez@company.com,(219) 349-2626,Active
EMP015517,Christopher,Wilson,Christopher Wilson,27,Marketing,Coordinator,New York,43443.27,1476.16,2024-02-16,1,74.2,christopher.wilson@company.com,(488) 210-5769,Active
EMP015518,Christopher,Thomas,Christopher Thomas,27,Operations,Coordinator,San Francisco,69567.81,8708.45,2023-07-12,5,61.1,christopher.thomas@company.com,(316) 573-1382,Active
EMP015519,Anthony,Johnson,Anthony Johnson,51,Operations,Associate,Miami,79366.76,1085.79,2020-12-05,23,90.3,anthony.johnson@company.com,(436) 330-2310,Active
EMP015520,John,Martin,John Martin,35,Finance,Senior Developer,Miami,81532.32,13578.68,2024-04-29,7,98.5,john.martin@company.com,(371) 717-3887,Active
EMP015521,Amanda,Gonzalez,Amanda Gonzalez,56,Legal,Manager,Austin,101218.5,12405.4,2024-01-28,27,51.7,amanda.gonzalez@company.com,(733) 500-1419,Active
EMP015522,Stephanie,Thomas,Stephanie Thomas,31,Marketing,Senior Developer,San Francisco,49002.59,9595.58,2023-10-03,9,76.8,stephanie.thomas@company.com,(953) 216-7588,Active
EMP015523,Jane,Moore,Jane Moore,23,Engineering,Senior Developer,New York,42980.66,5861.38,2024-05-04,0,100.0,jane.moore@company.com,(395) 936-5648,Active
EMP015524,Melissa,Davis,Melissa Davis,25,Operations,Manager,Chicago,54147.93,4491.67,2020-09-05,0,54.0,melissa.davis@company.com,(891) 569-7524,Active
EMP015525,Anthony,Martin,Anthony Martin,58,HR,Manager,New York,88983.12,6142.03,2023-05-07,30,100.0,anthony.martin@company.com,(271) 569-1497,Active
EMP015526,Amanda,Brown,Amanda Brown,57,Legal,Analyst,San Francisco,81245.8,4888.87,2023-12-31,29,82.4,amanda.brown@company.com,(453) 980-1406,Active
EMP015527,John,Lopez,John Lopez,40,IT,Specialist,New York,97265.24,8470.71,2022-10-29,13,69.2,john.lopez@company.com,(474) 909-5562,Active
EMP015528,Jessica,Smith,Jessica Smith,30,Legal,Coordinator,Seattle,85393.83,2485.66,2020-01-27,7,80.0,jessica.smith@company.com,(643) 391-1087,Active
EMP015529,Daniel,Davis,Daniel Davis,61,Operations,Manager,Austin,71319.35,8711.16,2023-05-28,32,83.3,daniel.davis@company.com,(745) 220-6111,Active
EMP015530,David,Wilson,David Wilson,64,Sales,Director,Boston,104848.72,3412.62,2020-05-23,40,96.2,david.wilson@company.com,(455) 262-4116,Active
EMP015531,Matthew,Martinez,Matthew Martinez,42,Legal,Director,Miami,80325.14,12027.5,2023-01-23,16,81.9,matthew.martinez@company.com,(974) 966-1455,Active
EMP015532,Nicole,Taylor,Nicole Taylor,63,Finance,Senior Developer,Austin,104105.68,6101.68,2024-01-01,34,71.3,nicole.taylor@company.com,(859) 741-7449,Active
EMP015533,Jane,Miller,Jane Miller,63,Marketing,Associate,Boston,79479.52,10014.13,2024-12-27,39,49.4,jane.miller@company.com,(759) 453-8523,Active
EMP015534,Lisa,Martinez,Lisa Martinez,32,Marketing,Coordinator,Miami,73075.83,7806.17,2021-10-06,9,72.3,lisa.martinez@company.com,(414) 469-3104,Active
EMP015535,Emily,Garcia,Emily Garcia,39,Operations,Manager,New York,56449.56,5983.57,2020-12-23,16,75.0,emily.garcia@company.com,(353) 289-3070,Active
EMP015536,James,Thomas,James Thomas,47,IT,Associate,San Francisco,129065.39,6963.65,2020-06-29,18,93.1,james.thomas@company.com,(855) 901-1557,Inactive
EMP015537,Daniel,Miller,Daniel Miller,22,Legal,Coordinator,Seattle,69745.03,11179.69,2023-12-16,0,73.3,daniel.miller@company.com,(769) 381-2812,Active
EMP015538,Michael,Johnson,Michael Johnson,43,Operations,Lead,San Francisco,66908.58,8959.13,2023-03-17,19,67.3,michael.johnson@company.com,(503) 342-3757,Inactive
EMP015539,Jane,Lopez,Jane Lopez,58,IT,Manager,Miami,143428.05,29912.83,2021-08-02,29,91.9,jane.lopez@company.com,(387) 709-7561,Active
EMP015540,Jessica,Jackson,Jessica Jackson,51,Marketing,Analyst,New York,79178.37,6191.49,2022-10-21,25,55.8,jessica.jackson@company.com,(251) 976-4317,Active
EMP015541,Matthew,Moore,Matthew Moore,40,Engineering,Specialist,New York,76010.88,11584.86,2021-07-16,17,89.8,matthew.moore@company.com,(361) 332-4446,Active
EMP015542,Emily,Moore,Emily Moore,32,Operations,Specialist,Austin,79095.86,9250.18,2024-05-01,8,77.1,emily.moore@company.com,(281) 917-2140,Active
EMP015543,Lisa,Moore,Lisa Moore,64,Marketing,Director,Miami,73674.23,5592.86,2021-06-21,42,56.1,lisa.moore@company.com,(299) 542-8232,Active
EMP015544,John,Gonzalez,John Gonzalez,40,Sales,Coordinator,New York,76756.62,6061.04,2022-12-01,18,82.3,john.gonzalez@company.com,(221) 339-7449,Active
EMP015545,Emily,Rodriguez,Emily Rodriguez,44,Finance,Manager,Miami,78888.28,5488.68,2022-01-17,16,40.0,emily.rodriguez@company.com,(377) 945-2686,Active
EMP015546,Melissa,Wilson,Melissa Wilson,61,HR,Analyst,Austin,55405.08,32.61,2022-10-27,32,85.4,melissa.wilson@company.com,(960) 331-2780,Active
EMP015547,Melissa,Lopez,Melissa Lopez,51,Legal,Manager,Seattle,97733.46,7945.01,2021-02-22,28,58.9,melissa.lopez@company.com,(637) 252-5190,Active
EMP015548,Christopher,Miller,Christopher Miller,56,Marketing,Senior Developer,Seattle,89846.51,8962.26,2024-11-07,29,77.9,christopher.miller@company.com,(396) 901-9087,Active
EMP015549,Ashley,Jackson,Ashley Jackson,28,Legal,Associate,Austin,79750.4,0.0,2023-11-10,6,82.0,ashley.jackson@company.com,(657) 773-2204,Active
EMP015550,Lisa,Taylor,Lisa Taylor,62,Sales,Senior Developer,San Francisco,88024.02,8507.44,2022-01-05,40,90.3,lisa.taylor@company.com,(548) 427-6492,Active
EMP015551,Lisa,Rodriguez,Lisa Rodriguez,39,Finance,Specialist,Seattle,57769.21,14388.68,2021-09-02,17,63.5,lisa.rodriguez@company.com,(804) 628-3689,Active
EMP015552,John,Rodriguez,John Rodriguez,44,Legal,Lead,San Francisco,94638.55,0.0,2020-04-29,18,80.9,john.rodriguez@company.com,(447) 495-5086,Active
EMP015553,Jessica,Anderson,Jessica Anderson,62,Operations,Analyst,Austin,82093.26,0.0,2023-03-21,33,57.8,jessica.anderson@company.com,(711) 952-9209,Active
EMP015554,David,Jackson,David Jackson,37,Sales,Director,San Francisco,71077.81,8336.17,2023-12-24,11,84.3,david.jackson@company.com,(919) 535-5934,Active
EMP015555,Melissa,Rodriguez,Melissa Rodriguez,34,IT,Director,Seattle,97002.63,11850.25,2022-04-25,6,81.9,melissa.rodriguez@company.com,(899) 932-5460,Inactive
EMP015556,Jane,Lopez,Jane Lopez,50,Legal,Coordinator,Austin,114925.21,3770.62,2023-04-03,25,94.2,jane.lopez@company.com,(793) 213-6940,Inactive
EMP015557,Sarah,Anderson,Sarah Anderson,35,Sales,Senior Developer,Austin,53964.96,6357.23,2022-05-24,9,82.8,sarah.anderson@company.com,(518) 757-5217,Active
EMP015558,Emily,Martinez,Emily Martinez,48,HR,Coordinator,Los Angeles,70177.54,5989.09,2023-03-23,21,74.1,emily.martinez@company.com,(664) 777-7138,Active
EMP015559,Robert,Miller,Robert Miller,26,HR,Senior Developer,Miami,63890.07,6197.75,2021-08-15,1,77.8,robert.miller@company.com,(655) 863-2033,Active
EMP015560,Ashley,Martin,Ashley Martin,34,IT,Senior Developer,Chicago,78986.01,4803.44,2021-02-12,12,93.3,ashley.martin@company.com,(736) 839-2177,Active
EMP015561,Lisa,Thomas,Lisa Thomas,63,Finance,Senior Developer,Los Angeles,97533.06,6253.33,2021-07-20,37,55.8,lisa.thomas@company.com,(512) 716-6348,Active
EMP015562,Stephanie,Thomas,Stephanie Thomas,30,Marketing,Senior Developer,New York,47083.68,9872.83,2020-05-27,2,67.7,stephanie.thomas@company.com,(955) 275-5742,Active
EMP015563,Lisa,Davis,Lisa Davis,26,Operations,Coordinator,Seattle,48158.31,2478.13,2021-06-14,1,64.0,lisa.davis@company.com,(271) 729-9694,Active
EMP015564,Robert,Miller,Robert Miller,42,HR,Lead,Boston,49812.2,5957.49,2023-09-23,14,89.9,robert.miller@company.com,(514) 663-3781,Inactive
EMP015565,Michael,Martinez,Michael Martinez,32,Legal,Manager,Miami,92745.83,6760.48,2022-06-20,9,56.7,michael.martinez@company.com,(932) 962-7526,Active
EMP015566,Nicole,Moore,Nicole Moore,51,Sales,Senior Developer,Los Angeles,79570.55,0.0,2024-03-29,25,80.1,nicole.moore@company.com,(626) 722-2334,Inactive
EMP015567,Matthew,Miller,Matthew Miller,27,Sales,Associate,Los Angeles,54114.83,10856.9,2021-08-14,5,83.2,matthew.miller@company.com,(289) 437-8839,Active
EMP015568,John,Lopez,John Lopez,47,Marketing,Director,Chicago,69347.48,3526.46,2023-05-30,22,93.7,john.lopez@company.com,(438) 538-3517,Active
EMP015569,Daniel,Garcia,Daniel Garcia,57,IT,Director,Chicago,120879.1,16401.79,2021-07-06,29,84.8,daniel.garcia@company.com,(305) 320-3185,Active
EMP015570,Ashley,Jackson,Ashley Jackson,23,Operations,Analyst,Austin,55558.5,6838.25,2021-11-04,0,58.7,ashley.jackson@company.com,(308) 959-2136,Active
EMP015571,Matthew,Moore,Matthew Moore,50,Engineering,Coordinator,Boston,111044.58,13503.3,2024-06-06,25,71.8,matthew.moore@company.com,(775) 530-2024,Active
EMP015572,David,Smith,David Smith,44,HR,Lead,Chicago,75904.25,6171.35,2024-08-24,17,58.8,david.smith@company.com,(714) 933-8190,Active
EMP015573,Jessica,Davis,Jessica Davis,54,Finance,Lead,San Francisco,89976.65,8438.98,2021-02-26,27,90.8,jessica.davis@company.com,(533) 469-5491,Active
EMP015574,Michael,Anderson,Michael Anderson,29,Marketing,Manager,Chicago,64748.76,12992.88,2024-02-02,5,58.5,michael.anderson@company.com,(324) 903-2338,Active
EMP015575,Christopher,Brown,Christopher Brown,50,Finance,Associate,Boston,111371.55,15236.46,2022-09-10,27,71.9,christopher.brown@company.com,(977) 735-3746,Inactive
EMP015576,Melissa,Hernandez,Melissa Hernandez,47,IT,Associate,New York,76183.06,4272.85,2022-11-03,25,91.0,melissa.hernandez@company.com,(956) 781-4341,Inactive
EMP015577,Jane,Thomas,Jane Thomas,49,HR,Analyst,Miami,66005.99,5087.63,2020-11-05,25,64.2,jane.thomas@company.com,(944) 441-9161,Active
EMP015578,Jane,Garcia,Jane Garcia,62,Engineering,Analyst,Seattle,110273.92,9411.66,2021-08-18,38,65.1,jane.garcia@company.com,(354) 203-1727,Active
EMP015579,Amanda,Wilson,Amanda Wilson,26,Legal,Director,Boston,107268.26,5008.35,2023-06-27,3,85.7,amanda.wilson@company.com,(542) 650-6172,Active
EMP015580,Emily,Williams,Emily Williams,52,Operations,Specialist,Boston,77971.81,11316.77,2023-07-27,27,75.4,emily.williams@company.com,(969) 537-5561,Active
EMP015581,Nicole,Williams,Nicole Williams,34,IT,Associate,New York,95022.93,7474.53,2020-09-30,5,73.6,nicole.williams@company.com,(758) 684-9315,Active
EMP015582,Amanda,Hernandez,Amanda Hernandez,30,IT,Senior Developer,Miami,94096.75,17805.22,2022-07-07,3,63.1,amanda.hernandez@company.com,(407) 922-6100,Active
EMP015583,Michael,Garcia,Michael Garcia,26,Marketing,Manager,New York,52884.83,5326.56,2022-09-04,0,58.5,michael.garcia@company.com,(408) 796-5045,Active
EMP015584,Matthew,Williams,Matthew Williams,38,Operations,Associate,New York,37831.96,3831.99,2024-10-02,15,74.9,matthew.williams@company.com,(702) 934-7915,Active
EMP015585,Nicole,Lopez,Nicole Lopez,54,Legal,Specialist,San Francisco,135028.46,11920.01,2024-08-20,27,96.4,nicole.lopez@company.com,(465) 238-3821,Active
EMP015586,Christopher,Rodriguez,Christopher Rodriguez,41,Finance,Director,Austin,59756.47,3144.28,2020-04-02,14,95.7,christopher.rodriguez@company.com,(654) 948-3569,Active
EMP015587,Christopher,Davis,Christopher Davis,26,Engineering,Specialist,Miami,98566.89,9412.78,2022-04-01,0,60.8,christopher.davis@company.com,(234) 582-3775,Active
EMP015588,Jane,Jones,Jane Jones,61,Sales,Specialist,Miami,106916.09,6718.55,2024-09-24,32,81.9,jane.jones@company.com,(674) 825-1888,Active
EMP015589,Matthew,Moore,Matthew Moore,41,Legal,Lead,Los Angeles,64714.23,6350.18,2021-04-25,13,87.5,matthew.moore@company.com,(968) 820-9200,Active
EMP015590,Melissa,Thomas,Melissa Thomas,31,Sales,Associate,Seattle,62544.15,7502.14,2022-05-15,9,50.5,melissa.thomas@company.com,(590) 304-7847,Active
EMP015591,Stephanie,Brown,Stephanie Brown,38,Legal,Specialist,Boston,92634.77,17473.62,2023-04-12,16,92.9,stephanie.brown@company.com,(500) 412-7020,Active
EMP015592,Robert,Davis,Robert Davis,30,Sales,Associate,Austin,75521.22,2524.51,2024-02-25,1,69.2,robert.davis@company.com,(619) 425-9311,Active
EMP015593,John,Taylor,John Taylor,59,Legal,Director,Seattle,117688.52,13791.67,2021-07-13,31,49.0,john.taylor@company.com,(833) 840-9348,Active
EMP015594,James,Moore,James Moore,46,Sales,Analyst,Boston,51669.09,5921.22,2020-05-31,17,89.6,james.moore@company.com,(700) 601-1282,Active
EMP015595,John,Jackson,John Jackson,59,Marketing,Director,Los Angeles,80612.43,10632.21,2020-04-18,33,96.9,john.jackson@company.com,(980) 252-6222,Active
EMP015596,Jane,Jones,Jane Jones,57,HR,Senior Developer,Chicago,99699.69,6333.72,2024-04-02,34,68.8,jane.jones@company.com,(795) 320-5177,Active
EMP015597,Christopher,Anderson,Christopher Anderson,28,IT,Lead,Seattle,82250.17,6437.73,2024-06-21,0,61.0,christopher.anderson@company.com,(595) 543-6436,Active
EMP015598,Jessica,Williams,Jessica Williams,49,Marketing,Coordinator,Chicago,85789.35,0.0,2024-01-20,22,76.7,jessica.williams@company.com,(471) 726-5197,Active
EMP015599,Christopher,Martin,Christopher Martin,63,Operations,Director,Chicago,79849.2,10152.1,2020-05-30,40,87.7,christopher.martin@company.com,(440) 631-3992,Inactive
EMP015600,Matthew,Brown,Matthew Brown,43,Finance,Coordinator,San Francisco,79461.91,13010.47,2023-03-26,21,74.7,matthew.brown@company.com,(863) 443-2027,Active
EMP015601,Robert,Moore,Robert Moore,26,Engineering,Lead,San Francisco,67593.46,8626.99,2022-04-27,2,57.5,robert.moore@company.com,(272) 296-6272,Inactive
EMP015602,Matthew,Wilson,Matthew Wilson,53,Marketing,Director,Boston,68861.25,1229.45,2020-04-20,30,86.3,matthew.wilson@company.com,(717) 873-7566,Active
EMP015603,Anthony,Wilson,Anthony Wilson,62,HR,Coordinator,Austin,88555.28,2884.91,2020-02-03,35,65.4,anthony.wilson@company.com,(989) 508-2232,Active
EMP015604,William,Gonzalez,William Gonzalez,51,HR,Senior Developer,Los Angeles,87456.91,11087.51,2024-06-12,24,65.8,william.gonzalez@company.com,(741) 894-1272,Active
EMP015605,Nicole,Garcia,Nicole Garcia,52,Operations,Analyst,Miami,56451.81,5718.08,2023-12-20,24,37.0,nicole.garcia@company.com,(897) 276-3773,Active
EMP015606,Robert,Garcia,Robert Garcia,61,Legal,Manager,San Francisco,98161.81,7625.1,2023-01-30,37,71.3,robert.garcia@company.com,(539) 256-5939,Active
EMP015607,Jessica,Lopez,Jessica Lopez,26,IT,Lead,Boston,66883.55,6931.77,2022-04-28,0,93.8,jessica.lopez@company.com,(872) 374-5630,Active
EMP015608,Jane,Wilson,Jane Wilson,56,HR,Coordinator,Los Angeles,74828.25,4526.41,2023-04-06,30,46.0,jane.wilson@company.com,(218) 818-4185,Active
EMP015609,John,Garcia,John Garcia,23,Sales,Associate,New York,65257.01,3107.02,2020-10-10,1,79.4,john.garcia@company.com,(394) 428-9596,Active
EMP015610,Nicole,Davis,Nicole Davis,25,IT,Senior Developer,Los Angeles,54799.16,4541.53,2022-09-10,3,82.1,nicole.davis@company.com,(952) 482-6009,Active
EMP015611,Stephanie,Lopez,Stephanie Lopez,35,Operations,Analyst,Austin,63641.33,9397.16,2021-07-05,7,59.3,stephanie.lopez@company.com,(683) 557-4175,Inactive
EMP015612,Lisa,Anderson,Lisa Anderson,62,HR,Analyst,Miami,67357.98,5269.86,2020-01-10,39,59.2,lisa.anderson@company.com,(813) 247-4165,Active
EMP015613,William,Johnson,William Johnson,30,Sales,Specialist,Seattle,76104.91,8968.45,2021-03-28,4,66.4,william.johnson@company.com,(641) 357-4622,Active
EMP015614,Stephanie,Rodriguez,Stephanie Rodriguez,63,Sales,Associate,Seattle,101425.02,10678.15,2022-02-01,34,97.6,stephanie.rodriguez@company.com,(384) 471-7617,Active
EMP015615,Christopher,Jackson,Christopher Jackson,38,Sales,Manager,Austin,63599.01,6785.0,2021-05-29,15,66.7,christopher.jackson@company.com,(670) 554-4913,Active
EMP015616,Stephanie,Thomas,Stephanie Thomas,39,IT,Specialist,Miami,88665.94,4531.36,2024-05-10,16,75.7,stephanie.thomas@company.com,(958) 504-7553,Active
EMP015617,Jessica,Lopez,Jessica Lopez,63,Operations,Manager,New York,76686.05,10358.22,2023-05-27,40,73.2,jessica.lopez@company.com,(698) 868-3386,Inactive
EMP015618,Jessica,Lopez,Jessica Lopez,50,Finance,Coordinator,Los Angeles,97766.36,16317.36,2021-11-22,22,79.1,jessica.lopez@company.com,(405) 643-2770,Active
EMP015619,Jessica,Taylor,Jessica Taylor,58,Marketing,Specialist,Chicago,82682.15,9052.77,2023-03-08,35,73.7,jessica.taylor@company.com,(874) 475-5778,Active
EMP015620,Emily,Lopez,Emily Lopez,49,Marketing,Coordinator,San Francisco,83794.11,7542.1,2024-02-27,25,78.6,emily.lopez@company.com,(745) 258-6528,Active
EMP015621,David,Williams,David Williams,48,IT,Coordinator,Miami,133542.41,20024.44,2023-03-21,23,100.0,david.williams@company.com,(283) 373-8482,Active
EMP015622,William,Anderson,William Anderson,24,Finance,Specialist,Austin,39196.19,3060.94,2023-08-06,0,58.6,william.anderson@company.com,(982) 751-6560,Active
EMP015623,Sarah,Lopez,Sarah Lopez,26,Engineering,Coordinator,New York,108588.49,6717.07,2020-07-15,0,98.9,sarah.lopez@company.com,(892) 541-5100,Active
EMP015624,Jessica,Thomas,Jessica Thomas,30,IT,Analyst,New York,50313.27,3650.22,2021-12-20,7,74.9,jessica.thomas@company.com,(306) 749-2208,Active
EMP015625,Christopher,Martin,Christopher Martin,52,Legal,Coordinator,Austin,104967.34,8738.04,2022-05-10,25,79.9,christopher.martin@company.com,(797) 885-3137,Active
EMP015626,Amanda,Taylor,Amanda Taylor,39,Legal,Associate,Miami,114027.68,0.0,2023-01-23,12,90.1,amanda.taylor@company.com,(539) 925-9766,On Leave
EMP015627,Jane,Brown,Jane Brown,33,Finance,Coordinator,San Francisco,98724.73,10746.12,2023-09-28,5,58.9,jane.brown@company.com,(900) 212-3593,Active
EMP015628,David,Martin,David Martin,42,Engineering,Senior Developer,Miami,100822.62,16363.17,2024-11-27,13,83.8,david.martin@company.com,(384) 290-2456,Active
EMP015629,Sarah,Johnson,Sarah Johnson,45,Legal,Coordinator,Austin,88414.43,15640.78,2024-06-23,21,67.0,sarah.johnson@company.com,(375) 408-2955,Active
EMP015630,Stephanie,Martin,Stephanie Martin,55,Finance,Senior Developer,Seattle,111550.39,23393.58,2023-04-17,29,62.7,stephanie.martin@company.com,(653) 746-8772,Active
EMP015631,Amanda,Hernandez,Amanda Hernandez,36,Operations,Coordinator,San Francisco,38504.86,5236.12,2024-11-20,12,87.1,amanda.hernandez@company.com,(562) 289-1745,Inactive
EMP015632,Daniel,Wilson,Daniel Wilson,41,Engineering,Senior Developer,Los Angeles,78621.73,10841.75,2020-10-13,14,79.5,daniel.wilson@company.com,(444) 827-3024,Inactive
EMP015633,Robert,Anderson,Robert Anderson,47,IT,Lead,New York,100577.57,7427.34,2022-08-19,20,76.5,robert.anderson@company.com,(895) 645-5259,Active
EMP015634,Melissa,Anderson,Melissa Anderson,56,Finance,Lead,New York,103029.74,13581.47,2020-12-31,28,32.6,melissa.anderson@company.com,(460) 515-9363,Active
EMP015635,David,Anderson,David Anderson,65,Engineering,Associate,Miami,154683.42,16580.69,2024-03-19,38,66.9,david.anderson@company.com,(903) 723-8573,Active
EMP015636,Jessica,Jackson,Jessica Jackson,62,Sales,Specialist,New York,85531.0,11257.27,2024-07-24,37,79.6,jessica.jackson@company.com,(402) 445-1592,Active
EMP015637,Melissa,Wilson,Melissa Wilson,60,Sales,Analyst,New York,94778.24,10061.19,2020-12-12,34,68.0,melissa.wilson@company.com,(753) 415-5839,Active
EMP015638,Anthony,Moore,Anthony Moore,64,HR,Analyst,Boston,87955.07,1625.46,2021-04-19,40,67.6,anthony.moore@company.com,(991) 503-4626,Active
EMP015639,Amanda,Gonzalez,Amanda Gonzalez,54,Marketing,Associate,Los Angeles,84232.12,9588.9,2021-02-23,26,64.8,amanda.gonzalez@company.com,(473) 632-2459,Active
EMP015640,Robert,Johnson,Robert Johnson,22,Marketing,Specialist,Austin,41608.12,3891.25,2021-12-21,0,95.6,robert.johnson@company.com,(698) 666-5360,Active
EMP015641,Daniel,Martinez,Daniel Martinez,46,Marketing,Coordinator,Seattle,88065.53,4597.9,2020-03-06,23,69.4,daniel.martinez@company.com,(610) 789-8652,Active
EMP015642,Michael,Martin,Michael Martin,39,Sales,Director,Chicago,71927.95,7828.7,2022-06-24,12,78.9,michael.martin@company.com,(429) 320-9691,Active
EMP015643,Michael,Smith,Michael Smith,55,Operations,Director,Seattle,63157.69,8801.31,2020-06-17,33,77.7,michael.smith@company.com,(937) 373-3474,Active
EMP015644,Daniel,Thomas,Daniel Thomas,26,Sales,Manager,Boston,31781.37,1004.53,2023-03-08,4,74.4,daniel.thomas@company.com,(587) 421-4779,Active
EMP015645,Matthew,Jackson,Matthew Jackson,27,Operations,Director,Boston,69987.98,5085.19,2024-09-04,4,66.3,matthew.jackson@company.com,(718) 451-6717,Active
EMP015646,Michael,Williams,Michael Williams,58,HR,Manager,Seattle,81971.09,7756.31,2022-06-18,31,73.5,michael.williams@company.com,(646) 940-2231,Inactive
EMP015647,Anthony,Taylor,Anthony Taylor,61,Finance,Director,Austin,89238.49,7235.61,2024-05-19,37,37.3,anthony.taylor@company.com,(388) 731-8268,Inactive
EMP015648,Robert,Smith,Robert Smith,44,IT,Specialist,Austin,75812.06,8214.91,2024-07-17,17,54.3,robert.smith@company.com,(910) 918-4437,Inactive
EMP015649,Jessica,Davis,Jessica Davis,39,Engineering,Manager,Chicago,99256.46,3966.31,2021-10-18,14,96.4,jessica.davis@company.com,(641) 746-7535,Active
EMP015650,Christopher,Martinez,Christopher Martinez,54,Finance,Manager,Boston,89026.75,7904.56,2022-11-12,30,59.2,christopher.martinez@company.com,(264) 315-7850,Active
EMP015651,Amanda,Jackson,Amanda Jackson,36,Legal,Manager,Chicago,60882.43,6789.5,2022-12-19,9,62.2,amanda.jackson@company.com,(280) 936-5663,Active
EMP015652,Robert,Davis,Robert Davis,64,Finance,Senior Developer,Seattle,81028.28,11837.4,2023-01-03,36,69.9,robert.davis@company.com,(604) 231-8582,Active
EMP015653,Nicole,Wilson,Nicole Wilson,31,HR,Lead,Los Angeles,35338.94,6405.82,2024-12-07,5,65.9,nicole.wilson@company.com,(338) 477-1704,Active
EMP015654,Jessica,Garcia,Jessica Garcia,24,Marketing,Coordinator,Chicago,79251.91,9512.24,2023-10-12,0,93.0,jessica.garcia@company.com,(342) 910-4524,Active
EMP015655,John,Davis,John Davis,57,Operations,Analyst,San Francisco,73460.06,10648.84,2024-05-25,30,94.8,john.davis@company.com,(258) 412-8672,Active
EMP015656,Amanda,Garcia,Amanda Garcia,23,Finance,Analyst,San Francisco,97764.93,13406.14,2024-06-07,0,64.1,amanda.garcia@company.com,(262) 222-4961,Active
EMP015657,Ashley,Martin,Ashley Martin,22,Engineering,Specialist,Seattle,52520.33,6948.31,2021-11-28,0,90.4,ashley.martin@company.com,(925) 667-7102,Active
EMP015658,James,Thomas,James Thomas,51,Marketing,Analyst,Chicago,78056.3,8142.92,2023-04-05,29,84.4,james.thomas@company.com,(838) 961-9059,Active
EMP015659,Sarah,Garcia,Sarah Garcia,61,Operations,Lead,Boston,103993.17,12200.26,2020-04-09,34,41.2,sarah.garcia@company.com,(212) 891-8338,Active
EMP015660,Robert,Hernandez,Robert Hernandez,35,HR,Lead,San Francisco,59571.11,2558.23,2022-01-12,9,64.6,robert.hernandez@company.com,(324) 924-7567,Active
EMP015661,Daniel,Smith,Daniel Smith,58,HR,Associate,Seattle,76690.83,6957.12,2023-05-08,36,82.3,daniel.smith@company.com,(888) 948-5628,Active
EMP015662,Ashley,Jackson,Ashley Jackson,51,Finance,Senior Developer,Miami,85498.04,3096.06,2022-07-13,23,91.1,ashley.jackson@company.com,(993) 660-2280,On Leave
EMP015663,Ashley,Garcia,Ashley Garcia,40,Engineering,Director,Boston,84933.82,8576.82,2023-08-25,14,95.6,ashley.garcia@company.com,(392) 410-5994,Active
EMP015664,Christopher,Williams,Christopher Williams,38,HR,Lead,Boston,65972.09,10572.7,2023-10-06,10,69.7,christopher.williams@company.com,(310) 637-1478,Active
EMP015665,Lisa,Smith,Lisa Smith,60,Engineering,Senior Developer,Boston,87430.35,16477.78,2023-07-02,33,78.3,lisa.smith@company.com,(875) 709-5899,Active
EMP015666,Christopher,Miller,Christopher Miller,53,Operations,Analyst,New York,64000.7,3142.55,2022-02-10,25,83.5,christopher.miller@company.com,(384) 291-7515,Active
EMP015667,Jane,Anderson,Jane Anderson,42,Legal,Manager,Boston,64700.39,947.08,2020-04-26,19,92.6,jane.anderson@company.com,(579) 222-3700,Inactive
EMP015668,William,Rodriguez,William Rodriguez,26,Marketing,Coordinator,Miami,51713.25,7172.64,2023-01-13,2,64.0,william.rodriguez@company.com,(899) 356-6521,Active
EMP015669,John,Jones,John Jones,23,Sales,Associate,Seattle,45884.32,3123.88,2022-02-23,0,55.8,john.jones@company.com,(772) 895-4960,Active
EMP015670,Robert,Rodriguez,Robert Rodriguez,46,Legal,Coordinator,Los Angeles,92205.94,12388.39,2021-11-14,19,56.3,robert.rodriguez@company.com,(625) 502-9210,Active
EMP015671,Amanda,Jackson,Amanda Jackson,26,IT,Coordinator,Austin,65972.36,6396.0,2023-11-17,0,91.8,amanda.jackson@company.com,(257) 394-2136,Active
EMP015672,William,Brown,William Brown,42,Engineering,Director,Austin,114830.06,17228.13,2024-09-18,15,64.1,william.brown@company.com,(526) 304-5923,Active
EMP015673,Michael,Davis,Michael Davis,44,Engineering,Manager,Boston,77968.46,12387.61,2023-07-09,21,100.0,michael.davis@company.com,(855) 915-5738,Inactive
EMP015674,Daniel,Garcia,Daniel Garcia,35,Legal,Analyst,Seattle,75209.22,10711.16,2023-03-27,8,71.2,daniel.garcia@company.com,(439) 280-3046,Active
EMP015675,John,Brown,John Brown,62,IT,Lead,Austin,119214.77,14627.27,2022-11-20,34,82.9,john.brown@company.com,(234) 726-1146,On Leave
EMP015676,Jessica,Williams,Jessica Williams,30,Finance,Specialist,Los Angeles,94731.97,12595.47,2022-02-20,2,74.4,jessica.williams@company.com,(338) 979-6854,Active
EMP015677,Lisa,Miller,Lisa Miller,22,Operations,Lead,Los Angeles,56754.78,4052.36,2021-11-15,0,87.8,lisa.miller@company.com,(827) 337-5361,Active
EMP015678,Jessica,Williams,Jessica Williams,24,Sales,Analyst,Seattle,51184.75,4641.61,2020-06-12,0,82.8,jessica.williams@company.com,(871) 296-6476,Active
EMP015679,Daniel,Gonzalez,Daniel Gonzalez,41,Marketing,Coordinator,Los Angeles,31701.95,3274.23,2023-11-21,12,64.0,daniel.gonzalez@company.com,(260) 714-7945,Active
EMP015680,Michael,Smith,Michael Smith,54,Marketing,Lead,Austin,90509.62,9318.37,2023-09-25,26,95.2,michael.smith@company.com,(718) 867-2340,Active
EMP015681,Lisa,Taylor,Lisa Taylor,35,Engineering,Coordinator,New York,95671.01,7262.01,2023-12-15,7,84.6,lisa.taylor@company.com,(387) 868-3246,Active
EMP015682,Jessica,Martin,Jessica Martin,47,Legal,Associate,Seattle,94198.1,15662.06,2023-07-25,19,46.3,jessica.martin@company.com,(332) 487-6369,Active
EMP015683,Nicole,Johnson,Nicole Johnson,51,HR,Lead,Los Angeles,90728.53,15480.9,2020-08-06,27,94.8,nicole.johnson@company.com,(457) 863-7628,Active
EMP015684,James,Anderson,James Anderson,61,Sales,Director,Seattle,78425.07,10614.75,2022-06-05,39,95.1,james.anderson@company.com,(434) 627-2771,Active
EMP015685,Emily,Thomas,Emily Thomas,26,Legal,Analyst,Austin,83402.79,11414.7,2021-01-08,0,51.2,emily.thomas@company.com,(742) 260-7570,Active
EMP015686,David,Martinez,David Martinez,45,Engineering,Coordinator,New York,40786.45,2286.81,2024-09-26,22,84.0,david.martinez@company.com,(840) 349-1692,Active
EMP015687,Daniel,Moore,Daniel Moore,24,Sales,Senior Developer,San Francisco,76570.54,12996.9,2024-12-07,0,76.4,daniel.moore@company.com,(555) 403-4563,Active
EMP015688,Robert,Lopez,Robert Lopez,62,IT,Senior Developer,Austin,105351.74,21264.79,2021-12-19,34,60.6,robert.lopez@company.com,(508) 989-8931,Active
EMP015689,Anthony,Jones,Anthony Jones,52,IT,Manager,Seattle,104642.91,10486.34,2023-05-28,25,72.7,anthony.jones@company.com,(354) 686-7857,Inactive
EMP015690,Emily,Moore,Emily Moore,48,Legal,Associate,Miami,94963.77,12965.58,2021-03-02,26,78.0,emily.moore@company.com,(805) 920-6151,Inactive
EMP015691,Jessica,Martin,Jessica Martin,49,Marketing,Associate,San Francisco,61866.48,7579.74,2024-08-18,23,89.3,jessica.martin@company.com,(410) 917-6988,Active
EMP015692,Melissa,Jones,Melissa Jones,56,Engineering,Director,Austin,107094.05,24932.57,2022-10-02,31,67.3,melissa.jones@company.com,(958) 564-2476,Active
EMP015693,Sarah,Johnson,Sarah Johnson,22,Engineering,Senior Developer,Miami,91502.98,0.0,2023-11-10,0,46.5,sarah.johnson@company.com,(936) 374-5404,Active
EMP015694,Sarah,Smith,Sarah Smith,46,Sales,Manager,Boston,71427.17,4284.09,2024-04-14,24,85.8,sarah.smith@company.com,(492) 914-5920,Active
EMP015695,Anthony,Wilson,Anthony Wilson,48,IT,Lead,Boston,80535.76,13441.08,2020-04-19,26,63.7,anthony.wilson@company.com,(452) 521-6200,Inactive
EMP015696,David,Garcia,David Garcia,42,Operations,Analyst,San Francisco,59950.76,4716.25,2023-02-19,19,57.6,david.garcia@company.com,(526) 233-5894,Active
EMP015697,Stephanie,Lopez,Stephanie Lopez,39,Engineering,Analyst,Chicago,70183.53,771.89,2024-12-19,14,63.2,stephanie.lopez@company.com,(240) 774-8284,Inactive
EMP015698,Christopher,Martinez,Christopher Martinez,29,HR,Director,San Francisco,55369.93,3561.09,2020-01-06,6,79.5,christopher.martinez@company.com,(935) 643-2076,On Leave
EMP015699,Melissa,Hernandez,Melissa Hernandez,27,HR,Director,Los Angeles,77388.32,16696.84,2024-08-09,4,82.1,melissa.hernandez@company.com,(550) 427-2509,Active
EMP015700,Jane,Martin,Jane Martin,37,Operations,Coordinator,Los Angeles,68062.31,7282.11,2024-04-11,8,85.4,jane.martin@company.com,(907) 451-5657,Active
EMP015701,Matthew,Thomas,Matthew Thomas,51,Operations,Specialist,Los Angeles,94494.2,7225.96,2024-02-11,27,86.6,matthew.thomas@company.com,(873) 328-6089,Active
EMP015702,Christopher,Miller,Christopher Miller,40,HR,Coordinator,Miami,74247.97,10342.91,2024-01-27,18,59.9,christopher.miller@company.com,(569) 341-3429,Active
EMP015703,Nicole,Anderson,Nicole Anderson,38,Legal,Analyst,Seattle,80616.25,12559.04,2020-09-23,10,70.1,nicole.anderson@company.com,(562) 420-4806,Active
EMP015704,Ashley,Hernandez,Ashley Hernandez,51,Marketing,Analyst,Seattle,74484.65,1632.61,2020-09-19,22,59.3,ashley.hernandez@company.com,(597) 252-1041,Active
EMP015705,Christopher,Hernandez,Christopher Hernandez,32,Engineering,Analyst,San Francisco,88949.27,10312.42,2023-11-30,5,33.6,christopher.hernandez@company.com,(648) 343-8839,Active
EMP015706,Anthony,Moore,Anthony Moore,36,Marketing,Coordinator,Los Angeles,85451.52,8638.87,2020-11-26,8,81.9,anthony.moore@company.com,(833) 461-4006,Active
EMP015707,Emily,Brown,Emily Brown,55,Legal,Coordinator,Los Angeles,165092.84,7990.66,2022-08-29,28,86.6,emily.brown@company.com,(370) 387-6646,Active
EMP015708,Melissa,Jones,Melissa Jones,37,IT,Lead,New York,94255.87,11703.43,2022-09-15,13,85.0,melissa.jones@company.com,(775) 530-8042,Active
EMP015709,Emily,Hernandez,Emily Hernandez,59,Operations,Specialist,Los Angeles,55139.14,10565.46,2022-01-28,37,62.9,emily.hernandez@company.com,(694) 659-8004,Active
EMP015710,James,Martinez,James Martinez,57,Sales,Lead,Chicago,79507.39,5037.49,2023-08-13,30,77.0,james.martinez@company.com,(496) 385-5348,Inactive
EMP015711,Jessica,Hernandez,Jessica Hernandez,40,Engineering,Specialist,New York,87353.48,16006.15,2021-07-20,17,63.1,jessica.hernandez@company.com,(583) 352-6629,Inactive
EMP015712,Christopher,Martin,Christopher Martin,55,Finance,Lead,Boston,85054.96,3829.61,2023-08-07,28,62.9,christopher.martin@company.com,(232) 506-2609,Active
EMP015713,Anthony,Moore,Anthony Moore,40,Operations,Director,Boston,65349.67,5987.64,2020-05-20,17,85.5,anthony.moore@company.com,(906) 363-3718,Active
EMP015714,Stephanie,Rodriguez,Stephanie Rodriguez,61,Finance,Lead,Miami,100892.77,10496.17,2020-12-17,32,60.7,stephanie.rodriguez@company.com,(716) 806-5982,Active
EMP015715,James,Anderson,James Anderson,38,Operations,Senior Developer,Miami,69241.39,4599.69,2020-08-16,13,70.8,james.anderson@company.com,(731) 304-7057,Active
EMP015716,Matthew,Smith,Matthew Smith,35,Operations,Analyst,New York,45648.15,6557.01,2022-05-04,10,60.1,matthew.smith@company.com,(734) 980-6748,Active
EMP015717,Jessica,Wilson,Jessica Wilson,26,Legal,Lead,Seattle,55464.86,6379.98,2022-01-21,0,78.2,jessica.wilson@company.com,(460) 934-8129,Active
EMP015718,Emily,Martin,Emily Martin,33,Engineering,Analyst,Seattle,74868.73,5119.84,2022-10-17,9,70.7,emily.martin@company.com,(416) 224-1362,Active
EMP015719,John,Jones,John Jones,22,Operations,Lead,Los Angeles,40938.84,2819.32,2020-12-01,0,82.1,john.jones@company.com,(709) 345-3825,Active
EMP015720,Michael,Johnson,Michael Johnson,44,HR,Manager,Miami,81414.31,9303.44,2021-09-09,22,96.4,michael.johnson@company.com,(867) 886-1015,Active
EMP015721,Ashley,Smith,Ashley Smith,57,Finance,Lead,Boston,143645.13,20372.87,2023-05-14,34,65.6,ashley.smith@company.com,(795) 402-9480,Active
EMP015722,John,Thomas,John Thomas,64,Sales,Coordinator,Miami,87953.43,10008.98,2020-08-19,41,88.5,john.thomas@company.com,(465) 300-5175,Active
EMP015723,Christopher,Brown,Christopher Brown,60,Legal,Specialist,San Francisco,107589.51,12858.07,2020-09-23,33,70.8,christopher.brown@company.com,(977) 893-6853,Active
EMP015724,Matthew,Anderson,Matthew Anderson,54,Marketing,Director,Miami,91901.67,6635.3,2022-08-24,30,71.3,matthew.anderson@company.com,(852) 367-6738,Active
EMP015725,Daniel,Miller,Daniel Miller,36,Engineering,Lead,Los Angeles,108353.73,9240.83,2021-03-16,11,61.0,daniel.miller@company.com,(886) 769-5137,Active
EMP015726,Michael,Lopez,Michael Lopez,24,Sales,Director,Boston,51734.76,3644.32,2024-06-20,0,36.1,michael.lopez@company.com,(905) 254-7285,Active
EMP015727,Melissa,Rodriguez,Melissa Rodriguez,36,Finance,Coordinator,Chicago,98648.44,4738.08,2024-11-29,11,81.6,melissa.rodriguez@company.com,(637) 266-4763,Active
EMP015728,Ashley,Thomas,Ashley Thomas,41,Legal,Coordinator,San Francisco,87025.52,12629.87,2021-10-24,14,62.9,ashley.thomas@company.com,(416) 791-1075,Active
EMP015729,Lisa,Johnson,Lisa Johnson,47,Marketing,Director,Chicago,74219.83,4674.17,2024-10-06,25,74.6,lisa.johnson@company.com,(414) 725-2722,Active
EMP015730,Emily,Brown,Emily Brown,43,Finance,Lead,Miami,111554.11,5668.24,2021-04-16,16,92.0,emily.brown@company.com,(701) 976-5259,Active
EMP015731,Ashley,Thomas,Ashley Thomas,61,HR,Director,New York,86632.75,10981.07,2024-04-12,33,100.0,ashley.thomas@company.com,(499) 624-4471,Active
EMP015732,Lisa,Garcia,Lisa Garcia,23,Legal,Director,San Francisco,70458.77,10090.22,2024-03-29,0,71.3,lisa.garcia@company.com,(393) 816-6466,Active
EMP015733,James,Martin,James Martin,56,HR,Senior Developer,Miami,71703.55,4796.54,2023-11-27,29,86.6,james.martin@company.com,(410) 942-3261,Active
EMP015734,Melissa,Martinez,Melissa Martinez,45,IT,Associate,Boston,81977.94,9980.53,2024-05-08,17,60.7,melissa.martinez@company.com,(235) 249-6167,Active
EMP015735,Michael,Martinez,Michael Martinez,42,Operations,Lead,Los Angeles,54342.64,2709.46,2022-08-05,13,73.5,michael.martinez@company.com,(577) 300-1142,Active
EMP015736,David,Jackson,David Jackson,34,Legal,Senior Developer,Boston,103343.3,7823.89,2023-12-12,6,74.6,david.jackson@company.com,(244) 851-7764,Active
EMP015737,Amanda,Moore,Amanda Moore,52,Engineering,Director,Chicago,105196.88,11026.27,2022-06-02,25,77.8,amanda.moore@company.com,(218) 704-8603,Active
EMP015738,James,Jackson,James Jackson,63,Sales,Senior Developer,San Francisco,94363.7,5541.93,2023-12-28,39,65.3,james.jackson@company.com,(900) 516-3145,Active
EMP015739,Daniel,Thomas,Daniel Thomas,47,IT,Manager,New York,109761.88,9329.45,2021-01-03,24,85.6,daniel.thomas@company.com,(649) 313-6433,Active
EMP015740,John,Martin,John Martin,25,Engineering,Director,Los Angeles,72474.56,10884.22,2023-04-21,1,85.7,john.martin@company.com,(526) 522-2628,Inactive
EMP015741,Daniel,Jackson,Daniel Jackson,23,Engineering,Coordinator,Austin,77143.19,7050.3,2022-05-27,0,74.0,daniel.jackson@company.com,(715) 485-7155,Active
EMP015742,Jessica,Martinez,Jessica Martinez,34,Engineering,Analyst,San Francisco,72867.88,2108.86,2022-08-08,8,95.1,jessica.martinez@company.com,(870) 658-7034,Active
EMP015743,James,Smith,James Smith,59,HR,Senior Developer,New York,97506.93,5654.41,2021-08-04,33,73.4,james.smith@company.com,(963) 967-4928,Active
EMP015744,Robert,Jackson,Robert Jackson,32,Legal,Manager,New York,92275.09,3523.85,2022-10-11,10,49.0,robert.jackson@company.com,(591) 429-6123,Active
EMP015745,David,Moore,David Moore,56,IT,Lead,San Francisco,94900.98,13905.29,2023-07-05,31,81.8,david.moore@company.com,(832) 427-2819,Active
EMP015746,Lisa,Moore,Lisa Moore,58,IT,Lead,Miami,80103.66,10431.91,2020-02-05,30,72.9,lisa.moore@company.com,(977) 786-1231,Active
EMP015747,Daniel,Smith,Daniel Smith,49,Sales,Coordinator,San Francisco,80136.31,13124.23,2022-06-25,24,68.6,daniel.smith@company.com,(889) 654-8631,Active
EMP015748,Jane,Wilson,Jane Wilson,35,Engineering,Senior Developer,Los Angeles,90343.48,8016.22,2021-08-07,13,67.6,jane.wilson@company.com,(554) 685-4084,Active
EMP015749,John,Gonzalez,John Gonzalez,22,Operations,Senior Developer,Austin,37132.57,5788.95,2024-09-20,0,65.7,john.gonzalez@company.com,(662) 533-1770,Active
EMP015750,Ashley,Jones,Ashley Jones,45,IT,Director,Los Angeles,81707.38,5357.39,2022-10-28,19,63.5,ashley.jones@company.com,(517) 866-6478,Active
EMP015751,Michael,Wilson,Michael Wilson,42,Operations,Analyst,New York,66961.56,8840.21,2023-11-27,15,57.5,michael.wilson@company.com,(415) 253-2278,Active
EMP015752,Christopher,Hernandez,Christopher Hernandez,45,Sales,Analyst,Los Angeles,58421.24,5745.83,2023-12-12,23,62.2,christopher.hernandez@company.com,(249) 702-9447,Active
EMP015753,David,Martin,David Martin,37,HR,Lead,Los Angeles,57466.35,4719.33,2021-04-23,9,72.0,david.martin@company.com,(780) 580-3205,Active
EMP015754,Sarah,Lopez,Sarah Lopez,56,IT,Director,Los Angeles,139456.86,6745.58,2024-03-07,34,68.7,sarah.lopez@company.com,(941) 825-5698,Active
EMP015755,Sarah,Moore,Sarah Moore,64,IT,Analyst,Seattle,156118.0,11283.2,2022-06-19,41,79.3,sarah.moore@company.com,(526) 435-8541,Active
EMP015756,Michael,Thomas,Michael Thomas,24,Operations,Director,New York,62956.48,1057.89,2020-06-25,0,53.2,michael.thomas@company.com,(481) 718-8901,Active
EMP015757,William,Miller,William Miller,53,Sales,Coordinator,Boston,95279.05,7481.35,2024-01-06,30,97.2,william.miller@company.com,(773) 612-8621,Active
EMP015758,Amanda,Jones,Amanda Jones,38,Finance,Manager,San Francisco,70061.81,4789.54,2021-05-01,12,86.7,amanda.jones@company.com,(402) 857-7257,Active
EMP015759,Jessica,Jones,Jessica Jones,27,Operations,Lead,New York,66360.57,5146.31,2020-10-26,3,68.9,jessica.jones@company.com,(572) 599-8543,Active
EMP015760,Christopher,Taylor,Christopher Taylor,50,Marketing,Manager,Los Angeles,76057.07,5617.6,2022-07-07,27,67.4,christopher.taylor@company.com,(264) 966-7485,Active
EMP015761,Jane,Anderson,Jane Anderson,42,Finance,Senior Developer,Boston,69433.56,13569.52,2024-07-15,17,65.0,jane.anderson@company.com,(385) 972-8405,Active
EMP015762,David,Wilson,David Wilson,48,HR,Associate,Austin,52581.15,4942.93,2021-10-13,22,66.2,david.wilson@company.com,(602) 874-6477,Active
EMP015763,Christopher,Davis,Christopher Davis,40,Marketing,Senior Developer,Chicago,50301.21,1531.99,2022-03-20,17,54.7,christopher.davis@company.com,(535) 740-8789,Active
EMP015764,Sarah,Brown,Sarah Brown,39,HR,Lead,Boston,49749.18,3012.41,2020-12-13,11,85.2,sarah.brown@company.com,(489) 720-3508,Inactive
EMP015765,Lisa,Rodriguez,Lisa Rodriguez,41,HR,Senior Developer,Los Angeles,55812.44,5619.34,2021-11-14,15,60.5,lisa.rodriguez@company.com,(443) 438-2942,Inactive
EMP015766,John,Smith,John Smith,39,Operations,Associate,Los Angeles,67244.94,1021.39,2022-05-01,17,76.7,john.smith@company.com,(568) 709-2978,Active
EMP015767,Anthony,Davis,Anthony Davis,49,Legal,Analyst,Chicago,89584.83,7519.3,2024-06-05,25,74.8,anthony.davis@company.com,(208) 985-1636,Active
EMP015768,John,Brown,John Brown,44,IT,Senior Developer,Boston,88064.32,6115.79,2020-03-02,21,85.2,john.brown@company.com,(896) 730-4030,Active
EMP015769,Jane,Taylor,Jane Taylor,22,Sales,Analyst,Los Angeles,56990.6,1405.4,2022-11-10,0,70.7,jane.taylor@company.com,(888) 591-1174,Active
EMP015770,Daniel,Lopez,Daniel Lopez,40,Engineering,Specialist,Los Angeles,79941.38,4910.64,2024-10-20,13,74.0,daniel.lopez@company.com,(371) 408-5600,Active
EMP015771,William,Johnson,William Johnson,41,IT,Senior Developer,New York,70369.06,10863.21,2022-04-04,18,53.6,william.johnson@company.com,(326) 778-7588,Active
EMP015772,Amanda,Hernandez,Amanda Hernandez,42,Legal,Lead,Los Angeles,104795.07,20051.68,2023-04-21,17,61.8,amanda.hernandez@company.com,(334) 664-8321,Inactive
EMP015773,David,Hernandez,David Hernandez,62,IT,Associate,Chicago,89245.22,15684.8,2022-06-17,38,74.4,david.hernandez@company.com,(325) 737-8556,Active
EMP015774,Ashley,Gonzalez,Ashley Gonzalez,62,Operations,Associate,Seattle,46835.15,2320.05,2023-06-21,33,71.4,ashley.gonzalez@company.com,(227) 397-7304,Active
EMP015775,Christopher,Davis,Christopher Davis,64,Engineering,Associate,San Francisco,101650.17,16534.12,2024-10-27,40,72.9,christopher.davis@company.com,(532) 626-4727,Inactive
EMP015776,Amanda,Martinez,Amanda Martinez,37,IT,Analyst,Chicago,85388.14,12993.43,2020-04-08,10,63.6,amanda.martinez@company.com,(958) 788-7825,Active
EMP015777,Ashley,Smith,Ashley Smith,45,Legal,Senior Developer,Miami,110018.93,14879.46,2024-01-02,21,92.0,ashley.smith@company.com,(405) 536-3092,Active
EMP015778,Jessica,Miller,Jessica Miller,22,Legal,Analyst,Austin,54936.9,9414.9,2020-02-23,0,72.9,jessica.miller@company.com,(776) 474-3558,Active
EMP015779,Emily,Gonzalez,Emily Gonzalez,53,Marketing,Associate,Miami,82262.09,14276.04,2022-12-28,28,91.6,emily.gonzalez@company.com,(339) 660-5685,Inactive
EMP015780,Ashley,Jones,Ashley Jones,58,Finance,Analyst,Miami,111768.36,2721.91,2020-09-18,34,53.3,ashley.jones@company.com,(299) 546-6334,Active
EMP015781,Jessica,Lopez,Jessica Lopez,58,Sales,Specialist,Los Angeles,89148.2,4290.0,2023-09-20,29,69.7,jessica.lopez@company.com,(320) 872-6916,Active
EMP015782,Robert,Martin,Robert Martin,37,Marketing,Associate,San Francisco,60283.0,2143.74,2022-08-01,13,88.7,robert.martin@company.com,(516) 360-5785,Active
EMP015783,William,Taylor,William Taylor,45,Operations,Specialist,Miami,73466.18,7074.04,2023-12-25,16,100.0,william.taylor@company.com,(843) 933-9946,Active
EMP015784,Robert,Brown,Robert Brown,45,Marketing,Specialist,Chicago,83782.76,12324.89,2022-08-12,21,81.6,robert.brown@company.com,(720) 409-1015,Active
EMP015785,Robert,Miller,Robert Miller,52,Marketing,Director,Seattle,68452.01,6182.04,2022-09-02,27,71.1,robert.miller@company.com,(976) 298-5765,Inactive
EMP015786,William,Williams,William Williams,36,Legal,Manager,New York,90768.12,11514.33,2021-01-05,7,75.3,william.williams@company.com,(392) 536-7564,Active
EMP015787,Michael,Thomas,Michael Thomas,61,HR,Associate,New York,82912.35,1492.33,2021-12-07,38,86.9,michael.thomas@company.com,(214) 907-6884,On Leave
EMP015788,Jessica,Brown,Jessica Brown,52,Engineering,Senior Developer,Austin,136882.65,13119.38,2022-09-28,28,57.3,jessica.brown@company.com,(870) 995-4775,Active
EMP015789,Jessica,Jones,Jessica Jones,58,HR,Senior Developer,Los Angeles,86564.19,7760.74,2024-10-14,29,76.9,jessica.jones@company.com,(510) 863-2226,Active
EMP015790,Emily,Wilson,Emily Wilson,57,Operations,Specialist,New York,81860.57,9165.97,2021-02-03,35,100.0,emily.wilson@company.com,(725) 382-5655,Active
EMP015791,Amanda,Garcia,Amanda Garcia,35,HR,Senior Developer,Seattle,61072.75,7100.76,2020-04-29,8,75.7,amanda.garcia@company.com,(814) 996-9840,Active
EMP015792,William,Jackson,William Jackson,37,Operations,Analyst,Miami,61979.69,2856.18,2021-03-05,11,75.2,william.jackson@company.com,(644) 884-5005,Active
EMP015793,Melissa,Smith,Melissa Smith,22,Operations,Manager,Miami,59462.34,2385.81,2020-12-18,0,72.3,melissa.smith@company.com,(727) 725-8415,Active
EMP015794,Nicole,Wilson,Nicole Wilson,42,Marketing,Specialist,Boston,42189.66,1628.41,2020-11-29,13,100.0,nicole.wilson@company.com,(586) 564-8059,Active
EMP015795,Jessica,Hernandez,Jessica Hernandez,39,HR,Senior Developer,San Francisco,65814.01,7761.9,2021-01-08,13,72.3,jessica.hernandez@company.com,(720) 218-9771,Active
EMP015796,Ashley,Thomas,Ashley Thomas,65,Engineering,Coordinator,Miami,127415.64,10433.54,2021-01-04,43,63.4,ashley.thomas@company.com,(202) 291-8036,Active
EMP015797,Anthony,Taylor,Anthony Taylor,49,Operations,Director,San Francisco,53851.16,5871.18,2020-04-17,21,55.0,anthony.taylor@company.com,(528) 750-2844,Active
EMP015798,James,Moore,James Moore,43,Finance,Senior Developer,Miami,72174.04,8493.08,2023-07-22,20,91.1,james.moore@company.com,(914) 646-2055,On Leave
EMP015799,Robert,Wilson,Robert Wilson,41,Marketing,Director,New York,110528.23,10842.4,2024-06-28,13,98.8,robert.wilson@company.com,(800) 641-7372,Active
EMP015800,Ashley,Hernandez,Ashley Hernandez,47,HR,Associate,San Francisco,65581.92,5573.95,2021-02-10,21,65.9,ashley.hernandez@company.com,(388) 271-2838,Active
EMP015801,James,Hernandez,James Hernandez,57,Marketing,Lead,Chicago,95728.83,19664.26,2021-07-25,33,93.6,james.hernandez@company.com,(538) 937-6407,Inactive
EMP015802,Jessica,Hernandez,Jessica Hernandez,32,Engineering,Analyst,Los Angeles,119066.07,20385.07,2022-03-21,8,67.4,jessica.hernandez@company.com,(930) 977-9171,Active
EMP015803,Anthony,Garcia,Anthony Garcia,39,Operations,Lead,San Francisco,80928.86,6927.66,2022-11-08,13,56.8,anthony.garcia@company.com,(482) 915-9718,Active
EMP015804,Amanda,Rodriguez,Amanda Rodriguez,32,Engineering,Senior Developer,Austin,89821.67,14420.42,2021-09-03,10,100.0,amanda.rodriguez@company.com,(806) 681-1420,Active
EMP015805,James,Davis,James Davis,55,Marketing,Director,Chicago,90917.11,4370.5,2023-01-23,26,49.1,james.davis@company.com,(353) 918-9360,Inactive
EMP015806,Emily,Thomas,Emily Thomas,31,Engineering,Manager,San Francisco,60811.63,3474.61,2020-05-09,9,64.6,emily.thomas@company.com,(350) 524-6384,Active
EMP015807,Sarah,Martin,Sarah Martin,35,Operations,Senior Developer,Miami,42920.89,2591.31,2022-02-22,7,74.9,sarah.martin@company.com,(246) 212-1043,Active
EMP015808,William,Smith,William Smith,46,Engineering,Senior Developer,Miami,117467.72,12032.77,2022-06-10,24,73.1,william.smith@company.com,(830) 237-4861,On Leave
EMP015809,Nicole,Jackson,Nicole Jackson,27,Engineering,Director,Chicago,76904.36,1584.6,2020-06-11,4,61.3,nicole.jackson@company.com,(666) 846-1868,Active
EMP015810,Jane,Garcia,Jane Garcia,44,Legal,Senior Developer,Seattle,94169.9,0.0,2022-03-02,20,96.1,jane.garcia@company.com,(881) 920-7134,Inactive
EMP015811,Matthew,Hernandez,Matthew Hernandez,37,Marketing,Associate,Seattle,82632.21,7955.17,2024-01-12,14,90.4,matthew.hernandez@company.com,(221) 506-6018,Active
EMP015812,Jane,Moore,Jane Moore,35,Operations,Senior Developer,San Francisco,58944.26,3380.07,2022-10-26,12,73.9,jane.moore@company.com,(230) 848-9008,Active
EMP015813,Matthew,Wilson,Matthew Wilson,52,Operations,Senior Developer,Chicago,63192.96,6213.64,2023-10-08,27,81.1,matthew.wilson@company.com,(571) 836-9145,Active
EMP015814,Matthew,Martin,Matthew Martin,58,IT,Director,San Francisco,147112.36,17044.68,2022-09-28,29,74.5,matthew.martin@company.com,(374) 841-8721,Active
EMP015815,William,Smith,William Smith,61,Sales,Associate,New York,92485.36,9899.22,2022-11-22,35,74.6,william.smith@company.com,(448) 626-6648,Active
EMP015816,Jane,Miller,Jane Miller,56,Operations,Lead,Los Angeles,99129.9,12822.46,2023-09-25,33,69.8,jane.miller@company.com,(938) 359-6116,Active
EMP015817,Jessica,Williams,Jessica Williams,43,Marketing,Manager,Miami,70633.19,3697.7,2020-07-15,18,72.1,jessica.williams@company.com,(896) 224-5246,Active
EMP015818,William,Lopez,William Lopez,49,IT,Lead,Los Angeles,99556.58,3684.24,2024-08-05,20,94.5,william.lopez@company.com,(878) 340-5803,Active
EMP015819,Daniel,Anderson,Daniel Anderson,30,Operations,Analyst,Miami,70902.15,5797.63,2024-09-02,7,75.9,daniel.anderson@company.com,(569) 469-2061,Active
EMP015820,Ashley,Martin,Ashley Martin,25,Legal,Analyst,Boston,79650.02,8353.84,2020-08-25,0,69.1,ashley.martin@company.com,(474) 669-3721,Inactive
EMP015821,Michael,Taylor,Michael Taylor,49,Engineering,Senior Developer,Chicago,141637.19,17699.56,2021-11-11,26,80.8,michael.taylor@company.com,(410) 479-8627,Active
EMP015822,Sarah,Jackson,Sarah Jackson,52,Marketing,Director,San Francisco,78770.39,8197.31,2020-07-15,26,69.2,sarah.jackson@company.com,(841) 452-9466,Active
EMP015823,Jane,Davis,Jane Davis,26,HR,Associate,Seattle,75443.5,5998.29,2021-05-20,0,87.7,jane.davis@company.com,(633) 437-7918,Active
EMP015824,Anthony,Jackson,Anthony Jackson,60,IT,Manager,Los Angeles,109153.86,21370.38,2021-06-25,38,69.5,anthony.jackson@company.com,(830) 439-4997,Inactive
EMP015825,Emily,Lopez,Emily Lopez,59,Operations,Senior Developer,San Francisco,67386.19,1843.93,2023-06-26,35,99.7,emily.lopez@company.com,(450) 575-1484,Active
EMP015826,Anthony,Moore,Anthony Moore,46,Finance,Manager,Chicago,81246.08,10830.99,2022-04-28,23,51.0,anthony.moore@company.com,(284) 813-8774,Active
EMP015827,Emily,Martin,Emily Martin,33,Marketing,Manager,New York,75065.83,9660.18,2021-06-06,8,56.2,emily.martin@company.com,(997) 780-9048,Active
EMP015828,Ashley,Smith,Ashley Smith,36,Engineering,Director,Austin,76465.64,6228.74,2022-05-08,14,58.8,ashley.smith@company.com,(569) 635-6934,Active
EMP015829,Sarah,Gonzalez,Sarah Gonzalez,51,Sales,Specialist,Seattle,69122.69,4434.79,2020-01-07,25,90.6,sarah.gonzalez@company.com,(899) 618-2491,Active
EMP015830,Amanda,Anderson,Amanda Anderson,50,Legal,Director,Boston,90071.54,9653.01,2023-02-13,27,98.1,amanda.anderson@company.com,(226) 277-6753,Active
EMP015831,Matthew,Lopez,Matthew Lopez,46,Marketing,Senior Developer,San Francisco,84671.59,7200.71,2020-03-24,20,74.1,matthew.lopez@company.com,(455) 786-1759,Active
EMP015832,Matthew,Anderson,Matthew Anderson,24,Operations,Specialist,Chicago,58739.78,4610.47,2021-10-25,0,44.8,matthew.anderson@company.com,(955) 864-3772,Active
EMP015833,Amanda,Gonzalez,Amanda Gonzalez,38,Finance,Coordinator,Los Angeles,72506.79,6425.08,2021-02-20,16,70.6,amanda.gonzalez@company.com,(913) 282-5194,Active
EMP015834,Melissa,Rodriguez,Melissa Rodriguez,64,IT,Manager,Chicago,92839.43,16582.51,2021-11-11,42,69.2,melissa.rodriguez@company.com,(930) 297-6117,Active
EMP015835,Stephanie,Brown,Stephanie Brown,52,Engineering,Director,Boston,109523.38,1967.48,2023-09-12,25,81.4,stephanie.brown@company.com,(844) 920-3375,Active
EMP015836,Stephanie,Hernandez,Stephanie Hernandez,55,Finance,Director,Los Angeles,104488.02,11335.1,2024-04-16,26,85.4,stephanie.hernandez@company.com,(364) 675-4217,Inactive
EMP015837,Michael,Smith,Michael Smith,30,Engineering,Director,Los Angeles,84093.06,21705.55,2024-09-30,6,67.6,michael.smith@company.com,(391) 684-3338,Active
EMP015838,Amanda,Garcia,Amanda Garcia,57,HR,Manager,New York,78009.24,13895.62,2021-02-24,32,76.4,amanda.garcia@company.com,(615) 871-4510,Active
EMP015839,Matthew,Moore,Matthew Moore,27,Marketing,Lead,New York,42380.38,5615.15,2023-11-01,3,93.8,matthew.moore@company.com,(422) 939-1525,Active
EMP015840,Anthony,Thomas,Anthony Thomas,42,Legal,Analyst,Los Angeles,87665.56,12069.03,2023-08-26,19,68.0,anthony.thomas@company.com,(679) 897-3414,Active
EMP015841,Robert,Moore,Robert Moore,25,Engineering,Director,Miami,72485.87,3599.83,2022-12-04,2,62.9,robert.moore@company.com,(478) 375-5673,Active
EMP015842,David,Brown,David Brown,56,Legal,Coordinator,Austin,124170.4,18704.18,2020-05-16,29,100.0,david.brown@company.com,(941) 738-7570,Active
EMP015843,Jessica,Martinez,Jessica Martinez,42,IT,Director,San Francisco,94225.72,9884.6,2020-08-15,13,85.9,jessica.martinez@company.com,(591) 409-5116,Inactive
EMP015844,Emily,Moore,Emily Moore,46,Engineering,Lead,New York,74441.93,9410.66,2021-05-14,22,84.1,emily.moore@company.com,(758) 955-1816,Active
EMP015845,Matthew,Rodriguez,Matthew Rodriguez,61,Legal,Analyst,Austin,96186.74,15848.25,2022-12-01,34,56.9,matthew.rodriguez@company.com,(752) 666-6865,Active
EMP015846,Melissa,Martin,Melissa Martin,36,Operations,Senior Developer,Boston,55333.18,3269.36,2020-07-02,13,73.9,melissa.martin@company.com,(205) 993-8963,Active
EMP015847,Emily,Smith,Emily Smith,23,Engineering,Lead,Austin,78956.83,0.0,2020-06-26,0,68.8,emily.smith@company.com,(693) 564-4131,Active
EMP015848,Daniel,Hernandez,Daniel Hernandez,29,IT,Associate,San Francisco,93809.09,6622.24,2024-11-13,3,75.1,daniel.hernandez@company.com,(827) 981-2104,Active
EMP015849,John,Rodriguez,John Rodriguez,53,HR,Associate,Seattle,75393.78,7718.68,2020-09-18,25,100.0,john.rodriguez@company.com,(474) 858-3757,Active
EMP015850,Melissa,Anderson,Melissa Anderson,53,Sales,Coordinator,Chicago,76607.02,11410.61,2020-10-27,26,77.8,melissa.anderson@company.com,(374) 523-8773,Active
EMP015851,Amanda,Martinez,Amanda Martinez,33,HR,Specialist,Los Angeles,58670.31,5831.71,2021-10-17,10,87.6,amanda.martinez@company.com,(665) 689-7759,Active
EMP015852,Melissa,Rodriguez,Melissa Rodriguez,30,Sales,Director,Seattle,63819.42,1712.91,2020-04-06,1,98.5,melissa.rodriguez@company.com,(690) 814-9007,Active
EMP015853,Matthew,Jackson,Matthew Jackson,40,Sales,Associate,Miami,80009.46,10001.56,2022-02-15,15,44.2,matthew.jackson@company.com,(702) 996-2388,Active
EMP015854,James,Rodriguez,James Rodriguez,62,Finance,Manager,Miami,85991.54,6163.8,2024-05-16,38,81.5,james.rodriguez@company.com,(359) 741-2973,Active
EMP015855,Anthony,Garcia,Anthony Garcia,61,HR,Specialist,Los Angeles,77528.63,4514.22,2024-02-13,39,66.0,anthony.garcia@company.com,(927) 479-6518,Active
EMP015856,Jane,Smith,Jane Smith,58,Engineering,Specialist,Seattle,129229.13,25050.25,2024-10-12,35,65.9,jane.smith@company.com,(428) 295-7837,Active
EMP015857,Emily,Davis,Emily Davis,62,Operations,Lead,Los Angeles,71177.97,7605.47,2022-12-08,34,70.7,emily.davis@company.com,(232) 357-9367,Active
EMP015858,Anthony,Smith,Anthony Smith,22,Legal,Director,Chicago,62668.88,10913.95,2021-06-21,0,100.0,anthony.smith@company.com,(536) 839-8971,Active
EMP015859,Nicole,Gonzalez,Nicole Gonzalez,51,HR,Manager,Austin,88149.06,15260.11,2022-07-16,25,66.4,nicole.gonzalez@company.com,(306) 512-5711,Active
EMP015860,David,Anderson,David Anderson,32,Engineering,Senior Developer,Austin,136976.95,30729.27,2021-08-09,10,69.6,david.anderson@company.com,(348) 706-5664,Active
EMP015861,Jane,Johnson,Jane Johnson,59,Engineering,Senior Developer,Boston,108208.05,15152.49,2020-01-16,35,54.9,jane.johnson@company.com,(507) 637-2913,Active
EMP015862,William,Moore,William Moore,54,Sales,Senior Developer,Miami,98086.52,21076.17,2022-05-19,25,93.9,william.moore@company.com,(693) 429-3757,Active
EMP015863,Michael,Gonzalez,Michael Gonzalez,56,Legal,Analyst,Austin,100293.98,3360.14,2021-03-31,30,81.5,michael.gonzalez@company.com,(866) 847-4563,Active
EMP015864,Daniel,Miller,Daniel Miller,53,Sales,Manager,New York,118428.37,17185.36,2021-11-01,27,70.6,daniel.miller@company.com,(697) 666-8602,Active
EMP015865,Anthony,Lopez,Anthony Lopez,49,IT,Manager,Seattle,53269.9,6448.57,2022-07-09,21,87.3,anthony.lopez@company.com,(439) 601-8099,Active
EMP015866,Lisa,Rodriguez,Lisa Rodriguez,44,Marketing,Lead,Boston,52576.3,6276.22,2022-12-29,22,57.4,lisa.rodriguez@company.com,(288) 311-2181,Active
EMP015867,Daniel,Rodriguez,Daniel Rodriguez,53,IT,Associate,Chicago,131645.11,19642.55,2024-07-04,30,92.5,daniel.rodriguez@company.com,(668) 204-2085,Active
EMP015868,John,Jones,John Jones,52,Sales,Manager,Los Angeles,79935.22,10559.88,2024-12-10,28,71.9,john.jones@company.com,(607) 377-3165,Active
EMP015869,John,Anderson,John Anderson,57,HR,Director,San Francisco,89188.38,3829.64,2023-05-24,33,76.3,john.anderson@company.com,(699) 788-5386,Active
EMP015870,Melissa,Martin,Melissa Martin,22,Sales,Associate,Miami,66092.69,11156.36,2020-10-23,0,74.6,melissa.martin@company.com,(853) 617-8299,Active
EMP015871,William,Moore,William Moore,53,IT,Lead,Austin,93069.88,17986.98,2024-11-15,24,68.1,william.moore@company.com,(842) 833-2372,Active
EMP015872,Jane,Davis,Jane Davis,54,Marketing,Analyst,Los Angeles,82677.07,4236.96,2024-01-28,30,53.3,jane.davis@company.com,(336) 877-6095,Active
EMP015873,Stephanie,Brown,Stephanie Brown,28,Legal,Director,San Francisco,61806.23,5189.93,2023-07-18,0,90.0,stephanie.brown@company.com,(830) 725-7079,Active
EMP015874,Daniel,Anderson,Daniel Anderson,44,Finance,Analyst,New York,100901.73,7596.52,2023-07-23,19,59.1,daniel.anderson@company.com,(672) 293-3949,Inactive
EMP015875,Emily,Miller,Emily Miller,55,Sales,Coordinator,New York,62715.44,8755.72,2023-12-12,31,95.9,emily.miller@company.com,(562) 562-9758,Active
EMP015876,Lisa,Rodriguez,Lisa Rodriguez,30,HR,Coordinator,New York,57248.6,6047.16,2024-07-01,3,58.1,lisa.rodriguez@company.com,(828) 298-5151,Active
EMP015877,Emily,Miller,Emily Miller,59,IT,Manager,Miami,83743.35,8126.69,2021-11-05,35,65.1,emily.miller@company.com,(310) 308-2565,Active
EMP015878,Stephanie,Jackson,Stephanie Jackson,63,Operations,Manager,San Francisco,106590.16,14239.39,2020-03-05,38,86.0,stephanie.jackson@company.com,(567) 762-5466,Active
EMP015879,Jane,Hernandez,Jane Hernandez,47,Sales,Analyst,Boston,76054.02,5032.05,2024-05-10,24,80.9,jane.hernandez@company.com,(542) 647-8152,Active
EMP015880,Ashley,Johnson,Ashley Johnson,28,Engineering,Lead,Miami,98690.25,7590.05,2024-07-02,0,73.3,ashley.johnson@company.com,(590) 612-3331,Active
EMP015881,Stephanie,Garcia,Stephanie Garcia,63,Legal,Director,Austin,87914.3,12107.91,2023-06-03,37,48.5,stephanie.garcia@company.com,(367) 862-6767,Active
EMP015882,Amanda,Davis,Amanda Davis,65,IT,Lead,Miami,74820.81,12821.14,2022-03-18,41,61.5,amanda.davis@company.com,(701) 226-4869,Active
EMP015883,Nicole,Wilson,Nicole Wilson,62,Sales,Specialist,New York,81165.82,13814.08,2024-11-30,33,55.1,nicole.wilson@company.com,(717) 628-9331,Active
EMP015884,Amanda,Moore,Amanda Moore,56,IT,Associate,Chicago,68975.02,6510.74,2024-12-19,30,65.6,amanda.moore@company.com,(506) 723-3295,Inactive
EMP015885,Jane,Johnson,Jane Johnson,45,Marketing,Manager,Chicago,71250.94,10208.93,2023-01-19,22,63.2,jane.johnson@company.com,(329) 242-5411,Active
EMP015886,Melissa,Thomas,Melissa Thomas,49,HR,Analyst,Chicago,75024.01,9099.76,2024-04-18,24,76.0,melissa.thomas@company.com,(304) 281-7274,Active
EMP015887,Nicole,Martinez,Nicole Martinez,32,Sales,Lead,Boston,61894.67,3933.19,2024-06-16,5,71.6,nicole.martinez@company.com,(830) 339-8920,Active
EMP015888,William,Martinez,William Martinez,41,HR,Specialist,Chicago,51697.91,9085.21,2021-04-25,17,84.5,william.martinez@company.com,(487) 581-1036,Active
EMP015889,Anthony,Lopez,Anthony Lopez,44,IT,Director,San Francisco,75548.86,8651.57,2024-04-08,15,98.4,anthony.lopez@company.com,(728) 961-1332,Active
EMP015890,John,Anderson,John Anderson,52,Marketing,Associate,Boston,58640.55,5731.09,2023-10-25,27,64.3,john.anderson@company.com,(917) 694-3061,Active
EMP015891,Robert,Wilson,Robert Wilson,54,Legal,Manager,Miami,111760.49,3496.16,2020-08-28,30,93.4,robert.wilson@company.com,(392) 548-6355,Active
EMP015892,David,Moore,David Moore,45,Finance,Specialist,New York,105171.83,4530.19,2021-12-01,16,65.5,david.moore@company.com,(989) 387-3943,Active
EMP015893,Lisa,Jackson,Lisa Jackson,65,HR,Specialist,Austin,80598.43,4212.7,2020-05-12,39,67.5,lisa.jackson@company.com,(715) 856-2879,Active
EMP015894,Lisa,Smith,Lisa Smith,37,Engineering,Analyst,Chicago,55243.26,2730.29,2022-01-01,13,65.8,lisa.smith@company.com,(508) 485-7603,Active
EMP015895,Stephanie,Taylor,Stephanie Taylor,61,IT,Director,Los Angeles,84160.22,13022.71,2020-11-07,38,75.7,stephanie.taylor@company.com,(514) 712-6270,Active
EMP015896,Stephanie,Rodriguez,Stephanie Rodriguez,38,Operations,Specialist,Los Angeles,60603.74,2408.99,2020-11-05,10,68.4,stephanie.rodriguez@company.com,(545) 782-4441,Active
EMP015897,Stephanie,Jackson,Stephanie Jackson,32,Engineering,Director,Chicago,92334.39,7485.6,2021-08-30,4,88.0,stephanie.jackson@company.com,(543) 395-3970,Active
EMP015898,Anthony,Williams,Anthony Williams,48,Legal,Analyst,Seattle,80445.77,15591.17,2024-05-18,22,100.0,anthony.williams@company.com,(420) 831-6031,Active
EMP015899,Emily,Wilson,Emily Wilson,30,Legal,Senior Developer,Miami,78824.09,16228.99,2022-07-15,1,89.6,emily.wilson@company.com,(635) 764-7609,Active
EMP015900,Melissa,Davis,Melissa Davis,41,Marketing,Lead,New York,67186.43,3737.39,2022-09-26,19,86.0,melissa.davis@company.com,(519) 352-4667,Active
EMP015901,Christopher,Rodriguez,Christopher Rodriguez,35,Marketing,Lead,Austin,60354.72,2945.84,2023-07-04,11,73.6,christopher.rodriguez@company.com,(899) 885-9773,Active
EMP015902,Sarah,Wilson,Sarah Wilson,39,HR,Manager,New York,80020.25,6465.37,2022-01-10,12,94.6,sarah.wilson@company.com,(925) 644-8052,Active
EMP015903,Robert,Thomas,Robert Thomas,63,IT,Director,Boston,102601.26,9539.63,2023-02-25,37,79.4,robert.thomas@company.com,(794) 360-3653,Active
EMP015904,Emily,Williams,Emily Williams,52,Finance,Coordinator,Boston,84276.46,7726.49,2023-08-21,29,52.1,emily.williams@company.com,(391) 275-9213,Active
EMP015905,Stephanie,Martinez,Stephanie Martinez,63,Finance,Associate,New York,117173.72,16308.92,2020-01-01,40,65.9,stephanie.martinez@company.com,(908) 972-3500,Active
EMP015906,David,Davis,David Davis,23,Engineering,Analyst,Austin,75950.21,12739.42,2023-11-24,0,82.8,david.davis@company.com,(501) 877-5153,Inactive
EMP015907,David,Johnson,David Johnson,33,Finance,Specialist,Los Angeles,107235.28,9112.92,2021-01-09,6,84.1,david.johnson@company.com,(506) 306-6421,Active
EMP015908,Lisa,Rodriguez,Lisa Rodriguez,62,Operations,Manager,Chicago,90559.35,10728.24,2022-07-06,35,65.9,lisa.rodriguez@company.com,(842) 304-4216,Active
EMP015909,Jane,Brown,Jane Brown,59,Marketing,Manager,Austin,76532.32,2229.84,2024-12-09,31,81.1,jane.brown@company.com,(671) 597-5376,Active
EMP015910,Jane,Johnson,Jane Johnson,44,Legal,Director,Chicago,90380.08,9739.94,2023-10-01,22,62.2,jane.johnson@company.com,(817) 307-2555,Active
EMP015911,Lisa,Martinez,Lisa Martinez,24,Finance,Associate,Chicago,48618.99,3252.72,2024-02-18,0,67.0,lisa.martinez@company.com,(710) 437-9092,On Leave
EMP015912,Jessica,Johnson,Jessica Johnson,54,Engineering,Associate,Chicago,92935.64,11463.33,2023-03-29,28,54.1,jessica.johnson@company.com,(310) 831-2209,Active
EMP015913,Sarah,Jones,Sarah Jones,37,Operations,Analyst,Austin,77434.08,6771.42,2023-01-18,13,65.6,sarah.jones@company.com,(848) 633-6189,Inactive
EMP015914,Sarah,Garcia,Sarah Garcia,47,HR,Manager,Los Angeles,45089.38,7958.6,2020-06-27,23,75.3,sarah.garcia@company.com,(448) 836-1709,Active
EMP015915,Anthony,Moore,Anthony Moore,27,Legal,Lead,Austin,82922.23,4307.08,2021-12-09,0,86.8,anthony.moore@company.com,(332) 484-4687,Active
EMP015916,Jane,Moore,Jane Moore,30,Legal,Coordinator,Seattle,68072.43,12951.15,2022-04-04,2,57.1,jane.moore@company.com,(327) 422-6406,Active
EMP015917,Jane,Brown,Jane Brown,48,Marketing,Specialist,New York,64839.1,7831.01,2024-12-29,21,70.0,jane.brown@company.com,(450) 328-8266,Active
EMP015918,William,Wilson,William Wilson,27,Finance,Manager,Austin,77418.98,5393.75,2021-05-09,4,93.1,william.wilson@company.com,(813) 973-2379,Active
EMP015919,John,Miller,John Miller,23,Engineering,Specialist,Chicago,55747.18,9865.59,2023-10-08,0,83.4,john.miller@company.com,(658) 877-3825,Inactive
EMP015920,Sarah,Martinez,Sarah Martinez,23,Operations,Senior Developer,New York,58453.35,8539.99,2021-07-04,0,68.3,sarah.martinez@company.com,(230) 594-6752,Active
EMP015921,Michael,Anderson,Michael Anderson,39,Legal,Lead,Seattle,112717.61,6233.89,2021-02-04,11,59.9,michael.anderson@company.com,(658) 392-3258,Active
EMP015922,David,Davis,David Davis,30,Marketing,Lead,Los Angeles,28500.0,4261.02,2023-06-20,4,84.6,david.davis@company.com,(600) 411-4980,Active
EMP015923,Christopher,Moore,Christopher Moore,47,HR,Senior Developer,Boston,49101.89,3644.01,2024-11-01,23,98.3,christopher.moore@company.com,(207) 559-1980,Active
EMP015924,Nicole,Brown,Nicole Brown,30,Engineering,Specialist,Boston,68334.38,9503.58,2023-02-22,1,59.3,nicole.brown@company.com,(341) 507-8028,Active
EMP015925,Melissa,Rodriguez,Melissa Rodriguez,63,Sales,Lead,San Francisco,94593.76,10314.01,2022-11-24,37,95.2,melissa.rodriguez@company.com,(287) 252-7251,Active
EMP015926,Nicole,Smith,Nicole Smith,42,Legal,Senior Developer,Los Angeles,110567.46,12459.29,2020-04-04,17,100.0,nicole.smith@company.com,(393) 851-3052,Inactive
EMP015927,Anthony,Davis,Anthony Davis,52,Operations,Specialist,Austin,67032.89,4343.09,2024-07-01,25,62.6,anthony.davis@company.com,(669) 341-6606,Active
EMP015928,Melissa,Williams,Melissa Williams,41,Finance,Associate,Boston,70270.66,4019.17,2021-09-07,16,60.2,melissa.williams@company.com,(643) 879-9998,Active
EMP015929,Sarah,Rodriguez,Sarah Rodriguez,27,Legal,Specialist,Chicago,81588.84,8497.29,2023-02-03,0,56.5,sarah.rodriguez@company.com,(905) 706-8491,Active
EMP015930,Ashley,Miller,Ashley Miller,55,Legal,Director,Chicago,94226.1,7104.88,2023-03-24,31,72.5,ashley.miller@company.com,(409) 706-4069,Active
EMP015931,Melissa,Thomas,Melissa Thomas,28,Operations,Specialist,Miami,65164.16,6776.36,2024-05-05,3,79.6,melissa.thomas@company.com,(256) 974-9220,Active
EMP015932,Sarah,Davis,Sarah Davis,61,Legal,Senior Developer,New York,117660.65,10248.57,2024-07-04,32,97.1,sarah.davis@company.com,(221) 215-5729,Active
EMP015933,James,Martin,James Martin,39,Operations,Senior Developer,Austin,43256.62,3733.44,2021-02-05,14,69.5,james.martin@company.com,(276) 347-7502,Active
EMP015934,Christopher,Taylor,Christopher Taylor,56,Engineering,Analyst,Los Angeles,110404.54,4013.37,2021-09-30,28,34.4,christopher.taylor@company.com,(250) 221-4944,Inactive
EMP015935,Lisa,Thomas,Lisa Thomas,45,Engineering,Analyst,San Francisco,89203.74,9464.76,2022-08-05,23,78.0,lisa.thomas@company.com,(807) 357-8250,Active
EMP015936,William,Garcia,William Garcia,34,Finance,Analyst,Miami,60965.72,10131.07,2022-09-03,6,86.3,william.garcia@company.com,(616) 450-2942,Active
EMP015937,Daniel,Johnson,Daniel Johnson,57,Finance,Lead,Boston,89387.56,2850.34,2024-05-15,33,84.1,daniel.johnson@company.com,(757) 735-4696,Active
EMP015938,Jane,Lopez,Jane Lopez,28,Legal,Director,New York,85224.15,9194.81,2021-12-25,5,70.2,jane.lopez@company.com,(202) 473-6626,Active
EMP015939,Christopher,Lopez,Christopher Lopez,57,Operations,Manager,San Francisco,87279.95,4607.53,2024-08-29,35,56.6,christopher.lopez@company.com,(669) 212-2321,Active
EMP015940,Anthony,Davis,Anthony Davis,55,Operations,Analyst,Austin,64234.19,3834.01,2020-06-23,29,100.0,anthony.davis@company.com,(860) 494-1041,Active
EMP015941,Melissa,Wilson,Melissa Wilson,58,Finance,Lead,Miami,76124.86,4556.35,2022-11-29,29,76.0,melissa.wilson@company.com,(791) 565-4198,Inactive
EMP015942,Jane,Garcia,Jane Garcia,23,Operations,Lead,Los Angeles,42068.16,8099.02,2021-08-30,0,62.9,jane.garcia@company.com,(919) 760-7227,Active
EMP015943,James,Martin,James Martin,40,Operations,Manager,Seattle,72712.32,3503.04,2021-09-12,16,81.4,james.martin@company.com,(833) 918-7628,Active
EMP015944,Daniel,Brown,Daniel Brown,56,Finance,Manager,San Francisco,83570.76,11680.78,2024-01-08,28,62.4,daniel.brown@company.com,(872) 849-3847,Active
EMP015945,Nicole,Anderson,Nicole Anderson,34,Finance,Director,Boston,63685.64,7429.63,2020-05-03,7,70.8,nicole.anderson@company.com,(748) 544-1280,Inactive
EMP015946,William,Wilson,William Wilson,25,Sales,Associate,San Francisco,74853.75,2028.81,2023-04-08,3,58.8,william.wilson@company.com,(552) 395-9304,On Leave
EMP015947,Amanda,Davis,Amanda Davis,47,Finance,Manager,Miami,74629.05,12661.17,2023-01-26,18,96.0,amanda.davis@company.com,(803) 673-4011,Active
EMP015948,Daniel,Anderson,Daniel Anderson,48,HR,Director,New York,65946.84,7973.93,2021-08-12,26,85.8,daniel.anderson@company.com,(907) 922-1293,Active
EMP015949,Nicole,Rodriguez,Nicole Rodriguez,29,Operations,Analyst,New York,65776.03,9149.83,2022-07-18,7,95.7,nicole.rodriguez@company.com,(285) 329-9999,Active
EMP015950,Emily,Martin,Emily Martin,32,IT,Specialist,San Francisco,66103.2,9985.49,2021-06-04,7,98.1,emily.martin@company.com,(248) 536-3949,Active
EMP015951,Daniel,Moore,Daniel Moore,52,Legal,Analyst,Los Angeles,63207.02,4636.15,2023-04-22,29,51.6,daniel.moore@company.com,(457) 384-9678,Active
EMP015952,Emily,Johnson,Emily Johnson,59,HR,Senior Developer,Seattle,60236.81,9033.03,2024-11-25,33,85.4,emily.johnson@company.com,(349) 591-6472,Active
EMP015953,Nicole,Jones,Nicole Jones,50,Operations,Associate,Austin,64416.9,4773.07,2024-02-25,27,64.9,nicole.jones@company.com,(431) 236-7363,Active
EMP015954,Lisa,Moore,Lisa Moore,51,HR,Senior Developer,Chicago,89066.17,5973.21,2023-09-17,27,87.3,lisa.moore@company.com,(720) 908-9137,Active
EMP015955,Lisa,Jackson,Lisa Jackson,65,IT,Lead,New York,103170.97,10391.74,2020-07-20,37,68.1,lisa.jackson@company.com,(615) 741-4664,Active
EMP015956,John,Jones,John Jones,39,Legal,Director,Miami,72173.07,774.14,2023-01-07,15,95.2,john.jones@company.com,(511) 477-3138,Inactive
EMP015957,Matthew,Gonzalez,Matthew Gonzalez,36,HR,Coordinator,Seattle,83573.96,4653.46,2021-02-12,11,85.6,matthew.gonzalez@company.com,(332) 480-5050,Active
EMP015958,Matthew,Taylor,Matthew Taylor,41,Legal,Lead,Seattle,78826.35,14371.76,2024-01-29,12,77.7,matthew.taylor@company.com,(842) 483-9875,Inactive
EMP015959,Jessica,Martin,Jessica Martin,41,IT,Specialist,Seattle,132602.29,3151.52,2024-03-29,13,79.7,jessica.martin@company.com,(737) 906-3775,Active
EMP015960,Christopher,Anderson,Christopher Anderson,60,Engineering,Associate,Miami,109997.32,5129.15,2020-03-05,33,72.8,christopher.anderson@company.com,(918) 357-3123,Active
EMP015961,Melissa,Smith,Melissa Smith,64,Sales,Director,Seattle,90721.08,8988.31,2020-09-22,35,91.6,melissa.smith@company.com,(757) 722-7445,Active
EMP015962,Ashley,Moore,Ashley Moore,30,Sales,Director,New York,69630.39,8313.75,2022-03-30,7,73.3,ashley.moore@company.com,(416) 515-6617,Active
EMP015963,Jane,Garcia,Jane Garcia,25,Legal,Analyst,Austin,99286.76,14880.75,2021-02-01,3,83.2,jane.garcia@company.com,(761) 957-9768,Active
EMP015964,Amanda,Brown,Amanda Brown,30,Operations,Senior Developer,Los Angeles,82225.57,14199.37,2024-12-22,4,70.2,amanda.brown@company.com,(775) 741-3792,Active
EMP015965,Stephanie,Hernandez,Stephanie Hernandez,35,Marketing,Analyst,Boston,67818.22,3111.1,2023-12-01,10,62.7,stephanie.hernandez@company.com,(756) 649-3547,Active
EMP015966,David,Jones,David Jones,51,Legal,Associate,Seattle,107655.19,13695.05,2022-12-25,28,74.9,david.jones@company.com,(922) 429-2205,Active
EMP015967,Matthew,Jackson,Matthew Jackson,45,Finance,Director,New York,108479.74,18372.1,2022-11-18,19,82.5,matthew.jackson@company.com,(281) 544-7006,Active
EMP015968,Anthony,Hernandez,Anthony Hernandez,41,Legal,Associate,Chicago,37500.0,7236.05,2024-06-22,16,69.0,anthony.hernandez@company.com,(525) 479-1501,Active
EMP015969,John,Jones,John Jones,30,Sales,Coordinator,Boston,81423.5,807.63,2022-06-22,4,74.7,john.jones@company.com,(728) 677-5847,Active
EMP015970,Michael,Gonzalez,Michael Gonzalez,46,Engineering,Senior Developer,Seattle,83843.38,3771.1,2021-05-02,22,67.3,michael.gonzalez@company.com,(343) 987-6735,Active
EMP015971,Jane,Brown,Jane Brown,46,HR,Associate,San Francisco,65492.05,9856.2,2021-09-24,21,76.8,jane.brown@company.com,(844) 847-3619,Active
EMP015972,Jane,Johnson,Jane Johnson,28,Engineering,Lead,New York,89982.8,7112.33,2020-07-28,0,77.2,jane.johnson@company.com,(730) 598-7371,Active
EMP015973,Anthony,Lopez,Anthony Lopez,25,Finance,Manager,Seattle,70874.61,4937.06,2020-11-28,3,68.8,anthony.lopez@company.com,(923) 960-7092,Active
EMP015974,Robert,Miller,Robert Miller,62,Marketing,Lead,Austin,105334.97,14671.97,2024-07-29,34,88.3,robert.miller@company.com,(310) 722-4494,Active
EMP015975,Nicole,Jackson,Nicole Jackson,61,Sales,Specialist,Los Angeles,79702.59,6715.88,2022-11-27,35,86.8,nicole.jackson@company.com,(367) 435-5804,Active
EMP015976,Stephanie,Brown,Stephanie Brown,36,Legal,Director,Los Angeles,70285.25,10977.49,2023-02-25,8,71.9,stephanie.brown@company.com,(600) 714-2965,Active
EMP015977,Anthony,Smith,Anthony Smith,23,Sales,Director,Boston,59065.34,7255.24,2023-02-17,0,64.7,anthony.smith@company.com,(959) 620-1740,Active
EMP015978,Christopher,Gonzalez,Christopher Gonzalez,51,Sales,Associate,Chicago,63025.05,4968.12,2024-02-19,27,88.7,christopher.gonzalez@company.com,(837) 502-5149,Active
EMP015979,Jessica,Martin,Jessica Martin,37,Sales,Associate,Chicago,61784.49,6061.43,2023-06-01,9,83.5,jessica.martin@company.com,(212) 723-2531,Active
EMP015980,William,Moore,William Moore,45,Sales,Specialist,Chicago,48846.75,6236.88,2021-09-23,18,63.9,william.moore@company.com,(784) 354-6127,Active
EMP015981,Michael,Hernandez,Michael Hernandez,62,Finance,Director,Seattle,79538.36,9695.75,2023-06-15,35,57.8,michael.hernandez@company.com,(953) 517-5348,Active
EMP015982,Amanda,Miller,Amanda Miller,55,Operations,Associate,New York,70555.38,9476.12,2023-02-02,31,65.4,amanda.miller@company.com,(808) 931-7799,Active
EMP015983,Sarah,Gonzalez,Sarah Gonzalez,59,Operations,Lead,San Francisco,78611.6,3568.67,2023-12-07,33,67.4,sarah.gonzalez@company.com,(583) 616-1288,Active
EMP015984,James,Davis,James Davis,60,IT,Senior Developer,Chicago,110902.42,8126.47,2024-03-23,34,67.0,james.davis@company.com,(995) 847-5989,Active
EMP015985,Robert,Davis,Robert Davis,41,Finance,Senior Developer,Los Angeles,85028.94,13007.94,2020-05-06,15,79.2,robert.davis@company.com,(670) 836-4882,Active
EMP015986,William,Brown,William Brown,39,Operations,Analyst,Seattle,45489.6,9680.67,2023-11-09,10,100.0,william.brown@company.com,(822) 547-2787,Active
EMP015987,John,Brown,John Brown,57,Finance,Associate,Seattle,102624.93,13859.57,2024-06-16,32,60.9,john.brown@company.com,(988) 551-3575,On Leave
EMP015988,David,Moore,David Moore,25,Sales,Specialist,Austin,45222.29,5975.91,2022-02-04,1,72.8,david.moore@company.com,(398) 407-8218,Active
EMP015989,Emily,Jones,Emily Jones,26,HR,Manager,Miami,57835.29,7801.35,2024-03-21,3,58.9,emily.jones@company.com,(478) 892-3541,Inactive
EMP015990,Jessica,Martin,Jessica Martin,42,Sales,Analyst,Miami,57147.73,6489.61,2024-07-10,18,60.7,jessica.martin@company.com,(394) 955-2298,Active
EMP015991,Lisa,Rodriguez,Lisa Rodriguez,58,Operations,Analyst,Los Angeles,80897.68,13859.61,2022-07-27,31,66.9,lisa.rodriguez@company.com,(372) 297-5188,Active
EMP015992,Sarah,Davis,Sarah Davis,49,HR,Director,Seattle,89392.88,2671.07,2024-09-02,26,70.3,sarah.davis@company.com,(695) 235-9384,Active
EMP015993,Jessica,Martin,Jessica Martin,43,Marketing,Coordinator,Seattle,58070.9,6980.06,2024-06-19,17,63.7,jessica.martin@company.com,(385) 628-1861,Active
EMP015994,Michael,Williams,Michael Williams,35,Finance,Senior Developer,Austin,79306.02,2256.98,2020-03-18,7,67.2,michael.williams@company.com,(948) 347-5057,Active
EMP015995,Robert,Johnson,Robert Johnson,28,Marketing,Director,Miami,80498.87,0.0,2021-09-20,1,50.5,robert.johnson@company.com,(806) 675-2472,Inactive
EMP015996,William,Hernandez,William Hernandez,35,Operations,Coordinator,Miami,75860.67,10481.09,2020-06-07,7,92.3,william.hernandez@company.com,(706) 733-9023,Active
EMP015997,Jane,Williams,Jane Williams,29,IT,Specialist,New York,76759.03,1889.99,2020-06-14,0,55.8,jane.williams@company.com,(478) 497-1688,Active
EMP015998,Robert,Garcia,Robert Garcia,63,IT,Senior Developer,Chicago,88402.33,10903.95,2020-10-24,36,92.2,robert.garcia@company.com,(262) 415-4591,Active
EMP015999,Robert,Johnson,Robert Johnson,58,Marketing,Senior Developer,New York,82467.41,16160.29,2022-12-20,35,63.1,robert.johnson@company.com,(306) 860-4122,Inactive
EMP016000,Emily,Williams,Emily Williams,26,Engineering,Lead,New York,57698.67,3720.57,2023-04-04,2,49.9,emily.williams@company.com,(884) 878-5467,Active
EMP016001,Jane,Moore,Jane Moore,30,Legal,Lead,New York,84342.6,5951.14,2023-04-16,1,77.9,jane.moore@company.com,(733) 819-3928,Active
EMP016002,Robert,Thomas,Robert Thomas,49,IT,Manager,New York,102221.36,13748.06,2021-06-09,26,55.8,robert.thomas@company.com,(602) 986-3629,Active
EMP016003,Jessica,Garcia,Jessica Garcia,58,IT,Director,Los Angeles,76772.08,5470.23,2024-08-15,33,73.7,jessica.garcia@company.com,(414) 568-2717,Active
EMP016004,John,Gonzalez,John Gonzalez,32,Finance,Coordinator,Miami,90933.58,13023.39,2024-09-29,3,98.8,john.gonzalez@company.com,(563) 339-1783,Active
EMP016005,Melissa,Jones,Melissa Jones,40,Legal,Associate,San Francisco,94101.29,6756.65,2022-11-09,15,71.7,melissa.jones@company.com,(742) 931-8148,Active
EMP016006,Jane,Thomas,Jane Thomas,40,Operations,Associate,New York,50776.86,3601.67,2021-09-02,12,78.6,jane.thomas@company.com,(475) 642-7939,Active
EMP016007,Ashley,Gonzalez,Ashley Gonzalez,26,Legal,Manager,Seattle,74005.61,9165.77,2022-03-19,1,66.9,ashley.gonzalez@company.com,(915) 250-1508,Active
EMP016008,David,Davis,David Davis,46,Engineering,Specialist,Miami,121277.8,807.22,2022-06-14,22,74.2,david.davis@company.com,(851) 734-2540,Active
EMP016009,Ashley,Brown,Ashley Brown,22,Finance,Coordinator,San Francisco,59424.99,3858.73,2020-09-13,0,73.0,ashley.brown@company.com,(529) 661-2080,Inactive
EMP016010,James,Rodriguez,James Rodriguez,26,Finance,Manager,New York,66684.22,9829.48,2024-07-30,0,86.1,james.rodriguez@company.com,(733) 347-2430,Active
EMP016011,Amanda,Anderson,Amanda Anderson,63,HR,Coordinator,Boston,76045.33,9672.69,2021-12-14,41,68.6,amanda.anderson@company.com,(273) 683-5085,Active
EMP016012,Daniel,Jones,Daniel Jones,65,HR,Analyst,Chicago,75744.63,6872.71,2022-10-14,37,100.0,daniel.jones@company.com,(678) 330-2027,Active
EMP016013,Daniel,Moore,Daniel Moore,32,Legal,Lead,Los Angeles,69377.26,8764.26,2022-07-11,9,50.3,daniel.moore@company.com,(817) 971-7681,Active
EMP016014,Ashley,Wilson,Ashley Wilson,65,Operations,Manager,Seattle,49294.38,3456.77,2022-11-05,36,77.4,ashley.wilson@company.com,(672) 959-1882,Active
EMP016015,Jane,Moore,Jane Moore,40,Sales,Director,Austin,53030.89,975.99,2020-09-04,18,57.2,jane.moore@company.com,(941) 669-7982,On Leave
EMP016016,Jane,Johnson,Jane Johnson,65,Finance,Analyst,Miami,82769.14,3363.21,2024-08-16,39,77.9,jane.johnson@company.com,(259) 397-8910,Active
EMP016017,Nicole,Rodriguez,Nicole Rodriguez,60,HR,Associate,Miami,98758.88,10750.53,2024-07-18,35,81.7,nicole.rodriguez@company.com,(792) 616-9006,Active
EMP016018,John,Williams,John Williams,55,Operations,Coordinator,Austin,53486.24,5249.98,2024-10-07,27,86.3,john.williams@company.com,(305) 439-6878,Active
EMP016019,William,Thomas,William Thomas,53,IT,Lead,New York,106126.36,14393.04,2021-01-13,31,94.5,william.thomas@company.com,(982) 263-7544,Active
EMP016020,Sarah,Miller,Sarah Miller,56,Sales,Coordinator,Los Angeles,76164.23,9317.79,2023-05-23,32,87.0,sarah.miller@company.com,(535) 436-1892,Inactive
EMP016021,Lisa,Hernandez,Lisa Hernandez,39,HR,Analyst,Boston,59214.37,0.0,2022-02-14,16,72.7,lisa.hernandez@company.com,(621) 236-8808,Active
EMP016022,Jessica,Lopez,Jessica Lopez,63,Engineering,Director,Los Angeles,83741.96,9876.24,2020-08-16,39,97.5,jessica.lopez@company.com,(432) 382-3173,Active
EMP016023,Stephanie,Rodriguez,Stephanie Rodriguez,42,Finance,Manager,New York,98615.83,8593.05,2021-07-12,15,54.8,stephanie.rodriguez@company.com,(442) 788-9570,Active
EMP016024,Ashley,Anderson,Ashley Anderson,23,Sales,Analyst,San Francisco,59398.1,2715.42,2021-08-24,0,71.6,ashley.anderson@company.com,(757) 572-3132,Active
EMP016025,Anthony,Martinez,Anthony Martinez,65,Engineering,Analyst,Chicago,130096.12,19402.58,2022-02-18,36,75.9,anthony.martinez@company.com,(839) 915-9290,Active
EMP016026,Emily,Moore,Emily Moore,22,Sales,Associate,San Francisco,73649.63,7555.81,2024-06-25,0,91.8,emily.moore@company.com,(745) 304-8403,Active
EMP016027,James,Taylor,James Taylor,23,Legal,Lead,Austin,105326.24,6523.58,2023-02-20,0,78.5,james.taylor@company.com,(303) 494-9657,Active
EMP016028,James,Gonzalez,James Gonzalez,46,Operations,Associate,Miami,59616.38,3392.82,2020-11-24,20,83.7,james.gonzalez@company.com,(714) 476-6671,Active
EMP016029,Christopher,Hernandez,Christopher Hernandez,64,Operations,Lead,Seattle,74222.49,5449.57,2022-09-21,40,75.6,christopher.hernandez@company.com,(848) 555-6510,Active
EMP016030,Christopher,Garcia,Christopher Garcia,37,IT,Specialist,San Francisco,69996.13,7284.18,2024-07-09,13,73.7,christopher.garcia@company.com,(245) 504-5989,Active
EMP016031,James,Smith,James Smith,48,Marketing,Coordinator,San Francisco,52168.33,6159.05,2024-12-26,23,71.7,james.smith@company.com,(461) 544-1749,Active
EMP016032,Jane,Moore,Jane Moore,46,Marketing,Director,Austin,40787.34,8648.83,2024-11-18,23,57.7,jane.moore@company.com,(304) 910-8906,Active
EMP016033,Amanda,Williams,Amanda Williams,49,Engineering,Manager,Los Angeles,97819.24,10666.0,2021-02-23,21,72.9,amanda.williams@company.com,(428) 312-6416,Active
EMP016034,Matthew,Garcia,Matthew Garcia,41,Engineering,Manager,San Francisco,97623.41,11145.58,2023-11-01,16,57.7,matthew.garcia@company.com,(529) 548-5180,Active
EMP016035,William,Thomas,William Thomas,30,Sales,Senior Developer,Miami,64333.36,9551.79,2021-07-05,2,96.7,william.thomas@company.com,(650) 459-3486,Active
EMP016036,Amanda,Gonzalez,Amanda Gonzalez,61,Engineering,Manager,New York,98339.51,20464.48,2023-03-05,36,100.0,amanda.gonzalez@company.com,(291) 931-4900,Active
EMP016037,Emily,Lopez,Emily Lopez,48,IT,Senior Developer,Seattle,72192.66,3880.43,2021-04-23,20,50.2,emily.lopez@company.com,(628) 810-8680,Active
EMP016038,Emily,Lopez,Emily Lopez,26,Finance,Manager,Los Angeles,74996.01,4521.76,2021-07-29,4,100.0,emily.lopez@company.com,(293) 233-2782,Active
EMP016039,Daniel,Thomas,Daniel Thomas,28,Legal,Analyst,Miami,56227.33,5612.91,2024-02-13,6,83.4,daniel.thomas@company.com,(822) 605-4714,Active
EMP016040,Michael,Gonzalez,Michael Gonzalez,38,Marketing,Lead,Los Angeles,58138.76,2395.39,2021-01-02,14,79.0,michael.gonzalez@company.com,(496) 678-4230,Active
EMP016041,James,Brown,James Brown,55,Finance,Lead,New York,58987.95,3249.31,2024-06-23,26,76.1,james.brown@company.com,(681) 330-7830,Active
EMP016042,Sarah,Williams,Sarah Williams,62,Finance,Manager,Los Angeles,105339.87,15859.7,2022-02-01,34,83.4,sarah.williams@company.com,(708) 633-4407,Active
EMP016043,William,Martin,William Martin,56,Engineering,Associate,San Francisco,114981.97,5419.68,2020-12-01,31,66.0,william.martin@company.com,(641) 732-9769,Active
EMP016044,Matthew,Wilson,Matthew Wilson,65,Operations,Senior Developer,Los Angeles,59499.48,8458.79,2020-12-12,40,69.9,matthew.wilson@company.com,(423) 781-5512,Active
EMP016045,Sarah,Thomas,Sarah Thomas,54,Marketing,Specialist,San Francisco,91389.55,958.11,2024-11-01,30,74.8,sarah.thomas@company.com,(506) 761-7802,Active
EMP016046,Matthew,Davis,Matthew Davis,39,Legal,Specialist,New York,73983.73,8531.53,2023-10-12,11,63.2,matthew.davis@company.com,(450) 232-5910,Active
EMP016047,Amanda,Brown,Amanda Brown,55,IT,Specialist,New York,132331.49,3274.78,2023-01-10,26,44.4,amanda.brown@company.com,(630) 389-9203,Active
EMP016048,Anthony,Moore,Anthony Moore,52,IT,Senior Developer,San Francisco,90058.96,9624.44,2020-03-28,26,55.2,anthony.moore@company.com,(653) 629-8137,Active
EMP016049,Jane,Williams,Jane Williams,25,IT,Senior Developer,San Francisco,81488.59,14117.4,2024-05-22,0,67.0,jane.williams@company.com,(948) 814-5959,Active
EMP016050,Sarah,Martinez,Sarah Martinez,28,Operations,Senior Developer,Los Angeles,52463.54,9652.4,2022-10-13,0,54.5,sarah.martinez@company.com,(351) 376-2607,Active
EMP016051,Matthew,Williams,Matthew Williams,31,Engineering,Director,San Francisco,75257.92,7900.91,2023-09-19,7,79.9,matthew.williams@company.com,(849) 634-8064,Active
EMP016052,Daniel,Anderson,Daniel Anderson,51,HR,Manager,Los Angeles,76244.75,6303.92,2020-02-21,23,100.0,daniel.anderson@company.com,(280) 376-3811,Active
EMP016053,Michael,Garcia,Michael Garcia,42,Engineering,Lead,Austin,102064.91,1817.4,2021-12-15,19,81.8,michael.garcia@company.com,(668) 287-7152,Active
EMP016054,Robert,Brown,Robert Brown,33,Marketing,Associate,Austin,66003.72,6155.23,2021-04-20,4,77.9,robert.brown@company.com,(767) 307-4469,Active
EMP016055,Nicole,Rodriguez,Nicole Rodriguez,39,Finance,Senior Developer,Seattle,122971.81,12648.84,2021-04-14,13,47.5,nicole.rodriguez@company.com,(726) 377-5441,Active
EMP016056,Robert,Garcia,Robert Garcia,50,Legal,Analyst,San Francisco,66463.32,8569.53,2024-08-03,25,88.1,robert.garcia@company.com,(822) 984-6589,Active
EMP016057,Stephanie,Brown,Stephanie Brown,31,Finance,Manager,New York,61157.57,1721.43,2023-07-31,5,65.4,stephanie.brown@company.com,(953) 588-8516,Active
EMP016058,Sarah,Hernandez,Sarah Hernandez,64,HR,Specialist,Chicago,91734.27,7773.68,2021-02-07,37,92.2,sarah.hernandez@company.com,(814) 804-1311,Active
EMP016059,Matthew,Hernandez,Matthew Hernandez,43,Sales,Lead,Seattle,81522.25,15827.34,2020-10-17,14,96.8,matthew.hernandez@company.com,(662) 614-5087,Active
EMP016060,Emily,Martin,Emily Martin,61,Operations,Lead,Austin,65776.26,3933.93,2023-08-09,37,75.1,emily.martin@company.com,(837) 815-7634,Active
EMP016061,Daniel,Martin,Daniel Martin,37,Finance,Associate,Chicago,58277.11,7118.18,2020-09-20,15,54.3,daniel.martin@company.com,(460) 735-1543,Active
EMP016062,Christopher,Moore,Christopher Moore,48,Legal,Lead,Los Angeles,122200.61,13291.31,2024-04-05,26,100.0,christopher.moore@company.com,(969) 486-6582,Active
EMP016063,James,Garcia,James Garcia,33,Operations,Senior Developer,Miami,51810.85,5102.35,2020-09-07,10,50.1,james.garcia@company.com,(550) 364-8224,Active
EMP016064,Robert,Thomas,Robert Thomas,60,Marketing,Analyst,Seattle,69777.02,4111.49,2024-12-16,36,44.9,robert.thomas@company.com,(785) 516-3135,Active
EMP016065,John,Taylor,John Taylor,23,Operations,Lead,Austin,84401.1,10762.13,2023-08-24,0,97.6,john.taylor@company.com,(606) 270-4911,Active
EMP016066,Daniel,Taylor,Daniel Taylor,42,Marketing,Specialist,Boston,78110.21,4458.56,2021-01-02,17,66.8,daniel.taylor@company.com,(943) 400-6020,Active
EMP016067,Daniel,Wilson,Daniel Wilson,48,Marketing,Associate,Chicago,82394.48,10369.02,2021-12-30,24,97.2,daniel.wilson@company.com,(216) 800-6671,Active
EMP016068,Stephanie,Hernandez,Stephanie Hernandez,25,Engineering,Coordinator,San Francisco,89340.55,2741.72,2021-04-20,0,69.5,stephanie.hernandez@company.com,(861) 316-8908,Active
EMP016069,Lisa,Johnson,Lisa Johnson,47,Sales,Senior Developer,Seattle,65785.57,9567.6,2021-08-28,25,93.7,lisa.johnson@company.com,(900) 980-9986,Active
EMP016070,Robert,Moore,Robert Moore,48,Sales,Coordinator,New York,80483.5,6107.84,2024-11-15,22,83.6,robert.moore@company.com,(641) 349-4968,Active
EMP016071,Sarah,Johnson,Sarah Johnson,33,Legal,Coordinator,Seattle,74233.8,11956.32,2023-11-05,11,53.1,sarah.johnson@company.com,(983) 377-3001,On Leave
EMP016072,Amanda,Anderson,Amanda Anderson,48,IT,Director,Boston,72870.61,5885.7,2020-03-08,26,67.9,amanda.anderson@company.com,(678) 591-8228,On Leave
EMP016073,Lisa,Martin,Lisa Martin,37,Legal,Coordinator,Boston,68962.58,4540.68,2023-06-18,12,53.3,lisa.martin@company.com,(921) 409-4449,Inactive
EMP016074,Lisa,Jones,Lisa Jones,60,IT,Lead,Chicago,122100.57,15692.07,2023-07-03,35,100.0,lisa.jones@company.com,(828) 439-7529,Active
EMP016075,James,Lopez,James Lopez,60,Sales,Lead,Austin,89750.04,6883.81,2023-09-07,31,66.6,james.lopez@company.com,(810) 650-7539,Active
EMP016076,Amanda,Smith,Amanda Smith,65,Marketing,Senior Developer,Seattle,97393.19,10049.49,2023-02-18,38,82.3,amanda.smith@company.com,(535) 290-3433,Active
EMP016077,John,Garcia,John Garcia,50,IT,Manager,New York,96019.34,13039.95,2022-01-22,21,38.2,john.garcia@company.com,(963) 408-3988,Active
EMP016078,James,Thomas,James Thomas,60,Finance,Senior Developer,Boston,90917.37,1996.07,2022-04-10,33,66.7,james.thomas@company.com,(814) 489-6127,Active
EMP016079,Lisa,Brown,Lisa Brown,53,IT,Director,Chicago,118476.19,8771.61,2021-06-22,28,92.4,lisa.brown@company.com,(455) 328-3044,Active
EMP016080,Melissa,Rodriguez,Melissa Rodriguez,51,Marketing,Coordinator,Los Angeles,81013.23,2121.33,2023-10-25,27,68.8,melissa.rodriguez@company.com,(948) 578-6623,Active
EMP016081,Matthew,Thomas,Matthew Thomas,22,Finance,Manager,Los Angeles,58152.57,10274.97,2021-03-12,0,57.0,matthew.thomas@company.com,(515) 937-6780,Active
EMP016082,William,Hernandez,William Hernandez,49,Legal,Director,Austin,101324.29,13056.71,2022-02-20,23,66.1,william.hernandez@company.com,(656) 654-8039,Active
EMP016083,Christopher,Miller,Christopher Miller,61,HR,Coordinator,Seattle,72178.03,10008.45,2021-01-06,39,70.4,christopher.miller@company.com,(999) 957-1095,Active
EMP016084,David,Wilson,David Wilson,33,Engineering,Coordinator,San Francisco,69628.15,891.42,2022-09-15,7,70.1,david.wilson@company.com,(353) 438-4914,Active
EMP016085,John,Brown,John Brown,47,HR,Manager,Seattle,90773.41,6837.85,2020-05-24,18,92.5,john.brown@company.com,(276) 577-2771,Active
EMP016086,Michael,Wilson,Michael Wilson,63,Finance,Senior Developer,Los Angeles,84201.71,9239.53,2021-02-04,34,86.5,michael.wilson@company.com,(456) 512-8439,Active
EMP016087,Sarah,Lopez,Sarah Lopez,24,Engineering,Specialist,Los Angeles,53455.0,7376.06,2020-04-01,0,79.1,sarah.lopez@company.com,(661) 482-2693,Active
EMP016088,Amanda,Martinez,Amanda Martinez,56,Legal,Analyst,Boston,103138.14,7411.52,2024-12-21,28,72.3,amanda.martinez@company.com,(549) 886-2238,Active
EMP016089,Michael,Anderson,Michael Anderson,61,Sales,Senior Developer,New York,99654.65,14597.75,2020-11-06,38,76.9,michael.anderson@company.com,(387) 520-3368,Active
EMP016090,Michael,Davis,Michael Davis,52,IT,Senior Developer,New York,80064.72,9934.7,2023-11-04,25,35.0,michael.davis@company.com,(460) 876-6999,Active
EMP016091,Emily,Anderson,Emily Anderson,23,IT,Manager,Seattle,76728.44,5658.41,2024-08-24,0,71.0,emily.anderson@company.com,(244) 965-8024,Active
EMP016092,John,Hernandez,John Hernandez,30,Engineering,Lead,Boston,62516.17,13378.91,2022-03-29,7,44.3,john.hernandez@company.com,(275) 224-7851,Active
EMP016093,Amanda,Smith,Amanda Smith,22,Legal,Manager,Los Angeles,122119.79,18763.92,2023-06-25,0,75.4,amanda.smith@company.com,(444) 586-8599,Active
EMP016094,Robert,Davis,Robert Davis,48,HR,Specialist,Los Angeles,69649.41,8007.96,2024-08-08,23,66.7,robert.davis@company.com,(375) 464-7094,Active
EMP016095,Anthony,Garcia,Anthony Garcia,26,HR,Coordinator,Austin,59026.41,6824.96,2022-12-19,0,51.2,anthony.garcia@company.com,(248) 620-1671,Active
EMP016096,Anthony,Davis,Anthony Davis,33,Operations,Director,Chicago,62814.48,17258.63,2024-11-05,7,61.3,anthony.davis@company.com,(926) 498-5620,Active
EMP016097,Nicole,Martinez,Nicole Martinez,37,Engineering,Senior Developer,Austin,122833.65,0.0,2022-08-19,9,100.0,nicole.martinez@company.com,(575) 578-3853,On Leave
EMP016098,Lisa,Miller,Lisa Miller,38,IT,Senior Developer,Chicago,106385.04,12303.89,2023-02-13,15,86.9,lisa.miller@company.com,(831) 754-5733,Active
EMP016099,James,Smith,James Smith,32,Finance,Specialist,Austin,93946.55,9588.51,2021-10-17,9,57.9,james.smith@company.com,(211) 998-8715,Inactive
EMP016100,James,Jackson,James Jackson,63,Engineering,Specialist,Chicago,112577.07,15412.17,2021-09-23,38,74.2,james.jackson@company.com,(771) 477-4111,Active
EMP016101,Daniel,Brown,Daniel Brown,31,IT,Manager,Boston,92181.15,6811.98,2023-06-17,2,64.6,daniel.brown@company.com,(503) 778-4961,On Leave
EMP016102,Lisa,Rodriguez,Lisa Rodriguez,41,Engineering,Lead,Los Angeles,73607.06,16062.1,2024-03-06,14,80.0,lisa.rodriguez@company.com,(952) 811-4364,Active
EMP016103,Ashley,Lopez,Ashley Lopez,34,Legal,Coordinator,Austin,110094.99,16623.82,2022-10-23,10,98.9,ashley.lopez@company.com,(727) 510-8323,Active
EMP016104,Melissa,Davis,Melissa Davis,22,IT,Analyst,Seattle,49400.28,5429.31,2021-11-29,0,66.2,melissa.davis@company.com,(837) 862-5925,Active
EMP016105,Ashley,Moore,Ashley Moore,45,Finance,Coordinator,Los Angeles,104494.26,3119.1,2024-02-07,16,57.5,ashley.moore@company.com,(209) 398-7086,Active
EMP016106,Anthony,Gonzalez,Anthony Gonzalez,63,Sales,Senior Developer,Miami,134161.37,15260.32,2022-10-12,40,54.3,anthony.gonzalez@company.com,(435) 450-7888,Active
EMP016107,Daniel,Rodriguez,Daniel Rodriguez,30,Legal,Analyst,Seattle,90970.69,9167.08,2021-01-12,2,71.5,daniel.rodriguez@company.com,(539) 988-5309,Active
EMP016108,Jessica,Lopez,Jessica Lopez,35,Legal,Specialist,Miami,79177.01,3843.86,2024-09-29,9,100.0,jessica.lopez@company.com,(575) 453-8240,Inactive
EMP016109,Matthew,Gonzalez,Matthew Gonzalez,60,Finance,Senior Developer,Chicago,109161.29,15442.39,2023-04-23,32,84.7,matthew.gonzalez@company.com,(263) 804-2120,Active
EMP016110,Jessica,Hernandez,Jessica Hernandez,63,HR,Coordinator,Los Angeles,94856.81,13652.81,2022-06-23,36,78.8,jessica.hernandez@company.com,(821) 983-1593,Inactive
EMP016111,Lisa,Williams,Lisa Williams,45,IT,Coordinator,New York,74093.3,4789.41,2022-05-02,19,69.5,lisa.williams@company.com,(300) 824-6006,Active
EMP016112,Lisa,Lopez,Lisa Lopez,65,Sales,Lead,New York,113163.88,5845.9,2023-03-29,42,96.7,lisa.lopez@company.com,(276) 576-9525,Active
EMP016113,John,Martin,John Martin,37,HR,Coordinator,Boston,75663.72,11880.52,2021-03-06,15,76.8,john.martin@company.com,(742) 295-7236,Active
EMP016114,Emily,Anderson,Emily Anderson,48,Legal,Senior Developer,Chicago,119377.71,9897.7,2024-10-06,24,80.3,emily.anderson@company.com,(538) 676-8298,Active
EMP016115,Anthony,Moore,Anthony Moore,65,Sales,Specialist,New York,101834.78,4220.76,2023-09-03,41,56.6,anthony.moore@company.com,(756) 744-8526,Active
EMP016116,Anthony,Taylor,Anthony Taylor,57,Legal,Coordinator,New York,114656.77,9451.66,2024-06-23,31,72.4,anthony.taylor@company.com,(359) 764-7461,Active
EMP016117,Ashley,Gonzalez,Ashley Gonzalez,64,Finance,Associate,San Francisco,106958.52,11155.99,2023-05-10,37,80.8,ashley.gonzalez@company.com,(283) 608-3689,Active
EMP016118,Amanda,Rodriguez,Amanda Rodriguez,27,HR,Manager,Los Angeles,27000.0,2210.92,2022-03-17,0,80.1,amanda.rodriguez@company.com,(754) 452-9141,Active
EMP016119,Lisa,Taylor,Lisa Taylor,36,HR,Coordinator,Miami,48958.23,4469.67,2022-01-16,10,86.4,lisa.taylor@company.com,(390) 244-7780,Active
EMP016120,Robert,Wilson,Robert Wilson,49,Operations,Associate,San Francisco,63214.62,5602.44,2023-04-06,25,95.4,robert.wilson@company.com,(307) 211-8979,Active
EMP016121,David,Lopez,David Lopez,50,Operations,Analyst,Chicago,60898.61,6733.13,2021-01-24,27,72.3,david.lopez@company.com,(862) 795-8741,Active
EMP016122,Sarah,Taylor,Sarah Taylor,45,Legal,Senior Developer,San Francisco,143226.54,11732.84,2020-05-26,19,60.3,sarah.taylor@company.com,(921) 624-7286,Active
EMP016123,Stephanie,Moore,Stephanie Moore,32,Legal,Specialist,New York,79925.44,4977.63,2020-03-01,8,100.0,stephanie.moore@company.com,(451) 208-7400,Active
EMP016124,John,Rodriguez,John Rodriguez,33,Marketing,Analyst,San Francisco,72518.17,6098.02,2024-11-02,11,82.3,john.rodriguez@company.com,(257) 528-8598,Active
EMP016125,John,Thomas,John Thomas,37,Operations,Manager,New York,33037.97,1726.91,2023-01-23,14,88.5,john.thomas@company.com,(480) 365-7591,Active
EMP016126,Nicole,Davis,Nicole Davis,54,Marketing,Analyst,Austin,91704.22,6034.18,2022-03-27,27,83.4,nicole.davis@company.com,(204) 231-8527,Active
EMP016127,Matthew,Williams,Matthew Williams,46,Engineering,Specialist,Miami,84186.61,5326.14,2022-04-18,23,90.8,matthew.williams@company.com,(856) 863-5062,Inactive
EMP016128,Jessica,Garcia,Jessica Garcia,24,Finance,Specialist,Seattle,55125.48,6903.31,2023-06-11,0,74.0,jessica.garcia@company.com,(820) 954-1552,Active
EMP016129,William,Davis,William Davis,27,HR,Lead,Boston,59382.09,8083.87,2024-06-19,0,100.0,william.davis@company.com,(589) 448-3287,Active
EMP016130,Lisa,Martinez,Lisa Martinez,25,HR,Associate,San Francisco,54774.31,3605.35,2022-03-27,0,70.5,lisa.martinez@company.com,(607) 352-2744,Active
EMP016131,Ashley,Rodriguez,Ashley Rodriguez,56,Sales,Specialist,Chicago,84049.03,2119.74,2021-06-13,30,73.5,ashley.rodriguez@company.com,(855) 810-7174,Inactive
EMP016132,Christopher,Rodriguez,Christopher Rodriguez,27,IT,Coordinator,Chicago,75439.92,9902.94,2023-06-06,5,82.6,christopher.rodriguez@company.com,(786) 618-4360,Active
EMP016133,James,Anderson,James Anderson,61,IT,Lead,Chicago,110114.29,9246.35,2024-12-08,37,74.0,james.anderson@company.com,(760) 900-7643,Active
EMP016134,Daniel,Taylor,Daniel Taylor,47,Operations,Senior Developer,San Francisco,54052.91,8047.84,2024-04-06,20,53.1,daniel.taylor@company.com,(802) 554-6546,Active
EMP016135,Matthew,Gonzalez,Matthew Gonzalez,46,Engineering,Director,Chicago,89168.18,15619.09,2023-09-14,18,59.3,matthew.gonzalez@company.com,(236) 391-3069,Active
EMP016136,Anthony,Anderson,Anthony Anderson,25,Operations,Senior Developer,Los Angeles,73667.95,6849.99,2020-10-14,0,93.3,anthony.anderson@company.com,(783) 754-8349,Active
EMP016137,Robert,Smith,Robert Smith,50,Sales,Associate,Chicago,62270.49,5141.61,2024-08-23,28,66.3,robert.smith@company.com,(419) 568-4857,Active
EMP016138,Sarah,Johnson,Sarah Johnson,65,Finance,Senior Developer,Boston,113273.63,3863.65,2021-04-13,39,87.8,sarah.johnson@company.com,(681) 717-7190,Active
EMP016139,Ashley,Anderson,Ashley Anderson,23,Finance,Director,Chicago,72179.59,3797.12,2022-12-29,1,74.3,ashley.anderson@company.com,(622) 332-6015,Active
EMP016140,Anthony,Williams,Anthony Williams,34,Sales,Senior Developer,Austin,91188.2,14884.47,2023-02-20,6,73.6,anthony.williams@company.com,(212) 318-1696,On Leave
EMP016141,John,Lopez,John Lopez,59,Finance,Coordinator,Miami,100141.13,18937.98,2021-07-18,31,92.8,john.lopez@company.com,(385) 876-6743,Active
EMP016142,Christopher,Davis,Christopher Davis,42,Engineering,Coordinator,New York,92511.6,10816.8,2022-04-05,18,55.7,christopher.davis@company.com,(597) 560-6287,Inactive
EMP016143,Matthew,Martinez,Matthew Martinez,58,Marketing,Lead,New York,80317.95,14475.88,2022-10-09,36,80.9,matthew.martinez@company.com,(846) 750-2331,On Leave
EMP016144,Amanda,Smith,Amanda Smith,31,Finance,Director,San Francisco,80869.22,5731.44,2022-03-25,5,78.7,amanda.smith@company.com,(742) 303-1664,Active
EMP016145,Sarah,Williams,Sarah Williams,51,Operations,Specialist,San Francisco,62065.15,0.0,2023-08-02,27,62.9,sarah.williams@company.com,(418) 955-4225,Active
EMP016146,Anthony,Smith,Anthony Smith,27,Legal,Specialist,Chicago,75139.49,6355.47,2020-11-27,1,92.5,anthony.smith@company.com,(773) 266-8193,Active
EMP016147,Christopher,Gonzalez,Christopher Gonzalez,33,Legal,Manager,Miami,89554.97,13335.41,2024-12-18,11,63.1,christopher.gonzalez@company.com,(207) 514-5119,Inactive
EMP016148,Ashley,Johnson,Ashley Johnson,57,IT,Coordinator,San Francisco,128785.4,18736.89,2024-01-30,34,100.0,ashley.johnson@company.com,(974) 753-6632,Active
EMP016149,Amanda,Davis,Amanda Davis,53,Engineering,Analyst,New York,120455.19,16762.59,2020-12-10,28,68.5,amanda.davis@company.com,(933) 497-8057,On Leave
EMP016150,Stephanie,Gonzalez,Stephanie Gonzalez,65,Legal,Director,Los Angeles,99786.82,19679.62,2024-04-20,40,80.1,stephanie.gonzalez@company.com,(629) 538-4402,Active
EMP016151,Amanda,Martin,Amanda Martin,60,Finance,Senior Developer,Boston,110118.24,14173.25,2021-07-02,37,84.0,amanda.martin@company.com,(395) 638-3429,Active
EMP016152,Sarah,Anderson,Sarah Anderson,58,IT,Coordinator,Seattle,113365.26,18580.12,2023-04-03,36,77.4,sarah.anderson@company.com,(638) 246-7438,Active
EMP016153,William,Taylor,William Taylor,36,Finance,Manager,Austin,71311.47,10156.95,2024-02-08,10,86.9,william.taylor@company.com,(730) 414-9540,Active
EMP016154,Stephanie,Jackson,Stephanie Jackson,36,Sales,Associate,Chicago,52163.05,3519.98,2023-10-03,14,100.0,stephanie.jackson@company.com,(794) 849-6473,Inactive
EMP016155,Stephanie,Williams,Stephanie Williams,42,Finance,Analyst,Chicago,75824.42,1638.78,2022-06-23,20,85.5,stephanie.williams@company.com,(607) 758-9756,Inactive
EMP016156,Jessica,Garcia,Jessica Garcia,59,Engineering,Associate,Austin,116409.9,24885.71,2023-09-01,32,62.3,jessica.garcia@company.com,(265) 303-6651,Active
EMP016157,Christopher,Jones,Christopher Jones,47,Operations,Coordinator,Los Angeles,46987.33,8201.2,2021-07-19,22,71.0,christopher.jones@company.com,(523) 978-3544,Active
EMP016158,Emily,Martin,Emily Martin,32,Sales,Manager,Los Angeles,71171.59,2957.43,2022-12-07,5,90.0,emily.martin@company.com,(811) 879-9158,Inactive
EMP016159,John,Garcia,John Garcia,26,HR,Lead,Seattle,65253.0,2261.95,2022-03-01,2,76.4,john.garcia@company.com,(672) 241-1705,Active
EMP016160,Sarah,Jackson,Sarah Jackson,58,Sales,Specialist,Miami,89772.04,8331.2,2020-06-08,30,85.5,sarah.jackson@company.com,(858) 362-1148,Active
EMP016161,Michael,Lopez,Michael Lopez,59,Legal,Director,New York,91175.57,9167.97,2024-08-26,36,56.1,michael.lopez@company.com,(986) 636-8947,Active
EMP016162,Emily,Rodriguez,Emily Rodriguez,40,Marketing,Associate,Austin,96123.58,10816.3,2021-05-10,17,91.2,emily.rodriguez@company.com,(772) 354-4118,Active
EMP016163,Daniel,Jackson,Daniel Jackson,61,Legal,Associate,San Francisco,114592.04,19764.23,2024-02-19,35,97.8,daniel.jackson@company.com,(957) 273-1329,Active
EMP016164,David,Hernandez,David Hernandez,58,Operations,Director,Los Angeles,74118.99,8208.78,2024-01-25,30,84.6,david.hernandez@company.com,(983) 509-1912,Active
EMP016165,Emily,Gonzalez,Emily Gonzalez,65,IT,Lead,Boston,102447.87,16830.52,2024-02-17,43,63.7,emily.gonzalez@company.com,(663) 900-4401,Active
EMP016166,Jessica,Thomas,Jessica Thomas,31,Engineering,Senior Developer,Los Angeles,71964.88,2212.21,2022-01-10,2,58.2,jessica.thomas@company.com,(447) 939-9451,Active
EMP016167,Ashley,Garcia,Ashley Garcia,41,HR,Analyst,Los Angeles,75479.95,6000.88,2024-02-10,18,100.0,ashley.garcia@company.com,(602) 832-9880,Inactive
EMP016168,James,Williams,James Williams,23,Operations,Associate,Boston,31517.89,2295.83,2021-12-17,0,71.2,james.williams@company.com,(698) 326-1601,Inactive
EMP016169,Jessica,Lopez,Jessica Lopez,53,Finance,Associate,Austin,105084.87,3615.75,2021-05-06,26,92.9,jessica.lopez@company.com,(550) 469-6331,Inactive
EMP016170,Nicole,Taylor,Nicole Taylor,46,Legal,Analyst,Austin,92376.87,10130.75,2023-09-24,20,81.1,nicole.taylor@company.com,(647) 871-1126,Inactive
EMP016171,Melissa,Moore,Melissa Moore,24,IT,Specialist,Austin,36000.0,6017.31,2021-08-08,0,81.9,melissa.moore@company.com,(527) 542-1989,Active
EMP016172,Emily,Rodriguez,Emily Rodriguez,55,Marketing,Senior Developer,Seattle,57735.04,4404.92,2020-07-19,32,75.3,emily.rodriguez@company.com,(398) 365-3413,Active
EMP016173,Amanda,Lopez,Amanda Lopez,55,HR,Specialist,Boston,68938.46,12291.07,2022-06-12,27,73.6,amanda.lopez@company.com,(878) 972-2098,Inactive
EMP016174,Amanda,Wilson,Amanda Wilson,23,Legal,Lead,Chicago,44893.19,4280.55,2024-01-04,0,72.6,amanda.wilson@company.com,(258) 817-2997,Active
EMP016175,David,Rodriguez,David Rodriguez,28,Legal,Senior Developer,Boston,47612.39,3138.35,2024-12-16,3,69.5,david.rodriguez@company.com,(424) 457-5267,Active
EMP016176,Matthew,Davis,Matthew Davis,63,Engineering,Manager,Miami,136474.8,5563.14,2024-06-21,39,63.2,matthew.davis@company.com,(445) 853-8244,Active
EMP016177,Robert,Martin,Robert Martin,54,Sales,Lead,Boston,72369.6,4028.78,2021-04-15,31,77.2,robert.martin@company.com,(320) 823-6419,Active
EMP016178,Nicole,Lopez,Nicole Lopez,35,IT,Lead,San Francisco,82038.3,3369.41,2024-10-26,8,92.3,nicole.lopez@company.com,(433) 700-9689,Active
EMP016179,Lisa,Gonzalez,Lisa Gonzalez,25,Finance,Senior Developer,Chicago,37647.87,1761.39,2022-06-13,2,35.7,lisa.gonzalez@company.com,(889) 996-1548,Active
EMP016180,Ashley,Taylor,Ashley Taylor,41,Marketing,Associate,Austin,67152.61,7882.74,2020-01-30,12,100.0,ashley.taylor@company.com,(360) 355-4259,Active
EMP016181,Christopher,Johnson,Christopher Johnson,30,Sales,Associate,Los Angeles,85210.08,6762.34,2020-10-08,4,60.9,christopher.johnson@company.com,(220) 936-1156,Active
EMP016182,Lisa,Anderson,Lisa Anderson,38,HR,Specialist,Seattle,53990.94,5335.31,2022-02-12,15,78.9,lisa.anderson@company.com,(613) 876-1609,Active
EMP016183,Lisa,Lopez,Lisa Lopez,59,HR,Lead,San Francisco,76689.92,11934.31,2020-11-24,37,74.3,lisa.lopez@company.com,(715) 928-6589,Inactive
EMP016184,Anthony,Taylor,Anthony Taylor,31,Engineering,Lead,Boston,107868.76,14652.16,2023-04-28,9,75.3,anthony.taylor@company.com,(421) 235-5038,Active
EMP016185,Christopher,Garcia,Christopher Garcia,58,Marketing,Manager,New York,70649.92,7146.13,2024-04-19,30,100.0,christopher.garcia@company.com,(382) 732-9041,Active
EMP016186,Ashley,Smith,Ashley Smith,32,Finance,Manager,Miami,72065.89,8603.06,2022-04-07,6,67.7,ashley.smith@company.com,(544) 697-2671,Active
EMP016187,Christopher,Anderson,Christopher Anderson,57,Finance,Director,Austin,113577.33,2431.67,2022-12-06,34,75.4,christopher.anderson@company.com,(609) 699-6467,Active
EMP016188,Michael,Garcia,Michael Garcia,45,Engineering,Director,Los Angeles,92869.14,5473.06,2021-09-01,16,100.0,michael.garcia@company.com,(824) 810-1483,Active
EMP016189,Emily,Gonzalez,Emily Gonzalez,38,HR,Lead,Boston,60751.83,5739.29,2020-07-04,14,66.6,emily.gonzalez@company.com,(864) 540-1723,Active
EMP016190,Stephanie,Davis,Stephanie Davis,50,Legal,Specialist,San Francisco,101430.12,14983.45,2023-05-29,27,64.4,stephanie.davis@company.com,(817) 685-7643,Active
EMP016191,Matthew,Williams,Matthew Williams,34,Marketing,Director,San Francisco,62313.53,4120.32,2020-02-04,11,60.0,matthew.williams@company.com,(924) 650-2296,Active
EMP016192,Melissa,Taylor,Melissa Taylor,49,HR,Manager,Miami,85614.21,10150.27,2024-08-09,27,87.8,melissa.taylor@company.com,(559) 306-7526,Active
EMP016193,Ashley,Garcia,Ashley Garcia,49,Marketing,Senior Developer,San Francisco,71572.02,1802.24,2020-06-15,24,71.3,ashley.garcia@company.com,(696) 357-9479,Active
EMP016194,Jane,Miller,Jane Miller,30,IT,Coordinator,Miami,74523.5,6986.24,2024-08-10,2,72.9,jane.miller@company.com,(812) 233-5369,Active
EMP016195,Ashley,Anderson,Ashley Anderson,65,Sales,Associate,Seattle,100210.3,4524.44,2022-02-17,42,67.6,ashley.anderson@company.com,(338) 509-4656,Active
EMP016196,William,Rodriguez,William Rodriguez,30,Sales,Manager,Chicago,76742.09,10838.74,2021-03-20,5,84.9,william.rodriguez@company.com,(349) 745-9691,Active
EMP016197,Stephanie,Jones,Stephanie Jones,49,Finance,Specialist,New York,93159.62,9852.06,2024-12-11,25,79.0,stephanie.jones@company.com,(883) 238-2196,Active
EMP016198,Lisa,Hernandez,Lisa Hernandez,40,Marketing,Analyst,New York,91083.94,6191.47,2021-03-11,18,56.3,lisa.hernandez@company.com,(746) 925-2182,Active
EMP016199,James,Hernandez,James Hernandez,58,Sales,Senior Developer,Boston,104537.3,11125.75,2021-12-14,29,88.7,james.hernandez@company.com,(671) 830-9079,Active
EMP016200,John,Anderson,John Anderson,27,Marketing,Senior Developer,Los Angeles,28500.0,2096.64,2020-08-14,2,77.9,john.anderson@company.com,(706) 664-7492,Active
EMP016201,Ashley,Johnson,Ashley Johnson,64,Finance,Lead,Miami,86345.62,4517.77,2021-09-06,42,85.7,ashley.johnson@company.com,(301) 505-8041,On Leave
EMP016202,Ashley,Taylor,Ashley Taylor,47,Operations,Coordinator,San Francisco,76184.78,8393.69,2022-09-02,24,76.9,ashley.taylor@company.com,(928) 313-7678,Active
EMP016203,Anthony,Jackson,Anthony Jackson,65,Sales,Associate,Boston,100342.63,8373.73,2022-01-21,38,76.6,anthony.jackson@company.com,(792) 920-7108,Active
EMP016204,Amanda,Gonzalez,Amanda Gonzalez,43,Sales,Associate,Seattle,103438.05,11764.89,2023-09-25,19,50.7,amanda.gonzalez@company.com,(688) 825-3952,Active
EMP016205,Michael,Martinez,Michael Martinez,29,Engineering,Senior Developer,Boston,42242.23,3339.88,2022-11-26,1,40.0,michael.martinez@company.com,(775) 363-8527,Inactive
EMP016206,Jane,Smith,Jane Smith,31,Engineering,Associate,Austin,94439.93,14364.89,2020-07-13,2,78.4,jane.smith@company.com,(356) 313-3887,Active
EMP016207,Anthony,Taylor,Anthony Taylor,24,Sales,Lead,Los Angeles,45123.13,1328.12,2020-04-15,0,66.6,anthony.taylor@company.com,(560) 284-2526,Active
EMP016208,David,Taylor,David Taylor,41,Legal,Manager,Chicago,90514.51,6943.83,2024-08-04,19,74.4,david.taylor@company.com,(831) 911-6150,On Leave
EMP016209,Anthony,Smith,Anthony Smith,38,Engineering,Manager,Chicago,89075.65,9148.62,2021-09-05,13,65.0,anthony.smith@company.com,(972) 787-3001,Active
EMP016210,Amanda,Thomas,Amanda Thomas,24,Legal,Director,San Francisco,80896.67,13669.01,2023-10-24,0,73.6,amanda.thomas@company.com,(622) 826-8124,Active
EMP016211,Anthony,Miller,Anthony Miller,63,Marketing,Senior Developer,Austin,93413.88,10623.69,2020-12-24,40,82.7,anthony.miller@company.com,(258) 277-1618,Active
EMP016212,William,Anderson,William Anderson,44,Legal,Lead,Seattle,132830.05,19001.87,2023-01-23,19,59.3,william.anderson@company.com,(515) 329-2365,Active
EMP016213,John,Martin,John Martin,60,Legal,Analyst,San Francisco,96164.08,4048.8,2023-09-12,33,95.2,john.martin@company.com,(915) 289-7408,Active
EMP016214,Daniel,Gonzalez,Daniel Gonzalez,30,Sales,Analyst,Los Angeles,70954.15,4683.85,2021-03-11,5,98.8,daniel.gonzalez@company.com,(418) 519-5962,Active
EMP016215,Emily,Hernandez,Emily Hernandez,49,Operations,Specialist,Austin,82412.22,11164.06,2022-04-30,22,85.2,emily.hernandez@company.com,(397) 395-2936,Active
EMP016216,Jessica,Brown,Jessica Brown,28,Marketing,Director,Austin,39415.38,3744.18,2024-12-07,0,72.6,jessica.brown@company.com,(624) 444-7117,Active
EMP016217,Daniel,Taylor,Daniel Taylor,51,Finance,Lead,Miami,76079.86,7621.16,2020-12-08,27,72.0,daniel.taylor@company.com,(545) 778-1758,Active
EMP016218,John,Jones,John Jones,33,Engineering,Lead,San Francisco,105758.38,2728.33,2020-01-21,5,70.9,john.jones@company.com,(917) 729-1650,Active
EMP016219,Jessica,Miller,Jessica Miller,28,Legal,Manager,Los Angeles,86239.78,10125.34,2020-08-28,2,48.7,jessica.miller@company.com,(265) 523-1051,On Leave
EMP016220,Sarah,Wilson,Sarah Wilson,25,Sales,Analyst,New York,60077.75,5144.76,2022-06-13,2,78.7,sarah.wilson@company.com,(724) 896-3694,Inactive
EMP016221,Emily,Williams,Emily Williams,65,Sales,Specialist,Seattle,123293.7,16824.49,2024-02-04,40,55.4,emily.williams@company.com,(972) 934-4773,Active
EMP016222,William,Jones,William Jones,52,Sales,Manager,New York,87163.0,12472.48,2023-10-29,25,69.3,william.jones@company.com,(429) 925-7134,Active
EMP016223,Jessica,Anderson,Jessica Anderson,50,HR,Associate,Chicago,67738.45,9069.93,2020-10-23,25,88.9,jessica.anderson@company.com,(568) 372-9923,Active
EMP016224,John,Martinez,John Martinez,23,Marketing,Associate,Los Angeles,54472.11,1804.64,2024-10-05,0,71.4,john.martinez@company.com,(325) 438-7761,Active
EMP016225,Robert,Lopez,Robert Lopez,41,IT,Coordinator,Austin,73821.15,4445.37,2021-01-29,16,68.9,robert.lopez@company.com,(956) 840-5889,Active
EMP016226,Matthew,Williams,Matthew Williams,48,HR,Director,Seattle,77110.18,3924.92,2021-12-24,25,81.6,matthew.williams@company.com,(202) 981-6110,Active
EMP016227,Christopher,Anderson,Christopher Anderson,44,Operations,Lead,Chicago,66464.26,9082.83,2024-06-10,20,74.8,christopher.anderson@company.com,(287) 387-9876,Active
EMP016228,Melissa,Jones,Melissa Jones,42,Operations,Coordinator,Austin,54627.92,4770.04,2024-09-28,14,78.5,melissa.jones@company.com,(577) 889-5623,Active
EMP016229,Robert,Martin,Robert Martin,65,HR,Lead,Boston,90079.96,6143.03,2021-03-14,39,63.9,robert.martin@company.com,(845) 215-1229,Active
EMP016230,Jessica,Lopez,Jessica Lopez,32,Engineering,Coordinator,Austin,104084.71,7910.52,2024-01-25,6,84.4,jessica.lopez@company.com,(961) 524-6130,Active
EMP016231,Nicole,Moore,Nicole Moore,60,IT,Senior Developer,San Francisco,66621.93,0.0,2023-03-28,38,59.7,nicole.moore@company.com,(901) 994-2997,Active
EMP016232,Jane,Williams,Jane Williams,61,Sales,Manager,Los Angeles,122060.16,15882.63,2023-02-27,36,69.1,jane.williams@company.com,(488) 506-7938,Active
EMP016233,Nicole,Thomas,Nicole Thomas,44,HR,Director,Miami,85206.15,1240.44,2022-09-15,21,78.1,nicole.thomas@company.com,(231) 559-2090,Active
EMP016234,David,Wilson,David Wilson,54,HR,Coordinator,Seattle,69270.8,9036.32,2023-06-26,26,69.1,david.wilson@company.com,(707) 818-1402,Active
EMP016235,Michael,Rodriguez,Michael Rodriguez,51,Finance,Specialist,Seattle,68178.33,4762.78,2021-01-04,29,77.8,michael.rodriguez@company.com,(587) 394-6239,Active
EMP016236,Daniel,Williams,Daniel Williams,30,Finance,Lead,Chicago,74204.95,12997.34,2024-04-04,7,87.6,daniel.williams@company.com,(887) 649-9035,Active
EMP016237,James,Jackson,James Jackson,54,Operations,Coordinator,San Francisco,79282.67,17967.83,2023-05-07,27,69.0,james.jackson@company.com,(294) 397-4051,Active
EMP016238,Amanda,Martin,Amanda Martin,38,Operations,Lead,Austin,76434.76,11386.74,2020-09-27,12,73.0,amanda.martin@company.com,(292) 966-7065,Active
EMP016239,Nicole,Johnson,Nicole Johnson,53,IT,Coordinator,Seattle,68990.31,2255.91,2024-02-25,29,93.7,nicole.johnson@company.com,(823) 201-5856,Active
EMP016240,Michael,Rodriguez,Michael Rodriguez,44,HR,Manager,San Francisco,55438.44,6632.35,2023-04-26,19,68.9,michael.rodriguez@company.com,(772) 457-7937,Active
EMP016241,Anthony,Taylor,Anthony Taylor,41,Engineering,Associate,San Francisco,74554.3,6602.8,2023-09-06,14,82.1,anthony.taylor@company.com,(992) 350-1492,Active
EMP016242,Robert,Brown,Robert Brown,53,HR,Manager,Seattle,30297.62,3367.41,2021-01-09,31,92.2,robert.brown@company.com,(470) 818-5110,Active
EMP016243,Anthony,Brown,Anthony Brown,26,HR,Analyst,New York,58577.21,10073.01,2021-12-16,0,59.2,anthony.brown@company.com,(505) 391-2578,Active
EMP016244,David,Smith,David Smith,37,HR,Lead,Chicago,64990.93,5346.93,2023-05-16,12,100.0,david.smith@company.com,(765) 202-4730,Active
EMP016245,Matthew,Martin,Matthew Martin,22,Sales,Specialist,Miami,57591.78,7850.73,2022-12-10,0,84.2,matthew.martin@company.com,(527) 616-3278,Inactive
EMP016246,William,Williams,William Williams,43,HR,Senior Developer,Boston,79601.6,3109.83,2023-10-11,16,53.5,william.williams@company.com,(392) 304-3551,Active
EMP016247,Jane,Smith,Jane Smith,26,Engineering,Director,Seattle,68962.68,10629.18,2021-06-01,1,92.7,jane.smith@company.com,(406) 671-8676,Inactive
EMP016248,Ashley,Thomas,Ashley Thomas,50,Operations,Senior Developer,Miami,50734.04,6710.05,2021-06-20,21,76.2,ashley.thomas@company.com,(585) 277-9811,Active
EMP016249,William,Brown,William Brown,49,Engineering,Analyst,New York,93259.71,7403.27,2022-12-02,23,97.7,william.brown@company.com,(341) 970-5476,Active
EMP016250,James,Smith,James Smith,25,Marketing,Analyst,Austin,50001.78,2106.77,2024-06-18,0,61.4,james.smith@company.com,(875) 663-8598,Active
EMP016251,David,Lopez,David Lopez,50,Operations,Senior Developer,Boston,67551.66,10312.7,2020-10-25,27,57.2,david.lopez@company.com,(603) 922-4287,Active
EMP016252,Stephanie,Lopez,Stephanie Lopez,36,Marketing,Specialist,Miami,58025.66,2798.83,2020-04-21,11,87.0,stephanie.lopez@company.com,(880) 639-5703,Active
EMP016253,Daniel,Jackson,Daniel Jackson,23,Operations,Associate,Austin,64371.98,8150.05,2021-01-14,0,71.6,daniel.jackson@company.com,(459) 662-5317,Active
EMP016254,James,Taylor,James Taylor,40,Engineering,Specialist,San Francisco,100300.5,13917.21,2024-05-12,14,59.0,james.taylor@company.com,(492) 662-6732,Active
EMP016255,Amanda,Johnson,Amanda Johnson,46,Sales,Specialist,New York,96090.33,8672.0,2022-08-31,24,95.6,amanda.johnson@company.com,(421) 774-8647,Active
EMP016256,Anthony,Moore,Anthony Moore,64,Finance,Coordinator,Austin,82116.65,9566.82,2023-01-30,40,71.2,anthony.moore@company.com,(474) 287-3795,Active
EMP016257,Nicole,Rodriguez,Nicole Rodriguez,42,Engineering,Specialist,San Francisco,69235.82,4272.21,2021-08-03,18,73.0,nicole.rodriguez@company.com,(484) 508-8732,Active
EMP016258,Emily,Martin,Emily Martin,31,IT,Director,Seattle,74706.9,11744.93,2023-08-08,3,94.8,emily.martin@company.com,(213) 279-4339,Active
EMP016259,James,Smith,James Smith,47,HR,Lead,Chicago,80997.02,3366.3,2024-05-12,20,43.8,james.smith@company.com,(552) 402-6137,Active
EMP016260,Matthew,Jones,Matthew Jones,47,Engineering,Senior Developer,Chicago,91347.3,7353.47,2024-12-26,25,66.0,matthew.jones@company.com,(506) 235-7910,Active
EMP016261,Matthew,Rodriguez,Matthew Rodriguez,31,Operations,Specialist,Los Angeles,45684.74,4789.53,2024-06-01,3,57.6,matthew.rodriguez@company.com,(857) 542-6748,Active
EMP016262,John,Davis,John Davis,47,Engineering,Director,Miami,101859.68,18102.63,2024-11-19,20,81.5,john.davis@company.com,(650) 205-3713,Active
EMP016263,Emily,Thomas,Emily Thomas,22,Finance,Coordinator,Boston,60920.45,5145.33,2022-05-04,0,74.3,emily.thomas@company.com,(669) 592-8237,Active
EMP016264,Daniel,Miller,Daniel Miller,63,Marketing,Specialist,Chicago,79763.23,10208.94,2021-08-02,41,84.8,daniel.miller@company.com,(692) 748-9293,Active
EMP016265,Stephanie,Jackson,Stephanie Jackson,22,IT,Director,Miami,67304.73,8949.6,2024-06-17,0,83.8,stephanie.jackson@company.com,(223) 872-9833,Active
EMP016266,Jane,Miller,Jane Miller,22,Sales,Manager,Austin,80692.51,3992.79,2022-04-21,0,88.6,jane.miller@company.com,(491) 903-5025,Active
EMP016267,Melissa,Jones,Melissa Jones,58,Marketing,Coordinator,Austin,72175.09,5859.68,2023-07-05,31,70.4,melissa.jones@company.com,(538) 942-7856,On Leave
EMP016268,Ashley,Gonzalez,Ashley Gonzalez,41,Engineering,Senior Developer,Boston,125870.15,11464.79,2024-04-14,15,67.6,ashley.gonzalez@company.com,(255) 713-5808,Active
EMP016269,Daniel,Wilson,Daniel Wilson,35,Operations,Director,Boston,42750.62,540.02,2023-06-18,7,72.4,daniel.wilson@company.com,(378) 683-7006,Active
EMP016270,Melissa,Lopez,Melissa Lopez,64,Sales,Specialist,Boston,107060.11,20200.52,2022-03-19,40,76.4,melissa.lopez@company.com,(401) 946-9904,Active
EMP016271,John,Miller,John Miller,37,Legal,Director,Austin,90957.81,18254.39,2020-10-09,11,73.8,john.miller@company.com,(950) 763-9456,Active
EMP016272,Jessica,Davis,Jessica Davis,36,Marketing,Specialist,Miami,88305.93,7786.2,2024-01-26,10,52.3,jessica.davis@company.com,(337) 299-1320,Active
EMP016273,Jane,Taylor,Jane Taylor,59,Engineering,Director,Seattle,92313.33,6696.06,2021-10-08,33,77.1,jane.taylor@company.com,(287) 604-6452,On Leave
EMP016274,David,Jones,David Jones,24,Legal,Manager,Miami,61361.65,4315.64,2020-03-16,1,87.2,david.jones@company.com,(721) 555-1689,Active
EMP016275,Anthony,Davis,Anthony Davis,52,Marketing,Director,Chicago,86609.47,5103.69,2022-11-05,26,57.3,anthony.davis@company.com,(867) 447-1988,Active
EMP016276,Anthony,Hernandez,Anthony Hernandez,26,Operations,Senior Developer,Austin,38206.42,1846.0,2022-07-01,0,95.6,anthony.hernandez@company.com,(273) 479-8750,Active
EMP016277,Christopher,Gonzalez,Christopher Gonzalez,42,Engineering,Manager,Austin,123128.21,14393.32,2021-05-31,20,95.7,christopher.gonzalez@company.com,(312) 267-3096,Active
EMP016278,Jessica,Wilson,Jessica Wilson,59,Marketing,Associate,Chicago,79776.72,9170.34,2022-04-04,32,52.7,jessica.wilson@company.com,(950) 657-4138,Active
EMP016279,William,Taylor,William Taylor,31,Legal,Analyst,Los Angeles,70065.03,8226.32,2020-08-21,9,86.1,william.taylor@company.com,(450) 707-9844,Active
EMP016280,David,Thomas,David Thomas,49,Finance,Director,New York,93212.62,11915.0,2021-01-06,27,72.3,david.thomas@company.com,(597) 318-2600,Active
EMP016281,Emily,Thomas,Emily Thomas,43,Operations,Analyst,Boston,78494.85,15259.97,2023-04-25,19,55.9,emily.thomas@company.com,(911) 956-2630,Active
EMP016282,Stephanie,Martin,Stephanie Martin,27,Marketing,Coordinator,Miami,96137.06,11890.16,2022-03-30,0,71.9,stephanie.martin@company.com,(728) 342-8223,Active
EMP016283,William,Lopez,William Lopez,62,IT,Coordinator,Chicago,101593.19,24013.32,2021-04-02,40,76.0,william.lopez@company.com,(324) 278-2034,Active
EMP016284,John,Williams,John Williams,23,Legal,Coordinator,Miami,81105.24,3238.39,2023-10-14,0,75.4,john.williams@company.com,(511) 310-1089,Active
EMP016285,William,Hernandez,William Hernandez,50,Sales,Senior Developer,Los Angeles,68568.68,3691.44,2023-12-24,22,69.0,william.hernandez@company.com,(208) 258-4587,Active
EMP016286,Melissa,Taylor,Melissa Taylor,35,Operations,Lead,Chicago,68427.2,8360.9,2023-02-04,12,98.1,melissa.taylor@company.com,(781) 339-1604,Active
EMP016287,John,Lopez,John Lopez,58,Legal,Specialist,Seattle,140086.11,0.0,2024-07-25,33,75.0,john.lopez@company.com,(501) 740-9640,On Leave
EMP016288,Lisa,Taylor,Lisa Taylor,45,Engineering,Director,Chicago,156614.6,26820.57,2021-01-13,21,94.3,lisa.taylor@company.com,(986) 217-6328,Active
EMP016289,Stephanie,Garcia,Stephanie Garcia,44,Marketing,Director,Miami,84252.02,11681.69,2020-01-05,17,50.8,stephanie.garcia@company.com,(860) 500-5188,Active
EMP016290,Nicole,Smith,Nicole Smith,34,HR,Coordinator,Los Angeles,46048.64,8537.4,2021-06-20,11,68.7,nicole.smith@company.com,(520) 941-9325,Active
EMP016291,Jane,Jones,Jane Jones,25,HR,Manager,Los Angeles,63040.39,5388.25,2023-07-23,3,45.6,jane.jones@company.com,(574) 992-3864,Active
EMP016292,Daniel,Moore,Daniel Moore,36,Legal,Lead,Los Angeles,101276.97,15442.93,2022-04-03,9,88.6,daniel.moore@company.com,(211) 386-8619,Active
EMP016293,Jessica,Williams,Jessica Williams,45,Sales,Specialist,Los Angeles,74452.08,2886.14,2023-10-09,16,91.7,jessica.williams@company.com,(898) 513-5791,Active
EMP016294,Ashley,Rodriguez,Ashley Rodriguez,35,Marketing,Director,New York,72303.52,11960.73,2021-12-28,8,60.4,ashley.rodriguez@company.com,(909) 220-3600,Active
EMP016295,Lisa,Miller,Lisa Miller,22,Sales,Lead,San Francisco,35494.99,1685.59,2021-06-20,0,86.3,lisa.miller@company.com,(365) 951-4547,Active
EMP016296,Ashley,Smith,Ashley Smith,57,Engineering,Manager,Austin,114799.57,0.0,2023-11-13,32,88.9,ashley.smith@company.com,(854) 379-8123,Active
EMP016297,Melissa,Smith,Melissa Smith,45,HR,Manager,Seattle,43605.56,4172.36,2022-03-19,19,76.4,melissa.smith@company.com,(357) 317-7866,Active
EMP016298,Emily,Jackson,Emily Jackson,34,Sales,Specialist,San Francisco,87829.78,8819.6,2020-05-18,10,76.5,emily.jackson@company.com,(797) 351-3111,Active
EMP016299,Nicole,Gonzalez,Nicole Gonzalez,43,Legal,Analyst,Chicago,76327.5,1109.54,2021-02-24,16,99.0,nicole.gonzalez@company.com,(878) 494-1791,Inactive
EMP016300,Sarah,Taylor,Sarah Taylor,54,Sales,Associate,San Francisco,75363.93,5033.94,2023-11-11,29,82.7,sarah.taylor@company.com,(753) 546-2299,Inactive
EMP016301,Robert,Jones,Robert Jones,58,HR,Director,New York,75024.35,13032.96,2023-12-28,36,84.8,robert.jones@company.com,(686) 465-8527,Active
EMP016302,Melissa,Moore,Melissa Moore,48,HR,Lead,Los Angeles,73989.5,3562.2,2021-04-30,23,51.2,melissa.moore@company.com,(757) 936-9597,Active
EMP016303,Matthew,Moore,Matthew Moore,55,HR,Associate,Chicago,85592.71,3745.24,2021-06-21,27,52.0,matthew.moore@company.com,(654) 706-8691,Active
EMP016304,Matthew,Rodriguez,Matthew Rodriguez,33,HR,Analyst,New York,57513.59,2268.03,2023-02-27,4,98.2,matthew.rodriguez@company.com,(489) 796-3368,Active
EMP016305,Jane,Davis,Jane Davis,42,Legal,Coordinator,Seattle,93490.66,15169.16,2022-03-02,18,79.7,jane.davis@company.com,(618) 231-9249,Active
EMP016306,Stephanie,Smith,Stephanie Smith,49,IT,Manager,Miami,81120.56,6726.16,2020-02-16,21,84.6,stephanie.smith@company.com,(788) 306-1032,Active
EMP016307,Robert,Smith,Robert Smith,54,Marketing,Manager,San Francisco,72329.48,6870.76,2022-10-17,28,63.6,robert.smith@company.com,(749) 528-6412,On Leave
EMP016308,Jane,Thomas,Jane Thomas,55,IT,Analyst,Austin,69685.27,6576.94,2023-05-29,29,97.2,jane.thomas@company.com,(609) 457-7979,Active
EMP016309,Robert,Moore,Robert Moore,59,Marketing,Analyst,New York,76733.32,7072.44,2022-09-02,37,52.9,robert.moore@company.com,(877) 600-3675,Active
EMP016310,Anthony,Brown,Anthony Brown,55,Finance,Associate,Austin,129489.6,20302.62,2021-12-05,29,73.1,anthony.brown@company.com,(231) 434-7007,On Leave
EMP016311,Jane,Williams,Jane Williams,33,Sales,Senior Developer,Austin,71879.71,10269.12,2022-11-04,4,77.5,jane.williams@company.com,(420) 453-1704,Active
EMP016312,Jessica,Miller,Jessica Miller,51,Marketing,Manager,Seattle,61256.4,7296.81,2021-12-12,27,66.2,jessica.miller@company.com,(955) 238-8743,Active
EMP016313,James,Hernandez,James Hernandez,60,Finance,Lead,Austin,113918.79,7159.47,2020-04-14,32,90.1,james.hernandez@company.com,(841) 383-8470,Inactive
EMP016314,David,Smith,David Smith,30,HR,Manager,Miami,74060.72,7837.21,2020-04-12,4,52.8,david.smith@company.com,(422) 484-3200,Active
EMP016315,Emily,Miller,Emily Miller,51,Marketing,Director,Los Angeles,81039.28,7961.23,2024-09-24,24,92.5,emily.miller@company.com,(995) 943-8349,Active
EMP016316,Matthew,Davis,Matthew Davis,47,IT,Senior Developer,Seattle,85895.32,6559.61,2022-06-16,25,100.0,matthew.davis@company.com,(655) 910-4629,Active
EMP016317,Ashley,Garcia,Ashley Garcia,56,Engineering,Manager,San Francisco,109583.61,9741.86,2024-10-14,32,80.4,ashley.garcia@company.com,(272) 899-4536,Active
EMP016318,Anthony,Johnson,Anthony Johnson,54,Finance,Senior Developer,Miami,104827.35,18939.86,2021-10-01,28,63.3,anthony.johnson@company.com,(470) 691-3923,Inactive
EMP016319,Lisa,Johnson,Lisa Johnson,27,HR,Coordinator,Chicago,44462.63,1814.14,2021-01-22,0,73.4,lisa.johnson@company.com,(519) 209-6445,Active
EMP016320,Emily,Brown,Emily Brown,32,Sales,Lead,Chicago,81581.25,9858.33,2023-09-09,9,66.0,emily.brown@company.com,(351) 580-7522,Active
EMP016321,Nicole,Johnson,Nicole Johnson,50,IT,Lead,Los Angeles,93312.39,10304.02,2024-05-25,26,62.5,nicole.johnson@company.com,(706) 416-6660,Active
EMP016322,James,Davis,James Davis,44,Sales,Specialist,Boston,98515.12,19431.4,2020-10-14,21,48.9,james.davis@company.com,(573) 617-2568,Inactive
EMP016323,Emily,Lopez,Emily Lopez,41,HR,Senior Developer,Los Angeles,66785.41,6730.03,2020-03-20,12,76.5,emily.lopez@company.com,(887) 677-7923,Active
EMP016324,Jessica,Miller,Jessica Miller,55,Legal,Senior Developer,Austin,104299.32,14137.44,2021-09-24,29,82.1,jessica.miller@company.com,(846) 227-9672,Active
EMP016325,John,Taylor,John Taylor,48,Finance,Coordinator,Seattle,85925.07,0.0,2021-08-09,25,66.0,john.taylor@company.com,(842) 965-4064,Active
EMP016326,Anthony,Brown,Anthony Brown,41,Engineering,Associate,Miami,150076.61,6986.15,2022-10-22,12,67.2,anthony.brown@company.com,(364) 486-3656,Active
EMP016327,Jessica,Gonzalez,Jessica Gonzalez,42,HR,Analyst,Austin,40624.93,5082.41,2021-09-27,17,84.0,jessica.gonzalez@company.com,(820) 440-4183,Active
EMP016328,Matthew,Moore,Matthew Moore,32,IT,Senior Developer,San Francisco,74915.15,13131.08,2023-09-23,6,75.0,matthew.moore@company.com,(790) 318-5062,Active
EMP016329,Sarah,Brown,Sarah Brown,29,Finance,Coordinator,Boston,82078.04,9764.9,2023-03-12,1,71.3,sarah.brown@company.com,(477) 516-6071,Active
EMP016330,David,Anderson,David Anderson,36,Sales,Specialist,Boston,92845.96,13266.57,2023-02-19,7,58.4,david.anderson@company.com,(237) 822-9965,Inactive
EMP016331,Amanda,Wilson,Amanda Wilson,61,Sales,Senior Developer,Boston,126247.92,8996.42,2024-03-26,35,66.6,amanda.wilson@company.com,(794) 367-4402,Inactive
EMP016332,William,Martinez,William Martinez,37,HR,Lead,Los Angeles,54719.12,7098.75,2024-12-06,10,52.8,william.martinez@company.com,(345) 978-8024,Active
EMP016333,Michael,Anderson,Michael Anderson,57,HR,Lead,Chicago,73695.99,7235.25,2024-03-30,28,85.8,michael.anderson@company.com,(503) 921-6114,Active
EMP016334,Daniel,Williams,Daniel Williams,49,Finance,Associate,Boston,101376.78,7029.81,2024-02-27,22,76.2,daniel.williams@company.com,(362) 782-9306,Inactive
EMP016335,Stephanie,Davis,Stephanie Davis,41,IT,Associate,Chicago,78650.15,6064.03,2022-04-15,17,71.2,stephanie.davis@company.com,(398) 272-7003,Active
EMP016336,William,Martinez,William Martinez,40,Operations,Manager,Boston,61401.75,5197.26,2022-07-16,16,60.6,william.martinez@company.com,(927) 929-6431,Active
EMP016337,James,Williams,James Williams,36,Operations,Associate,Austin,33464.78,553.36,2020-02-04,14,99.2,james.williams@company.com,(300) 217-5928,Inactive
EMP016338,Nicole,Martinez,Nicole Martinez,34,Engineering,Associate,Los Angeles,60367.5,6080.85,2023-04-26,8,80.3,nicole.martinez@company.com,(521) 482-5929,Active
EMP016339,John,Hernandez,John Hernandez,47,Sales,Coordinator,Los Angeles,70701.44,2206.37,2023-06-08,21,93.9,john.hernandez@company.com,(272) 452-3231,Active
EMP016340,William,Lopez,William Lopez,61,Marketing,Manager,Austin,99753.54,6133.99,2023-12-29,36,82.6,william.lopez@company.com,(415) 810-1166,Active
EMP016341,John,Garcia,John Garcia,49,IT,Manager,Seattle,80090.05,5368.23,2023-08-08,24,76.2,john.garcia@company.com,(586) 244-5824,Active
EMP016342,Stephanie,Hernandez,Stephanie Hernandez,36,Engineering,Associate,Los Angeles,98113.07,21393.59,2024-08-21,7,78.4,stephanie.hernandez@company.com,(828) 589-2899,Active
EMP016343,Sarah,Smith,Sarah Smith,48,Sales,Analyst,Los Angeles,69663.17,6373.04,2021-03-18,26,76.6,sarah.smith@company.com,(422) 461-8957,Active
EMP016344,William,Garcia,William Garcia,56,Marketing,Coordinator,Los Angeles,73433.67,11212.28,2021-04-12,34,88.7,william.garcia@company.com,(296) 633-6824,Active
EMP016345,Sarah,Lopez,Sarah Lopez,29,HR,Analyst,Chicago,63369.22,2301.59,2020-09-28,3,59.2,sarah.lopez@company.com,(838) 293-6801,Active
EMP016346,Amanda,Rodriguez,Amanda Rodriguez,58,HR,Senior Developer,Boston,92420.96,14340.04,2023-04-23,30,64.4,amanda.rodriguez@company.com,(485) 583-3379,Active
EMP016347,Jessica,Jones,Jessica Jones,40,IT,Specialist,San Francisco,92287.49,2083.96,2023-09-15,15,93.4,jessica.jones@company.com,(721) 371-5025,Active
EMP016348,Sarah,Smith,Sarah Smith,27,Engineering,Lead,New York,75492.01,6441.86,2024-12-02,5,69.1,sarah.smith@company.com,(300) 868-2318,Active
EMP016349,John,Martinez,John Martinez,36,Sales,Specialist,San Francisco,60521.06,3733.66,2020-11-27,8,48.9,john.martinez@company.com,(999) 545-2309,Active
EMP016350,Jane,Brown,Jane Brown,42,Marketing,Senior Developer,New York,47889.08,4590.85,2024-09-01,17,61.0,jane.brown@company.com,(321) 748-4874,Active
EMP016351,Christopher,Williams,Christopher Williams,35,IT,Lead,New York,69803.73,9428.9,2020-04-24,6,59.4,christopher.williams@company.com,(228) 901-4083,Active
EMP016352,Nicole,Hernandez,Nicole Hernandez,59,Operations,Senior Developer,San Francisco,88740.24,7539.0,2022-02-11,30,55.2,nicole.hernandez@company.com,(837) 576-2307,Active
EMP016353,Emily,Moore,Emily Moore,31,IT,Senior Developer,San Francisco,62041.65,6660.01,2020-08-12,4,69.6,emily.moore@company.com,(895) 348-5549,Active
EMP016354,James,Moore,James Moore,51,Engineering,Manager,New York,103760.69,9372.89,2021-01-12,24,89.3,james.moore@company.com,(374) 977-3193,Active
EMP016355,Jane,Gonzalez,Jane Gonzalez,26,Legal,Coordinator,Seattle,88083.78,8482.34,2023-08-10,1,73.9,jane.gonzalez@company.com,(887) 290-4012,Inactive
EMP016356,David,Rodriguez,David Rodriguez,33,HR,Lead,Miami,87241.77,15237.83,2022-04-24,9,83.6,david.rodriguez@company.com,(957) 442-1844,Active
EMP016357,Nicole,Lopez,Nicole Lopez,33,Operations,Manager,Seattle,56943.55,6966.29,2024-12-04,11,76.3,nicole.lopez@company.com,(491) 860-8178,On Leave
EMP016358,Ashley,Thomas,Ashley Thomas,64,Finance,Associate,San Francisco,74541.29,2427.0,2020-09-02,38,61.2,ashley.thomas@company.com,(743) 799-2694,Active
EMP016359,Ashley,Anderson,Ashley Anderson,43,Sales,Specialist,San Francisco,84955.06,9773.69,2023-08-15,16,50.6,ashley.anderson@company.com,(588) 553-1052,Inactive
EMP016360,Robert,Williams,Robert Williams,22,IT,Analyst,San Francisco,55295.65,6013.63,2021-04-17,0,88.0,robert.williams@company.com,(628) 613-7783,Active
EMP016361,Ashley,Gonzalez,Ashley Gonzalez,63,Marketing,Associate,Chicago,114632.06,16591.85,2023-09-09,39,78.0,ashley.gonzalez@company.com,(991) 644-6391,Active
EMP016362,Amanda,Thomas,Amanda Thomas,45,Legal,Lead,Chicago,85927.83,1904.36,2023-04-17,22,67.2,amanda.thomas@company.com,(271) 784-1038,Active
EMP016363,Lisa,Martin,Lisa Martin,30,Engineering,Manager,Seattle,63903.56,4729.4,2023-11-15,4,69.6,lisa.martin@company.com,(553) 651-1962,Active
EMP016364,David,Lopez,David Lopez,60,Finance,Coordinator,Chicago,90847.36,1393.98,2023-04-12,32,83.2,david.lopez@company.com,(794) 252-9731,Active
EMP016365,Robert,Smith,Robert Smith,55,Finance,Manager,New York,96854.79,7010.57,2024-07-13,27,65.7,robert.smith@company.com,(861) 649-8490,Active
EMP016366,Robert,Gonzalez,Robert Gonzalez,26,Operations,Director,Miami,36325.0,2912.11,2023-11-19,0,64.8,robert.gonzalez@company.com,(327) 608-4710,Active
EMP016367,Christopher,Davis,Christopher Davis,56,Sales,Senior Developer,Boston,68444.63,5324.08,2021-07-06,34,100.0,christopher.davis@company.com,(229) 554-7003,Active
EMP016368,Lisa,Martin,Lisa Martin,24,Marketing,Coordinator,Miami,42887.24,4427.6,2024-01-18,2,78.9,lisa.martin@company.com,(826) 400-4722,Active
EMP016369,John,Smith,John Smith,65,Operations,Associate,Austin,80660.05,8316.42,2024-10-22,41,74.7,john.smith@company.com,(392) 837-4965,Active
EMP016370,Matthew,Moore,Matthew Moore,52,Engineering,Analyst,Los Angeles,118508.41,628.96,2021-04-30,28,70.7,matthew.moore@company.com,(545) 883-4880,Active
EMP016371,Lisa,Lopez,Lisa Lopez,49,Legal,Coordinator,Chicago,133438.69,8884.59,2020-03-13,27,72.7,lisa.lopez@company.com,(240) 997-7717,Active
EMP016372,Christopher,Jones,Christopher Jones,52,Finance,Director,Boston,71341.6,3934.02,2024-12-18,24,92.9,christopher.jones@company.com,(348) 999-9307,Active
EMP016373,William,Martinez,William Martinez,65,Operations,Coordinator,Chicago,101715.25,7546.86,2022-11-19,38,78.8,william.martinez@company.com,(368) 382-4443,Active
EMP016374,David,Thomas,David Thomas,64,Finance,Senior Developer,Boston,100201.86,18949.92,2024-09-13,41,80.6,david.thomas@company.com,(275) 716-2294,Active
EMP016375,William,Williams,William Williams,53,Sales,Specialist,Miami,81149.47,0.0,2023-09-27,30,70.2,william.williams@company.com,(858) 255-8777,Active
EMP016376,Emily,Anderson,Emily Anderson,55,Engineering,Director,Miami,102418.17,13507.61,2022-06-18,31,77.2,emily.anderson@company.com,(905) 985-6150,Active
EMP016377,Sarah,Lopez,Sarah Lopez,57,Engineering,Director,San Francisco,106713.04,11274.46,2020-12-13,35,69.7,sarah.lopez@company.com,(547) 352-8232,Active
EMP016378,Christopher,Moore,Christopher Moore,22,Sales,Analyst,Los Angeles,94924.45,4300.95,2020-07-16,0,90.9,christopher.moore@company.com,(388) 275-7081,Active
EMP016379,Sarah,Martinez,Sarah Martinez,41,Legal,Analyst,Seattle,70272.83,8824.29,2022-05-16,17,53.1,sarah.martinez@company.com,(739) 464-9075,Active
EMP016380,Matthew,Hernandez,Matthew Hernandez,64,Operations,Analyst,Boston,80915.54,6092.7,2024-01-11,38,80.9,matthew.hernandez@company.com,(329) 971-1051,On Leave
EMP016381,Lisa,Gonzalez,Lisa Gonzalez,61,Sales,Manager,Austin,89008.85,16165.89,2024-12-10,33,51.6,lisa.gonzalez@company.com,(981) 432-5089,Active
EMP016382,Ashley,Gonzalez,Ashley Gonzalez,30,HR,Analyst,San Francisco,29726.85,2763.59,2024-05-16,2,91.6,ashley.gonzalez@company.com,(851) 964-9658,Active
EMP016383,Ashley,Thomas,Ashley Thomas,36,Engineering,Lead,San Francisco,77933.83,4046.12,2022-01-26,13,66.2,ashley.thomas@company.com,(886) 286-2782,Active
EMP016384,William,Hernandez,William Hernandez,39,IT,Associate,Boston,95512.43,18635.82,2023-01-13,13,38.3,william.hernandez@company.com,(223) 487-6334,Active
EMP016385,Jessica,Wilson,Jessica Wilson,48,Sales,Analyst,Chicago,56349.46,2083.03,2023-05-20,21,69.8,jessica.wilson@company.com,(380) 285-8331,Active
EMP016386,James,Martinez,James Martinez,30,Sales,Director,Seattle,59820.03,7175.06,2020-06-24,6,62.1,james.martinez@company.com,(368) 322-4267,Inactive
EMP016387,Stephanie,Garcia,Stephanie Garcia,47,Legal,Coordinator,San Francisco,73873.18,6726.73,2022-07-20,25,74.6,stephanie.garcia@company.com,(941) 773-6331,Active
EMP016388,Jane,Jones,Jane Jones,28,Sales,Specialist,Chicago,64306.3,7963.95,2021-09-11,1,77.8,jane.jones@company.com,(801) 624-4527,Active
EMP016389,Melissa,Jackson,Melissa Jackson,63,Legal,Specialist,San Francisco,118174.31,12856.48,2020-09-16,34,60.0,melissa.jackson@company.com,(705) 855-9037,Active
EMP016390,Christopher,Miller,Christopher Miller,22,Engineering,Coordinator,Seattle,62016.15,10975.34,2021-07-10,0,48.7,christopher.miller@company.com,(913) 636-2726,Active
EMP016391,Amanda,Smith,Amanda Smith,63,IT,Manager,Miami,101601.64,2884.62,2020-04-18,41,92.7,amanda.smith@company.com,(627) 965-9050,Active
EMP016392,Sarah,Jackson,Sarah Jackson,53,Marketing,Manager,Los Angeles,93591.17,7536.04,2024-04-04,31,75.0,sarah.jackson@company.com,(429) 586-1041,Active
EMP016393,Stephanie,Miller,Stephanie Miller,25,Operations,Lead,Boston,66149.57,6026.85,2024-03-21,0,73.2,stephanie.miller@company.com,(306) 365-5465,Active
EMP016394,Matthew,Miller,Matthew Miller,28,Finance,Director,Los Angeles,78829.15,10132.67,2022-02-08,4,41.8,matthew.miller@company.com,(297) 790-7240,Active
EMP016395,Nicole,Gonzalez,Nicole Gonzalez,64,HR,Analyst,New York,105319.62,12595.72,2024-07-26,40,100.0,nicole.gonzalez@company.com,(532) 770-1939,Active
EMP016396,Nicole,Anderson,Nicole Anderson,50,Sales,Lead,Los Angeles,87053.73,11061.73,2024-02-13,23,86.4,nicole.anderson@company.com,(489) 663-3382,Active
EMP016397,Anthony,Lopez,Anthony Lopez,25,Marketing,Lead,New York,38407.44,7217.78,2023-07-11,0,67.6,anthony.lopez@company.com,(907) 884-9155,Active
EMP016398,Melissa,Gonzalez,Melissa Gonzalez,22,Operations,Specialist,Chicago,37143.93,1080.27,2021-10-17,0,69.1,melissa.gonzalez@company.com,(439) 980-5826,Active
EMP016399,Jessica,Smith,Jessica Smith,40,Finance,Analyst,Seattle,71039.15,9888.96,2022-05-29,13,65.0,jessica.smith@company.com,(775) 681-6850,Active
EMP016400,Stephanie,Jackson,Stephanie Jackson,47,Engineering,Specialist,Los Angeles,77992.46,2097.29,2023-04-13,20,88.7,stephanie.jackson@company.com,(708) 827-2789,Inactive
EMP016401,Ashley,Moore,Ashley Moore,30,Operations,Senior Developer,Seattle,59507.99,1346.03,2021-02-18,1,100.0,ashley.moore@company.com,(661) 854-5369,Active
EMP016402,Nicole,Garcia,Nicole Garcia,55,Engineering,Coordinator,Boston,129383.38,2466.49,2020-06-12,26,75.0,nicole.garcia@company.com,(325) 351-3059,Active
EMP016403,Ashley,Taylor,Ashley Taylor,59,Engineering,Analyst,San Francisco,150849.35,18004.18,2020-10-20,34,88.0,ashley.taylor@company.com,(589) 381-5675,Inactive
EMP016404,Jessica,Davis,Jessica Davis,49,HR,Specialist,Austin,57963.94,7125.4,2020-12-29,27,73.0,jessica.davis@company.com,(754) 809-4029,Active
EMP016405,James,Gonzalez,James Gonzalez,62,Finance,Lead,San Francisco,79208.89,5887.32,2021-05-15,36,77.7,james.gonzalez@company.com,(363) 471-4801,Active
EMP016406,Daniel,Brown,Daniel Brown,42,Finance,Director,Chicago,107390.13,14130.31,2021-08-28,13,77.5,daniel.brown@company.com,(799) 484-9279,Active
EMP016407,Stephanie,Smith,Stephanie Smith,31,Sales,Analyst,Seattle,34354.17,2288.07,2022-01-28,8,75.4,stephanie.smith@company.com,(628) 515-6910,Inactive
EMP016408,Ashley,Jackson,Ashley Jackson,35,Sales,Lead,Miami,75641.08,5698.96,2024-11-14,12,72.2,ashley.jackson@company.com,(702) 566-1323,Active
EMP016409,Emily,Rodriguez,Emily Rodriguez,25,HR,Manager,Austin,33812.46,2134.25,2020-03-14,0,73.7,emily.rodriguez@company.com,(391) 591-4611,On Leave
EMP016410,Daniel,Martin,Daniel Martin,45,Operations,Coordinator,Los Angeles,87151.59,6849.63,2020-09-23,18,100.0,daniel.martin@company.com,(796) 674-9095,Active
EMP016411,Amanda,Anderson,Amanda Anderson,31,Engineering,Senior Developer,Boston,81675.81,7716.86,2020-08-12,9,57.3,amanda.anderson@company.com,(226) 273-6088,Active
EMP016412,Christopher,Jones,Christopher Jones,38,Sales,Director,Austin,78937.92,5976.68,2023-03-07,14,77.5,christopher.jones@company.com,(989) 923-5155,Active
EMP016413,Daniel,Thomas,Daniel Thomas,31,Operations,Specialist,New York,62016.31,0.0,2024-06-27,3,56.8,daniel.thomas@company.com,(353) 796-5390,On Leave
EMP016414,Anthony,Rodriguez,Anthony Rodriguez,40,Marketing,Analyst,Boston,78281.29,0.0,2020-07-19,14,76.5,anthony.rodriguez@company.com,(823) 672-1923,Active
EMP016415,Jane,Rodriguez,Jane Rodriguez,31,Engineering,Coordinator,San Francisco,106251.7,21125.74,2024-01-10,3,95.2,jane.rodriguez@company.com,(878) 439-6304,Active
EMP016416,Anthony,Rodriguez,Anthony Rodriguez,44,Finance,Analyst,Miami,102961.85,9228.55,2020-10-31,18,82.7,anthony.rodriguez@company.com,(579) 270-9189,Active
EMP016417,Nicole,Wilson,Nicole Wilson,59,Operations,Analyst,Miami,90086.83,14785.11,2022-10-20,37,59.1,nicole.wilson@company.com,(484) 773-6538,Active
EMP016418,Stephanie,Thomas,Stephanie Thomas,54,Operations,Analyst,Seattle,56997.05,6582.15,2023-01-18,30,100.0,stephanie.thomas@company.com,(533) 921-7981,Active
EMP016419,David,Wilson,David Wilson,60,Marketing,Lead,Los Angeles,91822.33,13364.77,2022-05-13,34,64.9,david.wilson@company.com,(224) 267-6110,Active
EMP016420,Lisa,Gonzalez,Lisa Gonzalez,25,IT,Lead,Chicago,44925.99,1899.32,2021-12-11,3,83.3,lisa.gonzalez@company.com,(225) 617-3672,Active
EMP016421,Amanda,Johnson,Amanda Johnson,60,Marketing,Coordinator,New York,87033.86,2141.2,2022-01-06,35,63.3,amanda.johnson@company.com,(314) 292-6046,Active
EMP016422,Michael,Martin,Michael Martin,35,Marketing,Analyst,Seattle,61371.3,11944.09,2021-08-24,9,83.6,michael.martin@company.com,(368) 571-5292,Active
EMP016423,Ashley,Martin,Ashley Martin,38,Legal,Coordinator,Seattle,89247.88,5986.86,2020-05-07,9,83.0,ashley.martin@company.com,(773) 352-5258,Active
EMP016424,Amanda,Wilson,Amanda Wilson,64,Engineering,Analyst,Miami,115476.62,16994.58,2021-01-19,42,66.6,amanda.wilson@company.com,(273) 390-5161,Active
EMP016425,Melissa,Jackson,Melissa Jackson,40,HR,Lead,Los Angeles,62994.48,5537.73,2023-07-13,15,68.9,melissa.jackson@company.com,(642) 613-1316,Active
EMP016426,David,Gonzalez,David Gonzalez,34,Engineering,Specialist,Chicago,95421.35,6766.12,2022-11-08,8,56.3,david.gonzalez@company.com,(846) 363-6865,Inactive
EMP016427,Michael,Rodriguez,Michael Rodriguez,32,Legal,Director,San Francisco,83125.75,12911.72,2023-05-27,5,91.7,michael.rodriguez@company.com,(369) 439-5018,Active
EMP016428,Jane,Martin,Jane Martin,27,HR,Manager,Miami,60844.67,3350.72,2024-05-29,0,57.9,jane.martin@company.com,(548) 703-2765,Active
EMP016429,James,Gonzalez,James Gonzalez,31,IT,Associate,Los Angeles,65335.04,928.66,2023-05-12,4,63.4,james.gonzalez@company.com,(883) 579-3322,Active
EMP016430,William,Smith,William Smith,47,Operations,Director,Chicago,61071.03,4851.25,2023-05-20,23,63.6,william.smith@company.com,(433) 363-7924,Active
EMP016431,Robert,Gonzalez,Robert Gonzalez,22,Operations,Lead,Seattle,64675.66,1681.56,2021-07-06,0,66.9,robert.gonzalez@company.com,(571) 863-6321,Active
EMP016432,Jessica,Rodriguez,Jessica Rodriguez,35,Sales,Associate,Los Angeles,68145.42,14651.5,2021-06-05,8,98.2,jessica.rodriguez@company.com,(328) 340-1292,Active
EMP016433,David,Moore,David Moore,31,Engineering,Manager,New York,90542.33,3758.29,2022-12-06,5,100.0,david.moore@company.com,(558) 443-1656,Active
EMP016434,John,Rodriguez,John Rodriguez,23,IT,Lead,Chicago,70432.87,14929.1,2023-09-09,0,51.7,john.rodriguez@company.com,(981) 982-9065,Inactive
EMP016435,Emily,Jackson,Emily Jackson,57,Sales,Lead,Miami,84472.93,11445.09,2021-08-08,28,58.4,emily.jackson@company.com,(400) 734-7806,Inactive
EMP016436,Stephanie,Garcia,Stephanie Garcia,26,Finance,Specialist,Chicago,80669.07,15888.51,2024-04-22,0,100.0,stephanie.garcia@company.com,(769) 364-3343,Active
EMP016437,Melissa,Hernandez,Melissa Hernandez,51,Finance,Coordinator,Miami,65707.23,7542.1,2020-06-28,23,70.5,melissa.hernandez@company.com,(232) 841-9253,Active
EMP016438,Ashley,Wilson,Ashley Wilson,46,Marketing,Director,Boston,75668.06,5703.99,2020-07-27,17,77.9,ashley.wilson@company.com,(261) 278-8484,Active
EMP016439,Ashley,Jones,Ashley Jones,50,HR,Director,Seattle,73255.93,9094.78,2020-06-01,28,66.5,ashley.jones@company.com,(933) 739-4542,Active
EMP016440,Jessica,Rodriguez,Jessica Rodriguez,44,Finance,Director,Miami,95933.14,6938.17,2022-04-09,19,75.9,jessica.rodriguez@company.com,(688) 894-8890,On Leave
EMP016441,Stephanie,Garcia,Stephanie Garcia,38,Operations,Senior Developer,Chicago,63926.49,9198.6,2023-09-25,10,73.3,stephanie.garcia@company.com,(609) 349-2574,Active
EMP016442,Daniel,Taylor,Daniel Taylor,44,Legal,Analyst,Seattle,104345.32,10158.87,2021-09-19,18,70.2,daniel.taylor@company.com,(847) 885-9579,Active
EMP016443,Lisa,Anderson,Lisa Anderson,65,Engineering,Director,Seattle,152005.25,12470.74,2022-11-02,39,96.5,lisa.anderson@company.com,(846) 944-7003,Active
EMP016444,Ashley,Smith,Ashley Smith,29,IT,Analyst,Austin,71916.26,6788.53,2022-11-20,4,80.2,ashley.smith@company.com,(979) 481-1264,Active
EMP016445,David,Hernandez,David Hernandez,59,Sales,Specialist,Boston,99701.78,8884.0,2022-10-10,30,64.0,david.hernandez@company.com,(584) 619-7936,Active
EMP016446,James,Martinez,James Martinez,47,Finance,Director,San Francisco,85115.07,14278.43,2020-03-28,20,88.1,james.martinez@company.com,(240) 751-6446,Active
EMP016447,Jane,Martinez,Jane Martinez,53,Operations,Specialist,Seattle,80046.63,5904.85,2022-10-12,31,75.1,jane.martinez@company.com,(682) 745-3198,On Leave
EMP016448,Jessica,Thomas,Jessica Thomas,34,Finance,Senior Developer,San Francisco,90824.26,5510.84,2021-01-22,9,49.7,jessica.thomas@company.com,(546) 702-8130,Active
EMP016449,Robert,Wilson,Robert Wilson,51,HR,Director,Miami,96665.1,9673.83,2023-05-06,25,94.7,robert.wilson@company.com,(828) 780-4602,Active
EMP016450,Amanda,Martin,Amanda Martin,55,Operations,Specialist,Seattle,53026.82,2931.2,2024-09-09,30,50.1,amanda.martin@company.com,(899) 614-1769,Active
EMP016451,David,Johnson,David Johnson,42,Finance,Director,Seattle,68264.17,10938.81,2020-04-23,15,86.3,david.johnson@company.com,(490) 432-4427,Active
EMP016452,Robert,Wilson,Robert Wilson,45,Marketing,Manager,Chicago,59048.82,8445.91,2024-04-19,23,100.0,robert.wilson@company.com,(217) 390-6485,Inactive
EMP016453,David,Garcia,David Garcia,60,Sales,Analyst,Boston,73616.1,5761.44,2022-08-03,31,75.3,david.garcia@company.com,(259) 274-1293,Active
EMP016454,Amanda,Lopez,Amanda Lopez,28,IT,Senior Developer,Los Angeles,105289.65,13151.99,2021-09-07,0,86.3,amanda.lopez@company.com,(258) 978-2369,Active
EMP016455,Ashley,Johnson,Ashley Johnson,61,Finance,Associate,Chicago,117574.68,11726.66,2020-08-28,37,74.0,ashley.johnson@company.com,(238) 420-5360,Active
EMP016456,Anthony,Garcia,Anthony Garcia,50,Operations,Coordinator,New York,53289.62,5175.22,2020-07-17,23,45.3,anthony.garcia@company.com,(203) 442-9859,Active
EMP016457,Jessica,Miller,Jessica Miller,40,IT,Senior Developer,Boston,81180.43,2937.16,2021-04-02,12,100.0,jessica.miller@company.com,(296) 754-5293,Active
EMP016458,James,Gonzalez,James Gonzalez,23,Marketing,Senior Developer,San Francisco,41537.42,5096.44,2022-05-19,0,76.5,james.gonzalez@company.com,(883) 940-5306,Active
EMP016459,John,Wilson,John Wilson,51,Marketing,Senior Developer,Boston,64489.04,4385.74,2024-12-19,22,90.0,john.wilson@company.com,(697) 857-9020,Active
EMP016460,Lisa,Martin,Lisa Martin,28,Legal,Director,New York,79849.81,6838.67,2024-03-31,2,74.2,lisa.martin@company.com,(965) 619-7306,Active
EMP016461,Emily,Wilson,Emily Wilson,63,Finance,Associate,Seattle,112461.57,8221.49,2023-08-06,40,88.3,emily.wilson@company.com,(256) 843-9736,Active
EMP016462,Matthew,Taylor,Matthew Taylor,30,Legal,Lead,Seattle,75064.69,9059.41,2022-04-08,8,79.5,matthew.taylor@company.com,(390) 653-8897,Active
EMP016463,David,Lopez,David Lopez,26,Finance,Associate,New York,39892.34,3775.32,2020-06-16,4,63.4,david.lopez@company.com,(428) 763-5901,Active
EMP016464,Jane,Jones,Jane Jones,28,Legal,Senior Developer,Austin,99403.19,4740.29,2020-09-05,1,84.1,jane.jones@company.com,(904) 936-8896,Active
EMP016465,Lisa,Smith,Lisa Smith,65,Engineering,Manager,San Francisco,111757.21,20369.6,2022-04-07,38,66.9,lisa.smith@company.com,(257) 388-9394,Inactive
EMP016466,James,Brown,James Brown,36,Finance,Director,New York,95098.11,10756.99,2024-01-25,7,38.9,james.brown@company.com,(588) 967-6009,On Leave
EMP016467,Nicole,Martin,Nicole Martin,44,Sales,Coordinator,Miami,114906.07,14485.87,2023-11-20,21,78.6,nicole.martin@company.com,(566) 831-6579,Active
EMP016468,Daniel,Thomas,Daniel Thomas,26,Engineering,Director,Seattle,47998.34,5943.59,2024-02-08,0,47.4,daniel.thomas@company.com,(287) 533-3735,Active
EMP016469,John,Smith,John Smith,28,Sales,Manager,Chicago,67069.18,9250.52,2022-10-07,0,85.8,john.smith@company.com,(803) 279-5013,Active
EMP016470,Amanda,Johnson,Amanda Johnson,47,Engineering,Associate,Miami,74128.78,0.0,2024-06-12,23,75.3,amanda.johnson@company.com,(419) 278-9246,Inactive
EMP016471,David,Taylor,David Taylor,27,Marketing,Associate,Seattle,57572.14,5502.46,2020-08-14,5,87.9,david.taylor@company.com,(995) 664-4843,Active
EMP016472,John,Jackson,John Jackson,29,Finance,Coordinator,New York,84192.72,5632.18,2021-08-28,4,82.4,john.jackson@company.com,(303) 661-1675,Inactive
EMP016473,Anthony,Jackson,Anthony Jackson,59,Legal,Associate,Austin,108642.43,8451.05,2023-04-17,30,66.5,anthony.jackson@company.com,(337) 948-7354,Active
EMP016474,Ashley,Moore,Ashley Moore,26,HR,Senior Developer,Miami,63774.92,2267.84,2020-08-23,4,63.1,ashley.moore@company.com,(335) 841-3794,Active
EMP016475,James,Smith,James Smith,24,HR,Manager,Boston,70133.69,9576.17,2021-07-30,0,61.6,james.smith@company.com,(563) 379-9629,Active
EMP016476,Robert,Lopez,Robert Lopez,58,Marketing,Lead,New York,97746.37,14964.75,2021-12-23,32,54.5,robert.lopez@company.com,(271) 741-7201,Active
EMP016477,Sarah,Martin,Sarah Martin,38,Engineering,Senior Developer,Chicago,86500.31,2691.19,2020-02-03,10,71.7,sarah.martin@company.com,(418) 968-3564,Active
EMP016478,Jessica,Wilson,Jessica Wilson,34,Finance,Analyst,Los Angeles,69456.72,9016.58,2023-10-03,12,83.4,jessica.wilson@company.com,(538) 298-3813,Active
EMP016479,Ashley,Anderson,Ashley Anderson,45,Legal,Coordinator,Los Angeles,110253.33,3957.81,2024-05-13,22,70.4,ashley.anderson@company.com,(915) 885-8700,Active
EMP016480,Melissa,Taylor,Melissa Taylor,43,Sales,Senior Developer,Boston,74223.64,4265.76,2022-12-31,17,71.0,melissa.taylor@company.com,(725) 554-8476,Active
EMP016481,Daniel,Wilson,Daniel Wilson,48,IT,Manager,Chicago,80485.21,9305.96,2023-01-06,21,84.4,daniel.wilson@company.com,(838) 681-6233,Active
EMP016482,Christopher,Martinez,Christopher Martinez,42,Legal,Senior Developer,Los Angeles,81403.42,8603.6,2024-05-24,18,95.8,christopher.martinez@company.com,(893) 366-1952,On Leave
EMP016483,Melissa,Thomas,Melissa Thomas,46,HR,Manager,Chicago,69996.36,8979.79,2023-03-14,20,74.5,melissa.thomas@company.com,(588) 421-7360,Active
EMP016484,John,Anderson,John Anderson,56,Finance,Lead,Austin,114452.74,16416.32,2022-03-21,32,71.3,john.anderson@company.com,(753) 310-1233,Inactive
EMP016485,Emily,Lopez,Emily Lopez,47,Engineering,Lead,San Francisco,82481.27,8854.43,2021-09-18,19,57.1,emily.lopez@company.com,(554) 888-9810,Active
EMP016486,Anthony,Smith,Anthony Smith,30,HR,Lead,Chicago,58486.07,9411.47,2021-07-07,3,69.7,anthony.smith@company.com,(229) 930-9972,Active
EMP016487,Anthony,Wilson,Anthony Wilson,52,Legal,Associate,Chicago,84168.16,4729.37,2020-10-13,24,48.8,anthony.wilson@company.com,(284) 347-9543,Active
EMP016488,Sarah,Lopez,Sarah Lopez,52,Sales,Associate,San Francisco,62529.56,3184.96,2021-12-02,30,68.4,sarah.lopez@company.com,(745) 836-5332,Active
EMP016489,David,Miller,David Miller,35,Sales,Senior Developer,Chicago,65131.92,8494.91,2023-01-02,8,65.4,david.miller@company.com,(799) 955-2086,Active
EMP016490,James,Taylor,James Taylor,29,IT,Analyst,Seattle,88329.38,7091.38,2024-12-23,3,66.7,james.taylor@company.com,(453) 799-4658,Active
EMP016491,Emily,Jones,Emily Jones,65,Engineering,Specialist,Miami,114831.3,18593.37,2024-03-28,41,79.6,emily.jones@company.com,(854) 293-5083,On Leave
EMP016492,Stephanie,Thomas,Stephanie Thomas,63,Engineering,Director,San Francisco,126628.41,12212.72,2020-12-29,39,74.5,stephanie.thomas@company.com,(888) 287-6358,Active
EMP016493,Sarah,Martinez,Sarah Martinez,39,IT,Specialist,Austin,103640.2,9515.5,2022-04-21,13,66.7,sarah.martinez@company.com,(988) 981-4715,Active
EMP016494,John,Garcia,John Garcia,32,Operations,Analyst,Austin,77345.95,2142.68,2020-05-14,10,79.1,john.garcia@company.com,(884) 634-8750,Active
EMP016495,Matthew,Gonzalez,Matthew Gonzalez,22,IT,Analyst,Austin,55759.38,8009.42,2023-03-04,0,82.2,matthew.gonzalez@company.com,(488) 889-5243,Active
EMP016496,Nicole,Anderson,Nicole Anderson,28,Sales,Analyst,Austin,58872.29,3603.74,2022-08-04,3,80.5,nicole.anderson@company.com,(213) 895-5869,Active
EMP016497,Jane,Jones,Jane Jones,39,Operations,Specialist,San Francisco,61497.22,1062.42,2023-05-19,16,80.3,jane.jones@company.com,(280) 903-6562,Active
EMP016498,Matthew,Moore,Matthew Moore,24,Legal,Senior Developer,Chicago,75993.6,1592.0,2023-11-09,0,80.4,matthew.moore@company.com,(362) 633-8384,Active
EMP016499,Christopher,Davis,Christopher Davis,61,Legal,Director,Boston,88338.21,1920.14,2022-11-07,39,70.2,christopher.davis@company.com,(995) 775-3290,Active
EMP016500,Lisa,Gonzalez,Lisa Gonzalez,53,Finance,Analyst,New York,97939.13,12232.24,2021-01-09,29,100.0,lisa.gonzalez@company.com,(911) 305-7220,Active
EMP016501,Daniel,Garcia,Daniel Garcia,54,Sales,Lead,New York,71665.95,8844.98,2020-03-22,30,60.9,daniel.garcia@company.com,(664) 987-9719,Inactive
EMP016502,Jane,Wilson,Jane Wilson,55,Legal,Lead,Los Angeles,86995.5,6776.09,2020-04-25,32,85.6,jane.wilson@company.com,(288) 937-5761,Active
EMP016503,Jane,Davis,Jane Davis,30,Legal,Associate,New York,51528.67,6036.63,2023-06-10,6,79.0,jane.davis@company.com,(447) 221-6257,Active
EMP016504,Jessica,Martinez,Jessica Martinez,42,HR,Lead,New York,57464.81,4341.73,2022-12-02,18,89.2,jessica.martinez@company.com,(357) 705-2902,Active
EMP016505,Jessica,Miller,Jessica Miller,25,Finance,Director,Los Angeles,42305.2,1144.36,2021-04-17,0,65.8,jessica.miller@company.com,(259) 612-2128,Active
EMP016506,Jessica,Miller,Jessica Miller,59,Finance,Lead,Chicago,98038.49,14228.99,2020-04-27,32,71.3,jessica.miller@company.com,(820) 719-1421,Active
EMP016507,Melissa,Thomas,Melissa Thomas,31,Finance,Specialist,Boston,78024.06,6943.92,2020-06-21,7,43.0,melissa.thomas@company.com,(828) 338-4729,Active
EMP016508,Michael,Taylor,Michael Taylor,47,Sales,Senior Developer,Boston,73009.85,3738.07,2020-03-17,22,74.8,michael.taylor@company.com,(446) 756-9084,Inactive
EMP016509,Nicole,Wilson,Nicole Wilson,22,Sales,Senior Developer,Seattle,71296.57,8048.14,2020-01-16,0,61.4,nicole.wilson@company.com,(299) 533-1198,On Leave
EMP016510,Robert,Brown,Robert Brown,29,Finance,Associate,Chicago,81034.87,6272.99,2022-02-16,1,85.8,robert.brown@company.com,(730) 996-7112,Active
EMP016511,Matthew,Wilson,Matthew Wilson,45,Finance,Coordinator,Seattle,99275.05,7325.08,2020-02-09,16,70.7,matthew.wilson@company.com,(287) 793-8507,Active
EMP016512,Melissa,Garcia,Melissa Garcia,53,Operations,Senior Developer,Miami,83000.91,2359.92,2020-01-12,30,85.9,melissa.garcia@company.com,(836) 856-8610,Inactive
EMP016513,Daniel,Taylor,Daniel Taylor,56,Operations,Lead,Boston,63716.16,7096.02,2020-06-12,33,60.7,daniel.taylor@company.com,(621) 442-8242,Active
EMP016514,Lisa,Garcia,Lisa Garcia,37,Legal,Associate,Los Angeles,107096.54,9123.04,2023-11-23,15,71.3,lisa.garcia@company.com,(558) 620-5135,Active
EMP016515,Jessica,Martin,Jessica Martin,46,Legal,Specialist,Los Angeles,105608.71,4756.46,2021-06-19,21,94.5,jessica.martin@company.com,(983) 725-7004,Active
EMP016516,William,Gonzalez,William Gonzalez,36,Sales,Lead,New York,66260.33,4387.63,2023-02-07,7,77.6,william.gonzalez@company.com,(490) 348-6085,Active
EMP016517,Jane,Martin,Jane Martin,52,HR,Lead,Chicago,104838.82,850.29,2022-08-04,30,79.4,jane.martin@company.com,(977) 718-8559,Inactive
EMP016518,Daniel,Johnson,Daniel Johnson,61,Legal,Coordinator,Chicago,103377.99,4120.03,2024-04-11,38,73.1,daniel.johnson@company.com,(509) 978-6570,Active
EMP016519,Robert,Jones,Robert Jones,29,Operations,Analyst,Austin,49129.96,4587.51,2022-01-13,2,85.9,robert.jones@company.com,(946) 256-4845,Active
EMP016520,Amanda,Taylor,Amanda Taylor,32,IT,Senior Developer,New York,90571.22,12974.28,2021-08-19,10,82.6,amanda.taylor@company.com,(810) 783-8069,Active
EMP016521,James,Johnson,James Johnson,62,Legal,Lead,San Francisco,109437.33,15586.23,2023-10-15,33,77.7,james.johnson@company.com,(266) 438-7388,Active
EMP016522,Jessica,Williams,Jessica Williams,50,Finance,Manager,Chicago,80849.24,1892.42,2023-03-09,25,60.8,jessica.williams@company.com,(822) 739-2228,Active
EMP016523,James,Jones,James Jones,43,Legal,Coordinator,New York,106586.22,12836.59,2020-10-22,21,83.6,james.jones@company.com,(490) 653-5969,Active
EMP016524,Robert,Anderson,Robert Anderson,64,Sales,Coordinator,Los Angeles,63498.79,1477.33,2021-12-23,39,94.2,robert.anderson@company.com,(338) 492-5265,Active
EMP016525,Emily,Lopez,Emily Lopez,24,Engineering,Manager,San Francisco,71941.1,11723.71,2020-02-07,0,64.9,emily.lopez@company.com,(800) 552-7358,Active
EMP016526,Robert,Williams,Robert Williams,37,Sales,Associate,Austin,53475.3,11899.35,2024-04-14,13,60.1,robert.williams@company.com,(488) 974-7075,Inactive
EMP016527,Robert,Gonzalez,Robert Gonzalez,44,IT,Manager,New York,71968.49,4233.67,2024-03-22,19,100.0,robert.gonzalez@company.com,(939) 265-5351,On Leave
EMP016528,Emily,Wilson,Emily Wilson,37,IT,Coordinator,Seattle,91117.94,7757.61,2021-09-10,12,54.9,emily.wilson@company.com,(207) 624-1540,Active
EMP016529,Robert,Wilson,Robert Wilson,48,Engineering,Associate,Boston,137757.21,14944.49,2022-07-15,25,47.7,robert.wilson@company.com,(724) 298-5067,Active
EMP016530,Robert,Jackson,Robert Jackson,29,Sales,Lead,Seattle,53132.78,7757.0,2022-12-25,0,58.5,robert.jackson@company.com,(787) 883-4825,Active
EMP016531,Jane,Brown,Jane Brown,57,Operations,Specialist,Boston,52419.28,5443.95,2021-05-30,31,87.8,jane.brown@company.com,(336) 355-9693,Inactive
EMP016532,Sarah,Jackson,Sarah Jackson,58,Sales,Specialist,New York,120293.86,18221.59,2023-03-19,36,78.3,sarah.jackson@company.com,(271) 938-6492,Active
EMP016533,Nicole,Jackson,Nicole Jackson,50,Sales,Analyst,New York,62391.39,427.34,2024-09-28,21,77.3,nicole.jackson@company.com,(242) 852-2220,Active
EMP016534,David,Jones,David Jones,27,Sales,Senior Developer,Austin,58529.62,5790.54,2020-12-21,5,50.3,david.jones@company.com,(260) 203-4375,Active
EMP016535,Lisa,Moore,Lisa Moore,41,IT,Director,Boston,80909.94,2845.9,2024-01-29,17,66.8,lisa.moore@company.com,(369) 943-7730,Active
EMP016536,Jessica,Martin,Jessica Martin,29,HR,Analyst,San Francisco,47075.72,7749.14,2021-09-26,0,56.2,jessica.martin@company.com,(290) 297-5598,Active
EMP016537,Matthew,Jackson,Matthew Jackson,65,HR,Senior Developer,Austin,94649.66,5930.22,2021-05-22,40,79.6,matthew.jackson@company.com,(768) 645-5642,Active
EMP016538,William,Martin,William Martin,61,Engineering,Director,Austin,105899.89,5427.15,2020-08-19,34,64.4,william.martin@company.com,(886) 476-9644,Active
EMP016539,James,Anderson,James Anderson,42,Sales,Senior Developer,Boston,64711.64,5211.61,2023-02-08,14,100.0,james.anderson@company.com,(966) 885-8244,Active
EMP016540,Melissa,Johnson,Melissa Johnson,49,IT,Manager,Chicago,130640.54,7410.48,2021-01-13,25,47.4,melissa.johnson@company.com,(914) 684-6633,Active
EMP016541,James,Miller,James Miller,60,HR,Manager,Los Angeles,68304.56,7977.33,2022-06-20,35,72.2,james.miller@company.com,(415) 331-7751,Active
EMP016542,Lisa,Moore,Lisa Moore,37,IT,Associate,Los Angeles,79419.42,6257.68,2021-11-08,10,71.1,lisa.moore@company.com,(816) 894-9870,Inactive
EMP016543,John,Moore,John Moore,64,Operations,Lead,Seattle,74795.74,7997.63,2020-10-08,35,97.1,john.moore@company.com,(639) 643-3215,Active
EMP016544,Ashley,Lopez,Ashley Lopez,65,IT,Manager,Miami,99345.45,24425.66,2020-10-21,40,89.3,ashley.lopez@company.com,(388) 848-2264,Active
EMP016545,Lisa,Brown,Lisa Brown,43,IT,Specialist,Los Angeles,94694.76,0.0,2020-06-30,18,68.6,lisa.brown@company.com,(229) 711-6363,Active
EMP016546,Matthew,Rodriguez,Matthew Rodriguez,23,HR,Lead,Austin,51543.03,4333.11,2021-05-06,0,62.8,matthew.rodriguez@company.com,(758) 443-4023,Active
EMP016547,David,Johnson,David Johnson,50,Marketing,Manager,New York,80497.39,5204.58,2021-05-17,27,60.1,david.johnson@company.com,(661) 720-8865,Active
EMP016548,Sarah,Miller,Sarah Miller,33,Finance,Manager,Chicago,74783.2,12853.54,2024-12-27,8,68.8,sarah.miller@company.com,(695) 454-7888,Active
EMP016549,Amanda,Williams,Amanda Williams,47,Sales,Director,Seattle,83828.46,19506.09,2023-04-12,22,84.5,amanda.williams@company.com,(729) 626-8391,Active
EMP016550,Amanda,Brown,Amanda Brown,39,Finance,Coordinator,Seattle,91045.51,7197.09,2024-08-09,16,74.9,amanda.brown@company.com,(893) 565-3207,Active
EMP016551,Stephanie,Jones,Stephanie Jones,43,Engineering,Lead,Seattle,74649.73,5204.85,2022-07-08,18,69.9,stephanie.jones@company.com,(910) 342-7171,Active
EMP016552,Melissa,Taylor,Melissa Taylor,62,IT,Manager,Seattle,113197.2,8730.2,2022-11-03,39,57.4,melissa.taylor@company.com,(859) 520-9897,Active
EMP016553,Daniel,Anderson,Daniel Anderson,25,Sales,Lead,Boston,55319.16,3788.59,2021-10-12,1,100.0,daniel.anderson@company.com,(951) 845-8802,Active
EMP016554,Anthony,Lopez,Anthony Lopez,30,Finance,Senior Developer,San Francisco,75654.49,12911.2,2023-07-13,2,61.7,anthony.lopez@company.com,(757) 671-5883,Active
EMP016555,Christopher,Smith,Christopher Smith,26,Sales,Associate,Austin,57293.8,7201.24,2024-04-03,2,100.0,christopher.smith@company.com,(434) 538-3239,Active
EMP016556,Jessica,Lopez,Jessica Lopez,26,Marketing,Coordinator,Boston,42473.99,2789.81,2024-03-11,1,67.4,jessica.lopez@company.com,(848) 296-4408,On Leave
EMP016557,Daniel,Jones,Daniel Jones,50,IT,Associate,Los Angeles,132850.85,15796.62,2021-08-17,24,43.9,daniel.jones@company.com,(581) 690-5051,Active
EMP016558,William,Lopez,William Lopez,65,HR,Senior Developer,New York,72787.36,13311.16,2023-03-24,37,79.4,william.lopez@company.com,(273) 426-7707,Active
EMP016559,Sarah,Wilson,Sarah Wilson,32,Legal,Lead,Seattle,85477.2,6216.17,2022-10-12,3,65.8,sarah.wilson@company.com,(850) 935-1016,Active
EMP016560,Nicole,Miller,Nicole Miller,29,IT,Associate,Los Angeles,71410.32,0.0,2022-11-26,0,58.9,nicole.miller@company.com,(488) 613-6719,Active
EMP016561,Anthony,Garcia,Anthony Garcia,34,Marketing,Senior Developer,Chicago,62686.43,11733.87,2024-11-02,6,62.4,anthony.garcia@company.com,(571) 676-6114,Active
EMP016562,Nicole,Gonzalez,Nicole Gonzalez,56,Marketing,Coordinator,Austin,75717.12,11560.53,2023-01-19,32,52.7,nicole.gonzalez@company.com,(334) 775-2600,Active
EMP016563,Matthew,Anderson,Matthew Anderson,50,Marketing,Director,Chicago,72231.67,7026.11,2021-07-29,24,76.3,matthew.anderson@company.com,(770) 970-6509,Active
EMP016564,Daniel,Williams,Daniel Williams,42,Sales,Specialist,Miami,60899.15,6791.75,2021-04-28,20,76.5,daniel.williams@company.com,(616) 952-5098,Active
EMP016565,Emily,Johnson,Emily Johnson,38,IT,Senior Developer,Boston,74663.6,5879.62,2024-07-06,9,50.2,emily.johnson@company.com,(977) 911-7634,Active
EMP016566,James,Anderson,James Anderson,22,Engineering,Senior Developer,New York,93453.55,10047.83,2020-03-13,0,66.0,james.anderson@company.com,(524) 948-7563,Active
EMP016567,Lisa,Johnson,Lisa Johnson,30,Engineering,Specialist,Los Angeles,57013.98,12408.02,2022-06-19,7,47.3,lisa.johnson@company.com,(308) 920-6622,Active
EMP016568,Ashley,Rodriguez,Ashley Rodriguez,57,Sales,Lead,New York,50749.99,2979.52,2023-03-26,33,62.4,ashley.rodriguez@company.com,(234) 393-6841,Active
EMP016569,Emily,Williams,Emily Williams,54,Legal,Senior Developer,Miami,95785.38,11988.62,2024-04-18,30,72.6,emily.williams@company.com,(589) 556-7037,Active
EMP016570,Daniel,Gonzalez,Daniel Gonzalez,63,Engineering,Associate,Seattle,116907.33,18747.83,2020-11-12,41,81.4,daniel.gonzalez@company.com,(597) 509-4065,On Leave
EMP016571,Sarah,Martinez,Sarah Martinez,59,Marketing,Coordinator,Chicago,85330.52,10397.94,2024-01-03,37,88.6,sarah.martinez@company.com,(804) 909-6014,Active
EMP016572,Emily,Miller,Emily Miller,65,Engineering,Lead,Seattle,105663.41,7702.89,2021-05-09,39,70.8,emily.miller@company.com,(456) 599-1140,Active
EMP016573,Daniel,Wilson,Daniel Wilson,26,Operations,Coordinator,Seattle,39962.61,2266.78,2024-10-31,0,77.0,daniel.wilson@company.com,(958) 933-5084,Active
EMP016574,David,Taylor,David Taylor,32,Engineering,Analyst,New York,111021.63,12600.64,2022-07-31,4,56.0,david.taylor@company.com,(319) 509-7472,Active
EMP016575,James,Thomas,James Thomas,44,Operations,Senior Developer,San Francisco,33191.66,3829.8,2020-02-27,18,84.6,james.thomas@company.com,(426) 701-2203,Active
EMP016576,Emily,Martinez,Emily Martinez,27,Finance,Associate,Chicago,72887.27,7380.81,2024-06-05,5,66.9,emily.martinez@company.com,(448) 913-9553,Active
EMP016577,Daniel,Johnson,Daniel Johnson,61,IT,Associate,Boston,120297.2,15934.5,2022-07-21,33,76.3,daniel.johnson@company.com,(296) 304-2307,Active
EMP016578,Matthew,Thomas,Matthew Thomas,50,Engineering,Associate,Austin,86411.68,12559.56,2020-01-04,28,45.0,matthew.thomas@company.com,(638) 337-2833,Active
EMP016579,Melissa,Gonzalez,Melissa Gonzalez,61,Legal,Manager,Miami,89573.46,8936.43,2020-02-07,38,90.1,melissa.gonzalez@company.com,(541) 428-3046,Active
EMP016580,Robert,Rodriguez,Robert Rodriguez,49,Finance,Specialist,Seattle,95184.9,2878.24,2020-09-04,22,76.7,robert.rodriguez@company.com,(976) 602-3807,Active
EMP016581,Nicole,Williams,Nicole Williams,40,IT,Associate,Boston,79378.87,7331.41,2020-04-16,17,61.5,nicole.williams@company.com,(547) 503-5026,Active
EMP016582,Melissa,Thomas,Melissa Thomas,22,Engineering,Coordinator,Seattle,113008.17,7887.32,2021-12-25,0,70.3,melissa.thomas@company.com,(202) 813-7275,Active
EMP016583,David,Miller,David Miller,59,Marketing,Coordinator,Los Angeles,98985.34,5664.06,2021-05-19,30,86.2,david.miller@company.com,(507) 721-9505,Active
EMP016584,Amanda,Taylor,Amanda Taylor,30,Operations,Specialist,Austin,67779.77,5009.21,2020-06-12,5,64.0,amanda.taylor@company.com,(579) 377-5912,Active
EMP016585,Michael,Wilson,Michael Wilson,35,Engineering,Senior Developer,Seattle,116418.29,25807.43,2022-10-28,12,73.9,michael.wilson@company.com,(738) 473-9751,Active
EMP016586,David,Smith,David Smith,33,IT,Lead,San Francisco,92265.89,8931.65,2024-04-05,11,74.7,david.smith@company.com,(621) 241-6232,Inactive
EMP016587,Robert,Miller,Robert Miller,30,Operations,Analyst,New York,51096.62,2288.0,2021-01-14,8,100.0,robert.miller@company.com,(924) 857-2756,Active
EMP016588,Amanda,Garcia,Amanda Garcia,36,IT,Specialist,Boston,62471.35,6612.53,2021-06-14,10,68.2,amanda.garcia@company.com,(513) 351-1261,Inactive
EMP016589,James,Gonzalez,James Gonzalez,41,Legal,Associate,New York,72788.54,4086.84,2023-11-13,19,96.1,james.gonzalez@company.com,(356) 517-7898,Active
EMP016590,Sarah,Rodriguez,Sarah Rodriguez,49,IT,Director,Miami,104823.23,11591.26,2024-12-07,24,82.6,sarah.rodriguez@company.com,(766) 901-9920,Active
EMP016591,Stephanie,Moore,Stephanie Moore,37,IT,Senior Developer,Miami,78359.72,3344.27,2021-06-08,8,71.1,stephanie.moore@company.com,(767) 595-4715,Inactive
EMP016592,Stephanie,Garcia,Stephanie Garcia,24,HR,Manager,New York,32631.78,6192.61,2021-06-18,2,80.4,stephanie.garcia@company.com,(380) 434-6410,Active
EMP016593,David,Johnson,David Johnson,42,IT,Lead,Chicago,97046.64,10583.58,2021-09-21,15,55.2,david.johnson@company.com,(777) 581-8356,Active
EMP016594,John,Garcia,John Garcia,28,Legal,Senior Developer,San Francisco,80658.26,11763.81,2021-05-24,2,56.3,john.garcia@company.com,(468) 385-7950,Active
EMP016595,Michael,Miller,Michael Miller,27,IT,Manager,Chicago,56644.98,4746.04,2022-10-23,5,51.1,michael.miller@company.com,(371) 731-7838,On Leave
EMP016596,James,Rodriguez,James Rodriguez,56,Legal,Analyst,Chicago,115699.63,13263.09,2020-11-04,30,98.2,james.rodriguez@company.com,(666) 674-9185,Active
EMP016597,Christopher,Miller,Christopher Miller,33,Finance,Lead,Chicago,75264.73,13488.68,2022-09-22,11,90.6,christopher.miller@company.com,(585) 514-1346,Active
EMP016598,Lisa,Wilson,Lisa Wilson,33,Operations,Lead,Boston,42681.41,1012.87,2020-07-28,9,72.0,lisa.wilson@company.com,(497) 606-4514,Active
EMP016599,Nicole,Miller,Nicole Miller,51,Engineering,Coordinator,Miami,120668.51,3172.33,2022-07-04,29,77.0,nicole.miller@company.com,(922) 732-1104,Active
EMP016600,Michael,Thomas,Michael Thomas,35,Legal,Coordinator,Austin,90140.95,9198.52,2022-06-01,13,66.1,michael.thomas@company.com,(404) 789-3689,Active
EMP016601,Anthony,Williams,Anthony Williams,23,HR,Specialist,Miami,27000.0,2298.5,2020-07-14,0,51.7,anthony.williams@company.com,(303) 942-7498,Active
EMP016602,John,Taylor,John Taylor,64,Engineering,Senior Developer,Boston,118961.66,12971.73,2020-01-25,38,92.8,john.taylor@company.com,(506) 797-2224,Active
EMP016603,Sarah,Garcia,Sarah Garcia,35,IT,Associate,Miami,102037.46,16291.62,2024-05-07,8,76.4,sarah.garcia@company.com,(273) 969-3693,Active
EMP016604,Amanda,Rodriguez,Amanda Rodriguez,40,HR,Analyst,Los Angeles,63860.47,7980.99,2024-12-18,16,65.8,amanda.rodriguez@company.com,(207) 430-7563,Active
EMP016605,Robert,Lopez,Robert Lopez,58,IT,Specialist,Boston,98761.0,6909.75,2023-12-26,34,87.2,robert.lopez@company.com,(351) 337-5566,On Leave
EMP016606,Jane,Hernandez,Jane Hernandez,58,Engineering,Manager,Los Angeles,117282.33,7082.18,2024-08-24,36,94.0,jane.hernandez@company.com,(249) 345-7478,Active
EMP016607,Sarah,Jones,Sarah Jones,33,Sales,Director,Chicago,60693.09,8206.04,2020-03-21,4,72.0,sarah.jones@company.com,(759) 242-2489,Active
EMP016608,Anthony,Taylor,Anthony Taylor,25,Sales,Associate,Austin,78472.27,11532.0,2024-12-11,0,100.0,anthony.taylor@company.com,(590) 523-3380,Active
EMP016609,David,Moore,David Moore,28,HR,Associate,Miami,38943.96,4562.71,2023-02-27,6,90.2,david.moore@company.com,(859) 360-8911,Active
EMP016610,Anthony,Anderson,Anthony Anderson,42,Sales,Associate,San Francisco,71619.15,13249.75,2024-11-29,14,73.3,anthony.anderson@company.com,(753) 920-8865,Active
EMP016611,Christopher,Johnson,Christopher Johnson,47,HR,Analyst,Austin,55138.03,3870.15,2023-01-25,21,51.6,christopher.johnson@company.com,(673) 496-7657,Active
EMP016612,Sarah,Thomas,Sarah Thomas,34,Marketing,Senior Developer,Miami,63932.22,4639.4,2023-09-18,8,90.6,sarah.thomas@company.com,(489) 209-2284,Active
EMP016613,Jane,Brown,Jane Brown,29,HR,Lead,New York,57352.11,7239.17,2022-03-18,2,55.7,jane.brown@company.com,(692) 921-1667,Active
EMP016614,Melissa,Brown,Melissa Brown,63,Engineering,Lead,New York,132293.37,8714.53,2020-04-07,34,55.8,melissa.brown@company.com,(875) 809-7002,Active
EMP016615,Matthew,Garcia,Matthew Garcia,43,Operations,Senior Developer,Seattle,76967.32,4063.1,2024-12-27,15,73.0,matthew.garcia@company.com,(389) 927-3930,Active
EMP016616,Jane,Jackson,Jane Jackson,58,Operations,Lead,Miami,70896.81,4352.83,2024-07-13,34,76.3,jane.jackson@company.com,(399) 461-7403,Active
EMP016617,Amanda,Hernandez,Amanda Hernandez,46,Finance,Specialist,Austin,48851.55,5122.07,2024-08-01,21,62.7,amanda.hernandez@company.com,(291) 567-2889,Active
EMP016618,Melissa,Jackson,Melissa Jackson,35,Finance,Director,Austin,59010.61,0.0,2022-12-24,13,85.4,melissa.jackson@company.com,(919) 623-5717,Active
EMP016619,David,Martinez,David Martinez,55,Legal,Director,New York,103465.58,14038.25,2024-04-22,26,90.2,david.martinez@company.com,(833) 528-5344,Active
EMP016620,Emily,Davis,Emily Davis,54,Marketing,Senior Developer,Chicago,73068.56,11103.5,2022-10-18,27,58.7,emily.davis@company.com,(334) 271-9724,Active
EMP016621,Lisa,Gonzalez,Lisa Gonzalez,31,Engineering,Director,Miami,87192.05,12642.16,2022-04-04,9,73.3,lisa.gonzalez@company.com,(765) 402-4529,Active
EMP016622,James,Johnson,James Johnson,49,Engineering,Specialist,New York,93850.52,10504.61,2022-11-13,27,83.4,james.johnson@company.com,(417) 853-6600,Active
EMP016623,Amanda,Jackson,Amanda Jackson,51,HR,Specialist,Los Angeles,64451.72,1515.47,2024-01-04,25,67.5,amanda.jackson@company.com,(974) 980-6313,Active
EMP016624,Jane,Jones,Jane Jones,53,Sales,Coordinator,New York,93577.76,10628.68,2023-01-06,28,73.5,jane.jones@company.com,(364) 238-5007,Inactive
EMP016625,Stephanie,Jones,Stephanie Jones,54,Engineering,Analyst,New York,102349.14,13609.49,2021-11-28,26,56.2,stephanie.jones@company.com,(978) 687-4704,Active
EMP016626,Sarah,Garcia,Sarah Garcia,38,Operations,Analyst,Los Angeles,92894.2,327.16,2024-12-28,12,54.2,sarah.garcia@company.com,(787) 729-7501,Active
EMP016627,Matthew,Wilson,Matthew Wilson,32,Engineering,Analyst,Austin,75136.53,11593.65,2023-02-01,7,74.1,matthew.wilson@company.com,(271) 659-1160,Active
EMP016628,William,Jones,William Jones,47,Sales,Specialist,Los Angeles,90068.23,11305.34,2024-12-21,24,69.3,william.jones@company.com,(478) 777-6779,Active
EMP016629,William,Jackson,William Jackson,30,Engineering,Coordinator,Austin,73054.52,2142.88,2022-09-04,2,72.7,william.jackson@company.com,(892) 386-9912,Active
EMP016630,John,Wilson,John Wilson,37,Sales,Lead,San Francisco,72386.12,7988.89,2024-08-22,10,69.7,john.wilson@company.com,(757) 718-4208,Inactive
EMP016631,William,Jackson,William Jackson,31,Legal,Coordinator,Boston,80389.09,0.0,2024-11-09,9,100.0,william.jackson@company.com,(209) 590-5382,Active
EMP016632,William,Moore,William Moore,36,IT,Lead,Boston,56694.9,8105.42,2022-12-07,8,76.2,william.moore@company.com,(445) 457-7464,Inactive
EMP016633,James,Jones,James Jones,48,Legal,Manager,San Francisco,126044.42,11418.53,2021-08-09,23,75.3,james.jones@company.com,(409) 471-6924,Active
EMP016634,Jane,Smith,Jane Smith,55,Marketing,Specialist,New York,71848.51,8087.27,2021-11-01,26,90.3,jane.smith@company.com,(812) 585-2745,Active
EMP016635,Daniel,Wilson,Daniel Wilson,23,Engineering,Associate,Chicago,116399.79,11597.47,2020-11-01,0,81.8,daniel.wilson@company.com,(483) 426-6297,Active
EMP016636,David,Martin,David Martin,61,Finance,Lead,Los Angeles,131903.6,18118.43,2020-12-18,34,75.3,david.martin@company.com,(353) 273-7070,Inactive
EMP016637,Christopher,Johnson,Christopher Johnson,61,IT,Coordinator,Boston,110032.06,23442.98,2021-11-23,39,88.5,christopher.johnson@company.com,(923) 554-4172,Active
EMP016638,Stephanie,Rodriguez,Stephanie Rodriguez,49,Sales,Associate,Boston,72758.37,7605.81,2022-05-16,23,49.9,stephanie.rodriguez@company.com,(529) 481-7811,Active
EMP016639,Lisa,Wilson,Lisa Wilson,39,Legal,Analyst,Austin,88950.39,5388.17,2024-06-12,12,57.5,lisa.wilson@company.com,(445) 728-5139,Active
EMP016640,Jane,Martin,Jane Martin,55,HR,Director,Boston,72641.88,5286.02,2024-10-31,31,65.2,jane.martin@company.com,(641) 398-6269,Inactive
EMP016641,Stephanie,Anderson,Stephanie Anderson,52,Marketing,Associate,Miami,97504.71,4000.48,2021-10-30,25,88.9,stephanie.anderson@company.com,(982) 765-6498,On Leave
EMP016642,Stephanie,Hernandez,Stephanie Hernandez,54,Legal,Manager,Austin,77043.8,8757.99,2023-02-21,30,51.1,stephanie.hernandez@company.com,(923) 739-6594,Active
EMP016643,Melissa,Jones,Melissa Jones,28,Legal,Associate,Seattle,77575.79,15302.81,2022-08-13,6,69.6,melissa.jones@company.com,(862) 326-6581,Active
EMP016644,Robert,Miller,Robert Miller,42,Finance,Specialist,Miami,67495.08,9563.8,2020-02-04,17,58.5,robert.miller@company.com,(823) 584-2295,Active
EMP016645,John,Garcia,John Garcia,31,Finance,Coordinator,Los Angeles,81391.15,12775.56,2022-07-16,2,91.7,john.garcia@company.com,(390) 927-7883,Active
EMP016646,Emily,Smith,Emily Smith,33,IT,Coordinator,San Francisco,103570.74,9001.66,2021-07-11,8,57.9,emily.smith@company.com,(213) 258-6551,On Leave
EMP016647,James,Garcia,James Garcia,35,HR,Lead,San Francisco,72298.5,5022.95,2022-12-06,7,80.3,james.garcia@company.com,(486) 951-4809,Active
EMP016648,David,Miller,David Miller,28,HR,Senior Developer,New York,67563.45,102.87,2021-05-22,3,91.6,david.miller@company.com,(860) 537-8487,Active
EMP016649,Ashley,Jackson,Ashley Jackson,28,HR,Senior Developer,Miami,39319.34,1835.03,2021-04-27,5,85.9,ashley.jackson@company.com,(872) 266-8397,Inactive
EMP016650,Daniel,Garcia,Daniel Garcia,32,Legal,Specialist,San Francisco,102641.3,11845.74,2021-12-22,8,81.6,daniel.garcia@company.com,(359) 415-2361,Active
EMP016651,David,Miller,David Miller,59,IT,Senior Developer,Miami,96070.02,22889.17,2023-06-02,32,78.6,david.miller@company.com,(415) 669-2732,Active
EMP016652,Matthew,Johnson,Matthew Johnson,23,Finance,Coordinator,New York,50755.65,10150.76,2024-02-05,0,85.2,matthew.johnson@company.com,(691) 347-2556,Active
EMP016653,Emily,Wilson,Emily Wilson,62,Engineering,Analyst,Austin,121904.39,13081.09,2023-09-26,40,83.7,emily.wilson@company.com,(698) 341-5224,Active
EMP016654,Daniel,Hernandez,Daniel Hernandez,49,Operations,Specialist,Austin,67625.72,9628.5,2023-04-18,27,70.4,daniel.hernandez@company.com,(546) 829-2574,Active
EMP016655,Christopher,Martin,Christopher Martin,50,Operations,Senior Developer,Austin,79427.47,12459.08,2023-08-22,28,73.0,christopher.martin@company.com,(838) 219-1578,Active
EMP016656,Melissa,Taylor,Melissa Taylor,55,Marketing,Director,Miami,58681.72,8612.63,2020-06-10,27,94.3,melissa.taylor@company.com,(316) 339-1251,Active
EMP016657,Jane,Hernandez,Jane Hernandez,23,HR,Lead,Los Angeles,77764.66,8068.42,2021-06-22,0,69.1,jane.hernandez@company.com,(845) 641-1498,Active
EMP016658,John,Brown,John Brown,23,Engineering,Associate,San Francisco,45257.51,5586.57,2021-10-14,0,71.1,john.brown@company.com,(201) 669-6082,Inactive
EMP016659,Matthew,Smith,Matthew Smith,32,Legal,Analyst,Seattle,84896.0,3173.04,2023-05-04,7,83.5,matthew.smith@company.com,(619) 669-9514,Active
EMP016660,Jane,Smith,Jane Smith,58,HR,Coordinator,Chicago,68315.2,5867.97,2022-05-25,33,91.7,jane.smith@company.com,(689) 596-7139,Active
EMP016661,Matthew,Smith,Matthew Smith,55,Operations,Specialist,Boston,68230.2,8518.02,2023-08-30,29,81.4,matthew.smith@company.com,(633) 571-7974,Active
EMP016662,David,Jackson,David Jackson,47,Engineering,Lead,Seattle,67962.11,9665.53,2021-10-05,25,68.0,david.jackson@company.com,(440) 826-3726,Active
EMP016663,Jessica,Thomas,Jessica Thomas,52,Legal,Coordinator,Miami,117614.9,12546.66,2024-02-21,26,98.8,jessica.thomas@company.com,(550) 466-6550,Active
EMP016664,Daniel,Wilson,Daniel Wilson,57,HR,Specialist,Los Angeles,68136.0,5483.77,2021-01-18,33,98.7,daniel.wilson@company.com,(546) 343-2517,Active
EMP016665,Sarah,Johnson,Sarah Johnson,27,Marketing,Analyst,Seattle,56780.79,5334.6,2023-10-01,3,88.2,sarah.johnson@company.com,(765) 402-8063,Inactive
EMP016666,Robert,Smith,Robert Smith,32,Finance,Manager,Seattle,99212.8,7877.92,2021-09-06,5,50.9,robert.smith@company.com,(645) 283-8666,Active
EMP016667,Robert,Thomas,Robert Thomas,53,Legal,Lead,Austin,88116.14,9660.47,2021-11-06,26,64.5,robert.thomas@company.com,(689) 260-5801,Active
EMP016668,John,Hernandez,John Hernandez,48,Engineering,Analyst,Los Angeles,92092.67,10020.12,2022-08-29,20,72.5,john.hernandez@company.com,(868) 643-7208,Active
EMP016669,John,Williams,John Williams,24,Legal,Associate,Miami,83003.99,7571.68,2022-03-10,0,50.7,john.williams@company.com,(563) 287-3684,Active
EMP016670,John,Martin,John Martin,36,HR,Analyst,Seattle,63151.95,5819.12,2020-09-26,11,53.9,john.martin@company.com,(269) 452-8708,Active
EMP016671,Matthew,Hernandez,Matthew Hernandez,54,Marketing,Lead,San Francisco,49208.66,4730.14,2020-10-06,32,91.4,matthew.hernandez@company.com,(979) 270-3957,Active
EMP016672,John,Taylor,John Taylor,45,HR,Manager,Austin,61229.11,8680.12,2020-12-23,18,58.5,john.taylor@company.com,(534) 887-5137,Active
EMP016673,Robert,Hernandez,Robert Hernandez,39,Operations,Director,Miami,55716.54,11199.15,2023-08-21,13,57.3,robert.hernandez@company.com,(908) 213-8177,Active
EMP016674,William,Brown,William Brown,65,Sales,Associate,Los Angeles,84438.56,0.0,2021-06-22,39,63.8,william.brown@company.com,(871) 872-9478,Active
EMP016675,Matthew,Jackson,Matthew Jackson,56,Legal,Associate,Boston,93249.53,10606.0,2024-09-15,32,80.7,matthew.jackson@company.com,(762) 739-2213,Active
EMP016676,John,Martin,John Martin,61,IT,Analyst,Chicago,116842.71,7906.16,2022-10-11,38,67.2,john.martin@company.com,(422) 416-8149,On Leave
EMP016677,Jessica,Rodriguez,Jessica Rodriguez,32,Legal,Lead,Austin,66205.31,1367.69,2020-07-08,7,67.6,jessica.rodriguez@company.com,(278) 490-6249,Active
EMP016678,Lisa,Garcia,Lisa Garcia,43,Finance,Analyst,Los Angeles,61026.86,8879.56,2020-06-27,21,60.9,lisa.garcia@company.com,(440) 690-9665,Active
EMP016679,Anthony,Johnson,Anthony Johnson,52,Legal,Coordinator,Seattle,51047.48,1555.43,2023-12-31,29,53.2,anthony.johnson@company.com,(660) 250-3287,Active
EMP016680,Christopher,Gonzalez,Christopher Gonzalez,43,Marketing,Associate,New York,81679.51,9378.96,2021-01-21,19,91.3,christopher.gonzalez@company.com,(360) 907-5983,On Leave
EMP016681,Christopher,Davis,Christopher Davis,40,Finance,Coordinator,San Francisco,101791.33,11020.79,2022-09-04,12,99.6,christopher.davis@company.com,(904) 574-2724,Active
EMP016682,Daniel,Wilson,Daniel Wilson,51,Marketing,Director,Austin,66522.89,6349.5,2020-04-12,22,53.5,daniel.wilson@company.com,(633) 700-3208,Active
EMP016683,William,Smith,William Smith,60,Legal,Analyst,Miami,98730.66,12541.49,2021-09-18,33,62.1,william.smith@company.com,(637) 983-9796,Active
EMP016684,Nicole,Rodriguez,Nicole Rodriguez,40,Finance,Coordinator,Boston,89626.08,5544.04,2020-06-15,16,71.8,nicole.rodriguez@company.com,(637) 889-8536,Active
EMP016685,John,Martinez,John Martinez,51,Finance,Analyst,Austin,107973.8,14439.98,2023-01-31,24,55.4,john.martinez@company.com,(841) 569-5838,Active
EMP016686,Matthew,Wilson,Matthew Wilson,58,Operations,Director,Austin,85406.62,3674.62,2024-07-27,29,78.2,matthew.wilson@company.com,(772) 278-3582,Active
EMP016687,Amanda,Rodriguez,Amanda Rodriguez,54,Legal,Associate,Boston,94564.0,10654.14,2020-05-25,29,71.8,amanda.rodriguez@company.com,(689) 589-4159,Active
EMP016688,Nicole,Smith,Nicole Smith,36,Operations,Senior Developer,Miami,56382.41,3741.4,2020-05-04,11,57.4,nicole.smith@company.com,(874) 408-2657,Active
EMP016689,Nicole,Miller,Nicole Miller,32,IT,Associate,Austin,78486.91,5142.08,2023-05-23,10,73.6,nicole.miller@company.com,(254) 912-3465,Active
EMP016690,Jane,Martinez,Jane Martinez,47,Finance,Director,Boston,88472.98,14305.13,2021-03-06,23,84.6,jane.martinez@company.com,(800) 560-9161,Active
EMP016691,Robert,Anderson,Robert Anderson,32,Finance,Associate,Boston,86579.23,15174.74,2020-05-05,8,71.6,robert.anderson@company.com,(841) 436-8329,Active
EMP016692,Melissa,Wilson,Melissa Wilson,50,Marketing,Associate,New York,102641.85,10207.91,2021-03-19,24,62.4,melissa.wilson@company.com,(458) 651-5173,Inactive
EMP016693,Melissa,Jones,Melissa Jones,55,Engineering,Senior Developer,San Francisco,91784.34,6368.36,2021-12-23,31,86.9,melissa.jones@company.com,(426) 608-2345,Inactive
EMP016694,John,Williams,John Williams,23,Engineering,Coordinator,Austin,90529.96,0.0,2023-10-11,0,60.1,john.williams@company.com,(919) 642-3568,Active
EMP016695,Melissa,Anderson,Melissa Anderson,50,Sales,Specialist,Boston,85057.77,5259.95,2023-05-05,28,55.2,melissa.anderson@company.com,(314) 346-9265,Active
EMP016696,Stephanie,Thomas,Stephanie Thomas,48,HR,Director,Boston,58504.96,0.0,2021-02-23,22,79.5,stephanie.thomas@company.com,(279) 426-8280,Active
EMP016697,Emily,Wilson,Emily Wilson,64,HR,Director,New York,75669.4,11433.41,2023-05-15,39,82.9,emily.wilson@company.com,(440) 462-1171,Active
EMP016698,Melissa,Miller,Melissa Miller,30,Operations,Coordinator,Austin,58486.23,4994.64,2021-01-05,7,80.8,melissa.miller@company.com,(934) 475-1244,Active
EMP016699,David,Rodriguez,David Rodriguez,44,Operations,Specialist,San Francisco,84064.63,15594.64,2023-01-31,22,75.8,david.rodriguez@company.com,(986) 233-7972,Active
EMP016700,Amanda,Lopez,Amanda Lopez,61,Marketing,Associate,Seattle,90127.65,16548.99,2020-09-13,33,96.9,amanda.lopez@company.com,(965) 447-7122,Active
EMP016701,Lisa,Johnson,Lisa Johnson,32,Operations,Coordinator,Austin,54183.16,3209.44,2022-10-04,6,75.7,lisa.johnson@company.com,(296) 502-1357,Active
EMP016702,Christopher,Martinez,Christopher Martinez,60,Legal,Director,Seattle,74620.39,656.21,2023-12-08,33,71.4,christopher.martinez@company.com,(475) 306-8359,Active
EMP016703,Daniel,Anderson,Daniel Anderson,42,HR,Coordinator,Chicago,65030.41,0.0,2020-07-14,15,91.5,daniel.anderson@company.com,(427) 521-6526,Active
EMP016704,Stephanie,Rodriguez,Stephanie Rodriguez,34,IT,Associate,Boston,69047.12,9706.06,2024-11-27,10,86.0,stephanie.rodriguez@company.com,(686) 842-9112,Active
EMP016705,Matthew,Anderson,Matthew Anderson,23,IT,Coordinator,Chicago,75185.93,5066.05,2024-08-09,0,56.2,matthew.anderson@company.com,(240) 685-1588,Active
EMP016706,Jessica,Anderson,Jessica Anderson,64,Finance,Lead,Chicago,115053.56,21514.37,2022-04-08,41,74.4,jessica.anderson@company.com,(389) 827-1010,On Leave
EMP016707,Matthew,Garcia,Matthew Garcia,30,HR,Analyst,Miami,45399.42,11048.11,2021-04-11,6,81.8,matthew.garcia@company.com,(582) 823-8081,Active
EMP016708,Daniel,Lopez,Daniel Lopez,56,HR,Director,Seattle,87571.41,3734.21,2022-04-05,33,92.2,daniel.lopez@company.com,(393) 781-5756,Active
EMP016709,Anthony,Brown,Anthony Brown,55,Engineering,Associate,Los Angeles,106142.84,8202.53,2024-05-02,29,33.8,anthony.brown@company.com,(839) 795-1071,Active
EMP016710,Lisa,Jones,Lisa Jones,31,IT,Manager,New York,46012.1,5631.99,2024-07-28,9,100.0,lisa.jones@company.com,(874) 544-4827,Active
EMP016711,Ashley,Martin,Ashley Martin,65,Engineering,Manager,Los Angeles,105311.31,10188.6,2020-09-17,37,61.4,ashley.martin@company.com,(927) 202-5172,Active
EMP016712,Emily,Davis,Emily Davis,46,Sales,Associate,San Francisco,55022.69,3881.2,2023-07-30,20,78.3,emily.davis@company.com,(636) 353-9191,Active
EMP016713,Sarah,Wilson,Sarah Wilson,52,Engineering,Analyst,San Francisco,121870.91,2741.01,2020-09-04,29,100.0,sarah.wilson@company.com,(340) 827-5641,Active
EMP016714,Sarah,Wilson,Sarah Wilson,49,HR,Senior Developer,Chicago,78759.78,15389.06,2022-07-30,21,57.2,sarah.wilson@company.com,(980) 517-1873,Active
EMP016715,Jane,Lopez,Jane Lopez,41,Engineering,Coordinator,Chicago,96523.51,3957.83,2023-02-13,18,40.3,jane.lopez@company.com,(671) 705-5285,Active
EMP016716,William,Gonzalez,William Gonzalez,65,Sales,Lead,Boston,113547.6,12499.23,2021-02-17,41,78.9,william.gonzalez@company.com,(513) 226-3788,On Leave
EMP016717,Anthony,Jones,Anthony Jones,32,HR,Director,New York,85268.7,12723.84,2024-01-02,6,78.0,anthony.jones@company.com,(953) 728-3564,Inactive
EMP016718,David,Thomas,David Thomas,33,HR,Senior Developer,Chicago,40899.24,2817.62,2021-02-04,4,100.0,david.thomas@company.com,(969) 865-9475,Active
EMP016719,Anthony,Davis,Anthony Davis,46,Engineering,Coordinator,Los Angeles,88031.78,10124.95,2021-10-24,18,76.8,anthony.davis@company.com,(801) 380-2715,Active
EMP016720,James,Brown,James Brown,39,Marketing,Lead,Los Angeles,77112.83,9085.34,2024-08-03,16,55.0,james.brown@company.com,(960) 478-9687,On Leave
EMP016721,Emily,Williams,Emily Williams,44,Legal,Director,Seattle,81343.49,7470.9,2023-02-23,17,62.3,emily.williams@company.com,(431) 705-2424,Active
EMP016722,William,Thomas,William Thomas,39,Sales,Manager,Seattle,74734.95,1987.4,2021-10-30,16,89.1,william.thomas@company.com,(596) 931-8417,Active
EMP016723,Daniel,Miller,Daniel Miller,58,Operations,Senior Developer,Seattle,52707.9,5833.01,2020-06-27,32,59.7,daniel.miller@company.com,(255) 211-6177,Active
EMP016724,William,Miller,William Miller,63,IT,Coordinator,Miami,85412.93,9308.32,2023-11-30,41,59.0,william.miller@company.com,(466) 678-6470,Active
EMP016725,Christopher,Jones,Christopher Jones,53,Operations,Senior Developer,Austin,64461.41,7092.95,2020-06-03,31,70.2,christopher.jones@company.com,(922) 656-6068,Active
EMP016726,John,Johnson,John Johnson,39,Marketing,Coordinator,Los Angeles,98285.95,6921.4,2024-05-31,13,46.7,john.johnson@company.com,(959) 548-3416,Active
EMP016727,Anthony,Johnson,Anthony Johnson,48,Sales,Lead,Seattle,96106.11,5770.28,2022-08-02,21,79.6,anthony.johnson@company.com,(398) 694-8560,Inactive
EMP016728,Anthony,Taylor,Anthony Taylor,25,Sales,Coordinator,Boston,72009.92,12236.32,2022-09-12,0,82.9,anthony.taylor@company.com,(976) 278-7216,Inactive
EMP016729,Jane,Anderson,Jane Anderson,59,Sales,Lead,Seattle,81180.38,7430.47,2023-05-23,34,59.1,jane.anderson@company.com,(539) 596-6074,Active
EMP016730,Daniel,Martin,Daniel Martin,33,Sales,Lead,San Francisco,73600.8,4167.29,2020-02-01,4,71.8,daniel.martin@company.com,(581) 682-6885,Active
EMP016731,Michael,Moore,Michael Moore,35,Engineering,Associate,Los Angeles,117762.15,0.0,2024-09-11,11,63.4,michael.moore@company.com,(986) 393-9444,Active
EMP016732,Jane,Garcia,Jane Garcia,48,Operations,Associate,New York,69335.82,11169.02,2024-01-04,22,83.6,jane.garcia@company.com,(393) 793-2742,Active
EMP016733,Amanda,Hernandez,Amanda Hernandez,39,Operations,Analyst,Chicago,82422.53,5250.09,2022-10-09,13,43.4,amanda.hernandez@company.com,(336) 848-6394,Active
EMP016734,Emily,Davis,Emily Davis,57,Engineering,Analyst,Boston,110088.82,9544.61,2021-04-03,32,67.5,emily.davis@company.com,(342) 759-7715,Active
EMP016735,Jane,Jones,Jane Jones,45,Legal,Senior Developer,Los Angeles,95379.54,12006.56,2024-01-27,16,57.8,jane.jones@company.com,(537) 320-2097,Active
EMP016736,Jane,Thomas,Jane Thomas,56,Operations,Associate,New York,70137.77,1259.35,2022-04-13,34,59.9,jane.thomas@company.com,(583) 481-3339,Active
EMP016737,Sarah,Martin,Sarah Martin,52,HR,Coordinator,New York,72465.26,5351.09,2022-12-14,27,100.0,sarah.martin@company.com,(478) 897-1343,Active
EMP016738,James,Smith,James Smith,38,Finance,Lead,San Francisco,63880.99,3507.23,2021-02-12,12,84.6,james.smith@company.com,(520) 737-8602,Active
EMP016739,William,Lopez,William Lopez,48,Finance,Analyst,Boston,88421.36,9194.17,2022-01-30,20,69.0,william.lopez@company.com,(813) 323-5561,Active
EMP016740,James,Moore,James Moore,36,Engineering,Lead,Austin,87262.02,3356.09,2024-04-06,10,69.4,james.moore@company.com,(559) 749-6862,Active
EMP016741,John,Thomas,John Thomas,27,Operations,Director,New York,74120.45,1392.02,2021-10-21,1,88.1,john.thomas@company.com,(724) 527-6969,Inactive
EMP016742,John,Jones,John Jones,59,HR,Analyst,Miami,102516.76,3249.74,2022-07-18,30,79.7,john.jones@company.com,(544) 694-4282,Active
EMP016743,Emily,Davis,Emily Davis,54,Finance,Lead,Chicago,90890.9,8971.28,2024-11-22,32,100.0,emily.davis@company.com,(771) 866-2932,Active
EMP016744,James,Lopez,James Lopez,39,Engineering,Associate,Seattle,81305.09,8150.79,2023-12-10,12,77.0,james.lopez@company.com,(308) 373-4487,Active
EMP016745,Jessica,Williams,Jessica Williams,38,Engineering,Manager,New York,72615.81,5387.7,2023-11-15,10,85.5,jessica.williams@company.com,(619) 502-4337,Active
EMP016746,Robert,Johnson,Robert Johnson,29,Legal,Coordinator,Boston,103062.3,8009.75,2023-08-23,5,68.1,robert.johnson@company.com,(929) 223-2907,Inactive
EMP016747,Ashley,Davis,Ashley Davis,56,Operations,Specialist,San Francisco,76076.22,6461.94,2021-06-17,32,50.3,ashley.davis@company.com,(835) 399-4924,Active
EMP016748,John,Williams,John Williams,38,Operations,Coordinator,Chicago,50679.85,5299.86,2024-04-28,13,87.6,john.williams@company.com,(235) 712-4389,Inactive
EMP016749,Stephanie,Jones,Stephanie Jones,63,Operations,Director,Miami,65540.58,7424.25,2021-01-20,34,52.3,stephanie.jones@company.com,(589) 482-6277,Active
EMP016750,David,Brown,David Brown,22,Legal,Coordinator,Los Angeles,120683.63,9438.18,2023-11-09,0,84.5,david.brown@company.com,(675) 734-4244,Active
EMP016751,Ashley,Smith,Ashley Smith,23,HR,Coordinator,Austin,62285.42,4655.28,2020-09-30,1,66.7,ashley.smith@company.com,(349) 410-1237,Active
EMP016752,Melissa,Brown,Melissa Brown,41,Marketing,Senior Developer,Austin,69850.81,9470.65,2023-08-13,19,83.5,melissa.brown@company.com,(417) 965-5938,Active
EMP016753,Matthew,Moore,Matthew Moore,25,Operations,Associate,Boston,50795.87,0.0,2023-05-30,0,85.5,matthew.moore@company.com,(896) 927-1326,Active
EMP016754,Daniel,Jackson,Daniel Jackson,58,Marketing,Analyst,San Francisco,71034.0,5102.47,2021-10-11,35,75.0,daniel.jackson@company.com,(387) 203-1482,Active
EMP016755,Lisa,Brown,Lisa Brown,38,Engineering,Coordinator,Seattle,98468.43,13081.41,2024-08-10,12,78.8,lisa.brown@company.com,(512) 416-6185,Active
EMP016756,Sarah,Garcia,Sarah Garcia,42,Operations,Lead,New York,73991.33,0.0,2022-06-09,16,86.1,sarah.garcia@company.com,(643) 778-5540,Active
EMP016757,Sarah,Wilson,Sarah Wilson,27,Engineering,Manager,Boston,54101.52,4150.23,2024-01-01,4,70.1,sarah.wilson@company.com,(614) 878-2507,Active
EMP016758,Anthony,Martin,Anthony Martin,35,Sales,Senior Developer,Seattle,65586.68,9684.3,2023-01-13,13,63.8,anthony.martin@company.com,(462) 967-8611,Active
EMP016759,Michael,Martin,Michael Martin,38,IT,Specialist,San Francisco,98402.09,5894.54,2021-06-19,14,59.2,michael.martin@company.com,(398) 230-2315,Active
EMP016760,Daniel,Wilson,Daniel Wilson,35,Marketing,Lead,Los Angeles,54971.06,3718.21,2021-04-03,13,73.2,daniel.wilson@company.com,(356) 347-3275,Active
EMP016761,Lisa,Miller,Lisa Miller,39,Engineering,Analyst,San Francisco,67859.59,13157.65,2024-10-06,16,58.1,lisa.miller@company.com,(396) 933-8528,Active
EMP016762,David,Martin,David Martin,32,Legal,Coordinator,Seattle,119339.63,17616.2,2024-04-27,3,74.8,david.martin@company.com,(972) 451-7171,Active
EMP016763,Michael,Wilson,Michael Wilson,28,Sales,Director,San Francisco,79598.16,5913.89,2022-05-24,1,100.0,michael.wilson@company.com,(476) 311-1620,Active
EMP016764,Matthew,Smith,Matthew Smith,65,Marketing,Analyst,Miami,91058.2,3840.44,2021-08-06,36,78.0,matthew.smith@company.com,(691) 958-1267,Inactive
EMP016765,Matthew,Jackson,Matthew Jackson,54,Sales,Senior Developer,San Francisco,112816.05,4000.66,2024-12-01,26,62.4,matthew.jackson@company.com,(616) 378-3246,Active
EMP016766,Matthew,Brown,Matthew Brown,41,Operations,Senior Developer,San Francisco,77400.05,9260.56,2023-12-28,16,64.3,matthew.brown@company.com,(326) 440-1716,Active
EMP016767,Nicole,Davis,Nicole Davis,34,Engineering,Manager,Austin,44628.45,5121.79,2024-10-25,9,57.1,nicole.davis@company.com,(753) 478-9057,Active
EMP016768,Sarah,Wilson,Sarah Wilson,45,IT,Director,Seattle,72381.3,12840.0,2020-09-06,21,100.0,sarah.wilson@company.com,(616) 950-5841,Active
EMP016769,Ashley,Taylor,Ashley Taylor,36,Marketing,Analyst,San Francisco,54239.51,8612.8,2022-06-16,8,97.8,ashley.taylor@company.com,(734) 775-6715,Active
EMP016770,Sarah,Rodriguez,Sarah Rodriguez,55,Sales,Lead,Austin,83222.74,9654.54,2023-09-22,27,81.4,sarah.rodriguez@company.com,(538) 492-6482,Active
EMP016771,Robert,Anderson,Robert Anderson,25,Engineering,Director,New York,114895.83,12931.37,2024-11-14,1,85.1,robert.anderson@company.com,(703) 360-3906,Active
EMP016772,James,Lopez,James Lopez,41,HR,Director,Miami,75592.08,3890.75,2021-09-12,18,55.5,james.lopez@company.com,(914) 219-3271,Active
EMP016773,Anthony,Smith,Anthony Smith,46,Finance,Analyst,San Francisco,38348.25,2282.23,2020-09-19,21,69.6,anthony.smith@company.com,(916) 377-2561,Active
EMP016774,John,Wilson,John Wilson,52,Engineering,Associate,Austin,118202.86,20159.22,2020-11-26,25,70.1,john.wilson@company.com,(297) 216-3896,Active
EMP016775,Lisa,Smith,Lisa Smith,47,Engineering,Senior Developer,New York,97224.63,14504.57,2024-06-24,23,76.6,lisa.smith@company.com,(502) 267-9751,Active
EMP016776,Jessica,Anderson,Jessica Anderson,64,Marketing,Coordinator,New York,98922.43,17513.67,2023-04-02,38,74.9,jessica.anderson@company.com,(585) 659-2948,Active
EMP016777,David,Smith,David Smith,49,Operations,Director,Austin,60342.88,4960.0,2020-02-15,23,47.9,david.smith@company.com,(274) 559-4015,Active
EMP016778,Anthony,Smith,Anthony Smith,60,IT,Specialist,Miami,119830.76,3980.6,2021-04-22,37,53.3,anthony.smith@company.com,(710) 434-6997,Active
EMP016779,Jane,Garcia,Jane Garcia,35,HR,Coordinator,Austin,78658.04,2972.23,2021-02-18,11,67.2,jane.garcia@company.com,(427) 716-5065,Active
EMP016780,Ashley,Jones,Ashley Jones,57,Sales,Director,Seattle,96924.31,17952.92,2022-02-10,28,76.1,ashley.jones@company.com,(975) 901-8433,Active
EMP016781,William,Taylor,William Taylor,35,IT,Lead,Boston,67882.49,10010.56,2021-05-31,6,85.0,william.taylor@company.com,(772) 535-8617,Active
EMP016782,Emily,Lopez,Emily Lopez,59,Legal,Associate,Miami,128542.88,7770.1,2024-08-16,31,74.2,emily.lopez@company.com,(321) 988-1841,Active
EMP016783,Jane,Martinez,Jane Martinez,22,Legal,Manager,Austin,73759.63,8678.13,2021-05-18,0,38.6,jane.martinez@company.com,(504) 913-8494,Active
EMP016784,Jane,Martin,Jane Martin,64,Sales,Analyst,San Francisco,83423.77,7988.39,2020-07-23,38,86.6,jane.martin@company.com,(772) 970-2991,Active
EMP016785,Daniel,Thomas,Daniel Thomas,26,Marketing,Associate,San Francisco,46631.88,4302.21,2021-04-01,2,71.7,daniel.thomas@company.com,(922) 880-3703,Inactive
EMP016786,Jessica,Smith,Jessica Smith,31,Engineering,Director,New York,98853.21,12707.91,2024-11-14,6,64.2,jessica.smith@company.com,(280) 774-1263,Active
EMP016787,Nicole,Brown,Nicole Brown,51,Marketing,Analyst,Boston,61378.51,5565.53,2022-11-01,29,69.1,nicole.brown@company.com,(676) 590-1139,Inactive
EMP016788,William,Anderson,William Anderson,58,Marketing,Director,Chicago,81650.69,7618.49,2020-11-03,32,69.2,william.anderson@company.com,(800) 426-4867,Active
EMP016789,Emily,Gonzalez,Emily Gonzalez,26,Operations,Associate,Austin,47394.79,4256.02,2021-02-02,4,87.6,emily.gonzalez@company.com,(904) 362-8062,Active
EMP016790,Robert,Moore,Robert Moore,35,Legal,Analyst,Boston,59095.71,9900.35,2021-03-11,9,100.0,robert.moore@company.com,(709) 628-7651,Active
EMP016791,Michael,Martinez,Michael Martinez,60,HR,Analyst,New York,78390.52,7711.94,2022-05-03,33,61.2,michael.martinez@company.com,(686) 247-2460,Active
EMP016792,William,Smith,William Smith,29,IT,Senior Developer,Seattle,62817.19,8402.19,2024-09-26,3,94.8,william.smith@company.com,(350) 953-2323,Inactive
EMP016793,Christopher,Hernandez,Christopher Hernandez,42,Marketing,Lead,Boston,58284.31,5241.18,2022-11-02,20,72.9,christopher.hernandez@company.com,(899) 496-1930,Inactive
EMP016794,Sarah,Smith,Sarah Smith,53,Legal,Manager,Chicago,131141.29,18224.93,2024-10-13,26,67.8,sarah.smith@company.com,(817) 954-7367,Active
EMP016795,Stephanie,Wilson,Stephanie Wilson,33,Legal,Coordinator,Chicago,86432.78,12140.15,2020-09-28,6,61.6,stephanie.wilson@company.com,(481) 274-9657,Active
EMP016796,David,Davis,David Davis,64,IT,Director,Chicago,136232.5,16593.88,2023-01-20,35,61.8,david.davis@company.com,(924) 445-9882,Active
EMP016797,Jane,Davis,Jane Davis,42,IT,Director,Boston,95953.99,10059.0,2023-10-18,17,67.9,jane.davis@company.com,(687) 839-2151,Active
EMP016798,Ashley,Wilson,Ashley Wilson,57,Operations,Director,Seattle,71549.37,12212.28,2021-07-27,35,85.9,ashley.wilson@company.com,(868) 772-9358,Active
EMP016799,Jane,Miller,Jane Miller,23,Operations,Manager,Boston,50076.24,8974.8,2023-05-28,0,73.0,jane.miller@company.com,(998) 857-6187,Active
EMP016800,Matthew,Hernandez,Matthew Hernandez,46,Operations,Analyst,Austin,74386.07,2724.97,2020-02-28,20,100.0,matthew.hernandez@company.com,(278) 914-1970,Active
EMP016801,Michael,Gonzalez,Michael Gonzalez,53,Finance,Analyst,Seattle,92241.69,10602.87,2023-01-01,30,72.5,michael.gonzalez@company.com,(332) 746-4167,Active
EMP016802,Ashley,Anderson,Ashley Anderson,60,IT,Associate,Austin,76901.03,0.0,2024-11-16,38,72.0,ashley.anderson@company.com,(423) 918-4960,Active
EMP016803,John,Jackson,John Jackson,48,Marketing,Senior Developer,Seattle,77954.66,11816.06,2024-04-02,19,52.5,john.jackson@company.com,(288) 921-7916,Active
EMP016804,Amanda,Martin,Amanda Martin,44,Engineering,Specialist,Boston,84925.96,721.54,2020-02-26,17,85.4,amanda.martin@company.com,(812) 771-2385,Active
EMP016805,Nicole,Miller,Nicole Miller,56,Engineering,Senior Developer,Chicago,113629.86,4373.28,2022-03-31,34,73.6,nicole.miller@company.com,(241) 544-2375,Active
EMP016806,Anthony,Moore,Anthony Moore,35,Sales,Specialist,Miami,60182.54,4473.11,2020-05-08,10,84.6,anthony.moore@company.com,(393) 522-7678,Active
EMP016807,Jessica,Brown,Jessica Brown,31,Sales,Specialist,Seattle,89948.09,14268.85,2022-08-25,5,69.1,jessica.brown@company.com,(656) 662-1193,Active
EMP016808,Robert,Miller,Robert Miller,32,Finance,Specialist,Boston,76076.5,12600.56,2024-05-09,9,70.2,robert.miller@company.com,(290) 817-9264,Active
EMP016809,Ashley,Wilson,Ashley Wilson,30,Sales,Analyst,Austin,85974.23,5509.54,2020-10-23,4,72.8,ashley.wilson@company.com,(586) 626-3864,Active
EMP016810,Nicole,Lopez,Nicole Lopez,52,Engineering,Coordinator,Boston,129606.42,13070.66,2021-11-04,29,88.6,nicole.lopez@company.com,(711) 877-2285,Active
EMP016811,Sarah,Davis,Sarah Davis,56,Engineering,Coordinator,Austin,85805.83,9343.19,2024-02-12,28,50.6,sarah.davis@company.com,(949) 252-1123,Active
EMP016812,Christopher,Lopez,Christopher Lopez,60,HR,Lead,Seattle,75390.68,688.87,2024-03-03,38,55.9,christopher.lopez@company.com,(567) 610-8145,On Leave
EMP016813,Michael,Johnson,Michael Johnson,55,Finance,Senior Developer,Miami,80067.49,786.11,2020-06-15,27,63.1,michael.johnson@company.com,(677) 274-8629,Active
EMP016814,Robert,Wilson,Robert Wilson,41,Engineering,Analyst,Chicago,85266.19,8492.29,2021-11-16,16,69.5,robert.wilson@company.com,(861) 967-5127,Inactive
EMP016815,Jane,Rodriguez,Jane Rodriguez,23,Engineering,Manager,Chicago,95221.59,9909.79,2021-11-06,0,78.3,jane.rodriguez@company.com,(405) 516-2717,Active
EMP016816,Christopher,Williams,Christopher Williams,64,Engineering,Specialist,Seattle,83126.35,13648.02,2022-11-20,42,77.2,christopher.williams@company.com,(412) 828-8612,Active
EMP016817,Michael,Martin,Michael Martin,36,HR,Analyst,Chicago,67533.44,10351.73,2022-08-13,12,77.0,michael.martin@company.com,(211) 877-4188,Active
EMP016818,Ashley,Jones,Ashley Jones,31,Engineering,Manager,Los Angeles,118566.05,13497.23,2020-07-25,5,96.4,ashley.jones@company.com,(388) 223-1434,Active
EMP016819,James,Moore,James Moore,38,HR,Analyst,Seattle,67077.44,0.0,2023-12-25,12,100.0,james.moore@company.com,(763) 951-2697,Active
EMP016820,Ashley,Williams,Ashley Williams,27,Marketing,Senior Developer,Chicago,43925.15,8616.62,2020-04-27,4,75.5,ashley.williams@company.com,(608) 431-2872,Active
EMP016821,Jessica,Thomas,Jessica Thomas,26,Operations,Analyst,Seattle,83217.35,14151.74,2021-11-17,3,90.0,jessica.thomas@company.com,(831) 792-4982,Inactive
EMP016822,Melissa,Johnson,Melissa Johnson,47,Finance,Senior Developer,Boston,65312.97,10355.0,2020-11-12,22,94.2,melissa.johnson@company.com,(526) 313-2142,Active
EMP016823,Ashley,Wilson,Ashley Wilson,48,HR,Director,Boston,83396.74,8773.07,2022-03-07,22,79.1,ashley.wilson@company.com,(213) 977-7319,Active
EMP016824,David,Wilson,David Wilson,30,IT,Analyst,Chicago,80033.59,2298.54,2021-10-12,5,100.0,david.wilson@company.com,(775) 974-1233,Active
EMP016825,James,Jones,James Jones,32,Sales,Analyst,San Francisco,75817.12,2169.33,2021-12-03,3,66.1,james.jones@company.com,(503) 957-7084,Active
EMP016826,Anthony,Jackson,Anthony Jackson,55,IT,Specialist,San Francisco,69768.8,15898.29,2024-12-01,30,93.8,anthony.jackson@company.com,(231) 478-9574,Active
EMP016827,Amanda,Miller,Amanda Miller,60,Engineering,Director,New York,128583.37,11034.82,2021-05-15,33,89.2,amanda.miller@company.com,(700) 626-3179,Active
EMP016828,William,Martinez,William Martinez,41,Operations,Associate,New York,73438.55,6188.04,2024-05-25,16,56.0,william.martinez@company.com,(787) 533-9403,Active
EMP016829,Matthew,Thomas,Matthew Thomas,22,Legal,Analyst,Chicago,67008.04,4632.73,2021-08-28,0,82.2,matthew.thomas@company.com,(351) 431-4191,Active
EMP016830,Daniel,Taylor,Daniel Taylor,40,Engineering,Director,Chicago,113258.28,1870.12,2020-04-01,18,87.4,daniel.taylor@company.com,(235) 402-6805,Active
EMP016831,John,Thomas,John Thomas,34,IT,Specialist,San Francisco,65320.34,4203.86,2020-08-11,9,68.5,john.thomas@company.com,(222) 734-9492,Active
EMP016832,Matthew,Thomas,Matthew Thomas,30,Marketing,Manager,Austin,43470.58,6757.06,2021-09-10,5,75.7,matthew.thomas@company.com,(457) 948-4025,Active
EMP016833,Lisa,Thomas,Lisa Thomas,41,Marketing,Director,San Francisco,42575.85,1899.11,2024-03-08,12,80.3,lisa.thomas@company.com,(604) 667-4903,Active
EMP016834,Daniel,Brown,Daniel Brown,40,HR,Analyst,Boston,60366.29,3820.88,2024-07-10,17,79.7,daniel.brown@company.com,(538) 688-8016,Active
EMP016835,James,Moore,James Moore,28,Marketing,Director,San Francisco,47503.88,0.0,2022-05-10,3,99.0,james.moore@company.com,(480) 931-5597,Active
EMP016836,Anthony,Rodriguez,Anthony Rodriguez,65,Finance,Analyst,Miami,98170.68,17396.89,2022-12-29,38,85.9,anthony.rodriguez@company.com,(889) 938-9561,Active
EMP016837,Sarah,Brown,Sarah Brown,57,Finance,Senior Developer,San Francisco,89683.29,5854.13,2024-03-07,33,63.3,sarah.brown@company.com,(988) 557-2001,Active
EMP016838,Melissa,Brown,Melissa Brown,52,Sales,Specialist,Seattle,83128.66,11280.86,2022-01-28,24,70.2,melissa.brown@company.com,(265) 632-2303,Inactive
EMP016839,Ashley,Johnson,Ashley Johnson,44,Engineering,Coordinator,San Francisco,110334.64,17072.35,2021-03-07,20,69.1,ashley.johnson@company.com,(782) 280-2310,Active
EMP016840,Robert,Miller,Robert Miller,45,Engineering,Senior Developer,New York,85038.52,2710.19,2020-12-29,17,62.3,robert.miller@company.com,(816) 855-3513,Active
EMP016841,Stephanie,Miller,Stephanie Miller,43,Engineering,Lead,San Francisco,110246.38,17544.84,2024-06-29,15,78.6,stephanie.miller@company.com,(421) 498-5040,Active
EMP016842,Daniel,Miller,Daniel Miller,51,HR,Associate,Miami,93202.21,13146.04,2021-11-25,27,76.1,daniel.miller@company.com,(535) 933-3451,Inactive
EMP016843,David,Rodriguez,David Rodriguez,54,Marketing,Analyst,Boston,88263.43,8350.78,2024-01-17,32,83.3,david.rodriguez@company.com,(994) 570-1806,Active
EMP016844,Jessica,Wilson,Jessica Wilson,40,Operations,Associate,Chicago,61559.94,4392.89,2022-09-07,11,76.9,jessica.wilson@company.com,(655) 695-6615,Active
EMP016845,David,Johnson,David Johnson,60,Marketing,Associate,Chicago,91535.42,6486.75,2022-02-19,34,75.0,david.johnson@company.com,(790) 317-5565,Inactive
EMP016846,Sarah,Martin,Sarah Martin,31,Marketing,Senior Developer,Miami,54194.92,8861.52,2023-01-12,7,55.6,sarah.martin@company.com,(255) 524-9212,Active
EMP016847,Lisa,Garcia,Lisa Garcia,55,Legal,Director,Los Angeles,120065.51,19622.98,2021-06-26,27,90.6,lisa.garcia@company.com,(752) 716-5622,Active
EMP016848,Jane,Moore,Jane Moore,65,Finance,Analyst,Chicago,70523.31,1967.54,2024-09-22,38,74.3,jane.moore@company.com,(469) 373-1682,Inactive
EMP016849,Emily,Gonzalez,Emily Gonzalez,38,Finance,Coordinator,Miami,66164.5,7539.41,2021-10-24,13,83.9,emily.gonzalez@company.com,(383) 259-7409,Active
EMP016850,John,Jackson,John Jackson,48,Operations,Manager,Boston,55958.11,8162.9,2020-09-04,23,55.1,john.jackson@company.com,(895) 347-9730,Active
EMP016851,David,Brown,David Brown,24,HR,Analyst,Boston,35857.86,3357.19,2021-09-15,0,71.3,david.brown@company.com,(750) 488-6350,Active
EMP016852,Emily,Hernandez,Emily Hernandez,49,Finance,Lead,Los Angeles,107202.45,8268.92,2020-10-19,22,55.2,emily.hernandez@company.com,(970) 370-7703,Active
EMP016853,Emily,Gonzalez,Emily Gonzalez,57,Sales,Associate,Los Angeles,73851.52,9106.7,2021-11-20,29,74.4,emily.gonzalez@company.com,(380) 305-1389,Active
EMP016854,James,Martinez,James Martinez,33,Sales,Lead,Miami,62115.97,7746.32,2021-06-17,11,71.1,james.martinez@company.com,(224) 262-5600,Inactive
EMP016855,Robert,Garcia,Robert Garcia,33,Operations,Director,San Francisco,37273.52,4806.29,2023-02-22,10,47.4,robert.garcia@company.com,(726) 872-9614,Active
EMP016856,Stephanie,Lopez,Stephanie Lopez,40,HR,Senior Developer,San Francisco,59602.22,5102.12,2022-11-18,18,48.5,stephanie.lopez@company.com,(356) 839-4743,Active
EMP016857,Robert,Miller,Robert Miller,45,Engineering,Director,Los Angeles,102651.16,10997.53,2020-03-13,19,88.1,robert.miller@company.com,(312) 929-9800,Active
EMP016858,Melissa,Martinez,Melissa Martinez,57,Marketing,Coordinator,Seattle,88384.8,9524.1,2021-04-08,29,100.0,melissa.martinez@company.com,(704) 583-3561,Active
EMP016859,Lisa,Martinez,Lisa Martinez,64,Engineering,Senior Developer,Los Angeles,103972.42,7223.18,2024-05-07,35,85.0,lisa.martinez@company.com,(952) 375-9873,Active
EMP016860,Matthew,Wilson,Matthew Wilson,54,Engineering,Associate,New York,109414.48,18557.16,2024-03-05,30,86.8,matthew.wilson@company.com,(343) 805-8232,Inactive
EMP016861,Anthony,Gonzalez,Anthony Gonzalez,25,Legal,Associate,New York,98434.77,5306.41,2024-07-19,0,82.9,anthony.gonzalez@company.com,(667) 756-5146,Active
EMP016862,Jane,Martinez,Jane Martinez,39,Finance,Associate,New York,44621.4,2710.2,2023-01-21,11,97.1,jane.martinez@company.com,(485) 797-2319,Active
EMP016863,Lisa,Smith,Lisa Smith,23,Operations,Lead,Austin,36322.92,4223.47,2022-11-22,0,56.7,lisa.smith@company.com,(201) 689-3637,Active
EMP016864,Robert,Williams,Robert Williams,58,Finance,Lead,Boston,71434.16,10114.4,2021-04-18,31,78.8,robert.williams@company.com,(289) 462-1944,Inactive
EMP016865,Emily,Rodriguez,Emily Rodriguez,55,Legal,Lead,Chicago,121201.56,22524.03,2022-01-18,33,65.3,emily.rodriguez@company.com,(524) 634-5389,Active
EMP016866,Melissa,Martin,Melissa Martin,43,Engineering,Coordinator,Boston,101414.72,12726.81,2022-01-21,18,83.5,melissa.martin@company.com,(758) 739-6469,Active
EMP016867,Amanda,Johnson,Amanda Johnson,37,Engineering,Director,San Francisco,90717.55,5843.72,2022-05-04,9,89.1,amanda.johnson@company.com,(526) 566-8801,On Leave
EMP016868,Nicole,Davis,Nicole Davis,33,Legal,Director,Boston,96760.77,12074.05,2020-09-02,5,95.0,nicole.davis@company.com,(953) 231-8395,Inactive
EMP016869,James,Williams,James Williams,65,Marketing,Analyst,Boston,90474.86,11111.47,2020-03-29,39,61.5,james.williams@company.com,(726) 652-6743,Active
EMP016870,John,Garcia,John Garcia,22,Legal,Associate,Chicago,118953.01,9133.81,2024-11-21,0,79.4,john.garcia@company.com,(605) 271-3933,Active
EMP016871,Nicole,Davis,Nicole Davis,45,Sales,Lead,New York,58568.77,7432.5,2020-11-03,16,77.2,nicole.davis@company.com,(212) 265-2375,Inactive
EMP016872,Matthew,Miller,Matthew Miller,47,Sales,Specialist,Boston,68316.36,8564.66,2020-07-24,20,63.1,matthew.miller@company.com,(383) 243-7812,Active
EMP016873,Robert,Garcia,Robert Garcia,65,Finance,Director,Los Angeles,107986.82,15361.46,2021-06-01,43,72.8,robert.garcia@company.com,(341) 201-9246,Inactive
EMP016874,Matthew,Martinez,Matthew Martinez,39,Marketing,Coordinator,New York,80952.59,6629.92,2024-04-02,12,91.3,matthew.martinez@company.com,(460) 958-8335,Active
EMP016875,Robert,Thomas,Robert Thomas,26,IT,Director,Boston,53313.36,5017.53,2023-06-21,2,86.5,robert.thomas@company.com,(273) 505-5786,Active
EMP016876,James,Williams,James Williams,41,Engineering,Specialist,Miami,126110.84,16653.25,2021-01-01,16,77.2,james.williams@company.com,(487) 897-8468,Inactive
EMP016877,Amanda,Thomas,Amanda Thomas,26,Legal,Senior Developer,San Francisco,90511.63,2540.44,2021-09-16,0,58.6,amanda.thomas@company.com,(604) 559-2645,Active
EMP016878,Jane,Davis,Jane Davis,31,Legal,Coordinator,Chicago,86687.31,2279.7,2024-11-21,7,67.9,jane.davis@company.com,(352) 756-7543,Active
EMP016879,James,Martinez,James Martinez,61,Sales,Senior Developer,Los Angeles,87147.54,6172.33,2024-02-06,37,68.6,james.martinez@company.com,(862) 993-7992,Active
EMP016880,Stephanie,Jones,Stephanie Jones,37,Marketing,Analyst,Boston,43365.95,0.0,2020-03-14,11,72.6,stephanie.jones@company.com,(670) 649-2039,Active
EMP016881,Lisa,Wilson,Lisa Wilson,36,Operations,Specialist,Boston,53040.99,10191.66,2022-11-17,7,74.4,lisa.wilson@company.com,(752) 648-6075,Active
EMP016882,Michael,Wilson,Michael Wilson,27,Operations,Director,Seattle,48080.52,1376.08,2020-10-06,0,89.0,michael.wilson@company.com,(866) 849-9394,Active
EMP016883,Anthony,Wilson,Anthony Wilson,41,Finance,Analyst,New York,66542.42,5541.15,2022-06-21,19,98.8,anthony.wilson@company.com,(444) 889-9811,Active
EMP016884,Nicole,Williams,Nicole Williams,42,Finance,Senior Developer,San Francisco,88173.58,10989.35,2020-09-30,16,81.1,nicole.williams@company.com,(581) 544-2421,Active
EMP016885,Lisa,Jackson,Lisa Jackson,29,Finance,Specialist,Miami,40128.3,3072.81,2023-05-04,3,76.6,lisa.jackson@company.com,(427) 524-8790,Active
EMP016886,James,Wilson,James Wilson,57,Engineering,Analyst,Boston,104333.76,11034.68,2020-05-06,35,64.7,james.wilson@company.com,(379) 978-2112,Active
EMP016887,James,Williams,James Williams,25,Marketing,Analyst,Miami,83918.15,11000.05,2021-01-23,2,78.4,james.williams@company.com,(654) 566-1871,Inactive
EMP016888,Matthew,Lopez,Matthew Lopez,58,Finance,Senior Developer,San Francisco,114342.04,8085.44,2021-07-11,30,100.0,matthew.lopez@company.com,(452) 326-4241,Active
EMP016889,David,Anderson,David Anderson,56,IT,Coordinator,Seattle,110283.05,6231.82,2020-02-16,27,80.3,david.anderson@company.com,(669) 975-2780,Active
EMP016890,William,Martin,William Martin,53,HR,Coordinator,Chicago,75460.65,4811.29,2024-01-16,31,69.3,william.martin@company.com,(725) 668-4059,Active
EMP016891,Amanda,Lopez,Amanda Lopez,31,IT,Manager,Seattle,69345.32,11409.95,2024-07-08,8,25.4,amanda.lopez@company.com,(853) 934-5116,Active
EMP016892,Lisa,Jones,Lisa Jones,53,Operations,Manager,Chicago,68886.3,8142.09,2020-03-23,31,75.3,lisa.jones@company.com,(440) 714-2036,Active
EMP016893,Matthew,Smith,Matthew Smith,60,Operations,Senior Developer,New York,55245.67,4711.72,2021-12-02,36,86.3,matthew.smith@company.com,(756) 345-8571,Active
EMP016894,James,Rodriguez,James Rodriguez,33,Marketing,Specialist,Los Angeles,70220.6,1795.26,2024-03-14,6,67.1,james.rodriguez@company.com,(523) 349-3954,Active
EMP016895,Christopher,Johnson,Christopher Johnson,60,Finance,Coordinator,Chicago,102406.27,6747.99,2020-08-10,35,83.1,christopher.johnson@company.com,(220) 591-2663,Active
EMP016896,Ashley,Brown,Ashley Brown,24,Marketing,Manager,Boston,66342.41,2454.1,2022-12-09,0,68.9,ashley.brown@company.com,(522) 982-7568,Active
EMP016897,Nicole,Miller,Nicole Miller,63,Finance,Coordinator,Miami,88371.39,8715.45,2023-06-08,38,86.2,nicole.miller@company.com,(511) 406-2124,Active
EMP016898,Jane,Miller,Jane Miller,30,Engineering,Coordinator,Chicago,64523.41,6319.8,2021-10-07,2,62.8,jane.miller@company.com,(256) 344-3654,Active
EMP016899,Stephanie,Moore,Stephanie Moore,43,Finance,Lead,Seattle,95944.5,17725.66,2020-01-01,17,93.3,stephanie.moore@company.com,(520) 770-1651,Active
EMP016900,James,Moore,James Moore,58,Legal,Lead,New York,90440.08,5999.54,2024-01-27,32,54.7,james.moore@company.com,(936) 377-1598,Active
EMP016901,Nicole,Anderson,Nicole Anderson,38,Operations,Coordinator,Austin,58615.35,3897.14,2020-01-16,14,83.2,nicole.anderson@company.com,(576) 298-2362,Active
EMP016902,John,Rodriguez,John Rodriguez,57,Operations,Director,San Francisco,67457.33,12111.59,2020-04-29,35,60.3,john.rodriguez@company.com,(781) 868-7729,Active
EMP016903,Lisa,Jones,Lisa Jones,43,HR,Lead,Seattle,84750.95,3489.46,2024-06-02,18,83.1,lisa.jones@company.com,(907) 983-6021,Active
EMP016904,Jessica,Lopez,Jessica Lopez,44,Legal,Specialist,Chicago,119334.62,18016.99,2023-03-31,21,76.9,jessica.lopez@company.com,(607) 359-7205,Active
EMP016905,Jane,Williams,Jane Williams,54,Engineering,Lead,Boston,97593.42,13121.29,2022-07-25,31,91.6,jane.williams@company.com,(418) 996-3822,Active
EMP016906,Christopher,Martinez,Christopher Martinez,22,Marketing,Associate,Boston,57570.36,5755.05,2022-03-23,0,84.0,christopher.martinez@company.com,(378) 501-3276,Active
EMP016907,Emily,Wilson,Emily Wilson,27,Marketing,Lead,New York,58621.74,4765.88,2023-02-12,0,56.8,emily.wilson@company.com,(828) 660-7316,Inactive
EMP016908,Nicole,Williams,Nicole Williams,60,Finance,Manager,Los Angeles,94435.13,10074.41,2022-02-10,31,85.7,nicole.williams@company.com,(526) 272-3726,Active
EMP016909,Daniel,Hernandez,Daniel Hernandez,24,Operations,Analyst,Boston,46637.09,5181.39,2020-02-01,0,79.0,daniel.hernandez@company.com,(213) 730-6563,Active
EMP016910,David,Johnson,David Johnson,26,HR,Senior Developer,Boston,53644.29,6688.26,2021-11-16,0,29.5,david.johnson@company.com,(881) 829-3429,Active
EMP016911,Daniel,Rodriguez,Daniel Rodriguez,56,Operations,Specialist,New York,85261.45,7795.89,2020-05-10,27,85.7,daniel.rodriguez@company.com,(601) 680-4785,Active
EMP016912,Michael,Miller,Michael Miller,25,Marketing,Senior Developer,San Francisco,62612.87,10946.13,2021-05-10,0,96.3,michael.miller@company.com,(937) 983-6343,Active
EMP016913,Daniel,Smith,Daniel Smith,51,Sales,Manager,Los Angeles,83428.17,8396.74,2022-12-03,25,83.1,daniel.smith@company.com,(431) 326-9444,Active
EMP016914,Nicole,Wilson,Nicole Wilson,61,Sales,Specialist,Chicago,106442.41,17403.39,2024-11-14,37,85.2,nicole.wilson@company.com,(812) 778-9336,Active
EMP016915,David,Wilson,David Wilson,55,Marketing,Lead,Chicago,72515.53,6009.79,2020-10-13,33,89.6,david.wilson@company.com,(636) 957-9559,Active
EMP016916,Anthony,Jackson,Anthony Jackson,60,Operations,Lead,Los Angeles,94949.39,5178.98,2020-03-19,37,56.0,anthony.jackson@company.com,(350) 883-5467,Active
EMP016917,Jessica,Rodriguez,Jessica Rodriguez,23,IT,Specialist,San Francisco,62132.45,9703.54,2020-01-28,1,95.6,jessica.rodriguez@company.com,(267) 784-7684,Active
EMP016918,David,Taylor,David Taylor,34,Sales,Director,Boston,73103.48,10566.92,2024-09-09,9,71.2,david.taylor@company.com,(969) 494-8070,Active
EMP016919,Melissa,Gonzalez,Melissa Gonzalez,44,HR,Specialist,New York,67435.92,10037.81,2023-07-08,19,53.5,melissa.gonzalez@company.com,(865) 880-8595,Active
EMP016920,Melissa,Hernandez,Melissa Hernandez,56,Sales,Manager,Boston,85384.01,11625.65,2022-11-11,28,54.0,melissa.hernandez@company.com,(868) 905-5563,Active
EMP016921,Amanda,Lopez,Amanda Lopez,63,Marketing,Director,Chicago,88427.46,4399.17,2022-06-06,35,92.2,amanda.lopez@company.com,(323) 579-2863,On Leave
EMP016922,Ashley,Johnson,Ashley Johnson,26,Legal,Director,Chicago,48393.86,3798.14,2024-07-24,0,81.0,ashley.johnson@company.com,(833) 438-9098,Active
EMP016923,Jessica,Martinez,Jessica Martinez,56,Operations,Associate,Boston,92321.84,11719.31,2022-07-07,33,80.7,jessica.martinez@company.com,(715) 928-3375,Active
EMP016924,Amanda,Garcia,Amanda Garcia,41,Marketing,Director,Austin,53128.76,6999.38,2022-07-15,18,65.1,amanda.garcia@company.com,(701) 284-1684,Active
EMP016925,Nicole,Anderson,Nicole Anderson,37,Operations,Manager,Boston,55836.56,5986.12,2022-02-19,13,84.6,nicole.anderson@company.com,(711) 398-3672,Inactive
EMP016926,Daniel,Thomas,Daniel Thomas,40,HR,Lead,Los Angeles,54303.59,8827.84,2022-06-19,16,89.3,daniel.thomas@company.com,(532) 832-9159,Active
EMP016927,Matthew,Rodriguez,Matthew Rodriguez,63,Marketing,Manager,Boston,81671.81,7355.5,2024-06-07,37,84.1,matthew.rodriguez@company.com,(209) 779-5390,Active
EMP016928,William,Jackson,William Jackson,49,Sales,Specialist,New York,71660.03,11948.31,2024-08-13,24,83.2,william.jackson@company.com,(816) 311-7737,Active
EMP016929,Matthew,Smith,Matthew Smith,22,Operations,Specialist,Austin,76283.23,5976.63,2022-02-19,0,66.0,matthew.smith@company.com,(802) 381-1832,Active
EMP016930,Stephanie,Smith,Stephanie Smith,60,Finance,Coordinator,Boston,82110.45,10034.53,2020-09-09,34,62.5,stephanie.smith@company.com,(973) 238-5749,Active
EMP016931,Lisa,Martin,Lisa Martin,56,Legal,Manager,Chicago,76912.49,7300.59,2020-09-19,27,75.9,lisa.martin@company.com,(552) 311-3903,Active
EMP016932,Jane,Brown,Jane Brown,46,HR,Specialist,Chicago,65900.7,5372.69,2022-05-23,19,70.2,jane.brown@company.com,(686) 607-1983,Active
EMP016933,Anthony,Garcia,Anthony Garcia,24,Finance,Coordinator,Miami,75562.67,12978.5,2022-11-24,0,66.8,anthony.garcia@company.com,(516) 206-7460,Active
EMP016934,Jane,Garcia,Jane Garcia,37,Sales,Lead,Austin,44017.67,2365.44,2021-08-01,15,74.9,jane.garcia@company.com,(436) 839-6515,Active
EMP016935,John,Thomas,John Thomas,31,Sales,Lead,Boston,58347.25,7343.57,2024-05-23,3,68.5,john.thomas@company.com,(796) 855-7661,Active
EMP016936,David,Taylor,David Taylor,35,Sales,Senior Developer,Los Angeles,53429.35,9070.0,2020-04-29,11,70.4,david.taylor@company.com,(458) 629-1860,Active
EMP016937,Michael,Martin,Michael Martin,25,Legal,Director,San Francisco,71556.5,11803.6,2021-08-18,0,80.2,michael.martin@company.com,(781) 296-6336,Active
EMP016938,Christopher,Gonzalez,Christopher Gonzalez,61,Finance,Associate,Seattle,95558.21,14152.05,2020-12-13,38,68.3,christopher.gonzalez@company.com,(857) 374-8437,Active
EMP016939,Stephanie,Moore,Stephanie Moore,42,Marketing,Director,Chicago,57003.93,11849.46,2024-11-29,13,65.2,stephanie.moore@company.com,(207) 628-9641,Active
EMP016940,David,Jones,David Jones,50,Engineering,Specialist,San Francisco,74613.13,13652.76,2023-02-09,25,65.9,david.jones@company.com,(510) 873-3136,Active
EMP016941,Robert,Jackson,Robert Jackson,39,Operations,Lead,San Francisco,58580.2,5187.69,2024-07-31,16,85.5,robert.jackson@company.com,(885) 951-7053,Active
EMP016942,Ashley,Thomas,Ashley Thomas,39,IT,Lead,New York,72075.47,304.66,2022-08-23,11,100.0,ashley.thomas@company.com,(310) 761-2998,Active
EMP016943,John,Gonzalez,John Gonzalez,25,Legal,Analyst,Chicago,96152.88,16701.46,2022-02-21,1,73.6,john.gonzalez@company.com,(691) 216-5304,Active
EMP016944,Melissa,Gonzalez,Melissa Gonzalez,61,IT,Analyst,Miami,114105.96,12471.86,2020-12-27,37,92.0,melissa.gonzalez@company.com,(769) 954-4977,Active
EMP016945,Emily,Hernandez,Emily Hernandez,54,Sales,Manager,New York,77925.42,2800.65,2022-03-28,30,57.4,emily.hernandez@company.com,(676) 782-5856,Active
EMP016946,Jessica,Martinez,Jessica Martinez,48,Engineering,Analyst,Austin,96312.38,16543.13,2022-03-15,23,69.7,jessica.martinez@company.com,(647) 734-3447,Active
EMP016947,William,Smith,William Smith,28,Operations,Analyst,Chicago,36860.82,2995.5,2022-06-05,0,80.1,william.smith@company.com,(304) 634-8432,Active
EMP016948,John,Davis,John Davis,35,Marketing,Director,Los Angeles,54240.31,4577.28,2021-05-18,10,78.1,john.davis@company.com,(402) 863-5991,Active
EMP016949,Jane,Jackson,Jane Jackson,60,IT,Associate,Boston,88788.9,5061.95,2021-03-10,36,62.1,jane.jackson@company.com,(887) 372-4336,Active
EMP016950,Melissa,Jackson,Melissa Jackson,42,Sales,Manager,Miami,88340.09,412.55,2024-06-07,18,48.9,melissa.jackson@company.com,(301) 926-2370,Active
EMP016951,Christopher,Rodriguez,Christopher Rodriguez,62,Finance,Director,New York,92854.02,10778.88,2022-11-16,38,75.6,christopher.rodriguez@company.com,(432) 243-9036,Active
EMP016952,John,Rodriguez,John Rodriguez,33,HR,Associate,Los Angeles,87787.68,4881.71,2024-12-12,5,56.0,john.rodriguez@company.com,(776) 812-6711,Active
EMP016953,Michael,Davis,Michael Davis,65,Finance,Associate,Miami,93917.39,14011.18,2023-12-27,36,93.1,michael.davis@company.com,(950) 711-6564,Inactive
EMP016954,Anthony,Wilson,Anthony Wilson,26,Engineering,Director,Seattle,45294.03,2007.85,2023-01-09,0,76.0,anthony.wilson@company.com,(262) 973-5200,On Leave
EMP016955,Michael,Rodriguez,Michael Rodriguez,23,Legal,Coordinator,Seattle,75960.74,6695.43,2023-05-08,0,78.5,michael.rodriguez@company.com,(793) 473-6961,Active
EMP016956,Stephanie,Thomas,Stephanie Thomas,52,Finance,Coordinator,Seattle,97027.41,17095.92,2020-08-30,27,77.3,stephanie.thomas@company.com,(499) 218-5283,Inactive
EMP016957,James,Johnson,James Johnson,43,Sales,Director,Austin,62465.4,7683.52,2023-01-07,20,81.9,james.johnson@company.com,(809) 668-1925,Inactive
EMP016958,Nicole,Rodriguez,Nicole Rodriguez,65,Operations,Senior Developer,Miami,99265.86,10934.82,2022-03-08,38,63.1,nicole.rodriguez@company.com,(641) 680-1299,Active
EMP016959,John,Davis,John Davis,32,Operations,Director,Austin,39003.73,909.99,2024-03-11,10,77.3,john.davis@company.com,(553) 913-5161,Active
EMP016960,Matthew,Taylor,Matthew Taylor,45,HR,Specialist,Los Angeles,84027.07,8328.61,2024-12-02,21,98.9,matthew.taylor@company.com,(312) 867-6099,Active
EMP016961,Nicole,Miller,Nicole Miller,62,Operations,Analyst,Boston,87828.12,12778.59,2022-06-14,36,90.4,nicole.miller@company.com,(408) 612-1319,Inactive
EMP016962,Melissa,Brown,Melissa Brown,23,HR,Director,Miami,27000.0,3099.49,2020-12-01,0,82.3,melissa.brown@company.com,(638) 212-4355,Active
EMP016963,Sarah,Martin,Sarah Martin,30,Legal,Lead,San Francisco,88869.44,7230.5,2023-12-10,1,70.3,sarah.martin@company.com,(355) 278-4056,Active
EMP016964,Jessica,Brown,Jessica Brown,52,Engineering,Director,Los Angeles,75170.28,11034.32,2022-08-20,23,74.1,jessica.brown@company.com,(823) 801-7913,Active
EMP016965,Michael,Anderson,Michael Anderson,61,Marketing,Coordinator,San Francisco,58309.25,7782.37,2024-05-02,37,50.2,michael.anderson@company.com,(257) 230-2938,Active
EMP016966,David,Brown,David Brown,36,Sales,Lead,Miami,55274.5,6259.2,2021-06-14,10,75.1,david.brown@company.com,(794) 773-9375,Active
EMP016967,David,Lopez,David Lopez,29,Marketing,Director,Seattle,51524.94,4939.79,2024-05-22,5,97.2,david.lopez@company.com,(927) 948-6750,Inactive
EMP016968,Emily,Martin,Emily Martin,27,Engineering,Manager,Austin,94251.45,13350.7,2022-11-25,5,97.2,emily.martin@company.com,(339) 532-4792,Active
EMP016969,Emily,Johnson,Emily Johnson,24,Marketing,Coordinator,Austin,40084.7,5366.02,2022-12-17,0,75.4,emily.johnson@company.com,(272) 969-7736,Active
EMP016970,David,Miller,David Miller,37,Sales,Specialist,Boston,86450.57,11496.28,2021-04-13,8,55.9,david.miller@company.com,(250) 806-2672,Active
EMP016971,Anthony,Wilson,Anthony Wilson,33,HR,Lead,Boston,52320.23,3301.38,2023-05-09,6,89.9,anthony.wilson@company.com,(272) 379-3814,Active
EMP016972,Nicole,Lopez,Nicole Lopez,56,Marketing,Senior Developer,Austin,80164.72,7766.16,2024-04-28,32,88.7,nicole.lopez@company.com,(331) 571-7906,Active
EMP016973,Daniel,Garcia,Daniel Garcia,39,Sales,Manager,Miami,91524.86,7140.49,2021-06-18,17,76.1,daniel.garcia@company.com,(812) 545-5142,On Leave
EMP016974,William,Brown,William Brown,43,Engineering,Specialist,Seattle,84127.81,3594.56,2020-10-07,14,65.3,william.brown@company.com,(464) 626-3439,Active
EMP016975,Robert,Gonzalez,Robert Gonzalez,47,Operations,Senior Developer,Seattle,47282.07,1776.2,2024-03-13,20,100.0,robert.gonzalez@company.com,(682) 310-3116,Active
EMP016976,John,Gonzalez,John Gonzalez,51,Engineering,Manager,Seattle,92180.71,9697.48,2023-11-11,24,79.8,john.gonzalez@company.com,(587) 974-7731,On Leave
EMP016977,Amanda,Johnson,Amanda Johnson,52,Engineering,Associate,Chicago,98957.83,7763.11,2020-03-30,24,66.1,amanda.johnson@company.com,(607) 625-4148,Active
EMP016978,Jessica,Gonzalez,Jessica Gonzalez,35,Sales,Lead,Los Angeles,58620.33,6100.55,2022-07-23,8,59.3,jessica.gonzalez@company.com,(515) 712-5474,Active
EMP016979,David,Moore,David Moore,39,IT,Lead,Seattle,85142.72,6989.4,2023-03-10,11,82.2,david.moore@company.com,(257) 856-6484,Inactive
EMP016980,Stephanie,Jones,Stephanie Jones,28,Engineering,Associate,Austin,69529.41,7132.85,2022-07-27,4,49.7,stephanie.jones@company.com,(796) 924-7920,Active
EMP016981,Stephanie,Wilson,Stephanie Wilson,53,Marketing,Associate,Seattle,65641.83,7310.99,2023-10-23,26,63.1,stephanie.wilson@company.com,(880) 453-5948,Active
EMP016982,Ashley,Wilson,Ashley Wilson,45,HR,Associate,Seattle,69783.89,10892.85,2024-07-26,18,99.0,ashley.wilson@company.com,(462) 677-4885,Active
EMP016983,Ashley,Smith,Ashley Smith,57,Sales,Analyst,Miami,76182.28,1255.67,2020-10-24,32,67.3,ashley.smith@company.com,(794) 670-5284,Active
EMP016984,Ashley,Johnson,Ashley Johnson,58,Legal,Coordinator,New York,128986.97,22852.14,2023-01-20,34,83.8,ashley.johnson@company.com,(262) 365-4023,Active
EMP016985,Sarah,Williams,Sarah Williams,59,HR,Analyst,Austin,74201.29,7995.52,2023-01-30,37,74.9,sarah.williams@company.com,(748) 532-1708,Active
EMP016986,Ashley,Miller,Ashley Miller,64,Marketing,Director,New York,90458.98,3691.34,2021-03-02,41,86.9,ashley.miller@company.com,(310) 739-9759,Active
EMP016987,Stephanie,Wilson,Stephanie Wilson,54,Legal,Analyst,Chicago,88301.89,13643.97,2023-04-10,32,88.1,stephanie.wilson@company.com,(360) 498-7172,Active
EMP016988,Matthew,Davis,Matthew Davis,24,HR,Senior Developer,Seattle,37078.93,4133.64,2024-11-14,1,74.9,matthew.davis@company.com,(250) 713-8234,Active
EMP016989,Sarah,Brown,Sarah Brown,60,HR,Senior Developer,Boston,76340.59,8129.05,2021-10-12,34,78.4,sarah.brown@company.com,(473) 788-8356,Active
EMP016990,Matthew,Jackson,Matthew Jackson,29,Operations,Senior Developer,New York,40319.03,2855.63,2020-08-17,0,73.0,matthew.jackson@company.com,(978) 822-2846,Inactive
EMP016991,Emily,Garcia,Emily Garcia,65,IT,Associate,Los Angeles,118467.42,11041.81,2022-06-10,41,78.1,emily.garcia@company.com,(299) 984-7724,Active
EMP016992,Anthony,Miller,Anthony Miller,48,Finance,Lead,Chicago,82349.67,9130.77,2024-11-24,23,73.8,anthony.miller@company.com,(520) 612-1652,Active
EMP016993,Lisa,Smith,Lisa Smith,51,HR,Specialist,Chicago,97678.08,8603.01,2023-12-26,28,82.9,lisa.smith@company.com,(226) 853-6676,Active
EMP016994,David,Johnson,David Johnson,44,Operations,Lead,Miami,88242.55,6529.55,2023-07-07,20,66.6,david.johnson@company.com,(734) 979-1975,Active
EMP016995,James,Smith,James Smith,53,HR,Coordinator,Chicago,63857.95,10040.23,2024-09-06,28,65.1,james.smith@company.com,(831) 937-4774,Inactive
EMP016996,Amanda,Gonzalez,Amanda Gonzalez,58,Marketing,Manager,Boston,91546.66,6303.23,2021-02-02,34,72.4,amanda.gonzalez@company.com,(753) 905-1855,Active
EMP016997,Nicole,Hernandez,Nicole Hernandez,53,Sales,Associate,San Francisco,83279.99,3507.87,2022-08-14,29,79.9,nicole.hernandez@company.com,(934) 908-4266,Active
EMP016998,David,Williams,David Williams,55,HR,Specialist,Chicago,64304.53,9901.17,2023-04-03,30,70.9,david.williams@company.com,(460) 398-7214,Active
EMP016999,Nicole,Lopez,Nicole Lopez,58,Finance,Specialist,Chicago,90685.18,8816.24,2024-06-08,30,54.3,nicole.lopez@company.com,(314) 847-9755,Active
EMP017000,Sarah,Rodriguez,Sarah Rodriguez,61,HR,Lead,Seattle,81064.98,5761.21,2021-07-17,37,88.6,sarah.rodriguez@company.com,(203) 804-7880,Active
EMP017001,Anthony,Gonzalez,Anthony Gonzalez,29,IT,Senior Developer,Austin,98263.68,4320.79,2023-02-25,3,67.4,anthony.gonzalez@company.com,(444) 605-5708,Active
EMP017002,Stephanie,Garcia,Stephanie Garcia,40,Sales,Lead,Chicago,74385.29,9069.72,2020-07-31,15,70.6,stephanie.garcia@company.com,(807) 812-6098,Active
EMP017003,Lisa,Brown,Lisa Brown,39,Engineering,Senior Developer,Los Angeles,117263.12,12381.17,2021-11-04,11,63.4,lisa.brown@company.com,(629) 311-5020,Active
EMP017004,David,Hernandez,David Hernandez,26,Engineering,Analyst,Austin,60386.8,7436.44,2021-04-04,0,56.3,david.hernandez@company.com,(355) 580-1404,Active
EMP017005,Emily,Garcia,Emily Garcia,63,Engineering,Analyst,San Francisco,120245.42,12069.99,2023-10-10,35,91.4,emily.garcia@company.com,(740) 322-2120,Inactive
EMP017006,Amanda,Wilson,Amanda Wilson,61,Legal,Associate,Los Angeles,167070.27,13667.46,2022-10-23,34,80.7,amanda.wilson@company.com,(429) 263-3286,Active
EMP017007,Melissa,Martin,Melissa Martin,44,Legal,Lead,Chicago,105416.98,11905.88,2024-09-02,16,55.1,melissa.martin@company.com,(331) 608-4038,Active
EMP017008,David,Brown,David Brown,62,Operations,Manager,Austin,82235.02,9469.33,2024-01-24,35,85.7,david.brown@company.com,(773) 818-3760,Active
EMP017009,Jessica,Miller,Jessica Miller,52,Marketing,Lead,Seattle,73860.56,4940.23,2022-02-12,25,74.2,jessica.miller@company.com,(804) 747-8523,Inactive
EMP017010,Sarah,Miller,Sarah Miller,22,IT,Director,Seattle,55046.44,7105.88,2023-05-05,0,68.9,sarah.miller@company.com,(665) 681-2634,Active
EMP017011,Jane,Miller,Jane Miller,65,Sales,Specialist,San Francisco,60775.48,10228.75,2020-01-21,40,83.8,jane.miller@company.com,(478) 266-7070,Active
EMP017012,Jessica,Moore,Jessica Moore,57,Sales,Coordinator,Chicago,70633.46,3613.58,2020-09-04,30,78.2,jessica.moore@company.com,(289) 600-6026,Active
EMP017013,Matthew,Jackson,Matthew Jackson,42,IT,Director,San Francisco,93039.01,3499.05,2021-07-24,18,61.3,matthew.jackson@company.com,(851) 786-2341,Inactive
EMP017014,Ashley,Lopez,Ashley Lopez,57,HR,Analyst,Boston,70221.2,7950.11,2021-05-20,35,55.0,ashley.lopez@company.com,(586) 947-1687,Active
EMP017015,Melissa,Davis,Melissa Davis,40,IT,Senior Developer,San Francisco,79801.02,16749.77,2022-11-04,15,78.5,melissa.davis@company.com,(861) 290-3013,Active
EMP017016,Daniel,Gonzalez,Daniel Gonzalez,53,HR,Specialist,Boston,70302.24,6842.68,2020-12-13,24,88.9,daniel.gonzalez@company.com,(876) 630-2338,Inactive
EMP017017,Daniel,Thomas,Daniel Thomas,48,Operations,Specialist,Chicago,65768.66,8332.31,2022-02-21,21,100.0,daniel.thomas@company.com,(703) 482-7709,Active
EMP017018,William,Johnson,William Johnson,61,Finance,Coordinator,Los Angeles,91776.87,8743.94,2023-08-04,32,76.7,william.johnson@company.com,(720) 902-7218,Active
EMP017019,Melissa,Hernandez,Melissa Hernandez,49,Engineering,Analyst,New York,97419.83,9568.48,2022-02-22,21,71.8,melissa.hernandez@company.com,(878) 535-8126,Inactive
EMP017020,Nicole,Martinez,Nicole Martinez,40,Engineering,Manager,San Francisco,72352.43,12151.11,2020-04-07,17,82.5,nicole.martinez@company.com,(864) 580-6977,Active
EMP017021,Jessica,Taylor,Jessica Taylor,32,Operations,Associate,San Francisco,55842.2,6088.69,2021-03-18,5,81.0,jessica.taylor@company.com,(752) 528-3209,Active
EMP017022,Michael,Jackson,Michael Jackson,33,HR,Manager,Miami,51145.53,4666.77,2023-07-30,11,91.6,michael.jackson@company.com,(551) 636-7432,Active
EMP017023,Anthony,Lopez,Anthony Lopez,27,Engineering,Senior Developer,New York,99057.91,15945.51,2020-08-10,3,86.1,anthony.lopez@company.com,(553) 501-3249,Active
EMP017024,Robert,Martin,Robert Martin,41,Engineering,Coordinator,Los Angeles,117251.82,16591.04,2023-07-27,14,78.9,robert.martin@company.com,(594) 533-1964,Active
EMP017025,Melissa,Williams,Melissa Williams,30,IT,Manager,Boston,70583.21,13420.28,2023-08-16,4,70.9,melissa.williams@company.com,(518) 285-5540,Active
EMP017026,Matthew,Anderson,Matthew Anderson,44,IT,Manager,San Francisco,58787.62,3170.55,2021-07-05,16,76.6,matthew.anderson@company.com,(603) 490-2782,Active
EMP017027,Lisa,Lopez,Lisa Lopez,61,Marketing,Manager,Seattle,99270.55,9091.31,2021-10-04,36,88.7,lisa.lopez@company.com,(546) 476-5426,Active
EMP017028,Emily,Johnson,Emily Johnson,56,Sales,Analyst,New York,91545.7,9589.84,2021-05-02,31,80.8,emily.johnson@company.com,(798) 682-6221,Inactive
EMP017029,Emily,Gonzalez,Emily Gonzalez,37,Operations,Director,Chicago,52985.35,3072.66,2020-01-19,13,91.5,emily.gonzalez@company.com,(600) 537-5466,Active
EMP017030,Michael,Williams,Michael Williams,56,Sales,Associate,San Francisco,100616.67,8752.28,2024-04-19,28,74.8,michael.williams@company.com,(770) 395-9879,Active
EMP017031,Sarah,Miller,Sarah Miller,58,Finance,Lead,Austin,89593.15,9707.14,2021-03-01,30,78.3,sarah.miller@company.com,(821) 591-7531,Active
EMP017032,Amanda,Martin,Amanda Martin,27,Engineering,Associate,Los Angeles,89772.81,5463.3,2022-07-28,1,69.6,amanda.martin@company.com,(803) 911-4754,Inactive
EMP017033,Michael,Thomas,Michael Thomas,59,Sales,Coordinator,Austin,87660.39,6185.31,2021-09-22,31,61.8,michael.thomas@company.com,(475) 990-1603,Active
EMP017034,Lisa,Martin,Lisa Martin,51,IT,Coordinator,Boston,82169.39,735.62,2024-06-23,26,72.8,lisa.martin@company.com,(966) 581-4508,Active
EMP017035,Ashley,Martinez,Ashley Martinez,39,Legal,Analyst,Austin,65309.4,2564.8,2021-04-22,10,69.3,ashley.martinez@company.com,(722) 371-8393,Active
EMP017036,Emily,Davis,Emily Davis,32,Operations,Analyst,Boston,66952.4,7493.06,2024-05-07,7,84.3,emily.davis@company.com,(945) 320-9427,Active
EMP017037,Jessica,Thomas,Jessica Thomas,58,Legal,Lead,Boston,121454.69,13699.96,2021-01-31,33,70.4,jessica.thomas@company.com,(834) 993-2673,Active
EMP017038,Jessica,Miller,Jessica Miller,32,Finance,Analyst,Chicago,57154.66,1617.48,2021-09-06,10,63.7,jessica.miller@company.com,(494) 746-5291,Active
EMP017039,Jane,Brown,Jane Brown,65,Marketing,Associate,Boston,77345.76,6646.51,2020-02-19,43,61.7,jane.brown@company.com,(939) 241-1772,Inactive
EMP017040,Daniel,Garcia,Daniel Garcia,59,Engineering,Associate,San Francisco,129241.58,11501.1,2023-01-18,36,94.9,daniel.garcia@company.com,(599) 678-8832,Active
EMP017041,Emily,Thomas,Emily Thomas,26,IT,Coordinator,Boston,73723.32,8493.6,2021-01-09,0,71.4,emily.thomas@company.com,(273) 767-1718,Active
EMP017042,Emily,Rodriguez,Emily Rodriguez,61,IT,Associate,Chicago,151805.57,18034.51,2021-01-28,36,87.3,emily.rodriguez@company.com,(498) 788-5766,Active
EMP017043,Melissa,Wilson,Melissa Wilson,40,Sales,Manager,Austin,64977.42,4373.53,2020-09-08,14,73.6,melissa.wilson@company.com,(619) 438-7488,Active
EMP017044,Christopher,Lopez,Christopher Lopez,62,Marketing,Specialist,Miami,87758.71,12069.96,2021-07-09,36,98.3,christopher.lopez@company.com,(909) 370-9092,Active
EMP017045,Stephanie,Miller,Stephanie Miller,29,Operations,Associate,Austin,61791.69,577.88,2020-09-06,0,89.9,stephanie.miller@company.com,(387) 581-7357,Active
EMP017046,Lisa,Anderson,Lisa Anderson,23,Finance,Associate,Los Angeles,79597.99,4457.9,2024-06-05,0,69.0,lisa.anderson@company.com,(977) 938-3451,Active
EMP017047,Matthew,Jackson,Matthew Jackson,29,Finance,Specialist,Austin,74253.36,2297.23,2024-08-20,6,96.1,matthew.jackson@company.com,(508) 621-9034,Active
EMP017048,Amanda,Gonzalez,Amanda Gonzalez,42,Finance,Lead,New York,81358.72,5161.97,2023-03-06,13,87.5,amanda.gonzalez@company.com,(516) 261-7177,Active
EMP017049,Nicole,Smith,Nicole Smith,40,Sales,Analyst,San Francisco,74418.72,7476.58,2022-12-20,15,88.9,nicole.smith@company.com,(212) 743-3063,Active
EMP017050,Sarah,Taylor,Sarah Taylor,64,Engineering,Specialist,Austin,130145.64,12338.74,2022-07-12,39,93.8,sarah.taylor@company.com,(857) 381-4751,On Leave
EMP017051,Matthew,Martinez,Matthew Martinez,55,Operations,Specialist,Austin,80426.37,6503.47,2024-03-24,32,99.3,matthew.martinez@company.com,(419) 814-9571,On Leave
EMP017052,Stephanie,Johnson,Stephanie Johnson,35,Finance,Associate,Los Angeles,81025.4,9364.31,2023-10-28,7,99.6,stephanie.johnson@company.com,(689) 520-1168,Active
EMP017053,Daniel,Jackson,Daniel Jackson,33,Marketing,Lead,Chicago,44417.21,3866.64,2023-12-26,4,54.4,daniel.jackson@company.com,(634) 559-9225,Active
EMP017054,Stephanie,Williams,Stephanie Williams,34,Sales,Senior Developer,Los Angeles,84252.26,14321.39,2021-11-06,10,72.7,stephanie.williams@company.com,(859) 886-6700,Active
EMP017055,Sarah,Martin,Sarah Martin,63,Operations,Director,Miami,87122.79,3280.9,2023-10-27,40,60.5,sarah.martin@company.com,(872) 765-5578,Active
EMP017056,Anthony,Lopez,Anthony Lopez,41,Operations,Coordinator,New York,76756.03,3826.65,2021-11-12,18,73.9,anthony.lopez@company.com,(363) 726-6878,Active
EMP017057,Matthew,Rodriguez,Matthew Rodriguez,29,Operations,Lead,Seattle,60506.57,1665.67,2022-10-20,3,58.1,matthew.rodriguez@company.com,(932) 991-9654,Active
EMP017058,Nicole,Johnson,Nicole Johnson,50,Sales,Associate,Austin,79526.61,0.0,2022-06-12,23,85.6,nicole.johnson@company.com,(888) 622-5841,Active
EMP017059,Anthony,Taylor,Anthony Taylor,53,Sales,Associate,San Francisco,68464.74,4181.89,2022-08-29,29,67.9,anthony.taylor@company.com,(611) 302-3891,Active
EMP017060,Jessica,Smith,Jessica Smith,31,Operations,Senior Developer,Miami,65356.89,5864.87,2022-05-01,4,62.9,jessica.smith@company.com,(489) 253-1666,Inactive
EMP017061,Anthony,Johnson,Anthony Johnson,61,HR,Manager,Miami,79331.44,4692.0,2020-08-05,35,69.9,anthony.johnson@company.com,(896) 302-6350,Inactive
EMP017062,Ashley,Jackson,Ashley Jackson,26,Sales,Coordinator,Chicago,37068.6,1438.91,2021-07-21,2,71.9,ashley.jackson@company.com,(996) 360-6935,Active
EMP017063,David,Garcia,David Garcia,47,Engineering,Specialist,Austin,98503.47,15505.04,2022-04-24,20,73.8,david.garcia@company.com,(260) 302-4870,Active
EMP017064,Jane,Brown,Jane Brown,43,Operations,Coordinator,Boston,42625.74,5635.57,2020-08-12,21,74.2,jane.brown@company.com,(919) 565-3466,Active
EMP017065,Robert,Anderson,Robert Anderson,60,HR,Analyst,Los Angeles,81844.84,17012.03,2021-04-01,33,47.0,robert.anderson@company.com,(225) 400-9944,Active
EMP017066,Ashley,Jackson,Ashley Jackson,50,Finance,Analyst,Boston,116289.0,7965.64,2021-03-31,28,74.2,ashley.jackson@company.com,(207) 796-5271,Active
EMP017067,Christopher,Smith,Christopher Smith,25,Sales,Associate,Seattle,61416.32,11200.1,2024-12-29,0,88.1,christopher.smith@company.com,(706) 425-8263,Active
EMP017068,John,Williams,John Williams,23,IT,Director,Boston,78148.73,8110.15,2022-08-07,0,57.3,john.williams@company.com,(800) 224-7037,Active
EMP017069,Daniel,Johnson,Daniel Johnson,29,Legal,Manager,Boston,72653.47,7333.07,2022-06-08,5,69.9,daniel.johnson@company.com,(987) 562-9003,Active
EMP017070,William,Davis,William Davis,64,Marketing,Manager,New York,97868.91,13333.85,2021-04-26,36,58.6,william.davis@company.com,(227) 409-7672,Inactive
EMP017071,Sarah,Martinez,Sarah Martinez,46,Operations,Analyst,Chicago,75511.61,4639.37,2023-05-11,18,53.9,sarah.martinez@company.com,(356) 819-3152,Active
EMP017072,Matthew,Jones,Matthew Jones,56,Marketing,Lead,Seattle,100575.34,11648.47,2023-09-26,33,84.8,matthew.jones@company.com,(770) 700-2299,Active
EMP017073,Emily,Brown,Emily Brown,42,HR,Analyst,New York,84751.52,7888.47,2024-02-21,15,85.2,emily.brown@company.com,(513) 987-2532,Active
EMP017074,Christopher,Martinez,Christopher Martinez,28,Sales,Specialist,San Francisco,51259.18,8122.16,2024-09-13,1,63.1,christopher.martinez@company.com,(633) 555-7337,Inactive
EMP017075,Matthew,Hernandez,Matthew Hernandez,36,Legal,Manager,Boston,72277.47,7973.67,2021-07-17,11,88.6,matthew.hernandez@company.com,(702) 251-9946,Active
EMP017076,James,Martin,James Martin,61,Sales,Specialist,Austin,91232.51,10811.02,2020-04-10,38,55.7,james.martin@company.com,(574) 251-8297,Active
EMP017077,Sarah,Taylor,Sarah Taylor,39,IT,Senior Developer,Seattle,109224.77,15870.74,2020-03-01,11,94.0,sarah.taylor@company.com,(641) 481-6362,Inactive
EMP017078,Anthony,Johnson,Anthony Johnson,27,IT,Director,Austin,87638.32,0.0,2021-09-18,3,87.1,anthony.johnson@company.com,(232) 356-5352,Active
EMP017079,Matthew,Miller,Matthew Miller,35,Engineering,Coordinator,Miami,82058.96,9110.4,2022-04-12,12,92.7,matthew.miller@company.com,(670) 941-8211,Active
EMP017080,John,Anderson,John Anderson,28,IT,Associate,Miami,78644.84,12147.52,2022-06-02,2,66.9,john.anderson@company.com,(400) 599-7359,Active
EMP017081,David,Jones,David Jones,36,Finance,Senior Developer,Boston,71986.75,10646.63,2020-08-30,11,54.2,david.jones@company.com,(263) 915-3148,On Leave
EMP017082,Nicole,Gonzalez,Nicole Gonzalez,55,Sales,Manager,Boston,81674.43,9541.9,2024-09-02,32,59.3,nicole.gonzalez@company.com,(314) 527-4749,Active
EMP017083,Ashley,Garcia,Ashley Garcia,48,Operations,Senior Developer,New York,63256.8,476.82,2022-05-24,24,79.2,ashley.garcia@company.com,(317) 319-2191,Active
EMP017084,Stephanie,Taylor,Stephanie Taylor,22,Engineering,Manager,Los Angeles,52974.0,10447.55,2024-10-13,0,77.7,stephanie.taylor@company.com,(319) 747-2310,Active
EMP017085,Christopher,Anderson,Christopher Anderson,36,IT,Senior Developer,Los Angeles,61487.4,7486.03,2021-10-02,9,93.6,christopher.anderson@company.com,(768) 906-5400,Active
EMP017086,Emily,Williams,Emily Williams,28,HR,Analyst,Chicago,56161.19,7921.42,2024-11-30,1,51.3,emily.williams@company.com,(301) 951-3078,Active
EMP017087,Jane,Taylor,Jane Taylor,58,HR,Coordinator,Chicago,79629.43,12635.21,2021-06-03,33,79.7,jane.taylor@company.com,(560) 957-8360,Active
EMP017088,Robert,Rodriguez,Robert Rodriguez,29,IT,Director,Los Angeles,74939.89,12980.76,2020-09-03,6,62.2,robert.rodriguez@company.com,(437) 534-6958,Active
EMP017089,Melissa,Jackson,Melissa Jackson,48,Legal,Senior Developer,San Francisco,94549.81,9828.93,2021-03-26,20,75.0,melissa.jackson@company.com,(459) 209-2790,Active
EMP017090,David,Taylor,David Taylor,52,Finance,Lead,Boston,69817.58,7392.15,2022-10-02,25,91.3,david.taylor@company.com,(827) 214-7921,Active
EMP017091,Matthew,Brown,Matthew Brown,33,HR,Lead,Chicago,42403.08,3840.18,2024-07-05,9,75.2,matthew.brown@company.com,(218) 935-4931,On Leave
EMP017092,Matthew,Wilson,Matthew Wilson,65,Marketing,Analyst,Chicago,85699.48,9885.16,2020-06-15,43,100.0,matthew.wilson@company.com,(748) 394-1222,Active
EMP017093,Christopher,Taylor,Christopher Taylor,25,Operations,Senior Developer,Miami,60050.48,3233.51,2024-12-15,2,76.3,christopher.taylor@company.com,(257) 937-1847,Active
EMP017094,Emily,Hernandez,Emily Hernandez,53,Marketing,Senior Developer,New York,69801.84,4514.36,2024-06-07,27,91.9,emily.hernandez@company.com,(855) 462-9419,Active
EMP017095,Daniel,Williams,Daniel Williams,23,Legal,Manager,Los Angeles,60830.91,8970.54,2020-09-16,0,53.2,daniel.williams@company.com,(935) 485-9854,Active
EMP017096,Robert,Jones,Robert Jones,49,Operations,Senior Developer,Seattle,69680.69,3352.08,2022-02-02,21,69.6,robert.jones@company.com,(700) 354-1473,Active
EMP017097,Emily,Garcia,Emily Garcia,46,IT,Coordinator,Chicago,105905.58,10025.58,2023-12-11,23,78.3,emily.garcia@company.com,(504) 344-9067,Active
EMP017098,Nicole,Anderson,Nicole Anderson,46,Finance,Analyst,Miami,103643.39,13745.36,2021-05-15,17,100.0,nicole.anderson@company.com,(763) 904-1086,Active
EMP017099,Michael,Johnson,Michael Johnson,43,IT,Director,Seattle,90393.01,15374.29,2023-08-09,21,78.7,michael.johnson@company.com,(661) 806-6017,Inactive
EMP017100,Daniel,Hernandez,Daniel Hernandez,64,HR,Senior Developer,Austin,71024.63,2376.78,2022-08-26,37,86.4,daniel.hernandez@company.com,(322) 452-2720,Active
EMP017101,Anthony,Thomas,Anthony Thomas,32,Operations,Lead,Boston,42538.86,10419.71,2021-02-14,4,81.2,anthony.thomas@company.com,(596) 241-6839,Inactive
EMP017102,Amanda,Taylor,Amanda Taylor,63,Marketing,Specialist,Seattle,76454.79,13146.43,2020-09-16,35,100.0,amanda.taylor@company.com,(890) 998-9684,On Leave
EMP017103,Matthew,Wilson,Matthew Wilson,25,IT,Specialist,Austin,90201.07,7229.16,2021-03-06,0,91.2,matthew.wilson@company.com,(683) 825-2737,Active
EMP017104,Michael,Rodriguez,Michael Rodriguez,23,Marketing,Coordinator,Austin,55129.55,6733.05,2024-06-22,0,57.7,michael.rodriguez@company.com,(840) 318-7663,Active
EMP017105,Anthony,Miller,Anthony Miller,49,Operations,Analyst,Seattle,69023.25,4762.17,2022-11-27,22,90.4,anthony.miller@company.com,(904) 786-4432,Active
EMP017106,John,Thomas,John Thomas,28,Marketing,Lead,San Francisco,60629.17,5119.37,2023-03-17,5,70.7,john.thomas@company.com,(769) 864-7281,Active
EMP017107,Melissa,Wilson,Melissa Wilson,59,Legal,Manager,Chicago,150278.16,10884.92,2023-12-05,31,70.7,melissa.wilson@company.com,(861) 733-4767,Active
EMP017108,David,Martinez,David Martinez,65,Finance,Coordinator,Austin,127280.87,27438.24,2020-05-26,36,82.3,david.martinez@company.com,(610) 735-8713,Active
EMP017109,Christopher,Moore,Christopher Moore,30,Sales,Director,Miami,72312.56,4302.27,2023-08-12,5,42.8,christopher.moore@company.com,(566) 754-1408,Active
EMP017110,Amanda,Davis,Amanda Davis,62,Operations,Specialist,Seattle,88021.97,6775.15,2021-07-08,37,100.0,amanda.davis@company.com,(305) 384-4008,Active
EMP017111,Lisa,Smith,Lisa Smith,29,IT,Specialist,New York,76413.71,6932.15,2023-08-21,7,72.7,lisa.smith@company.com,(413) 536-3421,Active
EMP017112,Nicole,Moore,Nicole Moore,35,Sales,Specialist,Chicago,60552.59,5075.04,2024-06-28,8,75.1,nicole.moore@company.com,(639) 396-1492,Active
EMP017113,Lisa,Martin,Lisa Martin,25,IT,Lead,San Francisco,99190.51,7594.73,2024-03-22,2,100.0,lisa.martin@company.com,(880) 247-7940,Active
EMP017114,Sarah,Rodriguez,Sarah Rodriguez,36,IT,Analyst,Seattle,82540.57,6686.79,2024-06-29,11,68.3,sarah.rodriguez@company.com,(990) 740-5275,Active
EMP017115,Matthew,Martinez,Matthew Martinez,28,Sales,Lead,Austin,64649.0,9142.89,2022-04-12,5,85.4,matthew.martinez@company.com,(697) 634-9682,Active
EMP017116,Ashley,Jackson,Ashley Jackson,49,Legal,Specialist,New York,123698.34,11514.79,2024-07-30,23,94.3,ashley.jackson@company.com,(512) 990-5852,Active
EMP017117,Stephanie,Johnson,Stephanie Johnson,25,Sales,Associate,Los Angeles,46709.83,0.0,2022-06-09,2,93.8,stephanie.johnson@company.com,(928) 931-6861,Active
EMP017118,William,Williams,William Williams,54,Sales,Specialist,San Francisco,72993.29,14784.74,2022-12-29,30,71.1,william.williams@company.com,(919) 432-9719,Active
EMP017119,Ashley,Smith,Ashley Smith,26,IT,Specialist,Boston,88111.9,17624.26,2023-12-16,4,69.8,ashley.smith@company.com,(739) 931-9640,Active
EMP017120,Michael,Gonzalez,Michael Gonzalez,65,Engineering,Lead,New York,148168.69,8730.91,2024-04-20,41,57.4,michael.gonzalez@company.com,(752) 281-8218,Active
EMP017121,Jane,Brown,Jane Brown,48,Marketing,Director,Austin,109190.74,13549.68,2023-09-04,22,78.4,jane.brown@company.com,(803) 688-4720,Active
EMP017122,Matthew,Johnson,Matthew Johnson,61,Finance,Director,New York,104767.92,19565.71,2020-03-29,33,92.5,matthew.johnson@company.com,(910) 854-4971,Active
EMP017123,Michael,Thomas,Michael Thomas,55,Finance,Coordinator,Boston,92122.56,8404.85,2020-08-24,33,90.2,michael.thomas@company.com,(363) 890-5976,Active
EMP017124,Jessica,Hernandez,Jessica Hernandez,29,Operations,Senior Developer,Miami,53820.66,6918.48,2021-03-09,0,95.7,jessica.hernandez@company.com,(822) 582-3422,Active
EMP017125,Michael,Miller,Michael Miller,50,Marketing,Manager,Boston,72205.4,10384.63,2023-11-10,25,86.7,michael.miller@company.com,(874) 736-7766,Active
EMP017126,Nicole,Johnson,Nicole Johnson,30,Engineering,Coordinator,San Francisco,102694.17,7202.99,2023-09-23,2,94.3,nicole.johnson@company.com,(733) 563-3772,Active
EMP017127,Nicole,Martinez,Nicole Martinez,45,HR,Senior Developer,Miami,93758.86,6136.93,2021-02-16,16,90.8,nicole.martinez@company.com,(340) 564-5460,Active
EMP017128,Michael,Brown,Michael Brown,49,Marketing,Director,San Francisco,63686.84,11067.44,2020-12-11,26,68.9,michael.brown@company.com,(354) 440-8728,Active
EMP017129,Lisa,Rodriguez,Lisa Rodriguez,39,Marketing,Director,Miami,69056.68,13010.43,2020-06-26,11,71.0,lisa.rodriguez@company.com,(900) 769-7524,Active
EMP017130,Nicole,Martinez,Nicole Martinez,47,Sales,Director,Boston,51783.56,2135.93,2023-05-02,21,95.7,nicole.martinez@company.com,(734) 209-4088,Inactive
EMP017131,Christopher,Jones,Christopher Jones,56,Finance,Analyst,Los Angeles,99250.38,13061.96,2022-08-21,29,85.9,christopher.jones@company.com,(436) 802-5409,Active
EMP017132,Robert,Lopez,Robert Lopez,61,Finance,Director,Los Angeles,96897.2,6688.73,2023-08-09,34,74.4,robert.lopez@company.com,(752) 479-3237,On Leave
EMP017133,Robert,Martinez,Robert Martinez,31,Finance,Director,Austin,49442.89,5788.01,2024-12-16,2,92.6,robert.martinez@company.com,(242) 398-4780,Active
EMP017134,Jessica,Smith,Jessica Smith,24,IT,Lead,Los Angeles,88302.18,5922.67,2023-12-09,0,100.0,jessica.smith@company.com,(829) 846-9531,Active
EMP017135,John,Smith,John Smith,53,Legal,Specialist,Miami,125977.44,11979.31,2021-12-10,24,73.3,john.smith@company.com,(506) 995-7103,Active
EMP017136,Michael,Rodriguez,Michael Rodriguez,52,Sales,Analyst,Seattle,95240.17,11403.29,2021-04-12,24,46.4,michael.rodriguez@company.com,(933) 443-7200,Active
EMP017137,Emily,Williams,Emily Williams,36,Marketing,Specialist,San Francisco,61662.24,8687.05,2023-12-25,13,89.2,emily.williams@company.com,(908) 783-5056,Active
EMP017138,Robert,Taylor,Robert Taylor,36,Engineering,Director,Los Angeles,88968.58,10049.32,2021-09-17,12,76.4,robert.taylor@company.com,(375) 966-1059,Active
EMP017139,Nicole,Rodriguez,Nicole Rodriguez,63,Engineering,Coordinator,Miami,139149.34,13193.43,2023-05-05,41,100.0,nicole.rodriguez@company.com,(909) 277-7231,Active
EMP017140,Anthony,Garcia,Anthony Garcia,38,Sales,Manager,Miami,68602.07,3086.16,2020-06-22,11,74.8,anthony.garcia@company.com,(824) 804-5549,On Leave
EMP017141,Melissa,Davis,Melissa Davis,23,Sales,Director,Miami,68142.12,4557.83,2020-04-08,0,79.0,melissa.davis@company.com,(827) 584-6864,Active
EMP017142,John,Lopez,John Lopez,54,IT,Coordinator,Seattle,101176.95,19877.66,2021-09-24,32,94.0,john.lopez@company.com,(974) 822-3342,Active
EMP017143,Sarah,Martinez,Sarah Martinez,61,Operations,Coordinator,San Francisco,61312.62,3818.86,2022-11-11,36,55.6,sarah.martinez@company.com,(836) 748-4268,Active
EMP017144,Sarah,Jackson,Sarah Jackson,32,Operations,Manager,Boston,63925.13,9982.42,2021-09-15,8,84.3,sarah.jackson@company.com,(349) 886-8598,On Leave
EMP017145,Christopher,Johnson,Christopher Johnson,36,Marketing,Analyst,Austin,85593.55,5240.4,2024-02-04,12,71.5,christopher.johnson@company.com,(997) 869-5034,Active
EMP017146,Melissa,Davis,Melissa Davis,35,Marketing,Analyst,San Francisco,71867.02,1620.16,2022-04-13,6,87.5,melissa.davis@company.com,(842) 320-6779,Active
EMP017147,Sarah,Garcia,Sarah Garcia,40,HR,Specialist,Miami,74704.94,8619.48,2023-04-08,16,72.4,sarah.garcia@company.com,(718) 383-2343,Active
EMP017148,Nicole,Taylor,Nicole Taylor,62,HR,Lead,Miami,84082.08,10597.83,2021-11-16,33,70.8,nicole.taylor@company.com,(631) 788-4383,Active
EMP017149,Jane,Williams,Jane Williams,49,IT,Lead,Miami,63705.43,7094.69,2020-08-21,24,63.7,jane.williams@company.com,(244) 675-7204,Active
EMP017150,John,Anderson,John Anderson,26,Legal,Lead,Seattle,72920.82,8378.62,2022-09-13,0,74.0,john.anderson@company.com,(470) 684-6169,Active
EMP017151,David,Davis,David Davis,52,Engineering,Senior Developer,Boston,88673.06,4437.88,2022-01-15,25,87.5,david.davis@company.com,(254) 550-8682,Active
EMP017152,Stephanie,Brown,Stephanie Brown,62,Finance,Coordinator,Austin,132181.06,6691.84,2021-09-16,37,65.7,stephanie.brown@company.com,(303) 375-2931,Active
EMP017153,John,Johnson,John Johnson,35,Marketing,Manager,Chicago,58812.81,0.0,2021-11-22,13,67.6,john.johnson@company.com,(757) 221-4265,Inactive
EMP017154,Sarah,Gonzalez,Sarah Gonzalez,44,Engineering,Manager,New York,107737.11,5481.94,2024-04-01,15,44.0,sarah.gonzalez@company.com,(239) 648-3682,Active
EMP017155,Ashley,Hernandez,Ashley Hernandez,33,Engineering,Lead,Chicago,87115.78,10748.21,2023-10-07,7,100.0,ashley.hernandez@company.com,(294) 297-5980,Active
EMP017156,Michael,Smith,Michael Smith,24,Engineering,Associate,Boston,73373.86,8360.47,2022-09-18,2,80.1,michael.smith@company.com,(628) 325-4359,Active
EMP017157,David,Thomas,David Thomas,57,Engineering,Associate,Los Angeles,109237.57,2005.84,2022-06-21,31,81.1,david.thomas@company.com,(956) 899-3803,Active
EMP017158,Sarah,Hernandez,Sarah Hernandez,58,Engineering,Senior Developer,New York,99378.32,11126.99,2024-11-29,33,91.4,sarah.hernandez@company.com,(273) 389-1998,Active
EMP017159,Stephanie,Thomas,Stephanie Thomas,56,Sales,Director,San Francisco,77028.46,4459.95,2022-02-02,31,92.2,stephanie.thomas@company.com,(230) 797-8691,Inactive
EMP017160,Emily,Rodriguez,Emily Rodriguez,53,IT,Lead,Los Angeles,126057.71,4280.56,2023-02-16,30,59.2,emily.rodriguez@company.com,(381) 278-4751,Active
EMP017161,Jessica,Garcia,Jessica Garcia,61,Sales,Analyst,Boston,82691.09,10518.04,2022-05-03,34,82.6,jessica.garcia@company.com,(821) 202-1912,Active
EMP017162,Emily,Jones,Emily Jones,46,Sales,Specialist,Boston,75143.2,0.0,2024-08-26,22,93.0,emily.jones@company.com,(305) 334-8903,Active
EMP017163,James,Jackson,James Jackson,48,HR,Associate,Miami,79609.43,4805.08,2024-01-16,22,49.0,james.jackson@company.com,(711) 583-6049,Active
EMP017164,Anthony,Jackson,Anthony Jackson,25,Legal,Senior Developer,Seattle,92858.55,4917.65,2023-11-01,0,56.6,anthony.jackson@company.com,(313) 304-4326,Active
EMP017165,Stephanie,Williams,Stephanie Williams,30,Finance,Manager,Los Angeles,50045.78,2284.83,2024-07-16,2,75.1,stephanie.williams@company.com,(751) 866-2545,Active
EMP017166,Robert,Davis,Robert Davis,62,Marketing,Associate,Boston,67568.63,3614.57,2024-07-03,33,79.8,robert.davis@company.com,(495) 976-6080,Active
EMP017167,Melissa,Gonzalez,Melissa Gonzalez,52,Operations,Director,Los Angeles,54711.64,10554.45,2020-09-17,28,83.6,melissa.gonzalez@company.com,(625) 492-2452,Active
EMP017168,James,Martin,James Martin,53,Legal,Manager,New York,123961.74,9379.12,2024-10-12,26,92.4,james.martin@company.com,(618) 830-4203,Active
EMP017169,Daniel,Martin,Daniel Martin,32,Operations,Senior Developer,Miami,56399.01,3310.4,2021-02-08,7,63.0,daniel.martin@company.com,(838) 217-6760,Active
EMP017170,Stephanie,Davis,Stephanie Davis,45,HR,Senior Developer,Boston,72774.97,3388.77,2020-12-30,23,100.0,stephanie.davis@company.com,(719) 384-7823,Active
EMP017171,Melissa,Brown,Melissa Brown,40,Engineering,Manager,New York,81324.37,148.1,2024-12-01,16,68.3,melissa.brown@company.com,(670) 238-3777,Active
EMP017172,Jessica,Lopez,Jessica Lopez,60,HR,Associate,Boston,77214.4,13303.35,2020-09-15,31,69.3,jessica.lopez@company.com,(220) 456-3525,Active
EMP017173,Jane,Miller,Jane Miller,53,Sales,Coordinator,Los Angeles,65075.53,9302.3,2021-06-26,29,54.9,jane.miller@company.com,(985) 808-9755,Inactive
EMP017174,Melissa,Thomas,Melissa Thomas,56,IT,Director,Boston,102554.69,12548.79,2023-05-29,34,75.3,melissa.thomas@company.com,(988) 445-6435,Active
EMP017175,David,Miller,David Miller,63,Finance,Director,San Francisco,103819.1,2264.65,2022-09-23,36,48.6,david.miller@company.com,(694) 413-9537,Active
EMP017176,Amanda,Garcia,Amanda Garcia,59,Operations,Coordinator,Los Angeles,87840.82,14520.42,2022-04-10,35,74.3,amanda.garcia@company.com,(201) 804-2893,Active
EMP017177,James,Moore,James Moore,40,HR,Director,Miami,68205.78,4167.04,2020-06-02,18,69.3,james.moore@company.com,(490) 703-2882,Inactive
EMP017178,Sarah,Williams,Sarah Williams,32,Marketing,Lead,San Francisco,43870.19,2040.36,2024-04-15,9,71.1,sarah.williams@company.com,(633) 340-7465,Active
EMP017179,Anthony,Thomas,Anthony Thomas,22,Marketing,Director,Austin,60191.29,3860.3,2021-03-18,0,80.1,anthony.thomas@company.com,(901) 913-8116,Active
EMP017180,Emily,Smith,Emily Smith,64,HR,Lead,Seattle,98243.45,4153.33,2022-09-30,35,82.7,emily.smith@company.com,(419) 801-8218,Active
EMP017181,David,Hernandez,David Hernandez,61,Finance,Senior Developer,Chicago,142500.43,20049.21,2024-02-14,38,67.0,david.hernandez@company.com,(928) 558-1653,Active
EMP017182,Melissa,Rodriguez,Melissa Rodriguez,25,Sales,Lead,Miami,65154.9,4639.15,2024-10-08,2,78.8,melissa.rodriguez@company.com,(249) 256-4965,Active
EMP017183,Anthony,Lopez,Anthony Lopez,32,HR,Coordinator,Chicago,56338.47,8952.94,2020-10-17,9,57.0,anthony.lopez@company.com,(684) 489-1076,Active
EMP017184,David,Wilson,David Wilson,52,Sales,Director,Los Angeles,87699.31,7713.39,2021-05-10,27,56.1,david.wilson@company.com,(397) 948-7718,Active
EMP017185,Stephanie,Taylor,Stephanie Taylor,39,Operations,Associate,Boston,67152.22,3657.65,2020-07-18,17,98.6,stephanie.taylor@company.com,(855) 326-7068,Active
EMP017186,Nicole,Gonzalez,Nicole Gonzalez,56,Marketing,Coordinator,Boston,63377.98,12645.91,2021-05-04,33,41.5,nicole.gonzalez@company.com,(903) 888-4995,On Leave
EMP017187,Stephanie,Thomas,Stephanie Thomas,49,Engineering,Senior Developer,Chicago,72155.26,5544.46,2021-01-18,23,71.9,stephanie.thomas@company.com,(808) 851-7932,Active
EMP017188,Melissa,Hernandez,Melissa Hernandez,44,IT,Coordinator,Miami,102956.33,22931.84,2022-02-03,18,82.2,melissa.hernandez@company.com,(694) 226-2623,Active
EMP017189,Jane,Miller,Jane Miller,34,IT,Director,Miami,70021.35,4245.31,2020-06-04,10,77.6,jane.miller@company.com,(254) 730-1473,Active
EMP017190,Lisa,Martinez,Lisa Martinez,62,Legal,Director,Miami,129021.96,10569.21,2020-11-24,39,80.6,lisa.martinez@company.com,(338) 438-6862,Active
EMP017191,Sarah,Miller,Sarah Miller,27,Finance,Senior Developer,Chicago,50955.1,4748.9,2020-12-24,0,62.5,sarah.miller@company.com,(992) 966-9246,Inactive
EMP017192,John,Rodriguez,John Rodriguez,46,Engineering,Analyst,Seattle,109700.55,11595.83,2023-09-06,18,76.7,john.rodriguez@company.com,(878) 608-9599,Active
EMP017193,Melissa,Thomas,Melissa Thomas,35,Marketing,Associate,Boston,56135.49,10055.94,2023-10-23,11,91.1,melissa.thomas@company.com,(648) 371-5144,Active
EMP017194,David,Martin,David Martin,52,Marketing,Coordinator,Boston,75979.14,4883.37,2023-10-23,25,74.2,david.martin@company.com,(290) 885-7090,Active
EMP017195,Amanda,Gonzalez,Amanda Gonzalez,47,Sales,Manager,Chicago,76880.23,4941.8,2021-08-06,23,100.0,amanda.gonzalez@company.com,(944) 943-8563,Active
EMP017196,Christopher,Gonzalez,Christopher Gonzalez,61,Finance,Manager,Boston,120308.45,16383.83,2023-11-27,35,85.8,christopher.gonzalez@company.com,(313) 411-9108,Active
EMP017197,Anthony,Gonzalez,Anthony Gonzalez,62,Finance,Specialist,New York,128495.0,23259.33,2023-04-22,39,55.2,anthony.gonzalez@company.com,(795) 410-3670,Active
EMP017198,Emily,Wilson,Emily Wilson,59,Marketing,Associate,Seattle,89099.22,8222.37,2020-01-28,37,82.1,emily.wilson@company.com,(266) 867-3261,Inactive
EMP017199,Robert,Martinez,Robert Martinez,39,Engineering,Senior Developer,New York,79987.75,12594.16,2021-10-27,11,62.9,robert.martinez@company.com,(263) 388-3261,Active
EMP017200,Stephanie,Garcia,Stephanie Garcia,39,Sales,Specialist,San Francisco,84542.07,7692.52,2023-10-09,16,67.2,stephanie.garcia@company.com,(480) 435-5865,Active
EMP017201,Matthew,Jones,Matthew Jones,36,Operations,Specialist,Los Angeles,71119.04,6943.25,2024-06-08,7,58.6,matthew.jones@company.com,(781) 786-9108,Active
EMP017202,Robert,Rodriguez,Robert Rodriguez,47,HR,Associate,New York,77467.32,1998.88,2020-01-09,23,58.3,robert.rodriguez@company.com,(899) 757-6371,Active
EMP017203,Anthony,Jones,Anthony Jones,29,HR,Analyst,Boston,67934.1,9727.77,2024-01-19,0,69.9,anthony.jones@company.com,(809) 301-2150,Active
EMP017204,Melissa,Jackson,Melissa Jackson,55,Marketing,Senior Developer,Miami,69222.42,3142.92,2023-03-16,30,80.5,melissa.jackson@company.com,(559) 912-2636,Active
EMP017205,Sarah,Garcia,Sarah Garcia,41,IT,Director,New York,70117.1,1965.82,2021-06-24,19,84.8,sarah.garcia@company.com,(344) 481-6044,Active
EMP017206,Michael,Brown,Michael Brown,54,Operations,Specialist,Seattle,68725.16,2429.59,2023-02-13,25,66.4,michael.brown@company.com,(442) 444-3831,Active
EMP017207,John,Martinez,John Martinez,36,Legal,Manager,Miami,93674.85,4681.94,2024-07-30,14,68.9,john.martinez@company.com,(685) 986-2438,Active
EMP017208,Melissa,Martin,Melissa Martin,57,Engineering,Coordinator,Austin,118828.85,11328.65,2024-01-25,34,70.7,melissa.martin@company.com,(454) 952-8311,Inactive
EMP017209,Daniel,Jackson,Daniel Jackson,62,HR,Senior Developer,Chicago,79734.26,9334.27,2021-01-26,35,100.0,daniel.jackson@company.com,(670) 220-7945,Active
EMP017210,Stephanie,Garcia,Stephanie Garcia,45,Sales,Lead,Seattle,83259.67,3747.68,2023-07-03,18,84.2,stephanie.garcia@company.com,(888) 743-1357,Active
EMP017211,Emily,Martin,Emily Martin,53,Marketing,Coordinator,Chicago,79874.63,6135.57,2021-08-11,30,84.1,emily.martin@company.com,(784) 575-8993,On Leave
EMP017212,Robert,Hernandez,Robert Hernandez,43,IT,Director,Chicago,109700.09,7060.26,2023-06-21,20,69.1,robert.hernandez@company.com,(413) 890-3721,Active
EMP017213,James,Miller,James Miller,36,IT,Director,Los Angeles,62856.75,6397.87,2022-12-28,7,77.6,james.miller@company.com,(680) 380-3972,Active
EMP017214,Sarah,Thomas,Sarah Thomas,44,Finance,Director,New York,80734.73,13860.53,2020-03-21,16,85.9,sarah.thomas@company.com,(992) 888-9028,Active
EMP017215,Jessica,Davis,Jessica Davis,49,Sales,Specialist,Seattle,56471.18,5090.3,2024-08-28,24,73.3,jessica.davis@company.com,(572) 643-5756,Active
EMP017216,Jane,Hernandez,Jane Hernandez,65,Engineering,Analyst,Boston,125516.0,21290.46,2024-03-11,43,80.0,jane.hernandez@company.com,(924) 353-6874,Active
EMP017217,Matthew,Thomas,Matthew Thomas,22,Engineering,Director,Los Angeles,103369.58,10389.0,2023-08-03,0,88.9,matthew.thomas@company.com,(232) 816-4566,Active
EMP017218,John,Taylor,John Taylor,27,Operations,Coordinator,Miami,46387.12,5946.84,2023-11-22,4,47.3,john.taylor@company.com,(598) 693-1559,Active
EMP017219,Melissa,Johnson,Melissa Johnson,63,HR,Coordinator,Seattle,99251.74,20769.8,2023-04-27,41,74.8,melissa.johnson@company.com,(619) 468-4133,Active
EMP017220,William,Gonzalez,William Gonzalez,58,Engineering,Director,Miami,129923.59,9524.9,2022-02-01,31,76.6,william.gonzalez@company.com,(469) 999-3957,Active
EMP017221,Nicole,Brown,Nicole Brown,52,Marketing,Analyst,New York,80138.84,11482.85,2023-08-24,26,65.9,nicole.brown@company.com,(299) 417-3450,Active
EMP017222,Robert,Anderson,Robert Anderson,44,IT,Lead,New York,97092.19,9831.53,2020-04-16,22,85.6,robert.anderson@company.com,(969) 783-9403,Active
EMP017223,James,Johnson,James Johnson,33,Sales,Associate,Los Angeles,45496.28,8507.41,2021-08-27,8,79.8,james.johnson@company.com,(444) 499-9753,Active
EMP017224,Nicole,Martin,Nicole Martin,24,Engineering,Senior Developer,Austin,52953.9,3941.96,2024-09-09,0,52.3,nicole.martin@company.com,(223) 573-2884,Inactive
EMP017225,Michael,Hernandez,Michael Hernandez,52,Sales,Manager,San Francisco,96071.32,6147.86,2022-03-15,26,61.6,michael.hernandez@company.com,(281) 974-1200,Active
EMP017226,Sarah,Jackson,Sarah Jackson,33,Legal,Associate,Los Angeles,67930.4,10563.59,2020-04-12,11,65.9,sarah.jackson@company.com,(489) 798-2848,On Leave
EMP017227,Anthony,Brown,Anthony Brown,38,HR,Senior Developer,Chicago,76209.64,4353.25,2021-10-07,16,94.6,anthony.brown@company.com,(967) 856-5740,Active
EMP017228,Amanda,Martinez,Amanda Martinez,34,HR,Coordinator,Austin,59182.54,6477.82,2021-12-11,7,55.4,amanda.martinez@company.com,(665) 396-2290,Active
EMP017229,David,Williams,David Williams,57,Finance,Analyst,Chicago,87308.51,13144.82,2024-07-29,32,73.3,david.williams@company.com,(336) 567-2374,Active
EMP017230,John,Moore,John Moore,61,Sales,Analyst,New York,103640.33,8812.15,2023-05-11,38,88.2,john.moore@company.com,(710) 992-9927,On Leave
EMP017231,Daniel,Martinez,Daniel Martinez,29,Marketing,Coordinator,San Francisco,71282.66,5792.33,2024-07-12,7,65.0,daniel.martinez@company.com,(820) 336-1193,Inactive
EMP017232,Daniel,Hernandez,Daniel Hernandez,62,IT,Lead,Seattle,112292.21,16728.18,2022-03-27,36,68.8,daniel.hernandez@company.com,(498) 351-6179,Active
EMP017233,Jane,Thomas,Jane Thomas,33,Sales,Coordinator,Los Angeles,55026.64,2325.71,2020-03-25,9,33.8,jane.thomas@company.com,(327) 951-1240,Active
EMP017234,Matthew,Gonzalez,Matthew Gonzalez,32,Legal,Coordinator,New York,98469.36,15841.81,2022-11-03,6,82.1,matthew.gonzalez@company.com,(218) 959-5361,Active
EMP017235,Nicole,Hernandez,Nicole Hernandez,60,IT,Lead,San Francisco,108812.15,12344.29,2020-03-10,38,90.4,nicole.hernandez@company.com,(282) 773-7449,Active
EMP017236,John,Gonzalez,John Gonzalez,27,Legal,Associate,Austin,84921.23,14894.98,2023-03-03,4,78.2,john.gonzalez@company.com,(227) 309-5264,Active
EMP017237,Jessica,Lopez,Jessica Lopez,33,Sales,Specialist,Los Angeles,56485.16,7581.1,2021-04-26,7,98.4,jessica.lopez@company.com,(885) 371-2646,Active
EMP017238,Anthony,Moore,Anthony Moore,64,IT,Manager,Austin,78344.24,4965.06,2023-01-27,42,83.2,anthony.moore@company.com,(982) 538-7252,On Leave
EMP017239,Lisa,Garcia,Lisa Garcia,64,Finance,Director,Chicago,101420.13,14659.12,2022-05-18,36,92.0,lisa.garcia@company.com,(773) 751-3365,Active
EMP017240,Christopher,Brown,Christopher Brown,63,Operations,Director,Chicago,85895.42,2179.5,2024-01-11,36,44.8,christopher.brown@company.com,(982) 442-5742,Active
EMP017241,Jane,Brown,Jane Brown,26,Marketing,Senior Developer,New York,47346.62,1881.44,2020-10-16,2,61.6,jane.brown@company.com,(767) 859-5174,Active
EMP017242,John,Taylor,John Taylor,61,Sales,Lead,Miami,89870.92,2951.62,2021-01-11,35,77.0,john.taylor@company.com,(760) 877-6677,Active
EMP017243,Jane,Martin,Jane Martin,27,Marketing,Analyst,Boston,32925.26,2109.94,2024-08-20,2,85.3,jane.martin@company.com,(844) 688-5172,Active
EMP017244,James,Davis,James Davis,38,HR,Analyst,Los Angeles,38393.73,2310.08,2022-12-22,14,63.2,james.davis@company.com,(956) 209-2070,Active
EMP017245,Ashley,Gonzalez,Ashley Gonzalez,65,Legal,Specialist,Miami,108297.43,21362.11,2024-04-10,42,69.3,ashley.gonzalez@company.com,(419) 427-8651,Active
EMP017246,Christopher,Brown,Christopher Brown,40,Finance,Analyst,Chicago,81024.44,67.21,2024-01-14,16,92.2,christopher.brown@company.com,(257) 966-2202,Inactive
EMP017247,David,Martin,David Martin,44,Engineering,Specialist,New York,78660.78,399.57,2022-06-03,21,97.6,david.martin@company.com,(754) 852-3476,Active
EMP017248,Anthony,Williams,Anthony Williams,35,IT,Lead,New York,79391.69,4842.86,2021-02-10,9,76.3,anthony.williams@company.com,(816) 655-5338,Active
EMP017249,Daniel,Gonzalez,Daniel Gonzalez,54,Marketing,Analyst,New York,72721.72,8005.91,2023-02-23,29,79.6,daniel.gonzalez@company.com,(721) 376-5258,Inactive
EMP017250,John,Miller,John Miller,33,Engineering,Director,Miami,84952.95,4823.04,2021-05-09,9,91.1,john.miller@company.com,(712) 719-9064,Inactive
EMP017251,Jessica,Williams,Jessica Williams,56,IT,Lead,Miami,121683.59,2864.94,2024-07-16,31,57.8,jessica.williams@company.com,(638) 364-2846,On Leave
EMP017252,Jane,Lopez,Jane Lopez,57,Sales,Lead,Los Angeles,98585.61,9692.18,2020-04-28,33,95.7,jane.lopez@company.com,(695) 998-1562,Active
EMP017253,Sarah,Wilson,Sarah Wilson,57,HR,Analyst,Boston,78468.87,9325.89,2023-12-06,32,47.4,sarah.wilson@company.com,(209) 970-7539,Active
EMP017254,Ashley,Moore,Ashley Moore,61,Legal,Associate,Miami,92510.86,20620.44,2024-01-11,36,73.9,ashley.moore@company.com,(403) 513-1009,Active
EMP017255,Matthew,Moore,Matthew Moore,46,Finance,Senior Developer,Chicago,78362.09,7014.91,2020-10-25,22,78.4,matthew.moore@company.com,(695) 545-4697,Active
EMP017256,Robert,Martin,Robert Martin,34,Operations,Director,Seattle,54766.34,7313.61,2022-06-18,7,76.8,robert.martin@company.com,(621) 928-1385,Active
EMP017257,Michael,Brown,Michael Brown,57,Finance,Lead,New York,110449.3,3307.97,2020-08-09,32,86.1,michael.brown@company.com,(328) 698-2728,Active
EMP017258,Robert,Johnson,Robert Johnson,63,Marketing,Coordinator,Los Angeles,73482.83,6516.03,2021-11-15,34,76.3,robert.johnson@company.com,(747) 385-5631,Active
EMP017259,Ashley,Johnson,Ashley Johnson,50,Engineering,Analyst,Los Angeles,101917.6,15271.91,2022-06-26,21,89.3,ashley.johnson@company.com,(706) 244-5227,Inactive
EMP017260,Anthony,Miller,Anthony Miller,31,HR,Associate,New York,77351.04,0.0,2024-04-05,6,52.8,anthony.miller@company.com,(296) 524-4479,Active
EMP017261,Emily,Martinez,Emily Martinez,48,Legal,Specialist,Seattle,85457.96,11623.32,2021-04-04,23,98.0,emily.martinez@company.com,(463) 443-1008,Active
EMP017262,Emily,Gonzalez,Emily Gonzalez,35,Sales,Analyst,Seattle,46870.44,8879.87,2020-09-09,6,90.7,emily.gonzalez@company.com,(738) 530-2945,Active
EMP017263,William,Rodriguez,William Rodriguez,29,Sales,Specialist,San Francisco,90646.51,9494.85,2022-10-13,5,83.2,william.rodriguez@company.com,(771) 664-4348,Active
EMP017264,John,Rodriguez,John Rodriguez,30,Marketing,Analyst,Chicago,72225.02,0.0,2024-02-12,7,96.1,john.rodriguez@company.com,(868) 456-5186,Active
EMP017265,Melissa,Garcia,Melissa Garcia,41,Operations,Analyst,New York,55285.84,5895.75,2023-09-11,15,44.2,melissa.garcia@company.com,(819) 460-8126,Active
EMP017266,Stephanie,Gonzalez,Stephanie Gonzalez,30,Sales,Manager,New York,45404.36,3032.49,2022-07-06,7,77.6,stephanie.gonzalez@company.com,(619) 295-6416,Active
EMP017267,Jessica,Taylor,Jessica Taylor,38,HR,Senior Developer,Seattle,103210.84,3582.73,2021-07-23,11,94.1,jessica.taylor@company.com,(550) 249-5931,Active
EMP017268,John,Miller,John Miller,32,Engineering,Manager,Austin,81324.85,7622.85,2022-10-20,4,67.2,john.miller@company.com,(456) 523-8321,Active
EMP017269,Jane,Smith,Jane Smith,40,HR,Lead,Miami,82393.33,5854.52,2022-05-31,17,79.3,jane.smith@company.com,(519) 439-2443,Inactive
EMP017270,Sarah,Lopez,Sarah Lopez,49,Engineering,Analyst,Boston,119053.01,19835.85,2023-03-20,27,87.5,sarah.lopez@company.com,(349) 712-7112,Active
EMP017271,Ashley,Anderson,Ashley Anderson,23,Marketing,Manager,Los Angeles,36675.3,4770.63,2023-06-11,1,59.0,ashley.anderson@company.com,(928) 656-2613,Active
EMP017272,Nicole,Thomas,Nicole Thomas,56,Finance,Specialist,San Francisco,91047.2,11420.08,2024-11-28,27,100.0,nicole.thomas@company.com,(711) 653-1903,Active
EMP017273,Emily,Wilson,Emily Wilson,28,Sales,Senior Developer,Boston,65641.15,4672.83,2023-10-07,6,63.4,emily.wilson@company.com,(317) 359-4470,Active
EMP017274,Jessica,Wilson,Jessica Wilson,35,Finance,Coordinator,Seattle,62634.23,8203.35,2024-07-24,10,80.9,jessica.wilson@company.com,(473) 839-8313,Active
EMP017275,Emily,Miller,Emily Miller,54,Engineering,Analyst,San Francisco,119334.74,4575.17,2021-05-01,27,91.5,emily.miller@company.com,(540) 422-6839,Active
EMP017276,Lisa,Jones,Lisa Jones,38,Sales,Coordinator,Seattle,82459.07,9120.57,2020-05-23,16,66.7,lisa.jones@company.com,(456) 732-3231,Active
EMP017277,Melissa,Lopez,Melissa Lopez,54,Engineering,Specialist,Los Angeles,98563.18,15141.89,2024-07-08,25,100.0,melissa.lopez@company.com,(279) 234-9660,Active
EMP017278,William,Miller,William Miller,36,Engineering,Associate,Seattle,106831.88,13921.35,2024-01-16,13,92.4,william.miller@company.com,(959) 673-3345,On Leave
EMP017279,Anthony,Taylor,Anthony Taylor,63,Finance,Analyst,Chicago,109316.98,12217.0,2020-01-03,38,74.9,anthony.taylor@company.com,(256) 332-3251,Active
EMP017280,Amanda,Martin,Amanda Martin,58,Sales,Associate,Seattle,92828.42,4966.87,2020-10-24,33,81.8,amanda.martin@company.com,(658) 996-5290,Active
EMP017281,Ashley,Gonzalez,Ashley Gonzalez,32,Operations,Lead,San Francisco,60833.27,0.0,2021-11-11,8,68.7,ashley.gonzalez@company.com,(964) 464-6791,Active
EMP017282,Anthony,Gonzalez,Anthony Gonzalez,27,IT,Lead,Los Angeles,36000.0,2272.42,2021-09-28,1,71.5,anthony.gonzalez@company.com,(432) 434-5367,Active
EMP017283,Matthew,Martin,Matthew Martin,58,Legal,Manager,Los Angeles,129952.09,26182.88,2023-05-05,33,93.7,matthew.martin@company.com,(717) 274-3545,Active
EMP017284,Melissa,Hernandez,Melissa Hernandez,38,Marketing,Lead,San Francisco,66733.5,3560.12,2022-01-06,16,57.4,melissa.hernandez@company.com,(983) 333-8092,Active
EMP017285,Stephanie,Moore,Stephanie Moore,55,Operations,Analyst,Boston,56345.44,3042.28,2022-06-05,26,77.8,stephanie.moore@company.com,(566) 765-8288,Active
EMP017286,Michael,Taylor,Michael Taylor,46,Sales,Analyst,Miami,74751.39,1551.88,2020-07-05,22,85.0,michael.taylor@company.com,(633) 228-3445,Active
EMP017287,Christopher,Gonzalez,Christopher Gonzalez,22,Finance,Manager,San Francisco,66714.67,7989.43,2020-02-14,0,85.0,christopher.gonzalez@company.com,(569) 754-6965,Active
EMP017288,Matthew,Miller,Matthew Miller,55,Operations,Lead,New York,75982.12,4203.08,2024-08-23,29,74.5,matthew.miller@company.com,(309) 308-1120,Active
EMP017289,Matthew,Davis,Matthew Davis,23,Legal,Director,Boston,74759.17,2346.37,2021-03-08,1,88.2,matthew.davis@company.com,(666) 732-9175,Active
EMP017290,Christopher,Garcia,Christopher Garcia,25,Finance,Specialist,Miami,59580.15,6201.04,2023-11-17,1,88.3,christopher.garcia@company.com,(541) 860-9801,Active
EMP017291,Jane,Taylor,Jane Taylor,58,Finance,Specialist,Chicago,88466.35,12458.78,2020-05-11,29,97.1,jane.taylor@company.com,(666) 465-2900,Inactive
EMP017292,Jane,Jackson,Jane Jackson,49,HR,Director,Los Angeles,65972.59,10970.23,2022-10-12,21,77.4,jane.jackson@company.com,(633) 285-4347,Active
EMP017293,Jessica,Moore,Jessica Moore,26,Sales,Manager,New York,66397.18,6289.37,2023-10-01,2,66.9,jessica.moore@company.com,(667) 687-9682,Active
EMP017294,James,Wilson,James Wilson,29,Engineering,Lead,New York,100646.07,9234.57,2022-08-03,1,95.2,james.wilson@company.com,(688) 233-3247,Active
EMP017295,Anthony,Gonzalez,Anthony Gonzalez,62,Engineering,Specialist,Chicago,124751.06,22923.4,2021-07-24,34,80.1,anthony.gonzalez@company.com,(902) 200-2857,Active
EMP017296,Matthew,Jones,Matthew Jones,58,Marketing,Specialist,Boston,76054.07,5356.74,2024-07-14,35,92.0,matthew.jones@company.com,(362) 943-6321,Active
EMP017297,David,Taylor,David Taylor,32,HR,Associate,Boston,47699.46,2575.64,2023-09-14,7,51.1,david.taylor@company.com,(672) 539-7170,Active
EMP017298,William,Lopez,William Lopez,54,Marketing,Manager,San Francisco,76695.41,9322.45,2024-04-24,26,72.7,william.lopez@company.com,(921) 716-1767,Active
EMP017299,William,Jones,William Jones,48,Legal,Manager,Miami,68694.17,5941.46,2024-05-02,24,78.4,william.jones@company.com,(456) 573-8105,Active
EMP017300,Sarah,Gonzalez,Sarah Gonzalez,28,Engineering,Specialist,New York,94557.01,6579.17,2023-10-06,0,89.6,sarah.gonzalez@company.com,(544) 798-6357,Inactive
EMP017301,Emily,Anderson,Emily Anderson,29,Sales,Coordinator,New York,63079.47,8768.27,2024-12-24,2,67.1,emily.anderson@company.com,(201) 864-1834,Active
EMP017302,James,Jackson,James Jackson,37,Finance,Associate,Chicago,105095.77,12640.25,2022-09-05,13,81.5,james.jackson@company.com,(706) 861-8108,Active
EMP017303,Christopher,Jackson,Christopher Jackson,22,IT,Associate,Chicago,78867.92,5850.87,2023-04-06,0,72.2,christopher.jackson@company.com,(809) 687-7609,Inactive
EMP017304,Matthew,Davis,Matthew Davis,41,Finance,Coordinator,Boston,73808.58,13416.0,2024-08-11,18,91.2,matthew.davis@company.com,(960) 849-6734,Active
EMP017305,Anthony,Davis,Anthony Davis,42,Operations,Analyst,Boston,54392.94,7493.17,2020-05-01,18,54.6,anthony.davis@company.com,(434) 563-6722,Active
EMP017306,Ashley,Moore,Ashley Moore,60,Engineering,Specialist,Austin,114640.76,5505.22,2020-02-29,32,62.5,ashley.moore@company.com,(248) 696-5409,Active
EMP017307,John,Johnson,John Johnson,60,IT,Analyst,Miami,131347.87,18644.47,2023-02-10,35,62.7,john.johnson@company.com,(587) 526-5601,Active
EMP017308,John,Jackson,John Jackson,42,Operations,Specialist,Los Angeles,65455.49,6136.98,2023-03-06,18,93.7,john.jackson@company.com,(446) 912-2910,Inactive
EMP017309,Anthony,Smith,Anthony Smith,27,Finance,Specialist,Seattle,106688.09,20192.19,2023-07-04,0,78.3,anthony.smith@company.com,(237) 551-7063,Active
EMP017310,Michael,Johnson,Michael Johnson,23,HR,Director,Seattle,39283.79,1124.72,2023-05-07,0,55.9,michael.johnson@company.com,(870) 433-2147,Active
EMP017311,James,Jackson,James Jackson,36,Sales,Specialist,New York,82162.98,8125.03,2024-09-27,12,81.9,james.jackson@company.com,(326) 954-4251,Active
EMP017312,Daniel,Rodriguez,Daniel Rodriguez,64,IT,Director,Austin,129253.57,17540.85,2020-11-28,35,83.8,daniel.rodriguez@company.com,(834) 739-8212,Active
EMP017313,James,Rodriguez,James Rodriguez,50,Marketing,Coordinator,Miami,91508.28,7477.84,2022-01-31,28,85.1,james.rodriguez@company.com,(979) 914-3046,On Leave
EMP017314,Jessica,Davis,Jessica Davis,26,Finance,Director,Chicago,59731.02,5362.6,2023-01-04,4,63.2,jessica.davis@company.com,(871) 537-4405,Active
EMP017315,Michael,Rodriguez,Michael Rodriguez,62,Sales,Manager,New York,81337.27,8346.17,2022-03-19,34,72.8,michael.rodriguez@company.com,(418) 754-3585,Active
EMP017316,Michael,Moore,Michael Moore,49,Sales,Associate,Austin,95152.8,14322.86,2024-06-29,20,86.7,michael.moore@company.com,(404) 893-6676,Active
EMP017317,Christopher,Brown,Christopher Brown,31,Marketing,Associate,Los Angeles,64220.86,889.71,2023-01-14,4,88.0,christopher.brown@company.com,(283) 604-8687,Active
EMP017318,William,Martinez,William Martinez,33,IT,Specialist,Austin,70283.55,13330.83,2020-03-22,7,61.0,william.martinez@company.com,(665) 287-5549,Active
EMP017319,John,Williams,John Williams,34,Finance,Specialist,Miami,89311.14,3156.22,2023-01-31,6,85.4,john.williams@company.com,(787) 264-7596,Active
EMP017320,Daniel,Gonzalez,Daniel Gonzalez,55,Engineering,Director,Boston,94230.66,11378.76,2023-09-19,29,76.7,daniel.gonzalez@company.com,(559) 439-1059,Active
EMP017321,John,Moore,John Moore,64,IT,Associate,San Francisco,105684.92,11018.15,2022-05-26,39,77.3,john.moore@company.com,(954) 778-4460,Inactive
EMP017322,Ashley,Jackson,Ashley Jackson,22,Finance,Associate,Austin,42378.85,4141.5,2022-12-14,0,89.3,ashley.jackson@company.com,(954) 747-8922,Active
EMP017323,Jessica,Gonzalez,Jessica Gonzalez,63,Legal,Specialist,Los Angeles,100424.53,7921.03,2023-03-12,34,66.6,jessica.gonzalez@company.com,(445) 823-7201,Active
EMP017324,Nicole,Taylor,Nicole Taylor,35,Marketing,Specialist,San Francisco,88075.84,8417.52,2021-05-12,13,67.2,nicole.taylor@company.com,(810) 322-1255,Active
EMP017325,Matthew,Martin,Matthew Martin,60,Engineering,Coordinator,New York,103441.13,5608.39,2021-07-18,35,74.6,matthew.martin@company.com,(517) 693-3485,Active
EMP017326,Jessica,Thomas,Jessica Thomas,28,Finance,Specialist,Miami,35562.41,2177.91,2024-03-09,2,78.5,jessica.thomas@company.com,(339) 360-3657,Active
EMP017327,Anthony,Garcia,Anthony Garcia,47,Engineering,Analyst,Boston,103211.81,18646.49,2023-02-16,25,75.7,anthony.garcia@company.com,(479) 377-5025,Active
EMP017328,Robert,Davis,Robert Davis,43,Finance,Associate,Los Angeles,80354.64,9567.17,2020-11-10,21,57.0,robert.davis@company.com,(434) 743-8553,Active
EMP017329,Lisa,Williams,Lisa Williams,22,Engineering,Manager,Boston,62162.09,2351.3,2020-04-22,0,82.8,lisa.williams@company.com,(947) 415-9774,Inactive
EMP017330,Daniel,Thomas,Daniel Thomas,45,IT,Senior Developer,Austin,89157.59,2963.21,2023-11-06,21,86.2,daniel.thomas@company.com,(392) 437-8792,Active
EMP017331,Lisa,Hernandez,Lisa Hernandez,36,IT,Lead,Los Angeles,105798.75,10103.11,2020-12-19,13,62.4,lisa.hernandez@company.com,(231) 243-8069,Active
EMP017332,Amanda,Williams,Amanda Williams,59,Legal,Lead,Chicago,110211.33,16024.55,2023-01-08,31,84.5,amanda.williams@company.com,(851) 882-1239,Active
EMP017333,Emily,Martin,Emily Martin,42,Marketing,Coordinator,Austin,83697.93,3176.45,2020-05-09,17,70.3,emily.martin@company.com,(918) 494-5754,Active
EMP017334,Jessica,Taylor,Jessica Taylor,55,Marketing,Manager,Miami,76556.95,9370.91,2022-09-05,31,69.2,jessica.taylor@company.com,(626) 964-1958,Inactive
EMP017335,Matthew,Miller,Matthew Miller,39,IT,Director,Chicago,66824.01,8475.91,2020-03-29,17,80.5,matthew.miller@company.com,(903) 782-8763,Active
EMP017336,Lisa,Anderson,Lisa Anderson,26,Operations,Director,Seattle,66652.72,2781.02,2020-12-08,0,42.2,lisa.anderson@company.com,(617) 823-1293,Inactive
EMP017337,David,Rodriguez,David Rodriguez,23,Operations,Senior Developer,San Francisco,42004.45,7044.03,2021-10-10,0,51.8,david.rodriguez@company.com,(201) 400-5086,Active
EMP017338,William,Thomas,William Thomas,57,Sales,Coordinator,Chicago,99689.5,13049.49,2022-05-29,34,92.6,william.thomas@company.com,(352) 564-5680,Active
EMP017339,James,Rodriguez,James Rodriguez,62,HR,Associate,Seattle,54206.56,4865.37,2024-05-03,34,78.8,james.rodriguez@company.com,(754) 316-3329,Active
EMP017340,Melissa,Moore,Melissa Moore,43,Engineering,Coordinator,Miami,81740.78,6080.77,2021-10-02,21,54.9,melissa.moore@company.com,(830) 801-8446,Active
EMP017341,Robert,Smith,Robert Smith,33,Marketing,Coordinator,San Francisco,43523.58,3509.67,2020-02-05,5,60.1,robert.smith@company.com,(407) 314-6994,Active
EMP017342,Lisa,Hernandez,Lisa Hernandez,44,Marketing,Specialist,Seattle,83214.78,5764.84,2021-10-26,16,73.0,lisa.hernandez@company.com,(388) 364-7552,Active
EMP017343,Christopher,Martin,Christopher Martin,61,IT,Manager,Los Angeles,99292.87,1441.83,2024-11-02,33,13.5,christopher.martin@company.com,(829) 903-6457,Active
EMP017344,Nicole,Lopez,Nicole Lopez,43,Operations,Analyst,New York,59190.0,6494.11,2023-07-27,14,60.1,nicole.lopez@company.com,(636) 945-9623,Active
EMP017345,Daniel,Johnson,Daniel Johnson,37,Legal,Analyst,Los Angeles,88171.1,2605.54,2020-01-19,12,63.3,daniel.johnson@company.com,(323) 355-6766,Active
EMP017346,Matthew,Williams,Matthew Williams,35,Engineering,Senior Developer,Miami,88535.78,9692.63,2020-09-27,11,100.0,matthew.williams@company.com,(737) 388-7516,Active
EMP017347,Michael,Davis,Michael Davis,35,IT,Analyst,Seattle,93035.55,10302.09,2020-06-12,11,72.9,michael.davis@company.com,(344) 266-9092,Inactive
EMP017348,Stephanie,Johnson,Stephanie Johnson,57,Sales,Coordinator,Boston,102788.51,17266.46,2021-03-01,35,60.2,stephanie.johnson@company.com,(288) 361-8299,Active
EMP017349,Melissa,Thomas,Melissa Thomas,29,Finance,Director,Boston,41582.14,4699.49,2020-06-27,2,100.0,melissa.thomas@company.com,(754) 995-1045,Active
EMP017350,Sarah,Martin,Sarah Martin,64,Marketing,Analyst,San Francisco,81711.28,8917.1,2020-01-09,42,93.2,sarah.martin@company.com,(335) 790-7140,Active
EMP017351,Robert,Jackson,Robert Jackson,51,Operations,Manager,Chicago,62906.59,8234.31,2022-04-28,23,85.6,robert.jackson@company.com,(508) 396-9619,Active
EMP017352,Christopher,Rodriguez,Christopher Rodriguez,53,Operations,Associate,Seattle,76387.08,4162.44,2022-07-26,27,83.0,christopher.rodriguez@company.com,(409) 241-2421,Active
EMP017353,Amanda,Wilson,Amanda Wilson,65,Sales,Lead,San Francisco,84012.8,16454.8,2024-01-23,36,43.4,amanda.wilson@company.com,(712) 571-3325,Inactive
EMP017354,Christopher,Wilson,Christopher Wilson,57,Finance,Associate,Austin,98431.61,7364.51,2024-06-16,28,90.7,christopher.wilson@company.com,(789) 305-2543,Active
EMP017355,Matthew,Taylor,Matthew Taylor,63,IT,Associate,Austin,129149.11,10539.45,2020-01-02,35,88.4,matthew.taylor@company.com,(386) 845-1574,Active
EMP017356,Lisa,Gonzalez,Lisa Gonzalez,45,Legal,Senior Developer,Chicago,95074.01,13095.8,2020-06-01,22,85.9,lisa.gonzalez@company.com,(780) 349-9194,Active
EMP017357,James,Garcia,James Garcia,54,Legal,Specialist,Miami,106343.32,12976.62,2024-11-23,28,96.8,james.garcia@company.com,(708) 467-9267,Inactive
EMP017358,Ashley,Martin,Ashley Martin,29,IT,Director,Seattle,77208.87,7740.64,2020-08-02,6,100.0,ashley.martin@company.com,(886) 327-4758,Active
EMP017359,Sarah,Brown,Sarah Brown,42,Legal,Lead,Seattle,72893.03,6405.54,2021-04-18,13,93.9,sarah.brown@company.com,(425) 705-4919,Active
EMP017360,Michael,Jones,Michael Jones,49,Legal,Lead,Seattle,91744.21,13072.15,2023-01-16,27,77.0,michael.jones@company.com,(832) 543-7550,On Leave
EMP017361,Robert,Brown,Robert Brown,63,HR,Manager,Chicago,98409.35,17654.53,2021-05-01,34,81.9,robert.brown@company.com,(613) 330-6342,Active
EMP017362,Robert,Thomas,Robert Thomas,42,Marketing,Manager,San Francisco,81163.88,5862.53,2020-10-18,15,91.2,robert.thomas@company.com,(410) 804-9081,Active
EMP017363,Lisa,Jackson,Lisa Jackson,27,Sales,Associate,New York,63863.13,8533.17,2024-10-03,0,89.4,lisa.jackson@company.com,(828) 544-2928,Active
EMP017364,Sarah,Anderson,Sarah Anderson,40,Legal,Manager,Boston,40609.31,3546.39,2021-03-30,12,63.8,sarah.anderson@company.com,(718) 419-3975,Active
EMP017365,Stephanie,Thomas,Stephanie Thomas,28,Engineering,Senior Developer,Seattle,111529.35,9771.66,2024-07-07,6,69.5,stephanie.thomas@company.com,(751) 911-5021,Active
EMP017366,Lisa,Johnson,Lisa Johnson,31,Engineering,Associate,Los Angeles,82159.1,4983.59,2024-12-27,3,69.3,lisa.johnson@company.com,(882) 602-7249,Inactive
EMP017367,Christopher,Garcia,Christopher Garcia,65,IT,Analyst,Miami,121515.98,3752.76,2020-02-20,36,100.0,christopher.garcia@company.com,(601) 459-3093,Active
EMP017368,David,Jones,David Jones,25,HR,Senior Developer,Seattle,33163.08,0.0,2024-08-02,3,88.8,david.jones@company.com,(853) 476-8947,Active
EMP017369,Sarah,Miller,Sarah Miller,23,Marketing,Lead,Los Angeles,59686.77,5142.97,2021-01-21,0,95.0,sarah.miller@company.com,(262) 212-8676,Inactive
EMP017370,David,Anderson,David Anderson,38,Finance,Lead,Seattle,59404.88,5652.96,2021-03-13,13,85.6,david.anderson@company.com,(733) 430-2762,Inactive
EMP017371,Anthony,Smith,Anthony Smith,29,Sales,Manager,Los Angeles,44712.74,3561.9,2020-07-19,1,100.0,anthony.smith@company.com,(863) 227-6193,Active
EMP017372,Matthew,Anderson,Matthew Anderson,49,HR,Associate,New York,69922.23,6529.33,2023-08-17,23,93.2,matthew.anderson@company.com,(338) 848-8682,Active
EMP017373,Sarah,Davis,Sarah Davis,24,Engineering,Coordinator,Seattle,65889.68,9735.05,2020-11-10,0,80.9,sarah.davis@company.com,(370) 265-5420,Active
EMP017374,Michael,Smith,Michael Smith,23,HR,Senior Developer,New York,51885.58,5076.85,2020-09-18,0,75.6,michael.smith@company.com,(684) 824-7479,Inactive
EMP017375,James,Brown,James Brown,32,Operations,Analyst,Austin,78750.8,5184.74,2021-11-23,10,54.1,james.brown@company.com,(946) 500-9093,Active
EMP017376,Michael,Lopez,Michael Lopez,23,Sales,Analyst,Los Angeles,71298.91,12553.93,2023-06-26,0,74.0,michael.lopez@company.com,(671) 275-5138,Active
EMP017377,Anthony,Moore,Anthony Moore,41,Marketing,Senior Developer,Chicago,64463.43,9424.73,2023-04-05,14,73.7,anthony.moore@company.com,(480) 468-9043,Active
EMP017378,Stephanie,Davis,Stephanie Davis,35,Marketing,Manager,Chicago,54716.34,3274.42,2020-06-05,10,63.7,stephanie.davis@company.com,(259) 352-2106,Active
EMP017379,Lisa,Jones,Lisa Jones,27,Operations,Associate,Austin,33302.97,5804.63,2020-05-05,4,76.1,lisa.jones@company.com,(674) 332-1672,Active
EMP017380,Melissa,Miller,Melissa Miller,48,Legal,Lead,San Francisco,83299.32,8681.58,2024-07-07,24,86.1,melissa.miller@company.com,(697) 940-4898,Inactive
EMP017381,Amanda,Brown,Amanda Brown,46,Engineering,Director,Boston,63337.45,8837.58,2022-08-24,24,56.0,amanda.brown@company.com,(309) 301-3637,Active
EMP017382,Stephanie,Anderson,Stephanie Anderson,54,Operations,Coordinator,San Francisco,58511.14,2705.96,2020-12-11,32,74.5,stephanie.anderson@company.com,(540) 622-8296,Inactive
EMP017383,Michael,Jones,Michael Jones,22,IT,Analyst,Boston,69297.04,844.51,2024-05-28,0,62.0,michael.jones@company.com,(514) 974-6646,Active
EMP017384,Anthony,Smith,Anthony Smith,57,Legal,Coordinator,Miami,116809.2,13449.34,2024-11-23,30,92.7,anthony.smith@company.com,(697) 554-5065,Active
EMP017385,Sarah,Garcia,Sarah Garcia,23,IT,Coordinator,Boston,85340.86,8125.76,2022-05-05,0,88.1,sarah.garcia@company.com,(847) 215-4362,Active
EMP017386,Amanda,Anderson,Amanda Anderson,50,IT,Specialist,Chicago,72807.91,8215.07,2024-12-24,26,57.7,amanda.anderson@company.com,(987) 827-6496,Active
EMP017387,Ashley,Garcia,Ashley Garcia,22,Operations,Analyst,Miami,53741.53,2509.54,2020-05-23,0,82.5,ashley.garcia@company.com,(219) 282-8067,Active
EMP017388,Jessica,Martinez,Jessica Martinez,32,Sales,Director,San Francisco,73150.94,11261.33,2023-06-08,7,86.3,jessica.martinez@company.com,(855) 724-8658,Active
EMP017389,Christopher,Rodriguez,Christopher Rodriguez,30,Finance,Senior Developer,New York,65802.76,12833.47,2022-10-09,8,91.4,christopher.rodriguez@company.com,(729) 548-8682,On Leave
EMP017390,Michael,Williams,Michael Williams,34,Marketing,Analyst,Miami,83582.63,9035.88,2020-07-11,11,93.6,michael.williams@company.com,(653) 600-3204,Active
EMP017391,Nicole,Martin,Nicole Martin,64,Marketing,Associate,Boston,68697.48,6895.75,2023-09-03,36,76.0,nicole.martin@company.com,(641) 502-7734,Active
EMP017392,Nicole,Jackson,Nicole Jackson,47,Operations,Lead,Chicago,46272.89,4384.77,2023-01-27,24,79.7,nicole.jackson@company.com,(915) 219-7087,Active
EMP017393,Matthew,Gonzalez,Matthew Gonzalez,22,Sales,Specialist,Seattle,72227.28,8208.27,2023-05-03,0,70.1,matthew.gonzalez@company.com,(341) 821-7296,Active
EMP017394,Sarah,Lopez,Sarah Lopez,33,Operations,Associate,Seattle,73067.89,7375.54,2024-07-18,9,75.4,sarah.lopez@company.com,(284) 866-4842,Active
EMP017395,Jessica,Brown,Jessica Brown,27,Sales,Associate,New York,56744.7,4453.4,2020-04-15,0,69.3,jessica.brown@company.com,(232) 785-5982,Active
EMP017396,Stephanie,Brown,Stephanie Brown,50,Finance,Analyst,Seattle,71695.85,9668.77,2021-02-27,27,82.8,stephanie.brown@company.com,(594) 542-1091,Active
EMP017397,Daniel,Anderson,Daniel Anderson,25,Marketing,Director,Seattle,60638.63,8335.67,2022-01-01,0,90.8,daniel.anderson@company.com,(611) 480-3756,Active
EMP017398,James,Lopez,James Lopez,39,Engineering,Coordinator,Miami,98918.61,9016.45,2020-07-05,14,94.2,james.lopez@company.com,(879) 628-9769,Active
EMP017399,Robert,Martin,Robert Martin,41,IT,Lead,Chicago,85824.41,9041.58,2023-11-20,16,63.2,robert.martin@company.com,(459) 881-6600,Active
EMP017400,Amanda,Williams,Amanda Williams,54,Marketing,Manager,Boston,67604.93,14510.05,2023-04-23,26,64.2,amanda.williams@company.com,(370) 659-8919,Active
EMP017401,Stephanie,Jackson,Stephanie Jackson,28,Sales,Manager,New York,30000.0,3929.48,2020-04-26,1,41.2,stephanie.jackson@company.com,(906) 381-7788,Inactive
EMP017402,Emily,Martinez,Emily Martinez,29,Engineering,Director,Miami,97938.73,14164.77,2022-03-14,6,60.5,emily.martinez@company.com,(519) 794-8999,Active
EMP017403,Michael,Williams,Michael Williams,65,IT,Senior Developer,Austin,82392.19,3531.04,2021-07-28,39,59.3,michael.williams@company.com,(993) 351-1496,Active
EMP017404,Amanda,Martin,Amanda Martin,63,Finance,Manager,Miami,106688.56,13747.3,2024-05-06,41,78.9,amanda.martin@company.com,(255) 763-2643,Active
EMP017405,Jane,Brown,Jane Brown,49,HR,Analyst,San Francisco,60558.97,3438.81,2021-11-26,21,46.9,jane.brown@company.com,(244) 676-9201,Active
EMP017406,Christopher,Anderson,Christopher Anderson,57,IT,Analyst,Los Angeles,77194.16,11917.36,2024-08-28,28,60.2,christopher.anderson@company.com,(356) 858-3072,Active
EMP017407,Anthony,Garcia,Anthony Garcia,36,Legal,Coordinator,San Francisco,111584.41,18762.0,2020-01-15,8,79.8,anthony.garcia@company.com,(367) 819-4507,Active
EMP017408,David,Gonzalez,David Gonzalez,48,Operations,Director,Miami,49999.49,7048.33,2022-08-25,23,63.7,david.gonzalez@company.com,(509) 640-2828,Active
EMP017409,John,Wilson,John Wilson,36,IT,Specialist,Seattle,121550.25,3884.79,2020-04-08,10,100.0,john.wilson@company.com,(326) 709-6115,Active
EMP017410,Matthew,Garcia,Matthew Garcia,54,Finance,Senior Developer,New York,81704.38,11773.88,2020-10-26,30,69.3,matthew.garcia@company.com,(487) 448-9530,Active
EMP017411,Stephanie,Smith,Stephanie Smith,47,Marketing,Analyst,San Francisco,52382.06,9688.24,2023-06-15,21,53.1,stephanie.smith@company.com,(946) 741-9933,Active
EMP017412,Lisa,Davis,Lisa Davis,26,Finance,Coordinator,Miami,42208.71,2383.45,2023-02-02,1,84.8,lisa.davis@company.com,(445) 834-5953,Active
EMP017413,Sarah,Lopez,Sarah Lopez,49,Operations,Specialist,Los Angeles,52289.94,3659.78,2021-01-02,22,83.9,sarah.lopez@company.com,(368) 381-9334,Active
EMP017414,Amanda,Wilson,Amanda Wilson,43,HR,Senior Developer,New York,77735.18,10654.29,2022-12-03,18,89.9,amanda.wilson@company.com,(609) 949-7089,Active
EMP017415,Nicole,Moore,Nicole Moore,55,Legal,Coordinator,Miami,95491.36,7988.65,2024-01-20,33,78.6,nicole.moore@company.com,(238) 777-3141,Active
EMP017416,David,Wilson,David Wilson,27,Finance,Specialist,Seattle,69631.63,7565.35,2023-12-16,4,61.7,david.wilson@company.com,(328) 655-8351,Active
EMP017417,Emily,Moore,Emily Moore,37,Marketing,Manager,Chicago,57369.6,11702.94,2021-08-20,9,85.9,emily.moore@company.com,(562) 817-8084,Inactive
EMP017418,Sarah,Johnson,Sarah Johnson,25,Engineering,Director,Chicago,101332.04,12667.21,2022-04-15,0,57.6,sarah.johnson@company.com,(710) 341-8926,Active
EMP017419,Sarah,Jones,Sarah Jones,53,Sales,Associate,New York,69553.88,8791.71,2021-06-03,30,96.1,sarah.jones@company.com,(491) 979-5435,Inactive
EMP017420,Amanda,Rodriguez,Amanda Rodriguez,53,Operations,Specialist,Boston,65493.93,3060.73,2021-05-14,31,75.0,amanda.rodriguez@company.com,(597) 840-4382,Active
EMP017421,Robert,Jackson,Robert Jackson,59,Operations,Manager,New York,85716.55,10126.68,2020-08-13,34,69.7,robert.jackson@company.com,(329) 871-4409,Active
EMP017422,Amanda,Smith,Amanda Smith,61,Sales,Analyst,Los Angeles,86463.96,1869.87,2022-04-23,34,61.0,amanda.smith@company.com,(551) 270-3738,Active
EMP017423,Nicole,Thomas,Nicole Thomas,60,HR,Associate,Miami,77554.75,4170.38,2021-06-01,38,100.0,nicole.thomas@company.com,(435) 918-5334,Active
EMP017424,Sarah,Martin,Sarah Martin,32,Operations,Associate,Los Angeles,50804.57,5201.32,2021-12-31,7,66.1,sarah.martin@company.com,(854) 784-2680,Active
EMP017425,Jane,Jackson,Jane Jackson,53,HR,Director,San Francisco,65353.93,10591.28,2023-03-13,26,96.4,jane.jackson@company.com,(218) 797-6190,Active
EMP017426,James,Jones,James Jones,57,IT,Manager,Chicago,104788.58,828.8,2020-09-28,30,67.3,james.jones@company.com,(289) 348-3769,Active
EMP017427,Melissa,Smith,Melissa Smith,47,Operations,Senior Developer,Los Angeles,58443.29,7749.42,2021-02-11,18,90.5,melissa.smith@company.com,(884) 555-4615,Active
EMP017428,Sarah,Anderson,Sarah Anderson,52,Marketing,Coordinator,Austin,84769.44,10473.4,2024-10-02,30,74.6,sarah.anderson@company.com,(703) 204-2299,Active
EMP017429,William,Johnson,William Johnson,42,Legal,Coordinator,Chicago,111757.51,11826.29,2020-10-26,15,82.7,william.johnson@company.com,(733) 862-9308,On Leave
EMP017430,Nicole,Wilson,Nicole Wilson,44,Engineering,Coordinator,Chicago,82915.26,15977.39,2024-03-08,21,91.3,nicole.wilson@company.com,(396) 976-6582,Active
EMP017431,Matthew,Williams,Matthew Williams,31,Finance,Manager,Los Angeles,61283.54,4485.21,2021-01-25,4,90.7,matthew.williams@company.com,(219) 767-4443,Active
EMP017432,Lisa,Rodriguez,Lisa Rodriguez,30,Legal,Lead,Chicago,71911.95,2119.35,2021-03-18,4,91.1,lisa.rodriguez@company.com,(698) 704-5453,Active
EMP017433,Melissa,Wilson,Melissa Wilson,40,HR,Manager,San Francisco,77217.58,12318.63,2020-02-16,12,71.4,melissa.wilson@company.com,(758) 555-5311,On Leave
EMP017434,Daniel,Wilson,Daniel Wilson,64,IT,Specialist,San Francisco,132867.87,12079.38,2024-02-25,42,91.6,daniel.wilson@company.com,(891) 570-5196,On Leave
EMP017435,James,Jackson,James Jackson,24,Legal,Analyst,Boston,84077.66,7765.28,2024-09-22,0,97.6,james.jackson@company.com,(808) 706-8709,Active
EMP017436,Jane,Brown,Jane Brown,31,Legal,Lead,Chicago,88713.71,10785.73,2020-07-07,3,80.3,jane.brown@company.com,(944) 657-5054,Active
EMP017437,Stephanie,Davis,Stephanie Davis,40,HR,Senior Developer,Boston,46901.71,5131.53,2024-11-11,12,75.1,stephanie.davis@company.com,(489) 789-4794,Active
EMP017438,Lisa,Moore,Lisa Moore,33,Legal,Director,Boston,68664.17,6529.03,2022-08-08,11,67.4,lisa.moore@company.com,(338) 452-2871,On Leave
EMP017439,Stephanie,Miller,Stephanie Miller,46,IT,Manager,Miami,86336.05,239.11,2021-09-25,22,76.7,stephanie.miller@company.com,(588) 212-1586,On Leave
EMP017440,William,Lopez,William Lopez,58,Finance,Lead,Chicago,75389.52,9442.99,2022-09-05,29,65.8,william.lopez@company.com,(842) 704-2340,Active
EMP017441,Matthew,Williams,Matthew Williams,30,Engineering,Analyst,Miami,89973.24,1016.95,2020-11-01,6,75.0,matthew.williams@company.com,(806) 518-5997,Inactive
EMP017442,Jessica,Moore,Jessica Moore,22,Legal,Director,Miami,79851.31,11304.63,2020-03-25,0,85.1,jessica.moore@company.com,(548) 535-9762,Active
EMP017443,John,Gonzalez,John Gonzalez,60,IT,Coordinator,Seattle,124606.17,5620.96,2023-12-21,32,40.4,john.gonzalez@company.com,(625) 935-9118,Inactive
EMP017444,Jessica,Martin,Jessica Martin,37,Legal,Senior Developer,San Francisco,101880.89,0.0,2022-02-24,8,66.0,jessica.martin@company.com,(296) 368-1958,On Leave
EMP017445,Christopher,Martinez,Christopher Martinez,33,Legal,Analyst,Los Angeles,55544.03,997.57,2021-09-06,4,87.0,christopher.martinez@company.com,(653) 695-7860,Active
EMP017446,Jane,Rodriguez,Jane Rodriguez,47,Operations,Associate,San Francisco,68858.24,6734.76,2024-08-15,20,100.0,jane.rodriguez@company.com,(856) 962-4556,Inactive
EMP017447,Emily,Moore,Emily Moore,23,Engineering,Director,Boston,62687.22,8901.38,2021-07-19,0,48.8,emily.moore@company.com,(546) 473-6039,Active
EMP017448,Jane,Garcia,Jane Garcia,46,Sales,Lead,New York,79278.43,4853.41,2024-07-24,22,54.3,jane.garcia@company.com,(298) 924-3693,Active
EMP017449,Michael,Rodriguez,Michael Rodriguez,50,Operations,Manager,Seattle,75009.48,1383.72,2023-11-12,27,100.0,michael.rodriguez@company.com,(585) 688-6043,Active
EMP017450,David,Anderson,David Anderson,36,Engineering,Senior Developer,Los Angeles,75133.82,3570.35,2024-02-07,10,65.1,david.anderson@company.com,(583) 651-2145,Inactive
EMP017451,Daniel,Martinez,Daniel Martinez,43,Finance,Lead,San Francisco,85176.64,12732.89,2024-11-17,19,52.5,daniel.martinez@company.com,(317) 606-7842,On Leave
EMP017452,Ashley,Moore,Ashley Moore,49,HR,Coordinator,Los Angeles,67944.62,9338.57,2022-01-07,25,50.8,ashley.moore@company.com,(528) 261-6359,Active
EMP017453,Emily,Hernandez,Emily Hernandez,27,Sales,Senior Developer,Chicago,60200.7,10276.58,2021-03-22,3,74.0,emily.hernandez@company.com,(201) 272-8283,Active
EMP017454,William,Davis,William Davis,58,Finance,Senior Developer,San Francisco,92608.61,12436.66,2021-05-11,35,76.4,william.davis@company.com,(389) 850-6444,Active
EMP017455,Lisa,Gonzalez,Lisa Gonzalez,29,HR,Coordinator,San Francisco,41407.24,3757.83,2023-04-18,5,75.1,lisa.gonzalez@company.com,(689) 368-1637,Active
EMP017456,Daniel,Martin,Daniel Martin,45,Finance,Senior Developer,Austin,67086.79,6828.15,2021-04-06,19,43.8,daniel.martin@company.com,(842) 370-8937,Active
EMP017457,Matthew,Smith,Matthew Smith,59,Legal,Specialist,Los Angeles,100332.53,6198.88,2020-12-10,32,79.8,matthew.smith@company.com,(880) 550-3712,Active
EMP017458,John,Martin,John Martin,34,Finance,Coordinator,Miami,76869.6,1661.99,2021-04-29,6,52.4,john.martin@company.com,(411) 887-4240,Active
EMP017459,Jane,Lopez,Jane Lopez,39,IT,Lead,Seattle,67428.57,10346.32,2021-10-16,11,100.0,jane.lopez@company.com,(960) 671-8877,Active
EMP017460,Jane,Gonzalez,Jane Gonzalez,27,Sales,Coordinator,San Francisco,49084.46,8058.7,2022-09-27,5,76.9,jane.gonzalez@company.com,(431) 405-3556,Active
EMP017461,Sarah,Wilson,Sarah Wilson,26,Operations,Senior Developer,Austin,41180.52,4801.77,2020-09-27,0,100.0,sarah.wilson@company.com,(749) 600-9700,Active
EMP017462,Sarah,Rodriguez,Sarah Rodriguez,25,Legal,Lead,Boston,77658.94,13419.5,2020-10-26,0,46.4,sarah.rodriguez@company.com,(571) 986-6924,Active
EMP017463,Sarah,Lopez,Sarah Lopez,37,Marketing,Director,New York,63293.92,10962.07,2021-02-07,14,57.0,sarah.lopez@company.com,(442) 383-5959,Inactive
EMP017464,Michael,Gonzalez,Michael Gonzalez,23,Marketing,Director,San Francisco,54331.99,6071.09,2022-10-08,0,100.0,michael.gonzalez@company.com,(625) 407-9454,Active
EMP017465,Michael,Smith,Michael Smith,26,Sales,Director,San Francisco,68541.18,4924.99,2021-12-27,3,62.9,michael.smith@company.com,(715) 359-8350,Active
EMP017466,Robert,Gonzalez,Robert Gonzalez,34,Sales,Lead,Boston,45284.35,3678.3,2020-05-12,9,58.6,robert.gonzalez@company.com,(900) 830-7281,Active
EMP017467,Michael,Miller,Michael Miller,62,Legal,Manager,Miami,169143.07,18792.7,2022-11-05,39,90.2,michael.miller@company.com,(546) 353-8126,Active
EMP017468,Ashley,Jackson,Ashley Jackson,48,Operations,Associate,Austin,81812.82,10200.97,2023-09-25,19,81.3,ashley.jackson@company.com,(443) 666-2271,Active
EMP017469,Ashley,Smith,Ashley Smith,38,Operations,Specialist,San Francisco,62752.67,5141.67,2022-12-08,9,82.7,ashley.smith@company.com,(451) 637-9004,Active
EMP017470,Daniel,Smith,Daniel Smith,64,Engineering,Lead,San Francisco,112090.61,8968.01,2022-04-13,37,68.7,daniel.smith@company.com,(632) 904-2937,Active
EMP017471,Lisa,Williams,Lisa Williams,63,HR,Specialist,Chicago,88508.42,5823.7,2020-05-23,35,59.7,lisa.williams@company.com,(576) 853-1738,Active
EMP017472,Jane,Wilson,Jane Wilson,41,Sales,Coordinator,Austin,84561.44,11014.19,2024-07-20,19,89.6,jane.wilson@company.com,(968) 662-2638,Active
EMP017473,Emily,Smith,Emily Smith,53,Sales,Manager,Miami,91087.82,4349.99,2020-01-07,25,85.1,emily.smith@company.com,(277) 782-3731,Active
EMP017474,Amanda,Wilson,Amanda Wilson,51,Operations,Director,Miami,78524.96,18196.34,2022-07-20,23,70.0,amanda.wilson@company.com,(901) 779-4308,Active
EMP017475,Jessica,Taylor,Jessica Taylor,34,Legal,Specialist,Chicago,97017.1,17123.47,2020-09-30,5,84.6,jessica.taylor@company.com,(826) 291-1047,Active
EMP017476,John,Williams,John Williams,47,Marketing,Specialist,Austin,61292.3,4554.44,2022-02-22,22,100.0,john.williams@company.com,(981) 698-8716,Active
EMP017477,Lisa,Wilson,Lisa Wilson,26,Operations,Lead,Miami,56422.73,10780.92,2022-12-08,0,73.6,lisa.wilson@company.com,(715) 582-9579,Active
EMP017478,Michael,Hernandez,Michael Hernandez,42,Sales,Director,Chicago,77347.86,5619.09,2022-05-27,15,92.0,michael.hernandez@company.com,(852) 519-6884,Active
EMP017479,Nicole,Martin,Nicole Martin,24,Finance,Coordinator,Boston,81154.72,13904.12,2024-01-04,0,97.9,nicole.martin@company.com,(241) 587-7342,Active
EMP017480,Nicole,Smith,Nicole Smith,33,Engineering,Manager,New York,96407.7,13705.69,2023-12-12,6,78.4,nicole.smith@company.com,(870) 402-7908,Active
EMP017481,Lisa,Jackson,Lisa Jackson,29,Sales,Associate,San Francisco,64837.59,6119.46,2021-12-01,5,90.1,lisa.jackson@company.com,(979) 612-9582,Active
EMP017482,Michael,Garcia,Michael Garcia,47,Sales,Coordinator,San Francisco,109278.15,11519.4,2020-02-17,20,96.3,michael.garcia@company.com,(719) 966-2017,Active
EMP017483,Jane,Garcia,Jane Garcia,28,Operations,Lead,Miami,45534.31,7226.18,2024-10-20,4,59.8,jane.garcia@company.com,(702) 684-5887,Active
EMP017484,Christopher,Smith,Christopher Smith,63,Legal,Senior Developer,San Francisco,122236.88,14557.34,2022-06-25,35,88.7,christopher.smith@company.com,(315) 534-3269,Active
EMP017485,James,Taylor,James Taylor,35,Engineering,Director,Seattle,97598.66,11354.71,2023-11-09,6,85.9,james.taylor@company.com,(486) 698-6675,Inactive
EMP017486,Michael,Garcia,Michael Garcia,54,Sales,Director,San Francisco,73143.56,7592.46,2021-04-16,29,70.1,michael.garcia@company.com,(615) 965-6309,Active
EMP017487,Anthony,Martin,Anthony Martin,47,Sales,Senior Developer,Los Angeles,110891.0,14992.38,2020-11-12,20,73.6,anthony.martin@company.com,(818) 714-9052,Active
EMP017488,John,Brown,John Brown,53,Operations,Senior Developer,Austin,82851.34,8411.79,2022-09-22,26,99.9,john.brown@company.com,(268) 456-3481,Active
EMP017489,Nicole,Davis,Nicole Davis,31,Engineering,Senior Developer,Miami,97137.95,9428.17,2021-11-30,2,77.7,nicole.davis@company.com,(225) 718-6240,Active
EMP017490,Anthony,Davis,Anthony Davis,22,Engineering,Coordinator,New York,112306.91,13952.98,2024-03-04,0,70.0,anthony.davis@company.com,(557) 828-3696,Active
EMP017491,William,Jackson,William Jackson,60,Marketing,Specialist,Los Angeles,90936.1,5145.24,2024-05-03,35,67.4,william.jackson@company.com,(360) 654-9393,Active
EMP017492,Christopher,Wilson,Christopher Wilson,47,IT,Associate,Los Angeles,94975.04,11752.18,2024-05-13,24,70.5,christopher.wilson@company.com,(676) 695-1969,Active
EMP017493,Ashley,Johnson,Ashley Johnson,57,Legal,Director,Boston,125532.14,26283.69,2023-11-02,35,80.8,ashley.johnson@company.com,(931) 300-8283,Active
EMP017494,David,Taylor,David Taylor,47,Engineering,Analyst,New York,90677.27,13927.69,2023-12-08,19,55.4,david.taylor@company.com,(898) 830-9286,Active
EMP017495,James,Rodriguez,James Rodriguez,22,Engineering,Specialist,Miami,65853.49,6808.94,2024-05-11,0,67.4,james.rodriguez@company.com,(956) 254-7133,Active
EMP017496,Emily,Davis,Emily Davis,52,Operations,Analyst,Austin,67454.78,10474.08,2024-11-29,23,51.1,emily.davis@company.com,(816) 444-2589,Active
EMP017497,Amanda,Davis,Amanda Davis,36,Finance,Analyst,San Francisco,56897.46,5049.03,2020-07-24,9,75.4,amanda.davis@company.com,(316) 957-4497,Active
EMP017498,Stephanie,Brown,Stephanie Brown,40,IT,Senior Developer,Seattle,83839.37,10470.1,2023-06-02,12,76.5,stephanie.brown@company.com,(429) 740-3397,Active
EMP017499,Jessica,Smith,Jessica Smith,37,IT,Coordinator,San Francisco,69523.54,6487.19,2022-08-01,14,79.3,jessica.smith@company.com,(889) 625-1239,Active
EMP017500,William,Wilson,William Wilson,46,Operations,Specialist,New York,49610.86,5387.81,2023-05-15,21,69.1,william.wilson@company.com,(557) 553-1062,Active
EMP017501,Daniel,Smith,Daniel Smith,63,Marketing,Specialist,Los Angeles,97175.74,5279.48,2023-06-14,40,40.8,daniel.smith@company.com,(998) 391-6287,Active
EMP017502,Amanda,Johnson,Amanda Johnson,23,HR,Coordinator,Seattle,44173.42,4392.24,2024-11-28,1,63.2,amanda.johnson@company.com,(378) 759-6760,Active
EMP017503,Jane,Jones,Jane Jones,28,Legal,Senior Developer,Austin,72093.22,6050.5,2023-09-13,0,100.0,jane.jones@company.com,(284) 721-9017,Active
EMP017504,Nicole,Johnson,Nicole Johnson,63,Legal,Specialist,Miami,124713.49,14231.15,2023-06-27,41,42.6,nicole.johnson@company.com,(854) 716-5632,Active
EMP017505,Lisa,Anderson,Lisa Anderson,49,Operations,Analyst,Seattle,82931.91,4965.36,2024-03-31,21,51.6,lisa.anderson@company.com,(272) 473-1825,Active
EMP017506,Nicole,Martin,Nicole Martin,62,Engineering,Analyst,Austin,101032.39,7411.01,2024-08-23,39,67.5,nicole.martin@company.com,(474) 801-7433,Active
EMP017507,Anthony,Davis,Anthony Davis,49,HR,Lead,Boston,76680.52,5375.02,2024-10-02,26,45.8,anthony.davis@company.com,(587) 989-7601,Active
EMP017508,John,Thomas,John Thomas,25,Operations,Specialist,Miami,50187.19,2897.56,2022-07-03,0,70.1,john.thomas@company.com,(489) 532-1690,Active
EMP017509,Stephanie,Jackson,Stephanie Jackson,36,Sales,Coordinator,New York,89608.51,14073.65,2024-10-12,8,81.6,stephanie.jackson@company.com,(468) 559-6181,Inactive
EMP017510,Matthew,Taylor,Matthew Taylor,40,Operations,Manager,Chicago,44623.84,398.19,2022-01-04,11,72.6,matthew.taylor@company.com,(569) 697-1667,Inactive
EMP017511,Matthew,Williams,Matthew Williams,55,Marketing,Senior Developer,San Francisco,107320.36,9407.48,2021-04-21,32,100.0,matthew.williams@company.com,(672) 471-8285,Active
EMP017512,Sarah,Miller,Sarah Miller,26,Legal,Senior Developer,Austin,98472.49,6774.27,2024-02-16,0,60.5,sarah.miller@company.com,(470) 581-1502,Active
EMP017513,Michael,Wilson,Michael Wilson,55,Marketing,Senior Developer,Chicago,68558.89,0.0,2024-06-20,33,64.3,michael.wilson@company.com,(369) 586-1717,Active
EMP017514,William,Thomas,William Thomas,32,Sales,Specialist,Seattle,92124.08,8668.2,2022-05-17,10,80.2,william.thomas@company.com,(891) 890-2265,Active
EMP017515,Stephanie,Williams,Stephanie Williams,58,Operations,Specialist,Boston,77600.57,13246.63,2020-01-09,30,83.0,stephanie.williams@company.com,(822) 819-6711,Active
EMP017516,Daniel,Gonzalez,Daniel Gonzalez,56,Engineering,Director,Miami,122843.57,10522.04,2023-01-09,27,95.8,daniel.gonzalez@company.com,(388) 915-7788,Active
EMP017517,William,Smith,William Smith,46,Sales,Specialist,Los Angeles,99027.66,9806.27,2022-04-05,23,80.9,william.smith@company.com,(542) 708-9627,Inactive
EMP017518,Stephanie,Gonzalez,Stephanie Gonzalez,33,Marketing,Associate,San Francisco,63278.29,5866.79,2023-11-23,8,57.9,stephanie.gonzalez@company.com,(420) 244-3330,Active
EMP017519,Michael,Lopez,Michael Lopez,54,Operations,Specialist,Boston,68482.54,8745.38,2023-02-19,25,82.3,michael.lopez@company.com,(945) 714-7535,Active
EMP017520,Nicole,Martin,Nicole Martin,44,Sales,Associate,San Francisco,81598.26,3223.1,2022-01-09,19,84.5,nicole.martin@company.com,(893) 362-8725,Inactive
EMP017521,Ashley,Davis,Ashley Davis,58,Marketing,Director,Miami,101285.21,4423.92,2022-07-31,35,79.0,ashley.davis@company.com,(455) 765-3927,Active
EMP017522,Sarah,Smith,Sarah Smith,55,Marketing,Analyst,Miami,76479.75,11488.51,2020-12-14,31,75.6,sarah.smith@company.com,(807) 300-4559,Active
EMP017523,Robert,Smith,Robert Smith,41,Finance,Associate,Austin,70169.52,3880.91,2023-06-17,18,75.8,robert.smith@company.com,(384) 311-3364,Inactive
EMP017524,Lisa,Davis,Lisa Davis,59,Engineering,Coordinator,Austin,93181.69,19612.41,2020-09-11,32,67.3,lisa.davis@company.com,(713) 458-4465,Active
EMP017525,Christopher,Miller,Christopher Miller,30,Engineering,Director,Chicago,89950.8,11291.17,2024-06-25,7,40.3,christopher.miller@company.com,(265) 903-2560,Active
EMP017526,David,Davis,David Davis,41,Engineering,Senior Developer,New York,100471.02,15748.98,2024-10-21,15,90.3,david.davis@company.com,(519) 295-7763,Active
EMP017527,Matthew,Anderson,Matthew Anderson,51,Sales,Coordinator,Seattle,88384.76,11586.19,2021-11-17,28,66.2,matthew.anderson@company.com,(587) 662-3334,Active
EMP017528,Anthony,Wilson,Anthony Wilson,56,Legal,Manager,Austin,112658.79,13193.62,2023-01-17,27,74.0,anthony.wilson@company.com,(682) 641-3954,Active
EMP017529,Anthony,Taylor,Anthony Taylor,64,Engineering,Lead,Los Angeles,136464.98,15574.19,2022-03-14,35,62.2,anthony.taylor@company.com,(343) 772-7774,Active
EMP017530,Michael,Brown,Michael Brown,48,Marketing,Analyst,Chicago,41626.75,2968.74,2020-08-11,22,72.0,michael.brown@company.com,(947) 779-3902,Active
EMP017531,William,Lopez,William Lopez,29,Operations,Coordinator,San Francisco,44560.05,4237.95,2024-04-29,6,66.2,william.lopez@company.com,(646) 734-9962,Active
EMP017532,Jane,Smith,Jane Smith,27,Sales,Coordinator,Miami,55145.09,8002.52,2022-06-15,0,71.5,jane.smith@company.com,(901) 643-9708,Active
EMP017533,Stephanie,Garcia,Stephanie Garcia,60,Legal,Lead,Boston,114866.14,10485.78,2024-01-03,37,77.7,stephanie.garcia@company.com,(544) 368-8322,Active
EMP017534,Jane,Davis,Jane Davis,44,Marketing,Senior Developer,San Francisco,87446.66,3699.24,2022-06-04,15,73.5,jane.davis@company.com,(811) 725-1769,Active
EMP017535,Michael,Miller,Michael Miller,34,Operations,Manager,Los Angeles,57702.07,6625.13,2020-08-16,6,84.1,michael.miller@company.com,(524) 757-8036,Active
EMP017536,Stephanie,Martinez,Stephanie Martinez,60,Marketing,Coordinator,New York,78675.94,4947.7,2023-03-01,36,60.5,stephanie.martinez@company.com,(217) 363-4322,Active
EMP017537,James,Thomas,James Thomas,52,HR,Associate,San Francisco,76997.24,6048.56,2021-11-08,28,77.0,james.thomas@company.com,(995) 709-6955,Active
EMP017538,Robert,Miller,Robert Miller,46,Operations,Lead,Seattle,59658.48,3799.35,2020-02-20,22,77.4,robert.miller@company.com,(548) 446-5576,Active
EMP017539,John,Taylor,John Taylor,35,HR,Analyst,Los Angeles,58562.07,5561.43,2021-09-15,11,72.9,john.taylor@company.com,(832) 843-7658,Active
EMP017540,Emily,Brown,Emily Brown,48,HR,Lead,New York,83680.21,6065.39,2023-03-18,19,92.8,emily.brown@company.com,(573) 361-9729,Active
EMP017541,James,Brown,James Brown,52,HR,Coordinator,Miami,51809.59,3895.17,2024-10-12,28,78.1,james.brown@company.com,(740) 615-9534,Active
EMP017542,John,Hernandez,John Hernandez,51,IT,Director,Boston,78193.92,12416.01,2024-04-01,23,61.3,john.hernandez@company.com,(760) 262-6420,Inactive
EMP017543,Ashley,Anderson,Ashley Anderson,42,Engineering,Director,Seattle,71838.06,538.9,2023-03-29,18,82.0,ashley.anderson@company.com,(981) 621-3337,Inactive
EMP017544,Lisa,Jackson,Lisa Jackson,62,Operations,Associate,Chicago,96810.53,9544.85,2023-06-09,34,67.7,lisa.jackson@company.com,(445) 331-3319,Active
EMP017545,John,Miller,John Miller,63,Engineering,Senior Developer,Boston,127206.83,11830.67,2021-01-31,40,76.5,john.miller@company.com,(409) 937-2031,Active
EMP017546,Jessica,Williams,Jessica Williams,65,Legal,Specialist,Boston,130134.22,13376.32,2021-06-13,41,81.3,jessica.williams@company.com,(944) 274-7438,Active
EMP017547,Melissa,Williams,Melissa Williams,23,Sales,Specialist,Boston,56394.81,4547.74,2020-05-05,0,69.0,melissa.williams@company.com,(355) 907-4338,Active
EMP017548,Christopher,Lopez,Christopher Lopez,53,Finance,Lead,Seattle,91100.39,5407.74,2022-07-29,30,76.8,christopher.lopez@company.com,(350) 707-2790,Active
EMP017549,James,Hernandez,James Hernandez,25,Marketing,Manager,Chicago,42357.7,6267.4,2022-04-23,0,75.2,james.hernandez@company.com,(247) 934-4415,Active
EMP017550,William,Jackson,William Jackson,38,Marketing,Associate,Chicago,83233.64,514.32,2024-09-03,14,69.1,william.jackson@company.com,(838) 992-4313,Inactive
EMP017551,Robert,Anderson,Robert Anderson,47,IT,Associate,Austin,72399.74,5580.03,2023-11-15,24,67.2,robert.anderson@company.com,(207) 502-9943,Active
EMP017552,Christopher,Taylor,Christopher Taylor,36,Marketing,Specialist,San Francisco,52863.61,7680.05,2020-04-24,11,87.3,christopher.taylor@company.com,(250) 920-4079,Active
EMP017553,Jane,Brown,Jane Brown,40,IT,Manager,New York,90592.09,9125.96,2022-08-21,11,72.3,jane.brown@company.com,(517) 373-3004,Active
EMP017554,Robert,Jones,Robert Jones,57,Marketing,Senior Developer,Chicago,94335.22,14153.97,2024-10-14,29,62.1,robert.jones@company.com,(321) 462-2283,Inactive
EMP017555,Amanda,Martinez,Amanda Martinez,65,IT,Director,Chicago,98511.36,10801.72,2021-08-11,41,62.9,amanda.martinez@company.com,(308) 964-9866,Active
EMP017556,Daniel,Lopez,Daniel Lopez,32,Sales,Analyst,Los Angeles,71351.4,1214.3,2022-08-07,9,86.1,daniel.lopez@company.com,(642) 661-4079,Active
EMP017557,Amanda,Martinez,Amanda Martinez,44,Finance,Lead,New York,68222.14,8607.54,2020-11-09,20,77.0,amanda.martinez@company.com,(727) 219-5314,Active
EMP017558,Ashley,Brown,Ashley Brown,63,Operations,Lead,Austin,87980.84,4636.12,2024-04-10,37,65.4,ashley.brown@company.com,(993) 323-1657,Active
EMP017559,Christopher,Martinez,Christopher Martinez,49,Legal,Director,Boston,94850.87,12434.57,2021-08-19,27,38.9,christopher.martinez@company.com,(430) 579-2464,Active
EMP017560,Amanda,Martinez,Amanda Martinez,41,Finance,Associate,San Francisco,77689.19,6286.36,2024-08-02,16,100.0,amanda.martinez@company.com,(293) 838-1500,Active
EMP017561,Christopher,Rodriguez,Christopher Rodriguez,36,Marketing,Manager,New York,64778.65,4019.57,2024-02-18,7,87.1,christopher.rodriguez@company.com,(961) 213-1655,Active
EMP017562,Michael,Jones,Michael Jones,45,Marketing,Lead,Seattle,67986.23,6652.8,2022-02-08,23,75.9,michael.jones@company.com,(963) 472-4357,Active
EMP017563,Sarah,Taylor,Sarah Taylor,30,HR,Manager,San Francisco,69475.42,4736.32,2022-02-25,7,94.0,sarah.taylor@company.com,(724) 916-1444,Active
EMP017564,Amanda,Lopez,Amanda Lopez,51,Legal,Senior Developer,Austin,102818.43,7771.87,2021-04-10,25,76.2,amanda.lopez@company.com,(680) 757-6849,Active
EMP017565,Ashley,Davis,Ashley Davis,25,IT,Manager,Austin,53642.59,3967.99,2021-09-23,0,76.1,ashley.davis@company.com,(672) 860-9833,Active
EMP017566,David,Davis,David Davis,57,Finance,Senior Developer,Boston,86676.34,6070.76,2021-05-18,30,100.0,david.davis@company.com,(238) 661-6774,Active
EMP017567,Lisa,Johnson,Lisa Johnson,36,HR,Senior Developer,Los Angeles,54896.91,4950.87,2022-12-18,11,67.5,lisa.johnson@company.com,(360) 823-2528,Active
EMP017568,Christopher,Jackson,Christopher Jackson,24,Legal,Coordinator,Miami,94158.19,11980.33,2024-10-14,0,70.9,christopher.jackson@company.com,(742) 916-3216,Inactive
EMP017569,Ashley,Hernandez,Ashley Hernandez,45,HR,Analyst,Seattle,61081.97,7359.44,2022-07-22,20,72.1,ashley.hernandez@company.com,(962) 442-8158,Active
EMP017570,Robert,Lopez,Robert Lopez,30,Operations,Analyst,Boston,41174.28,4191.38,2020-07-28,7,100.0,robert.lopez@company.com,(388) 900-7033,Active
EMP017571,Anthony,Johnson,Anthony Johnson,28,Operations,Lead,Austin,51910.23,5903.04,2021-02-10,0,95.5,anthony.johnson@company.com,(389) 957-7029,Active
EMP017572,Lisa,Taylor,Lisa Taylor,29,Finance,Director,Boston,94027.57,6574.12,2021-02-22,2,64.6,lisa.taylor@company.com,(271) 816-1180,Active
EMP017573,Anthony,Martin,Anthony Martin,35,Sales,Specialist,Miami,90338.36,11162.8,2020-06-13,13,50.8,anthony.martin@company.com,(800) 750-3737,Active
EMP017574,Jane,Garcia,Jane Garcia,39,IT,Associate,San Francisco,80377.64,9005.82,2024-01-29,10,74.7,jane.garcia@company.com,(892) 999-3944,Active
EMP017575,Matthew,Martinez,Matthew Martinez,22,Finance,Coordinator,New York,81740.63,8639.22,2021-07-11,0,77.5,matthew.martinez@company.com,(786) 835-6338,Active
EMP017576,Amanda,Miller,Amanda Miller,54,Sales,Manager,Seattle,92899.91,11695.65,2023-06-15,27,87.0,amanda.miller@company.com,(691) 596-8131,Active
EMP017577,Christopher,Miller,Christopher Miller,48,Engineering,Analyst,Los Angeles,118038.65,14261.34,2021-11-30,24,50.7,christopher.miller@company.com,(600) 301-2216,Active
EMP017578,Jane,Smith,Jane Smith,60,Finance,Associate,Chicago,112965.9,11213.67,2020-10-08,37,82.7,jane.smith@company.com,(501) 626-1243,Active
EMP017579,Sarah,Jackson,Sarah Jackson,54,Legal,Analyst,Los Angeles,96432.7,23353.06,2024-09-24,27,67.1,sarah.jackson@company.com,(743) 470-3682,Active
EMP017580,William,Jackson,William Jackson,41,Operations,Director,Los Angeles,60898.8,8423.3,2022-01-20,16,81.5,william.jackson@company.com,(951) 242-1229,Active
EMP017581,Robert,Rodriguez,Robert Rodriguez,34,Operations,Senior Developer,Chicago,53484.27,5737.32,2021-11-09,5,68.8,robert.rodriguez@company.com,(529) 636-1579,Active
EMP017582,Robert,Garcia,Robert Garcia,49,Marketing,Specialist,Seattle,125628.69,17549.74,2022-05-06,25,80.4,robert.garcia@company.com,(628) 937-2768,Active
EMP017583,William,Thomas,William Thomas,43,Engineering,Manager,Miami,95244.48,9890.05,2024-07-13,21,52.1,william.thomas@company.com,(567) 422-1317,Active
EMP017584,Ashley,Taylor,Ashley Taylor,45,IT,Analyst,Boston,83655.92,12742.89,2021-08-05,19,45.0,ashley.taylor@company.com,(685) 911-1788,Active
EMP017585,Amanda,Lopez,Amanda Lopez,26,Marketing,Lead,Boston,28500.0,4358.29,2022-10-16,4,69.5,amanda.lopez@company.com,(488) 215-8922,Inactive
EMP017586,Lisa,Martinez,Lisa Martinez,62,Operations,Specialist,Boston,75538.42,9543.88,2024-03-08,36,69.1,lisa.martinez@company.com,(205) 316-3595,Active
EMP017587,Melissa,Brown,Melissa Brown,32,Engineering,Lead,Austin,81799.07,4273.6,2022-08-06,9,82.1,melissa.brown@company.com,(955) 725-8241,Active
EMP017588,Jane,Miller,Jane Miller,22,Engineering,Senior Developer,New York,100029.57,12497.28,2020-04-13,0,67.6,jane.miller@company.com,(852) 653-4530,Active
EMP017589,Michael,Moore,Michael Moore,55,IT,Lead,Chicago,93592.84,15104.1,2022-07-11,27,49.4,michael.moore@company.com,(412) 462-1171,Active
EMP017590,Matthew,Hernandez,Matthew Hernandez,37,HR,Senior Developer,Austin,67031.27,8088.75,2024-07-20,9,100.0,matthew.hernandez@company.com,(943) 991-1417,Active
EMP017591,James,Rodriguez,James Rodriguez,46,IT,Senior Developer,Miami,120490.71,14070.62,2021-05-07,17,84.9,james.rodriguez@company.com,(437) 280-1895,Active
EMP017592,John,Miller,John Miller,49,Legal,Analyst,Miami,90247.92,13843.86,2024-06-23,20,66.1,john.miller@company.com,(359) 651-4332,Active
EMP017593,Nicole,Brown,Nicole Brown,36,HR,Associate,Los Angeles,77977.1,2308.35,2021-08-31,13,64.4,nicole.brown@company.com,(423) 625-9999,Active
EMP017594,David,Lopez,David Lopez,38,HR,Director,Chicago,51434.54,8388.41,2021-09-20,11,69.1,david.lopez@company.com,(817) 800-3391,Active
EMP017595,Jane,Brown,Jane Brown,37,Operations,Director,New York,49927.96,8420.96,2020-03-13,9,90.6,jane.brown@company.com,(848) 894-4725,Active
EMP017596,Jane,Miller,Jane Miller,58,Engineering,Coordinator,Miami,103727.19,8664.81,2023-02-22,29,69.0,jane.miller@company.com,(386) 812-5143,Active
EMP017597,Matthew,Brown,Matthew Brown,25,Finance,Lead,Austin,60426.73,4173.69,2020-05-10,1,88.3,matthew.brown@company.com,(501) 622-9623,Active
EMP017598,Jessica,Martinez,Jessica Martinez,41,Marketing,Specialist,Chicago,53699.19,3905.94,2023-06-28,17,79.3,jessica.martinez@company.com,(461) 307-2471,Active
EMP017599,Anthony,Lopez,Anthony Lopez,29,Sales,Director,New York,48044.48,3910.47,2023-11-28,3,71.5,anthony.lopez@company.com,(656) 919-8553,Active
EMP017600,Daniel,Wilson,Daniel Wilson,40,HR,Specialist,Chicago,80537.62,13443.2,2022-11-14,16,88.6,daniel.wilson@company.com,(548) 661-5763,Active
EMP017601,Jessica,Garcia,Jessica Garcia,35,HR,Specialist,Miami,63722.1,6705.78,2021-08-04,11,77.2,jessica.garcia@company.com,(262) 333-2206,Active
EMP017602,Ashley,Rodriguez,Ashley Rodriguez,28,Sales,Senior Developer,Miami,58892.62,5587.14,2020-12-06,6,90.6,ashley.rodriguez@company.com,(265) 961-2888,Active
EMP017603,David,Williams,David Williams,53,Sales,Senior Developer,New York,55729.05,3407.62,2022-12-07,31,88.4,david.williams@company.com,(476) 673-7682,Active
EMP017604,Christopher,Jackson,Christopher Jackson,50,HR,Senior Developer,Boston,72891.71,14193.04,2021-06-18,23,74.1,christopher.jackson@company.com,(801) 284-4115,Inactive
EMP017605,Amanda,Lopez,Amanda Lopez,56,HR,Associate,San Francisco,68923.12,5727.33,2024-01-21,34,81.1,amanda.lopez@company.com,(313) 266-3457,Inactive
EMP017606,Ashley,Moore,Ashley Moore,57,Engineering,Manager,Miami,98816.11,6775.99,2022-09-07,29,84.9,ashley.moore@company.com,(990) 243-8751,Inactive
EMP017607,Stephanie,Davis,Stephanie Davis,44,Marketing,Analyst,Austin,59949.6,4869.64,2022-04-17,22,55.5,stephanie.davis@company.com,(618) 649-5864,Active
EMP017608,John,Johnson,John Johnson,64,Legal,Specialist,Austin,120161.42,14601.79,2020-09-15,37,95.8,john.johnson@company.com,(655) 246-4449,Active
EMP017609,Lisa,Williams,Lisa Williams,25,Legal,Coordinator,Los Angeles,64236.33,14337.49,2021-01-30,0,100.0,lisa.williams@company.com,(388) 865-6980,Inactive
EMP017610,Nicole,Wilson,Nicole Wilson,28,Finance,Analyst,Seattle,71226.69,10356.05,2020-12-17,4,84.8,nicole.wilson@company.com,(966) 812-6978,Inactive
EMP017611,Matthew,Thomas,Matthew Thomas,39,Legal,Senior Developer,New York,86042.87,6939.6,2021-12-22,12,40.2,matthew.thomas@company.com,(877) 430-8613,Active
EMP017612,Christopher,Johnson,Christopher Johnson,52,Finance,Associate,Chicago,96544.29,10868.78,2021-12-19,27,78.5,christopher.johnson@company.com,(390) 931-9206,Active
EMP017613,Michael,Miller,Michael Miller,45,HR,Senior Developer,Austin,48557.34,3408.86,2023-08-27,22,70.9,michael.miller@company.com,(584) 415-3250,Active
EMP017614,Ashley,Johnson,Ashley Johnson,35,HR,Associate,New York,85102.88,2048.23,2022-08-25,13,100.0,ashley.johnson@company.com,(422) 847-1349,On Leave
EMP017615,Melissa,Martinez,Melissa Martinez,29,Operations,Analyst,Austin,58677.12,3208.15,2021-03-26,6,97.9,melissa.martinez@company.com,(281) 930-6075,Active
EMP017616,Jessica,Jackson,Jessica Jackson,23,Legal,Senior Developer,New York,79941.55,6917.91,2024-06-11,0,79.5,jessica.jackson@company.com,(756) 882-4104,Inactive
EMP017617,Michael,Gonzalez,Michael Gonzalez,24,HR,Analyst,Miami,36656.6,5420.45,2023-04-25,0,70.9,michael.gonzalez@company.com,(725) 309-5793,Active
EMP017618,Sarah,Johnson,Sarah Johnson,55,Operations,Manager,Boston,70184.27,6010.36,2021-08-30,27,71.4,sarah.johnson@company.com,(427) 922-7045,On Leave
EMP017619,Emily,Smith,Emily Smith,50,Legal,Analyst,Los Angeles,99905.5,15179.95,2024-01-31,25,89.4,emily.smith@company.com,(220) 951-7660,Active
EMP017620,Daniel,Jackson,Daniel Jackson,25,Marketing,Associate,Chicago,53342.36,6893.78,2020-06-24,2,63.1,daniel.jackson@company.com,(993) 896-3170,Active
EMP017621,John,Thomas,John Thomas,48,Legal,Director,Chicago,101014.49,5864.4,2022-02-04,20,76.6,john.thomas@company.com,(670) 227-7127,On Leave
EMP017622,William,Thomas,William Thomas,62,Sales,Director,Seattle,93231.29,3421.87,2024-10-14,35,57.2,william.thomas@company.com,(446) 558-8805,Active
EMP017623,William,Davis,William Davis,34,Marketing,Specialist,Seattle,52581.49,4755.06,2022-07-24,12,99.3,william.davis@company.com,(728) 709-1718,Active
EMP017624,Lisa,Rodriguez,Lisa Rodriguez,50,IT,Coordinator,New York,85489.7,9873.38,2022-04-10,23,71.2,lisa.rodriguez@company.com,(699) 490-7568,Active
EMP017625,Anthony,Smith,Anthony Smith,49,HR,Director,Austin,86871.9,12473.91,2024-01-04,24,88.8,anthony.smith@company.com,(511) 465-1686,Active
EMP017626,Stephanie,Martinez,Stephanie Martinez,45,Finance,Director,Los Angeles,66838.94,6415.11,2023-01-11,16,78.7,stephanie.martinez@company.com,(960) 613-7398,Inactive
EMP017627,Lisa,Williams,Lisa Williams,35,IT,Lead,Seattle,100055.14,3232.74,2022-06-18,9,62.3,lisa.williams@company.com,(372) 384-3416,Active
EMP017628,Jessica,Gonzalez,Jessica Gonzalez,53,Finance,Analyst,Boston,88640.54,5026.36,2020-01-11,30,67.7,jessica.gonzalez@company.com,(409) 373-4281,Active
EMP017629,Jessica,Jones,Jessica Jones,54,Marketing,Coordinator,Los Angeles,48039.99,7418.64,2021-09-21,31,76.8,jessica.jones@company.com,(265) 890-5777,Active
EMP017630,Christopher,Jackson,Christopher Jackson,47,Sales,Specialist,Miami,78871.11,7351.03,2020-11-08,19,46.7,christopher.jackson@company.com,(368) 208-6621,Inactive
EMP017631,Stephanie,Williams,Stephanie Williams,54,Sales,Lead,Austin,89094.1,14275.42,2023-07-21,32,68.6,stephanie.williams@company.com,(839) 860-2950,Inactive
EMP017632,Jessica,Anderson,Jessica Anderson,37,HR,Lead,San Francisco,54194.16,5040.42,2020-11-16,8,86.8,jessica.anderson@company.com,(623) 344-4734,Active
EMP017633,David,Jackson,David Jackson,35,Sales,Lead,Seattle,69303.06,3134.28,2023-09-30,11,90.4,david.jackson@company.com,(885) 574-7156,On Leave
EMP017634,Stephanie,Miller,Stephanie Miller,54,Finance,Senior Developer,Chicago,85004.04,10571.33,2024-11-17,28,61.0,stephanie.miller@company.com,(856) 677-3436,Inactive
EMP017635,Jessica,Davis,Jessica Davis,24,Legal,Specialist,Austin,61054.41,6931.75,2022-06-22,0,76.5,jessica.davis@company.com,(979) 527-5338,Active
EMP017636,Robert,Moore,Robert Moore,43,Legal,Lead,New York,122993.7,11726.6,2024-11-24,21,71.0,robert.moore@company.com,(731) 294-6532,Active
EMP017637,Robert,Davis,Robert Davis,38,Engineering,Senior Developer,San Francisco,98481.89,17806.74,2022-01-26,9,55.8,robert.davis@company.com,(920) 540-7628,Active
EMP017638,Ashley,Rodriguez,Ashley Rodriguez,64,Marketing,Analyst,Austin,73464.15,6026.54,2020-01-16,37,100.0,ashley.rodriguez@company.com,(865) 363-5499,Active
EMP017639,Emily,Williams,Emily Williams,53,Sales,Director,Boston,49648.03,4708.45,2022-11-14,25,100.0,emily.williams@company.com,(560) 407-2434,Active
EMP017640,William,Smith,William Smith,65,Legal,Specialist,Seattle,130042.39,0.0,2021-04-23,43,80.6,william.smith@company.com,(971) 513-2639,Active
EMP017641,Anthony,Hernandez,Anthony Hernandez,49,Finance,Analyst,Miami,120482.43,16823.67,2020-07-08,27,67.3,anthony.hernandez@company.com,(771) 423-9558,Inactive
EMP017642,Melissa,Miller,Melissa Miller,32,Operations,Director,Chicago,44874.73,6717.25,2021-06-28,7,100.0,melissa.miller@company.com,(888) 779-6540,Active
EMP017643,Lisa,Miller,Lisa Miller,62,Operations,Senior Developer,Los Angeles,67576.36,8143.18,2023-02-17,34,74.6,lisa.miller@company.com,(831) 792-2882,Inactive
EMP017644,Lisa,Jones,Lisa Jones,59,Marketing,Specialist,Chicago,100816.78,16740.36,2020-12-03,33,65.6,lisa.jones@company.com,(303) 352-7886,Active
EMP017645,Robert,Hernandez,Robert Hernandez,28,Legal,Specialist,Chicago,73442.46,11659.48,2020-04-30,2,43.7,robert.hernandez@company.com,(983) 564-3050,Active
EMP017646,Jane,Jackson,Jane Jackson,62,IT,Lead,Boston,101924.27,10937.89,2022-08-18,39,61.4,jane.jackson@company.com,(587) 660-7848,Inactive
EMP017647,Robert,Rodriguez,Robert Rodriguez,54,Sales,Associate,New York,77048.81,12408.93,2021-12-04,30,60.4,robert.rodriguez@company.com,(553) 383-8249,Inactive
EMP017648,Stephanie,Williams,Stephanie Williams,57,Operations,Manager,Chicago,63099.35,8625.28,2022-07-28,34,75.6,stephanie.williams@company.com,(218) 244-1686,Active
EMP017649,Ashley,Gonzalez,Ashley Gonzalez,62,Sales,Coordinator,San Francisco,75250.86,2938.52,2020-05-27,37,77.0,ashley.gonzalez@company.com,(795) 567-3684,Active
EMP017650,Ashley,Anderson,Ashley Anderson,28,Finance,Coordinator,Austin,73067.82,4193.78,2021-01-07,1,79.8,ashley.anderson@company.com,(385) 667-7948,Active
EMP017651,Melissa,Williams,Melissa Williams,40,Engineering,Director,New York,101292.44,10036.2,2021-10-10,11,72.1,melissa.williams@company.com,(781) 916-4360,Active
EMP017652,John,Wilson,John Wilson,58,IT,Senior Developer,San Francisco,106031.13,12919.3,2023-11-07,32,86.8,john.wilson@company.com,(461) 226-4983,Active
EMP017653,Lisa,Williams,Lisa Williams,25,Legal,Analyst,New York,53046.95,0.0,2022-02-10,0,78.7,lisa.williams@company.com,(211) 957-7106,Active
EMP017654,Melissa,Rodriguez,Melissa Rodriguez,41,Legal,Analyst,Chicago,59984.21,6495.27,2024-05-17,19,79.5,melissa.rodriguez@company.com,(365) 907-6427,Active
EMP017655,Jessica,Hernandez,Jessica Hernandez,40,Engineering,Lead,New York,128134.95,15869.03,2023-01-02,14,82.0,jessica.hernandez@company.com,(677) 433-4558,On Leave
EMP017656,Ashley,Moore,Ashley Moore,62,Marketing,Senior Developer,Boston,72717.77,5044.37,2023-11-05,39,87.4,ashley.moore@company.com,(662) 983-9167,On Leave
EMP017657,Lisa,Moore,Lisa Moore,57,Legal,Director,Austin,129370.47,4273.07,2022-04-15,34,87.9,lisa.moore@company.com,(426) 631-7148,Active
EMP017658,Melissa,Rodriguez,Melissa Rodriguez,57,Legal,Analyst,San Francisco,105675.31,13269.75,2023-08-07,28,71.6,melissa.rodriguez@company.com,(859) 597-8419,Active
EMP017659,Sarah,Miller,Sarah Miller,45,Legal,Senior Developer,Los Angeles,72281.3,4474.13,2020-02-22,17,88.9,sarah.miller@company.com,(748) 271-6477,Active
EMP017660,Christopher,Lopez,Christopher Lopez,50,IT,Specialist,Chicago,104281.19,6936.22,2023-11-28,22,70.0,christopher.lopez@company.com,(288) 814-9763,Active
EMP017661,Matthew,Davis,Matthew Davis,62,Operations,Senior Developer,Boston,62433.26,8878.92,2023-03-13,33,100.0,matthew.davis@company.com,(503) 250-4921,Inactive
EMP017662,Emily,Davis,Emily Davis,35,Engineering,Associate,Austin,100458.74,10728.41,2021-01-10,13,53.2,emily.davis@company.com,(909) 289-5489,Active
EMP017663,Anthony,Anderson,Anthony Anderson,47,IT,Analyst,Miami,79197.33,7925.17,2024-06-09,20,55.9,anthony.anderson@company.com,(918) 677-3267,Active
EMP017664,Jane,Smith,Jane Smith,57,Engineering,Analyst,Los Angeles,96993.01,1603.3,2024-08-31,30,88.3,jane.smith@company.com,(636) 370-8593,Active
EMP017665,Emily,Rodriguez,Emily Rodriguez,32,Operations,Lead,Boston,48011.88,4303.62,2023-12-02,3,43.1,emily.rodriguez@company.com,(379) 561-6330,Active
EMP017666,Ashley,Anderson,Ashley Anderson,27,HR,Manager,Chicago,74095.69,5886.8,2021-05-06,1,61.6,ashley.anderson@company.com,(974) 837-2537,Active
EMP017667,Christopher,Martinez,Christopher Martinez,40,HR,Coordinator,Seattle,64890.34,10870.45,2024-02-03,11,69.4,christopher.martinez@company.com,(381) 204-3771,Active
EMP017668,John,Rodriguez,John Rodriguez,43,Legal,Specialist,Chicago,88589.78,2609.18,2024-10-20,19,81.7,john.rodriguez@company.com,(996) 461-7695,Active
EMP017669,Melissa,Williams,Melissa Williams,30,Operations,Manager,Los Angeles,41910.05,4038.82,2023-05-05,4,91.4,melissa.williams@company.com,(466) 690-4807,Active
EMP017670,Stephanie,Brown,Stephanie Brown,22,Marketing,Lead,Miami,49723.18,702.97,2020-02-26,0,100.0,stephanie.brown@company.com,(528) 360-8974,Active
EMP017671,Stephanie,Jones,Stephanie Jones,40,HR,Manager,Seattle,54171.01,9775.62,2021-04-01,12,88.8,stephanie.jones@company.com,(629) 719-4505,Active
EMP017672,Christopher,Martinez,Christopher Martinez,56,Marketing,Manager,Austin,102990.24,15683.76,2020-07-30,32,80.6,christopher.martinez@company.com,(565) 790-4288,Active
EMP017673,Amanda,Garcia,Amanda Garcia,65,Sales,Coordinator,Miami,107510.37,10252.42,2023-01-19,42,44.1,amanda.garcia@company.com,(535) 326-1825,Active
EMP017674,Jane,Anderson,Jane Anderson,54,Engineering,Analyst,Austin,110801.82,8557.7,2022-04-27,26,85.9,jane.anderson@company.com,(663) 429-8567,Active
EMP017675,James,Taylor,James Taylor,39,Legal,Lead,Seattle,85162.93,15759.06,2022-02-11,13,79.9,james.taylor@company.com,(704) 967-9580,Active
EMP017676,Lisa,Rodriguez,Lisa Rodriguez,40,Legal,Manager,New York,65438.12,5322.21,2022-07-20,17,64.4,lisa.rodriguez@company.com,(992) 546-5243,Active
EMP017677,John,Johnson,John Johnson,63,Legal,Lead,Boston,96891.42,7533.66,2020-10-21,36,43.7,john.johnson@company.com,(274) 308-7540,Active
EMP017678,Michael,Anderson,Michael Anderson,24,HR,Specialist,Chicago,49834.49,1113.01,2020-10-17,1,76.3,michael.anderson@company.com,(969) 225-1181,Active
EMP017679,Robert,Davis,Robert Davis,63,Operations,Specialist,Los Angeles,77115.63,5341.59,2024-01-19,39,84.1,robert.davis@company.com,(677) 249-8329,Active
EMP017680,James,Martinez,James Martinez,33,IT,Senior Developer,Austin,87108.61,4731.86,2020-12-02,11,88.5,james.martinez@company.com,(873) 349-2869,Active
EMP017681,Matthew,Moore,Matthew Moore,61,HR,Analyst,Los Angeles,74083.12,4395.05,2022-08-30,33,67.4,matthew.moore@company.com,(364) 499-4864,Active
EMP017682,Amanda,Davis,Amanda Davis,63,Sales,Manager,Boston,72356.96,5046.6,2023-08-01,36,57.6,amanda.davis@company.com,(498) 559-7000,Active
EMP017683,William,Rodriguez,William Rodriguez,58,Legal,Director,Los Angeles,163955.72,3101.75,2021-11-11,31,63.8,william.rodriguez@company.com,(245) 786-7087,On Leave
EMP017684,Daniel,Lopez,Daniel Lopez,43,Operations,Manager,San Francisco,49022.21,4732.73,2021-02-04,20,77.2,daniel.lopez@company.com,(731) 741-1982,Active
EMP017685,Jessica,Rodriguez,Jessica Rodriguez,53,Legal,Associate,Seattle,55992.88,10191.67,2022-01-07,28,63.3,jessica.rodriguez@company.com,(839) 452-2384,Active
EMP017686,Matthew,Jones,Matthew Jones,45,Legal,Coordinator,Boston,120787.56,8295.13,2023-01-23,21,58.5,matthew.jones@company.com,(800) 572-5463,Active
EMP017687,Michael,Garcia,Michael Garcia,47,HR,Director,Seattle,59888.32,8678.43,2022-04-14,22,100.0,michael.garcia@company.com,(750) 355-8127,Active
EMP017688,Matthew,Davis,Matthew Davis,55,IT,Specialist,Chicago,85370.72,12100.36,2022-10-12,33,57.9,matthew.davis@company.com,(963) 239-8299,Active
EMP017689,Matthew,Gonzalez,Matthew Gonzalez,28,IT,Manager,Los Angeles,85872.39,14620.03,2021-09-30,2,88.0,matthew.gonzalez@company.com,(265) 929-5654,Active
EMP017690,James,Garcia,James Garcia,26,Marketing,Lead,Miami,84964.16,12266.52,2020-09-09,0,83.1,james.garcia@company.com,(319) 919-4171,Active
EMP017691,Emily,Taylor,Emily Taylor,54,Finance,Lead,Miami,94216.97,17164.56,2022-11-20,31,55.4,emily.taylor@company.com,(710) 505-5708,Active
EMP017692,Michael,Jones,Michael Jones,34,IT,Coordinator,San Francisco,58236.97,9105.13,2021-12-19,9,94.7,michael.jones@company.com,(769) 855-9494,Active
EMP017693,Jane,Lopez,Jane Lopez,58,Engineering,Director,New York,106851.81,9742.33,2022-04-29,32,76.4,jane.lopez@company.com,(777) 854-3614,Active
EMP017694,Amanda,Moore,Amanda Moore,42,Sales,Associate,Austin,91448.32,12845.42,2023-09-03,18,74.7,amanda.moore@company.com,(245) 435-9210,Active
EMP017695,Christopher,Brown,Christopher Brown,39,Legal,Lead,Los Angeles,94603.51,3879.31,2023-03-20,14,58.3,christopher.brown@company.com,(516) 333-3785,Inactive
EMP017696,John,Martinez,John Martinez,57,Operations,Specialist,Miami,81471.48,5982.51,2024-07-20,28,97.9,john.martinez@company.com,(233) 488-6088,Active
EMP017697,David,Martinez,David Martinez,45,IT,Lead,New York,84750.2,2150.63,2024-07-25,22,100.0,david.martinez@company.com,(855) 500-7406,Active
EMP017698,John,Davis,John Davis,53,Legal,Analyst,Boston,107954.79,12204.23,2022-01-04,26,56.7,john.davis@company.com,(860) 954-4061,Active
EMP017699,William,Johnson,William Johnson,35,Finance,Director,Seattle,76143.64,18673.75,2024-03-09,11,69.3,william.johnson@company.com,(661) 691-5235,Inactive
EMP017700,Michael,Wilson,Michael Wilson,38,Finance,Director,Miami,65915.87,10457.93,2021-06-10,10,85.1,michael.wilson@company.com,(767) 983-4468,Active
EMP017701,Nicole,Taylor,Nicole Taylor,26,Engineering,Specialist,Seattle,105573.62,10641.0,2020-01-13,0,68.6,nicole.taylor@company.com,(744) 903-4509,Active
EMP017702,Michael,Johnson,Michael Johnson,54,Finance,Associate,Chicago,86009.69,6979.4,2020-12-25,25,64.7,michael.johnson@company.com,(882) 641-2841,Active
EMP017703,Michael,Williams,Michael Williams,23,Sales,Associate,Boston,75304.64,11156.38,2022-10-17,0,93.8,michael.williams@company.com,(677) 531-2357,Active
EMP017704,Ashley,Smith,Ashley Smith,46,IT,Director,Chicago,90084.41,10819.53,2021-01-18,24,96.6,ashley.smith@company.com,(569) 929-8026,Active
EMP017705,Lisa,Moore,Lisa Moore,23,IT,Specialist,San Francisco,46295.61,6059.18,2023-08-09,0,87.7,lisa.moore@company.com,(287) 834-7135,Active
EMP017706,Matthew,Taylor,Matthew Taylor,55,Sales,Analyst,San Francisco,82086.73,15475.35,2022-08-25,32,67.2,matthew.taylor@company.com,(925) 329-6873,Active
EMP017707,Daniel,Moore,Daniel Moore,49,Operations,Associate,Miami,71049.71,10323.72,2021-01-06,25,87.9,daniel.moore@company.com,(949) 721-5485,Active
EMP017708,Emily,Davis,Emily Davis,35,Operations,Associate,New York,43028.5,3035.16,2022-07-01,12,67.3,emily.davis@company.com,(889) 750-8832,Active
EMP017709,Jessica,Taylor,Jessica Taylor,63,Marketing,Analyst,Austin,95787.26,19425.34,2020-07-27,41,95.0,jessica.taylor@company.com,(467) 628-5579,Active
EMP017710,William,Garcia,William Garcia,25,Legal,Manager,Los Angeles,59187.26,8093.04,2024-08-20,1,55.9,william.garcia@company.com,(248) 617-6309,Active
EMP017711,Daniel,Taylor,Daniel Taylor,61,Marketing,Director,San Francisco,75834.71,4162.71,2020-08-16,36,57.1,daniel.taylor@company.com,(971) 796-4675,Inactive
EMP017712,John,Jackson,John Jackson,24,Sales,Analyst,Austin,59009.84,5018.57,2023-05-08,0,56.4,john.jackson@company.com,(904) 974-8770,Active
EMP017713,Jessica,Gonzalez,Jessica Gonzalez,57,HR,Associate,San Francisco,69802.13,7947.41,2021-11-05,32,100.0,jessica.gonzalez@company.com,(509) 222-9494,Active
EMP017714,Emily,Davis,Emily Davis,47,Sales,Director,Chicago,81006.88,8094.84,2021-12-24,19,90.1,emily.davis@company.com,(696) 930-2402,Active
EMP017715,John,Wilson,John Wilson,48,Legal,Analyst,Seattle,135009.29,7335.97,2021-03-07,23,37.1,john.wilson@company.com,(462) 791-9886,Active
EMP017716,Jessica,Hernandez,Jessica Hernandez,48,Marketing,Associate,Los Angeles,57012.98,6226.71,2022-06-10,21,90.9,jessica.hernandez@company.com,(645) 359-6684,Active
EMP017717,John,Lopez,John Lopez,48,HR,Lead,Los Angeles,77090.53,9503.9,2023-11-05,21,77.6,john.lopez@company.com,(731) 626-8951,Active
EMP017718,Sarah,Rodriguez,Sarah Rodriguez,54,Operations,Coordinator,Miami,77203.22,6994.17,2024-08-25,25,64.8,sarah.rodriguez@company.com,(269) 745-5968,Active
EMP017719,Ashley,Jackson,Ashley Jackson,59,Sales,Coordinator,San Francisco,95554.42,3489.17,2023-11-15,31,69.1,ashley.jackson@company.com,(879) 683-1986,Active
EMP017720,Lisa,Williams,Lisa Williams,64,Operations,Lead,Chicago,94420.41,14083.39,2020-06-19,42,88.2,lisa.williams@company.com,(264) 491-4555,Active
EMP017721,Sarah,Miller,Sarah Miller,51,Sales,Senior Developer,New York,83252.3,7332.34,2024-06-02,27,64.0,sarah.miller@company.com,(487) 240-6452,On Leave
EMP017722,William,Anderson,William Anderson,44,IT,Analyst,Chicago,92298.4,4742.33,2021-09-12,16,42.7,william.anderson@company.com,(943) 204-6458,Active
EMP017723,Michael,Martin,Michael Martin,57,Sales,Director,New York,75439.56,6772.58,2024-02-27,30,86.2,michael.martin@company.com,(709) 335-1308,Active
EMP017724,Jessica,Johnson,Jessica Johnson,63,Marketing,Associate,Austin,77956.14,0.0,2022-11-06,41,48.0,jessica.johnson@company.com,(278) 611-4568,Active
EMP017725,Nicole,Wilson,Nicole Wilson,62,Marketing,Director,Seattle,93220.97,12364.81,2021-01-08,40,62.3,nicole.wilson@company.com,(417) 922-1653,Active
EMP017726,Matthew,Taylor,Matthew Taylor,31,Legal,Analyst,San Francisco,44798.85,6524.31,2021-10-11,7,87.6,matthew.taylor@company.com,(609) 895-5267,Active
EMP017727,Lisa,Johnson,Lisa Johnson,56,Engineering,Senior Developer,Chicago,105404.5,14316.45,2021-07-29,28,57.7,lisa.johnson@company.com,(950) 870-9932,Active
EMP017728,David,Anderson,David Anderson,31,Legal,Coordinator,Miami,114585.16,11828.7,2022-10-20,8,71.3,david.anderson@company.com,(436) 777-7181,Active
EMP017729,Melissa,Martin,Melissa Martin,58,Sales,Coordinator,Boston,83741.78,3116.59,2023-12-02,30,66.2,melissa.martin@company.com,(842) 785-5552,Active
EMP017730,David,Miller,David Miller,42,IT,Analyst,San Francisco,85421.95,5865.68,2022-01-10,17,80.6,david.miller@company.com,(701) 583-1222,Active
EMP017731,Ashley,Johnson,Ashley Johnson,46,Marketing,Coordinator,San Francisco,82630.1,4444.77,2020-03-03,24,78.4,ashley.johnson@company.com,(304) 601-8933,Active
EMP017732,Daniel,Rodriguez,Daniel Rodriguez,47,Legal,Senior Developer,New York,108216.28,13638.07,2024-08-22,19,84.0,daniel.rodriguez@company.com,(805) 729-2583,Active
EMP017733,Robert,Jones,Robert Jones,49,IT,Specialist,Los Angeles,107115.61,8532.22,2022-09-25,24,99.4,robert.jones@company.com,(395) 856-9573,Active
EMP017734,Robert,Anderson,Robert Anderson,52,IT,Specialist,Boston,91040.52,6638.8,2024-01-22,27,49.7,robert.anderson@company.com,(794) 324-1351,Active
EMP017735,Nicole,Anderson,Nicole Anderson,51,HR,Analyst,Chicago,50323.99,2868.34,2021-04-02,26,66.5,nicole.anderson@company.com,(449) 970-8921,Active
EMP017736,Daniel,Smith,Daniel Smith,58,Marketing,Specialist,Seattle,82863.92,5451.67,2020-05-28,35,55.3,daniel.smith@company.com,(835) 481-9255,Active
EMP017737,Nicole,Williams,Nicole Williams,26,Sales,Specialist,Seattle,65470.19,4203.9,2023-02-09,3,85.2,nicole.williams@company.com,(710) 771-1494,Active
EMP017738,Anthony,Johnson,Anthony Johnson,53,Sales,Associate,Miami,84462.96,8226.27,2023-07-01,31,85.0,anthony.johnson@company.com,(770) 399-1109,Active
EMP017739,Sarah,Jones,Sarah Jones,56,Legal,Specialist,New York,93849.98,4813.92,2020-06-12,32,85.4,sarah.jones@company.com,(299) 407-2493,Active
EMP017740,Sarah,Williams,Sarah Williams,36,Sales,Senior Developer,Los Angeles,67755.89,12988.92,2021-04-10,9,70.5,sarah.williams@company.com,(446) 792-1192,On Leave
EMP017741,Amanda,Thomas,Amanda Thomas,22,Engineering,Senior Developer,Seattle,86716.57,5061.65,2021-08-12,0,70.8,amanda.thomas@company.com,(538) 821-5383,Active
EMP017742,Stephanie,Moore,Stephanie Moore,48,Sales,Director,Miami,72128.35,12892.08,2024-04-24,24,84.2,stephanie.moore@company.com,(705) 642-9054,Active
EMP017743,Stephanie,Miller,Stephanie Miller,33,Legal,Senior Developer,New York,91358.39,10736.12,2024-03-19,6,100.0,stephanie.miller@company.com,(519) 231-9617,Active
EMP017744,Matthew,Smith,Matthew Smith,48,Legal,Senior Developer,Miami,76020.15,7769.15,2020-11-10,20,68.1,matthew.smith@company.com,(739) 547-2258,Active
EMP017745,Amanda,Taylor,Amanda Taylor,37,Finance,Coordinator,Los Angeles,82776.7,10712.3,2024-02-07,11,83.9,amanda.taylor@company.com,(799) 677-5629,Active
EMP017746,Sarah,Martinez,Sarah Martinez,48,Marketing,Associate,Austin,86821.68,15538.54,2024-05-10,20,63.4,sarah.martinez@company.com,(445) 428-1327,Active
EMP017747,William,Gonzalez,William Gonzalez,40,Sales,Senior Developer,New York,55098.59,7451.97,2021-05-05,17,55.7,william.gonzalez@company.com,(552) 844-7867,Inactive
EMP017748,Ashley,Hernandez,Ashley Hernandez,46,Finance,Analyst,Los Angeles,72399.0,13449.78,2023-05-12,21,49.6,ashley.hernandez@company.com,(719) 613-1083,Inactive
EMP017749,Ashley,Garcia,Ashley Garcia,44,Sales,Senior Developer,Seattle,71075.0,8803.92,2020-06-10,17,86.6,ashley.garcia@company.com,(257) 733-4165,Active
EMP017750,Nicole,Hernandez,Nicole Hernandez,33,HR,Coordinator,San Francisco,53394.76,4985.41,2024-04-04,8,91.9,nicole.hernandez@company.com,(971) 767-6933,Active
EMP017751,Robert,Smith,Robert Smith,57,Sales,Analyst,Austin,77967.65,4219.55,2022-01-30,28,74.0,robert.smith@company.com,(706) 620-2068,Active
EMP017752,Jane,Gonzalez,Jane Gonzalez,40,Sales,Lead,Seattle,71401.8,9458.8,2023-10-19,15,90.7,jane.gonzalez@company.com,(472) 997-3369,Active
EMP017753,Nicole,Rodriguez,Nicole Rodriguez,45,IT,Director,Boston,117710.76,6327.81,2024-12-07,16,66.1,nicole.rodriguez@company.com,(608) 715-9565,Active
EMP017754,Jessica,Jones,Jessica Jones,61,Operations,Senior Developer,Chicago,83390.92,11331.77,2024-11-22,32,70.3,jessica.jones@company.com,(682) 827-6596,Active
EMP017755,Lisa,Davis,Lisa Davis,46,IT,Senior Developer,Miami,110558.62,11325.65,2022-03-05,23,59.6,lisa.davis@company.com,(636) 566-9850,On Leave
EMP017756,Sarah,Brown,Sarah Brown,34,Marketing,Director,Chicago,51643.86,7717.98,2020-11-16,9,73.8,sarah.brown@company.com,(328) 579-1109,Active
EMP017757,Michael,Anderson,Michael Anderson,47,Legal,Coordinator,New York,121328.69,16857.38,2021-11-01,20,60.9,michael.anderson@company.com,(608) 308-3906,Active
EMP017758,Lisa,Jones,Lisa Jones,36,HR,Manager,Chicago,106071.65,19012.96,2024-08-08,14,81.3,lisa.jones@company.com,(391) 633-5042,Active
EMP017759,Christopher,Williams,Christopher Williams,44,Legal,Director,Boston,83178.35,3768.38,2021-12-19,21,62.8,christopher.williams@company.com,(789) 413-1474,Active
EMP017760,John,Jones,John Jones,43,HR,Lead,Los Angeles,76522.16,4017.57,2023-03-02,20,68.4,john.jones@company.com,(680) 495-9167,On Leave
EMP017761,Nicole,Jones,Nicole Jones,41,HR,Director,Austin,47371.69,3471.2,2021-01-09,16,73.4,nicole.jones@company.com,(672) 480-6119,Active
EMP017762,Anthony,Gonzalez,Anthony Gonzalez,50,IT,Lead,Seattle,82868.05,8993.32,2022-10-11,25,57.4,anthony.gonzalez@company.com,(270) 802-6628,Active
EMP017763,Lisa,Martin,Lisa Martin,65,HR,Associate,Miami,94230.7,14876.83,2020-11-06,42,38.5,lisa.martin@company.com,(600) 496-5908,Active
EMP017764,James,Gonzalez,James Gonzalez,36,Engineering,Specialist,Seattle,112138.87,8061.7,2021-10-01,12,100.0,james.gonzalez@company.com,(679) 412-5361,Active
EMP017765,John,Lopez,John Lopez,65,IT,Coordinator,Miami,68479.12,11103.74,2023-09-12,41,100.0,john.lopez@company.com,(547) 934-3876,Active
EMP017766,Michael,Smith,Michael Smith,44,Sales,Specialist,San Francisco,55995.92,3690.61,2021-05-30,18,82.8,michael.smith@company.com,(402) 341-3689,Active
EMP017767,Emily,Johnson,Emily Johnson,45,Finance,Lead,Austin,105192.1,3210.65,2020-11-18,18,73.7,emily.johnson@company.com,(495) 604-5317,Active
EMP017768,Nicole,Thomas,Nicole Thomas,24,Finance,Analyst,Miami,64356.23,0.0,2020-06-05,0,70.3,nicole.thomas@company.com,(438) 696-3231,Active
EMP017769,Stephanie,Jones,Stephanie Jones,52,IT,Associate,New York,69966.97,4989.48,2024-03-09,23,60.0,stephanie.jones@company.com,(708) 800-5970,Inactive
EMP017770,David,Davis,David Davis,44,Sales,Director,San Francisco,83604.82,3376.03,2024-02-17,16,81.0,david.davis@company.com,(339) 950-5831,Active
EMP017771,Lisa,Martinez,Lisa Martinez,49,Marketing,Coordinator,San Francisco,86481.92,3793.53,2020-03-27,23,80.0,lisa.martinez@company.com,(549) 965-2126,Active
EMP017772,Daniel,Martinez,Daniel Martinez,28,IT,Senior Developer,Austin,86899.02,6232.99,2023-02-28,6,67.7,daniel.martinez@company.com,(320) 592-7190,Active
EMP017773,Sarah,Garcia,Sarah Garcia,30,Legal,Associate,Miami,71613.93,8800.53,2023-01-22,4,51.3,sarah.garcia@company.com,(838) 351-2652,Active
EMP017774,Jane,Smith,Jane Smith,26,IT,Lead,Los Angeles,69529.36,6833.2,2020-03-27,0,71.5,jane.smith@company.com,(557) 727-9547,Active
EMP017775,William,Martin,William Martin,42,HR,Specialist,New York,57001.31,8087.19,2020-10-03,20,78.1,william.martin@company.com,(733) 988-9814,Active
EMP017776,Lisa,Miller,Lisa Miller,35,HR,Coordinator,New York,80114.6,6654.1,2022-12-19,9,60.3,lisa.miller@company.com,(681) 964-7117,Active
EMP017777,Matthew,Moore,Matthew Moore,50,IT,Senior Developer,Los Angeles,81965.15,9557.7,2023-12-06,21,69.9,matthew.moore@company.com,(627) 316-9373,Inactive
EMP017778,William,Rodriguez,William Rodriguez,38,Engineering,Manager,Chicago,76664.09,4891.92,2021-10-18,11,91.9,william.rodriguez@company.com,(688) 328-6997,Active
EMP017779,Michael,Hernandez,Michael Hernandez,58,Legal,Coordinator,Los Angeles,114089.9,11180.92,2024-11-06,30,46.5,michael.hernandez@company.com,(431) 495-7386,Inactive
EMP017780,Amanda,Moore,Amanda Moore,41,Sales,Lead,Boston,92359.96,8618.9,2020-04-08,18,49.7,amanda.moore@company.com,(576) 749-1438,Active
EMP017781,David,Gonzalez,David Gonzalez,31,Operations,Specialist,Seattle,73657.02,8632.88,2024-10-07,7,85.6,david.gonzalez@company.com,(723) 683-7302,Active
EMP017782,Robert,Williams,Robert Williams,61,Legal,Specialist,New York,126079.07,4030.36,2021-09-06,35,55.0,robert.williams@company.com,(870) 530-4303,Active
EMP017783,Robert,Rodriguez,Robert Rodriguez,47,Legal,Director,Austin,82747.05,5536.36,2021-10-18,21,82.6,robert.rodriguez@company.com,(216) 515-7302,Active
EMP017784,William,Johnson,William Johnson,45,Finance,Manager,Los Angeles,92698.25,13970.1,2021-04-29,16,60.1,william.johnson@company.com,(737) 563-3968,Active
EMP017785,Daniel,Smith,Daniel Smith,46,Legal,Senior Developer,New York,95012.42,12366.07,2023-09-19,18,89.4,daniel.smith@company.com,(892) 754-6382,Active
EMP017786,Daniel,Anderson,Daniel Anderson,40,Sales,Senior Developer,Seattle,79958.96,4761.71,2024-02-24,14,71.3,daniel.anderson@company.com,(904) 281-1516,Active
EMP017787,James,Rodriguez,James Rodriguez,37,Sales,Lead,Austin,54564.25,8290.82,2022-07-22,8,76.7,james.rodriguez@company.com,(510) 442-7575,Active
EMP017788,James,Brown,James Brown,26,HR,Director,New York,61357.06,3413.3,2023-09-08,2,51.7,james.brown@company.com,(563) 256-9025,Active
EMP017789,William,Hernandez,William Hernandez,37,Sales,Coordinator,Austin,65710.26,5788.11,2023-09-14,15,88.6,william.hernandez@company.com,(810) 738-6543,Active
EMP017790,Jane,Smith,Jane Smith,52,Operations,Lead,Boston,49678.69,2543.56,2024-04-10,27,70.9,jane.smith@company.com,(449) 516-7176,Active
EMP017791,Jessica,Brown,Jessica Brown,25,Legal,Coordinator,Miami,76725.54,1474.15,2023-07-06,0,80.4,jessica.brown@company.com,(261) 581-5421,Inactive
EMP017792,Christopher,Moore,Christopher Moore,56,IT,Manager,New York,115912.81,14512.76,2021-05-23,30,100.0,christopher.moore@company.com,(220) 417-4283,Active
EMP017793,Stephanie,Davis,Stephanie Davis,38,HR,Director,New York,79208.7,3431.1,2021-11-19,9,49.8,stephanie.davis@company.com,(603) 639-4191,Active
EMP017794,Ashley,Brown,Ashley Brown,65,Engineering,Director,Chicago,107812.83,2731.77,2024-07-07,38,72.9,ashley.brown@company.com,(863) 556-1863,Inactive
EMP017795,Ashley,Davis,Ashley Davis,34,Finance,Analyst,Austin,75334.1,9321.37,2023-09-10,8,63.8,ashley.davis@company.com,(280) 589-6679,Active
EMP017796,James,Garcia,James Garcia,40,Legal,Coordinator,Austin,90116.47,10364.32,2021-09-13,14,57.1,james.garcia@company.com,(413) 406-3101,Active
EMP017797,Ashley,Thomas,Ashley Thomas,48,Legal,Coordinator,Los Angeles,83293.73,9885.4,2021-11-17,19,73.6,ashley.thomas@company.com,(442) 964-6160,Active
EMP017798,Ashley,Wilson,Ashley Wilson,62,Engineering,Director,Boston,125080.35,6659.78,2024-08-26,33,78.9,ashley.wilson@company.com,(233) 493-5772,Inactive
EMP017799,Robert,Davis,Robert Davis,28,Legal,Senior Developer,Los Angeles,77445.11,2801.62,2023-04-06,0,74.1,robert.davis@company.com,(707) 536-6228,Active
EMP017800,Matthew,Jones,Matthew Jones,58,IT,Coordinator,Miami,122236.27,14712.56,2022-06-26,34,100.0,matthew.jones@company.com,(411) 568-1770,Active
EMP017801,Lisa,Jackson,Lisa Jackson,50,Engineering,Coordinator,Seattle,135716.37,12166.52,2021-11-20,24,99.1,lisa.jackson@company.com,(729) 856-8360,Active
EMP017802,Christopher,Williams,Christopher Williams,58,IT,Manager,Chicago,90707.81,9327.16,2024-11-26,36,60.3,christopher.williams@company.com,(498) 224-8803,Active
EMP017803,Anthony,Rodriguez,Anthony Rodriguez,56,Legal,Director,Chicago,107140.13,7148.57,2020-11-09,27,87.7,anthony.rodriguez@company.com,(896) 307-1194,Active
EMP017804,Amanda,Jones,Amanda Jones,26,Engineering,Manager,Miami,70337.84,8906.82,2024-11-24,0,82.7,amanda.jones@company.com,(623) 965-3785,Inactive
EMP017805,Amanda,Wilson,Amanda Wilson,54,Marketing,Specialist,Miami,64799.59,3949.67,2020-08-13,26,70.8,amanda.wilson@company.com,(622) 291-3044,Active
EMP017806,Daniel,Hernandez,Daniel Hernandez,47,HR,Director,San Francisco,59514.01,9612.89,2021-05-13,20,64.6,daniel.hernandez@company.com,(922) 231-3872,Active
EMP017807,Daniel,Smith,Daniel Smith,60,IT,Senior Developer,New York,111569.61,17699.43,2022-06-24,36,98.2,daniel.smith@company.com,(363) 990-5601,Active
EMP017808,Amanda,Gonzalez,Amanda Gonzalez,27,Marketing,Specialist,Miami,74343.09,6984.13,2022-12-05,1,90.4,amanda.gonzalez@company.com,(628) 902-8470,Inactive
EMP017809,Robert,Taylor,Robert Taylor,31,Finance,Lead,Miami,50626.74,6298.31,2024-04-29,3,82.9,robert.taylor@company.com,(725) 814-1922,Active
EMP017810,James,Williams,James Williams,52,HR,Lead,San Francisco,69439.73,8689.75,2022-07-03,24,70.7,james.williams@company.com,(535) 349-4735,Inactive
EMP017811,Anthony,Williams,Anthony Williams,63,Operations,Associate,Chicago,60332.16,8321.24,2023-02-26,38,89.6,anthony.williams@company.com,(659) 336-4645,Active
EMP017812,Amanda,Johnson,Amanda Johnson,29,Engineering,Manager,Seattle,86114.48,5599.45,2021-02-26,0,82.0,amanda.johnson@company.com,(219) 361-3422,Inactive
EMP017813,Stephanie,Rodriguez,Stephanie Rodriguez,61,Sales,Coordinator,Los Angeles,93691.93,9788.85,2020-01-07,36,93.9,stephanie.rodriguez@company.com,(511) 456-4589,Active
EMP017814,Robert,Rodriguez,Robert Rodriguez,59,Engineering,Senior Developer,Los Angeles,117622.18,15654.54,2024-12-18,35,51.5,robert.rodriguez@company.com,(289) 387-6382,Active
EMP017815,James,Garcia,James Garcia,31,IT,Specialist,Miami,92737.55,3269.02,2020-05-27,6,44.6,james.garcia@company.com,(606) 940-7522,Active
EMP017816,Jane,Brown,Jane Brown,60,IT,Senior Developer,San Francisco,106938.19,12984.69,2021-03-21,31,99.6,jane.brown@company.com,(451) 984-6040,Active
EMP017817,Matthew,Lopez,Matthew Lopez,24,IT,Coordinator,Seattle,45287.77,5467.12,2023-04-06,2,100.0,matthew.lopez@company.com,(981) 757-1922,Active
EMP017818,Daniel,Gonzalez,Daniel Gonzalez,58,HR,Associate,Chicago,80598.19,6713.16,2021-08-10,32,84.5,daniel.gonzalez@company.com,(760) 861-9695,Inactive
EMP017819,Robert,Smith,Robert Smith,39,Finance,Coordinator,Chicago,72557.12,4815.9,2020-08-22,12,81.2,robert.smith@company.com,(540) 252-5409,On Leave
EMP017820,John,Moore,John Moore,63,Operations,Senior Developer,New York,79698.92,7780.54,2024-08-06,34,87.5,john.moore@company.com,(899) 342-2361,Active
EMP017821,Daniel,Davis,Daniel Davis,40,Finance,Manager,San Francisco,72167.41,8819.58,2020-01-19,13,48.9,daniel.davis@company.com,(562) 606-7020,Active
EMP017822,Matthew,Jones,Matthew Jones,38,Legal,Specialist,Chicago,108794.28,14980.84,2022-08-07,10,100.0,matthew.jones@company.com,(439) 326-5531,Active
EMP017823,Ashley,Lopez,Ashley Lopez,55,HR,Manager,New York,94781.17,13889.75,2023-04-18,32,60.2,ashley.lopez@company.com,(991) 877-3400,Active
EMP017824,Daniel,Moore,Daniel Moore,27,Sales,Associate,Seattle,67599.16,2679.55,2024-10-27,2,91.7,daniel.moore@company.com,(869) 927-6959,Active
EMP017825,David,Jones,David Jones,62,Legal,Senior Developer,Boston,107279.01,9013.91,2020-10-17,37,58.6,david.jones@company.com,(483) 488-4835,Active
EMP017826,Jessica,Williams,Jessica Williams,64,Operations,Specialist,Seattle,74090.72,7266.48,2023-10-13,36,86.3,jessica.williams@company.com,(770) 506-5724,Active
EMP017827,David,Gonzalez,David Gonzalez,58,Finance,Specialist,New York,114073.48,11496.22,2022-11-27,29,100.0,david.gonzalez@company.com,(706) 713-2298,Inactive
EMP017828,David,Anderson,David Anderson,45,IT,Coordinator,Chicago,100140.97,10800.16,2023-07-20,22,90.9,david.anderson@company.com,(375) 657-2300,Active
EMP017829,Michael,Gonzalez,Michael Gonzalez,61,Operations,Specialist,San Francisco,61792.3,8360.5,2024-06-29,33,85.5,michael.gonzalez@company.com,(844) 368-5307,Active
EMP017830,Melissa,Taylor,Melissa Taylor,32,Sales,Specialist,New York,62120.52,3486.71,2020-07-22,6,86.0,melissa.taylor@company.com,(274) 962-4021,Active
EMP017831,Jessica,Martin,Jessica Martin,33,Finance,Analyst,New York,87258.99,5211.38,2020-12-02,6,75.7,jessica.martin@company.com,(722) 843-7114,Active
EMP017832,Emily,Hernandez,Emily Hernandez,42,IT,Lead,Los Angeles,63109.09,5996.54,2024-03-26,15,77.1,emily.hernandez@company.com,(748) 438-3028,Active
EMP017833,Christopher,Martinez,Christopher Martinez,52,Finance,Director,New York,113958.93,15072.77,2023-04-01,24,62.4,christopher.martinez@company.com,(561) 948-9988,Active
EMP017834,Jessica,Lopez,Jessica Lopez,45,Operations,Director,New York,75928.43,8026.27,2023-11-06,16,86.7,jessica.lopez@company.com,(634) 247-6022,Active
EMP017835,William,Lopez,William Lopez,38,Engineering,Lead,Seattle,67624.04,5249.84,2021-08-04,11,86.3,william.lopez@company.com,(292) 671-2196,Active
EMP017836,John,Smith,John Smith,27,Marketing,Senior Developer,Chicago,51703.37,9157.19,2022-01-26,0,100.0,john.smith@company.com,(513) 892-6257,Active
EMP017837,Stephanie,Taylor,Stephanie Taylor,32,Finance,Lead,Los Angeles,63213.35,12626.78,2021-09-07,10,79.4,stephanie.taylor@company.com,(343) 245-6327,Active
EMP017838,Lisa,Moore,Lisa Moore,32,Marketing,Manager,Chicago,58340.71,10531.76,2023-08-27,6,78.2,lisa.moore@company.com,(322) 745-7870,Active
EMP017839,Nicole,Wilson,Nicole Wilson,27,Legal,Senior Developer,Austin,62596.56,5990.29,2024-07-14,1,83.4,nicole.wilson@company.com,(546) 504-6363,Active
EMP017840,Lisa,Miller,Lisa Miller,44,Marketing,Manager,Seattle,71881.24,8417.8,2023-02-14,22,70.6,lisa.miller@company.com,(797) 802-4448,Active
EMP017841,Jane,Jackson,Jane Jackson,56,Sales,Lead,San Francisco,95540.29,7771.38,2022-04-13,29,48.5,jane.jackson@company.com,(540) 337-5762,Active
EMP017842,Stephanie,Smith,Stephanie Smith,51,IT,Director,Austin,99300.14,16682.02,2020-04-01,28,75.5,stephanie.smith@company.com,(267) 591-4009,Active
EMP017843,Michael,Garcia,Michael Garcia,51,Operations,Director,Austin,50186.63,6302.57,2024-02-01,23,72.5,michael.garcia@company.com,(261) 685-4089,Active
EMP017844,James,Jones,James Jones,27,Operations,Associate,Austin,55249.09,6115.2,2022-04-21,0,64.4,james.jones@company.com,(345) 497-9219,Active
EMP017845,James,Smith,James Smith,54,HR,Coordinator,Boston,87896.4,5564.83,2022-02-25,27,92.7,james.smith@company.com,(259) 556-7301,Active
EMP017846,Jessica,Johnson,Jessica Johnson,57,IT,Manager,New York,93227.05,7142.69,2021-06-06,32,59.9,jessica.johnson@company.com,(279) 964-1871,Inactive
EMP017847,Christopher,Gonzalez,Christopher Gonzalez,36,Finance,Manager,Boston,55070.78,3138.39,2023-08-15,12,87.9,christopher.gonzalez@company.com,(712) 470-2118,Active
EMP017848,Michael,Thomas,Michael Thomas,32,IT,Senior Developer,Boston,48079.24,3964.44,2023-01-06,3,75.9,michael.thomas@company.com,(231) 603-6541,Active
EMP017849,William,Martin,William Martin,30,Operations,Manager,Seattle,38429.24,4102.59,2020-11-07,8,88.2,william.martin@company.com,(847) 786-2894,Active
EMP017850,Daniel,Hernandez,Daniel Hernandez,30,HR,Lead,Seattle,45976.28,5585.18,2024-09-15,6,44.9,daniel.hernandez@company.com,(955) 890-1198,Active
EMP017851,John,Hernandez,John Hernandez,47,Finance,Specialist,Miami,109752.31,4471.69,2023-05-04,23,55.7,john.hernandez@company.com,(534) 496-9091,Inactive
EMP017852,Christopher,Anderson,Christopher Anderson,26,IT,Manager,Boston,99465.11,16332.56,2022-01-16,2,67.0,christopher.anderson@company.com,(403) 777-9353,Active
EMP017853,James,Lopez,James Lopez,33,Legal,Director,Seattle,69586.72,8631.21,2022-11-09,10,73.2,james.lopez@company.com,(753) 351-8544,Active
EMP017854,Jessica,Martinez,Jessica Martinez,48,Finance,Specialist,Chicago,90086.21,11255.7,2024-08-09,24,75.3,jessica.martinez@company.com,(954) 402-2221,Active
EMP017855,Lisa,Moore,Lisa Moore,54,Legal,Associate,San Francisco,105959.37,6973.67,2024-06-25,27,65.5,lisa.moore@company.com,(797) 966-1428,Active
EMP017856,Michael,Gonzalez,Michael Gonzalez,24,Legal,Analyst,Boston,37500.0,6350.08,2024-06-29,0,67.6,michael.gonzalez@company.com,(358) 588-7560,Active
EMP017857,Christopher,Thomas,Christopher Thomas,34,Operations,Specialist,Los Angeles,48668.88,2994.69,2021-01-30,8,65.7,christopher.thomas@company.com,(973) 507-4881,Active
EMP017858,Ashley,Smith,Ashley Smith,63,Marketing,Coordinator,New York,89805.56,6335.46,2024-03-13,40,88.1,ashley.smith@company.com,(486) 882-8063,Active
EMP017859,Melissa,Lopez,Melissa Lopez,32,Sales,Coordinator,Austin,68479.99,5920.16,2021-04-11,5,92.6,melissa.lopez@company.com,(868) 508-4465,Inactive
EMP017860,Lisa,Wilson,Lisa Wilson,50,Engineering,Manager,Seattle,94544.33,2353.86,2020-01-18,27,67.8,lisa.wilson@company.com,(971) 708-2590,Active
EMP017861,Daniel,Davis,Daniel Davis,36,Finance,Coordinator,Austin,74560.4,7262.98,2020-11-04,10,78.3,daniel.davis@company.com,(810) 201-2357,Active
EMP017862,Amanda,Taylor,Amanda Taylor,62,Engineering,Associate,Miami,117012.02,11382.47,2023-06-30,39,62.1,amanda.taylor@company.com,(249) 318-7702,Active
EMP017863,Nicole,Miller,Nicole Miller,29,Operations,Director,Seattle,25500.0,3049.07,2022-08-27,7,71.5,nicole.miller@company.com,(460) 548-7997,Active
EMP017864,Melissa,Martinez,Melissa Martinez,42,Marketing,Coordinator,Boston,79880.39,6650.41,2024-12-16,13,77.0,melissa.martinez@company.com,(510) 780-2060,Active
EMP017865,Sarah,Lopez,Sarah Lopez,24,Operations,Analyst,Boston,32458.69,6345.97,2022-06-18,0,87.1,sarah.lopez@company.com,(356) 282-9332,Active
EMP017866,Jane,Williams,Jane Williams,41,Legal,Associate,Boston,83217.5,8121.82,2023-08-06,15,44.0,jane.williams@company.com,(236) 809-3205,Active
EMP017867,James,Smith,James Smith,27,Sales,Manager,New York,45510.13,6969.41,2021-10-04,5,87.9,james.smith@company.com,(269) 926-6141,Active
EMP017868,Melissa,Jones,Melissa Jones,30,Legal,Manager,Chicago,69060.41,6408.56,2020-04-08,6,47.3,melissa.jones@company.com,(695) 869-5381,Active
EMP017869,John,Gonzalez,John Gonzalez,35,Finance,Specialist,Boston,75215.2,8359.18,2020-10-18,8,70.9,john.gonzalez@company.com,(557) 803-6105,Active
EMP017870,Amanda,Martinez,Amanda Martinez,57,IT,Director,Los Angeles,74620.03,7784.58,2022-11-12,31,71.9,amanda.martinez@company.com,(505) 507-7520,Active
EMP017871,Michael,Martinez,Michael Martinez,60,Engineering,Analyst,San Francisco,101890.53,17770.6,2022-10-01,31,73.7,michael.martinez@company.com,(984) 207-3683,Active
EMP017872,Emily,Taylor,Emily Taylor,38,Marketing,Lead,Los Angeles,83807.93,7790.02,2022-03-23,9,76.4,emily.taylor@company.com,(342) 608-1276,Active
EMP017873,David,Jones,David Jones,55,Engineering,Manager,Seattle,95831.88,12249.41,2020-12-30,30,69.1,david.jones@company.com,(341) 384-5997,Active
EMP017874,James,Moore,James Moore,37,IT,Specialist,Los Angeles,84470.77,13990.57,2021-04-03,14,96.6,james.moore@company.com,(337) 602-6577,Active
EMP017875,Nicole,Taylor,Nicole Taylor,30,IT,Director,New York,94456.53,13110.12,2020-11-23,7,66.4,nicole.taylor@company.com,(820) 544-2013,On Leave
EMP017876,Matthew,Davis,Matthew Davis,22,IT,Lead,Los Angeles,106412.84,9693.26,2021-05-21,0,84.8,matthew.davis@company.com,(261) 660-3463,On Leave
EMP017877,Matthew,Anderson,Matthew Anderson,40,IT,Manager,Austin,109541.18,8585.04,2023-05-29,18,89.3,matthew.anderson@company.com,(674) 519-3515,Active
EMP017878,Robert,Lopez,Robert Lopez,30,Engineering,Director,New York,70898.29,9356.54,2024-07-18,3,67.0,robert.lopez@company.com,(515) 338-6934,Active
EMP017879,Anthony,Brown,Anthony Brown,59,Legal,Coordinator,Miami,112959.38,18039.69,2020-05-16,33,72.4,anthony.brown@company.com,(385) 348-1809,Inactive
EMP017880,Jane,Davis,Jane Davis,22,HR,Specialist,Chicago,59210.68,7451.58,2020-03-01,0,77.1,jane.davis@company.com,(320) 671-9596,Active
EMP017881,Amanda,Davis,Amanda Davis,25,Operations,Coordinator,Austin,39572.15,1515.67,2021-04-16,2,69.7,amanda.davis@company.com,(790) 362-7538,Active
EMP017882,Nicole,Hernandez,Nicole Hernandez,40,Marketing,Associate,New York,72779.65,6302.49,2024-01-01,15,73.2,nicole.hernandez@company.com,(569) 874-2652,Active
EMP017883,William,Johnson,William Johnson,63,Engineering,Lead,New York,136778.0,5847.53,2021-02-11,36,51.4,william.johnson@company.com,(203) 628-6801,On Leave
EMP017884,Michael,Johnson,Michael Johnson,62,Marketing,Lead,Austin,89301.04,1321.39,2022-03-14,38,38.5,michael.johnson@company.com,(286) 804-1116,Active
EMP017885,Anthony,Williams,Anthony Williams,52,Legal,Coordinator,Miami,118647.5,7446.92,2022-11-19,27,63.4,anthony.williams@company.com,(639) 771-8063,Active
EMP017886,Emily,Miller,Emily Miller,33,Sales,Analyst,Chicago,56782.37,6727.94,2020-08-31,4,65.9,emily.miller@company.com,(252) 313-9988,Active
EMP017887,Ashley,Jones,Ashley Jones,63,Legal,Associate,Miami,125835.39,17112.35,2024-04-25,38,93.2,ashley.jones@company.com,(839) 707-2285,Inactive
EMP017888,William,Garcia,William Garcia,47,Sales,Associate,San Francisco,64323.17,6685.95,2024-10-29,25,59.9,william.garcia@company.com,(817) 732-4358,Active
EMP017889,John,Johnson,John Johnson,57,Marketing,Senior Developer,Los Angeles,77603.07,10369.02,2020-02-27,30,62.7,john.johnson@company.com,(616) 443-5635,Active
EMP017890,Michael,Johnson,Michael Johnson,32,Sales,Senior Developer,Chicago,63784.19,2338.96,2020-09-07,7,84.8,michael.johnson@company.com,(389) 550-8569,Active
EMP017891,Nicole,Thomas,Nicole Thomas,63,Marketing,Manager,Boston,106056.99,4704.16,2021-01-14,36,85.1,nicole.thomas@company.com,(858) 643-2486,Active
EMP017892,Matthew,Jackson,Matthew Jackson,51,HR,Analyst,Seattle,62373.98,3202.25,2022-02-27,26,72.2,matthew.jackson@company.com,(283) 222-2660,Active
EMP017893,Matthew,Brown,Matthew Brown,53,Operations,Senior Developer,Seattle,61682.95,5971.97,2021-05-13,27,77.8,matthew.brown@company.com,(925) 574-1042,Inactive
EMP017894,Daniel,Garcia,Daniel Garcia,22,Operations,Analyst,San Francisco,48867.38,9306.97,2021-07-03,0,76.7,daniel.garcia@company.com,(821) 257-1225,Active
EMP017895,Michael,Wilson,Michael Wilson,64,Engineering,Senior Developer,Chicago,88487.06,4192.54,2022-08-29,37,93.6,michael.wilson@company.com,(351) 240-3883,Active
EMP017896,Sarah,Gonzalez,Sarah Gonzalez,27,Engineering,Lead,Miami,87139.72,11087.93,2024-10-24,3,86.8,sarah.gonzalez@company.com,(820) 312-7977,Active
EMP017897,Christopher,Rodriguez,Christopher Rodriguez,58,Legal,Director,Seattle,96305.7,13621.06,2023-06-22,30,59.4,christopher.rodriguez@company.com,(520) 746-3307,Active
EMP017898,James,Brown,James Brown,31,Legal,Lead,Chicago,90910.96,1633.0,2020-02-10,9,42.1,james.brown@company.com,(214) 724-2122,Active
EMP017899,Christopher,Miller,Christopher Miller,34,Finance,Lead,Miami,80516.11,4851.15,2021-05-03,8,82.8,christopher.miller@company.com,(233) 530-8836,Active
EMP017900,Stephanie,Smith,Stephanie Smith,52,Legal,Senior Developer,Boston,111807.67,19385.92,2023-07-19,27,83.2,stephanie.smith@company.com,(544) 683-4379,Active
EMP017901,Emily,Taylor,Emily Taylor,33,HR,Specialist,Seattle,27924.41,1184.5,2023-09-28,7,87.0,emily.taylor@company.com,(441) 502-5375,Active
EMP017902,Amanda,Williams,Amanda Williams,61,Marketing,Lead,Seattle,80071.37,10660.19,2022-05-11,35,51.9,amanda.williams@company.com,(820) 728-8980,Active
EMP017903,David,Hernandez,David Hernandez,49,Finance,Lead,Austin,83040.39,9260.34,2020-02-24,26,84.5,david.hernandez@company.com,(450) 644-2595,Active
EMP017904,Emily,Martinez,Emily Martinez,63,Legal,Associate,Chicago,103028.54,10238.67,2022-11-30,38,91.5,emily.martinez@company.com,(852) 865-1160,Active
EMP017905,Lisa,Moore,Lisa Moore,52,Engineering,Associate,New York,100388.84,6730.99,2022-04-27,23,59.3,lisa.moore@company.com,(921) 550-2979,Active
EMP017906,Melissa,Thomas,Melissa Thomas,49,Operations,Associate,Boston,73846.7,8404.52,2021-12-12,27,56.7,melissa.thomas@company.com,(804) 427-2120,On Leave
EMP017907,Melissa,Smith,Melissa Smith,58,Engineering,Analyst,Austin,128125.39,10856.3,2021-10-13,34,95.8,melissa.smith@company.com,(440) 327-4870,Active
EMP017908,Lisa,Johnson,Lisa Johnson,49,Marketing,Manager,Chicago,74663.27,2812.18,2021-05-07,21,60.9,lisa.johnson@company.com,(818) 564-4437,On Leave
EMP017909,Ashley,Moore,Ashley Moore,48,Engineering,Coordinator,Miami,95878.71,7366.53,2024-03-14,25,41.4,ashley.moore@company.com,(289) 314-7013,Inactive
EMP017910,James,Brown,James Brown,39,Marketing,Specialist,Seattle,74475.45,10209.74,2022-07-11,13,72.4,james.brown@company.com,(735) 883-8756,Active
EMP017911,Daniel,Jackson,Daniel Jackson,64,Finance,Coordinator,Austin,115463.01,9426.08,2022-03-04,37,78.5,daniel.jackson@company.com,(600) 343-3918,Active
EMP017912,Jane,Smith,Jane Smith,39,Marketing,Director,Miami,69374.14,11503.41,2024-12-02,11,79.6,jane.smith@company.com,(737) 692-8932,Active
EMP017913,William,Lopez,William Lopez,37,Operations,Lead,Austin,57675.51,3986.16,2023-05-30,14,73.0,william.lopez@company.com,(211) 740-7921,Active
EMP017914,Amanda,Johnson,Amanda Johnson,55,HR,Analyst,Austin,76383.33,8349.9,2021-12-27,26,61.7,amanda.johnson@company.com,(971) 426-2888,Active
EMP017915,Nicole,Wilson,Nicole Wilson,54,Engineering,Analyst,San Francisco,122139.08,7158.28,2024-02-17,32,67.1,nicole.wilson@company.com,(320) 255-5718,Active
EMP017916,Nicole,Wilson,Nicole Wilson,25,Engineering,Analyst,San Francisco,125551.7,10082.19,2020-09-19,0,95.7,nicole.wilson@company.com,(501) 699-9942,Active
EMP017917,Jane,Martin,Jane Martin,65,Engineering,Lead,Chicago,121709.1,17515.9,2021-09-30,41,63.7,jane.martin@company.com,(282) 418-6941,Active
EMP017918,Stephanie,Davis,Stephanie Davis,24,Engineering,Director,Miami,82806.52,9588.97,2021-12-15,1,92.7,stephanie.davis@company.com,(997) 850-7336,Active
EMP017919,Matthew,Hernandez,Matthew Hernandez,43,Engineering,Lead,Boston,123088.49,20082.73,2024-09-18,18,81.4,matthew.hernandez@company.com,(977) 969-7931,Active
EMP017920,Jane,Garcia,Jane Garcia,24,HR,Director,Boston,53875.1,6763.77,2021-09-18,0,55.6,jane.garcia@company.com,(801) 341-4853,Active
EMP017921,John,Lopez,John Lopez,43,IT,Associate,Miami,80220.79,13472.54,2023-04-15,19,100.0,john.lopez@company.com,(956) 904-3742,Active
EMP017922,Michael,Hernandez,Michael Hernandez,46,Finance,Coordinator,Seattle,69815.08,4286.44,2021-06-01,22,86.7,michael.hernandez@company.com,(864) 660-2645,Active
EMP017923,Stephanie,Lopez,Stephanie Lopez,40,HR,Associate,New York,64738.16,3705.3,2024-01-06,17,69.6,stephanie.lopez@company.com,(471) 980-4141,Active
EMP017924,James,Moore,James Moore,31,Engineering,Coordinator,Los Angeles,108686.84,13831.17,2022-02-09,2,69.3,james.moore@company.com,(775) 921-6166,Active
EMP017925,Ashley,Smith,Ashley Smith,55,HR,Analyst,San Francisco,78676.32,11302.39,2023-02-22,30,96.5,ashley.smith@company.com,(642) 244-8928,Active
EMP017926,Daniel,Lopez,Daniel Lopez,65,HR,Manager,Miami,70969.1,6464.99,2022-09-18,39,65.7,daniel.lopez@company.com,(338) 208-7161,Active
EMP017927,Robert,Wilson,Robert Wilson,31,Sales,Senior Developer,Los Angeles,51700.37,6380.36,2024-07-21,9,93.1,robert.wilson@company.com,(853) 936-7759,Active
EMP017928,Jane,Davis,Jane Davis,28,Operations,Analyst,Austin,70249.67,7305.81,2024-07-27,6,56.9,jane.davis@company.com,(667) 596-4455,Active
EMP017929,Jane,Davis,Jane Davis,42,Sales,Specialist,Seattle,93089.98,8931.3,2020-09-20,18,100.0,jane.davis@company.com,(273) 857-4122,On Leave
EMP017930,Jessica,Jackson,Jessica Jackson,61,Marketing,Manager,Seattle,87106.71,4995.49,2024-10-30,36,66.7,jessica.jackson@company.com,(297) 365-2663,Inactive
EMP017931,Matthew,Brown,Matthew Brown,58,HR,Senior Developer,Austin,96359.75,7947.72,2022-12-17,33,74.4,matthew.brown@company.com,(495) 407-4360,Active
EMP017932,James,Taylor,James Taylor,30,Legal,Manager,New York,74308.13,3767.01,2022-10-31,2,78.0,james.taylor@company.com,(580) 562-8225,Active
EMP017933,James,Jones,James Jones,49,Operations,Specialist,Boston,71852.51,11653.29,2021-08-06,22,60.7,james.jones@company.com,(643) 386-7278,Active
EMP017934,Jessica,Rodriguez,Jessica Rodriguez,45,Marketing,Specialist,Chicago,54053.94,7404.46,2020-03-31,22,87.3,jessica.rodriguez@company.com,(441) 698-3329,Active
EMP017935,James,Davis,James Davis,39,Finance,Specialist,Chicago,67611.24,11583.57,2022-01-19,15,88.5,james.davis@company.com,(301) 408-4677,Active
EMP017936,Jane,Moore,Jane Moore,41,IT,Analyst,Miami,66875.99,10975.76,2022-03-25,18,54.8,jane.moore@company.com,(562) 351-6698,Active
EMP017937,Emily,Davis,Emily Davis,39,Operations,Manager,Chicago,57321.91,0.0,2020-01-21,12,64.7,emily.davis@company.com,(611) 228-8534,On Leave
EMP017938,David,Jones,David Jones,27,HR,Manager,Austin,44588.08,6650.75,2024-07-01,0,62.8,david.jones@company.com,(804) 703-9685,Active
EMP017939,Stephanie,Garcia,Stephanie Garcia,29,Legal,Specialist,San Francisco,80216.93,5374.07,2021-04-13,4,92.0,stephanie.garcia@company.com,(437) 293-7401,Active
EMP017940,Sarah,Davis,Sarah Davis,55,HR,Manager,San Francisco,74322.05,15096.43,2022-08-03,28,79.1,sarah.davis@company.com,(919) 553-6805,Active
EMP017941,Anthony,Hernandez,Anthony Hernandez,63,Operations,Lead,Boston,55279.84,4403.7,2023-07-08,38,73.7,anthony.hernandez@company.com,(381) 886-4426,Active
EMP017942,Lisa,Jones,Lisa Jones,49,Sales,Specialist,Seattle,54490.81,2298.85,2020-02-20,20,77.0,lisa.jones@company.com,(328) 255-1189,Active
EMP017943,Lisa,Hernandez,Lisa Hernandez,31,Marketing,Senior Developer,Los Angeles,43868.32,4390.39,2021-08-12,6,85.8,lisa.hernandez@company.com,(309) 524-3338,Active
EMP017944,William,Martinez,William Martinez,51,HR,Manager,Los Angeles,62083.16,4386.36,2021-10-10,27,84.2,william.martinez@company.com,(265) 313-5217,Active
EMP017945,John,Jackson,John Jackson,27,Finance,Lead,Chicago,53369.45,2730.7,2021-08-24,5,86.5,john.jackson@company.com,(761) 258-6035,Active
EMP017946,Jane,Garcia,Jane Garcia,31,Operations,Specialist,Austin,55306.61,6188.51,2022-05-31,5,71.8,jane.garcia@company.com,(263) 654-2240,Active
EMP017947,Stephanie,Gonzalez,Stephanie Gonzalez,23,Legal,Analyst,New York,51681.6,4455.67,2020-08-27,0,47.3,stephanie.gonzalez@company.com,(696) 518-3072,Active
EMP017948,John,Martinez,John Martinez,25,Sales,Director,Austin,67998.7,5682.57,2023-05-31,0,65.1,john.martinez@company.com,(467) 605-4414,Active
EMP017949,John,Lopez,John Lopez,59,Engineering,Associate,Boston,117515.75,12871.07,2023-03-13,35,76.0,john.lopez@company.com,(621) 473-3306,Active
EMP017950,James,Brown,James Brown,58,Finance,Senior Developer,San Francisco,86294.75,7037.22,2024-10-16,36,77.5,james.brown@company.com,(703) 569-2335,Inactive
EMP017951,Emily,Lopez,Emily Lopez,52,Operations,Senior Developer,Boston,64313.78,5149.06,2023-01-22,25,63.8,emily.lopez@company.com,(936) 233-8187,Active
EMP017952,Michael,Thomas,Michael Thomas,34,Sales,Specialist,Boston,56493.69,6149.01,2024-11-12,10,79.8,michael.thomas@company.com,(844) 455-1967,Inactive
EMP017953,Anthony,Johnson,Anthony Johnson,56,Finance,Senior Developer,Los Angeles,84273.96,5122.69,2020-07-24,32,69.0,anthony.johnson@company.com,(715) 556-6730,Active
EMP017954,Daniel,Jones,Daniel Jones,49,Engineering,Lead,Miami,91352.67,3582.78,2021-11-23,21,88.2,daniel.jones@company.com,(464) 293-9608,Active
EMP017955,John,Johnson,John Johnson,53,Sales,Associate,New York,55463.97,4715.87,2022-01-29,26,56.2,john.johnson@company.com,(354) 609-7607,Active
EMP017956,Anthony,Smith,Anthony Smith,27,Sales,Associate,Los Angeles,30000.0,4693.58,2022-10-08,0,75.8,anthony.smith@company.com,(875) 995-2388,Active
EMP017957,James,Gonzalez,James Gonzalez,54,Sales,Senior Developer,Seattle,69667.35,7117.06,2024-11-13,28,89.9,james.gonzalez@company.com,(949) 984-7192,Active
EMP017958,Melissa,Rodriguez,Melissa Rodriguez,39,Marketing,Lead,Boston,83442.91,5661.32,2020-07-09,15,95.9,melissa.rodriguez@company.com,(697) 360-7194,Active
EMP017959,Robert,Rodriguez,Robert Rodriguez,63,IT,Specialist,Seattle,88950.92,4665.6,2022-05-20,37,77.0,robert.rodriguez@company.com,(277) 435-1304,Active
EMP017960,Stephanie,Martinez,Stephanie Martinez,22,HR,Manager,Austin,56012.99,4388.22,2022-08-30,0,60.7,stephanie.martinez@company.com,(321) 407-9450,Active
EMP017961,Amanda,Gonzalez,Amanda Gonzalez,60,Legal,Director,Chicago,112316.16,5507.34,2021-12-01,33,78.3,amanda.gonzalez@company.com,(867) 591-2547,Active
EMP017962,Emily,Hernandez,Emily Hernandez,28,Sales,Lead,Chicago,62842.84,11913.21,2020-04-05,2,75.6,emily.hernandez@company.com,(888) 973-7722,Active
EMP017963,Sarah,Anderson,Sarah Anderson,64,Engineering,Associate,Miami,149175.63,16313.4,2023-10-13,40,68.6,sarah.anderson@company.com,(439) 703-4960,Active
EMP017964,Daniel,Gonzalez,Daniel Gonzalez,60,IT,Coordinator,Los Angeles,113412.44,19044.56,2022-01-23,33,77.0,daniel.gonzalez@company.com,(379) 254-9226,Active
EMP017965,Emily,Miller,Emily Miller,43,HR,Senior Developer,Los Angeles,81050.68,3239.97,2022-05-27,19,69.9,emily.miller@company.com,(868) 967-5550,On Leave
EMP017966,Nicole,Smith,Nicole Smith,53,Operations,Associate,Chicago,74150.65,10693.76,2021-10-12,25,72.0,nicole.smith@company.com,(394) 230-6953,On Leave
EMP017967,Christopher,Jones,Christopher Jones,57,HR,Senior Developer,Chicago,69712.99,2186.64,2023-04-09,30,74.1,christopher.jones@company.com,(785) 259-5074,Active
EMP017968,William,Rodriguez,William Rodriguez,38,Sales,Lead,Seattle,72699.66,6571.14,2021-10-24,15,65.0,william.rodriguez@company.com,(486) 281-5166,Active
EMP017969,William,Johnson,William Johnson,49,Marketing,Analyst,Los Angeles,59380.74,6567.88,2022-06-02,20,100.0,william.johnson@company.com,(539) 594-7406,Active
EMP017970,John,Anderson,John Anderson,25,Operations,Specialist,New York,50247.55,2066.87,2023-02-08,1,98.2,john.anderson@company.com,(733) 212-1685,Active
EMP017971,Michael,Johnson,Michael Johnson,52,Operations,Associate,Chicago,69341.26,7132.39,2023-02-21,27,93.5,michael.johnson@company.com,(881) 668-1429,Active
EMP017972,Michael,Martinez,Michael Martinez,58,Sales,Senior Developer,San Francisco,86638.42,14374.67,2024-04-12,30,60.1,michael.martinez@company.com,(389) 289-1101,Active
EMP017973,Nicole,Williams,Nicole Williams,28,Marketing,Director,Boston,50072.09,4588.3,2021-08-20,1,75.3,nicole.williams@company.com,(629) 826-5814,Active
EMP017974,Nicole,Smith,Nicole Smith,27,Legal,Director,San Francisco,70421.76,6605.88,2022-02-10,4,44.4,nicole.smith@company.com,(808) 313-7072,Active
EMP017975,Stephanie,Taylor,Stephanie Taylor,25,Legal,Lead,Chicago,92833.27,4476.92,2020-12-14,0,67.9,stephanie.taylor@company.com,(275) 303-7043,Active
EMP017976,Robert,Jackson,Robert Jackson,50,Operations,Lead,Miami,40003.17,4281.51,2022-11-19,23,80.8,robert.jackson@company.com,(312) 375-3459,Active
EMP017977,David,Lopez,David Lopez,40,Marketing,Coordinator,Boston,67820.26,3612.84,2022-02-07,16,81.4,david.lopez@company.com,(716) 782-6789,Active
EMP017978,Jessica,Martinez,Jessica Martinez,62,Sales,Senior Developer,Seattle,99209.6,8510.88,2022-06-15,39,84.4,jessica.martinez@company.com,(342) 367-1549,Active
EMP017979,Stephanie,Rodriguez,Stephanie Rodriguez,30,Finance,Specialist,Chicago,87659.35,13461.92,2023-09-26,7,100.0,stephanie.rodriguez@company.com,(796) 707-4576,Active
EMP017980,Jessica,Brown,Jessica Brown,34,Operations,Manager,San Francisco,61954.42,4435.26,2020-05-30,7,62.0,jessica.brown@company.com,(470) 851-4866,Active
EMP017981,John,Moore,John Moore,27,Marketing,Lead,Boston,72195.45,0.0,2023-02-15,3,82.0,john.moore@company.com,(537) 261-7401,Active
EMP017982,Sarah,Hernandez,Sarah Hernandez,50,HR,Manager,Los Angeles,98921.06,8728.02,2021-05-20,28,77.1,sarah.hernandez@company.com,(984) 247-9249,Active
EMP017983,Robert,Wilson,Robert Wilson,56,HR,Coordinator,Austin,67571.73,8103.1,2024-09-14,31,86.0,robert.wilson@company.com,(214) 749-2997,Active
EMP017984,Lisa,Gonzalez,Lisa Gonzalez,52,Operations,Specialist,Boston,69410.37,6544.44,2020-02-16,29,88.7,lisa.gonzalez@company.com,(941) 715-2831,Active
EMP017985,Christopher,Wilson,Christopher Wilson,39,HR,Analyst,Austin,55100.42,3369.15,2020-08-08,15,83.5,christopher.wilson@company.com,(684) 238-2616,Active
EMP017986,Michael,Jackson,Michael Jackson,36,Marketing,Manager,Miami,60359.78,11168.21,2023-10-23,13,89.3,michael.jackson@company.com,(580) 251-9834,Active
EMP017987,James,Moore,James Moore,60,HR,Associate,Miami,79321.11,11804.32,2021-12-13,33,94.6,james.moore@company.com,(595) 704-2998,Active
EMP017988,Melissa,Williams,Melissa Williams,30,Sales,Director,Austin,33454.46,1505.56,2021-09-02,1,85.1,melissa.williams@company.com,(562) 994-2794,Active
EMP017989,Melissa,Martinez,Melissa Martinez,27,Legal,Senior Developer,Austin,46117.9,6490.65,2022-12-16,3,85.1,melissa.martinez@company.com,(976) 670-7223,Active
EMP017990,Michael,Johnson,Michael Johnson,27,IT,Lead,Chicago,73405.06,10605.84,2020-10-15,3,63.2,michael.johnson@company.com,(684) 910-7833,Active
EMP017991,William,Taylor,William Taylor,38,HR,Director,Los Angeles,63523.8,1984.21,2020-11-14,10,52.6,william.taylor@company.com,(423) 917-2156,Active
EMP017992,Amanda,Garcia,Amanda Garcia,65,Marketing,Manager,Los Angeles,79506.36,9524.19,2021-03-24,41,59.8,amanda.garcia@company.com,(754) 554-8307,Active
EMP017993,Lisa,Wilson,Lisa Wilson,23,Marketing,Analyst,Seattle,56909.43,9583.62,2022-12-29,0,73.0,lisa.wilson@company.com,(561) 489-1497,Inactive
EMP017994,Christopher,Taylor,Christopher Taylor,24,IT,Senior Developer,Los Angeles,49689.07,3270.91,2022-12-10,1,52.1,christopher.taylor@company.com,(494) 712-7378,Active
EMP017995,William,Jackson,William Jackson,32,HR,Coordinator,Boston,89153.34,9569.43,2020-11-23,4,70.9,william.jackson@company.com,(981) 477-9108,Active
EMP017996,Lisa,Williams,Lisa Williams,28,Sales,Analyst,Austin,48874.27,7995.28,2024-11-02,6,75.9,lisa.williams@company.com,(682) 930-2889,Active
EMP017997,Melissa,Johnson,Melissa Johnson,55,Legal,Associate,Seattle,99514.49,11094.45,2024-12-22,27,57.6,melissa.johnson@company.com,(408) 346-5108,Inactive
EMP017998,Nicole,Thomas,Nicole Thomas,36,Legal,Senior Developer,Austin,91130.58,4144.53,2022-10-25,8,39.1,nicole.thomas@company.com,(669) 638-3697,On Leave
EMP017999,Michael,Williams,Michael Williams,42,Sales,Associate,Miami,71484.19,5203.67,2021-05-13,15,68.5,michael.williams@company.com,(251) 490-9703,Active
EMP018000,Ashley,Rodriguez,Ashley Rodriguez,52,Engineering,Specialist,Los Angeles,94546.27,3595.69,2021-10-03,27,100.0,ashley.rodriguez@company.com,(633) 553-8381,Active
EMP018001,John,Hernandez,John Hernandez,24,Legal,Lead,Boston,82739.73,7785.54,2021-09-28,0,76.7,john.hernandez@company.com,(348) 693-6979,Active
EMP018002,Melissa,Jones,Melissa Jones,43,Legal,Associate,Chicago,97038.25,12231.66,2021-06-25,21,76.9,melissa.jones@company.com,(556) 512-9539,Active
EMP018003,Robert,Anderson,Robert Anderson,53,IT,Director,New York,78705.31,9504.8,2022-06-29,26,57.6,robert.anderson@company.com,(336) 510-3446,Active
EMP018004,Lisa,Anderson,Lisa Anderson,62,Sales,Coordinator,Boston,90467.06,3267.08,2023-04-18,34,81.1,lisa.anderson@company.com,(915) 443-8011,Active
EMP018005,Stephanie,Thomas,Stephanie Thomas,52,Finance,Senior Developer,Seattle,89844.72,22162.23,2022-12-30,25,93.8,stephanie.thomas@company.com,(700) 882-7670,Active
EMP018006,John,Thomas,John Thomas,61,Legal,Analyst,New York,111160.85,13495.88,2023-01-07,35,82.3,john.thomas@company.com,(353) 792-7913,Active
EMP018007,Nicole,Taylor,Nicole Taylor,49,Operations,Senior Developer,Chicago,68970.35,8881.59,2020-01-15,25,70.9,nicole.taylor@company.com,(458) 708-6532,Active
EMP018008,Anthony,Lopez,Anthony Lopez,65,Legal,Director,Chicago,116302.25,11133.41,2024-05-30,39,73.1,anthony.lopez@company.com,(734) 895-2254,Active
EMP018009,Lisa,Garcia,Lisa Garcia,25,Finance,Manager,Chicago,84253.42,4751.15,2020-02-08,0,81.7,lisa.garcia@company.com,(987) 404-4114,Inactive
EMP018010,Amanda,Gonzalez,Amanda Gonzalez,60,HR,Analyst,Chicago,79260.08,7421.48,2021-05-27,38,40.6,amanda.gonzalez@company.com,(879) 213-4449,Active
EMP018011,Michael,Gonzalez,Michael Gonzalez,34,HR,Specialist,Chicago,56151.87,4711.33,2022-05-14,12,85.7,michael.gonzalez@company.com,(402) 204-5435,Active
EMP018012,Sarah,Davis,Sarah Davis,65,Finance,Lead,New York,105032.7,2782.15,2020-10-03,38,74.4,sarah.davis@company.com,(481) 471-3355,Inactive
EMP018013,Nicole,Martin,Nicole Martin,65,Finance,Lead,Los Angeles,120030.31,15546.72,2023-07-07,40,74.7,nicole.martin@company.com,(681) 552-1489,Active
EMP018014,Anthony,Martin,Anthony Martin,27,Marketing,Specialist,Miami,44636.15,6689.91,2021-10-10,3,93.0,anthony.martin@company.com,(455) 295-9427,Active
EMP018015,Jessica,Jones,Jessica Jones,54,IT,Coordinator,Chicago,89382.35,17107.13,2024-05-02,26,71.1,jessica.jones@company.com,(931) 439-3071,Active
EMP018016,Sarah,Miller,Sarah Miller,28,Finance,Manager,Chicago,64532.28,7171.69,2021-04-22,3,82.1,sarah.miller@company.com,(764) 697-5539,Active
EMP018017,Christopher,Brown,Christopher Brown,44,Marketing,Specialist,Boston,83628.5,11050.51,2024-08-21,17,100.0,christopher.brown@company.com,(884) 839-5384,Active
EMP018018,Lisa,Johnson,Lisa Johnson,32,Engineering,Analyst,Boston,68834.7,7717.0,2022-03-12,5,84.4,lisa.johnson@company.com,(602) 932-1619,Inactive
EMP018019,John,Jackson,John Jackson,37,Operations,Senior Developer,New York,41561.81,2259.53,2023-02-24,10,57.6,john.jackson@company.com,(983) 666-5482,Active
EMP018020,William,Wilson,William Wilson,54,Engineering,Associate,Miami,95152.18,7628.56,2022-12-26,29,70.1,william.wilson@company.com,(727) 818-2135,Active
EMP018021,Michael,Taylor,Michael Taylor,50,Finance,Associate,Los Angeles,106206.68,2952.44,2024-06-18,23,81.6,michael.taylor@company.com,(847) 506-7062,Active
EMP018022,Anthony,Brown,Anthony Brown,42,IT,Senior Developer,Chicago,97555.81,10885.07,2023-10-02,18,66.2,anthony.brown@company.com,(861) 280-2205,Active
EMP018023,Robert,Martinez,Robert Martinez,35,Finance,Specialist,Miami,101808.64,0.0,2022-04-14,13,78.3,robert.martinez@company.com,(407) 908-1833,Active
EMP018024,Michael,Hernandez,Michael Hernandez,42,Operations,Associate,Boston,61761.03,8823.26,2023-08-06,15,78.4,michael.hernandez@company.com,(547) 423-2586,Active
EMP018025,Ashley,Rodriguez,Ashley Rodriguez,52,HR,Coordinator,Austin,72674.26,5139.19,2020-03-28,30,81.2,ashley.rodriguez@company.com,(491) 486-4534,Active
EMP018026,Stephanie,Davis,Stephanie Davis,51,Finance,Associate,Miami,101707.01,11228.16,2024-04-30,24,76.9,stephanie.davis@company.com,(487) 839-3344,Active
EMP018027,Ashley,Gonzalez,Ashley Gonzalez,52,Marketing,Senior Developer,Boston,86288.79,13252.02,2020-01-07,23,82.8,ashley.gonzalez@company.com,(947) 758-6948,Active
EMP018028,John,Martin,John Martin,62,HR,Coordinator,Chicago,72040.75,5388.45,2021-03-30,37,69.2,john.martin@company.com,(965) 933-7906,On Leave
EMP018029,Matthew,Garcia,Matthew Garcia,50,Sales,Associate,Austin,66123.19,2166.86,2023-12-28,25,74.9,matthew.garcia@company.com,(737) 981-1621,Active
EMP018030,Matthew,Anderson,Matthew Anderson,24,Finance,Associate,Chicago,52518.61,0.0,2023-09-27,0,76.5,matthew.anderson@company.com,(733) 840-7887,Inactive
EMP018031,William,Miller,William Miller,64,Operations,Associate,Miami,83470.31,7676.2,2020-05-11,42,51.7,william.miller@company.com,(660) 527-6416,Active
EMP018032,Ashley,Lopez,Ashley Lopez,32,Sales,Senior Developer,Boston,57692.95,5045.33,2021-02-09,8,60.9,ashley.lopez@company.com,(935) 733-4049,Active
EMP018033,Amanda,Martinez,Amanda Martinez,29,Marketing,Analyst,Boston,89121.0,4425.96,2024-01-30,6,84.6,amanda.martinez@company.com,(752) 200-4108,Active
EMP018034,Michael,Moore,Michael Moore,22,Operations,Lead,Chicago,51122.74,2018.49,2022-08-06,0,100.0,michael.moore@company.com,(268) 264-2014,Inactive
EMP018035,James,Lopez,James Lopez,51,Sales,Senior Developer,New York,75520.62,8555.68,2024-05-30,24,84.8,james.lopez@company.com,(463) 953-6338,Active
EMP018036,Jessica,Hernandez,Jessica Hernandez,43,Engineering,Analyst,Seattle,111451.06,12556.34,2024-09-23,20,74.8,jessica.hernandez@company.com,(914) 595-2107,Active
EMP018037,Emily,Rodriguez,Emily Rodriguez,53,HR,Analyst,Seattle,85675.66,2861.34,2021-12-18,27,67.5,emily.rodriguez@company.com,(844) 384-2988,Active
EMP018038,Sarah,Jones,Sarah Jones,62,Operations,Specialist,San Francisco,61755.69,6770.92,2020-03-04,33,100.0,sarah.jones@company.com,(294) 352-9838,Active
EMP018039,Matthew,Anderson,Matthew Anderson,39,IT,Senior Developer,San Francisco,95751.22,11962.93,2022-04-13,15,94.2,matthew.anderson@company.com,(694) 616-8159,Active
EMP018040,Ashley,Taylor,Ashley Taylor,35,Sales,Associate,Chicago,71349.85,7176.63,2022-03-28,6,82.3,ashley.taylor@company.com,(380) 858-2035,Active
EMP018041,Matthew,Brown,Matthew Brown,29,Finance,Director,Boston,66201.19,9952.07,2021-01-14,6,64.0,matthew.brown@company.com,(532) 770-6422,Active
EMP018042,Jessica,Moore,Jessica Moore,50,Marketing,Senior Developer,San Francisco,87081.04,12639.61,2022-06-13,24,89.0,jessica.moore@company.com,(579) 518-7940,Active
EMP018043,David,Jackson,David Jackson,42,HR,Specialist,San Francisco,71039.31,1425.14,2021-09-13,15,60.4,david.jackson@company.com,(894) 368-5299,Active
EMP018044,James,Anderson,James Anderson,51,Legal,Manager,Seattle,104808.68,11732.38,2021-10-22,28,72.4,james.anderson@company.com,(833) 566-3130,Active
EMP018045,John,Miller,John Miller,42,Operations,Analyst,San Francisco,64965.79,11682.2,2021-09-14,17,78.2,john.miller@company.com,(656) 361-1257,Active
EMP018046,Jessica,Taylor,Jessica Taylor,53,HR,Lead,San Francisco,85816.89,8174.5,2024-04-24,25,86.7,jessica.taylor@company.com,(247) 396-7262,Inactive
EMP018047,John,Jones,John Jones,51,HR,Analyst,Austin,76042.45,6221.82,2021-03-26,26,94.9,john.jones@company.com,(823) 893-1681,Active
EMP018048,Emily,Martin,Emily Martin,26,Sales,Manager,Austin,78674.29,10051.59,2022-08-26,0,67.1,emily.martin@company.com,(447) 334-2034,Active
EMP018049,William,Wilson,William Wilson,60,Legal,Specialist,New York,96763.86,5230.92,2022-10-02,33,85.0,william.wilson@company.com,(596) 913-6629,Active
EMP018050,James,Martin,James Martin,55,Marketing,Specialist,Austin,100706.2,17681.97,2022-12-13,27,88.0,james.martin@company.com,(838) 343-2002,Inactive
EMP018051,Jane,Gonzalez,Jane Gonzalez,47,IT,Specialist,Miami,85507.64,7570.26,2023-04-25,24,85.7,jane.gonzalez@company.com,(588) 747-5136,Active
EMP018052,Emily,Moore,Emily Moore,30,Operations,Associate,Los Angeles,68229.8,4773.05,2021-01-06,3,78.2,emily.moore@company.com,(927) 801-8086,Inactive
EMP018053,John,Williams,John Williams,41,HR,Coordinator,Miami,83639.52,11596.16,2021-08-26,16,78.0,john.williams@company.com,(734) 423-1019,Active
EMP018054,Christopher,Miller,Christopher Miller,48,HR,Analyst,Los Angeles,90813.81,9081.88,2020-06-09,24,86.5,christopher.miller@company.com,(799) 932-3061,Inactive
EMP018055,James,Hernandez,James Hernandez,33,IT,Coordinator,Miami,71130.53,7174.29,2020-10-17,4,81.4,james.hernandez@company.com,(381) 510-7988,On Leave
EMP018056,Daniel,Lopez,Daniel Lopez,25,HR,Coordinator,Los Angeles,59597.67,2727.66,2021-12-28,0,100.0,daniel.lopez@company.com,(811) 769-2325,Active
EMP018057,Robert,Williams,Robert Williams,39,Engineering,Associate,New York,106439.23,7972.62,2021-04-12,17,48.9,robert.williams@company.com,(888) 230-9151,Active
EMP018058,Jessica,Martinez,Jessica Martinez,60,Engineering,Senior Developer,San Francisco,108584.49,15090.78,2023-07-11,33,86.7,jessica.martinez@company.com,(497) 900-1995,Active
EMP018059,Christopher,Miller,Christopher Miller,38,Finance,Coordinator,Miami,110359.77,7658.24,2022-03-25,9,79.4,christopher.miller@company.com,(725) 976-4526,Active
EMP018060,Lisa,Rodriguez,Lisa Rodriguez,63,Operations,Director,Miami,96245.69,6026.31,2023-01-23,35,56.1,lisa.rodriguez@company.com,(500) 271-5160,Active
EMP018061,John,Smith,John Smith,64,Operations,Director,Los Angeles,94132.35,9303.19,2022-01-13,36,83.5,john.smith@company.com,(645) 294-7793,Active
EMP018062,Amanda,Jones,Amanda Jones,63,IT,Director,Austin,114444.98,11002.44,2020-04-11,38,71.5,amanda.jones@company.com,(829) 875-2682,Active
EMP018063,John,Jones,John Jones,46,Legal,Coordinator,Los Angeles,79900.38,8654.05,2022-08-29,23,55.7,john.jones@company.com,(818) 743-9166,Inactive
EMP018064,William,Smith,William Smith,57,IT,Manager,New York,85810.76,6002.47,2023-08-06,34,59.9,william.smith@company.com,(715) 946-6350,Inactive
EMP018065,Stephanie,Smith,Stephanie Smith,54,HR,Director,Seattle,43712.91,1800.61,2022-06-26,30,82.7,stephanie.smith@company.com,(979) 945-7228,Active
EMP018066,Christopher,Moore,Christopher Moore,35,Sales,Lead,Los Angeles,87071.22,14465.67,2020-07-02,7,76.7,christopher.moore@company.com,(666) 777-5679,Active
EMP018067,Sarah,Anderson,Sarah Anderson,47,Sales,Senior Developer,Boston,98692.11,15340.17,2024-11-21,18,61.4,sarah.anderson@company.com,(962) 932-5177,Active
EMP018068,Ashley,Davis,Ashley Davis,50,Engineering,Lead,Austin,49596.73,3013.47,2022-06-10,23,100.0,ashley.davis@company.com,(464) 428-6896,Active
EMP018069,Jessica,Anderson,Jessica Anderson,30,HR,Lead,Los Angeles,57139.97,1402.81,2024-10-20,4,76.0,jessica.anderson@company.com,(610) 336-1823,Active
EMP018070,Emily,Gonzalez,Emily Gonzalez,61,Finance,Manager,Seattle,88638.04,9108.18,2020-08-29,36,58.9,emily.gonzalez@company.com,(383) 487-5221,Inactive
EMP018071,Emily,Rodriguez,Emily Rodriguez,49,IT,Lead,San Francisco,113738.36,5895.36,2020-04-14,23,66.2,emily.rodriguez@company.com,(407) 565-8207,Active
EMP018072,James,Anderson,James Anderson,45,Engineering,Manager,Chicago,94599.69,7063.63,2023-12-03,21,96.6,james.anderson@company.com,(667) 751-7771,Active
EMP018073,James,Johnson,James Johnson,25,Sales,Associate,Austin,53427.87,5605.28,2022-02-23,0,85.6,james.johnson@company.com,(530) 272-1157,Active
EMP018074,James,Wilson,James Wilson,22,IT,Manager,New York,71427.67,8514.79,2022-04-12,0,69.2,james.wilson@company.com,(627) 322-4102,Active
EMP018075,Melissa,Anderson,Melissa Anderson,35,Operations,Manager,Boston,48741.38,706.42,2021-05-28,12,82.9,melissa.anderson@company.com,(602) 744-9244,Active
EMP018076,Matthew,Thomas,Matthew Thomas,27,IT,Director,Miami,74390.11,7677.33,2022-02-27,5,52.5,matthew.thomas@company.com,(581) 758-4116,Active
EMP018077,Nicole,Anderson,Nicole Anderson,25,IT,Senior Developer,Seattle,60388.05,6395.1,2020-02-05,2,90.7,nicole.anderson@company.com,(229) 916-9353,Active
EMP018078,John,Davis,John Davis,23,Operations,Senior Developer,Los Angeles,58881.5,11848.71,2024-03-08,1,22.0,john.davis@company.com,(705) 670-4352,Active
EMP018079,Robert,Martin,Robert Martin,43,Marketing,Senior Developer,Austin,66917.69,4781.4,2022-07-24,14,64.6,robert.martin@company.com,(351) 255-6066,Active
EMP018080,Jessica,Davis,Jessica Davis,45,HR,Specialist,Miami,79916.6,7904.67,2022-02-21,22,85.8,jessica.davis@company.com,(749) 359-4484,Active
EMP018081,Matthew,Davis,Matthew Davis,63,Sales,Specialist,Austin,79133.62,10240.81,2020-02-11,38,70.0,matthew.davis@company.com,(874) 475-9119,Inactive
EMP018082,Anthony,Garcia,Anthony Garcia,36,IT,Coordinator,Miami,81834.91,9967.43,2024-11-08,10,64.2,anthony.garcia@company.com,(499) 884-1449,Inactive
EMP018083,James,Moore,James Moore,31,IT,Senior Developer,Los Angeles,94950.18,11334.19,2023-10-22,9,77.3,james.moore@company.com,(651) 804-3292,Inactive
EMP018084,Jessica,Miller,Jessica Miller,45,Operations,Lead,Austin,51702.2,6598.47,2022-02-10,18,78.5,jessica.miller@company.com,(260) 781-1080,Inactive
EMP018085,Stephanie,Jones,Stephanie Jones,23,Legal,Director,Boston,79013.07,8853.9,2024-07-18,0,67.1,stephanie.jones@company.com,(207) 952-3963,Active
EMP018086,Nicole,Miller,Nicole Miller,24,Operations,Specialist,New York,60825.77,11249.89,2021-03-09,2,68.1,nicole.miller@company.com,(405) 328-3254,Active
EMP018087,Jane,Smith,Jane Smith,63,Legal,Associate,Miami,114702.9,11174.98,2024-12-23,37,84.9,jane.smith@company.com,(992) 630-7273,Inactive
EMP018088,Daniel,Martin,Daniel Martin,25,Operations,Coordinator,Miami,63089.08,0.0,2023-07-22,0,80.3,daniel.martin@company.com,(214) 378-6534,Active
EMP018089,Lisa,Brown,Lisa Brown,23,Operations,Lead,Miami,46090.08,7309.14,2020-11-28,0,49.2,lisa.brown@company.com,(421) 599-1027,Active
EMP018090,James,Smith,James Smith,63,IT,Coordinator,Chicago,125414.57,5962.52,2020-04-15,36,75.5,james.smith@company.com,(322) 366-4461,Active
EMP018091,Stephanie,Smith,Stephanie Smith,30,Finance,Associate,Chicago,58540.49,8514.94,2021-04-17,5,57.7,stephanie.smith@company.com,(496) 399-1646,Active
EMP018092,Emily,Miller,Emily Miller,22,Legal,Analyst,Seattle,46447.61,2564.88,2022-07-25,0,56.7,emily.miller@company.com,(515) 353-5711,Active
EMP018093,William,Thomas,William Thomas,25,IT,Director,Los Angeles,57830.71,6747.47,2024-11-05,2,76.6,william.thomas@company.com,(528) 656-2322,Active
EMP018094,Robert,Brown,Robert Brown,49,Finance,Specialist,Chicago,97152.35,9276.19,2021-10-20,27,87.7,robert.brown@company.com,(902) 529-2317,Active
EMP018095,Nicole,Miller,Nicole Miller,56,Sales,Lead,Chicago,105169.45,7200.43,2024-02-24,31,88.2,nicole.miller@company.com,(570) 285-4872,Active
EMP018096,William,Hernandez,William Hernandez,43,Finance,Coordinator,Austin,76864.86,5110.59,2024-07-07,20,78.4,william.hernandez@company.com,(403) 944-9978,Active
EMP018097,Nicole,Lopez,Nicole Lopez,22,Finance,Lead,Seattle,80010.65,9968.12,2020-08-04,0,63.9,nicole.lopez@company.com,(446) 467-1534,On Leave
EMP018098,Christopher,Moore,Christopher Moore,49,HR,Senior Developer,Austin,81632.97,8728.5,2023-10-13,23,78.0,christopher.moore@company.com,(935) 743-8267,Active
EMP018099,Jessica,Hernandez,Jessica Hernandez,37,Operations,Specialist,San Francisco,92390.3,13130.84,2023-07-18,12,79.2,jessica.hernandez@company.com,(345) 770-5597,Inactive
EMP018100,James,Anderson,James Anderson,57,Legal,Lead,Boston,113410.64,6267.29,2024-02-07,32,58.2,james.anderson@company.com,(852) 346-4745,Active
EMP018101,Jessica,Thomas,Jessica Thomas,55,Engineering,Associate,New York,120132.6,12324.81,2023-10-23,27,69.3,jessica.thomas@company.com,(511) 458-1675,Active
EMP018102,Melissa,Garcia,Melissa Garcia,44,Marketing,Analyst,Miami,46860.77,5969.3,2022-08-25,20,57.0,melissa.garcia@company.com,(867) 889-1881,Active
EMP018103,Lisa,Rodriguez,Lisa Rodriguez,43,HR,Senior Developer,New York,27000.0,462.93,2023-12-05,20,68.1,lisa.rodriguez@company.com,(825) 401-5912,Active
EMP018104,Sarah,Brown,Sarah Brown,30,Engineering,Analyst,Seattle,65007.28,9797.3,2024-11-19,7,59.7,sarah.brown@company.com,(534) 608-1362,Active
EMP018105,Ashley,Brown,Ashley Brown,53,Marketing,Senior Developer,Miami,84677.76,9131.42,2021-10-02,24,66.7,ashley.brown@company.com,(558) 616-5778,Active
EMP018106,Lisa,Davis,Lisa Davis,31,Engineering,Director,Boston,70172.0,2326.57,2021-08-31,9,77.5,lisa.davis@company.com,(463) 399-6650,Inactive
EMP018107,Melissa,Brown,Melissa Brown,29,Marketing,Senior Developer,New York,64812.55,0.0,2020-11-13,0,76.4,melissa.brown@company.com,(577) 746-9495,Active
EMP018108,Jessica,Moore,Jessica Moore,58,HR,Lead,New York,62975.74,5966.51,2022-12-09,32,65.9,jessica.moore@company.com,(578) 341-1523,Active
EMP018109,Amanda,Hernandez,Amanda Hernandez,60,Engineering,Manager,Seattle,91296.64,8614.26,2024-07-20,31,92.2,amanda.hernandez@company.com,(588) 540-6782,Active
EMP018110,Jane,Miller,Jane Miller,24,HR,Director,Los Angeles,73210.39,2389.37,2024-06-11,0,68.5,jane.miller@company.com,(317) 445-2714,Active
EMP018111,James,Williams,James Williams,54,Finance,Director,Austin,97312.67,11240.54,2022-06-12,26,58.1,james.williams@company.com,(524) 799-4071,Inactive
EMP018112,Robert,Gonzalez,Robert Gonzalez,29,Sales,Specialist,Boston,71841.3,4371.17,2023-03-19,4,100.0,robert.gonzalez@company.com,(677) 739-7994,Active
EMP018113,Ashley,Hernandez,Ashley Hernandez,31,Operations,Coordinator,New York,39484.85,5902.92,2024-05-29,5,57.9,ashley.hernandez@company.com,(601) 704-5121,Active
EMP018114,Anthony,Brown,Anthony Brown,53,HR,Analyst,Los Angeles,34207.68,3019.07,2024-04-20,25,88.4,anthony.brown@company.com,(551) 683-8290,Inactive
EMP018115,Robert,Thomas,Robert Thomas,37,Operations,Senior Developer,Chicago,48806.94,4517.66,2022-10-31,14,64.1,robert.thomas@company.com,(405) 324-3338,Active
EMP018116,Matthew,Brown,Matthew Brown,53,HR,Coordinator,Austin,64101.25,11287.14,2022-05-02,28,81.5,matthew.brown@company.com,(648) 512-2285,Active
EMP018117,Emily,Martin,Emily Martin,27,Engineering,Lead,San Francisco,46412.8,5374.57,2024-03-12,2,94.7,emily.martin@company.com,(946) 522-4378,Active
EMP018118,Nicole,Miller,Nicole Miller,25,Operations,Director,San Francisco,79194.84,7176.97,2023-07-06,0,62.7,nicole.miller@company.com,(945) 983-2017,Active
EMP018119,Daniel,Smith,Daniel Smith,63,Engineering,Lead,New York,121725.93,8333.35,2023-08-10,37,80.5,daniel.smith@company.com,(254) 306-8079,Active
EMP018120,Daniel,Jones,Daniel Jones,39,Engineering,Director,Boston,52989.83,7617.92,2020-07-03,13,65.7,daniel.jones@company.com,(562) 536-2868,Active
EMP018121,Emily,Hernandez,Emily Hernandez,37,Marketing,Specialist,Los Angeles,58685.27,5978.14,2021-01-19,12,49.4,emily.hernandez@company.com,(549) 456-3317,Active
EMP018122,Robert,Hernandez,Robert Hernandez,64,Operations,Lead,Los Angeles,70100.43,5182.23,2022-04-18,40,73.3,robert.hernandez@company.com,(942) 556-9046,Active
EMP018123,Anthony,Jones,Anthony Jones,51,IT,Manager,Chicago,91117.04,4611.39,2022-03-27,29,79.4,anthony.jones@company.com,(657) 877-3713,Active
EMP018124,Sarah,Thomas,Sarah Thomas,53,Marketing,Specialist,Los Angeles,72175.23,7140.89,2020-06-18,31,73.7,sarah.thomas@company.com,(745) 752-6252,Active
EMP018125,Emily,Hernandez,Emily Hernandez,29,Legal,Senior Developer,Miami,110784.38,10741.78,2020-10-01,0,100.0,emily.hernandez@company.com,(523) 904-1890,Active
EMP018126,James,Johnson,James Johnson,26,IT,Lead,Miami,70110.4,6235.34,2024-10-19,0,74.8,james.johnson@company.com,(280) 874-4146,Active
EMP018127,James,Hernandez,James Hernandez,36,HR,Specialist,Boston,73626.1,8381.49,2021-02-21,11,74.6,james.hernandez@company.com,(315) 686-2937,Active
EMP018128,James,Davis,James Davis,38,Finance,Analyst,Miami,113993.08,13905.44,2021-08-21,11,73.2,james.davis@company.com,(635) 948-4430,Active
EMP018129,Ashley,Williams,Ashley Williams,65,Engineering,Specialist,Boston,97032.83,14498.27,2022-12-08,40,97.8,ashley.williams@company.com,(699) 306-4488,Active
EMP018130,John,Thomas,John Thomas,28,Operations,Director,Miami,60403.68,3823.97,2023-10-11,2,100.0,john.thomas@company.com,(273) 410-1622,Active
EMP018131,Sarah,Smith,Sarah Smith,42,HR,Director,Miami,58655.98,9637.38,2021-06-16,15,61.2,sarah.smith@company.com,(206) 934-1036,Active
EMP018132,James,Martin,James Martin,60,HR,Specialist,Miami,79758.18,19638.47,2023-06-27,37,79.7,james.martin@company.com,(914) 262-4658,Active
EMP018133,Melissa,Johnson,Melissa Johnson,42,Legal,Analyst,Boston,86342.81,8170.66,2020-10-29,16,70.6,melissa.johnson@company.com,(314) 251-3910,Active
EMP018134,William,Garcia,William Garcia,34,Operations,Senior Developer,Boston,36200.93,3224.46,2023-05-14,11,67.0,william.garcia@company.com,(223) 570-4537,Active
EMP018135,John,Taylor,John Taylor,36,IT,Associate,Los Angeles,77363.76,8185.41,2020-05-02,7,94.2,john.taylor@company.com,(518) 865-8189,Active
EMP018136,Nicole,Jackson,Nicole Jackson,56,HR,Associate,Los Angeles,76851.82,5243.22,2020-10-28,34,59.7,nicole.jackson@company.com,(796) 656-5301,Active
EMP018137,Matthew,Jones,Matthew Jones,25,Sales,Specialist,Los Angeles,73583.52,7531.94,2022-03-06,0,77.9,matthew.jones@company.com,(205) 879-9948,Active
EMP018138,Lisa,Moore,Lisa Moore,34,Engineering,Associate,Seattle,90326.37,7850.18,2021-02-18,7,71.9,lisa.moore@company.com,(690) 789-6122,Active
EMP018139,Jessica,Jackson,Jessica Jackson,53,HR,Specialist,Austin,70272.86,7623.07,2022-06-06,27,52.4,jessica.jackson@company.com,(580) 715-6750,Active
EMP018140,Ashley,Jones,Ashley Jones,46,Engineering,Manager,Seattle,88487.94,7630.35,2022-04-26,24,51.8,ashley.jones@company.com,(883) 428-7341,Active
EMP018141,Melissa,Brown,Melissa Brown,30,Marketing,Senior Developer,Miami,71905.05,2112.32,2021-03-16,3,50.2,melissa.brown@company.com,(711) 867-1403,Active
EMP018142,Stephanie,Johnson,Stephanie Johnson,49,Operations,Specialist,Seattle,51079.59,6018.04,2022-04-28,20,84.7,stephanie.johnson@company.com,(414) 538-7354,Inactive
EMP018143,Jessica,Davis,Jessica Davis,52,Operations,Manager,Los Angeles,95629.51,4824.21,2022-04-24,25,68.4,jessica.davis@company.com,(857) 572-4072,Active
EMP018144,Anthony,Garcia,Anthony Garcia,25,HR,Senior Developer,San Francisco,50009.34,5437.41,2024-02-12,1,100.0,anthony.garcia@company.com,(439) 289-1349,Active
EMP018145,Nicole,Smith,Nicole Smith,44,Marketing,Coordinator,New York,47058.79,5852.87,2022-12-10,18,72.0,nicole.smith@company.com,(318) 891-5625,Active
EMP018146,Stephanie,Martinez,Stephanie Martinez,62,Operations,Senior Developer,Los Angeles,87420.56,6760.26,2022-02-02,37,46.6,stephanie.martinez@company.com,(593) 698-1593,Active
EMP018147,Daniel,Martinez,Daniel Martinez,41,Operations,Lead,New York,58323.13,7759.52,2022-11-20,16,78.3,daniel.martinez@company.com,(623) 337-3438,Active
EMP018148,John,Williams,John Williams,30,Sales,Coordinator,Boston,68522.13,2838.66,2021-10-16,2,92.1,john.williams@company.com,(873) 368-8419,Inactive
EMP018149,John,Martin,John Martin,63,HR,Lead,Miami,108751.12,8704.96,2023-01-24,34,84.1,john.martin@company.com,(928) 875-3462,Active
EMP018150,Emily,Miller,Emily Miller,38,HR,Specialist,Boston,27000.0,2590.65,2023-05-28,14,88.1,emily.miller@company.com,(708) 250-7834,Active
EMP018151,John,Garcia,John Garcia,38,Engineering,Coordinator,Seattle,98694.63,2585.19,2020-12-01,11,93.6,john.garcia@company.com,(604) 663-9226,Inactive
EMP018152,Michael,Taylor,Michael Taylor,62,HR,Director,Seattle,66232.94,0.0,2024-08-02,38,75.1,michael.taylor@company.com,(603) 810-8854,Active
EMP018153,Jane,Brown,Jane Brown,57,Engineering,Specialist,Austin,83098.8,7985.58,2024-08-28,30,92.4,jane.brown@company.com,(971) 462-8649,Active
EMP018154,Emily,Wilson,Emily Wilson,58,Legal,Coordinator,Los Angeles,66698.0,4709.21,2024-01-01,33,71.4,emily.wilson@company.com,(452) 643-6602,Active
EMP018155,Daniel,Thomas,Daniel Thomas,46,Finance,Associate,New York,111816.97,12518.98,2024-03-21,22,67.4,daniel.thomas@company.com,(272) 999-7473,Active
EMP018156,Robert,Rodriguez,Robert Rodriguez,29,IT,Specialist,Chicago,83317.66,9313.04,2023-03-24,0,39.9,robert.rodriguez@company.com,(697) 285-1507,Active
EMP018157,Nicole,Taylor,Nicole Taylor,57,IT,Lead,Boston,133498.92,11214.88,2024-11-06,30,57.4,nicole.taylor@company.com,(776) 500-3636,Active
EMP018158,John,Brown,John Brown,50,Operations,Associate,Miami,57131.4,7652.14,2022-05-27,27,74.2,john.brown@company.com,(898) 985-6612,Active
EMP018159,Stephanie,Brown,Stephanie Brown,27,Engineering,Analyst,Austin,64672.69,10844.98,2024-06-12,1,47.5,stephanie.brown@company.com,(548) 939-4412,Active
EMP018160,William,Thomas,William Thomas,48,HR,Specialist,New York,69742.76,6614.73,2024-05-04,26,83.3,william.thomas@company.com,(755) 253-4473,On Leave
EMP018161,Sarah,Gonzalez,Sarah Gonzalez,61,Legal,Coordinator,Austin,89554.92,3274.72,2022-09-15,37,64.7,sarah.gonzalez@company.com,(306) 285-1428,Active
EMP018162,Ashley,Davis,Ashley Davis,51,Sales,Senior Developer,San Francisco,71249.57,5251.64,2020-10-14,27,52.4,ashley.davis@company.com,(461) 750-1732,Active
EMP018163,Sarah,Williams,Sarah Williams,23,Operations,Director,Seattle,37089.19,2813.67,2022-04-29,0,81.4,sarah.williams@company.com,(620) 737-7235,Active
EMP018164,Stephanie,Rodriguez,Stephanie Rodriguez,48,HR,Analyst,San Francisco,68914.47,11569.66,2024-12-17,21,73.6,stephanie.rodriguez@company.com,(405) 741-4016,Active
EMP018165,David,Gonzalez,David Gonzalez,41,Finance,Director,Seattle,82124.44,7960.8,2020-02-02,15,61.9,david.gonzalez@company.com,(752) 240-5761,Active
EMP018166,Melissa,Miller,Melissa Miller,62,Marketing,Coordinator,New York,90024.66,5052.88,2024-01-29,33,67.4,melissa.miller@company.com,(891) 595-2414,Active
EMP018167,Daniel,Lopez,Daniel Lopez,65,Finance,Lead,New York,91608.71,0.0,2020-12-29,42,49.5,daniel.lopez@company.com,(315) 491-8841,Inactive
EMP018168,Melissa,Wilson,Melissa Wilson,58,Marketing,Analyst,San Francisco,79302.49,4597.21,2023-10-09,30,59.4,melissa.wilson@company.com,(362) 869-8645,Active
EMP018169,Sarah,Taylor,Sarah Taylor,33,HR,Senior Developer,New York,45008.52,3070.89,2020-09-02,6,83.8,sarah.taylor@company.com,(627) 839-1752,Active
EMP018170,Jane,Hernandez,Jane Hernandez,37,Operations,Coordinator,Seattle,54180.61,7774.83,2022-07-17,9,82.3,jane.hernandez@company.com,(532) 673-2091,Active
EMP018171,Jessica,Taylor,Jessica Taylor,58,Engineering,Associate,Austin,101817.57,5470.17,2023-10-11,31,92.2,jessica.taylor@company.com,(502) 623-8927,Active
EMP018172,Nicole,Gonzalez,Nicole Gonzalez,63,Finance,Analyst,San Francisco,79916.55,5832.52,2024-07-28,35,48.0,nicole.gonzalez@company.com,(393) 275-9585,Active
EMP018173,David,Rodriguez,David Rodriguez,32,HR,Specialist,Miami,48634.15,4677.17,2023-10-17,8,60.0,david.rodriguez@company.com,(634) 267-1469,Active
EMP018174,Lisa,Rodriguez,Lisa Rodriguez,59,Finance,Manager,New York,85805.34,10510.56,2023-09-01,32,95.0,lisa.rodriguez@company.com,(507) 467-2830,Active
EMP018175,Stephanie,Taylor,Stephanie Taylor,25,HR,Coordinator,New York,42029.53,3004.24,2022-11-06,0,54.2,stephanie.taylor@company.com,(548) 748-6287,Active
EMP018176,Lisa,Martinez,Lisa Martinez,53,Sales,Senior Developer,Seattle,90028.66,13323.07,2023-09-26,29,75.6,lisa.martinez@company.com,(571) 935-5604,Active
EMP018177,Nicole,Davis,Nicole Davis,38,Engineering,Director,Seattle,135041.71,16891.72,2022-07-07,16,67.9,nicole.davis@company.com,(390) 639-4651,Active
EMP018178,Sarah,Hernandez,Sarah Hernandez,38,Marketing,Specialist,Seattle,71582.94,7780.99,2020-09-28,14,80.8,sarah.hernandez@company.com,(644) 476-4565,Active
EMP018179,Anthony,Hernandez,Anthony Hernandez,45,Marketing,Senior Developer,San Francisco,105595.26,864.83,2024-02-28,23,93.0,anthony.hernandez@company.com,(483) 576-5875,Active
EMP018180,Nicole,Smith,Nicole Smith,31,IT,Analyst,San Francisco,70422.25,10202.82,2024-11-08,9,78.8,nicole.smith@company.com,(835) 793-9945,Active
EMP018181,Stephanie,Lopez,Stephanie Lopez,46,IT,Senior Developer,Boston,105671.94,4129.98,2022-05-22,20,98.3,stephanie.lopez@company.com,(562) 207-2863,Active
EMP018182,John,Brown,John Brown,63,IT,Director,Chicago,114967.64,15803.03,2023-10-27,37,100.0,john.brown@company.com,(332) 305-7917,Active
EMP018183,Anthony,Martinez,Anthony Martinez,23,HR,Lead,Los Angeles,62753.23,10156.34,2023-12-24,0,74.4,anthony.martinez@company.com,(617) 774-7986,Active
EMP018184,Michael,Jones,Michael Jones,30,Operations,Associate,New York,60795.71,6120.37,2021-08-22,4,100.0,michael.jones@company.com,(436) 745-3952,Active
EMP018185,Amanda,Jones,Amanda Jones,53,IT,Director,Seattle,121269.56,17027.07,2024-01-17,31,88.8,amanda.jones@company.com,(570) 632-3483,Active
EMP018186,Daniel,Martin,Daniel Martin,36,IT,Specialist,Chicago,91138.26,11499.47,2021-05-27,8,78.7,daniel.martin@company.com,(291) 498-9092,Active
EMP018187,James,Martinez,James Martinez,25,Operations,Senior Developer,Austin,29959.65,3122.27,2023-03-08,0,80.5,james.martinez@company.com,(622) 749-9081,Inactive
EMP018188,Matthew,Jackson,Matthew Jackson,47,Sales,Associate,Chicago,78872.41,4425.38,2021-08-18,20,92.2,matthew.jackson@company.com,(434) 214-1911,Active
EMP018189,David,Martin,David Martin,34,HR,Analyst,Seattle,89667.27,9215.83,2021-12-16,10,57.4,david.martin@company.com,(773) 287-4235,Active
EMP018190,Amanda,Garcia,Amanda Garcia,65,Sales,Specialist,Chicago,83186.94,6933.4,2020-06-26,43,41.7,amanda.garcia@company.com,(210) 269-1271,Active
EMP018191,John,Jones,John Jones,51,IT,Director,Boston,122675.22,20630.8,2023-11-14,26,73.6,john.jones@company.com,(841) 255-8968,Active
EMP018192,Matthew,Smith,Matthew Smith,33,Legal,Senior Developer,Austin,98314.88,7253.68,2022-05-04,10,85.1,matthew.smith@company.com,(308) 257-3139,Inactive
EMP018193,John,Miller,John Miller,63,Legal,Coordinator,Austin,97875.83,0.0,2024-04-29,34,78.8,john.miller@company.com,(402) 667-2246,Inactive
EMP018194,David,Taylor,David Taylor,44,Engineering,Analyst,New York,113088.95,15214.39,2020-01-16,15,49.6,david.taylor@company.com,(655) 688-3366,On Leave
EMP018195,Jessica,Lopez,Jessica Lopez,44,IT,Manager,Boston,60524.27,7584.17,2024-03-04,18,52.7,jessica.lopez@company.com,(779) 326-1510,Active
EMP018196,Nicole,Moore,Nicole Moore,58,Engineering,Coordinator,Chicago,96895.88,5236.73,2023-06-09,34,77.2,nicole.moore@company.com,(557) 303-7205,Active
EMP018197,Robert,Garcia,Robert Garcia,37,HR,Manager,New York,42575.98,3903.04,2024-07-11,10,77.6,robert.garcia@company.com,(470) 247-1322,Active
EMP018198,Robert,Jones,Robert Jones,29,Marketing,Associate,New York,49490.39,2963.58,2020-09-21,7,90.0,robert.jones@company.com,(399) 939-9053,Active
EMP018199,William,Smith,William Smith,62,IT,Lead,New York,113408.97,7995.57,2022-02-10,34,68.0,william.smith@company.com,(604) 498-8290,Active
EMP018200,Ashley,Jones,Ashley Jones,32,HR,Director,Chicago,69682.53,6383.66,2020-06-20,9,86.6,ashley.jones@company.com,(986) 207-3301,Active
EMP018201,William,Garcia,William Garcia,36,Operations,Analyst,Austin,55966.97,6143.15,2022-08-16,8,70.5,william.garcia@company.com,(985) 911-9313,Active
EMP018202,Daniel,Martinez,Daniel Martinez,63,Sales,Lead,New York,116754.84,5761.16,2020-07-26,36,82.0,daniel.martinez@company.com,(954) 939-5449,Active
EMP018203,Sarah,Johnson,Sarah Johnson,23,Finance,Analyst,San Francisco,66936.44,10286.79,2021-04-22,0,61.5,sarah.johnson@company.com,(493) 354-3165,Active
EMP018204,William,Taylor,William Taylor,32,HR,Coordinator,Chicago,70546.14,8452.42,2020-08-30,9,51.4,william.taylor@company.com,(501) 374-3417,Active
EMP018205,William,Anderson,William Anderson,37,Finance,Analyst,Boston,45909.33,2179.73,2022-05-20,14,77.1,william.anderson@company.com,(307) 936-5509,Active
EMP018206,Amanda,Wilson,Amanda Wilson,43,Marketing,Director,Chicago,71844.18,8850.63,2023-06-29,15,97.3,amanda.wilson@company.com,(617) 726-1456,Active
EMP018207,Stephanie,Williams,Stephanie Williams,65,Finance,Associate,Austin,120574.16,14258.13,2021-12-25,43,81.6,stephanie.williams@company.com,(947) 235-9780,Inactive
EMP018208,Stephanie,Miller,Stephanie Miller,59,Sales,Coordinator,New York,65390.52,3261.73,2024-08-16,34,100.0,stephanie.miller@company.com,(777) 565-7424,On Leave
EMP018209,Daniel,Brown,Daniel Brown,37,Operations,Director,Miami,59964.07,5140.63,2021-09-26,13,55.4,daniel.brown@company.com,(504) 855-1760,Active
EMP018210,John,Williams,John Williams,36,Engineering,Senior Developer,Miami,111840.23,18228.81,2023-01-21,10,87.6,john.williams@company.com,(211) 216-4001,Active
EMP018211,John,Martin,John Martin,46,IT,Specialist,Los Angeles,108372.04,6865.38,2024-06-03,23,85.3,john.martin@company.com,(933) 494-8494,Active
EMP018212,Matthew,Anderson,Matthew Anderson,41,Operations,Specialist,San Francisco,54022.18,10408.17,2020-01-18,17,61.9,matthew.anderson@company.com,(489) 879-6362,Active
EMP018213,Anthony,Miller,Anthony Miller,23,Sales,Analyst,Miami,70490.92,5485.32,2022-05-03,0,100.0,anthony.miller@company.com,(789) 437-6668,Active
EMP018214,Sarah,Williams,Sarah Williams,22,Operations,Director,Boston,50711.8,11870.33,2020-01-03,0,76.3,sarah.williams@company.com,(901) 520-7695,Active
EMP018215,Ashley,Lopez,Ashley Lopez,47,Finance,Specialist,Austin,91331.67,4948.12,2020-12-07,18,66.6,ashley.lopez@company.com,(856) 673-7518,Active
EMP018216,Matthew,Williams,Matthew Williams,62,IT,Coordinator,New York,109718.39,6414.23,2023-05-30,36,58.7,matthew.williams@company.com,(251) 729-4902,Active
EMP018217,David,Anderson,David Anderson,25,Sales,Senior Developer,San Francisco,76093.11,11051.31,2023-07-10,0,44.5,david.anderson@company.com,(982) 959-7570,Active
EMP018218,Anthony,Thomas,Anthony Thomas,27,Operations,Manager,Austin,74299.78,6565.37,2024-11-28,4,100.0,anthony.thomas@company.com,(501) 436-1208,Active
EMP018219,Emily,Taylor,Emily Taylor,35,Operations,Analyst,Miami,89350.39,11168.79,2020-07-10,8,39.2,emily.taylor@company.com,(521) 650-7865,Active
EMP018220,Anthony,Davis,Anthony Davis,54,Operations,Senior Developer,Austin,52594.31,2154.51,2020-09-17,28,83.0,anthony.davis@company.com,(317) 688-1087,Inactive
EMP018221,Amanda,Hernandez,Amanda Hernandez,61,Legal,Manager,Chicago,100396.34,1582.34,2020-06-30,33,51.7,amanda.hernandez@company.com,(700) 930-5923,Active
EMP018222,James,Jackson,James Jackson,55,Finance,Manager,Austin,83969.51,6013.93,2022-05-01,28,67.0,james.jackson@company.com,(518) 492-6569,Active
EMP018223,Melissa,Jackson,Melissa Jackson,36,Legal,Senior Developer,Austin,82924.96,7462.2,2023-04-28,9,84.7,melissa.jackson@company.com,(409) 408-7406,Active
EMP018224,Michael,Moore,Michael Moore,65,Marketing,Manager,Boston,70900.03,2564.51,2022-07-24,42,100.0,michael.moore@company.com,(261) 763-3341,Active
EMP018225,Jane,Thomas,Jane Thomas,49,Engineering,Senior Developer,Los Angeles,102550.62,8716.83,2023-09-17,27,79.5,jane.thomas@company.com,(801) 743-8971,Active
EMP018226,Emily,Wilson,Emily Wilson,38,Sales,Senior Developer,Los Angeles,54729.15,0.0,2021-12-20,9,57.7,emily.wilson@company.com,(532) 711-3138,Active
EMP018227,Sarah,Brown,Sarah Brown,44,Legal,Specialist,Chicago,75479.19,5544.4,2022-11-21,22,87.0,sarah.brown@company.com,(239) 674-9541,Active
EMP018228,Anthony,Miller,Anthony Miller,51,Engineering,Specialist,Chicago,101480.83,11579.72,2022-03-24,26,72.0,anthony.miller@company.com,(498) 963-2405,Active
EMP018229,Sarah,Taylor,Sarah Taylor,48,Operations,Director,San Francisco,80833.93,8465.51,2020-11-30,23,77.4,sarah.taylor@company.com,(307) 677-7717,Active
EMP018230,Ashley,Jones,Ashley Jones,23,Engineering,Coordinator,Miami,75987.39,1834.83,2021-07-14,1,97.4,ashley.jones@company.com,(724) 317-3086,Active
EMP018231,Daniel,Miller,Daniel Miller,37,Finance,Manager,New York,84241.71,11015.16,2023-10-03,12,63.8,daniel.miller@company.com,(958) 640-3775,Active
EMP018232,Christopher,Martin,Christopher Martin,43,Operations,Analyst,Austin,55019.34,4821.24,2020-01-01,21,60.5,christopher.martin@company.com,(695) 859-9329,Active
EMP018233,Matthew,Jones,Matthew Jones,36,Engineering,Senior Developer,Seattle,97306.57,7506.71,2024-07-08,11,64.9,matthew.jones@company.com,(971) 289-4478,Active
EMP018234,Emily,Hernandez,Emily Hernandez,58,HR,Manager,Boston,75681.54,5969.88,2020-05-30,29,100.0,emily.hernandez@company.com,(236) 682-5141,Active
EMP018235,Jane,Miller,Jane Miller,29,Finance,Director,New York,78597.93,8518.27,2021-02-16,4,88.0,jane.miller@company.com,(859) 273-8767,On Leave
EMP018236,Daniel,Smith,Daniel Smith,24,Operations,Manager,Chicago,49953.81,10829.59,2020-12-03,2,69.5,daniel.smith@company.com,(721) 646-8340,Active
EMP018237,Matthew,Hernandez,Matthew Hernandez,30,Finance,Analyst,Seattle,53724.04,6029.19,2023-02-09,8,70.7,matthew.hernandez@company.com,(568) 377-6639,Active
EMP018238,Jessica,Anderson,Jessica Anderson,29,IT,Analyst,Seattle,101662.81,10559.63,2021-07-11,5,75.4,jessica.anderson@company.com,(796) 908-9529,Active
EMP018239,Robert,Martinez,Robert Martinez,56,Sales,Specialist,Austin,84094.18,9672.07,2023-08-31,28,63.8,robert.martinez@company.com,(274) 772-1812,Active
EMP018240,Michael,Anderson,Michael Anderson,29,Sales,Analyst,Seattle,58107.43,7905.65,2023-11-07,6,77.5,michael.anderson@company.com,(742) 440-4719,Active
EMP018241,Amanda,Garcia,Amanda Garcia,53,IT,Lead,Seattle,114380.23,12526.51,2020-01-04,31,95.3,amanda.garcia@company.com,(816) 999-2812,Active
EMP018242,Melissa,Thomas,Melissa Thomas,53,Engineering,Lead,Los Angeles,129883.96,10186.09,2023-06-18,28,66.3,melissa.thomas@company.com,(651) 580-4615,Active
EMP018243,John,Brown,John Brown,59,HR,Senior Developer,Los Angeles,75117.7,10588.36,2021-05-01,30,93.9,john.brown@company.com,(340) 455-2277,Active
EMP018244,Emily,Martinez,Emily Martinez,58,Engineering,Manager,Chicago,146770.03,16826.68,2022-10-15,33,86.4,emily.martinez@company.com,(884) 441-9399,Active
EMP018245,Christopher,Wilson,Christopher Wilson,24,Engineering,Manager,San Francisco,96245.78,8405.21,2021-01-25,0,85.8,christopher.wilson@company.com,(329) 250-2179,Active
EMP018246,Robert,Martinez,Robert Martinez,65,IT,Specialist,New York,94104.27,10436.94,2021-06-11,42,78.6,robert.martinez@company.com,(533) 232-9879,Active
EMP018247,Emily,Thomas,Emily Thomas,64,HR,Lead,San Francisco,78826.41,0.0,2022-01-19,40,59.4,emily.thomas@company.com,(293) 637-1374,On Leave
EMP018248,Christopher,Wilson,Christopher Wilson,35,Finance,Associate,Los Angeles,80926.87,4797.65,2020-05-29,10,72.2,christopher.wilson@company.com,(467) 444-3888,Inactive
EMP018249,David,Miller,David Miller,52,Legal,Senior Developer,Austin,87845.61,3208.8,2022-08-09,27,58.2,david.miller@company.com,(887) 917-8473,Active
EMP018250,Christopher,Martinez,Christopher Martinez,58,HR,Associate,Miami,86303.88,13526.27,2024-07-02,35,75.6,christopher.martinez@company.com,(597) 319-1724,Inactive
EMP018251,Ashley,Gonzalez,Ashley Gonzalez,23,HR,Associate,Seattle,43899.17,0.0,2022-05-29,1,76.1,ashley.gonzalez@company.com,(295) 436-6698,Active
EMP018252,John,Miller,John Miller,63,Legal,Coordinator,Miami,140167.2,19965.12,2021-03-24,41,53.3,john.miller@company.com,(444) 819-2399,Active
EMP018253,John,Miller,John Miller,63,IT,Associate,San Francisco,115687.03,7006.33,2024-03-10,39,52.5,john.miller@company.com,(702) 742-2352,Active
EMP018254,Stephanie,Wilson,Stephanie Wilson,27,Finance,Senior Developer,Miami,61035.21,6231.33,2021-10-07,1,75.3,stephanie.wilson@company.com,(686) 271-5238,Inactive
EMP018255,Lisa,Davis,Lisa Davis,30,Sales,Coordinator,Chicago,67002.82,7326.08,2022-12-03,1,90.3,lisa.davis@company.com,(326) 368-3214,Active
EMP018256,Emily,Davis,Emily Davis,27,Sales,Manager,San Francisco,62383.25,5257.71,2023-04-10,2,80.3,emily.davis@company.com,(954) 345-7968,Inactive
EMP018257,William,Thomas,William Thomas,43,Engineering,Lead,Chicago,116275.89,13022.45,2023-11-19,21,95.3,william.thomas@company.com,(630) 847-8628,Active
EMP018258,David,Davis,David Davis,40,Finance,Associate,Miami,74144.4,1618.96,2024-10-24,14,75.4,david.davis@company.com,(438) 213-5205,Active
EMP018259,Robert,Davis,Robert Davis,58,Operations,Manager,Miami,79512.8,6500.21,2024-10-04,33,57.4,robert.davis@company.com,(773) 878-4037,Active
EMP018260,David,Gonzalez,David Gonzalez,44,HR,Lead,Boston,78942.0,7677.93,2021-08-20,20,71.4,david.gonzalez@company.com,(772) 839-8252,Active
EMP018261,Stephanie,Lopez,Stephanie Lopez,39,Marketing,Associate,Boston,71859.99,11626.71,2021-01-19,15,89.0,stephanie.lopez@company.com,(252) 496-7153,Active
EMP018262,Melissa,Anderson,Melissa Anderson,58,IT,Senior Developer,Seattle,106724.64,10979.88,2024-06-26,33,50.4,melissa.anderson@company.com,(434) 357-7595,Active
EMP018263,David,Lopez,David Lopez,45,Operations,Associate,Chicago,48886.5,0.0,2023-10-02,17,67.5,david.lopez@company.com,(618) 272-2922,Active
EMP018264,Jane,Taylor,Jane Taylor,53,Operations,Director,Boston,76296.38,5803.65,2020-02-18,27,66.7,jane.taylor@company.com,(639) 424-8415,On Leave
EMP018265,Jessica,Garcia,Jessica Garcia,32,Operations,Associate,Los Angeles,55174.07,10615.07,2024-07-06,4,77.8,jessica.garcia@company.com,(592) 852-1539,Active
EMP018266,Ashley,Gonzalez,Ashley Gonzalez,49,HR,Director,New York,67980.38,6475.01,2022-01-22,21,62.8,ashley.gonzalez@company.com,(533) 277-1363,Active
EMP018267,Christopher,Taylor,Christopher Taylor,39,Sales,Analyst,Los Angeles,48578.63,3619.51,2020-04-29,14,100.0,christopher.taylor@company.com,(324) 386-3728,Active
EMP018268,Robert,Johnson,Robert Johnson,41,Operations,Director,Miami,73092.26,4695.7,2022-04-14,17,100.0,robert.johnson@company.com,(990) 965-2514,Active
EMP018269,John,Williams,John Williams,51,Engineering,Director,New York,117372.85,7960.63,2024-10-10,28,69.8,john.williams@company.com,(267) 861-9404,Active
EMP018270,Amanda,Martinez,Amanda Martinez,55,Operations,Senior Developer,Los Angeles,49059.98,1181.44,2021-08-16,26,77.8,amanda.martinez@company.com,(246) 412-9580,On Leave
EMP018271,Amanda,Brown,Amanda Brown,30,Operations,Manager,San Francisco,34793.43,5595.69,2024-08-16,7,80.1,amanda.brown@company.com,(510) 783-1512,Active
EMP018272,Ashley,Gonzalez,Ashley Gonzalez,39,HR,Director,Boston,68477.39,3574.89,2021-06-10,16,68.3,ashley.gonzalez@company.com,(878) 947-8846,Active
EMP018273,Matthew,Martinez,Matthew Martinez,43,Marketing,Director,Seattle,76740.8,7622.9,2022-05-19,15,29.0,matthew.martinez@company.com,(481) 441-1092,Active
EMP018274,David,Miller,David Miller,43,Legal,Associate,San Francisco,117941.04,13114.08,2022-05-17,19,75.1,david.miller@company.com,(526) 533-3346,Active
EMP018275,Ashley,Brown,Ashley Brown,36,HR,Coordinator,Los Angeles,64816.01,705.01,2020-02-04,8,83.5,ashley.brown@company.com,(416) 678-3004,Active
EMP018276,Emily,Moore,Emily Moore,34,Finance,Analyst,Chicago,80797.85,9638.46,2020-05-06,9,93.2,emily.moore@company.com,(473) 767-1363,Inactive
EMP018277,Ashley,Anderson,Ashley Anderson,57,Engineering,Manager,Los Angeles,92160.48,2423.55,2022-01-21,31,76.8,ashley.anderson@company.com,(726) 691-5036,Active
EMP018278,Nicole,Thomas,Nicole Thomas,38,Operations,Senior Developer,Seattle,53355.42,5062.85,2021-03-27,16,86.1,nicole.thomas@company.com,(909) 399-1418,Inactive
EMP018279,Amanda,Smith,Amanda Smith,54,Legal,Lead,New York,130415.5,18017.77,2023-03-05,29,77.2,amanda.smith@company.com,(343) 755-1787,Active
EMP018280,Jane,Anderson,Jane Anderson,28,Engineering,Analyst,Seattle,68650.19,11755.03,2023-07-08,5,77.6,jane.anderson@company.com,(342) 958-8922,Active
EMP018281,Michael,Wilson,Michael Wilson,33,Finance,Lead,New York,91437.15,1071.14,2022-01-10,11,82.6,michael.wilson@company.com,(287) 621-1163,Active
EMP018282,James,Brown,James Brown,49,Legal,Associate,Chicago,83805.0,3815.79,2022-05-03,26,67.6,james.brown@company.com,(600) 749-8138,Active
EMP018283,Sarah,Moore,Sarah Moore,50,Finance,Coordinator,Los Angeles,86822.07,3095.59,2021-04-27,21,82.6,sarah.moore@company.com,(860) 979-1937,Active
EMP018284,Melissa,Moore,Melissa Moore,22,IT,Senior Developer,Seattle,61061.08,7192.87,2023-03-10,0,54.0,melissa.moore@company.com,(698) 245-2060,Active
EMP018285,Nicole,Davis,Nicole Davis,54,Finance,Analyst,San Francisco,66005.3,11098.99,2022-09-19,28,68.9,nicole.davis@company.com,(595) 375-2735,On Leave
EMP018286,Christopher,Anderson,Christopher Anderson,39,IT,Coordinator,Seattle,81017.59,0.0,2023-04-05,15,75.0,christopher.anderson@company.com,(322) 985-2293,Active
EMP018287,Daniel,Brown,Daniel Brown,37,HR,Director,Austin,58643.7,3081.15,2023-11-21,14,74.2,daniel.brown@company.com,(301) 863-5774,Active
EMP018288,Jane,Anderson,Jane Anderson,62,IT,Coordinator,Miami,121519.49,24560.06,2021-06-13,39,74.5,jane.anderson@company.com,(999) 767-2029,Active
EMP018289,David,Rodriguez,David Rodriguez,37,HR,Analyst,San Francisco,55614.0,2716.96,2020-08-27,14,64.5,david.rodriguez@company.com,(630) 887-6840,Active
EMP018290,Emily,Jackson,Emily Jackson,35,Legal,Analyst,Seattle,111881.5,9525.78,2022-01-05,9,64.2,emily.jackson@company.com,(599) 570-3869,Active
EMP018291,Anthony,Moore,Anthony Moore,57,IT,Manager,New York,74244.12,8635.26,2021-11-21,35,58.1,anthony.moore@company.com,(462) 304-8997,Active
EMP018292,Nicole,Smith,Nicole Smith,55,Finance,Manager,Austin,94008.61,17303.16,2021-02-05,26,78.3,nicole.smith@company.com,(355) 523-3180,Inactive
EMP018293,Amanda,Moore,Amanda Moore,60,HR,Analyst,New York,96286.96,4113.99,2024-05-01,37,64.9,amanda.moore@company.com,(458) 945-1293,Inactive
EMP018294,Matthew,Moore,Matthew Moore,23,Sales,Analyst,Boston,72711.02,7962.36,2021-05-07,1,47.6,matthew.moore@company.com,(813) 429-1875,Active
EMP018295,David,Miller,David Miller,36,HR,Lead,New York,87232.48,11819.25,2021-11-27,10,61.1,david.miller@company.com,(522) 590-4713,Active
EMP018296,Anthony,Martin,Anthony Martin,29,Marketing,Director,Boston,48202.31,3959.29,2024-05-28,4,77.4,anthony.martin@company.com,(786) 421-4356,Active
EMP018297,David,Brown,David Brown,48,Sales,Senior Developer,San Francisco,83683.82,7474.5,2022-10-19,26,77.1,david.brown@company.com,(309) 578-7301,Active
EMP018298,Jessica,Garcia,Jessica Garcia,46,Marketing,Director,Chicago,76636.57,8287.8,2023-07-21,21,65.3,jessica.garcia@company.com,(422) 784-8163,Active
EMP018299,Matthew,Davis,Matthew Davis,40,Sales,Coordinator,San Francisco,88189.88,15971.88,2023-04-21,18,60.0,matthew.davis@company.com,(725) 699-3714,Active
EMP018300,Christopher,Garcia,Christopher Garcia,37,Finance,Specialist,Chicago,86178.17,5055.99,2020-01-21,13,59.1,christopher.garcia@company.com,(604) 703-9809,Active
EMP018301,Matthew,Rodriguez,Matthew Rodriguez,38,Legal,Analyst,San Francisco,58834.35,3120.02,2020-11-10,11,76.4,matthew.rodriguez@company.com,(927) 701-4041,Active
EMP018302,Michael,Rodriguez,Michael Rodriguez,23,Sales,Specialist,Seattle,67684.93,1865.87,2023-04-17,0,60.7,michael.rodriguez@company.com,(449) 746-8708,Active
EMP018303,Daniel,Rodriguez,Daniel Rodriguez,49,Finance,Analyst,Los Angeles,81736.9,13605.36,2022-08-26,21,48.3,daniel.rodriguez@company.com,(389) 208-2718,Active
EMP018304,Amanda,Martinez,Amanda Martinez,47,Marketing,Associate,San Francisco,77674.54,9474.21,2023-05-14,20,82.0,amanda.martinez@company.com,(879) 352-5621,Active
EMP018305,Nicole,Brown,Nicole Brown,28,Marketing,Lead,San Francisco,46637.64,5253.74,2022-06-30,2,98.2,nicole.brown@company.com,(571) 473-5981,Active
EMP018306,Melissa,Jackson,Melissa Jackson,28,Finance,Specialist,Seattle,84498.13,14672.93,2020-01-19,3,100.0,melissa.jackson@company.com,(305) 615-8554,Active
EMP018307,David,Davis,David Davis,57,Marketing,Manager,Austin,71078.91,6318.38,2020-07-05,34,94.3,david.davis@company.com,(616) 328-9070,Active
EMP018308,James,Martin,James Martin,59,Marketing,Manager,Seattle,103683.85,10163.47,2024-01-07,34,68.0,james.martin@company.com,(735) 979-8254,Active
EMP018309,Jessica,Moore,Jessica Moore,44,Operations,Director,San Francisco,57602.2,1953.9,2024-07-24,22,83.9,jessica.moore@company.com,(296) 302-5196,Active
EMP018310,Robert,Rodriguez,Robert Rodriguez,57,Finance,Coordinator,Boston,108727.35,16266.5,2020-02-10,29,74.1,robert.rodriguez@company.com,(726) 553-6078,Active
EMP018311,Emily,Moore,Emily Moore,33,Operations,Lead,New York,60182.05,14476.8,2021-11-27,11,72.7,emily.moore@company.com,(885) 447-3005,Active
EMP018312,Ashley,Jones,Ashley Jones,64,Marketing,Manager,Los Angeles,81008.42,15535.62,2021-09-18,42,97.6,ashley.jones@company.com,(522) 217-1403,Active
EMP018313,Daniel,Williams,Daniel Williams,26,Operations,Senior Developer,Chicago,49679.61,2880.66,2023-05-21,0,96.8,daniel.williams@company.com,(228) 612-3212,Inactive
EMP018314,Michael,Gonzalez,Michael Gonzalez,50,Legal,Director,Seattle,67129.81,6970.55,2020-05-15,28,74.7,michael.gonzalez@company.com,(894) 846-3577,Active
EMP018315,Michael,Hernandez,Michael Hernandez,62,HR,Associate,San Francisco,92574.05,14409.41,2020-07-26,35,69.7,michael.hernandez@company.com,(911) 528-5608,Active
EMP018316,Christopher,Smith,Christopher Smith,56,IT,Lead,Los Angeles,113871.53,10760.68,2024-12-22,34,66.5,christopher.smith@company.com,(736) 753-1745,Active
EMP018317,Anthony,Garcia,Anthony Garcia,56,HR,Director,Chicago,87809.15,20486.07,2024-04-23,30,61.0,anthony.garcia@company.com,(670) 780-5689,Inactive
EMP018318,Matthew,Smith,Matthew Smith,65,Sales,Analyst,San Francisco,100738.41,13162.33,2021-07-23,36,83.8,matthew.smith@company.com,(718) 663-2194,Active
EMP018319,James,Gonzalez,James Gonzalez,52,HR,Senior Developer,New York,74115.43,22.65,2024-07-02,29,88.7,james.gonzalez@company.com,(526) 950-2061,On Leave
EMP018320,Stephanie,Gonzalez,Stephanie Gonzalez,37,Legal,Senior Developer,Austin,94244.19,11184.59,2022-05-13,8,75.9,stephanie.gonzalez@company.com,(739) 363-2955,Active
EMP018321,Ashley,Williams,Ashley Williams,24,Marketing,Director,San Francisco,91586.79,15465.86,2023-05-02,0,81.4,ashley.williams@company.com,(823) 844-7291,Active
EMP018322,Ashley,Martinez,Ashley Martinez,35,Legal,Senior Developer,Chicago,73849.59,5919.07,2020-07-28,8,69.9,ashley.martinez@company.com,(212) 699-4037,Active
EMP018323,John,Wilson,John Wilson,63,Marketing,Manager,San Francisco,101663.69,20618.29,2021-08-11,40,87.1,john.wilson@company.com,(535) 413-7539,Inactive
EMP018324,Lisa,Hernandez,Lisa Hernandez,54,Marketing,Associate,Seattle,60206.54,5147.01,2023-01-03,25,61.4,lisa.hernandez@company.com,(693) 602-6447,Active
EMP018325,Jessica,Smith,Jessica Smith,60,Legal,Lead,New York,99875.06,14948.77,2024-08-15,35,72.5,jessica.smith@company.com,(971) 458-6012,Active
EMP018326,Anthony,Miller,Anthony Miller,65,Marketing,Senior Developer,Boston,100306.46,11161.16,2022-06-12,41,53.2,anthony.miller@company.com,(307) 638-5224,Inactive
EMP018327,David,Wilson,David Wilson,25,IT,Director,New York,94021.95,7335.56,2020-03-30,2,39.9,david.wilson@company.com,(502) 271-5281,On Leave
EMP018328,James,Smith,James Smith,41,Engineering,Senior Developer,Austin,39000.0,1209.97,2022-10-11,12,38.8,james.smith@company.com,(612) 723-5527,Active
EMP018329,Lisa,Anderson,Lisa Anderson,36,Marketing,Specialist,Miami,70820.65,5882.81,2023-07-29,7,49.9,lisa.anderson@company.com,(471) 232-4106,Active
EMP018330,Amanda,Davis,Amanda Davis,38,HR,Lead,Los Angeles,44146.95,6022.59,2024-10-29,16,59.6,amanda.davis@company.com,(539) 725-1555,Active
EMP018331,James,Moore,James Moore,64,Engineering,Associate,Chicago,118902.34,16102.3,2021-09-14,38,85.5,james.moore@company.com,(879) 853-4073,Inactive
EMP018332,Ashley,Moore,Ashley Moore,41,Marketing,Director,Boston,75715.6,4227.11,2020-08-20,12,76.1,ashley.moore@company.com,(248) 885-6093,Active
EMP018333,Michael,Jackson,Michael Jackson,44,Engineering,Analyst,Los Angeles,82806.01,4250.79,2024-04-23,22,70.8,michael.jackson@company.com,(952) 599-6711,Active
EMP018334,Lisa,Thomas,Lisa Thomas,42,Legal,Analyst,San Francisco,89986.52,9576.34,2020-11-25,14,58.9,lisa.thomas@company.com,(721) 795-4106,Active
EMP018335,Nicole,Martinez,Nicole Martinez,36,Operations,Senior Developer,Austin,60060.48,9863.62,2023-04-19,8,68.0,nicole.martinez@company.com,(489) 585-4517,Active
EMP018336,John,Johnson,John Johnson,58,IT,Senior Developer,Boston,118058.61,9656.31,2021-08-22,29,61.8,john.johnson@company.com,(515) 743-8332,Inactive
EMP018337,Nicole,Thomas,Nicole Thomas,38,Finance,Manager,San Francisco,58225.65,9421.53,2024-04-03,10,77.4,nicole.thomas@company.com,(912) 924-7910,Inactive
EMP018338,Daniel,Rodriguez,Daniel Rodriguez,32,IT,Senior Developer,Chicago,107818.55,14247.37,2020-02-25,6,91.3,daniel.rodriguez@company.com,(764) 234-5014,Active
EMP018339,Daniel,Rodriguez,Daniel Rodriguez,32,Operations,Senior Developer,Miami,43561.99,350.33,2021-12-25,5,57.7,daniel.rodriguez@company.com,(576) 698-6516,Active
EMP018340,Nicole,Miller,Nicole Miller,55,Sales,Associate,San Francisco,116907.9,16127.69,2020-01-30,28,62.0,nicole.miller@company.com,(994) 496-2095,Active
EMP018341,Daniel,Lopez,Daniel Lopez,61,Operations,Lead,Chicago,67815.52,4804.22,2023-06-01,32,98.5,daniel.lopez@company.com,(337) 551-1596,Active
EMP018342,Christopher,Thomas,Christopher Thomas,54,Engineering,Specialist,New York,110469.6,5630.87,2022-06-26,29,79.3,christopher.thomas@company.com,(738) 747-4069,Active
EMP018343,Sarah,Martinez,Sarah Martinez,28,Finance,Specialist,Austin,59010.1,7291.67,2022-07-07,0,72.4,sarah.martinez@company.com,(814) 519-7196,Active
EMP018344,Lisa,Smith,Lisa Smith,26,HR,Senior Developer,Boston,49869.62,3504.58,2022-07-21,0,88.7,lisa.smith@company.com,(465) 717-7247,Active
EMP018345,Emily,Wilson,Emily Wilson,53,Legal,Director,Austin,146739.16,13341.25,2021-08-15,25,71.3,emily.wilson@company.com,(979) 851-9693,Active
EMP018346,Amanda,Davis,Amanda Davis,36,HR,Associate,Chicago,64560.39,2233.9,2020-06-30,9,57.3,amanda.davis@company.com,(942) 610-8702,Active
EMP018347,Sarah,Brown,Sarah Brown,43,HR,Senior Developer,New York,56476.39,9274.11,2023-12-28,19,85.0,sarah.brown@company.com,(254) 568-2080,Inactive
EMP018348,Robert,Smith,Robert Smith,42,Marketing,Lead,San Francisco,85877.45,6755.31,2021-02-20,19,68.9,robert.smith@company.com,(389) 563-6557,Active
EMP018349,Anthony,Jones,Anthony Jones,30,HR,Associate,Austin,60408.01,4041.82,2022-08-12,8,83.9,anthony.jones@company.com,(850) 509-7947,On Leave
EMP018350,Michael,Smith,Michael Smith,26,Sales,Associate,New York,55579.53,11652.61,2023-03-22,4,76.1,michael.smith@company.com,(640) 244-6405,Active
EMP018351,Sarah,Jones,Sarah Jones,53,Marketing,Coordinator,Boston,82770.72,8472.06,2023-12-01,25,57.3,sarah.jones@company.com,(762) 460-5486,Active
EMP018352,Anthony,Thomas,Anthony Thomas,32,Marketing,Coordinator,Seattle,62003.84,6654.5,2024-07-29,6,76.4,anthony.thomas@company.com,(821) 252-4985,Active
EMP018353,Ashley,Davis,Ashley Davis,41,Operations,Lead,Austin,51756.01,2640.73,2022-10-23,17,88.9,ashley.davis@company.com,(913) 851-6699,Active
EMP018354,Anthony,Brown,Anthony Brown,58,Legal,Lead,Chicago,120447.31,13419.84,2021-08-03,32,100.0,anthony.brown@company.com,(244) 919-8692,Active
EMP018355,Nicole,Wilson,Nicole Wilson,64,Operations,Manager,New York,73602.85,11028.2,2020-04-18,39,64.8,nicole.wilson@company.com,(299) 693-2978,Active
EMP018356,Melissa,Hernandez,Melissa Hernandez,63,Finance,Director,Miami,82187.41,5398.47,2023-02-28,38,74.5,melissa.hernandez@company.com,(903) 224-7506,Active
EMP018357,Ashley,Lopez,Ashley Lopez,46,Marketing,Manager,Los Angeles,62482.71,4198.99,2022-08-25,19,45.0,ashley.lopez@company.com,(775) 386-5702,Active
EMP018358,Sarah,Brown,Sarah Brown,27,Finance,Coordinator,Chicago,64689.19,8452.11,2022-04-12,0,70.9,sarah.brown@company.com,(248) 267-8987,Active
EMP018359,Anthony,Garcia,Anthony Garcia,27,HR,Manager,Seattle,63247.0,11268.12,2024-05-12,4,33.6,anthony.garcia@company.com,(634) 350-2929,Active
EMP018360,Sarah,Johnson,Sarah Johnson,50,Finance,Senior Developer,Chicago,75850.22,7779.03,2022-02-15,24,54.6,sarah.johnson@company.com,(450) 474-1329,Active
EMP018361,Lisa,Jones,Lisa Jones,61,IT,Manager,Austin,94943.83,5337.95,2023-07-26,38,85.7,lisa.jones@company.com,(669) 485-8223,Active
EMP018362,Ashley,Gonzalez,Ashley Gonzalez,32,Finance,Associate,New York,34307.94,2582.55,2023-07-14,9,100.0,ashley.gonzalez@company.com,(610) 386-4132,Active
EMP018363,Anthony,Moore,Anthony Moore,24,Finance,Associate,Austin,66036.45,8389.71,2023-08-07,0,97.6,anthony.moore@company.com,(421) 795-8054,Active
EMP018364,James,Jackson,James Jackson,31,HR,Lead,Boston,39510.7,3491.69,2024-04-22,3,94.6,james.jackson@company.com,(604) 739-5258,Active
EMP018365,Robert,Lopez,Robert Lopez,54,Finance,Analyst,Boston,97453.18,8619.59,2021-05-16,25,68.9,robert.lopez@company.com,(713) 562-8731,Active
EMP018366,Michael,Moore,Michael Moore,33,IT,Associate,Austin,101894.0,17027.62,2021-01-13,6,75.2,michael.moore@company.com,(942) 929-9948,Active
EMP018367,Stephanie,Williams,Stephanie Williams,58,Legal,Manager,Chicago,131645.18,7057.18,2022-07-01,34,58.6,stephanie.williams@company.com,(357) 254-4675,Inactive
EMP018368,Melissa,Johnson,Melissa Johnson,60,Finance,Director,Los Angeles,98581.16,9585.41,2021-06-11,35,78.1,melissa.johnson@company.com,(472) 847-2689,Active
EMP018369,Robert,Thomas,Robert Thomas,37,Finance,Director,San Francisco,89267.56,5489.82,2024-05-14,11,75.1,robert.thomas@company.com,(224) 611-5290,Active
EMP018370,Christopher,Hernandez,Christopher Hernandez,61,Finance,Specialist,Austin,104213.46,15042.52,2024-07-17,38,100.0,christopher.hernandez@company.com,(947) 981-5823,Active
EMP018371,Melissa,Miller,Melissa Miller,38,Sales,Associate,Boston,75669.13,12315.58,2020-07-12,11,48.9,melissa.miller@company.com,(297) 343-3511,Active
EMP018372,James,Jones,James Jones,53,Sales,Analyst,Chicago,101857.01,8344.22,2024-02-01,24,76.7,james.jones@company.com,(216) 492-9329,On Leave
EMP018373,Stephanie,Smith,Stephanie Smith,30,Finance,Specialist,Chicago,74070.98,1926.69,2023-03-11,7,57.8,stephanie.smith@company.com,(344) 366-5224,Active
EMP018374,Melissa,Anderson,Melissa Anderson,56,Sales,Specialist,Miami,85043.55,14203.44,2024-06-12,33,88.2,melissa.anderson@company.com,(762) 471-2044,Active
EMP018375,Ashley,Miller,Ashley Miller,54,HR,Director,Chicago,81451.21,4701.43,2024-08-16,28,84.1,ashley.miller@company.com,(483) 804-9757,Active
EMP018376,Christopher,Brown,Christopher Brown,44,Legal,Analyst,Seattle,70233.44,4619.78,2023-08-28,17,70.7,christopher.brown@company.com,(919) 932-3161,Active
EMP018377,Matthew,Rodriguez,Matthew Rodriguez,47,Operations,Analyst,Miami,88083.28,556.01,2023-05-30,23,99.2,matthew.rodriguez@company.com,(804) 674-8858,Active
EMP018378,Amanda,Rodriguez,Amanda Rodriguez,38,Engineering,Specialist,New York,100411.28,11818.59,2022-01-17,13,83.3,amanda.rodriguez@company.com,(588) 873-3264,Active
EMP018379,Sarah,Wilson,Sarah Wilson,63,Legal,Associate,Seattle,136647.82,3582.71,2021-04-25,38,83.1,sarah.wilson@company.com,(635) 983-7245,Active
EMP018380,David,Jones,David Jones,40,Operations,Senior Developer,Boston,79123.86,7586.88,2021-02-15,14,77.0,david.jones@company.com,(891) 319-4266,Inactive
EMP018381,David,Garcia,David Garcia,36,IT,Specialist,New York,61871.28,7014.9,2021-02-04,11,33.0,david.garcia@company.com,(925) 871-3501,Active
EMP018382,Matthew,Martin,Matthew Martin,61,Finance,Associate,Austin,98800.89,12772.3,2024-08-02,35,48.4,matthew.martin@company.com,(407) 412-6161,Inactive
EMP018383,Daniel,Johnson,Daniel Johnson,41,Legal,Associate,San Francisco,119742.43,34299.22,2023-03-27,17,88.0,daniel.johnson@company.com,(770) 346-6298,Active
EMP018384,Robert,Miller,Robert Miller,27,Legal,Senior Developer,Los Angeles,50826.65,4114.63,2021-04-26,0,66.7,robert.miller@company.com,(713) 691-5834,Active
EMP018385,Amanda,Martin,Amanda Martin,48,Finance,Coordinator,Seattle,111038.86,13766.37,2022-05-24,24,76.5,amanda.martin@company.com,(712) 294-7658,Active
EMP018386,John,Wilson,John Wilson,34,Finance,Analyst,Boston,62863.99,5989.23,2024-07-27,9,98.5,john.wilson@company.com,(369) 789-8995,On Leave
EMP018387,Sarah,Garcia,Sarah Garcia,31,Operations,Analyst,Seattle,43798.1,7237.86,2024-10-13,8,64.6,sarah.garcia@company.com,(434) 824-8799,Active
EMP018388,Christopher,Davis,Christopher Davis,47,Finance,Coordinator,Miami,87518.62,3727.98,2022-03-09,22,91.6,christopher.davis@company.com,(716) 479-2078,Active
EMP018389,John,Hernandez,John Hernandez,59,Legal,Director,Austin,120267.63,22140.87,2023-03-12,36,93.1,john.hernandez@company.com,(664) 631-2456,Active
EMP018390,Jane,Thomas,Jane Thomas,43,Engineering,Coordinator,Los Angeles,76421.43,4851.12,2021-10-19,16,70.1,jane.thomas@company.com,(996) 801-4057,Active
EMP018391,David,Gonzalez,David Gonzalez,25,Legal,Specialist,New York,81810.69,14024.17,2023-05-02,0,81.5,david.gonzalez@company.com,(978) 496-4711,Active
EMP018392,Nicole,Johnson,Nicole Johnson,37,Finance,Senior Developer,Los Angeles,84776.55,13020.71,2022-03-26,15,81.0,nicole.johnson@company.com,(489) 271-8701,Active
EMP018393,David,Johnson,David Johnson,55,HR,Lead,New York,74744.71,7603.53,2023-06-03,32,68.2,david.johnson@company.com,(402) 257-5151,On Leave
EMP018394,John,Jones,John Jones,52,Legal,Associate,San Francisco,97782.12,17095.78,2023-03-22,24,63.9,john.jones@company.com,(824) 409-1733,Active
EMP018395,Jane,Jackson,Jane Jackson,29,HR,Lead,Chicago,97863.5,3253.87,2024-03-12,4,66.3,jane.jackson@company.com,(882) 790-5347,Active
EMP018396,James,Hernandez,James Hernandez,57,Legal,Senior Developer,New York,124487.06,5376.38,2023-09-20,34,73.5,james.hernandez@company.com,(484) 758-2585,Active
EMP018397,William,Williams,William Williams,56,Operations,Specialist,Los Angeles,65389.07,10235.58,2024-09-11,34,100.0,william.williams@company.com,(706) 251-7767,Active
EMP018398,Jessica,Garcia,Jessica Garcia,36,Operations,Associate,San Francisco,91603.3,6027.12,2024-07-10,9,68.8,jessica.garcia@company.com,(585) 675-7252,Active
EMP018399,David,Taylor,David Taylor,35,Engineering,Associate,Chicago,113305.62,6839.11,2023-12-01,12,89.3,david.taylor@company.com,(880) 799-6908,Active
EMP018400,Christopher,Moore,Christopher Moore,31,Operations,Analyst,Austin,50767.07,516.84,2023-01-05,7,61.8,christopher.moore@company.com,(316) 671-6660,Active
EMP018401,Sarah,Jones,Sarah Jones,29,Marketing,Manager,Chicago,50123.45,5695.18,2023-02-25,4,64.1,sarah.jones@company.com,(635) 896-5499,Active
EMP018402,Christopher,Jones,Christopher Jones,44,Operations,Manager,San Francisco,65357.18,5694.99,2020-09-07,19,60.1,christopher.jones@company.com,(330) 303-6511,Inactive
EMP018403,David,Garcia,David Garcia,33,Marketing,Director,New York,60334.61,6952.65,2021-06-06,7,81.8,david.garcia@company.com,(219) 874-7168,Active
EMP018404,Anthony,Lopez,Anthony Lopez,63,Marketing,Lead,Boston,84178.5,14510.46,2020-08-09,37,73.2,anthony.lopez@company.com,(389) 745-8085,Active
EMP018405,Ashley,Johnson,Ashley Johnson,50,Operations,Specialist,San Francisco,74619.84,6097.39,2022-10-02,22,66.6,ashley.johnson@company.com,(730) 661-7604,Inactive
EMP018406,Emily,Rodriguez,Emily Rodriguez,29,Operations,Associate,New York,79446.83,14743.91,2023-06-02,2,49.6,emily.rodriguez@company.com,(809) 432-4113,Active
EMP018407,Anthony,Smith,Anthony Smith,35,Operations,Lead,Los Angeles,40726.61,4581.17,2023-01-05,13,98.6,anthony.smith@company.com,(501) 842-4148,Active
EMP018408,Emily,Smith,Emily Smith,25,Marketing,Senior Developer,Boston,74562.95,13024.61,2024-01-06,0,79.0,emily.smith@company.com,(558) 603-4950,Active
EMP018409,Amanda,Moore,Amanda Moore,57,Marketing,Specialist,New York,78343.71,5705.74,2022-11-18,34,63.3,amanda.moore@company.com,(550) 238-2709,Active
EMP018410,William,Anderson,William Anderson,31,Engineering,Analyst,Boston,96791.39,16385.04,2020-08-11,3,64.5,william.anderson@company.com,(629) 399-7871,Active
EMP018411,Michael,Taylor,Michael Taylor,53,Sales,Analyst,New York,74818.51,13905.96,2024-10-01,29,70.8,michael.taylor@company.com,(408) 706-5904,Active
EMP018412,Matthew,Gonzalez,Matthew Gonzalez,45,Engineering,Specialist,Chicago,94779.11,10732.8,2020-07-05,21,87.3,matthew.gonzalez@company.com,(602) 615-9577,Active
EMP018413,James,Garcia,James Garcia,63,Legal,Analyst,Miami,106485.43,5976.62,2022-10-25,34,75.7,james.garcia@company.com,(223) 539-3593,Active
EMP018414,Ashley,Taylor,Ashley Taylor,47,Operations,Director,Chicago,75383.81,11643.16,2021-05-14,20,82.2,ashley.taylor@company.com,(786) 734-8420,Inactive
EMP018415,William,Jackson,William Jackson,56,Engineering,Associate,Los Angeles,104748.81,17330.22,2023-05-15,28,90.1,william.jackson@company.com,(353) 751-6642,On Leave
EMP018416,Jessica,Smith,Jessica Smith,36,Operations,Coordinator,Boston,50612.24,5260.05,2021-01-19,9,53.5,jessica.smith@company.com,(515) 209-7282,Active
EMP018417,William,Wilson,William Wilson,27,IT,Director,Chicago,77355.75,9192.27,2020-06-05,5,94.3,william.wilson@company.com,(741) 869-1439,Active
EMP018418,Emily,Brown,Emily Brown,23,IT,Manager,San Francisco,85167.66,2195.25,2020-10-25,1,68.9,emily.brown@company.com,(609) 680-1846,Active
EMP018419,Ashley,Martinez,Ashley Martinez,41,Engineering,Lead,San Francisco,94274.94,10754.54,2020-12-26,16,97.4,ashley.martinez@company.com,(775) 819-6045,Inactive
EMP018420,Emily,Lopez,Emily Lopez,46,Finance,Analyst,Seattle,116884.64,6933.89,2024-01-04,24,65.3,emily.lopez@company.com,(986) 389-6707,Active
EMP018421,Jane,Moore,Jane Moore,63,IT,Director,Seattle,103323.14,7714.4,2024-09-02,34,48.6,jane.moore@company.com,(523) 749-3385,Active
EMP018422,Emily,Davis,Emily Davis,54,Legal,Analyst,San Francisco,121491.6,12584.74,2020-01-08,29,77.4,emily.davis@company.com,(606) 492-3789,Active
EMP018423,Amanda,Wilson,Amanda Wilson,40,IT,Analyst,Austin,96547.07,0.0,2022-06-30,18,60.6,amanda.wilson@company.com,(767) 349-2931,Active
EMP018424,Jessica,Johnson,Jessica Johnson,64,HR,Specialist,Los Angeles,74136.68,12531.19,2024-09-22,35,100.0,jessica.johnson@company.com,(804) 319-5379,Active
EMP018425,Amanda,Smith,Amanda Smith,29,HR,Analyst,Boston,56741.74,6303.48,2020-01-10,3,98.1,amanda.smith@company.com,(208) 443-3547,Active
EMP018426,Ashley,Wilson,Ashley Wilson,28,Engineering,Coordinator,Austin,72463.59,919.57,2024-10-22,0,79.2,ashley.wilson@company.com,(636) 955-2598,Inactive
EMP018427,Matthew,Martinez,Matthew Martinez,37,Finance,Senior Developer,Seattle,77196.6,5642.1,2024-02-21,9,65.7,matthew.martinez@company.com,(767) 207-3757,Active
EMP018428,Christopher,Davis,Christopher Davis,32,Marketing,Specialist,New York,83254.42,14032.52,2020-01-03,10,81.2,christopher.davis@company.com,(520) 608-4555,Active
EMP018429,Stephanie,Jones,Stephanie Jones,55,Sales,Lead,Austin,92280.74,8478.9,2023-03-22,29,67.9,stephanie.jones@company.com,(465) 655-1631,Inactive
EMP018430,John,Johnson,John Johnson,44,Finance,Associate,Austin,95004.03,4977.97,2020-12-07,19,72.7,john.johnson@company.com,(894) 955-3193,Active
EMP018431,Christopher,Lopez,Christopher Lopez,36,Sales,Analyst,Miami,66083.7,9405.32,2024-04-29,7,78.8,christopher.lopez@company.com,(522) 793-7773,Active
EMP018432,Melissa,Jones,Melissa Jones,34,Marketing,Associate,Chicago,80267.1,12111.29,2024-04-04,11,70.6,melissa.jones@company.com,(815) 227-8024,Active
EMP018433,Amanda,Garcia,Amanda Garcia,22,Sales,Manager,San Francisco,49210.23,5542.05,2024-04-28,0,75.1,amanda.garcia@company.com,(477) 712-8855,Active
EMP018434,Nicole,Jackson,Nicole Jackson,26,HR,Lead,Miami,34401.84,4342.84,2023-08-06,0,82.4,nicole.jackson@company.com,(439) 765-6672,Active
EMP018435,Melissa,Jackson,Melissa Jackson,44,Finance,Coordinator,Austin,65650.93,3649.6,2022-01-07,17,70.3,melissa.jackson@company.com,(775) 595-4232,Inactive
EMP018436,Amanda,Wilson,Amanda Wilson,38,HR,Senior Developer,Boston,62011.86,3426.12,2022-09-01,11,42.5,amanda.wilson@company.com,(254) 584-1706,Active
EMP018437,Stephanie,Lopez,Stephanie Lopez,35,Marketing,Analyst,Boston,58082.36,10275.59,2023-05-29,9,78.5,stephanie.lopez@company.com,(851) 490-2010,On Leave
EMP018438,Sarah,Lopez,Sarah Lopez,46,Legal,Coordinator,New York,106998.47,4333.84,2020-06-27,24,58.0,sarah.lopez@company.com,(460) 205-8455,Active
EMP018439,Anthony,Taylor,Anthony Taylor,32,IT,Senior Developer,New York,52322.05,2153.57,2020-08-29,8,79.1,anthony.taylor@company.com,(314) 774-5598,Active
EMP018440,Amanda,Martin,Amanda Martin,42,Marketing,Associate,Seattle,86296.53,2567.67,2023-06-02,17,59.5,amanda.martin@company.com,(295) 671-1221,Active
EMP018441,Jane,Brown,Jane Brown,60,Legal,Associate,Miami,91217.84,7984.9,2024-08-20,38,43.9,jane.brown@company.com,(436) 735-3864,Active
EMP018442,Jessica,Davis,Jessica Davis,39,Operations,Lead,New York,54243.45,2758.88,2024-11-27,17,71.9,jessica.davis@company.com,(518) 216-9243,Active
EMP018443,Anthony,Jones,Anthony Jones,54,HR,Director,Seattle,87061.98,7114.89,2020-06-24,26,91.7,anthony.jones@company.com,(249) 918-7921,Active
EMP018444,Daniel,Moore,Daniel Moore,55,IT,Director,New York,76437.26,7279.75,2020-11-08,32,62.0,daniel.moore@company.com,(976) 614-3867,Active
EMP018445,Christopher,Johnson,Christopher Johnson,62,Finance,Director,Chicago,83854.41,12249.69,2023-10-16,40,89.7,christopher.johnson@company.com,(620) 973-4009,Active
EMP018446,Michael,Garcia,Michael Garcia,44,IT,Director,Miami,124348.5,13066.41,2021-08-18,17,97.7,michael.garcia@company.com,(607) 935-6259,Active
EMP018447,Daniel,Taylor,Daniel Taylor,27,Sales,Manager,San Francisco,60484.1,7336.46,2021-01-09,2,75.5,daniel.taylor@company.com,(919) 615-8149,Active
EMP018448,Ashley,Taylor,Ashley Taylor,34,Sales,Lead,Austin,47518.12,2873.41,2022-08-23,10,80.8,ashley.taylor@company.com,(659) 397-9743,Active
EMP018449,Ashley,Wilson,Ashley Wilson,29,Engineering,Specialist,San Francisco,56019.91,9064.22,2024-12-25,5,58.8,ashley.wilson@company.com,(469) 934-7301,Active
EMP018450,Anthony,Jackson,Anthony Jackson,22,Sales,Coordinator,Los Angeles,57313.55,4184.44,2020-05-30,0,70.4,anthony.jackson@company.com,(330) 794-5647,Active
EMP018451,John,Williams,John Williams,50,Engineering,Coordinator,Chicago,104324.95,13058.38,2024-10-16,22,78.1,john.williams@company.com,(513) 980-6969,Active
EMP018452,David,Brown,David Brown,25,Sales,Analyst,San Francisco,41756.68,6771.85,2021-07-06,1,71.9,david.brown@company.com,(929) 919-6528,Active
EMP018453,Jessica,Taylor,Jessica Taylor,60,Marketing,Lead,Miami,98338.27,17558.39,2023-05-08,32,58.3,jessica.taylor@company.com,(804) 900-2946,Inactive
EMP018454,Michael,Hernandez,Michael Hernandez,34,IT,Senior Developer,Miami,107082.13,13847.13,2020-11-09,7,68.4,michael.hernandez@company.com,(267) 934-3480,Active
EMP018455,James,Gonzalez,James Gonzalez,35,Marketing,Associate,New York,80526.76,10249.91,2024-08-04,10,85.3,james.gonzalez@company.com,(805) 687-1768,Active
EMP018456,Nicole,Anderson,Nicole Anderson,45,Marketing,Specialist,New York,90168.63,3566.31,2024-12-22,19,73.7,nicole.anderson@company.com,(877) 598-4955,Active
EMP018457,Stephanie,Taylor,Stephanie Taylor,50,Marketing,Analyst,Miami,75270.26,5102.41,2024-10-25,26,80.5,stephanie.taylor@company.com,(664) 393-3259,Active
EMP018458,Sarah,Williams,Sarah Williams,55,HR,Analyst,Austin,58189.55,3075.29,2021-01-30,33,81.6,sarah.williams@company.com,(703) 710-4925,Active
EMP018459,Lisa,Williams,Lisa Williams,44,Operations,Lead,Boston,69230.52,5048.07,2020-05-27,20,100.0,lisa.williams@company.com,(774) 682-3063,Active
EMP018460,Jessica,Miller,Jessica Miller,22,Legal,Associate,New York,63527.03,9568.62,2020-05-04,0,61.9,jessica.miller@company.com,(545) 376-2735,Active
EMP018461,Melissa,Smith,Melissa Smith,35,Engineering,Associate,Austin,50348.5,8300.89,2020-06-10,9,62.1,melissa.smith@company.com,(830) 320-4457,Active
EMP018462,Jessica,Johnson,Jessica Johnson,37,Operations,Specialist,Miami,31329.14,4486.22,2024-05-10,14,80.5,jessica.johnson@company.com,(206) 639-4044,Active
EMP018463,Jane,Williams,Jane Williams,65,Operations,Specialist,Chicago,89071.01,5068.64,2024-03-11,39,81.8,jane.williams@company.com,(542) 570-4715,Active
EMP018464,David,Martinez,David Martinez,61,Legal,Coordinator,Seattle,119667.05,6159.22,2023-10-12,36,78.5,david.martinez@company.com,(600) 683-5597,Active
EMP018465,William,Williams,William Williams,28,IT,Manager,Austin,61084.45,4457.44,2023-03-31,5,95.6,william.williams@company.com,(341) 973-7109,Active
EMP018466,David,Martinez,David Martinez,48,Legal,Specialist,San Francisco,122729.05,6276.54,2020-12-26,20,66.1,david.martinez@company.com,(851) 364-4309,Active
EMP018467,James,Thomas,James Thomas,28,IT,Manager,Seattle,80907.96,2058.18,2022-05-30,6,93.8,james.thomas@company.com,(771) 215-8115,Active
EMP018468,Sarah,Martin,Sarah Martin,52,Marketing,Director,Miami,71030.18,11052.98,2024-11-25,24,55.3,sarah.martin@company.com,(711) 985-4483,Active
EMP018469,Christopher,Martin,Christopher Martin,23,Finance,Director,Boston,58142.2,6973.7,2020-12-28,0,82.7,christopher.martin@company.com,(951) 321-3370,Active
EMP018470,Jessica,Taylor,Jessica Taylor,46,Engineering,Analyst,Los Angeles,82947.84,15263.98,2024-04-05,20,89.1,jessica.taylor@company.com,(798) 927-2929,On Leave
EMP018471,Sarah,Taylor,Sarah Taylor,33,Operations,Director,Los Angeles,48860.43,6095.01,2024-03-25,10,67.9,sarah.taylor@company.com,(488) 961-6938,Active
EMP018472,William,Wilson,William Wilson,56,IT,Specialist,New York,98825.0,15025.69,2023-09-10,33,100.0,william.wilson@company.com,(310) 782-5522,Active
EMP018473,Lisa,Williams,Lisa Williams,62,Finance,Lead,New York,133871.87,4951.71,2020-03-18,37,90.7,lisa.williams@company.com,(657) 945-7761,Active
EMP018474,Emily,Smith,Emily Smith,47,IT,Lead,San Francisco,101225.61,9569.07,2022-01-20,22,84.7,emily.smith@company.com,(574) 915-1200,Active
EMP018475,Melissa,Gonzalez,Melissa Gonzalez,28,HR,Director,Los Angeles,58037.05,4274.25,2020-06-05,1,85.2,melissa.gonzalez@company.com,(739) 585-3865,Active
EMP018476,Amanda,Martin,Amanda Martin,64,IT,Lead,Austin,103684.54,0.0,2023-09-19,35,92.0,amanda.martin@company.com,(769) 373-1150,Active
EMP018477,Christopher,Wilson,Christopher Wilson,39,Legal,Coordinator,Chicago,77585.24,8927.01,2021-12-02,17,100.0,christopher.wilson@company.com,(927) 293-4020,Active
EMP018478,Sarah,Williams,Sarah Williams,56,Marketing,Manager,San Francisco,72858.51,5571.9,2020-03-13,28,94.1,sarah.williams@company.com,(232) 742-5600,Active
EMP018479,Jane,Hernandez,Jane Hernandez,50,Sales,Associate,Seattle,102662.41,12178.48,2022-04-01,24,81.0,jane.hernandez@company.com,(321) 887-9815,Active
EMP018480,Jane,Moore,Jane Moore,54,Finance,Coordinator,Boston,67804.09,8766.13,2021-11-18,27,41.7,jane.moore@company.com,(403) 293-8687,Active
EMP018481,Lisa,Brown,Lisa Brown,65,Legal,Coordinator,Seattle,110819.87,15251.21,2024-10-21,39,86.3,lisa.brown@company.com,(550) 447-3574,Active
EMP018482,Michael,Jackson,Michael Jackson,64,Legal,Specialist,New York,82315.47,10701.82,2022-07-11,41,79.0,michael.jackson@company.com,(818) 527-1721,Active
EMP018483,Jessica,Williams,Jessica Williams,36,HR,Coordinator,San Francisco,48145.09,3759.4,2020-04-10,10,61.8,jessica.williams@company.com,(488) 791-4650,On Leave
EMP018484,William,Lopez,William Lopez,24,Engineering,Coordinator,Los Angeles,103967.16,18515.76,2020-02-10,0,82.5,william.lopez@company.com,(344) 984-5245,Active
EMP018485,Matthew,Jones,Matthew Jones,30,Finance,Associate,Austin,34123.24,5629.71,2024-04-29,1,95.6,matthew.jones@company.com,(628) 531-1901,Active
EMP018486,Nicole,Gonzalez,Nicole Gonzalez,63,Finance,Lead,Boston,110526.87,13520.79,2020-02-19,40,61.6,nicole.gonzalez@company.com,(886) 406-7265,Inactive
EMP018487,James,Miller,James Miller,36,Sales,Manager,Miami,44082.67,5424.57,2023-09-15,13,73.7,james.miller@company.com,(983) 650-4878,Active
EMP018488,Lisa,Martin,Lisa Martin,48,Legal,Coordinator,Austin,67632.05,6052.71,2020-01-08,25,72.9,lisa.martin@company.com,(527) 921-8638,Active
EMP018489,Jane,Gonzalez,Jane Gonzalez,27,HR,Director,Boston,52008.44,5116.75,2024-06-18,5,72.4,jane.gonzalez@company.com,(432) 385-1922,Active
EMP018490,Robert,Gonzalez,Robert Gonzalez,59,Engineering,Manager,Los Angeles,86795.22,2686.9,2023-01-01,31,83.3,robert.gonzalez@company.com,(348) 371-6718,Active
EMP018491,Anthony,Lopez,Anthony Lopez,63,Engineering,Coordinator,Los Angeles,100005.75,5287.32,2023-11-03,40,83.4,anthony.lopez@company.com,(753) 587-8531,Active
EMP018492,Matthew,Miller,Matthew Miller,24,Operations,Specialist,New York,42332.05,4683.06,2020-09-28,1,81.4,matthew.miller@company.com,(557) 746-5214,Active
EMP018493,Ashley,Williams,Ashley Williams,50,HR,Manager,Chicago,84988.07,13805.88,2024-07-31,23,55.8,ashley.williams@company.com,(202) 934-9104,Active
EMP018494,Christopher,Martinez,Christopher Martinez,26,HR,Manager,Miami,75875.44,1366.13,2021-03-06,0,67.0,christopher.martinez@company.com,(487) 410-3948,Inactive
EMP018495,Christopher,Lopez,Christopher Lopez,25,Sales,Analyst,Boston,63712.67,9445.39,2021-09-02,0,82.4,christopher.lopez@company.com,(337) 361-3263,Active
EMP018496,Jane,Davis,Jane Davis,52,Operations,Analyst,San Francisco,67802.18,5753.58,2024-01-15,29,54.6,jane.davis@company.com,(492) 204-2362,Active
EMP018497,William,Brown,William Brown,33,Finance,Associate,Seattle,80912.47,7335.26,2022-03-20,9,64.5,william.brown@company.com,(365) 653-4910,Active
EMP018498,Nicole,Rodriguez,Nicole Rodriguez,28,Engineering,Analyst,Chicago,70046.75,4649.6,2020-09-27,3,68.8,nicole.rodriguez@company.com,(922) 551-1511,Active
EMP018499,Anthony,Hernandez,Anthony Hernandez,23,Operations,Director,Los Angeles,36682.84,3649.72,2020-02-06,0,72.0,anthony.hernandez@company.com,(791) 457-5736,Inactive
EMP018500,Michael,Williams,Michael Williams,63,Finance,Manager,San Francisco,135745.96,9738.38,2022-11-18,36,90.6,michael.williams@company.com,(613) 903-2211,Active
EMP018501,John,Jones,John Jones,32,HR,Associate,Los Angeles,65861.34,7983.15,2022-05-18,5,67.1,john.jones@company.com,(906) 513-6030,Active
EMP018502,Stephanie,Taylor,Stephanie Taylor,62,Sales,Associate,Austin,84702.37,9011.83,2023-11-30,39,62.5,stephanie.taylor@company.com,(544) 266-4022,Active
EMP018503,Lisa,Wilson,Lisa Wilson,34,IT,Lead,New York,102391.39,18148.46,2021-02-14,5,76.7,lisa.wilson@company.com,(688) 406-8740,Active
EMP018504,Anthony,Johnson,Anthony Johnson,23,Engineering,Coordinator,Chicago,84121.77,7329.45,2021-05-07,0,41.7,anthony.johnson@company.com,(247) 443-5111,On Leave
EMP018505,Nicole,Jones,Nicole Jones,42,HR,Manager,San Francisco,84968.69,5803.58,2022-09-02,15,66.8,nicole.jones@company.com,(607) 307-5243,Active
EMP018506,Melissa,Wilson,Melissa Wilson,30,HR,Manager,Chicago,63693.91,10356.55,2021-06-23,2,78.4,melissa.wilson@company.com,(205) 655-5141,Active
EMP018507,Robert,Martin,Robert Martin,55,Finance,Analyst,Chicago,103573.6,8531.15,2023-05-31,27,57.1,robert.martin@company.com,(692) 736-7009,Active
EMP018508,Ashley,Davis,Ashley Davis,42,IT,Lead,Seattle,77692.7,5206.71,2023-05-08,18,73.5,ashley.davis@company.com,(537) 494-7663,Active
EMP018509,Amanda,Anderson,Amanda Anderson,31,HR,Analyst,Los Angeles,55233.21,3288.46,2022-05-10,6,67.8,amanda.anderson@company.com,(398) 594-8635,Active
EMP018510,Stephanie,Lopez,Stephanie Lopez,64,Operations,Lead,New York,89705.26,12790.31,2020-02-05,41,54.9,stephanie.lopez@company.com,(629) 619-9008,Active
EMP018511,Nicole,Anderson,Nicole Anderson,27,Sales,Director,Austin,70427.19,1675.51,2022-10-02,0,76.3,nicole.anderson@company.com,(575) 889-7031,Inactive
EMP018512,Matthew,Martinez,Matthew Martinez,49,Finance,Specialist,Boston,88981.39,4261.23,2023-03-06,24,69.5,matthew.martinez@company.com,(773) 664-2249,Active
EMP018513,Jessica,Gonzalez,Jessica Gonzalez,48,Legal,Analyst,Boston,83663.95,13439.9,2021-12-03,19,71.0,jessica.gonzalez@company.com,(549) 309-9991,Active
EMP018514,Michael,Hernandez,Michael Hernandez,22,Finance,Lead,Chicago,56132.42,5882.07,2023-05-15,0,80.2,michael.hernandez@company.com,(491) 599-4408,Inactive
EMP018515,Matthew,Martinez,Matthew Martinez,44,IT,Lead,Chicago,116941.5,17987.77,2021-01-04,17,71.1,matthew.martinez@company.com,(709) 832-6267,Active
EMP018516,Robert,Anderson,Robert Anderson,47,Legal,Analyst,San Francisco,107477.93,842.35,2020-04-08,23,52.6,robert.anderson@company.com,(861) 358-3833,Active
EMP018517,Jessica,Martin,Jessica Martin,50,Sales,Coordinator,Los Angeles,82790.63,14521.46,2020-09-05,25,65.2,jessica.martin@company.com,(248) 421-4515,Active
EMP018518,Ashley,Johnson,Ashley Johnson,46,Operations,Director,Boston,51183.42,2905.47,2020-07-14,18,85.5,ashley.johnson@company.com,(898) 564-8859,Inactive
EMP018519,Ashley,Hernandez,Ashley Hernandez,36,Sales,Senior Developer,Boston,52517.72,6689.96,2024-07-24,11,62.8,ashley.hernandez@company.com,(975) 298-6761,Active
EMP018520,Lisa,Moore,Lisa Moore,59,Engineering,Lead,Miami,125792.84,6946.32,2022-04-12,37,71.8,lisa.moore@company.com,(543) 829-6172,Inactive
EMP018521,Nicole,Moore,Nicole Moore,34,IT,Analyst,San Francisco,105281.83,10937.59,2021-04-24,6,61.9,nicole.moore@company.com,(706) 991-1053,Active
EMP018522,Sarah,Moore,Sarah Moore,37,Marketing,Senior Developer,Miami,57958.97,8103.88,2020-08-24,10,73.4,sarah.moore@company.com,(459) 316-2344,Active
EMP018523,Lisa,Hernandez,Lisa Hernandez,24,Operations,Associate,Chicago,25500.0,4672.31,2024-03-27,0,62.2,lisa.hernandez@company.com,(379) 715-5065,Active
EMP018524,Robert,Wilson,Robert Wilson,23,Legal,Coordinator,Chicago,89713.62,11677.31,2021-05-07,0,91.3,robert.wilson@company.com,(943) 226-8067,Inactive
EMP018525,Sarah,Smith,Sarah Smith,57,Engineering,Specialist,Chicago,126682.0,18434.1,2022-07-09,31,94.4,sarah.smith@company.com,(295) 217-8267,Active
EMP018526,Sarah,Brown,Sarah Brown,39,Sales,Associate,Austin,59116.01,5072.56,2022-08-09,14,84.5,sarah.brown@company.com,(977) 410-9306,On Leave
EMP018527,Nicole,Davis,Nicole Davis,33,IT,Director,New York,82053.83,5957.43,2024-04-14,6,66.5,nicole.davis@company.com,(676) 311-8631,Active
EMP018528,Amanda,Jones,Amanda Jones,47,Operations,Senior Developer,Boston,81575.45,11832.01,2020-05-17,20,48.3,amanda.jones@company.com,(269) 609-6296,Active
EMP018529,Lisa,Smith,Lisa Smith,56,IT,Senior Developer,San Francisco,117776.45,16334.76,2020-10-22,31,87.7,lisa.smith@company.com,(864) 489-7605,Active
EMP018530,William,Miller,William Miller,52,Operations,Lead,Miami,58871.16,9744.29,2020-09-25,25,67.0,william.miller@company.com,(420) 205-6145,Inactive
EMP018531,John,Martin,John Martin,24,Legal,Director,Chicago,58121.95,8769.83,2020-07-30,0,92.9,john.martin@company.com,(366) 284-6579,Active
EMP018532,Sarah,Rodriguez,Sarah Rodriguez,26,IT,Specialist,Seattle,70654.93,6011.7,2021-05-22,0,80.2,sarah.rodriguez@company.com,(833) 867-8584,Inactive
EMP018533,John,Rodriguez,John Rodriguez,27,Finance,Coordinator,Los Angeles,43096.79,4608.65,2021-08-19,5,53.6,john.rodriguez@company.com,(318) 465-9424,Active
EMP018534,Robert,Taylor,Robert Taylor,26,Legal,Director,Miami,54138.36,5985.04,2022-03-16,0,83.9,robert.taylor@company.com,(763) 701-9593,Active
EMP018535,Sarah,Hernandez,Sarah Hernandez,58,IT,Senior Developer,San Francisco,97987.68,15881.89,2021-05-19,36,67.2,sarah.hernandez@company.com,(230) 711-3405,Inactive
EMP018536,Matthew,Jackson,Matthew Jackson,47,Operations,Specialist,Austin,62395.61,4092.62,2024-08-24,19,77.3,matthew.jackson@company.com,(368) 493-6155,Active
EMP018537,Ashley,Wilson,Ashley Wilson,55,HR,Associate,New York,82196.8,11932.51,2022-07-05,33,81.9,ashley.wilson@company.com,(276) 307-3135,On Leave
EMP018538,Nicole,Gonzalez,Nicole Gonzalez,61,IT,Analyst,Boston,94023.63,10960.6,2024-04-09,34,56.4,nicole.gonzalez@company.com,(580) 459-1052,Active
EMP018539,Michael,Anderson,Michael Anderson,25,Finance,Specialist,Chicago,59038.64,3409.88,2020-11-07,0,78.0,michael.anderson@company.com,(736) 313-6368,Active
EMP018540,Jessica,Williams,Jessica Williams,62,IT,Director,New York,137194.88,17847.89,2020-12-01,34,71.5,jessica.williams@company.com,(740) 700-8693,Active
EMP018541,William,Johnson,William Johnson,65,HR,Analyst,San Francisco,76912.72,1784.88,2022-03-22,39,79.7,william.johnson@company.com,(843) 621-7935,Active
EMP018542,Melissa,Rodriguez,Melissa Rodriguez,64,HR,Manager,Boston,90324.31,8808.66,2020-03-08,42,71.0,melissa.rodriguez@company.com,(566) 643-1490,Active
EMP018543,Christopher,Gonzalez,Christopher Gonzalez,52,IT,Director,San Francisco,86003.98,6251.54,2023-12-24,25,64.2,christopher.gonzalez@company.com,(899) 476-4961,Active
EMP018544,Daniel,Taylor,Daniel Taylor,62,Finance,Director,Boston,95415.24,12182.7,2022-06-19,36,82.6,daniel.taylor@company.com,(734) 269-9910,Active
EMP018545,Stephanie,Martinez,Stephanie Martinez,62,IT,Associate,New York,95751.94,10332.88,2022-07-14,36,56.7,stephanie.martinez@company.com,(955) 701-9909,Active
EMP018546,Matthew,Moore,Matthew Moore,41,Marketing,Coordinator,New York,93077.51,6543.73,2023-03-19,17,68.0,matthew.moore@company.com,(860) 666-9300,Inactive
EMP018547,Ashley,Gonzalez,Ashley Gonzalez,24,Sales,Analyst,Austin,66164.08,4573.22,2020-02-17,0,76.3,ashley.gonzalez@company.com,(289) 313-7190,Inactive
EMP018548,Jessica,Williams,Jessica Williams,42,IT,Manager,San Francisco,80529.19,15203.34,2020-04-18,19,86.5,jessica.williams@company.com,(758) 466-9154,Active
EMP018549,Anthony,Wilson,Anthony Wilson,52,Sales,Associate,Chicago,62367.98,3811.69,2023-02-04,29,87.5,anthony.wilson@company.com,(446) 223-5268,Active
EMP018550,Christopher,Thomas,Christopher Thomas,25,Legal,Analyst,Seattle,61477.98,4354.39,2021-12-12,1,53.2,christopher.thomas@company.com,(986) 233-1984,Active
EMP018551,Robert,Johnson,Robert Johnson,36,Finance,Director,New York,87515.86,8141.16,2024-10-16,8,73.9,robert.johnson@company.com,(380) 479-6823,Active
EMP018552,Nicole,Rodriguez,Nicole Rodriguez,49,Sales,Lead,San Francisco,108146.41,3449.88,2024-11-01,25,64.4,nicole.rodriguez@company.com,(798) 384-1313,Active
EMP018553,William,Lopez,William Lopez,44,Sales,Coordinator,Boston,102702.77,6220.46,2022-03-03,18,38.6,william.lopez@company.com,(662) 501-6267,Active
EMP018554,William,Taylor,William Taylor,40,Finance,Manager,Miami,85776.9,9626.73,2021-11-14,15,85.5,william.taylor@company.com,(220) 692-4898,Active
EMP018555,Anthony,Jackson,Anthony Jackson,34,IT,Lead,Austin,99298.65,12111.29,2024-04-18,8,60.2,anthony.jackson@company.com,(513) 772-5220,Active
EMP018556,Matthew,Jackson,Matthew Jackson,52,Marketing,Director,San Francisco,81243.55,6986.95,2020-01-26,25,83.6,matthew.jackson@company.com,(641) 568-7830,Active
EMP018557,Daniel,Martinez,Daniel Martinez,38,Marketing,Specialist,San Francisco,84767.5,11100.96,2020-03-19,10,54.2,daniel.martinez@company.com,(278) 405-2107,Active
EMP018558,Robert,Smith,Robert Smith,28,HR,Coordinator,San Francisco,31492.75,3116.44,2023-10-15,3,63.0,robert.smith@company.com,(930) 341-3383,On Leave
EMP018559,Stephanie,Brown,Stephanie Brown,34,Marketing,Lead,Chicago,88049.51,3597.74,2022-07-06,9,47.7,stephanie.brown@company.com,(335) 756-7619,Active
EMP018560,Jessica,Rodriguez,Jessica Rodriguez,24,HR,Coordinator,Miami,70985.6,10985.93,2020-11-25,0,81.7,jessica.rodriguez@company.com,(893) 372-4445,Inactive
EMP018561,Lisa,Brown,Lisa Brown,25,IT,Analyst,Los Angeles,70276.96,3984.23,2020-08-04,0,99.6,lisa.brown@company.com,(253) 485-4276,Active
EMP018562,Emily,Davis,Emily Davis,31,IT,Director,Los Angeles,80971.72,13308.25,2023-03-25,3,53.3,emily.davis@company.com,(737) 300-5346,Active
EMP018563,Melissa,Smith,Melissa Smith,38,Finance,Specialist,Boston,68398.12,11499.69,2024-03-20,15,67.9,melissa.smith@company.com,(467) 380-2904,Active
EMP018564,Robert,Taylor,Robert Taylor,62,Finance,Specialist,Boston,77700.62,15538.9,2022-12-20,39,86.8,robert.taylor@company.com,(781) 204-2340,Active
EMP018565,Matthew,Martinez,Matthew Martinez,62,Engineering,Associate,Los Angeles,141070.59,19242.69,2021-06-03,34,73.8,matthew.martinez@company.com,(849) 272-3060,Active
EMP018566,Jane,Williams,Jane Williams,38,Legal,Manager,Los Angeles,80997.38,5965.19,2024-12-19,12,83.2,jane.williams@company.com,(206) 987-3236,On Leave
EMP018567,Lisa,Lopez,Lisa Lopez,34,Engineering,Analyst,Seattle,141947.89,0.0,2023-07-07,11,54.1,lisa.lopez@company.com,(389) 407-5016,Active
EMP018568,Nicole,Martin,Nicole Martin,33,Operations,Analyst,Boston,54042.4,3254.54,2021-06-19,11,47.9,nicole.martin@company.com,(278) 868-2992,Active
EMP018569,Jane,Hernandez,Jane Hernandez,50,Finance,Specialist,Los Angeles,86695.6,6955.9,2020-05-17,27,97.6,jane.hernandez@company.com,(362) 965-8665,Active
EMP018570,Emily,Hernandez,Emily Hernandez,40,Engineering,Coordinator,Miami,88733.0,4412.84,2021-07-21,15,100.0,emily.hernandez@company.com,(540) 615-4011,Active
EMP018571,Emily,Martinez,Emily Martinez,30,Marketing,Analyst,New York,39805.23,5430.8,2023-08-10,2,58.1,emily.martinez@company.com,(601) 571-4399,Active
EMP018572,Amanda,Smith,Amanda Smith,62,Finance,Analyst,Seattle,115140.46,14583.05,2022-01-20,35,59.6,amanda.smith@company.com,(427) 954-1144,Active
EMP018573,Nicole,Gonzalez,Nicole Gonzalez,60,HR,Senior Developer,San Francisco,86856.07,12408.06,2020-12-26,31,100.0,nicole.gonzalez@company.com,(977) 820-6382,Active
EMP018574,Melissa,Johnson,Melissa Johnson,57,IT,Analyst,Miami,94037.13,8537.42,2021-02-09,30,71.4,melissa.johnson@company.com,(597) 358-6818,Inactive
EMP018575,Lisa,Jones,Lisa Jones,59,Engineering,Senior Developer,Seattle,118736.3,11761.56,2020-09-20,35,89.5,lisa.jones@company.com,(235) 460-3785,Active
EMP018576,Jessica,Smith,Jessica Smith,63,Operations,Specialist,San Francisco,79061.15,13891.15,2022-02-08,37,55.6,jessica.smith@company.com,(233) 892-3754,Active
EMP018577,David,Anderson,David Anderson,56,Legal,Manager,New York,110410.45,2138.61,2024-11-20,34,79.6,david.anderson@company.com,(898) 809-7930,Active
EMP018578,Melissa,Thomas,Melissa Thomas,25,Sales,Associate,New York,63219.46,4286.45,2024-01-31,0,65.5,melissa.thomas@company.com,(221) 602-5137,Inactive
EMP018579,William,Brown,William Brown,54,Marketing,Lead,Los Angeles,71787.6,5962.27,2021-07-30,26,92.8,william.brown@company.com,(273) 262-2200,Active
EMP018580,Robert,Taylor,Robert Taylor,36,Legal,Director,New York,69147.92,8651.79,2024-11-03,10,73.7,robert.taylor@company.com,(457) 465-4270,Active
EMP018581,Matthew,Wilson,Matthew Wilson,34,Finance,Lead,Boston,41719.43,2162.28,2024-03-09,6,69.8,matthew.wilson@company.com,(951) 741-1913,Active
EMP018582,Sarah,Rodriguez,Sarah Rodriguez,33,Marketing,Director,Boston,46375.85,9678.38,2022-02-18,6,100.0,sarah.rodriguez@company.com,(901) 830-9455,Active
EMP018583,Melissa,Jones,Melissa Jones,64,Legal,Analyst,Los Angeles,111764.71,5301.67,2020-01-08,38,71.2,melissa.jones@company.com,(596) 612-7336,Inactive
EMP018584,Emily,Smith,Emily Smith,47,Finance,Analyst,Seattle,79443.47,2784.87,2024-12-02,24,86.0,emily.smith@company.com,(253) 640-1826,Active
EMP018585,Amanda,Gonzalez,Amanda Gonzalez,46,Finance,Analyst,Seattle,84151.37,1741.41,2021-01-14,24,68.9,amanda.gonzalez@company.com,(631) 760-5239,Active
EMP018586,Sarah,Gonzalez,Sarah Gonzalez,36,Sales,Coordinator,Chicago,47323.28,5521.37,2020-03-31,11,100.0,sarah.gonzalez@company.com,(920) 990-2087,Active
EMP018587,Sarah,Jones,Sarah Jones,24,Marketing,Senior Developer,Austin,48239.99,1629.47,2024-11-29,1,68.2,sarah.jones@company.com,(313) 299-7665,Active
EMP018588,William,Jackson,William Jackson,33,Legal,Analyst,Boston,81153.84,9513.79,2021-08-06,8,100.0,william.jackson@company.com,(985) 910-4429,Inactive
EMP018589,Jane,Rodriguez,Jane Rodriguez,63,HR,Director,New York,58397.28,5791.37,2023-02-22,35,61.4,jane.rodriguez@company.com,(257) 758-1312,Inactive
EMP018590,Amanda,Williams,Amanda Williams,27,Marketing,Associate,San Francisco,54197.72,4635.77,2021-03-15,1,97.9,amanda.williams@company.com,(545) 435-4683,Active
EMP018591,Emily,Thomas,Emily Thomas,49,Sales,Lead,Los Angeles,73793.39,8575.51,2020-05-21,23,91.8,emily.thomas@company.com,(441) 268-7983,Active
EMP018592,Anthony,Lopez,Anthony Lopez,27,Engineering,Director,Chicago,61463.58,7191.3,2024-07-27,0,81.8,anthony.lopez@company.com,(535) 489-2271,Active
EMP018593,Sarah,Rodriguez,Sarah Rodriguez,37,HR,Manager,Los Angeles,91693.5,11734.62,2022-09-19,11,70.3,sarah.rodriguez@company.com,(401) 420-1604,Active
EMP018594,Amanda,Wilson,Amanda Wilson,40,Engineering,Associate,Los Angeles,93751.69,15937.27,2024-05-30,15,74.9,amanda.wilson@company.com,(380) 684-2167,Active
EMP018595,Christopher,Smith,Christopher Smith,32,Operations,Analyst,New York,58839.48,8273.36,2024-10-17,7,71.3,christopher.smith@company.com,(860) 333-1528,Active
EMP018596,David,Anderson,David Anderson,45,HR,Manager,Seattle,48172.4,3596.21,2020-02-23,20,77.8,david.anderson@company.com,(674) 861-1588,Active
EMP018597,Michael,Davis,Michael Davis,64,IT,Lead,Los Angeles,113513.27,3848.26,2020-04-09,41,100.0,michael.davis@company.com,(971) 998-3033,Active
EMP018598,Sarah,Gonzalez,Sarah Gonzalez,59,IT,Associate,Seattle,85050.73,18105.24,2020-03-22,34,70.8,sarah.gonzalez@company.com,(518) 983-3882,Active
EMP018599,Stephanie,Williams,Stephanie Williams,65,Sales,Lead,Chicago,93131.77,10916.01,2023-11-25,39,79.8,stephanie.williams@company.com,(516) 288-2840,Inactive
EMP018600,Lisa,Moore,Lisa Moore,24,IT,Specialist,Los Angeles,81115.44,9579.81,2024-05-15,2,70.4,lisa.moore@company.com,(831) 484-5909,Active
EMP018601,Jane,Taylor,Jane Taylor,60,Finance,Director,San Francisco,103129.4,18801.62,2023-12-03,38,67.2,jane.taylor@company.com,(989) 988-5830,Active
EMP018602,John,Anderson,John Anderson,25,Finance,Analyst,New York,34399.58,3981.61,2022-04-18,3,78.8,john.anderson@company.com,(418) 851-5695,Active
EMP018603,Christopher,Davis,Christopher Davis,60,Marketing,Director,Austin,92868.45,1256.82,2021-10-02,35,67.0,christopher.davis@company.com,(281) 996-5172,Active
EMP018604,Anthony,Thomas,Anthony Thomas,35,Finance,Specialist,Los Angeles,67985.76,5671.7,2021-01-11,8,69.2,anthony.thomas@company.com,(326) 736-3947,Active
EMP018605,William,Martin,William Martin,28,Legal,Analyst,Chicago,72999.06,5432.95,2020-12-04,6,72.0,william.martin@company.com,(453) 490-4928,Active
EMP018606,James,Hernandez,James Hernandez,33,HR,Director,Seattle,71692.36,6021.79,2023-09-14,5,99.0,james.hernandez@company.com,(902) 423-7678,Inactive
EMP018607,Jane,Davis,Jane Davis,49,Marketing,Analyst,Austin,63373.29,11097.95,2020-11-12,26,80.7,jane.davis@company.com,(395) 479-4974,Active
EMP018608,Amanda,Garcia,Amanda Garcia,51,Finance,Associate,New York,95472.07,11397.43,2024-07-20,23,55.2,amanda.garcia@company.com,(518) 645-6116,Active
EMP018609,Lisa,Williams,Lisa Williams,65,Finance,Coordinator,Los Angeles,126727.78,5990.72,2021-09-20,40,86.2,lisa.williams@company.com,(365) 576-8427,On Leave
EMP018610,Michael,Anderson,Michael Anderson,65,Operations,Analyst,Miami,80796.81,4543.65,2022-02-26,37,61.9,michael.anderson@company.com,(225) 257-6609,Active
EMP018611,Jessica,Johnson,Jessica Johnson,23,Legal,Associate,New York,53535.22,11294.63,2022-11-04,0,71.5,jessica.johnson@company.com,(246) 387-3919,Active
EMP018612,Lisa,Lopez,Lisa Lopez,46,Sales,Manager,Chicago,65589.98,4891.49,2023-11-14,20,75.0,lisa.lopez@company.com,(931) 533-9568,Active
EMP018613,Christopher,Smith,Christopher Smith,64,Marketing,Analyst,San Francisco,78942.73,5710.53,2022-12-22,41,100.0,christopher.smith@company.com,(427) 852-6697,Active
EMP018614,Nicole,Taylor,Nicole Taylor,43,HR,Specialist,Austin,71449.19,7754.99,2023-09-25,16,85.0,nicole.taylor@company.com,(451) 675-5948,On Leave
EMP018615,Daniel,Martin,Daniel Martin,38,Engineering,Analyst,Los Angeles,89600.61,5537.75,2024-03-20,9,55.3,daniel.martin@company.com,(488) 725-3405,Active
EMP018616,Robert,Smith,Robert Smith,62,Sales,Director,Boston,104032.94,14055.22,2022-12-29,40,67.6,robert.smith@company.com,(599) 476-9593,Active
EMP018617,Jane,Rodriguez,Jane Rodriguez,36,Finance,Analyst,New York,50063.24,0.0,2024-01-15,9,81.1,jane.rodriguez@company.com,(849) 864-9694,Active
EMP018618,Ashley,Johnson,Ashley Johnson,33,Sales,Specialist,Chicago,45206.48,1838.72,2024-07-09,11,57.7,ashley.johnson@company.com,(822) 606-6563,Active
EMP018619,Matthew,Rodriguez,Matthew Rodriguez,64,Legal,Senior Developer,San Francisco,88738.45,6415.38,2024-08-14,38,67.2,matthew.rodriguez@company.com,(967) 211-3399,On Leave
EMP018620,Lisa,Lopez,Lisa Lopez,31,IT,Associate,Chicago,95109.45,6546.64,2021-07-17,2,70.1,lisa.lopez@company.com,(494) 954-1300,Active
EMP018621,Jessica,Davis,Jessica Davis,35,Sales,Manager,San Francisco,52119.73,6681.56,2021-10-25,13,69.5,jessica.davis@company.com,(741) 352-9233,Active
EMP018622,William,Gonzalez,William Gonzalez,49,Legal,Specialist,San Francisco,114039.69,12896.21,2021-02-25,26,90.2,william.gonzalez@company.com,(805) 724-5924,Active
EMP018623,Michael,Anderson,Michael Anderson,46,Finance,Director,Los Angeles,51433.03,6460.3,2022-09-05,24,71.9,michael.anderson@company.com,(351) 705-2997,Active
EMP018624,William,Taylor,William Taylor,51,HR,Coordinator,Miami,96625.7,10687.86,2021-05-11,24,66.0,william.taylor@company.com,(857) 735-4595,Active
EMP018625,Anthony,Brown,Anthony Brown,42,IT,Lead,Austin,61457.06,9782.81,2021-06-04,20,68.2,anthony.brown@company.com,(446) 490-2191,Active
EMP018626,Emily,Taylor,Emily Taylor,42,Finance,Director,Seattle,64001.52,2345.47,2020-11-27,15,70.0,emily.taylor@company.com,(738) 567-7702,On Leave
EMP018627,William,Martin,William Martin,49,Legal,Associate,Chicago,129202.13,7441.2,2023-11-06,27,62.7,william.martin@company.com,(746) 578-3267,Active
EMP018628,Sarah,Gonzalez,Sarah Gonzalez,30,Legal,Manager,Austin,70430.77,3808.93,2023-08-10,4,80.0,sarah.gonzalez@company.com,(999) 616-7372,Active
EMP018629,Jane,Taylor,Jane Taylor,50,Finance,Associate,Los Angeles,76782.79,4527.13,2022-04-01,25,81.5,jane.taylor@company.com,(252) 258-5479,Active
EMP018630,Amanda,Miller,Amanda Miller,25,IT,Director,Chicago,52940.84,1849.53,2023-01-19,0,74.3,amanda.miller@company.com,(664) 883-1065,Active
EMP018631,William,Moore,William Moore,56,Engineering,Associate,San Francisco,108821.54,14328.11,2022-07-24,34,71.2,william.moore@company.com,(803) 777-6885,Inactive
EMP018632,Amanda,Hernandez,Amanda Hernandez,38,HR,Director,New York,41964.87,8127.67,2021-05-06,12,95.4,amanda.hernandez@company.com,(755) 226-5403,Inactive
EMP018633,Melissa,Anderson,Melissa Anderson,57,Marketing,Coordinator,New York,99299.27,18096.8,2022-05-04,31,76.3,melissa.anderson@company.com,(397) 321-4899,Active
EMP018634,Anthony,Hernandez,Anthony Hernandez,34,Operations,Associate,Boston,62712.75,3416.08,2023-10-01,6,72.6,anthony.hernandez@company.com,(797) 647-5437,Inactive
EMP018635,Robert,Jackson,Robert Jackson,38,Operations,Director,Seattle,54625.33,1670.93,2020-03-25,13,99.2,robert.jackson@company.com,(213) 481-1309,Active
EMP018636,Jane,Jackson,Jane Jackson,34,IT,Coordinator,San Francisco,100635.88,6234.68,2024-12-14,9,66.1,jane.jackson@company.com,(305) 752-8706,Active
EMP018637,Jessica,Martinez,Jessica Martinez,52,IT,Specialist,Miami,82017.48,14173.33,2020-09-26,23,91.7,jessica.martinez@company.com,(691) 425-8089,Active
EMP018638,Matthew,Jones,Matthew Jones,59,Marketing,Manager,Miami,96652.53,11115.78,2020-04-30,35,90.0,matthew.jones@company.com,(777) 931-8823,Active
EMP018639,Robert,Brown,Robert Brown,36,IT,Coordinator,San Francisco,74949.5,3451.46,2021-10-29,8,54.7,robert.brown@company.com,(354) 804-8259,Active
EMP018640,James,Garcia,James Garcia,38,Operations,Lead,Seattle,51203.78,2774.97,2020-07-28,10,84.3,james.garcia@company.com,(330) 282-9842,Active
EMP018641,Sarah,Garcia,Sarah Garcia,26,Legal,Associate,Chicago,74377.59,12264.61,2023-12-28,0,66.8,sarah.garcia@company.com,(986) 958-2506,Active
EMP018642,John,Gonzalez,John Gonzalez,65,Marketing,Analyst,San Francisco,98743.24,13487.13,2022-11-17,37,66.6,john.gonzalez@company.com,(927) 259-1445,Inactive
EMP018643,Emily,Rodriguez,Emily Rodriguez,61,IT,Senior Developer,Miami,120056.56,10308.16,2024-12-30,35,72.1,emily.rodriguez@company.com,(741) 646-4293,Active
EMP018644,Matthew,Jones,Matthew Jones,51,Legal,Manager,Los Angeles,88255.31,9246.96,2022-06-13,22,43.5,matthew.jones@company.com,(691) 487-9962,Active
EMP018645,Nicole,Miller,Nicole Miller,47,Marketing,Senior Developer,Los Angeles,57453.71,8593.27,2023-11-07,22,89.4,nicole.miller@company.com,(501) 540-3298,Active
EMP018646,Nicole,Jackson,Nicole Jackson,57,Sales,Director,Miami,84748.29,7242.72,2023-02-03,29,83.0,nicole.jackson@company.com,(603) 250-4938,Active
EMP018647,Robert,Thomas,Robert Thomas,42,IT,Associate,Boston,60390.33,6631.4,2023-10-15,17,86.6,robert.thomas@company.com,(354) 428-4846,Active
EMP018648,Lisa,Rodriguez,Lisa Rodriguez,46,Engineering,Specialist,New York,72450.06,7753.22,2021-07-03,20,65.1,lisa.rodriguez@company.com,(922) 831-5178,Inactive
EMP018649,William,Miller,William Miller,56,Sales,Senior Developer,Chicago,93143.14,10071.61,2021-10-06,31,92.4,william.miller@company.com,(519) 378-4633,Active
EMP018650,Christopher,Taylor,Christopher Taylor,44,Sales,Lead,Los Angeles,75035.04,8441.53,2021-10-07,19,78.4,christopher.taylor@company.com,(470) 994-3347,Active
EMP018651,Michael,Thomas,Michael Thomas,52,Sales,Director,Austin,67588.67,8568.79,2021-09-25,25,74.7,michael.thomas@company.com,(586) 559-6180,Active
EMP018652,Emily,Rodriguez,Emily Rodriguez,58,Marketing,Coordinator,Miami,86052.49,13337.29,2024-02-13,34,71.8,emily.rodriguez@company.com,(762) 625-4205,Inactive
EMP018653,Ashley,Davis,Ashley Davis,52,Operations,Lead,New York,71017.04,14689.78,2024-10-18,23,79.6,ashley.davis@company.com,(521) 613-9342,Active
EMP018654,Stephanie,Garcia,Stephanie Garcia,45,HR,Director,Austin,68162.19,5136.42,2024-02-24,19,91.4,stephanie.garcia@company.com,(533) 366-6411,Active
EMP018655,Anthony,Thomas,Anthony Thomas,46,Operations,Analyst,San Francisco,69303.0,9421.84,2024-03-28,20,78.2,anthony.thomas@company.com,(300) 980-8901,Active
EMP018656,Lisa,Johnson,Lisa Johnson,50,Operations,Manager,Los Angeles,42906.21,5304.57,2020-11-30,26,88.0,lisa.johnson@company.com,(733) 238-7788,Active
EMP018657,Melissa,Rodriguez,Melissa Rodriguez,61,Engineering,Senior Developer,New York,106599.52,6615.47,2022-02-02,37,80.4,melissa.rodriguez@company.com,(705) 537-1166,Inactive
EMP018658,David,Garcia,David Garcia,58,Finance,Lead,Seattle,71727.61,8447.03,2021-11-24,32,92.7,david.garcia@company.com,(493) 864-9544,Active
EMP018659,Emily,Anderson,Emily Anderson,28,Finance,Lead,Los Angeles,49415.65,2893.08,2021-08-12,0,74.5,emily.anderson@company.com,(227) 230-5170,Active
EMP018660,Ashley,Williams,Ashley Williams,47,Finance,Lead,Chicago,45461.66,4655.97,2023-10-08,23,100.0,ashley.williams@company.com,(914) 671-1831,Active
EMP018661,William,Brown,William Brown,46,Sales,Associate,Boston,70029.6,5478.58,2021-04-24,22,66.3,william.brown@company.com,(338) 965-5511,Active
EMP018662,Amanda,Williams,Amanda Williams,40,Engineering,Specialist,New York,91804.22,14459.6,2022-07-27,11,77.6,amanda.williams@company.com,(270) 572-8101,Active
EMP018663,Emily,Taylor,Emily Taylor,57,Marketing,Specialist,Los Angeles,77669.22,12930.04,2024-09-14,29,68.6,emily.taylor@company.com,(415) 810-5307,On Leave
EMP018664,Jane,Moore,Jane Moore,32,Marketing,Specialist,San Francisco,61127.87,3723.69,2021-04-13,5,100.0,jane.moore@company.com,(815) 515-9499,Inactive
EMP018665,Christopher,Smith,Christopher Smith,53,Legal,Lead,Boston,131384.27,9079.95,2024-09-02,29,100.0,christopher.smith@company.com,(360) 526-1484,Active
EMP018666,Robert,Johnson,Robert Johnson,25,Operations,Director,New York,44994.11,1583.73,2024-09-12,0,91.9,robert.johnson@company.com,(550) 978-4128,Active
EMP018667,Michael,Martinez,Michael Martinez,60,Sales,Specialist,New York,84554.69,9540.74,2022-07-09,33,75.8,michael.martinez@company.com,(787) 623-2995,Active
EMP018668,David,Lopez,David Lopez,48,HR,Specialist,Miami,75128.41,10011.81,2020-09-06,20,69.4,david.lopez@company.com,(520) 500-5679,On Leave
EMP018669,James,Garcia,James Garcia,40,Engineering,Coordinator,Los Angeles,107478.14,0.0,2024-06-18,12,65.6,james.garcia@company.com,(235) 226-3590,Active
EMP018670,Nicole,Martin,Nicole Martin,53,Marketing,Coordinator,Seattle,90530.12,12211.4,2020-01-14,25,66.0,nicole.martin@company.com,(653) 895-7640,Active
EMP018671,Jessica,Hernandez,Jessica Hernandez,50,Legal,Director,Seattle,67009.04,5371.14,2022-05-29,22,91.7,jessica.hernandez@company.com,(317) 524-6478,Active
EMP018672,Emily,Garcia,Emily Garcia,31,Operations,Director,San Francisco,63400.02,3634.9,2021-12-27,4,74.9,emily.garcia@company.com,(332) 773-5903,Active
EMP018673,Lisa,Gonzalez,Lisa Gonzalez,60,Engineering,Coordinator,Boston,122778.32,0.0,2022-09-01,34,85.5,lisa.gonzalez@company.com,(730) 346-2844,Active
EMP018674,Michael,Williams,Michael Williams,52,Legal,Associate,Miami,106677.81,10750.82,2023-03-10,30,73.1,michael.williams@company.com,(365) 635-3323,Active
EMP018675,Anthony,Gonzalez,Anthony Gonzalez,65,Legal,Senior Developer,Seattle,135963.95,223.72,2022-06-03,43,66.2,anthony.gonzalez@company.com,(707) 265-9982,Active
EMP018676,Nicole,Wilson,Nicole Wilson,65,Marketing,Analyst,Boston,91358.33,2078.87,2023-06-28,40,86.6,nicole.wilson@company.com,(378) 467-8314,Active
EMP018677,Emily,Rodriguez,Emily Rodriguez,29,Marketing,Manager,New York,53685.68,5790.85,2022-04-28,6,96.6,emily.rodriguez@company.com,(814) 829-2367,Active
EMP018678,Matthew,Jackson,Matthew Jackson,40,HR,Coordinator,Seattle,41888.02,2070.18,2023-05-15,16,75.2,matthew.jackson@company.com,(664) 719-8984,Active
EMP018679,David,Jones,David Jones,58,Operations,Coordinator,Los Angeles,66323.08,5488.25,2022-02-08,32,54.4,david.jones@company.com,(963) 218-9676,Active
EMP018680,Jane,Jackson,Jane Jackson,26,Finance,Director,New York,33000.0,4545.79,2022-03-22,0,71.5,jane.jackson@company.com,(297) 217-6383,On Leave
EMP018681,Emily,Gonzalez,Emily Gonzalez,65,Legal,Director,Chicago,134750.38,10224.0,2022-09-17,37,63.3,emily.gonzalez@company.com,(753) 314-1384,Active
EMP018682,Jane,Wilson,Jane Wilson,37,Operations,Director,Miami,47146.95,5326.44,2021-03-04,15,71.6,jane.wilson@company.com,(659) 323-4972,Active
EMP018683,John,Hernandez,John Hernandez,50,Marketing,Lead,Seattle,99589.72,13248.05,2022-03-11,28,85.5,john.hernandez@company.com,(864) 457-9538,Active
EMP018684,Jessica,Smith,Jessica Smith,65,IT,Manager,Los Angeles,129816.7,15530.92,2022-07-18,37,59.0,jessica.smith@company.com,(549) 887-1137,Active
EMP018685,Daniel,Smith,Daniel Smith,35,IT,Coordinator,San Francisco,82763.74,9355.2,2023-01-20,11,76.3,daniel.smith@company.com,(368) 457-8684,Active
EMP018686,Lisa,Moore,Lisa Moore,62,Legal,Manager,New York,120031.2,11977.17,2020-04-27,39,72.8,lisa.moore@company.com,(789) 776-1368,Active
EMP018687,Robert,Garcia,Robert Garcia,36,Legal,Director,Los Angeles,69626.49,7069.2,2020-08-29,13,56.7,robert.garcia@company.com,(502) 621-5886,Active
EMP018688,Christopher,Lopez,Christopher Lopez,31,Sales,Analyst,Seattle,76623.53,1684.67,2021-01-04,3,45.3,christopher.lopez@company.com,(202) 730-1288,Active
EMP018689,Lisa,Anderson,Lisa Anderson,55,Legal,Specialist,Los Angeles,87147.17,3448.33,2024-05-11,30,96.2,lisa.anderson@company.com,(686) 709-7209,Active
EMP018690,Jane,Johnson,Jane Johnson,22,HR,Lead,New York,42320.35,4189.66,2023-03-26,0,85.4,jane.johnson@company.com,(314) 342-6744,Active
EMP018691,William,Smith,William Smith,50,HR,Senior Developer,Chicago,76558.53,7962.2,2023-12-18,21,73.1,william.smith@company.com,(860) 833-4044,Active
EMP018692,Amanda,Jackson,Amanda Jackson,45,Marketing,Coordinator,San Francisco,69310.93,5710.52,2021-05-23,22,64.5,amanda.jackson@company.com,(510) 602-5565,Inactive
EMP018693,Stephanie,Miller,Stephanie Miller,52,Engineering,Specialist,San Francisco,100408.41,7522.26,2020-08-22,30,92.5,stephanie.miller@company.com,(416) 519-1219,Inactive
EMP018694,Melissa,Martin,Melissa Martin,35,Finance,Specialist,New York,85933.31,6252.97,2021-10-10,12,53.7,melissa.martin@company.com,(506) 596-6218,Active
EMP018695,Daniel,Gonzalez,Daniel Gonzalez,40,Sales,Coordinator,San Francisco,79098.17,10670.58,2024-01-15,13,59.1,daniel.gonzalez@company.com,(679) 311-9011,Active
EMP018696,Jessica,Gonzalez,Jessica Gonzalez,23,IT,Specialist,San Francisco,55461.73,4646.48,2021-03-21,0,71.1,jessica.gonzalez@company.com,(825) 766-2201,Active
EMP018697,James,Anderson,James Anderson,44,Operations,Senior Developer,New York,66049.33,7450.17,2024-01-23,22,77.8,james.anderson@company.com,(525) 279-5873,On Leave
EMP018698,John,Jones,John Jones,56,IT,Analyst,New York,93274.99,9611.67,2024-03-03,29,80.3,john.jones@company.com,(863) 707-7085,Active
EMP018699,William,Moore,William Moore,31,Legal,Coordinator,Austin,67542.28,8903.0,2022-09-03,6,44.4,william.moore@company.com,(852) 611-2612,Active
EMP018700,Nicole,Garcia,Nicole Garcia,29,Sales,Manager,Boston,79959.77,10989.12,2023-07-25,6,67.1,nicole.garcia@company.com,(475) 673-4095,Inactive
EMP018701,Ashley,Williams,Ashley Williams,31,HR,Manager,Chicago,54866.32,639.96,2023-01-11,7,92.0,ashley.williams@company.com,(757) 707-7210,Active
EMP018702,Stephanie,Moore,Stephanie Moore,40,IT,Coordinator,New York,51047.31,4449.76,2021-09-05,11,50.7,stephanie.moore@company.com,(618) 473-8089,Active
EMP018703,Anthony,Davis,Anthony Davis,65,Finance,Senior Developer,Austin,120225.18,23629.93,2023-06-04,40,64.7,anthony.davis@company.com,(976) 961-9091,Active
EMP018704,Melissa,Rodriguez,Melissa Rodriguez,27,IT,Specialist,Los Angeles,70300.33,15182.65,2022-11-19,4,60.3,melissa.rodriguez@company.com,(483) 370-2410,Active
EMP018705,James,Taylor,James Taylor,32,Operations,Specialist,Boston,91480.06,8764.51,2022-06-04,10,55.3,james.taylor@company.com,(273) 881-9032,Active
EMP018706,Jane,Taylor,Jane Taylor,59,Operations,Specialist,New York,75423.94,6750.21,2020-03-09,33,62.3,jane.taylor@company.com,(476) 811-4900,Inactive
EMP018707,John,Johnson,John Johnson,37,Engineering,Analyst,Los Angeles,119221.83,18546.88,2020-12-11,15,95.5,john.johnson@company.com,(813) 568-5205,Active
EMP018708,Matthew,Jackson,Matthew Jackson,30,Finance,Associate,Seattle,79129.01,0.0,2024-08-20,7,74.4,matthew.jackson@company.com,(294) 995-1771,Active
EMP018709,Jane,Davis,Jane Davis,38,Legal,Associate,New York,75443.18,4077.82,2024-03-06,12,94.2,jane.davis@company.com,(989) 415-3074,Active
EMP018710,Melissa,Wilson,Melissa Wilson,23,Sales,Manager,Boston,51630.97,3056.4,2024-09-24,0,80.7,melissa.wilson@company.com,(699) 395-3606,Active
EMP018711,Amanda,Rodriguez,Amanda Rodriguez,49,Engineering,Coordinator,Austin,146486.86,23822.76,2023-12-31,23,50.7,amanda.rodriguez@company.com,(678) 393-6471,Active
EMP018712,Melissa,Martin,Melissa Martin,48,Marketing,Senior Developer,Chicago,89259.61,14280.76,2022-03-03,23,77.2,melissa.martin@company.com,(549) 202-9479,Active
EMP018713,Robert,Brown,Robert Brown,55,HR,Manager,New York,58652.42,4526.65,2022-10-18,28,78.7,robert.brown@company.com,(977) 622-4953,Active
EMP018714,Jessica,Wilson,Jessica Wilson,53,Sales,Lead,San Francisco,85470.32,706.42,2022-01-27,25,68.1,jessica.wilson@company.com,(668) 849-8450,Active
EMP018715,Robert,Garcia,Robert Garcia,48,Sales,Senior Developer,Los Angeles,85862.56,7035.13,2022-05-22,20,67.0,robert.garcia@company.com,(517) 959-8126,Active
EMP018716,James,Rodriguez,James Rodriguez,39,IT,Lead,Boston,91153.88,5578.59,2024-10-11,14,74.4,james.rodriguez@company.com,(340) 829-8193,Active
EMP018717,Emily,Gonzalez,Emily Gonzalez,40,HR,Director,Austin,93778.26,10823.75,2021-01-26,14,95.5,emily.gonzalez@company.com,(351) 924-7870,Active
EMP018718,Jane,Lopez,Jane Lopez,22,IT,Analyst,Los Angeles,89198.25,4786.23,2022-07-28,0,89.6,jane.lopez@company.com,(542) 213-6502,Active
EMP018719,William,Williams,William Williams,27,Legal,Specialist,Seattle,57596.62,3204.35,2024-09-05,0,74.4,william.williams@company.com,(869) 368-8202,Active
EMP018720,Stephanie,Martin,Stephanie Martin,42,Operations,Associate,Austin,76836.02,9132.57,2023-07-07,14,45.0,stephanie.martin@company.com,(907) 974-8926,On Leave
EMP018721,Christopher,Lopez,Christopher Lopez,36,Sales,Lead,New York,51277.04,4462.49,2023-08-05,14,82.2,christopher.lopez@company.com,(913) 837-9719,Active
EMP018722,Jane,Davis,Jane Davis,34,Legal,Manager,Boston,104257.75,9943.67,2024-11-06,11,59.1,jane.davis@company.com,(918) 266-4148,Active
EMP018723,Melissa,Martinez,Melissa Martinez,40,Finance,Coordinator,Miami,87494.77,13538.78,2021-02-22,18,83.9,melissa.martinez@company.com,(758) 464-4132,Active
EMP018724,William,Williams,William Williams,62,IT,Analyst,New York,114137.48,14376.82,2021-12-27,40,100.0,william.williams@company.com,(327) 936-6727,Active
EMP018725,Jane,Lopez,Jane Lopez,45,Marketing,Senior Developer,Miami,74378.93,11133.81,2023-12-28,17,92.8,jane.lopez@company.com,(985) 366-3667,Active
EMP018726,Stephanie,Brown,Stephanie Brown,25,IT,Lead,Seattle,109070.11,16792.27,2020-06-20,0,71.6,stephanie.brown@company.com,(777) 337-4495,Active
EMP018727,Emily,Taylor,Emily Taylor,31,Finance,Analyst,Miami,75384.77,4869.25,2022-01-19,7,94.5,emily.taylor@company.com,(572) 309-7081,Active
EMP018728,Stephanie,Garcia,Stephanie Garcia,34,Marketing,Coordinator,Austin,71948.83,11774.02,2024-04-06,12,83.2,stephanie.garcia@company.com,(352) 651-3691,Active
EMP018729,Christopher,Anderson,Christopher Anderson,36,Legal,Associate,Chicago,97306.47,21746.59,2024-10-06,11,47.4,christopher.anderson@company.com,(203) 935-6449,Active
EMP018730,Michael,Rodriguez,Michael Rodriguez,43,Finance,Manager,Los Angeles,68234.99,3349.84,2024-08-24,18,74.4,michael.rodriguez@company.com,(957) 384-3250,Inactive
EMP018731,John,Garcia,John Garcia,56,HR,Specialist,San Francisco,67407.96,8040.88,2020-03-24,27,64.2,john.garcia@company.com,(501) 727-9940,Active
EMP018732,John,Johnson,John Johnson,59,HR,Specialist,Seattle,91294.95,5188.15,2020-05-21,35,61.2,john.johnson@company.com,(442) 391-5548,Active
EMP018733,William,Garcia,William Garcia,53,Engineering,Senior Developer,Los Angeles,97356.64,6656.12,2024-01-18,27,69.3,william.garcia@company.com,(594) 686-4888,Active
EMP018734,Jessica,Jones,Jessica Jones,56,Operations,Lead,Austin,79603.6,7559.6,2024-05-10,34,80.5,jessica.jones@company.com,(540) 415-7548,Active
EMP018735,James,Anderson,James Anderson,25,Legal,Lead,Austin,74117.48,4543.19,2022-05-28,0,55.2,james.anderson@company.com,(436) 366-1745,Active
EMP018736,James,Martin,James Martin,38,Legal,Manager,Los Angeles,96493.71,13602.65,2021-10-14,16,87.2,james.martin@company.com,(910) 852-2825,Active
EMP018737,Emily,Hernandez,Emily Hernandez,50,Finance,Analyst,Austin,80529.78,9474.35,2020-03-07,21,71.8,emily.hernandez@company.com,(562) 803-5556,Active
EMP018738,Stephanie,Thomas,Stephanie Thomas,45,Engineering,Lead,New York,121039.34,11677.06,2023-02-01,19,97.2,stephanie.thomas@company.com,(587) 372-3031,Active
EMP018739,David,Garcia,David Garcia,46,Sales,Senior Developer,San Francisco,54204.38,4677.95,2021-12-06,18,88.7,david.garcia@company.com,(981) 278-6347,Active
EMP018740,Matthew,Anderson,Matthew Anderson,52,HR,Specialist,Chicago,73245.2,12802.1,2021-03-25,24,85.8,matthew.anderson@company.com,(730) 989-3697,Inactive
EMP018741,David,Hernandez,David Hernandez,28,Engineering,Senior Developer,New York,89323.91,12945.59,2022-12-15,5,100.0,david.hernandez@company.com,(798) 432-2667,Active
EMP018742,Daniel,Williams,Daniel Williams,50,Sales,Analyst,San Francisco,96605.96,9580.97,2020-03-25,21,74.8,daniel.williams@company.com,(771) 936-6272,Active
EMP018743,Nicole,Lopez,Nicole Lopez,41,Operations,Director,Los Angeles,43794.02,5901.74,2024-11-26,12,80.7,nicole.lopez@company.com,(709) 817-7304,Active
EMP018744,Michael,Wilson,Michael Wilson,27,Marketing,Analyst,Austin,53516.8,9470.0,2021-08-18,0,69.0,michael.wilson@company.com,(249) 576-7605,Active
EMP018745,Jane,Rodriguez,Jane Rodriguez,57,HR,Senior Developer,Austin,74646.57,478.99,2022-08-15,30,66.4,jane.rodriguez@company.com,(496) 411-5475,Active
EMP018746,David,Taylor,David Taylor,34,Legal,Manager,New York,92019.05,13011.85,2020-10-03,9,56.9,david.taylor@company.com,(408) 619-9631,Active
EMP018747,Lisa,Jones,Lisa Jones,45,IT,Manager,Chicago,104726.1,9014.11,2021-02-05,19,75.1,lisa.jones@company.com,(638) 362-2616,Active
EMP018748,Lisa,Wilson,Lisa Wilson,42,Legal,Associate,New York,85353.86,4560.46,2022-09-10,18,82.8,lisa.wilson@company.com,(404) 591-2508,Active
EMP018749,Anthony,Smith,Anthony Smith,36,Engineering,Associate,New York,79256.36,21189.2,2024-07-17,11,85.2,anthony.smith@company.com,(490) 411-9773,Active
EMP018750,William,Taylor,William Taylor,33,Engineering,Senior Developer,Seattle,89783.55,15072.84,2024-04-20,5,100.0,william.taylor@company.com,(985) 555-4274,Active
EMP018751,Nicole,Martinez,Nicole Martinez,56,Sales,Associate,Los Angeles,99762.84,9576.27,2024-03-04,32,80.7,nicole.martinez@company.com,(399) 554-9810,Active
EMP018752,Melissa,Davis,Melissa Davis,42,HR,Lead,Miami,49809.0,2388.16,2024-04-28,18,63.5,melissa.davis@company.com,(349) 502-5346,Active
EMP018753,Robert,Brown,Robert Brown,24,Marketing,Analyst,New York,48023.89,2961.81,2020-07-24,0,79.2,robert.brown@company.com,(452) 277-8536,Active
EMP018754,Anthony,Moore,Anthony Moore,49,Operations,Senior Developer,Austin,66740.0,10223.08,2022-03-28,27,81.7,anthony.moore@company.com,(464) 401-5101,Active
EMP018755,Lisa,Johnson,Lisa Johnson,25,Operations,Specialist,Miami,47713.37,4716.03,2024-07-26,0,79.3,lisa.johnson@company.com,(417) 370-9747,Active
EMP018756,Christopher,Williams,Christopher Williams,37,Finance,Senior Developer,Chicago,57911.9,8832.39,2024-04-23,10,90.2,christopher.williams@company.com,(755) 701-9466,Active
EMP018757,Ashley,Martinez,Ashley Martinez,48,IT,Associate,Los Angeles,101641.88,2313.03,2020-05-16,25,51.7,ashley.martinez@company.com,(790) 566-8492,Active
EMP018758,Emily,Lopez,Emily Lopez,43,Legal,Associate,Austin,78720.86,2791.03,2023-01-04,16,43.0,emily.lopez@company.com,(636) 914-7014,Active
EMP018759,Daniel,Rodriguez,Daniel Rodriguez,40,Legal,Specialist,Seattle,37703.32,1441.26,2023-04-20,12,50.1,daniel.rodriguez@company.com,(866) 504-3018,Active
EMP018760,David,Brown,David Brown,32,Finance,Coordinator,San Francisco,82014.62,4169.27,2023-04-13,10,58.3,david.brown@company.com,(246) 482-8250,Active
EMP018761,Jane,Johnson,Jane Johnson,40,IT,Analyst,Seattle,103562.19,15958.08,2020-01-01,12,83.7,jane.johnson@company.com,(933) 647-4690,Active
EMP018762,Anthony,Miller,Anthony Miller,60,IT,Associate,Miami,108051.06,17973.06,2022-09-21,35,47.2,anthony.miller@company.com,(237) 800-7857,On Leave
EMP018763,Nicole,Gonzalez,Nicole Gonzalez,51,Marketing,Associate,Miami,115056.47,14156.13,2024-10-10,22,91.4,nicole.gonzalez@company.com,(697) 647-3936,Active
EMP018764,John,Hernandez,John Hernandez,45,Operations,Analyst,New York,79219.55,9955.98,2023-03-06,23,58.0,john.hernandez@company.com,(356) 339-8876,Active
EMP018765,Anthony,Garcia,Anthony Garcia,41,Finance,Associate,Boston,101040.24,4367.25,2020-10-06,16,58.6,anthony.garcia@company.com,(241) 743-8157,Inactive
EMP018766,Sarah,Martinez,Sarah Martinez,23,Sales,Specialist,Chicago,59858.01,6823.23,2023-09-19,0,68.3,sarah.martinez@company.com,(883) 719-7192,Active
EMP018767,James,Taylor,James Taylor,38,Sales,Coordinator,San Francisco,56047.44,7301.06,2024-07-14,12,80.3,james.taylor@company.com,(906) 846-3156,Active
EMP018768,Melissa,Rodriguez,Melissa Rodriguez,29,Engineering,Associate,Los Angeles,81962.88,0.0,2023-12-26,2,94.7,melissa.rodriguez@company.com,(710) 719-8295,Inactive
EMP018769,David,Garcia,David Garcia,38,Legal,Director,Austin,130265.54,15533.32,2021-11-13,12,100.0,david.garcia@company.com,(841) 342-5384,Active
EMP018770,Jane,Jackson,Jane Jackson,55,Finance,Analyst,New York,81814.75,8459.37,2021-02-26,30,64.0,jane.jackson@company.com,(810) 802-8300,Active
EMP018771,Jane,Jones,Jane Jones,48,Operations,Analyst,San Francisco,67507.09,5766.34,2020-09-18,22,65.7,jane.jones@company.com,(481) 885-3586,Active
EMP018772,Lisa,Miller,Lisa Miller,61,Marketing,Analyst,New York,60703.97,2090.17,2024-01-16,38,87.2,lisa.miller@company.com,(298) 691-4268,Active
EMP018773,Sarah,Moore,Sarah Moore,59,IT,Associate,Chicago,101537.57,11877.52,2022-03-21,31,67.9,sarah.moore@company.com,(234) 808-2012,Active
EMP018774,Michael,Rodriguez,Michael Rodriguez,56,IT,Associate,Miami,101384.4,9558.86,2022-06-08,29,64.9,michael.rodriguez@company.com,(966) 821-9041,Active
EMP018775,Ashley,Wilson,Ashley Wilson,64,Marketing,Senior Developer,Austin,110780.11,4915.13,2023-11-22,38,58.1,ashley.wilson@company.com,(867) 927-2472,Active
EMP018776,Matthew,Smith,Matthew Smith,46,Operations,Senior Developer,San Francisco,65514.25,7992.09,2024-10-16,19,83.8,matthew.smith@company.com,(667) 887-5813,Active
EMP018777,Amanda,Jackson,Amanda Jackson,27,Sales,Lead,Austin,48581.89,2424.78,2022-02-21,0,63.7,amanda.jackson@company.com,(384) 704-8909,Active
EMP018778,Anthony,Jackson,Anthony Jackson,23,IT,Senior Developer,Austin,51905.34,9102.3,2021-11-09,0,72.8,anthony.jackson@company.com,(695) 679-3270,Inactive
EMP018779,Anthony,Brown,Anthony Brown,59,HR,Coordinator,Austin,67388.24,6380.64,2021-07-26,32,74.3,anthony.brown@company.com,(458) 714-2935,Active
EMP018780,Anthony,Rodriguez,Anthony Rodriguez,58,Finance,Coordinator,Chicago,81422.51,6965.05,2020-08-14,30,93.9,anthony.rodriguez@company.com,(384) 257-4009,Active
EMP018781,Nicole,Miller,Nicole Miller,35,Finance,Analyst,San Francisco,72338.59,9268.58,2021-01-04,13,94.0,nicole.miller@company.com,(699) 519-7702,Active
EMP018782,Jessica,Davis,Jessica Davis,44,Operations,Manager,Los Angeles,58885.51,6440.38,2024-10-10,21,98.2,jessica.davis@company.com,(930) 922-3300,Active
EMP018783,Robert,Taylor,Robert Taylor,46,Finance,Senior Developer,San Francisco,75964.76,5348.31,2023-08-09,24,85.4,robert.taylor@company.com,(917) 313-3329,Active
EMP018784,David,Hernandez,David Hernandez,28,HR,Analyst,New York,76738.0,10945.77,2023-12-21,5,83.9,david.hernandez@company.com,(319) 432-6891,Active
EMP018785,Matthew,Garcia,Matthew Garcia,29,Operations,Manager,Seattle,41856.77,5011.48,2024-10-26,3,71.4,matthew.garcia@company.com,(481) 688-2621,Active
EMP018786,Robert,Martinez,Robert Martinez,41,Sales,Director,Chicago,100188.38,15442.6,2024-01-15,15,70.0,robert.martinez@company.com,(886) 306-5361,Active
EMP018787,Lisa,Jones,Lisa Jones,60,Finance,Specialist,Miami,70712.58,11617.95,2020-10-25,33,59.5,lisa.jones@company.com,(840) 231-3104,Active
EMP018788,William,Smith,William Smith,38,Finance,Manager,Miami,94476.85,17640.16,2024-08-22,16,56.8,william.smith@company.com,(852) 341-6757,Active
EMP018789,Stephanie,Johnson,Stephanie Johnson,59,Sales,Associate,San Francisco,66283.78,7781.61,2021-02-24,34,59.4,stephanie.johnson@company.com,(946) 834-6481,Active
EMP018790,Lisa,Moore,Lisa Moore,47,Marketing,Analyst,New York,74713.76,18145.75,2023-05-01,21,56.5,lisa.moore@company.com,(699) 687-8487,Active
EMP018791,James,Anderson,James Anderson,46,IT,Senior Developer,San Francisco,58412.8,6044.43,2022-06-24,24,92.0,james.anderson@company.com,(513) 259-6751,Active
EMP018792,Michael,Martinez,Michael Martinez,63,HR,Specialist,Chicago,90918.67,12821.7,2023-12-20,35,69.3,michael.martinez@company.com,(855) 955-2769,Active
EMP018793,Emily,Anderson,Emily Anderson,29,Sales,Coordinator,Los Angeles,43658.24,2044.21,2024-03-26,4,80.6,emily.anderson@company.com,(328) 284-6231,Active
EMP018794,Lisa,Jones,Lisa Jones,62,Marketing,Senior Developer,San Francisco,89400.12,11589.99,2021-05-21,34,75.1,lisa.jones@company.com,(275) 706-8192,Active
EMP018795,Matthew,Williams,Matthew Williams,65,Finance,Associate,Austin,98473.9,14524.21,2024-07-23,38,70.0,matthew.williams@company.com,(233) 608-4805,Active
EMP018796,Jane,Brown,Jane Brown,59,Sales,Senior Developer,Los Angeles,79162.6,12590.89,2024-05-20,30,69.4,jane.brown@company.com,(710) 280-4086,Inactive
EMP018797,Michael,Moore,Michael Moore,30,Legal,Lead,Los Angeles,90947.28,9547.12,2021-01-30,8,79.3,michael.moore@company.com,(553) 474-6568,Active
EMP018798,Melissa,Miller,Melissa Miller,57,HR,Manager,Austin,71519.87,5250.23,2024-03-01,31,84.8,melissa.miller@company.com,(500) 930-8218,Active
EMP018799,Lisa,Garcia,Lisa Garcia,32,Sales,Director,Austin,67985.92,6106.67,2023-01-19,3,85.4,lisa.garcia@company.com,(218) 587-9022,Active
EMP018800,Jessica,Garcia,Jessica Garcia,47,Legal,Specialist,New York,122929.86,11734.09,2020-03-20,19,61.4,jessica.garcia@company.com,(694) 443-1533,Inactive
EMP018801,Sarah,Thomas,Sarah Thomas,52,Sales,Director,Miami,88210.52,17495.27,2024-09-07,25,71.2,sarah.thomas@company.com,(355) 843-1131,Active
EMP018802,Amanda,Anderson,Amanda Anderson,29,Engineering,Coordinator,Chicago,76566.1,9109.26,2023-12-14,5,70.8,amanda.anderson@company.com,(726) 340-4404,Active
EMP018803,Nicole,Gonzalez,Nicole Gonzalez,25,HR,Lead,Austin,27000.0,0.0,2024-09-26,0,69.9,nicole.gonzalez@company.com,(515) 989-7244,Active
EMP018804,Stephanie,Thomas,Stephanie Thomas,39,HR,Coordinator,Chicago,63056.57,5602.65,2020-07-28,12,68.7,stephanie.thomas@company.com,(203) 766-1104,Active
EMP018805,Sarah,Gonzalez,Sarah Gonzalez,41,Operations,Specialist,Austin,73996.23,2229.73,2023-10-12,19,78.4,sarah.gonzalez@company.com,(337) 898-8074,Active
EMP018806,David,Lopez,David Lopez,35,Operations,Associate,Austin,54295.4,3933.18,2021-04-23,6,84.5,david.lopez@company.com,(364) 399-5681,Active
EMP018807,Stephanie,Brown,Stephanie Brown,47,Engineering,Specialist,Chicago,92433.05,4891.39,2024-09-20,23,75.2,stephanie.brown@company.com,(944) 477-7141,Active
EMP018808,John,Davis,John Davis,24,Sales,Senior Developer,Los Angeles,65320.35,7994.26,2023-07-27,0,71.8,john.davis@company.com,(705) 335-3092,Active
EMP018809,Emily,Miller,Emily Miller,45,Marketing,Lead,Seattle,91821.42,7100.02,2020-05-21,16,92.0,emily.miller@company.com,(659) 510-3934,Active
EMP018810,Amanda,Jackson,Amanda Jackson,62,Legal,Senior Developer,Austin,77497.52,6122.0,2024-07-20,35,76.5,amanda.jackson@company.com,(669) 391-8167,Active
EMP018811,Melissa,Gonzalez,Melissa Gonzalez,57,IT,Lead,San Francisco,83585.6,9463.3,2020-10-29,31,76.2,melissa.gonzalez@company.com,(462) 318-6549,Active
EMP018812,Jane,Anderson,Jane Anderson,44,Legal,Associate,Miami,89305.69,3807.74,2020-09-01,17,70.7,jane.anderson@company.com,(305) 760-2773,Active
EMP018813,Sarah,Smith,Sarah Smith,65,HR,Manager,Seattle,85213.41,14957.53,2020-08-03,43,63.7,sarah.smith@company.com,(909) 982-5073,On Leave
EMP018814,Matthew,Miller,Matthew Miller,32,Finance,Senior Developer,Los Angeles,85284.22,14410.54,2020-01-19,4,80.9,matthew.miller@company.com,(556) 204-1574,Active
EMP018815,Jessica,Martinez,Jessica Martinez,29,Legal,Coordinator,Boston,71215.4,5327.17,2023-01-28,5,62.7,jessica.martinez@company.com,(785) 551-9896,Active
EMP018816,Amanda,Gonzalez,Amanda Gonzalez,34,Marketing,Senior Developer,Boston,67571.92,12381.96,2022-10-20,7,73.2,amanda.gonzalez@company.com,(309) 646-3851,Inactive
EMP018817,Michael,Martin,Michael Martin,28,Marketing,Director,San Francisco,60026.61,4344.37,2023-08-02,3,48.2,michael.martin@company.com,(474) 280-7407,Active
EMP018818,Amanda,Davis,Amanda Davis,56,Finance,Manager,San Francisco,86794.41,13083.36,2022-02-19,33,69.7,amanda.davis@company.com,(272) 787-4013,Active
EMP018819,Matthew,Anderson,Matthew Anderson,55,Legal,Director,Boston,96770.56,3993.77,2022-08-06,32,79.8,matthew.anderson@company.com,(352) 504-3846,Active
EMP018820,William,Gonzalez,William Gonzalez,43,Finance,Associate,Seattle,41966.19,5587.5,2024-05-07,21,55.8,william.gonzalez@company.com,(548) 257-9021,Active
EMP018821,Emily,Smith,Emily Smith,44,Legal,Coordinator,Seattle,111906.98,16794.51,2022-10-02,15,85.3,emily.smith@company.com,(973) 410-9652,Active
EMP018822,Sarah,Moore,Sarah Moore,37,HR,Lead,Chicago,51362.4,5702.7,2020-02-27,13,91.4,sarah.moore@company.com,(727) 400-7993,Active
EMP018823,Christopher,Davis,Christopher Davis,28,Sales,Senior Developer,Chicago,32664.67,851.07,2024-10-08,4,100.0,christopher.davis@company.com,(661) 631-9612,Active
EMP018824,James,Martinez,James Martinez,37,Marketing,Coordinator,San Francisco,92780.52,3910.28,2020-07-08,13,80.9,james.martinez@company.com,(852) 970-2804,Active
EMP018825,Robert,Martin,Robert Martin,32,Sales,Associate,Seattle,87933.42,11414.91,2024-12-18,3,83.7,robert.martin@company.com,(918) 306-3209,Active
EMP018826,William,Rodriguez,William Rodriguez,28,Operations,Specialist,New York,64694.09,2522.56,2024-08-24,0,68.4,william.rodriguez@company.com,(919) 320-4388,Active
EMP018827,Nicole,Miller,Nicole Miller,25,Sales,Manager,Boston,74175.77,5316.87,2021-12-09,2,76.1,nicole.miller@company.com,(660) 501-8505,Active
EMP018828,James,Miller,James Miller,64,Sales,Director,Seattle,65405.43,4791.58,2024-02-10,38,99.4,james.miller@company.com,(640) 910-3355,Active
EMP018829,Stephanie,Thomas,Stephanie Thomas,31,IT,Manager,Austin,54821.93,5321.27,2021-10-14,4,70.9,stephanie.thomas@company.com,(721) 694-2037,Active
EMP018830,Michael,Brown,Michael Brown,65,HR,Director,Austin,94018.07,7020.66,2024-07-04,37,77.0,michael.brown@company.com,(353) 450-2541,Active
EMP018831,Michael,Jackson,Michael Jackson,28,Legal,Manager,Seattle,55663.96,7344.2,2022-09-21,4,77.6,michael.jackson@company.com,(679) 858-9131,Inactive
EMP018832,Jessica,Lopez,Jessica Lopez,63,Legal,Manager,Seattle,127375.67,19754.01,2020-03-31,35,77.0,jessica.lopez@company.com,(384) 512-9082,Active
EMP018833,Michael,Jones,Michael Jones,34,Legal,Manager,Miami,73041.94,3151.45,2021-06-09,10,83.6,michael.jones@company.com,(538) 699-6827,Active
EMP018834,Melissa,Martinez,Melissa Martinez,37,IT,Senior Developer,Miami,45442.67,6841.91,2021-01-12,15,57.9,melissa.martinez@company.com,(582) 723-4837,Active
EMP018835,Sarah,Moore,Sarah Moore,29,Engineering,Senior Developer,New York,98401.43,8797.07,2020-10-18,7,52.9,sarah.moore@company.com,(914) 911-7303,Active
EMP018836,Jessica,Gonzalez,Jessica Gonzalez,37,Marketing,Director,Austin,67165.79,4384.27,2020-12-11,10,54.6,jessica.gonzalez@company.com,(254) 556-2726,Active
EMP018837,James,Davis,James Davis,39,Finance,Coordinator,Seattle,89171.6,9005.89,2020-11-23,17,73.6,james.davis@company.com,(763) 746-3734,Active
EMP018838,James,Smith,James Smith,63,Engineering,Director,Miami,107113.86,15590.16,2024-08-07,39,46.8,james.smith@company.com,(843) 583-4674,Active
EMP018839,Nicole,Martinez,Nicole Martinez,34,HR,Lead,Boston,45277.05,0.0,2022-12-14,7,71.1,nicole.martinez@company.com,(524) 427-7583,Active
EMP018840,Emily,Jones,Emily Jones,41,HR,Analyst,San Francisco,58143.09,14194.01,2023-04-07,13,67.1,emily.jones@company.com,(568) 237-3036,Active
EMP018841,Ashley,Rodriguez,Ashley Rodriguez,41,Sales,Specialist,Chicago,78989.58,9205.21,2022-10-05,19,81.9,ashley.rodriguez@company.com,(550) 319-9812,Active
EMP018842,Amanda,Jackson,Amanda Jackson,57,IT,Director,San Francisco,92309.74,3622.85,2020-02-18,28,69.4,amanda.jackson@company.com,(921) 450-3247,Active
EMP018843,James,Taylor,James Taylor,50,Engineering,Analyst,Chicago,135419.1,12937.57,2021-12-19,26,83.9,james.taylor@company.com,(597) 558-3387,Active
EMP018844,Robert,Martin,Robert Martin,44,IT,Manager,New York,108029.67,14624.83,2024-12-22,16,61.1,robert.martin@company.com,(546) 288-3664,Active
EMP018845,Jane,Lopez,Jane Lopez,41,Legal,Associate,Los Angeles,78525.15,4794.4,2021-03-03,14,95.4,jane.lopez@company.com,(733) 278-4044,Active
EMP018846,Ashley,Davis,Ashley Davis,39,Engineering,Coordinator,Boston,65923.08,6983.96,2022-08-01,16,70.4,ashley.davis@company.com,(766) 993-3728,Active
EMP018847,Jessica,Johnson,Jessica Johnson,61,Operations,Coordinator,Seattle,77913.7,3763.92,2024-05-08,32,69.3,jessica.johnson@company.com,(533) 498-3060,Active
EMP018848,Daniel,Gonzalez,Daniel Gonzalez,49,IT,Associate,Miami,90567.91,14226.42,2020-11-29,27,77.6,daniel.gonzalez@company.com,(806) 636-9915,Active
EMP018849,Michael,Wilson,Michael Wilson,34,Marketing,Senior Developer,Los Angeles,42439.66,6184.6,2021-09-12,8,71.6,michael.wilson@company.com,(968) 521-9614,Active
EMP018850,Jane,Johnson,Jane Johnson,48,IT,Director,Chicago,86825.18,7947.64,2024-10-11,19,64.3,jane.johnson@company.com,(720) 916-3394,Active
EMP018851,Stephanie,Wilson,Stephanie Wilson,36,Finance,Director,Los Angeles,68292.13,8046.24,2020-05-12,11,74.8,stephanie.wilson@company.com,(947) 817-5528,Active
EMP018852,Christopher,Garcia,Christopher Garcia,37,Finance,Director,Los Angeles,66997.93,0.0,2021-03-21,12,88.2,christopher.garcia@company.com,(902) 803-2871,Active
EMP018853,John,Taylor,John Taylor,62,Sales,Coordinator,Los Angeles,65615.09,13891.44,2021-07-01,40,60.8,john.taylor@company.com,(772) 574-6731,Active
EMP018854,William,Johnson,William Johnson,51,HR,Associate,San Francisco,83497.72,10320.99,2022-01-14,22,66.1,william.johnson@company.com,(853) 399-1168,Active
EMP018855,Anthony,Jackson,Anthony Jackson,52,HR,Coordinator,Austin,109612.32,5955.71,2020-09-15,28,89.5,anthony.jackson@company.com,(885) 597-6787,Active
EMP018856,Emily,Johnson,Emily Johnson,54,Finance,Director,Los Angeles,79265.84,9759.62,2024-07-31,32,67.4,emily.johnson@company.com,(311) 355-4287,Active
EMP018857,Ashley,Hernandez,Ashley Hernandez,55,Marketing,Senior Developer,Miami,63450.97,15894.47,2022-10-09,29,57.8,ashley.hernandez@company.com,(900) 295-3384,On Leave
EMP018858,Matthew,Martinez,Matthew Martinez,55,Operations,Director,New York,63509.09,6547.78,2022-03-22,32,81.6,matthew.martinez@company.com,(313) 233-3783,Active
EMP018859,Jessica,Martinez,Jessica Martinez,44,Engineering,Manager,Seattle,93945.06,12834.0,2021-04-10,18,96.3,jessica.martinez@company.com,(438) 718-7864,Active
EMP018860,Christopher,Thomas,Christopher Thomas,51,Operations,Associate,Miami,42215.36,5406.05,2022-08-02,28,67.8,christopher.thomas@company.com,(451) 633-7124,Active
EMP018861,Stephanie,Thomas,Stephanie Thomas,26,Sales,Senior Developer,Chicago,68422.45,8562.33,2021-04-01,0,91.2,stephanie.thomas@company.com,(767) 813-9261,Active
EMP018862,Emily,Martin,Emily Martin,29,Finance,Director,Austin,38647.99,5212.48,2024-07-21,4,79.1,emily.martin@company.com,(909) 403-6188,Active
EMP018863,Jessica,Martin,Jessica Martin,45,Marketing,Lead,Miami,66321.11,13492.88,2024-07-30,16,86.2,jessica.martin@company.com,(866) 570-1671,Active
EMP018864,Jessica,Jackson,Jessica Jackson,23,Legal,Lead,New York,79188.36,8715.72,2023-12-23,0,83.1,jessica.jackson@company.com,(516) 504-6396,Active
EMP018865,Nicole,Williams,Nicole Williams,26,IT,Senior Developer,Los Angeles,118772.18,3521.07,2023-02-04,0,73.6,nicole.williams@company.com,(963) 950-4972,Active
EMP018866,Jane,Gonzalez,Jane Gonzalez,48,Marketing,Senior Developer,Boston,94294.92,7080.23,2022-09-30,23,49.3,jane.gonzalez@company.com,(863) 318-8808,Active
EMP018867,Emily,Martin,Emily Martin,38,Engineering,Specialist,Miami,116151.88,9018.87,2020-10-27,9,72.1,emily.martin@company.com,(839) 493-5202,Active
EMP018868,John,Lopez,John Lopez,51,Operations,Manager,Los Angeles,86694.05,11212.01,2023-04-23,23,87.3,john.lopez@company.com,(293) 907-3518,Active
EMP018869,Lisa,Garcia,Lisa Garcia,31,HR,Director,Austin,79836.75,10308.28,2023-11-04,6,88.3,lisa.garcia@company.com,(303) 252-6508,Inactive
EMP018870,Emily,Hernandez,Emily Hernandez,63,Sales,Analyst,Chicago,64217.73,3979.14,2022-01-04,39,73.3,emily.hernandez@company.com,(976) 749-9090,Active
EMP018871,Matthew,Martin,Matthew Martin,63,HR,Director,Austin,101999.85,5205.92,2020-09-28,37,81.9,matthew.martin@company.com,(219) 846-6725,Active
EMP018872,Melissa,Johnson,Melissa Johnson,43,Finance,Associate,Miami,70853.01,7690.03,2021-08-17,15,68.1,melissa.johnson@company.com,(672) 485-7736,Active
EMP018873,Christopher,Martin,Christopher Martin,61,Legal,Manager,Chicago,125837.79,7972.03,2022-02-10,39,84.8,christopher.martin@company.com,(996) 391-5075,Active
EMP018874,William,Jones,William Jones,65,Operations,Associate,Austin,69370.84,7722.94,2020-11-21,43,84.5,william.jones@company.com,(279) 766-9523,Active
EMP018875,Melissa,Wilson,Melissa Wilson,48,Marketing,Director,Boston,66518.19,12076.71,2020-10-04,20,86.5,melissa.wilson@company.com,(300) 230-4707,Active
EMP018876,Stephanie,Williams,Stephanie Williams,24,IT,Coordinator,Los Angeles,110548.01,7418.66,2023-03-23,0,62.5,stephanie.williams@company.com,(481) 692-3448,Active
EMP018877,Jane,Smith,Jane Smith,29,Legal,Associate,Chicago,74004.07,11455.54,2020-09-14,5,80.9,jane.smith@company.com,(209) 838-9916,Active
EMP018878,Matthew,Jones,Matthew Jones,32,Engineering,Specialist,Los Angeles,47193.71,1181.39,2021-08-26,9,100.0,matthew.jones@company.com,(634) 303-1378,Active
EMP018879,Amanda,Lopez,Amanda Lopez,45,Marketing,Manager,Seattle,46016.6,1646.32,2022-10-06,23,85.0,amanda.lopez@company.com,(565) 753-4604,Active
EMP018880,Emily,Gonzalez,Emily Gonzalez,43,Legal,Lead,Chicago,89546.37,7931.85,2023-02-12,15,65.7,emily.gonzalez@company.com,(286) 483-1064,Active
EMP018881,David,Davis,David Davis,64,Legal,Director,Boston,126064.13,11784.7,2024-04-25,36,61.3,david.davis@company.com,(744) 742-3853,Inactive
EMP018882,Lisa,Jones,Lisa Jones,34,HR,Lead,Chicago,71202.32,323.0,2021-12-27,12,88.0,lisa.jones@company.com,(827) 432-9970,Active
EMP018883,Emily,Johnson,Emily Johnson,38,HR,Analyst,Miami,50346.93,4123.51,2021-03-05,11,68.5,emily.johnson@company.com,(295) 226-8257,Active
EMP018884,Daniel,Martinez,Daniel Martinez,50,Legal,Manager,New York,106843.11,5567.68,2024-07-25,21,96.7,daniel.martinez@company.com,(861) 349-2912,Active
EMP018885,Nicole,Martinez,Nicole Martinez,26,Engineering,Director,Seattle,87968.77,17092.86,2021-09-12,2,100.0,nicole.martinez@company.com,(956) 657-1693,Active
EMP018886,David,Rodriguez,David Rodriguez,22,Finance,Director,Miami,47982.85,5297.34,2024-12-31,0,78.0,david.rodriguez@company.com,(624) 368-4474,Active
EMP018887,Matthew,Hernandez,Matthew Hernandez,32,Engineering,Analyst,New York,54772.84,6909.25,2024-09-14,9,78.2,matthew.hernandez@company.com,(539) 416-5009,Active
EMP018888,Robert,Miller,Robert Miller,62,Sales,Senior Developer,Los Angeles,115034.88,20760.95,2024-06-01,38,88.4,robert.miller@company.com,(251) 897-8791,Active
EMP018889,Jane,Martinez,Jane Martinez,40,Sales,Manager,Los Angeles,87829.41,7152.14,2021-11-24,12,67.6,jane.martinez@company.com,(982) 223-5617,Inactive
EMP018890,Daniel,Martin,Daniel Martin,45,Operations,Analyst,Los Angeles,58455.36,12210.36,2021-10-08,18,62.7,daniel.martin@company.com,(659) 564-3635,Active
EMP018891,Matthew,Wilson,Matthew Wilson,44,Operations,Director,Los Angeles,65489.65,14060.2,2022-05-20,21,54.0,matthew.wilson@company.com,(468) 455-4280,Active
EMP018892,Jessica,Smith,Jessica Smith,39,Legal,Associate,Chicago,107044.17,11763.75,2023-08-16,12,100.0,jessica.smith@company.com,(999) 379-3080,Active
EMP018893,Christopher,Hernandez,Christopher Hernandez,33,Legal,Coordinator,San Francisco,92662.03,18673.25,2024-03-22,5,96.7,christopher.hernandez@company.com,(802) 967-3123,Active
EMP018894,John,Thomas,John Thomas,40,Legal,Lead,San Francisco,117150.91,8596.94,2024-02-04,11,47.7,john.thomas@company.com,(911) 649-4129,Active
EMP018895,John,Johnson,John Johnson,30,Engineering,Associate,Austin,69255.4,4306.88,2024-01-15,8,81.9,john.johnson@company.com,(659) 547-5299,On Leave
EMP018896,Jessica,Davis,Jessica Davis,33,Marketing,Director,San Francisco,47803.6,3101.37,2024-04-12,6,80.4,jessica.davis@company.com,(260) 714-2483,Inactive
EMP018897,Sarah,Miller,Sarah Miller,54,Legal,Specialist,Austin,71018.31,8120.47,2021-12-21,30,70.1,sarah.miller@company.com,(809) 483-9590,Active
EMP018898,James,Brown,James Brown,48,Sales,Specialist,Austin,97976.61,21702.19,2021-07-16,24,70.0,james.brown@company.com,(282) 256-8922,Inactive
EMP018899,Christopher,Moore,Christopher Moore,33,Marketing,Coordinator,Los Angeles,57560.49,4768.2,2022-03-15,5,92.9,christopher.moore@company.com,(697) 444-4225,Active
EMP018900,Jane,Jackson,Jane Jackson,33,Operations,Analyst,San Francisco,63569.46,9749.15,2023-06-29,7,73.7,jane.jackson@company.com,(336) 812-8404,Active
EMP018901,Robert,Jones,Robert Jones,60,Finance,Coordinator,New York,80130.69,8183.55,2023-05-13,34,72.0,robert.jones@company.com,(225) 547-7292,Active
EMP018902,Robert,Anderson,Robert Anderson,39,Engineering,Specialist,Chicago,102378.5,12912.88,2022-09-06,11,70.1,robert.anderson@company.com,(760) 865-2181,Inactive
EMP018903,Jane,Jones,Jane Jones,52,Operations,Specialist,Miami,46817.46,2909.02,2024-08-25,26,71.4,jane.jones@company.com,(363) 399-9499,Active
EMP018904,Emily,Martinez,Emily Martinez,40,Operations,Analyst,Miami,86438.27,11452.25,2022-09-14,11,100.0,emily.martinez@company.com,(637) 911-1644,Active
EMP018905,David,Anderson,David Anderson,58,HR,Analyst,Seattle,85571.75,12365.86,2020-11-27,29,91.8,david.anderson@company.com,(818) 834-6155,Active
EMP018906,Stephanie,Smith,Stephanie Smith,40,Finance,Analyst,Seattle,61910.62,5287.55,2020-08-09,16,51.4,stephanie.smith@company.com,(562) 858-2331,Active
EMP018907,David,Miller,David Miller,56,Engineering,Senior Developer,Los Angeles,88857.34,4802.04,2020-09-14,32,76.4,david.miller@company.com,(983) 341-3845,On Leave
EMP018908,Michael,Hernandez,Michael Hernandez,55,Finance,Lead,New York,109489.51,7119.98,2023-12-31,32,98.3,michael.hernandez@company.com,(878) 211-2473,Active
EMP018909,Jane,Brown,Jane Brown,49,Sales,Specialist,San Francisco,65033.4,9294.54,2024-03-07,26,67.5,jane.brown@company.com,(351) 387-9986,Active
EMP018910,Sarah,Jones,Sarah Jones,61,Finance,Lead,Chicago,97809.24,7865.99,2024-07-12,36,75.2,sarah.jones@company.com,(838) 233-7178,On Leave
EMP018911,Stephanie,Williams,Stephanie Williams,23,Finance,Associate,Austin,64020.67,7651.46,2024-03-28,0,68.0,stephanie.williams@company.com,(218) 697-5933,Active
EMP018912,Christopher,Brown,Christopher Brown,62,Finance,Lead,San Francisco,103630.85,16946.18,2023-05-29,39,84.1,christopher.brown@company.com,(690) 769-6827,Active
EMP018913,Christopher,Thomas,Christopher Thomas,43,Sales,Coordinator,Seattle,64488.39,8876.28,2020-09-06,17,70.4,christopher.thomas@company.com,(941) 641-7668,Active
EMP018914,John,Hernandez,John Hernandez,22,Finance,Senior Developer,Chicago,67433.08,7014.16,2021-10-15,0,77.2,john.hernandez@company.com,(547) 933-7191,Active
EMP018915,Ashley,Jones,Ashley Jones,32,IT,Specialist,Miami,83980.26,5666.86,2023-04-11,10,82.7,ashley.jones@company.com,(927) 588-7916,Active
EMP018916,Michael,Wilson,Michael Wilson,47,Engineering,Senior Developer,Austin,109776.1,12189.86,2024-07-03,22,69.0,michael.wilson@company.com,(283) 488-9097,Inactive
EMP018917,Matthew,Davis,Matthew Davis,42,Finance,Coordinator,Seattle,75275.4,8905.9,2023-07-05,20,80.0,matthew.davis@company.com,(919) 776-2336,Active
EMP018918,Emily,Moore,Emily Moore,55,Operations,Lead,San Francisco,84756.04,1513.15,2020-06-04,30,66.4,emily.moore@company.com,(790) 554-3414,Active
EMP018919,Robert,Taylor,Robert Taylor,57,Finance,Analyst,Seattle,88651.39,12149.95,2024-09-18,30,93.3,robert.taylor@company.com,(764) 648-7761,Active
EMP018920,Christopher,Brown,Christopher Brown,55,Operations,Senior Developer,New York,69085.19,9083.98,2023-03-31,26,66.0,christopher.brown@company.com,(473) 300-6890,Active
EMP018921,Sarah,Hernandez,Sarah Hernandez,34,Marketing,Coordinator,Austin,62260.19,874.69,2020-02-17,5,96.1,sarah.hernandez@company.com,(659) 221-9276,Active
EMP018922,Daniel,Johnson,Daniel Johnson,56,Finance,Director,Miami,97941.83,2767.2,2023-04-18,32,100.0,daniel.johnson@company.com,(275) 362-6385,On Leave
EMP018923,Robert,Martinez,Robert Martinez,33,HR,Senior Developer,Chicago,61513.85,9799.15,2022-10-13,6,71.7,robert.martinez@company.com,(203) 705-6942,Active
EMP018924,Amanda,Williams,Amanda Williams,24,IT,Director,Austin,55767.46,4843.46,2022-03-16,0,76.1,amanda.williams@company.com,(432) 521-6946,Inactive
EMP018925,Jane,Rodriguez,Jane Rodriguez,62,Legal,Specialist,San Francisco,115937.69,12784.72,2020-01-29,35,53.9,jane.rodriguez@company.com,(229) 540-7281,Active
EMP018926,Ashley,Hernandez,Ashley Hernandez,25,Sales,Manager,Los Angeles,69702.06,4987.18,2021-03-08,2,97.8,ashley.hernandez@company.com,(670) 707-3138,Active
EMP018927,David,Taylor,David Taylor,37,IT,Senior Developer,Austin,90292.75,15923.24,2023-06-08,8,60.4,david.taylor@company.com,(630) 201-5477,Active
EMP018928,Lisa,Brown,Lisa Brown,63,Operations,Specialist,New York,59753.99,8483.83,2023-02-09,35,39.0,lisa.brown@company.com,(996) 787-3283,Active
EMP018929,Melissa,Johnson,Melissa Johnson,45,IT,Specialist,Chicago,93681.34,5377.0,2023-08-23,18,69.7,melissa.johnson@company.com,(817) 485-3815,Active
EMP018930,Ashley,Garcia,Ashley Garcia,65,Sales,Director,Miami,93754.0,16528.09,2021-02-04,42,76.5,ashley.garcia@company.com,(304) 733-6838,Active
EMP018931,John,Moore,John Moore,52,Finance,Director,Los Angeles,114103.58,1719.87,2024-12-23,29,100.0,john.moore@company.com,(642) 483-6358,Active
EMP018932,Anthony,Anderson,Anthony Anderson,59,IT,Director,Chicago,98486.08,5781.26,2024-10-04,33,73.9,anthony.anderson@company.com,(575) 284-8748,Active
EMP018933,David,Smith,David Smith,58,Finance,Lead,Los Angeles,93532.29,10782.85,2020-12-29,34,52.8,david.smith@company.com,(984) 585-2536,Inactive
EMP018934,John,Anderson,John Anderson,61,Marketing,Senior Developer,Chicago,76879.28,4558.28,2021-02-28,35,78.0,john.anderson@company.com,(745) 383-3462,Active
EMP018935,Lisa,Smith,Lisa Smith,41,IT,Associate,New York,98460.43,3593.24,2021-09-03,15,77.7,lisa.smith@company.com,(218) 460-7120,Active
EMP018936,Anthony,Martinez,Anthony Martinez,47,IT,Senior Developer,San Francisco,118120.47,16539.33,2023-04-07,23,62.4,anthony.martinez@company.com,(515) 459-8481,Active
EMP018937,Jane,Garcia,Jane Garcia,30,IT,Analyst,Boston,92493.03,0.0,2021-01-15,3,53.7,jane.garcia@company.com,(835) 763-3810,Inactive
EMP018938,Stephanie,Garcia,Stephanie Garcia,38,HR,Associate,Seattle,68738.18,11387.34,2024-11-21,11,100.0,stephanie.garcia@company.com,(377) 490-6620,Active
EMP018939,Nicole,Anderson,Nicole Anderson,59,Operations,Associate,Los Angeles,64649.64,5039.27,2020-10-30,30,64.3,nicole.anderson@company.com,(393) 344-1489,Active
EMP018940,Daniel,Jones,Daniel Jones,27,Marketing,Analyst,Miami,54154.62,6260.79,2024-11-24,3,72.1,daniel.jones@company.com,(341) 896-8116,Active
EMP018941,Robert,Taylor,Robert Taylor,59,Legal,Analyst,Los Angeles,130730.63,5645.34,2022-04-30,33,81.8,robert.taylor@company.com,(674) 861-1781,Active
EMP018942,Jane,Jones,Jane Jones,45,Sales,Senior Developer,Austin,55019.63,4186.97,2024-02-05,21,72.4,jane.jones@company.com,(250) 369-7125,Active
EMP018943,John,Rodriguez,John Rodriguez,58,Engineering,Analyst,Chicago,90280.35,10526.36,2023-09-07,36,70.5,john.rodriguez@company.com,(713) 581-6676,Active
EMP018944,Christopher,Wilson,Christopher Wilson,23,Operations,Director,Austin,34040.29,3814.18,2024-05-10,0,92.4,christopher.wilson@company.com,(851) 599-8821,Active
EMP018945,Anthony,Hernandez,Anthony Hernandez,32,Sales,Lead,Miami,63625.16,0.0,2024-06-24,10,60.3,anthony.hernandez@company.com,(339) 707-8971,Active
EMP018946,David,Anderson,David Anderson,45,Sales,Associate,San Francisco,84504.61,8015.75,2020-02-28,23,83.5,david.anderson@company.com,(524) 698-3186,Active
EMP018947,William,Jones,William Jones,42,Operations,Director,Miami,79316.84,7932.97,2021-06-09,18,60.5,william.jones@company.com,(467) 305-2633,Active
EMP018948,Robert,Brown,Robert Brown,25,Finance,Analyst,Chicago,91756.48,3848.79,2020-06-13,3,59.3,robert.brown@company.com,(678) 438-3201,Active
EMP018949,James,Johnson,James Johnson,31,HR,Associate,Chicago,57168.42,6595.49,2021-11-24,4,67.4,james.johnson@company.com,(740) 301-8087,Active
EMP018950,William,Martin,William Martin,58,HR,Specialist,San Francisco,80440.82,4168.86,2021-02-26,33,56.8,william.martin@company.com,(301) 497-9226,On Leave
EMP018951,David,Hernandez,David Hernandez,62,Sales,Coordinator,Chicago,88317.28,4339.31,2022-09-16,35,64.9,david.hernandez@company.com,(545) 543-2402,Active
EMP018952,Christopher,Davis,Christopher Davis,45,Sales,Director,Austin,57174.84,6486.89,2024-06-19,16,68.7,christopher.davis@company.com,(706) 465-6490,Active
EMP018953,William,Hernandez,William Hernandez,47,HR,Lead,Boston,76650.08,7721.76,2020-06-07,20,59.2,william.hernandez@company.com,(614) 652-1400,Active
EMP018954,Lisa,Jones,Lisa Jones,27,Engineering,Specialist,San Francisco,54983.15,11922.75,2021-12-20,0,59.4,lisa.jones@company.com,(665) 206-2712,Inactive
EMP018955,Stephanie,Martinez,Stephanie Martinez,35,Legal,Manager,New York,53269.55,7816.44,2021-01-13,6,70.3,stephanie.martinez@company.com,(941) 616-4720,Active
EMP018956,Emily,Smith,Emily Smith,35,HR,Analyst,Austin,79183.41,8638.73,2024-11-12,6,70.3,emily.smith@company.com,(843) 926-5769,On Leave
EMP018957,John,Jones,John Jones,60,HR,Specialist,Boston,84537.23,7257.3,2020-05-20,33,65.2,john.jones@company.com,(597) 972-8466,Active
EMP018958,Stephanie,Martin,Stephanie Martin,58,HR,Specialist,Los Angeles,51433.99,3905.39,2023-03-01,35,76.3,stephanie.martin@company.com,(355) 437-3572,On Leave
EMP018959,Amanda,Brown,Amanda Brown,47,Legal,Director,Los Angeles,102519.81,11781.84,2024-05-14,18,71.4,amanda.brown@company.com,(610) 986-9501,Active
EMP018960,Stephanie,Anderson,Stephanie Anderson,26,Operations,Lead,Boston,52004.32,4999.32,2023-07-14,0,67.4,stephanie.anderson@company.com,(485) 755-4121,Active
EMP018961,Ashley,Smith,Ashley Smith,57,Operations,Senior Developer,Seattle,83109.92,12487.43,2021-08-11,34,86.9,ashley.smith@company.com,(377) 351-1825,Active
EMP018962,Lisa,Jones,Lisa Jones,37,Operations,Lead,Austin,62566.78,7200.82,2021-11-13,15,90.8,lisa.jones@company.com,(336) 356-8729,Active
EMP018963,Anthony,Johnson,Anthony Johnson,24,Finance,Analyst,San Francisco,72020.03,5394.85,2020-10-04,0,76.3,anthony.johnson@company.com,(283) 301-3720,Active
EMP018964,Lisa,Jones,Lisa Jones,41,Sales,Associate,New York,53192.47,4075.5,2021-06-30,18,85.7,lisa.jones@company.com,(443) 315-8263,Active
EMP018965,Melissa,Moore,Melissa Moore,62,IT,Coordinator,Los Angeles,100581.52,9467.23,2024-04-17,34,62.3,melissa.moore@company.com,(210) 257-7552,Active
EMP018966,Matthew,Rodriguez,Matthew Rodriguez,42,Finance,Lead,San Francisco,88868.49,6449.37,2024-11-26,14,84.9,matthew.rodriguez@company.com,(276) 468-9451,Active
EMP018967,Sarah,Hernandez,Sarah Hernandez,29,Operations,Manager,Los Angeles,66206.81,0.0,2024-08-24,6,70.3,sarah.hernandez@company.com,(838) 324-8075,Inactive
EMP018968,Ashley,Moore,Ashley Moore,25,IT,Lead,Miami,74645.68,4685.18,2023-10-19,0,66.8,ashley.moore@company.com,(203) 777-7104,Active
EMP018969,Nicole,Thomas,Nicole Thomas,42,Sales,Manager,Miami,81145.19,12592.52,2021-09-23,16,82.4,nicole.thomas@company.com,(616) 734-8095,Active
EMP018970,Christopher,Moore,Christopher Moore,40,Marketing,Lead,Austin,66430.91,8716.41,2021-10-28,14,62.6,christopher.moore@company.com,(816) 350-9167,Active
EMP018971,Sarah,Brown,Sarah Brown,44,Engineering,Lead,San Francisco,64538.59,10130.15,2024-10-24,18,56.0,sarah.brown@company.com,(312) 708-7852,Inactive
EMP018972,Michael,Thomas,Michael Thomas,39,Sales,Senior Developer,Boston,72171.83,4582.65,2020-07-16,12,72.3,michael.thomas@company.com,(584) 531-7612,Active
EMP018973,Ashley,Martin,Ashley Martin,52,Marketing,Director,Seattle,84585.92,3511.76,2024-04-26,23,70.6,ashley.martin@company.com,(960) 931-9734,Active
EMP018974,Christopher,Gonzalez,Christopher Gonzalez,54,Marketing,Lead,Austin,83875.28,0.0,2020-09-09,28,58.2,christopher.gonzalez@company.com,(663) 568-8073,Inactive
EMP018975,Sarah,Wilson,Sarah Wilson,54,Marketing,Lead,Austin,57654.03,9370.17,2023-03-18,26,55.7,sarah.wilson@company.com,(334) 964-6015,Inactive
EMP018976,Anthony,Smith,Anthony Smith,33,Legal,Manager,Boston,70367.62,4590.68,2020-10-29,7,42.4,anthony.smith@company.com,(445) 361-9944,Active
EMP018977,Daniel,Davis,Daniel Davis,40,Finance,Director,Austin,84399.53,9888.17,2024-10-27,17,86.4,daniel.davis@company.com,(582) 763-6638,Active
EMP018978,Michael,Miller,Michael Miller,57,Operations,Manager,Boston,92369.69,4854.78,2021-12-13,28,76.3,michael.miller@company.com,(924) 927-2216,Inactive
EMP018979,Matthew,Johnson,Matthew Johnson,33,IT,Senior Developer,Los Angeles,100673.71,14206.63,2020-01-29,7,86.4,matthew.johnson@company.com,(753) 533-2190,Active
EMP018980,Robert,Miller,Robert Miller,25,Marketing,Senior Developer,Seattle,84308.57,5698.41,2022-10-30,0,65.8,robert.miller@company.com,(981) 605-6614,Active
EMP018981,John,Lopez,John Lopez,26,Engineering,Manager,Chicago,84324.8,10601.16,2024-06-09,0,98.7,john.lopez@company.com,(222) 720-6636,On Leave
EMP018982,William,Williams,William Williams,44,Finance,Manager,Chicago,64438.75,5853.69,2024-05-16,19,93.9,william.williams@company.com,(885) 514-1783,Active
EMP018983,James,Jackson,James Jackson,22,Engineering,Senior Developer,Los Angeles,83704.29,6683.91,2022-07-17,0,50.4,james.jackson@company.com,(905) 248-5800,Inactive
EMP018984,Sarah,Taylor,Sarah Taylor,50,Sales,Specialist,Boston,71523.71,9222.82,2023-09-20,21,97.3,sarah.taylor@company.com,(372) 300-6695,Active
EMP018985,John,Jones,John Jones,52,Finance,Coordinator,Miami,84665.08,13893.91,2022-04-28,26,69.7,john.jones@company.com,(545) 517-6196,Active
EMP018986,Sarah,Davis,Sarah Davis,41,IT,Analyst,Miami,89076.28,10645.09,2022-06-29,15,76.4,sarah.davis@company.com,(912) 531-9554,Active
EMP018987,Robert,Jones,Robert Jones,38,Engineering,Associate,Austin,71124.71,9421.83,2023-03-30,13,83.3,robert.jones@company.com,(247) 569-2484,Active
EMP018988,Stephanie,Martin,Stephanie Martin,36,Engineering,Coordinator,Chicago,96618.82,10030.45,2020-05-07,7,64.8,stephanie.martin@company.com,(903) 239-1797,Active
EMP018989,Jane,Brown,Jane Brown,40,HR,Lead,Boston,54079.93,2174.87,2021-06-25,16,70.6,jane.brown@company.com,(262) 909-1504,On Leave
EMP018990,Stephanie,Davis,Stephanie Davis,27,Operations,Analyst,Seattle,51671.26,3671.27,2020-06-10,5,67.4,stephanie.davis@company.com,(624) 226-2050,Active
EMP018991,Melissa,Thomas,Melissa Thomas,41,HR,Coordinator,Miami,43743.39,3480.72,2024-01-07,16,97.3,melissa.thomas@company.com,(384) 803-1510,Active
EMP018992,Jessica,Anderson,Jessica Anderson,23,HR,Associate,New York,61635.83,3610.1,2021-11-13,0,74.8,jessica.anderson@company.com,(597) 626-3287,Active
EMP018993,Jane,Rodriguez,Jane Rodriguez,32,Legal,Coordinator,Miami,92520.03,5389.89,2023-01-25,3,75.6,jane.rodriguez@company.com,(294) 663-4447,Active
EMP018994,Melissa,Rodriguez,Melissa Rodriguez,45,HR,Specialist,Boston,74613.48,4474.54,2023-04-25,19,82.5,melissa.rodriguez@company.com,(894) 920-8189,Active
EMP018995,Sarah,Garcia,Sarah Garcia,27,Engineering,Senior Developer,San Francisco,125397.07,5165.22,2022-02-17,1,54.7,sarah.garcia@company.com,(888) 740-5605,Active
EMP018996,Ashley,Anderson,Ashley Anderson,65,Legal,Manager,Los Angeles,113689.29,12876.67,2023-08-13,38,81.2,ashley.anderson@company.com,(981) 572-8754,Active
EMP018997,David,Martin,David Martin,46,Engineering,Associate,Los Angeles,100426.0,11158.77,2023-12-08,23,94.5,david.martin@company.com,(946) 679-4909,Active
EMP018998,Lisa,Smith,Lisa Smith,44,IT,Lead,Chicago,59184.8,4912.69,2021-11-10,15,100.0,lisa.smith@company.com,(770) 356-7824,Active
EMP018999,Melissa,Hernandez,Melissa Hernandez,27,Operations,Coordinator,New York,64096.97,8110.37,2023-02-24,0,60.6,melissa.hernandez@company.com,(688) 270-3444,Active
EMP019000,Robert,Brown,Robert Brown,49,Sales,Analyst,Boston,82087.34,13051.65,2021-08-15,22,67.8,robert.brown@company.com,(936) 692-2432,Active
EMP019001,Stephanie,Jones,Stephanie Jones,34,IT,Director,Seattle,109640.46,7865.52,2023-04-28,12,91.2,stephanie.jones@company.com,(424) 687-6025,Active
EMP019002,James,Thomas,James Thomas,44,Sales,Analyst,San Francisco,46829.3,7139.34,2022-05-19,17,77.7,james.thomas@company.com,(626) 501-4161,Active
EMP019003,Stephanie,Jones,Stephanie Jones,52,Operations,Analyst,Chicago,48737.75,1889.67,2020-08-24,27,98.8,stephanie.jones@company.com,(303) 444-3050,Active
EMP019004,Michael,Gonzalez,Michael Gonzalez,52,Marketing,Senior Developer,Boston,65696.31,11060.3,2022-06-16,29,63.6,michael.gonzalez@company.com,(233) 833-6120,Active
EMP019005,David,Johnson,David Johnson,27,Marketing,Coordinator,San Francisco,73776.65,9166.93,2020-06-04,5,83.3,david.johnson@company.com,(207) 445-2380,Active
EMP019006,Christopher,Davis,Christopher Davis,57,Legal,Coordinator,Boston,102697.99,10731.31,2024-07-13,35,100.0,christopher.davis@company.com,(832) 390-5559,Active
EMP019007,Stephanie,Williams,Stephanie Williams,55,Sales,Lead,Boston,79490.23,7349.16,2024-12-15,33,62.2,stephanie.williams@company.com,(860) 378-6006,Active
EMP019008,Jane,Brown,Jane Brown,22,Engineering,Specialist,Seattle,79690.72,4998.53,2023-02-18,0,81.6,jane.brown@company.com,(929) 896-4332,Active
EMP019009,Daniel,Moore,Daniel Moore,27,Sales,Analyst,Chicago,64450.21,7104.58,2021-03-04,0,85.6,daniel.moore@company.com,(456) 969-3212,On Leave
EMP019010,Christopher,Moore,Christopher Moore,24,HR,Associate,Seattle,66730.45,6734.59,2022-01-31,1,58.4,christopher.moore@company.com,(487) 800-2364,Active
EMP019011,Stephanie,Smith,Stephanie Smith,33,Sales,Coordinator,San Francisco,56903.88,2146.24,2021-04-15,11,74.2,stephanie.smith@company.com,(545) 461-7823,Active
EMP019012,Matthew,Jackson,Matthew Jackson,53,IT,Analyst,San Francisco,76237.26,7654.76,2021-09-05,28,90.7,matthew.jackson@company.com,(936) 467-4815,Active
EMP019013,Emily,Johnson,Emily Johnson,63,Sales,Specialist,Seattle,84855.2,4844.89,2024-07-24,40,96.6,emily.johnson@company.com,(471) 408-5654,Active
EMP019014,Stephanie,Williams,Stephanie Williams,32,IT,Director,Chicago,93769.4,14529.74,2021-08-19,4,75.3,stephanie.williams@company.com,(616) 608-8760,Active
EMP019015,James,Taylor,James Taylor,64,Marketing,Specialist,Los Angeles,107032.32,16207.79,2023-01-09,38,69.8,james.taylor@company.com,(713) 604-9428,Active
EMP019016,David,Miller,David Miller,30,Sales,Director,Boston,54621.17,6577.3,2022-07-07,3,64.9,david.miller@company.com,(969) 988-7008,Active
EMP019017,Matthew,Thomas,Matthew Thomas,52,Sales,Senior Developer,Austin,61687.62,8910.85,2023-01-28,24,59.1,matthew.thomas@company.com,(365) 384-3188,Active
EMP019018,Emily,Martin,Emily Martin,52,IT,Coordinator,Austin,100810.48,7907.18,2021-05-07,28,67.9,emily.martin@company.com,(883) 574-3693,Inactive
EMP019019,Amanda,Anderson,Amanda Anderson,60,Sales,Associate,Seattle,77966.68,3636.73,2023-09-02,37,78.2,amanda.anderson@company.com,(950) 541-9661,Active
EMP019020,Robert,Thomas,Robert Thomas,32,IT,Specialist,Miami,88434.0,4204.13,2024-11-23,3,34.6,robert.thomas@company.com,(327) 343-5394,Active
EMP019021,John,Miller,John Miller,51,Sales,Specialist,Los Angeles,80028.14,2360.64,2020-03-03,26,65.8,john.miller@company.com,(940) 207-2069,Active
EMP019022,Christopher,Davis,Christopher Davis,32,Sales,Specialist,Chicago,51048.0,4561.51,2021-03-28,3,74.7,christopher.davis@company.com,(811) 850-1581,Inactive
EMP019023,Jessica,Gonzalez,Jessica Gonzalez,32,HR,Associate,New York,50803.0,8086.07,2022-04-24,9,71.2,jessica.gonzalez@company.com,(496) 204-7144,Active
EMP019024,Christopher,Hernandez,Christopher Hernandez,43,HR,Director,Los Angeles,82926.84,8590.37,2023-06-07,17,85.2,christopher.hernandez@company.com,(706) 215-1268,Active
EMP019025,Jessica,Lopez,Jessica Lopez,24,HR,Associate,Miami,68730.54,12247.49,2024-12-21,0,92.1,jessica.lopez@company.com,(289) 599-4014,Active
EMP019026,William,Johnson,William Johnson,47,IT,Associate,Austin,110487.02,8006.46,2021-07-19,22,53.7,william.johnson@company.com,(870) 629-7130,Active
EMP019027,Nicole,Davis,Nicole Davis,23,IT,Specialist,Boston,52159.55,5790.48,2023-08-10,0,81.1,nicole.davis@company.com,(214) 926-9977,Inactive
EMP019028,Jane,Davis,Jane Davis,44,Sales,Manager,Los Angeles,97839.0,15292.77,2020-05-19,22,77.8,jane.davis@company.com,(956) 937-4137,Active
EMP019029,Stephanie,Williams,Stephanie Williams,32,Marketing,Senior Developer,San Francisco,50306.04,0.0,2020-05-01,6,72.0,stephanie.williams@company.com,(804) 545-2056,Active
EMP019030,Melissa,Gonzalez,Melissa Gonzalez,36,IT,Coordinator,Los Angeles,98893.91,4563.87,2020-11-02,14,48.8,melissa.gonzalez@company.com,(654) 303-7604,Active
EMP019031,Jessica,Williams,Jessica Williams,58,Legal,Specialist,Los Angeles,99230.1,21488.96,2020-10-10,30,65.2,jessica.williams@company.com,(247) 502-5830,Active
EMP019032,Robert,Moore,Robert Moore,23,Engineering,Lead,Boston,111544.73,9448.71,2021-03-29,0,76.9,robert.moore@company.com,(304) 313-6274,Active
EMP019033,Sarah,Lopez,Sarah Lopez,51,Operations,Analyst,Los Angeles,67030.23,3137.06,2022-11-23,29,78.6,sarah.lopez@company.com,(583) 751-6762,Active
EMP019034,Amanda,Johnson,Amanda Johnson,47,Legal,Lead,New York,115109.37,23879.63,2020-11-16,20,57.9,amanda.johnson@company.com,(751) 489-9288,Active
EMP019035,Matthew,Martin,Matthew Martin,58,IT,Director,New York,118225.03,21543.88,2021-12-10,31,91.9,matthew.martin@company.com,(772) 750-4559,Active
EMP019036,Christopher,Jones,Christopher Jones,41,Finance,Senior Developer,New York,78534.57,12844.72,2020-02-09,16,54.1,christopher.jones@company.com,(258) 866-1424,Active
EMP019037,Ashley,Rodriguez,Ashley Rodriguez,27,Engineering,Senior Developer,Boston,117411.56,8839.74,2022-07-24,1,100.0,ashley.rodriguez@company.com,(370) 301-9994,Active
EMP019038,Stephanie,Rodriguez,Stephanie Rodriguez,39,Engineering,Coordinator,Miami,75151.66,10474.35,2020-11-02,17,74.0,stephanie.rodriguez@company.com,(502) 999-9751,Inactive
EMP019039,Lisa,Johnson,Lisa Johnson,45,Engineering,Director,San Francisco,82456.8,0.0,2021-09-23,17,94.2,lisa.johnson@company.com,(605) 935-3405,Active
EMP019040,John,Martinez,John Martinez,50,Engineering,Specialist,Seattle,134397.92,15033.04,2021-03-20,21,94.2,john.martinez@company.com,(200) 518-6350,Active
EMP019041,Daniel,Rodriguez,Daniel Rodriguez,26,Marketing,Director,Seattle,44025.74,6060.62,2020-11-08,3,66.3,daniel.rodriguez@company.com,(747) 647-6007,Active
EMP019042,David,Johnson,David Johnson,60,Marketing,Analyst,San Francisco,80836.7,5905.98,2021-05-06,37,83.6,david.johnson@company.com,(348) 412-3922,Active
EMP019043,Lisa,Martinez,Lisa Martinez,50,Marketing,Director,Miami,77276.0,4011.69,2021-06-04,23,80.9,lisa.martinez@company.com,(352) 330-6460,Active
EMP019044,Michael,Rodriguez,Michael Rodriguez,62,Operations,Manager,San Francisco,44305.85,5625.97,2023-03-21,37,72.3,michael.rodriguez@company.com,(375) 677-6198,Active
EMP019045,Robert,Anderson,Robert Anderson,45,IT,Manager,Seattle,109439.69,13524.65,2020-12-03,19,93.2,robert.anderson@company.com,(593) 218-9219,On Leave
EMP019046,Christopher,Jackson,Christopher Jackson,24,Marketing,Director,New York,48113.33,12556.14,2020-11-29,0,49.8,christopher.jackson@company.com,(313) 776-7240,On Leave
EMP019047,Amanda,Hernandez,Amanda Hernandez,34,Operations,Lead,Austin,51220.66,6693.17,2021-01-14,8,64.3,amanda.hernandez@company.com,(443) 445-3319,Active
EMP019048,Melissa,Davis,Melissa Davis,38,Operations,Manager,New York,66642.85,8780.86,2023-11-25,9,70.7,melissa.davis@company.com,(457) 600-7040,Active
EMP019049,David,Lopez,David Lopez,53,Finance,Lead,Boston,90645.37,9266.64,2024-12-15,31,60.7,david.lopez@company.com,(298) 531-2959,Inactive
EMP019050,Lisa,Moore,Lisa Moore,54,HR,Senior Developer,Miami,64615.25,0.0,2024-07-24,26,72.4,lisa.moore@company.com,(368) 264-1481,Inactive
EMP019051,Jessica,Martin,Jessica Martin,23,Engineering,Analyst,Los Angeles,70725.13,3587.42,2020-03-17,0,100.0,jessica.martin@company.com,(239) 289-1043,Inactive
EMP019052,Stephanie,Martinez,Stephanie Martinez,53,Legal,Coordinator,San Francisco,94888.96,8328.63,2023-11-22,31,100.0,stephanie.martinez@company.com,(865) 841-9678,Active
EMP019053,Daniel,Davis,Daniel Davis,41,Operations,Lead,Seattle,83431.8,5798.07,2020-08-07,13,48.5,daniel.davis@company.com,(834) 880-9928,Active
EMP019054,Robert,Garcia,Robert Garcia,60,Sales,Manager,San Francisco,115200.95,24510.84,2022-01-21,38,85.9,robert.garcia@company.com,(964) 513-2580,Active
EMP019055,Lisa,Smith,Lisa Smith,61,Finance,Director,Seattle,108504.49,0.0,2023-09-30,33,82.8,lisa.smith@company.com,(635) 256-6594,Active
EMP019056,Amanda,Jones,Amanda Jones,59,Operations,Coordinator,Chicago,44356.7,5410.35,2023-03-25,36,64.0,amanda.jones@company.com,(565) 898-8923,Active
EMP019057,John,Jones,John Jones,38,HR,Associate,San Francisco,47136.62,309.46,2021-01-24,15,65.6,john.jones@company.com,(489) 221-6145,Active
EMP019058,Robert,Brown,Robert Brown,63,Marketing,Director,Chicago,107628.09,22777.6,2021-04-03,37,70.3,robert.brown@company.com,(218) 502-7869,Active
EMP019059,Emily,Garcia,Emily Garcia,48,Engineering,Specialist,Miami,129747.36,8895.58,2020-04-09,21,69.8,emily.garcia@company.com,(509) 355-4008,Active
EMP019060,Anthony,Smith,Anthony Smith,36,Sales,Analyst,Miami,69876.82,11762.28,2020-10-18,10,68.3,anthony.smith@company.com,(332) 815-1474,Active
EMP019061,Daniel,Jones,Daniel Jones,60,Operations,Associate,Seattle,48903.12,2023.32,2022-03-21,33,69.6,daniel.jones@company.com,(413) 889-3721,On Leave
EMP019062,Lisa,Garcia,Lisa Garcia,33,Legal,Coordinator,San Francisco,97815.54,10960.65,2023-07-22,10,62.8,lisa.garcia@company.com,(808) 757-2932,Active
EMP019063,Ashley,Johnson,Ashley Johnson,23,Sales,Analyst,Boston,61664.84,1216.41,2024-06-17,0,41.2,ashley.johnson@company.com,(290) 399-4128,Active
EMP019064,Daniel,Martinez,Daniel Martinez,26,HR,Specialist,Miami,67196.58,4780.17,2023-03-26,1,96.3,daniel.martinez@company.com,(784) 648-3553,Inactive
EMP019065,Stephanie,Jackson,Stephanie Jackson,34,IT,Analyst,San Francisco,79192.25,11627.36,2021-10-24,6,73.0,stephanie.jackson@company.com,(392) 553-6836,Active
EMP019066,Robert,Taylor,Robert Taylor,45,Operations,Senior Developer,Seattle,63141.14,8461.23,2023-02-02,18,90.4,robert.taylor@company.com,(656) 453-4137,Active
EMP019067,James,Smith,James Smith,39,Marketing,Coordinator,New York,68394.06,5458.26,2022-10-06,16,72.2,james.smith@company.com,(433) 741-6762,Active
EMP019068,Christopher,Jackson,Christopher Jackson,56,Operations,Analyst,Chicago,85094.19,9611.31,2022-04-20,31,100.0,christopher.jackson@company.com,(728) 514-5031,Active
EMP019069,James,Hernandez,James Hernandez,41,HR,Specialist,Los Angeles,70435.4,13647.45,2021-03-03,13,80.8,james.hernandez@company.com,(494) 779-5870,Inactive
EMP019070,James,Gonzalez,James Gonzalez,44,Marketing,Manager,Boston,59809.64,2133.14,2020-01-12,19,78.6,james.gonzalez@company.com,(821) 213-9708,Active
EMP019071,Christopher,Smith,Christopher Smith,31,Operations,Senior Developer,New York,55840.56,10204.88,2022-01-25,4,88.9,christopher.smith@company.com,(755) 565-5034,Active
EMP019072,Jessica,Brown,Jessica Brown,58,IT,Associate,Seattle,95244.38,11261.71,2020-10-09,31,86.8,jessica.brown@company.com,(801) 925-1274,Inactive
EMP019073,John,Moore,John Moore,26,Marketing,Senior Developer,Seattle,70278.06,5009.57,2024-01-29,0,58.4,john.moore@company.com,(922) 201-4084,On Leave
EMP019074,Michael,Gonzalez,Michael Gonzalez,62,HR,Analyst,Miami,70932.17,14107.95,2023-10-31,38,77.3,michael.gonzalez@company.com,(682) 773-2830,On Leave
EMP019075,James,Williams,James Williams,48,Sales,Associate,San Francisco,68617.29,10914.83,2022-04-20,26,69.7,james.williams@company.com,(779) 476-8510,Inactive
EMP019076,Melissa,Smith,Melissa Smith,53,Marketing,Lead,Austin,80279.09,11211.24,2024-06-25,31,55.5,melissa.smith@company.com,(856) 810-2375,Active
EMP019077,Sarah,Williams,Sarah Williams,64,Marketing,Lead,Austin,99847.92,12980.59,2023-12-14,41,78.0,sarah.williams@company.com,(239) 573-1155,Active
EMP019078,Daniel,Lopez,Daniel Lopez,38,Marketing,Senior Developer,Miami,69566.71,2154.3,2024-08-26,11,61.4,daniel.lopez@company.com,(704) 594-2003,Active
EMP019079,Ashley,Jackson,Ashley Jackson,62,Marketing,Director,Los Angeles,87230.83,4403.82,2022-08-11,39,98.2,ashley.jackson@company.com,(278) 841-5648,Active
EMP019080,John,Hernandez,John Hernandez,42,Engineering,Specialist,Chicago,97857.98,8272.45,2024-07-18,17,39.8,john.hernandez@company.com,(587) 826-7136,Active
EMP019081,Sarah,Martinez,Sarah Martinez,36,Engineering,Senior Developer,Chicago,100394.53,11473.62,2024-05-30,10,89.9,sarah.martinez@company.com,(767) 526-9852,Active
EMP019082,Daniel,Johnson,Daniel Johnson,49,Operations,Analyst,New York,61961.2,2904.29,2023-05-02,22,70.0,daniel.johnson@company.com,(236) 777-7411,Active
EMP019083,Daniel,Smith,Daniel Smith,23,Sales,Analyst,San Francisco,76819.25,1523.96,2021-07-21,1,97.3,daniel.smith@company.com,(694) 398-9653,Active
EMP019084,Jessica,Taylor,Jessica Taylor,28,Finance,Lead,Miami,51493.14,8410.95,2021-09-14,2,76.7,jessica.taylor@company.com,(546) 514-6116,Inactive
EMP019085,Jane,Anderson,Jane Anderson,40,Legal,Manager,Seattle,87008.69,3802.44,2023-12-14,12,78.5,jane.anderson@company.com,(495) 209-4736,Active
EMP019086,Lisa,Wilson,Lisa Wilson,52,Marketing,Coordinator,San Francisco,99950.52,7105.13,2024-05-12,23,80.9,lisa.wilson@company.com,(835) 681-5372,Inactive
EMP019087,Lisa,Jackson,Lisa Jackson,49,Legal,Analyst,Austin,82298.2,5421.49,2022-06-13,23,60.8,lisa.jackson@company.com,(330) 254-8739,Active
EMP019088,Nicole,Jackson,Nicole Jackson,55,Finance,Associate,Miami,109642.77,15339.87,2021-05-10,32,58.4,nicole.jackson@company.com,(800) 508-5388,Active
EMP019089,Amanda,Davis,Amanda Davis,52,Operations,Associate,Austin,72969.89,13122.96,2020-02-10,26,66.0,amanda.davis@company.com,(513) 403-2835,Active
EMP019090,William,Wilson,William Wilson,43,IT,Lead,Miami,94302.43,5763.75,2024-01-24,17,82.2,william.wilson@company.com,(647) 207-4449,Inactive
EMP019091,Jessica,Garcia,Jessica Garcia,50,Finance,Coordinator,Seattle,77329.92,8602.98,2024-07-04,26,79.5,jessica.garcia@company.com,(201) 689-6851,Active
EMP019092,Jane,Wilson,Jane Wilson,41,HR,Lead,Boston,69362.35,5533.71,2022-04-15,17,79.0,jane.wilson@company.com,(504) 376-6449,Active
EMP019093,Lisa,Wilson,Lisa Wilson,33,Finance,Coordinator,San Francisco,40981.2,7492.7,2024-08-20,6,53.0,lisa.wilson@company.com,(518) 602-4144,Active
EMP019094,Sarah,Smith,Sarah Smith,30,Legal,Specialist,Seattle,57314.81,7135.53,2023-01-02,6,68.4,sarah.smith@company.com,(485) 600-7918,Active
EMP019095,Christopher,Miller,Christopher Miller,40,IT,Manager,Austin,73274.74,16469.97,2023-02-22,16,82.3,christopher.miller@company.com,(559) 891-7703,On Leave
EMP019096,James,Rodriguez,James Rodriguez,28,Finance,Associate,Boston,37956.06,4161.39,2020-05-08,6,64.9,james.rodriguez@company.com,(875) 947-5694,Active
EMP019097,Matthew,Thomas,Matthew Thomas,40,Operations,Senior Developer,San Francisco,77925.76,4957.22,2021-10-30,16,51.8,matthew.thomas@company.com,(859) 837-2692,Active
EMP019098,Daniel,Garcia,Daniel Garcia,47,HR,Senior Developer,Chicago,58612.71,7623.41,2020-09-05,19,39.5,daniel.garcia@company.com,(962) 573-5788,Inactive
EMP019099,Anthony,Wilson,Anthony Wilson,42,Engineering,Lead,Seattle,113128.38,8106.02,2023-11-21,18,77.1,anthony.wilson@company.com,(564) 762-2709,Active
EMP019100,Robert,Smith,Robert Smith,41,Operations,Director,New York,57283.41,6126.28,2021-03-14,17,74.6,robert.smith@company.com,(970) 387-4848,Active
EMP019101,Anthony,Rodriguez,Anthony Rodriguez,64,HR,Lead,New York,96152.53,11697.18,2024-09-27,37,79.7,anthony.rodriguez@company.com,(328) 882-9707,Active
EMP019102,Anthony,Lopez,Anthony Lopez,64,Engineering,Senior Developer,Chicago,134532.54,15989.69,2021-10-21,39,63.1,anthony.lopez@company.com,(575) 973-6724,Active
EMP019103,Michael,Miller,Michael Miller,44,Engineering,Analyst,Boston,112810.86,19830.39,2024-06-24,20,86.7,michael.miller@company.com,(664) 493-2842,Active
EMP019104,Robert,Gonzalez,Robert Gonzalez,46,Finance,Associate,Los Angeles,69467.11,9165.91,2020-02-08,20,92.6,robert.gonzalez@company.com,(675) 400-2191,Active
EMP019105,Lisa,Brown,Lisa Brown,61,Engineering,Associate,Los Angeles,142210.65,22368.06,2021-01-13,38,46.9,lisa.brown@company.com,(746) 595-9798,Active
EMP019106,Lisa,Williams,Lisa Williams,53,Operations,Coordinator,New York,73143.62,5388.15,2023-11-26,25,73.3,lisa.williams@company.com,(518) 511-9493,On Leave
EMP019107,Sarah,Garcia,Sarah Garcia,54,IT,Senior Developer,Chicago,81938.88,11805.28,2021-07-23,30,57.6,sarah.garcia@company.com,(755) 835-4301,Active
EMP019108,Nicole,Smith,Nicole Smith,51,HR,Director,San Francisco,87633.75,6939.24,2023-01-27,29,92.4,nicole.smith@company.com,(460) 351-3614,Active
EMP019109,Jessica,Moore,Jessica Moore,41,Marketing,Manager,Los Angeles,109080.63,5437.68,2024-08-03,18,63.6,jessica.moore@company.com,(714) 276-8445,Active
EMP019110,Jessica,Anderson,Jessica Anderson,47,Sales,Senior Developer,Seattle,99346.48,9729.1,2022-08-04,19,88.6,jessica.anderson@company.com,(271) 550-6611,On Leave
EMP019111,Stephanie,Johnson,Stephanie Johnson,25,IT,Specialist,New York,71452.1,6460.75,2022-02-02,0,100.0,stephanie.johnson@company.com,(611) 946-2227,Active
EMP019112,Stephanie,Jackson,Stephanie Jackson,48,Operations,Associate,Chicago,60752.75,6283.92,2021-01-19,25,73.4,stephanie.jackson@company.com,(360) 354-7952,Active
EMP019113,Sarah,Anderson,Sarah Anderson,42,Marketing,Coordinator,Seattle,88348.72,11344.07,2024-07-21,15,63.8,sarah.anderson@company.com,(580) 971-6255,Active
EMP019114,Daniel,Johnson,Daniel Johnson,25,Operations,Associate,Boston,45569.94,3431.19,2024-02-07,0,100.0,daniel.johnson@company.com,(252) 961-5793,Inactive
EMP019115,Ashley,Thomas,Ashley Thomas,37,HR,Lead,San Francisco,62951.75,0.0,2020-02-21,15,87.9,ashley.thomas@company.com,(656) 350-1604,Active
EMP019116,Ashley,Brown,Ashley Brown,46,Operations,Coordinator,Boston,61264.49,4019.56,2020-05-25,23,84.4,ashley.brown@company.com,(734) 743-1047,Active
EMP019117,Daniel,Smith,Daniel Smith,58,Sales,Specialist,Chicago,69388.13,8230.03,2022-08-01,35,82.2,daniel.smith@company.com,(666) 653-2987,Active
EMP019118,Matthew,Martin,Matthew Martin,51,Marketing,Specialist,Miami,60299.23,1609.28,2020-06-02,23,84.4,matthew.martin@company.com,(984) 281-4418,Active
EMP019119,Michael,Miller,Michael Miller,53,Engineering,Coordinator,Chicago,110858.27,12193.27,2020-03-25,28,87.5,michael.miller@company.com,(211) 897-8557,Active
EMP019120,Jane,Johnson,Jane Johnson,37,Finance,Manager,Austin,72770.12,5350.19,2024-06-03,13,83.0,jane.johnson@company.com,(951) 348-2852,Active
EMP019121,John,Davis,John Davis,47,Finance,Analyst,Chicago,113514.95,16214.04,2020-09-10,23,57.4,john.davis@company.com,(525) 215-3970,Active
EMP019122,Christopher,Smith,Christopher Smith,52,Operations,Specialist,Chicago,57474.59,5049.53,2021-07-31,26,68.7,christopher.smith@company.com,(509) 220-3060,Active
EMP019123,Robert,Jackson,Robert Jackson,40,Marketing,Senior Developer,Chicago,71808.2,3842.46,2022-11-09,13,71.8,robert.jackson@company.com,(256) 466-4904,Active
EMP019124,David,Smith,David Smith,33,Marketing,Manager,Boston,44259.59,2915.48,2023-10-11,11,64.6,david.smith@company.com,(991) 876-4593,Active
EMP019125,Anthony,Martin,Anthony Martin,35,IT,Associate,Austin,79430.75,0.0,2022-09-04,9,84.6,anthony.martin@company.com,(402) 367-6362,Inactive
EMP019126,Ashley,Anderson,Ashley Anderson,59,IT,Analyst,Los Angeles,95128.27,7620.99,2024-10-26,34,100.0,ashley.anderson@company.com,(559) 453-7711,Inactive
EMP019127,Sarah,Garcia,Sarah Garcia,49,Engineering,Analyst,San Francisco,101440.64,15460.25,2020-01-20,20,62.5,sarah.garcia@company.com,(736) 644-5752,Inactive
EMP019128,Jessica,Davis,Jessica Davis,46,IT,Lead,Chicago,105225.95,7409.86,2021-01-10,19,98.9,jessica.davis@company.com,(231) 759-6923,Active
EMP019129,Christopher,Hernandez,Christopher Hernandez,28,Legal,Specialist,New York,64754.95,4917.78,2021-08-25,0,67.1,christopher.hernandez@company.com,(610) 474-4767,Active
EMP019130,Stephanie,Smith,Stephanie Smith,42,IT,Associate,Los Angeles,56683.29,6874.94,2023-07-26,16,54.7,stephanie.smith@company.com,(930) 826-8323,Inactive
EMP019131,Anthony,Martinez,Anthony Martinez,62,IT,Coordinator,Austin,96928.7,8787.87,2020-10-06,36,60.0,anthony.martinez@company.com,(390) 805-7887,Inactive
EMP019132,Amanda,Williams,Amanda Williams,51,Legal,Senior Developer,Seattle,111698.22,1948.12,2023-10-12,27,77.8,amanda.williams@company.com,(508) 466-1233,Active
EMP019133,Daniel,Moore,Daniel Moore,56,Marketing,Manager,New York,73707.78,9757.27,2020-08-08,28,75.5,daniel.moore@company.com,(739) 972-9481,Active
EMP019134,Christopher,Taylor,Christopher Taylor,59,Engineering,Director,Chicago,103878.11,22053.91,2020-09-22,33,87.6,christopher.taylor@company.com,(726) 821-5803,Active
EMP019135,Michael,Hernandez,Michael Hernandez,60,HR,Director,Boston,79750.22,9042.28,2023-06-08,37,62.3,michael.hernandez@company.com,(655) 348-4206,Inactive
EMP019136,John,Davis,John Davis,51,Legal,Associate,Chicago,93244.76,16393.41,2024-07-09,29,100.0,john.davis@company.com,(716) 749-4408,Active
EMP019137,John,Taylor,John Taylor,62,Operations,Senior Developer,Boston,80550.1,5099.53,2022-07-01,36,69.0,john.taylor@company.com,(277) 504-7671,Inactive
EMP019138,John,Davis,John Davis,38,Legal,Manager,Seattle,64549.74,7962.56,2020-02-24,15,80.8,john.davis@company.com,(598) 509-5110,Active
EMP019139,Matthew,Thomas,Matthew Thomas,41,HR,Lead,New York,83507.05,7323.1,2023-08-08,15,74.1,matthew.thomas@company.com,(297) 766-9542,Inactive
EMP019140,Jane,Lopez,Jane Lopez,25,Sales,Director,Chicago,61978.28,7904.15,2021-04-24,0,62.6,jane.lopez@company.com,(252) 462-6917,Active
EMP019141,Ashley,Moore,Ashley Moore,40,HR,Lead,Seattle,80777.33,8687.14,2022-01-30,14,81.4,ashley.moore@company.com,(394) 821-6768,Inactive
EMP019142,Ashley,Taylor,Ashley Taylor,62,Operations,Manager,Seattle,49717.25,5153.76,2024-09-15,40,73.9,ashley.taylor@company.com,(851) 858-7826,Active
EMP019143,William,Martinez,William Martinez,47,Sales,Analyst,Chicago,93656.23,2830.09,2021-12-31,18,91.0,william.martinez@company.com,(629) 647-3111,Active
EMP019144,Stephanie,Brown,Stephanie Brown,65,Marketing,Senior Developer,Seattle,104538.9,9595.36,2022-09-25,38,84.1,stephanie.brown@company.com,(955) 897-8456,Inactive
EMP019145,Daniel,Gonzalez,Daniel Gonzalez,37,Marketing,Specialist,Austin,82001.68,5864.03,2021-12-06,8,62.1,daniel.gonzalez@company.com,(748) 824-7528,Active
EMP019146,Sarah,Jackson,Sarah Jackson,57,Marketing,Lead,Los Angeles,80486.69,10222.13,2022-03-13,35,63.6,sarah.jackson@company.com,(366) 559-6000,Active
EMP019147,Robert,Garcia,Robert Garcia,49,Operations,Manager,New York,31518.79,2741.72,2021-01-05,26,56.3,robert.garcia@company.com,(327) 688-4420,Active
EMP019148,Lisa,Miller,Lisa Miller,27,Legal,Senior Developer,Austin,79276.46,14001.12,2021-07-09,0,58.5,lisa.miller@company.com,(338) 946-6127,Active
EMP019149,James,Garcia,James Garcia,23,IT,Lead,Chicago,91587.51,11048.33,2024-04-24,0,75.2,james.garcia@company.com,(825) 305-7809,Active
EMP019150,John,Jones,John Jones,40,IT,Director,Los Angeles,73260.25,7188.76,2021-08-31,14,70.1,john.jones@company.com,(711) 839-1288,Active
EMP019151,Melissa,Miller,Melissa Miller,65,Engineering,Specialist,Chicago,139764.74,6817.45,2023-12-18,41,68.4,melissa.miller@company.com,(746) 626-1958,Active
EMP019152,Sarah,Jones,Sarah Jones,42,Operations,Manager,Chicago,48090.22,2024.81,2021-07-17,20,62.2,sarah.jones@company.com,(560) 644-8847,Active
EMP019153,Emily,Gonzalez,Emily Gonzalez,53,HR,Director,San Francisco,73803.45,0.0,2022-05-22,31,42.5,emily.gonzalez@company.com,(474) 457-2233,Inactive
EMP019154,Amanda,Miller,Amanda Miller,62,HR,Coordinator,San Francisco,76068.31,10661.19,2022-10-29,33,62.9,amanda.miller@company.com,(780) 916-7554,Active
EMP019155,James,Rodriguez,James Rodriguez,55,Marketing,Senior Developer,Seattle,85312.97,11055.13,2020-10-30,32,74.7,james.rodriguez@company.com,(941) 385-1551,Inactive
EMP019156,Amanda,Thomas,Amanda Thomas,44,Sales,Manager,Seattle,75511.67,16030.98,2024-03-21,19,79.7,amanda.thomas@company.com,(823) 209-8319,Inactive
EMP019157,Sarah,Martin,Sarah Martin,34,Finance,Lead,Los Angeles,86813.03,1458.58,2023-10-06,9,74.3,sarah.martin@company.com,(416) 767-8297,Active
EMP019158,Lisa,Smith,Lisa Smith,65,Sales,Director,Chicago,44529.63,0.0,2024-11-22,36,60.7,lisa.smith@company.com,(507) 454-1391,Active
EMP019159,Stephanie,Moore,Stephanie Moore,25,Finance,Coordinator,New York,107724.47,14395.9,2020-05-25,0,69.6,stephanie.moore@company.com,(448) 222-1028,Active
EMP019160,Anthony,Martin,Anthony Martin,24,Legal,Analyst,San Francisco,75033.95,7056.03,2020-02-29,1,33.7,anthony.martin@company.com,(830) 838-7944,Active
EMP019161,Melissa,Gonzalez,Melissa Gonzalez,30,Finance,Specialist,Miami,85784.97,0.0,2024-02-18,1,96.0,melissa.gonzalez@company.com,(906) 604-9961,Active
EMP019162,Amanda,Martin,Amanda Martin,47,Marketing,Lead,Miami,54206.79,6832.6,2023-08-14,25,96.5,amanda.martin@company.com,(686) 852-4915,Active
EMP019163,Daniel,Taylor,Daniel Taylor,25,Operations,Associate,Miami,59851.71,6527.7,2022-07-16,1,68.3,daniel.taylor@company.com,(647) 832-9551,Active
EMP019164,James,Smith,James Smith,54,Engineering,Manager,Miami,99740.82,4637.72,2023-12-31,25,76.2,james.smith@company.com,(880) 441-3158,Active
EMP019165,Jessica,Williams,Jessica Williams,28,Marketing,Director,New York,44363.55,3146.23,2022-05-30,0,63.4,jessica.williams@company.com,(567) 442-7281,Active
EMP019166,Lisa,Martin,Lisa Martin,59,Engineering,Director,Seattle,123634.14,7080.09,2022-06-10,37,71.1,lisa.martin@company.com,(757) 935-1058,Active
EMP019167,Anthony,Johnson,Anthony Johnson,58,Engineering,Manager,Boston,95739.82,14977.67,2024-02-18,32,91.1,anthony.johnson@company.com,(800) 317-9423,Active
EMP019168,Matthew,Anderson,Matthew Anderson,53,IT,Lead,New York,90805.0,4968.84,2021-08-14,29,73.0,matthew.anderson@company.com,(911) 425-9961,Active
EMP019169,Sarah,Taylor,Sarah Taylor,49,Engineering,Specialist,San Francisco,70702.36,6986.35,2021-08-28,23,87.2,sarah.taylor@company.com,(947) 280-7310,Active
EMP019170,Robert,Hernandez,Robert Hernandez,38,Operations,Coordinator,Boston,41669.36,5024.93,2022-09-19,12,90.0,robert.hernandez@company.com,(222) 619-4696,Active
EMP019171,Lisa,Jones,Lisa Jones,29,Finance,Director,Chicago,73813.8,7909.07,2023-01-19,1,77.9,lisa.jones@company.com,(546) 303-6628,Active
EMP019172,Melissa,Davis,Melissa Davis,27,Finance,Director,Los Angeles,56256.11,8977.33,2023-01-20,5,72.7,melissa.davis@company.com,(279) 261-3110,Active
EMP019173,Robert,Martin,Robert Martin,34,Engineering,Lead,Los Angeles,91001.08,924.99,2023-05-23,9,84.6,robert.martin@company.com,(470) 412-3922,Active
EMP019174,William,Martin,William Martin,42,Sales,Manager,Miami,88239.59,6724.8,2020-10-11,13,68.1,william.martin@company.com,(978) 549-5404,Active
EMP019175,David,Jones,David Jones,58,Engineering,Coordinator,Boston,96780.68,10591.17,2024-03-01,36,80.2,david.jones@company.com,(432) 274-8561,Active
EMP019176,Jessica,Taylor,Jessica Taylor,65,Engineering,Senior Developer,Los Angeles,135236.97,16673.22,2020-09-17,43,75.9,jessica.taylor@company.com,(784) 887-6397,Active
EMP019177,Anthony,Johnson,Anthony Johnson,40,HR,Senior Developer,Los Angeles,86397.81,2094.09,2023-03-08,17,46.5,anthony.johnson@company.com,(874) 510-4142,Active
EMP019178,Amanda,Brown,Amanda Brown,63,IT,Analyst,San Francisco,99212.2,9674.77,2023-07-18,37,68.5,amanda.brown@company.com,(260) 549-6540,On Leave
EMP019179,Sarah,Garcia,Sarah Garcia,57,Marketing,Associate,San Francisco,83984.48,8752.29,2024-10-21,30,74.4,sarah.garcia@company.com,(719) 620-4156,Active
EMP019180,David,Rodriguez,David Rodriguez,43,Marketing,Associate,Chicago,82627.03,8622.72,2023-11-26,17,87.3,david.rodriguez@company.com,(592) 607-9250,Active
EMP019181,Emily,Garcia,Emily Garcia,62,Sales,Director,Chicago,65049.69,9306.28,2022-04-08,36,56.9,emily.garcia@company.com,(306) 233-7953,Active
EMP019182,James,Anderson,James Anderson,23,HR,Lead,Austin,67736.63,9898.81,2023-06-07,0,91.1,james.anderson@company.com,(554) 764-2858,Active
EMP019183,Ashley,Taylor,Ashley Taylor,38,Finance,Lead,Seattle,79626.67,9178.36,2024-08-11,14,55.8,ashley.taylor@company.com,(562) 322-4814,Active
EMP019184,Michael,Davis,Michael Davis,24,HR,Analyst,Miami,43571.57,4545.55,2023-12-04,0,66.5,michael.davis@company.com,(530) 794-6581,On Leave
EMP019185,Melissa,Thomas,Melissa Thomas,38,HR,Manager,San Francisco,66428.09,7744.05,2020-12-12,16,82.1,melissa.thomas@company.com,(957) 853-3815,Active
EMP019186,Christopher,Wilson,Christopher Wilson,36,IT,Manager,Boston,76852.74,6283.11,2020-01-02,11,78.8,christopher.wilson@company.com,(485) 545-4395,Active
EMP019187,Emily,Johnson,Emily Johnson,50,Legal,Senior Developer,Los Angeles,115183.58,11075.73,2021-05-01,26,80.4,emily.johnson@company.com,(459) 787-6445,Inactive
EMP019188,Ashley,Anderson,Ashley Anderson,41,IT,Senior Developer,Austin,55474.91,7626.36,2021-10-18,19,57.4,ashley.anderson@company.com,(423) 567-6083,Active
EMP019189,Christopher,Hernandez,Christopher Hernandez,54,Operations,Specialist,Boston,41411.92,5041.31,2022-08-26,27,75.1,christopher.hernandez@company.com,(771) 619-5006,Active
EMP019190,Emily,Thomas,Emily Thomas,41,Operations,Associate,Boston,51227.12,3257.14,2023-12-18,14,88.1,emily.thomas@company.com,(403) 286-5666,Active
EMP019191,David,Davis,David Davis,59,Finance,Specialist,Los Angeles,48561.2,3024.12,2022-11-24,34,87.9,david.davis@company.com,(289) 317-6099,Active
EMP019192,David,Martin,David Martin,64,Legal,Coordinator,Austin,115292.79,0.0,2021-06-03,35,82.4,david.martin@company.com,(441) 320-1608,Active
EMP019193,James,Gonzalez,James Gonzalez,64,Marketing,Analyst,San Francisco,73467.52,5275.91,2023-10-19,42,68.9,james.gonzalez@company.com,(231) 437-6312,Active
EMP019194,John,Martin,John Martin,63,IT,Senior Developer,Los Angeles,135662.31,24774.8,2022-03-19,38,96.3,john.martin@company.com,(629) 739-8888,Active
EMP019195,Robert,Miller,Robert Miller,45,Finance,Lead,Miami,81867.94,4511.05,2023-04-11,19,76.7,robert.miller@company.com,(438) 293-4742,Active
EMP019196,Daniel,Thomas,Daniel Thomas,29,Sales,Director,Seattle,32988.54,3645.98,2024-10-09,4,72.3,daniel.thomas@company.com,(692) 934-1179,Active
EMP019197,Christopher,Jones,Christopher Jones,54,Operations,Director,Austin,76326.93,7517.12,2021-03-02,32,61.8,christopher.jones@company.com,(432) 325-9611,Active
EMP019198,Christopher,Thomas,Christopher Thomas,58,Engineering,Analyst,Chicago,100399.95,7101.06,2024-09-12,33,85.4,christopher.thomas@company.com,(431) 588-8173,Active
EMP019199,Michael,Johnson,Michael Johnson,60,Sales,Manager,Boston,124073.71,5463.26,2022-02-07,31,92.1,michael.johnson@company.com,(643) 241-7532,Active
EMP019200,James,Garcia,James Garcia,36,Marketing,Analyst,San Francisco,33078.93,3940.82,2021-06-07,10,74.5,james.garcia@company.com,(326) 485-7173,Active
EMP019201,Nicole,Martinez,Nicole Martinez,41,Finance,Analyst,San Francisco,109127.89,20666.97,2023-05-26,19,83.1,nicole.martinez@company.com,(452) 920-5018,Active
EMP019202,Jessica,Brown,Jessica Brown,54,Operations,Lead,Austin,95166.79,14573.91,2022-12-31,25,89.9,jessica.brown@company.com,(423) 741-4810,Active
EMP019203,Emily,Johnson,Emily Johnson,22,IT,Associate,Boston,81287.58,765.12,2024-05-16,0,77.9,emily.johnson@company.com,(755) 575-6776,Active
EMP019204,Daniel,Martinez,Daniel Martinez,24,Engineering,Director,Seattle,45576.77,1890.99,2022-07-01,0,50.9,daniel.martinez@company.com,(366) 255-8929,Active
EMP019205,Jane,Davis,Jane Davis,33,Sales,Director,San Francisco,57206.33,5826.37,2024-10-02,6,80.0,jane.davis@company.com,(736) 428-1062,Active
EMP019206,Christopher,Jones,Christopher Jones,56,Marketing,Director,Los Angeles,79250.22,5579.45,2024-12-22,32,85.4,christopher.jones@company.com,(288) 831-7381,Active
EMP019207,Ashley,Gonzalez,Ashley Gonzalez,54,HR,Lead,San Francisco,89070.33,7536.53,2024-04-14,31,83.3,ashley.gonzalez@company.com,(571) 267-1833,Active
EMP019208,Matthew,Jackson,Matthew Jackson,24,Finance,Senior Developer,Seattle,53784.49,6204.18,2022-08-13,1,92.5,matthew.jackson@company.com,(536) 714-2807,Active
EMP019209,Anthony,Martinez,Anthony Martinez,29,Marketing,Specialist,Chicago,60867.29,11485.91,2020-07-27,1,72.8,anthony.martinez@company.com,(612) 749-3246,Active
EMP019210,Lisa,Martinez,Lisa Martinez,30,Marketing,Manager,Los Angeles,92063.46,2910.53,2024-11-07,3,75.2,lisa.martinez@company.com,(741) 432-5348,Inactive
EMP019211,Christopher,Miller,Christopher Miller,63,Finance,Senior Developer,Boston,88615.31,11228.16,2023-05-25,36,72.1,christopher.miller@company.com,(651) 843-9243,Active
EMP019212,William,Rodriguez,William Rodriguez,39,Finance,Analyst,San Francisco,95639.2,15207.53,2023-12-28,11,87.1,william.rodriguez@company.com,(930) 851-2056,Active
EMP019213,Anthony,Thomas,Anthony Thomas,26,Sales,Coordinator,Miami,67222.27,6696.58,2022-09-25,0,85.2,anthony.thomas@company.com,(364) 563-6621,Inactive
EMP019214,William,Gonzalez,William Gonzalez,51,Engineering,Senior Developer,New York,111829.41,7591.14,2022-11-06,29,95.7,william.gonzalez@company.com,(442) 398-4655,Active
EMP019215,Ashley,Johnson,Ashley Johnson,55,Marketing,Coordinator,San Francisco,96851.99,5234.38,2021-04-23,26,62.6,ashley.johnson@company.com,(263) 594-7265,Active
EMP019216,Christopher,Johnson,Christopher Johnson,52,Finance,Associate,Boston,96203.44,11581.26,2024-11-29,25,62.8,christopher.johnson@company.com,(782) 388-5740,Active
EMP019217,Emily,Jackson,Emily Jackson,61,HR,Associate,Boston,86176.61,3695.33,2020-08-24,39,73.4,emily.jackson@company.com,(909) 963-8142,Active
EMP019218,Robert,Martinez,Robert Martinez,46,Sales,Manager,Boston,58337.3,4474.51,2020-01-03,22,65.2,robert.martinez@company.com,(715) 799-8486,Inactive
EMP019219,David,Miller,David Miller,44,IT,Specialist,Los Angeles,73215.64,2942.51,2020-06-05,15,63.1,david.miller@company.com,(968) 386-8201,Active
EMP019220,William,Taylor,William Taylor,40,Legal,Lead,San Francisco,98398.18,12256.55,2024-12-21,11,81.2,william.taylor@company.com,(310) 216-8054,Active
EMP019221,Michael,Gonzalez,Michael Gonzalez,52,Operations,Associate,New York,61588.6,5673.76,2021-06-19,28,81.4,michael.gonzalez@company.com,(756) 204-8062,Active
EMP019222,Sarah,Taylor,Sarah Taylor,45,Marketing,Analyst,Austin,47912.28,5939.97,2020-05-31,21,86.7,sarah.taylor@company.com,(263) 678-7020,Active
EMP019223,Christopher,Smith,Christopher Smith,65,HR,Coordinator,New York,83533.56,16840.83,2021-03-22,42,100.0,christopher.smith@company.com,(825) 498-3805,Active
EMP019224,Nicole,Miller,Nicole Miller,63,IT,Associate,Chicago,111085.54,11694.61,2021-03-15,38,86.5,nicole.miller@company.com,(664) 227-1340,Active
EMP019225,Melissa,Hernandez,Melissa Hernandez,30,IT,Associate,New York,59720.61,2367.48,2020-02-15,7,47.1,melissa.hernandez@company.com,(305) 372-7862,Active
EMP019226,Michael,Martinez,Michael Martinez,55,Legal,Coordinator,New York,126946.56,0.0,2024-03-20,28,44.9,michael.martinez@company.com,(986) 234-2476,Active
EMP019227,Jessica,Garcia,Jessica Garcia,61,Marketing,Senior Developer,Austin,73336.62,6713.39,2024-05-04,32,58.2,jessica.garcia@company.com,(337) 928-2521,Active
EMP019228,Sarah,Moore,Sarah Moore,47,Sales,Analyst,Boston,58756.4,4298.09,2022-10-30,19,72.2,sarah.moore@company.com,(239) 484-3300,Active
EMP019229,Lisa,Martinez,Lisa Martinez,49,Engineering,Lead,Seattle,99878.46,9829.1,2021-06-30,20,96.4,lisa.martinez@company.com,(698) 359-3431,Active
EMP019230,Sarah,Wilson,Sarah Wilson,51,IT,Director,San Francisco,58134.85,1036.01,2022-08-19,25,92.0,sarah.wilson@company.com,(972) 306-6091,Active
EMP019231,Anthony,Lopez,Anthony Lopez,42,IT,Coordinator,San Francisco,127216.62,14891.15,2023-03-01,15,84.6,anthony.lopez@company.com,(469) 415-7913,Active
EMP019232,Anthony,Miller,Anthony Miller,61,Marketing,Director,Chicago,73733.82,7958.07,2022-02-03,34,76.7,anthony.miller@company.com,(917) 745-7636,Active
EMP019233,Jessica,Wilson,Jessica Wilson,45,Finance,Manager,San Francisco,86887.6,14197.77,2022-11-10,19,77.2,jessica.wilson@company.com,(689) 299-9517,On Leave
EMP019234,Nicole,Smith,Nicole Smith,26,Operations,Senior Developer,Seattle,68140.76,13229.02,2024-03-15,2,76.5,nicole.smith@company.com,(349) 865-3285,Active
EMP019235,Sarah,Rodriguez,Sarah Rodriguez,42,HR,Lead,Austin,57116.83,4888.64,2024-10-26,18,76.1,sarah.rodriguez@company.com,(213) 257-5667,Active
EMP019236,Melissa,Moore,Melissa Moore,56,Engineering,Manager,New York,130114.37,12766.55,2022-03-21,27,58.1,melissa.moore@company.com,(218) 608-2263,Active
EMP019237,John,Anderson,John Anderson,29,Engineering,Manager,Boston,90016.25,15749.95,2020-03-08,0,56.2,john.anderson@company.com,(240) 594-8574,Active
EMP019238,Matthew,Hernandez,Matthew Hernandez,52,Operations,Analyst,San Francisco,54288.03,4118.81,2020-10-29,23,72.0,matthew.hernandez@company.com,(254) 673-8925,Active
EMP019239,Melissa,Jackson,Melissa Jackson,57,Legal,Manager,New York,109276.58,11618.94,2020-03-03,33,58.0,melissa.jackson@company.com,(289) 230-6251,Inactive
EMP019240,Amanda,Martin,Amanda Martin,29,Marketing,Analyst,Boston,69830.57,7821.68,2024-12-06,7,84.9,amanda.martin@company.com,(265) 229-7813,Active
EMP019241,Stephanie,Martin,Stephanie Martin,27,Engineering,Specialist,Los Angeles,88735.83,6188.17,2023-08-08,2,79.3,stephanie.martin@company.com,(236) 381-3839,Inactive
EMP019242,Melissa,Jackson,Melissa Jackson,64,Engineering,Analyst,Seattle,113727.45,14809.3,2020-08-16,37,75.9,melissa.jackson@company.com,(517) 774-7059,Active
EMP019243,Ashley,Martinez,Ashley Martinez,29,Finance,Lead,Chicago,88798.0,1612.71,2023-09-10,2,100.0,ashley.martinez@company.com,(570) 263-9753,Active
EMP019244,Matthew,Miller,Matthew Miller,63,Finance,Specialist,Chicago,122218.84,8299.52,2022-03-30,40,80.5,matthew.miller@company.com,(837) 300-4940,Active
EMP019245,Ashley,Martin,Ashley Martin,59,HR,Associate,Los Angeles,69433.34,9519.2,2024-07-31,30,85.9,ashley.martin@company.com,(213) 365-9968,Active
EMP019246,Anthony,Gonzalez,Anthony Gonzalez,39,IT,Senior Developer,Miami,72394.82,10193.68,2024-04-12,13,70.7,anthony.gonzalez@company.com,(369) 617-2714,Active
EMP019247,Daniel,Johnson,Daniel Johnson,34,HR,Associate,Austin,59002.49,6893.28,2023-09-27,9,63.6,daniel.johnson@company.com,(277) 410-4754,Active
EMP019248,John,Smith,John Smith,60,HR,Specialist,Chicago,79518.47,7818.26,2021-05-10,37,62.2,john.smith@company.com,(220) 778-5866,Active
EMP019249,Jane,Lopez,Jane Lopez,64,Finance,Director,New York,115713.48,16904.89,2023-07-02,38,52.1,jane.lopez@company.com,(824) 255-1077,Active
EMP019250,Jessica,Brown,Jessica Brown,31,HR,Associate,Boston,63711.87,6137.4,2024-07-28,2,58.6,jessica.brown@company.com,(698) 384-2040,Active
EMP019251,Anthony,Martinez,Anthony Martinez,42,Legal,Specialist,Chicago,79723.32,8809.98,2024-02-14,14,91.5,anthony.martinez@company.com,(740) 881-4006,Active
EMP019252,Matthew,Davis,Matthew Davis,44,HR,Coordinator,Seattle,71225.38,10413.79,2022-04-01,22,67.2,matthew.davis@company.com,(963) 886-4707,Inactive
EMP019253,Jane,Thomas,Jane Thomas,47,HR,Senior Developer,Boston,78367.43,2242.32,2022-02-26,25,81.1,jane.thomas@company.com,(254) 981-3885,Active
EMP019254,Amanda,Martin,Amanda Martin,51,Finance,Lead,Los Angeles,96040.2,2696.0,2023-06-16,26,71.4,amanda.martin@company.com,(243) 302-8662,Active
EMP019255,Melissa,Wilson,Melissa Wilson,49,Operations,Associate,Miami,63372.29,6201.61,2022-11-12,24,89.1,melissa.wilson@company.com,(971) 980-3346,Active
EMP019256,Amanda,Davis,Amanda Davis,27,Legal,Lead,Seattle,77678.88,1351.75,2021-02-04,1,77.5,amanda.davis@company.com,(796) 301-4342,Active
EMP019257,Robert,Miller,Robert Miller,49,Sales,Analyst,Seattle,97905.58,15802.93,2024-07-22,21,92.1,robert.miller@company.com,(590) 385-9282,Active
EMP019258,Nicole,Davis,Nicole Davis,42,Legal,Manager,San Francisco,55692.09,4015.47,2024-12-08,17,61.8,nicole.davis@company.com,(712) 371-1077,Active
EMP019259,David,Miller,David Miller,65,Operations,Manager,Los Angeles,87744.42,11662.72,2024-11-14,38,83.8,david.miller@company.com,(791) 234-5068,Active
EMP019260,Daniel,Williams,Daniel Williams,34,Marketing,Analyst,Boston,88691.01,14093.85,2024-01-09,8,73.0,daniel.williams@company.com,(571) 472-3774,Active
EMP019261,Stephanie,Williams,Stephanie Williams,40,Marketing,Lead,San Francisco,60178.31,905.67,2024-04-01,13,63.8,stephanie.williams@company.com,(582) 609-9435,Active
EMP019262,John,Rodriguez,John Rodriguez,52,HR,Director,Austin,63265.92,292.45,2021-09-19,27,73.5,john.rodriguez@company.com,(586) 713-1390,Active
EMP019263,Jane,Moore,Jane Moore,53,Sales,Associate,Austin,102321.92,14385.73,2021-11-02,28,83.5,jane.moore@company.com,(478) 820-1173,Active
EMP019264,Christopher,Martinez,Christopher Martinez,55,Finance,Specialist,New York,85958.78,8122.63,2023-02-09,26,72.7,christopher.martinez@company.com,(488) 416-6035,Active
EMP019265,David,Anderson,David Anderson,50,IT,Manager,San Francisco,54566.59,5558.95,2020-02-10,21,77.0,david.anderson@company.com,(581) 405-8846,Active
EMP019266,Daniel,Thomas,Daniel Thomas,47,Operations,Manager,Miami,58872.55,5033.74,2024-10-16,19,54.5,daniel.thomas@company.com,(946) 786-4262,On Leave
EMP019267,Robert,Williams,Robert Williams,64,HR,Senior Developer,San Francisco,95156.84,10964.03,2020-02-28,39,73.6,robert.williams@company.com,(600) 794-3318,Active
EMP019268,Jessica,Moore,Jessica Moore,37,Sales,Manager,Seattle,69749.57,6003.65,2024-03-26,12,56.4,jessica.moore@company.com,(409) 598-1253,Active
EMP019269,Amanda,Lopez,Amanda Lopez,51,Operations,Specialist,Seattle,88106.82,12429.81,2021-02-26,25,74.1,amanda.lopez@company.com,(771) 334-9243,Active
EMP019270,Anthony,Davis,Anthony Davis,65,Operations,Associate,New York,74998.22,9367.67,2020-05-07,40,91.3,anthony.davis@company.com,(459) 310-2399,Active
EMP019271,Robert,Rodriguez,Robert Rodriguez,39,IT,Senior Developer,Chicago,91268.01,10525.46,2020-05-02,16,61.6,robert.rodriguez@company.com,(600) 809-9638,Inactive
EMP019272,David,Thomas,David Thomas,39,Legal,Senior Developer,Miami,88735.41,9542.31,2023-08-13,10,93.4,david.thomas@company.com,(341) 737-7580,Active
EMP019273,David,Martin,David Martin,47,IT,Analyst,Austin,105659.72,9002.61,2021-06-05,20,73.4,david.martin@company.com,(921) 315-8893,Active
EMP019274,Matthew,Martinez,Matthew Martinez,63,Engineering,Director,Austin,118307.28,14091.27,2023-12-30,40,70.5,matthew.martinez@company.com,(484) 383-2653,Active
EMP019275,Robert,Wilson,Robert Wilson,35,Operations,Director,Austin,34308.77,6555.26,2021-09-02,11,70.9,robert.wilson@company.com,(952) 829-7599,Active
EMP019276,William,Jones,William Jones,41,HR,Lead,Austin,49510.21,6654.32,2021-12-03,18,73.0,william.jones@company.com,(611) 532-8015,Active
EMP019277,David,Gonzalez,David Gonzalez,40,Sales,Specialist,Seattle,72635.46,7395.22,2024-02-01,17,83.6,david.gonzalez@company.com,(870) 631-3436,Active
EMP019278,Sarah,Jones,Sarah Jones,35,Finance,Associate,Boston,72793.43,924.48,2020-04-14,9,37.3,sarah.jones@company.com,(518) 330-5758,Inactive
EMP019279,Ashley,Hernandez,Ashley Hernandez,47,IT,Coordinator,Chicago,101850.13,14942.18,2023-05-08,24,54.5,ashley.hernandez@company.com,(822) 555-7550,Active
EMP019280,Jane,Williams,Jane Williams,48,Operations,Analyst,Miami,55265.18,0.0,2020-03-23,24,78.2,jane.williams@company.com,(778) 387-4598,Active
EMP019281,James,Rodriguez,James Rodriguez,42,Sales,Specialist,Austin,107792.41,12452.58,2021-02-16,13,56.7,james.rodriguez@company.com,(999) 633-9826,Active
EMP019282,William,Garcia,William Garcia,27,Marketing,Analyst,Seattle,29678.73,3674.78,2021-04-15,0,62.2,william.garcia@company.com,(763) 966-6247,Active
EMP019283,Daniel,Anderson,Daniel Anderson,26,Marketing,Associate,San Francisco,67248.17,4695.04,2021-09-04,0,76.1,daniel.anderson@company.com,(231) 383-5348,Active
EMP019284,Jane,Rodriguez,Jane Rodriguez,31,Marketing,Coordinator,Los Angeles,54278.7,9630.84,2021-04-15,8,66.9,jane.rodriguez@company.com,(680) 212-3096,Active
EMP019285,Christopher,Martinez,Christopher Martinez,29,Legal,Analyst,Seattle,65017.32,6697.52,2023-05-03,4,51.3,christopher.martinez@company.com,(770) 356-9778,Active
EMP019286,Stephanie,Davis,Stephanie Davis,44,Marketing,Director,Chicago,61684.27,8807.09,2021-09-03,22,82.0,stephanie.davis@company.com,(311) 844-7687,Active
EMP019287,Emily,Brown,Emily Brown,42,Legal,Coordinator,Seattle,110300.65,4640.23,2024-07-24,18,68.5,emily.brown@company.com,(701) 241-6623,Active
EMP019288,Robert,Brown,Robert Brown,44,Engineering,Associate,Seattle,98997.17,5142.78,2021-10-12,19,68.0,robert.brown@company.com,(512) 316-7553,Active
EMP019289,Emily,Davis,Emily Davis,61,IT,Coordinator,Austin,111125.89,12319.32,2024-09-15,35,91.3,emily.davis@company.com,(832) 373-7186,Active
EMP019290,David,Taylor,David Taylor,40,IT,Coordinator,Seattle,124060.01,10375.78,2022-11-24,13,73.7,david.taylor@company.com,(305) 992-7263,Active
EMP019291,David,Lopez,David Lopez,61,Operations,Associate,New York,80446.34,7430.24,2022-05-09,32,73.6,david.lopez@company.com,(491) 384-5437,Active
EMP019292,Matthew,Johnson,Matthew Johnson,63,IT,Specialist,Austin,137853.72,2932.21,2021-07-03,36,89.1,matthew.johnson@company.com,(400) 932-1821,Active
EMP019293,James,Martin,James Martin,25,IT,Analyst,Los Angeles,66330.87,6286.55,2021-07-10,0,76.2,james.martin@company.com,(929) 449-9246,Active
EMP019294,James,Smith,James Smith,30,Legal,Director,Chicago,59708.81,1858.45,2024-11-30,3,76.4,james.smith@company.com,(227) 721-2516,Active
EMP019295,Christopher,Miller,Christopher Miller,57,Sales,Associate,New York,108118.82,18735.28,2024-04-07,28,81.6,christopher.miller@company.com,(811) 560-5447,Active
EMP019296,Jane,Jones,Jane Jones,46,HR,Coordinator,Los Angeles,70118.93,8422.35,2020-10-10,17,92.1,jane.jones@company.com,(356) 445-6374,Active
EMP019297,Nicole,Miller,Nicole Miller,57,HR,Manager,Austin,71729.24,6849.08,2022-01-17,29,95.6,nicole.miller@company.com,(658) 823-6050,Active
EMP019298,Christopher,Smith,Christopher Smith,43,Marketing,Lead,New York,54866.21,8171.61,2024-06-30,17,81.7,christopher.smith@company.com,(599) 760-3134,Active
EMP019299,Stephanie,Davis,Stephanie Davis,59,HR,Manager,San Francisco,107568.02,14293.45,2022-01-28,35,85.1,stephanie.davis@company.com,(869) 511-3784,Active
EMP019300,Matthew,Moore,Matthew Moore,60,Marketing,Manager,New York,74274.24,11038.57,2024-09-24,34,100.0,matthew.moore@company.com,(934) 215-6217,Active
EMP019301,William,Garcia,William Garcia,57,Engineering,Lead,Boston,114097.99,8984.23,2022-07-17,35,95.9,william.garcia@company.com,(537) 870-9472,Inactive
EMP019302,John,Thomas,John Thomas,36,Legal,Manager,Seattle,70920.02,8986.15,2024-12-19,14,61.8,john.thomas@company.com,(941) 591-1235,Active
EMP019303,Lisa,Davis,Lisa Davis,43,Legal,Coordinator,Los Angeles,97396.24,6396.54,2023-12-14,21,52.2,lisa.davis@company.com,(583) 750-6462,Active
EMP019304,Jane,Martin,Jane Martin,42,Sales,Lead,Seattle,81837.01,3731.45,2024-10-22,17,77.9,jane.martin@company.com,(336) 279-6958,On Leave
EMP019305,Sarah,Brown,Sarah Brown,47,Engineering,Coordinator,Chicago,124728.77,13457.22,2024-03-08,22,61.8,sarah.brown@company.com,(677) 263-2613,Active
EMP019306,Amanda,Rodriguez,Amanda Rodriguez,24,Marketing,Lead,Los Angeles,44509.31,4385.15,2020-03-25,0,88.5,amanda.rodriguez@company.com,(932) 803-6529,Active
EMP019307,Lisa,Smith,Lisa Smith,28,Finance,Associate,Chicago,85139.38,6141.88,2020-06-25,4,67.9,lisa.smith@company.com,(249) 989-7620,Active
EMP019308,Stephanie,Johnson,Stephanie Johnson,32,Operations,Lead,Miami,47386.9,4268.82,2021-01-11,6,91.6,stephanie.johnson@company.com,(799) 843-5158,Active
EMP019309,William,Johnson,William Johnson,36,Legal,Specialist,Los Angeles,123312.64,9561.01,2022-08-12,8,78.8,william.johnson@company.com,(790) 654-3047,Active
EMP019310,Sarah,Jackson,Sarah Jackson,46,Marketing,Specialist,Chicago,83325.45,7705.78,2020-02-06,17,86.5,sarah.jackson@company.com,(534) 449-7004,Active
EMP019311,Robert,Jackson,Robert Jackson,52,Sales,Coordinator,Los Angeles,69238.36,2177.24,2021-09-06,29,70.2,robert.jackson@company.com,(523) 765-4478,Active
EMP019312,Jane,Smith,Jane Smith,31,Sales,Coordinator,Austin,47548.48,4195.27,2021-09-02,7,61.7,jane.smith@company.com,(360) 570-9403,Active
EMP019313,Lisa,Jackson,Lisa Jackson,24,Marketing,Associate,San Francisco,45313.59,0.0,2023-01-06,1,93.6,lisa.jackson@company.com,(373) 237-3695,Active
EMP019314,Emily,Miller,Emily Miller,64,Legal,Manager,Boston,115250.94,16603.8,2023-02-25,37,83.0,emily.miller@company.com,(384) 295-2749,On Leave
EMP019315,Nicole,Davis,Nicole Davis,46,Legal,Analyst,New York,95027.45,12565.87,2022-08-19,24,77.5,nicole.davis@company.com,(461) 627-8409,Active
EMP019316,Sarah,Hernandez,Sarah Hernandez,49,Operations,Associate,Los Angeles,85596.21,12429.76,2024-02-15,24,78.4,sarah.hernandez@company.com,(854) 968-5245,On Leave
EMP019317,William,Williams,William Williams,24,HR,Lead,Miami,67838.81,6839.42,2024-07-30,0,93.6,william.williams@company.com,(648) 852-9984,On Leave
EMP019318,Robert,Rodriguez,Robert Rodriguez,53,HR,Senior Developer,New York,77981.86,5977.25,2021-07-23,29,66.3,robert.rodriguez@company.com,(307) 354-8199,Active
EMP019319,Jessica,Smith,Jessica Smith,42,HR,Senior Developer,Chicago,73732.03,9421.92,2021-11-27,13,72.8,jessica.smith@company.com,(288) 221-8197,Inactive
EMP019320,Stephanie,Garcia,Stephanie Garcia,40,Sales,Lead,San Francisco,65280.96,3231.04,2020-11-26,18,75.4,stephanie.garcia@company.com,(429) 906-9294,Inactive
EMP019321,Nicole,Jones,Nicole Jones,32,HR,Coordinator,Miami,42821.47,41.46,2021-04-14,10,76.0,nicole.jones@company.com,(921) 618-1407,Active
EMP019322,Matthew,Anderson,Matthew Anderson,53,Legal,Manager,Los Angeles,63536.23,9087.93,2023-03-08,25,48.8,matthew.anderson@company.com,(329) 568-8476,Active
EMP019323,Sarah,Taylor,Sarah Taylor,63,IT,Manager,Miami,134047.86,24003.77,2020-12-03,41,72.9,sarah.taylor@company.com,(249) 799-2793,Active
EMP019324,Jessica,Smith,Jessica Smith,46,Finance,Lead,New York,92298.64,6652.8,2020-02-23,22,43.8,jessica.smith@company.com,(536) 829-3325,Active
EMP019325,John,Johnson,John Johnson,55,Marketing,Coordinator,Miami,66346.57,6206.58,2022-02-01,29,54.7,john.johnson@company.com,(399) 943-4770,Active
EMP019326,Daniel,Garcia,Daniel Garcia,30,HR,Analyst,Los Angeles,52849.5,656.5,2024-06-21,2,97.6,daniel.garcia@company.com,(710) 904-3257,Active
EMP019327,Stephanie,Wilson,Stephanie Wilson,57,Finance,Director,Miami,114462.34,17489.6,2024-07-07,31,70.9,stephanie.wilson@company.com,(608) 400-5002,Inactive
EMP019328,Sarah,Smith,Sarah Smith,33,IT,Manager,San Francisco,79767.48,9688.94,2023-12-31,8,85.7,sarah.smith@company.com,(910) 748-9028,On Leave
EMP019329,Robert,Thomas,Robert Thomas,64,Finance,Director,San Francisco,94347.11,18902.99,2023-11-08,42,90.0,robert.thomas@company.com,(550) 905-7953,Active
EMP019330,Sarah,Miller,Sarah Miller,44,Marketing,Specialist,New York,86152.57,10518.4,2021-04-15,17,70.5,sarah.miller@company.com,(297) 395-1352,Active
EMP019331,Robert,Hernandez,Robert Hernandez,27,Legal,Manager,New York,103159.26,13489.8,2024-09-01,1,91.7,robert.hernandez@company.com,(994) 879-7169,Active
EMP019332,Jane,Martinez,Jane Martinez,63,Sales,Coordinator,San Francisco,110953.01,12829.71,2020-09-21,38,45.0,jane.martinez@company.com,(481) 510-3456,Active
EMP019333,Jane,Taylor,Jane Taylor,35,IT,Associate,Seattle,44905.1,2620.83,2024-08-27,8,66.5,jane.taylor@company.com,(824) 574-6030,Active
EMP019334,John,Martin,John Martin,51,Marketing,Specialist,Los Angeles,87288.01,13383.88,2021-03-23,28,80.4,john.martin@company.com,(471) 276-8970,Active
EMP019335,Ashley,Martinez,Ashley Martinez,22,IT,Analyst,Chicago,64372.58,2374.88,2021-03-14,0,44.3,ashley.martinez@company.com,(322) 369-7944,Active
EMP019336,Matthew,Martinez,Matthew Martinez,41,IT,Specialist,Los Angeles,84335.22,7114.38,2022-02-18,18,67.9,matthew.martinez@company.com,(749) 633-9444,Active
EMP019337,John,Thomas,John Thomas,58,IT,Specialist,Boston,82804.09,12344.44,2022-03-28,30,57.5,john.thomas@company.com,(548) 965-7276,Inactive
EMP019338,Stephanie,Lopez,Stephanie Lopez,31,Operations,Coordinator,Austin,63634.59,8431.8,2023-10-06,2,87.8,stephanie.lopez@company.com,(826) 922-5785,Active
EMP019339,Jessica,Wilson,Jessica Wilson,31,Finance,Director,Miami,103292.96,5752.84,2022-07-27,6,91.3,jessica.wilson@company.com,(957) 633-7943,On Leave
EMP019340,John,Williams,John Williams,35,IT,Director,New York,70602.84,9165.66,2021-08-23,10,66.6,john.williams@company.com,(785) 617-3484,Active
EMP019341,Daniel,Davis,Daniel Davis,62,Engineering,Coordinator,Seattle,112363.1,6202.98,2023-07-26,34,93.1,daniel.davis@company.com,(973) 309-8414,Active
EMP019342,Jessica,Taylor,Jessica Taylor,33,Operations,Lead,Austin,46547.98,2232.55,2020-06-20,11,63.2,jessica.taylor@company.com,(724) 775-8652,Active
EMP019343,Jessica,Martin,Jessica Martin,25,Marketing,Coordinator,Boston,52933.5,6214.76,2023-03-08,0,86.9,jessica.martin@company.com,(431) 568-2654,Active
EMP019344,James,Thomas,James Thomas,57,HR,Coordinator,Los Angeles,92333.25,0.0,2020-12-24,33,76.6,james.thomas@company.com,(629) 782-6770,Active
EMP019345,Daniel,Moore,Daniel Moore,41,Engineering,Manager,Austin,68580.06,6092.28,2022-08-10,14,98.5,daniel.moore@company.com,(891) 614-3817,Inactive
EMP019346,Amanda,Taylor,Amanda Taylor,56,Sales,Director,Austin,82332.79,9130.73,2022-03-28,32,70.6,amanda.taylor@company.com,(285) 853-2424,Active
EMP019347,Ashley,Davis,Ashley Davis,33,Marketing,Lead,New York,70139.31,7469.32,2021-02-06,11,66.0,ashley.davis@company.com,(486) 830-7480,Active
EMP019348,Nicole,Jones,Nicole Jones,34,IT,Manager,Boston,96586.7,9145.3,2024-05-30,10,40.2,nicole.jones@company.com,(914) 648-9599,Active
EMP019349,Jessica,Wilson,Jessica Wilson,59,IT,Specialist,Seattle,85759.2,7324.18,2024-12-27,33,46.1,jessica.wilson@company.com,(250) 267-4771,Active
EMP019350,William,Rodriguez,William Rodriguez,61,Legal,Director,Miami,126651.38,16309.5,2021-10-07,38,72.7,william.rodriguez@company.com,(959) 746-4102,Active
EMP019351,Nicole,Garcia,Nicole Garcia,41,Marketing,Associate,Los Angeles,80357.01,5174.82,2024-11-12,18,83.2,nicole.garcia@company.com,(219) 830-5655,Active
EMP019352,Stephanie,Thomas,Stephanie Thomas,32,HR,Analyst,Boston,56566.91,8662.86,2021-04-16,7,88.1,stephanie.thomas@company.com,(815) 543-1543,Active
EMP019353,Amanda,Miller,Amanda Miller,38,HR,Analyst,Austin,62356.29,0.0,2021-12-24,12,100.0,amanda.miller@company.com,(455) 316-5397,Active
EMP019354,Stephanie,Hernandez,Stephanie Hernandez,32,IT,Manager,New York,59286.41,10714.03,2024-06-24,9,95.5,stephanie.hernandez@company.com,(228) 692-9574,Inactive
EMP019355,Robert,Garcia,Robert Garcia,62,Legal,Analyst,San Francisco,113419.03,14700.84,2021-12-21,39,69.8,robert.garcia@company.com,(590) 696-3503,Inactive
EMP019356,James,Gonzalez,James Gonzalez,22,Sales,Director,Boston,82035.19,17408.18,2020-08-28,0,54.3,james.gonzalez@company.com,(931) 895-2065,On Leave
EMP019357,Jessica,Jones,Jessica Jones,24,Legal,Coordinator,Seattle,58279.81,6281.58,2021-12-26,0,62.9,jessica.jones@company.com,(397) 843-2107,Active
EMP019358,William,Brown,William Brown,50,HR,Senior Developer,San Francisco,71190.46,12660.28,2023-07-08,22,95.5,william.brown@company.com,(925) 584-5277,Active
EMP019359,Daniel,Brown,Daniel Brown,22,Sales,Specialist,Miami,72394.2,10578.49,2023-03-25,0,95.8,daniel.brown@company.com,(299) 321-5299,Active
EMP019360,Michael,Jones,Michael Jones,25,Sales,Senior Developer,Los Angeles,43084.04,7316.57,2021-04-09,0,80.7,michael.jones@company.com,(430) 566-4531,Active
EMP019361,Lisa,Martinez,Lisa Martinez,32,Legal,Senior Developer,Chicago,59287.29,9918.9,2024-12-22,10,64.9,lisa.martinez@company.com,(348) 316-9522,Active
EMP019362,Sarah,Jackson,Sarah Jackson,29,Sales,Manager,Austin,30000.0,2804.73,2021-03-13,6,57.8,sarah.jackson@company.com,(291) 957-4663,Active
EMP019363,Emily,Garcia,Emily Garcia,49,Operations,Coordinator,Miami,35391.47,3186.55,2023-05-21,26,100.0,emily.garcia@company.com,(481) 481-7781,On Leave
EMP019364,Daniel,Martin,Daniel Martin,56,Engineering,Analyst,Miami,116870.28,19704.42,2023-12-08,32,77.8,daniel.martin@company.com,(679) 548-8803,Active
EMP019365,Lisa,Jones,Lisa Jones,38,IT,Lead,Chicago,45187.58,509.21,2021-10-29,13,62.8,lisa.jones@company.com,(307) 455-4215,Active
EMP019366,Robert,Davis,Robert Davis,36,Operations,Specialist,New York,72976.37,9996.35,2021-07-21,8,66.2,robert.davis@company.com,(868) 785-6103,Active
EMP019367,Stephanie,Davis,Stephanie Davis,33,Engineering,Lead,Austin,77373.33,7395.03,2020-03-23,4,100.0,stephanie.davis@company.com,(813) 912-7267,Active
EMP019368,Emily,Jackson,Emily Jackson,39,Operations,Lead,Miami,80682.27,7650.83,2022-07-30,10,74.5,emily.jackson@company.com,(446) 838-1661,Active
EMP019369,Anthony,Anderson,Anthony Anderson,52,Operations,Associate,Boston,60945.48,4105.74,2022-12-16,23,54.7,anthony.anderson@company.com,(266) 316-8263,Active
EMP019370,Michael,Gonzalez,Michael Gonzalez,60,Legal,Specialist,Chicago,96829.49,7742.0,2021-12-18,35,59.6,michael.gonzalez@company.com,(703) 270-7633,Active
EMP019371,Daniel,Martin,Daniel Martin,28,Finance,Coordinator,Boston,94385.94,1719.33,2023-06-10,6,79.8,daniel.martin@company.com,(289) 255-6872,Active
EMP019372,Anthony,Jackson,Anthony Jackson,38,Legal,Manager,San Francisco,89175.5,13142.62,2023-06-15,10,80.5,anthony.jackson@company.com,(243) 328-1545,Active
EMP019373,Lisa,Anderson,Lisa Anderson,54,Engineering,Specialist,Miami,127198.76,3156.39,2020-06-20,31,64.5,lisa.anderson@company.com,(656) 538-9196,Active
EMP019374,Lisa,Thomas,Lisa Thomas,64,HR,Analyst,Chicago,89951.62,9141.23,2021-06-11,36,74.4,lisa.thomas@company.com,(282) 849-9569,Active
EMP019375,Anthony,Hernandez,Anthony Hernandez,23,Finance,Director,Chicago,57933.84,1173.78,2024-01-29,0,71.0,anthony.hernandez@company.com,(322) 487-3562,Active
EMP019376,Amanda,Wilson,Amanda Wilson,64,Finance,Director,San Francisco,91855.58,1648.48,2020-05-20,38,93.2,amanda.wilson@company.com,(214) 957-6855,Active
EMP019377,Lisa,Garcia,Lisa Garcia,30,Legal,Senior Developer,Austin,70732.75,2325.38,2020-07-17,5,89.9,lisa.garcia@company.com,(600) 592-2902,Active
EMP019378,Amanda,Williams,Amanda Williams,55,HR,Manager,Austin,88480.65,0.0,2024-10-02,31,57.3,amanda.williams@company.com,(986) 697-8586,Active
EMP019379,Stephanie,Moore,Stephanie Moore,51,Engineering,Specialist,Seattle,107813.25,15849.03,2022-09-13,23,70.0,stephanie.moore@company.com,(536) 443-9400,Active
EMP019380,James,Jones,James Jones,56,Operations,Lead,Miami,98499.25,11051.01,2022-02-20,29,89.1,james.jones@company.com,(566) 546-3848,Active
EMP019381,Sarah,Martin,Sarah Martin,43,Marketing,Associate,Los Angeles,77576.48,6533.95,2023-02-23,16,88.7,sarah.martin@company.com,(420) 917-2139,Active
EMP019382,Stephanie,Anderson,Stephanie Anderson,23,IT,Manager,Chicago,63948.13,3493.95,2022-09-19,0,79.7,stephanie.anderson@company.com,(967) 276-1287,Active
EMP019383,Amanda,Thomas,Amanda Thomas,52,IT,Associate,Miami,112038.84,7702.65,2024-03-10,23,82.2,amanda.thomas@company.com,(407) 795-6573,Active
EMP019384,William,Wilson,William Wilson,46,Finance,Senior Developer,Austin,82116.17,10493.0,2022-03-03,19,73.5,william.wilson@company.com,(902) 336-5821,Active
EMP019385,Melissa,Taylor,Melissa Taylor,40,Marketing,Analyst,Los Angeles,69306.78,4358.82,2021-10-18,17,88.7,melissa.taylor@company.com,(274) 669-8686,Active
EMP019386,Christopher,Anderson,Christopher Anderson,34,Operations,Analyst,San Francisco,65731.22,9183.19,2021-03-28,10,84.5,christopher.anderson@company.com,(588) 386-3516,On Leave
EMP019387,Anthony,Johnson,Anthony Johnson,41,Engineering,Director,Miami,95642.85,4556.64,2020-03-05,13,82.9,anthony.johnson@company.com,(909) 407-4090,Active
EMP019388,Melissa,Jackson,Melissa Jackson,56,Operations,Senior Developer,Seattle,69926.78,8730.86,2023-05-28,30,77.4,melissa.jackson@company.com,(373) 844-6928,Active
EMP019389,James,Lopez,James Lopez,35,Sales,Associate,Seattle,63226.04,8622.23,2022-06-15,7,84.1,james.lopez@company.com,(842) 714-6446,Active
EMP019390,Jane,Martinez,Jane Martinez,38,IT,Senior Developer,New York,108447.53,15345.04,2024-02-15,9,95.7,jane.martinez@company.com,(980) 651-5935,Active
EMP019391,Jane,Martin,Jane Martin,55,HR,Analyst,New York,81741.42,1036.16,2020-08-23,28,84.6,jane.martin@company.com,(553) 310-6883,Active
EMP019392,Stephanie,Hernandez,Stephanie Hernandez,35,HR,Director,Boston,47672.73,7236.86,2023-08-08,13,76.8,stephanie.hernandez@company.com,(231) 284-1500,Inactive
EMP019393,John,Wilson,John Wilson,34,Operations,Director,Boston,56270.37,7358.11,2021-02-09,11,94.6,john.wilson@company.com,(258) 280-2988,Active
EMP019394,Stephanie,Jones,Stephanie Jones,46,Operations,Specialist,New York,77948.74,3126.71,2020-12-09,18,92.2,stephanie.jones@company.com,(996) 401-5482,Active
EMP019395,Michael,Taylor,Michael Taylor,28,Operations,Specialist,Miami,35313.11,2634.6,2020-03-10,6,100.0,michael.taylor@company.com,(701) 968-7043,Active
EMP019396,David,Martinez,David Martinez,53,Sales,Coordinator,New York,74340.25,4161.22,2020-01-03,29,55.7,david.martinez@company.com,(591) 247-1161,Active
EMP019397,Daniel,Davis,Daniel Davis,25,Marketing,Associate,New York,66043.22,6546.0,2023-07-07,0,74.2,daniel.davis@company.com,(218) 879-8693,Active
EMP019398,Daniel,Taylor,Daniel Taylor,58,Legal,Specialist,Miami,139918.9,10531.12,2022-05-02,36,71.5,daniel.taylor@company.com,(391) 296-6787,Active
EMP019399,Emily,Martinez,Emily Martinez,58,Marketing,Specialist,Los Angeles,68727.27,9498.86,2023-08-24,30,72.4,emily.martinez@company.com,(878) 917-5987,Active
EMP019400,Amanda,Williams,Amanda Williams,59,HR,Specialist,Boston,94485.47,8607.19,2024-02-03,35,58.0,amanda.williams@company.com,(280) 557-8893,Active
EMP019401,Matthew,Davis,Matthew Davis,31,Sales,Analyst,Seattle,69726.32,9726.94,2023-02-20,6,64.3,matthew.davis@company.com,(843) 636-1070,Active
EMP019402,James,Rodriguez,James Rodriguez,29,Sales,Manager,Miami,49659.52,3920.33,2021-02-11,3,84.4,james.rodriguez@company.com,(312) 246-8512,Active
EMP019403,Sarah,Johnson,Sarah Johnson,56,Finance,Director,Boston,62705.28,1002.15,2023-04-12,31,86.7,sarah.johnson@company.com,(988) 967-3206,Active
EMP019404,Anthony,Moore,Anthony Moore,26,HR,Analyst,Boston,34405.33,3607.41,2023-10-10,0,62.6,anthony.moore@company.com,(316) 493-5455,Active
EMP019405,William,Garcia,William Garcia,46,Sales,Manager,New York,73726.98,8972.38,2024-07-05,21,77.9,william.garcia@company.com,(349) 497-7337,Active
EMP019406,Lisa,Hernandez,Lisa Hernandez,27,IT,Specialist,New York,69137.5,5947.27,2021-07-03,2,75.7,lisa.hernandez@company.com,(383) 423-6592,Active
EMP019407,Emily,Taylor,Emily Taylor,49,Legal,Coordinator,New York,70760.87,6846.28,2022-07-08,25,77.5,emily.taylor@company.com,(455) 456-7260,Active
EMP019408,Daniel,Hernandez,Daniel Hernandez,46,Marketing,Senior Developer,Chicago,75025.22,1876.55,2021-03-12,21,66.6,daniel.hernandez@company.com,(518) 307-3292,Active
EMP019409,Jane,Brown,Jane Brown,64,Marketing,Analyst,San Francisco,95185.94,8314.79,2024-03-06,41,88.2,jane.brown@company.com,(663) 213-7369,Inactive
EMP019410,Christopher,Lopez,Christopher Lopez,46,HR,Senior Developer,Chicago,81835.22,11713.68,2021-03-14,24,77.7,christopher.lopez@company.com,(353) 339-5937,Inactive
EMP019411,Michael,Miller,Michael Miller,53,IT,Manager,San Francisco,101812.43,9333.25,2024-12-28,25,80.4,michael.miller@company.com,(992) 354-2544,Active
EMP019412,Sarah,Davis,Sarah Davis,57,Marketing,Coordinator,New York,69236.36,7883.2,2020-12-06,29,100.0,sarah.davis@company.com,(846) 280-2758,Active
EMP019413,Anthony,Moore,Anthony Moore,59,Legal,Analyst,Chicago,136108.28,8471.46,2020-08-14,34,60.8,anthony.moore@company.com,(678) 484-9282,Inactive
EMP019414,Michael,Miller,Michael Miller,56,Sales,Senior Developer,Boston,82573.67,9419.29,2022-02-28,30,59.0,michael.miller@company.com,(938) 273-5823,Active
EMP019415,Jane,Hernandez,Jane Hernandez,26,Marketing,Senior Developer,New York,90501.74,10348.3,2023-04-24,1,67.6,jane.hernandez@company.com,(428) 303-2017,Active
EMP019416,James,Taylor,James Taylor,65,Legal,Specialist,New York,102761.84,11807.15,2022-10-12,41,63.9,james.taylor@company.com,(980) 687-9669,Active
EMP019417,Stephanie,Smith,Stephanie Smith,44,Engineering,Director,Seattle,131888.71,14713.36,2020-02-25,22,64.7,stephanie.smith@company.com,(721) 655-9996,Active
EMP019418,Jane,Davis,Jane Davis,51,Engineering,Manager,Los Angeles,79665.76,698.32,2023-11-16,28,66.6,jane.davis@company.com,(579) 520-9427,Active
EMP019419,Ashley,Jackson,Ashley Jackson,60,Sales,Manager,Austin,67000.91,7489.69,2022-06-30,31,71.4,ashley.jackson@company.com,(319) 467-2479,Active
EMP019420,Amanda,Garcia,Amanda Garcia,47,Engineering,Specialist,Los Angeles,124606.62,19320.91,2024-10-11,19,68.0,amanda.garcia@company.com,(475) 566-9333,Active
EMP019421,Jane,Thomas,Jane Thomas,33,Marketing,Manager,Los Angeles,47382.54,5473.06,2023-08-16,10,70.7,jane.thomas@company.com,(527) 844-3107,Active
EMP019422,John,Williams,John Williams,43,Sales,Senior Developer,Austin,89990.46,15248.34,2021-03-17,20,79.0,john.williams@company.com,(682) 724-3416,Active
EMP019423,Jane,Jones,Jane Jones,30,Legal,Associate,Miami,75522.09,5038.24,2024-10-06,3,88.1,jane.jones@company.com,(281) 382-9776,Active
EMP019424,Emily,Johnson,Emily Johnson,24,Marketing,Associate,Los Angeles,39129.8,6394.63,2021-08-01,0,30.2,emily.johnson@company.com,(266) 735-1643,Active
EMP019425,Matthew,Johnson,Matthew Johnson,63,IT,Senior Developer,Chicago,155082.4,18420.0,2022-07-14,39,47.0,matthew.johnson@company.com,(703) 350-7871,Active
EMP019426,Amanda,Smith,Amanda Smith,32,HR,Associate,Boston,53339.47,4620.67,2024-03-12,6,74.5,amanda.smith@company.com,(874) 902-3240,Active
EMP019427,Ashley,Moore,Ashley Moore,57,IT,Coordinator,Los Angeles,92543.22,11739.06,2023-12-27,29,100.0,ashley.moore@company.com,(866) 764-5737,Inactive
EMP019428,John,Lopez,John Lopez,57,IT,Lead,Chicago,124313.02,8929.12,2023-06-25,34,77.4,john.lopez@company.com,(726) 887-3906,Active
EMP019429,Melissa,Davis,Melissa Davis,49,Operations,Lead,Austin,79926.9,11495.38,2020-12-29,22,81.4,melissa.davis@company.com,(594) 481-8767,Active
EMP019430,Emily,Johnson,Emily Johnson,46,Finance,Manager,New York,80838.34,7522.5,2020-08-24,24,55.7,emily.johnson@company.com,(456) 990-4096,Active
EMP019431,Christopher,Johnson,Christopher Johnson,45,Finance,Director,Chicago,88805.6,6683.63,2021-10-30,18,83.9,christopher.johnson@company.com,(864) 274-6158,Active
EMP019432,Melissa,Miller,Melissa Miller,44,HR,Specialist,San Francisco,48878.52,7673.67,2022-10-26,18,78.1,melissa.miller@company.com,(693) 868-8247,Active
EMP019433,Matthew,Gonzalez,Matthew Gonzalez,30,Operations,Analyst,San Francisco,51841.77,6489.13,2023-06-30,7,88.5,matthew.gonzalez@company.com,(742) 395-2338,Active
EMP019434,Christopher,Moore,Christopher Moore,51,HR,Specialist,Los Angeles,78555.51,5674.6,2023-12-05,23,100.0,christopher.moore@company.com,(302) 525-9250,Active
EMP019435,Stephanie,Brown,Stephanie Brown,38,Sales,Analyst,Los Angeles,91178.78,8824.06,2024-06-21,11,65.6,stephanie.brown@company.com,(890) 857-7552,Active
EMP019436,Sarah,Davis,Sarah Davis,34,Marketing,Manager,Miami,70330.3,5604.52,2024-12-09,6,88.3,sarah.davis@company.com,(303) 902-9986,Inactive
EMP019437,Emily,Rodriguez,Emily Rodriguez,53,Operations,Director,Miami,44402.87,3038.47,2021-12-07,29,76.2,emily.rodriguez@company.com,(965) 943-9881,Active
EMP019438,David,Anderson,David Anderson,37,Sales,Analyst,Austin,80777.61,10825.53,2022-06-22,9,74.8,david.anderson@company.com,(727) 539-7754,Active
EMP019439,Nicole,Smith,Nicole Smith,29,Sales,Lead,Austin,56761.85,4830.43,2022-02-14,5,79.8,nicole.smith@company.com,(352) 712-9748,Active
EMP019440,Ashley,Moore,Ashley Moore,60,IT,Manager,Austin,143966.14,12361.41,2020-10-01,38,68.1,ashley.moore@company.com,(834) 355-7225,Inactive
EMP019441,Stephanie,Martinez,Stephanie Martinez,44,Sales,Specialist,Miami,64373.76,5353.23,2024-01-07,15,63.7,stephanie.martinez@company.com,(715) 485-6547,Active
EMP019442,James,Martinez,James Martinez,41,Operations,Lead,Los Angeles,66281.11,6291.22,2023-05-08,15,86.8,james.martinez@company.com,(518) 577-6613,Active
EMP019443,Robert,Moore,Robert Moore,37,Sales,Director,San Francisco,58282.66,7693.25,2023-04-21,9,90.9,robert.moore@company.com,(367) 234-8761,Active
EMP019444,David,Johnson,David Johnson,64,HR,Analyst,Boston,112059.39,6640.83,2022-03-06,36,99.7,david.johnson@company.com,(267) 750-7148,Active
EMP019445,John,Anderson,John Anderson,49,Finance,Specialist,Miami,89234.52,10994.42,2021-01-07,24,97.0,john.anderson@company.com,(384) 746-5357,Active
EMP019446,Matthew,Gonzalez,Matthew Gonzalez,30,IT,Associate,Seattle,64732.19,7338.47,2020-07-11,6,64.1,matthew.gonzalez@company.com,(653) 483-5689,Active
EMP019447,Nicole,Gonzalez,Nicole Gonzalez,50,HR,Director,Austin,68889.33,3746.24,2022-07-29,26,89.9,nicole.gonzalez@company.com,(269) 460-2210,Active
EMP019448,Nicole,Hernandez,Nicole Hernandez,24,HR,Specialist,Los Angeles,27000.0,3411.23,2024-02-05,0,100.0,nicole.hernandez@company.com,(581) 382-6612,Active
EMP019449,Jane,Miller,Jane Miller,60,IT,Director,Boston,120155.0,12277.91,2021-12-15,38,68.5,jane.miller@company.com,(639) 535-5617,Active
EMP019450,James,Rodriguez,James Rodriguez,32,HR,Specialist,Austin,45982.78,3378.6,2024-11-19,10,74.8,james.rodriguez@company.com,(991) 505-4232,Active
EMP019451,Robert,Lopez,Robert Lopez,31,Finance,Specialist,Austin,50668.55,7627.5,2023-07-23,5,61.5,robert.lopez@company.com,(266) 731-7651,Active
EMP019452,Amanda,Rodriguez,Amanda Rodriguez,51,Finance,Senior Developer,Boston,91683.27,7316.97,2022-12-30,23,51.1,amanda.rodriguez@company.com,(396) 932-8713,Active
EMP019453,William,Smith,William Smith,47,Marketing,Director,Los Angeles,72033.79,6368.42,2021-09-15,18,76.2,william.smith@company.com,(464) 662-1570,Active
EMP019454,Christopher,Wilson,Christopher Wilson,55,IT,Specialist,Seattle,94539.44,19603.24,2022-06-23,27,82.3,christopher.wilson@company.com,(757) 494-1728,Active
EMP019455,Matthew,Jones,Matthew Jones,52,Marketing,Analyst,Miami,58555.1,4854.37,2024-05-14,30,89.0,matthew.jones@company.com,(804) 696-5603,Active
EMP019456,William,Johnson,William Johnson,30,Engineering,Associate,New York,60655.11,7432.34,2022-03-10,6,87.1,william.johnson@company.com,(593) 392-8538,Active
EMP019457,Lisa,Brown,Lisa Brown,58,Sales,Coordinator,San Francisco,94444.3,0.0,2022-11-26,32,94.6,lisa.brown@company.com,(607) 624-1995,Active
EMP019458,Emily,Martin,Emily Martin,37,Finance,Specialist,Austin,82742.76,7117.64,2022-07-29,10,78.4,emily.martin@company.com,(933) 555-8851,Active
EMP019459,Matthew,Johnson,Matthew Johnson,42,Sales,Analyst,Seattle,73841.37,8790.49,2023-08-01,15,75.1,matthew.johnson@company.com,(912) 778-9176,On Leave
EMP019460,James,Moore,James Moore,54,Engineering,Coordinator,Miami,93855.93,3582.63,2021-02-14,30,69.1,james.moore@company.com,(710) 561-9180,Active
EMP019461,William,Gonzalez,William Gonzalez,49,Sales,Associate,Chicago,93331.28,9607.71,2021-05-01,26,73.0,william.gonzalez@company.com,(572) 470-3707,Inactive
EMP019462,James,Jones,James Jones,50,Engineering,Specialist,Los Angeles,116006.65,13659.79,2021-06-15,24,77.6,james.jones@company.com,(757) 398-2616,Active
EMP019463,Melissa,Rodriguez,Melissa Rodriguez,50,Marketing,Coordinator,Miami,68166.57,4226.64,2024-04-09,28,67.8,melissa.rodriguez@company.com,(877) 267-6056,Active
EMP019464,Anthony,Rodriguez,Anthony Rodriguez,39,Sales,Specialist,New York,64227.08,12397.44,2021-11-04,16,100.0,anthony.rodriguez@company.com,(208) 295-4983,Active
EMP019465,Amanda,Johnson,Amanda Johnson,38,Legal,Senior Developer,Chicago,90982.19,11518.29,2024-04-02,14,49.6,amanda.johnson@company.com,(778) 225-2013,Inactive
EMP019466,James,Jones,James Jones,22,HR,Lead,Boston,64274.02,4336.67,2023-03-23,0,65.4,james.jones@company.com,(498) 457-6239,Active
EMP019467,Matthew,Thomas,Matthew Thomas,32,HR,Analyst,San Francisco,37220.54,4231.72,2024-10-21,10,57.6,matthew.thomas@company.com,(597) 975-6884,Inactive
EMP019468,Melissa,Miller,Melissa Miller,34,Marketing,Analyst,Chicago,60056.77,2802.29,2020-05-23,6,68.6,melissa.miller@company.com,(439) 217-1243,Active
EMP019469,John,Thomas,John Thomas,27,Legal,Analyst,Austin,82464.25,5205.33,2023-01-03,5,83.4,john.thomas@company.com,(744) 576-8773,Inactive
EMP019470,Stephanie,Martinez,Stephanie Martinez,55,IT,Lead,Miami,128987.11,8052.57,2022-05-11,33,89.8,stephanie.martinez@company.com,(421) 222-3439,Active
EMP019471,William,Thomas,William Thomas,51,HR,Manager,New York,74629.89,10329.29,2022-12-27,25,68.6,william.thomas@company.com,(882) 303-5802,Active
EMP019472,Jessica,Gonzalez,Jessica Gonzalez,65,IT,Senior Developer,Los Angeles,120526.07,6739.69,2024-10-01,36,60.6,jessica.gonzalez@company.com,(263) 326-2875,Active
EMP019473,Christopher,Thomas,Christopher Thomas,54,Sales,Senior Developer,Los Angeles,80555.38,12511.21,2021-02-20,32,57.9,christopher.thomas@company.com,(376) 929-1254,Active
EMP019474,Stephanie,Miller,Stephanie Miller,50,Finance,Manager,Los Angeles,79751.4,1988.95,2022-05-19,23,87.1,stephanie.miller@company.com,(584) 875-5188,Active
EMP019475,Christopher,Johnson,Christopher Johnson,28,IT,Director,New York,76055.86,8603.86,2020-12-23,2,83.7,christopher.johnson@company.com,(860) 750-8699,On Leave
EMP019476,John,Johnson,John Johnson,44,Operations,Specialist,New York,60000.32,6392.73,2023-09-10,17,71.7,john.johnson@company.com,(391) 991-5605,Active
EMP019477,Jessica,Miller,Jessica Miller,32,HR,Director,Boston,27000.0,3612.18,2021-07-21,10,86.3,jessica.miller@company.com,(244) 783-2075,Active
EMP019478,John,Taylor,John Taylor,55,Legal,Specialist,Seattle,130404.49,11710.52,2024-08-27,30,62.8,john.taylor@company.com,(427) 821-6830,Active
EMP019479,William,Martin,William Martin,64,Operations,Analyst,Austin,99455.92,16224.81,2023-12-12,40,92.0,william.martin@company.com,(367) 954-6608,Active
EMP019480,Matthew,Rodriguez,Matthew Rodriguez,27,Engineering,Senior Developer,Miami,91965.69,8852.82,2024-10-23,2,67.1,matthew.rodriguez@company.com,(462) 907-2466,Active
EMP019481,John,Martin,John Martin,32,Legal,Specialist,Los Angeles,82178.61,6295.34,2023-01-05,10,88.7,john.martin@company.com,(891) 925-5911,Inactive
EMP019482,Stephanie,Williams,Stephanie Williams,52,Operations,Analyst,San Francisco,65171.87,5100.28,2024-10-16,28,100.0,stephanie.williams@company.com,(338) 599-3117,Inactive
EMP019483,Sarah,Taylor,Sarah Taylor,41,Sales,Analyst,New York,95138.75,11984.99,2023-04-11,17,67.0,sarah.taylor@company.com,(819) 772-1387,Active
EMP019484,James,Taylor,James Taylor,30,Engineering,Coordinator,New York,80823.79,5999.53,2022-06-25,8,80.6,james.taylor@company.com,(863) 357-8434,Active
EMP019485,Ashley,Gonzalez,Ashley Gonzalez,41,IT,Lead,Boston,100886.67,3510.18,2021-05-02,17,71.4,ashley.gonzalez@company.com,(820) 687-5842,Active
EMP019486,Nicole,Johnson,Nicole Johnson,64,Sales,Lead,Los Angeles,94173.79,8799.04,2023-05-25,36,88.4,nicole.johnson@company.com,(590) 772-8881,Active
EMP019487,Robert,Thomas,Robert Thomas,43,Sales,Senior Developer,San Francisco,78987.57,16880.93,2020-10-07,15,95.8,robert.thomas@company.com,(562) 619-7245,Active
EMP019488,Stephanie,Taylor,Stephanie Taylor,54,IT,Coordinator,Los Angeles,92541.53,8528.4,2022-06-24,28,96.7,stephanie.taylor@company.com,(580) 636-4277,Active
EMP019489,Anthony,Thomas,Anthony Thomas,23,Legal,Manager,New York,87332.53,8218.45,2020-10-27,0,96.7,anthony.thomas@company.com,(503) 968-2161,On Leave
EMP019490,Emily,Anderson,Emily Anderson,28,Sales,Senior Developer,Seattle,37062.17,432.68,2020-03-08,3,86.6,emily.anderson@company.com,(452) 472-4507,Active
EMP019491,Emily,Smith,Emily Smith,34,Legal,Manager,Chicago,81291.14,14409.72,2023-02-10,12,68.3,emily.smith@company.com,(631) 654-1006,Active
EMP019492,Lisa,Brown,Lisa Brown,24,HR,Specialist,Chicago,60370.85,3353.49,2020-09-27,1,85.3,lisa.brown@company.com,(875) 434-8500,Active
EMP019493,William,Wilson,William Wilson,39,HR,Lead,Boston,70996.17,6574.5,2020-10-20,10,100.0,william.wilson@company.com,(943) 296-5627,Active
EMP019494,Jane,Thomas,Jane Thomas,24,Marketing,Specialist,Austin,28500.0,4669.2,2020-05-16,0,57.7,jane.thomas@company.com,(959) 684-7503,Active
EMP019495,Melissa,Jackson,Melissa Jackson,61,IT,Manager,New York,103545.81,8766.93,2024-04-14,35,69.4,melissa.jackson@company.com,(271) 237-6258,Active
EMP019496,Melissa,Anderson,Melissa Anderson,52,HR,Analyst,Los Angeles,70806.98,7893.24,2024-04-10,29,62.7,melissa.anderson@company.com,(663) 880-7009,Inactive
EMP019497,David,Hernandez,David Hernandez,25,Sales,Associate,San Francisco,50955.45,7564.45,2020-03-16,0,100.0,david.hernandez@company.com,(654) 640-8048,Active
EMP019498,Jane,Johnson,Jane Johnson,56,Legal,Coordinator,Austin,84852.66,7019.58,2020-08-23,27,57.1,jane.johnson@company.com,(332) 300-3796,Inactive
EMP019499,Lisa,Williams,Lisa Williams,54,IT,Associate,New York,105911.31,11027.59,2021-01-21,29,62.5,lisa.williams@company.com,(328) 597-9297,Inactive
EMP019500,Jane,Brown,Jane Brown,38,Legal,Coordinator,New York,87035.2,1883.81,2023-04-11,9,74.9,jane.brown@company.com,(248) 480-1543,Active
EMP019501,Jane,Lopez,Jane Lopez,46,IT,Senior Developer,Chicago,110244.19,18285.65,2021-10-13,23,63.2,jane.lopez@company.com,(309) 260-7484,Active
EMP019502,Matthew,Rodriguez,Matthew Rodriguez,40,HR,Coordinator,Boston,69930.96,917.46,2022-01-27,12,67.9,matthew.rodriguez@company.com,(972) 380-6340,Active
EMP019503,William,Lopez,William Lopez,43,IT,Coordinator,Austin,92115.26,11965.54,2022-12-24,17,57.4,william.lopez@company.com,(831) 543-4826,Active
EMP019504,James,Martin,James Martin,35,Sales,Associate,Austin,66481.16,4288.39,2022-02-04,11,60.1,james.martin@company.com,(383) 337-5224,Active
EMP019505,Christopher,Jackson,Christopher Jackson,25,Engineering,Associate,Seattle,65465.74,0.0,2022-02-16,0,88.4,christopher.jackson@company.com,(634) 918-3607,Active
EMP019506,William,Brown,William Brown,35,Engineering,Director,Austin,72925.69,0.0,2024-08-28,11,49.0,william.brown@company.com,(277) 206-3334,Inactive
EMP019507,Christopher,Brown,Christopher Brown,26,Finance,Lead,Chicago,58522.52,6494.19,2020-07-17,2,56.7,christopher.brown@company.com,(561) 426-6661,Inactive
EMP019508,Ashley,Brown,Ashley Brown,65,Engineering,Coordinator,Seattle,161583.86,16951.55,2022-02-04,43,78.5,ashley.brown@company.com,(912) 640-4920,On Leave
EMP019509,Christopher,Johnson,Christopher Johnson,65,Finance,Coordinator,Chicago,107562.84,7677.46,2022-07-12,40,76.9,christopher.johnson@company.com,(772) 259-5160,Active
EMP019510,Stephanie,Miller,Stephanie Miller,29,Engineering,Specialist,Seattle,84673.84,11592.11,2020-11-11,3,78.8,stephanie.miller@company.com,(458) 972-2298,Active
EMP019511,Nicole,Thomas,Nicole Thomas,35,Finance,Specialist,Miami,96238.31,15490.53,2021-04-05,6,81.9,nicole.thomas@company.com,(712) 700-6991,Active
EMP019512,Amanda,Jones,Amanda Jones,33,Legal,Director,Boston,57833.55,1813.18,2020-01-03,7,73.1,amanda.jones@company.com,(596) 747-5492,Active
EMP019513,John,Johnson,John Johnson,65,Engineering,Director,Seattle,111922.87,17048.81,2024-01-16,38,85.1,john.johnson@company.com,(789) 708-5133,Active
EMP019514,James,Moore,James Moore,60,IT,Manager,San Francisco,89703.75,12570.66,2024-04-29,37,77.0,james.moore@company.com,(275) 973-5805,Active
EMP019515,Emily,Williams,Emily Williams,39,Finance,Senior Developer,Los Angeles,51754.21,2626.92,2023-02-10,12,54.9,emily.williams@company.com,(372) 235-6748,Active
EMP019516,Daniel,Miller,Daniel Miller,34,Finance,Senior Developer,Miami,92338.54,8646.55,2022-12-17,8,78.5,daniel.miller@company.com,(697) 370-1700,Active
EMP019517,William,Wilson,William Wilson,45,HR,Specialist,Seattle,90150.68,7472.65,2022-03-09,17,62.1,william.wilson@company.com,(921) 757-7965,Inactive
EMP019518,Stephanie,Smith,Stephanie Smith,36,Legal,Manager,Chicago,79877.12,2410.98,2023-05-17,10,69.6,stephanie.smith@company.com,(816) 891-7567,Active
EMP019519,Ashley,Davis,Ashley Davis,50,Engineering,Specialist,Miami,105865.8,0.0,2022-11-24,26,100.0,ashley.davis@company.com,(712) 320-8854,Active
EMP019520,Nicole,Williams,Nicole Williams,64,Finance,Director,Miami,64447.11,3832.03,2022-02-26,36,62.8,nicole.williams@company.com,(337) 941-7635,Active
EMP019521,Daniel,Martinez,Daniel Martinez,55,Sales,Senior Developer,Seattle,95780.83,4520.51,2021-05-01,28,70.0,daniel.martinez@company.com,(230) 958-1867,Active
EMP019522,William,Smith,William Smith,52,Marketing,Lead,New York,77797.04,8408.82,2020-01-28,30,75.9,william.smith@company.com,(578) 298-8511,Active
EMP019523,Jane,Martinez,Jane Martinez,39,Engineering,Director,Seattle,106461.25,11303.52,2024-08-06,13,93.6,jane.martinez@company.com,(688) 232-6330,Active
EMP019524,Christopher,Johnson,Christopher Johnson,60,Engineering,Director,Chicago,138477.8,3066.94,2021-11-07,35,87.3,christopher.johnson@company.com,(578) 685-4099,Inactive
EMP019525,Emily,Martin,Emily Martin,63,Operations,Associate,Los Angeles,78371.51,9054.27,2022-08-04,35,100.0,emily.martin@company.com,(322) 762-9348,Active
EMP019526,Ashley,Rodriguez,Ashley Rodriguez,24,Sales,Director,Los Angeles,51060.86,5633.63,2024-04-07,1,100.0,ashley.rodriguez@company.com,(212) 490-2816,Active
EMP019527,Sarah,Taylor,Sarah Taylor,45,IT,Coordinator,Miami,97615.26,5391.85,2023-04-23,19,100.0,sarah.taylor@company.com,(675) 920-1891,Active
EMP019528,Ashley,Thomas,Ashley Thomas,44,HR,Director,Los Angeles,50469.68,458.83,2024-06-28,19,68.3,ashley.thomas@company.com,(699) 932-8271,Active
EMP019529,Robert,Martin,Robert Martin,65,Finance,Analyst,San Francisco,99154.14,14862.27,2023-03-16,39,73.4,robert.martin@company.com,(510) 346-1544,Active
EMP019530,Robert,Hernandez,Robert Hernandez,56,Engineering,Director,Los Angeles,114084.59,9139.48,2024-04-21,33,47.9,robert.hernandez@company.com,(450) 476-1115,Active
EMP019531,Michael,Taylor,Michael Taylor,36,Legal,Associate,Boston,107341.29,649.11,2020-05-17,8,81.0,michael.taylor@company.com,(312) 279-1197,Active
EMP019532,William,Thomas,William Thomas,61,Finance,Coordinator,New York,114303.64,13915.48,2024-10-31,37,78.7,william.thomas@company.com,(961) 580-1952,Active
EMP019533,Anthony,Williams,Anthony Williams,31,Operations,Manager,Miami,62970.48,7753.03,2020-01-05,8,94.7,anthony.williams@company.com,(488) 839-2060,Active
EMP019534,Anthony,Anderson,Anthony Anderson,39,Finance,Coordinator,Austin,89673.87,10780.04,2024-10-02,17,79.7,anthony.anderson@company.com,(545) 718-2476,Active
EMP019535,Amanda,Johnson,Amanda Johnson,44,IT,Lead,Los Angeles,128908.45,21855.9,2021-06-01,18,74.9,amanda.johnson@company.com,(273) 696-1465,Active
EMP019536,Sarah,Moore,Sarah Moore,56,Marketing,Director,Los Angeles,86042.23,7467.16,2020-02-23,34,80.6,sarah.moore@company.com,(721) 596-9654,Inactive
EMP019537,Lisa,Miller,Lisa Miller,26,HR,Manager,Seattle,27000.0,3972.01,2024-08-10,4,90.1,lisa.miller@company.com,(417) 671-8336,Active
EMP019538,Anthony,Moore,Anthony Moore,27,IT,Manager,San Francisco,82722.61,11313.62,2024-12-24,0,77.6,anthony.moore@company.com,(563) 542-9680,Active
EMP019539,Matthew,Johnson,Matthew Johnson,56,Marketing,Specialist,New York,90243.94,9013.29,2024-08-19,31,73.1,matthew.johnson@company.com,(289) 895-4732,Active
EMP019540,Emily,Wilson,Emily Wilson,46,Marketing,Coordinator,Boston,70847.6,15294.58,2020-03-26,23,76.7,emily.wilson@company.com,(961) 890-7881,Active
EMP019541,Matthew,Taylor,Matthew Taylor,57,Engineering,Lead,Chicago,116942.08,16324.67,2021-01-15,34,95.8,matthew.taylor@company.com,(208) 432-5389,Active
EMP019542,David,Johnson,David Johnson,42,IT,Manager,New York,96828.49,7705.09,2020-06-28,14,79.0,david.johnson@company.com,(436) 835-9610,Active
EMP019543,Daniel,Garcia,Daniel Garcia,35,HR,Specialist,San Francisco,69996.49,8162.14,2023-11-19,9,100.0,daniel.garcia@company.com,(628) 461-5032,Active
EMP019544,John,Thomas,John Thomas,30,Marketing,Senior Developer,Chicago,49480.85,8678.61,2021-12-24,6,65.4,john.thomas@company.com,(883) 438-8573,Inactive
EMP019545,James,Miller,James Miller,33,Sales,Analyst,Boston,84602.6,3956.47,2023-05-14,10,87.2,james.miller@company.com,(884) 515-8032,Inactive
EMP019546,Christopher,Jackson,Christopher Jackson,29,Legal,Coordinator,San Francisco,109339.31,20621.09,2024-09-18,6,78.3,christopher.jackson@company.com,(505) 605-2798,Active
EMP019547,Sarah,Smith,Sarah Smith,24,HR,Lead,Seattle,56234.14,7820.56,2024-11-20,0,71.4,sarah.smith@company.com,(374) 725-1183,Active
EMP019548,Anthony,Martin,Anthony Martin,62,Engineering,Manager,Chicago,95604.29,11033.44,2022-08-04,34,57.2,anthony.martin@company.com,(403) 683-2180,Active
EMP019549,Nicole,Rodriguez,Nicole Rodriguez,41,HR,Senior Developer,Miami,66539.4,3743.94,2022-07-25,12,76.9,nicole.rodriguez@company.com,(644) 392-9627,Active
EMP019550,Jessica,Davis,Jessica Davis,65,IT,Specialist,Austin,131025.88,5556.25,2020-11-12,37,68.4,jessica.davis@company.com,(796) 271-9612,Active
EMP019551,Jane,Rodriguez,Jane Rodriguez,63,Finance,Coordinator,Chicago,96856.08,12778.49,2024-01-25,34,58.9,jane.rodriguez@company.com,(816) 564-7434,Active
EMP019552,Jane,Lopez,Jane Lopez,36,Marketing,Specialist,Seattle,67990.78,4531.9,2024-02-13,11,82.1,jane.lopez@company.com,(833) 723-9359,Active
EMP019553,Sarah,Anderson,Sarah Anderson,65,Finance,Associate,New York,97301.09,13079.9,2023-07-28,38,63.6,sarah.anderson@company.com,(430) 438-9330,Active
EMP019554,Sarah,Smith,Sarah Smith,53,Sales,Specialist,New York,88383.58,3599.51,2020-07-19,31,64.4,sarah.smith@company.com,(454) 358-3001,Active
EMP019555,Daniel,Jones,Daniel Jones,33,Finance,Analyst,Austin,64300.3,8064.35,2022-08-07,7,54.0,daniel.jones@company.com,(985) 817-6632,Active
EMP019556,John,Thomas,John Thomas,51,IT,Coordinator,Los Angeles,101859.55,1123.31,2020-06-09,29,86.4,john.thomas@company.com,(542) 257-8571,Active
EMP019557,James,Jackson,James Jackson,47,IT,Manager,San Francisco,80969.46,11299.15,2021-08-21,23,78.5,james.jackson@company.com,(550) 420-5609,Active
EMP019558,Christopher,Lopez,Christopher Lopez,38,Finance,Director,Seattle,76081.28,2016.89,2022-02-26,10,67.4,christopher.lopez@company.com,(627) 681-8840,Active
EMP019559,John,Gonzalez,John Gonzalez,34,Sales,Manager,Miami,75443.98,10501.89,2023-04-25,5,47.2,john.gonzalez@company.com,(449) 992-4927,Active
EMP019560,Lisa,Rodriguez,Lisa Rodriguez,32,Operations,Coordinator,San Francisco,53128.17,10380.38,2020-02-27,3,77.5,lisa.rodriguez@company.com,(915) 445-6506,On Leave
EMP019561,Matthew,Moore,Matthew Moore,65,IT,Analyst,Chicago,122474.97,13824.52,2022-07-27,40,87.2,matthew.moore@company.com,(769) 768-6906,Active
EMP019562,William,Wilson,William Wilson,39,Legal,Director,Seattle,72956.9,8117.49,2024-02-25,10,66.4,william.wilson@company.com,(552) 959-5701,Active
EMP019563,Robert,Moore,Robert Moore,64,Engineering,Senior Developer,Seattle,72768.77,7419.1,2022-05-19,35,76.1,robert.moore@company.com,(916) 430-6533,Active
EMP019564,Melissa,Rodriguez,Melissa Rodriguez,61,Operations,Analyst,Seattle,44591.43,5591.85,2023-04-28,32,56.3,melissa.rodriguez@company.com,(342) 938-8146,Active
EMP019565,Emily,Thomas,Emily Thomas,33,Sales,Lead,Miami,56998.63,4218.78,2022-11-30,5,56.3,emily.thomas@company.com,(466) 986-3564,Active
EMP019566,Ashley,Jackson,Ashley Jackson,23,IT,Manager,Seattle,38000.38,2701.27,2021-03-08,0,68.7,ashley.jackson@company.com,(487) 666-7151,Active
EMP019567,Michael,Lopez,Michael Lopez,31,Sales,Manager,Los Angeles,47876.6,6732.25,2022-06-06,2,57.8,michael.lopez@company.com,(455) 716-1079,Active
EMP019568,Nicole,Lopez,Nicole Lopez,22,Engineering,Specialist,Chicago,87423.78,12026.71,2023-06-15,0,78.3,nicole.lopez@company.com,(374) 995-1409,Active
EMP019569,Lisa,Jackson,Lisa Jackson,58,IT,Coordinator,Miami,89406.11,14497.14,2021-05-09,29,81.3,lisa.jackson@company.com,(651) 871-1353,Inactive
EMP019570,Melissa,Johnson,Melissa Johnson,30,Sales,Specialist,Los Angeles,42627.92,5254.53,2022-02-08,2,64.4,melissa.johnson@company.com,(565) 327-6019,Active
EMP019571,Emily,Martinez,Emily Martinez,63,Finance,Associate,Boston,84100.17,6590.23,2024-07-05,41,73.1,emily.martinez@company.com,(769) 231-9893,Active
EMP019572,Nicole,Johnson,Nicole Johnson,38,Finance,Director,Miami,46458.89,4045.32,2021-07-23,14,67.9,nicole.johnson@company.com,(233) 252-4433,Active
EMP019573,Jessica,Martin,Jessica Martin,39,HR,Senior Developer,Chicago,46411.01,7211.75,2020-03-20,17,96.1,jessica.martin@company.com,(263) 764-1316,Active
EMP019574,James,Jones,James Jones,55,Legal,Associate,Austin,85892.19,0.0,2020-11-17,26,70.4,james.jones@company.com,(351) 763-6733,Active
EMP019575,Amanda,Jackson,Amanda Jackson,37,Marketing,Manager,Seattle,66990.62,10400.76,2024-11-18,12,75.5,amanda.jackson@company.com,(739) 747-5157,Active
EMP019576,Nicole,Thomas,Nicole Thomas,54,Marketing,Specialist,San Francisco,66050.92,0.0,2022-10-30,28,87.2,nicole.thomas@company.com,(477) 556-5032,Active
EMP019577,Emily,Garcia,Emily Garcia,54,Finance,Manager,Miami,89691.73,13974.46,2023-10-28,26,75.2,emily.garcia@company.com,(992) 481-9956,Active
EMP019578,Lisa,Johnson,Lisa Johnson,50,Operations,Lead,San Francisco,83029.32,9943.55,2022-03-20,26,90.0,lisa.johnson@company.com,(831) 508-9361,Active
EMP019579,Melissa,Moore,Melissa Moore,63,HR,Specialist,Seattle,78552.8,3378.62,2023-02-28,41,100.0,melissa.moore@company.com,(723) 492-2224,Active
EMP019580,William,Garcia,William Garcia,37,Finance,Lead,San Francisco,46519.59,0.0,2023-04-12,12,71.1,william.garcia@company.com,(479) 383-2268,Active
EMP019581,Sarah,Jackson,Sarah Jackson,62,Legal,Coordinator,San Francisco,101122.06,10194.73,2021-04-26,36,59.1,sarah.jackson@company.com,(861) 873-2648,Active
EMP019582,Stephanie,Jones,Stephanie Jones,59,Marketing,Specialist,Chicago,69744.51,3102.37,2023-09-26,37,50.0,stephanie.jones@company.com,(723) 293-1193,Active
EMP019583,Sarah,Gonzalez,Sarah Gonzalez,50,HR,Senior Developer,Chicago,99674.69,4054.63,2024-08-02,21,91.8,sarah.gonzalez@company.com,(216) 224-3230,Active
EMP019584,James,Anderson,James Anderson,52,HR,Lead,Los Angeles,55792.24,0.0,2022-06-22,24,87.0,james.anderson@company.com,(302) 651-5740,Active
EMP019585,Daniel,Williams,Daniel Williams,24,Operations,Associate,Miami,42338.51,4049.95,2022-04-29,0,73.1,daniel.williams@company.com,(830) 851-6977,Active
EMP019586,Anthony,Thomas,Anthony Thomas,49,Marketing,Lead,New York,75336.61,10682.3,2020-04-25,20,86.1,anthony.thomas@company.com,(249) 964-5897,Active
EMP019587,John,Moore,John Moore,63,Operations,Senior Developer,Boston,60151.96,4907.56,2024-05-12,36,83.7,john.moore@company.com,(917) 533-8680,Active
EMP019588,Nicole,Garcia,Nicole Garcia,45,IT,Director,Boston,93006.92,2482.28,2020-02-06,18,74.5,nicole.garcia@company.com,(243) 617-7132,Active
EMP019589,Michael,Gonzalez,Michael Gonzalez,39,HR,Analyst,Chicago,59703.15,6204.87,2024-10-14,13,70.1,michael.gonzalez@company.com,(864) 271-7977,Inactive
EMP019590,James,Taylor,James Taylor,32,Legal,Specialist,Boston,54400.03,5501.04,2022-06-22,4,92.2,james.taylor@company.com,(398) 733-9004,Inactive
EMP019591,Nicole,Taylor,Nicole Taylor,26,Marketing,Senior Developer,Los Angeles,62800.7,3934.66,2023-04-02,2,83.4,nicole.taylor@company.com,(366) 565-8773,Active
EMP019592,James,Martin,James Martin,31,Operations,Senior Developer,New York,52970.95,8370.47,2024-02-26,2,81.8,james.martin@company.com,(280) 743-1909,Active
EMP019593,Stephanie,Brown,Stephanie Brown,47,Engineering,Senior Developer,Boston,98225.68,13774.71,2021-05-31,20,88.8,stephanie.brown@company.com,(438) 648-3843,Active
EMP019594,Melissa,Garcia,Melissa Garcia,51,IT,Senior Developer,Los Angeles,79846.88,7262.09,2020-06-29,26,76.2,melissa.garcia@company.com,(988) 737-8851,On Leave
EMP019595,Daniel,Jackson,Daniel Jackson,38,Engineering,Analyst,Miami,142383.67,16591.7,2024-03-14,16,78.6,daniel.jackson@company.com,(972) 230-3462,Active
EMP019596,Sarah,Lopez,Sarah Lopez,26,Finance,Lead,Seattle,70213.21,6270.37,2021-10-22,0,70.3,sarah.lopez@company.com,(240) 643-4575,Active
EMP019597,Lisa,Jackson,Lisa Jackson,40,Marketing,Coordinator,Los Angeles,86209.23,12765.47,2020-02-29,11,50.3,lisa.jackson@company.com,(509) 325-1379,Active
EMP019598,Sarah,Martin,Sarah Martin,46,Sales,Coordinator,Miami,84835.84,6493.52,2024-10-20,17,100.0,sarah.martin@company.com,(875) 684-2461,Active
EMP019599,Melissa,Brown,Melissa Brown,50,IT,Analyst,Seattle,94364.89,19555.39,2023-11-03,23,77.8,melissa.brown@company.com,(835) 373-6896,Active
EMP019600,Melissa,Wilson,Melissa Wilson,60,Finance,Lead,Boston,79406.42,0.0,2020-02-21,34,98.4,melissa.wilson@company.com,(742) 472-1431,Inactive
EMP019601,Daniel,Smith,Daniel Smith,27,Sales,Director,San Francisco,55043.76,10158.41,2020-02-17,0,56.5,daniel.smith@company.com,(864) 812-1777,Active
EMP019602,Matthew,Taylor,Matthew Taylor,40,Marketing,Associate,Seattle,77915.49,5615.93,2020-04-22,16,77.7,matthew.taylor@company.com,(537) 818-5465,Inactive
EMP019603,Jane,Hernandez,Jane Hernandez,35,Sales,Senior Developer,Austin,84868.11,11105.31,2021-11-26,13,76.4,jane.hernandez@company.com,(238) 823-7247,Inactive
EMP019604,Anthony,Anderson,Anthony Anderson,30,IT,Lead,New York,92390.71,12625.68,2022-02-07,4,96.6,anthony.anderson@company.com,(544) 380-7775,Active
EMP019605,Sarah,Hernandez,Sarah Hernandez,61,Marketing,Manager,New York,84077.78,12034.09,2024-01-29,34,76.4,sarah.hernandez@company.com,(919) 536-5981,Active
EMP019606,Matthew,Miller,Matthew Miller,34,Finance,Analyst,Boston,40417.65,5698.38,2021-01-05,12,95.6,matthew.miller@company.com,(554) 980-8377,Active
EMP019607,Lisa,Wilson,Lisa Wilson,48,Legal,Analyst,Seattle,98231.58,4499.38,2023-02-10,26,71.1,lisa.wilson@company.com,(474) 930-3344,Active
EMP019608,Sarah,Williams,Sarah Williams,29,IT,Analyst,Boston,90816.43,10015.6,2024-12-03,5,65.4,sarah.williams@company.com,(677) 985-5068,Active
EMP019609,James,Anderson,James Anderson,60,Finance,Coordinator,Boston,94081.34,11785.7,2020-09-25,35,54.0,james.anderson@company.com,(744) 371-7632,Active
EMP019610,Michael,Davis,Michael Davis,29,Engineering,Director,Austin,74999.87,10319.62,2023-12-02,3,75.1,michael.davis@company.com,(877) 799-8394,Active
EMP019611,Robert,Garcia,Robert Garcia,22,Finance,Analyst,Los Angeles,51210.84,5662.2,2020-02-11,0,60.4,robert.garcia@company.com,(533) 429-9891,Active
EMP019612,Christopher,Anderson,Christopher Anderson,37,Sales,Analyst,New York,73233.77,8588.79,2024-08-18,8,86.9,christopher.anderson@company.com,(284) 656-3496,On Leave
EMP019613,Nicole,Jones,Nicole Jones,31,Sales,Associate,San Francisco,83672.87,11665.46,2022-07-28,6,69.1,nicole.jones@company.com,(612) 545-7263,Active
EMP019614,Michael,Anderson,Michael Anderson,23,Marketing,Lead,Austin,44332.06,1138.59,2024-09-29,0,91.1,michael.anderson@company.com,(259) 944-9806,Inactive
EMP019615,Christopher,Smith,Christopher Smith,62,Sales,Lead,Boston,85716.01,4038.2,2022-09-11,40,71.7,christopher.smith@company.com,(373) 563-3592,Active
EMP019616,Stephanie,Smith,Stephanie Smith,23,Operations,Lead,Miami,69660.07,3201.19,2022-09-17,0,76.5,stephanie.smith@company.com,(944) 539-4339,Active
EMP019617,Lisa,Jackson,Lisa Jackson,34,Marketing,Analyst,Boston,68613.24,5130.92,2024-01-26,9,100.0,lisa.jackson@company.com,(230) 399-9786,Active
EMP019618,Christopher,Gonzalez,Christopher Gonzalez,54,Finance,Lead,Chicago,79528.39,11312.46,2022-05-17,30,71.2,christopher.gonzalez@company.com,(211) 621-3816,Active
EMP019619,Jessica,Hernandez,Jessica Hernandez,39,Marketing,Senior Developer,Boston,68018.98,7203.67,2023-06-03,16,60.3,jessica.hernandez@company.com,(313) 634-3376,Active
EMP019620,Ashley,Jackson,Ashley Jackson,31,Engineering,Lead,Seattle,123530.83,16002.97,2021-04-18,4,62.5,ashley.jackson@company.com,(220) 310-1336,Active
EMP019621,David,Williams,David Williams,60,IT,Senior Developer,New York,128678.49,12216.9,2022-05-20,32,75.6,david.williams@company.com,(205) 208-5004,Active
EMP019622,Amanda,Wilson,Amanda Wilson,39,Engineering,Analyst,Los Angeles,114335.94,8080.0,2023-01-29,16,62.8,amanda.wilson@company.com,(739) 477-7807,Active
EMP019623,Christopher,Gonzalez,Christopher Gonzalez,28,Finance,Analyst,Boston,91531.8,1674.49,2021-11-07,4,78.6,christopher.gonzalez@company.com,(670) 331-6779,Active
EMP019624,Jane,Smith,Jane Smith,50,Engineering,Specialist,Boston,111067.9,6901.92,2023-04-26,28,61.7,jane.smith@company.com,(718) 952-9820,Active
EMP019625,Jane,Brown,Jane Brown,55,Operations,Associate,Los Angeles,72725.56,8884.15,2020-11-05,31,86.9,jane.brown@company.com,(382) 467-4812,Active
EMP019626,Melissa,Brown,Melissa Brown,48,Legal,Senior Developer,New York,72967.98,4525.65,2021-08-03,24,54.6,melissa.brown@company.com,(338) 758-1021,On Leave
EMP019627,Daniel,Lopez,Daniel Lopez,44,HR,Director,Seattle,74840.04,10329.75,2023-07-12,20,60.3,daniel.lopez@company.com,(418) 441-2348,Active
EMP019628,Jane,Anderson,Jane Anderson,25,Operations,Coordinator,Miami,52493.23,0.0,2023-04-15,0,82.9,jane.anderson@company.com,(693) 236-7117,On Leave
EMP019629,William,Wilson,William Wilson,52,Marketing,Analyst,Los Angeles,94122.14,11995.83,2022-11-15,26,67.9,william.wilson@company.com,(676) 276-9449,Active
EMP019630,Jessica,Davis,Jessica Davis,59,Marketing,Manager,San Francisco,83890.16,6822.93,2021-10-22,32,71.8,jessica.davis@company.com,(404) 410-3752,Active
EMP019631,Michael,Lopez,Michael Lopez,29,Engineering,Lead,Los Angeles,86423.31,3583.97,2021-06-28,7,61.3,michael.lopez@company.com,(206) 851-8389,Active
EMP019632,James,Moore,James Moore,59,Operations,Director,Chicago,79994.22,9691.12,2021-09-05,36,82.0,james.moore@company.com,(249) 701-8279,Active
EMP019633,William,Hernandez,William Hernandez,29,Engineering,Associate,New York,70425.65,1475.15,2023-10-30,5,82.4,william.hernandez@company.com,(731) 790-5581,Inactive
EMP019634,Anthony,Martinez,Anthony Martinez,49,IT,Analyst,Miami,101035.58,5088.25,2021-06-19,22,62.5,anthony.martinez@company.com,(687) 200-6137,Active
EMP019635,Sarah,Garcia,Sarah Garcia,57,Sales,Specialist,Los Angeles,94172.87,9109.94,2022-04-11,34,84.9,sarah.garcia@company.com,(503) 367-5507,Active
EMP019636,Matthew,Anderson,Matthew Anderson,36,Engineering,Manager,Seattle,93660.26,17983.42,2022-12-05,8,98.6,matthew.anderson@company.com,(302) 679-9279,Inactive
EMP019637,Emily,Rodriguez,Emily Rodriguez,61,Marketing,Associate,New York,94683.99,18785.68,2020-03-07,33,62.3,emily.rodriguez@company.com,(418) 370-7298,Active
EMP019638,Robert,Martin,Robert Martin,62,Legal,Associate,New York,123428.69,9626.46,2021-06-24,33,92.8,robert.martin@company.com,(776) 913-2046,Active
EMP019639,Emily,Moore,Emily Moore,48,IT,Coordinator,Austin,78241.56,11997.24,2021-03-20,26,71.8,emily.moore@company.com,(853) 833-3270,Active
EMP019640,William,Jones,William Jones,53,Finance,Coordinator,Chicago,91789.16,14939.45,2023-05-27,30,88.6,william.jones@company.com,(412) 862-9122,Active
EMP019641,Amanda,Taylor,Amanda Taylor,39,Engineering,Analyst,Austin,102817.21,14081.6,2021-12-22,11,74.3,amanda.taylor@company.com,(223) 651-1895,Active
EMP019642,Anthony,Taylor,Anthony Taylor,53,IT,Director,New York,91931.03,12510.62,2020-04-03,31,81.0,anthony.taylor@company.com,(540) 767-1508,Active
EMP019643,Jessica,Miller,Jessica Miller,60,Legal,Lead,Austin,92681.21,7516.12,2020-03-21,33,70.5,jessica.miller@company.com,(870) 708-4086,Active
EMP019644,Ashley,Brown,Ashley Brown,31,IT,Coordinator,Chicago,89757.24,9351.4,2023-11-06,2,49.2,ashley.brown@company.com,(660) 469-2691,Active
EMP019645,Melissa,Thomas,Melissa Thomas,63,HR,Manager,Seattle,68751.47,0.0,2022-01-20,36,70.9,melissa.thomas@company.com,(763) 576-5429,Active
EMP019646,Matthew,Miller,Matthew Miller,48,Sales,Senior Developer,Seattle,70095.3,8053.68,2021-09-05,21,51.9,matthew.miller@company.com,(700) 379-5351,Active
EMP019647,Robert,Hernandez,Robert Hernandez,56,Sales,Coordinator,Boston,90205.71,6779.07,2021-12-31,27,68.9,robert.hernandez@company.com,(912) 499-1340,Active
EMP019648,Emily,Moore,Emily Moore,61,Sales,Lead,Austin,84226.28,5937.13,2021-01-02,35,79.3,emily.moore@company.com,(822) 459-7333,Active
EMP019649,Nicole,Williams,Nicole Williams,40,Sales,Coordinator,Los Angeles,78604.11,3390.88,2021-02-12,14,85.5,nicole.williams@company.com,(522) 517-2646,Active
EMP019650,Anthony,Jones,Anthony Jones,27,Marketing,Analyst,Chicago,35718.96,3962.28,2020-08-05,2,81.5,anthony.jones@company.com,(363) 714-3287,Active
EMP019651,David,Miller,David Miller,37,IT,Specialist,Boston,61434.96,4501.19,2022-01-10,10,100.0,david.miller@company.com,(503) 871-1289,Active
EMP019652,Anthony,Miller,Anthony Miller,26,Legal,Specialist,New York,66610.92,10992.84,2023-10-27,3,58.2,anthony.miller@company.com,(849) 688-5944,Active
EMP019653,Ashley,Johnson,Ashley Johnson,44,Marketing,Analyst,New York,53476.31,1256.46,2023-12-15,16,63.1,ashley.johnson@company.com,(542) 299-4220,Active
EMP019654,Michael,Davis,Michael Davis,42,Engineering,Associate,Los Angeles,93186.69,12950.02,2022-10-04,20,66.5,michael.davis@company.com,(593) 406-2971,Active
EMP019655,Nicole,Davis,Nicole Davis,64,Legal,Specialist,Los Angeles,90395.59,10614.92,2020-09-04,36,100.0,nicole.davis@company.com,(971) 886-5076,Active
EMP019656,William,Miller,William Miller,48,HR,Coordinator,New York,54487.24,7075.97,2020-12-25,26,100.0,william.miller@company.com,(553) 930-2889,Active
EMP019657,Robert,Martinez,Robert Martinez,40,Operations,Senior Developer,New York,66710.5,6712.5,2020-01-27,14,56.5,robert.martinez@company.com,(771) 530-3766,Active
EMP019658,Sarah,Rodriguez,Sarah Rodriguez,55,Marketing,Lead,Seattle,86449.99,16595.87,2022-12-05,30,75.2,sarah.rodriguez@company.com,(744) 774-7952,Active
EMP019659,Christopher,Anderson,Christopher Anderson,65,Legal,Director,Seattle,79068.14,10866.33,2024-07-22,42,78.8,christopher.anderson@company.com,(458) 656-3821,On Leave
EMP019660,Matthew,Garcia,Matthew Garcia,58,Marketing,Lead,New York,97521.79,13485.42,2022-01-22,35,88.9,matthew.garcia@company.com,(813) 222-8382,Active
EMP019661,Melissa,Lopez,Melissa Lopez,40,Operations,Senior Developer,Los Angeles,76876.02,1000.27,2022-07-13,16,51.6,melissa.lopez@company.com,(207) 300-1316,Inactive
EMP019662,Matthew,Williams,Matthew Williams,28,IT,Senior Developer,Los Angeles,73605.14,3357.53,2024-10-26,2,76.0,matthew.williams@company.com,(686) 680-6757,Active
EMP019663,Daniel,Hernandez,Daniel Hernandez,60,Sales,Analyst,Miami,105309.83,10553.31,2021-08-07,33,91.4,daniel.hernandez@company.com,(436) 292-9984,Active
EMP019664,David,Williams,David Williams,64,Sales,Lead,Seattle,111006.24,4703.19,2024-07-21,39,71.0,david.williams@company.com,(994) 702-9859,Active
EMP019665,Jane,Davis,Jane Davis,27,Engineering,Director,Los Angeles,77713.99,9277.69,2021-08-02,4,61.4,jane.davis@company.com,(401) 996-9210,Active
EMP019666,Melissa,Anderson,Melissa Anderson,36,IT,Director,Seattle,95897.07,6684.26,2023-02-18,13,79.3,melissa.anderson@company.com,(699) 329-7580,Active
EMP019667,Jessica,Hernandez,Jessica Hernandez,46,IT,Director,Los Angeles,74428.86,10554.13,2024-12-17,17,91.5,jessica.hernandez@company.com,(295) 641-5133,Active
EMP019668,John,Johnson,John Johnson,32,Engineering,Director,New York,39000.0,5464.78,2021-11-19,7,75.7,john.johnson@company.com,(556) 557-3709,Active
EMP019669,Daniel,Rodriguez,Daniel Rodriguez,61,Engineering,Analyst,Austin,113365.04,21346.53,2023-01-14,35,78.1,daniel.rodriguez@company.com,(435) 993-4790,Active
EMP019670,Daniel,Martin,Daniel Martin,43,Engineering,Director,Miami,142848.17,6450.16,2021-09-29,20,100.0,daniel.martin@company.com,(235) 389-1785,Active
EMP019671,John,Jackson,John Jackson,54,Legal,Coordinator,Seattle,115675.35,10584.06,2022-10-09,31,43.8,john.jackson@company.com,(328) 964-5427,Active
EMP019672,Ashley,Wilson,Ashley Wilson,47,Sales,Specialist,Austin,68415.66,5084.91,2022-08-09,21,72.9,ashley.wilson@company.com,(329) 222-1365,Active
EMP019673,Michael,Wilson,Michael Wilson,56,IT,Senior Developer,Boston,103401.79,14875.14,2022-05-20,32,81.9,michael.wilson@company.com,(212) 696-9204,Active
EMP019674,Amanda,Davis,Amanda Davis,41,Engineering,Director,Austin,103342.75,19246.93,2024-06-14,16,100.0,amanda.davis@company.com,(358) 958-5000,Active
EMP019675,Stephanie,Johnson,Stephanie Johnson,23,Marketing,Director,San Francisco,44454.02,7236.01,2023-02-10,0,76.2,stephanie.johnson@company.com,(836) 836-1735,Active
EMP019676,James,Martinez,James Martinez,31,Operations,Associate,Miami,69289.19,7724.02,2024-12-20,2,88.1,james.martinez@company.com,(299) 222-8914,Active
EMP019677,Michael,Miller,Michael Miller,22,Engineering,Associate,San Francisco,57859.69,3905.72,2021-02-06,0,50.3,michael.miller@company.com,(483) 930-1644,Active
EMP019678,David,Anderson,David Anderson,27,Legal,Specialist,Miami,37500.0,2178.63,2024-05-05,0,98.7,david.anderson@company.com,(708) 465-7327,Active
EMP019679,Melissa,Garcia,Melissa Garcia,34,Operations,Analyst,Boston,65809.94,7544.25,2023-10-28,10,80.5,melissa.garcia@company.com,(363) 220-2373,On Leave
EMP019680,Ashley,Johnson,Ashley Johnson,36,HR,Specialist,Seattle,70971.49,10192.43,2024-10-02,14,66.3,ashley.johnson@company.com,(588) 676-3726,Active
EMP019681,Jessica,Lopez,Jessica Lopez,58,Engineering,Lead,San Francisco,94283.61,10649.27,2020-01-26,36,74.7,jessica.lopez@company.com,(787) 724-5943,Active
EMP019682,Nicole,Jackson,Nicole Jackson,54,HR,Manager,New York,56058.4,4539.35,2023-03-27,28,64.9,nicole.jackson@company.com,(931) 551-7895,Active
EMP019683,Robert,Wilson,Robert Wilson,42,Legal,Associate,San Francisco,124143.03,15785.94,2021-01-09,15,94.1,robert.wilson@company.com,(590) 535-3494,Active
EMP019684,Melissa,Miller,Melissa Miller,63,Sales,Coordinator,New York,73632.45,6561.82,2021-12-18,36,62.1,melissa.miller@company.com,(828) 565-5151,Active
EMP019685,Lisa,Moore,Lisa Moore,37,Engineering,Manager,Chicago,111820.45,6678.85,2021-09-17,13,86.4,lisa.moore@company.com,(860) 533-3525,On Leave
EMP019686,Daniel,Williams,Daniel Williams,35,Operations,Senior Developer,Miami,53616.47,1322.36,2024-11-06,6,75.0,daniel.williams@company.com,(559) 910-6587,Active
EMP019687,James,Moore,James Moore,35,IT,Analyst,Austin,89612.3,16106.8,2022-11-17,7,46.7,james.moore@company.com,(605) 370-8717,Active
EMP019688,Matthew,Smith,Matthew Smith,24,Legal,Specialist,Chicago,80338.97,8575.84,2020-07-24,0,80.1,matthew.smith@company.com,(867) 833-5700,Active
EMP019689,Matthew,Martinez,Matthew Martinez,51,Marketing,Lead,Boston,65236.21,7706.64,2023-07-24,24,85.9,matthew.martinez@company.com,(487) 821-8187,Active
EMP019690,Nicole,Jackson,Nicole Jackson,42,Engineering,Analyst,Austin,112511.06,2087.67,2021-12-09,15,94.3,nicole.jackson@company.com,(871) 510-9541,Active
EMP019691,Amanda,Jackson,Amanda Jackson,43,Sales,Manager,Boston,75209.3,0.0,2020-06-19,16,68.4,amanda.jackson@company.com,(309) 586-3559,Active
EMP019692,Nicole,Anderson,Nicole Anderson,29,Sales,Coordinator,Miami,60612.76,11225.43,2020-05-13,6,45.4,nicole.anderson@company.com,(336) 968-9768,Active
EMP019693,Melissa,Garcia,Melissa Garcia,49,Legal,Lead,Seattle,84642.84,4629.37,2022-09-26,21,77.8,melissa.garcia@company.com,(836) 941-1752,Active
EMP019694,Nicole,Williams,Nicole Williams,26,HR,Associate,New York,72662.67,374.85,2023-05-05,0,91.9,nicole.williams@company.com,(522) 374-5785,Active
EMP019695,Sarah,Martinez,Sarah Martinez,51,Operations,Manager,Chicago,62273.5,9428.28,2020-10-13,24,100.0,sarah.martinez@company.com,(629) 633-2608,Active
EMP019696,Nicole,Gonzalez,Nicole Gonzalez,31,Operations,Analyst,Chicago,34392.91,3704.46,2023-06-09,5,68.6,nicole.gonzalez@company.com,(344) 423-3930,Active
EMP019697,Robert,Jackson,Robert Jackson,47,Sales,Coordinator,Austin,84099.49,9213.0,2024-10-19,24,88.5,robert.jackson@company.com,(213) 924-5068,Active
EMP019698,Ashley,Jackson,Ashley Jackson,44,Sales,Coordinator,Seattle,76084.85,10887.04,2021-08-09,20,75.4,ashley.jackson@company.com,(460) 719-5890,Active
EMP019699,Jessica,Lopez,Jessica Lopez,35,HR,Manager,San Francisco,49233.05,311.07,2024-12-26,10,67.1,jessica.lopez@company.com,(843) 983-2680,Active
EMP019700,Amanda,Martin,Amanda Martin,65,Legal,Analyst,Seattle,113557.11,6034.92,2023-06-29,42,64.9,amanda.martin@company.com,(357) 455-4155,Active
EMP019701,Lisa,Garcia,Lisa Garcia,56,HR,Manager,Los Angeles,73312.77,7063.74,2021-03-28,33,73.2,lisa.garcia@company.com,(331) 484-9738,On Leave
EMP019702,Christopher,Davis,Christopher Davis,36,Marketing,Lead,Los Angeles,56316.35,8125.29,2020-05-06,8,69.9,christopher.davis@company.com,(455) 425-1783,Active
EMP019703,Daniel,Moore,Daniel Moore,38,Engineering,Lead,San Francisco,58523.98,4206.0,2021-07-16,15,74.8,daniel.moore@company.com,(889) 841-9573,Active
EMP019704,Robert,Wilson,Robert Wilson,26,Legal,Specialist,Boston,88751.39,10030.2,2021-12-04,4,79.1,robert.wilson@company.com,(462) 591-2807,Active
EMP019705,Amanda,Williams,Amanda Williams,47,Legal,Analyst,New York,125038.75,8396.18,2022-11-21,22,60.6,amanda.williams@company.com,(226) 500-2071,Active
EMP019706,William,Lopez,William Lopez,35,IT,Lead,New York,55376.05,6747.67,2020-09-24,9,75.7,william.lopez@company.com,(720) 266-2634,Active
EMP019707,David,Garcia,David Garcia,44,Operations,Coordinator,Seattle,71064.35,9892.18,2024-04-21,20,83.8,david.garcia@company.com,(794) 217-7806,Active
EMP019708,Anthony,Smith,Anthony Smith,23,Finance,Lead,Boston,72688.96,2352.71,2022-11-05,0,68.1,anthony.smith@company.com,(628) 804-3598,Active
EMP019709,Michael,Taylor,Michael Taylor,56,HR,Director,Chicago,93580.6,11119.77,2021-06-16,30,58.9,michael.taylor@company.com,(678) 241-1556,Active
EMP019710,Christopher,Martinez,Christopher Martinez,55,Finance,Coordinator,Chicago,93828.13,6462.77,2024-11-11,26,81.3,christopher.martinez@company.com,(824) 403-6675,Active
EMP019711,Ashley,Taylor,Ashley Taylor,34,Marketing,Senior Developer,Austin,44007.92,3469.99,2021-06-08,6,73.7,ashley.taylor@company.com,(707) 955-6009,Active
EMP019712,David,Miller,David Miller,32,Engineering,Specialist,San Francisco,65823.03,3653.72,2024-06-04,4,88.5,david.miller@company.com,(612) 611-6385,Active
EMP019713,Amanda,Anderson,Amanda Anderson,62,Sales,Coordinator,Austin,133242.69,27893.38,2020-06-17,38,75.3,amanda.anderson@company.com,(225) 886-7502,Active
EMP019714,Lisa,Anderson,Lisa Anderson,61,Engineering,Specialist,San Francisco,97222.03,5114.11,2020-05-12,34,52.7,lisa.anderson@company.com,(385) 782-9192,Active
EMP019715,John,Wilson,John Wilson,44,Marketing,Lead,Los Angeles,61573.01,5274.65,2024-08-04,18,60.7,john.wilson@company.com,(237) 836-6813,Active
EMP019716,Stephanie,Taylor,Stephanie Taylor,44,HR,Associate,Boston,75591.82,8605.15,2023-08-27,16,77.8,stephanie.taylor@company.com,(827) 533-5738,Active
EMP019717,Anthony,Jones,Anthony Jones,40,Operations,Senior Developer,Miami,35047.44,1883.61,2024-02-25,11,98.6,anthony.jones@company.com,(316) 303-5893,Active
EMP019718,Stephanie,Miller,Stephanie Miller,26,HR,Lead,New York,43851.87,4516.35,2020-05-13,3,45.9,stephanie.miller@company.com,(657) 441-7261,Active
EMP019719,Stephanie,Jackson,Stephanie Jackson,63,Operations,Analyst,Los Angeles,93822.06,11416.81,2022-04-08,39,62.9,stephanie.jackson@company.com,(956) 227-3962,Active
EMP019720,John,Jackson,John Jackson,59,Engineering,Director,Los Angeles,119002.42,10922.11,2024-11-01,36,59.6,john.jackson@company.com,(388) 331-8940,Active
EMP019721,Matthew,Johnson,Matthew Johnson,62,Finance,Director,San Francisco,113684.23,18633.33,2024-10-29,34,80.6,matthew.johnson@company.com,(465) 634-7543,Active
EMP019722,Robert,Anderson,Robert Anderson,27,Engineering,Associate,Seattle,48117.82,5870.48,2024-03-17,0,59.4,robert.anderson@company.com,(283) 894-5954,Inactive
EMP019723,John,Johnson,John Johnson,58,Finance,Specialist,New York,105442.36,15652.73,2024-06-21,29,75.9,john.johnson@company.com,(277) 496-4228,Active
EMP019724,Anthony,Thomas,Anthony Thomas,22,HR,Specialist,New York,47394.45,2610.19,2022-01-16,0,60.4,anthony.thomas@company.com,(269) 716-8585,Active
EMP019725,Melissa,Gonzalez,Melissa Gonzalez,64,HR,Coordinator,San Francisco,70244.74,4301.71,2023-05-12,41,67.9,melissa.gonzalez@company.com,(694) 235-5206,Active
EMP019726,Emily,Garcia,Emily Garcia,43,Marketing,Manager,Seattle,56241.4,8072.3,2020-08-28,16,89.9,emily.garcia@company.com,(849) 485-7891,Active
EMP019727,David,Martinez,David Martinez,27,HR,Manager,Miami,49046.27,6445.62,2022-09-16,0,82.4,david.martinez@company.com,(740) 873-8957,Active
EMP019728,John,Davis,John Davis,25,Operations,Manager,Boston,48555.72,5086.78,2024-08-19,3,85.4,john.davis@company.com,(460) 642-9395,Active
EMP019729,Amanda,Smith,Amanda Smith,38,Marketing,Director,Boston,58765.29,10170.16,2020-01-23,12,67.4,amanda.smith@company.com,(348) 827-5528,Active
EMP019730,Emily,Lopez,Emily Lopez,58,Operations,Manager,Austin,80029.44,10368.93,2024-08-25,32,69.9,emily.lopez@company.com,(517) 445-1212,Active
EMP019731,Lisa,Williams,Lisa Williams,41,Engineering,Analyst,Los Angeles,135466.24,19729.13,2020-03-09,15,81.7,lisa.williams@company.com,(500) 759-1951,Active
EMP019732,Matthew,Anderson,Matthew Anderson,25,IT,Specialist,Austin,84723.53,3053.95,2021-04-24,2,89.9,matthew.anderson@company.com,(819) 612-1296,Active
EMP019733,Lisa,Williams,Lisa Williams,26,HR,Director,Miami,73360.06,1611.8,2024-04-17,4,61.2,lisa.williams@company.com,(337) 456-4395,Active
EMP019734,James,Garcia,James Garcia,51,Operations,Director,Seattle,58119.33,3623.26,2023-01-20,28,85.6,james.garcia@company.com,(462) 353-3304,Active
EMP019735,John,Anderson,John Anderson,32,Operations,Analyst,Chicago,58503.84,7216.2,2021-06-17,8,65.2,john.anderson@company.com,(303) 844-2823,Active
EMP019736,Melissa,Johnson,Melissa Johnson,32,IT,Director,Boston,84053.76,8804.94,2022-01-07,9,85.1,melissa.johnson@company.com,(324) 378-4782,Inactive
EMP019737,Michael,Anderson,Michael Anderson,35,Finance,Coordinator,Boston,66611.12,12455.05,2020-09-22,10,100.0,michael.anderson@company.com,(985) 280-9719,Active
EMP019738,James,Rodriguez,James Rodriguez,34,Sales,Specialist,New York,75041.55,10113.69,2020-11-18,5,72.7,james.rodriguez@company.com,(926) 338-5909,Active
EMP019739,John,Rodriguez,John Rodriguez,28,Finance,Director,New York,44314.03,5754.2,2021-11-10,0,54.7,john.rodriguez@company.com,(415) 714-4253,Active
EMP019740,Emily,Davis,Emily Davis,45,Operations,Lead,Miami,63447.13,6594.0,2022-01-03,23,75.3,emily.davis@company.com,(910) 700-8901,Active
EMP019741,Anthony,Hernandez,Anthony Hernandez,41,Marketing,Manager,Austin,73012.33,8016.45,2022-03-31,13,63.3,anthony.hernandez@company.com,(817) 528-9259,Active
EMP019742,James,Wilson,James Wilson,59,Finance,Director,Miami,125315.39,11582.11,2024-06-04,35,62.5,james.wilson@company.com,(203) 284-7332,Active
EMP019743,Jessica,Miller,Jessica Miller,39,Legal,Manager,Seattle,57142.22,7207.4,2021-03-18,16,50.9,jessica.miller@company.com,(875) 642-5141,Active
EMP019744,Amanda,Wilson,Amanda Wilson,47,Sales,Associate,Boston,91508.53,10646.06,2020-07-14,19,89.3,amanda.wilson@company.com,(436) 722-6096,Active
EMP019745,Jessica,Thomas,Jessica Thomas,60,Finance,Manager,Los Angeles,89135.05,8390.46,2024-03-31,38,64.3,jessica.thomas@company.com,(931) 419-9988,Inactive
EMP019746,Daniel,Lopez,Daniel Lopez,24,Engineering,Lead,Chicago,106167.91,4930.42,2020-12-23,0,72.8,daniel.lopez@company.com,(841) 443-3915,On Leave
EMP019747,Anthony,Gonzalez,Anthony Gonzalez,36,Marketing,Analyst,Boston,51599.05,3136.45,2024-12-08,10,76.3,anthony.gonzalez@company.com,(715) 843-6450,Active
EMP019748,William,Brown,William Brown,28,HR,Lead,New York,63359.79,5953.49,2022-08-27,1,63.9,william.brown@company.com,(814) 484-4905,Active
EMP019749,Michael,Davis,Michael Davis,55,Finance,Director,Seattle,77567.84,0.0,2021-05-11,30,93.6,michael.davis@company.com,(521) 943-2158,Active
EMP019750,Emily,Garcia,Emily Garcia,45,Legal,Manager,Boston,120191.17,3002.72,2020-03-22,21,60.0,emily.garcia@company.com,(598) 476-6073,Active
EMP019751,David,Taylor,David Taylor,42,Operations,Associate,Seattle,71812.82,8590.46,2022-01-31,18,55.0,david.taylor@company.com,(840) 502-3784,Active
EMP019752,Anthony,Garcia,Anthony Garcia,34,Engineering,Manager,Seattle,52977.81,7150.87,2020-03-26,6,75.5,anthony.garcia@company.com,(368) 429-6965,Active
EMP019753,James,Gonzalez,James Gonzalez,35,Finance,Analyst,Chicago,94621.21,7450.46,2024-02-02,6,60.8,james.gonzalez@company.com,(840) 748-7007,Active
EMP019754,Matthew,Miller,Matthew Miller,60,Legal,Lead,Seattle,106593.95,8801.46,2020-09-20,37,62.7,matthew.miller@company.com,(831) 809-9239,Active
EMP019755,Jessica,Anderson,Jessica Anderson,52,Finance,Coordinator,New York,110267.66,18101.05,2022-09-17,25,82.2,jessica.anderson@company.com,(598) 490-5918,Active
EMP019756,Ashley,Garcia,Ashley Garcia,22,Engineering,Manager,Los Angeles,80823.71,7498.19,2024-02-16,0,55.5,ashley.garcia@company.com,(276) 353-9808,Active
EMP019757,James,Thomas,James Thomas,39,IT,Associate,Chicago,85646.9,1388.84,2020-09-22,12,77.5,james.thomas@company.com,(326) 734-2654,Active
EMP019758,Stephanie,Thomas,Stephanie Thomas,22,Operations,Specialist,New York,41548.34,4141.83,2020-02-17,0,70.3,stephanie.thomas@company.com,(414) 275-4499,Active
EMP019759,Emily,Garcia,Emily Garcia,58,Marketing,Manager,New York,105900.74,8017.94,2024-10-20,29,82.9,emily.garcia@company.com,(204) 674-7349,Active
EMP019760,Matthew,Jones,Matthew Jones,44,Operations,Specialist,Seattle,68030.39,7840.15,2023-10-09,18,91.7,matthew.jones@company.com,(920) 771-8165,Inactive
EMP019761,Lisa,Martinez,Lisa Martinez,31,Finance,Lead,Los Angeles,58358.88,11038.06,2022-01-07,3,71.3,lisa.martinez@company.com,(805) 939-9141,Active
EMP019762,Michael,Hernandez,Michael Hernandez,45,Engineering,Specialist,Chicago,75540.29,12543.44,2024-12-14,22,61.2,michael.hernandez@company.com,(894) 681-2748,Active
EMP019763,Amanda,Anderson,Amanda Anderson,36,Operations,Director,Miami,59419.92,9502.05,2022-03-15,9,49.5,amanda.anderson@company.com,(438) 905-6091,Active
EMP019764,Jessica,Gonzalez,Jessica Gonzalez,27,Engineering,Coordinator,Boston,78346.07,10497.47,2020-09-10,2,85.2,jessica.gonzalez@company.com,(510) 871-7810,Inactive
EMP019765,Jane,Smith,Jane Smith,29,HR,Manager,Austin,52466.71,7428.86,2020-12-31,0,100.0,jane.smith@company.com,(407) 762-4131,Active
EMP019766,John,Moore,John Moore,40,Operations,Coordinator,Boston,50458.46,12089.42,2023-10-03,11,68.2,john.moore@company.com,(975) 514-5674,On Leave
EMP019767,Jane,Gonzalez,Jane Gonzalez,46,Engineering,Specialist,Seattle,84195.8,2252.67,2020-10-22,24,75.8,jane.gonzalez@company.com,(304) 485-2646,Active
EMP019768,Stephanie,Wilson,Stephanie Wilson,63,IT,Director,San Francisco,112591.46,16344.12,2023-10-26,35,100.0,stephanie.wilson@company.com,(460) 614-8506,Active
EMP019769,Jessica,Lopez,Jessica Lopez,49,Sales,Specialist,New York,81311.21,10691.09,2020-08-27,21,65.4,jessica.lopez@company.com,(653) 297-3267,Inactive
EMP019770,Sarah,Martinez,Sarah Martinez,64,Sales,Associate,San Francisco,104422.69,0.0,2023-11-18,41,91.3,sarah.martinez@company.com,(398) 618-6865,Active
EMP019771,John,Jackson,John Jackson,58,Marketing,Specialist,Boston,68564.97,3509.84,2023-06-15,29,77.5,john.jackson@company.com,(438) 489-1116,Active
EMP019772,Michael,Miller,Michael Miller,37,Operations,Specialist,Chicago,52041.3,4336.85,2023-12-14,15,69.4,michael.miller@company.com,(548) 806-4950,Active
EMP019773,Nicole,Martinez,Nicole Martinez,64,HR,Director,Boston,81606.49,2840.66,2024-05-23,38,86.0,nicole.martinez@company.com,(721) 717-3406,Inactive
EMP019774,Amanda,Rodriguez,Amanda Rodriguez,38,IT,Senior Developer,Austin,68790.88,11218.74,2020-04-01,12,75.8,amanda.rodriguez@company.com,(975) 247-4462,Active
EMP019775,Amanda,Anderson,Amanda Anderson,32,Engineering,Associate,Miami,106789.75,13734.53,2022-07-17,10,93.8,amanda.anderson@company.com,(456) 756-6685,Active
EMP019776,Nicole,Martinez,Nicole Martinez,31,IT,Analyst,New York,89451.86,10123.26,2023-05-21,5,55.0,nicole.martinez@company.com,(868) 551-7145,Active
EMP019777,Nicole,Martin,Nicole Martin,36,Operations,Coordinator,New York,55267.46,7675.98,2020-10-10,9,91.8,nicole.martin@company.com,(327) 992-7719,Active
EMP019778,Emily,Thomas,Emily Thomas,46,Legal,Analyst,San Francisco,87510.13,10258.07,2023-02-11,23,79.2,emily.thomas@company.com,(206) 897-3279,Active
EMP019779,William,Williams,William Williams,62,Operations,Senior Developer,New York,71654.25,9836.34,2023-04-09,36,62.8,william.williams@company.com,(304) 273-6145,Inactive
EMP019780,Jane,Miller,Jane Miller,58,IT,Specialist,San Francisco,138367.15,14091.19,2021-01-17,30,85.5,jane.miller@company.com,(286) 577-7903,Active
EMP019781,Ashley,Martinez,Ashley Martinez,41,Sales,Director,Boston,89276.72,9533.21,2023-04-10,14,81.1,ashley.martinez@company.com,(743) 687-8623,Active
EMP019782,Daniel,Davis,Daniel Davis,56,Operations,Associate,Boston,60742.13,1991.56,2020-11-17,34,74.5,daniel.davis@company.com,(736) 221-8208,On Leave
EMP019783,Melissa,Gonzalez,Melissa Gonzalez,58,IT,Analyst,Miami,102376.77,3921.93,2022-04-07,29,72.9,melissa.gonzalez@company.com,(943) 633-8624,Active
EMP019784,Daniel,Brown,Daniel Brown,27,Finance,Director,Boston,71747.18,10538.81,2020-07-24,5,75.1,daniel.brown@company.com,(600) 667-4862,Active
EMP019785,Robert,Smith,Robert Smith,43,IT,Manager,San Francisco,97880.46,7471.07,2020-05-18,19,84.8,robert.smith@company.com,(383) 262-6232,Active
EMP019786,John,Rodriguez,John Rodriguez,50,IT,Associate,Boston,86455.08,17564.42,2022-10-07,25,58.5,john.rodriguez@company.com,(926) 565-4766,Active
EMP019787,James,Gonzalez,James Gonzalez,41,Legal,Coordinator,Boston,120539.1,24222.05,2020-01-22,19,58.8,james.gonzalez@company.com,(360) 309-4152,Active
EMP019788,John,Gonzalez,John Gonzalez,53,Marketing,Lead,San Francisco,66089.64,8492.86,2024-07-17,26,67.3,john.gonzalez@company.com,(413) 399-7512,Active
EMP019789,Jane,Davis,Jane Davis,34,Engineering,Manager,Los Angeles,88098.93,13090.14,2023-04-16,9,67.5,jane.davis@company.com,(831) 677-8395,Active
EMP019790,Jane,Martinez,Jane Martinez,52,Finance,Coordinator,Chicago,63662.27,11763.67,2020-05-03,29,82.7,jane.martinez@company.com,(535) 216-4775,Active
EMP019791,Jessica,Smith,Jessica Smith,46,Operations,Analyst,Boston,46913.96,6854.95,2021-05-28,19,58.3,jessica.smith@company.com,(511) 557-6538,Active
EMP019792,James,Moore,James Moore,30,Engineering,Director,Boston,94594.88,9352.28,2021-07-19,3,52.7,james.moore@company.com,(794) 279-2584,Active
EMP019793,Sarah,Gonzalez,Sarah Gonzalez,37,Engineering,Senior Developer,Chicago,92040.59,4370.55,2021-11-08,11,80.4,sarah.gonzalez@company.com,(256) 703-6612,Active
EMP019794,Jane,Johnson,Jane Johnson,65,IT,Manager,Austin,147592.06,20301.17,2020-10-26,42,87.4,jane.johnson@company.com,(259) 555-3202,Active
EMP019795,Lisa,Martinez,Lisa Martinez,52,Finance,Associate,Seattle,101440.23,9651.12,2023-06-13,28,84.4,lisa.martinez@company.com,(668) 541-3130,Inactive
EMP019796,Amanda,Rodriguez,Amanda Rodriguez,37,Engineering,Analyst,New York,99943.38,6345.3,2021-02-11,14,73.3,amanda.rodriguez@company.com,(714) 930-2993,Active
EMP019797,Robert,Gonzalez,Robert Gonzalez,56,Marketing,Manager,Boston,77404.8,11800.62,2021-07-13,28,62.0,robert.gonzalez@company.com,(839) 226-8207,Active
EMP019798,Amanda,Smith,Amanda Smith,30,HR,Director,Los Angeles,54018.14,1868.58,2022-07-17,1,74.1,amanda.smith@company.com,(628) 936-1256,Active
EMP019799,Stephanie,Moore,Stephanie Moore,61,HR,Lead,Los Angeles,92234.65,10741.12,2022-01-13,36,73.3,stephanie.moore@company.com,(708) 624-8297,Active
EMP019800,Emily,Thomas,Emily Thomas,39,Engineering,Lead,Chicago,61791.92,9114.12,2023-11-15,12,86.3,emily.thomas@company.com,(820) 660-8990,Inactive
EMP019801,Christopher,Anderson,Christopher Anderson,48,Marketing,Lead,Chicago,89979.89,14749.67,2024-10-30,22,43.1,christopher.anderson@company.com,(765) 331-5898,Active
EMP019802,James,Moore,James Moore,57,HR,Manager,Chicago,67043.55,7647.15,2021-01-31,32,69.0,james.moore@company.com,(342) 454-5150,Active
EMP019803,Robert,Moore,Robert Moore,41,Operations,Specialist,Boston,66636.82,0.0,2021-12-07,12,78.7,robert.moore@company.com,(640) 632-3850,Active
EMP019804,David,Williams,David Williams,53,Finance,Lead,San Francisco,52133.59,1178.3,2022-04-25,27,78.8,david.williams@company.com,(378) 737-4413,Active
EMP019805,Daniel,Anderson,Daniel Anderson,38,Sales,Coordinator,Boston,49371.87,2444.24,2022-12-20,16,85.7,daniel.anderson@company.com,(490) 924-8022,Active
EMP019806,Melissa,Davis,Melissa Davis,25,Legal,Lead,Boston,86033.13,2270.15,2020-09-04,0,90.5,melissa.davis@company.com,(899) 690-3756,Active
EMP019807,Jane,Garcia,Jane Garcia,27,Marketing,Senior Developer,Los Angeles,39163.38,1947.38,2023-09-18,2,52.9,jane.garcia@company.com,(857) 469-1611,Active
EMP019808,Nicole,Rodriguez,Nicole Rodriguez,24,IT,Specialist,New York,65343.61,7282.17,2023-02-02,0,73.3,nicole.rodriguez@company.com,(521) 388-4604,Active
EMP019809,Sarah,Williams,Sarah Williams,44,Finance,Analyst,Boston,86471.1,10722.75,2023-11-25,16,62.4,sarah.williams@company.com,(432) 361-7113,Active
EMP019810,Stephanie,Jackson,Stephanie Jackson,33,Marketing,Analyst,Seattle,52710.38,6663.79,2024-09-08,6,75.4,stephanie.jackson@company.com,(739) 663-2526,Active
EMP019811,Amanda,Anderson,Amanda Anderson,52,Legal,Associate,Chicago,55830.25,8033.0,2021-10-11,30,58.1,amanda.anderson@company.com,(263) 896-1854,Inactive
EMP019812,David,Taylor,David Taylor,27,HR,Lead,New York,47398.62,7898.18,2021-02-23,5,95.1,david.taylor@company.com,(903) 980-8913,Active
EMP019813,Matthew,Rodriguez,Matthew Rodriguez,49,Legal,Lead,New York,107385.66,7896.25,2024-08-26,22,84.4,matthew.rodriguez@company.com,(328) 360-6994,Active
EMP019814,John,Thomas,John Thomas,55,Operations,Coordinator,San Francisco,70155.34,7127.49,2023-01-08,33,77.2,john.thomas@company.com,(504) 738-6659,Active
EMP019815,John,Lopez,John Lopez,25,HR,Manager,Chicago,65130.04,2560.85,2021-04-08,3,66.8,john.lopez@company.com,(954) 456-4219,Active
EMP019816,Nicole,Smith,Nicole Smith,52,Engineering,Specialist,New York,150953.94,3636.19,2024-10-26,28,77.9,nicole.smith@company.com,(875) 268-6616,Inactive
EMP019817,William,Garcia,William Garcia,32,Finance,Coordinator,Boston,87101.34,2473.04,2023-03-01,5,69.1,william.garcia@company.com,(752) 274-4217,Active
EMP019818,Jane,Martin,Jane Martin,52,IT,Director,Miami,120766.23,18438.1,2023-02-14,30,78.8,jane.martin@company.com,(843) 443-6723,Active
EMP019819,Melissa,Anderson,Melissa Anderson,40,Engineering,Director,San Francisco,136424.15,0.0,2023-02-02,15,69.8,melissa.anderson@company.com,(575) 872-3092,On Leave
EMP019820,Jane,Martin,Jane Martin,46,Sales,Lead,Boston,79358.09,1745.67,2023-03-07,21,62.7,jane.martin@company.com,(771) 728-1030,Active
EMP019821,Jane,Gonzalez,Jane Gonzalez,43,Engineering,Specialist,Los Angeles,102560.77,15932.06,2022-01-16,16,79.1,jane.gonzalez@company.com,(542) 873-9257,Inactive
EMP019822,Lisa,Martin,Lisa Martin,35,IT,Analyst,Chicago,72119.74,8737.58,2023-02-02,8,55.4,lisa.martin@company.com,(982) 448-8541,Active
EMP019823,Anthony,Anderson,Anthony Anderson,23,IT,Associate,Los Angeles,82503.0,3962.56,2020-12-14,0,81.5,anthony.anderson@company.com,(655) 298-4828,Active
EMP019824,James,Moore,James Moore,39,HR,Associate,Boston,48116.2,2473.05,2023-06-19,12,83.3,james.moore@company.com,(439) 769-5846,Active
EMP019825,Anthony,Hernandez,Anthony Hernandez,54,HR,Specialist,Miami,60063.14,10357.25,2022-02-04,32,65.7,anthony.hernandez@company.com,(569) 987-8800,Active
EMP019826,Ashley,Brown,Ashley Brown,48,Operations,Manager,Chicago,91205.04,5188.55,2022-11-19,24,100.0,ashley.brown@company.com,(949) 932-4864,Active
EMP019827,Melissa,Lopez,Melissa Lopez,54,Marketing,Specialist,Miami,109811.92,11661.33,2022-06-03,30,51.3,melissa.lopez@company.com,(501) 660-6343,Active
EMP019828,James,Lopez,James Lopez,52,HR,Manager,New York,79238.1,18410.05,2022-11-19,27,60.7,james.lopez@company.com,(358) 580-4029,Active
EMP019829,Daniel,Brown,Daniel Brown,61,Marketing,Coordinator,Boston,79317.05,10530.75,2022-04-11,36,76.3,daniel.brown@company.com,(755) 483-5710,Active
EMP019830,Sarah,Miller,Sarah Miller,63,HR,Lead,New York,82529.77,9689.21,2021-10-08,38,100.0,sarah.miller@company.com,(721) 819-8604,Active
EMP019831,Sarah,Martinez,Sarah Martinez,44,Sales,Associate,New York,81261.49,0.0,2024-11-15,18,59.6,sarah.martinez@company.com,(927) 254-7849,Active
EMP019832,David,Wilson,David Wilson,59,Operations,Coordinator,New York,67768.85,0.0,2021-11-03,30,92.2,david.wilson@company.com,(228) 947-1120,Active
EMP019833,William,Rodriguez,William Rodriguez,45,Operations,Analyst,Miami,85901.33,5881.09,2021-08-26,21,72.2,william.rodriguez@company.com,(704) 726-4206,Active
EMP019834,Nicole,Jones,Nicole Jones,27,Operations,Senior Developer,Boston,34445.43,1016.17,2023-09-04,4,59.8,nicole.jones@company.com,(864) 646-5622,Inactive
EMP019835,Nicole,Brown,Nicole Brown,56,IT,Lead,Miami,129162.26,14.31,2022-10-14,28,100.0,nicole.brown@company.com,(342) 611-1398,Active
EMP019836,Daniel,Martinez,Daniel Martinez,62,Operations,Associate,Boston,77024.8,11263.46,2024-06-06,35,77.1,daniel.martinez@company.com,(371) 621-4346,Inactive
EMP019837,Sarah,Wilson,Sarah Wilson,34,Engineering,Manager,San Francisco,84206.21,14225.57,2023-08-05,9,54.4,sarah.wilson@company.com,(703) 672-8928,Active
EMP019838,Christopher,Martinez,Christopher Martinez,34,Finance,Director,Miami,92091.46,9936.52,2023-03-22,7,85.7,christopher.martinez@company.com,(551) 353-7373,Active
EMP019839,Melissa,Anderson,Melissa Anderson,48,Legal,Coordinator,Miami,123885.82,0.0,2021-06-20,24,64.0,melissa.anderson@company.com,(903) 427-6790,Active
EMP019840,Lisa,Rodriguez,Lisa Rodriguez,37,IT,Manager,New York,75969.8,5590.85,2024-07-24,10,82.0,lisa.rodriguez@company.com,(505) 790-8977,Active
EMP019841,James,Moore,James Moore,30,Legal,Specialist,Chicago,69586.67,0.0,2020-04-10,7,53.1,james.moore@company.com,(947) 657-3810,Inactive
EMP019842,Jane,Lopez,Jane Lopez,62,HR,Manager,Seattle,74914.41,11563.37,2021-06-21,35,80.3,jane.lopez@company.com,(417) 544-9251,Inactive
EMP019843,Stephanie,Johnson,Stephanie Johnson,26,Legal,Associate,Seattle,57537.53,5653.47,2023-03-24,3,79.1,stephanie.johnson@company.com,(397) 435-5978,Active
EMP019844,Christopher,Lopez,Christopher Lopez,59,Marketing,Specialist,New York,64815.12,0.0,2022-04-16,36,56.1,christopher.lopez@company.com,(861) 862-6375,Active
EMP019845,Daniel,Rodriguez,Daniel Rodriguez,63,HR,Lead,San Francisco,103300.4,11207.16,2023-02-09,40,68.9,daniel.rodriguez@company.com,(474) 357-2694,Active
EMP019846,Anthony,Thomas,Anthony Thomas,50,IT,Director,Austin,91370.14,9010.96,2021-07-14,22,92.1,anthony.thomas@company.com,(974) 630-5396,On Leave
EMP019847,Christopher,Taylor,Christopher Taylor,26,Sales,Specialist,Chicago,69928.3,11570.79,2021-10-17,0,80.3,christopher.taylor@company.com,(610) 674-4197,Active
EMP019848,Amanda,Davis,Amanda Davis,33,Finance,Specialist,New York,59782.68,5550.07,2024-01-28,5,62.9,amanda.davis@company.com,(694) 584-4772,Inactive
EMP019849,William,Gonzalez,William Gonzalez,54,Marketing,Manager,Miami,95238.12,6774.4,2024-12-09,32,70.7,william.gonzalez@company.com,(513) 597-9285,Active
EMP019850,William,Rodriguez,William Rodriguez,33,Operations,Associate,New York,51571.88,5125.34,2022-11-18,10,38.1,william.rodriguez@company.com,(285) 391-6310,Inactive
EMP019851,John,Brown,John Brown,29,Legal,Analyst,New York,38666.05,5264.12,2021-08-28,2,80.8,john.brown@company.com,(882) 529-9521,Active
EMP019852,Emily,Garcia,Emily Garcia,27,Operations,Manager,Los Angeles,49298.38,12586.28,2022-01-30,0,53.4,emily.garcia@company.com,(743) 937-6988,Active
EMP019853,Jessica,Martinez,Jessica Martinez,59,HR,Director,Austin,76455.72,6257.34,2024-01-14,30,70.4,jessica.martinez@company.com,(326) 434-5218,Active
EMP019854,Anthony,Moore,Anthony Moore,41,Legal,Specialist,Miami,61571.35,7381.12,2023-10-10,14,51.6,anthony.moore@company.com,(323) 574-6346,Active
EMP019855,Anthony,Hernandez,Anthony Hernandez,53,Marketing,Coordinator,Boston,78688.63,3967.42,2020-04-23,29,59.9,anthony.hernandez@company.com,(677) 553-5957,Active
EMP019856,Emily,Gonzalez,Emily Gonzalez,57,HR,Associate,Austin,72916.1,0.0,2021-05-27,29,77.2,emily.gonzalez@company.com,(540) 273-7163,On Leave
EMP019857,Christopher,Martinez,Christopher Martinez,38,Engineering,Lead,Boston,117347.29,6135.5,2024-04-25,15,77.7,christopher.martinez@company.com,(235) 721-9993,Active
EMP019858,Melissa,Rodriguez,Melissa Rodriguez,27,IT,Director,San Francisco,61507.84,12080.97,2024-10-30,3,52.6,melissa.rodriguez@company.com,(753) 653-3725,Active
EMP019859,David,Miller,David Miller,33,Operations,Associate,Boston,53699.58,3911.08,2023-09-02,5,49.9,david.miller@company.com,(737) 672-5233,Active
EMP019860,Amanda,Johnson,Amanda Johnson,38,Engineering,Manager,Seattle,66006.77,5592.22,2023-12-25,9,78.9,amanda.johnson@company.com,(604) 218-1487,Active
EMP019861,John,Martin,John Martin,44,Legal,Associate,Los Angeles,94999.71,13967.88,2022-01-18,22,74.3,john.martin@company.com,(450) 874-3948,Active
EMP019862,Daniel,Lopez,Daniel Lopez,38,Engineering,Analyst,Austin,105234.45,11377.88,2024-12-24,15,57.5,daniel.lopez@company.com,(329) 492-4389,Active
EMP019863,Melissa,Anderson,Melissa Anderson,64,HR,Coordinator,San Francisco,101669.55,8773.55,2022-08-13,36,94.5,melissa.anderson@company.com,(386) 802-3494,Active
EMP019864,William,Brown,William Brown,54,HR,Analyst,San Francisco,79586.69,11344.73,2021-10-23,32,91.7,william.brown@company.com,(580) 505-4736,Active
EMP019865,Lisa,Smith,Lisa Smith,57,Engineering,Senior Developer,New York,119968.47,12096.44,2023-01-13,28,68.0,lisa.smith@company.com,(581) 402-5261,Active
EMP019866,Jessica,Jones,Jessica Jones,44,Legal,Coordinator,Seattle,77610.58,6242.63,2021-05-05,15,70.7,jessica.jones@company.com,(941) 892-4148,Active
EMP019867,Robert,Miller,Robert Miller,61,HR,Analyst,Seattle,80162.21,7150.41,2023-04-16,32,78.4,robert.miller@company.com,(784) 718-7898,Active
EMP019868,Lisa,Gonzalez,Lisa Gonzalez,25,Sales,Associate,New York,53091.45,8030.24,2024-10-17,0,97.0,lisa.gonzalez@company.com,(212) 239-1312,On Leave
EMP019869,Christopher,Johnson,Christopher Johnson,54,Engineering,Specialist,Boston,101120.34,13388.14,2023-08-13,31,74.4,christopher.johnson@company.com,(568) 613-8595,Active
EMP019870,Christopher,Wilson,Christopher Wilson,45,Legal,Associate,Austin,107159.31,8094.56,2022-12-16,16,73.5,christopher.wilson@company.com,(860) 517-1296,Active
EMP019871,James,Jones,James Jones,59,Engineering,Analyst,Seattle,98272.3,5416.97,2024-06-10,36,84.8,james.jones@company.com,(495) 573-4047,Active
EMP019872,Jane,Anderson,Jane Anderson,41,Sales,Lead,Seattle,60597.58,8388.44,2024-02-13,19,70.8,jane.anderson@company.com,(938) 732-1676,Active
EMP019873,Lisa,Rodriguez,Lisa Rodriguez,48,Engineering,Associate,Miami,95210.23,10876.06,2020-12-21,19,56.3,lisa.rodriguez@company.com,(848) 278-2093,Active
EMP019874,Amanda,Martin,Amanda Martin,25,IT,Associate,Seattle,95832.12,5528.45,2024-06-15,0,74.0,amanda.martin@company.com,(399) 437-6717,Active
EMP019875,John,Thomas,John Thomas,61,Finance,Senior Developer,Miami,89201.45,5034.95,2022-03-17,32,81.7,john.thomas@company.com,(468) 322-5220,Active
EMP019876,Jessica,Moore,Jessica Moore,23,Finance,Director,Chicago,61110.94,2035.76,2024-10-29,0,69.4,jessica.moore@company.com,(358) 843-2957,Active
EMP019877,Anthony,Jackson,Anthony Jackson,26,Engineering,Analyst,New York,83341.8,12651.18,2023-08-07,2,79.2,anthony.jackson@company.com,(973) 319-3147,Active
EMP019878,James,Lopez,James Lopez,49,HR,Senior Developer,Miami,93657.52,14234.13,2024-09-25,23,83.2,james.lopez@company.com,(873) 778-6940,Active
EMP019879,Christopher,Taylor,Christopher Taylor,41,Legal,Manager,Chicago,70150.99,9475.21,2023-04-19,16,96.9,christopher.taylor@company.com,(239) 428-6548,Active
EMP019880,Melissa,Jackson,Melissa Jackson,61,Sales,Lead,Los Angeles,82402.43,7773.15,2020-09-25,39,100.0,melissa.jackson@company.com,(435) 536-5691,Active
EMP019881,Lisa,Hernandez,Lisa Hernandez,23,Engineering,Lead,New York,53209.82,6064.9,2022-09-16,0,84.4,lisa.hernandez@company.com,(693) 663-7787,On Leave
EMP019882,Lisa,Jones,Lisa Jones,23,Engineering,Coordinator,Chicago,92121.21,7517.82,2023-12-14,0,60.7,lisa.jones@company.com,(951) 832-3229,Active
EMP019883,James,Martinez,James Martinez,31,Sales,Manager,San Francisco,58373.36,6311.29,2021-06-09,4,80.1,james.martinez@company.com,(289) 405-5367,Active
EMP019884,Jessica,Moore,Jessica Moore,50,Legal,Specialist,San Francisco,116278.5,10849.08,2020-09-14,27,58.2,jessica.moore@company.com,(711) 414-3557,On Leave
EMP019885,Lisa,Brown,Lisa Brown,58,Marketing,Analyst,Los Angeles,97132.17,13739.96,2020-08-31,29,83.3,lisa.brown@company.com,(397) 794-9222,Inactive
EMP019886,Nicole,Lopez,Nicole Lopez,22,Marketing,Manager,New York,59024.4,14452.52,2020-03-01,0,90.1,nicole.lopez@company.com,(568) 815-1543,Active
EMP019887,Christopher,Thomas,Christopher Thomas,30,Finance,Associate,Miami,40794.16,2011.58,2023-10-22,7,88.5,christopher.thomas@company.com,(846) 938-3376,Active
EMP019888,Jane,Miller,Jane Miller,42,Engineering,Lead,New York,87629.92,10011.91,2021-07-02,14,66.3,jane.miller@company.com,(754) 767-3692,Active
EMP019889,Nicole,Williams,Nicole Williams,36,Engineering,Specialist,Chicago,76493.13,6581.89,2023-10-21,7,93.7,nicole.williams@company.com,(714) 872-1140,Active
EMP019890,Jessica,Lopez,Jessica Lopez,31,Marketing,Analyst,Austin,45626.77,5038.01,2024-02-29,2,86.0,jessica.lopez@company.com,(471) 875-9330,Active
EMP019891,Emily,Anderson,Emily Anderson,54,IT,Specialist,Austin,98247.74,11443.18,2022-09-04,32,100.0,emily.anderson@company.com,(362) 403-1579,Active
EMP019892,Stephanie,Moore,Stephanie Moore,48,Operations,Specialist,Miami,36931.48,3780.61,2024-04-05,20,77.1,stephanie.moore@company.com,(502) 793-9820,Active
EMP019893,Michael,Gonzalez,Michael Gonzalez,40,Sales,Manager,Seattle,70564.07,9359.17,2020-07-23,15,51.7,michael.gonzalez@company.com,(381) 619-4053,On Leave
EMP019894,Lisa,Miller,Lisa Miller,39,IT,Lead,Chicago,99819.66,6257.42,2024-12-07,10,68.5,lisa.miller@company.com,(320) 806-9129,Active
EMP019895,Daniel,Gonzalez,Daniel Gonzalez,34,Operations,Coordinator,San Francisco,71801.56,14200.75,2020-08-12,11,93.0,daniel.gonzalez@company.com,(645) 569-3659,Active
EMP019896,Anthony,Thomas,Anthony Thomas,30,Operations,Coordinator,Chicago,63045.66,4208.16,2023-04-18,4,75.7,anthony.thomas@company.com,(777) 454-6210,Active
EMP019897,Robert,Martinez,Robert Martinez,24,Finance,Senior Developer,Los Angeles,78425.76,4811.87,2020-09-07,0,72.8,robert.martinez@company.com,(716) 295-8306,Active
EMP019898,James,Williams,James Williams,49,Marketing,Coordinator,Miami,59773.65,4330.17,2022-07-03,21,83.7,james.williams@company.com,(352) 418-5074,Active
EMP019899,Nicole,Martin,Nicole Martin,40,Finance,Analyst,Seattle,85263.52,0.0,2020-12-20,13,98.0,nicole.martin@company.com,(393) 945-4892,Active
EMP019900,William,Moore,William Moore,23,HR,Coordinator,Chicago,48695.42,7863.17,2021-04-29,0,92.3,william.moore@company.com,(730) 257-2037,Active
EMP019901,Sarah,Martin,Sarah Martin,44,Legal,Senior Developer,New York,101278.0,8950.19,2023-10-28,17,100.0,sarah.martin@company.com,(384) 617-3885,Active
EMP019902,Amanda,Jones,Amanda Jones,23,Legal,Analyst,Seattle,89695.15,5111.59,2024-10-03,0,85.9,amanda.jones@company.com,(822) 782-7149,Active
EMP019903,Amanda,Johnson,Amanda Johnson,33,Finance,Manager,Los Angeles,90313.14,11549.86,2024-03-13,6,100.0,amanda.johnson@company.com,(789) 254-3361,Active
EMP019904,John,Martin,John Martin,60,IT,Associate,Miami,87823.74,7896.11,2024-07-10,31,72.6,john.martin@company.com,(320) 716-9056,Inactive
EMP019905,Emily,Martinez,Emily Martinez,48,Finance,Lead,New York,81602.0,5091.17,2020-12-07,23,100.0,emily.martinez@company.com,(367) 581-6139,Active
EMP019906,Robert,Williams,Robert Williams,64,IT,Lead,New York,59009.62,10571.62,2023-10-26,37,57.7,robert.williams@company.com,(973) 336-8175,Active
EMP019907,Sarah,Brown,Sarah Brown,35,Finance,Lead,Seattle,59507.74,3941.98,2022-08-19,7,75.2,sarah.brown@company.com,(946) 251-6287,Active
EMP019908,John,Gonzalez,John Gonzalez,34,Finance,Analyst,San Francisco,75464.41,8076.49,2024-06-24,7,68.5,john.gonzalez@company.com,(850) 945-1882,Active
EMP019909,Stephanie,Gonzalez,Stephanie Gonzalez,61,Engineering,Lead,Miami,110186.01,9499.35,2024-02-26,33,89.5,stephanie.gonzalez@company.com,(833) 452-3886,Active
EMP019910,Lisa,Miller,Lisa Miller,43,IT,Coordinator,New York,64937.33,7197.1,2022-01-14,14,55.9,lisa.miller@company.com,(788) 443-1340,Active
EMP019911,John,Jackson,John Jackson,32,Finance,Specialist,San Francisco,53775.27,8131.01,2021-12-04,6,49.0,john.jackson@company.com,(808) 219-3052,On Leave
EMP019912,James,Brown,James Brown,45,Operations,Senior Developer,New York,69974.9,1923.95,2022-01-12,23,57.8,james.brown@company.com,(600) 642-1282,Inactive
EMP019913,Robert,Jackson,Robert Jackson,24,IT,Analyst,Seattle,74562.18,4189.32,2020-10-04,0,85.2,robert.jackson@company.com,(547) 307-7869,Active
EMP019914,Christopher,Brown,Christopher Brown,57,Operations,Director,Seattle,94662.51,8887.72,2021-01-17,33,62.1,christopher.brown@company.com,(268) 864-7448,Active
EMP019915,Daniel,Brown,Daniel Brown,34,Marketing,Coordinator,Chicago,54192.63,4944.58,2022-09-05,10,80.6,daniel.brown@company.com,(851) 771-6397,Active
EMP019916,Emily,Thomas,Emily Thomas,44,IT,Associate,New York,99023.29,8082.52,2020-04-13,19,70.5,emily.thomas@company.com,(891) 460-8726,Active
EMP019917,Melissa,Martinez,Melissa Martinez,43,Legal,Analyst,San Francisco,88657.55,8134.51,2020-01-27,18,81.4,melissa.martinez@company.com,(874) 207-8603,Active
EMP019918,Jane,Jackson,Jane Jackson,61,Marketing,Specialist,San Francisco,82795.95,4385.91,2020-10-06,36,72.7,jane.jackson@company.com,(472) 433-6564,Active
EMP019919,Jane,Smith,Jane Smith,39,HR,Specialist,Miami,76940.51,19979.29,2021-03-10,15,56.0,jane.smith@company.com,(565) 296-3504,Active
EMP019920,James,Wilson,James Wilson,47,Legal,Specialist,Austin,122410.16,10943.62,2024-07-30,24,61.2,james.wilson@company.com,(560) 445-7323,Active
EMP019921,David,Martinez,David Martinez,25,Marketing,Coordinator,Boston,71441.3,4972.49,2022-04-21,3,95.1,david.martinez@company.com,(796) 306-8779,Active
EMP019922,Daniel,Miller,Daniel Miller,27,Finance,Associate,Boston,46840.73,2994.22,2024-12-02,3,80.8,daniel.miller@company.com,(617) 276-4362,Active
EMP019923,Lisa,Davis,Lisa Davis,60,Finance,Lead,Boston,53516.91,5874.57,2024-04-28,37,46.6,lisa.davis@company.com,(887) 540-7085,Active
EMP019924,Matthew,Hernandez,Matthew Hernandez,31,IT,Senior Developer,Seattle,108052.68,8738.46,2020-08-26,6,61.7,matthew.hernandez@company.com,(516) 956-5718,Inactive
EMP019925,Ashley,Gonzalez,Ashley Gonzalez,22,IT,Senior Developer,Chicago,68827.94,6207.96,2021-08-14,0,65.8,ashley.gonzalez@company.com,(857) 684-9225,On Leave
EMP019926,Matthew,Jackson,Matthew Jackson,52,Engineering,Lead,Austin,106797.09,0.0,2023-06-06,30,76.0,matthew.jackson@company.com,(651) 711-2449,Active
EMP019927,Michael,Martinez,Michael Martinez,25,IT,Senior Developer,San Francisco,84785.81,5334.62,2024-07-28,2,48.3,michael.martinez@company.com,(292) 934-6264,Active
EMP019928,James,Martin,James Martin,48,Finance,Lead,Miami,89985.34,16981.23,2021-07-07,25,75.6,james.martin@company.com,(523) 266-7534,Inactive
EMP019929,Jessica,Lopez,Jessica Lopez,49,Sales,Director,Miami,91903.95,5503.41,2021-05-25,25,73.2,jessica.lopez@company.com,(315) 307-8231,Active
EMP019930,David,Smith,David Smith,53,HR,Specialist,Seattle,89725.83,6246.47,2020-01-30,26,67.0,david.smith@company.com,(271) 618-4297,Active
EMP019931,John,Garcia,John Garcia,23,Sales,Lead,Boston,36566.34,4282.54,2023-11-30,0,75.6,john.garcia@company.com,(853) 406-7214,Active
EMP019932,Nicole,Davis,Nicole Davis,44,Operations,Manager,Austin,60303.11,4515.05,2021-02-24,21,92.7,nicole.davis@company.com,(923) 723-8431,Active
EMP019933,James,Thomas,James Thomas,31,Legal,Lead,Chicago,59304.81,6591.74,2023-09-12,6,67.2,james.thomas@company.com,(220) 741-1835,Active
EMP019934,William,Moore,William Moore,54,HR,Analyst,San Francisco,91150.17,15413.08,2024-11-12,30,73.2,william.moore@company.com,(962) 288-6440,Active
EMP019935,Nicole,Smith,Nicole Smith,60,Sales,Lead,Seattle,87270.74,2512.12,2020-09-08,35,95.4,nicole.smith@company.com,(411) 372-8026,Active
EMP019936,Jessica,Smith,Jessica Smith,32,Sales,Specialist,New York,71471.98,4023.54,2024-03-17,10,85.4,jessica.smith@company.com,(404) 470-9818,Active
EMP019937,James,Brown,James Brown,62,Operations,Director,New York,63956.62,10492.81,2022-10-27,33,69.5,james.brown@company.com,(757) 762-9612,Active
EMP019938,Jane,Jackson,Jane Jackson,28,Engineering,Lead,Seattle,113997.89,20607.22,2020-10-30,3,58.8,jane.jackson@company.com,(673) 670-8069,Inactive
EMP019939,Emily,Miller,Emily Miller,31,Sales,Associate,San Francisco,54524.06,5137.84,2024-09-25,6,77.7,emily.miller@company.com,(801) 243-3582,Active
EMP019940,Christopher,Lopez,Christopher Lopez,41,IT,Lead,Chicago,96670.22,13952.33,2024-06-23,16,84.1,christopher.lopez@company.com,(206) 369-5561,Active
EMP019941,Nicole,Lopez,Nicole Lopez,60,Marketing,Associate,New York,86096.84,6194.05,2023-07-17,38,71.0,nicole.lopez@company.com,(662) 489-1218,Active
EMP019942,Matthew,Garcia,Matthew Garcia,42,Sales,Specialist,Chicago,50523.01,1821.09,2022-09-08,19,67.0,matthew.garcia@company.com,(557) 413-7017,Active
EMP019943,Sarah,Smith,Sarah Smith,56,Finance,Manager,Austin,109737.21,14948.67,2020-05-25,33,80.7,sarah.smith@company.com,(995) 811-9501,Active
EMP019944,Daniel,Anderson,Daniel Anderson,23,Operations,Analyst,Boston,25500.0,4428.25,2023-08-14,0,97.5,daniel.anderson@company.com,(980) 267-3279,Active
EMP019945,Sarah,Lopez,Sarah Lopez,56,IT,Director,Austin,120132.49,11929.43,2023-02-28,27,60.4,sarah.lopez@company.com,(832) 485-4498,Active
EMP019946,Emily,Wilson,Emily Wilson,42,HR,Senior Developer,Boston,56285.25,7402.88,2023-11-14,17,43.9,emily.wilson@company.com,(486) 905-3009,Active
EMP019947,Jane,Thomas,Jane Thomas,47,Operations,Coordinator,Austin,71745.87,2258.05,2020-06-15,25,75.5,jane.thomas@company.com,(539) 234-5116,Active
EMP019948,Anthony,Johnson,Anthony Johnson,23,Marketing,Senior Developer,New York,47238.83,5393.75,2022-09-02,0,75.2,anthony.johnson@company.com,(320) 479-5311,Active
EMP019949,Jessica,Martin,Jessica Martin,61,HR,Senior Developer,Miami,96586.35,7950.66,2022-03-08,38,56.5,jessica.martin@company.com,(630) 778-9569,Active
EMP019950,David,Moore,David Moore,31,IT,Coordinator,New York,55148.68,7701.86,2024-10-04,3,78.7,david.moore@company.com,(536) 317-1465,Active
EMP019951,John,Williams,John Williams,46,Legal,Coordinator,San Francisco,37500.0,7362.32,2020-11-24,23,100.0,john.williams@company.com,(679) 647-9292,Active
EMP019952,David,Gonzalez,David Gonzalez,33,Legal,Senior Developer,New York,81631.95,8970.32,2022-09-10,5,63.7,david.gonzalez@company.com,(391) 931-1464,Active
EMP019953,Michael,Johnson,Michael Johnson,53,Engineering,Coordinator,New York,121544.56,9278.76,2023-08-17,29,81.9,michael.johnson@company.com,(673) 907-3832,On Leave
EMP019954,Jessica,Jackson,Jessica Jackson,53,Marketing,Senior Developer,Seattle,69717.26,9163.97,2021-10-07,25,100.0,jessica.jackson@company.com,(580) 578-9117,On Leave
EMP019955,Emily,Martin,Emily Martin,52,Marketing,Senior Developer,Chicago,53197.98,4205.54,2024-09-30,23,95.6,emily.martin@company.com,(662) 417-2787,Active
EMP019956,Amanda,Williams,Amanda Williams,54,Marketing,Manager,Seattle,66430.67,7723.89,2021-01-17,31,83.9,amanda.williams@company.com,(918) 541-3959,Active
EMP019957,Matthew,Williams,Matthew Williams,56,Operations,Specialist,Chicago,92370.12,16050.06,2020-11-24,32,61.8,matthew.williams@company.com,(844) 270-2269,Active
EMP019958,Lisa,Jackson,Lisa Jackson,32,Sales,Manager,Seattle,47868.43,5504.31,2020-04-15,8,83.6,lisa.jackson@company.com,(868) 322-7706,Active
EMP019959,Stephanie,Garcia,Stephanie Garcia,46,HR,Director,Chicago,70466.31,8184.84,2022-12-25,18,78.2,stephanie.garcia@company.com,(973) 679-1985,Active
EMP019960,Nicole,Williams,Nicole Williams,61,HR,Analyst,Chicago,66455.05,980.34,2021-10-10,34,45.6,nicole.williams@company.com,(695) 761-3648,Active
EMP019961,Jessica,Williams,Jessica Williams,36,IT,Associate,Seattle,92682.09,16959.18,2023-10-10,14,73.9,jessica.williams@company.com,(303) 239-8026,Active
EMP019962,Christopher,Gonzalez,Christopher Gonzalez,51,Marketing,Manager,San Francisco,62641.56,13925.91,2020-01-08,24,92.6,christopher.gonzalez@company.com,(793) 741-8833,Active
EMP019963,William,Anderson,William Anderson,60,Legal,Coordinator,Boston,129966.8,23757.84,2021-05-27,38,73.4,william.anderson@company.com,(655) 828-9496,Active
EMP019964,William,Thomas,William Thomas,40,Legal,Coordinator,New York,81869.27,8171.94,2024-08-29,14,81.0,william.thomas@company.com,(718) 954-9451,Active
EMP019965,Daniel,Lopez,Daniel Lopez,48,Marketing,Associate,San Francisco,55081.68,10484.78,2020-03-27,20,67.9,daniel.lopez@company.com,(705) 642-1077,Active
EMP019966,Ashley,Johnson,Ashley Johnson,38,Finance,Lead,Austin,54979.71,7212.74,2022-12-21,12,100.0,ashley.johnson@company.com,(281) 200-7518,Active
EMP019967,Matthew,Martinez,Matthew Martinez,41,Operations,Specialist,New York,31667.16,6138.84,2023-03-08,19,56.4,matthew.martinez@company.com,(431) 547-1607,Active
EMP019968,Melissa,Martin,Melissa Martin,48,Legal,Director,Boston,96146.36,8706.84,2023-12-31,25,100.0,melissa.martin@company.com,(559) 934-8347,Active
EMP019969,David,Jones,David Jones,52,HR,Senior Developer,San Francisco,68437.83,2843.77,2020-10-16,24,94.3,david.jones@company.com,(200) 877-8622,Active
EMP019970,Matthew,Smith,Matthew Smith,40,Marketing,Senior Developer,Los Angeles,65595.18,6575.75,2020-04-11,14,81.8,matthew.smith@company.com,(954) 575-1737,Active
EMP019971,Stephanie,Jones,Stephanie Jones,24,Legal,Lead,Austin,39761.94,6038.45,2021-12-03,0,81.4,stephanie.jones@company.com,(535) 514-6967,Active
EMP019972,Anthony,Wilson,Anthony Wilson,22,Sales,Senior Developer,Chicago,69790.75,11143.53,2020-12-10,0,84.2,anthony.wilson@company.com,(303) 757-9174,On Leave
EMP019973,Jessica,Martinez,Jessica Martinez,27,Sales,Analyst,Austin,65218.73,5211.72,2022-03-13,0,50.0,jessica.martinez@company.com,(291) 408-5238,Active
EMP019974,Amanda,Taylor,Amanda Taylor,26,Marketing,Coordinator,New York,49986.11,0.0,2020-04-22,4,49.2,amanda.taylor@company.com,(509) 240-8572,Active
EMP019975,Lisa,Rodriguez,Lisa Rodriguez,62,Sales,Associate,Los Angeles,87176.31,912.66,2023-10-10,33,73.2,lisa.rodriguez@company.com,(284) 379-6471,On Leave
EMP019976,Melissa,Hernandez,Melissa Hernandez,32,Sales,Senior Developer,New York,64402.28,5420.57,2024-04-13,4,78.3,melissa.hernandez@company.com,(212) 463-8200,Active
EMP019977,Christopher,Davis,Christopher Davis,38,IT,Lead,Los Angeles,101257.08,18658.55,2022-05-27,16,96.4,christopher.davis@company.com,(947) 522-3329,Active
EMP019978,Amanda,Johnson,Amanda Johnson,30,HR,Manager,Austin,46467.54,8396.7,2021-07-27,4,84.5,amanda.johnson@company.com,(700) 432-9521,Active
EMP019979,Michael,Moore,Michael Moore,53,HR,Analyst,Los Angeles,67414.52,13403.92,2021-05-23,27,85.5,michael.moore@company.com,(712) 518-5948,Active
EMP019980,Lisa,Lopez,Lisa Lopez,50,HR,Director,Miami,64101.79,3816.3,2023-04-01,22,75.3,lisa.lopez@company.com,(285) 640-2058,Active
EMP019981,Ashley,Martin,Ashley Martin,64,Engineering,Director,Chicago,117165.52,7997.57,2022-12-09,36,66.7,ashley.martin@company.com,(581) 953-4773,Active
EMP019982,Anthony,Martin,Anthony Martin,39,Legal,Lead,San Francisco,110571.5,8105.21,2024-12-03,14,94.4,anthony.martin@company.com,(982) 666-5538,Active
EMP019983,Daniel,Martin,Daniel Martin,35,Operations,Manager,Los Angeles,73395.23,2013.17,2021-10-02,8,61.1,daniel.martin@company.com,(985) 866-2283,Inactive
EMP019984,Stephanie,Martin,Stephanie Martin,54,Sales,Senior Developer,Los Angeles,87290.07,15337.68,2020-02-29,27,64.1,stephanie.martin@company.com,(855) 541-7448,Inactive
EMP019985,Christopher,Martinez,Christopher Martinez,27,Marketing,Senior Developer,New York,53617.03,2818.88,2022-06-09,4,60.2,christopher.martinez@company.com,(368) 486-5575,Active
EMP019986,Sarah,Brown,Sarah Brown,51,Finance,Lead,Chicago,61931.41,6780.4,2022-12-09,23,80.7,sarah.brown@company.com,(422) 734-6287,Inactive
EMP019987,Melissa,Moore,Melissa Moore,37,Finance,Associate,Austin,59114.03,3556.91,2021-05-24,11,71.9,melissa.moore@company.com,(300) 254-1158,Inactive
EMP019988,James,Hernandez,James Hernandez,53,Legal,Senior Developer,New York,98920.86,10936.93,2024-02-24,31,53.5,james.hernandez@company.com,(865) 883-1754,Active
EMP019989,Emily,Brown,Emily Brown,22,IT,Director,Seattle,44463.8,7565.18,2021-03-25,0,59.4,emily.brown@company.com,(925) 548-6701,Inactive
EMP019990,Anthony,Rodriguez,Anthony Rodriguez,56,IT,Associate,Chicago,94286.45,3170.35,2021-04-24,28,100.0,anthony.rodriguez@company.com,(877) 761-1082,Active
EMP019991,Amanda,Smith,Amanda Smith,65,Operations,Analyst,San Francisco,60010.25,12599.69,2021-01-29,39,68.3,amanda.smith@company.com,(703) 694-1674,Active
EMP019992,John,Lopez,John Lopez,65,Operations,Lead,San Francisco,75741.09,3741.92,2024-02-02,38,77.6,john.lopez@company.com,(943) 929-7681,Inactive
EMP019993,Melissa,Jones,Melissa Jones,23,IT,Associate,Chicago,59486.48,10655.56,2021-02-15,0,83.3,melissa.jones@company.com,(999) 219-7861,Active
EMP019994,Anthony,Rodriguez,Anthony Rodriguez,25,Legal,Senior Developer,Seattle,78949.45,4141.64,2023-11-22,0,77.4,anthony.rodriguez@company.com,(462) 625-5496,Active
EMP019995,Daniel,Davis,Daniel Davis,23,Marketing,Analyst,Miami,52436.78,2432.61,2023-04-20,0,77.9,daniel.davis@company.com,(246) 300-9632,Active
EMP019996,James,Williams,James Williams,24,Sales,Analyst,Miami,81265.69,11156.93,2020-04-23,1,80.4,james.williams@company.com,(655) 896-2350,Active
EMP019997,James,Thomas,James Thomas,51,Operations,Senior Developer,Boston,59377.58,4066.63,2021-10-18,22,53.8,james.thomas@company.com,(289) 285-2214,Active
EMP019998,James,Brown,James Brown,37,Sales,Associate,Chicago,60383.64,7608.97,2023-12-24,14,78.4,james.brown@company.com,(436) 423-5013,Active
EMP019999,Ashley,Thomas,Ashley Thomas,37,IT,Specialist,Los Angeles,102760.81,4456.31,2022-11-11,15,74.8,ashley.thomas@company.com,(213) 695-7763,Active
EMP020000,William,Hernandez,William Hernandez,59,Finance,Director,Seattle,108730.45,3607.05,2024-12-26,31,59.4,william.hernandez@company.com,(759) 564-1369,Active
EMP020001,James,Lopez,James Lopez,52,Engineering,Senior Developer,Seattle,136440.85,16548.9,2024-04-06,28,63.2,james.lopez@company.com,(758) 269-6785,Inactive
EMP020002,Lisa,Jones,Lisa Jones,26,Legal,Manager,Boston,55375.11,2792.88,2022-12-13,2,75.9,lisa.jones@company.com,(520) 445-7103,Active
EMP020003,William,Lopez,William Lopez,39,Engineering,Senior Developer,Chicago,89877.23,11474.19,2024-12-30,16,71.4,william.lopez@company.com,(460) 513-7548,Active
EMP020004,Amanda,Jones,Amanda Jones,54,HR,Lead,Austin,111737.99,20896.42,2020-12-12,27,60.6,amanda.jones@company.com,(237) 362-8798,Active
EMP020005,Robert,Davis,Robert Davis,52,Engineering,Director,New York,123989.36,13261.55,2020-12-25,28,60.1,robert.davis@company.com,(922) 745-8877,Active
EMP020006,James,Brown,James Brown,52,Marketing,Associate,Austin,74746.08,8761.23,2022-03-28,23,59.6,james.brown@company.com,(578) 331-1545,Inactive
EMP020007,Ashley,Jackson,Ashley Jackson,64,Marketing,Analyst,Seattle,72495.59,9254.88,2023-12-03,39,83.4,ashley.jackson@company.com,(453) 444-1127,Active
EMP020008,Jane,Hernandez,Jane Hernandez,57,Marketing,Associate,New York,82487.84,2729.14,2020-03-21,33,56.1,jane.hernandez@company.com,(292) 252-1055,Inactive
EMP020009,Ashley,Davis,Ashley Davis,47,Legal,Analyst,Boston,109460.09,11431.6,2023-05-31,19,53.9,ashley.davis@company.com,(524) 347-8727,Active
EMP020010,Matthew,Jackson,Matthew Jackson,35,Operations,Analyst,San Francisco,63988.99,5403.24,2021-07-30,12,77.0,matthew.jackson@company.com,(891) 701-3310,Active
EMP020011,Michael,Martin,Michael Martin,28,Engineering,Specialist,Seattle,54300.27,7040.84,2024-07-19,0,99.6,michael.martin@company.com,(231) 846-5181,Active
EMP020012,Emily,Wilson,Emily Wilson,45,HR,Associate,New York,58737.04,731.62,2024-07-22,20,65.8,emily.wilson@company.com,(953) 928-7268,Active
EMP020013,Ashley,Martinez,Ashley Martinez,47,Engineering,Manager,Seattle,122686.79,12242.72,2023-05-11,19,65.3,ashley.martinez@company.com,(339) 419-5934,Active
EMP020014,William,Davis,William Davis,64,Legal,Coordinator,Austin,126099.78,7926.13,2023-01-15,42,67.6,william.davis@company.com,(512) 743-8031,Active
EMP020015,Ashley,Wilson,Ashley Wilson,39,HR,Coordinator,Boston,79214.49,2672.17,2022-07-07,15,69.7,ashley.wilson@company.com,(541) 715-6721,On Leave
EMP020016,Melissa,Smith,Melissa Smith,34,HR,Coordinator,Chicago,68511.43,5482.19,2023-03-12,5,79.0,melissa.smith@company.com,(611) 634-1676,Active
EMP020017,Ashley,Hernandez,Ashley Hernandez,45,Legal,Lead,Los Angeles,96160.76,2552.1,2020-07-14,21,94.4,ashley.hernandez@company.com,(575) 663-5996,Active
EMP020018,Michael,Thomas,Michael Thomas,44,Marketing,Senior Developer,Austin,55124.45,6335.02,2022-09-09,15,72.4,michael.thomas@company.com,(410) 246-8716,Active
EMP020019,William,Garcia,William Garcia,57,Engineering,Senior Developer,Chicago,94075.78,14574.85,2024-06-11,34,81.1,william.garcia@company.com,(265) 677-8086,Active
EMP020020,Daniel,Garcia,Daniel Garcia,33,IT,Director,Miami,71607.75,5672.32,2021-03-07,4,48.9,daniel.garcia@company.com,(817) 842-5171,Active
EMP020021,Matthew,Thomas,Matthew Thomas,60,HR,Associate,Austin,65519.18,14719.06,2023-12-05,38,90.7,matthew.thomas@company.com,(342) 222-5805,Active
EMP020022,Daniel,Gonzalez,Daniel Gonzalez,57,HR,Coordinator,Austin,80942.7,6462.22,2022-09-01,31,71.1,daniel.gonzalez@company.com,(761) 400-1516,Active
EMP020023,Melissa,Gonzalez,Melissa Gonzalez,27,Finance,Coordinator,Austin,52298.24,6552.85,2023-10-21,1,83.6,melissa.gonzalez@company.com,(272) 778-8315,Active
EMP020024,Emily,Gonzalez,Emily Gonzalez,55,Legal,Specialist,San Francisco,103100.03,11887.74,2020-02-08,31,88.4,emily.gonzalez@company.com,(398) 728-8719,Active
EMP020025,Matthew,Wilson,Matthew Wilson,48,HR,Coordinator,San Francisco,80549.65,7347.98,2023-02-22,24,77.9,matthew.wilson@company.com,(473) 971-3899,Active
EMP020026,Michael,Anderson,Michael Anderson,32,Finance,Associate,Chicago,75782.64,6219.47,2021-12-28,9,74.1,michael.anderson@company.com,(815) 423-9511,Active
EMP020027,Matthew,Taylor,Matthew Taylor,49,Engineering,Associate,Austin,75045.69,937.89,2023-03-23,23,90.2,matthew.taylor@company.com,(220) 747-7593,Active
EMP020028,Melissa,Moore,Melissa Moore,59,Finance,Associate,Chicago,106291.79,4763.55,2021-03-24,36,63.8,melissa.moore@company.com,(351) 313-5105,Active
EMP020029,Lisa,Martinez,Lisa Martinez,63,Engineering,Senior Developer,Austin,125033.02,3578.43,2022-06-27,38,74.1,lisa.martinez@company.com,(541) 698-4364,Active
EMP020030,Emily,Wilson,Emily Wilson,53,IT,Director,New York,105567.43,14957.66,2021-01-17,29,74.4,emily.wilson@company.com,(976) 911-5516,Active
EMP020031,Christopher,Anderson,Christopher Anderson,46,Marketing,Lead,Boston,78578.41,10042.62,2023-08-01,21,99.1,christopher.anderson@company.com,(758) 485-1213,Active
EMP020032,David,Garcia,David Garcia,54,HR,Associate,Miami,74835.97,4991.28,2020-11-30,26,64.7,david.garcia@company.com,(681) 485-3452,Active
EMP020033,Nicole,Jackson,Nicole Jackson,25,IT,Specialist,Miami,57627.95,3809.55,2023-10-09,0,78.8,nicole.jackson@company.com,(802) 715-9008,On Leave
EMP020034,Christopher,Davis,Christopher Davis,55,IT,Senior Developer,Miami,100828.03,7406.98,2024-12-08,27,77.6,christopher.davis@company.com,(581) 805-8913,Active
EMP020035,Stephanie,Thomas,Stephanie Thomas,22,HR,Director,Los Angeles,27850.31,3762.13,2020-08-30,0,74.5,stephanie.thomas@company.com,(723) 989-4611,Active
EMP020036,Anthony,Anderson,Anthony Anderson,24,Marketing,Analyst,Los Angeles,44070.62,3116.16,2023-12-21,0,78.9,anthony.anderson@company.com,(686) 579-1024,Active
EMP020037,Jane,Smith,Jane Smith,62,HR,Specialist,New York,83373.62,9371.64,2024-01-18,36,60.8,jane.smith@company.com,(205) 628-6328,Active
EMP020038,Stephanie,Davis,Stephanie Davis,45,Sales,Coordinator,Austin,62466.6,9210.66,2022-08-31,18,61.5,stephanie.davis@company.com,(833) 481-5382,Active
EMP020039,Matthew,Taylor,Matthew Taylor,54,Legal,Analyst,Austin,76778.32,8115.44,2022-11-05,25,67.9,matthew.taylor@company.com,(448) 330-3424,Active
EMP020040,Robert,Miller,Robert Miller,64,Engineering,Senior Developer,Los Angeles,117711.99,14486.86,2023-02-25,35,76.2,robert.miller@company.com,(257) 552-3710,Active
EMP020041,Daniel,Miller,Daniel Miller,35,Engineering,Senior Developer,New York,77931.08,4733.84,2021-12-27,8,65.9,daniel.miller@company.com,(785) 392-9373,Active
EMP020042,Robert,Jackson,Robert Jackson,42,Marketing,Senior Developer,New York,81311.09,16486.07,2024-03-03,16,77.1,robert.jackson@company.com,(832) 449-9225,Active
EMP020043,Matthew,Thomas,Matthew Thomas,58,Legal,Associate,New York,90407.19,1069.24,2024-12-25,34,81.7,matthew.thomas@company.com,(324) 409-7778,Active
EMP020044,William,Smith,William Smith,48,Marketing,Associate,New York,72005.62,10636.26,2022-12-01,23,91.7,william.smith@company.com,(868) 944-2743,Active
EMP020045,Nicole,Hernandez,Nicole Hernandez,35,Marketing,Manager,Seattle,67930.86,6077.5,2020-06-09,12,67.1,nicole.hernandez@company.com,(684) 318-6963,Active
EMP020046,Nicole,Anderson,Nicole Anderson,58,Operations,Lead,Miami,78431.72,13015.8,2021-01-06,30,81.5,nicole.anderson@company.com,(598) 519-3547,Inactive
EMP020047,Stephanie,Anderson,Stephanie Anderson,63,Legal,Associate,Boston,130560.32,19002.86,2024-04-21,38,100.0,stephanie.anderson@company.com,(770) 386-4849,On Leave
EMP020048,Robert,Martin,Robert Martin,33,Finance,Associate,Seattle,70652.56,7602.51,2024-02-25,8,86.7,robert.martin@company.com,(271) 996-3073,Active
EMP020049,Robert,Jackson,Robert Jackson,56,Finance,Coordinator,San Francisco,55487.4,4967.31,2020-08-03,32,60.3,robert.jackson@company.com,(665) 206-7147,Active
EMP020050,Anthony,Gonzalez,Anthony Gonzalez,28,Operations,Analyst,Los Angeles,45314.95,4208.5,2024-05-08,5,96.8,anthony.gonzalez@company.com,(892) 530-1344,Inactive
EMP020051,Matthew,Williams,Matthew Williams,33,HR,Specialist,Austin,50879.71,36.06,2024-12-29,5,100.0,matthew.williams@company.com,(228) 547-5423,Active
EMP020052,Nicole,Rodriguez,Nicole Rodriguez,36,Engineering,Associate,Chicago,64978.76,0.0,2020-12-15,10,98.4,nicole.rodriguez@company.com,(439) 533-4520,Active
EMP020053,Robert,Brown,Robert Brown,41,HR,Manager,Los Angeles,59405.14,6293.74,2023-07-29,18,79.0,robert.brown@company.com,(500) 789-9538,Inactive
EMP020054,John,Hernandez,John Hernandez,32,Legal,Coordinator,Seattle,43261.11,4195.8,2023-04-28,5,63.9,john.hernandez@company.com,(805) 274-1987,Active
EMP020055,William,Martin,William Martin,43,Operations,Senior Developer,Seattle,87010.25,15904.08,2022-12-10,19,81.2,william.martin@company.com,(760) 723-3682,Active
EMP020056,James,Lopez,James Lopez,62,Finance,Director,Miami,120168.82,12773.23,2021-02-25,36,62.2,james.lopez@company.com,(390) 685-2258,Active
EMP020057,Robert,Wilson,Robert Wilson,51,HR,Specialist,Boston,64078.36,4897.37,2024-10-24,28,61.5,robert.wilson@company.com,(682) 716-8677,Active
EMP020058,Amanda,Johnson,Amanda Johnson,43,IT,Lead,Seattle,98617.05,11455.92,2024-07-28,20,61.2,amanda.johnson@company.com,(565) 649-4967,Active
EMP020059,David,Thomas,David Thomas,39,Engineering,Analyst,San Francisco,87852.3,7515.39,2020-06-02,15,46.4,david.thomas@company.com,(720) 697-3131,Active
EMP020060,Jane,Garcia,Jane Garcia,47,Engineering,Associate,Chicago,101847.22,8581.06,2023-03-09,18,56.9,jane.garcia@company.com,(747) 957-8195,Active
EMP020061,Robert,Wilson,Robert Wilson,48,Finance,Specialist,New York,92999.46,8422.27,2021-07-20,26,71.3,robert.wilson@company.com,(642) 720-9017,Inactive
EMP020062,Anthony,Garcia,Anthony Garcia,64,Legal,Lead,Seattle,134045.22,15391.33,2022-08-18,41,57.2,anthony.garcia@company.com,(580) 891-3358,Active
EMP020063,Michael,Rodriguez,Michael Rodriguez,41,Legal,Associate,San Francisco,96449.92,4771.54,2020-04-09,17,81.8,michael.rodriguez@company.com,(769) 470-7039,Active
EMP020064,John,Jones,John Jones,64,IT,Analyst,San Francisco,111858.24,14618.81,2021-05-06,41,77.6,john.jones@company.com,(840) 650-3313,Inactive
EMP020065,David,Wilson,David Wilson,63,Engineering,Associate,Austin,159674.02,1742.63,2024-02-25,36,100.0,david.wilson@company.com,(991) 669-8600,Active
EMP020066,Jane,Johnson,Jane Johnson,25,Engineering,Coordinator,Boston,81844.88,12168.93,2021-12-22,0,70.5,jane.johnson@company.com,(475) 777-6158,Active
EMP020067,Sarah,Davis,Sarah Davis,59,Finance,Manager,Los Angeles,94621.13,12261.89,2020-11-05,33,68.7,sarah.davis@company.com,(707) 909-9908,Active
EMP020068,Matthew,Brown,Matthew Brown,36,Engineering,Senior Developer,Chicago,99819.37,5855.99,2022-09-12,14,88.5,matthew.brown@company.com,(221) 671-7788,Active
EMP020069,Anthony,Jones,Anthony Jones,58,Legal,Director,Chicago,121812.27,20211.95,2021-03-29,33,70.5,anthony.jones@company.com,(840) 840-1966,Active
EMP020070,David,Williams,David Williams,44,Sales,Associate,Miami,92324.96,8260.54,2022-08-10,21,65.0,david.williams@company.com,(434) 349-4934,Active
EMP020071,Jane,Smith,Jane Smith,44,Legal,Lead,Boston,107187.16,7976.1,2020-06-11,17,83.8,jane.smith@company.com,(547) 903-2318,Active
EMP020072,Stephanie,Martin,Stephanie Martin,27,Legal,Specialist,San Francisco,64118.49,13406.59,2024-05-16,2,62.6,stephanie.martin@company.com,(356) 884-2979,Inactive
EMP020073,Daniel,Jones,Daniel Jones,32,HR,Manager,Austin,34024.76,2024.77,2022-09-13,6,88.3,daniel.jones@company.com,(361) 497-8987,Active
EMP020074,Matthew,Martin,Matthew Martin,24,Marketing,Analyst,New York,60323.12,763.45,2020-12-11,0,69.1,matthew.martin@company.com,(260) 564-9498,Active
EMP020075,Ashley,Johnson,Ashley Johnson,24,Finance,Senior Developer,Seattle,76620.48,9247.43,2023-02-06,0,81.3,ashley.johnson@company.com,(971) 205-8309,Active
EMP020076,Lisa,Martin,Lisa Martin,63,Sales,Coordinator,Austin,73856.47,9538.48,2024-03-07,38,74.2,lisa.martin@company.com,(318) 377-8647,Active
EMP020077,David,Miller,David Miller,41,Marketing,Analyst,Los Angeles,71402.81,8921.72,2020-08-27,19,81.4,david.miller@company.com,(387) 396-5302,Active
EMP020078,Sarah,Garcia,Sarah Garcia,49,Legal,Analyst,New York,111469.78,12140.28,2024-10-15,24,79.5,sarah.garcia@company.com,(346) 796-1484,Active
EMP020079,Anthony,Johnson,Anthony Johnson,42,IT,Senior Developer,Chicago,89937.55,11346.96,2023-07-20,15,70.5,anthony.johnson@company.com,(877) 730-4221,Inactive
EMP020080,Daniel,Wilson,Daniel Wilson,27,Marketing,Senior Developer,Austin,80489.48,14409.93,2021-11-30,0,91.8,daniel.wilson@company.com,(990) 472-8100,Active
EMP020081,Anthony,Taylor,Anthony Taylor,29,Finance,Lead,Miami,59199.3,8620.08,2024-12-18,2,77.1,anthony.taylor@company.com,(462) 914-8121,Active
EMP020082,Lisa,Jones,Lisa Jones,41,IT,Manager,Miami,64587.06,8615.39,2020-08-10,18,55.6,lisa.jones@company.com,(447) 824-8664,Active
EMP020083,Robert,Davis,Robert Davis,55,IT,Senior Developer,Los Angeles,102063.54,10957.61,2024-02-19,31,71.3,robert.davis@company.com,(900) 887-7322,Active
EMP020084,Jane,Davis,Jane Davis,39,Marketing,Senior Developer,Miami,58861.47,6361.22,2020-02-02,16,79.0,jane.davis@company.com,(451) 321-6920,Active
EMP020085,Emily,Hernandez,Emily Hernandez,52,Finance,Specialist,Los Angeles,111360.38,5569.55,2024-03-02,27,83.4,emily.hernandez@company.com,(951) 923-8613,Active
EMP020086,Daniel,Miller,Daniel Miller,39,Marketing,Director,Seattle,84833.21,13560.43,2024-03-16,11,62.8,daniel.miller@company.com,(572) 598-6051,Inactive
EMP020087,Jessica,Johnson,Jessica Johnson,32,Marketing,Analyst,Boston,58048.08,1432.53,2022-07-17,4,82.1,jessica.johnson@company.com,(819) 735-4969,Active
EMP020088,Emily,Davis,Emily Davis,38,Finance,Associate,Miami,55143.7,12360.17,2023-01-11,15,98.6,emily.davis@company.com,(521) 776-9890,Active
EMP020089,John,Johnson,John Johnson,30,Marketing,Director,San Francisco,50518.92,5409.26,2020-07-03,4,89.2,john.johnson@company.com,(745) 830-7068,Active
EMP020090,James,Gonzalez,James Gonzalez,34,Finance,Associate,Los Angeles,42506.95,5157.1,2024-12-02,12,98.7,james.gonzalez@company.com,(428) 462-1047,Active
EMP020091,James,Taylor,James Taylor,61,Sales,Analyst,Los Angeles,57842.36,11170.31,2021-03-29,39,67.9,james.taylor@company.com,(642) 696-3724,Active
EMP020092,Sarah,Rodriguez,Sarah Rodriguez,57,Marketing,Analyst,San Francisco,88912.28,6746.62,2020-01-17,32,79.1,sarah.rodriguez@company.com,(749) 737-3710,Active
EMP020093,Daniel,Jackson,Daniel Jackson,45,HR,Specialist,Boston,62805.95,4917.11,2022-12-28,21,72.8,daniel.jackson@company.com,(900) 854-8163,Inactive
EMP020094,Lisa,Jackson,Lisa Jackson,60,Finance,Director,Austin,65205.44,8466.78,2023-01-18,35,63.7,lisa.jackson@company.com,(841) 618-4548,Active
EMP020095,Matthew,Garcia,Matthew Garcia,36,Marketing,Senior Developer,New York,66990.01,10488.35,2021-07-30,12,76.5,matthew.garcia@company.com,(401) 728-3353,Active
EMP020096,Daniel,Miller,Daniel Miller,63,Engineering,Associate,Boston,107922.66,10781.48,2020-06-25,35,99.2,daniel.miller@company.com,(733) 999-7100,Active
EMP020097,Jessica,Martin,Jessica Martin,52,Engineering,Analyst,New York,132789.61,14549.9,2022-05-31,27,94.7,jessica.martin@company.com,(610) 434-1428,Active
EMP020098,Matthew,Wilson,Matthew Wilson,48,HR,Analyst,Austin,107557.46,13006.4,2021-07-07,25,100.0,matthew.wilson@company.com,(731) 577-3179,Active
EMP020099,Lisa,Taylor,Lisa Taylor,57,Marketing,Coordinator,Miami,70412.84,13085.57,2022-06-01,35,73.9,lisa.taylor@company.com,(634) 987-7483,Active
EMP020100,Melissa,Martin,Melissa Martin,35,Marketing,Lead,Austin,61455.15,10120.8,2023-01-10,11,55.7,melissa.martin@company.com,(645) 284-3694,Active
EMP020101,Ashley,Wilson,Ashley Wilson,65,Finance,Lead,Austin,107112.19,9733.51,2024-03-07,43,89.2,ashley.wilson@company.com,(912) 561-8758,Active
EMP020102,Christopher,Miller,Christopher Miller,33,Sales,Specialist,Chicago,56854.88,1210.16,2024-08-25,9,91.7,christopher.miller@company.com,(933) 409-4135,On Leave
EMP020103,Emily,Taylor,Emily Taylor,26,Sales,Manager,Boston,73829.91,1914.3,2022-04-08,4,85.1,emily.taylor@company.com,(422) 506-5647,Active
EMP020104,Michael,Davis,Michael Davis,49,Marketing,Senior Developer,Seattle,113943.59,14888.29,2023-09-03,24,73.3,michael.davis@company.com,(513) 355-8385,Active
EMP020105,John,Garcia,John Garcia,28,Legal,Analyst,Boston,120833.37,2684.4,2022-06-27,2,64.3,john.garcia@company.com,(561) 858-1204,Active
EMP020106,Melissa,Thomas,Melissa Thomas,36,Sales,Manager,Chicago,84988.92,11631.66,2021-10-16,8,87.4,melissa.thomas@company.com,(827) 805-2712,Active
EMP020107,Anthony,Moore,Anthony Moore,51,Marketing,Associate,Austin,70658.22,2713.57,2024-04-07,23,94.5,anthony.moore@company.com,(801) 245-3013,Active
EMP020108,John,Gonzalez,John Gonzalez,56,Engineering,Coordinator,Austin,163257.13,19412.89,2022-03-02,34,75.5,john.gonzalez@company.com,(533) 504-7326,Active
EMP020109,Melissa,Brown,Melissa Brown,28,Operations,Analyst,New York,55006.85,4055.63,2024-03-24,3,70.8,melissa.brown@company.com,(327) 264-7040,Active
EMP020110,Sarah,Jackson,Sarah Jackson,22,Legal,Senior Developer,Chicago,78967.08,7778.59,2022-10-21,0,64.7,sarah.jackson@company.com,(819) 717-6612,Active
EMP020111,Amanda,Miller,Amanda Miller,36,Operations,Analyst,Boston,48252.82,9192.18,2021-04-16,13,71.0,amanda.miller@company.com,(427) 676-7892,Active
EMP020112,Michael,Thomas,Michael Thomas,56,Sales,Coordinator,San Francisco,81841.96,7297.66,2020-08-14,29,92.3,michael.thomas@company.com,(308) 648-5775,Active
EMP020113,David,Moore,David Moore,58,Legal,Analyst,New York,99458.24,13467.4,2023-01-09,36,89.6,david.moore@company.com,(369) 498-6500,Active
EMP020114,Sarah,Jones,Sarah Jones,63,Finance,Coordinator,Los Angeles,103046.13,10451.15,2020-08-23,38,65.0,sarah.jones@company.com,(845) 727-5310,Active
EMP020115,Jane,Jackson,Jane Jackson,54,Sales,Lead,Los Angeles,73017.96,2925.73,2021-11-19,32,89.9,jane.jackson@company.com,(911) 537-2063,Active
EMP020116,Matthew,Williams,Matthew Williams,27,Marketing,Coordinator,New York,55372.56,8508.32,2023-07-30,0,97.1,matthew.williams@company.com,(788) 710-4248,Active
EMP020117,Robert,Moore,Robert Moore,47,IT,Lead,Los Angeles,90108.55,14751.8,2022-05-28,18,85.1,robert.moore@company.com,(492) 544-4574,On Leave
EMP020118,Stephanie,Williams,Stephanie Williams,53,Legal,Lead,Los Angeles,86905.93,11543.64,2024-09-06,29,97.6,stephanie.williams@company.com,(618) 406-5506,Active
EMP020119,Sarah,Martin,Sarah Martin,43,Finance,Coordinator,Los Angeles,84265.37,7419.05,2024-10-13,18,69.4,sarah.martin@company.com,(317) 811-5609,Inactive
EMP020120,Jessica,Davis,Jessica Davis,32,HR,Lead,Austin,72247.47,688.44,2020-12-11,8,87.5,jessica.davis@company.com,(852) 514-7110,Active
EMP020121,Jessica,Davis,Jessica Davis,63,Marketing,Associate,Chicago,105546.09,5802.29,2020-09-16,36,75.9,jessica.davis@company.com,(307) 356-2496,Active
EMP020122,Michael,Williams,Michael Williams,56,Engineering,Associate,Los Angeles,129749.66,6815.94,2023-12-03,28,68.3,michael.williams@company.com,(910) 853-5683,On Leave
EMP020123,Melissa,Anderson,Melissa Anderson,24,Finance,Analyst,Boston,68159.9,13539.9,2021-04-20,0,70.9,melissa.anderson@company.com,(644) 647-9536,Active
EMP020124,Emily,Brown,Emily Brown,28,Finance,Senior Developer,Miami,52288.38,9550.28,2022-02-23,4,88.5,emily.brown@company.com,(541) 534-3953,Active
EMP020125,Christopher,Moore,Christopher Moore,54,Engineering,Coordinator,San Francisco,89034.25,11326.97,2023-06-03,27,96.4,christopher.moore@company.com,(548) 617-4624,Active
EMP020126,Melissa,Anderson,Melissa Anderson,56,Finance,Senior Developer,Los Angeles,78660.61,0.0,2024-10-31,34,83.0,melissa.anderson@company.com,(944) 578-3501,Active
EMP020127,Jessica,Wilson,Jessica Wilson,29,IT,Specialist,Austin,90118.66,14046.71,2022-09-14,5,84.4,jessica.wilson@company.com,(280) 891-7940,Active
EMP020128,Jessica,Taylor,Jessica Taylor,64,Marketing,Coordinator,Austin,89321.13,4263.58,2024-07-27,39,89.9,jessica.taylor@company.com,(900) 346-5988,Active
EMP020129,Stephanie,Jones,Stephanie Jones,32,Finance,Director,San Francisco,33000.0,3174.36,2021-04-04,8,65.6,stephanie.jones@company.com,(847) 958-7722,Active
EMP020130,William,Miller,William Miller,25,Finance,Specialist,San Francisco,58682.19,5231.33,2020-05-19,0,79.4,william.miller@company.com,(604) 825-4950,Active
EMP020131,William,Anderson,William Anderson,40,Engineering,Lead,Seattle,103460.28,20514.12,2023-12-23,15,81.8,william.anderson@company.com,(507) 837-9745,Active
EMP020132,Anthony,Garcia,Anthony Garcia,34,Marketing,Senior Developer,Austin,83184.67,9638.96,2020-12-20,11,54.6,anthony.garcia@company.com,(818) 684-4653,Active
EMP020133,David,Brown,David Brown,47,IT,Associate,Miami,142503.49,6954.65,2022-09-27,19,77.4,david.brown@company.com,(896) 638-4963,Active
EMP020134,Stephanie,Lopez,Stephanie Lopez,64,Engineering,Coordinator,Los Angeles,103987.05,17140.2,2024-05-11,35,61.9,stephanie.lopez@company.com,(717) 273-4181,Active
EMP020135,David,Brown,David Brown,36,Legal,Associate,Boston,87218.5,4383.56,2024-08-18,13,53.4,david.brown@company.com,(399) 393-9170,Active
EMP020136,James,Martin,James Martin,42,HR,Associate,New York,83039.1,7823.42,2022-10-09,20,85.8,james.martin@company.com,(399) 367-5129,On Leave
EMP020137,William,Davis,William Davis,38,Sales,Director,Los Angeles,92370.68,13466.22,2023-10-10,14,80.7,william.davis@company.com,(897) 400-9149,Active
EMP020138,David,Wilson,David Wilson,55,Engineering,Manager,Los Angeles,84901.42,5755.57,2020-10-23,26,71.7,david.wilson@company.com,(473) 905-6882,Active
EMP020139,William,Brown,William Brown,26,Marketing,Director,Boston,74290.92,9149.4,2022-09-24,4,75.6,william.brown@company.com,(361) 859-8028,Active
EMP020140,Amanda,Jones,Amanda Jones,38,HR,Analyst,Miami,47267.86,3282.2,2022-04-23,16,84.3,amanda.jones@company.com,(243) 259-5148,Active
EMP020141,Ashley,Gonzalez,Ashley Gonzalez,63,Legal,Specialist,Chicago,136023.78,5068.99,2022-08-17,36,64.5,ashley.gonzalez@company.com,(802) 984-3216,Active
EMP020142,Melissa,Moore,Melissa Moore,30,Marketing,Specialist,Boston,59560.28,1919.79,2021-04-28,7,89.2,melissa.moore@company.com,(668) 705-8267,Active
EMP020143,Robert,Smith,Robert Smith,42,IT,Associate,Chicago,53541.1,6712.11,2020-05-12,16,61.0,robert.smith@company.com,(750) 487-1723,On Leave
EMP020144,David,Hernandez,David Hernandez,39,Marketing,Lead,Boston,72300.29,2929.65,2020-05-13,13,86.8,david.hernandez@company.com,(604) 366-6165,Inactive
EMP020145,Daniel,Garcia,Daniel Garcia,49,Sales,Coordinator,San Francisco,75292.9,7768.62,2021-10-02,25,82.4,daniel.garcia@company.com,(664) 795-3164,Inactive
EMP020146,Ashley,Lopez,Ashley Lopez,56,Sales,Manager,Los Angeles,91609.74,8571.98,2023-03-06,32,98.1,ashley.lopez@company.com,(324) 672-7093,Active
EMP020147,Emily,Anderson,Emily Anderson,42,Operations,Coordinator,Los Angeles,58095.47,1165.89,2024-02-20,15,70.2,emily.anderson@company.com,(584) 506-7577,Active
EMP020148,Anthony,Wilson,Anthony Wilson,31,Operations,Specialist,Austin,55884.86,6715.75,2024-11-10,7,91.3,anthony.wilson@company.com,(370) 644-7795,Active
EMP020149,Matthew,Smith,Matthew Smith,56,Legal,Associate,Chicago,111637.57,12448.52,2023-05-09,32,65.2,matthew.smith@company.com,(879) 641-3827,Active
EMP020150,Emily,Hernandez,Emily Hernandez,29,Marketing,Analyst,Chicago,74244.92,10439.5,2024-01-17,2,56.4,emily.hernandez@company.com,(291) 646-5583,Inactive
EMP020151,John,Hernandez,John Hernandez,58,Operations,Director,San Francisco,70447.25,7054.8,2022-12-20,34,89.4,john.hernandez@company.com,(937) 209-5497,Active
EMP020152,William,Anderson,William Anderson,35,IT,Director,San Francisco,92264.36,11420.79,2023-06-15,6,55.1,william.anderson@company.com,(831) 882-9399,Active
EMP020153,Melissa,Thomas,Melissa Thomas,42,Legal,Coordinator,New York,81116.65,11161.39,2021-08-11,14,90.1,melissa.thomas@company.com,(906) 534-6775,Active
EMP020154,Matthew,Hernandez,Matthew Hernandez,63,HR,Specialist,Los Angeles,89409.27,9186.87,2023-11-06,38,78.2,matthew.hernandez@company.com,(856) 786-4243,Active
EMP020155,Robert,Moore,Robert Moore,63,Engineering,Manager,Austin,117017.13,26653.04,2021-02-09,38,69.0,robert.moore@company.com,(508) 443-9574,Active
EMP020156,Matthew,Hernandez,Matthew Hernandez,54,HR,Senior Developer,Boston,64100.5,0.0,2020-04-08,25,57.2,matthew.hernandez@company.com,(976) 929-8804,Active
EMP020157,Sarah,Martin,Sarah Martin,65,Operations,Lead,Los Angeles,74952.37,9796.8,2021-12-20,39,64.7,sarah.martin@company.com,(397) 837-6935,Active
EMP020158,James,Lopez,James Lopez,62,Marketing,Lead,Chicago,86004.22,3901.2,2023-06-02,35,100.0,james.lopez@company.com,(729) 516-8724,Active
EMP020159,Melissa,Moore,Melissa Moore,27,Finance,Coordinator,Seattle,43484.23,2579.52,2020-02-28,4,83.4,melissa.moore@company.com,(254) 897-5578,Active
EMP020160,James,Miller,James Miller,56,Marketing,Lead,San Francisco,98915.72,15955.53,2021-02-18,32,96.4,james.miller@company.com,(731) 607-1351,Active
EMP020161,Robert,Miller,Robert Miller,42,Finance,Specialist,Boston,70328.59,10712.29,2024-06-27,14,63.0,robert.miller@company.com,(382) 640-4112,Inactive
EMP020162,James,Davis,James Davis,42,Operations,Director,Chicago,59673.29,4112.68,2024-03-05,19,69.2,james.davis@company.com,(763) 541-8736,Active
EMP020163,Ashley,Gonzalez,Ashley Gonzalez,56,HR,Associate,Boston,106304.16,15118.14,2023-12-24,28,61.6,ashley.gonzalez@company.com,(815) 247-3137,Inactive
EMP020164,William,Garcia,William Garcia,59,HR,Coordinator,Miami,88789.81,10179.47,2022-07-14,33,78.5,william.garcia@company.com,(239) 794-1957,Active
EMP020165,Sarah,Rodriguez,Sarah Rodriguez,36,IT,Specialist,Seattle,86975.89,2866.86,2023-03-28,14,86.3,sarah.rodriguez@company.com,(393) 783-6211,Active
EMP020166,Amanda,Rodriguez,Amanda Rodriguez,57,Legal,Analyst,Austin,97926.1,11543.44,2022-06-19,32,98.5,amanda.rodriguez@company.com,(363) 328-3372,Active
EMP020167,Jane,Hernandez,Jane Hernandez,53,IT,Manager,Miami,96547.94,12500.28,2024-07-12,27,71.9,jane.hernandez@company.com,(835) 532-6103,Active
EMP020168,James,Jackson,James Jackson,24,Legal,Senior Developer,Boston,81569.72,8895.63,2021-07-06,0,70.2,james.jackson@company.com,(853) 781-4514,Active
EMP020169,Ashley,Taylor,Ashley Taylor,23,Engineering,Specialist,Austin,70370.71,806.87,2024-03-11,0,84.3,ashley.taylor@company.com,(557) 847-9136,Active
EMP020170,Jane,Brown,Jane Brown,41,Engineering,Senior Developer,San Francisco,109599.03,4011.15,2024-09-27,17,78.6,jane.brown@company.com,(692) 579-4373,Active
EMP020171,Melissa,Hernandez,Melissa Hernandez,64,Engineering,Lead,Los Angeles,125553.55,4349.44,2022-06-24,39,75.6,melissa.hernandez@company.com,(607) 303-2109,Active
EMP020172,Melissa,Anderson,Melissa Anderson,50,Marketing,Associate,New York,76810.02,15970.48,2020-01-11,24,78.6,melissa.anderson@company.com,(457) 807-8396,Active
EMP020173,Melissa,Smith,Melissa Smith,28,Sales,Coordinator,Austin,66794.8,9949.27,2023-03-25,0,76.9,melissa.smith@company.com,(579) 725-3463,Active
EMP020174,Lisa,Miller,Lisa Miller,54,Sales,Manager,Seattle,64327.98,2703.74,2020-04-02,30,60.9,lisa.miller@company.com,(834) 867-2498,Active
EMP020175,Ashley,Johnson,Ashley Johnson,46,Legal,Coordinator,Boston,96423.2,7322.95,2024-02-28,22,54.9,ashley.johnson@company.com,(447) 520-1726,Active
EMP020176,Sarah,Thomas,Sarah Thomas,33,IT,Manager,San Francisco,75476.68,3248.65,2023-12-14,11,84.4,sarah.thomas@company.com,(874) 617-4201,Active
EMP020177,Matthew,Moore,Matthew Moore,25,IT,Associate,New York,52217.33,3138.47,2022-11-21,0,69.0,matthew.moore@company.com,(523) 707-6104,Active
EMP020178,Stephanie,Hernandez,Stephanie Hernandez,64,IT,Specialist,Austin,117113.23,20864.09,2020-12-23,38,87.8,stephanie.hernandez@company.com,(732) 760-7386,Active
EMP020179,Christopher,Johnson,Christopher Johnson,55,HR,Specialist,Los Angeles,76520.54,6009.47,2021-06-24,32,70.5,christopher.johnson@company.com,(288) 416-8022,Active
EMP020180,Amanda,Wilson,Amanda Wilson,59,Sales,Coordinator,San Francisco,80165.64,7956.62,2020-09-24,34,44.5,amanda.wilson@company.com,(569) 899-9496,Active
EMP020181,Robert,Davis,Robert Davis,23,Engineering,Lead,Boston,74621.57,6290.43,2024-03-02,0,72.4,robert.davis@company.com,(894) 915-6177,Active
EMP020182,William,Anderson,William Anderson,56,Legal,Director,Miami,99308.66,8023.43,2023-04-22,28,100.0,william.anderson@company.com,(782) 820-9361,Active
EMP020183,Anthony,Williams,Anthony Williams,45,Sales,Lead,New York,51990.69,5236.6,2024-03-21,23,81.9,anthony.williams@company.com,(476) 546-2843,Active
EMP020184,Stephanie,Thomas,Stephanie Thomas,24,Legal,Lead,Austin,92824.91,6460.27,2024-04-07,0,59.2,stephanie.thomas@company.com,(219) 362-6239,Active
EMP020185,Emily,Hernandez,Emily Hernandez,33,IT,Analyst,Austin,81075.43,9089.72,2023-10-11,4,77.3,emily.hernandez@company.com,(232) 973-3665,Active
EMP020186,Emily,Smith,Emily Smith,41,Engineering,Senior Developer,Seattle,137857.52,14871.79,2022-06-09,16,62.2,emily.smith@company.com,(879) 204-8798,Active
EMP020187,John,Anderson,John Anderson,58,IT,Lead,Boston,88199.74,2732.24,2020-03-23,34,82.0,john.anderson@company.com,(316) 799-5859,Active
EMP020188,Ashley,Garcia,Ashley Garcia,45,Legal,Coordinator,Chicago,106425.53,11355.68,2023-11-14,19,66.8,ashley.garcia@company.com,(703) 794-2522,Active
EMP020189,Christopher,Smith,Christopher Smith,60,Sales,Lead,Boston,84305.46,9581.01,2021-03-28,32,65.2,christopher.smith@company.com,(624) 928-9053,Active
EMP020190,Melissa,Jones,Melissa Jones,24,HR,Associate,San Francisco,67470.83,9514.63,2023-01-07,0,73.8,melissa.jones@company.com,(695) 630-3861,Active
EMP020191,Melissa,Martin,Melissa Martin,30,Legal,Director,Chicago,84089.56,7307.78,2024-12-22,2,67.5,melissa.martin@company.com,(477) 935-5635,Active
EMP020192,Robert,Gonzalez,Robert Gonzalez,52,Sales,Manager,Chicago,70588.58,14628.58,2021-04-26,29,66.3,robert.gonzalez@company.com,(628) 647-7510,Active
EMP020193,Sarah,Davis,Sarah Davis,33,IT,Director,Miami,69357.67,4505.55,2022-04-10,8,62.6,sarah.davis@company.com,(407) 997-7415,Active
EMP020194,James,Johnson,James Johnson,34,Operations,Specialist,Boston,61537.16,8878.63,2021-10-02,11,73.1,james.johnson@company.com,(764) 944-1678,Active
EMP020195,Amanda,Hernandez,Amanda Hernandez,52,Sales,Lead,Chicago,84806.07,4460.27,2021-10-01,24,44.1,amanda.hernandez@company.com,(223) 241-8743,Active
EMP020196,David,Hernandez,David Hernandez,41,Legal,Analyst,Miami,141203.67,9199.96,2023-10-22,12,55.5,david.hernandez@company.com,(334) 770-9904,Active
EMP020197,John,Williams,John Williams,47,Marketing,Analyst,Chicago,68353.37,12045.12,2020-08-18,24,69.4,john.williams@company.com,(675) 928-2227,Active
EMP020198,Daniel,Wilson,Daniel Wilson,63,Finance,Senior Developer,Seattle,87617.03,9774.39,2021-10-20,39,78.5,daniel.wilson@company.com,(995) 691-2467,Active
EMP020199,Jessica,Rodriguez,Jessica Rodriguez,56,Legal,Manager,Chicago,78620.13,12898.62,2023-06-30,29,82.7,jessica.rodriguez@company.com,(755) 788-7879,Active
EMP020200,David,Martinez,David Martinez,43,Legal,Coordinator,Los Angeles,99562.32,11716.59,2021-12-16,16,60.1,david.martinez@company.com,(506) 302-4035,Active
EMP020201,David,Martin,David Martin,38,Marketing,Coordinator,San Francisco,66583.44,3103.26,2024-12-30,10,77.6,david.martin@company.com,(323) 676-8852,Active
EMP020202,Matthew,Johnson,Matthew Johnson,57,Operations,Lead,Miami,57782.87,3284.44,2021-12-26,30,64.1,matthew.johnson@company.com,(596) 543-2940,Active
EMP020203,Ashley,Rodriguez,Ashley Rodriguez,42,Marketing,Coordinator,Miami,84639.7,14002.14,2023-01-25,16,80.3,ashley.rodriguez@company.com,(531) 936-7830,Active
EMP020204,William,Jackson,William Jackson,43,IT,Director,Boston,103046.54,12525.42,2021-07-22,19,84.8,william.jackson@company.com,(898) 638-5397,Active
EMP020205,Jessica,Garcia,Jessica Garcia,46,HR,Director,Austin,58352.83,4044.92,2024-08-14,21,62.6,jessica.garcia@company.com,(414) 862-6495,Active
EMP020206,Matthew,Rodriguez,Matthew Rodriguez,43,IT,Senior Developer,Austin,94912.29,17866.45,2023-04-22,17,59.1,matthew.rodriguez@company.com,(447) 516-6928,On Leave
EMP020207,Christopher,Miller,Christopher Miller,52,Finance,Manager,Seattle,89400.05,5686.24,2021-03-01,29,100.0,christopher.miller@company.com,(482) 658-3587,Active
EMP020208,Jane,Thomas,Jane Thomas,34,Marketing,Specialist,New York,51530.9,5001.22,2023-10-21,12,81.0,jane.thomas@company.com,(602) 387-3943,Active
EMP020209,Jessica,Rodriguez,Jessica Rodriguez,25,Legal,Analyst,San Francisco,94050.48,8870.88,2024-08-06,0,74.9,jessica.rodriguez@company.com,(932) 852-9023,Active
EMP020210,Ashley,Lopez,Ashley Lopez,33,Engineering,Coordinator,New York,77502.49,10916.14,2024-12-07,4,83.8,ashley.lopez@company.com,(685) 993-3590,Active
EMP020211,Jane,Martin,Jane Martin,29,Finance,Specialist,Chicago,52458.98,6734.2,2024-01-28,6,55.5,jane.martin@company.com,(229) 406-8792,Active
EMP020212,Amanda,Jones,Amanda Jones,50,Operations,Director,Seattle,57519.06,5167.17,2021-04-19,21,72.0,amanda.jones@company.com,(373) 540-6394,Active
EMP020213,Daniel,Taylor,Daniel Taylor,35,HR,Senior Developer,Miami,52775.09,7352.09,2024-04-24,13,97.3,daniel.taylor@company.com,(359) 862-3035,Active
EMP020214,Matthew,Taylor,Matthew Taylor,28,Legal,Specialist,Seattle,62095.11,6158.37,2020-01-07,3,93.0,matthew.taylor@company.com,(972) 268-4764,Active
EMP020215,James,Brown,James Brown,33,Legal,Lead,Miami,92732.7,2737.15,2024-07-31,7,48.7,james.brown@company.com,(946) 447-8048,Active
EMP020216,Amanda,Lopez,Amanda Lopez,62,Engineering,Manager,Seattle,116870.71,13967.24,2020-07-07,37,80.9,amanda.lopez@company.com,(461) 646-6677,Active
EMP020217,Anthony,Moore,Anthony Moore,37,Legal,Associate,Seattle,67455.51,8294.37,2021-06-06,12,64.4,anthony.moore@company.com,(901) 633-9195,Active
EMP020218,David,Garcia,David Garcia,50,Sales,Lead,Boston,47960.97,7316.29,2023-07-22,27,76.9,david.garcia@company.com,(820) 233-1199,Active
EMP020219,John,Williams,John Williams,47,Legal,Senior Developer,Austin,109415.3,1922.35,2021-02-07,19,87.5,john.williams@company.com,(277) 364-8542,Active
EMP020220,John,Gonzalez,John Gonzalez,44,Sales,Analyst,Miami,80636.54,10843.24,2020-06-11,22,76.8,john.gonzalez@company.com,(977) 295-5317,Active
EMP020221,Michael,Williams,Michael Williams,37,Legal,Specialist,San Francisco,77918.28,9141.89,2022-05-13,13,78.1,michael.williams@company.com,(780) 926-7311,Active
EMP020222,Christopher,Lopez,Christopher Lopez,51,Finance,Analyst,New York,108369.5,12964.43,2024-06-04,23,78.7,christopher.lopez@company.com,(619) 610-8967,Active
EMP020223,Sarah,Garcia,Sarah Garcia,65,Legal,Lead,Chicago,133175.06,21031.02,2022-12-18,43,51.4,sarah.garcia@company.com,(562) 391-2750,Active
EMP020224,David,Brown,David Brown,48,HR,Senior Developer,Boston,86177.45,12373.58,2020-11-22,26,82.0,david.brown@company.com,(496) 390-7824,Inactive
EMP020225,Emily,Anderson,Emily Anderson,45,Legal,Specialist,San Francisco,95370.76,7696.79,2021-01-18,21,62.9,emily.anderson@company.com,(945) 249-4681,Active
EMP020226,Amanda,Jones,Amanda Jones,23,Sales,Director,Chicago,61982.29,1898.17,2024-02-23,0,92.8,amanda.jones@company.com,(986) 649-7235,Active
EMP020227,John,Martinez,John Martinez,30,Legal,Specialist,Seattle,85707.39,4279.02,2024-06-11,8,69.2,john.martinez@company.com,(949) 975-9010,On Leave
EMP020228,Daniel,Garcia,Daniel Garcia,56,Engineering,Coordinator,Miami,111527.57,18006.09,2021-09-15,32,100.0,daniel.garcia@company.com,(585) 640-1364,Active
EMP020229,William,Thomas,William Thomas,43,Sales,Senior Developer,Seattle,75792.02,7861.86,2023-11-28,18,51.3,william.thomas@company.com,(522) 554-9184,Active
EMP020230,Stephanie,Johnson,Stephanie Johnson,46,Operations,Lead,Chicago,64492.84,9321.55,2021-05-24,22,62.2,stephanie.johnson@company.com,(621) 811-3387,Inactive
EMP020231,Anthony,Thomas,Anthony Thomas,65,Engineering,Associate,Seattle,109026.12,15848.65,2021-03-31,39,92.5,anthony.thomas@company.com,(546) 831-9866,Active
EMP020232,Anthony,Martinez,Anthony Martinez,58,IT,Senior Developer,New York,82093.25,14873.83,2024-08-02,35,59.4,anthony.martinez@company.com,(859) 894-9582,Active
EMP020233,Lisa,Johnson,Lisa Johnson,46,Marketing,Coordinator,New York,69588.49,3170.95,2023-02-13,23,68.7,lisa.johnson@company.com,(442) 477-2221,Active
EMP020234,Amanda,Martin,Amanda Martin,39,Finance,Associate,Austin,64367.71,10812.44,2021-03-16,16,74.6,amanda.martin@company.com,(239) 203-2875,Active
EMP020235,William,Johnson,William Johnson,56,HR,Director,Austin,67090.84,6492.74,2023-05-23,32,79.9,william.johnson@company.com,(256) 216-3026,Active
EMP020236,Jessica,Miller,Jessica Miller,34,IT,Manager,Miami,72978.06,12081.45,2024-05-18,9,77.2,jessica.miller@company.com,(603) 263-7985,Active
EMP020237,Anthony,Thomas,Anthony Thomas,62,Legal,Associate,Miami,129440.8,25921.85,2024-08-08,39,77.0,anthony.thomas@company.com,(944) 920-6790,Inactive
EMP020238,Sarah,Johnson,Sarah Johnson,48,Finance,Director,Boston,76074.72,11498.86,2022-09-19,25,69.5,sarah.johnson@company.com,(797) 300-9370,Active
EMP020239,Christopher,Anderson,Christopher Anderson,60,Finance,Director,Boston,102154.19,10284.91,2020-03-14,33,69.4,christopher.anderson@company.com,(891) 554-7320,Active
EMP020240,John,Smith,John Smith,59,Operations,Specialist,Chicago,98542.65,3941.98,2024-11-05,31,80.1,john.smith@company.com,(446) 551-8974,Inactive
EMP020241,Jane,Davis,Jane Davis,59,HR,Associate,Seattle,63693.72,4203.75,2022-11-25,31,49.4,jane.davis@company.com,(804) 489-6821,Active
EMP020242,Amanda,Martin,Amanda Martin,33,Marketing,Associate,Miami,88354.9,11089.3,2022-09-10,9,80.1,amanda.martin@company.com,(358) 279-6079,Active
EMP020243,Emily,Martinez,Emily Martinez,26,Engineering,Associate,New York,83135.22,6575.14,2024-05-16,1,79.1,emily.martinez@company.com,(711) 909-1242,Active
EMP020244,Matthew,Gonzalez,Matthew Gonzalez,33,Finance,Lead,Seattle,78884.16,9497.8,2021-02-20,11,86.3,matthew.gonzalez@company.com,(248) 661-4541,Active
EMP020245,Melissa,Johnson,Melissa Johnson,56,Engineering,Director,Los Angeles,111604.77,13134.68,2020-09-26,34,100.0,melissa.johnson@company.com,(666) 575-3470,Active
EMP020246,William,Wilson,William Wilson,47,HR,Associate,Chicago,81991.18,12414.09,2023-03-05,25,77.5,william.wilson@company.com,(506) 900-2121,Active
EMP020247,Amanda,Rodriguez,Amanda Rodriguez,39,Marketing,Analyst,San Francisco,58280.79,8318.24,2021-10-09,14,73.3,amanda.rodriguez@company.com,(663) 763-3115,Active
EMP020248,Robert,Williams,Robert Williams,59,HR,Associate,Los Angeles,83718.14,12617.35,2024-07-11,31,100.0,robert.williams@company.com,(917) 384-5027,Active
EMP020249,James,Garcia,James Garcia,31,Sales,Director,Chicago,34011.6,5512.82,2023-01-06,2,82.3,james.garcia@company.com,(352) 979-8480,Active
EMP020250,Nicole,Johnson,Nicole Johnson,26,Finance,Analyst,Miami,59226.43,6902.19,2024-04-28,0,73.4,nicole.johnson@company.com,(578) 344-2009,Active
EMP020251,David,Wilson,David Wilson,60,IT,Specialist,Boston,109632.03,9524.39,2020-11-03,37,80.4,david.wilson@company.com,(257) 963-4747,Inactive
EMP020252,Ashley,Thomas,Ashley Thomas,50,IT,Lead,Austin,82009.47,0.0,2024-10-03,21,69.5,ashley.thomas@company.com,(717) 366-4069,Inactive
EMP020253,Emily,Hernandez,Emily Hernandez,49,Sales,Coordinator,Miami,72348.31,9131.94,2024-01-26,25,58.5,emily.hernandez@company.com,(332) 292-5779,Active
EMP020254,Stephanie,Davis,Stephanie Davis,49,Finance,Manager,Seattle,78986.24,9273.4,2024-07-31,21,65.4,stephanie.davis@company.com,(684) 848-5687,Active
EMP020255,Robert,Thomas,Robert Thomas,62,HR,Manager,Seattle,81449.33,6639.16,2021-01-10,33,68.2,robert.thomas@company.com,(416) 367-1026,Inactive
EMP020256,Jane,Smith,Jane Smith,49,HR,Associate,Miami,59792.46,7150.04,2024-11-05,27,59.9,jane.smith@company.com,(405) 684-7482,Active
EMP020257,William,Hernandez,William Hernandez,25,Operations,Director,Los Angeles,48185.92,3967.15,2021-04-23,0,70.1,william.hernandez@company.com,(507) 554-1482,Active
EMP020258,John,Jackson,John Jackson,57,HR,Manager,San Francisco,75037.72,9460.63,2022-07-25,29,74.9,john.jackson@company.com,(606) 878-6168,Active
EMP020259,Robert,Rodriguez,Robert Rodriguez,32,HR,Lead,Los Angeles,49464.88,5830.42,2023-03-10,5,96.7,robert.rodriguez@company.com,(624) 950-3720,Active
EMP020260,Jane,Martin,Jane Martin,60,Engineering,Coordinator,Austin,80574.02,7483.25,2024-07-23,32,81.9,jane.martin@company.com,(362) 652-8606,Active
EMP020261,Anthony,Gonzalez,Anthony Gonzalez,64,Sales,Analyst,Los Angeles,110696.19,7224.78,2023-11-14,40,66.6,anthony.gonzalez@company.com,(478) 273-2510,Active
EMP020262,David,Jones,David Jones,63,Sales,Associate,Los Angeles,88045.89,9218.51,2023-07-18,38,70.3,david.jones@company.com,(305) 702-1895,Active
EMP020263,Melissa,Brown,Melissa Brown,62,Marketing,Associate,Boston,96592.12,13024.3,2023-01-22,33,68.7,melissa.brown@company.com,(991) 929-5729,Active
EMP020264,Lisa,Thomas,Lisa Thomas,53,Legal,Coordinator,Boston,130708.01,13268.24,2022-06-30,28,86.0,lisa.thomas@company.com,(395) 412-5870,Active
EMP020265,Robert,Jackson,Robert Jackson,59,IT,Senior Developer,Austin,106464.95,3225.78,2022-06-04,35,67.6,robert.jackson@company.com,(976) 705-4080,Active
EMP020266,Anthony,Williams,Anthony Williams,65,Marketing,Coordinator,Miami,95904.89,17082.05,2021-01-01,37,68.0,anthony.williams@company.com,(465) 364-8809,Active
EMP020267,Daniel,Lopez,Daniel Lopez,26,Legal,Analyst,Seattle,71401.22,8919.46,2021-11-24,4,50.3,daniel.lopez@company.com,(303) 522-2230,Active
EMP020268,Melissa,Martinez,Melissa Martinez,49,Operations,Senior Developer,Los Angeles,60200.26,7734.1,2020-04-09,23,63.0,melissa.martinez@company.com,(692) 718-8983,Active
EMP020269,Daniel,Martinez,Daniel Martinez,40,IT,Lead,Seattle,70011.71,11181.79,2024-08-04,13,88.8,daniel.martinez@company.com,(276) 766-5311,Active
EMP020270,Nicole,Taylor,Nicole Taylor,57,Operations,Senior Developer,Seattle,71896.43,0.0,2021-07-14,35,76.1,nicole.taylor@company.com,(268) 536-8656,Active
EMP020271,William,Rodriguez,William Rodriguez,52,IT,Manager,New York,79278.93,7426.98,2023-02-27,30,79.9,william.rodriguez@company.com,(376) 618-8497,Active
EMP020272,Robert,Martin,Robert Martin,39,Legal,Analyst,New York,121009.62,22370.2,2024-05-26,12,60.9,robert.martin@company.com,(984) 906-9377,Active
EMP020273,Emily,Garcia,Emily Garcia,32,Sales,Director,San Francisco,58610.57,2069.63,2022-09-20,7,94.3,emily.garcia@company.com,(317) 578-6426,Active
EMP020274,Amanda,Taylor,Amanda Taylor,35,Sales,Specialist,Miami,76522.45,9948.74,2021-07-15,7,86.1,amanda.taylor@company.com,(366) 545-5931,Active
EMP020275,Emily,Jones,Emily Jones,36,Finance,Director,Boston,34666.71,3235.76,2023-01-13,7,75.6,emily.jones@company.com,(948) 730-1680,Active
EMP020276,John,Rodriguez,John Rodriguez,37,IT,Senior Developer,Austin,58613.15,5059.75,2024-10-17,12,91.1,john.rodriguez@company.com,(293) 308-2117,Active
EMP020277,David,Taylor,David Taylor,37,IT,Lead,Boston,115209.48,24580.35,2020-07-05,14,89.2,david.taylor@company.com,(316) 261-2117,Active
EMP020278,Anthony,Moore,Anthony Moore,59,Operations,Senior Developer,New York,57702.08,3107.36,2021-05-01,31,53.3,anthony.moore@company.com,(344) 925-8610,Active
EMP020279,Daniel,Thomas,Daniel Thomas,45,Engineering,Specialist,San Francisco,112973.66,10255.95,2020-12-02,20,71.3,daniel.thomas@company.com,(541) 460-9141,Active
EMP020280,Jane,Hernandez,Jane Hernandez,65,Operations,Director,Boston,70033.09,6944.89,2024-01-31,42,100.0,jane.hernandez@company.com,(514) 324-6630,Active
EMP020281,David,Brown,David Brown,60,Engineering,Manager,New York,102562.24,4539.65,2023-03-26,36,80.3,david.brown@company.com,(912) 204-6591,Active
EMP020282,Ashley,Davis,Ashley Davis,25,Legal,Lead,San Francisco,67323.17,9187.49,2021-11-09,1,93.2,ashley.davis@company.com,(310) 905-6445,Active
EMP020283,Sarah,Williams,Sarah Williams,34,Marketing,Coordinator,Chicago,79550.59,7109.8,2020-07-23,11,66.5,sarah.williams@company.com,(972) 390-8351,Active
EMP020284,Nicole,Smith,Nicole Smith,42,Sales,Analyst,Los Angeles,97038.4,10030.33,2024-11-23,13,86.2,nicole.smith@company.com,(994) 207-1042,On Leave
EMP020285,Melissa,Lopez,Melissa Lopez,41,Operations,Associate,San Francisco,103043.14,7065.42,2022-06-10,12,91.5,melissa.lopez@company.com,(538) 911-4380,Active
EMP020286,Anthony,Miller,Anthony Miller,23,Finance,Manager,Seattle,39220.24,2897.07,2023-11-10,0,54.0,anthony.miller@company.com,(340) 873-7286,Inactive
EMP020287,Anthony,Lopez,Anthony Lopez,61,Legal,Director,Seattle,138100.82,9402.64,2022-10-17,32,75.5,anthony.lopez@company.com,(495) 602-7326,Active
EMP020288,James,Brown,James Brown,27,Engineering,Specialist,Boston,48396.62,5679.03,2021-09-15,4,73.1,james.brown@company.com,(567) 582-9029,Active
EMP020289,Anthony,Martinez,Anthony Martinez,62,IT,Coordinator,Austin,130181.83,1444.19,2020-05-13,36,59.3,anthony.martinez@company.com,(677) 797-7826,Inactive
EMP020290,Michael,Hernandez,Michael Hernandez,62,Engineering,Director,Austin,120148.42,12883.61,2024-05-23,39,90.7,michael.hernandez@company.com,(807) 959-2487,Active
EMP020291,Lisa,Smith,Lisa Smith,29,Marketing,Lead,Los Angeles,56870.12,7421.14,2021-10-27,4,58.4,lisa.smith@company.com,(557) 363-5310,Active
EMP020292,Emily,Thomas,Emily Thomas,39,Legal,Associate,San Francisco,84813.48,10632.94,2023-03-06,12,71.0,emily.thomas@company.com,(279) 972-8255,Active
EMP020293,Sarah,Martinez,Sarah Martinez,49,Legal,Associate,New York,88372.12,6538.04,2021-08-10,27,73.2,sarah.martinez@company.com,(446) 904-5688,On Leave
EMP020294,Jane,Williams,Jane Williams,48,Marketing,Director,New York,66417.31,5078.04,2024-07-15,20,72.4,jane.williams@company.com,(832) 472-3529,Active
EMP020295,Christopher,Martin,Christopher Martin,58,Sales,Director,Los Angeles,69878.65,2923.43,2020-06-25,31,89.3,christopher.martin@company.com,(907) 787-9039,Inactive
EMP020296,Jane,Gonzalez,Jane Gonzalez,31,Marketing,Lead,Chicago,48684.96,4321.59,2022-02-03,2,76.1,jane.gonzalez@company.com,(707) 984-4468,Active
EMP020297,Melissa,Taylor,Melissa Taylor,31,Engineering,Lead,Chicago,98201.61,11812.1,2023-03-16,3,76.6,melissa.taylor@company.com,(512) 754-3618,Inactive
EMP020298,Daniel,Davis,Daniel Davis,57,HR,Manager,San Francisco,66178.9,5581.37,2020-06-24,31,52.0,daniel.davis@company.com,(963) 583-9519,Active
EMP020299,Robert,Martin,Robert Martin,27,Sales,Director,New York,79148.54,4739.92,2021-06-26,2,65.9,robert.martin@company.com,(254) 232-6260,Active
EMP020300,John,Thomas,John Thomas,43,Operations,Senior Developer,Miami,60113.52,5976.05,2023-06-13,14,70.2,john.thomas@company.com,(951) 981-4674,Active
EMP020301,William,Smith,William Smith,56,HR,Manager,Los Angeles,85714.63,768.25,2020-04-07,27,74.2,william.smith@company.com,(484) 588-5087,Active
EMP020302,Matthew,Brown,Matthew Brown,60,Legal,Coordinator,Chicago,79806.8,13214.32,2020-02-15,36,73.6,matthew.brown@company.com,(546) 739-3536,Active
EMP020303,Jane,Wilson,Jane Wilson,23,Sales,Coordinator,Boston,51933.98,3876.68,2024-08-16,0,70.9,jane.wilson@company.com,(635) 778-9787,Active
EMP020304,Jessica,Martin,Jessica Martin,58,HR,Lead,New York,60506.52,2624.15,2020-10-02,31,69.9,jessica.martin@company.com,(824) 576-1082,Active
EMP020305,Daniel,Jones,Daniel Jones,22,Operations,Lead,Miami,56642.41,8842.08,2023-12-25,0,95.2,daniel.jones@company.com,(547) 644-1112,Active
EMP020306,Matthew,Lopez,Matthew Lopez,50,HR,Associate,Miami,88902.1,7580.92,2022-05-08,23,70.9,matthew.lopez@company.com,(798) 727-7076,Active
EMP020307,Michael,Hernandez,Michael Hernandez,63,Legal,Director,New York,88071.33,10031.49,2020-11-26,39,52.0,michael.hernandez@company.com,(953) 655-2779,Active
EMP020308,Jane,Taylor,Jane Taylor,63,Marketing,Senior Developer,Seattle,94099.14,7223.6,2020-11-13,39,82.6,jane.taylor@company.com,(908) 821-7244,Active
EMP020309,Michael,Wilson,Michael Wilson,56,Engineering,Analyst,New York,120084.77,28213.05,2020-08-29,31,75.3,michael.wilson@company.com,(261) 952-2948,Active
EMP020310,William,Hernandez,William Hernandez,47,Finance,Coordinator,San Francisco,124484.3,1050.88,2021-02-28,24,76.6,william.hernandez@company.com,(877) 652-2356,Active
EMP020311,Michael,Johnson,Michael Johnson,57,Engineering,Coordinator,Chicago,125460.34,12435.45,2020-01-25,33,58.1,michael.johnson@company.com,(858) 423-5856,Active
EMP020312,Amanda,Wilson,Amanda Wilson,23,IT,Director,Seattle,92389.81,8965.94,2023-01-21,0,86.4,amanda.wilson@company.com,(238) 507-5300,Active
EMP020313,Ashley,Wilson,Ashley Wilson,60,Finance,Analyst,San Francisco,76127.31,7852.72,2020-03-10,34,64.6,ashley.wilson@company.com,(557) 626-8749,Active
EMP020314,Jessica,Wilson,Jessica Wilson,62,IT,Senior Developer,Seattle,102031.94,15450.58,2021-09-18,33,79.7,jessica.wilson@company.com,(633) 812-4724,Active
EMP020315,Matthew,Johnson,Matthew Johnson,31,Legal,Director,San Francisco,89814.53,8355.13,2024-05-10,8,64.8,matthew.johnson@company.com,(880) 992-5756,Active
EMP020316,William,Johnson,William Johnson,51,IT,Senior Developer,Seattle,103880.05,15981.77,2024-08-31,24,82.1,william.johnson@company.com,(226) 447-5133,On Leave
EMP020317,Matthew,Hernandez,Matthew Hernandez,46,HR,Specialist,Boston,62803.65,4439.94,2024-12-26,24,82.1,matthew.hernandez@company.com,(301) 206-1958,Active
EMP020318,Anthony,Taylor,Anthony Taylor,39,Operations,Lead,Austin,79087.12,11111.28,2023-06-01,14,86.6,anthony.taylor@company.com,(674) 352-1891,Active
EMP020319,Ashley,Miller,Ashley Miller,51,Marketing,Analyst,Austin,97711.85,19867.43,2021-12-20,27,79.4,ashley.miller@company.com,(446) 537-8034,Inactive
EMP020320,Matthew,Lopez,Matthew Lopez,39,HR,Senior Developer,Boston,34578.85,440.41,2021-04-17,17,100.0,matthew.lopez@company.com,(606) 298-8247,Active
EMP020321,Robert,Gonzalez,Robert Gonzalez,37,HR,Manager,San Francisco,82807.11,10211.62,2022-07-03,9,80.1,robert.gonzalez@company.com,(725) 995-2968,On Leave
EMP020322,John,Rodriguez,John Rodriguez,55,IT,Coordinator,San Francisco,107782.45,9087.96,2021-05-18,26,91.3,john.rodriguez@company.com,(805) 678-7569,Inactive
EMP020323,Robert,Taylor,Robert Taylor,42,Finance,Specialist,Austin,66576.03,8060.23,2021-03-12,20,84.3,robert.taylor@company.com,(563) 757-8536,Active
EMP020324,Melissa,Jackson,Melissa Jackson,64,Finance,Director,Miami,121508.27,15468.59,2021-10-13,37,72.1,melissa.jackson@company.com,(838) 446-4417,Active
EMP020325,Daniel,Gonzalez,Daniel Gonzalez,53,Finance,Specialist,Miami,115383.23,26202.61,2022-11-18,25,74.5,daniel.gonzalez@company.com,(350) 731-1697,Active
EMP020326,Emily,Hernandez,Emily Hernandez,48,Legal,Lead,Los Angeles,106561.64,6126.21,2024-07-23,21,72.9,emily.hernandez@company.com,(737) 693-7791,Active
EMP020327,Anthony,Thomas,Anthony Thomas,28,Operations,Director,New York,65659.09,687.08,2024-07-25,0,100.0,anthony.thomas@company.com,(214) 788-3943,Active
EMP020328,Ashley,Martin,Ashley Martin,30,HR,Coordinator,San Francisco,72221.69,4519.01,2022-10-21,2,74.3,ashley.martin@company.com,(959) 567-1565,Active
EMP020329,William,Wilson,William Wilson,64,Marketing,Manager,Chicago,107022.74,9794.27,2023-11-26,42,88.5,william.wilson@company.com,(510) 287-8563,Active
EMP020330,Anthony,Thomas,Anthony Thomas,48,Finance,Analyst,Seattle,77388.03,3910.97,2023-05-01,26,74.2,anthony.thomas@company.com,(558) 301-6371,Active
EMP020331,Robert,Jackson,Robert Jackson,38,Legal,Analyst,Miami,124320.85,8769.12,2024-02-18,11,71.9,robert.jackson@company.com,(586) 789-7732,Active
EMP020332,Michael,Williams,Michael Williams,47,Engineering,Manager,Chicago,95497.87,12268.2,2024-05-18,18,77.1,michael.williams@company.com,(311) 641-1050,Active
EMP020333,John,Miller,John Miller,44,Sales,Associate,Austin,86773.71,6126.02,2022-09-30,20,62.0,john.miller@company.com,(234) 337-8052,Inactive
EMP020334,Amanda,Williams,Amanda Williams,62,Legal,Associate,San Francisco,86147.23,9674.98,2024-03-24,39,78.4,amanda.williams@company.com,(258) 362-1787,Active
EMP020335,Melissa,Lopez,Melissa Lopez,60,Sales,Associate,Seattle,77144.2,12004.34,2022-01-08,38,67.5,melissa.lopez@company.com,(946) 407-3988,Active
EMP020336,Christopher,Johnson,Christopher Johnson,37,HR,Associate,Chicago,69030.61,8712.11,2020-10-18,13,86.0,christopher.johnson@company.com,(827) 683-6662,Active
EMP020337,Robert,Martin,Robert Martin,32,Marketing,Director,New York,87049.85,8141.17,2021-09-10,4,88.8,robert.martin@company.com,(418) 564-2993,Active
EMP020338,William,Garcia,William Garcia,46,Finance,Associate,Boston,91657.92,2812.99,2020-07-17,21,69.3,william.garcia@company.com,(557) 892-4507,On Leave
EMP020339,Michael,Hernandez,Michael Hernandez,36,Legal,Specialist,Los Angeles,87246.81,9636.13,2023-03-28,10,67.7,michael.hernandez@company.com,(276) 392-4543,Active
EMP020340,Jessica,Martinez,Jessica Martinez,49,HR,Specialist,Miami,46690.87,7607.98,2024-04-07,24,79.6,jessica.martinez@company.com,(591) 290-3320,Active
EMP020341,Daniel,Hernandez,Daniel Hernandez,57,Finance,Manager,Chicago,96819.05,13596.77,2024-02-12,29,100.0,daniel.hernandez@company.com,(511) 290-7638,Active
EMP020342,Melissa,Johnson,Melissa Johnson,59,Operations,Specialist,Boston,78018.73,10094.79,2022-01-26,31,78.9,melissa.johnson@company.com,(541) 613-7514,Active
EMP020343,Anthony,Jackson,Anthony Jackson,43,IT,Senior Developer,Austin,90586.14,7806.79,2024-07-18,19,98.7,anthony.jackson@company.com,(430) 770-3715,Active
EMP020344,Matthew,Taylor,Matthew Taylor,63,Engineering,Manager,Miami,125065.87,20882.76,2020-10-01,39,98.3,matthew.taylor@company.com,(424) 283-4768,Active
EMP020345,Jane,Miller,Jane Miller,35,Operations,Manager,Los Angeles,64600.49,8251.35,2021-10-28,9,60.6,jane.miller@company.com,(765) 584-4826,Active
EMP020346,William,Martin,William Martin,29,Marketing,Senior Developer,New York,54911.56,4377.16,2022-04-07,6,52.2,william.martin@company.com,(985) 833-4456,Active
EMP020347,Matthew,Williams,Matthew Williams,49,Legal,Analyst,Seattle,107372.98,9794.64,2024-05-29,26,72.0,matthew.williams@company.com,(541) 503-6776,Active
EMP020348,Emily,Taylor,Emily Taylor,46,Operations,Analyst,Boston,46323.84,387.44,2020-07-16,24,57.7,emily.taylor@company.com,(643) 600-4610,Active
EMP020349,Anthony,Anderson,Anthony Anderson,36,Engineering,Coordinator,Austin,97407.48,9539.7,2023-02-19,14,100.0,anthony.anderson@company.com,(708) 742-1783,Active
EMP020350,Matthew,Wilson,Matthew Wilson,23,Marketing,Specialist,New York,67080.27,6690.41,2021-06-28,0,69.9,matthew.wilson@company.com,(331) 748-9436,Active
EMP020351,Sarah,Davis,Sarah Davis,39,Legal,Manager,Miami,56884.7,5863.52,2020-09-13,16,79.9,sarah.davis@company.com,(588) 636-2663,Inactive
EMP020352,Daniel,Jackson,Daniel Jackson,53,Engineering,Associate,Miami,125917.96,8491.35,2020-07-28,25,68.2,daniel.jackson@company.com,(954) 915-3356,Active
EMP020353,Daniel,Taylor,Daniel Taylor,27,Marketing,Analyst,San Francisco,48599.05,6331.73,2022-05-20,3,63.3,daniel.taylor@company.com,(236) 717-7672,Active
EMP020354,Jessica,Martin,Jessica Martin,23,HR,Associate,Austin,71467.57,10173.97,2021-03-26,0,100.0,jessica.martin@company.com,(804) 775-4591,Active
EMP020355,David,Williams,David Williams,60,Sales,Director,New York,58074.88,5713.91,2020-11-04,37,63.6,david.williams@company.com,(708) 270-9446,On Leave
EMP020356,Emily,Wilson,Emily Wilson,51,IT,Specialist,Austin,68155.06,1796.98,2022-08-28,28,53.0,emily.wilson@company.com,(288) 647-5393,Active
EMP020357,James,Jackson,James Jackson,23,Sales,Senior Developer,Chicago,89401.21,18776.23,2022-11-26,0,54.0,james.jackson@company.com,(213) 620-6794,Active
EMP020358,Jane,Martinez,Jane Martinez,65,HR,Coordinator,New York,77445.25,8244.96,2020-01-15,43,41.3,jane.martinez@company.com,(966) 775-8361,Active
EMP020359,Matthew,Johnson,Matthew Johnson,55,Sales,Coordinator,Los Angeles,104143.57,18856.75,2022-01-21,29,77.7,matthew.johnson@company.com,(419) 916-8464,Active
EMP020360,Nicole,Smith,Nicole Smith,29,HR,Director,Austin,77032.43,5669.69,2021-04-10,1,87.8,nicole.smith@company.com,(681) 352-4714,Active
EMP020361,Matthew,Johnson,Matthew Johnson,41,Marketing,Manager,Los Angeles,77079.33,7476.09,2023-04-25,14,88.6,matthew.johnson@company.com,(814) 876-3662,Active
EMP020362,William,Moore,William Moore,44,Sales,Specialist,Boston,80913.84,4745.1,2024-02-28,19,69.3,william.moore@company.com,(754) 677-5907,Active
EMP020363,Anthony,Smith,Anthony Smith,39,HR,Specialist,Miami,27000.0,4512.83,2020-10-22,16,61.5,anthony.smith@company.com,(627) 301-7241,Active
EMP020364,Michael,Hernandez,Michael Hernandez,43,Marketing,Manager,Boston,55946.2,1726.91,2023-06-03,14,59.0,michael.hernandez@company.com,(796) 884-7810,Active
EMP020365,David,Garcia,David Garcia,64,Operations,Specialist,Austin,88911.16,9485.44,2021-01-26,39,68.0,david.garcia@company.com,(724) 558-6032,On Leave
EMP020366,Anthony,Thomas,Anthony Thomas,52,Engineering,Analyst,Seattle,99438.61,4242.38,2022-01-08,23,94.4,anthony.thomas@company.com,(443) 579-5849,Active
EMP020367,Amanda,Gonzalez,Amanda Gonzalez,26,Operations,Associate,San Francisco,58962.36,4258.42,2022-07-17,0,69.8,amanda.gonzalez@company.com,(357) 358-7508,Active
EMP020368,Stephanie,Rodriguez,Stephanie Rodriguez,26,Operations,Associate,Miami,48131.16,3393.9,2020-10-07,1,45.5,stephanie.rodriguez@company.com,(244) 378-7038,Active
EMP020369,James,Martin,James Martin,59,Marketing,Lead,Los Angeles,69545.24,5847.11,2023-12-02,30,86.3,james.martin@company.com,(921) 798-5660,Active
EMP020370,Stephanie,Rodriguez,Stephanie Rodriguez,40,Sales,Associate,New York,62765.64,2657.34,2023-07-15,12,57.4,stephanie.rodriguez@company.com,(299) 490-3805,Active
EMP020371,Ashley,Gonzalez,Ashley Gonzalez,56,Operations,Analyst,Los Angeles,66601.28,5977.35,2020-07-01,30,79.5,ashley.gonzalez@company.com,(577) 618-2205,Inactive
EMP020372,Melissa,Wilson,Melissa Wilson,34,Sales,Specialist,Chicago,78090.66,11124.47,2024-10-07,9,95.3,melissa.wilson@company.com,(497) 681-3568,Active
EMP020373,Matthew,Taylor,Matthew Taylor,59,Sales,Lead,Austin,113529.53,17137.14,2020-04-11,35,73.6,matthew.taylor@company.com,(850) 497-5600,Active
EMP020374,Ashley,Gonzalez,Ashley Gonzalez,32,IT,Coordinator,Boston,81248.77,7691.63,2023-07-04,6,73.1,ashley.gonzalez@company.com,(827) 604-9788,Active
EMP020375,Emily,Lopez,Emily Lopez,62,Engineering,Senior Developer,New York,87196.42,16495.2,2021-05-02,35,48.5,emily.lopez@company.com,(852) 845-9704,Active
EMP020376,James,Rodriguez,James Rodriguez,57,Finance,Senior Developer,Seattle,104416.08,16086.54,2020-06-26,33,45.5,james.rodriguez@company.com,(569) 469-8212,Inactive
EMP020377,Jessica,Jones,Jessica Jones,53,Engineering,Analyst,Chicago,79564.76,14380.99,2020-04-27,25,87.0,jessica.jones@company.com,(483) 804-3998,Active
EMP020378,Melissa,Miller,Melissa Miller,57,Legal,Lead,New York,124969.99,12598.3,2024-01-02,35,53.6,melissa.miller@company.com,(231) 434-9562,Active
EMP020379,Robert,Anderson,Robert Anderson,47,Engineering,Director,New York,107320.83,12657.75,2024-08-02,21,53.1,robert.anderson@company.com,(543) 503-6014,Active
EMP020380,Ashley,Moore,Ashley Moore,39,Marketing,Analyst,New York,44960.11,3014.58,2021-08-09,14,46.8,ashley.moore@company.com,(809) 328-8878,Inactive
EMP020381,Emily,Martinez,Emily Martinez,62,Engineering,Coordinator,New York,91257.43,7275.15,2023-03-21,36,100.0,emily.martinez@company.com,(326) 891-9274,Active
EMP020382,William,Johnson,William Johnson,59,Engineering,Lead,Chicago,122137.79,15650.05,2022-03-09,36,67.5,william.johnson@company.com,(467) 618-9402,Active
EMP020383,Sarah,Lopez,Sarah Lopez,26,Legal,Senior Developer,Seattle,97208.31,10002.87,2021-01-11,0,52.8,sarah.lopez@company.com,(790) 420-5635,Active
EMP020384,John,Anderson,John Anderson,56,Marketing,Associate,Miami,69883.26,5441.39,2024-12-07,30,82.5,john.anderson@company.com,(529) 615-3574,Active
EMP020385,Daniel,Martin,Daniel Martin,52,Legal,Manager,New York,55183.28,8995.27,2021-05-05,26,84.7,daniel.martin@company.com,(214) 327-2374,Active
EMP020386,Sarah,Williams,Sarah Williams,55,Legal,Senior Developer,Boston,133499.56,8561.5,2023-08-30,26,80.0,sarah.williams@company.com,(917) 708-7930,Active
EMP020387,John,Johnson,John Johnson,42,Legal,Lead,New York,93255.09,8408.18,2022-04-18,15,89.7,john.johnson@company.com,(940) 842-6355,Active
EMP020388,David,Anderson,David Anderson,36,Marketing,Coordinator,Seattle,46552.41,1236.16,2021-01-15,9,98.9,david.anderson@company.com,(915) 776-6978,Inactive
EMP020389,Lisa,Garcia,Lisa Garcia,37,Sales,Specialist,San Francisco,67925.45,6368.41,2022-04-22,11,84.3,lisa.garcia@company.com,(434) 891-2628,Active
EMP020390,Jessica,Garcia,Jessica Garcia,57,HR,Specialist,San Francisco,99278.86,3623.8,2021-12-16,28,87.7,jessica.garcia@company.com,(382) 786-9004,Active
EMP020391,Anthony,Taylor,Anthony Taylor,59,Operations,Senior Developer,Austin,74603.38,9038.34,2024-11-14,30,82.6,anthony.taylor@company.com,(508) 763-2296,On Leave
EMP020392,Christopher,Rodriguez,Christopher Rodriguez,28,Legal,Specialist,Seattle,57811.5,6470.31,2022-09-28,3,76.8,christopher.rodriguez@company.com,(572) 371-6262,Active
EMP020393,William,Anderson,William Anderson,29,Legal,Coordinator,Austin,85282.05,11341.3,2023-05-07,1,92.9,william.anderson@company.com,(447) 458-5862,Active
EMP020394,Stephanie,Moore,Stephanie Moore,23,Engineering,Specialist,Seattle,108914.4,8197.45,2020-01-04,0,83.2,stephanie.moore@company.com,(425) 598-5620,On Leave
EMP020395,Anthony,Rodriguez,Anthony Rodriguez,26,Marketing,Coordinator,Austin,79276.98,5924.35,2023-06-05,0,79.1,anthony.rodriguez@company.com,(324) 950-8491,Active
EMP020396,Amanda,Thomas,Amanda Thomas,42,IT,Specialist,Seattle,88492.89,14410.12,2022-05-23,16,68.2,amanda.thomas@company.com,(602) 580-9716,Active
EMP020397,Stephanie,Rodriguez,Stephanie Rodriguez,38,Marketing,Specialist,San Francisco,85149.08,8536.12,2024-05-04,11,71.3,stephanie.rodriguez@company.com,(925) 208-6763,Active
EMP020398,Michael,Smith,Michael Smith,36,IT,Associate,Boston,99677.35,20866.44,2021-06-22,10,58.6,michael.smith@company.com,(200) 602-6429,Active
EMP020399,Daniel,Smith,Daniel Smith,30,Sales,Analyst,New York,47623.42,102.95,2020-10-08,8,66.2,daniel.smith@company.com,(204) 439-3961,Active
EMP020400,Anthony,Johnson,Anthony Johnson,40,Engineering,Coordinator,New York,77955.83,6493.27,2021-08-16,14,94.3,anthony.johnson@company.com,(242) 398-4081,Active
EMP020401,Matthew,Williams,Matthew Williams,59,Sales,Coordinator,Chicago,97640.66,7359.71,2020-08-04,31,70.0,matthew.williams@company.com,(531) 514-1466,Active
EMP020402,Melissa,Anderson,Melissa Anderson,28,Finance,Associate,Los Angeles,51196.88,3727.4,2020-12-22,4,83.4,melissa.anderson@company.com,(559) 896-1988,Active
EMP020403,Michael,Johnson,Michael Johnson,34,Sales,Senior Developer,San Francisco,76305.52,1877.66,2024-09-02,12,57.2,michael.johnson@company.com,(762) 221-6519,Active
EMP020404,Matthew,Rodriguez,Matthew Rodriguez,49,Legal,Director,Seattle,87523.66,7287.44,2022-05-14,24,78.5,matthew.rodriguez@company.com,(237) 836-2261,On Leave
EMP020405,William,Johnson,William Johnson,39,Legal,Director,Los Angeles,48990.74,5463.73,2021-07-09,12,98.1,william.johnson@company.com,(874) 825-8819,Active
EMP020406,Melissa,Smith,Melissa Smith,51,Operations,Director,Austin,76954.95,3080.52,2020-12-28,25,41.4,melissa.smith@company.com,(227) 267-3839,Active
EMP020407,Ashley,Garcia,Ashley Garcia,56,Sales,Manager,Los Angeles,97418.59,6777.77,2020-11-15,27,74.2,ashley.garcia@company.com,(372) 502-6839,Active
EMP020408,Anthony,Taylor,Anthony Taylor,51,Sales,Analyst,Miami,71365.49,12940.36,2023-01-10,28,88.3,anthony.taylor@company.com,(396) 669-7173,Active
EMP020409,Jane,Hernandez,Jane Hernandez,51,Marketing,Associate,New York,86523.35,6462.8,2022-10-17,28,81.0,jane.hernandez@company.com,(428) 333-4131,Active
EMP020410,David,Brown,David Brown,38,Legal,Director,Seattle,71694.77,4026.85,2020-03-27,13,74.3,david.brown@company.com,(227) 883-2827,Active
EMP020411,Christopher,Martinez,Christopher Martinez,62,IT,Associate,Boston,97974.18,4685.87,2022-07-19,38,55.5,christopher.martinez@company.com,(241) 745-2335,On Leave
EMP020412,James,Johnson,James Johnson,38,Legal,Manager,Chicago,87361.86,12912.07,2023-02-08,13,90.9,james.johnson@company.com,(212) 830-2465,Inactive
EMP020413,James,Thomas,James Thomas,44,Sales,Associate,New York,73671.44,10441.05,2020-01-31,20,79.8,james.thomas@company.com,(563) 603-4874,Active
EMP020414,James,Wilson,James Wilson,27,IT,Analyst,Miami,67146.61,787.41,2022-08-06,4,58.4,james.wilson@company.com,(876) 604-3220,Active
EMP020415,John,Miller,John Miller,25,Sales,Specialist,Austin,54719.02,7021.48,2024-11-16,0,96.4,john.miller@company.com,(411) 988-9842,Active
EMP020416,Jessica,Smith,Jessica Smith,63,Finance,Senior Developer,Seattle,113416.51,9899.75,2020-04-09,37,99.1,jessica.smith@company.com,(650) 869-9668,Active
EMP020417,Daniel,Moore,Daniel Moore,29,Finance,Manager,Seattle,83796.38,3407.1,2023-09-15,2,75.8,daniel.moore@company.com,(777) 275-6654,Active
EMP020418,John,Smith,John Smith,39,Engineering,Associate,Chicago,91794.05,14704.59,2022-02-25,13,61.2,john.smith@company.com,(594) 261-5185,Active
EMP020419,Matthew,Johnson,Matthew Johnson,40,Finance,Senior Developer,Miami,99948.22,9794.76,2024-02-01,11,46.6,matthew.johnson@company.com,(692) 311-5221,Active
EMP020420,David,Williams,David Williams,35,Marketing,Specialist,New York,47545.72,4104.69,2024-06-15,6,67.9,david.williams@company.com,(513) 575-5256,Inactive
EMP020421,Emily,Wilson,Emily Wilson,25,IT,Director,Austin,42936.14,5175.77,2020-01-30,3,61.0,emily.wilson@company.com,(599) 797-4950,Inactive
EMP020422,Emily,Hernandez,Emily Hernandez,30,Finance,Director,New York,33000.0,4674.54,2021-11-13,2,77.4,emily.hernandez@company.com,(204) 382-3590,Active
EMP020423,Emily,Garcia,Emily Garcia,65,Marketing,Director,Miami,98350.63,5252.58,2022-10-03,38,47.2,emily.garcia@company.com,(336) 244-3776,Active
EMP020424,Jessica,Garcia,Jessica Garcia,22,Legal,Manager,Los Angeles,77813.69,66.08,2024-12-01,0,60.9,jessica.garcia@company.com,(982) 671-4641,Active
EMP020425,James,Hernandez,James Hernandez,51,Legal,Specialist,Los Angeles,96125.82,9687.85,2020-10-26,22,83.1,james.hernandez@company.com,(226) 690-1856,Active
EMP020426,Sarah,Anderson,Sarah Anderson,47,Operations,Manager,Los Angeles,66987.11,11894.49,2021-01-10,24,89.1,sarah.anderson@company.com,(505) 925-3309,Inactive
EMP020427,Amanda,Moore,Amanda Moore,44,IT,Associate,New York,95290.01,6832.01,2020-03-25,21,43.8,amanda.moore@company.com,(470) 858-8706,Active
EMP020428,Lisa,Gonzalez,Lisa Gonzalez,31,Sales,Lead,Seattle,71389.96,9236.6,2023-01-11,4,80.8,lisa.gonzalez@company.com,(321) 809-7910,On Leave
EMP020429,Sarah,Brown,Sarah Brown,59,Operations,Coordinator,Chicago,95201.06,10626.59,2024-08-05,34,100.0,sarah.brown@company.com,(901) 834-5827,Active
EMP020430,Robert,Jackson,Robert Jackson,24,Marketing,Coordinator,San Francisco,74049.34,4223.49,2022-07-25,0,81.8,robert.jackson@company.com,(340) 559-8799,Active
EMP020431,Ashley,Garcia,Ashley Garcia,58,Finance,Director,San Francisco,107391.98,6935.53,2021-04-07,29,71.6,ashley.garcia@company.com,(853) 933-8105,Active
EMP020432,Christopher,Hernandez,Christopher Hernandez,57,IT,Coordinator,Seattle,104883.09,21217.67,2022-01-18,34,89.0,christopher.hernandez@company.com,(343) 559-9342,Active
EMP020433,Matthew,Jones,Matthew Jones,42,Marketing,Senior Developer,Seattle,69523.0,6649.96,2020-08-31,17,53.1,matthew.jones@company.com,(585) 510-3177,Active
EMP020434,Melissa,Davis,Melissa Davis,59,Operations,Associate,New York,75051.12,8117.09,2024-04-03,34,76.8,melissa.davis@company.com,(846) 465-8522,Active
EMP020435,Jessica,Anderson,Jessica Anderson,48,Marketing,Director,San Francisco,73997.91,9886.59,2022-08-03,19,81.9,jessica.anderson@company.com,(405) 666-1042,Active
EMP020436,Jessica,Williams,Jessica Williams,44,IT,Senior Developer,New York,64969.61,7116.28,2021-02-23,18,67.3,jessica.williams@company.com,(584) 383-7072,Active
EMP020437,James,Wilson,James Wilson,51,Operations,Specialist,New York,44724.19,7011.68,2024-06-19,23,74.2,james.wilson@company.com,(892) 397-2417,Active
EMP020438,David,Gonzalez,David Gonzalez,51,Sales,Director,Los Angeles,96623.27,11344.58,2022-11-02,24,61.1,david.gonzalez@company.com,(370) 806-4525,Inactive
EMP020439,Michael,Gonzalez,Michael Gonzalez,59,Marketing,Director,New York,80803.88,9628.82,2021-09-03,30,77.8,michael.gonzalez@company.com,(918) 392-9776,Active
EMP020440,John,Brown,John Brown,30,Legal,Director,Boston,95274.42,11008.42,2021-01-28,1,97.4,john.brown@company.com,(715) 485-3393,Active
EMP020441,Amanda,Williams,Amanda Williams,59,HR,Coordinator,Chicago,112930.26,2137.72,2022-05-01,33,76.1,amanda.williams@company.com,(827) 556-7859,Active
EMP020442,Sarah,Brown,Sarah Brown,43,Finance,Lead,Miami,71903.0,3659.78,2024-07-02,15,82.4,sarah.brown@company.com,(381) 440-8365,Active
EMP020443,Amanda,Martinez,Amanda Martinez,49,Finance,Director,New York,79984.92,13043.58,2024-07-04,20,75.6,amanda.martinez@company.com,(572) 352-4154,Active
EMP020444,Nicole,Jackson,Nicole Jackson,52,Operations,Coordinator,Seattle,77938.7,7093.78,2022-03-05,28,75.0,nicole.jackson@company.com,(355) 399-6743,Active
EMP020445,Anthony,Davis,Anthony Davis,39,Operations,Manager,Austin,57827.22,3747.58,2023-05-07,13,85.3,anthony.davis@company.com,(351) 776-1925,Active
EMP020446,Emily,Davis,Emily Davis,22,Sales,Specialist,San Francisco,58088.45,13879.2,2021-11-20,0,71.1,emily.davis@company.com,(210) 839-3664,Active
EMP020447,Nicole,Lopez,Nicole Lopez,53,IT,Senior Developer,Chicago,91939.91,13442.95,2021-02-24,24,57.1,nicole.lopez@company.com,(660) 290-1124,Active
EMP020448,Matthew,Jones,Matthew Jones,48,IT,Associate,Boston,83776.81,4542.88,2020-06-12,22,73.8,matthew.jones@company.com,(612) 864-4266,Active
EMP020449,Robert,Thomas,Robert Thomas,46,Marketing,Lead,Boston,70417.69,6403.96,2023-06-23,22,100.0,robert.thomas@company.com,(444) 795-1876,Active
EMP020450,Jane,Smith,Jane Smith,24,IT,Associate,Miami,60098.53,5834.79,2020-06-27,0,68.3,jane.smith@company.com,(631) 631-4796,Inactive
EMP020451,James,Williams,James Williams,42,Finance,Manager,Los Angeles,108877.02,11456.4,2021-05-17,19,71.6,james.williams@company.com,(607) 838-3897,Active
EMP020452,Melissa,Martin,Melissa Martin,49,Finance,Coordinator,Miami,121714.28,26538.77,2024-12-21,23,81.7,melissa.martin@company.com,(836) 249-8940,Active
EMP020453,Melissa,Taylor,Melissa Taylor,58,Marketing,Manager,Boston,105405.85,5953.9,2021-09-30,36,85.7,melissa.taylor@company.com,(568) 800-9737,Active
EMP020454,William,Martin,William Martin,47,Finance,Analyst,Miami,87454.47,10267.16,2021-09-13,21,85.3,william.martin@company.com,(315) 346-2706,Inactive
EMP020455,Melissa,Jackson,Melissa Jackson,37,Marketing,Lead,New York,71956.46,7350.85,2020-08-05,8,89.0,melissa.jackson@company.com,(602) 826-2065,Active
EMP020456,Christopher,Rodriguez,Christopher Rodriguez,37,HR,Specialist,Boston,54861.22,6949.26,2022-04-28,15,89.9,christopher.rodriguez@company.com,(282) 505-4406,Active
EMP020457,Christopher,Hernandez,Christopher Hernandez,45,Finance,Coordinator,Los Angeles,98844.8,18098.26,2020-06-11,16,92.2,christopher.hernandez@company.com,(599) 947-5984,Active
EMP020458,Anthony,Miller,Anthony Miller,32,IT,Manager,Los Angeles,71024.65,11633.97,2023-12-13,8,61.4,anthony.miller@company.com,(453) 689-2998,Active
EMP020459,Ashley,Wilson,Ashley Wilson,55,HR,Specialist,New York,66652.5,12976.93,2022-02-17,31,59.4,ashley.wilson@company.com,(476) 357-9236,Active
EMP020460,Nicole,Jones,Nicole Jones,55,Operations,Analyst,Seattle,74479.93,11748.13,2024-05-30,26,65.1,nicole.jones@company.com,(231) 424-2057,Active
EMP020461,Robert,Rodriguez,Robert Rodriguez,22,Engineering,Senior Developer,Chicago,62978.55,6354.79,2021-11-11,0,63.4,robert.rodriguez@company.com,(838) 201-5105,Active
EMP020462,Christopher,Wilson,Christopher Wilson,57,Legal,Lead,San Francisco,121538.77,17716.99,2021-05-07,33,100.0,christopher.wilson@company.com,(777) 984-6773,Active
EMP020463,Christopher,Wilson,Christopher Wilson,40,IT,Specialist,New York,85562.83,4800.73,2021-09-26,12,63.6,christopher.wilson@company.com,(755) 390-8414,Active
EMP020464,James,Rodriguez,James Rodriguez,38,Sales,Lead,Chicago,72801.07,10103.0,2020-03-05,15,65.3,james.rodriguez@company.com,(924) 252-7669,Active
EMP020465,James,Taylor,James Taylor,33,HR,Lead,Austin,67476.9,4130.67,2023-03-17,5,69.4,james.taylor@company.com,(343) 810-9920,Active
EMP020466,Anthony,Anderson,Anthony Anderson,30,Operations,Specialist,Los Angeles,50349.87,4505.04,2021-07-11,1,49.1,anthony.anderson@company.com,(652) 564-9939,Active
EMP020467,Matthew,Johnson,Matthew Johnson,27,Legal,Coordinator,San Francisco,85136.16,14311.24,2021-03-18,1,63.8,matthew.johnson@company.com,(496) 786-8413,Active
EMP020468,Jessica,Brown,Jessica Brown,35,HR,Coordinator,Miami,75787.55,6441.09,2020-06-20,13,90.6,jessica.brown@company.com,(425) 318-9197,Active
EMP020469,Lisa,Lopez,Lisa Lopez,49,IT,Lead,Miami,93240.74,11926.27,2022-12-24,22,61.2,lisa.lopez@company.com,(502) 854-1934,Active
EMP020470,Emily,Martin,Emily Martin,55,Legal,Director,New York,91826.37,7721.44,2024-02-13,29,81.0,emily.martin@company.com,(664) 284-9016,Inactive
EMP020471,Ashley,Moore,Ashley Moore,63,Operations,Coordinator,Miami,83829.12,8894.49,2020-10-07,39,87.5,ashley.moore@company.com,(769) 250-4170,Active
EMP020472,Christopher,Hernandez,Christopher Hernandez,42,Legal,Associate,New York,109642.4,12149.97,2020-05-31,14,67.7,christopher.hernandez@company.com,(379) 820-6326,Active
EMP020473,Robert,Martinez,Robert Martinez,46,Legal,Senior Developer,Seattle,89297.55,9281.68,2020-05-24,20,74.5,robert.martinez@company.com,(645) 971-8968,Active
EMP020474,Nicole,Anderson,Nicole Anderson,61,Legal,Specialist,San Francisco,107864.59,5178.06,2021-08-02,36,57.0,nicole.anderson@company.com,(551) 628-4227,Active
EMP020475,William,Wilson,William Wilson,55,Marketing,Lead,Seattle,68720.48,0.0,2020-03-21,33,56.2,william.wilson@company.com,(435) 924-4296,Active
EMP020476,James,Davis,James Davis,30,HR,Senior Developer,Chicago,44429.92,3862.44,2020-05-19,7,71.7,james.davis@company.com,(801) 352-4817,Active
EMP020477,William,Lopez,William Lopez,42,Legal,Coordinator,San Francisco,77814.49,6567.96,2024-10-07,17,81.6,william.lopez@company.com,(513) 220-7368,Active
EMP020478,Lisa,Smith,Lisa Smith,48,Operations,Specialist,Boston,72846.24,9597.96,2021-04-04,19,60.2,lisa.smith@company.com,(457) 611-4069,Active
EMP020479,Stephanie,Williams,Stephanie Williams,53,Finance,Analyst,New York,78599.23,3645.45,2020-08-21,30,59.2,stephanie.williams@company.com,(307) 568-7092,Active
EMP020480,Matthew,Lopez,Matthew Lopez,44,Marketing,Lead,Boston,80367.7,10997.48,2021-12-14,20,94.5,matthew.lopez@company.com,(548) 942-2684,Active
EMP020481,Daniel,Brown,Daniel Brown,61,Engineering,Specialist,San Francisco,120719.88,21259.04,2024-09-30,36,94.0,daniel.brown@company.com,(544) 471-2343,Active
EMP020482,Melissa,Anderson,Melissa Anderson,40,Marketing,Manager,Seattle,75066.15,5670.9,2022-12-15,17,68.5,melissa.anderson@company.com,(231) 662-6084,Active
EMP020483,David,Thomas,David Thomas,54,Sales,Associate,Los Angeles,81557.25,4827.99,2020-05-04,30,98.2,david.thomas@company.com,(863) 480-1677,Active
EMP020484,Nicole,Davis,Nicole Davis,31,Legal,Specialist,Miami,134371.61,12558.63,2022-03-01,4,68.1,nicole.davis@company.com,(726) 359-2972,Inactive
EMP020485,David,Jones,David Jones,58,IT,Associate,San Francisco,117822.31,5737.3,2023-03-05,36,84.2,david.jones@company.com,(326) 760-8374,Active
EMP020486,Daniel,Taylor,Daniel Taylor,40,Operations,Director,Chicago,70819.72,12444.71,2021-09-01,11,60.2,daniel.taylor@company.com,(703) 521-8753,Active
EMP020487,Amanda,Williams,Amanda Williams,46,Operations,Director,Chicago,47522.97,6281.04,2023-08-17,20,87.1,amanda.williams@company.com,(447) 368-6760,On Leave
EMP020488,Christopher,Miller,Christopher Miller,32,Finance,Manager,Seattle,73897.32,880.88,2023-04-15,7,74.8,christopher.miller@company.com,(310) 946-2741,Active
EMP020489,Ashley,Johnson,Ashley Johnson,60,IT,Lead,New York,105156.84,13123.07,2020-11-03,35,51.5,ashley.johnson@company.com,(812) 900-7863,Active
EMP020490,Daniel,Anderson,Daniel Anderson,57,Marketing,Coordinator,Austin,75636.53,0.0,2021-08-28,30,91.4,daniel.anderson@company.com,(230) 697-8101,Active
EMP020491,Anthony,Wilson,Anthony Wilson,27,IT,Specialist,Seattle,74726.39,9829.67,2022-09-13,4,66.9,anthony.wilson@company.com,(575) 450-9224,Active
EMP020492,Anthony,Hernandez,Anthony Hernandez,43,Finance,Specialist,New York,81804.86,10866.26,2023-01-11,19,85.4,anthony.hernandez@company.com,(835) 307-1284,Active
EMP020493,Lisa,Johnson,Lisa Johnson,29,Legal,Associate,Austin,93574.91,10699.74,2023-04-23,2,68.4,lisa.johnson@company.com,(517) 411-8394,Active
EMP020494,Jessica,Rodriguez,Jessica Rodriguez,59,Marketing,Specialist,Miami,87897.62,9938.11,2021-06-27,34,62.0,jessica.rodriguez@company.com,(361) 542-3889,Active
EMP020495,Matthew,Miller,Matthew Miller,52,Finance,Associate,Boston,61326.58,7031.25,2022-10-12,24,99.7,matthew.miller@company.com,(255) 340-4224,Active
EMP020496,David,Martinez,David Martinez,38,Finance,Senior Developer,Boston,68130.99,7492.33,2020-10-28,13,83.4,david.martinez@company.com,(500) 261-5773,On Leave
EMP020497,Lisa,Gonzalez,Lisa Gonzalez,55,Sales,Lead,San Francisco,66113.96,5991.9,2022-01-18,33,69.6,lisa.gonzalez@company.com,(269) 922-1621,Active
EMP020498,Lisa,Martin,Lisa Martin,46,Engineering,Senior Developer,New York,144013.75,15234.38,2020-01-14,17,57.8,lisa.martin@company.com,(615) 786-7657,Active
EMP020499,Jessica,Jackson,Jessica Jackson,45,Sales,Senior Developer,Los Angeles,97685.87,11947.58,2023-01-09,23,88.4,jessica.jackson@company.com,(729) 713-5714,Active
EMP020500,Jessica,Jones,Jessica Jones,44,Finance,Specialist,Los Angeles,76778.02,11202.83,2021-07-06,15,56.2,jessica.jones@company.com,(792) 862-8439,Active
EMP020501,Stephanie,Jones,Stephanie Jones,63,Sales,Manager,San Francisco,74725.44,2834.19,2022-01-14,37,87.8,stephanie.jones@company.com,(857) 544-7314,Active
EMP020502,Melissa,Garcia,Melissa Garcia,34,Engineering,Lead,New York,82131.44,6032.81,2023-09-11,8,58.6,melissa.garcia@company.com,(272) 645-7404,Active
EMP020503,James,Lopez,James Lopez,61,Sales,Specialist,New York,95994.1,4893.04,2020-06-28,35,70.3,james.lopez@company.com,(517) 995-6475,Active
EMP020504,Matthew,Garcia,Matthew Garcia,23,Sales,Lead,Seattle,61495.38,3745.74,2021-06-27,0,77.0,matthew.garcia@company.com,(571) 976-1770,Inactive
EMP020505,Stephanie,Davis,Stephanie Davis,65,Marketing,Coordinator,San Francisco,89504.56,2694.27,2020-02-24,41,76.3,stephanie.davis@company.com,(725) 967-5394,Active
EMP020506,John,Brown,John Brown,24,IT,Director,Austin,59622.84,7014.47,2024-01-11,0,72.2,john.brown@company.com,(557) 213-4055,On Leave
EMP020507,Christopher,Wilson,Christopher Wilson,28,Marketing,Analyst,Austin,37830.65,6021.22,2022-10-08,0,77.4,christopher.wilson@company.com,(607) 856-1692,Active
EMP020508,Lisa,Johnson,Lisa Johnson,28,Legal,Senior Developer,Los Angeles,71316.51,7684.25,2022-08-10,0,69.6,lisa.johnson@company.com,(212) 347-4724,Active
EMP020509,Ashley,Wilson,Ashley Wilson,29,Operations,Analyst,Los Angeles,72422.4,4378.42,2022-01-07,1,90.7,ashley.wilson@company.com,(739) 665-5520,Active
EMP020510,Stephanie,Thomas,Stephanie Thomas,61,Sales,Director,Miami,93855.09,9247.94,2022-07-16,36,75.8,stephanie.thomas@company.com,(394) 341-3694,Inactive
EMP020511,Jane,Hernandez,Jane Hernandez,28,Legal,Associate,Miami,86845.82,9317.38,2022-05-10,6,96.0,jane.hernandez@company.com,(921) 239-5576,Active
EMP020512,Sarah,Thomas,Sarah Thomas,36,Engineering,Specialist,New York,84712.31,1801.96,2023-08-06,11,45.7,sarah.thomas@company.com,(406) 541-5771,Active
EMP020513,Daniel,Williams,Daniel Williams,48,Operations,Analyst,Los Angeles,41604.47,6192.66,2023-01-02,19,82.7,daniel.williams@company.com,(996) 463-6860,Active
EMP020514,Robert,Williams,Robert Williams,56,IT,Lead,New York,81387.73,10886.18,2021-08-26,28,100.0,robert.williams@company.com,(769) 763-3706,Active
EMP020515,Ashley,Johnson,Ashley Johnson,58,Sales,Coordinator,Miami,71710.59,6776.01,2021-06-01,31,54.3,ashley.johnson@company.com,(904) 490-8974,Active
EMP020516,Nicole,Gonzalez,Nicole Gonzalez,44,Marketing,Lead,Chicago,73036.39,4325.57,2021-03-26,15,79.1,nicole.gonzalez@company.com,(283) 986-7757,Active
EMP020517,Emily,Davis,Emily Davis,40,IT,Senior Developer,New York,81135.26,12446.75,2020-06-26,17,74.5,emily.davis@company.com,(293) 973-7495,Inactive
EMP020518,Daniel,Smith,Daniel Smith,62,HR,Specialist,Austin,106810.91,5439.75,2023-03-28,36,64.5,daniel.smith@company.com,(629) 387-7615,Active
EMP020519,Anthony,Smith,Anthony Smith,43,Operations,Coordinator,Seattle,54424.81,5065.37,2024-03-30,15,44.5,anthony.smith@company.com,(878) 470-7907,Active
EMP020520,Daniel,Taylor,Daniel Taylor,24,Legal,Senior Developer,Austin,56044.99,4232.21,2022-04-13,0,85.6,daniel.taylor@company.com,(768) 863-1740,Inactive
EMP020521,John,Williams,John Williams,32,Operations,Director,Los Angeles,51873.43,6902.26,2021-03-15,7,52.8,john.williams@company.com,(696) 212-5918,Active
EMP020522,David,Gonzalez,David Gonzalez,38,Legal,Manager,Boston,126791.58,7929.94,2020-01-27,10,83.8,david.gonzalez@company.com,(963) 843-5961,Active
EMP020523,Melissa,Miller,Melissa Miller,39,Operations,Manager,Seattle,69446.6,4615.7,2020-10-28,17,51.5,melissa.miller@company.com,(504) 548-5962,On Leave
EMP020524,John,Hernandez,John Hernandez,37,Finance,Coordinator,Austin,83475.28,9428.23,2024-04-23,10,86.3,john.hernandez@company.com,(451) 605-1728,Active
EMP020525,John,Jones,John Jones,39,Sales,Director,Miami,63665.14,6130.29,2021-04-03,16,71.0,john.jones@company.com,(829) 984-2334,Active
EMP020526,David,Lopez,David Lopez,44,Engineering,Coordinator,Austin,66676.14,9105.21,2020-04-18,21,55.3,david.lopez@company.com,(924) 944-7274,On Leave
EMP020527,David,Lopez,David Lopez,37,Engineering,Associate,Miami,93551.86,5019.78,2024-03-08,13,53.2,david.lopez@company.com,(332) 499-4671,Active
EMP020528,Amanda,Martin,Amanda Martin,22,HR,Lead,Miami,55705.34,4307.49,2024-08-08,0,51.4,amanda.martin@company.com,(499) 325-6064,Inactive
EMP020529,Anthony,Gonzalez,Anthony Gonzalez,45,Legal,Director,Chicago,75299.09,3068.17,2021-04-06,18,99.8,anthony.gonzalez@company.com,(247) 928-5268,Active
EMP020530,John,Lopez,John Lopez,28,IT,Manager,Seattle,69623.22,10163.39,2022-12-12,6,87.3,john.lopez@company.com,(940) 934-7303,Inactive
EMP020531,Melissa,Jackson,Melissa Jackson,64,Marketing,Analyst,Austin,81074.48,4754.9,2020-05-31,38,60.5,melissa.jackson@company.com,(334) 717-5684,Active
EMP020532,Lisa,Wilson,Lisa Wilson,65,Legal,Coordinator,New York,108788.03,1556.78,2024-07-26,43,94.2,lisa.wilson@company.com,(578) 288-2143,Active
EMP020533,Emily,Williams,Emily Williams,51,Engineering,Senior Developer,New York,113835.78,17246.31,2022-02-04,23,80.9,emily.williams@company.com,(413) 292-6614,Inactive
EMP020534,Melissa,Garcia,Melissa Garcia,23,Finance,Manager,San Francisco,56410.58,7056.99,2023-02-05,0,73.4,melissa.garcia@company.com,(690) 829-3438,On Leave
EMP020535,Emily,Wilson,Emily Wilson,48,HR,Lead,New York,63741.81,7736.57,2022-07-22,21,47.6,emily.wilson@company.com,(237) 252-5008,Active
EMP020536,Lisa,Martin,Lisa Martin,25,Sales,Senior Developer,Miami,50982.86,7209.09,2021-07-26,3,59.3,lisa.martin@company.com,(756) 450-1032,Active
EMP020537,Christopher,Brown,Christopher Brown,52,Legal,Coordinator,Boston,110543.94,12050.01,2023-09-10,25,69.7,christopher.brown@company.com,(783) 732-8219,Active
EMP020538,Lisa,Anderson,Lisa Anderson,45,Legal,Lead,Chicago,108577.02,11174.15,2021-08-21,16,63.0,lisa.anderson@company.com,(647) 680-2210,Active
EMP020539,Jessica,Smith,Jessica Smith,28,Finance,Coordinator,Los Angeles,58528.32,7911.15,2023-01-13,0,96.1,jessica.smith@company.com,(433) 279-4931,Inactive
EMP020540,Michael,Lopez,Michael Lopez,23,Marketing,Director,Seattle,52034.24,6304.07,2024-10-30,0,69.3,michael.lopez@company.com,(746) 459-5906,Active
EMP020541,Christopher,Williams,Christopher Williams,43,HR,Associate,San Francisco,64365.87,3119.35,2020-07-18,19,67.8,christopher.williams@company.com,(586) 892-4581,Active
EMP020542,Lisa,Gonzalez,Lisa Gonzalez,26,IT,Director,Miami,70025.38,3590.39,2022-02-13,0,82.9,lisa.gonzalez@company.com,(442) 271-2402,On Leave
EMP020543,Michael,Thomas,Michael Thomas,52,Sales,Manager,Chicago,60785.62,9889.94,2021-09-02,28,61.2,michael.thomas@company.com,(738) 426-3683,Active
EMP020544,Michael,Anderson,Michael Anderson,25,HR,Coordinator,New York,55210.58,9884.55,2023-11-01,0,93.7,michael.anderson@company.com,(377) 575-2850,Active
EMP020545,Daniel,Williams,Daniel Williams,53,Engineering,Senior Developer,Seattle,124200.8,10461.21,2020-01-01,31,79.0,daniel.williams@company.com,(880) 947-3916,Active
EMP020546,Amanda,Hernandez,Amanda Hernandez,49,IT,Senior Developer,Austin,62971.51,8868.7,2022-10-23,21,92.2,amanda.hernandez@company.com,(714) 241-7871,Active
EMP020547,Melissa,Jackson,Melissa Jackson,39,HR,Analyst,Austin,64074.22,4091.08,2024-09-05,11,76.8,melissa.jackson@company.com,(351) 548-1617,Active
EMP020548,John,Anderson,John Anderson,50,HR,Associate,Los Angeles,88672.24,2486.45,2020-12-21,21,77.7,john.anderson@company.com,(436) 223-8975,Active
EMP020549,Anthony,Lopez,Anthony Lopez,54,IT,Coordinator,Boston,120329.5,4147.93,2024-11-04,26,76.4,anthony.lopez@company.com,(603) 348-4576,Active
EMP020550,Michael,Jones,Michael Jones,60,Marketing,Specialist,Boston,82770.44,5952.74,2024-01-09,35,90.2,michael.jones@company.com,(576) 680-1708,Active
EMP020551,Sarah,Brown,Sarah Brown,38,Engineering,Manager,Miami,90172.16,14414.97,2023-08-14,14,78.1,sarah.brown@company.com,(388) 360-9130,Active
EMP020552,James,Jones,James Jones,36,HR,Manager,San Francisco,56893.44,3294.56,2024-02-04,11,77.1,james.jones@company.com,(451) 575-6132,Active
EMP020553,John,Taylor,John Taylor,36,Sales,Analyst,San Francisco,77655.94,6451.03,2023-02-13,11,65.4,john.taylor@company.com,(267) 313-5136,Active
EMP020554,Nicole,Moore,Nicole Moore,26,Engineering,Analyst,Chicago,118519.92,16247.66,2023-02-23,0,37.0,nicole.moore@company.com,(460) 439-9566,Active
EMP020555,David,Moore,David Moore,61,IT,Analyst,Seattle,96987.34,8665.9,2021-05-23,32,68.7,david.moore@company.com,(593) 804-2729,Active
EMP020556,Jane,Wilson,Jane Wilson,58,HR,Manager,Chicago,87667.13,9736.14,2020-04-08,30,76.8,jane.wilson@company.com,(930) 291-7665,Active
EMP020557,Sarah,Davis,Sarah Davis,25,Operations,Senior Developer,Miami,68301.48,1369.28,2023-09-30,0,82.2,sarah.davis@company.com,(928) 317-3061,Active
EMP020558,Sarah,Gonzalez,Sarah Gonzalez,57,HR,Lead,Seattle,82264.47,16191.1,2024-10-05,30,89.7,sarah.gonzalez@company.com,(317) 917-4300,Inactive
EMP020559,Ashley,Miller,Ashley Miller,61,Marketing,Associate,Miami,97310.56,11373.57,2022-11-13,35,58.9,ashley.miller@company.com,(666) 326-6370,Active
EMP020560,Nicole,Jones,Nicole Jones,58,HR,Coordinator,Los Angeles,89488.0,12241.74,2024-06-03,33,73.1,nicole.jones@company.com,(752) 230-5520,Active
EMP020561,Jessica,Johnson,Jessica Johnson,47,Sales,Associate,Miami,69440.1,6488.04,2021-12-31,25,86.0,jessica.johnson@company.com,(473) 583-5997,Inactive
EMP020562,Amanda,Jones,Amanda Jones,30,Operations,Director,San Francisco,79877.21,8013.23,2021-12-16,1,78.8,amanda.jones@company.com,(913) 218-4268,Inactive
EMP020563,Anthony,Jones,Anthony Jones,24,Legal,Specialist,New York,62672.48,5687.59,2020-03-02,0,62.2,anthony.jones@company.com,(390) 676-9214,Active
EMP020564,Stephanie,Garcia,Stephanie Garcia,50,Legal,Senior Developer,Chicago,87303.22,8785.87,2022-05-28,21,87.2,stephanie.garcia@company.com,(839) 328-9420,Active
EMP020565,Daniel,Martin,Daniel Martin,47,Engineering,Senior Developer,Seattle,96649.43,5366.65,2022-12-03,24,95.2,daniel.martin@company.com,(433) 576-6338,Active
EMP020566,David,Johnson,David Johnson,37,Marketing,Director,Austin,59147.58,7790.13,2020-04-08,9,78.8,david.johnson@company.com,(706) 286-5376,Active
EMP020567,Jessica,Smith,Jessica Smith,65,Engineering,Senior Developer,Los Angeles,110879.6,3243.58,2022-10-31,40,99.1,jessica.smith@company.com,(641) 432-1869,Active
EMP020568,Nicole,Lopez,Nicole Lopez,39,Operations,Analyst,Austin,42259.62,7011.08,2021-06-23,15,95.5,nicole.lopez@company.com,(267) 960-3393,Active
EMP020569,Daniel,Johnson,Daniel Johnson,62,Engineering,Director,Austin,120310.95,11348.22,2020-01-11,38,100.0,daniel.johnson@company.com,(951) 302-4387,Active
EMP020570,Lisa,Lopez,Lisa Lopez,27,Legal,Director,New York,75579.22,12450.16,2022-03-20,0,59.6,lisa.lopez@company.com,(603) 354-8980,Active
EMP020571,Lisa,Martin,Lisa Martin,54,Marketing,Director,Miami,85039.06,13921.96,2022-11-05,28,57.0,lisa.martin@company.com,(701) 498-2951,Active
EMP020572,David,Miller,David Miller,29,Engineering,Specialist,Austin,48009.69,4956.47,2023-01-27,4,73.1,david.miller@company.com,(278) 808-2530,Active
EMP020573,Robert,Davis,Robert Davis,59,Marketing,Associate,Miami,82009.35,3149.69,2024-11-18,37,54.5,robert.davis@company.com,(367) 306-2396,On Leave
EMP020574,Michael,Williams,Michael Williams,49,Finance,Specialist,Seattle,61640.64,9700.51,2020-03-31,21,71.4,michael.williams@company.com,(361) 425-2026,Inactive
EMP020575,Stephanie,Lopez,Stephanie Lopez,61,Finance,Associate,Seattle,92280.11,6096.63,2024-07-12,35,95.6,stephanie.lopez@company.com,(846) 269-8801,Inactive
EMP020576,Melissa,Anderson,Melissa Anderson,29,Legal,Director,Austin,61738.79,1850.48,2020-09-06,1,71.1,melissa.anderson@company.com,(976) 563-3544,Active
EMP020577,Jessica,Johnson,Jessica Johnson,40,Sales,Senior Developer,Boston,79882.91,9641.22,2022-05-15,12,56.1,jessica.johnson@company.com,(325) 579-3153,Active
EMP020578,Lisa,Wilson,Lisa Wilson,64,Engineering,Lead,Los Angeles,109980.97,11465.6,2020-12-01,40,47.3,lisa.wilson@company.com,(343) 317-8679,Active
EMP020579,Sarah,Thomas,Sarah Thomas,47,HR,Analyst,Los Angeles,52809.67,3513.46,2022-09-01,24,63.3,sarah.thomas@company.com,(272) 817-6834,Active
EMP020580,Michael,Taylor,Michael Taylor,61,HR,Associate,Miami,70114.03,5119.92,2020-08-09,36,76.4,michael.taylor@company.com,(379) 701-9633,Active
EMP020581,Emily,Williams,Emily Williams,61,Engineering,Senior Developer,Chicago,141911.13,26802.84,2021-11-04,36,79.5,emily.williams@company.com,(503) 683-6857,On Leave
EMP020582,Sarah,Wilson,Sarah Wilson,62,Marketing,Senior Developer,Seattle,72316.78,12067.74,2023-07-13,34,50.3,sarah.wilson@company.com,(282) 765-4919,Inactive
EMP020583,Amanda,Brown,Amanda Brown,26,Marketing,Analyst,Seattle,28500.0,5349.78,2020-09-09,3,100.0,amanda.brown@company.com,(756) 310-3124,Active
EMP020584,Jessica,Davis,Jessica Davis,36,Sales,Manager,Miami,79050.26,5262.41,2023-04-21,14,99.3,jessica.davis@company.com,(484) 791-2787,Active
EMP020585,Stephanie,Gonzalez,Stephanie Gonzalez,55,Legal,Senior Developer,San Francisco,91093.52,13658.65,2021-12-28,33,93.2,stephanie.gonzalez@company.com,(971) 736-3912,Active
EMP020586,Emily,Gonzalez,Emily Gonzalez,24,Finance,Director,New York,50918.1,5023.42,2021-11-13,1,70.1,emily.gonzalez@company.com,(642) 509-1107,Active
EMP020587,Matthew,Gonzalez,Matthew Gonzalez,44,Operations,Specialist,San Francisco,52938.7,6109.14,2021-02-19,16,92.1,matthew.gonzalez@company.com,(250) 902-9316,Active
EMP020588,Michael,Brown,Michael Brown,44,HR,Coordinator,Boston,75612.54,11556.51,2023-08-06,16,65.9,michael.brown@company.com,(864) 595-8839,Inactive
EMP020589,David,Brown,David Brown,57,HR,Coordinator,Miami,93153.63,6198.68,2022-12-24,35,96.4,david.brown@company.com,(550) 964-8508,Active
EMP020590,Sarah,Anderson,Sarah Anderson,45,Engineering,Director,San Francisco,70156.48,9853.0,2021-09-06,16,73.7,sarah.anderson@company.com,(742) 826-1015,Active
EMP020591,Stephanie,Davis,Stephanie Davis,55,Marketing,Analyst,Austin,90014.66,5062.83,2020-09-14,31,77.8,stephanie.davis@company.com,(242) 792-5089,Active
EMP020592,Jane,Martin,Jane Martin,29,Engineering,Specialist,San Francisco,69758.74,3076.8,2021-10-07,4,79.9,jane.martin@company.com,(999) 221-1469,Active
EMP020593,Jessica,Martinez,Jessica Martinez,42,Engineering,Lead,Austin,91953.75,6109.92,2020-07-28,15,72.9,jessica.martinez@company.com,(855) 550-3256,Active
EMP020594,Amanda,Miller,Amanda Miller,51,HR,Manager,San Francisco,52236.93,2162.64,2021-12-09,28,86.2,amanda.miller@company.com,(886) 644-3601,Active
EMP020595,John,Martin,John Martin,49,HR,Manager,Chicago,87778.58,30.79,2022-10-08,26,59.7,john.martin@company.com,(461) 682-8991,Active
EMP020596,Melissa,Wilson,Melissa Wilson,49,Finance,Specialist,Austin,98657.98,0.0,2021-02-12,26,100.0,melissa.wilson@company.com,(814) 347-5902,Active
EMP020597,Amanda,Lopez,Amanda Lopez,53,Marketing,Associate,Austin,85272.47,11230.77,2021-12-21,30,100.0,amanda.lopez@company.com,(658) 816-8341,Active
EMP020598,Emily,Miller,Emily Miller,45,Legal,Lead,San Francisco,113668.4,17043.84,2021-08-21,21,90.7,emily.miller@company.com,(252) 816-9475,Active
EMP020599,David,Lopez,David Lopez,49,IT,Manager,Boston,93914.24,13187.11,2023-02-02,26,79.9,david.lopez@company.com,(459) 719-2670,Active
EMP020600,Robert,Martin,Robert Martin,64,Marketing,Associate,New York,78601.44,6142.21,2020-05-03,35,69.2,robert.martin@company.com,(389) 611-6737,Active
EMP020601,Ashley,Thomas,Ashley Thomas,26,Legal,Coordinator,Miami,85110.2,4820.35,2020-06-18,1,73.4,ashley.thomas@company.com,(980) 471-1849,Active
EMP020602,Christopher,Williams,Christopher Williams,40,IT,Director,Austin,69953.77,8015.62,2021-12-02,14,85.5,christopher.williams@company.com,(615) 308-1245,Active
EMP020603,Christopher,Jackson,Christopher Jackson,23,Operations,Coordinator,Austin,53095.15,5443.88,2022-01-01,0,88.1,christopher.jackson@company.com,(245) 372-2381,Active
EMP020604,James,Smith,James Smith,22,Engineering,Coordinator,Boston,61050.07,3694.16,2020-10-27,0,53.0,james.smith@company.com,(766) 717-9433,Active
EMP020605,Jessica,Williams,Jessica Williams,56,Operations,Coordinator,Boston,64866.29,10413.79,2022-08-15,34,95.2,jessica.williams@company.com,(813) 487-7205,Active
EMP020606,Anthony,Anderson,Anthony Anderson,41,Engineering,Manager,San Francisco,112722.07,6053.85,2020-07-29,18,94.9,anthony.anderson@company.com,(729) 907-6875,Active
EMP020607,Jessica,Martin,Jessica Martin,22,HR,Specialist,New York,63108.39,9057.27,2022-05-25,0,77.0,jessica.martin@company.com,(506) 657-1622,Active
EMP020608,Jessica,Johnson,Jessica Johnson,25,HR,Lead,Chicago,31858.57,0.0,2020-07-29,0,62.7,jessica.johnson@company.com,(616) 333-7916,Active
EMP020609,Nicole,Rodriguez,Nicole Rodriguez,34,Marketing,Coordinator,Chicago,54973.33,5626.11,2022-10-16,7,57.1,nicole.rodriguez@company.com,(404) 979-4736,Active
EMP020610,Lisa,Martinez,Lisa Martinez,38,IT,Coordinator,Los Angeles,80312.13,9859.84,2022-01-04,16,77.0,lisa.martinez@company.com,(681) 298-4732,Active
EMP020611,Stephanie,Anderson,Stephanie Anderson,46,Marketing,Director,Chicago,49611.43,10127.91,2021-08-15,20,68.0,stephanie.anderson@company.com,(438) 239-3483,Active
EMP020612,Stephanie,Davis,Stephanie Davis,29,HR,Senior Developer,Boston,46784.43,5380.65,2021-02-06,3,91.8,stephanie.davis@company.com,(910) 346-3214,Active
EMP020613,Anthony,Jackson,Anthony Jackson,56,HR,Associate,Los Angeles,55890.7,3726.33,2023-12-19,31,68.6,anthony.jackson@company.com,(559) 558-8805,Active
EMP020614,Nicole,Williams,Nicole Williams,29,IT,Specialist,New York,122567.41,20497.54,2021-06-03,5,62.8,nicole.williams@company.com,(304) 657-2500,Active
EMP020615,Christopher,Smith,Christopher Smith,22,HR,Specialist,San Francisco,54909.97,8963.01,2022-01-06,0,83.8,christopher.smith@company.com,(204) 349-4986,Active
EMP020616,Jessica,Miller,Jessica Miller,46,Finance,Associate,Boston,78018.18,4673.92,2021-04-29,20,74.6,jessica.miller@company.com,(341) 390-8744,Active
EMP020617,Amanda,Wilson,Amanda Wilson,41,Engineering,Analyst,Boston,127244.19,12018.33,2023-01-15,17,57.0,amanda.wilson@company.com,(258) 441-4905,Active
EMP020618,Lisa,Anderson,Lisa Anderson,34,Marketing,Coordinator,Los Angeles,58750.58,5148.38,2022-02-26,5,84.5,lisa.anderson@company.com,(738) 788-1222,Active
EMP020619,Anthony,Lopez,Anthony Lopez,65,Sales,Analyst,Miami,91250.25,8171.17,2020-04-20,38,41.4,anthony.lopez@company.com,(617) 256-6988,Active
EMP020620,James,Gonzalez,James Gonzalez,37,Finance,Analyst,New York,84373.15,5574.58,2024-11-27,11,74.6,james.gonzalez@company.com,(231) 205-7448,Active
EMP020621,Amanda,Lopez,Amanda Lopez,23,HR,Associate,Seattle,54355.45,6772.83,2023-10-17,0,68.5,amanda.lopez@company.com,(393) 673-2310,Active
EMP020622,John,Miller,John Miller,46,HR,Coordinator,San Francisco,84347.79,6312.32,2022-01-13,23,75.8,john.miller@company.com,(524) 917-7517,Active
EMP020623,Jane,Lopez,Jane Lopez,36,Operations,Director,New York,78694.4,4078.73,2024-09-13,7,68.7,jane.lopez@company.com,(846) 673-1650,Active
EMP020624,Lisa,Taylor,Lisa Taylor,22,Finance,Manager,Seattle,74580.68,11103.05,2023-01-02,0,94.3,lisa.taylor@company.com,(930) 862-6807,On Leave
EMP020625,Robert,Gonzalez,Robert Gonzalez,24,Finance,Manager,San Francisco,33000.0,3555.0,2024-04-26,1,76.7,robert.gonzalez@company.com,(215) 934-4950,Active
EMP020626,Nicole,Brown,Nicole Brown,55,Marketing,Lead,Austin,79061.83,12482.18,2022-02-12,33,72.7,nicole.brown@company.com,(795) 820-8181,Active
EMP020627,John,Hernandez,John Hernandez,49,Finance,Senior Developer,New York,82092.7,3660.17,2023-07-15,22,100.0,john.hernandez@company.com,(617) 510-5563,Active
EMP020628,Amanda,Jackson,Amanda Jackson,52,Marketing,Manager,Boston,101118.64,12437.64,2023-04-18,25,100.0,amanda.jackson@company.com,(655) 598-7487,Active
EMP020629,Jane,Martin,Jane Martin,47,Engineering,Analyst,Seattle,97861.3,15708.36,2020-03-11,18,56.5,jane.martin@company.com,(754) 933-6120,Inactive
EMP020630,William,Wilson,William Wilson,56,Marketing,Specialist,Seattle,81309.57,9608.64,2022-08-12,30,50.5,william.wilson@company.com,(230) 562-4084,Active
EMP020631,Michael,Miller,Michael Miller,53,Finance,Associate,San Francisco,99132.65,5595.43,2020-02-16,30,76.7,michael.miller@company.com,(417) 222-6032,Active
EMP020632,Christopher,Martinez,Christopher Martinez,40,Legal,Director,Boston,94528.62,8853.26,2024-10-16,17,90.8,christopher.martinez@company.com,(457) 638-5202,Active
EMP020633,Nicole,Rodriguez,Nicole Rodriguez,43,HR,Coordinator,Boston,52648.27,6937.72,2023-11-07,18,73.4,nicole.rodriguez@company.com,(216) 837-4681,Inactive
EMP020634,Emily,Thomas,Emily Thomas,63,Finance,Analyst,Boston,87644.8,10869.52,2022-09-06,40,91.1,emily.thomas@company.com,(406) 745-8840,Active
EMP020635,Sarah,Gonzalez,Sarah Gonzalez,36,Operations,Lead,Austin,49823.57,5851.79,2024-01-08,11,67.0,sarah.gonzalez@company.com,(611) 290-8190,Active
EMP020636,Anthony,Moore,Anthony Moore,37,Marketing,Manager,Miami,59826.8,12143.12,2022-06-05,9,65.9,anthony.moore@company.com,(845) 753-9077,Active
EMP020637,Lisa,Gonzalez,Lisa Gonzalez,23,Engineering,Analyst,Seattle,110336.91,17757.37,2023-05-15,0,58.6,lisa.gonzalez@company.com,(614) 929-8351,Active
EMP020638,Michael,Hernandez,Michael Hernandez,42,Sales,Coordinator,Boston,82444.44,7488.82,2022-09-01,17,90.4,michael.hernandez@company.com,(501) 625-2381,Active
EMP020639,Melissa,Miller,Melissa Miller,62,Sales,Analyst,Los Angeles,103778.63,17877.67,2021-11-19,37,70.0,melissa.miller@company.com,(870) 952-6269,Active
EMP020640,Amanda,Jackson,Amanda Jackson,27,Operations,Lead,Boston,55564.97,4801.18,2022-11-06,3,32.6,amanda.jackson@company.com,(741) 870-6472,Active
EMP020641,Nicole,Williams,Nicole Williams,32,Finance,Analyst,San Francisco,77000.18,9417.92,2021-12-12,3,98.2,nicole.williams@company.com,(568) 828-7605,Inactive
EMP020642,Christopher,Moore,Christopher Moore,53,Finance,Senior Developer,San Francisco,82662.94,9101.98,2023-07-19,26,80.3,christopher.moore@company.com,(765) 437-6378,Active
EMP020643,Amanda,Rodriguez,Amanda Rodriguez,59,Sales,Manager,San Francisco,81590.11,8030.04,2024-02-02,31,41.2,amanda.rodriguez@company.com,(486) 740-5293,Inactive
EMP020644,James,Wilson,James Wilson,50,Engineering,Director,New York,92543.83,6994.62,2023-06-06,21,75.3,james.wilson@company.com,(678) 855-7264,Active
EMP020645,Jane,Williams,Jane Williams,23,Sales,Coordinator,New York,71253.86,9319.13,2020-11-04,1,59.2,jane.williams@company.com,(784) 783-3804,Active
EMP020646,Ashley,Williams,Ashley Williams,36,Finance,Director,Boston,89491.04,8560.47,2021-06-13,11,84.2,ashley.williams@company.com,(860) 813-4376,Active
EMP020647,James,Rodriguez,James Rodriguez,58,Marketing,Director,Los Angeles,85037.24,9645.61,2022-10-17,36,88.0,james.rodriguez@company.com,(745) 308-9586,Active
EMP020648,Lisa,Gonzalez,Lisa Gonzalez,33,Finance,Associate,New York,93161.52,12117.74,2024-03-29,6,93.0,lisa.gonzalez@company.com,(220) 250-2295,Active
EMP020649,Nicole,Brown,Nicole Brown,23,Marketing,Specialist,New York,56886.62,9774.02,2021-08-07,0,87.2,nicole.brown@company.com,(405) 331-2029,Active
EMP020650,Ashley,Gonzalez,Ashley Gonzalez,29,IT,Associate,Seattle,89435.17,16590.15,2020-04-22,4,99.9,ashley.gonzalez@company.com,(447) 770-2570,Active
EMP020651,Jessica,Brown,Jessica Brown,60,HR,Specialist,Miami,73407.29,7534.29,2021-02-24,32,73.1,jessica.brown@company.com,(576) 305-5381,Active
EMP020652,Jane,Williams,Jane Williams,45,Sales,Senior Developer,Chicago,75957.62,9413.53,2021-07-06,16,87.3,jane.williams@company.com,(382) 798-7182,Active
EMP020653,Melissa,Smith,Melissa Smith,53,Marketing,Lead,Miami,79726.74,10773.21,2024-03-26,29,70.5,melissa.smith@company.com,(856) 543-6445,Active
EMP020654,Michael,Anderson,Michael Anderson,57,Operations,Specialist,Seattle,52868.9,9153.93,2020-04-03,30,83.1,michael.anderson@company.com,(360) 725-1845,Active
EMP020655,John,Davis,John Davis,40,Operations,Senior Developer,Chicago,40410.53,6138.32,2021-01-07,12,63.9,john.davis@company.com,(510) 723-8403,Active
EMP020656,Melissa,Jackson,Melissa Jackson,55,HR,Senior Developer,Boston,63643.86,7733.24,2024-11-02,31,82.7,melissa.jackson@company.com,(695) 522-2722,Inactive
EMP020657,Emily,Miller,Emily Miller,64,IT,Analyst,New York,118376.91,9002.84,2021-01-06,41,80.8,emily.miller@company.com,(512) 597-4594,Active
EMP020658,Ashley,Brown,Ashley Brown,37,IT,Manager,Los Angeles,50036.72,4421.41,2024-01-17,12,90.5,ashley.brown@company.com,(999) 732-5291,On Leave
EMP020659,Michael,Davis,Michael Davis,42,Engineering,Associate,Los Angeles,81620.94,5521.91,2022-09-27,13,72.7,michael.davis@company.com,(667) 568-5728,Active
EMP020660,Matthew,Rodriguez,Matthew Rodriguez,38,Legal,Associate,New York,76298.21,9113.53,2023-05-25,15,55.5,matthew.rodriguez@company.com,(566) 474-9700,Active
EMP020661,Anthony,Martin,Anthony Martin,55,Marketing,Analyst,Chicago,99791.14,12130.78,2024-12-19,26,34.7,anthony.martin@company.com,(985) 333-3608,Active
EMP020662,Ashley,Taylor,Ashley Taylor,43,HR,Senior Developer,Austin,83958.51,3967.64,2024-03-12,18,56.2,ashley.taylor@company.com,(369) 218-8886,Active
EMP020663,Matthew,Hernandez,Matthew Hernandez,41,Finance,Director,San Francisco,50392.62,3889.71,2023-04-16,12,95.2,matthew.hernandez@company.com,(270) 899-8817,Active
EMP020664,Melissa,Taylor,Melissa Taylor,63,Marketing,Coordinator,Boston,74837.18,11318.78,2023-12-23,39,66.5,melissa.taylor@company.com,(965) 813-2388,Inactive
EMP020665,Ashley,Taylor,Ashley Taylor,44,Marketing,Coordinator,Seattle,64392.2,2355.7,2020-11-18,19,70.7,ashley.taylor@company.com,(771) 994-1241,Active
EMP020666,Amanda,Martin,Amanda Martin,27,Finance,Coordinator,New York,64964.81,8462.88,2024-05-14,1,68.3,amanda.martin@company.com,(213) 508-3399,Active
EMP020667,Michael,Smith,Michael Smith,31,Sales,Analyst,Miami,64116.24,8481.74,2020-04-14,5,75.7,michael.smith@company.com,(528) 743-7567,Active
EMP020668,Ashley,Gonzalez,Ashley Gonzalez,62,Marketing,Analyst,Seattle,78566.78,3964.37,2020-07-15,38,94.9,ashley.gonzalez@company.com,(313) 607-2267,Active
EMP020669,Jane,Martinez,Jane Martinez,60,IT,Manager,Austin,93975.75,6729.24,2022-01-28,31,85.5,jane.martinez@company.com,(915) 540-6088,Active
EMP020670,Melissa,Wilson,Melissa Wilson,46,Finance,Coordinator,New York,78725.84,9427.57,2024-01-07,23,84.8,melissa.wilson@company.com,(325) 395-5541,Active
EMP020671,Anthony,Miller,Anthony Miller,57,IT,Coordinator,Austin,116814.57,10442.0,2021-07-09,28,68.3,anthony.miller@company.com,(465) 871-1343,Active
EMP020672,Jane,Wilson,Jane Wilson,45,Engineering,Lead,Miami,128220.2,15771.35,2021-11-11,20,76.1,jane.wilson@company.com,(962) 423-5436,Active
EMP020673,Christopher,Brown,Christopher Brown,55,HR,Director,Los Angeles,76852.45,4022.25,2023-06-25,29,60.9,christopher.brown@company.com,(385) 431-5165,Active
EMP020674,Melissa,Smith,Melissa Smith,55,Marketing,Lead,Austin,87207.47,13093.81,2020-05-06,26,100.0,melissa.smith@company.com,(896) 940-4967,Active
EMP020675,Jane,Miller,Jane Miller,64,Engineering,Specialist,Boston,122534.71,19499.2,2023-06-07,36,81.7,jane.miller@company.com,(615) 875-5957,Inactive
EMP020676,Michael,Lopez,Michael Lopez,56,Finance,Manager,San Francisco,110676.46,11795.32,2020-07-12,34,60.4,michael.lopez@company.com,(811) 564-3653,On Leave
EMP020677,Lisa,Jones,Lisa Jones,33,Finance,Associate,Seattle,103326.77,15956.56,2023-07-07,6,70.4,lisa.jones@company.com,(504) 277-9151,Active
EMP020678,Lisa,Brown,Lisa Brown,60,Engineering,Manager,Miami,103068.72,6635.12,2021-12-02,32,80.6,lisa.brown@company.com,(365) 583-5069,Active
EMP020679,Lisa,Gonzalez,Lisa Gonzalez,57,Sales,Associate,Austin,85396.02,6915.77,2022-06-18,34,58.5,lisa.gonzalez@company.com,(623) 933-8813,Active
EMP020680,Daniel,Wilson,Daniel Wilson,56,Finance,Associate,Seattle,63826.53,10322.41,2020-11-30,27,100.0,daniel.wilson@company.com,(759) 897-9950,Active
EMP020681,Sarah,Anderson,Sarah Anderson,55,Operations,Analyst,Boston,63283.77,4289.85,2021-03-04,27,54.5,sarah.anderson@company.com,(856) 701-6996,Active
EMP020682,Jessica,Davis,Jessica Davis,47,HR,Specialist,Seattle,67793.29,2348.96,2021-11-14,23,69.2,jessica.davis@company.com,(425) 998-1870,Active
EMP020683,Ashley,Jackson,Ashley Jackson,34,IT,Specialist,Seattle,62541.38,6722.3,2024-02-12,6,63.0,ashley.jackson@company.com,(285) 544-2000,Active
EMP020684,Nicole,Jackson,Nicole Jackson,61,HR,Lead,Los Angeles,66098.72,3379.92,2022-02-26,34,83.6,nicole.jackson@company.com,(362) 605-4125,Active
EMP020685,Michael,Garcia,Michael Garcia,26,Finance,Associate,San Francisco,86216.76,10982.55,2021-05-21,2,92.5,michael.garcia@company.com,(652) 929-4765,Active
EMP020686,Amanda,Martinez,Amanda Martinez,54,Marketing,Coordinator,Austin,92329.06,12565.28,2020-10-17,31,71.5,amanda.martinez@company.com,(586) 293-4972,Active
EMP020687,Robert,Martin,Robert Martin,50,HR,Associate,Chicago,86558.57,7207.02,2023-03-16,28,91.2,robert.martin@company.com,(379) 655-5833,Active
EMP020688,James,Jones,James Jones,34,Legal,Senior Developer,Austin,104542.29,3279.47,2024-11-22,8,76.0,james.jones@company.com,(974) 397-1838,Active
EMP020689,Stephanie,Jackson,Stephanie Jackson,44,Operations,Manager,New York,77048.34,11738.58,2022-04-27,21,99.7,stephanie.jackson@company.com,(623) 483-5815,Active
EMP020690,Daniel,Smith,Daniel Smith,22,IT,Lead,Seattle,65355.16,3547.59,2022-11-27,0,85.8,daniel.smith@company.com,(325) 610-3007,Active
EMP020691,Amanda,Wilson,Amanda Wilson,39,Finance,Specialist,San Francisco,83795.43,6258.36,2022-01-09,10,100.0,amanda.wilson@company.com,(237) 301-9190,Active
EMP020692,Anthony,Moore,Anthony Moore,23,Sales,Associate,Austin,83160.0,6763.25,2020-11-07,0,88.0,anthony.moore@company.com,(918) 777-7760,Active
EMP020693,Ashley,Jackson,Ashley Jackson,31,Legal,Specialist,San Francisco,53723.97,2292.98,2020-01-14,8,57.3,ashley.jackson@company.com,(401) 443-3461,Active
EMP020694,Daniel,Wilson,Daniel Wilson,23,Engineering,Analyst,Chicago,110870.36,9648.69,2020-11-20,0,72.5,daniel.wilson@company.com,(429) 726-8543,Active
EMP020695,Robert,Martinez,Robert Martinez,48,HR,Coordinator,Chicago,67284.52,5073.5,2020-03-28,22,89.6,robert.martinez@company.com,(387) 913-3105,Active
EMP020696,Anthony,Jackson,Anthony Jackson,51,Marketing,Senior Developer,Seattle,91669.43,12313.89,2020-08-12,28,56.8,anthony.jackson@company.com,(854) 704-5566,Active
EMP020697,John,Smith,John Smith,30,Marketing,Senior Developer,Austin,70187.07,12602.27,2023-05-11,2,86.1,john.smith@company.com,(273) 958-3170,Active
EMP020698,John,Johnson,John Johnson,48,IT,Coordinator,Seattle,107731.12,19102.99,2020-06-01,21,98.1,john.johnson@company.com,(561) 358-5940,Active
EMP020699,Michael,Thomas,Michael Thomas,23,Sales,Manager,Boston,70337.31,8464.17,2023-07-16,1,74.9,michael.thomas@company.com,(540) 634-1081,Active
EMP020700,Sarah,Williams,Sarah Williams,50,Operations,Analyst,Boston,58003.85,8305.84,2024-02-15,28,100.0,sarah.williams@company.com,(468) 334-9902,Active
EMP020701,Robert,Moore,Robert Moore,44,Sales,Senior Developer,Austin,56801.62,5200.89,2023-12-12,16,63.6,robert.moore@company.com,(757) 893-5186,On Leave
EMP020702,Melissa,Lopez,Melissa Lopez,40,HR,Coordinator,New York,81282.44,8677.43,2023-07-28,12,42.8,melissa.lopez@company.com,(521) 692-4937,Active
EMP020703,Matthew,Garcia,Matthew Garcia,32,Sales,Specialist,San Francisco,70938.13,8043.56,2022-12-17,6,56.1,matthew.garcia@company.com,(567) 256-7229,Active
EMP020704,Anthony,Anderson,Anthony Anderson,59,Sales,Analyst,Seattle,90638.66,11070.66,2022-10-02,31,69.8,anthony.anderson@company.com,(743) 537-6360,Active
EMP020705,Michael,Brown,Michael Brown,56,Sales,Director,Seattle,83818.06,5475.47,2020-05-05,27,95.7,michael.brown@company.com,(808) 416-9583,On Leave
EMP020706,Matthew,Wilson,Matthew Wilson,30,Legal,Specialist,New York,59745.55,6639.69,2022-07-02,1,61.6,matthew.wilson@company.com,(825) 941-7412,Active
EMP020707,Melissa,Martin,Melissa Martin,23,Legal,Lead,Chicago,58660.29,3071.06,2021-05-04,0,83.6,melissa.martin@company.com,(795) 779-9729,On Leave
EMP020708,Amanda,Johnson,Amanda Johnson,64,Legal,Coordinator,Austin,73619.31,1557.48,2021-01-21,37,67.5,amanda.johnson@company.com,(750) 349-6371,Active
EMP020709,Michael,Garcia,Michael Garcia,62,Finance,Manager,Miami,84773.05,6651.42,2021-07-31,33,80.1,michael.garcia@company.com,(684) 345-2928,Active
EMP020710,William,Taylor,William Taylor,24,Marketing,Associate,Chicago,37483.75,6786.33,2022-10-07,0,97.3,william.taylor@company.com,(467) 292-1956,Active
EMP020711,David,Jackson,David Jackson,40,Legal,Director,Chicago,135712.69,10968.19,2022-12-30,14,92.2,david.jackson@company.com,(714) 454-6795,Active
EMP020712,Emily,Anderson,Emily Anderson,38,Finance,Specialist,Seattle,110078.17,13357.79,2021-08-17,12,66.2,emily.anderson@company.com,(350) 402-2106,Active
EMP020713,Emily,Brown,Emily Brown,55,Marketing,Specialist,New York,76989.85,10614.19,2020-03-25,27,81.8,emily.brown@company.com,(577) 699-3306,Active
EMP020714,James,Smith,James Smith,55,Marketing,Senior Developer,San Francisco,87708.47,7918.51,2023-10-26,26,71.0,james.smith@company.com,(848) 974-1506,Inactive
EMP020715,Ashley,Martin,Ashley Martin,50,Marketing,Associate,Boston,70522.18,7245.59,2022-09-13,27,77.0,ashley.martin@company.com,(653) 468-7210,Active
EMP020716,Amanda,Rodriguez,Amanda Rodriguez,22,Legal,Specialist,Miami,37500.0,5067.97,2024-09-07,0,94.6,amanda.rodriguez@company.com,(862) 499-5674,Active
EMP020717,Anthony,Hernandez,Anthony Hernandez,64,Engineering,Manager,Boston,125345.12,21050.03,2020-09-11,37,75.4,anthony.hernandez@company.com,(850) 610-8493,Inactive
EMP020718,Lisa,Moore,Lisa Moore,45,Sales,Specialist,Seattle,117452.1,10126.47,2021-06-04,16,91.7,lisa.moore@company.com,(412) 654-8231,Active
EMP020719,John,Rodriguez,John Rodriguez,29,Engineering,Lead,New York,88137.78,4695.16,2022-06-30,7,60.6,john.rodriguez@company.com,(240) 631-2417,Active
EMP020720,Anthony,Martinez,Anthony Martinez,50,IT,Coordinator,Los Angeles,101935.2,5813.48,2023-10-11,21,91.4,anthony.martinez@company.com,(776) 498-9587,Active
EMP020721,Jessica,Anderson,Jessica Anderson,33,Engineering,Lead,San Francisco,83605.61,3064.7,2022-12-14,5,62.1,jessica.anderson@company.com,(909) 213-6222,Active
EMP020722,James,Brown,James Brown,37,Sales,Director,Miami,62259.78,8376.32,2024-09-20,14,74.3,james.brown@company.com,(666) 858-3882,Active
EMP020723,Christopher,Brown,Christopher Brown,33,IT,Specialist,New York,47309.74,5375.21,2020-06-05,4,79.8,christopher.brown@company.com,(203) 250-2457,Active
EMP020724,Sarah,Jones,Sarah Jones,24,IT,Associate,Boston,107309.8,7034.01,2021-10-09,1,79.7,sarah.jones@company.com,(867) 794-1932,Inactive
EMP020725,Matthew,Martin,Matthew Martin,53,Marketing,Specialist,Boston,83852.3,4192.64,2021-03-16,27,64.6,matthew.martin@company.com,(227) 840-3021,Active
EMP020726,Jessica,Rodriguez,Jessica Rodriguez,54,Operations,Director,San Francisco,83441.54,2930.11,2024-11-30,27,70.7,jessica.rodriguez@company.com,(979) 910-3220,Active
EMP020727,Nicole,Smith,Nicole Smith,37,IT,Manager,Los Angeles,80313.88,11220.56,2024-06-27,9,90.0,nicole.smith@company.com,(977) 281-4539,Active
EMP020728,Robert,Smith,Robert Smith,37,Marketing,Specialist,Boston,66383.3,3437.59,2021-04-07,15,65.3,robert.smith@company.com,(354) 215-8980,Active
EMP020729,Ashley,Hernandez,Ashley Hernandez,60,Operations,Coordinator,Chicago,64002.39,5691.09,2022-12-01,35,52.7,ashley.hernandez@company.com,(763) 805-9783,Active
EMP020730,Emily,Anderson,Emily Anderson,53,HR,Associate,Los Angeles,74973.02,9804.06,2024-09-11,25,85.0,emily.anderson@company.com,(645) 869-9692,Active
EMP020731,Michael,Smith,Michael Smith,35,Marketing,Coordinator,San Francisco,53898.45,6076.28,2022-12-20,13,66.4,michael.smith@company.com,(202) 972-1026,Active
EMP020732,Jessica,Taylor,Jessica Taylor,30,IT,Specialist,San Francisco,98066.75,12425.27,2023-11-16,8,76.4,jessica.taylor@company.com,(696) 775-8884,Inactive
EMP020733,William,Thomas,William Thomas,48,HR,Senior Developer,Miami,72122.98,5936.57,2021-04-01,22,100.0,william.thomas@company.com,(666) 349-2870,Active
EMP020734,David,Jones,David Jones,63,Legal,Manager,Chicago,83674.4,9020.54,2024-09-23,36,64.6,david.jones@company.com,(808) 419-2222,Active
EMP020735,Melissa,Rodriguez,Melissa Rodriguez,24,Finance,Lead,San Francisco,33997.75,1123.67,2022-11-16,0,89.8,melissa.rodriguez@company.com,(689) 570-5794,Active
EMP020736,Daniel,Hernandez,Daniel Hernandez,37,Finance,Lead,New York,71961.35,781.68,2021-06-19,14,64.7,daniel.hernandez@company.com,(962) 472-9270,Active
EMP020737,Lisa,Jones,Lisa Jones,25,IT,Coordinator,Seattle,88691.86,4645.88,2021-02-10,0,76.0,lisa.jones@company.com,(463) 864-1695,Active
EMP020738,Stephanie,Moore,Stephanie Moore,31,Finance,Manager,New York,58413.36,11077.49,2021-07-05,6,78.5,stephanie.moore@company.com,(874) 450-8265,Active
EMP020739,Jessica,Brown,Jessica Brown,56,IT,Specialist,Boston,83440.68,9742.62,2023-12-07,27,95.0,jessica.brown@company.com,(258) 477-8032,Active
EMP020740,Sarah,Miller,Sarah Miller,42,Sales,Senior Developer,New York,83270.78,10214.27,2021-12-12,16,80.8,sarah.miller@company.com,(211) 622-2534,Active
EMP020741,Jessica,Gonzalez,Jessica Gonzalez,23,Legal,Lead,Austin,77723.8,496.65,2024-02-25,0,64.2,jessica.gonzalez@company.com,(462) 539-9547,Active
EMP020742,Ashley,Thomas,Ashley Thomas,63,Sales,Coordinator,Austin,97177.33,5865.99,2021-05-30,39,66.4,ashley.thomas@company.com,(240) 825-3659,Active
EMP020743,Daniel,Moore,Daniel Moore,54,Marketing,Coordinator,Miami,61389.61,7427.92,2022-01-05,31,73.3,daniel.moore@company.com,(968) 418-7473,Active
EMP020744,Matthew,Anderson,Matthew Anderson,28,Operations,Specialist,Austin,63677.16,6689.58,2020-10-23,0,90.2,matthew.anderson@company.com,(775) 370-9957,Active
EMP020745,Melissa,Garcia,Melissa Garcia,33,IT,Senior Developer,San Francisco,60032.3,5441.16,2020-04-21,9,46.0,melissa.garcia@company.com,(997) 476-8118,Active
EMP020746,Matthew,Moore,Matthew Moore,55,Marketing,Specialist,Los Angeles,101460.5,6338.07,2023-11-01,27,85.1,matthew.moore@company.com,(305) 448-2407,Active
EMP020747,Matthew,Taylor,Matthew Taylor,42,Marketing,Analyst,New York,53297.54,4446.78,2020-01-01,20,67.4,matthew.taylor@company.com,(972) 204-1446,Active
EMP020748,David,Wilson,David Wilson,30,IT,Lead,Boston,82514.26,9100.62,2022-10-13,1,89.5,david.wilson@company.com,(649) 790-3745,Active
EMP020749,Anthony,Martinez,Anthony Martinez,49,Marketing,Analyst,Los Angeles,99147.09,19409.29,2021-12-14,21,93.9,anthony.martinez@company.com,(954) 812-9706,Active
EMP020750,Emily,Anderson,Emily Anderson,33,IT,Coordinator,Chicago,102655.89,5480.34,2023-11-20,11,67.6,emily.anderson@company.com,(991) 246-7367,Active
EMP020751,Nicole,Miller,Nicole Miller,63,Sales,Specialist,Austin,85979.63,11642.68,2024-02-15,34,79.5,nicole.miller@company.com,(499) 754-8312,On Leave
EMP020752,Anthony,Martinez,Anthony Martinez,41,Engineering,Director,New York,104895.59,17982.45,2022-07-23,18,81.8,anthony.martinez@company.com,(939) 469-8419,Active
EMP020753,Sarah,Anderson,Sarah Anderson,25,Marketing,Senior Developer,Seattle,46036.42,6738.83,2021-12-24,0,82.7,sarah.anderson@company.com,(733) 257-9415,Active
EMP020754,William,Davis,William Davis,23,Sales,Coordinator,Chicago,53459.61,5389.17,2022-10-21,0,92.9,william.davis@company.com,(960) 663-4304,Active
EMP020755,John,Thomas,John Thomas,37,Sales,Lead,Los Angeles,72817.64,6075.48,2021-03-30,15,72.9,john.thomas@company.com,(273) 290-8561,Active
EMP020756,Lisa,Moore,Lisa Moore,39,IT,Specialist,Miami,122808.49,10972.99,2024-07-30,11,96.1,lisa.moore@company.com,(905) 302-9739,Inactive
EMP020757,Amanda,Thomas,Amanda Thomas,50,Marketing,Analyst,Austin,66621.07,7200.68,2021-08-14,24,99.6,amanda.thomas@company.com,(659) 480-7522,Active
EMP020758,John,Smith,John Smith,47,HR,Manager,Los Angeles,66614.7,8469.4,2023-07-31,19,63.2,john.smith@company.com,(799) 640-6055,Active
EMP020759,Ashley,Taylor,Ashley Taylor,39,Engineering,Coordinator,New York,98468.79,18905.38,2024-02-07,16,76.5,ashley.taylor@company.com,(831) 410-9780,Active
EMP020760,Jessica,Wilson,Jessica Wilson,40,HR,Senior Developer,Seattle,56556.09,2019.04,2024-02-22,17,99.5,jessica.wilson@company.com,(559) 817-9436,Active
EMP020761,Ashley,Garcia,Ashley Garcia,58,Finance,Specialist,Los Angeles,113619.74,14530.63,2024-04-08,32,52.2,ashley.garcia@company.com,(533) 355-3392,Active
EMP020762,Melissa,Williams,Melissa Williams,64,IT,Coordinator,Austin,123253.8,15374.64,2023-01-20,35,68.8,melissa.williams@company.com,(558) 900-8188,Active
EMP020763,Nicole,Thomas,Nicole Thomas,51,Finance,Director,Seattle,96892.08,7233.56,2022-07-25,23,85.2,nicole.thomas@company.com,(345) 699-6578,Active
EMP020764,Jane,Rodriguez,Jane Rodriguez,37,Finance,Lead,Austin,85991.17,333.01,2020-05-26,12,67.9,jane.rodriguez@company.com,(991) 394-5645,Inactive
EMP020765,Robert,Miller,Robert Miller,22,Marketing,Manager,Seattle,89546.61,12042.03,2024-01-29,0,75.4,robert.miller@company.com,(276) 989-5819,Active
EMP020766,Melissa,Martin,Melissa Martin,32,Sales,Director,San Francisco,77622.18,8925.87,2021-06-29,10,82.7,melissa.martin@company.com,(223) 214-4005,Inactive
EMP020767,Michael,Lopez,Michael Lopez,53,Sales,Associate,Seattle,79316.27,15773.63,2022-09-20,26,100.0,michael.lopez@company.com,(933) 373-1166,Active
EMP020768,Jessica,Davis,Jessica Davis,30,HR,Director,Chicago,29990.38,2895.01,2022-02-21,4,55.3,jessica.davis@company.com,(760) 806-1005,Active
EMP020769,Ashley,Anderson,Ashley Anderson,46,Engineering,Senior Developer,Los Angeles,113974.04,18964.28,2022-09-21,19,73.6,ashley.anderson@company.com,(601) 313-1211,On Leave
EMP020770,Ashley,Hernandez,Ashley Hernandez,26,Operations,Lead,Miami,48863.02,10719.27,2022-05-02,0,83.2,ashley.hernandez@company.com,(599) 911-5676,Active
EMP020771,Michael,Williams,Michael Williams,42,HR,Manager,Austin,53751.26,9276.09,2024-05-17,20,81.3,michael.williams@company.com,(718) 382-5974,Active
EMP020772,Emily,Johnson,Emily Johnson,27,Legal,Associate,Miami,67403.65,1287.39,2023-09-11,0,95.2,emily.johnson@company.com,(249) 546-2623,Active
EMP020773,David,Gonzalez,David Gonzalez,43,IT,Associate,Miami,100653.05,11300.4,2021-07-09,21,72.7,david.gonzalez@company.com,(721) 520-8256,Active
EMP020774,Jessica,Moore,Jessica Moore,49,Operations,Coordinator,Chicago,50080.6,8586.29,2021-12-04,21,78.5,jessica.moore@company.com,(837) 329-9768,Active
EMP020775,Stephanie,Wilson,Stephanie Wilson,46,Legal,Analyst,Austin,120288.28,9258.28,2021-03-10,19,95.9,stephanie.wilson@company.com,(823) 500-8658,Active
EMP020776,William,Miller,William Miller,34,IT,Analyst,New York,82139.01,10712.05,2023-04-19,8,57.4,william.miller@company.com,(692) 548-5062,Active
EMP020777,Sarah,Miller,Sarah Miller,62,HR,Coordinator,Chicago,78527.82,5127.11,2023-11-29,35,61.0,sarah.miller@company.com,(620) 637-2191,Active
EMP020778,William,Anderson,William Anderson,31,Operations,Analyst,Miami,69709.98,8910.13,2020-05-12,8,66.0,william.anderson@company.com,(355) 987-2289,Active
EMP020779,Stephanie,Williams,Stephanie Williams,44,Operations,Lead,Chicago,53948.6,9640.76,2020-08-10,20,58.0,stephanie.williams@company.com,(756) 204-4899,Active
EMP020780,Lisa,Williams,Lisa Williams,61,HR,Lead,Austin,79488.12,10905.2,2023-12-22,35,87.2,lisa.williams@company.com,(409) 478-4402,Active
EMP020781,Ashley,Lopez,Ashley Lopez,28,Marketing,Manager,San Francisco,45462.63,6897.77,2022-07-13,0,63.9,ashley.lopez@company.com,(739) 995-1761,Active
EMP020782,Stephanie,Davis,Stephanie Davis,62,Operations,Director,San Francisco,79359.34,3305.17,2020-06-19,37,86.0,stephanie.davis@company.com,(247) 619-9815,Active
EMP020783,Jane,Moore,Jane Moore,24,Engineering,Coordinator,Miami,102495.06,8368.72,2023-09-26,0,69.5,jane.moore@company.com,(331) 840-5988,Active
EMP020784,Melissa,Smith,Melissa Smith,39,Sales,Manager,Chicago,78762.21,4872.24,2020-09-12,10,70.1,melissa.smith@company.com,(531) 340-4237,Active
EMP020785,Lisa,Martin,Lisa Martin,29,Sales,Associate,San Francisco,74664.71,11581.98,2022-02-13,3,73.4,lisa.martin@company.com,(463) 995-9291,Active
EMP020786,Ashley,Thomas,Ashley Thomas,39,Engineering,Director,Austin,100726.82,15074.25,2024-10-04,10,61.2,ashley.thomas@company.com,(665) 273-6965,Active
EMP020787,Michael,Garcia,Michael Garcia,41,Marketing,Director,Austin,49011.69,3020.31,2022-04-29,15,100.0,michael.garcia@company.com,(603) 671-1136,Active
EMP020788,William,Martin,William Martin,22,HR,Analyst,Chicago,74525.47,11011.8,2024-10-09,0,65.3,william.martin@company.com,(644) 398-3981,Active
EMP020789,Michael,Taylor,Michael Taylor,39,Marketing,Director,Miami,89280.4,9953.08,2022-06-12,13,74.6,michael.taylor@company.com,(220) 571-4481,Inactive
EMP020790,Daniel,Rodriguez,Daniel Rodriguez,53,Legal,Associate,Miami,74061.92,0.0,2024-09-19,28,84.2,daniel.rodriguez@company.com,(602) 942-7084,Active
EMP020791,Ashley,Jackson,Ashley Jackson,57,Legal,Senior Developer,Austin,97149.06,13482.99,2023-03-06,30,78.4,ashley.jackson@company.com,(862) 352-7552,Active
EMP020792,Emily,Taylor,Emily Taylor,33,Engineering,Senior Developer,Chicago,75062.79,10141.04,2021-02-28,4,83.1,emily.taylor@company.com,(627) 563-3289,Active
EMP020793,Emily,Williams,Emily Williams,62,Legal,Lead,Chicago,85438.82,6391.53,2023-11-05,38,65.2,emily.williams@company.com,(453) 881-6567,Active
EMP020794,Sarah,Brown,Sarah Brown,63,IT,Specialist,Boston,131160.15,4812.52,2022-04-06,35,73.5,sarah.brown@company.com,(250) 903-2703,Active
EMP020795,Nicole,Garcia,Nicole Garcia,36,Engineering,Manager,New York,83302.61,8766.16,2022-06-10,13,66.3,nicole.garcia@company.com,(431) 236-8497,Active
EMP020796,Amanda,Miller,Amanda Miller,42,Operations,Senior Developer,Seattle,59850.3,8064.95,2020-06-14,16,52.2,amanda.miller@company.com,(421) 529-9174,Active
EMP020797,Michael,Williams,Michael Williams,42,Legal,Coordinator,Austin,76622.31,0.0,2021-01-05,20,88.6,michael.williams@company.com,(430) 990-8951,Inactive
EMP020798,Robert,Thomas,Robert Thomas,47,Sales,Lead,Chicago,86507.11,6275.54,2023-09-30,22,88.9,robert.thomas@company.com,(424) 940-1011,Active
EMP020799,Melissa,Miller,Melissa Miller,64,Finance,Director,Miami,84846.16,10300.23,2024-11-10,42,99.7,melissa.miller@company.com,(202) 496-7496,Inactive
EMP020800,James,Martin,James Martin,49,Engineering,Senior Developer,Seattle,109255.69,19638.22,2024-11-04,23,81.3,james.martin@company.com,(938) 780-4872,Inactive
EMP020801,Melissa,Jackson,Melissa Jackson,27,IT,Manager,New York,74174.22,12948.84,2020-09-01,5,100.0,melissa.jackson@company.com,(643) 873-7389,Active
EMP020802,John,Martinez,John Martinez,29,Finance,Director,Austin,75048.14,11151.46,2024-04-15,5,78.5,john.martinez@company.com,(407) 424-1489,Active
EMP020803,Anthony,Johnson,Anthony Johnson,49,Legal,Associate,Boston,118643.56,8341.61,2023-08-21,23,84.3,anthony.johnson@company.com,(628) 754-8880,Active
EMP020804,Lisa,Jackson,Lisa Jackson,49,Marketing,Director,Los Angeles,85757.27,3377.03,2022-09-04,24,75.7,lisa.jackson@company.com,(778) 202-4451,Active
EMP020805,James,Rodriguez,James Rodriguez,64,Operations,Senior Developer,Austin,82670.07,0.0,2022-04-26,42,82.9,james.rodriguez@company.com,(691) 411-2549,Active
EMP020806,John,Wilson,John Wilson,22,Legal,Lead,San Francisco,65486.67,8737.59,2024-12-21,0,67.6,john.wilson@company.com,(401) 991-2299,On Leave
EMP020807,Lisa,Moore,Lisa Moore,49,Engineering,Lead,New York,119513.97,10112.11,2021-05-26,27,57.1,lisa.moore@company.com,(214) 229-6429,Inactive
EMP020808,Matthew,Hernandez,Matthew Hernandez,55,Operations,Manager,Boston,70024.0,5452.45,2021-12-02,26,64.0,matthew.hernandez@company.com,(824) 330-8941,Active
EMP020809,Sarah,Taylor,Sarah Taylor,31,Engineering,Coordinator,New York,115345.71,11597.42,2022-11-27,2,76.4,sarah.taylor@company.com,(878) 271-5799,Inactive
EMP020810,Michael,Martin,Michael Martin,46,Engineering,Specialist,New York,132104.09,9401.45,2023-10-17,24,75.4,michael.martin@company.com,(472) 919-9651,Active
EMP020811,William,Taylor,William Taylor,64,Sales,Specialist,Seattle,94332.38,2974.27,2021-06-30,42,100.0,william.taylor@company.com,(683) 392-7449,Active
EMP020812,David,Martin,David Martin,30,Operations,Director,New York,72562.08,3253.35,2024-07-24,3,82.3,david.martin@company.com,(894) 736-8404,Active
EMP020813,Stephanie,Wilson,Stephanie Wilson,53,Sales,Analyst,Austin,77309.55,0.0,2023-11-18,29,57.9,stephanie.wilson@company.com,(794) 270-6576,Active
EMP020814,Melissa,Martinez,Melissa Martinez,44,Marketing,Lead,Miami,73318.65,5329.45,2024-08-04,17,83.1,melissa.martinez@company.com,(658) 712-7005,Inactive
EMP020815,Ashley,Wilson,Ashley Wilson,45,Engineering,Specialist,Austin,126903.56,12917.49,2022-02-12,20,67.2,ashley.wilson@company.com,(947) 967-4863,Active
EMP020816,David,Gonzalez,David Gonzalez,60,Legal,Coordinator,New York,147177.51,17072.02,2021-12-05,32,77.9,david.gonzalez@company.com,(406) 260-5072,Active
EMP020817,Daniel,Wilson,Daniel Wilson,28,Operations,Specialist,Boston,60658.7,4762.38,2022-07-31,5,56.6,daniel.wilson@company.com,(689) 343-8927,Active
EMP020818,Sarah,Anderson,Sarah Anderson,44,Sales,Associate,Chicago,98094.31,18937.6,2023-11-11,20,89.2,sarah.anderson@company.com,(255) 890-4174,Inactive
EMP020819,Michael,Lopez,Michael Lopez,31,Marketing,Coordinator,Los Angeles,59627.02,8304.68,2021-05-02,6,82.3,michael.lopez@company.com,(490) 826-8869,Active
EMP020820,James,Martinez,James Martinez,43,Engineering,Specialist,Seattle,118059.21,29217.15,2023-06-09,14,83.2,james.martinez@company.com,(774) 740-5174,Active
EMP020821,Michael,Anderson,Michael Anderson,36,Engineering,Manager,Boston,96358.37,15850.9,2024-07-04,9,100.0,michael.anderson@company.com,(638) 513-4901,On Leave
EMP020822,Jane,Brown,Jane Brown,42,Legal,Analyst,Boston,86490.23,6390.67,2022-06-27,19,40.7,jane.brown@company.com,(622) 422-8403,Active
EMP020823,William,Anderson,William Anderson,40,Legal,Lead,Boston,87928.67,2134.72,2020-06-07,11,84.7,william.anderson@company.com,(765) 388-5073,Active
EMP020824,Ashley,Brown,Ashley Brown,58,IT,Manager,New York,123762.04,15080.72,2022-09-22,30,89.2,ashley.brown@company.com,(696) 880-5246,On Leave
EMP020825,Robert,Anderson,Robert Anderson,41,Finance,Lead,Boston,83292.54,12577.89,2020-03-17,19,91.9,robert.anderson@company.com,(662) 287-8125,Active
EMP020826,Michael,Garcia,Michael Garcia,54,Sales,Senior Developer,Los Angeles,74608.05,4265.82,2023-02-18,28,64.9,michael.garcia@company.com,(716) 980-6943,Active
EMP020827,Amanda,Garcia,Amanda Garcia,38,HR,Associate,Los Angeles,66507.62,274.74,2021-01-11,16,75.0,amanda.garcia@company.com,(847) 669-8835,Inactive
EMP020828,Emily,Smith,Emily Smith,64,Operations,Lead,Chicago,90585.71,13081.21,2024-12-17,35,67.5,emily.smith@company.com,(270) 860-2350,Active
EMP020829,John,Johnson,John Johnson,29,Finance,Manager,Seattle,64197.38,6840.3,2021-07-28,1,66.4,john.johnson@company.com,(784) 218-7283,Active
EMP020830,David,Williams,David Williams,58,Sales,Coordinator,Chicago,84884.66,11406.73,2024-10-27,30,81.6,david.williams@company.com,(453) 770-9828,Active
EMP020831,Jessica,Wilson,Jessica Wilson,43,Engineering,Associate,New York,105891.56,9602.16,2023-05-26,14,68.7,jessica.wilson@company.com,(364) 219-1926,Active
EMP020832,John,Wilson,John Wilson,47,Engineering,Director,San Francisco,107826.32,15565.1,2020-10-01,19,64.8,john.wilson@company.com,(593) 434-1498,Active
EMP020833,Anthony,Jackson,Anthony Jackson,40,HR,Senior Developer,Miami,93164.56,9480.55,2022-01-15,14,75.2,anthony.jackson@company.com,(536) 862-6910,Active
EMP020834,Matthew,Taylor,Matthew Taylor,64,Sales,Coordinator,Austin,99180.0,718.91,2023-11-15,42,65.5,matthew.taylor@company.com,(628) 236-3159,Active
EMP020835,John,Jackson,John Jackson,43,HR,Senior Developer,New York,61913.63,6275.1,2020-01-27,14,86.4,john.jackson@company.com,(413) 416-6873,Active
EMP020836,Daniel,Taylor,Daniel Taylor,44,Engineering,Lead,Seattle,98978.2,14155.73,2023-05-13,18,45.1,daniel.taylor@company.com,(865) 719-3339,Active
EMP020837,David,Martinez,David Martinez,59,Marketing,Manager,Chicago,84983.92,15011.42,2021-09-07,35,65.4,david.martinez@company.com,(606) 524-4345,Active
EMP020838,Matthew,Hernandez,Matthew Hernandez,29,Operations,Senior Developer,Boston,56158.82,7360.19,2022-09-22,7,96.6,matthew.hernandez@company.com,(450) 487-9874,Active
EMP020839,Melissa,Garcia,Melissa Garcia,39,Marketing,Associate,New York,71983.81,3008.87,2023-07-07,13,75.6,melissa.garcia@company.com,(869) 366-9857,Active
EMP020840,Lisa,Anderson,Lisa Anderson,62,Marketing,Coordinator,Boston,83160.9,10778.16,2024-10-16,39,68.5,lisa.anderson@company.com,(352) 286-2850,Active
EMP020841,Christopher,Davis,Christopher Davis,42,Marketing,Analyst,New York,39109.19,4516.83,2021-12-13,17,81.7,christopher.davis@company.com,(579) 634-1325,Active
EMP020842,Melissa,Lopez,Melissa Lopez,22,Operations,Director,Los Angeles,64088.22,5645.72,2022-01-15,0,81.7,melissa.lopez@company.com,(606) 922-2011,Active
EMP020843,Jane,Moore,Jane Moore,29,Engineering,Lead,Seattle,141265.35,19344.77,2021-10-17,0,68.3,jane.moore@company.com,(774) 267-8248,Active
EMP020844,Christopher,Martin,Christopher Martin,46,Operations,Specialist,Miami,67021.88,3439.58,2024-02-08,19,72.5,christopher.martin@company.com,(944) 436-6058,Active
EMP020845,John,Lopez,John Lopez,23,HR,Coordinator,Seattle,74570.68,6070.79,2023-08-14,0,48.1,john.lopez@company.com,(966) 403-8794,Active
EMP020846,Nicole,Taylor,Nicole Taylor,42,HR,Analyst,Los Angeles,62820.17,6765.94,2024-01-05,14,68.2,nicole.taylor@company.com,(523) 627-1771,Active
EMP020847,Ashley,Garcia,Ashley Garcia,58,IT,Director,New York,84153.61,8832.9,2024-02-15,35,65.1,ashley.garcia@company.com,(719) 816-1155,Active
EMP020848,Daniel,Martin,Daniel Martin,61,Sales,Associate,Miami,76445.23,10113.61,2024-08-25,35,63.0,daniel.martin@company.com,(466) 763-4891,Active
EMP020849,Jessica,Williams,Jessica Williams,35,Operations,Director,San Francisco,65408.51,10112.76,2023-01-25,7,71.2,jessica.williams@company.com,(875) 296-2263,Active
EMP020850,Amanda,Garcia,Amanda Garcia,46,IT,Lead,Chicago,88315.07,7390.88,2022-10-23,19,71.1,amanda.garcia@company.com,(948) 594-6406,Active
EMP020851,Sarah,Anderson,Sarah Anderson,32,Finance,Coordinator,Miami,81553.38,9566.31,2024-05-03,5,67.6,sarah.anderson@company.com,(866) 985-4251,Inactive
EMP020852,Ashley,Moore,Ashley Moore,37,Operations,Senior Developer,Los Angeles,66020.22,6219.88,2021-05-07,12,100.0,ashley.moore@company.com,(663) 930-4165,Inactive
EMP020853,Jane,Jackson,Jane Jackson,40,Operations,Coordinator,San Francisco,80423.69,13848.75,2024-12-14,13,78.2,jane.jackson@company.com,(476) 631-9831,Inactive
EMP020854,Michael,Wilson,Michael Wilson,50,Finance,Specialist,New York,73164.12,7456.73,2022-03-30,26,75.0,michael.wilson@company.com,(997) 479-7947,Active
EMP020855,Stephanie,Hernandez,Stephanie Hernandez,31,Sales,Specialist,Los Angeles,67699.64,10731.45,2024-04-20,4,69.3,stephanie.hernandez@company.com,(756) 377-6127,Active
EMP020856,Michael,Martin,Michael Martin,31,Operations,Senior Developer,San Francisco,54556.73,2143.79,2020-11-30,3,84.5,michael.martin@company.com,(829) 558-9389,Active
EMP020857,Melissa,Gonzalez,Melissa Gonzalez,38,Marketing,Specialist,Miami,59437.78,855.67,2020-01-11,13,100.0,melissa.gonzalez@company.com,(952) 707-5796,Active
EMP020858,Jessica,Moore,Jessica Moore,51,Legal,Lead,Seattle,113946.14,16611.98,2022-08-07,29,76.0,jessica.moore@company.com,(684) 789-9913,On Leave
EMP020859,Nicole,Wilson,Nicole Wilson,44,IT,Director,Boston,109164.38,7794.99,2021-02-07,22,72.0,nicole.wilson@company.com,(360) 905-8671,Active
EMP020860,Anthony,Martin,Anthony Martin,45,Operations,Manager,New York,60687.81,1833.79,2021-12-07,21,90.6,anthony.martin@company.com,(616) 639-2942,Active
EMP020861,Stephanie,Thomas,Stephanie Thomas,53,IT,Associate,Chicago,96857.7,10462.7,2024-02-12,30,81.6,stephanie.thomas@company.com,(970) 767-4033,Active
EMP020862,Emily,Jackson,Emily Jackson,57,Marketing,Senior Developer,Miami,102332.28,7397.85,2021-11-06,31,59.8,emily.jackson@company.com,(434) 956-5216,Inactive
EMP020863,Lisa,Martinez,Lisa Martinez,35,IT,Analyst,Miami,75951.12,11795.23,2022-07-13,7,100.0,lisa.martinez@company.com,(852) 301-8737,Active
EMP020864,Jane,Johnson,Jane Johnson,59,Engineering,Specialist,Austin,94623.15,8041.12,2023-03-18,37,47.1,jane.johnson@company.com,(335) 305-9137,Active
EMP020865,Robert,Davis,Robert Davis,57,IT,Specialist,San Francisco,68648.79,4060.21,2023-01-23,30,93.9,robert.davis@company.com,(562) 417-5702,Active
EMP020866,Robert,Garcia,Robert Garcia,57,Sales,Associate,Los Angeles,78081.13,0.0,2022-11-22,33,76.9,robert.garcia@company.com,(448) 381-1588,Active
EMP020867,Daniel,Jackson,Daniel Jackson,24,IT,Director,Boston,80371.33,9852.36,2022-08-03,1,81.4,daniel.jackson@company.com,(214) 638-4266,Active
EMP020868,Robert,Smith,Robert Smith,50,Legal,Senior Developer,San Francisco,74316.18,6476.3,2022-05-21,24,55.2,robert.smith@company.com,(402) 681-5378,Active
EMP020869,Emily,Hernandez,Emily Hernandez,29,Marketing,Specialist,Miami,68753.56,5679.67,2020-06-03,4,77.6,emily.hernandez@company.com,(931) 742-3593,Active
EMP020870,Daniel,Moore,Daniel Moore,39,Marketing,Lead,Seattle,97387.14,5801.28,2020-08-06,10,66.4,daniel.moore@company.com,(442) 828-8356,Active
EMP020871,Lisa,Johnson,Lisa Johnson,62,Legal,Specialist,Miami,128723.82,12879.85,2020-05-23,37,81.2,lisa.johnson@company.com,(413) 395-3100,Active
EMP020872,Emily,Wilson,Emily Wilson,25,Marketing,Director,Chicago,30704.87,2851.25,2020-12-15,1,50.2,emily.wilson@company.com,(684) 743-6578,Inactive
EMP020873,Nicole,Taylor,Nicole Taylor,36,Operations,Specialist,Austin,47857.65,2516.09,2021-10-24,8,79.9,nicole.taylor@company.com,(370) 848-1791,Active
EMP020874,Michael,Rodriguez,Michael Rodriguez,50,IT,Associate,San Francisco,85819.68,3306.37,2023-05-04,21,85.1,michael.rodriguez@company.com,(308) 540-6024,Active
EMP020875,Michael,Hernandez,Michael Hernandez,48,Legal,Lead,Boston,120387.22,7628.73,2024-10-10,24,74.6,michael.hernandez@company.com,(484) 350-8534,Active
EMP020876,Michael,Jackson,Michael Jackson,60,IT,Director,Boston,80704.24,6972.33,2021-02-02,32,87.4,michael.jackson@company.com,(329) 900-7434,Active
EMP020877,Nicole,Jackson,Nicole Jackson,62,Legal,Lead,Boston,112118.15,2707.38,2023-05-16,33,83.1,nicole.jackson@company.com,(860) 479-2543,Active
EMP020878,William,Martinez,William Martinez,41,Legal,Senior Developer,Seattle,92083.38,6843.25,2020-09-08,16,91.5,william.martinez@company.com,(338) 948-5597,Active
EMP020879,Lisa,Lopez,Lisa Lopez,29,Engineering,Manager,Boston,70439.75,4130.96,2023-03-05,5,100.0,lisa.lopez@company.com,(572) 927-3078,Active
EMP020880,Sarah,Martinez,Sarah Martinez,59,HR,Associate,Miami,73510.2,7522.73,2023-12-03,31,68.5,sarah.martinez@company.com,(582) 586-9316,Active
EMP020881,Amanda,Williams,Amanda Williams,65,Legal,Lead,San Francisco,128689.18,8823.01,2022-03-05,41,75.3,amanda.williams@company.com,(345) 273-7381,Active
EMP020882,Daniel,Lopez,Daniel Lopez,34,IT,Senior Developer,Boston,71462.72,6566.53,2020-02-27,6,69.1,daniel.lopez@company.com,(603) 410-2199,Active
EMP020883,William,Miller,William Miller,26,Legal,Analyst,Seattle,84610.67,8009.02,2020-04-24,4,72.3,william.miller@company.com,(685) 692-3685,Active
EMP020884,Michael,Moore,Michael Moore,23,Legal,Director,Chicago,86479.52,9202.67,2022-07-13,0,100.0,michael.moore@company.com,(859) 279-8566,Active
EMP020885,David,Moore,David Moore,59,Marketing,Senior Developer,Los Angeles,85859.58,6801.74,2023-10-03,34,65.4,david.moore@company.com,(331) 679-2627,Active
EMP020886,Jane,Williams,Jane Williams,49,HR,Analyst,Seattle,72510.36,5976.2,2023-09-14,20,87.8,jane.williams@company.com,(877) 209-6314,On Leave
EMP020887,Jane,Davis,Jane Davis,33,Finance,Specialist,Los Angeles,69695.18,13435.75,2023-08-29,4,100.0,jane.davis@company.com,(553) 790-1163,Active
EMP020888,Michael,Hernandez,Michael Hernandez,31,Marketing,Associate,Los Angeles,37550.27,7967.83,2021-05-19,7,72.9,michael.hernandez@company.com,(483) 201-5398,Active
EMP020889,William,Johnson,William Johnson,33,IT,Associate,Miami,88916.47,12562.53,2021-06-04,8,85.8,william.johnson@company.com,(611) 677-8617,Active
EMP020890,Stephanie,Moore,Stephanie Moore,41,Sales,Associate,San Francisco,63527.33,4890.16,2023-08-11,12,91.8,stephanie.moore@company.com,(657) 645-8439,Active
EMP020891,David,Jackson,David Jackson,46,Sales,Manager,Boston,59735.14,9693.45,2023-09-18,24,72.9,david.jackson@company.com,(517) 517-6193,Active
EMP020892,Daniel,Gonzalez,Daniel Gonzalez,24,Legal,Lead,New York,66356.84,7979.97,2021-04-16,0,68.5,daniel.gonzalez@company.com,(241) 259-7881,Inactive
EMP020893,Stephanie,Anderson,Stephanie Anderson,63,Marketing,Manager,Chicago,100724.39,11831.19,2020-08-01,39,70.6,stephanie.anderson@company.com,(742) 779-8302,Active
EMP020894,Anthony,Brown,Anthony Brown,22,IT,Senior Developer,New York,60908.75,11919.98,2021-06-23,0,72.7,anthony.brown@company.com,(224) 878-5979,Active
EMP020895,Jessica,Moore,Jessica Moore,31,Marketing,Manager,Boston,75031.89,8843.19,2023-10-31,8,56.3,jessica.moore@company.com,(715) 883-6861,Active
EMP020896,Lisa,Jones,Lisa Jones,26,IT,Coordinator,Los Angeles,58135.0,7655.54,2022-01-09,4,91.6,lisa.jones@company.com,(251) 307-8965,Active
EMP020897,Daniel,Thomas,Daniel Thomas,43,HR,Director,Seattle,75517.39,9785.82,2022-11-02,14,72.6,daniel.thomas@company.com,(298) 523-6983,Active
EMP020898,Michael,Moore,Michael Moore,56,Finance,Coordinator,Austin,88141.74,9305.47,2024-05-17,29,90.4,michael.moore@company.com,(435) 642-3207,Active
EMP020899,Matthew,Jones,Matthew Jones,57,Operations,Lead,Miami,76876.07,7104.39,2024-12-18,34,70.4,matthew.jones@company.com,(422) 593-1180,Active
EMP020900,Ashley,Williams,Ashley Williams,28,Marketing,Analyst,New York,58454.71,7505.77,2024-06-17,6,60.5,ashley.williams@company.com,(359) 409-3326,Active
EMP020901,Nicole,Martin,Nicole Martin,57,HR,Senior Developer,Miami,72674.63,11419.93,2022-07-31,31,68.4,nicole.martin@company.com,(725) 686-2568,Active
EMP020902,Jessica,Martin,Jessica Martin,23,Operations,Associate,Seattle,51024.87,8180.34,2020-04-12,0,76.7,jessica.martin@company.com,(871) 872-7484,Active
EMP020903,Nicole,Moore,Nicole Moore,27,Finance,Manager,New York,80619.82,3103.3,2023-04-04,2,97.1,nicole.moore@company.com,(383) 901-8922,Active
EMP020904,Michael,Gonzalez,Michael Gonzalez,61,Finance,Associate,Miami,135232.82,17985.3,2020-12-16,38,84.0,michael.gonzalez@company.com,(740) 491-8994,Active
EMP020905,Sarah,Thomas,Sarah Thomas,32,Engineering,Coordinator,Seattle,103661.51,8577.49,2020-06-09,8,63.1,sarah.thomas@company.com,(368) 291-5782,Inactive
EMP020906,James,Jones,James Jones,25,Marketing,Analyst,Boston,41369.56,6491.47,2022-08-31,1,80.5,james.jones@company.com,(604) 867-7397,Active
EMP020907,Stephanie,Martinez,Stephanie Martinez,55,Marketing,Analyst,Miami,75693.17,12344.35,2020-09-01,26,74.8,stephanie.martinez@company.com,(971) 933-3046,Active
EMP020908,John,Moore,John Moore,31,Finance,Senior Developer,Miami,52903.37,6147.11,2022-11-07,9,78.9,john.moore@company.com,(547) 478-1756,On Leave
EMP020909,Lisa,Thomas,Lisa Thomas,56,Legal,Coordinator,Austin,124741.66,18182.62,2023-02-11,32,79.2,lisa.thomas@company.com,(858) 345-4054,Inactive
EMP020910,Matthew,Brown,Matthew Brown,47,HR,Analyst,Miami,65762.51,7819.19,2023-07-31,18,88.8,matthew.brown@company.com,(461) 932-7153,Active
EMP020911,Melissa,Brown,Melissa Brown,59,Legal,Analyst,New York,89668.27,15107.44,2022-12-14,37,100.0,melissa.brown@company.com,(737) 683-8991,Active
EMP020912,David,Thomas,David Thomas,47,HR,Manager,Chicago,71474.32,8397.26,2024-02-23,19,64.3,david.thomas@company.com,(225) 628-2418,Active
EMP020913,Sarah,Brown,Sarah Brown,25,Engineering,Specialist,Boston,104954.28,12300.98,2021-08-22,2,100.0,sarah.brown@company.com,(911) 984-2842,Active
EMP020914,Christopher,Jones,Christopher Jones,37,Sales,Specialist,New York,82966.77,3352.07,2024-12-29,12,83.0,christopher.jones@company.com,(708) 321-7952,On Leave
EMP020915,John,Anderson,John Anderson,53,Finance,Specialist,Austin,89013.51,8117.95,2024-03-03,28,78.0,john.anderson@company.com,(696) 392-8933,Active
EMP020916,David,Jones,David Jones,31,HR,Associate,Chicago,63115.5,5152.57,2023-05-21,2,64.0,david.jones@company.com,(793) 683-5282,Active
EMP020917,Jessica,Rodriguez,Jessica Rodriguez,55,Engineering,Coordinator,Seattle,107181.99,171.34,2020-08-08,30,90.3,jessica.rodriguez@company.com,(700) 495-9569,Active
EMP020918,Jessica,Lopez,Jessica Lopez,46,Engineering,Analyst,New York,94812.73,7579.03,2020-01-14,24,70.7,jessica.lopez@company.com,(700) 302-9132,Active
EMP020919,Jessica,Johnson,Jessica Johnson,59,Sales,Lead,Boston,107060.01,12956.76,2020-03-29,37,65.6,jessica.johnson@company.com,(347) 489-4781,Inactive
EMP020920,William,Martin,William Martin,59,Operations,Manager,New York,57595.53,5662.07,2020-03-05,33,90.2,william.martin@company.com,(214) 890-8511,Inactive
EMP020921,William,Martin,William Martin,43,Sales,Coordinator,Miami,76905.58,8135.08,2021-04-23,19,60.7,william.martin@company.com,(279) 985-7342,Active
EMP020922,Sarah,Martinez,Sarah Martinez,35,Finance,Director,New York,73081.55,5847.67,2024-11-19,9,68.4,sarah.martinez@company.com,(858) 278-4515,Inactive
EMP020923,Stephanie,Martinez,Stephanie Martinez,29,Engineering,Lead,New York,87275.87,5613.17,2024-05-07,4,90.4,stephanie.martinez@company.com,(695) 752-8607,Inactive
EMP020924,Melissa,Brown,Melissa Brown,24,Sales,Manager,Miami,50379.11,8798.75,2021-07-25,0,70.5,melissa.brown@company.com,(877) 629-4503,Active
EMP020925,Robert,Gonzalez,Robert Gonzalez,22,Operations,Director,San Francisco,59862.76,7008.18,2021-06-22,0,53.0,robert.gonzalez@company.com,(825) 214-1053,Active
EMP020926,Lisa,Wilson,Lisa Wilson,26,Sales,Analyst,Austin,66941.8,2223.25,2021-11-16,0,81.8,lisa.wilson@company.com,(502) 271-2466,Active
EMP020927,Jessica,Moore,Jessica Moore,43,HR,Lead,Miami,54933.32,7592.35,2020-07-28,17,80.4,jessica.moore@company.com,(870) 222-7643,Active
EMP020928,Jessica,Williams,Jessica Williams,40,Engineering,Analyst,Austin,89819.44,8296.71,2024-05-20,12,100.0,jessica.williams@company.com,(736) 571-9812,Active
EMP020929,Ashley,Anderson,Ashley Anderson,50,Sales,Senior Developer,Miami,71610.67,10777.6,2024-08-13,26,69.3,ashley.anderson@company.com,(209) 550-3202,Active
EMP020930,Melissa,Garcia,Melissa Garcia,50,HR,Manager,Austin,50716.67,5110.26,2022-03-11,27,90.6,melissa.garcia@company.com,(533) 953-6747,Active
EMP020931,David,Lopez,David Lopez,43,Legal,Senior Developer,New York,69515.41,0.0,2021-12-13,18,89.8,david.lopez@company.com,(862) 265-1364,Active
EMP020932,Lisa,Taylor,Lisa Taylor,36,Legal,Lead,Boston,85819.34,6471.28,2022-06-15,10,74.5,lisa.taylor@company.com,(203) 860-1259,Active
EMP020933,Jessica,Williams,Jessica Williams,35,Operations,Specialist,Boston,52705.4,2140.62,2024-09-13,12,60.7,jessica.williams@company.com,(327) 357-5418,Active
EMP020934,John,Miller,John Miller,54,HR,Senior Developer,New York,62679.52,5325.79,2024-08-19,25,77.4,john.miller@company.com,(562) 360-6678,Active
EMP020935,Michael,Anderson,Michael Anderson,31,Sales,Analyst,Austin,40181.3,3631.7,2024-10-11,3,81.8,michael.anderson@company.com,(200) 940-9789,Active
EMP020936,Sarah,Jones,Sarah Jones,53,Sales,Coordinator,Chicago,78127.35,6123.84,2024-11-18,25,57.8,sarah.jones@company.com,(409) 390-3317,Active
EMP020937,Michael,Jackson,Michael Jackson,33,Marketing,Specialist,Boston,60443.45,6047.95,2021-04-17,7,46.7,michael.jackson@company.com,(605) 544-8952,Active
EMP020938,Nicole,Moore,Nicole Moore,28,Marketing,Coordinator,Seattle,70568.89,8107.64,2024-12-30,1,94.4,nicole.moore@company.com,(955) 687-1290,Active
EMP020939,Christopher,Johnson,Christopher Johnson,27,Engineering,Coordinator,New York,59718.05,5057.0,2023-03-12,0,84.8,christopher.johnson@company.com,(511) 587-1218,Active
EMP020940,Stephanie,Thomas,Stephanie Thomas,27,IT,Senior Developer,Austin,59461.93,7787.16,2020-10-02,0,79.8,stephanie.thomas@company.com,(999) 693-3856,Active
EMP020941,Anthony,Wilson,Anthony Wilson,36,HR,Senior Developer,New York,67370.15,9470.98,2023-02-06,7,80.7,anthony.wilson@company.com,(958) 792-2903,Active
EMP020942,Amanda,Garcia,Amanda Garcia,45,Finance,Director,Austin,56207.43,4274.53,2021-01-01,20,59.4,amanda.garcia@company.com,(389) 535-8173,Active
EMP020943,Melissa,Davis,Melissa Davis,60,Engineering,Associate,Miami,109167.43,7590.37,2020-10-19,35,91.9,melissa.davis@company.com,(546) 357-6593,Inactive
EMP020944,David,Lopez,David Lopez,39,Finance,Senior Developer,New York,53732.44,7420.8,2024-12-03,13,80.8,david.lopez@company.com,(930) 644-8444,Active
EMP020945,Sarah,Moore,Sarah Moore,30,IT,Associate,Los Angeles,60378.04,4998.34,2020-05-10,8,100.0,sarah.moore@company.com,(427) 647-5290,Active
EMP020946,Emily,Wilson,Emily Wilson,65,Marketing,Associate,Miami,75817.18,4419.34,2021-12-18,40,81.1,emily.wilson@company.com,(878) 807-1851,Active
EMP020947,Jane,Martin,Jane Martin,55,Operations,Director,Los Angeles,101551.55,8965.66,2022-12-10,29,78.6,jane.martin@company.com,(567) 912-1095,Active
EMP020948,Nicole,Anderson,Nicole Anderson,22,HR,Coordinator,Miami,43019.48,7812.47,2020-05-12,0,92.6,nicole.anderson@company.com,(251) 264-2458,Active
EMP020949,Amanda,Martin,Amanda Martin,45,Marketing,Specialist,Los Angeles,71967.2,6083.45,2020-05-24,17,60.8,amanda.martin@company.com,(431) 502-1019,Active
EMP020950,Michael,Jones,Michael Jones,60,Operations,Director,Los Angeles,71767.33,8146.78,2020-12-13,37,64.8,michael.jones@company.com,(672) 949-5652,On Leave
EMP020951,Nicole,Garcia,Nicole Garcia,24,Sales,Lead,Los Angeles,72477.98,2687.28,2021-12-13,0,85.3,nicole.garcia@company.com,(861) 791-2359,Active
EMP020952,Melissa,Jackson,Melissa Jackson,62,Sales,Senior Developer,Seattle,91081.66,11346.83,2023-06-17,35,85.6,melissa.jackson@company.com,(477) 704-9434,Active
EMP020953,William,Williams,William Williams,37,Marketing,Lead,Los Angeles,67591.78,7119.66,2021-12-04,9,80.5,william.williams@company.com,(677) 737-3160,Active
EMP020954,Emily,Davis,Emily Davis,63,Legal,Analyst,Austin,115651.8,14058.68,2022-10-09,34,64.4,emily.davis@company.com,(461) 282-1135,Active
EMP020955,Stephanie,Miller,Stephanie Miller,29,Engineering,Manager,Boston,96499.65,10848.82,2022-12-21,6,47.2,stephanie.miller@company.com,(418) 491-8728,Active
EMP020956,Amanda,Smith,Amanda Smith,52,IT,Coordinator,Seattle,94234.87,12065.32,2023-02-18,28,77.8,amanda.smith@company.com,(906) 921-8701,Active
EMP020957,Daniel,Moore,Daniel Moore,56,Legal,Senior Developer,Austin,134492.09,6514.16,2021-01-23,32,61.8,daniel.moore@company.com,(310) 418-1444,Active
EMP020958,Anthony,Lopez,Anthony Lopez,53,Engineering,Lead,Los Angeles,124974.88,9409.27,2022-04-04,31,80.9,anthony.lopez@company.com,(320) 968-9390,Active
EMP020959,Melissa,Garcia,Melissa Garcia,36,Operations,Director,New York,76129.89,8991.09,2021-11-20,12,68.2,melissa.garcia@company.com,(715) 786-9863,Inactive
EMP020960,Daniel,Thomas,Daniel Thomas,35,Finance,Analyst,New York,84903.0,13499.1,2021-06-25,11,87.3,daniel.thomas@company.com,(339) 800-4733,Inactive
EMP020961,Melissa,Miller,Melissa Miller,24,Engineering,Associate,Austin,89590.69,14616.57,2021-08-17,2,83.2,melissa.miller@company.com,(885) 747-2406,Active
EMP020962,Daniel,Miller,Daniel Miller,27,Engineering,Director,Seattle,84963.22,7854.97,2022-02-18,5,89.1,daniel.miller@company.com,(377) 981-2664,Active
EMP020963,Anthony,Brown,Anthony Brown,65,Marketing,Manager,Austin,66238.23,8476.07,2023-10-10,38,60.1,anthony.brown@company.com,(776) 964-8499,Inactive
EMP020964,James,Wilson,James Wilson,64,Sales,Lead,Los Angeles,90534.27,11928.43,2021-10-28,35,54.6,james.wilson@company.com,(527) 986-4053,Active
EMP020965,John,Jones,John Jones,51,Legal,Director,Boston,80710.11,3725.83,2021-12-03,24,59.5,john.jones@company.com,(528) 243-1011,Active
EMP020966,John,Brown,John Brown,33,Engineering,Manager,Boston,81955.67,5069.74,2020-04-28,8,97.6,john.brown@company.com,(859) 935-9388,Inactive
EMP020967,Daniel,Garcia,Daniel Garcia,29,Engineering,Coordinator,Chicago,94878.44,2329.17,2022-10-03,7,58.0,daniel.garcia@company.com,(961) 880-6720,Active
EMP020968,Ashley,Davis,Ashley Davis,40,IT,Lead,Miami,62720.46,5062.45,2022-10-16,18,71.0,ashley.davis@company.com,(532) 803-9049,Active
EMP020969,John,Moore,John Moore,61,Operations,Coordinator,Chicago,101288.0,5156.5,2023-04-24,35,91.7,john.moore@company.com,(500) 761-7768,Active
EMP020970,Michael,Taylor,Michael Taylor,40,Operations,Coordinator,Seattle,57472.16,6304.0,2020-11-26,12,74.3,michael.taylor@company.com,(350) 743-9196,Active
EMP020971,Amanda,Taylor,Amanda Taylor,34,IT,Specialist,Chicago,55536.7,3261.36,2022-05-18,12,56.1,amanda.taylor@company.com,(508) 645-5430,Active
EMP020972,Anthony,Gonzalez,Anthony Gonzalez,27,Engineering,Associate,Los Angeles,107358.64,14376.24,2023-10-03,0,85.3,anthony.gonzalez@company.com,(890) 403-5284,On Leave
EMP020973,Lisa,Jackson,Lisa Jackson,51,HR,Coordinator,Seattle,80132.13,1184.44,2022-07-18,29,51.7,lisa.jackson@company.com,(317) 561-7040,Active
EMP020974,Melissa,Anderson,Melissa Anderson,29,Engineering,Coordinator,Seattle,109667.76,9697.41,2022-12-31,3,74.6,melissa.anderson@company.com,(609) 525-3908,Active
EMP020975,Lisa,Smith,Lisa Smith,30,Legal,Director,Chicago,89750.89,12016.0,2022-10-31,5,60.4,lisa.smith@company.com,(874) 809-9329,Active
EMP020976,Robert,Hernandez,Robert Hernandez,57,Engineering,Analyst,San Francisco,103729.71,5881.89,2024-04-03,34,100.0,robert.hernandez@company.com,(675) 475-2512,Active
EMP020977,Jane,Anderson,Jane Anderson,55,Finance,Senior Developer,Chicago,91626.78,2473.59,2021-07-12,28,81.8,jane.anderson@company.com,(716) 298-2669,On Leave
EMP020978,Lisa,Miller,Lisa Miller,35,Sales,Manager,Miami,42595.76,6475.75,2023-11-10,11,64.0,lisa.miller@company.com,(988) 266-1363,Active
EMP020979,Melissa,Thomas,Melissa Thomas,50,IT,Associate,San Francisco,69921.95,13522.58,2022-05-24,22,71.0,melissa.thomas@company.com,(874) 989-7853,Inactive
EMP020980,Lisa,Martin,Lisa Martin,35,IT,Senior Developer,Austin,96861.88,9835.64,2020-10-16,7,69.9,lisa.martin@company.com,(919) 285-1943,Active
EMP020981,Jessica,Jackson,Jessica Jackson,29,IT,Lead,Seattle,65789.35,7342.96,2024-07-18,3,88.4,jessica.jackson@company.com,(764) 355-8011,Active
EMP020982,Lisa,Gonzalez,Lisa Gonzalez,24,HR,Associate,New York,40101.37,5233.83,2023-06-09,2,80.4,lisa.gonzalez@company.com,(837) 622-7653,Active
EMP020983,Sarah,Johnson,Sarah Johnson,34,IT,Senior Developer,Chicago,100163.13,7901.39,2024-12-02,6,93.2,sarah.johnson@company.com,(573) 720-6139,Active
EMP020984,Emily,Jones,Emily Jones,38,Operations,Coordinator,Miami,63733.11,12332.98,2023-01-22,16,49.1,emily.jones@company.com,(215) 730-1202,Active
EMP020985,Jane,Davis,Jane Davis,60,Finance,Lead,Miami,90333.84,11167.12,2022-05-17,36,57.1,jane.davis@company.com,(996) 465-8515,Active
EMP020986,Melissa,Gonzalez,Melissa Gonzalez,36,HR,Associate,Miami,60343.35,6667.91,2023-01-12,8,81.6,melissa.gonzalez@company.com,(763) 818-6922,Active
EMP020987,Michael,Moore,Michael Moore,62,Legal,Senior Developer,New York,109930.93,8060.45,2021-04-07,38,74.5,michael.moore@company.com,(646) 583-6850,Inactive
EMP020988,Robert,Hernandez,Robert Hernandez,41,Operations,Senior Developer,Austin,76626.34,7861.46,2021-08-11,12,69.6,robert.hernandez@company.com,(208) 758-3271,Active
EMP020989,James,Lopez,James Lopez,61,Finance,Director,Los Angeles,80510.11,13268.43,2020-11-11,33,53.2,james.lopez@company.com,(586) 783-3029,Active
EMP020990,Jessica,Thomas,Jessica Thomas,40,Finance,Lead,Los Angeles,102653.37,6378.17,2020-04-15,18,80.0,jessica.thomas@company.com,(208) 460-8720,Active
EMP020991,Robert,Moore,Robert Moore,64,Finance,Coordinator,Austin,98296.62,14322.06,2022-12-27,41,84.0,robert.moore@company.com,(305) 368-6267,Active
EMP020992,Michael,Williams,Michael Williams,41,Engineering,Analyst,San Francisco,114551.48,9246.25,2022-05-09,16,74.1,michael.williams@company.com,(263) 473-6307,Active
EMP020993,Daniel,Jackson,Daniel Jackson,50,Engineering,Coordinator,San Francisco,125543.34,17761.16,2020-07-06,28,65.4,daniel.jackson@company.com,(965) 658-6344,Active
EMP020994,Jessica,Rodriguez,Jessica Rodriguez,28,IT,Associate,Seattle,57296.72,10061.51,2023-09-05,0,54.0,jessica.rodriguez@company.com,(370) 986-8808,Inactive
EMP020995,Amanda,Thomas,Amanda Thomas,35,HR,Specialist,Miami,51750.2,4712.33,2023-02-04,9,79.4,amanda.thomas@company.com,(426) 270-4713,Active
EMP020996,Nicole,Johnson,Nicole Johnson,59,Marketing,Senior Developer,San Francisco,63838.1,9938.76,2023-03-06,37,77.5,nicole.johnson@company.com,(758) 565-4069,Active
EMP020997,Emily,Moore,Emily Moore,26,Operations,Analyst,Miami,58112.55,6356.28,2020-05-09,0,93.4,emily.moore@company.com,(418) 580-2247,Active
EMP020998,Daniel,Davis,Daniel Davis,36,Operations,Senior Developer,Boston,86731.58,3037.5,2022-03-25,10,85.5,daniel.davis@company.com,(269) 937-9514,Active
EMP020999,John,Brown,John Brown,36,Legal,Analyst,Los Angeles,76593.39,7608.45,2020-09-18,8,60.3,john.brown@company.com,(332) 915-3532,Active
EMP021000,Stephanie,Taylor,Stephanie Taylor,40,Marketing,Manager,Los Angeles,91215.04,978.1,2024-01-20,15,94.1,stephanie.taylor@company.com,(827) 604-7550,Active
EMP021001,Jessica,Martinez,Jessica Martinez,39,Sales,Analyst,San Francisco,75297.1,13020.14,2022-12-23,10,65.0,jessica.martinez@company.com,(214) 998-4536,Active
EMP021002,Matthew,Johnson,Matthew Johnson,62,Marketing,Manager,Seattle,65120.93,8938.58,2023-02-01,39,67.4,matthew.johnson@company.com,(680) 902-5148,Active
EMP021003,Emily,Williams,Emily Williams,44,Finance,Lead,Los Angeles,77844.1,2453.87,2023-10-20,16,71.5,emily.williams@company.com,(440) 434-6499,Active
EMP021004,Jane,Moore,Jane Moore,48,Marketing,Manager,Austin,63867.47,8656.91,2020-08-12,26,87.9,jane.moore@company.com,(211) 289-9977,Active
EMP021005,Robert,Smith,Robert Smith,57,IT,Associate,Chicago,101874.86,7005.65,2020-04-28,31,95.4,robert.smith@company.com,(530) 594-1946,Active
EMP021006,Robert,Anderson,Robert Anderson,53,Engineering,Specialist,Los Angeles,125564.46,7418.15,2021-10-24,28,100.0,robert.anderson@company.com,(593) 265-1406,Active
EMP021007,Daniel,Williams,Daniel Williams,28,HR,Senior Developer,Los Angeles,28866.7,5706.11,2022-07-14,3,50.9,daniel.williams@company.com,(276) 409-3915,Active
EMP021008,Daniel,Martinez,Daniel Martinez,29,Finance,Lead,Miami,65309.86,4366.19,2020-04-27,2,100.0,daniel.martinez@company.com,(809) 988-4235,On Leave
EMP021009,David,Anderson,David Anderson,41,Marketing,Analyst,New York,86238.18,9124.47,2023-10-15,12,72.7,david.anderson@company.com,(725) 235-4928,Inactive
EMP021010,Nicole,Rodriguez,Nicole Rodriguez,56,Sales,Associate,Seattle,100644.87,6131.26,2022-08-07,32,100.0,nicole.rodriguez@company.com,(555) 251-4957,Active
EMP021011,Stephanie,Moore,Stephanie Moore,26,HR,Specialist,Chicago,85778.28,6983.22,2021-12-24,0,92.2,stephanie.moore@company.com,(545) 419-5657,Active
EMP021012,Daniel,Smith,Daniel Smith,53,Sales,Senior Developer,Chicago,98607.15,8310.23,2022-07-28,29,66.1,daniel.smith@company.com,(743) 363-3710,Active
EMP021013,William,Taylor,William Taylor,33,Sales,Specialist,Los Angeles,64930.9,5273.19,2024-03-23,7,87.5,william.taylor@company.com,(474) 970-2362,Active
EMP021014,William,Miller,William Miller,53,Operations,Coordinator,Seattle,86655.82,674.61,2023-11-25,30,99.7,william.miller@company.com,(331) 597-9766,Inactive
EMP021015,Robert,Jackson,Robert Jackson,60,Operations,Specialist,Chicago,93147.07,12365.74,2022-03-14,38,71.1,robert.jackson@company.com,(435) 820-7070,Active
EMP021016,John,Wilson,John Wilson,27,IT,Coordinator,Boston,78984.35,7584.69,2020-11-03,2,61.0,john.wilson@company.com,(652) 614-7253,Active
EMP021017,John,Lopez,John Lopez,58,Legal,Senior Developer,Miami,107156.91,14868.59,2024-02-25,29,79.3,john.lopez@company.com,(702) 202-7210,Active
EMP021018,Anthony,Williams,Anthony Williams,62,HR,Director,New York,99170.91,3953.59,2020-10-12,34,94.4,anthony.williams@company.com,(992) 422-8527,Active
EMP021019,Ashley,Hernandez,Ashley Hernandez,59,Engineering,Associate,Seattle,125295.3,0.0,2022-09-10,30,68.6,ashley.hernandez@company.com,(817) 877-9939,Active
EMP021020,Michael,Martin,Michael Martin,39,Operations,Specialist,Seattle,62419.28,8104.98,2020-01-04,15,51.5,michael.martin@company.com,(742) 910-8049,Active
EMP021021,Jane,Hernandez,Jane Hernandez,43,Legal,Associate,Austin,99570.35,11467.6,2022-01-31,20,55.9,jane.hernandez@company.com,(448) 228-4531,Active
EMP021022,Nicole,Davis,Nicole Davis,35,Legal,Manager,Los Angeles,130028.39,21688.9,2024-12-04,9,92.7,nicole.davis@company.com,(825) 964-4000,Active
EMP021023,Amanda,Martinez,Amanda Martinez,48,Marketing,Specialist,Los Angeles,71141.71,6566.55,2022-08-20,21,55.0,amanda.martinez@company.com,(403) 254-4974,Active
EMP021024,Lisa,Davis,Lisa Davis,60,Operations,Specialist,New York,92796.89,10003.84,2023-10-04,36,44.2,lisa.davis@company.com,(231) 716-4902,Inactive
EMP021025,Nicole,Martin,Nicole Martin,36,HR,Director,Boston,68370.62,9381.72,2021-07-19,9,76.5,nicole.martin@company.com,(839) 355-3266,Active
EMP021026,Sarah,Brown,Sarah Brown,23,Operations,Associate,San Francisco,34217.09,2774.1,2021-09-06,0,74.0,sarah.brown@company.com,(798) 773-7507,Inactive
EMP021027,Sarah,Jones,Sarah Jones,42,Finance,Lead,Miami,129628.0,1591.24,2022-05-24,19,84.6,sarah.jones@company.com,(408) 849-9853,Active
EMP021028,John,Smith,John Smith,37,Legal,Director,Boston,92121.66,14954.49,2020-11-11,10,98.1,john.smith@company.com,(562) 967-8309,Active
EMP021029,John,Brown,John Brown,43,Finance,Lead,Seattle,83909.14,9688.56,2024-09-25,17,95.0,john.brown@company.com,(845) 392-1535,Active
EMP021030,Daniel,Rodriguez,Daniel Rodriguez,22,HR,Senior Developer,Boston,78851.67,10191.52,2022-12-31,0,79.2,daniel.rodriguez@company.com,(680) 695-5057,Active
EMP021031,Christopher,Miller,Christopher Miller,62,Legal,Lead,Chicago,78256.86,1483.81,2020-12-30,35,66.9,christopher.miller@company.com,(736) 628-2667,Active
EMP021032,William,Brown,William Brown,40,IT,Coordinator,Miami,67563.42,3109.39,2020-11-13,17,87.9,william.brown@company.com,(673) 756-9022,Active
EMP021033,Michael,Thomas,Michael Thomas,45,Sales,Specialist,New York,70736.87,3659.48,2023-06-11,17,54.6,michael.thomas@company.com,(622) 418-9979,Active
EMP021034,Daniel,Brown,Daniel Brown,50,Sales,Analyst,Chicago,81862.71,13019.68,2024-01-07,25,70.3,daniel.brown@company.com,(948) 389-3900,Active
EMP021035,Christopher,Smith,Christopher Smith,54,Marketing,Lead,Boston,70697.03,5769.09,2024-11-15,28,58.0,christopher.smith@company.com,(622) 917-9622,Active
EMP021036,Emily,Smith,Emily Smith,64,Engineering,Lead,Austin,126649.23,7282.49,2024-10-23,37,75.0,emily.smith@company.com,(552) 667-5800,Active
EMP021037,Lisa,Garcia,Lisa Garcia,27,Operations,Analyst,New York,45361.74,6357.16,2024-11-24,0,84.3,lisa.garcia@company.com,(933) 213-4647,Active
EMP021038,Matthew,Johnson,Matthew Johnson,48,Marketing,Director,Los Angeles,95757.16,9123.38,2024-11-29,26,78.7,matthew.johnson@company.com,(606) 647-9756,Active
EMP021039,Nicole,Moore,Nicole Moore,46,Sales,Associate,Austin,83446.85,7219.38,2020-05-17,23,75.2,nicole.moore@company.com,(876) 527-1852,Active
EMP021040,Robert,Gonzalez,Robert Gonzalez,29,IT,Coordinator,Los Angeles,66961.51,8674.71,2022-04-11,4,55.2,robert.gonzalez@company.com,(931) 475-3411,Active
EMP021041,David,Taylor,David Taylor,24,Engineering,Senior Developer,Seattle,52286.25,5235.01,2024-01-27,0,65.8,david.taylor@company.com,(544) 676-5476,Active
EMP021042,Stephanie,Brown,Stephanie Brown,28,Engineering,Manager,Seattle,54966.58,10011.14,2022-12-16,3,71.8,stephanie.brown@company.com,(588) 505-2851,Active
EMP021043,John,Gonzalez,John Gonzalez,25,Sales,Director,New York,78479.4,6452.76,2021-02-02,0,88.8,john.gonzalez@company.com,(450) 579-1977,Active
EMP021044,Anthony,Brown,Anthony Brown,32,Sales,Specialist,Chicago,61199.34,2177.21,2023-03-11,9,46.0,anthony.brown@company.com,(383) 989-5535,Active
EMP021045,Robert,Gonzalez,Robert Gonzalez,39,Marketing,Associate,Chicago,63480.17,3176.82,2023-05-06,12,93.7,robert.gonzalez@company.com,(581) 767-9308,Active
EMP021046,James,Thomas,James Thomas,54,Legal,Specialist,Chicago,150220.97,19884.82,2020-02-17,28,71.8,james.thomas@company.com,(524) 812-9525,Active
EMP021047,Amanda,Jones,Amanda Jones,59,Engineering,Coordinator,Boston,93885.36,4104.74,2020-08-08,30,92.0,amanda.jones@company.com,(580) 367-2511,Inactive
EMP021048,Ashley,Taylor,Ashley Taylor,35,Marketing,Specialist,Los Angeles,63780.84,11890.5,2022-12-06,9,66.3,ashley.taylor@company.com,(861) 443-2993,Active
EMP021049,Matthew,Gonzalez,Matthew Gonzalez,48,Finance,Associate,Chicago,95122.69,0.0,2024-10-23,23,72.7,matthew.gonzalez@company.com,(227) 277-4826,Active
EMP021050,Melissa,Gonzalez,Melissa Gonzalez,22,Operations,Lead,Chicago,67105.45,9235.18,2024-06-15,0,58.8,melissa.gonzalez@company.com,(427) 478-8947,Inactive
EMP021051,William,Martin,William Martin,55,IT,Coordinator,Boston,107388.26,19109.24,2021-09-22,32,56.4,william.martin@company.com,(811) 844-4976,Active
EMP021052,Christopher,Martinez,Christopher Martinez,55,Operations,Specialist,New York,72282.11,4795.22,2024-09-09,26,54.7,christopher.martinez@company.com,(515) 200-4226,Active
EMP021053,Anthony,Martinez,Anthony Martinez,28,Legal,Lead,Boston,101025.1,6601.64,2024-06-06,1,73.7,anthony.martinez@company.com,(812) 264-4049,Active
EMP021054,Lisa,Jones,Lisa Jones,34,Engineering,Senior Developer,Austin,84538.63,6429.18,2024-09-09,6,84.1,lisa.jones@company.com,(454) 455-8695,Active
EMP021055,Robert,Anderson,Robert Anderson,52,HR,Coordinator,New York,79679.08,5521.39,2020-10-01,25,90.2,robert.anderson@company.com,(969) 209-7954,Active
EMP021056,Anthony,Brown,Anthony Brown,62,Sales,Director,Chicago,89461.18,8138.9,2023-08-16,38,83.0,anthony.brown@company.com,(875) 551-4002,Active
EMP021057,Lisa,Gonzalez,Lisa Gonzalez,55,Sales,Lead,Austin,61467.51,10136.98,2022-09-20,28,88.5,lisa.gonzalez@company.com,(944) 731-7998,Active
EMP021058,Ashley,Williams,Ashley Williams,48,Finance,Manager,Austin,101081.34,15104.52,2020-12-21,22,74.7,ashley.williams@company.com,(447) 490-1303,Active
EMP021059,John,Martinez,John Martinez,41,Operations,Director,New York,40773.18,5574.68,2020-09-11,14,84.4,john.martinez@company.com,(205) 936-1604,Active
EMP021060,Lisa,Brown,Lisa Brown,33,HR,Associate,New York,62035.2,7974.92,2024-09-08,5,78.3,lisa.brown@company.com,(288) 822-2530,Active
EMP021061,Melissa,Brown,Melissa Brown,27,Marketing,Associate,Boston,55349.53,7244.79,2024-02-15,1,75.0,melissa.brown@company.com,(968) 581-9135,Active
EMP021062,Matthew,Taylor,Matthew Taylor,43,HR,Coordinator,San Francisco,66630.62,5234.57,2022-04-05,15,92.6,matthew.taylor@company.com,(821) 271-3694,Active
EMP021063,John,Miller,John Miller,54,Legal,Specialist,Chicago,115069.82,0.09,2024-03-15,29,93.3,john.miller@company.com,(568) 887-4330,Active
EMP021064,Jane,Miller,Jane Miller,29,IT,Coordinator,Austin,53828.66,8017.61,2024-12-26,7,82.6,jane.miller@company.com,(252) 737-1652,Inactive
EMP021065,Daniel,Williams,Daniel Williams,33,Operations,Manager,San Francisco,42981.72,4406.29,2021-09-18,7,78.5,daniel.williams@company.com,(633) 349-1123,Active
EMP021066,Emily,Garcia,Emily Garcia,30,IT,Coordinator,Los Angeles,82258.63,8463.6,2020-01-05,7,76.0,emily.garcia@company.com,(587) 639-9751,Active
EMP021067,Emily,Anderson,Emily Anderson,29,Marketing,Associate,New York,32207.39,4886.69,2021-04-24,1,72.5,emily.anderson@company.com,(707) 957-8946,Active
EMP021068,Matthew,Anderson,Matthew Anderson,45,Operations,Lead,New York,60074.22,9531.16,2022-10-24,16,72.7,matthew.anderson@company.com,(964) 663-1586,Active
EMP021069,Jessica,Martinez,Jessica Martinez,42,Engineering,Analyst,Boston,107215.96,3854.65,2024-08-16,19,41.7,jessica.martinez@company.com,(973) 495-1473,Active
EMP021070,Daniel,Brown,Daniel Brown,23,Operations,Lead,Seattle,65821.64,5554.56,2022-11-29,0,71.0,daniel.brown@company.com,(797) 390-6724,Inactive
EMP021071,John,Miller,John Miller,52,Marketing,Specialist,Los Angeles,58418.71,7809.87,2024-05-13,23,62.4,john.miller@company.com,(890) 855-1615,Active
EMP021072,Amanda,Hernandez,Amanda Hernandez,65,Sales,Analyst,New York,70372.9,0.0,2020-08-25,42,88.1,amanda.hernandez@company.com,(518) 499-1127,Active
EMP021073,Stephanie,Gonzalez,Stephanie Gonzalez,26,HR,Senior Developer,Miami,60772.86,8013.04,2024-01-14,0,72.1,stephanie.gonzalez@company.com,(574) 306-2121,Active
EMP021074,Jane,Garcia,Jane Garcia,56,Engineering,Manager,Miami,104293.06,20129.39,2021-05-22,31,81.0,jane.garcia@company.com,(395) 470-5601,Active
EMP021075,Sarah,Martin,Sarah Martin,48,Operations,Coordinator,Los Angeles,75198.58,3934.38,2023-02-03,19,56.3,sarah.martin@company.com,(770) 848-9774,Active
EMP021076,Robert,Gonzalez,Robert Gonzalez,48,IT,Lead,Seattle,106394.85,7456.56,2023-12-07,19,79.3,robert.gonzalez@company.com,(646) 934-2638,Active
EMP021077,Matthew,Lopez,Matthew Lopez,22,Finance,Director,New York,82953.87,11973.85,2020-06-04,0,78.6,matthew.lopez@company.com,(746) 785-7027,Active
EMP021078,William,Davis,William Davis,24,Sales,Manager,Chicago,48506.92,5556.51,2022-07-09,2,66.2,william.davis@company.com,(622) 310-7171,Active
EMP021079,Robert,Jones,Robert Jones,24,Operations,Manager,Miami,71935.6,12468.32,2024-11-04,0,85.7,robert.jones@company.com,(570) 940-6461,Active
EMP021080,Lisa,Johnson,Lisa Johnson,39,IT,Manager,Los Angeles,91205.21,13454.65,2024-07-07,13,77.0,lisa.johnson@company.com,(387) 295-3610,Active
EMP021081,Emily,Johnson,Emily Johnson,60,Finance,Associate,Miami,97881.33,2811.99,2020-04-01,31,73.4,emily.johnson@company.com,(723) 864-4863,Active
EMP021082,Matthew,Taylor,Matthew Taylor,48,Engineering,Specialist,Los Angeles,114511.76,7741.56,2023-03-13,21,72.3,matthew.taylor@company.com,(326) 618-8394,Active
EMP021083,Amanda,Brown,Amanda Brown,24,HR,Senior Developer,Chicago,56707.52,6924.1,2021-02-24,1,98.8,amanda.brown@company.com,(856) 882-8260,Active
EMP021084,Anthony,Taylor,Anthony Taylor,30,IT,Specialist,Los Angeles,67940.54,6837.29,2024-08-05,1,69.7,anthony.taylor@company.com,(982) 648-8493,Inactive
EMP021085,Melissa,Moore,Melissa Moore,58,IT,Associate,Boston,107753.27,15139.88,2020-04-06,35,83.7,melissa.moore@company.com,(728) 791-4182,Active
EMP021086,Lisa,Brown,Lisa Brown,51,Sales,Associate,Boston,64524.74,1748.53,2022-03-14,29,62.3,lisa.brown@company.com,(800) 980-4243,On Leave
EMP021087,Emily,Gonzalez,Emily Gonzalez,30,Sales,Specialist,Miami,74406.22,4654.7,2022-08-08,5,61.7,emily.gonzalez@company.com,(352) 834-6218,Active
EMP021088,Matthew,Williams,Matthew Williams,25,Legal,Manager,Miami,65512.25,7354.74,2022-07-10,0,63.3,matthew.williams@company.com,(673) 700-2559,Active
EMP021089,Jessica,Rodriguez,Jessica Rodriguez,28,HR,Senior Developer,New York,34875.37,2346.4,2024-05-02,0,100.0,jessica.rodriguez@company.com,(661) 432-3377,Active
EMP021090,Stephanie,Anderson,Stephanie Anderson,58,IT,Lead,Austin,143675.98,14457.69,2022-05-29,32,85.4,stephanie.anderson@company.com,(596) 969-6852,Active
EMP021091,Daniel,Johnson,Daniel Johnson,42,Marketing,Analyst,Seattle,61824.0,13210.11,2020-02-05,16,68.3,daniel.johnson@company.com,(411) 926-7816,Active
EMP021092,Ashley,Lopez,Ashley Lopez,45,Engineering,Director,Miami,91241.23,16488.47,2022-04-01,19,66.5,ashley.lopez@company.com,(364) 835-8059,Inactive
EMP021093,Sarah,Wilson,Sarah Wilson,47,Operations,Associate,Los Angeles,71726.15,9443.81,2021-08-11,18,73.9,sarah.wilson@company.com,(948) 991-3224,Active
EMP021094,Melissa,Martinez,Melissa Martinez,25,Engineering,Associate,Los Angeles,93544.94,14193.34,2021-10-09,0,60.5,melissa.martinez@company.com,(443) 844-2703,Active
EMP021095,Ashley,Williams,Ashley Williams,27,Engineering,Specialist,Seattle,103304.63,6645.6,2021-06-04,0,57.4,ashley.williams@company.com,(753) 956-5982,On Leave
EMP021096,Anthony,Brown,Anthony Brown,37,Operations,Specialist,New York,33435.32,904.08,2023-07-09,8,63.1,anthony.brown@company.com,(648) 209-9909,On Leave
EMP021097,Ashley,Jones,Ashley Jones,43,Finance,Director,Chicago,69625.9,114.2,2024-02-12,20,46.7,ashley.jones@company.com,(773) 778-1292,Active
EMP021098,Ashley,Johnson,Ashley Johnson,54,Engineering,Associate,Seattle,90659.27,14826.52,2022-04-22,26,77.9,ashley.johnson@company.com,(378) 502-5949,Active
EMP021099,Daniel,Smith,Daniel Smith,46,Marketing,Manager,Seattle,69968.01,13836.54,2024-12-31,22,70.3,daniel.smith@company.com,(854) 881-1980,Active
EMP021100,William,Anderson,William Anderson,53,Operations,Lead,San Francisco,54788.27,6184.82,2021-01-01,31,93.3,william.anderson@company.com,(268) 488-2806,Active
EMP021101,James,Williams,James Williams,39,IT,Associate,New York,82496.55,13276.24,2021-05-08,14,85.4,james.williams@company.com,(298) 564-3048,Active
EMP021102,Emily,Taylor,Emily Taylor,29,IT,Specialist,Miami,69970.4,7497.95,2022-02-05,3,72.6,emily.taylor@company.com,(414) 661-6743,Active
EMP021103,Christopher,Smith,Christopher Smith,40,Operations,Associate,Seattle,55276.71,5094.03,2023-12-04,16,85.1,christopher.smith@company.com,(828) 923-6583,Inactive
EMP021104,Daniel,Smith,Daniel Smith,44,Engineering,Coordinator,Chicago,107681.04,13760.22,2021-05-31,20,54.0,daniel.smith@company.com,(703) 442-4799,Active
EMP021105,Daniel,Lopez,Daniel Lopez,25,Engineering,Specialist,Seattle,86109.98,17588.83,2023-11-26,2,48.5,daniel.lopez@company.com,(973) 869-5628,Active
EMP021106,Melissa,Moore,Melissa Moore,32,HR,Lead,Seattle,55397.42,8187.94,2022-12-30,8,62.7,melissa.moore@company.com,(842) 901-6738,Active
EMP021107,Matthew,Martinez,Matthew Martinez,27,Operations,Director,Seattle,50730.76,5512.27,2021-07-07,3,57.2,matthew.martinez@company.com,(756) 357-6986,Inactive
EMP021108,James,Hernandez,James Hernandez,65,Operations,Manager,Los Angeles,57093.35,7098.34,2021-01-23,40,83.8,james.hernandez@company.com,(290) 264-2962,Active
EMP021109,Melissa,Hernandez,Melissa Hernandez,32,Marketing,Senior Developer,Chicago,81265.58,17863.56,2021-09-17,8,83.9,melissa.hernandez@company.com,(397) 541-6378,Active
EMP021110,Anthony,Martin,Anthony Martin,45,Finance,Specialist,New York,84142.98,5570.24,2022-08-13,19,54.4,anthony.martin@company.com,(780) 852-5828,Active
EMP021111,Christopher,Rodriguez,Christopher Rodriguez,64,Operations,Manager,Boston,72225.03,5058.43,2024-08-11,42,80.5,christopher.rodriguez@company.com,(859) 838-4408,Active
EMP021112,Anthony,Jones,Anthony Jones,65,Finance,Lead,Boston,135855.75,5487.81,2022-11-21,40,86.0,anthony.jones@company.com,(525) 845-1550,Active
EMP021113,Matthew,Hernandez,Matthew Hernandez,26,Engineering,Manager,San Francisco,50033.19,7589.31,2022-11-20,2,91.3,matthew.hernandez@company.com,(949) 956-8297,Active
EMP021114,Michael,Martin,Michael Martin,36,Finance,Associate,Chicago,68373.33,2858.52,2023-05-05,8,100.0,michael.martin@company.com,(498) 232-4057,Active
EMP021115,Amanda,Martinez,Amanda Martinez,63,Finance,Associate,Boston,98910.66,13576.2,2021-05-08,34,76.6,amanda.martinez@company.com,(458) 563-4017,On Leave
EMP021116,Christopher,Lopez,Christopher Lopez,45,Sales,Manager,Seattle,65543.12,10978.22,2023-05-13,17,69.6,christopher.lopez@company.com,(801) 895-9312,Active
EMP021117,Sarah,Thomas,Sarah Thomas,43,Operations,Coordinator,San Francisco,62614.94,8104.2,2023-09-05,17,57.6,sarah.thomas@company.com,(627) 422-6218,Active
EMP021118,Jessica,Williams,Jessica Williams,24,Sales,Coordinator,Boston,83412.83,9660.89,2021-12-27,0,71.5,jessica.williams@company.com,(341) 833-2998,Active
EMP021119,Lisa,Hernandez,Lisa Hernandez,42,Marketing,Manager,Los Angeles,82418.63,2329.68,2021-08-12,19,68.5,lisa.hernandez@company.com,(518) 792-4625,Active
EMP021120,Daniel,Martin,Daniel Martin,54,IT,Coordinator,Chicago,101968.72,16395.96,2022-12-10,31,59.1,daniel.martin@company.com,(384) 764-3090,Active
EMP021121,William,Martin,William Martin,26,Marketing,Manager,San Francisco,70800.71,0.0,2021-10-09,0,64.9,william.martin@company.com,(317) 742-1861,Active
EMP021122,Matthew,Wilson,Matthew Wilson,47,IT,Director,San Francisco,71391.9,3176.67,2020-11-02,21,78.2,matthew.wilson@company.com,(965) 503-1280,Active
EMP021123,Lisa,Gonzalez,Lisa Gonzalez,30,IT,Lead,Seattle,67635.46,5549.17,2021-01-19,8,100.0,lisa.gonzalez@company.com,(539) 416-3810,Active
EMP021124,Amanda,Hernandez,Amanda Hernandez,28,Finance,Coordinator,Boston,71136.82,6130.9,2022-01-28,5,100.0,amanda.hernandez@company.com,(350) 487-3265,Active
EMP021125,Sarah,Brown,Sarah Brown,28,Engineering,Manager,New York,90867.69,5722.24,2022-06-10,5,51.7,sarah.brown@company.com,(550) 695-3294,Active
EMP021126,Emily,Williams,Emily Williams,26,IT,Analyst,Austin,72044.19,11190.06,2021-09-01,0,65.5,emily.williams@company.com,(623) 653-7889,Active
EMP021127,Christopher,Miller,Christopher Miller,33,Sales,Associate,San Francisco,79584.69,14084.07,2023-10-02,5,79.9,christopher.miller@company.com,(915) 709-6571,Active
EMP021128,Melissa,Lopez,Melissa Lopez,22,Operations,Associate,Seattle,39799.88,4306.46,2022-04-02,0,53.1,melissa.lopez@company.com,(823) 357-1532,Active
EMP021129,Anthony,Moore,Anthony Moore,49,Engineering,Specialist,Los Angeles,70782.44,5649.99,2024-11-21,26,44.0,anthony.moore@company.com,(443) 517-3389,Active
EMP021130,Emily,Garcia,Emily Garcia,65,Marketing,Director,San Francisco,86989.49,8558.46,2023-11-18,36,81.2,emily.garcia@company.com,(970) 935-8747,Inactive
EMP021131,Nicole,Smith,Nicole Smith,44,HR,Manager,Seattle,77832.1,11465.72,2021-09-27,18,62.6,nicole.smith@company.com,(483) 723-9722,Active
EMP021132,Matthew,Anderson,Matthew Anderson,28,Marketing,Senior Developer,San Francisco,53573.2,4058.62,2021-09-09,2,66.4,matthew.anderson@company.com,(543) 281-1232,Active
EMP021133,Amanda,Jackson,Amanda Jackson,59,HR,Director,New York,56545.95,5325.68,2021-09-12,30,89.2,amanda.jackson@company.com,(473) 448-2537,Active
EMP021134,John,Martinez,John Martinez,48,HR,Specialist,New York,50410.22,7951.22,2022-07-23,26,88.6,john.martinez@company.com,(485) 997-9287,Active
EMP021135,David,Brown,David Brown,60,HR,Analyst,Miami,61217.46,298.91,2024-09-12,37,66.1,david.brown@company.com,(555) 362-8623,Active
EMP021136,Stephanie,Hernandez,Stephanie Hernandez,42,Legal,Director,Seattle,121868.43,11498.69,2021-06-16,15,82.4,stephanie.hernandez@company.com,(235) 486-5924,Active
EMP021137,Nicole,Jackson,Nicole Jackson,53,IT,Coordinator,Chicago,93920.82,7193.61,2024-08-17,31,82.7,nicole.jackson@company.com,(684) 619-7731,Active
EMP021138,Daniel,Anderson,Daniel Anderson,65,Legal,Analyst,Austin,143243.91,5951.61,2024-04-12,42,84.1,daniel.anderson@company.com,(737) 267-3901,Inactive
EMP021139,Christopher,Wilson,Christopher Wilson,45,Legal,Associate,New York,104217.9,12703.62,2020-04-16,16,64.9,christopher.wilson@company.com,(229) 366-1772,Active
EMP021140,James,Martinez,James Martinez,43,Marketing,Manager,Miami,68417.37,5781.81,2020-12-13,20,66.9,james.martinez@company.com,(998) 442-9071,Active
EMP021141,David,Thomas,David Thomas,63,HR,Manager,Austin,76306.78,7558.76,2020-10-08,41,60.3,david.thomas@company.com,(626) 474-3405,Active
EMP021142,Michael,Miller,Michael Miller,43,Finance,Manager,Austin,70074.27,6700.67,2023-06-22,14,79.7,michael.miller@company.com,(864) 758-9441,Inactive
EMP021143,William,Garcia,William Garcia,43,Finance,Lead,Austin,75960.87,4898.55,2024-11-24,14,67.4,william.garcia@company.com,(465) 467-7650,Active
EMP021144,Amanda,Miller,Amanda Miller,29,HR,Specialist,Chicago,67431.31,6254.21,2023-01-21,5,75.7,amanda.miller@company.com,(719) 529-1923,Active
EMP021145,Jessica,Brown,Jessica Brown,62,Sales,Manager,Austin,63591.0,4946.52,2020-11-10,34,81.2,jessica.brown@company.com,(662) 830-2146,Active
EMP021146,Amanda,Jackson,Amanda Jackson,44,Finance,Senior Developer,San Francisco,92648.55,8924.11,2024-09-07,15,62.4,amanda.jackson@company.com,(891) 540-5775,Active
EMP021147,William,Brown,William Brown,59,Engineering,Coordinator,Seattle,141979.53,13526.1,2021-06-12,30,87.5,william.brown@company.com,(442) 489-9770,Active
EMP021148,James,Gonzalez,James Gonzalez,65,Engineering,Senior Developer,Miami,114623.29,11711.55,2024-11-23,37,78.5,james.gonzalez@company.com,(508) 843-3384,Active
EMP021149,David,Martin,David Martin,25,Sales,Associate,New York,64398.0,3941.14,2021-06-18,1,78.0,david.martin@company.com,(609) 695-7054,Active
EMP021150,Matthew,Smith,Matthew Smith,51,Operations,Manager,Los Angeles,51355.1,2752.91,2021-03-15,26,57.5,matthew.smith@company.com,(796) 700-9800,Active
EMP021151,Jessica,Hernandez,Jessica Hernandez,39,HR,Associate,Austin,71535.96,2871.78,2024-11-11,16,84.6,jessica.hernandez@company.com,(326) 229-6059,Active
EMP021152,Melissa,Jones,Melissa Jones,27,Operations,Manager,New York,53241.91,5184.39,2023-09-29,0,75.5,melissa.jones@company.com,(246) 384-8169,Active
EMP021153,William,Anderson,William Anderson,23,Marketing,Specialist,Chicago,43508.57,1901.36,2022-12-22,1,93.6,william.anderson@company.com,(662) 356-8238,Inactive
EMP021154,Lisa,Martinez,Lisa Martinez,59,Legal,Senior Developer,Miami,83684.85,11436.8,2023-06-21,32,79.8,lisa.martinez@company.com,(649) 434-4973,On Leave
EMP021155,Stephanie,Lopez,Stephanie Lopez,57,Operations,Specialist,Los Angeles,84781.64,16989.14,2021-06-30,29,66.5,stephanie.lopez@company.com,(603) 452-8156,Active
EMP021156,Amanda,Rodriguez,Amanda Rodriguez,28,Sales,Lead,Chicago,41537.04,2561.29,2022-02-10,0,96.8,amanda.rodriguez@company.com,(411) 487-9298,Active
EMP021157,Sarah,Brown,Sarah Brown,41,IT,Specialist,Seattle,58676.51,7312.39,2024-10-27,19,92.9,sarah.brown@company.com,(737) 305-1421,Inactive
EMP021158,Daniel,Garcia,Daniel Garcia,33,Finance,Analyst,Austin,69592.08,8955.93,2021-10-09,8,73.8,daniel.garcia@company.com,(921) 509-1687,Inactive
EMP021159,Emily,Martinez,Emily Martinez,36,Marketing,Associate,Seattle,79464.31,1764.5,2021-09-23,7,100.0,emily.martinez@company.com,(342) 473-1380,Inactive
EMP021160,James,Jones,James Jones,44,Legal,Lead,Miami,99237.89,8126.65,2022-03-02,21,92.0,james.jones@company.com,(687) 822-7673,Active
EMP021161,William,Thomas,William Thomas,38,IT,Associate,New York,70299.22,9459.67,2020-05-26,9,49.9,william.thomas@company.com,(362) 668-1656,Active
EMP021162,Ashley,Martinez,Ashley Martinez,26,Engineering,Coordinator,Seattle,82988.52,7463.7,2024-01-07,4,58.2,ashley.martinez@company.com,(761) 631-4836,Active
EMP021163,Matthew,Anderson,Matthew Anderson,47,Marketing,Director,Chicago,77723.07,7824.21,2021-05-05,18,62.7,matthew.anderson@company.com,(840) 753-9088,Active
EMP021164,Christopher,Moore,Christopher Moore,41,HR,Specialist,Boston,83689.83,12615.56,2022-08-15,15,70.3,christopher.moore@company.com,(948) 573-6415,Active
EMP021165,Amanda,Thomas,Amanda Thomas,60,Legal,Lead,Boston,103880.67,17997.75,2022-05-14,38,55.6,amanda.thomas@company.com,(459) 202-7292,Active
EMP021166,Matthew,Taylor,Matthew Taylor,45,Marketing,Associate,New York,78637.44,1086.43,2023-04-18,17,92.2,matthew.taylor@company.com,(300) 291-2126,Active
EMP021167,Emily,Jackson,Emily Jackson,54,Finance,Director,New York,97752.44,8141.89,2023-06-08,28,89.5,emily.jackson@company.com,(965) 802-2234,Active
EMP021168,Nicole,Williams,Nicole Williams,63,Finance,Senior Developer,Chicago,77527.92,13093.92,2022-06-08,34,71.5,nicole.williams@company.com,(334) 484-9414,Active
EMP021169,Ashley,Garcia,Ashley Garcia,43,Operations,Manager,Seattle,25500.0,762.04,2022-11-08,15,69.3,ashley.garcia@company.com,(948) 872-7716,Active
EMP021170,Melissa,Hernandez,Melissa Hernandez,58,IT,Lead,Los Angeles,118662.98,16333.35,2024-09-29,31,71.0,melissa.hernandez@company.com,(880) 214-9130,Active
EMP021171,Robert,Williams,Robert Williams,50,Finance,Specialist,Chicago,100647.55,9041.92,2020-09-12,24,71.5,robert.williams@company.com,(820) 403-8250,Active
EMP021172,Anthony,Jackson,Anthony Jackson,53,HR,Specialist,Chicago,57477.22,7025.9,2023-11-25,26,97.3,anthony.jackson@company.com,(901) 793-6710,Active
EMP021173,Christopher,Rodriguez,Christopher Rodriguez,47,Sales,Director,San Francisco,92342.68,9770.04,2022-07-06,25,100.0,christopher.rodriguez@company.com,(407) 309-5738,Active
EMP021174,Lisa,Hernandez,Lisa Hernandez,38,HR,Associate,Seattle,58057.94,4835.35,2021-09-19,14,86.4,lisa.hernandez@company.com,(600) 859-8648,Inactive
EMP021175,James,Lopez,James Lopez,37,Legal,Director,San Francisco,52508.66,1641.78,2020-07-28,14,79.5,james.lopez@company.com,(557) 439-4232,Active
EMP021176,John,Thomas,John Thomas,65,Engineering,Lead,Seattle,120996.04,20406.61,2022-10-12,37,63.1,john.thomas@company.com,(218) 704-4701,Active
EMP021177,John,Lopez,John Lopez,57,Marketing,Director,Chicago,91166.94,0.0,2022-02-03,34,66.6,john.lopez@company.com,(927) 337-6325,Active
EMP021178,Daniel,Williams,Daniel Williams,61,HR,Associate,Seattle,65364.81,5927.02,2022-07-25,34,77.0,daniel.williams@company.com,(549) 542-3618,Active
EMP021179,Daniel,Martin,Daniel Martin,31,Marketing,Associate,Boston,66789.39,11291.47,2024-03-06,8,70.2,daniel.martin@company.com,(768) 702-9874,Active
EMP021180,James,Martinez,James Martinez,31,Operations,Manager,Miami,42745.84,350.54,2024-01-05,3,76.1,james.martinez@company.com,(822) 300-5836,Active
EMP021181,Robert,Martin,Robert Martin,64,Marketing,Senior Developer,Los Angeles,92586.18,14897.87,2023-03-10,37,47.1,robert.martin@company.com,(287) 414-9469,Active
EMP021182,Amanda,Lopez,Amanda Lopez,26,Sales,Analyst,Boston,71286.33,5359.01,2024-07-22,2,71.6,amanda.lopez@company.com,(483) 593-9958,Active
EMP021183,Matthew,Gonzalez,Matthew Gonzalez,28,Legal,Manager,Boston,90842.85,9611.88,2022-07-12,2,46.4,matthew.gonzalez@company.com,(311) 841-9913,On Leave
EMP021184,Melissa,Taylor,Melissa Taylor,55,Marketing,Specialist,Miami,86507.34,10663.83,2020-07-20,27,79.8,melissa.taylor@company.com,(842) 585-1295,Active
EMP021185,John,Moore,John Moore,59,IT,Analyst,Chicago,90808.96,8399.43,2021-11-10,35,78.8,john.moore@company.com,(694) 215-2990,Active
EMP021186,Robert,Rodriguez,Robert Rodriguez,49,IT,Manager,Los Angeles,74809.59,5694.07,2020-10-10,27,75.3,robert.rodriguez@company.com,(965) 643-2701,Active
EMP021187,Emily,Davis,Emily Davis,45,Engineering,Associate,Seattle,72198.22,11135.9,2022-11-21,22,59.0,emily.davis@company.com,(237) 264-8399,Active
EMP021188,Anthony,Taylor,Anthony Taylor,26,Marketing,Lead,San Francisco,52552.25,1870.92,2023-05-13,0,47.6,anthony.taylor@company.com,(752) 919-1801,Active
EMP021189,Matthew,Wilson,Matthew Wilson,64,Sales,Lead,San Francisco,107309.98,12911.35,2020-01-04,36,86.9,matthew.wilson@company.com,(730) 959-9438,Inactive
EMP021190,Christopher,Davis,Christopher Davis,46,Operations,Specialist,Los Angeles,58756.13,8042.5,2021-05-15,23,63.1,christopher.davis@company.com,(606) 920-2556,Active
EMP021191,Christopher,Smith,Christopher Smith,55,HR,Director,Los Angeles,74431.6,14473.13,2024-07-22,28,66.9,christopher.smith@company.com,(862) 505-3973,Active
EMP021192,Jane,Anderson,Jane Anderson,32,Marketing,Director,Chicago,72982.7,3262.81,2024-03-07,8,50.7,jane.anderson@company.com,(689) 288-7223,Active
EMP021193,Matthew,Jackson,Matthew Jackson,59,Engineering,Coordinator,Miami,99195.92,8782.65,2023-04-03,33,49.7,matthew.jackson@company.com,(654) 389-5760,Active
EMP021194,William,Lopez,William Lopez,24,HR,Senior Developer,New York,78067.41,10109.29,2022-05-07,1,74.7,william.lopez@company.com,(533) 626-8932,Active
EMP021195,Jessica,Williams,Jessica Williams,46,Legal,Analyst,Miami,111105.71,12792.43,2020-03-21,21,77.1,jessica.williams@company.com,(615) 425-5123,Active
EMP021196,Jessica,Wilson,Jessica Wilson,45,HR,Director,Seattle,78192.34,5090.37,2022-12-18,18,91.4,jessica.wilson@company.com,(916) 809-5517,Active
EMP021197,Emily,Rodriguez,Emily Rodriguez,41,HR,Lead,San Francisco,74196.22,5252.67,2022-10-12,17,87.5,emily.rodriguez@company.com,(500) 225-3782,On Leave
EMP021198,Melissa,Anderson,Melissa Anderson,49,Finance,Associate,San Francisco,112464.46,5933.28,2022-05-11,23,87.3,melissa.anderson@company.com,(284) 502-3329,Active
EMP021199,Anthony,Gonzalez,Anthony Gonzalez,38,Engineering,Analyst,Chicago,102943.26,17173.96,2023-07-11,9,58.3,anthony.gonzalez@company.com,(812) 259-2321,On Leave
EMP021200,Sarah,Martin,Sarah Martin,33,Legal,Director,New York,103395.82,6206.8,2021-04-03,11,85.3,sarah.martin@company.com,(326) 581-1461,Active
EMP021201,Amanda,Williams,Amanda Williams,54,Finance,Manager,San Francisco,112573.86,6033.65,2022-02-03,28,80.4,amanda.williams@company.com,(339) 592-9086,Active
EMP021202,William,Hernandez,William Hernandez,62,Finance,Manager,Los Angeles,90319.01,3613.66,2021-09-09,38,63.8,william.hernandez@company.com,(857) 923-2545,Active
EMP021203,Christopher,Hernandez,Christopher Hernandez,42,Marketing,Analyst,Chicago,86688.22,6694.71,2020-12-31,19,68.1,christopher.hernandez@company.com,(942) 642-1472,Active
EMP021204,Lisa,Martinez,Lisa Martinez,49,Finance,Associate,Boston,84371.82,14253.71,2023-01-09,23,81.1,lisa.martinez@company.com,(357) 401-6718,Active
EMP021205,Amanda,Taylor,Amanda Taylor,43,Operations,Senior Developer,Chicago,54249.4,5689.92,2020-04-15,14,87.3,amanda.taylor@company.com,(992) 290-2854,Active
EMP021206,Nicole,Johnson,Nicole Johnson,60,Sales,Analyst,New York,87532.9,9194.35,2023-02-06,37,66.7,nicole.johnson@company.com,(496) 371-6989,Active
EMP021207,Daniel,Martin,Daniel Martin,26,Sales,Analyst,Austin,82711.63,6198.27,2023-10-25,0,75.1,daniel.martin@company.com,(766) 405-9146,Active
EMP021208,Nicole,Lopez,Nicole Lopez,41,Finance,Manager,Miami,70018.81,13064.11,2020-04-04,15,75.4,nicole.lopez@company.com,(232) 639-3917,Active
EMP021209,Sarah,Lopez,Sarah Lopez,50,Sales,Lead,New York,111669.8,7380.73,2020-02-22,26,64.9,sarah.lopez@company.com,(949) 951-7824,Active
EMP021210,Jessica,Johnson,Jessica Johnson,39,Engineering,Director,New York,76246.39,6113.6,2024-08-22,11,88.3,jessica.johnson@company.com,(730) 845-6200,Active
EMP021211,Jane,Jackson,Jane Jackson,32,Sales,Specialist,New York,47178.94,10404.66,2021-09-27,5,66.0,jane.jackson@company.com,(459) 757-4119,Active
EMP021212,Emily,Smith,Emily Smith,47,Marketing,Associate,Seattle,82067.82,14332.13,2023-09-30,21,93.0,emily.smith@company.com,(340) 404-1814,Active
EMP021213,Jessica,Moore,Jessica Moore,62,HR,Specialist,San Francisco,61692.73,9700.4,2024-04-01,33,86.1,jessica.moore@company.com,(866) 669-7574,Active
EMP021214,David,Davis,David Davis,51,Engineering,Lead,Austin,68255.88,9806.01,2023-02-01,23,46.1,david.davis@company.com,(874) 641-3997,Active
EMP021215,Christopher,Davis,Christopher Davis,34,Finance,Lead,Boston,75958.8,10437.13,2024-09-11,7,75.2,christopher.davis@company.com,(959) 377-5503,Active
EMP021216,Amanda,Lopez,Amanda Lopez,32,Operations,Lead,Seattle,30402.26,1928.48,2020-04-24,9,83.6,amanda.lopez@company.com,(489) 447-8213,Active
EMP021217,James,Hernandez,James Hernandez,61,Sales,Senior Developer,Miami,91680.92,6252.73,2022-03-11,38,59.3,james.hernandez@company.com,(744) 432-1648,Active
EMP021218,William,Martin,William Martin,34,Marketing,Analyst,Chicago,55599.21,6329.04,2024-02-20,9,66.5,william.martin@company.com,(397) 205-7345,Active
EMP021219,Christopher,Smith,Christopher Smith,33,Operations,Director,Austin,70979.64,4592.1,2024-04-11,10,90.0,christopher.smith@company.com,(899) 415-5269,Active
EMP021220,Jane,Rodriguez,Jane Rodriguez,61,Sales,Director,Los Angeles,102741.74,2045.43,2021-01-02,39,91.3,jane.rodriguez@company.com,(341) 583-1264,Active
EMP021221,Matthew,Anderson,Matthew Anderson,53,Engineering,Lead,Chicago,102898.9,10042.38,2024-06-06,28,73.1,matthew.anderson@company.com,(309) 526-2701,Inactive
EMP021222,Robert,Gonzalez,Robert Gonzalez,46,IT,Analyst,Miami,103708.18,2450.65,2024-06-10,23,67.5,robert.gonzalez@company.com,(974) 397-3550,Active
EMP021223,Robert,Smith,Robert Smith,61,HR,Associate,San Francisco,77401.33,7653.52,2022-04-05,39,60.3,robert.smith@company.com,(692) 530-8981,Active
EMP021224,Stephanie,Anderson,Stephanie Anderson,27,IT,Lead,Chicago,88362.82,8746.58,2023-05-15,4,79.7,stephanie.anderson@company.com,(709) 871-6550,Active
EMP021225,Matthew,Davis,Matthew Davis,60,Engineering,Senior Developer,Miami,140493.17,6028.03,2020-01-20,32,77.7,matthew.davis@company.com,(810) 992-4554,Active
EMP021226,William,Garcia,William Garcia,29,Sales,Coordinator,Boston,71014.71,1677.27,2022-01-21,2,84.4,william.garcia@company.com,(625) 602-8698,On Leave
EMP021227,Ashley,Rodriguez,Ashley Rodriguez,62,Finance,Lead,Seattle,90942.18,0.0,2020-09-09,34,79.9,ashley.rodriguez@company.com,(536) 564-6791,Active
EMP021228,David,Anderson,David Anderson,56,Legal,Lead,Seattle,81589.22,10564.64,2022-07-22,31,68.7,david.anderson@company.com,(422) 674-8614,Active
EMP021229,Robert,Rodriguez,Robert Rodriguez,64,HR,Specialist,Miami,99184.14,13500.64,2024-11-24,41,74.3,robert.rodriguez@company.com,(463) 855-6282,Active
EMP021230,John,Thomas,John Thomas,46,Marketing,Manager,Boston,56735.21,6462.01,2020-07-17,23,79.6,john.thomas@company.com,(510) 975-3505,Active
EMP021231,Stephanie,Anderson,Stephanie Anderson,65,Sales,Manager,Los Angeles,85437.73,12833.42,2021-08-01,38,62.8,stephanie.anderson@company.com,(723) 391-3840,Active
EMP021232,Jessica,Moore,Jessica Moore,62,HR,Manager,Los Angeles,63234.17,7897.77,2023-09-26,35,49.8,jessica.moore@company.com,(987) 315-1163,On Leave
EMP021233,Sarah,Martin,Sarah Martin,40,IT,Director,Austin,76504.53,0.0,2024-01-30,16,82.1,sarah.martin@company.com,(251) 295-5069,Active
EMP021234,Daniel,Rodriguez,Daniel Rodriguez,65,HR,Specialist,Seattle,77906.95,10507.65,2023-10-03,41,73.8,daniel.rodriguez@company.com,(296) 911-6317,Active
EMP021235,William,Brown,William Brown,43,Marketing,Lead,Chicago,71985.0,9515.47,2023-07-16,18,69.1,william.brown@company.com,(705) 675-7237,Active
EMP021236,David,Brown,David Brown,23,IT,Analyst,Los Angeles,41445.41,3443.4,2021-06-27,0,66.1,david.brown@company.com,(565) 842-6188,Active
EMP021237,Christopher,Brown,Christopher Brown,41,IT,Director,San Francisco,79461.64,9652.58,2024-07-09,18,80.8,christopher.brown@company.com,(879) 629-5976,Active
EMP021238,Michael,Garcia,Michael Garcia,39,Marketing,Analyst,Los Angeles,54437.07,3416.15,2021-06-05,13,55.3,michael.garcia@company.com,(952) 510-3857,Active
EMP021239,Jane,Gonzalez,Jane Gonzalez,49,Engineering,Manager,Austin,100747.14,14807.04,2023-02-17,20,69.2,jane.gonzalez@company.com,(302) 587-9017,Inactive
EMP021240,Daniel,Williams,Daniel Williams,62,IT,Director,Boston,107761.02,4186.26,2022-02-10,36,100.0,daniel.williams@company.com,(298) 507-1032,Active
EMP021241,Jane,Martinez,Jane Martinez,30,Finance,Coordinator,Boston,72445.12,3087.3,2022-02-23,1,81.5,jane.martinez@company.com,(755) 739-4468,Active
EMP021242,Christopher,Williams,Christopher Williams,53,IT,Analyst,Austin,92723.63,11675.21,2022-03-08,25,91.5,christopher.williams@company.com,(254) 809-1280,Active
EMP021243,Emily,Miller,Emily Miller,61,Engineering,Senior Developer,Seattle,115762.41,16425.53,2024-05-25,33,57.9,emily.miller@company.com,(598) 373-2041,Inactive
EMP021244,William,Taylor,William Taylor,48,Sales,Specialist,Chicago,105319.12,4905.91,2024-08-12,22,73.4,william.taylor@company.com,(970) 774-4170,Active
EMP021245,Stephanie,Martin,Stephanie Martin,35,Engineering,Analyst,Boston,123542.92,8675.55,2022-05-13,9,85.4,stephanie.martin@company.com,(782) 733-9539,Active
EMP021246,Sarah,Taylor,Sarah Taylor,42,Finance,Director,Miami,71799.73,8570.88,2020-10-25,20,100.0,sarah.taylor@company.com,(554) 733-1701,Active
EMP021247,Nicole,Gonzalez,Nicole Gonzalez,60,IT,Senior Developer,Los Angeles,87247.06,6283.98,2021-02-05,35,56.2,nicole.gonzalez@company.com,(754) 246-7670,Active
EMP021248,Amanda,Martinez,Amanda Martinez,43,Sales,Coordinator,Miami,68305.29,3951.69,2021-07-25,14,76.2,amanda.martinez@company.com,(981) 841-6666,Active
EMP021249,Jane,Martinez,Jane Martinez,22,Marketing,Lead,Austin,28500.0,870.06,2024-12-05,0,90.1,jane.martinez@company.com,(434) 735-2403,Active
EMP021250,Anthony,Wilson,Anthony Wilson,60,Legal,Manager,Chicago,98785.19,15810.9,2021-06-10,32,55.6,anthony.wilson@company.com,(626) 800-3573,Active
EMP021251,Michael,Williams,Michael Williams,28,Engineering,Senior Developer,New York,87763.67,13144.51,2023-12-03,1,89.3,michael.williams@company.com,(693) 958-1172,Active
EMP021252,Nicole,Martin,Nicole Martin,33,Marketing,Analyst,Boston,76693.18,9820.09,2024-03-13,4,80.0,nicole.martin@company.com,(606) 919-7428,Active
EMP021253,David,Taylor,David Taylor,27,Engineering,Specialist,Boston,59205.51,728.54,2021-12-17,2,76.0,david.taylor@company.com,(546) 703-2104,Active
EMP021254,Stephanie,Smith,Stephanie Smith,39,Marketing,Manager,Chicago,65669.32,3243.91,2022-08-18,12,100.0,stephanie.smith@company.com,(494) 578-4280,Active
EMP021255,Jane,Taylor,Jane Taylor,34,Finance,Specialist,Boston,55984.56,10984.03,2023-01-08,8,85.8,jane.taylor@company.com,(328) 703-5690,Active
EMP021256,Ashley,Thomas,Ashley Thomas,56,HR,Associate,New York,65731.71,3917.65,2022-12-25,27,78.1,ashley.thomas@company.com,(403) 355-7632,Inactive
EMP021257,Matthew,Johnson,Matthew Johnson,25,Sales,Associate,Chicago,79381.98,7674.14,2022-01-23,0,70.6,matthew.johnson@company.com,(755) 648-9208,Active
EMP021258,Sarah,Jones,Sarah Jones,29,Engineering,Analyst,Boston,71437.03,9989.63,2020-06-02,3,68.6,sarah.jones@company.com,(845) 499-9159,Active
EMP021259,Michael,Gonzalez,Michael Gonzalez,33,Marketing,Director,Los Angeles,65932.78,8731.57,2020-10-13,7,59.8,michael.gonzalez@company.com,(753) 893-3201,Active
EMP021260,Jessica,Johnson,Jessica Johnson,28,Sales,Specialist,Miami,62561.65,8362.89,2021-07-29,3,65.7,jessica.johnson@company.com,(350) 660-5933,Active
EMP021261,Melissa,Smith,Melissa Smith,50,Marketing,Specialist,Austin,71164.82,1431.27,2020-09-28,23,100.0,melissa.smith@company.com,(205) 353-2312,Active
EMP021262,Sarah,Martin,Sarah Martin,42,Engineering,Specialist,Austin,57866.05,1687.64,2021-01-03,19,95.7,sarah.martin@company.com,(798) 546-9349,Active
EMP021263,Emily,Miller,Emily Miller,50,Operations,Coordinator,San Francisco,86297.75,16030.87,2023-09-16,22,65.5,emily.miller@company.com,(385) 570-8846,Active
EMP021264,Amanda,Martinez,Amanda Martinez,44,Engineering,Associate,Chicago,88952.63,10929.22,2021-11-21,16,59.7,amanda.martinez@company.com,(629) 708-6526,Active
EMP021265,Emily,Taylor,Emily Taylor,27,Legal,Analyst,Chicago,103201.08,8875.24,2020-10-12,3,64.9,emily.taylor@company.com,(805) 380-9905,Active
EMP021266,Robert,Jones,Robert Jones,42,Engineering,Coordinator,Los Angeles,71866.92,7570.41,2020-08-14,16,72.3,robert.jones@company.com,(619) 547-3358,Active
EMP021267,Jane,Martinez,Jane Martinez,38,Operations,Director,Austin,63025.03,8742.26,2023-03-22,10,59.2,jane.martinez@company.com,(903) 339-6044,Active
EMP021268,Melissa,Williams,Melissa Williams,59,Operations,Senior Developer,Chicago,51117.06,3437.06,2021-01-19,35,82.2,melissa.williams@company.com,(645) 963-6277,Active
EMP021269,Sarah,Rodriguez,Sarah Rodriguez,23,Finance,Senior Developer,New York,55781.98,5028.43,2024-09-26,0,52.6,sarah.rodriguez@company.com,(845) 383-4455,Active
EMP021270,Stephanie,Thomas,Stephanie Thomas,51,Marketing,Specialist,Boston,97207.82,0.0,2023-10-06,24,82.0,stephanie.thomas@company.com,(940) 609-7494,Active
EMP021271,Nicole,Martinez,Nicole Martinez,40,Operations,Specialist,Chicago,77552.34,4750.73,2023-07-22,18,97.4,nicole.martinez@company.com,(551) 440-8406,Inactive
EMP021272,William,Jones,William Jones,37,Marketing,Senior Developer,Chicago,42521.2,4772.99,2024-11-05,9,73.1,william.jones@company.com,(976) 306-6506,Active
EMP021273,Matthew,Thomas,Matthew Thomas,32,Sales,Director,Chicago,76859.22,0.0,2023-08-04,10,71.9,matthew.thomas@company.com,(414) 213-7840,Inactive
EMP021274,Melissa,Lopez,Melissa Lopez,61,IT,Lead,Boston,113689.44,10808.5,2023-07-25,35,32.9,melissa.lopez@company.com,(452) 597-5669,Active
EMP021275,Melissa,Thomas,Melissa Thomas,62,Sales,Associate,Boston,71740.08,6742.48,2022-12-11,35,55.9,melissa.thomas@company.com,(493) 861-8291,Inactive
EMP021276,Christopher,Martinez,Christopher Martinez,29,Finance,Director,Austin,82694.46,11217.7,2024-05-13,1,69.7,christopher.martinez@company.com,(900) 666-2157,Active
EMP021277,Christopher,Moore,Christopher Moore,31,IT,Senior Developer,Los Angeles,92548.56,22958.36,2023-02-26,4,66.3,christopher.moore@company.com,(905) 317-3380,Active
EMP021278,Jessica,Anderson,Jessica Anderson,37,Legal,Associate,Miami,69748.37,13195.63,2022-04-09,11,78.5,jessica.anderson@company.com,(829) 211-9219,Inactive
EMP021279,Daniel,Gonzalez,Daniel Gonzalez,28,HR,Director,Boston,43647.89,6420.7,2022-06-16,3,51.8,daniel.gonzalez@company.com,(327) 258-4337,Active
EMP021280,Melissa,Martinez,Melissa Martinez,49,HR,Manager,San Francisco,79485.42,8502.06,2024-01-07,24,100.0,melissa.martinez@company.com,(700) 238-5160,Active
EMP021281,John,Moore,John Moore,48,IT,Lead,Miami,124905.95,17854.85,2024-08-18,25,46.3,john.moore@company.com,(452) 468-9124,On Leave
EMP021282,Emily,Jackson,Emily Jackson,45,Engineering,Specialist,Seattle,58868.04,4538.68,2024-06-20,19,80.4,emily.jackson@company.com,(231) 767-9870,Active
EMP021283,William,Williams,William Williams,30,HR,Lead,Chicago,56310.85,5310.72,2024-09-28,8,80.0,william.williams@company.com,(326) 975-7664,Active
EMP021284,Nicole,Brown,Nicole Brown,27,Sales,Director,San Francisco,35750.79,5328.53,2023-04-08,3,86.0,nicole.brown@company.com,(299) 800-9838,Active
EMP021285,Ashley,Brown,Ashley Brown,41,Finance,Specialist,Los Angeles,81492.39,9374.34,2023-05-10,13,87.4,ashley.brown@company.com,(332) 973-7703,Inactive
EMP021286,William,Rodriguez,William Rodriguez,55,Operations,Senior Developer,Los Angeles,71795.91,2923.61,2024-05-11,26,73.9,william.rodriguez@company.com,(729) 858-3602,Active
EMP021287,David,Miller,David Miller,28,HR,Director,Seattle,66639.24,9272.93,2020-07-02,6,64.5,david.miller@company.com,(268) 464-5100,Active
EMP021288,Robert,Jones,Robert Jones,26,Legal,Director,San Francisco,76817.69,11666.19,2024-12-19,0,90.9,robert.jones@company.com,(991) 400-8684,Active
EMP021289,Stephanie,Martinez,Stephanie Martinez,32,Operations,Director,Austin,54194.29,12502.28,2022-09-12,9,55.2,stephanie.martinez@company.com,(949) 419-1843,Active
EMP021290,Anthony,Smith,Anthony Smith,53,Finance,Director,Boston,115800.76,5009.69,2021-07-13,28,74.3,anthony.smith@company.com,(667) 719-3250,On Leave
EMP021291,Christopher,Gonzalez,Christopher Gonzalez,28,Sales,Analyst,New York,76347.73,5693.45,2024-01-31,3,60.1,christopher.gonzalez@company.com,(908) 235-2586,Active
EMP021292,Jessica,Taylor,Jessica Taylor,61,Operations,Lead,Austin,76719.1,10677.93,2022-03-03,35,78.9,jessica.taylor@company.com,(258) 819-9662,Active
EMP021293,William,Johnson,William Johnson,41,Legal,Director,Seattle,94137.58,9072.96,2024-04-05,19,100.0,william.johnson@company.com,(311) 892-2801,Active
EMP021294,Amanda,Johnson,Amanda Johnson,43,Finance,Director,Los Angeles,73699.39,8194.65,2023-11-14,16,100.0,amanda.johnson@company.com,(292) 298-4163,Inactive
EMP021295,Daniel,Gonzalez,Daniel Gonzalez,59,HR,Coordinator,Los Angeles,90837.25,10276.92,2020-08-06,34,76.9,daniel.gonzalez@company.com,(516) 447-3651,Active
EMP021296,Ashley,Rodriguez,Ashley Rodriguez,51,Legal,Senior Developer,Austin,77946.38,11235.66,2022-11-22,27,77.3,ashley.rodriguez@company.com,(220) 486-5107,Active
EMP021297,William,Wilson,William Wilson,51,Finance,Specialist,New York,111669.24,11177.78,2024-10-19,29,74.3,william.wilson@company.com,(419) 567-4873,Active
EMP021298,Stephanie,Jackson,Stephanie Jackson,22,Marketing,Analyst,Boston,37388.11,1348.95,2023-05-11,0,91.4,stephanie.jackson@company.com,(491) 514-6182,Active
EMP021299,Ashley,Lopez,Ashley Lopez,38,Engineering,Senior Developer,New York,118022.09,14059.73,2024-10-10,16,79.0,ashley.lopez@company.com,(667) 377-7229,Active
EMP021300,Amanda,Taylor,Amanda Taylor,54,Finance,Analyst,Los Angeles,71197.1,7512.86,2020-09-23,29,60.1,amanda.taylor@company.com,(256) 221-2117,Active
EMP021301,Emily,Williams,Emily Williams,63,Finance,Specialist,Miami,106587.58,14540.18,2024-03-30,40,84.6,emily.williams@company.com,(359) 926-2699,Active
EMP021302,Jane,Martinez,Jane Martinez,49,Finance,Lead,Miami,96543.64,5888.88,2023-06-07,20,82.2,jane.martinez@company.com,(786) 918-5057,Active
EMP021303,Robert,Moore,Robert Moore,46,Sales,Lead,New York,59224.0,6537.67,2020-08-28,18,68.6,robert.moore@company.com,(560) 352-6327,Active
EMP021304,Anthony,Miller,Anthony Miller,25,Engineering,Lead,Boston,50513.87,1829.05,2020-09-01,0,50.2,anthony.miller@company.com,(614) 539-7223,Inactive
EMP021305,Sarah,Moore,Sarah Moore,31,Legal,Director,Boston,72836.45,11986.12,2020-05-07,3,99.0,sarah.moore@company.com,(435) 851-8017,Active
EMP021306,Sarah,Martinez,Sarah Martinez,25,Operations,Coordinator,Seattle,42739.32,3817.72,2020-12-09,0,78.9,sarah.martinez@company.com,(734) 558-5698,On Leave
EMP021307,Matthew,Anderson,Matthew Anderson,52,Marketing,Analyst,San Francisco,64121.46,7259.83,2021-04-26,25,91.1,matthew.anderson@company.com,(253) 382-5715,Active
EMP021308,Daniel,Jackson,Daniel Jackson,51,HR,Coordinator,Boston,84037.7,8599.87,2021-12-10,26,86.8,daniel.jackson@company.com,(727) 497-1820,Active
EMP021309,Lisa,Garcia,Lisa Garcia,29,HR,Associate,Miami,47309.77,3814.45,2021-07-20,0,85.0,lisa.garcia@company.com,(312) 424-6637,Active
EMP021310,Melissa,Martin,Melissa Martin,25,IT,Specialist,Seattle,62675.84,5856.74,2022-04-25,0,67.4,melissa.martin@company.com,(329) 354-2086,Inactive
EMP021311,Sarah,Johnson,Sarah Johnson,27,Finance,Director,Chicago,65103.6,13213.0,2021-07-29,5,81.5,sarah.johnson@company.com,(211) 513-4375,Active
EMP021312,David,Williams,David Williams,23,Marketing,Associate,Seattle,46989.66,1716.15,2024-03-27,0,76.1,david.williams@company.com,(557) 381-3599,Active
EMP021313,Emily,Smith,Emily Smith,30,Finance,Senior Developer,San Francisco,75815.54,11722.21,2023-12-30,1,85.2,emily.smith@company.com,(956) 204-2536,Inactive
EMP021314,Emily,Jackson,Emily Jackson,45,IT,Coordinator,Los Angeles,103586.76,13673.58,2021-10-06,23,96.6,emily.jackson@company.com,(248) 837-2085,On Leave
EMP021315,Nicole,Martinez,Nicole Martinez,65,Marketing,Lead,Seattle,93044.28,14241.26,2021-10-17,40,58.6,nicole.martinez@company.com,(812) 554-1423,Inactive
EMP021316,Jane,Davis,Jane Davis,61,Finance,Manager,Miami,109817.7,12086.52,2023-08-08,33,54.6,jane.davis@company.com,(745) 488-7338,Inactive
EMP021317,William,Williams,William Williams,28,Operations,Associate,Los Angeles,47648.47,5336.61,2023-01-31,0,53.0,william.williams@company.com,(907) 861-5420,Active
EMP021318,John,Wilson,John Wilson,23,Operations,Specialist,Boston,47092.66,6691.03,2020-11-30,0,100.0,john.wilson@company.com,(226) 336-7159,Active
EMP021319,Nicole,Rodriguez,Nicole Rodriguez,42,Finance,Associate,New York,83632.54,4709.05,2021-10-02,14,56.9,nicole.rodriguez@company.com,(586) 404-1197,On Leave
EMP021320,Emily,Johnson,Emily Johnson,39,Finance,Manager,Chicago,75846.63,6135.52,2024-08-25,11,61.9,emily.johnson@company.com,(228) 962-9882,Active
EMP021321,Anthony,Smith,Anthony Smith,65,HR,Manager,Austin,87024.07,12043.22,2024-10-24,43,57.6,anthony.smith@company.com,(993) 275-8907,Active
EMP021322,James,Thomas,James Thomas,37,Operations,Associate,Chicago,72625.99,7787.08,2022-10-15,13,49.1,james.thomas@company.com,(697) 837-5696,Active
EMP021323,Christopher,Rodriguez,Christopher Rodriguez,36,Engineering,Specialist,Austin,98560.76,4157.92,2021-03-15,7,60.0,christopher.rodriguez@company.com,(532) 676-3015,Inactive
EMP021324,David,Johnson,David Johnson,42,HR,Manager,Miami,77110.32,8320.1,2020-01-24,19,91.2,david.johnson@company.com,(394) 318-2231,On Leave
EMP021325,Daniel,Hernandez,Daniel Hernandez,52,Marketing,Senior Developer,Seattle,93260.37,16732.15,2020-07-05,27,85.4,daniel.hernandez@company.com,(473) 844-3481,Active
EMP021326,Anthony,Lopez,Anthony Lopez,50,Marketing,Senior Developer,Austin,100258.07,2765.07,2020-06-18,23,57.5,anthony.lopez@company.com,(792) 914-2631,On Leave
EMP021327,Sarah,Anderson,Sarah Anderson,42,IT,Lead,San Francisco,68359.5,8704.34,2020-05-20,15,100.0,sarah.anderson@company.com,(840) 504-8678,Inactive
EMP021328,Sarah,Smith,Sarah Smith,60,Marketing,Specialist,Austin,77201.79,7693.57,2021-12-31,33,76.5,sarah.smith@company.com,(231) 908-9665,Active
EMP021329,Amanda,Brown,Amanda Brown,48,Marketing,Coordinator,Miami,93493.56,2196.38,2023-11-06,20,77.6,amanda.brown@company.com,(616) 370-5575,Active
EMP021330,David,Garcia,David Garcia,26,Engineering,Senior Developer,Los Angeles,48653.78,5577.83,2021-10-09,0,78.9,david.garcia@company.com,(769) 504-7536,Active
EMP021331,James,Hernandez,James Hernandez,48,HR,Analyst,Boston,70677.57,4460.28,2024-01-08,22,51.6,james.hernandez@company.com,(829) 630-2412,Active
EMP021332,Amanda,Williams,Amanda Williams,23,Operations,Coordinator,New York,61747.99,5780.61,2020-08-06,0,77.9,amanda.williams@company.com,(219) 705-8137,Active
EMP021333,Daniel,Rodriguez,Daniel Rodriguez,26,HR,Director,Austin,51595.64,7327.84,2020-06-12,2,92.9,daniel.rodriguez@company.com,(742) 400-6922,Active
EMP021334,Jane,Miller,Jane Miller,30,Marketing,Analyst,Chicago,64591.71,10876.78,2020-01-17,1,88.0,jane.miller@company.com,(838) 530-3447,Active
EMP021335,Lisa,Smith,Lisa Smith,60,Engineering,Director,Miami,88676.23,9385.73,2021-10-28,32,71.2,lisa.smith@company.com,(622) 973-2358,Active
EMP021336,Sarah,Rodriguez,Sarah Rodriguez,61,Engineering,Coordinator,Seattle,111170.16,11304.21,2023-11-05,38,60.0,sarah.rodriguez@company.com,(478) 258-3563,Active
EMP021337,James,Lopez,James Lopez,46,Finance,Specialist,Chicago,84752.16,9267.53,2022-01-06,17,43.9,james.lopez@company.com,(369) 437-8462,Active
EMP021338,Jane,Garcia,Jane Garcia,55,HR,Specialist,New York,67607.78,0.0,2020-03-19,28,53.7,jane.garcia@company.com,(513) 465-3609,Active
EMP021339,James,Rodriguez,James Rodriguez,47,IT,Lead,Austin,82991.39,15155.35,2022-04-18,22,75.6,james.rodriguez@company.com,(919) 819-6751,Active
EMP021340,Emily,Taylor,Emily Taylor,49,HR,Specialist,Chicago,70549.11,10326.19,2021-08-19,20,44.7,emily.taylor@company.com,(835) 352-7477,Inactive
EMP021341,Jessica,Brown,Jessica Brown,54,Operations,Associate,Los Angeles,69744.67,7842.86,2023-07-23,30,57.3,jessica.brown@company.com,(621) 312-5229,Active
EMP021342,David,Thomas,David Thomas,54,Finance,Manager,Austin,109526.62,9150.14,2020-12-09,30,60.8,david.thomas@company.com,(879) 840-9073,Active
EMP021343,Stephanie,Jones,Stephanie Jones,47,IT,Manager,Boston,114750.73,8876.39,2023-06-13,23,83.3,stephanie.jones@company.com,(234) 245-9764,Active
EMP021344,Matthew,Martin,Matthew Martin,23,Legal,Lead,Austin,78047.15,11623.25,2022-02-03,0,75.5,matthew.martin@company.com,(920) 463-3463,Active
EMP021345,Matthew,Jones,Matthew Jones,53,HR,Senior Developer,Chicago,55643.87,7435.15,2022-10-13,28,66.5,matthew.jones@company.com,(450) 342-8360,Active
EMP021346,Amanda,Anderson,Amanda Anderson,49,Finance,Coordinator,New York,70487.96,8375.79,2021-05-18,21,99.1,amanda.anderson@company.com,(414) 633-3284,Inactive
EMP021347,Melissa,Wilson,Melissa Wilson,48,Legal,Specialist,Seattle,135057.26,1765.55,2022-03-22,25,62.7,melissa.wilson@company.com,(938) 794-2060,Inactive
EMP021348,Amanda,Rodriguez,Amanda Rodriguez,40,IT,Lead,Boston,98429.49,2364.71,2023-12-04,14,65.8,amanda.rodriguez@company.com,(469) 493-4127,Active
EMP021349,James,Davis,James Davis,25,Finance,Lead,New York,68189.77,9824.53,2021-05-20,2,77.3,james.davis@company.com,(277) 292-7533,Active
EMP021350,Amanda,Miller,Amanda Miller,52,Operations,Coordinator,Boston,66556.49,7915.3,2020-03-29,26,77.8,amanda.miller@company.com,(536) 505-3670,Active
EMP021351,Christopher,Anderson,Christopher Anderson,37,IT,Associate,Chicago,97168.2,11854.12,2021-08-08,9,100.0,christopher.anderson@company.com,(741) 830-8224,Active
EMP021352,John,Lopez,John Lopez,31,Marketing,Manager,Chicago,70514.84,2693.09,2024-05-28,4,84.8,john.lopez@company.com,(248) 818-7959,Active
EMP021353,Christopher,Taylor,Christopher Taylor,41,HR,Associate,Boston,42316.44,7483.87,2024-06-08,19,81.8,christopher.taylor@company.com,(421) 821-1107,Active
EMP021354,Emily,Johnson,Emily Johnson,36,Marketing,Senior Developer,Austin,42258.54,3783.21,2020-07-28,9,100.0,emily.johnson@company.com,(521) 503-5077,Active
EMP021355,Michael,Rodriguez,Michael Rodriguez,48,Finance,Analyst,Austin,56259.68,6993.77,2023-03-04,22,78.1,michael.rodriguez@company.com,(894) 349-7904,On Leave
EMP021356,Stephanie,Hernandez,Stephanie Hernandez,55,Marketing,Associate,Seattle,86839.46,10970.36,2023-08-24,28,89.8,stephanie.hernandez@company.com,(677) 683-7589,Active
EMP021357,Anthony,Taylor,Anthony Taylor,62,HR,Specialist,Miami,63298.67,5121.21,2024-07-17,33,76.9,anthony.taylor@company.com,(668) 949-8145,Active
EMP021358,William,Garcia,William Garcia,55,Operations,Senior Developer,Austin,58863.67,3695.16,2023-08-25,33,83.7,william.garcia@company.com,(291) 843-8254,Active
EMP021359,David,Anderson,David Anderson,59,HR,Lead,Chicago,82422.97,4411.61,2022-09-28,36,99.8,david.anderson@company.com,(570) 462-7809,Active
EMP021360,Robert,Jackson,Robert Jackson,61,Operations,Coordinator,Seattle,73460.51,9007.69,2023-05-11,35,92.0,robert.jackson@company.com,(744) 556-5378,Active
EMP021361,Amanda,Williams,Amanda Williams,23,Marketing,Manager,Seattle,60384.55,4802.41,2024-08-20,0,59.2,amanda.williams@company.com,(361) 986-6979,Active
EMP021362,Anthony,Thomas,Anthony Thomas,29,Engineering,Senior Developer,Austin,95051.14,13426.02,2020-06-17,6,100.0,anthony.thomas@company.com,(936) 805-9920,Active
EMP021363,Stephanie,Brown,Stephanie Brown,34,Finance,Lead,Los Angeles,51978.32,2702.79,2024-09-29,12,95.1,stephanie.brown@company.com,(717) 620-2785,Active
EMP021364,David,Jackson,David Jackson,40,IT,Specialist,Seattle,87638.38,6419.35,2023-01-28,16,64.2,david.jackson@company.com,(426) 577-7528,Active
EMP021365,Ashley,Williams,Ashley Williams,41,Finance,Analyst,Boston,62169.24,6436.04,2021-10-22,17,73.9,ashley.williams@company.com,(915) 655-4882,Active
EMP021366,Michael,Rodriguez,Michael Rodriguez,49,Engineering,Coordinator,San Francisco,121401.75,14623.73,2023-11-20,22,77.4,michael.rodriguez@company.com,(317) 336-9095,Inactive
EMP021367,John,Taylor,John Taylor,44,Finance,Lead,Los Angeles,100004.82,11701.71,2023-07-06,18,70.7,john.taylor@company.com,(493) 436-8041,Active
EMP021368,Ashley,Davis,Ashley Davis,62,HR,Manager,San Francisco,97546.11,776.73,2024-12-31,33,57.1,ashley.davis@company.com,(839) 622-9576,Active
EMP021369,Jessica,Rodriguez,Jessica Rodriguez,42,Engineering,Director,Boston,50390.15,10495.01,2024-03-15,17,89.4,jessica.rodriguez@company.com,(979) 434-4926,Inactive
EMP021370,Michael,Hernandez,Michael Hernandez,47,Finance,Associate,Seattle,87344.5,1227.89,2022-04-14,25,61.3,michael.hernandez@company.com,(851) 392-1092,Active
EMP021371,Nicole,Davis,Nicole Davis,48,Engineering,Senior Developer,Miami,112402.48,9829.12,2021-12-27,25,94.5,nicole.davis@company.com,(739) 397-4742,Active
EMP021372,Stephanie,Wilson,Stephanie Wilson,35,Sales,Director,San Francisco,82563.16,5393.43,2022-03-29,11,85.0,stephanie.wilson@company.com,(423) 384-9694,Active
EMP021373,Anthony,Williams,Anthony Williams,60,Marketing,Associate,Los Angeles,67873.26,8660.17,2021-07-31,32,71.1,anthony.williams@company.com,(763) 900-1591,Active
EMP021374,Anthony,Garcia,Anthony Garcia,43,HR,Specialist,Austin,60167.99,1389.14,2020-06-27,20,73.9,anthony.garcia@company.com,(933) 442-4646,Active
EMP021375,Emily,Hernandez,Emily Hernandez,49,Engineering,Specialist,Los Angeles,93488.17,7151.05,2022-02-04,26,82.5,emily.hernandez@company.com,(646) 625-4728,Active
EMP021376,Jane,Taylor,Jane Taylor,32,Operations,Director,Seattle,40068.27,6233.34,2022-11-22,5,94.1,jane.taylor@company.com,(422) 288-9127,Active
EMP021377,Melissa,Hernandez,Melissa Hernandez,52,Engineering,Lead,Miami,99281.06,12661.6,2022-03-31,26,51.6,melissa.hernandez@company.com,(692) 666-5185,Active
EMP021378,Anthony,Brown,Anthony Brown,37,Marketing,Director,Chicago,66852.24,3134.77,2023-12-05,13,77.0,anthony.brown@company.com,(232) 516-7413,Active
EMP021379,Melissa,Williams,Melissa Williams,22,Marketing,Analyst,New York,47102.01,8584.19,2024-08-04,0,88.0,melissa.williams@company.com,(267) 756-3069,Active
EMP021380,Melissa,Moore,Melissa Moore,31,IT,Associate,Boston,77738.8,6599.24,2023-04-05,8,56.3,melissa.moore@company.com,(613) 330-5233,Active
EMP021381,Nicole,Johnson,Nicole Johnson,44,HR,Coordinator,Los Angeles,59655.69,9127.71,2022-02-05,18,88.9,nicole.johnson@company.com,(841) 717-9356,On Leave
EMP021382,Jane,Rodriguez,Jane Rodriguez,25,HR,Manager,Los Angeles,51994.92,1833.5,2022-09-26,0,53.2,jane.rodriguez@company.com,(424) 330-2340,Active
EMP021383,Stephanie,Hernandez,Stephanie Hernandez,33,Sales,Manager,Boston,103307.62,13299.23,2021-02-01,8,70.9,stephanie.hernandez@company.com,(803) 956-1389,Active
EMP021384,Christopher,Jones,Christopher Jones,46,Engineering,Manager,Miami,120937.34,3647.27,2023-04-01,21,70.2,christopher.jones@company.com,(893) 234-3815,Active
EMP021385,Daniel,Davis,Daniel Davis,59,IT,Senior Developer,San Francisco,80306.59,3960.51,2023-01-13,37,66.8,daniel.davis@company.com,(777) 544-2223,Active
EMP021386,William,Brown,William Brown,32,Marketing,Associate,Seattle,52477.21,5182.02,2024-08-30,7,68.7,william.brown@company.com,(329) 670-5377,Active
EMP021387,William,Davis,William Davis,25,IT,Lead,San Francisco,69240.19,9607.21,2023-12-07,0,93.5,william.davis@company.com,(406) 594-3007,On Leave
EMP021388,Jane,Anderson,Jane Anderson,52,Marketing,Manager,Boston,53066.07,6359.74,2021-02-03,27,93.7,jane.anderson@company.com,(420) 806-2570,Active
EMP021389,Anthony,Garcia,Anthony Garcia,30,IT,Coordinator,Chicago,78207.7,4386.59,2023-04-10,8,50.2,anthony.garcia@company.com,(567) 353-9912,Active
EMP021390,Nicole,Williams,Nicole Williams,50,HR,Analyst,Los Angeles,71025.7,8723.99,2020-02-15,25,80.1,nicole.williams@company.com,(830) 211-2420,Inactive
EMP021391,Lisa,Davis,Lisa Davis,48,HR,Manager,Miami,50623.44,7445.93,2020-06-14,21,58.5,lisa.davis@company.com,(592) 550-1301,Active
EMP021392,Emily,Williams,Emily Williams,48,IT,Senior Developer,Miami,83065.97,7893.77,2020-11-05,19,100.0,emily.williams@company.com,(226) 906-2236,Active
EMP021393,Matthew,Martinez,Matthew Martinez,63,Marketing,Specialist,Los Angeles,73307.22,6001.5,2024-01-19,40,94.9,matthew.martinez@company.com,(469) 754-5523,Active
EMP021394,Jane,Miller,Jane Miller,54,Sales,Director,Miami,110180.43,0.0,2021-11-15,26,89.6,jane.miller@company.com,(301) 706-3037,Active
EMP021395,Christopher,Smith,Christopher Smith,34,Finance,Lead,Seattle,73153.59,10909.34,2020-10-01,10,74.9,christopher.smith@company.com,(989) 435-9038,Active
EMP021396,Anthony,Gonzalez,Anthony Gonzalez,24,Operations,Analyst,Los Angeles,60068.61,5569.42,2023-08-02,0,77.8,anthony.gonzalez@company.com,(811) 294-2724,Active
EMP021397,Anthony,Miller,Anthony Miller,42,Sales,Associate,New York,85897.91,15651.92,2024-09-29,14,35.7,anthony.miller@company.com,(686) 994-6012,Inactive
EMP021398,Sarah,Taylor,Sarah Taylor,23,HR,Senior Developer,Miami,50289.87,6348.45,2023-01-03,0,85.8,sarah.taylor@company.com,(410) 522-2005,Active
EMP021399,Daniel,Smith,Daniel Smith,39,Legal,Manager,Chicago,82596.33,6368.31,2024-10-20,11,88.2,daniel.smith@company.com,(577) 878-3699,Active
EMP021400,Stephanie,Anderson,Stephanie Anderson,59,Marketing,Senior Developer,Los Angeles,84857.29,6262.49,2024-06-13,32,68.7,stephanie.anderson@company.com,(302) 229-9312,Active
EMP021401,Michael,Moore,Michael Moore,34,Legal,Senior Developer,Boston,111700.16,10266.01,2022-03-12,10,81.7,michael.moore@company.com,(288) 922-1550,Active
EMP021402,Stephanie,Martinez,Stephanie Martinez,31,Legal,Coordinator,Miami,40951.14,4900.58,2023-07-10,6,67.7,stephanie.martinez@company.com,(243) 383-3482,Active
EMP021403,Christopher,Anderson,Christopher Anderson,29,Finance,Specialist,San Francisco,61653.53,2895.97,2021-12-17,6,63.9,christopher.anderson@company.com,(617) 955-1056,Active
EMP021404,Amanda,Taylor,Amanda Taylor,31,Legal,Lead,Seattle,62062.75,2610.79,2022-03-20,7,77.9,amanda.taylor@company.com,(478) 457-1777,Active
EMP021405,Michael,Garcia,Michael Garcia,29,Legal,Lead,Austin,78469.18,5897.38,2023-07-29,0,41.0,michael.garcia@company.com,(327) 593-7849,Active
EMP021406,Anthony,Martinez,Anthony Martinez,65,Engineering,Senior Developer,Los Angeles,108090.91,6286.34,2022-04-06,36,75.1,anthony.martinez@company.com,(388) 794-5628,Active
EMP021407,Anthony,Garcia,Anthony Garcia,42,Engineering,Manager,San Francisco,76511.61,1739.46,2024-09-18,19,89.5,anthony.garcia@company.com,(388) 514-7423,Active
EMP021408,Jane,Taylor,Jane Taylor,31,Finance,Manager,Austin,86668.35,9738.0,2023-01-30,2,76.0,jane.taylor@company.com,(804) 418-5758,Active
EMP021409,Anthony,Martin,Anthony Martin,56,Legal,Manager,Seattle,100473.69,13583.31,2020-06-30,32,79.8,anthony.martin@company.com,(287) 501-5525,Active
EMP021410,Michael,Williams,Michael Williams,37,IT,Associate,Seattle,81898.58,6298.03,2022-05-01,11,50.8,michael.williams@company.com,(997) 527-8086,Inactive
EMP021411,Matthew,Hernandez,Matthew Hernandez,39,Legal,Lead,San Francisco,71529.68,7351.9,2022-04-13,14,75.4,matthew.hernandez@company.com,(615) 272-6488,Active
EMP021412,Daniel,Gonzalez,Daniel Gonzalez,59,Marketing,Associate,Austin,92657.58,5775.25,2020-07-07,35,100.0,daniel.gonzalez@company.com,(359) 476-4214,Active
EMP021413,Anthony,Smith,Anthony Smith,33,Marketing,Director,New York,70596.08,5572.4,2020-02-03,10,62.9,anthony.smith@company.com,(584) 504-1461,Active
EMP021414,Sarah,Williams,Sarah Williams,43,HR,Director,Los Angeles,63486.22,10421.69,2023-04-05,20,55.1,sarah.williams@company.com,(344) 712-6806,Active
EMP021415,John,Thomas,John Thomas,23,Engineering,Associate,Seattle,96508.02,14487.15,2020-04-12,0,89.3,john.thomas@company.com,(972) 988-3775,Active
EMP021416,Jessica,Wilson,Jessica Wilson,54,Sales,Associate,Chicago,87865.96,9179.74,2021-06-23,31,82.2,jessica.wilson@company.com,(588) 615-2339,Active
EMP021417,Nicole,Rodriguez,Nicole Rodriguez,62,HR,Coordinator,Austin,72426.87,5245.79,2023-09-04,33,47.0,nicole.rodriguez@company.com,(204) 461-9979,Active
EMP021418,Robert,Wilson,Robert Wilson,37,HR,Associate,Los Angeles,75022.09,5809.36,2021-04-01,12,86.1,robert.wilson@company.com,(758) 437-6962,Active
EMP021419,Stephanie,Taylor,Stephanie Taylor,23,Engineering,Specialist,New York,101664.13,4177.12,2024-08-24,1,74.3,stephanie.taylor@company.com,(862) 929-2095,Active
EMP021420,Stephanie,Taylor,Stephanie Taylor,34,Sales,Specialist,Boston,48196.71,3392.07,2022-10-14,12,46.5,stephanie.taylor@company.com,(229) 446-2180,Active
EMP021421,Christopher,Gonzalez,Christopher Gonzalez,56,IT,Manager,Seattle,110147.61,14871.87,2023-07-23,32,88.4,christopher.gonzalez@company.com,(950) 810-6678,Active
EMP021422,Lisa,Davis,Lisa Davis,61,Sales,Senior Developer,San Francisco,79614.82,8050.03,2024-05-23,33,54.6,lisa.davis@company.com,(745) 486-7031,Active
EMP021423,Nicole,Davis,Nicole Davis,51,HR,Analyst,Austin,70271.54,9692.8,2024-06-10,27,100.0,nicole.davis@company.com,(984) 710-5127,Active
EMP021424,Christopher,Martinez,Christopher Martinez,37,Sales,Senior Developer,Los Angeles,59800.98,5845.41,2022-09-09,9,78.9,christopher.martinez@company.com,(566) 568-6014,Active
EMP021425,Daniel,Taylor,Daniel Taylor,54,HR,Specialist,Boston,75277.57,3719.77,2024-02-04,27,99.8,daniel.taylor@company.com,(348) 795-9142,Active
EMP021426,Nicole,Davis,Nicole Davis,34,Legal,Director,Austin,53624.09,7982.79,2023-01-07,10,64.5,nicole.davis@company.com,(779) 299-4467,Active
EMP021427,Melissa,Martin,Melissa Martin,43,Sales,Analyst,Austin,82152.24,4670.53,2020-07-12,15,38.6,melissa.martin@company.com,(474) 893-6960,Inactive
EMP021428,Matthew,Martinez,Matthew Martinez,64,Legal,Coordinator,New York,86262.87,13624.43,2022-02-17,41,61.5,matthew.martinez@company.com,(643) 583-6733,Active
EMP021429,James,Martin,James Martin,39,Legal,Senior Developer,San Francisco,84515.32,13231.99,2023-04-16,17,56.1,james.martin@company.com,(754) 332-5709,Active
EMP021430,John,Thomas,John Thomas,24,Marketing,Director,Boston,39831.48,2983.75,2020-07-25,0,88.4,john.thomas@company.com,(567) 645-2709,Active
EMP021431,Michael,Thomas,Michael Thomas,59,IT,Manager,New York,138140.92,18620.78,2022-04-30,35,66.1,michael.thomas@company.com,(267) 838-2719,On Leave
EMP021432,David,Davis,David Davis,37,IT,Senior Developer,Miami,106606.08,5212.93,2023-05-25,8,66.0,david.davis@company.com,(487) 715-2278,Active
EMP021433,William,Wilson,William Wilson,52,Marketing,Specialist,Austin,91609.48,5900.77,2022-02-16,30,65.7,william.wilson@company.com,(598) 370-3823,Active
EMP021434,James,Jones,James Jones,23,HR,Associate,Austin,55412.83,1453.2,2021-01-19,0,79.3,james.jones@company.com,(589) 934-8163,Active
EMP021435,Michael,Rodriguez,Michael Rodriguez,32,Sales,Specialist,Miami,44526.34,3800.62,2024-01-09,8,85.7,michael.rodriguez@company.com,(739) 490-4502,Active
EMP021436,Ashley,Johnson,Ashley Johnson,54,Operations,Associate,New York,75719.42,7805.01,2020-05-02,28,56.0,ashley.johnson@company.com,(413) 737-6772,Active
EMP021437,Jane,Brown,Jane Brown,27,Operations,Associate,Boston,49934.42,7460.39,2023-01-23,3,67.2,jane.brown@company.com,(531) 253-3031,Active
EMP021438,Jane,Martin,Jane Martin,33,Operations,Manager,Seattle,63104.88,8595.45,2024-10-09,11,83.3,jane.martin@company.com,(883) 484-1580,Active
EMP021439,Matthew,Lopez,Matthew Lopez,34,HR,Senior Developer,Chicago,55947.45,3837.13,2024-08-25,12,82.3,matthew.lopez@company.com,(927) 486-4328,Active
EMP021440,Nicole,Johnson,Nicole Johnson,59,HR,Director,Austin,101840.71,2871.72,2020-02-08,33,62.4,nicole.johnson@company.com,(968) 994-6899,Active
EMP021441,Ashley,Brown,Ashley Brown,64,Operations,Associate,Seattle,76708.52,10653.96,2023-12-08,36,100.0,ashley.brown@company.com,(217) 662-2361,Inactive
EMP021442,Jane,Wilson,Jane Wilson,59,IT,Senior Developer,Boston,110694.28,13271.88,2023-02-09,32,95.6,jane.wilson@company.com,(205) 940-3398,Active
EMP021443,William,Jackson,William Jackson,64,Marketing,Analyst,Chicago,69245.44,2271.64,2020-05-13,42,95.1,william.jackson@company.com,(757) 784-4136,Inactive
EMP021444,Ashley,Hernandez,Ashley Hernandez,40,HR,Specialist,Seattle,71036.16,9383.52,2022-08-30,12,100.0,ashley.hernandez@company.com,(284) 438-4800,Active
EMP021445,Daniel,Wilson,Daniel Wilson,35,IT,Analyst,Austin,83884.7,6366.71,2022-03-28,11,71.8,daniel.wilson@company.com,(331) 580-6626,Active
EMP021446,Melissa,Jones,Melissa Jones,38,Sales,Lead,New York,68175.54,7729.61,2022-06-14,16,97.8,melissa.jones@company.com,(911) 885-2750,Active
EMP021447,David,Martin,David Martin,52,Operations,Manager,Los Angeles,46708.38,6514.81,2024-10-16,26,66.4,david.martin@company.com,(826) 621-6106,Active
EMP021448,Daniel,Gonzalez,Daniel Gonzalez,31,IT,Senior Developer,Chicago,91308.71,11441.04,2024-12-19,7,92.5,daniel.gonzalez@company.com,(947) 507-2472,Active
EMP021449,David,Jones,David Jones,32,Operations,Manager,New York,65445.65,6441.07,2023-09-02,5,84.3,david.jones@company.com,(710) 373-3295,Active
EMP021450,James,Brown,James Brown,37,Sales,Senior Developer,Boston,98608.55,12215.52,2021-12-07,8,67.7,james.brown@company.com,(441) 896-7960,Inactive
EMP021451,Daniel,Thomas,Daniel Thomas,56,HR,Director,San Francisco,74802.5,2269.52,2022-01-24,34,69.0,daniel.thomas@company.com,(860) 302-4601,Active
EMP021452,John,Thomas,John Thomas,24,Marketing,Coordinator,Chicago,70168.8,7315.76,2020-12-24,0,88.4,john.thomas@company.com,(953) 457-8084,Active
EMP021453,Anthony,Jones,Anthony Jones,60,Legal,Manager,Boston,95903.12,11148.45,2021-11-16,36,87.5,anthony.jones@company.com,(994) 469-9317,Active
EMP021454,John,Jackson,John Jackson,60,Sales,Coordinator,New York,84327.11,12666.07,2023-02-02,32,78.5,john.jackson@company.com,(982) 523-4568,Inactive
EMP021455,Sarah,Thomas,Sarah Thomas,53,HR,Coordinator,Boston,85417.92,7966.45,2024-02-06,24,49.4,sarah.thomas@company.com,(867) 949-1343,Active
EMP021456,Robert,Hernandez,Robert Hernandez,43,Operations,Senior Developer,Boston,51059.27,6668.01,2021-03-09,20,31.0,robert.hernandez@company.com,(634) 827-2434,Active
EMP021457,Robert,Miller,Robert Miller,56,Engineering,Coordinator,Austin,109156.36,7935.01,2024-08-25,32,70.3,robert.miller@company.com,(487) 564-7148,Active
EMP021458,Christopher,Jackson,Christopher Jackson,65,Operations,Specialist,Seattle,94556.46,2522.69,2021-03-20,38,91.7,christopher.jackson@company.com,(887) 244-8278,Active
EMP021459,Amanda,Williams,Amanda Williams,46,Sales,Manager,Austin,63696.44,10102.62,2022-01-05,20,76.6,amanda.williams@company.com,(734) 454-7607,Active
EMP021460,Emily,Davis,Emily Davis,41,Sales,Coordinator,San Francisco,88034.34,10963.23,2022-05-25,19,57.6,emily.davis@company.com,(728) 312-8401,Active
EMP021461,Sarah,Martinez,Sarah Martinez,35,Legal,Associate,New York,94826.14,8829.96,2023-11-23,7,74.1,sarah.martinez@company.com,(729) 946-2467,Active
EMP021462,Jane,Lopez,Jane Lopez,28,Finance,Specialist,Los Angeles,57138.11,7916.17,2023-12-24,0,66.1,jane.lopez@company.com,(260) 779-3336,Active
EMP021463,Jane,Johnson,Jane Johnson,65,IT,Lead,New York,71178.83,0.0,2021-06-07,36,55.1,jane.johnson@company.com,(504) 906-1355,Active
EMP021464,David,Hernandez,David Hernandez,32,Marketing,Manager,Boston,70881.56,10562.35,2021-11-03,6,61.6,david.hernandez@company.com,(421) 520-1741,On Leave
EMP021465,Jessica,Davis,Jessica Davis,35,Marketing,Associate,Boston,102338.63,1314.12,2020-01-06,6,80.0,jessica.davis@company.com,(231) 286-4677,Active
EMP021466,Lisa,Taylor,Lisa Taylor,58,HR,Associate,Austin,97494.67,9365.67,2021-02-14,31,74.9,lisa.taylor@company.com,(402) 862-3752,Active
EMP021467,William,Taylor,William Taylor,48,Operations,Lead,Miami,63995.29,9734.09,2021-02-26,21,81.2,william.taylor@company.com,(555) 785-8612,Inactive
EMP021468,Stephanie,Martin,Stephanie Martin,57,Operations,Specialist,Boston,79669.53,12700.27,2020-05-30,31,100.0,stephanie.martin@company.com,(623) 613-2548,Active
EMP021469,Robert,Wilson,Robert Wilson,24,Finance,Analyst,Miami,33000.0,5397.38,2020-05-09,0,42.8,robert.wilson@company.com,(754) 494-5929,Active
EMP021470,Jane,Martinez,Jane Martinez,23,IT,Coordinator,Los Angeles,76824.18,5818.65,2022-07-09,0,75.9,jane.martinez@company.com,(317) 836-7461,Active
EMP021471,Emily,Moore,Emily Moore,60,Finance,Senior Developer,Boston,105625.88,5342.17,2024-08-15,33,87.4,emily.moore@company.com,(416) 512-1273,Active
EMP021472,Christopher,Lopez,Christopher Lopez,25,Operations,Associate,Boston,30526.16,1845.4,2020-12-07,2,65.2,christopher.lopez@company.com,(739) 506-4909,Active
EMP021473,Emily,Gonzalez,Emily Gonzalez,48,Operations,Specialist,Seattle,61496.37,5690.4,2023-07-22,24,71.3,emily.gonzalez@company.com,(910) 964-6556,Active
EMP021474,Jessica,Jones,Jessica Jones,22,Finance,Lead,San Francisco,75147.94,14789.12,2024-02-11,0,71.8,jessica.jones@company.com,(471) 237-5855,Active
EMP021475,Ashley,Johnson,Ashley Johnson,47,Sales,Manager,Austin,66574.21,9708.89,2022-12-09,19,73.7,ashley.johnson@company.com,(981) 760-1897,Active
EMP021476,David,Gonzalez,David Gonzalez,30,Marketing,Analyst,Chicago,52800.74,10410.83,2023-07-22,4,70.3,david.gonzalez@company.com,(507) 893-7822,Active
EMP021477,Matthew,Lopez,Matthew Lopez,55,Sales,Manager,Los Angeles,91664.8,7202.41,2022-01-23,33,61.3,matthew.lopez@company.com,(515) 975-3370,Active
EMP021478,Daniel,Rodriguez,Daniel Rodriguez,47,Legal,Associate,Chicago,73850.9,7704.28,2020-05-26,22,73.3,daniel.rodriguez@company.com,(910) 914-7773,Active
EMP021479,Matthew,Anderson,Matthew Anderson,46,Operations,Manager,Seattle,65280.8,6601.57,2022-08-11,24,58.4,matthew.anderson@company.com,(419) 420-5583,Active
EMP021480,Matthew,Martinez,Matthew Martinez,65,Sales,Manager,Los Angeles,89798.51,3933.14,2020-07-24,39,76.4,matthew.martinez@company.com,(467) 480-7987,Active
EMP021481,James,Hernandez,James Hernandez,45,IT,Coordinator,New York,92423.65,7542.6,2021-05-05,17,89.4,james.hernandez@company.com,(758) 223-9382,Active
EMP021482,Christopher,Martin,Christopher Martin,34,Operations,Senior Developer,Miami,53718.15,8488.28,2024-10-17,11,79.6,christopher.martin@company.com,(309) 903-4707,Active
EMP021483,Anthony,Gonzalez,Anthony Gonzalez,63,Sales,Associate,San Francisco,82405.8,2473.49,2023-02-23,41,66.3,anthony.gonzalez@company.com,(682) 703-8162,Inactive
EMP021484,Daniel,Miller,Daniel Miller,59,IT,Associate,Boston,84380.16,4670.86,2021-12-01,35,82.6,daniel.miller@company.com,(563) 890-6372,Active
EMP021485,Sarah,Davis,Sarah Davis,37,Operations,Analyst,Los Angeles,71715.31,6600.96,2021-06-07,9,58.5,sarah.davis@company.com,(368) 304-4682,Active
EMP021486,Emily,Williams,Emily Williams,49,Legal,Director,San Francisco,125508.84,13894.59,2021-12-21,27,98.8,emily.williams@company.com,(988) 575-6139,Active
EMP021487,William,Davis,William Davis,27,Finance,Senior Developer,New York,65856.26,4717.98,2024-11-04,4,68.4,william.davis@company.com,(320) 311-8780,Active
EMP021488,David,Jones,David Jones,46,Operations,Coordinator,Chicago,81170.57,2886.94,2021-07-30,17,93.0,david.jones@company.com,(294) 799-7394,On Leave
EMP021489,Ashley,Moore,Ashley Moore,55,Engineering,Lead,San Francisco,128281.62,17963.6,2021-04-01,28,58.2,ashley.moore@company.com,(813) 430-5774,Active
EMP021490,Anthony,Davis,Anthony Davis,56,Marketing,Senior Developer,New York,79256.14,12145.8,2022-12-06,30,57.7,anthony.davis@company.com,(237) 228-7783,Active
EMP021491,Stephanie,Wilson,Stephanie Wilson,46,HR,Specialist,Los Angeles,49153.05,2274.74,2022-12-17,18,73.2,stephanie.wilson@company.com,(537) 259-4482,Inactive
EMP021492,Daniel,Wilson,Daniel Wilson,27,Sales,Analyst,Boston,42164.43,5373.67,2023-07-17,1,77.6,daniel.wilson@company.com,(286) 628-5701,Active
EMP021493,James,Garcia,James Garcia,42,Legal,Coordinator,San Francisco,78659.11,10404.94,2020-05-17,18,82.6,james.garcia@company.com,(994) 656-6534,Inactive
EMP021494,John,Smith,John Smith,43,Operations,Coordinator,Los Angeles,64658.44,2042.59,2024-01-24,14,70.8,john.smith@company.com,(329) 790-2147,Active
EMP021495,Robert,Smith,Robert Smith,28,IT,Analyst,Los Angeles,101143.13,8834.92,2024-12-26,6,73.0,robert.smith@company.com,(813) 772-4839,Active
EMP021496,William,Gonzalez,William Gonzalez,34,Sales,Coordinator,Austin,44602.85,3979.43,2021-05-12,7,82.0,william.gonzalez@company.com,(277) 958-2760,Active
EMP021497,Anthony,Brown,Anthony Brown,55,Legal,Specialist,Seattle,111993.33,17946.68,2020-01-10,28,65.0,anthony.brown@company.com,(706) 551-8128,Active
EMP021498,Anthony,Brown,Anthony Brown,64,HR,Manager,Los Angeles,99953.87,9683.89,2021-06-16,42,40.8,anthony.brown@company.com,(387) 952-8701,Active
EMP021499,Michael,Garcia,Michael Garcia,32,Operations,Specialist,New York,46251.39,6117.36,2021-01-09,3,78.9,michael.garcia@company.com,(653) 540-3530,Active
EMP021500,Emily,Moore,Emily Moore,35,Operations,Analyst,Miami,36069.63,4494.59,2020-11-17,10,100.0,emily.moore@company.com,(969) 736-9551,Active
EMP021501,Lisa,Anderson,Lisa Anderson,50,Finance,Senior Developer,Boston,80366.92,13441.65,2023-11-29,28,76.8,lisa.anderson@company.com,(586) 877-1554,Active
EMP021502,David,Wilson,David Wilson,30,Sales,Lead,Miami,45500.36,4767.38,2020-03-14,2,87.2,david.wilson@company.com,(836) 238-5494,On Leave
EMP021503,Melissa,Hernandez,Melissa Hernandez,38,IT,Analyst,Chicago,68984.14,10137.92,2024-05-19,9,78.4,melissa.hernandez@company.com,(665) 380-1330,Active
EMP021504,Nicole,Martin,Nicole Martin,30,Engineering,Lead,San Francisco,91792.44,15278.47,2020-07-09,5,61.6,nicole.martin@company.com,(957) 367-6283,Active
EMP021505,Michael,Anderson,Michael Anderson,46,IT,Director,Chicago,109666.03,2875.8,2022-01-07,22,76.8,michael.anderson@company.com,(784) 981-4567,Active
EMP021506,David,Gonzalez,David Gonzalez,53,Marketing,Director,Miami,112847.54,10454.05,2023-01-05,27,92.6,david.gonzalez@company.com,(601) 898-8327,Active
EMP021507,Sarah,Gonzalez,Sarah Gonzalez,59,Sales,Specialist,Miami,87839.57,4624.47,2022-03-13,35,100.0,sarah.gonzalez@company.com,(239) 714-9915,Active
EMP021508,Melissa,Williams,Melissa Williams,23,Legal,Senior Developer,Boston,76032.42,5278.87,2022-11-13,1,85.8,melissa.williams@company.com,(816) 549-5610,Active
EMP021509,Jane,Davis,Jane Davis,40,Legal,Manager,Boston,96054.69,8026.65,2023-08-12,18,80.7,jane.davis@company.com,(531) 385-8887,Active
EMP021510,Daniel,Gonzalez,Daniel Gonzalez,25,IT,Manager,Boston,46894.39,6429.45,2024-07-03,0,100.0,daniel.gonzalez@company.com,(447) 640-6289,Active
EMP021511,Nicole,Wilson,Nicole Wilson,57,Marketing,Lead,Los Angeles,89414.18,13660.04,2020-03-28,28,69.3,nicole.wilson@company.com,(448) 831-3386,Active
EMP021512,Christopher,Rodriguez,Christopher Rodriguez,32,Legal,Manager,Seattle,83519.83,11262.75,2023-08-17,3,47.0,christopher.rodriguez@company.com,(916) 947-4889,Active
EMP021513,Ashley,Jackson,Ashley Jackson,62,Sales,Manager,San Francisco,89230.81,14745.85,2024-08-19,39,96.9,ashley.jackson@company.com,(817) 317-3121,Active
EMP021514,Emily,Garcia,Emily Garcia,22,Marketing,Specialist,Boston,69957.03,5844.11,2023-03-28,0,54.0,emily.garcia@company.com,(832) 374-8920,Active
EMP021515,Matthew,Moore,Matthew Moore,32,Operations,Associate,New York,53890.07,6371.23,2020-04-16,10,53.9,matthew.moore@company.com,(521) 379-1171,Active
EMP021516,John,Rodriguez,John Rodriguez,38,Sales,Lead,Seattle,85032.18,793.47,2024-08-22,16,80.1,john.rodriguez@company.com,(695) 851-9366,Active
EMP021517,Michael,Rodriguez,Michael Rodriguez,61,HR,Lead,New York,77206.61,2442.34,2020-08-26,32,77.2,michael.rodriguez@company.com,(815) 836-1207,Active
EMP021518,Jane,Hernandez,Jane Hernandez,36,Operations,Director,Austin,67376.62,10199.07,2023-06-11,13,76.8,jane.hernandez@company.com,(972) 607-3060,Active
EMP021519,Amanda,Gonzalez,Amanda Gonzalez,56,IT,Associate,Seattle,112386.06,15180.32,2021-02-15,27,53.3,amanda.gonzalez@company.com,(502) 515-1298,Inactive
EMP021520,Melissa,Hernandez,Melissa Hernandez,46,Legal,Associate,Austin,96153.39,13767.2,2021-04-02,22,74.2,melissa.hernandez@company.com,(618) 985-7913,Active
EMP021521,Matthew,Lopez,Matthew Lopez,36,Finance,Coordinator,Chicago,62946.15,4805.19,2021-07-23,7,74.4,matthew.lopez@company.com,(441) 622-7760,Active
EMP021522,Jessica,Taylor,Jessica Taylor,42,Operations,Associate,Seattle,56823.44,10046.1,2022-06-18,15,68.1,jessica.taylor@company.com,(819) 309-6254,Active
EMP021523,David,Smith,David Smith,31,Sales,Lead,New York,38959.74,3380.54,2022-11-23,6,66.3,david.smith@company.com,(890) 589-7491,Active
EMP021524,Stephanie,Jackson,Stephanie Jackson,58,IT,Associate,Chicago,92867.52,2846.26,2024-07-26,29,91.3,stephanie.jackson@company.com,(910) 562-6086,Active
EMP021525,Jane,Smith,Jane Smith,49,IT,Specialist,Seattle,89987.59,12504.02,2022-08-18,20,84.7,jane.smith@company.com,(610) 622-4798,Active
EMP021526,Jessica,Thomas,Jessica Thomas,61,Engineering,Manager,Seattle,113873.26,15247.58,2020-05-05,34,78.8,jessica.thomas@company.com,(458) 614-7486,Active
EMP021527,Melissa,Brown,Melissa Brown,38,Engineering,Senior Developer,Miami,70440.19,13887.94,2024-03-05,14,80.6,melissa.brown@company.com,(853) 939-7786,Active
EMP021528,Emily,Gonzalez,Emily Gonzalez,39,Sales,Senior Developer,New York,68211.44,5497.96,2021-05-29,17,77.2,emily.gonzalez@company.com,(436) 453-9566,Active
EMP021529,James,Williams,James Williams,63,Operations,Senior Developer,Boston,67795.59,5226.78,2023-04-30,41,74.5,james.williams@company.com,(577) 359-1275,Active
EMP021530,Nicole,Hernandez,Nicole Hernandez,59,Finance,Specialist,Miami,86817.73,11081.19,2024-02-26,31,70.8,nicole.hernandez@company.com,(320) 721-8913,Active
EMP021531,William,Jackson,William Jackson,43,Engineering,Associate,Boston,77476.15,0.0,2024-01-21,21,56.2,william.jackson@company.com,(574) 776-4277,Active
EMP021532,Emily,Moore,Emily Moore,55,Engineering,Manager,Chicago,120020.28,5986.85,2021-04-10,29,73.6,emily.moore@company.com,(908) 911-8885,Active
EMP021533,Robert,Taylor,Robert Taylor,45,Legal,Manager,Miami,84497.29,3902.66,2021-09-14,20,76.7,robert.taylor@company.com,(426) 230-3277,Active
EMP021534,Jane,Wilson,Jane Wilson,57,Finance,Analyst,Boston,103453.34,9610.25,2022-07-01,29,78.8,jane.wilson@company.com,(520) 578-1351,Active
EMP021535,James,Johnson,James Johnson,42,Engineering,Specialist,Miami,91525.55,5747.52,2024-06-16,15,100.0,james.johnson@company.com,(343) 688-2106,Active
EMP021536,Matthew,Williams,Matthew Williams,27,Marketing,Coordinator,San Francisco,62501.27,5638.3,2022-02-20,2,55.6,matthew.williams@company.com,(821) 685-3907,Active
EMP021537,Christopher,Smith,Christopher Smith,33,IT,Specialist,New York,79527.36,5259.75,2021-07-06,5,84.1,christopher.smith@company.com,(427) 399-6640,Active
EMP021538,Nicole,Rodriguez,Nicole Rodriguez,39,Engineering,Lead,San Francisco,91319.45,7683.83,2021-11-21,15,70.3,nicole.rodriguez@company.com,(801) 459-3308,Active
EMP021539,Matthew,Martin,Matthew Martin,27,Engineering,Manager,Los Angeles,62255.49,6679.25,2023-05-08,0,39.7,matthew.martin@company.com,(298) 946-1971,Active
EMP021540,Stephanie,Smith,Stephanie Smith,26,Marketing,Coordinator,New York,36224.76,3852.09,2022-01-30,0,69.5,stephanie.smith@company.com,(776) 886-7774,Active
EMP021541,Jane,Hernandez,Jane Hernandez,24,Operations,Associate,San Francisco,44912.62,0.0,2022-09-09,0,90.5,jane.hernandez@company.com,(747) 733-7047,Active
EMP021542,David,Moore,David Moore,54,IT,Coordinator,Los Angeles,71805.98,11504.56,2022-12-13,29,89.7,david.moore@company.com,(404) 681-9636,Active
EMP021543,Ashley,Garcia,Ashley Garcia,62,HR,Specialist,Chicago,72309.45,6067.63,2020-07-22,39,85.4,ashley.garcia@company.com,(514) 941-9902,Active
EMP021544,Stephanie,Taylor,Stephanie Taylor,47,Legal,Manager,Miami,92689.26,10962.92,2024-07-29,24,88.5,stephanie.taylor@company.com,(682) 727-1537,Active
EMP021545,Christopher,Thomas,Christopher Thomas,57,Legal,Lead,Los Angeles,125814.51,21547.23,2022-01-02,34,58.2,christopher.thomas@company.com,(226) 405-2430,Active
EMP021546,Ashley,Brown,Ashley Brown,33,Legal,Associate,New York,109996.44,9880.56,2023-10-13,5,76.9,ashley.brown@company.com,(826) 914-4784,Active
EMP021547,Melissa,Anderson,Melissa Anderson,59,Operations,Manager,Miami,56900.34,4114.36,2023-02-06,37,78.8,melissa.anderson@company.com,(297) 820-8382,Active
EMP021548,Jessica,Miller,Jessica Miller,35,Legal,Analyst,Seattle,88138.53,5911.68,2023-09-18,9,65.3,jessica.miller@company.com,(451) 418-5059,Active
EMP021549,Stephanie,Wilson,Stephanie Wilson,42,Engineering,Senior Developer,Los Angeles,104990.12,8367.35,2021-04-28,19,61.9,stephanie.wilson@company.com,(892) 481-1120,Active
EMP021550,Daniel,Rodriguez,Daniel Rodriguez,32,HR,Coordinator,Seattle,65824.88,12452.74,2023-09-24,8,74.6,daniel.rodriguez@company.com,(341) 557-5992,Active
EMP021551,Christopher,Martin,Christopher Martin,22,Engineering,Coordinator,Miami,87369.3,8601.83,2023-11-10,0,35.4,christopher.martin@company.com,(458) 965-4783,Active
EMP021552,Ashley,Brown,Ashley Brown,26,Marketing,Analyst,Boston,54357.59,8933.86,2024-01-06,2,56.3,ashley.brown@company.com,(966) 334-3307,Active
EMP021553,Nicole,Hernandez,Nicole Hernandez,39,Marketing,Associate,New York,65195.53,3517.6,2024-09-16,15,78.1,nicole.hernandez@company.com,(441) 445-3808,Active
EMP021554,Jessica,Moore,Jessica Moore,57,Sales,Analyst,Boston,56035.38,7262.81,2023-04-03,29,80.1,jessica.moore@company.com,(818) 304-4460,Active
EMP021555,Nicole,Martin,Nicole Martin,54,Marketing,Specialist,Boston,78810.91,8272.23,2021-09-03,30,94.6,nicole.martin@company.com,(866) 863-6144,Inactive
EMP021556,Michael,Thomas,Michael Thomas,39,HR,Associate,New York,69987.86,3776.19,2024-12-29,14,72.4,michael.thomas@company.com,(302) 508-5910,Active
EMP021557,Lisa,Wilson,Lisa Wilson,31,Marketing,Manager,New York,63276.34,6988.75,2020-03-31,4,84.4,lisa.wilson@company.com,(987) 717-2619,Active
EMP021558,Nicole,Lopez,Nicole Lopez,38,Engineering,Lead,New York,75376.24,0.0,2024-02-12,12,100.0,nicole.lopez@company.com,(542) 444-3284,Inactive
EMP021559,Jane,Garcia,Jane Garcia,51,Engineering,Analyst,Los Angeles,110287.63,8766.49,2021-12-05,24,57.0,jane.garcia@company.com,(880) 743-3455,Active
EMP021560,Michael,Wilson,Michael Wilson,33,Operations,Director,San Francisco,57438.72,9842.58,2022-11-07,9,78.2,michael.wilson@company.com,(541) 664-8337,Active
EMP021561,Michael,Anderson,Michael Anderson,63,Sales,Lead,Miami,121095.73,8138.63,2020-07-21,37,55.6,michael.anderson@company.com,(633) 964-6302,Active
EMP021562,John,Hernandez,John Hernandez,58,Sales,Director,Los Angeles,95128.33,12101.12,2023-09-04,36,23.9,john.hernandez@company.com,(252) 413-6960,Active
EMP021563,Sarah,Martin,Sarah Martin,27,HR,Coordinator,San Francisco,43653.75,4839.66,2024-05-24,0,100.0,sarah.martin@company.com,(664) 879-7873,Active
EMP021564,Nicole,Jackson,Nicole Jackson,37,Sales,Analyst,Miami,67765.12,9455.67,2021-12-01,9,72.5,nicole.jackson@company.com,(309) 816-1008,Active
EMP021565,Amanda,Thomas,Amanda Thomas,63,HR,Analyst,Austin,85313.13,10478.17,2021-07-04,34,78.0,amanda.thomas@company.com,(794) 397-1583,Active
EMP021566,Jane,Thomas,Jane Thomas,26,Engineering,Associate,Seattle,44213.97,3882.59,2020-07-26,2,81.0,jane.thomas@company.com,(614) 803-2670,Active
EMP021567,Christopher,Johnson,Christopher Johnson,22,IT,Senior Developer,Austin,104800.29,12962.29,2021-01-11,0,64.4,christopher.johnson@company.com,(423) 287-3076,Active
EMP021568,Sarah,Davis,Sarah Davis,24,IT,Manager,Boston,86946.9,14390.96,2024-03-12,0,92.0,sarah.davis@company.com,(397) 826-8146,Active
EMP021569,Matthew,Brown,Matthew Brown,46,Sales,Senior Developer,Boston,79523.0,8387.9,2022-08-13,23,64.4,matthew.brown@company.com,(741) 829-5844,Active
EMP021570,Jessica,Anderson,Jessica Anderson,52,Finance,Lead,Los Angeles,74154.25,2298.13,2020-03-07,30,100.0,jessica.anderson@company.com,(711) 233-5771,Active
EMP021571,Jessica,Jackson,Jessica Jackson,42,Engineering,Manager,Los Angeles,122426.42,0.0,2022-07-16,16,63.4,jessica.jackson@company.com,(536) 210-3210,Active
EMP021572,William,Jackson,William Jackson,59,Finance,Senior Developer,New York,91355.29,8670.17,2024-12-19,31,57.1,william.jackson@company.com,(220) 781-9549,Active
EMP021573,Anthony,Lopez,Anthony Lopez,29,Legal,Director,New York,93072.07,7601.04,2023-02-01,4,80.2,anthony.lopez@company.com,(890) 982-8684,Active
EMP021574,Melissa,Smith,Melissa Smith,28,IT,Senior Developer,Miami,76016.89,2993.18,2021-08-20,4,80.4,melissa.smith@company.com,(210) 344-4303,Active
EMP021575,Anthony,Moore,Anthony Moore,42,HR,Analyst,San Francisco,71923.52,5138.91,2023-04-03,13,76.4,anthony.moore@company.com,(644) 629-7810,Active
EMP021576,Ashley,Hernandez,Ashley Hernandez,23,Sales,Associate,Seattle,69293.16,6121.69,2024-10-10,0,50.7,ashley.hernandez@company.com,(678) 468-9266,Active
EMP021577,Nicole,Lopez,Nicole Lopez,30,Marketing,Coordinator,Boston,51146.04,7859.02,2022-09-17,2,96.0,nicole.lopez@company.com,(681) 677-4996,Active
EMP021578,Christopher,Brown,Christopher Brown,57,Operations,Manager,Miami,80699.88,7978.14,2023-11-02,35,72.9,christopher.brown@company.com,(281) 944-5221,Active
EMP021579,William,Brown,William Brown,56,Marketing,Manager,Chicago,57593.01,9395.28,2020-10-14,29,83.2,william.brown@company.com,(421) 716-5479,Inactive
EMP021580,Christopher,Williams,Christopher Williams,41,Engineering,Associate,Boston,72206.38,10207.79,2024-05-15,17,80.5,christopher.williams@company.com,(687) 570-6628,Active
EMP021581,Jessica,Lopez,Jessica Lopez,63,Sales,Director,Chicago,85953.45,15369.34,2022-02-16,38,47.8,jessica.lopez@company.com,(739) 925-1227,Active
EMP021582,Anthony,Brown,Anthony Brown,38,Operations,Associate,Miami,59078.58,0.0,2021-01-03,14,78.5,anthony.brown@company.com,(718) 216-5971,Active
EMP021583,Emily,Hernandez,Emily Hernandez,49,IT,Associate,Austin,130565.52,9139.48,2022-05-12,24,65.1,emily.hernandez@company.com,(827) 497-3248,Inactive
EMP021584,Jane,Gonzalez,Jane Gonzalez,65,Legal,Senior Developer,Seattle,112327.91,5128.54,2022-07-23,39,99.5,jane.gonzalez@company.com,(734) 666-1504,Inactive
EMP021585,Emily,Williams,Emily Williams,47,Engineering,Manager,Miami,93885.58,252.67,2022-11-28,21,92.0,emily.williams@company.com,(642) 746-9165,Active
EMP021586,Nicole,Martin,Nicole Martin,60,HR,Specialist,Seattle,68129.07,4201.39,2020-06-18,37,76.2,nicole.martin@company.com,(329) 361-2117,Active
EMP021587,Christopher,Miller,Christopher Miller,47,Marketing,Lead,Boston,68473.53,4976.74,2022-05-04,20,58.3,christopher.miller@company.com,(954) 927-3552,Active
EMP021588,Nicole,Anderson,Nicole Anderson,41,Marketing,Lead,Austin,66879.38,8859.83,2021-07-20,18,90.4,nicole.anderson@company.com,(608) 676-7378,Active
EMP021589,Daniel,Rodriguez,Daniel Rodriguez,23,Sales,Analyst,Los Angeles,76116.97,6388.35,2023-02-04,1,69.7,daniel.rodriguez@company.com,(960) 971-1957,Active
EMP021590,Sarah,Taylor,Sarah Taylor,34,HR,Senior Developer,New York,70785.86,595.68,2023-09-26,8,70.0,sarah.taylor@company.com,(630) 898-6331,Active
EMP021591,Matthew,Williams,Matthew Williams,46,Operations,Specialist,Miami,48260.13,4681.79,2021-01-19,19,73.8,matthew.williams@company.com,(262) 391-4275,Active
EMP021592,Sarah,Taylor,Sarah Taylor,26,HR,Associate,Boston,77020.66,4480.31,2024-01-04,0,76.3,sarah.taylor@company.com,(697) 995-1809,Active
EMP021593,Amanda,Wilson,Amanda Wilson,38,IT,Analyst,San Francisco,71446.76,11027.46,2022-09-06,14,73.9,amanda.wilson@company.com,(293) 505-3694,Active
EMP021594,Nicole,Gonzalez,Nicole Gonzalez,50,Finance,Senior Developer,Seattle,111313.9,9240.77,2020-12-16,23,61.1,nicole.gonzalez@company.com,(933) 581-8971,Active
EMP021595,Jessica,Johnson,Jessica Johnson,41,Sales,Senior Developer,New York,89562.13,3168.26,2020-01-15,15,79.2,jessica.johnson@company.com,(855) 277-6414,Inactive
EMP021596,David,Hernandez,David Hernandez,63,Finance,Associate,Chicago,98982.08,6660.93,2022-12-01,35,83.7,david.hernandez@company.com,(928) 878-4972,Active
EMP021597,James,Johnson,James Johnson,53,Finance,Associate,San Francisco,102388.0,5954.26,2020-10-30,27,72.2,james.johnson@company.com,(860) 485-9199,Active
EMP021598,David,Wilson,David Wilson,22,Operations,Senior Developer,Chicago,49967.54,1406.98,2022-11-21,0,70.8,david.wilson@company.com,(286) 581-2789,Active
EMP021599,Melissa,Jones,Melissa Jones,26,Legal,Senior Developer,New York,127590.93,23569.61,2022-08-14,4,57.9,melissa.jones@company.com,(836) 339-2629,Active
EMP021600,Lisa,Lopez,Lisa Lopez,64,Engineering,Specialist,Boston,121069.41,0.0,2021-09-17,36,67.5,lisa.lopez@company.com,(259) 270-2233,Active
EMP021601,Emily,Smith,Emily Smith,32,IT,Lead,San Francisco,58472.63,10398.77,2021-08-04,5,70.6,emily.smith@company.com,(940) 500-6502,Active
EMP021602,Jessica,Moore,Jessica Moore,35,Operations,Coordinator,San Francisco,52799.52,5947.27,2020-11-12,12,74.2,jessica.moore@company.com,(997) 969-7252,Active
EMP021603,John,Thomas,John Thomas,60,Finance,Specialist,Seattle,58585.32,4499.81,2023-10-17,38,75.8,john.thomas@company.com,(756) 881-5952,Active
EMP021604,Emily,Moore,Emily Moore,59,Operations,Specialist,San Francisco,78372.81,13650.26,2024-07-12,33,94.3,emily.moore@company.com,(807) 253-9456,Active
EMP021605,Amanda,Gonzalez,Amanda Gonzalez,38,IT,Specialist,San Francisco,67593.14,6200.32,2024-07-18,13,63.5,amanda.gonzalez@company.com,(935) 427-9815,Active
EMP021606,Lisa,Anderson,Lisa Anderson,61,HR,Manager,Chicago,75367.81,6260.56,2020-09-05,39,80.9,lisa.anderson@company.com,(270) 638-4665,Inactive
EMP021607,Jessica,Anderson,Jessica Anderson,56,HR,Director,Chicago,72127.64,7450.25,2023-01-14,30,91.0,jessica.anderson@company.com,(767) 965-3207,Active
EMP021608,Emily,Williams,Emily Williams,39,Operations,Director,Miami,84907.9,8260.39,2022-12-02,12,67.4,emily.williams@company.com,(435) 903-2704,Active
EMP021609,Stephanie,Davis,Stephanie Davis,65,Sales,Specialist,Chicago,98577.55,9757.95,2024-05-31,40,71.8,stephanie.davis@company.com,(467) 908-6116,Active
EMP021610,Jane,Davis,Jane Davis,34,Marketing,Manager,Los Angeles,72256.38,14990.66,2023-07-10,12,64.4,jane.davis@company.com,(567) 734-1675,Active
EMP021611,Emily,Gonzalez,Emily Gonzalez,22,HR,Associate,Seattle,27000.0,1715.56,2022-03-15,0,65.4,emily.gonzalez@company.com,(737) 778-2450,Active
EMP021612,Ashley,Hernandez,Ashley Hernandez,59,Legal,Specialist,New York,142633.74,14664.53,2023-07-14,37,84.2,ashley.hernandez@company.com,(459) 366-1787,Active
EMP021613,Nicole,Hernandez,Nicole Hernandez,39,Marketing,Specialist,Austin,70329.25,1804.71,2021-06-17,12,69.0,nicole.hernandez@company.com,(248) 452-6065,Active
EMP021614,Daniel,Gonzalez,Daniel Gonzalez,57,Legal,Specialist,Boston,114642.5,19.61,2020-06-09,35,90.3,daniel.gonzalez@company.com,(925) 607-5079,Active
EMP021615,James,Martinez,James Martinez,55,HR,Manager,Chicago,71531.59,9946.08,2022-08-10,28,65.9,james.martinez@company.com,(694) 476-2638,Active
EMP021616,David,Martin,David Martin,39,Sales,Senior Developer,Seattle,44757.16,6891.55,2023-10-26,16,81.0,david.martin@company.com,(645) 307-2735,Active
EMP021617,Daniel,Lopez,Daniel Lopez,23,Engineering,Director,Chicago,96067.97,6254.3,2023-11-13,0,74.6,daniel.lopez@company.com,(488) 598-3397,Active
EMP021618,Jane,Lopez,Jane Lopez,52,Sales,Manager,Chicago,84562.47,10457.84,2023-11-11,26,66.8,jane.lopez@company.com,(333) 953-4359,Active
EMP021619,Jane,Martinez,Jane Martinez,24,Finance,Manager,Chicago,67534.86,4828.78,2023-06-03,0,57.4,jane.martinez@company.com,(288) 255-4565,Active
EMP021620,William,Garcia,William Garcia,38,IT,Specialist,Los Angeles,59739.29,3712.02,2023-08-16,15,76.3,william.garcia@company.com,(647) 741-6310,Active
EMP021621,Emily,Brown,Emily Brown,47,Marketing,Associate,Los Angeles,91891.16,11382.5,2024-03-14,20,63.2,emily.brown@company.com,(757) 525-4339,On Leave
EMP021622,Nicole,Moore,Nicole Moore,22,Engineering,Specialist,San Francisco,58748.39,3505.0,2023-02-04,0,72.9,nicole.moore@company.com,(359) 439-5175,Active
EMP021623,Michael,Anderson,Michael Anderson,34,Engineering,Senior Developer,Chicago,67016.08,5053.96,2022-02-08,9,89.8,michael.anderson@company.com,(906) 552-1565,Active
EMP021624,Christopher,Anderson,Christopher Anderson,47,Marketing,Associate,Seattle,56622.06,9628.11,2023-04-20,21,76.0,christopher.anderson@company.com,(456) 341-9326,Active
EMP021625,Daniel,Hernandez,Daniel Hernandez,60,Engineering,Manager,Los Angeles,114233.85,7498.77,2024-02-14,32,82.2,daniel.hernandez@company.com,(510) 827-3906,Inactive
EMP021626,Nicole,Jackson,Nicole Jackson,46,Legal,Senior Developer,Austin,75382.35,5803.84,2020-10-02,19,47.1,nicole.jackson@company.com,(811) 929-2971,Active
EMP021627,Lisa,Garcia,Lisa Garcia,42,Marketing,Analyst,New York,60426.32,5795.32,2021-11-27,16,90.0,lisa.garcia@company.com,(502) 542-6750,Active
EMP021628,Emily,Anderson,Emily Anderson,23,Sales,Manager,San Francisco,54272.82,3917.59,2024-08-24,1,74.2,emily.anderson@company.com,(207) 764-4637,Active
EMP021629,Michael,Davis,Michael Davis,26,IT,Coordinator,Austin,74066.16,7384.13,2020-03-19,0,67.5,michael.davis@company.com,(740) 424-7889,Active
EMP021630,Stephanie,Lopez,Stephanie Lopez,32,Legal,Associate,Austin,82367.38,5817.27,2023-12-22,5,88.1,stephanie.lopez@company.com,(703) 935-6435,Active
EMP021631,Melissa,Jackson,Melissa Jackson,50,Operations,Coordinator,Austin,88722.51,9247.76,2024-11-08,21,87.2,melissa.jackson@company.com,(581) 450-3522,Active
EMP021632,Daniel,Brown,Daniel Brown,44,Finance,Senior Developer,Seattle,68838.81,11098.95,2021-12-22,21,96.8,daniel.brown@company.com,(207) 533-2185,On Leave
EMP021633,Lisa,Jackson,Lisa Jackson,40,Legal,Associate,Los Angeles,85143.71,6975.86,2021-12-30,17,96.3,lisa.jackson@company.com,(391) 579-8243,Active
EMP021634,John,Martin,John Martin,30,IT,Senior Developer,Los Angeles,85685.06,4380.82,2022-09-09,4,82.1,john.martin@company.com,(657) 691-5398,On Leave
EMP021635,Robert,Gonzalez,Robert Gonzalez,41,IT,Lead,Miami,97307.37,8453.57,2020-09-02,18,84.8,robert.gonzalez@company.com,(350) 993-2634,Active
EMP021636,Robert,Moore,Robert Moore,46,Sales,Senior Developer,Miami,77306.88,5882.52,2024-03-17,22,80.7,robert.moore@company.com,(678) 288-8216,Active
EMP021637,Stephanie,Anderson,Stephanie Anderson,60,Operations,Analyst,Boston,71202.05,5149.44,2024-11-03,36,83.3,stephanie.anderson@company.com,(960) 447-6885,Inactive
EMP021638,Jane,Rodriguez,Jane Rodriguez,57,Finance,Manager,Miami,105252.78,17142.37,2023-03-27,29,83.3,jane.rodriguez@company.com,(761) 782-3488,Active
EMP021639,William,Hernandez,William Hernandez,29,Sales,Senior Developer,Chicago,69796.73,5223.8,2020-09-03,1,59.7,william.hernandez@company.com,(454) 281-4785,Active
EMP021640,Melissa,Smith,Melissa Smith,63,Sales,Senior Developer,Chicago,103240.97,15297.87,2023-07-02,41,57.2,melissa.smith@company.com,(211) 297-4938,Active
EMP021641,Daniel,Rodriguez,Daniel Rodriguez,27,Operations,Associate,Miami,51232.82,6004.2,2021-04-27,3,70.7,daniel.rodriguez@company.com,(290) 709-7965,Active
EMP021642,John,Garcia,John Garcia,57,Finance,Coordinator,Los Angeles,63692.38,6923.12,2022-08-26,35,72.3,john.garcia@company.com,(809) 644-4144,Active
EMP021643,Emily,Brown,Emily Brown,31,Sales,Manager,New York,62526.82,5807.37,2022-01-15,2,63.8,emily.brown@company.com,(636) 972-6795,Active
EMP021644,Robert,Hernandez,Robert Hernandez,43,Sales,Specialist,Chicago,90749.97,12736.58,2021-02-21,19,63.0,robert.hernandez@company.com,(889) 512-5563,Active
EMP021645,Anthony,Thomas,Anthony Thomas,31,Sales,Associate,Austin,54146.15,7687.81,2024-09-15,8,63.3,anthony.thomas@company.com,(522) 403-2856,Inactive
EMP021646,Lisa,Moore,Lisa Moore,44,HR,Associate,Boston,55543.2,5161.53,2022-12-17,22,60.8,lisa.moore@company.com,(473) 687-3970,Active
EMP021647,Jessica,Garcia,Jessica Garcia,65,Operations,Specialist,Miami,85609.36,6956.38,2023-09-16,42,98.4,jessica.garcia@company.com,(902) 298-1934,Active
EMP021648,David,Anderson,David Anderson,60,Marketing,Manager,Boston,87357.91,9093.38,2020-05-13,32,71.5,david.anderson@company.com,(942) 208-6747,Active
EMP021649,James,Johnson,James Johnson,27,Finance,Coordinator,Seattle,87322.95,14805.22,2023-06-16,1,72.3,james.johnson@company.com,(291) 883-3577,Active
EMP021650,Melissa,Williams,Melissa Williams,60,Engineering,Manager,Boston,129056.68,8800.37,2022-01-07,34,100.0,melissa.williams@company.com,(917) 890-3211,Active
EMP021651,Ashley,Hernandez,Ashley Hernandez,49,Operations,Coordinator,Seattle,68551.57,3781.5,2023-10-15,23,92.1,ashley.hernandez@company.com,(347) 828-8769,Active
EMP021652,Jane,Rodriguez,Jane Rodriguez,58,Finance,Senior Developer,Chicago,64763.62,2091.51,2022-05-10,32,53.5,jane.rodriguez@company.com,(692) 584-4829,Active
EMP021653,Robert,Anderson,Robert Anderson,55,Operations,Senior Developer,Los Angeles,82873.02,11795.99,2023-01-08,33,92.2,robert.anderson@company.com,(846) 778-5684,Active
EMP021654,Sarah,Williams,Sarah Williams,65,Legal,Associate,San Francisco,138163.06,6147.43,2024-03-04,42,86.7,sarah.williams@company.com,(468) 575-1137,Active
EMP021655,David,Williams,David Williams,50,Finance,Specialist,Chicago,102488.79,7228.73,2020-09-06,22,57.1,david.williams@company.com,(984) 267-8619,Active
EMP021656,Ashley,Garcia,Ashley Garcia,44,Marketing,Analyst,Los Angeles,85418.56,12375.21,2021-09-30,19,83.6,ashley.garcia@company.com,(538) 361-2002,Active
EMP021657,Matthew,Lopez,Matthew Lopez,42,IT,Lead,Miami,124296.82,12691.71,2024-04-11,19,83.0,matthew.lopez@company.com,(278) 312-7866,On Leave
EMP021658,William,Wilson,William Wilson,54,Engineering,Senior Developer,Austin,106552.77,8071.31,2021-08-11,27,80.6,william.wilson@company.com,(591) 953-8572,Active
EMP021659,William,Brown,William Brown,30,Sales,Coordinator,Miami,60907.61,7751.19,2023-12-09,7,55.4,william.brown@company.com,(511) 681-2970,Active
EMP021660,Amanda,Jackson,Amanda Jackson,52,Sales,Manager,Los Angeles,91269.99,10142.22,2020-04-16,26,63.7,amanda.jackson@company.com,(999) 854-1727,Active
EMP021661,Lisa,Williams,Lisa Williams,45,Finance,Director,Austin,101383.27,7614.0,2024-01-06,19,86.7,lisa.williams@company.com,(732) 529-2591,Active
EMP021662,Emily,Martin,Emily Martin,35,Legal,Manager,Seattle,99752.98,15538.37,2024-03-07,9,73.3,emily.martin@company.com,(479) 965-2461,Active
EMP021663,Daniel,Thomas,Daniel Thomas,50,IT,Director,Los Angeles,122866.34,13070.0,2021-05-11,27,69.6,daniel.thomas@company.com,(463) 622-2189,Active
EMP021664,Nicole,Lopez,Nicole Lopez,45,Operations,Senior Developer,Boston,52951.01,6806.46,2022-05-19,23,90.3,nicole.lopez@company.com,(643) 907-7685,Active
EMP021665,Jessica,Rodriguez,Jessica Rodriguez,30,Sales,Associate,Miami,52768.47,259.04,2020-09-29,1,67.5,jessica.rodriguez@company.com,(790) 841-5205,Active
EMP021666,Robert,Davis,Robert Davis,58,Marketing,Director,Austin,83237.8,9791.04,2023-03-08,31,79.8,robert.davis@company.com,(821) 229-2324,On Leave
EMP021667,John,Davis,John Davis,32,Marketing,Manager,Seattle,76789.5,8272.61,2021-12-08,9,32.7,john.davis@company.com,(672) 696-4282,Active
EMP021668,William,Gonzalez,William Gonzalez,49,Engineering,Analyst,New York,107661.68,14064.6,2023-08-30,27,69.2,william.gonzalez@company.com,(751) 930-1753,Inactive
EMP021669,Anthony,Thomas,Anthony Thomas,61,Operations,Director,Austin,86745.75,10764.03,2024-08-08,34,100.0,anthony.thomas@company.com,(255) 603-8666,Active
EMP021670,Anthony,Davis,Anthony Davis,36,Marketing,Lead,Los Angeles,46092.0,3499.56,2023-08-31,12,83.2,anthony.davis@company.com,(210) 799-4750,Active
EMP021671,Christopher,Davis,Christopher Davis,57,Sales,Specialist,Seattle,84996.96,4314.58,2023-12-04,30,53.7,christopher.davis@company.com,(808) 673-8995,Active
EMP021672,Robert,Williams,Robert Williams,65,Operations,Coordinator,San Francisco,74210.16,6716.72,2024-01-23,38,100.0,robert.williams@company.com,(844) 451-9715,Active
EMP021673,Jessica,Thomas,Jessica Thomas,57,Finance,Coordinator,Boston,86699.52,11848.01,2023-02-13,32,73.8,jessica.thomas@company.com,(232) 933-7619,Active
EMP021674,David,Moore,David Moore,34,Operations,Director,New York,65442.33,1464.63,2022-02-05,9,78.1,david.moore@company.com,(795) 304-6995,Active
EMP021675,Matthew,Jackson,Matthew Jackson,44,Sales,Specialist,New York,76802.67,7232.29,2021-11-19,17,55.7,matthew.jackson@company.com,(704) 868-9534,Active
EMP021676,Melissa,Smith,Melissa Smith,52,Sales,Lead,San Francisco,84954.57,10152.63,2024-08-03,24,99.8,melissa.smith@company.com,(980) 750-1393,Active
EMP021677,Lisa,Martinez,Lisa Martinez,50,Engineering,Manager,Miami,89035.27,6885.3,2023-01-20,23,69.6,lisa.martinez@company.com,(203) 464-6385,Active
EMP021678,Anthony,Anderson,Anthony Anderson,38,Legal,Senior Developer,New York,107314.72,12093.31,2022-10-26,10,65.5,anthony.anderson@company.com,(558) 405-1100,Active
EMP021679,Amanda,Williams,Amanda Williams,24,Operations,Lead,Seattle,51831.64,8405.49,2021-10-05,1,64.0,amanda.williams@company.com,(972) 328-7842,Active
EMP021680,Sarah,Moore,Sarah Moore,43,Legal,Coordinator,Seattle,71493.93,5199.8,2020-07-07,21,27.5,sarah.moore@company.com,(593) 656-1175,On Leave
EMP021681,Amanda,Jackson,Amanda Jackson,35,Legal,Lead,Miami,89444.91,9684.66,2023-03-30,10,100.0,amanda.jackson@company.com,(387) 218-6134,Active
EMP021682,James,Brown,James Brown,46,Marketing,Lead,Los Angeles,80592.06,7462.43,2020-07-12,21,61.1,james.brown@company.com,(459) 320-1070,Inactive
EMP021683,Stephanie,Taylor,Stephanie Taylor,28,Operations,Coordinator,Austin,52691.01,8253.37,2023-08-22,1,83.9,stephanie.taylor@company.com,(609) 733-7455,Active
EMP021684,James,Moore,James Moore,29,IT,Director,Boston,77371.61,3242.6,2022-12-29,0,95.6,james.moore@company.com,(827) 426-8612,Active
EMP021685,Jessica,Garcia,Jessica Garcia,40,IT,Lead,Seattle,58398.28,4728.86,2023-02-27,11,74.9,jessica.garcia@company.com,(425) 468-9831,Inactive
EMP021686,Amanda,Taylor,Amanda Taylor,48,Operations,Director,Los Angeles,72962.32,11487.55,2024-08-17,22,68.7,amanda.taylor@company.com,(772) 763-5510,Inactive
EMP021687,Nicole,Johnson,Nicole Johnson,26,Legal,Analyst,Boston,64932.11,5930.3,2021-11-13,2,82.4,nicole.johnson@company.com,(481) 563-7585,Active
EMP021688,Daniel,Lopez,Daniel Lopez,37,HR,Associate,Miami,81757.41,14521.53,2022-02-05,10,60.2,daniel.lopez@company.com,(483) 316-6866,Active
EMP021689,Sarah,Wilson,Sarah Wilson,27,Legal,Specialist,Seattle,66995.93,4168.16,2021-10-06,3,100.0,sarah.wilson@company.com,(900) 286-9648,Active
EMP021690,Daniel,Moore,Daniel Moore,55,Operations,Coordinator,San Francisco,63859.99,5476.44,2023-01-12,28,52.8,daniel.moore@company.com,(315) 602-7321,Active
EMP021691,Stephanie,Martin,Stephanie Martin,36,Engineering,Lead,Seattle,99446.86,2911.5,2023-09-27,13,83.9,stephanie.martin@company.com,(621) 629-3645,Active
EMP021692,William,Lopez,William Lopez,32,Operations,Specialist,Chicago,55778.92,0.0,2021-09-18,3,83.4,william.lopez@company.com,(768) 856-5555,Active
EMP021693,Ashley,Rodriguez,Ashley Rodriguez,52,Sales,Lead,Seattle,71851.42,5459.41,2021-11-28,28,66.6,ashley.rodriguez@company.com,(376) 202-8880,Active
EMP021694,Emily,Davis,Emily Davis,52,Finance,Specialist,San Francisco,53192.45,6271.92,2021-04-08,24,86.2,emily.davis@company.com,(224) 975-2475,Active
EMP021695,Sarah,Lopez,Sarah Lopez,63,Legal,Specialist,Seattle,89781.46,7587.15,2023-05-21,36,74.3,sarah.lopez@company.com,(755) 440-4406,Active
EMP021696,Anthony,Hernandez,Anthony Hernandez,64,Sales,Director,Chicago,90000.34,11482.63,2020-08-28,40,87.5,anthony.hernandez@company.com,(834) 227-8937,Active
EMP021697,Anthony,Martin,Anthony Martin,30,Engineering,Senior Developer,Austin,71510.72,5261.28,2023-05-19,7,60.5,anthony.martin@company.com,(875) 403-7133,Active
EMP021698,Lisa,Rodriguez,Lisa Rodriguez,50,Marketing,Coordinator,New York,62300.96,5583.2,2021-03-13,26,100.0,lisa.rodriguez@company.com,(483) 694-6639,Active
EMP021699,Emily,Wilson,Emily Wilson,33,Finance,Analyst,Chicago,45074.26,2244.24,2022-06-12,11,50.7,emily.wilson@company.com,(473) 811-4716,Active
EMP021700,Melissa,Hernandez,Melissa Hernandez,40,Engineering,Analyst,Seattle,70505.88,12296.24,2021-03-27,17,73.9,melissa.hernandez@company.com,(776) 956-7567,Active
EMP021701,Sarah,Hernandez,Sarah Hernandez,50,Marketing,Director,San Francisco,74645.12,1200.48,2022-12-05,21,59.5,sarah.hernandez@company.com,(918) 883-1333,Active
EMP021702,Anthony,Wilson,Anthony Wilson,37,Finance,Director,Seattle,69926.19,8829.27,2022-08-15,8,76.8,anthony.wilson@company.com,(701) 765-8146,Active
EMP021703,Nicole,Taylor,Nicole Taylor,65,IT,Senior Developer,Boston,89382.23,8859.43,2021-08-16,40,70.9,nicole.taylor@company.com,(402) 404-2113,Active
EMP021704,Stephanie,Jackson,Stephanie Jackson,26,Operations,Director,Miami,36718.43,4368.28,2022-06-03,0,87.0,stephanie.jackson@company.com,(389) 946-8683,Active
EMP021705,Robert,Jackson,Robert Jackson,26,Engineering,Manager,New York,72579.36,9469.81,2023-02-09,3,62.1,robert.jackson@company.com,(915) 373-2764,Active
EMP021706,David,Garcia,David Garcia,38,IT,Associate,Austin,95470.45,14615.73,2022-12-17,10,70.1,david.garcia@company.com,(668) 201-1160,On Leave
EMP021707,Anthony,Garcia,Anthony Garcia,59,Marketing,Director,Miami,83915.58,3904.23,2022-03-22,33,80.9,anthony.garcia@company.com,(266) 890-2697,Active
EMP021708,Emily,Gonzalez,Emily Gonzalez,29,Marketing,Director,Austin,60967.08,6502.07,2022-02-17,3,80.2,emily.gonzalez@company.com,(209) 445-3635,Active
EMP021709,Jessica,Moore,Jessica Moore,23,Finance,Manager,Los Angeles,81653.52,4285.56,2023-01-13,0,55.7,jessica.moore@company.com,(911) 885-3444,Active
EMP021710,Christopher,Moore,Christopher Moore,58,Sales,Director,Seattle,88064.38,5219.02,2022-10-22,33,83.9,christopher.moore@company.com,(604) 735-4469,Active
EMP021711,Amanda,Brown,Amanda Brown,54,Finance,Coordinator,Miami,69332.99,12289.01,2021-12-22,28,85.2,amanda.brown@company.com,(830) 327-7319,Active
EMP021712,David,Martin,David Martin,29,Finance,Senior Developer,Los Angeles,73735.66,4650.21,2021-01-12,6,91.8,david.martin@company.com,(766) 652-9349,Active
EMP021713,Amanda,Gonzalez,Amanda Gonzalez,40,Legal,Manager,San Francisco,85094.19,2854.26,2024-12-31,11,62.7,amanda.gonzalez@company.com,(331) 695-6293,Active
EMP021714,Melissa,Williams,Melissa Williams,32,Operations,Specialist,Boston,64096.83,4821.85,2022-07-25,3,71.6,melissa.williams@company.com,(783) 851-4613,Active
EMP021715,Emily,Davis,Emily Davis,39,Engineering,Coordinator,Austin,76895.01,9527.37,2023-03-27,13,65.9,emily.davis@company.com,(435) 201-6844,Active
EMP021716,Melissa,Miller,Melissa Miller,37,Legal,Lead,San Francisco,82889.36,2822.65,2020-08-08,10,79.2,melissa.miller@company.com,(846) 420-7360,Active
EMP021717,Emily,Williams,Emily Williams,51,Sales,Associate,Seattle,64661.96,7915.47,2024-01-09,28,84.6,emily.williams@company.com,(724) 497-6243,Inactive
EMP021718,Lisa,Jackson,Lisa Jackson,36,IT,Associate,San Francisco,99213.25,9477.86,2023-09-28,7,79.1,lisa.jackson@company.com,(482) 613-4881,Active
EMP021719,Melissa,Garcia,Melissa Garcia,28,HR,Senior Developer,San Francisco,72915.31,9837.68,2021-02-17,0,92.7,melissa.garcia@company.com,(310) 460-6380,Active
EMP021720,Christopher,Hernandez,Christopher Hernandez,65,Sales,Specialist,Boston,85341.45,2398.57,2024-05-25,38,76.4,christopher.hernandez@company.com,(700) 722-8247,Active
EMP021721,Sarah,Johnson,Sarah Johnson,23,Finance,Manager,New York,44007.86,8394.92,2024-06-02,0,59.3,sarah.johnson@company.com,(229) 435-2299,Active
EMP021722,Nicole,Martinez,Nicole Martinez,27,Marketing,Analyst,New York,38219.8,6185.26,2021-06-27,1,59.8,nicole.martinez@company.com,(598) 829-5416,Active
EMP021723,Anthony,Taylor,Anthony Taylor,62,Engineering,Analyst,Austin,109553.23,19002.65,2021-02-03,34,76.2,anthony.taylor@company.com,(547) 388-3863,Active
EMP021724,Ashley,Martin,Ashley Martin,23,Engineering,Senior Developer,San Francisco,116160.58,10734.73,2023-11-18,0,47.1,ashley.martin@company.com,(659) 686-8913,Active
EMP021725,Anthony,Garcia,Anthony Garcia,27,Marketing,Director,Chicago,53781.26,7400.68,2024-08-12,5,75.3,anthony.garcia@company.com,(338) 760-8506,Active
EMP021726,Sarah,Martinez,Sarah Martinez,50,HR,Director,San Francisco,56277.02,9839.39,2022-12-12,24,69.8,sarah.martinez@company.com,(983) 487-1803,On Leave
EMP021727,Amanda,Garcia,Amanda Garcia,26,HR,Lead,Chicago,39500.64,3444.1,2024-05-25,3,38.8,amanda.garcia@company.com,(623) 981-3962,Active
EMP021728,David,Brown,David Brown,37,Operations,Lead,Chicago,93609.35,7392.87,2022-12-16,12,73.7,david.brown@company.com,(901) 567-1695,Active
EMP021729,Daniel,Hernandez,Daniel Hernandez,43,Marketing,Analyst,Miami,66788.94,7999.71,2022-02-16,17,45.1,daniel.hernandez@company.com,(519) 452-1052,Active
EMP021730,Ashley,Anderson,Ashley Anderson,23,Operations,Manager,Seattle,44306.37,3776.09,2022-08-30,0,100.0,ashley.anderson@company.com,(764) 758-9747,Active
EMP021731,Amanda,Smith,Amanda Smith,42,Finance,Specialist,Los Angeles,102238.1,9992.27,2022-01-26,13,75.8,amanda.smith@company.com,(912) 237-2939,Active
EMP021732,Daniel,Davis,Daniel Davis,42,Finance,Senior Developer,Chicago,90228.78,20762.75,2024-05-30,14,84.6,daniel.davis@company.com,(443) 380-1941,Active
EMP021733,Anthony,Gonzalez,Anthony Gonzalez,41,Marketing,Senior Developer,Los Angeles,63871.08,7523.29,2023-07-27,17,49.9,anthony.gonzalez@company.com,(253) 915-9693,Active
EMP021734,Jessica,Taylor,Jessica Taylor,51,Legal,Analyst,Miami,86641.84,8974.18,2021-01-09,24,82.4,jessica.taylor@company.com,(367) 744-3414,Active
EMP021735,Stephanie,Jackson,Stephanie Jackson,27,IT,Director,Austin,77754.67,10877.26,2023-01-22,4,52.1,stephanie.jackson@company.com,(680) 598-2310,Active
EMP021736,David,Rodriguez,David Rodriguez,32,Engineering,Director,Austin,99783.66,12180.72,2020-01-03,5,79.9,david.rodriguez@company.com,(709) 823-6375,Active
EMP021737,Nicole,Garcia,Nicole Garcia,32,HR,Specialist,Boston,60901.05,4374.36,2024-12-22,7,87.7,nicole.garcia@company.com,(569) 295-2817,Active
EMP021738,David,Lopez,David Lopez,64,Marketing,Associate,Chicago,69044.41,9577.54,2020-10-17,38,63.1,david.lopez@company.com,(624) 421-6481,Active
EMP021739,Christopher,Rodriguez,Christopher Rodriguez,22,Operations,Coordinator,New York,25500.0,0.0,2024-02-25,0,74.6,christopher.rodriguez@company.com,(998) 687-4829,Inactive
EMP021740,Stephanie,Davis,Stephanie Davis,46,Engineering,Director,Chicago,89828.71,12896.93,2024-01-31,22,78.8,stephanie.davis@company.com,(355) 592-5860,Active
EMP021741,Lisa,Lopez,Lisa Lopez,29,Sales,Lead,Chicago,64665.61,3940.23,2024-05-25,1,74.8,lisa.lopez@company.com,(565) 822-1471,Inactive
EMP021742,James,Martinez,James Martinez,58,Sales,Lead,Boston,73483.84,5779.92,2023-04-16,35,75.3,james.martinez@company.com,(367) 224-4378,Active
EMP021743,Nicole,Taylor,Nicole Taylor,38,Sales,Senior Developer,New York,64335.26,4434.51,2024-07-06,10,63.6,nicole.taylor@company.com,(606) 312-8390,Active
EMP021744,Christopher,Taylor,Christopher Taylor,58,Sales,Associate,San Francisco,93449.95,4603.1,2021-01-05,29,63.6,christopher.taylor@company.com,(232) 604-8567,Active
EMP021745,Jane,Jones,Jane Jones,43,Engineering,Director,Chicago,121917.78,15340.29,2022-02-24,16,64.5,jane.jones@company.com,(641) 530-4117,Active
EMP021746,Christopher,Anderson,Christopher Anderson,63,HR,Associate,Austin,70801.82,10105.77,2023-01-15,40,96.2,christopher.anderson@company.com,(826) 794-2698,Active
EMP021747,Emily,Smith,Emily Smith,32,Marketing,Specialist,Seattle,80324.15,10572.18,2022-11-04,8,100.0,emily.smith@company.com,(625) 855-4106,On Leave
EMP021748,Jessica,Hernandez,Jessica Hernandez,47,HR,Associate,San Francisco,50410.81,5257.47,2020-03-20,19,50.3,jessica.hernandez@company.com,(917) 833-5336,Active
EMP021749,Nicole,Brown,Nicole Brown,61,Legal,Associate,San Francisco,78179.47,10771.08,2021-04-23,38,54.2,nicole.brown@company.com,(722) 905-7931,Active
EMP021750,Jessica,Jones,Jessica Jones,35,IT,Senior Developer,Miami,96614.69,6414.8,2022-01-12,11,100.0,jessica.jones@company.com,(793) 567-9593,Active
EMP021751,Jane,Williams,Jane Williams,40,Marketing,Analyst,Seattle,69254.41,10124.63,2024-06-17,15,60.3,jane.williams@company.com,(656) 934-2467,Active
EMP021752,Lisa,Jackson,Lisa Jackson,62,Sales,Lead,Seattle,88674.87,6341.77,2023-11-24,34,79.2,lisa.jackson@company.com,(938) 480-1143,Active
EMP021753,Robert,Johnson,Robert Johnson,36,Marketing,Specialist,Miami,47676.59,4471.75,2024-07-05,13,100.0,robert.johnson@company.com,(262) 682-4509,Active
EMP021754,Robert,Hernandez,Robert Hernandez,64,Finance,Senior Developer,Austin,104012.31,14278.75,2020-09-11,40,96.7,robert.hernandez@company.com,(811) 758-4623,Active
EMP021755,Jessica,Martin,Jessica Martin,36,Marketing,Specialist,Boston,79802.29,4578.61,2024-01-16,13,62.0,jessica.martin@company.com,(949) 701-5988,Active
EMP021756,Matthew,Jackson,Matthew Jackson,60,Legal,Coordinator,Chicago,122152.07,21151.45,2023-04-18,37,64.0,matthew.jackson@company.com,(439) 694-6002,Active
EMP021757,Daniel,Smith,Daniel Smith,62,Legal,Director,Los Angeles,101647.16,18843.57,2024-07-16,36,97.4,daniel.smith@company.com,(971) 334-8230,Active
EMP021758,Ashley,Rodriguez,Ashley Rodriguez,56,Marketing,Senior Developer,Los Angeles,97364.14,10561.8,2024-09-10,34,84.1,ashley.rodriguez@company.com,(314) 223-5532,Active
EMP021759,Melissa,Gonzalez,Melissa Gonzalez,64,Finance,Director,Miami,68951.71,6465.33,2022-01-31,35,79.4,melissa.gonzalez@company.com,(234) 996-3059,Active
EMP021760,John,Lopez,John Lopez,35,Finance,Specialist,Chicago,91421.33,1264.36,2023-01-27,8,81.8,john.lopez@company.com,(673) 748-5310,Active
EMP021761,David,Williams,David Williams,33,HR,Lead,Chicago,56917.41,6756.3,2020-05-21,8,89.5,david.williams@company.com,(590) 228-5206,Active
EMP021762,Stephanie,Garcia,Stephanie Garcia,45,Operations,Associate,Miami,56325.25,8890.98,2023-02-20,17,70.6,stephanie.garcia@company.com,(488) 552-7261,Active
EMP021763,Christopher,Moore,Christopher Moore,42,Engineering,Associate,Austin,105834.07,481.01,2020-02-26,18,71.6,christopher.moore@company.com,(991) 242-2925,Active
EMP021764,Jane,Johnson,Jane Johnson,25,Legal,Lead,San Francisco,93712.84,12771.27,2022-01-27,2,72.0,jane.johnson@company.com,(962) 869-1838,Active
EMP021765,Matthew,Martinez,Matthew Martinez,42,Legal,Director,Boston,128841.78,19088.89,2022-03-21,19,60.0,matthew.martinez@company.com,(827) 936-7696,Active
EMP021766,Lisa,Johnson,Lisa Johnson,63,HR,Director,Austin,114475.85,5796.79,2023-10-13,40,63.1,lisa.johnson@company.com,(250) 446-3602,Active
EMP021767,Nicole,Martin,Nicole Martin,31,Marketing,Lead,Seattle,50444.42,2787.59,2022-04-14,6,57.8,nicole.martin@company.com,(482) 954-2796,Active
EMP021768,Christopher,Johnson,Christopher Johnson,32,Finance,Coordinator,San Francisco,52942.54,6817.82,2022-04-08,4,82.0,christopher.johnson@company.com,(213) 291-3053,Active
EMP021769,Anthony,Garcia,Anthony Garcia,63,HR,Lead,San Francisco,111642.03,1456.27,2020-08-25,34,73.7,anthony.garcia@company.com,(699) 630-7088,Active
EMP021770,Daniel,Moore,Daniel Moore,22,IT,Analyst,Chicago,64975.53,3879.57,2020-10-24,0,71.0,daniel.moore@company.com,(223) 460-6831,Active
EMP021771,Nicole,Hernandez,Nicole Hernandez,32,HR,Manager,San Francisco,77768.0,10895.65,2022-02-01,7,95.1,nicole.hernandez@company.com,(928) 727-3515,Active
EMP021772,Christopher,Moore,Christopher Moore,46,IT,Director,Chicago,89215.02,9319.37,2023-07-01,21,70.7,christopher.moore@company.com,(966) 649-2063,Inactive
EMP021773,Lisa,Wilson,Lisa Wilson,23,IT,Coordinator,San Francisco,58955.32,6661.21,2023-04-04,0,66.3,lisa.wilson@company.com,(394) 235-7577,Active
EMP021774,Stephanie,Garcia,Stephanie Garcia,60,Operations,Lead,Seattle,95800.66,14588.25,2020-04-03,35,91.0,stephanie.garcia@company.com,(496) 471-1120,Inactive
EMP021775,Melissa,Williams,Melissa Williams,27,Operations,Director,Austin,38598.43,2051.03,2024-07-12,0,59.7,melissa.williams@company.com,(360) 418-7874,Active
EMP021776,Stephanie,Smith,Stephanie Smith,54,Legal,Senior Developer,Chicago,116073.26,7350.93,2020-10-04,30,68.4,stephanie.smith@company.com,(483) 950-1376,Active
EMP021777,Ashley,Thomas,Ashley Thomas,56,Operations,Analyst,Seattle,72064.4,9697.32,2021-05-19,30,59.6,ashley.thomas@company.com,(864) 748-3493,Active
EMP021778,Jane,Thomas,Jane Thomas,45,Operations,Senior Developer,San Francisco,46167.97,4869.37,2023-03-12,19,73.5,jane.thomas@company.com,(944) 851-9039,Active
EMP021779,David,Brown,David Brown,64,HR,Specialist,San Francisco,69728.67,10823.24,2022-04-02,35,83.0,david.brown@company.com,(271) 871-5265,Active
EMP021780,Melissa,Smith,Melissa Smith,55,Legal,Senior Developer,New York,112995.91,6797.58,2023-08-20,32,92.1,melissa.smith@company.com,(216) 207-9558,Active
EMP021781,Matthew,Hernandez,Matthew Hernandez,65,IT,Associate,New York,90275.23,7778.56,2022-09-28,37,76.7,matthew.hernandez@company.com,(649) 835-1757,On Leave
EMP021782,Anthony,Gonzalez,Anthony Gonzalez,64,Legal,Director,Boston,117575.73,6153.64,2020-08-12,36,60.6,anthony.gonzalez@company.com,(369) 677-5914,Inactive
EMP021783,Robert,Martin,Robert Martin,43,Marketing,Associate,Seattle,60050.48,9815.76,2024-06-24,20,51.5,robert.martin@company.com,(660) 414-2952,Active
EMP021784,Ashley,Rodriguez,Ashley Rodriguez,58,Finance,Analyst,Seattle,103946.5,8565.52,2021-11-28,31,84.7,ashley.rodriguez@company.com,(531) 361-3646,Active
EMP021785,Melissa,Williams,Melissa Williams,64,Finance,Manager,Boston,109527.41,6276.7,2024-02-06,37,78.6,melissa.williams@company.com,(340) 253-1391,Active
EMP021786,Emily,Taylor,Emily Taylor,56,Operations,Associate,Los Angeles,69020.43,4967.25,2022-06-08,30,69.0,emily.taylor@company.com,(359) 915-7722,Active
EMP021787,Anthony,Martinez,Anthony Martinez,40,HR,Director,Boston,93321.78,5599.66,2024-06-21,14,60.0,anthony.martinez@company.com,(952) 480-1824,Active
EMP021788,William,Rodriguez,William Rodriguez,44,Marketing,Director,Austin,70816.18,9070.37,2024-11-17,20,95.0,william.rodriguez@company.com,(891) 255-3156,Active
EMP021789,Anthony,Hernandez,Anthony Hernandez,35,IT,Specialist,Miami,46434.97,0.0,2023-03-12,12,66.0,anthony.hernandez@company.com,(928) 470-5087,Active
EMP021790,Michael,Jackson,Michael Jackson,48,Operations,Senior Developer,Austin,92277.31,2307.57,2020-09-16,19,90.2,michael.jackson@company.com,(928) 587-1188,Active
EMP021791,Michael,Davis,Michael Davis,23,HR,Manager,Seattle,67667.06,3175.13,2021-03-01,0,100.0,michael.davis@company.com,(389) 657-9717,Active
EMP021792,David,Rodriguez,David Rodriguez,42,Finance,Specialist,Miami,62177.68,5851.03,2020-12-31,18,97.6,david.rodriguez@company.com,(558) 844-7295,Active
EMP021793,William,Gonzalez,William Gonzalez,41,HR,Associate,Austin,83285.93,12491.43,2022-01-30,14,74.5,william.gonzalez@company.com,(307) 704-1564,Active
EMP021794,Jane,Gonzalez,Jane Gonzalez,26,IT,Manager,New York,80995.07,8875.96,2021-02-22,0,69.2,jane.gonzalez@company.com,(443) 937-3702,Active
EMP021795,James,Martinez,James Martinez,22,Marketing,Manager,Chicago,52791.12,4766.35,2022-04-14,0,88.7,james.martinez@company.com,(487) 437-6378,Active
EMP021796,Daniel,Jackson,Daniel Jackson,32,Engineering,Analyst,Seattle,74219.35,1404.84,2023-10-05,9,100.0,daniel.jackson@company.com,(407) 425-7289,On Leave
EMP021797,James,Miller,James Miller,23,Operations,Analyst,Seattle,45213.93,5126.11,2022-10-29,1,36.3,james.miller@company.com,(316) 400-7727,Active
EMP021798,Emily,Moore,Emily Moore,40,HR,Associate,Los Angeles,75472.05,4498.04,2024-12-09,11,56.0,emily.moore@company.com,(269) 308-4591,Active
EMP021799,Stephanie,Martin,Stephanie Martin,65,IT,Associate,San Francisco,78203.0,4685.87,2023-08-27,40,86.7,stephanie.martin@company.com,(645) 995-3098,Active
EMP021800,Emily,Taylor,Emily Taylor,28,Marketing,Specialist,Chicago,66695.88,10836.46,2021-10-22,5,80.0,emily.taylor@company.com,(724) 334-2563,Active
EMP021801,Lisa,Jackson,Lisa Jackson,65,Operations,Senior Developer,New York,107772.54,20802.98,2024-09-14,41,79.5,lisa.jackson@company.com,(542) 860-4582,Active
EMP021802,Christopher,Davis,Christopher Davis,56,Operations,Specialist,Seattle,85171.31,15018.53,2024-03-23,29,45.2,christopher.davis@company.com,(333) 218-4533,Inactive
EMP021803,Christopher,Thomas,Christopher Thomas,65,HR,Director,Austin,87332.69,12675.31,2024-10-04,36,77.0,christopher.thomas@company.com,(618) 473-9582,Active
EMP021804,Melissa,Anderson,Melissa Anderson,23,Engineering,Senior Developer,New York,67130.57,6499.36,2024-02-23,1,80.7,melissa.anderson@company.com,(561) 739-8915,Active
EMP021805,Michael,Martin,Michael Martin,52,Operations,Coordinator,Austin,65677.49,7178.14,2023-06-30,25,70.0,michael.martin@company.com,(900) 292-1064,On Leave
EMP021806,Anthony,Garcia,Anthony Garcia,44,IT,Manager,Chicago,89273.34,11215.5,2023-05-03,20,75.6,anthony.garcia@company.com,(243) 369-2271,Inactive
EMP021807,William,Moore,William Moore,49,IT,Specialist,San Francisco,101231.73,8881.55,2022-05-09,20,76.0,william.moore@company.com,(604) 979-6324,On Leave
EMP021808,Lisa,Jones,Lisa Jones,55,Sales,Coordinator,Boston,62260.87,8157.24,2023-10-31,32,55.5,lisa.jones@company.com,(799) 662-8233,Active
EMP021809,Jessica,Jackson,Jessica Jackson,37,Sales,Senior Developer,Los Angeles,75554.69,5972.62,2022-03-03,10,80.7,jessica.jackson@company.com,(244) 558-1656,Active
EMP021810,John,Martinez,John Martinez,38,Operations,Specialist,San Francisco,65875.0,1754.82,2022-01-08,9,67.1,john.martinez@company.com,(695) 544-5784,Active
EMP021811,William,Rodriguez,William Rodriguez,51,Engineering,Manager,Miami,96189.46,21601.13,2024-01-21,22,93.6,william.rodriguez@company.com,(564) 572-7371,Active
EMP021812,Sarah,Thomas,Sarah Thomas,56,Sales,Director,San Francisco,111244.69,13741.33,2023-09-14,29,88.0,sarah.thomas@company.com,(656) 285-3183,Active
EMP021813,Jane,Rodriguez,Jane Rodriguez,65,HR,Director,Los Angeles,74515.7,11877.5,2021-10-30,41,56.0,jane.rodriguez@company.com,(891) 453-2408,Active
EMP021814,David,Brown,David Brown,54,IT,Specialist,Los Angeles,110132.41,7454.4,2023-12-01,29,83.6,david.brown@company.com,(289) 840-3096,Active
EMP021815,Melissa,Smith,Melissa Smith,39,Engineering,Analyst,Miami,86137.77,14403.03,2023-02-17,15,100.0,melissa.smith@company.com,(642) 700-8697,Active
EMP021816,Daniel,Wilson,Daniel Wilson,34,Sales,Specialist,Austin,69954.38,6660.47,2022-02-13,9,84.5,daniel.wilson@company.com,(312) 398-3404,Inactive
EMP021817,John,Jones,John Jones,36,Operations,Specialist,San Francisco,64122.16,4494.16,2024-07-10,14,82.4,john.jones@company.com,(819) 367-1097,Active
EMP021818,Stephanie,Anderson,Stephanie Anderson,56,Operations,Senior Developer,Seattle,75905.7,4416.98,2024-07-19,27,85.3,stephanie.anderson@company.com,(414) 814-2347,Active
EMP021819,James,Jackson,James Jackson,48,IT,Specialist,Seattle,81761.58,4053.6,2024-01-25,25,64.4,james.jackson@company.com,(328) 407-4447,Active
EMP021820,Ashley,Hernandez,Ashley Hernandez,44,IT,Associate,New York,105359.1,8665.64,2024-01-31,21,80.7,ashley.hernandez@company.com,(262) 931-5879,On Leave
EMP021821,James,Thomas,James Thomas,46,Legal,Specialist,New York,99206.54,6235.96,2021-08-07,22,97.2,james.thomas@company.com,(909) 890-1883,Active
EMP021822,Daniel,Wilson,Daniel Wilson,48,Marketing,Manager,New York,83672.42,4377.38,2022-02-05,23,69.8,daniel.wilson@company.com,(625) 953-1584,Active
EMP021823,David,Hernandez,David Hernandez,37,HR,Coordinator,Miami,51772.64,4069.94,2024-04-18,14,58.5,david.hernandez@company.com,(265) 242-1919,Active
EMP021824,Nicole,Garcia,Nicole Garcia,24,Legal,Director,Miami,66355.9,8908.8,2024-10-08,0,98.4,nicole.garcia@company.com,(974) 300-5172,Active
EMP021825,Emily,Anderson,Emily Anderson,32,Engineering,Director,Seattle,69826.63,6920.18,2023-04-26,3,93.8,emily.anderson@company.com,(209) 658-6591,Active
EMP021826,Michael,Brown,Michael Brown,52,Finance,Manager,Austin,80552.87,5582.94,2021-10-17,28,69.9,michael.brown@company.com,(809) 294-2364,Active
EMP021827,John,Thomas,John Thomas,44,Legal,Coordinator,San Francisco,90986.9,9770.42,2023-07-05,19,84.4,john.thomas@company.com,(517) 671-7179,Inactive
EMP021828,Jessica,Smith,Jessica Smith,38,Legal,Manager,Seattle,111085.66,11131.92,2022-11-04,10,78.2,jessica.smith@company.com,(638) 653-4101,Active
EMP021829,Jessica,Anderson,Jessica Anderson,30,Engineering,Lead,Seattle,81202.5,10806.71,2020-07-10,5,73.4,jessica.anderson@company.com,(934) 394-6769,Active
EMP021830,Jane,Johnson,Jane Johnson,50,Sales,Director,Seattle,87051.49,11719.8,2021-08-23,24,68.8,jane.johnson@company.com,(647) 701-9367,Active
EMP021831,Anthony,Gonzalez,Anthony Gonzalez,46,Marketing,Lead,Chicago,82921.59,8081.41,2020-12-24,21,72.6,anthony.gonzalez@company.com,(741) 913-5015,Active
EMP021832,Jessica,Jones,Jessica Jones,48,Operations,Lead,New York,59820.67,7951.66,2024-07-05,23,90.6,jessica.jones@company.com,(796) 318-5727,Active
EMP021833,Sarah,Jones,Sarah Jones,61,Operations,Senior Developer,Seattle,66051.06,4812.86,2023-02-07,33,69.4,sarah.jones@company.com,(484) 602-1492,Active
EMP021834,Ashley,Thomas,Ashley Thomas,29,Operations,Senior Developer,Austin,59003.14,288.16,2022-03-05,3,83.8,ashley.thomas@company.com,(448) 708-9744,Active
EMP021835,James,Johnson,James Johnson,44,Engineering,Manager,San Francisco,115762.28,15818.19,2023-09-03,22,91.6,james.johnson@company.com,(517) 321-9135,Active
EMP021836,Christopher,Moore,Christopher Moore,64,Marketing,Director,Miami,65404.96,5581.45,2022-01-08,41,96.0,christopher.moore@company.com,(956) 480-6425,On Leave
EMP021837,Nicole,Lopez,Nicole Lopez,60,Finance,Coordinator,Los Angeles,99444.45,5344.29,2022-02-24,34,74.8,nicole.lopez@company.com,(280) 364-1213,Active
EMP021838,Matthew,Williams,Matthew Williams,49,Sales,Director,San Francisco,94529.05,9424.24,2022-11-21,26,81.1,matthew.williams@company.com,(669) 584-1725,Active
EMP021839,Daniel,Miller,Daniel Miller,57,Engineering,Lead,Chicago,85098.92,8757.47,2021-11-13,29,59.7,daniel.miller@company.com,(528) 581-2155,Active
EMP021840,Robert,Rodriguez,Robert Rodriguez,25,Operations,Coordinator,Miami,75795.03,6523.13,2024-07-14,1,95.1,robert.rodriguez@company.com,(984) 824-8313,Active
EMP021841,Christopher,Williams,Christopher Williams,27,Operations,Specialist,San Francisco,69764.26,12897.12,2023-11-07,5,23.3,christopher.williams@company.com,(694) 779-4871,Active
EMP021842,Daniel,Jackson,Daniel Jackson,29,Finance,Manager,Austin,54627.61,5286.69,2024-01-21,1,92.4,daniel.jackson@company.com,(906) 539-9564,Active
EMP021843,Stephanie,Moore,Stephanie Moore,53,Engineering,Lead,Chicago,103478.41,10031.42,2024-08-28,25,96.7,stephanie.moore@company.com,(901) 558-1718,Active
EMP021844,Matthew,Anderson,Matthew Anderson,22,Marketing,Coordinator,Miami,70023.23,9076.5,2021-01-27,0,93.0,matthew.anderson@company.com,(320) 677-1334,Inactive
EMP021845,Michael,Jones,Michael Jones,42,Legal,Director,Seattle,118783.26,8158.87,2020-07-13,13,100.0,michael.jones@company.com,(612) 280-6785,Active
EMP021846,Stephanie,Johnson,Stephanie Johnson,55,IT,Senior Developer,Seattle,124549.69,13281.87,2023-03-16,32,73.4,stephanie.johnson@company.com,(818) 997-3157,Active
EMP021847,Lisa,Taylor,Lisa Taylor,33,IT,Director,Austin,90708.11,13415.12,2022-11-14,8,63.1,lisa.taylor@company.com,(597) 207-5253,Active
EMP021848,James,Williams,James Williams,46,IT,Analyst,San Francisco,82244.82,8092.05,2022-12-07,24,66.8,james.williams@company.com,(641) 779-7816,Active
EMP021849,Sarah,Smith,Sarah Smith,45,Operations,Coordinator,New York,76805.02,7677.24,2024-05-27,21,59.0,sarah.smith@company.com,(785) 707-8160,Active
EMP021850,Sarah,Anderson,Sarah Anderson,62,HR,Associate,Austin,66424.22,6279.24,2020-07-11,39,81.9,sarah.anderson@company.com,(239) 298-1315,Active
EMP021851,Michael,Davis,Michael Davis,47,Finance,Analyst,Miami,79719.71,0.0,2023-06-13,22,65.2,michael.davis@company.com,(796) 388-5204,Active
EMP021852,Melissa,Moore,Melissa Moore,39,Engineering,Senior Developer,Miami,85019.66,2217.91,2022-05-13,15,94.2,melissa.moore@company.com,(413) 483-1807,Active
EMP021853,Emily,Lopez,Emily Lopez,23,Finance,Specialist,Seattle,72669.58,6394.83,2024-03-25,0,99.3,emily.lopez@company.com,(745) 530-2194,Active
EMP021854,James,Rodriguez,James Rodriguez,33,Finance,Analyst,Austin,51167.77,10675.99,2020-06-30,8,70.1,james.rodriguez@company.com,(591) 302-6148,Active
EMP021855,Nicole,Taylor,Nicole Taylor,26,Operations,Senior Developer,Seattle,25500.0,1576.72,2024-02-20,1,38.5,nicole.taylor@company.com,(954) 942-1827,Active
EMP021856,Robert,Moore,Robert Moore,33,Marketing,Director,San Francisco,33749.3,1562.28,2024-03-23,9,77.4,robert.moore@company.com,(744) 599-7733,Active
EMP021857,Sarah,Rodriguez,Sarah Rodriguez,29,HR,Associate,Boston,66569.5,13872.32,2020-12-20,7,76.9,sarah.rodriguez@company.com,(352) 883-3078,Active
EMP021858,Jessica,Martin,Jessica Martin,61,IT,Director,Austin,105789.61,10226.65,2020-06-02,35,74.5,jessica.martin@company.com,(251) 605-8731,Active
EMP021859,Michael,Thomas,Michael Thomas,60,Sales,Manager,Los Angeles,75431.18,12653.74,2023-04-12,38,78.2,michael.thomas@company.com,(858) 995-2194,Active
EMP021860,Anthony,Rodriguez,Anthony Rodriguez,54,Finance,Senior Developer,Boston,85597.12,1537.36,2020-03-06,26,82.4,anthony.rodriguez@company.com,(959) 207-6235,Active
EMP021861,Sarah,Smith,Sarah Smith,38,Finance,Associate,Los Angeles,111658.02,19129.13,2022-04-03,14,70.8,sarah.smith@company.com,(597) 385-5452,Active
EMP021862,Stephanie,Moore,Stephanie Moore,24,Finance,Senior Developer,Chicago,87863.83,12013.8,2020-11-07,0,54.6,stephanie.moore@company.com,(392) 886-7847,Active
EMP021863,James,Davis,James Davis,65,Engineering,Lead,Boston,135472.43,4919.27,2024-06-09,41,83.2,james.davis@company.com,(551) 658-6997,Active
EMP021864,Michael,Brown,Michael Brown,62,Sales,Analyst,New York,98711.04,18018.9,2020-03-21,39,68.6,michael.brown@company.com,(229) 360-2433,On Leave
EMP021865,Michael,Martin,Michael Martin,60,Legal,Director,Boston,127348.33,10131.62,2021-02-14,34,60.1,michael.martin@company.com,(968) 813-9248,Active
EMP021866,Stephanie,Brown,Stephanie Brown,60,HR,Analyst,Los Angeles,96239.92,11511.21,2024-06-04,34,51.2,stephanie.brown@company.com,(720) 599-7757,Active
EMP021867,Anthony,Taylor,Anthony Taylor,41,Marketing,Manager,Seattle,70812.4,7769.01,2022-11-01,14,67.3,anthony.taylor@company.com,(473) 645-8411,Active
EMP021868,Ashley,Hernandez,Ashley Hernandez,50,Marketing,Lead,Chicago,64761.02,7851.51,2023-02-08,23,77.7,ashley.hernandez@company.com,(462) 352-8713,Active
EMP021869,Stephanie,Davis,Stephanie Davis,22,Operations,Manager,Seattle,40036.67,5505.05,2022-07-05,0,96.3,stephanie.davis@company.com,(510) 320-2589,Active
EMP021870,James,Anderson,James Anderson,54,Legal,Director,Los Angeles,136839.24,13154.84,2023-12-21,27,93.3,james.anderson@company.com,(898) 627-3832,Active
EMP021871,Matthew,Martinez,Matthew Martinez,34,Legal,Lead,San Francisco,106049.31,12874.64,2020-08-24,10,78.2,matthew.martinez@company.com,(272) 854-8851,Active
EMP021872,Nicole,Thomas,Nicole Thomas,63,Operations,Associate,New York,70755.04,4577.72,2022-04-11,38,61.5,nicole.thomas@company.com,(620) 810-7161,Active
EMP021873,Stephanie,Taylor,Stephanie Taylor,23,Operations,Associate,Los Angeles,62147.82,3903.69,2020-03-13,0,94.9,stephanie.taylor@company.com,(934) 530-9353,Active
EMP021874,Matthew,Johnson,Matthew Johnson,24,Sales,Specialist,Miami,50252.77,2667.27,2023-07-08,0,62.8,matthew.johnson@company.com,(909) 673-6787,On Leave
EMP021875,David,Johnson,David Johnson,62,Marketing,Director,New York,90116.3,10918.48,2020-12-19,33,74.8,david.johnson@company.com,(598) 508-7079,Active
EMP021876,Matthew,Thomas,Matthew Thomas,29,Legal,Director,Austin,79928.97,11597.47,2021-07-31,7,77.0,matthew.thomas@company.com,(371) 455-2020,On Leave
EMP021877,Lisa,Anderson,Lisa Anderson,60,Legal,Associate,Chicago,90431.8,16327.46,2020-12-29,33,31.3,lisa.anderson@company.com,(593) 830-4389,Active
EMP021878,Nicole,Garcia,Nicole Garcia,46,Finance,Specialist,Miami,97407.5,7208.4,2021-05-31,24,75.4,nicole.garcia@company.com,(626) 491-3297,Active
EMP021879,Christopher,Williams,Christopher Williams,36,IT,Coordinator,San Francisco,83854.23,6444.79,2022-08-25,11,78.2,christopher.williams@company.com,(245) 868-5920,Inactive
EMP021880,Melissa,Williams,Melissa Williams,31,Marketing,Associate,Seattle,55693.43,7254.41,2024-09-07,6,69.9,melissa.williams@company.com,(675) 318-7082,Active
EMP021881,Robert,Brown,Robert Brown,32,Operations,Senior Developer,Miami,58617.02,8322.65,2022-08-26,10,100.0,robert.brown@company.com,(463) 851-8435,Active
EMP021882,Anthony,Martinez,Anthony Martinez,32,Sales,Associate,Miami,67733.8,8060.73,2021-01-28,10,81.6,anthony.martinez@company.com,(913) 520-3056,Active
EMP021883,Amanda,Garcia,Amanda Garcia,65,HR,Director,Chicago,60094.12,11725.85,2022-07-22,39,62.7,amanda.garcia@company.com,(607) 721-8630,Active
EMP021884,David,Smith,David Smith,33,HR,Director,Seattle,64119.8,6467.75,2022-09-01,6,87.1,david.smith@company.com,(242) 851-9589,Active
EMP021885,Ashley,Martin,Ashley Martin,48,Engineering,Director,Seattle,106494.36,5284.05,2024-09-19,22,88.5,ashley.martin@company.com,(727) 531-5399,Active
EMP021886,Stephanie,Moore,Stephanie Moore,44,Legal,Analyst,New York,108356.62,0.0,2024-02-14,17,88.8,stephanie.moore@company.com,(598) 872-5958,Active
EMP021887,Nicole,Thomas,Nicole Thomas,24,Operations,Analyst,Miami,47729.8,5611.02,2021-12-23,0,71.3,nicole.thomas@company.com,(335) 948-5140,Active
EMP021888,David,Martinez,David Martinez,35,Marketing,Specialist,Chicago,69028.8,3106.51,2020-09-15,12,82.2,david.martinez@company.com,(937) 409-9000,Active
EMP021889,Jane,Rodriguez,Jane Rodriguez,32,IT,Analyst,Boston,80468.41,8361.65,2021-08-26,4,100.0,jane.rodriguez@company.com,(886) 498-6159,Active
EMP021890,Christopher,Garcia,Christopher Garcia,22,Marketing,Specialist,Boston,70764.65,3318.58,2021-03-20,0,78.3,christopher.garcia@company.com,(912) 261-4441,Active
EMP021891,Michael,Williams,Michael Williams,43,Marketing,Senior Developer,Austin,51960.88,2469.02,2020-08-14,18,70.0,michael.williams@company.com,(471) 763-1197,Active
EMP021892,Amanda,Taylor,Amanda Taylor,62,Sales,Senior Developer,Boston,77421.97,12220.93,2022-04-24,33,48.0,amanda.taylor@company.com,(430) 436-7855,Active
EMP021893,Melissa,Garcia,Melissa Garcia,38,IT,Senior Developer,Los Angeles,82522.7,8306.63,2024-03-05,10,67.5,melissa.garcia@company.com,(365) 841-8583,Active
EMP021894,Melissa,Brown,Melissa Brown,46,Engineering,Senior Developer,Los Angeles,73969.99,11696.35,2022-08-08,18,64.9,melissa.brown@company.com,(490) 955-6101,Active
EMP021895,Matthew,Brown,Matthew Brown,23,Finance,Coordinator,Miami,86483.83,2511.34,2021-03-29,0,60.0,matthew.brown@company.com,(964) 298-5576,Inactive
EMP021896,Amanda,Lopez,Amanda Lopez,42,HR,Associate,Miami,54441.75,7880.71,2022-12-04,14,91.4,amanda.lopez@company.com,(647) 769-1888,Active
EMP021897,David,Martinez,David Martinez,43,Operations,Coordinator,Chicago,72411.12,10434.31,2021-07-06,20,70.4,david.martinez@company.com,(219) 938-6395,Active
EMP021898,Jane,Anderson,Jane Anderson,52,HR,Specialist,Seattle,73455.69,7603.88,2021-04-25,24,89.0,jane.anderson@company.com,(271) 447-6202,Active
EMP021899,James,Hernandez,James Hernandez,25,Operations,Associate,New York,38915.88,2798.09,2022-04-02,0,78.6,james.hernandez@company.com,(901) 704-2436,Active
EMP021900,Melissa,Jones,Melissa Jones,63,HR,Director,Los Angeles,85704.2,4742.55,2021-06-22,37,77.8,melissa.jones@company.com,(414) 784-2416,Active
EMP021901,Anthony,Thomas,Anthony Thomas,33,Marketing,Director,Miami,67712.14,5230.92,2022-09-25,9,78.8,anthony.thomas@company.com,(713) 687-1394,Active
EMP021902,James,Moore,James Moore,31,Marketing,Coordinator,Los Angeles,59805.12,6025.25,2023-01-19,4,64.8,james.moore@company.com,(606) 938-6548,Active
EMP021903,Matthew,Jones,Matthew Jones,25,IT,Manager,San Francisco,59621.86,4952.57,2021-07-25,0,92.9,matthew.jones@company.com,(825) 784-1117,Active
EMP021904,Michael,Johnson,Michael Johnson,60,Marketing,Associate,San Francisco,94193.73,10174.78,2022-02-23,33,100.0,michael.johnson@company.com,(455) 948-7772,Active
EMP021905,Jane,Wilson,Jane Wilson,32,HR,Director,Austin,62101.87,18102.02,2022-09-29,3,71.7,jane.wilson@company.com,(809) 242-9215,Active
EMP021906,Michael,Davis,Michael Davis,26,Finance,Coordinator,Boston,37790.9,3476.2,2021-09-11,0,78.3,michael.davis@company.com,(852) 973-3743,Active
EMP021907,William,Smith,William Smith,57,IT,Analyst,Boston,111858.32,10995.56,2023-02-17,29,89.6,william.smith@company.com,(763) 843-6732,Active
EMP021908,William,Martinez,William Martinez,39,Operations,Coordinator,Los Angeles,58463.21,5904.14,2020-11-11,11,77.0,william.martinez@company.com,(312) 792-9953,Active
EMP021909,Robert,Martinez,Robert Martinez,24,HR,Senior Developer,Seattle,38411.1,6512.77,2020-06-26,0,82.8,robert.martinez@company.com,(948) 552-5230,Active
EMP021910,Nicole,Moore,Nicole Moore,36,Operations,Specialist,Seattle,66378.67,8331.07,2020-08-17,8,80.3,nicole.moore@company.com,(782) 644-7996,Active
EMP021911,James,Jackson,James Jackson,43,IT,Director,Austin,105399.18,13078.6,2020-11-08,16,66.0,james.jackson@company.com,(673) 972-6317,Active
EMP021912,Christopher,Jones,Christopher Jones,37,Finance,Senior Developer,Chicago,80851.67,6231.57,2024-09-23,8,91.6,christopher.jones@company.com,(248) 351-7951,Active
EMP021913,John,Davis,John Davis,45,Marketing,Senior Developer,San Francisco,70888.86,8847.43,2021-05-22,20,58.6,john.davis@company.com,(421) 847-2505,Active
EMP021914,Nicole,Brown,Nicole Brown,30,Legal,Specialist,Boston,107847.69,15536.46,2024-04-08,7,45.5,nicole.brown@company.com,(472) 516-2275,Active
EMP021915,Melissa,Jackson,Melissa Jackson,30,IT,Specialist,New York,59704.11,1724.54,2023-05-17,8,92.2,melissa.jackson@company.com,(784) 829-4974,Active
EMP021916,Jane,Martin,Jane Martin,60,Legal,Director,Seattle,110565.35,8292.17,2024-03-13,36,73.8,jane.martin@company.com,(211) 405-4772,Active
EMP021917,Jessica,Gonzalez,Jessica Gonzalez,46,Sales,Coordinator,Boston,65970.91,7476.99,2022-07-11,18,86.4,jessica.gonzalez@company.com,(757) 741-9658,Inactive
EMP021918,James,Miller,James Miller,42,HR,Director,Seattle,34082.72,5876.6,2022-11-09,19,76.8,james.miller@company.com,(885) 490-8950,Inactive
EMP021919,Stephanie,Martinez,Stephanie Martinez,28,Legal,Manager,Boston,124837.97,19521.43,2022-06-07,5,56.2,stephanie.martinez@company.com,(602) 683-9267,Active
EMP021920,Stephanie,Lopez,Stephanie Lopez,27,Marketing,Specialist,Seattle,57367.52,8998.77,2023-02-20,3,43.4,stephanie.lopez@company.com,(269) 988-6492,Active
EMP021921,William,Thomas,William Thomas,22,Marketing,Manager,San Francisco,56645.91,7077.15,2022-03-15,0,75.6,william.thomas@company.com,(692) 468-9759,Active
EMP021922,Jessica,Garcia,Jessica Garcia,29,HR,Director,San Francisco,46711.8,2438.08,2021-04-17,5,57.6,jessica.garcia@company.com,(909) 995-5155,On Leave
EMP021923,Christopher,Smith,Christopher Smith,22,Operations,Director,New York,51709.85,4772.88,2021-06-24,0,78.8,christopher.smith@company.com,(982) 619-1872,Active
EMP021924,Robert,Hernandez,Robert Hernandez,36,HR,Specialist,Austin,62061.6,7979.08,2020-08-20,14,100.0,robert.hernandez@company.com,(746) 858-8535,Active
EMP021925,Anthony,Moore,Anthony Moore,43,Legal,Director,Miami,88480.33,1663.25,2021-04-10,16,48.1,anthony.moore@company.com,(695) 479-3764,Active
EMP021926,William,Brown,William Brown,23,Operations,Director,Los Angeles,36810.47,1253.35,2021-12-06,0,85.9,william.brown@company.com,(808) 773-1578,Active
EMP021927,Ashley,Taylor,Ashley Taylor,39,Marketing,Lead,Los Angeles,73392.2,1693.24,2020-01-15,10,83.2,ashley.taylor@company.com,(821) 629-7314,Active
EMP021928,Jane,Thomas,Jane Thomas,38,HR,Manager,Austin,59149.57,4961.22,2020-01-26,9,84.4,jane.thomas@company.com,(634) 616-7725,Active
EMP021929,Sarah,Davis,Sarah Davis,43,Marketing,Associate,Seattle,81980.49,8685.69,2020-07-21,19,81.6,sarah.davis@company.com,(304) 643-1103,Active
EMP021930,Amanda,Moore,Amanda Moore,37,IT,Lead,San Francisco,81032.78,5470.24,2022-01-14,12,100.0,amanda.moore@company.com,(460) 262-4521,Active
EMP021931,Amanda,Martin,Amanda Martin,25,HR,Analyst,Seattle,43943.5,3869.43,2023-09-16,0,86.6,amanda.martin@company.com,(484) 276-1341,On Leave
EMP021932,Lisa,Garcia,Lisa Garcia,23,Legal,Senior Developer,Chicago,64085.66,6359.37,2020-06-18,0,92.4,lisa.garcia@company.com,(459) 600-4439,Active
EMP021933,Christopher,Jones,Christopher Jones,26,Sales,Specialist,San Francisco,35656.19,5589.33,2023-12-10,0,51.3,christopher.jones@company.com,(680) 494-6734,Active
EMP021934,Anthony,Brown,Anthony Brown,43,Operations,Associate,New York,69783.4,13328.02,2021-05-09,18,88.2,anthony.brown@company.com,(948) 426-5381,Active
EMP021935,David,Brown,David Brown,24,Legal,Director,New York,64098.68,7850.97,2023-12-19,0,54.7,david.brown@company.com,(384) 806-7346,Active
EMP021936,Emily,Smith,Emily Smith,22,Engineering,Specialist,Seattle,88496.58,5005.74,2021-10-18,0,96.8,emily.smith@company.com,(781) 413-8768,Active
EMP021937,Daniel,Thomas,Daniel Thomas,25,Legal,Associate,Seattle,88536.51,8359.51,2024-01-27,3,75.3,daniel.thomas@company.com,(616) 749-1115,Active
EMP021938,Lisa,Martinez,Lisa Martinez,51,HR,Manager,New York,84988.47,14561.24,2022-03-17,29,56.2,lisa.martinez@company.com,(935) 826-1864,Active
EMP021939,James,Miller,James Miller,39,Engineering,Coordinator,Boston,90846.52,13721.4,2022-12-23,11,77.5,james.miller@company.com,(808) 420-5192,Inactive
EMP021940,John,Jackson,John Jackson,27,Operations,Coordinator,Los Angeles,46308.39,6350.1,2023-12-19,2,76.3,john.jackson@company.com,(523) 568-3489,On Leave
EMP021941,David,Taylor,David Taylor,59,Legal,Manager,Chicago,125884.28,18345.18,2021-02-09,36,59.4,david.taylor@company.com,(282) 615-2857,Inactive
EMP021942,Jane,Taylor,Jane Taylor,63,IT,Senior Developer,Los Angeles,119300.96,12239.17,2022-06-18,41,31.1,jane.taylor@company.com,(344) 556-1421,Active
EMP021943,John,Hernandez,John Hernandez,33,Finance,Specialist,Miami,73181.73,7313.87,2021-06-02,11,94.1,john.hernandez@company.com,(411) 860-7742,Active
EMP021944,Daniel,Johnson,Daniel Johnson,40,IT,Manager,Chicago,84555.68,6817.85,2022-06-04,11,96.2,daniel.johnson@company.com,(201) 366-1414,Inactive
EMP021945,Christopher,Johnson,Christopher Johnson,56,Marketing,Manager,Seattle,93177.38,15421.63,2023-08-25,32,66.1,christopher.johnson@company.com,(588) 234-1205,Active
EMP021946,Matthew,Garcia,Matthew Garcia,39,Finance,Analyst,Los Angeles,74218.91,8363.05,2020-05-15,14,62.5,matthew.garcia@company.com,(587) 501-7495,Active
EMP021947,Stephanie,Hernandez,Stephanie Hernandez,37,Sales,Associate,Chicago,65352.8,7608.61,2022-06-30,8,74.1,stephanie.hernandez@company.com,(821) 516-2700,On Leave
EMP021948,Nicole,Davis,Nicole Davis,54,HR,Director,Austin,107076.71,2858.23,2023-12-28,26,92.7,nicole.davis@company.com,(573) 346-9164,Active
EMP021949,Ashley,Gonzalez,Ashley Gonzalez,29,Sales,Director,Miami,52614.6,4024.81,2022-08-30,4,73.8,ashley.gonzalez@company.com,(855) 918-6358,Active
EMP021950,Michael,Gonzalez,Michael Gonzalez,65,Sales,Senior Developer,Austin,93872.67,13069.63,2023-10-21,37,89.2,michael.gonzalez@company.com,(337) 867-1100,Active
EMP021951,William,Hernandez,William Hernandez,28,Legal,Analyst,New York,77345.64,14926.9,2024-02-20,1,76.1,william.hernandez@company.com,(767) 556-6661,Active
EMP021952,James,Garcia,James Garcia,55,Finance,Specialist,Boston,90604.18,8846.42,2024-05-16,31,43.8,james.garcia@company.com,(245) 914-1921,Active
EMP021953,Nicole,Moore,Nicole Moore,27,Operations,Lead,New York,67215.11,6297.69,2024-04-25,1,88.8,nicole.moore@company.com,(370) 224-9317,Active
EMP021954,Melissa,Anderson,Melissa Anderson,56,Operations,Lead,Boston,72471.52,9070.77,2024-03-29,30,71.5,melissa.anderson@company.com,(458) 738-7211,Active
EMP021955,Jane,Lopez,Jane Lopez,33,Marketing,Manager,Austin,46895.55,6745.89,2022-12-27,7,39.7,jane.lopez@company.com,(351) 433-3436,Active
EMP021956,Anthony,Jones,Anthony Jones,27,HR,Coordinator,Chicago,56178.55,4651.91,2021-07-04,3,90.3,anthony.jones@company.com,(555) 770-5538,Active
EMP021957,Daniel,Garcia,Daniel Garcia,26,Engineering,Manager,San Francisco,87409.08,13188.23,2023-07-17,3,86.3,daniel.garcia@company.com,(939) 515-8914,Active
EMP021958,Jane,Taylor,Jane Taylor,57,Operations,Specialist,Los Angeles,87352.67,1674.25,2021-06-26,31,60.2,jane.taylor@company.com,(229) 997-6126,Active
EMP021959,Emily,Jones,Emily Jones,38,HR,Coordinator,Chicago,72592.95,9192.61,2024-07-14,12,68.0,emily.jones@company.com,(825) 997-5357,Active
EMP021960,William,Smith,William Smith,25,Marketing,Director,New York,63221.51,9050.85,2022-03-10,0,75.5,william.smith@company.com,(729) 691-2044,Active
EMP021961,Melissa,Moore,Melissa Moore,57,Legal,Senior Developer,New York,111560.85,12829.03,2023-08-29,32,65.4,melissa.moore@company.com,(711) 792-9895,Inactive
EMP021962,James,Wilson,James Wilson,36,HR,Associate,Miami,81858.47,3691.43,2022-03-22,14,88.8,james.wilson@company.com,(431) 992-7664,On Leave
EMP021963,Emily,Taylor,Emily Taylor,38,Legal,Analyst,Los Angeles,57798.71,3653.24,2024-08-13,11,59.7,emily.taylor@company.com,(355) 750-4584,Inactive
EMP021964,Emily,Davis,Emily Davis,22,Engineering,Director,San Francisco,60583.71,1485.62,2020-03-15,0,68.7,emily.davis@company.com,(637) 353-1270,Active
EMP021965,Christopher,Martinez,Christopher Martinez,34,Operations,Associate,Seattle,51007.49,3426.41,2024-09-23,6,86.1,christopher.martinez@company.com,(684) 883-2868,Active
EMP021966,Anthony,Jones,Anthony Jones,39,IT,Specialist,Seattle,88704.68,3359.13,2020-03-06,17,33.3,anthony.jones@company.com,(640) 459-3199,Active
EMP021967,Melissa,Thomas,Melissa Thomas,26,Marketing,Analyst,Los Angeles,60454.89,9279.82,2024-09-10,2,83.3,melissa.thomas@company.com,(923) 993-6931,Active
EMP021968,Christopher,Williams,Christopher Williams,30,HR,Specialist,San Francisco,58783.13,9092.86,2021-08-08,2,87.7,christopher.williams@company.com,(694) 991-9997,Active
EMP021969,David,Gonzalez,David Gonzalez,34,IT,Director,Los Angeles,67098.9,801.59,2022-10-30,12,62.1,david.gonzalez@company.com,(619) 223-8415,Active
EMP021970,Jane,Lopez,Jane Lopez,44,Marketing,Senior Developer,Boston,58399.86,2358.74,2024-06-30,21,78.9,jane.lopez@company.com,(246) 378-5680,Active
EMP021971,Anthony,Brown,Anthony Brown,50,Legal,Manager,Boston,90752.05,12896.52,2024-01-08,26,80.3,anthony.brown@company.com,(720) 903-8292,Active
EMP021972,William,Davis,William Davis,40,Engineering,Director,Los Angeles,92735.88,1997.23,2024-07-30,11,85.0,william.davis@company.com,(884) 726-8962,Active
EMP021973,David,Smith,David Smith,61,Finance,Analyst,Seattle,80957.97,15071.78,2022-06-02,39,56.2,david.smith@company.com,(296) 744-8491,Active
EMP021974,David,Hernandez,David Hernandez,22,HR,Coordinator,New York,46857.07,6358.29,2021-05-28,0,79.5,david.hernandez@company.com,(512) 637-9852,Active
EMP021975,Robert,Smith,Robert Smith,56,Finance,Director,Austin,88222.16,3183.74,2024-02-09,28,66.3,robert.smith@company.com,(826) 740-4117,Active
EMP021976,Ashley,Brown,Ashley Brown,29,Sales,Lead,San Francisco,67163.05,10575.71,2024-07-05,5,83.0,ashley.brown@company.com,(274) 941-8982,Active
EMP021977,James,Jones,James Jones,59,Engineering,Lead,Miami,112855.5,6789.74,2022-06-21,32,60.0,james.jones@company.com,(443) 222-4052,Active
EMP021978,Stephanie,Taylor,Stephanie Taylor,61,Marketing,Senior Developer,Austin,101616.5,8903.29,2020-02-15,37,54.0,stephanie.taylor@company.com,(328) 363-8894,Inactive
EMP021979,Lisa,Jones,Lisa Jones,23,Engineering,Specialist,Austin,68418.86,8041.13,2023-08-15,0,93.3,lisa.jones@company.com,(899) 839-6036,On Leave
EMP021980,Jane,Wilson,Jane Wilson,42,HR,Manager,Boston,69920.93,3941.74,2024-08-17,18,75.9,jane.wilson@company.com,(416) 393-6750,Active
EMP021981,Ashley,Moore,Ashley Moore,31,IT,Specialist,Boston,76399.56,9977.13,2021-01-08,8,71.4,ashley.moore@company.com,(894) 743-2462,Active
EMP021982,Jane,Anderson,Jane Anderson,59,Finance,Analyst,Los Angeles,93297.34,19594.16,2021-02-24,30,68.5,jane.anderson@company.com,(687) 205-1610,Active
EMP021983,Matthew,Johnson,Matthew Johnson,46,HR,Manager,Boston,44975.64,5922.28,2024-08-07,21,71.8,matthew.johnson@company.com,(642) 449-4521,Active
EMP021984,Anthony,Lopez,Anthony Lopez,30,Legal,Specialist,Austin,85727.73,8837.55,2022-05-26,5,61.8,anthony.lopez@company.com,(776) 697-9969,Active
EMP021985,Matthew,Williams,Matthew Williams,57,Sales,Specialist,San Francisco,97055.02,10983.7,2021-12-02,35,49.7,matthew.williams@company.com,(674) 772-5149,Active
EMP021986,Nicole,Johnson,Nicole Johnson,61,Legal,Lead,Los Angeles,103414.45,11990.45,2024-06-22,38,85.0,nicole.johnson@company.com,(595) 844-3856,Active
EMP021987,Sarah,Martin,Sarah Martin,59,HR,Senior Developer,Boston,73477.03,16315.21,2022-07-10,35,69.9,sarah.martin@company.com,(601) 601-9483,Active
EMP021988,Sarah,Lopez,Sarah Lopez,50,Sales,Analyst,Chicago,104038.51,12939.93,2020-02-21,21,68.9,sarah.lopez@company.com,(974) 327-6604,On Leave
EMP021989,Ashley,Davis,Ashley Davis,45,Marketing,Director,Austin,68356.75,9617.84,2020-12-20,21,96.8,ashley.davis@company.com,(651) 348-6864,Active
EMP021990,Sarah,Anderson,Sarah Anderson,61,Marketing,Analyst,New York,89866.78,15713.62,2023-08-28,39,78.0,sarah.anderson@company.com,(511) 928-4050,Active
EMP021991,Jane,Taylor,Jane Taylor,38,Finance,Manager,Miami,105678.77,6273.72,2023-08-17,14,69.7,jane.taylor@company.com,(738) 293-5864,Active
EMP021992,Christopher,Jones,Christopher Jones,33,Legal,Manager,Los Angeles,68364.31,3739.81,2020-03-14,4,55.8,christopher.jones@company.com,(884) 688-4499,Active
EMP021993,Sarah,Thomas,Sarah Thomas,60,Sales,Coordinator,Seattle,103381.25,8839.32,2023-01-07,36,68.3,sarah.thomas@company.com,(919) 464-7709,Active
EMP021994,Matthew,Hernandez,Matthew Hernandez,25,Engineering,Lead,Miami,110399.61,0.0,2021-04-16,0,56.2,matthew.hernandez@company.com,(893) 883-6564,Active
EMP021995,Jane,Gonzalez,Jane Gonzalez,57,Engineering,Associate,Los Angeles,129026.06,19928.26,2023-06-07,35,69.7,jane.gonzalez@company.com,(364) 425-8153,Active
EMP021996,Michael,Jones,Michael Jones,34,HR,Analyst,Seattle,81182.35,2376.04,2020-07-26,7,73.1,michael.jones@company.com,(813) 655-4951,Active
EMP021997,Jessica,Thomas,Jessica Thomas,50,Operations,Senior Developer,Austin,61675.41,7896.16,2024-08-22,28,76.8,jessica.thomas@company.com,(745) 334-1615,On Leave
EMP021998,James,Wilson,James Wilson,62,Legal,Director,Seattle,54473.84,3392.71,2020-02-25,35,89.3,james.wilson@company.com,(568) 348-8423,Active
EMP021999,James,Rodriguez,James Rodriguez,54,HR,Manager,Los Angeles,65173.16,3247.93,2024-07-24,25,82.8,james.rodriguez@company.com,(672) 872-1964,Active
EMP022000,Stephanie,Jones,Stephanie Jones,23,Sales,Coordinator,San Francisco,57942.58,4948.68,2023-02-18,0,71.1,stephanie.jones@company.com,(491) 433-1785,Active
EMP022001,Amanda,Anderson,Amanda Anderson,58,IT,Manager,Chicago,89339.27,14410.96,2024-02-26,31,82.2,amanda.anderson@company.com,(413) 853-2770,Inactive
EMP022002,Nicole,Garcia,Nicole Garcia,57,Operations,Lead,Boston,64107.15,7083.13,2021-10-29,29,51.9,nicole.garcia@company.com,(607) 707-5217,Active
EMP022003,Matthew,Jackson,Matthew Jackson,35,Finance,Lead,Austin,89010.51,6200.01,2021-05-22,13,53.5,matthew.jackson@company.com,(934) 402-8307,Active
EMP022004,Amanda,Lopez,Amanda Lopez,51,Engineering,Lead,Boston,120302.86,9375.81,2020-06-03,29,93.9,amanda.lopez@company.com,(473) 776-7234,Active
EMP022005,Robert,Rodriguez,Robert Rodriguez,24,Finance,Manager,Austin,48955.74,1395.9,2021-03-11,0,89.6,robert.rodriguez@company.com,(862) 767-1476,Active
EMP022006,Melissa,Thomas,Melissa Thomas,24,Sales,Analyst,San Francisco,62436.49,9415.22,2020-11-10,0,62.3,melissa.thomas@company.com,(515) 626-9991,Active
EMP022007,Jane,Hernandez,Jane Hernandez,62,Engineering,Associate,Boston,99399.13,12516.36,2020-10-15,35,73.2,jane.hernandez@company.com,(279) 472-5968,Active
EMP022008,Jane,Anderson,Jane Anderson,38,Finance,Lead,Miami,68501.49,10698.48,2021-05-02,16,65.1,jane.anderson@company.com,(342) 696-3413,Active
EMP022009,John,Anderson,John Anderson,34,Sales,Specialist,New York,77563.43,0.0,2022-10-21,8,79.9,john.anderson@company.com,(287) 516-3462,Active
EMP022010,William,Lopez,William Lopez,58,IT,Associate,Miami,88842.78,8521.73,2020-12-09,29,71.0,william.lopez@company.com,(418) 316-2723,Active
EMP022011,Daniel,Taylor,Daniel Taylor,25,Operations,Coordinator,New York,50713.25,8923.79,2021-09-23,0,79.4,daniel.taylor@company.com,(312) 330-2956,Active
EMP022012,William,Garcia,William Garcia,50,Operations,Coordinator,San Francisco,64555.55,4891.83,2021-09-01,22,74.5,william.garcia@company.com,(757) 610-8702,Active
EMP022013,David,Martinez,David Martinez,34,IT,Senior Developer,Los Angeles,74204.13,5562.43,2024-01-21,5,95.3,david.martinez@company.com,(883) 413-9870,Active
EMP022014,Melissa,Lopez,Melissa Lopez,39,HR,Lead,Chicago,58656.42,6567.64,2022-06-11,11,88.5,melissa.lopez@company.com,(769) 988-8563,Active
EMP022015,Christopher,Martinez,Christopher Martinez,56,HR,Specialist,New York,62012.37,6170.61,2022-12-24,32,100.0,christopher.martinez@company.com,(709) 581-3478,Active
EMP022016,Jessica,Miller,Jessica Miller,63,Operations,Analyst,Seattle,80317.47,5537.77,2020-07-13,34,61.5,jessica.miller@company.com,(308) 872-4431,Inactive
EMP022017,David,Rodriguez,David Rodriguez,30,HR,Director,Austin,27669.81,4791.1,2021-01-17,5,82.9,david.rodriguez@company.com,(625) 608-5463,Active
EMP022018,Matthew,Jackson,Matthew Jackson,38,IT,Associate,New York,83144.95,1748.97,2021-03-25,12,82.2,matthew.jackson@company.com,(899) 753-6135,Active
EMP022019,Jane,Jones,Jane Jones,46,Operations,Specialist,Seattle,60975.65,6271.32,2024-11-28,19,77.8,jane.jones@company.com,(518) 873-7795,Active
EMP022020,William,Rodriguez,William Rodriguez,54,Marketing,Analyst,Austin,103972.6,7019.91,2023-09-18,26,83.8,william.rodriguez@company.com,(972) 219-4628,Inactive
EMP022021,Daniel,Johnson,Daniel Johnson,54,Marketing,Coordinator,Seattle,84005.48,0.0,2020-02-09,29,96.1,daniel.johnson@company.com,(472) 900-7994,Active
EMP022022,Jessica,Moore,Jessica Moore,27,Operations,Director,Chicago,53971.15,6037.12,2023-05-07,5,78.7,jessica.moore@company.com,(317) 477-7992,Active
EMP022023,John,Jackson,John Jackson,37,Engineering,Associate,Seattle,77600.54,16584.0,2021-10-11,8,55.2,john.jackson@company.com,(308) 945-8034,Active
EMP022024,Jane,Smith,Jane Smith,48,Finance,Lead,Austin,73778.31,9940.7,2024-03-15,21,62.7,jane.smith@company.com,(321) 696-4317,Active
EMP022025,Amanda,Garcia,Amanda Garcia,38,Marketing,Coordinator,New York,78296.0,16158.62,2020-08-02,9,87.2,amanda.garcia@company.com,(391) 464-5389,Active
EMP022026,Jessica,Smith,Jessica Smith,54,Legal,Specialist,Chicago,114457.94,11185.31,2024-08-16,25,84.8,jessica.smith@company.com,(230) 282-3714,Active
EMP022027,David,Gonzalez,David Gonzalez,52,IT,Lead,Austin,111580.41,14793.7,2020-03-02,23,91.1,david.gonzalez@company.com,(724) 366-4024,Active
EMP022028,Michael,Hernandez,Michael Hernandez,57,Legal,Specialist,Boston,90791.28,7918.56,2022-01-30,31,60.3,michael.hernandez@company.com,(235) 995-4798,On Leave
EMP022029,Emily,Gonzalez,Emily Gonzalez,41,Marketing,Analyst,Miami,75132.49,13350.36,2024-07-29,17,90.2,emily.gonzalez@company.com,(444) 788-5877,Active
EMP022030,Jane,Lopez,Jane Lopez,41,Finance,Manager,Chicago,77757.7,1756.07,2024-10-28,17,91.4,jane.lopez@company.com,(658) 930-2965,Active
EMP022031,Robert,Anderson,Robert Anderson,49,Legal,Lead,Chicago,84828.79,10770.53,2024-01-04,24,61.6,robert.anderson@company.com,(531) 500-9846,Active
EMP022032,David,Martinez,David Martinez,52,Sales,Manager,Seattle,76605.71,11191.17,2024-05-08,23,77.2,david.martinez@company.com,(645) 781-9786,Active
EMP022033,Nicole,Jones,Nicole Jones,30,Legal,Director,Austin,103301.24,6284.91,2023-05-28,1,87.6,nicole.jones@company.com,(511) 357-8863,Active
EMP022034,Amanda,Brown,Amanda Brown,32,HR,Specialist,Austin,46979.35,5613.85,2024-12-30,4,64.8,amanda.brown@company.com,(476) 406-8310,Active
EMP022035,Ashley,Wilson,Ashley Wilson,34,IT,Senior Developer,San Francisco,63009.87,6747.78,2024-02-02,12,46.4,ashley.wilson@company.com,(274) 676-8393,Active
EMP022036,Sarah,Rodriguez,Sarah Rodriguez,28,Legal,Specialist,Miami,83274.07,12661.01,2023-05-22,0,63.4,sarah.rodriguez@company.com,(525) 898-9822,Active
EMP022037,Anthony,Miller,Anthony Miller,48,Engineering,Analyst,Miami,73414.9,5100.97,2023-05-01,19,64.6,anthony.miller@company.com,(808) 700-8675,Active
EMP022038,Jessica,Lopez,Jessica Lopez,51,Marketing,Director,San Francisco,71175.32,6063.3,2023-04-01,27,74.2,jessica.lopez@company.com,(699) 826-9641,Active
EMP022039,Anthony,Miller,Anthony Miller,36,Finance,Lead,Seattle,100158.77,6832.45,2024-11-20,11,84.7,anthony.miller@company.com,(621) 545-6877,Active
EMP022040,Sarah,Thomas,Sarah Thomas,56,Legal,Director,Los Angeles,112406.49,13995.66,2020-05-12,34,54.5,sarah.thomas@company.com,(723) 573-2965,Active
EMP022041,Amanda,Miller,Amanda Miller,59,IT,Associate,Chicago,123491.41,8721.9,2022-01-30,33,94.6,amanda.miller@company.com,(326) 598-3679,Active
EMP022042,Anthony,Miller,Anthony Miller,61,Marketing,Specialist,Seattle,93244.92,2142.72,2021-08-27,33,69.9,anthony.miller@company.com,(776) 297-8959,Active
EMP022043,Robert,Wilson,Robert Wilson,30,Marketing,Analyst,Boston,45346.38,2655.13,2020-12-11,4,36.6,robert.wilson@company.com,(963) 800-1320,Active
EMP022044,Ashley,Smith,Ashley Smith,53,Engineering,Lead,New York,129364.86,0.0,2022-01-07,26,73.4,ashley.smith@company.com,(592) 394-1930,Active
EMP022045,Ashley,Moore,Ashley Moore,60,HR,Lead,Los Angeles,77957.7,0.0,2020-07-09,38,72.6,ashley.moore@company.com,(257) 909-1911,Active
EMP022046,Emily,Brown,Emily Brown,53,IT,Associate,Chicago,85345.88,8637.89,2021-05-05,28,79.4,emily.brown@company.com,(457) 757-6622,Active
EMP022047,Daniel,Gonzalez,Daniel Gonzalez,29,Legal,Senior Developer,New York,75494.94,10408.92,2023-05-22,0,67.7,daniel.gonzalez@company.com,(755) 394-9275,Active
EMP022048,Nicole,Thomas,Nicole Thomas,34,Legal,Lead,Los Angeles,104429.65,6151.97,2024-08-20,12,100.0,nicole.thomas@company.com,(619) 806-4232,Active
EMP022049,James,Wilson,James Wilson,61,Sales,Lead,San Francisco,64756.74,8656.47,2022-11-23,39,76.5,james.wilson@company.com,(288) 629-5305,Active
EMP022050,Emily,Miller,Emily Miller,45,HR,Director,Seattle,67918.89,12286.23,2023-06-04,19,99.9,emily.miller@company.com,(705) 479-1448,Active
EMP022051,Stephanie,Anderson,Stephanie Anderson,28,Legal,Specialist,Seattle,54856.0,4290.69,2022-10-30,3,42.6,stephanie.anderson@company.com,(758) 805-1581,Active
EMP022052,Emily,Hernandez,Emily Hernandez,63,HR,Lead,Miami,71618.87,10614.61,2022-08-07,35,46.2,emily.hernandez@company.com,(378) 348-4154,Active
EMP022053,Christopher,Martin,Christopher Martin,33,HR,Specialist,New York,56332.98,8372.09,2020-02-29,11,56.3,christopher.martin@company.com,(782) 824-8699,Active
EMP022054,James,Smith,James Smith,65,HR,Manager,Boston,81084.22,2236.97,2023-02-21,36,81.9,james.smith@company.com,(215) 229-7589,Active
EMP022055,Daniel,Rodriguez,Daniel Rodriguez,46,Sales,Specialist,Boston,55309.9,2206.83,2020-06-26,19,88.9,daniel.rodriguez@company.com,(770) 870-3964,On Leave
EMP022056,Stephanie,Moore,Stephanie Moore,41,Operations,Senior Developer,Boston,65769.28,7567.96,2023-10-30,16,88.8,stephanie.moore@company.com,(614) 974-3681,Active
EMP022057,Anthony,Miller,Anthony Miller,35,Legal,Coordinator,Seattle,76359.83,3258.05,2024-10-29,6,74.5,anthony.miller@company.com,(677) 979-7524,Active
EMP022058,Jane,Anderson,Jane Anderson,40,IT,Senior Developer,Miami,96976.62,11797.73,2024-11-13,17,66.3,jane.anderson@company.com,(840) 513-9972,Inactive
EMP022059,Jane,Jones,Jane Jones,27,Finance,Manager,New York,71158.96,10458.62,2023-10-26,4,74.9,jane.jones@company.com,(716) 216-6693,Active
EMP022060,Sarah,Jackson,Sarah Jackson,31,IT,Associate,Austin,94628.11,1179.63,2024-12-10,7,79.6,sarah.jackson@company.com,(325) 399-4693,Active
EMP022061,William,Garcia,William Garcia,39,Finance,Lead,Seattle,92012.52,15662.51,2024-01-10,15,80.9,william.garcia@company.com,(698) 327-9213,Inactive
EMP022062,Jessica,Wilson,Jessica Wilson,63,Finance,Coordinator,New York,89678.3,12817.87,2023-08-27,38,85.7,jessica.wilson@company.com,(615) 629-9888,Active
EMP022063,Melissa,Thomas,Melissa Thomas,31,IT,Specialist,Chicago,79575.07,11341.38,2023-07-01,3,75.3,melissa.thomas@company.com,(555) 831-9960,Active
EMP022064,Anthony,Miller,Anthony Miller,57,Engineering,Specialist,Boston,117781.95,13355.98,2023-05-26,33,71.3,anthony.miller@company.com,(491) 564-5660,Active
EMP022065,William,Williams,William Williams,40,HR,Lead,San Francisco,66492.55,7325.43,2021-07-22,17,76.9,william.williams@company.com,(758) 316-1829,Active
EMP022066,Robert,Martin,Robert Martin,45,Sales,Senior Developer,Chicago,96958.31,2373.28,2021-11-15,22,86.7,robert.martin@company.com,(905) 263-7889,Active
EMP022067,William,Jones,William Jones,46,Engineering,Specialist,Austin,59949.71,11730.74,2022-08-06,20,80.8,william.jones@company.com,(459) 400-6840,On Leave
EMP022068,Robert,Miller,Robert Miller,46,IT,Manager,Austin,104192.32,11736.1,2020-10-30,22,70.5,robert.miller@company.com,(837) 588-3686,Active
EMP022069,Jane,Jackson,Jane Jackson,54,Sales,Specialist,Seattle,100356.06,2603.32,2021-04-23,28,65.0,jane.jackson@company.com,(733) 572-5410,Active
EMP022070,Ashley,Davis,Ashley Davis,60,Engineering,Analyst,Los Angeles,117124.2,13582.8,2023-12-01,38,69.7,ashley.davis@company.com,(765) 376-5585,Active
EMP022071,Sarah,Gonzalez,Sarah Gonzalez,37,Sales,Director,Chicago,73554.8,11447.07,2024-02-26,10,70.0,sarah.gonzalez@company.com,(906) 750-5370,Active
EMP022072,Sarah,Martin,Sarah Martin,58,HR,Manager,Chicago,73985.71,10931.99,2020-11-09,30,100.0,sarah.martin@company.com,(356) 369-7150,Active
EMP022073,Emily,Hernandez,Emily Hernandez,37,Finance,Manager,San Francisco,71507.94,6712.66,2024-08-08,15,69.2,emily.hernandez@company.com,(240) 865-6238,Inactive
EMP022074,Sarah,Brown,Sarah Brown,23,Engineering,Analyst,San Francisco,39284.61,3340.31,2024-10-12,0,84.9,sarah.brown@company.com,(894) 952-8976,Active
EMP022075,Jessica,Martin,Jessica Martin,58,Operations,Analyst,Miami,77050.84,2623.64,2023-02-04,29,65.1,jessica.martin@company.com,(365) 848-1509,Inactive
EMP022076,Stephanie,Anderson,Stephanie Anderson,49,HR,Associate,Boston,64980.26,5471.09,2020-06-01,27,70.6,stephanie.anderson@company.com,(691) 359-2532,Active
EMP022077,Melissa,Gonzalez,Melissa Gonzalez,44,Sales,Director,Austin,67497.11,6262.08,2023-04-09,19,74.9,melissa.gonzalez@company.com,(302) 214-1669,On Leave
EMP022078,Emily,Brown,Emily Brown,46,IT,Manager,Miami,116061.81,12030.98,2020-11-28,21,85.7,emily.brown@company.com,(424) 877-9815,Active
EMP022079,Daniel,Thomas,Daniel Thomas,58,HR,Analyst,Chicago,76833.79,4111.46,2024-08-20,29,60.6,daniel.thomas@company.com,(385) 761-4641,Active
EMP022080,Christopher,Wilson,Christopher Wilson,39,Legal,Coordinator,Boston,90018.8,15383.97,2024-07-31,12,60.4,christopher.wilson@company.com,(491) 432-9930,Active
EMP022081,Ashley,Taylor,Ashley Taylor,45,Marketing,Associate,Los Angeles,70744.71,4491.92,2021-03-26,16,73.9,ashley.taylor@company.com,(201) 496-9768,Active
EMP022082,Jane,Lopez,Jane Lopez,58,Sales,Lead,Austin,95018.48,9915.21,2023-11-12,33,33.9,jane.lopez@company.com,(623) 864-8159,Active
EMP022083,Robert,Jackson,Robert Jackson,37,Sales,Director,Boston,64714.06,5816.5,2024-12-16,8,69.2,robert.jackson@company.com,(240) 339-8359,Active
EMP022084,Amanda,Lopez,Amanda Lopez,55,IT,Analyst,Chicago,130805.33,21303.93,2024-01-12,28,100.0,amanda.lopez@company.com,(747) 334-7052,Active
EMP022085,Daniel,Jackson,Daniel Jackson,38,Legal,Associate,Chicago,77829.3,7639.52,2020-03-19,13,77.6,daniel.jackson@company.com,(391) 976-6955,Active
EMP022086,John,Lopez,John Lopez,35,Sales,Analyst,Chicago,75092.73,5684.64,2024-03-09,10,63.7,john.lopez@company.com,(346) 501-8778,Active
EMP022087,James,Johnson,James Johnson,43,Finance,Coordinator,Boston,104420.13,13788.83,2024-01-16,19,51.8,james.johnson@company.com,(922) 854-4547,Active
EMP022088,Jessica,Garcia,Jessica Garcia,22,IT,Manager,Los Angeles,79891.18,5504.89,2023-11-20,0,69.3,jessica.garcia@company.com,(545) 786-4923,Inactive
EMP022089,Jessica,Miller,Jessica Miller,54,Marketing,Analyst,Boston,86935.49,7077.91,2023-02-28,29,49.4,jessica.miller@company.com,(752) 753-9988,Active
EMP022090,Emily,Anderson,Emily Anderson,41,Sales,Associate,Austin,59629.88,6931.59,2022-12-19,12,88.4,emily.anderson@company.com,(514) 454-2563,Active
EMP022091,Michael,Jones,Michael Jones,27,Marketing,Specialist,San Francisco,43535.6,1811.62,2020-12-23,3,88.6,michael.jones@company.com,(223) 974-8384,Active
EMP022092,John,Martinez,John Martinez,40,Sales,Manager,San Francisco,57799.16,8245.98,2023-07-18,16,56.4,john.martinez@company.com,(373) 684-8112,On Leave
EMP022093,Amanda,Martin,Amanda Martin,49,Operations,Director,Miami,67293.45,11038.64,2020-12-16,24,86.6,amanda.martin@company.com,(647) 508-2463,Active
EMP022094,Nicole,Thomas,Nicole Thomas,57,Legal,Specialist,New York,69223.19,2241.77,2024-07-12,32,79.9,nicole.thomas@company.com,(429) 673-8029,Inactive
EMP022095,Michael,Jackson,Michael Jackson,43,Legal,Coordinator,New York,103442.19,13378.03,2024-03-09,16,62.3,michael.jackson@company.com,(521) 991-4867,Active
EMP022096,Michael,Wilson,Michael Wilson,53,IT,Director,New York,94498.49,16870.68,2023-11-24,24,66.1,michael.wilson@company.com,(457) 257-7810,Active
EMP022097,Ashley,Hernandez,Ashley Hernandez,61,Sales,Lead,Chicago,88934.56,14483.8,2023-04-04,37,87.8,ashley.hernandez@company.com,(864) 639-9251,Active
EMP022098,Nicole,Miller,Nicole Miller,47,Engineering,Senior Developer,Miami,78737.83,8637.26,2022-03-14,25,61.9,nicole.miller@company.com,(235) 372-8467,Active
EMP022099,Nicole,Anderson,Nicole Anderson,58,Finance,Associate,Seattle,80206.51,4960.87,2022-09-12,32,75.7,nicole.anderson@company.com,(536) 963-3113,Active
EMP022100,Stephanie,Brown,Stephanie Brown,57,HR,Manager,Austin,96648.97,5818.7,2022-04-10,34,83.8,stephanie.brown@company.com,(951) 925-1203,Inactive
EMP022101,Daniel,Davis,Daniel Davis,34,Engineering,Coordinator,San Francisco,98966.47,18904.41,2020-10-01,11,87.4,daniel.davis@company.com,(471) 567-9367,Inactive
EMP022102,Amanda,Jones,Amanda Jones,48,Legal,Specialist,New York,95052.46,6604.02,2021-07-25,23,73.3,amanda.jones@company.com,(988) 731-5691,Active
EMP022103,Stephanie,Hernandez,Stephanie Hernandez,33,Finance,Coordinator,San Francisco,68950.41,7242.35,2020-03-28,7,57.3,stephanie.hernandez@company.com,(371) 268-7444,Active
EMP022104,Matthew,Moore,Matthew Moore,24,Marketing,Director,Seattle,57083.83,7636.99,2022-10-10,0,87.2,matthew.moore@company.com,(272) 686-8906,Active
EMP022105,William,Moore,William Moore,33,Sales,Senior Developer,Chicago,51341.86,5086.31,2022-02-27,11,84.6,william.moore@company.com,(987) 321-5966,Active
EMP022106,Robert,Anderson,Robert Anderson,35,Engineering,Director,Boston,79889.47,13401.78,2021-05-23,12,70.1,robert.anderson@company.com,(391) 762-6212,Active
EMP022107,Matthew,Jackson,Matthew Jackson,26,Marketing,Director,Los Angeles,71888.38,11643.86,2024-04-23,0,73.2,matthew.jackson@company.com,(874) 788-7723,Active
EMP022108,John,Jackson,John Jackson,24,Sales,Lead,Boston,69762.05,12731.42,2022-07-31,0,73.7,john.jackson@company.com,(200) 608-8729,Active
EMP022109,Anthony,Hernandez,Anthony Hernandez,39,Engineering,Director,Boston,79655.06,9225.7,2020-03-04,16,89.1,anthony.hernandez@company.com,(266) 579-7723,Active
EMP022110,Ashley,Gonzalez,Ashley Gonzalez,46,Legal,Analyst,Austin,108237.03,13043.15,2020-05-01,19,61.1,ashley.gonzalez@company.com,(202) 759-6397,Active
EMP022111,Jessica,Gonzalez,Jessica Gonzalez,55,Engineering,Senior Developer,Austin,118048.66,7774.51,2022-10-31,31,71.8,jessica.gonzalez@company.com,(290) 743-7935,On Leave
EMP022112,James,Anderson,James Anderson,45,Marketing,Specialist,San Francisco,88978.48,6116.22,2023-12-04,23,75.8,james.anderson@company.com,(780) 821-6269,Active
EMP022113,Stephanie,Lopez,Stephanie Lopez,26,Sales,Senior Developer,Austin,79398.16,6279.11,2023-12-17,0,87.0,stephanie.lopez@company.com,(707) 620-7120,Active
EMP022114,David,Jackson,David Jackson,25,Operations,Coordinator,Miami,37829.29,2161.87,2022-01-06,0,29.4,david.jackson@company.com,(855) 573-7001,Active
EMP022115,Robert,Lopez,Robert Lopez,22,Operations,Director,San Francisco,28227.96,3568.34,2022-09-12,0,76.1,robert.lopez@company.com,(348) 552-4194,Active
EMP022116,Michael,Rodriguez,Michael Rodriguez,53,Engineering,Manager,Los Angeles,112024.33,13787.31,2023-10-11,28,68.4,michael.rodriguez@company.com,(546) 432-5785,Active
EMP022117,Melissa,Miller,Melissa Miller,27,Operations,Lead,San Francisco,62722.41,8539.4,2023-04-02,0,86.6,melissa.miller@company.com,(648) 234-6740,Active
EMP022118,Jane,Jones,Jane Jones,39,Marketing,Analyst,Austin,89200.54,4867.19,2021-06-10,17,100.0,jane.jones@company.com,(412) 890-6343,Active
EMP022119,Michael,Rodriguez,Michael Rodriguez,46,Marketing,Associate,San Francisco,103555.69,6907.88,2021-06-21,20,78.7,michael.rodriguez@company.com,(882) 721-4771,Active
EMP022120,Sarah,Anderson,Sarah Anderson,29,Sales,Specialist,Seattle,70195.55,6204.5,2021-05-27,5,61.3,sarah.anderson@company.com,(945) 908-9400,On Leave
EMP022121,Emily,Garcia,Emily Garcia,47,Operations,Manager,New York,90184.63,5801.49,2020-12-17,18,76.6,emily.garcia@company.com,(828) 346-8349,Active
EMP022122,Robert,Jackson,Robert Jackson,41,HR,Senior Developer,Miami,42064.87,3453.37,2022-01-03,13,56.1,robert.jackson@company.com,(555) 513-7137,Active
EMP022123,Stephanie,Hernandez,Stephanie Hernandez,53,Finance,Specialist,San Francisco,116784.63,15263.77,2024-02-04,24,68.2,stephanie.hernandez@company.com,(762) 852-7453,Active
EMP022124,Michael,Martin,Michael Martin,50,Operations,Associate,San Francisco,73176.17,3597.73,2020-08-05,27,72.1,michael.martin@company.com,(429) 988-6319,Active
EMP022125,Amanda,Johnson,Amanda Johnson,49,Marketing,Manager,Los Angeles,108714.66,13898.04,2021-02-20,20,67.2,amanda.johnson@company.com,(365) 367-8008,Inactive
EMP022126,Christopher,Rodriguez,Christopher Rodriguez,62,Engineering,Specialist,New York,135864.49,2560.1,2022-11-13,35,74.5,christopher.rodriguez@company.com,(800) 861-2343,Active
EMP022127,William,Wilson,William Wilson,25,IT,Senior Developer,Boston,87114.91,13213.09,2021-09-26,3,61.0,william.wilson@company.com,(788) 302-9349,Active
EMP022128,Anthony,Lopez,Anthony Lopez,28,Operations,Analyst,San Francisco,45719.92,3724.58,2023-01-20,1,83.1,anthony.lopez@company.com,(892) 639-2217,Active
EMP022129,Christopher,Anderson,Christopher Anderson,51,Sales,Specialist,Seattle,78748.34,9064.03,2024-03-11,25,42.5,christopher.anderson@company.com,(434) 244-4914,Active
EMP022130,Ashley,Johnson,Ashley Johnson,44,Finance,Senior Developer,Seattle,91218.1,12464.67,2021-10-05,20,77.9,ashley.johnson@company.com,(391) 897-7333,Active
EMP022131,Nicole,Lopez,Nicole Lopez,38,Legal,Associate,San Francisco,65091.74,7943.47,2021-08-06,9,73.5,nicole.lopez@company.com,(205) 704-5965,On Leave
EMP022132,Anthony,Smith,Anthony Smith,36,Finance,Coordinator,Austin,85757.21,4062.51,2021-04-04,7,69.9,anthony.smith@company.com,(302) 451-2540,Active
EMP022133,Jane,Moore,Jane Moore,37,HR,Specialist,Chicago,41829.19,4574.23,2022-12-13,13,90.8,jane.moore@company.com,(502) 783-7859,Active
EMP022134,William,Martinez,William Martinez,23,Sales,Lead,Miami,71846.74,11138.24,2021-05-17,0,70.3,william.martinez@company.com,(841) 510-5405,Inactive
EMP022135,Daniel,Taylor,Daniel Taylor,42,Operations,Coordinator,Seattle,71865.36,1294.96,2020-06-02,15,73.6,daniel.taylor@company.com,(458) 520-3782,Active
EMP022136,Sarah,Martinez,Sarah Martinez,23,Engineering,Manager,San Francisco,50655.56,4760.92,2023-01-18,0,68.7,sarah.martinez@company.com,(513) 841-1592,Active
EMP022137,Jessica,Martin,Jessica Martin,32,Legal,Coordinator,Boston,103029.73,258.59,2024-04-14,10,61.2,jessica.martin@company.com,(241) 730-1047,On Leave
EMP022138,Christopher,Williams,Christopher Williams,58,Engineering,Manager,Seattle,127925.41,19882.91,2021-04-21,30,89.0,christopher.williams@company.com,(291) 846-2888,Active
EMP022139,Sarah,Johnson,Sarah Johnson,55,Finance,Manager,Chicago,89348.23,11327.71,2023-10-20,27,66.0,sarah.johnson@company.com,(262) 347-1599,Active
EMP022140,Anthony,Jones,Anthony Jones,23,Marketing,Associate,New York,57306.12,2454.27,2022-04-18,0,70.0,anthony.jones@company.com,(309) 700-6936,Inactive
EMP022141,James,Jackson,James Jackson,31,Finance,Senior Developer,Austin,51509.64,2864.96,2023-10-28,4,58.2,james.jackson@company.com,(725) 996-8967,Inactive
EMP022142,Nicole,Johnson,Nicole Johnson,22,HR,Specialist,Austin,57035.38,5729.1,2021-01-23,0,65.2,nicole.johnson@company.com,(813) 629-6861,Active
EMP022143,Lisa,Anderson,Lisa Anderson,65,Marketing,Manager,San Francisco,90861.89,15243.73,2020-05-08,43,77.1,lisa.anderson@company.com,(449) 389-3601,Active
EMP022144,Matthew,Smith,Matthew Smith,26,Engineering,Analyst,Los Angeles,60798.85,4275.91,2022-02-10,1,86.6,matthew.smith@company.com,(809) 805-2777,Active
EMP022145,Matthew,Johnson,Matthew Johnson,65,Operations,Specialist,New York,88597.19,6032.05,2024-06-01,41,66.9,matthew.johnson@company.com,(504) 914-7301,Active
EMP022146,Melissa,Rodriguez,Melissa Rodriguez,35,Marketing,Lead,San Francisco,58566.16,2748.97,2020-07-23,6,80.3,melissa.rodriguez@company.com,(618) 600-6748,Active
EMP022147,Stephanie,Jones,Stephanie Jones,53,Sales,Director,Los Angeles,79036.13,8609.72,2022-01-27,31,100.0,stephanie.jones@company.com,(948) 468-2563,Active
EMP022148,Lisa,Garcia,Lisa Garcia,32,Marketing,Lead,Chicago,57040.59,7003.41,2023-07-05,9,50.8,lisa.garcia@company.com,(540) 864-9471,Active
EMP022149,Jane,Rodriguez,Jane Rodriguez,37,HR,Manager,San Francisco,58617.54,4464.55,2022-05-05,9,79.2,jane.rodriguez@company.com,(587) 617-8858,Inactive
EMP022150,David,Miller,David Miller,53,Operations,Specialist,Los Angeles,51562.66,5016.31,2023-06-02,30,64.9,david.miller@company.com,(618) 965-8823,Active
EMP022151,William,Anderson,William Anderson,24,HR,Manager,San Francisco,32203.5,5971.44,2022-12-05,0,83.3,william.anderson@company.com,(253) 407-4540,On Leave
EMP022152,James,Anderson,James Anderson,47,Sales,Lead,San Francisco,107079.06,7191.18,2020-01-14,23,80.0,james.anderson@company.com,(626) 247-3194,Active
EMP022153,David,Jones,David Jones,54,Operations,Director,San Francisco,72126.96,8130.57,2024-10-27,31,80.1,david.jones@company.com,(760) 861-5595,Active
EMP022154,Melissa,Garcia,Melissa Garcia,63,Operations,Coordinator,San Francisco,89605.62,8632.91,2021-05-21,34,93.5,melissa.garcia@company.com,(693) 955-7733,Active
EMP022155,Amanda,Anderson,Amanda Anderson,55,Marketing,Director,Chicago,61320.12,8317.3,2020-02-03,27,86.3,amanda.anderson@company.com,(453) 517-5945,Active
EMP022156,Lisa,Martin,Lisa Martin,59,Operations,Specialist,Chicago,75215.86,3969.32,2023-12-25,36,69.7,lisa.martin@company.com,(417) 432-4005,Active
EMP022157,James,Thomas,James Thomas,63,Engineering,Specialist,Austin,106117.93,15372.77,2023-10-22,40,56.5,james.thomas@company.com,(209) 730-7698,Active
EMP022158,Sarah,Anderson,Sarah Anderson,23,Marketing,Manager,Boston,66422.18,6691.43,2020-11-26,0,73.5,sarah.anderson@company.com,(488) 518-7059,Inactive
EMP022159,Stephanie,Anderson,Stephanie Anderson,32,Finance,Specialist,Chicago,68368.78,197.12,2020-05-29,9,62.8,stephanie.anderson@company.com,(265) 914-8227,Active
EMP022160,Christopher,Jones,Christopher Jones,39,IT,Senior Developer,New York,61593.47,6696.55,2024-01-11,17,79.3,christopher.jones@company.com,(771) 212-2705,Active
EMP022161,Michael,Martin,Michael Martin,35,Sales,Lead,Miami,80721.24,8192.34,2020-01-19,9,69.5,michael.martin@company.com,(746) 836-8465,Active
EMP022162,Amanda,Anderson,Amanda Anderson,35,Sales,Director,Austin,54004.35,7458.04,2020-02-27,13,100.0,amanda.anderson@company.com,(960) 971-3438,Active
EMP022163,Robert,Lopez,Robert Lopez,54,Engineering,Associate,Seattle,121930.55,9786.48,2023-03-08,31,55.6,robert.lopez@company.com,(921) 798-2364,Active
EMP022164,Ashley,Garcia,Ashley Garcia,25,Operations,Senior Developer,New York,59100.46,2529.5,2023-09-07,0,83.2,ashley.garcia@company.com,(517) 477-9311,Active
EMP022165,Jessica,Miller,Jessica Miller,40,HR,Manager,Los Angeles,57547.1,6646.64,2023-09-28,13,86.0,jessica.miller@company.com,(887) 728-5429,Active
EMP022166,Jane,Garcia,Jane Garcia,41,Legal,Specialist,San Francisco,103996.95,0.0,2023-04-12,16,59.0,jane.garcia@company.com,(705) 729-7449,Active
EMP022167,Nicole,Martinez,Nicole Martinez,23,HR,Lead,Austin,49375.61,0.0,2022-11-08,0,32.1,nicole.martinez@company.com,(645) 493-5649,Active
EMP022168,Melissa,Wilson,Melissa Wilson,42,Finance,Specialist,Miami,64773.92,3862.14,2022-01-24,15,75.7,melissa.wilson@company.com,(773) 380-1474,Active
EMP022169,John,Williams,John Williams,38,Finance,Director,Seattle,56066.96,5920.14,2020-04-30,12,88.3,john.williams@company.com,(546) 630-1561,Active
EMP022170,James,Anderson,James Anderson,29,Marketing,Director,Los Angeles,63121.23,5773.67,2020-11-11,3,50.5,james.anderson@company.com,(440) 841-4734,Active
EMP022171,Emily,Lopez,Emily Lopez,64,Marketing,Analyst,Chicago,86012.05,7086.85,2022-08-19,40,52.7,emily.lopez@company.com,(977) 622-9228,On Leave
EMP022172,James,Wilson,James Wilson,45,HR,Associate,Chicago,79748.9,8580.67,2023-03-29,23,77.8,james.wilson@company.com,(912) 832-3553,Active
EMP022173,Robert,Lopez,Robert Lopez,60,Sales,Senior Developer,Austin,75317.6,6356.67,2023-02-25,34,58.1,robert.lopez@company.com,(574) 980-9929,Active
EMP022174,Emily,Hernandez,Emily Hernandez,52,Operations,Analyst,Boston,59739.78,12821.91,2020-04-15,25,47.3,emily.hernandez@company.com,(550) 298-5833,Inactive
EMP022175,Amanda,Jackson,Amanda Jackson,45,HR,Coordinator,Chicago,40418.72,4325.73,2022-05-06,18,82.1,amanda.jackson@company.com,(532) 619-4069,Active
EMP022176,Jane,Hernandez,Jane Hernandez,30,Operations,Lead,Miami,61407.89,0.0,2020-11-16,8,79.5,jane.hernandez@company.com,(294) 207-8352,Active
EMP022177,Amanda,Jones,Amanda Jones,49,Operations,Associate,Seattle,71892.98,9882.39,2021-09-20,26,96.5,amanda.jones@company.com,(977) 656-6673,Active
EMP022178,Matthew,Brown,Matthew Brown,27,HR,Analyst,Miami,48221.0,8159.66,2024-08-15,0,78.7,matthew.brown@company.com,(403) 610-9983,Active
EMP022179,Lisa,Taylor,Lisa Taylor,26,IT,Lead,Miami,80443.54,9635.01,2022-07-04,2,66.9,lisa.taylor@company.com,(400) 473-5756,Active
EMP022180,Daniel,Jackson,Daniel Jackson,57,Finance,Senior Developer,San Francisco,63260.49,5614.15,2024-05-01,30,92.8,daniel.jackson@company.com,(615) 233-2560,Active
EMP022181,James,Jones,James Jones,54,Engineering,Manager,Chicago,107706.27,4912.87,2020-10-02,30,56.1,james.jones@company.com,(372) 595-5789,Active
EMP022182,Melissa,Davis,Melissa Davis,62,Legal,Analyst,San Francisco,88933.27,4136.62,2023-09-15,37,100.0,melissa.davis@company.com,(311) 263-5202,Active
EMP022183,Anthony,Martin,Anthony Martin,38,Operations,Specialist,Boston,50842.24,3878.64,2023-03-02,12,62.6,anthony.martin@company.com,(907) 906-1255,Active
EMP022184,Christopher,Miller,Christopher Miller,57,HR,Director,New York,63451.7,7327.07,2021-03-30,33,51.5,christopher.miller@company.com,(886) 488-1649,Active
EMP022185,James,Williams,James Williams,46,Finance,Director,San Francisco,86419.36,5361.26,2021-05-20,18,73.8,james.williams@company.com,(614) 692-3435,Active
EMP022186,James,Johnson,James Johnson,22,Operations,Director,Seattle,55179.51,140.54,2023-02-10,0,84.2,james.johnson@company.com,(614) 394-7031,Active
EMP022187,William,Williams,William Williams,23,Finance,Lead,San Francisco,33202.82,3138.03,2023-08-04,0,91.8,william.williams@company.com,(989) 260-3487,Inactive
EMP022188,Lisa,Jones,Lisa Jones,33,Finance,Director,Chicago,76643.32,4572.13,2021-01-24,6,93.9,lisa.jones@company.com,(283) 406-4076,On Leave
EMP022189,Melissa,Johnson,Melissa Johnson,45,IT,Analyst,Boston,97684.3,0.0,2023-07-20,21,79.3,melissa.johnson@company.com,(988) 495-9601,Active
EMP022190,Melissa,Miller,Melissa Miller,45,Engineering,Lead,Miami,71261.4,7297.63,2020-09-06,19,69.6,melissa.miller@company.com,(853) 610-7658,Active
EMP022191,Emily,Brown,Emily Brown,43,HR,Associate,New York,64192.21,6864.94,2022-03-15,14,78.1,emily.brown@company.com,(496) 984-2744,Active
EMP022192,Michael,Davis,Michael Davis,26,HR,Coordinator,Miami,51892.21,4194.17,2020-02-29,0,39.2,michael.davis@company.com,(495) 919-2763,Active
EMP022193,Stephanie,Johnson,Stephanie Johnson,45,Engineering,Senior Developer,Miami,80021.22,4405.48,2023-11-07,23,54.4,stephanie.johnson@company.com,(772) 321-3270,Active
EMP022194,David,Brown,David Brown,51,Legal,Senior Developer,San Francisco,109600.01,6715.07,2022-01-01,25,71.4,david.brown@company.com,(301) 923-1980,Inactive
EMP022195,Anthony,Miller,Anthony Miller,48,Operations,Analyst,Boston,76322.09,9735.64,2024-07-30,24,74.8,anthony.miller@company.com,(697) 691-2461,Active
EMP022196,Robert,Garcia,Robert Garcia,34,Finance,Coordinator,New York,86827.98,7388.38,2020-03-14,11,63.9,robert.garcia@company.com,(998) 682-7516,Inactive
EMP022197,David,Wilson,David Wilson,50,Sales,Director,New York,72162.93,274.93,2020-07-08,21,70.1,david.wilson@company.com,(837) 610-8391,Active
EMP022198,James,Garcia,James Garcia,63,Marketing,Director,New York,93389.06,11772.92,2021-04-23,34,58.9,james.garcia@company.com,(447) 979-8243,Active
EMP022199,Jessica,Taylor,Jessica Taylor,58,Legal,Senior Developer,Miami,119683.23,13618.61,2022-03-04,31,82.2,jessica.taylor@company.com,(712) 299-2611,Active
EMP022200,James,Anderson,James Anderson,48,Finance,Senior Developer,Austin,98229.79,15859.46,2021-04-06,23,73.5,james.anderson@company.com,(230) 229-3078,Active
EMP022201,Melissa,Brown,Melissa Brown,41,IT,Specialist,New York,52944.5,6226.93,2022-04-07,14,61.4,melissa.brown@company.com,(533) 356-3463,Active
EMP022202,James,Martin,James Martin,53,Sales,Coordinator,Los Angeles,82540.21,15510.33,2024-01-22,29,90.3,james.martin@company.com,(418) 713-3171,Active
EMP022203,Nicole,Garcia,Nicole Garcia,26,Finance,Manager,San Francisco,47503.7,2844.78,2020-02-12,4,73.1,nicole.garcia@company.com,(379) 692-3541,Active
EMP022204,Sarah,Martinez,Sarah Martinez,34,Operations,Associate,Los Angeles,38339.03,4671.62,2022-12-03,5,39.8,sarah.martinez@company.com,(283) 630-2363,On Leave
EMP022205,Jane,Martinez,Jane Martinez,49,Operations,Senior Developer,Boston,41236.3,5778.95,2023-08-09,21,87.9,jane.martinez@company.com,(417) 274-9162,Active
EMP022206,Nicole,Johnson,Nicole Johnson,54,Engineering,Coordinator,Chicago,92677.01,15357.43,2021-09-10,28,100.0,nicole.johnson@company.com,(251) 860-9793,Active
EMP022207,William,Hernandez,William Hernandez,22,Finance,Coordinator,New York,52586.72,4496.16,2021-02-18,0,84.0,william.hernandez@company.com,(211) 762-8749,Active
EMP022208,Lisa,Wilson,Lisa Wilson,29,Engineering,Senior Developer,Boston,82476.86,10261.07,2024-12-07,1,62.1,lisa.wilson@company.com,(554) 853-9571,Active
EMP022209,Nicole,Brown,Nicole Brown,27,Marketing,Coordinator,San Francisco,55369.31,1736.21,2020-05-11,0,67.7,nicole.brown@company.com,(500) 682-8766,On Leave
EMP022210,Nicole,Martin,Nicole Martin,36,Legal,Lead,Miami,104744.81,18148.2,2023-05-04,14,62.1,nicole.martin@company.com,(538) 966-1219,Active
EMP022211,Anthony,Miller,Anthony Miller,25,Finance,Associate,New York,74588.14,6031.02,2020-01-12,1,99.8,anthony.miller@company.com,(789) 442-6991,Active
EMP022212,Robert,Williams,Robert Williams,45,Sales,Director,Boston,80221.18,10167.41,2021-09-10,17,75.5,robert.williams@company.com,(865) 669-1200,Active
EMP022213,Stephanie,Brown,Stephanie Brown,60,Sales,Senior Developer,Boston,112144.78,6490.54,2021-10-28,37,70.8,stephanie.brown@company.com,(524) 478-7316,Active
EMP022214,Stephanie,Davis,Stephanie Davis,56,IT,Specialist,San Francisco,117534.2,17262.25,2021-12-10,32,96.8,stephanie.davis@company.com,(681) 266-7466,Active
EMP022215,Lisa,Davis,Lisa Davis,51,Engineering,Analyst,Boston,102278.9,16085.41,2022-04-02,25,75.5,lisa.davis@company.com,(456) 989-8166,Active
EMP022216,David,Thomas,David Thomas,51,Operations,Associate,Los Angeles,74089.17,7925.15,2021-02-14,22,75.7,david.thomas@company.com,(477) 292-7688,On Leave
EMP022217,Sarah,Williams,Sarah Williams,59,Engineering,Associate,Boston,134343.65,16212.99,2020-11-13,37,76.8,sarah.williams@company.com,(400) 583-1794,Active
EMP022218,Robert,Rodriguez,Robert Rodriguez,33,Operations,Senior Developer,Los Angeles,61060.89,6027.22,2023-07-16,9,36.6,robert.rodriguez@company.com,(444) 301-5984,Active
EMP022219,Robert,Taylor,Robert Taylor,39,IT,Analyst,Los Angeles,88066.65,5813.46,2020-09-07,11,65.4,robert.taylor@company.com,(491) 525-4314,Active
EMP022220,Lisa,Jackson,Lisa Jackson,62,Engineering,Senior Developer,New York,133853.12,10646.62,2022-08-31,40,100.0,lisa.jackson@company.com,(485) 756-8710,Active
EMP022221,David,Garcia,David Garcia,58,Marketing,Lead,Los Angeles,88322.84,13896.29,2022-11-15,33,78.8,david.garcia@company.com,(603) 724-4008,Active
EMP022222,Melissa,Miller,Melissa Miller,27,Operations,Analyst,San Francisco,71523.62,6672.67,2023-12-22,0,76.1,melissa.miller@company.com,(206) 992-7916,Inactive
EMP022223,Emily,Jackson,Emily Jackson,24,Engineering,Director,Los Angeles,70351.94,10293.04,2022-11-05,0,77.3,emily.jackson@company.com,(542) 693-5120,Active
EMP022224,John,Rodriguez,John Rodriguez,53,Legal,Analyst,Chicago,113612.25,6355.57,2020-06-16,26,92.5,john.rodriguez@company.com,(514) 567-3224,Inactive
EMP022225,Sarah,Davis,Sarah Davis,51,Engineering,Coordinator,Seattle,84426.3,10283.38,2023-10-13,28,86.4,sarah.davis@company.com,(493) 217-5639,Active
EMP022226,Robert,Rodriguez,Robert Rodriguez,44,HR,Lead,Boston,58480.73,9229.64,2022-05-08,21,58.0,robert.rodriguez@company.com,(962) 267-6601,Active
EMP022227,William,Williams,William Williams,54,Operations,Analyst,New York,80513.61,9156.4,2020-11-09,29,70.1,william.williams@company.com,(891) 899-2990,Active
EMP022228,Lisa,Garcia,Lisa Garcia,38,Marketing,Analyst,Austin,45753.42,933.52,2024-07-28,11,64.3,lisa.garcia@company.com,(665) 570-5582,Active
EMP022229,Stephanie,Brown,Stephanie Brown,46,Finance,Coordinator,Boston,90980.38,7156.41,2022-12-10,18,82.0,stephanie.brown@company.com,(913) 587-6675,Active
EMP022230,William,Jackson,William Jackson,25,IT,Specialist,Boston,64436.11,2424.95,2022-07-18,0,96.0,william.jackson@company.com,(894) 284-5890,Inactive
EMP022231,Robert,Jones,Robert Jones,26,Sales,Analyst,Boston,74124.47,752.62,2021-04-03,1,86.8,robert.jones@company.com,(929) 876-7921,On Leave
EMP022232,Lisa,Williams,Lisa Williams,23,Finance,Associate,Seattle,49926.48,8426.45,2023-11-21,0,85.8,lisa.williams@company.com,(959) 954-5918,On Leave
EMP022233,Nicole,Davis,Nicole Davis,26,Legal,Senior Developer,New York,74643.46,4521.83,2022-10-25,2,75.1,nicole.davis@company.com,(373) 454-4138,On Leave
EMP022234,Stephanie,Martin,Stephanie Martin,39,Marketing,Coordinator,Miami,68547.29,4697.64,2020-02-21,10,90.3,stephanie.martin@company.com,(833) 811-8654,Active
EMP022235,Nicole,Moore,Nicole Moore,54,Legal,Director,Boston,114526.17,12954.34,2020-06-03,31,61.4,nicole.moore@company.com,(733) 578-2197,On Leave
EMP022236,Melissa,Jones,Melissa Jones,53,HR,Coordinator,Boston,71120.28,3337.95,2022-03-30,27,82.4,melissa.jones@company.com,(980) 495-4733,Active
EMP022237,Jessica,Williams,Jessica Williams,50,Sales,Senior Developer,San Francisco,78803.32,9392.45,2022-11-01,27,92.6,jessica.williams@company.com,(453) 571-1717,Active
EMP022238,Jessica,Davis,Jessica Davis,43,Operations,Specialist,New York,69325.42,12011.6,2020-03-14,14,61.4,jessica.davis@company.com,(333) 406-8834,Inactive
EMP022239,Lisa,Moore,Lisa Moore,62,HR,Lead,Seattle,72164.61,10006.02,2023-06-21,38,76.5,lisa.moore@company.com,(470) 666-5417,Active
EMP022240,Jessica,Wilson,Jessica Wilson,51,Legal,Lead,San Francisco,86121.1,0.0,2020-06-07,27,65.3,jessica.wilson@company.com,(433) 786-7449,Active
EMP022241,Ashley,Miller,Ashley Miller,47,Legal,Director,Los Angeles,95449.51,4928.68,2023-01-15,24,71.0,ashley.miller@company.com,(282) 244-6256,Active
EMP022242,David,Jackson,David Jackson,64,Engineering,Associate,Miami,139281.14,15992.72,2021-01-01,40,67.3,david.jackson@company.com,(352) 209-7967,Active
EMP022243,Emily,Taylor,Emily Taylor,48,Legal,Associate,Los Angeles,116772.83,11506.86,2023-12-02,26,66.7,emily.taylor@company.com,(337) 481-3096,Active
EMP022244,Michael,Johnson,Michael Johnson,43,Finance,Lead,Boston,107037.01,7886.58,2022-12-28,17,84.9,michael.johnson@company.com,(962) 797-2722,Active
EMP022245,Jane,Davis,Jane Davis,29,Finance,Lead,Los Angeles,74533.36,10169.27,2020-06-30,6,94.5,jane.davis@company.com,(625) 785-1350,Active
EMP022246,Nicole,Wilson,Nicole Wilson,30,HR,Coordinator,Seattle,50353.72,2393.11,2024-07-23,5,59.2,nicole.wilson@company.com,(521) 395-7732,Active
EMP022247,William,Taylor,William Taylor,57,Engineering,Manager,Austin,144859.46,9625.45,2024-12-21,30,54.7,william.taylor@company.com,(300) 224-1107,Inactive
EMP022248,Daniel,Williams,Daniel Williams,64,Legal,Specialist,Boston,95038.63,10192.99,2024-03-05,40,97.4,daniel.williams@company.com,(841) 897-7438,Active
EMP022249,Robert,Johnson,Robert Johnson,22,HR,Manager,Chicago,51250.32,5481.26,2021-11-07,0,58.4,robert.johnson@company.com,(974) 848-1212,Active
EMP022250,Amanda,Moore,Amanda Moore,25,Legal,Analyst,Boston,80000.71,8679.34,2022-03-08,2,86.4,amanda.moore@company.com,(935) 416-4764,Active
EMP022251,Amanda,Taylor,Amanda Taylor,42,Engineering,Director,Miami,91201.22,4717.25,2020-09-23,18,79.6,amanda.taylor@company.com,(681) 892-6839,Active
EMP022252,Amanda,Lopez,Amanda Lopez,44,Sales,Lead,New York,53322.07,2388.05,2021-04-19,20,73.9,amanda.lopez@company.com,(684) 664-7047,Active
EMP022253,Stephanie,Taylor,Stephanie Taylor,61,Operations,Manager,Chicago,71352.24,1573.82,2021-12-14,36,83.8,stephanie.taylor@company.com,(489) 605-1600,Active
EMP022254,Amanda,Smith,Amanda Smith,36,HR,Director,Los Angeles,58430.27,6689.37,2023-12-14,7,66.4,amanda.smith@company.com,(216) 430-2233,Active
EMP022255,Christopher,Martinez,Christopher Martinez,43,Engineering,Lead,Seattle,65102.03,7788.93,2020-10-15,21,74.6,christopher.martinez@company.com,(889) 369-1605,On Leave
EMP022256,Daniel,Anderson,Daniel Anderson,40,Operations,Specialist,Miami,49847.04,5595.34,2024-11-30,12,67.0,daniel.anderson@company.com,(317) 934-9101,On Leave
EMP022257,Sarah,Martinez,Sarah Martinez,65,Marketing,Manager,Chicago,76377.0,8200.02,2020-01-07,43,72.9,sarah.martinez@company.com,(937) 558-6018,Inactive
EMP022258,Matthew,Taylor,Matthew Taylor,62,HR,Analyst,Chicago,84813.64,12040.45,2024-09-22,40,57.9,matthew.taylor@company.com,(484) 507-7651,Active
EMP022259,Emily,Taylor,Emily Taylor,42,HR,Analyst,Miami,83979.41,8493.27,2023-06-01,16,65.8,emily.taylor@company.com,(336) 895-9781,Active
EMP022260,Sarah,Miller,Sarah Miller,36,Operations,Manager,Chicago,64932.64,10307.96,2023-08-06,9,68.0,sarah.miller@company.com,(780) 881-8662,Inactive
EMP022261,Lisa,Anderson,Lisa Anderson,36,Finance,Coordinator,Miami,95871.43,1013.05,2023-03-09,7,68.2,lisa.anderson@company.com,(596) 635-5289,Active
EMP022262,Michael,Thomas,Michael Thomas,30,Engineering,Senior Developer,Boston,129731.42,15417.87,2024-03-04,4,76.6,michael.thomas@company.com,(356) 486-5474,Active
EMP022263,Amanda,Thomas,Amanda Thomas,46,Legal,Analyst,Austin,81960.97,4311.25,2020-02-21,22,78.5,amanda.thomas@company.com,(859) 316-9107,Active
EMP022264,Daniel,Johnson,Daniel Johnson,49,HR,Associate,San Francisco,73847.61,8304.59,2024-02-03,22,100.0,daniel.johnson@company.com,(841) 628-8266,Active
EMP022265,Jessica,Martinez,Jessica Martinez,32,IT,Associate,Los Angeles,102840.08,21327.65,2021-01-20,5,84.6,jessica.martinez@company.com,(533) 579-4129,Active
EMP022266,Amanda,Wilson,Amanda Wilson,51,Marketing,Specialist,San Francisco,65652.69,5513.86,2022-01-23,28,68.4,amanda.wilson@company.com,(298) 406-6487,Active
EMP022267,Matthew,Jackson,Matthew Jackson,36,Legal,Coordinator,San Francisco,79017.54,11328.57,2022-04-05,13,52.9,matthew.jackson@company.com,(765) 408-4954,Active
EMP022268,Jessica,Williams,Jessica Williams,48,Finance,Associate,New York,65659.34,10871.66,2022-04-26,26,65.2,jessica.williams@company.com,(441) 649-8970,Active
EMP022269,Christopher,Brown,Christopher Brown,27,Legal,Lead,Miami,58647.09,5560.44,2022-06-22,1,72.4,christopher.brown@company.com,(204) 427-1461,Active
EMP022270,Ashley,Anderson,Ashley Anderson,47,Operations,Manager,Boston,50899.05,5588.5,2021-02-15,22,64.7,ashley.anderson@company.com,(804) 533-3635,On Leave
EMP022271,John,Lopez,John Lopez,23,HR,Lead,Seattle,31056.79,1481.42,2020-11-14,1,97.5,john.lopez@company.com,(572) 620-1024,Active
EMP022272,Jessica,Gonzalez,Jessica Gonzalez,46,HR,Specialist,San Francisco,61642.96,5931.45,2022-08-17,21,91.1,jessica.gonzalez@company.com,(529) 806-4213,Active
EMP022273,Lisa,Thomas,Lisa Thomas,43,HR,Lead,Miami,60334.17,8350.71,2022-07-07,18,75.3,lisa.thomas@company.com,(282) 630-1913,On Leave
EMP022274,Stephanie,Gonzalez,Stephanie Gonzalez,46,Engineering,Manager,Seattle,66710.93,3953.03,2023-12-01,22,95.7,stephanie.gonzalez@company.com,(283) 589-5947,Active
EMP022275,Matthew,Johnson,Matthew Johnson,58,Operations,Specialist,San Francisco,74359.7,8234.52,2021-09-14,30,51.9,matthew.johnson@company.com,(689) 529-3511,On Leave
EMP022276,James,Davis,James Davis,41,Marketing,Analyst,Chicago,80142.2,10589.18,2022-04-30,13,67.0,james.davis@company.com,(846) 649-2974,Active
EMP022277,Sarah,Williams,Sarah Williams,36,Legal,Analyst,Chicago,87788.73,4013.53,2021-01-29,8,63.7,sarah.williams@company.com,(260) 320-8561,Active
EMP022278,Jane,Taylor,Jane Taylor,54,Finance,Specialist,San Francisco,128942.78,14131.07,2021-06-29,27,83.9,jane.taylor@company.com,(635) 896-6013,Active
EMP022279,Anthony,Davis,Anthony Davis,22,Marketing,Specialist,San Francisco,43588.04,5861.24,2021-03-14,0,70.3,anthony.davis@company.com,(793) 606-4067,Active
EMP022280,Lisa,Martin,Lisa Martin,28,HR,Lead,Chicago,83146.83,12869.33,2022-08-29,3,76.9,lisa.martin@company.com,(860) 321-4848,Active
EMP022281,Emily,Johnson,Emily Johnson,31,IT,Lead,San Francisco,62973.13,1622.33,2020-06-18,3,62.4,emily.johnson@company.com,(471) 549-7371,Active
EMP022282,Anthony,Anderson,Anthony Anderson,37,Sales,Specialist,Miami,66040.24,1954.04,2020-01-12,9,73.1,anthony.anderson@company.com,(854) 751-7001,Inactive
EMP022283,William,Taylor,William Taylor,37,Marketing,Specialist,Boston,47618.15,2950.88,2020-09-26,13,80.1,william.taylor@company.com,(364) 744-5840,On Leave
EMP022284,William,Rodriguez,William Rodriguez,64,Engineering,Director,Boston,154156.42,8785.92,2020-09-28,35,84.2,william.rodriguez@company.com,(910) 728-7077,Inactive
EMP022285,Matthew,Martin,Matthew Martin,44,Finance,Coordinator,Miami,116189.89,13094.67,2023-10-11,21,77.1,matthew.martin@company.com,(968) 606-2506,Active
EMP022286,Amanda,Jones,Amanda Jones,61,IT,Analyst,New York,122530.58,19222.18,2020-06-19,39,78.8,amanda.jones@company.com,(807) 289-2632,Active
EMP022287,Matthew,Jackson,Matthew Jackson,29,Sales,Director,Boston,84120.62,13468.92,2021-09-14,4,72.9,matthew.jackson@company.com,(844) 897-7859,Active
EMP022288,Lisa,Rodriguez,Lisa Rodriguez,65,Finance,Lead,Austin,98404.24,10779.96,2022-11-18,37,58.3,lisa.rodriguez@company.com,(378) 426-4043,Active
EMP022289,Amanda,Williams,Amanda Williams,64,Operations,Analyst,Miami,64069.57,4993.03,2021-08-20,40,61.7,amanda.williams@company.com,(428) 875-6739,Active
EMP022290,Matthew,Jones,Matthew Jones,50,Finance,Analyst,Seattle,84037.21,10935.3,2020-09-04,21,62.2,matthew.jones@company.com,(968) 443-6639,Active
EMP022291,Lisa,Williams,Lisa Williams,47,Legal,Specialist,San Francisco,134794.12,11390.33,2022-09-30,24,80.7,lisa.williams@company.com,(817) 711-4327,Active
EMP022292,James,Anderson,James Anderson,49,Engineering,Coordinator,Austin,87578.4,9939.47,2021-10-04,25,76.2,james.anderson@company.com,(740) 922-8620,Active
EMP022293,Stephanie,Taylor,Stephanie Taylor,52,Operations,Associate,San Francisco,65669.28,3100.7,2021-07-23,30,85.8,stephanie.taylor@company.com,(940) 600-4172,Active
EMP022294,Robert,Williams,Robert Williams,26,HR,Specialist,San Francisco,62929.56,5521.84,2021-10-19,0,58.8,robert.williams@company.com,(761) 722-5820,Active
EMP022295,Stephanie,Gonzalez,Stephanie Gonzalez,43,Legal,Manager,Boston,99051.98,18826.13,2020-10-28,14,67.4,stephanie.gonzalez@company.com,(459) 242-7309,Active
EMP022296,James,Rodriguez,James Rodriguez,55,Finance,Director,Miami,94844.03,14858.16,2021-01-23,30,66.3,james.rodriguez@company.com,(471) 350-8069,Active
EMP022297,Jessica,Martinez,Jessica Martinez,42,Marketing,Manager,Boston,63364.57,11434.95,2021-11-12,15,65.5,jessica.martinez@company.com,(305) 488-8860,Active
EMP022298,David,Jackson,David Jackson,62,Legal,Analyst,Miami,123202.9,29179.82,2023-11-10,37,89.2,david.jackson@company.com,(695) 669-2767,Inactive
EMP022299,Stephanie,Smith,Stephanie Smith,56,Engineering,Manager,Miami,94609.85,3678.0,2023-02-10,32,66.9,stephanie.smith@company.com,(672) 444-5987,Active
EMP022300,Anthony,Garcia,Anthony Garcia,61,Operations,Senior Developer,Seattle,90567.78,7214.24,2023-06-29,32,83.2,anthony.garcia@company.com,(270) 613-9384,Active
EMP022301,Robert,Williams,Robert Williams,54,Operations,Specialist,Austin,68927.45,11836.72,2024-02-08,26,62.5,robert.williams@company.com,(901) 271-5681,Active
EMP022302,Melissa,Taylor,Melissa Taylor,30,Engineering,Senior Developer,New York,55402.63,7221.06,2024-06-04,3,54.8,melissa.taylor@company.com,(967) 956-1493,Active
EMP022303,Emily,Jackson,Emily Jackson,26,Finance,Manager,Seattle,84709.01,9685.27,2024-07-05,2,74.0,emily.jackson@company.com,(963) 845-7634,Active
EMP022304,Stephanie,Martinez,Stephanie Martinez,54,Operations,Specialist,San Francisco,81476.46,9636.76,2022-05-02,27,100.0,stephanie.martinez@company.com,(591) 481-9697,Active
EMP022305,Emily,Taylor,Emily Taylor,38,Sales,Associate,New York,61211.33,3190.29,2022-01-26,11,82.9,emily.taylor@company.com,(525) 496-8541,Active
EMP022306,Jessica,Moore,Jessica Moore,59,Finance,Coordinator,Chicago,97201.31,8678.72,2024-07-02,32,78.2,jessica.moore@company.com,(517) 397-2667,Active
EMP022307,Christopher,Jackson,Christopher Jackson,50,HR,Specialist,Chicago,91927.81,6497.33,2021-05-29,21,56.5,christopher.jackson@company.com,(574) 968-3612,Active
EMP022308,John,Anderson,John Anderson,59,HR,Specialist,Los Angeles,89781.41,13216.76,2024-01-06,33,61.4,john.anderson@company.com,(467) 405-8626,Active
EMP022309,Nicole,Davis,Nicole Davis,30,Legal,Lead,Miami,97934.71,2092.85,2020-11-02,7,72.0,nicole.davis@company.com,(865) 507-5974,Inactive
EMP022310,John,Thomas,John Thomas,37,Sales,Specialist,Los Angeles,78614.76,9754.53,2024-11-05,12,73.0,john.thomas@company.com,(460) 407-7175,Inactive
EMP022311,Amanda,Davis,Amanda Davis,25,Finance,Analyst,Seattle,41031.41,3557.47,2023-03-26,0,100.0,amanda.davis@company.com,(611) 905-7448,Active
EMP022312,Nicole,Hernandez,Nicole Hernandez,26,Engineering,Manager,Chicago,81928.29,7491.29,2022-01-15,0,64.9,nicole.hernandez@company.com,(305) 495-1772,Active
EMP022313,Jane,Hernandez,Jane Hernandez,64,Engineering,Specialist,Seattle,131654.17,11543.01,2021-01-18,38,74.3,jane.hernandez@company.com,(286) 772-9788,Active
EMP022314,William,Martin,William Martin,27,Finance,Director,New York,96138.81,12079.21,2023-09-19,1,71.6,william.martin@company.com,(895) 740-1458,Active
EMP022315,Sarah,Hernandez,Sarah Hernandez,61,Legal,Director,Seattle,82657.0,5475.13,2022-01-08,34,89.1,sarah.hernandez@company.com,(788) 283-2356,Active
EMP022316,Anthony,Martinez,Anthony Martinez,40,Engineering,Analyst,Austin,115602.97,2669.78,2021-04-30,17,84.0,anthony.martinez@company.com,(853) 892-1912,Active
EMP022317,William,Davis,William Davis,50,Legal,Associate,San Francisco,79971.04,4103.03,2022-11-07,25,60.2,william.davis@company.com,(742) 674-4835,On Leave
EMP022318,James,Martin,James Martin,47,Legal,Coordinator,Boston,92707.71,11174.9,2021-01-09,19,64.2,james.martin@company.com,(326) 988-2691,Active
EMP022319,David,Martinez,David Martinez,34,Marketing,Specialist,Chicago,40026.8,5047.4,2020-10-31,10,92.6,david.martinez@company.com,(886) 355-1487,Active
EMP022320,John,Garcia,John Garcia,46,Legal,Coordinator,New York,90268.37,12607.12,2024-03-01,22,94.1,john.garcia@company.com,(727) 205-7467,Inactive
EMP022321,Emily,Martin,Emily Martin,27,Operations,Associate,Austin,44603.09,3956.14,2023-01-15,5,81.7,emily.martin@company.com,(866) 543-5802,Inactive
EMP022322,Nicole,Jackson,Nicole Jackson,34,Finance,Coordinator,New York,53042.72,4642.67,2023-03-25,7,86.5,nicole.jackson@company.com,(241) 557-9400,Active
EMP022323,Robert,Taylor,Robert Taylor,46,Operations,Associate,Boston,51213.91,1105.59,2021-01-23,17,85.1,robert.taylor@company.com,(291) 634-3926,On Leave
EMP022324,Jessica,Miller,Jessica Miller,35,Sales,Director,New York,81959.14,5812.84,2024-08-30,10,65.5,jessica.miller@company.com,(457) 224-8509,Active
EMP022325,Emily,Garcia,Emily Garcia,64,Sales,Specialist,New York,61618.36,5142.1,2024-05-02,41,73.6,emily.garcia@company.com,(474) 486-4758,Active
EMP022326,Michael,Martin,Michael Martin,58,HR,Lead,Austin,71018.55,9673.07,2021-09-10,36,54.8,michael.martin@company.com,(254) 754-2279,Active
EMP022327,Michael,Taylor,Michael Taylor,56,Engineering,Specialist,New York,93798.4,8892.01,2023-11-02,27,67.8,michael.taylor@company.com,(438) 396-1714,Active
EMP022328,Robert,Martin,Robert Martin,39,HR,Director,Los Angeles,63657.23,9274.3,2021-05-25,15,78.5,robert.martin@company.com,(218) 593-8033,Active
EMP022329,Christopher,Garcia,Christopher Garcia,41,Operations,Associate,Miami,64876.83,8406.72,2022-05-21,16,50.3,christopher.garcia@company.com,(565) 363-7586,Active
EMP022330,Jessica,Rodriguez,Jessica Rodriguez,24,Legal,Coordinator,Chicago,83028.69,6701.07,2023-12-22,1,97.9,jessica.rodriguez@company.com,(499) 634-3964,Active
EMP022331,Robert,Jones,Robert Jones,22,Sales,Director,Los Angeles,50374.07,10971.33,2023-09-25,0,91.6,robert.jones@company.com,(937) 871-7878,Active
EMP022332,Ashley,Wilson,Ashley Wilson,28,Operations,Director,San Francisco,33372.56,3893.32,2023-06-02,6,94.1,ashley.wilson@company.com,(843) 668-9634,Active
EMP022333,Melissa,Garcia,Melissa Garcia,27,Engineering,Director,New York,106168.11,5290.42,2023-12-18,2,70.1,melissa.garcia@company.com,(264) 819-6057,Active
EMP022334,Amanda,Hernandez,Amanda Hernandez,32,HR,Senior Developer,Los Angeles,30277.55,1942.48,2023-11-29,9,81.9,amanda.hernandez@company.com,(643) 315-3161,Active
EMP022335,Amanda,Miller,Amanda Miller,55,Engineering,Analyst,Seattle,101519.04,8189.87,2022-06-08,28,63.1,amanda.miller@company.com,(403) 891-2542,Active
EMP022336,Jessica,Gonzalez,Jessica Gonzalez,64,Finance,Lead,San Francisco,114178.66,10684.58,2024-11-03,38,65.0,jessica.gonzalez@company.com,(476) 434-3928,Active
EMP022337,Ashley,Taylor,Ashley Taylor,50,Finance,Manager,Seattle,92993.65,6861.27,2020-01-07,24,71.5,ashley.taylor@company.com,(333) 934-8429,On Leave
EMP022338,Matthew,Jones,Matthew Jones,42,Finance,Associate,Austin,76092.69,5010.21,2022-09-06,13,70.4,matthew.jones@company.com,(407) 305-8245,Active
EMP022339,Amanda,Johnson,Amanda Johnson,27,Operations,Associate,Chicago,46631.33,6769.72,2021-12-21,0,63.1,amanda.johnson@company.com,(751) 340-3674,Active
EMP022340,Michael,Brown,Michael Brown,24,Marketing,Coordinator,New York,58801.74,7137.01,2024-09-05,2,57.2,michael.brown@company.com,(920) 978-5854,Active
EMP022341,Michael,Miller,Michael Miller,48,Operations,Specialist,Miami,68576.56,2249.59,2022-09-02,21,79.7,michael.miller@company.com,(565) 878-7992,Active
EMP022342,Emily,Anderson,Emily Anderson,55,Finance,Coordinator,Chicago,110133.61,10149.65,2021-09-26,29,57.3,emily.anderson@company.com,(819) 281-2328,Inactive
EMP022343,Robert,Smith,Robert Smith,27,Legal,Senior Developer,San Francisco,80232.19,9666.33,2021-11-05,0,62.1,robert.smith@company.com,(368) 693-6268,On Leave
EMP022344,David,Hernandez,David Hernandez,37,Marketing,Lead,Boston,67759.52,2312.53,2022-01-25,12,83.8,david.hernandez@company.com,(712) 383-7791,Active
EMP022345,Christopher,Williams,Christopher Williams,25,IT,Analyst,Chicago,62940.95,8614.29,2022-01-24,1,92.2,christopher.williams@company.com,(535) 522-6214,Active
EMP022346,James,Gonzalez,James Gonzalez,37,IT,Manager,Seattle,68848.9,9927.39,2022-12-21,8,44.7,james.gonzalez@company.com,(598) 897-1491,Active
EMP022347,Jessica,Brown,Jessica Brown,57,Marketing,Manager,New York,89075.78,9857.36,2022-06-16,32,37.4,jessica.brown@company.com,(318) 829-5914,Active
EMP022348,Michael,Garcia,Michael Garcia,38,Sales,Specialist,Chicago,61228.53,6518.64,2023-10-24,14,57.4,michael.garcia@company.com,(867) 715-4961,Active
EMP022349,Lisa,Taylor,Lisa Taylor,28,Engineering,Lead,Chicago,74562.01,12708.78,2024-01-20,6,81.4,lisa.taylor@company.com,(808) 649-5296,Active
EMP022350,Jane,Taylor,Jane Taylor,58,IT,Director,New York,132619.13,0.0,2020-04-06,35,40.2,jane.taylor@company.com,(379) 906-7328,On Leave
EMP022351,David,Lopez,David Lopez,61,HR,Specialist,Los Angeles,61809.95,4183.55,2022-11-13,36,93.8,david.lopez@company.com,(922) 299-1419,Active
EMP022352,Ashley,Rodriguez,Ashley Rodriguez,40,Engineering,Associate,New York,92142.21,19633.31,2021-05-26,12,87.6,ashley.rodriguez@company.com,(218) 248-3989,Active
EMP022353,Robert,Miller,Robert Miller,61,Marketing,Associate,New York,92546.35,8625.27,2023-02-02,33,77.8,robert.miller@company.com,(979) 421-9346,Active
EMP022354,James,Gonzalez,James Gonzalez,62,IT,Director,New York,116428.16,17803.75,2023-05-09,38,60.9,james.gonzalez@company.com,(434) 817-5281,Active
EMP022355,James,Taylor,James Taylor,58,Marketing,Lead,Seattle,81496.94,5669.61,2021-11-08,35,63.6,james.taylor@company.com,(923) 677-5873,Active
EMP022356,Amanda,Jackson,Amanda Jackson,22,Finance,Lead,Boston,39421.29,3626.57,2020-02-14,0,71.1,amanda.jackson@company.com,(204) 260-8260,Active
EMP022357,Stephanie,Thomas,Stephanie Thomas,61,HR,Senior Developer,San Francisco,71729.96,4420.72,2022-06-18,39,100.0,stephanie.thomas@company.com,(490) 525-5814,Active
EMP022358,Daniel,Gonzalez,Daniel Gonzalez,63,Operations,Manager,New York,81429.69,0.0,2023-12-20,40,58.0,daniel.gonzalez@company.com,(906) 312-5619,Active
EMP022359,Sarah,Johnson,Sarah Johnson,48,IT,Coordinator,San Francisco,80647.87,9591.91,2020-07-18,19,50.0,sarah.johnson@company.com,(995) 272-3628,Active
EMP022360,Matthew,Rodriguez,Matthew Rodriguez,41,Legal,Senior Developer,Austin,95143.69,19.77,2024-10-01,14,79.4,matthew.rodriguez@company.com,(618) 372-7577,Inactive
EMP022361,Nicole,Wilson,Nicole Wilson,60,Legal,Specialist,New York,136693.11,1591.14,2023-02-19,37,85.7,nicole.wilson@company.com,(851) 359-7427,Active
EMP022362,Emily,Davis,Emily Davis,39,Finance,Lead,Boston,87202.85,11878.54,2022-05-05,11,75.9,emily.davis@company.com,(444) 349-4982,Active
EMP022363,Robert,Martinez,Robert Martinez,62,Operations,Lead,Chicago,99061.72,5813.33,2024-12-23,37,81.8,robert.martinez@company.com,(357) 769-8789,Active
EMP022364,Sarah,Jackson,Sarah Jackson,44,HR,Lead,Chicago,75252.31,10971.21,2023-11-05,15,76.6,sarah.jackson@company.com,(707) 445-8182,Active
EMP022365,Ashley,Miller,Ashley Miller,27,IT,Manager,Seattle,80666.26,3952.37,2022-05-27,0,92.7,ashley.miller@company.com,(524) 298-3941,Active
EMP022366,Anthony,Rodriguez,Anthony Rodriguez,40,Operations,Director,New York,36375.5,8916.36,2023-09-09,17,63.7,anthony.rodriguez@company.com,(326) 522-3740,Active
EMP022367,Sarah,Williams,Sarah Williams,33,IT,Coordinator,Miami,77397.5,6131.64,2021-11-30,11,70.8,sarah.williams@company.com,(694) 361-5558,Inactive
EMP022368,Amanda,Garcia,Amanda Garcia,50,Finance,Director,Los Angeles,68055.74,1343.67,2022-12-18,28,86.1,amanda.garcia@company.com,(909) 292-5199,On Leave
EMP022369,Melissa,Jones,Melissa Jones,45,IT,Manager,Chicago,99536.95,12036.48,2024-11-21,18,64.1,melissa.jones@company.com,(328) 831-6449,Active
EMP022370,Jessica,Johnson,Jessica Johnson,47,IT,Specialist,Boston,122940.9,10849.72,2020-07-30,20,92.5,jessica.johnson@company.com,(982) 394-8708,Active
EMP022371,Matthew,Williams,Matthew Williams,59,Finance,Analyst,Miami,108288.94,11088.82,2023-08-20,35,60.0,matthew.williams@company.com,(792) 674-1848,Active
EMP022372,Sarah,Jackson,Sarah Jackson,60,HR,Analyst,Chicago,72954.57,4260.33,2023-07-05,32,64.2,sarah.jackson@company.com,(264) 939-1059,Active
EMP022373,James,Brown,James Brown,63,IT,Associate,Seattle,75825.05,6347.5,2021-05-09,41,72.1,james.brown@company.com,(740) 587-4455,Active
EMP022374,Daniel,Miller,Daniel Miller,51,Marketing,Director,Seattle,77479.88,9086.8,2022-08-21,29,80.6,daniel.miller@company.com,(950) 935-1218,Active
EMP022375,Sarah,Thomas,Sarah Thomas,37,Marketing,Specialist,Austin,44814.06,2560.19,2020-08-03,14,65.0,sarah.thomas@company.com,(382) 921-4712,Active
EMP022376,Emily,Wilson,Emily Wilson,59,IT,Analyst,Austin,126095.75,2229.68,2022-01-24,37,55.1,emily.wilson@company.com,(552) 474-5506,Active
EMP022377,Jane,Moore,Jane Moore,53,Engineering,Specialist,Miami,116145.76,2150.29,2024-08-11,27,77.5,jane.moore@company.com,(312) 512-2708,Active
EMP022378,Jessica,Gonzalez,Jessica Gonzalez,37,Operations,Specialist,Los Angeles,40587.23,2837.14,2020-08-01,13,90.5,jessica.gonzalez@company.com,(761) 510-7285,Active
EMP022379,Daniel,Anderson,Daniel Anderson,49,Sales,Analyst,Austin,84628.68,8576.27,2020-01-28,27,68.0,daniel.anderson@company.com,(441) 229-9863,On Leave
EMP022380,Anthony,Taylor,Anthony Taylor,55,Marketing,Coordinator,New York,81770.16,13182.45,2023-04-24,26,78.7,anthony.taylor@company.com,(636) 807-8864,Active
EMP022381,Nicole,Williams,Nicole Williams,31,Legal,Director,Austin,86233.8,2984.96,2024-12-23,4,48.8,nicole.williams@company.com,(630) 586-5083,Active
EMP022382,James,Hernandez,James Hernandez,47,Finance,Director,Seattle,66906.51,6903.29,2020-07-11,22,84.4,james.hernandez@company.com,(735) 284-6418,Active
EMP022383,David,Thomas,David Thomas,56,Engineering,Senior Developer,San Francisco,129325.99,1603.59,2023-09-08,29,71.4,david.thomas@company.com,(703) 900-9826,Active
EMP022384,Michael,Martin,Michael Martin,47,Sales,Manager,New York,79533.97,9664.32,2021-12-27,23,82.5,michael.martin@company.com,(618) 858-1726,Active
EMP022385,David,Taylor,David Taylor,35,Operations,Analyst,Boston,80157.48,9384.11,2024-05-15,10,88.8,david.taylor@company.com,(323) 643-1848,Active
EMP022386,Anthony,Martin,Anthony Martin,36,IT,Analyst,Chicago,36000.0,2992.4,2023-09-09,7,61.6,anthony.martin@company.com,(790) 965-7214,Active
EMP022387,Lisa,Davis,Lisa Davis,30,HR,Associate,Los Angeles,47038.45,3239.71,2021-01-18,7,56.9,lisa.davis@company.com,(416) 758-5447,Active
EMP022388,Nicole,Thomas,Nicole Thomas,39,Engineering,Director,Boston,98232.32,11930.45,2022-07-16,16,60.2,nicole.thomas@company.com,(294) 553-5424,Active
EMP022389,Stephanie,Gonzalez,Stephanie Gonzalez,65,Legal,Manager,Austin,132648.85,15235.53,2022-12-05,36,46.3,stephanie.gonzalez@company.com,(625) 358-3875,Active
EMP022390,James,Brown,James Brown,42,Legal,Associate,Seattle,90746.85,5111.91,2023-11-04,16,45.1,james.brown@company.com,(839) 945-8820,Active
EMP022391,Christopher,Rodriguez,Christopher Rodriguez,63,Sales,Associate,New York,103653.33,17820.64,2024-09-15,35,49.0,christopher.rodriguez@company.com,(489) 965-6094,Active
EMP022392,James,Wilson,James Wilson,44,Marketing,Director,Seattle,58604.88,896.1,2020-08-26,21,79.8,james.wilson@company.com,(476) 459-4256,Active
EMP022393,Jessica,Jackson,Jessica Jackson,63,Engineering,Manager,Miami,105383.97,12279.17,2024-12-25,36,57.8,jessica.jackson@company.com,(270) 940-1819,Active
EMP022394,James,Williams,James Williams,45,HR,Analyst,Seattle,73634.71,4601.11,2021-05-13,19,49.4,james.williams@company.com,(624) 288-1730,Active
EMP022395,Emily,Hernandez,Emily Hernandez,60,Operations,Specialist,Miami,79579.13,11499.21,2023-08-03,38,85.4,emily.hernandez@company.com,(999) 516-4821,Active
EMP022396,William,Brown,William Brown,37,Operations,Director,Miami,73057.1,912.63,2022-11-22,10,73.2,william.brown@company.com,(786) 476-2044,Active
EMP022397,Christopher,Williams,Christopher Williams,54,IT,Analyst,New York,94441.29,16790.24,2021-12-07,26,78.8,christopher.williams@company.com,(222) 506-3518,Active
EMP022398,Michael,Hernandez,Michael Hernandez,43,Operations,Analyst,Boston,63033.54,926.74,2021-06-16,16,55.3,michael.hernandez@company.com,(816) 293-2845,Active
EMP022399,Amanda,Thomas,Amanda Thomas,36,Legal,Director,Austin,119445.84,12811.29,2020-01-15,7,74.1,amanda.thomas@company.com,(883) 816-6224,On Leave
EMP022400,Christopher,Moore,Christopher Moore,65,Engineering,Manager,New York,117540.47,18761.01,2020-05-17,42,73.4,christopher.moore@company.com,(814) 266-9088,On Leave
EMP022401,Daniel,Brown,Daniel Brown,32,Marketing,Senior Developer,Miami,57565.33,5965.97,2021-12-19,10,65.7,daniel.brown@company.com,(773) 507-1211,Active
EMP022402,John,Hernandez,John Hernandez,29,HR,Director,Austin,61540.77,9284.73,2022-12-29,5,88.9,john.hernandez@company.com,(275) 814-9987,Active
EMP022403,Ashley,Smith,Ashley Smith,31,IT,Lead,Chicago,83492.63,16555.39,2022-10-27,3,75.8,ashley.smith@company.com,(272) 489-3045,Active
EMP022404,Ashley,Davis,Ashley Davis,57,Sales,Manager,Chicago,80650.77,5889.63,2023-06-26,31,68.7,ashley.davis@company.com,(939) 205-7873,Active
EMP022405,Christopher,Thomas,Christopher Thomas,38,Finance,Director,Seattle,64743.68,6526.63,2021-01-21,14,100.0,christopher.thomas@company.com,(293) 991-7992,Active
EMP022406,William,Moore,William Moore,44,Finance,Associate,Austin,85349.59,11311.54,2020-06-07,21,82.4,william.moore@company.com,(984) 895-4814,Inactive
EMP022407,Robert,Jackson,Robert Jackson,61,Sales,Analyst,Boston,79467.55,7026.0,2024-11-16,36,71.5,robert.jackson@company.com,(390) 881-1296,Active
EMP022408,Amanda,Lopez,Amanda Lopez,51,Engineering,Specialist,Chicago,104497.24,8979.4,2023-11-05,24,52.9,amanda.lopez@company.com,(405) 870-7957,Inactive
EMP022409,John,Davis,John Davis,58,HR,Coordinator,Boston,84201.03,14979.29,2024-01-12,29,74.8,john.davis@company.com,(917) 643-3626,Active
EMP022410,David,Hernandez,David Hernandez,54,HR,Specialist,Boston,79766.6,0.0,2022-05-27,29,67.6,david.hernandez@company.com,(861) 437-9787,Active
EMP022411,Daniel,Gonzalez,Daniel Gonzalez,59,IT,Senior Developer,Boston,80496.58,879.17,2022-09-01,36,77.0,daniel.gonzalez@company.com,(570) 781-7052,Active
EMP022412,Anthony,Miller,Anthony Miller,46,Operations,Associate,New York,41243.2,1643.79,2020-04-07,20,71.7,anthony.miller@company.com,(863) 487-9552,Active
EMP022413,William,Williams,William Williams,49,Finance,Senior Developer,Seattle,90018.2,9962.37,2024-03-28,21,63.4,william.williams@company.com,(763) 214-7658,Inactive
EMP022414,Sarah,Miller,Sarah Miller,26,Sales,Specialist,San Francisco,70101.87,8527.61,2020-01-17,0,68.5,sarah.miller@company.com,(599) 518-8009,Active
EMP022415,Stephanie,Jones,Stephanie Jones,56,Engineering,Senior Developer,Miami,88251.73,2561.93,2021-01-02,29,81.0,stephanie.jones@company.com,(978) 382-1389,Active
EMP022416,Robert,Smith,Robert Smith,27,Finance,Analyst,New York,61405.31,4855.14,2023-08-05,0,85.1,robert.smith@company.com,(741) 356-3310,On Leave
EMP022417,Anthony,Johnson,Anthony Johnson,29,Operations,Lead,Seattle,40604.08,7486.77,2023-09-29,6,37.9,anthony.johnson@company.com,(520) 473-7749,On Leave
EMP022418,Christopher,Martinez,Christopher Martinez,49,Legal,Manager,Los Angeles,102055.96,14955.99,2023-04-27,23,57.9,christopher.martinez@company.com,(527) 225-1693,Inactive
EMP022419,Jane,Taylor,Jane Taylor,32,IT,Senior Developer,Boston,48842.27,2906.82,2024-02-25,8,61.6,jane.taylor@company.com,(294) 699-5034,Active
EMP022420,Jessica,Williams,Jessica Williams,41,Sales,Manager,Miami,59124.6,1456.55,2023-04-24,12,68.4,jessica.williams@company.com,(905) 951-4164,Active
EMP022421,Jane,Jones,Jane Jones,60,Sales,Specialist,Seattle,106001.75,13226.96,2023-06-21,36,56.8,jane.jones@company.com,(297) 971-3545,On Leave
EMP022422,Daniel,Thomas,Daniel Thomas,56,Engineering,Specialist,Seattle,99359.09,6865.38,2022-09-01,32,89.9,daniel.thomas@company.com,(310) 297-3652,Active
EMP022423,William,Davis,William Davis,39,Finance,Director,Chicago,64808.29,13280.47,2020-12-29,16,64.1,william.davis@company.com,(799) 928-5973,Active
EMP022424,Michael,Wilson,Michael Wilson,51,HR,Senior Developer,San Francisco,81224.18,9977.68,2020-03-07,27,93.0,michael.wilson@company.com,(547) 408-4692,Active
EMP022425,Sarah,Jones,Sarah Jones,53,Sales,Coordinator,New York,95987.16,12474.08,2020-07-07,29,64.9,sarah.jones@company.com,(319) 433-6593,Active
EMP022426,Daniel,Jones,Daniel Jones,60,Operations,Senior Developer,Boston,72917.28,10141.71,2020-03-11,33,71.5,daniel.jones@company.com,(826) 425-6303,Active
EMP022427,Sarah,Moore,Sarah Moore,23,Marketing,Associate,New York,41039.16,1030.12,2021-06-25,1,100.0,sarah.moore@company.com,(912) 574-6782,Active
EMP022428,Melissa,Wilson,Melissa Wilson,22,Legal,Analyst,Boston,59211.9,2990.4,2024-08-23,0,66.6,melissa.wilson@company.com,(951) 262-5094,Inactive
EMP022429,Nicole,Moore,Nicole Moore,40,Finance,Coordinator,Miami,71648.19,5330.09,2020-10-01,12,57.2,nicole.moore@company.com,(855) 898-7596,Active
EMP022430,Jessica,Johnson,Jessica Johnson,54,Operations,Coordinator,Boston,72911.62,8437.18,2020-07-31,25,38.9,jessica.johnson@company.com,(373) 453-3405,Active
EMP022431,Lisa,Williams,Lisa Williams,30,HR,Manager,San Francisco,53069.36,2840.9,2023-01-15,7,85.3,lisa.williams@company.com,(515) 796-7678,Active
EMP022432,Stephanie,Rodriguez,Stephanie Rodriguez,42,HR,Manager,Los Angeles,66484.53,11085.3,2021-11-11,20,56.9,stephanie.rodriguez@company.com,(653) 975-5223,Active
EMP022433,Robert,Taylor,Robert Taylor,49,Finance,Director,Austin,115104.35,6015.42,2021-05-16,25,77.7,robert.taylor@company.com,(844) 414-3342,Active
EMP022434,Sarah,Davis,Sarah Davis,24,Sales,Coordinator,Chicago,39742.54,3889.1,2020-04-04,0,60.2,sarah.davis@company.com,(716) 568-7545,Active
EMP022435,Anthony,Martinez,Anthony Martinez,24,Marketing,Specialist,San Francisco,64286.22,5099.84,2023-11-12,0,80.4,anthony.martinez@company.com,(286) 591-9122,Active
EMP022436,Daniel,Lopez,Daniel Lopez,40,Marketing,Lead,Miami,79810.38,10694.31,2023-10-23,16,64.7,daniel.lopez@company.com,(552) 241-2877,Active
EMP022437,Lisa,Johnson,Lisa Johnson,53,Operations,Senior Developer,San Francisco,74054.93,4957.62,2023-03-08,31,73.9,lisa.johnson@company.com,(889) 585-3071,Active
EMP022438,James,Williams,James Williams,63,Engineering,Manager,Boston,120683.83,13573.18,2022-10-15,35,99.6,james.williams@company.com,(760) 207-6003,Active
EMP022439,Amanda,Taylor,Amanda Taylor,42,Finance,Specialist,Austin,101263.84,1125.99,2024-12-15,14,61.0,amanda.taylor@company.com,(782) 268-9324,Active
EMP022440,James,Moore,James Moore,47,HR,Senior Developer,Chicago,88024.75,9213.95,2020-12-14,24,82.5,james.moore@company.com,(993) 937-7003,Active
EMP022441,Stephanie,Moore,Stephanie Moore,27,Finance,Director,San Francisco,63243.67,5018.32,2021-02-23,0,89.6,stephanie.moore@company.com,(401) 766-9999,Active
EMP022442,Lisa,Jones,Lisa Jones,39,Legal,Director,San Francisco,126961.2,19757.2,2022-03-31,10,40.2,lisa.jones@company.com,(534) 346-1763,Active
EMP022443,Stephanie,Jackson,Stephanie Jackson,51,IT,Coordinator,Miami,70585.98,9134.3,2021-11-25,27,90.9,stephanie.jackson@company.com,(954) 353-2520,Active
EMP022444,Melissa,Gonzalez,Melissa Gonzalez,38,IT,Senior Developer,Los Angeles,56406.01,7157.89,2022-08-30,13,57.4,melissa.gonzalez@company.com,(277) 874-3925,Active
EMP022445,Christopher,Anderson,Christopher Anderson,32,Legal,Lead,Chicago,100555.29,5355.18,2021-04-19,6,100.0,christopher.anderson@company.com,(789) 203-1498,Active
EMP022446,Christopher,Hernandez,Christopher Hernandez,50,Sales,Coordinator,Austin,93904.11,6474.53,2023-11-18,25,87.7,christopher.hernandez@company.com,(709) 906-3705,On Leave
EMP022447,Jessica,Taylor,Jessica Taylor,57,Finance,Specialist,Chicago,98464.48,4018.96,2023-12-04,35,74.6,jessica.taylor@company.com,(845) 831-3607,Active
EMP022448,Lisa,Davis,Lisa Davis,56,Operations,Lead,Austin,57410.8,5560.16,2021-05-24,31,83.6,lisa.davis@company.com,(245) 383-9753,Active
EMP022449,Ashley,Brown,Ashley Brown,31,Legal,Lead,Boston,105260.76,8375.56,2023-08-07,2,77.3,ashley.brown@company.com,(352) 217-8982,Active
EMP022450,Jessica,Brown,Jessica Brown,28,Operations,Senior Developer,New York,45782.94,3663.11,2023-11-26,0,61.7,jessica.brown@company.com,(242) 756-5352,Active
EMP022451,Sarah,Martin,Sarah Martin,36,Engineering,Specialist,Austin,39000.0,8557.38,2023-09-25,13,73.4,sarah.martin@company.com,(468) 587-1986,Active
EMP022452,Christopher,Lopez,Christopher Lopez,63,Operations,Associate,Chicago,76242.08,8907.19,2021-07-16,39,56.0,christopher.lopez@company.com,(539) 537-8210,Active
EMP022453,William,Jackson,William Jackson,26,Legal,Associate,Los Angeles,58008.68,3333.53,2022-10-16,4,87.2,william.jackson@company.com,(243) 491-3754,On Leave
EMP022454,Michael,Jackson,Michael Jackson,24,Engineering,Analyst,Miami,73833.87,4390.11,2024-10-25,0,74.7,michael.jackson@company.com,(702) 513-5911,Active
EMP022455,Emily,Taylor,Emily Taylor,52,Engineering,Analyst,New York,148513.18,18855.93,2023-03-09,30,73.6,emily.taylor@company.com,(320) 581-2773,Active
EMP022456,John,Williams,John Williams,47,Sales,Lead,Seattle,81467.24,9669.38,2022-04-26,18,100.0,john.williams@company.com,(443) 238-6000,Active
EMP022457,Melissa,Jones,Melissa Jones,65,Engineering,Coordinator,Boston,103709.47,14462.79,2020-02-01,43,55.3,melissa.jones@company.com,(892) 637-9831,Active
EMP022458,Ashley,Hernandez,Ashley Hernandez,60,Finance,Senior Developer,New York,102675.09,8653.47,2022-01-29,31,93.9,ashley.hernandez@company.com,(497) 334-8972,Active
EMP022459,Matthew,Williams,Matthew Williams,61,Sales,Manager,Austin,92563.63,8349.65,2024-02-26,36,71.9,matthew.williams@company.com,(362) 813-9906,Active
EMP022460,Melissa,Smith,Melissa Smith,45,Finance,Analyst,Austin,58823.05,1837.51,2021-06-04,23,76.3,melissa.smith@company.com,(420) 569-6492,Active
EMP022461,Robert,Jackson,Robert Jackson,57,Marketing,Analyst,Los Angeles,94852.3,8966.97,2022-12-21,31,80.2,robert.jackson@company.com,(361) 354-5147,Active
EMP022462,Nicole,Rodriguez,Nicole Rodriguez,32,Marketing,Specialist,Austin,70785.97,10941.81,2021-09-27,10,60.7,nicole.rodriguez@company.com,(493) 619-8899,Active
EMP022463,Robert,Hernandez,Robert Hernandez,39,Sales,Lead,Boston,72993.61,12735.77,2023-04-03,15,73.5,robert.hernandez@company.com,(660) 471-8849,Active
EMP022464,Amanda,Jones,Amanda Jones,65,Marketing,Senior Developer,Boston,100273.0,8775.86,2024-03-03,42,69.9,amanda.jones@company.com,(602) 977-3502,Active
EMP022465,Michael,Brown,Michael Brown,46,Engineering,Associate,Boston,118204.33,15394.75,2020-02-22,24,94.3,michael.brown@company.com,(798) 874-3405,Active
EMP022466,Emily,Johnson,Emily Johnson,58,Legal,Associate,Seattle,114537.91,23684.55,2023-06-04,36,74.3,emily.johnson@company.com,(859) 772-4835,Active
EMP022467,Stephanie,Johnson,Stephanie Johnson,65,Sales,Specialist,San Francisco,95707.0,4082.56,2021-01-31,42,65.2,stephanie.johnson@company.com,(884) 403-3225,Active
EMP022468,Nicole,Wilson,Nicole Wilson,23,Sales,Lead,Miami,30000.0,3141.09,2022-04-07,0,70.8,nicole.wilson@company.com,(663) 927-9031,Active
EMP022469,Christopher,Jackson,Christopher Jackson,31,Sales,Director,Austin,67303.34,8510.37,2024-09-24,7,59.1,christopher.jackson@company.com,(346) 888-1669,Active
EMP022470,Stephanie,Williams,Stephanie Williams,64,HR,Manager,Miami,76141.0,6328.67,2021-05-11,42,69.5,stephanie.williams@company.com,(617) 361-3511,Active
EMP022471,Sarah,Jackson,Sarah Jackson,58,Finance,Senior Developer,Los Angeles,90427.74,17489.51,2022-07-11,31,75.4,sarah.jackson@company.com,(566) 847-5758,Active
EMP022472,Anthony,Martin,Anthony Martin,38,Sales,Lead,New York,57683.69,5167.37,2023-11-07,11,72.0,anthony.martin@company.com,(861) 596-2228,Active
EMP022473,David,Martinez,David Martinez,45,Engineering,Specialist,Boston,95907.88,11613.94,2023-01-30,16,63.2,david.martinez@company.com,(645) 975-9888,Active
EMP022474,Michael,Thomas,Michael Thomas,47,Engineering,Associate,Miami,98814.23,9221.94,2023-04-19,18,82.5,michael.thomas@company.com,(338) 262-3112,Active
EMP022475,Jessica,Miller,Jessica Miller,63,Marketing,Director,Chicago,64395.95,5504.01,2021-09-06,39,89.4,jessica.miller@company.com,(854) 983-8412,Active
EMP022476,Stephanie,Davis,Stephanie Davis,31,Operations,Manager,Boston,54005.06,4869.66,2021-07-04,9,68.2,stephanie.davis@company.com,(498) 256-3453,Active
EMP022477,Amanda,Miller,Amanda Miller,62,Marketing,Coordinator,Boston,99464.74,0.0,2022-09-04,39,79.2,amanda.miller@company.com,(856) 925-8842,Active
EMP022478,William,Lopez,William Lopez,42,Engineering,Lead,Los Angeles,116154.08,24025.24,2020-03-05,18,80.4,william.lopez@company.com,(878) 289-6004,Active
EMP022479,Sarah,Johnson,Sarah Johnson,38,Engineering,Specialist,Chicago,81110.99,2662.87,2023-01-14,10,57.9,sarah.johnson@company.com,(555) 887-4268,Active
EMP022480,Daniel,Rodriguez,Daniel Rodriguez,31,IT,Coordinator,Seattle,65832.31,7672.29,2024-07-05,7,92.4,daniel.rodriguez@company.com,(963) 571-9951,Active
EMP022481,Daniel,Smith,Daniel Smith,32,Finance,Director,Austin,60605.93,7593.41,2023-08-25,6,77.3,daniel.smith@company.com,(464) 978-8446,Active
EMP022482,Melissa,Gonzalez,Melissa Gonzalez,56,Marketing,Specialist,Boston,80319.42,566.77,2020-05-01,31,95.2,melissa.gonzalez@company.com,(810) 444-3494,Active
EMP022483,Emily,Davis,Emily Davis,26,Finance,Specialist,San Francisco,63244.23,6378.03,2024-04-19,0,83.0,emily.davis@company.com,(985) 296-2862,Active
EMP022484,William,Martinez,William Martinez,37,Engineering,Analyst,Seattle,53198.39,5799.95,2024-02-23,10,100.0,william.martinez@company.com,(596) 346-7644,Active
EMP022485,Amanda,Smith,Amanda Smith,49,Finance,Associate,Boston,74235.15,14572.26,2023-01-13,21,51.1,amanda.smith@company.com,(498) 546-2432,Active
EMP022486,James,Martinez,James Martinez,51,Finance,Senior Developer,San Francisco,101026.24,10614.57,2023-01-27,27,80.6,james.martinez@company.com,(709) 292-7664,Active
EMP022487,Jessica,Williams,Jessica Williams,60,Operations,Associate,San Francisco,64985.98,5015.49,2022-04-20,38,71.5,jessica.williams@company.com,(870) 784-1345,Active
EMP022488,Stephanie,Rodriguez,Stephanie Rodriguez,37,Sales,Manager,Seattle,56049.0,6531.26,2020-10-03,9,77.4,stephanie.rodriguez@company.com,(470) 986-9805,Active
EMP022489,Amanda,Smith,Amanda Smith,65,Engineering,Specialist,New York,103256.34,9914.44,2023-05-05,42,100.0,amanda.smith@company.com,(264) 876-5522,Active
EMP022490,Stephanie,Taylor,Stephanie Taylor,63,Marketing,Associate,Chicago,90314.88,6238.63,2020-08-25,38,65.5,stephanie.taylor@company.com,(616) 426-9658,Active
EMP022491,Ashley,Anderson,Ashley Anderson,40,Legal,Associate,Miami,98839.29,5665.76,2024-04-12,13,100.0,ashley.anderson@company.com,(422) 865-2432,Active
EMP022492,John,Smith,John Smith,43,IT,Lead,Miami,94859.65,3691.85,2021-05-02,21,76.1,john.smith@company.com,(317) 694-4614,Active
EMP022493,Nicole,Wilson,Nicole Wilson,58,Operations,Manager,Boston,57132.49,7373.03,2024-03-20,34,68.4,nicole.wilson@company.com,(546) 498-5001,Active
EMP022494,Nicole,Gonzalez,Nicole Gonzalez,47,Marketing,Associate,Seattle,69515.77,12289.39,2020-01-11,21,74.1,nicole.gonzalez@company.com,(409) 282-1766,Inactive
EMP022495,Stephanie,Moore,Stephanie Moore,48,Finance,Analyst,Los Angeles,122455.66,20121.29,2023-12-27,22,68.3,stephanie.moore@company.com,(869) 396-4500,Active
EMP022496,James,Hernandez,James Hernandez,47,Operations,Director,Seattle,68468.43,8727.49,2024-07-05,19,85.6,james.hernandez@company.com,(969) 425-2220,Active
EMP022497,William,Wilson,William Wilson,51,Sales,Senior Developer,San Francisco,80972.22,4166.91,2022-03-05,27,41.6,william.wilson@company.com,(565) 352-6313,Active
EMP022498,Emily,Wilson,Emily Wilson,46,Marketing,Associate,Boston,49343.28,3592.32,2021-12-28,24,45.3,emily.wilson@company.com,(898) 233-1997,Active
EMP022499,Emily,Johnson,Emily Johnson,48,Sales,Associate,Miami,74625.7,9834.14,2021-03-21,24,71.5,emily.johnson@company.com,(976) 673-9663,Active
EMP022500,Jane,Martin,Jane Martin,23,Operations,Manager,New York,53271.19,1665.9,2024-07-24,0,93.3,jane.martin@company.com,(764) 726-7996,Active
EMP022501,James,Williams,James Williams,58,Sales,Senior Developer,Austin,77889.09,3691.71,2024-06-23,33,93.3,james.williams@company.com,(933) 852-3260,Active
EMP022502,Melissa,Brown,Melissa Brown,52,Finance,Specialist,Boston,84830.38,7828.82,2020-07-10,25,73.2,melissa.brown@company.com,(596) 796-6536,Active
EMP022503,Michael,Thomas,Michael Thomas,26,Legal,Manager,New York,89969.75,0.0,2023-09-14,2,52.1,michael.thomas@company.com,(420) 743-2712,Active
EMP022504,Amanda,Smith,Amanda Smith,27,Marketing,Lead,Chicago,59824.79,6760.85,2021-06-15,4,73.5,amanda.smith@company.com,(985) 926-8193,On Leave
EMP022505,Lisa,Rodriguez,Lisa Rodriguez,29,HR,Specialist,San Francisco,49492.1,4573.31,2023-07-30,6,81.7,lisa.rodriguez@company.com,(587) 985-8547,Active
EMP022506,Jessica,Gonzalez,Jessica Gonzalez,62,Marketing,Coordinator,Seattle,86853.05,10903.21,2024-04-04,35,61.6,jessica.gonzalez@company.com,(430) 830-5919,Active
EMP022507,Ashley,Wilson,Ashley Wilson,52,Legal,Coordinator,Seattle,104846.92,18274.41,2024-07-17,28,100.0,ashley.wilson@company.com,(599) 873-3954,Active
EMP022508,Daniel,Wilson,Daniel Wilson,29,Operations,Associate,Austin,72225.49,4992.87,2024-08-14,5,88.4,daniel.wilson@company.com,(837) 772-3551,Active
EMP022509,Sarah,Williams,Sarah Williams,55,Engineering,Director,San Francisco,107560.46,1716.32,2021-08-31,27,97.7,sarah.williams@company.com,(880) 530-5297,Active
EMP022510,Robert,Smith,Robert Smith,46,IT,Coordinator,Austin,107902.42,8949.16,2022-10-26,20,57.0,robert.smith@company.com,(521) 572-7766,Active
EMP022511,Anthony,Lopez,Anthony Lopez,53,Marketing,Senior Developer,Austin,60394.2,5218.59,2023-06-26,24,65.1,anthony.lopez@company.com,(705) 716-2373,Active
EMP022512,Jessica,Martinez,Jessica Martinez,38,HR,Manager,San Francisco,68784.94,5145.55,2020-05-29,16,79.8,jessica.martinez@company.com,(320) 366-5604,Active
EMP022513,Emily,Garcia,Emily Garcia,56,Finance,Specialist,Seattle,82249.2,5956.01,2020-08-17,33,88.1,emily.garcia@company.com,(631) 532-6151,Active
EMP022514,Ashley,Davis,Ashley Davis,36,HR,Coordinator,New York,61477.9,5509.81,2024-10-05,10,65.4,ashley.davis@company.com,(516) 405-3175,Active
EMP022515,Daniel,Miller,Daniel Miller,31,IT,Analyst,Chicago,84948.71,10818.12,2020-01-01,8,74.3,daniel.miller@company.com,(891) 541-1605,On Leave
EMP022516,Daniel,Thomas,Daniel Thomas,50,Finance,Manager,Chicago,89075.86,9721.74,2020-10-01,26,100.0,daniel.thomas@company.com,(980) 548-2544,Active
EMP022517,John,Jones,John Jones,50,IT,Director,Chicago,97115.83,3508.52,2020-07-31,28,65.0,john.jones@company.com,(405) 260-1234,Active
EMP022518,Jessica,Martinez,Jessica Martinez,61,Finance,Manager,Seattle,111818.52,15055.86,2020-11-29,35,68.9,jessica.martinez@company.com,(252) 799-4371,Active
EMP022519,Jane,Miller,Jane Miller,56,IT,Director,Boston,144706.89,15478.73,2024-01-25,30,79.1,jane.miller@company.com,(794) 280-4793,Active
EMP022520,Matthew,Davis,Matthew Davis,63,HR,Associate,Los Angeles,87717.75,7438.44,2023-07-09,36,70.9,matthew.davis@company.com,(506) 840-8174,Active
EMP022521,John,Gonzalez,John Gonzalez,36,Engineering,Manager,San Francisco,87498.8,2885.96,2024-07-08,7,100.0,john.gonzalez@company.com,(807) 692-4024,Active
EMP022522,Amanda,Thomas,Amanda Thomas,32,Legal,Associate,Seattle,79803.59,10601.02,2020-01-12,3,71.0,amanda.thomas@company.com,(487) 221-4837,Active
EMP022523,David,Johnson,David Johnson,36,Sales,Manager,Chicago,71748.18,8627.32,2021-05-29,14,70.0,david.johnson@company.com,(615) 457-7754,Active
EMP022524,Matthew,Taylor,Matthew Taylor,32,Operations,Analyst,Miami,47894.1,5348.72,2021-03-23,9,90.3,matthew.taylor@company.com,(997) 570-3750,Active
EMP022525,Michael,Gonzalez,Michael Gonzalez,24,Marketing,Manager,San Francisco,55042.21,4666.07,2021-04-12,0,86.5,michael.gonzalez@company.com,(290) 720-7815,Active
EMP022526,David,Martin,David Martin,55,Operations,Coordinator,Seattle,76131.53,7904.92,2021-12-03,33,85.8,david.martin@company.com,(936) 751-6822,Active
EMP022527,James,Williams,James Williams,62,Sales,Analyst,Los Angeles,86834.83,9407.36,2021-05-08,35,58.5,james.williams@company.com,(624) 815-7139,Active
EMP022528,Stephanie,Jackson,Stephanie Jackson,31,Operations,Analyst,Austin,47083.26,3046.42,2021-05-25,6,89.1,stephanie.jackson@company.com,(435) 925-7206,Active
EMP022529,Jessica,Gonzalez,Jessica Gonzalez,51,HR,Senior Developer,Seattle,71414.73,7556.62,2023-04-21,26,70.3,jessica.gonzalez@company.com,(726) 910-9068,Active
EMP022530,Nicole,Jones,Nicole Jones,51,HR,Associate,San Francisco,77372.22,7204.97,2022-07-02,23,78.6,nicole.jones@company.com,(257) 944-6265,Active
EMP022531,Melissa,Taylor,Melissa Taylor,31,Legal,Analyst,San Francisco,98475.0,13043.58,2024-05-15,3,91.6,melissa.taylor@company.com,(596) 554-5000,Active
EMP022532,Sarah,Martin,Sarah Martin,42,IT,Coordinator,San Francisco,74446.46,16382.28,2023-01-02,15,88.0,sarah.martin@company.com,(490) 721-2859,Active
EMP022533,James,Williams,James Williams,31,Marketing,Specialist,Austin,50259.58,6196.41,2021-04-13,7,65.0,james.williams@company.com,(684) 218-3700,Active
EMP022534,William,Garcia,William Garcia,44,IT,Coordinator,Boston,87955.15,13332.89,2023-04-06,20,91.5,william.garcia@company.com,(798) 428-2426,Active
EMP022535,Michael,Taylor,Michael Taylor,38,Marketing,Associate,Miami,43308.07,4595.69,2020-01-11,9,74.7,michael.taylor@company.com,(419) 715-3478,Active
EMP022536,Anthony,Davis,Anthony Davis,35,Finance,Coordinator,Seattle,62362.27,10303.34,2024-09-08,8,65.2,anthony.davis@company.com,(537) 612-2518,Active
EMP022537,Michael,Taylor,Michael Taylor,28,Engineering,Analyst,Los Angeles,77315.59,6477.48,2021-05-27,4,61.4,michael.taylor@company.com,(224) 590-5596,Active
EMP022538,Stephanie,Garcia,Stephanie Garcia,38,HR,Analyst,Seattle,42543.03,3779.94,2023-02-10,16,87.3,stephanie.garcia@company.com,(363) 281-5724,Active
EMP022539,James,Smith,James Smith,60,Finance,Coordinator,Seattle,90965.98,8450.79,2023-08-19,33,79.4,james.smith@company.com,(360) 350-1223,Active
EMP022540,Daniel,Anderson,Daniel Anderson,48,Legal,Senior Developer,Seattle,95518.28,15138.6,2022-11-06,22,97.5,daniel.anderson@company.com,(835) 945-7756,Active
EMP022541,John,Thomas,John Thomas,35,Sales,Analyst,Chicago,47527.14,546.03,2020-09-11,9,79.5,john.thomas@company.com,(719) 395-5428,Active
EMP022542,Emily,Garcia,Emily Garcia,27,Operations,Lead,New York,58398.23,4623.95,2023-09-15,5,77.4,emily.garcia@company.com,(972) 642-8470,Active
EMP022543,Nicole,Taylor,Nicole Taylor,28,Finance,Associate,Austin,71029.51,3829.82,2022-01-22,5,50.6,nicole.taylor@company.com,(563) 905-1269,Active
EMP022544,Stephanie,Brown,Stephanie Brown,42,Sales,Associate,Chicago,50256.43,6146.41,2023-06-14,17,75.0,stephanie.brown@company.com,(775) 217-1923,Active
EMP022545,Anthony,Moore,Anthony Moore,40,Operations,Analyst,New York,53125.07,6720.65,2021-12-14,15,56.1,anthony.moore@company.com,(825) 764-9981,Active
EMP022546,Lisa,Williams,Lisa Williams,58,IT,Manager,Boston,100815.7,10664.83,2022-07-03,31,99.3,lisa.williams@company.com,(460) 903-8319,Active
EMP022547,David,Miller,David Miller,46,Legal,Specialist,Austin,112223.58,11551.16,2020-05-04,17,87.7,david.miller@company.com,(218) 273-6935,Inactive
EMP022548,Ashley,Rodriguez,Ashley Rodriguez,64,Legal,Manager,Boston,125262.95,13057.44,2020-05-16,39,62.0,ashley.rodriguez@company.com,(934) 597-5460,Active
EMP022549,Ashley,Rodriguez,Ashley Rodriguez,41,Operations,Analyst,Los Angeles,53803.28,6736.41,2021-12-16,18,83.4,ashley.rodriguez@company.com,(432) 619-5272,Inactive
EMP022550,David,Davis,David Davis,50,Engineering,Analyst,San Francisco,91008.32,5075.67,2021-07-13,22,71.9,david.davis@company.com,(844) 881-6052,Active
EMP022551,Amanda,Davis,Amanda Davis,51,Operations,Director,Boston,72173.2,13450.57,2022-03-04,25,58.3,amanda.davis@company.com,(716) 791-4376,Active
EMP022552,Christopher,Martin,Christopher Martin,63,Legal,Coordinator,Los Angeles,100654.4,12849.36,2024-10-05,34,100.0,christopher.martin@company.com,(413) 314-8011,Active
EMP022553,David,Rodriguez,David Rodriguez,35,IT,Coordinator,Seattle,79210.98,5522.99,2021-11-08,12,67.2,david.rodriguez@company.com,(269) 575-1254,Inactive
EMP022554,James,Thomas,James Thomas,23,Engineering,Director,Los Angeles,70853.99,9413.24,2021-08-09,0,82.9,james.thomas@company.com,(825) 792-8246,Inactive
EMP022555,John,Davis,John Davis,22,Engineering,Lead,Miami,74258.35,6154.22,2024-04-22,0,57.7,john.davis@company.com,(266) 944-4749,Active
EMP022556,Matthew,Thomas,Matthew Thomas,49,HR,Analyst,Boston,71382.29,526.23,2020-05-24,25,47.9,matthew.thomas@company.com,(328) 772-5158,Active
EMP022557,Matthew,Wilson,Matthew Wilson,29,Finance,Specialist,Seattle,50688.58,8359.16,2022-09-15,0,49.1,matthew.wilson@company.com,(460) 242-1747,Active
EMP022558,Amanda,Wilson,Amanda Wilson,56,Sales,Senior Developer,Boston,84597.33,13350.89,2021-02-23,33,85.1,amanda.wilson@company.com,(870) 541-1301,Active
EMP022559,Stephanie,Anderson,Stephanie Anderson,53,Finance,Coordinator,Miami,85746.1,10972.42,2024-05-08,27,70.4,stephanie.anderson@company.com,(270) 353-9000,Active
EMP022560,Jessica,Johnson,Jessica Johnson,47,IT,Manager,Boston,101280.58,17652.79,2021-08-31,22,42.2,jessica.johnson@company.com,(727) 927-7783,Active
EMP022561,Stephanie,Garcia,Stephanie Garcia,53,Marketing,Analyst,Seattle,87358.84,7273.32,2020-06-12,25,78.8,stephanie.garcia@company.com,(565) 706-7507,Active
EMP022562,Michael,Smith,Michael Smith,45,Operations,Coordinator,San Francisco,75927.09,12373.91,2024-02-03,20,66.8,michael.smith@company.com,(444) 736-7226,Active
EMP022563,Amanda,Williams,Amanda Williams,52,Finance,Coordinator,Miami,118540.25,17085.39,2020-10-25,28,100.0,amanda.williams@company.com,(762) 440-4446,Active
EMP022564,Stephanie,Lopez,Stephanie Lopez,47,Engineering,Manager,Austin,122543.43,16396.96,2021-06-12,25,83.1,stephanie.lopez@company.com,(806) 849-7583,Active
EMP022565,Amanda,Brown,Amanda Brown,35,IT,Director,Seattle,71640.44,10909.17,2022-06-09,7,73.0,amanda.brown@company.com,(955) 435-8246,Active
EMP022566,William,Brown,William Brown,45,HR,Lead,Miami,57222.04,2525.86,2023-05-23,19,86.0,william.brown@company.com,(782) 211-8484,Active
EMP022567,Anthony,Gonzalez,Anthony Gonzalez,61,Engineering,Senior Developer,New York,143890.28,15067.78,2020-02-18,34,57.9,anthony.gonzalez@company.com,(753) 802-2857,Active
EMP022568,Melissa,Hernandez,Melissa Hernandez,62,Legal,Specialist,Seattle,141106.55,0.0,2021-09-13,33,69.5,melissa.hernandez@company.com,(804) 676-2290,Active
EMP022569,John,Davis,John Davis,51,HR,Director,Boston,61145.6,6307.24,2020-03-23,25,75.0,john.davis@company.com,(225) 431-5662,Active
EMP022570,Daniel,Jones,Daniel Jones,37,Engineering,Lead,New York,112101.94,7461.57,2024-02-24,12,81.9,daniel.jones@company.com,(694) 418-1437,Active
EMP022571,Jane,Gonzalez,Jane Gonzalez,44,Sales,Coordinator,Boston,90602.45,8806.33,2020-08-07,21,100.0,jane.gonzalez@company.com,(839) 663-2091,Active
EMP022572,Nicole,Martinez,Nicole Martinez,55,Finance,Lead,Austin,85705.04,3457.74,2024-08-13,29,68.9,nicole.martinez@company.com,(684) 304-5334,Active
EMP022573,Matthew,Taylor,Matthew Taylor,26,Finance,Lead,Seattle,79258.63,8227.27,2022-04-19,2,69.1,matthew.taylor@company.com,(511) 443-3751,Active
EMP022574,Ashley,Moore,Ashley Moore,42,Sales,Director,Seattle,94690.32,14929.56,2022-05-18,20,73.4,ashley.moore@company.com,(811) 764-3239,Active
EMP022575,Christopher,Hernandez,Christopher Hernandez,33,HR,Director,Los Angeles,47645.19,1575.82,2020-07-31,11,53.1,christopher.hernandez@company.com,(276) 214-7291,Active
EMP022576,Michael,Davis,Michael Davis,45,Engineering,Associate,San Francisco,99492.33,14394.92,2020-02-20,20,80.0,michael.davis@company.com,(983) 924-8119,Active
EMP022577,John,Davis,John Davis,32,Legal,Senior Developer,Chicago,87274.23,6960.85,2024-03-04,9,82.6,john.davis@company.com,(630) 895-2054,Active
EMP022578,Emily,Miller,Emily Miller,55,IT,Coordinator,Seattle,114932.26,0.0,2021-03-09,31,81.7,emily.miller@company.com,(361) 898-5764,Active
EMP022579,Stephanie,Garcia,Stephanie Garcia,32,Legal,Senior Developer,Boston,61461.88,6861.79,2021-08-16,5,85.2,stephanie.garcia@company.com,(558) 607-7521,Inactive
EMP022580,Robert,Davis,Robert Davis,38,Sales,Specialist,Seattle,89157.52,11184.4,2020-10-04,9,91.2,robert.davis@company.com,(223) 826-9368,Active
EMP022581,William,Anderson,William Anderson,29,IT,Coordinator,Seattle,76420.09,8538.0,2022-01-19,5,78.2,william.anderson@company.com,(616) 651-6604,Active
EMP022582,William,Thomas,William Thomas,30,Engineering,Coordinator,Chicago,42436.72,4105.2,2022-05-21,4,84.5,william.thomas@company.com,(259) 758-9221,Active
EMP022583,Christopher,Brown,Christopher Brown,52,Legal,Associate,San Francisco,104432.49,4237.26,2021-12-12,28,73.9,christopher.brown@company.com,(587) 867-8562,Active
EMP022584,Stephanie,Hernandez,Stephanie Hernandez,32,Marketing,Manager,Boston,64157.43,6292.94,2021-05-26,9,63.5,stephanie.hernandez@company.com,(570) 562-4825,Active
EMP022585,Anthony,Davis,Anthony Davis,53,Operations,Analyst,New York,45243.58,762.32,2023-06-24,28,60.3,anthony.davis@company.com,(604) 639-3375,On Leave
EMP022586,Sarah,Wilson,Sarah Wilson,30,Sales,Director,Seattle,69519.53,3687.75,2022-02-01,3,74.4,sarah.wilson@company.com,(636) 707-1914,Inactive
EMP022587,Daniel,Martin,Daniel Martin,61,HR,Analyst,San Francisco,71643.83,4206.65,2022-12-15,34,95.7,daniel.martin@company.com,(766) 492-6543,Inactive
EMP022588,Jane,Moore,Jane Moore,46,Finance,Senior Developer,Chicago,81280.02,2549.6,2023-01-01,17,73.8,jane.moore@company.com,(979) 747-9208,Active
EMP022589,Nicole,Garcia,Nicole Garcia,31,Sales,Analyst,Austin,77228.72,5239.12,2023-04-07,4,71.8,nicole.garcia@company.com,(730) 248-4980,Active
EMP022590,Nicole,Martinez,Nicole Martinez,37,Marketing,Associate,Austin,76239.99,10111.81,2021-03-05,9,61.2,nicole.martinez@company.com,(456) 780-6098,Active
EMP022591,Amanda,Moore,Amanda Moore,48,IT,Senior Developer,Chicago,68067.43,8471.75,2024-12-08,24,96.5,amanda.moore@company.com,(821) 678-8989,Active
EMP022592,James,Taylor,James Taylor,30,Engineering,Specialist,Seattle,77123.41,2686.74,2022-11-16,4,61.2,james.taylor@company.com,(429) 890-4293,Active
EMP022593,Robert,Williams,Robert Williams,61,Marketing,Director,San Francisco,83444.63,9014.16,2022-06-16,33,62.9,robert.williams@company.com,(506) 660-7014,Active
EMP022594,Jane,Miller,Jane Miller,29,Sales,Associate,Seattle,44017.58,3214.49,2021-06-06,1,81.6,jane.miller@company.com,(408) 716-8839,Active
EMP022595,Matthew,Jones,Matthew Jones,34,Sales,Lead,Austin,41779.65,5887.02,2020-11-12,6,61.6,matthew.jones@company.com,(753) 990-3008,Active
EMP022596,Melissa,Williams,Melissa Williams,44,Operations,Manager,Seattle,64872.68,8509.46,2020-06-30,22,79.0,melissa.williams@company.com,(773) 408-5433,Active
EMP022597,James,Smith,James Smith,43,Engineering,Associate,New York,117646.01,5016.87,2022-04-07,14,62.3,james.smith@company.com,(898) 230-9596,Active
EMP022598,David,Wilson,David Wilson,23,Legal,Director,Boston,78935.3,4955.62,2020-12-08,0,55.5,david.wilson@company.com,(495) 825-8661,Active
EMP022599,Stephanie,Jones,Stephanie Jones,41,Operations,Lead,Seattle,46301.66,8631.09,2020-04-16,17,73.8,stephanie.jones@company.com,(869) 207-8203,Active
EMP022600,Melissa,Brown,Melissa Brown,47,Marketing,Associate,Miami,71539.46,5801.28,2021-09-21,22,51.2,melissa.brown@company.com,(282) 727-6202,On Leave
EMP022601,Amanda,Lopez,Amanda Lopez,24,Marketing,Analyst,San Francisco,40705.36,6235.65,2020-07-29,2,89.7,amanda.lopez@company.com,(603) 609-9324,Active
EMP022602,David,Rodriguez,David Rodriguez,41,Legal,Analyst,New York,82596.89,11487.43,2020-09-10,15,79.0,david.rodriguez@company.com,(884) 951-6969,Active
EMP022603,Lisa,Smith,Lisa Smith,32,Marketing,Coordinator,San Francisco,76375.49,10069.45,2023-03-23,9,79.3,lisa.smith@company.com,(989) 922-5014,Active
EMP022604,David,Rodriguez,David Rodriguez,57,HR,Analyst,Los Angeles,70852.69,35.14,2020-03-01,31,84.5,david.rodriguez@company.com,(519) 554-7448,Active
EMP022605,Melissa,Rodriguez,Melissa Rodriguez,53,IT,Analyst,Austin,87926.77,6942.16,2021-05-08,29,67.3,melissa.rodriguez@company.com,(904) 563-6527,Active
EMP022606,Ashley,Taylor,Ashley Taylor,37,Marketing,Senior Developer,San Francisco,70810.84,10104.26,2020-10-16,11,73.7,ashley.taylor@company.com,(906) 634-5847,Active
EMP022607,Nicole,Hernandez,Nicole Hernandez,65,Sales,Manager,Miami,94257.14,6323.84,2023-11-16,39,84.9,nicole.hernandez@company.com,(366) 925-5524,On Leave
EMP022608,William,Johnson,William Johnson,33,IT,Analyst,San Francisco,85918.71,17529.61,2023-02-07,4,91.7,william.johnson@company.com,(473) 361-6035,On Leave
EMP022609,William,Brown,William Brown,35,Sales,Manager,New York,81969.3,2231.74,2023-08-14,8,84.5,william.brown@company.com,(889) 778-7040,Active
EMP022610,William,Johnson,William Johnson,55,Finance,Manager,New York,79821.02,0.0,2020-10-22,31,97.3,william.johnson@company.com,(752) 315-4376,Active
EMP022611,Robert,Rodriguez,Robert Rodriguez,49,IT,Associate,Chicago,93421.69,19008.08,2020-06-12,23,86.9,robert.rodriguez@company.com,(534) 458-8520,Active
EMP022612,Robert,Brown,Robert Brown,52,Finance,Associate,Miami,89903.94,9880.85,2023-03-02,28,49.9,robert.brown@company.com,(475) 622-8367,Active
EMP022613,Nicole,Jones,Nicole Jones,44,Legal,Senior Developer,Austin,106378.9,13727.63,2021-03-25,21,79.7,nicole.jones@company.com,(760) 671-3012,Active
EMP022614,Ashley,Miller,Ashley Miller,53,Sales,Director,Seattle,79102.17,7392.5,2021-03-19,29,100.0,ashley.miller@company.com,(932) 867-1962,Active
EMP022615,David,Thomas,David Thomas,50,Sales,Senior Developer,Austin,69777.52,5717.55,2022-06-21,22,78.5,david.thomas@company.com,(332) 311-8454,Active
EMP022616,Jane,Hernandez,Jane Hernandez,57,Operations,Director,New York,87306.45,11106.34,2020-12-07,32,65.7,jane.hernandez@company.com,(757) 617-5772,Active
EMP022617,John,Rodriguez,John Rodriguez,65,Sales,Lead,Los Angeles,111095.23,14852.37,2024-04-18,41,77.5,john.rodriguez@company.com,(231) 998-9547,Inactive
EMP022618,Stephanie,Anderson,Stephanie Anderson,29,IT,Associate,Chicago,101205.73,5566.05,2021-09-18,0,55.4,stephanie.anderson@company.com,(663) 249-9371,Inactive
EMP022619,Michael,Johnson,Michael Johnson,30,Finance,Coordinator,San Francisco,79328.27,8320.7,2024-11-13,6,68.9,michael.johnson@company.com,(206) 249-5099,Active
EMP022620,William,Moore,William Moore,33,Sales,Senior Developer,Seattle,57115.33,3006.94,2024-06-08,4,82.3,william.moore@company.com,(619) 502-8788,Inactive
EMP022621,Michael,Taylor,Michael Taylor,49,Marketing,Director,Seattle,76142.21,5844.11,2020-11-20,20,67.8,michael.taylor@company.com,(330) 452-2075,On Leave
EMP022622,Anthony,Jones,Anthony Jones,52,HR,Associate,Seattle,58117.87,7789.99,2024-10-07,23,88.6,anthony.jones@company.com,(416) 465-1650,Active
EMP022623,John,Thomas,John Thomas,26,Marketing,Associate,Seattle,50114.58,3142.6,2021-01-19,0,81.9,john.thomas@company.com,(605) 541-9535,Active
EMP022624,Matthew,Wilson,Matthew Wilson,48,Legal,Director,Boston,108506.88,8442.6,2022-04-10,24,69.4,matthew.wilson@company.com,(836) 560-5753,Active
EMP022625,David,Smith,David Smith,30,Sales,Senior Developer,San Francisco,54557.96,3954.03,2021-07-09,4,72.3,david.smith@company.com,(334) 832-4891,Active
EMP022626,David,Hernandez,David Hernandez,23,Legal,Senior Developer,Miami,65586.77,2076.55,2023-04-25,0,75.9,david.hernandez@company.com,(755) 271-4272,Active
EMP022627,Anthony,Brown,Anthony Brown,22,Engineering,Manager,New York,56889.6,9124.46,2022-09-02,0,85.1,anthony.brown@company.com,(481) 237-9763,Inactive
EMP022628,Amanda,Garcia,Amanda Garcia,63,IT,Director,Chicago,119436.88,19784.02,2022-09-28,38,43.2,amanda.garcia@company.com,(650) 885-9530,Active
EMP022629,Daniel,Anderson,Daniel Anderson,57,Marketing,Specialist,Austin,79811.11,10054.25,2020-06-29,29,62.6,daniel.anderson@company.com,(877) 381-4083,Active
EMP022630,Robert,Rodriguez,Robert Rodriguez,36,Finance,Associate,Chicago,69350.87,4730.73,2021-05-08,13,62.2,robert.rodriguez@company.com,(297) 956-6895,Active
EMP022631,John,Moore,John Moore,22,Operations,Specialist,Seattle,52541.08,4892.07,2022-01-01,0,70.3,john.moore@company.com,(996) 312-8615,Active
EMP022632,Melissa,Thomas,Melissa Thomas,25,Sales,Coordinator,Austin,35575.89,2662.96,2020-09-16,2,76.3,melissa.thomas@company.com,(627) 231-8167,Active
EMP022633,Nicole,Wilson,Nicole Wilson,25,Operations,Specialist,Austin,46522.57,6890.57,2020-05-06,0,74.3,nicole.wilson@company.com,(233) 741-1983,Active
EMP022634,Daniel,Williams,Daniel Williams,57,IT,Coordinator,Austin,102498.97,16087.69,2023-09-15,33,67.2,daniel.williams@company.com,(598) 210-8709,Active
EMP022635,John,Anderson,John Anderson,56,Engineering,Analyst,Seattle,132736.06,26151.84,2020-10-19,28,62.2,john.anderson@company.com,(374) 295-6469,Active
EMP022636,Emily,Thomas,Emily Thomas,44,Marketing,Director,Seattle,61660.54,4203.4,2021-10-31,18,68.3,emily.thomas@company.com,(619) 840-4395,Active
EMP022637,James,Martin,James Martin,64,Operations,Senior Developer,Chicago,73552.83,10728.07,2023-12-22,38,83.5,james.martin@company.com,(794) 351-3814,Active
EMP022638,Christopher,Martinez,Christopher Martinez,32,HR,Lead,Seattle,61804.67,9718.61,2020-03-09,5,83.1,christopher.martinez@company.com,(860) 953-1527,On Leave
EMP022639,Lisa,Anderson,Lisa Anderson,38,Sales,Director,San Francisco,58806.09,5904.51,2022-12-22,12,75.1,lisa.anderson@company.com,(274) 249-6287,Active
EMP022640,Jessica,Brown,Jessica Brown,37,Marketing,Manager,Seattle,61735.93,6249.13,2020-03-30,9,57.5,jessica.brown@company.com,(413) 666-4046,Active
EMP022641,John,Brown,John Brown,52,HR,Manager,Boston,79477.22,2993.2,2021-11-05,24,73.1,john.brown@company.com,(627) 429-6592,Active
EMP022642,Robert,Moore,Robert Moore,49,Marketing,Lead,Los Angeles,114099.39,3414.67,2020-06-14,27,100.0,robert.moore@company.com,(885) 213-5174,Active
EMP022643,Christopher,Williams,Christopher Williams,53,Sales,Manager,Chicago,62354.89,11445.36,2021-12-11,28,80.8,christopher.williams@company.com,(368) 956-3956,Active
EMP022644,Ashley,Jackson,Ashley Jackson,48,Engineering,Senior Developer,Boston,133339.99,9582.99,2024-08-15,24,70.7,ashley.jackson@company.com,(859) 315-6606,Active
EMP022645,William,Gonzalez,William Gonzalez,54,Finance,Senior Developer,Seattle,94273.67,14019.01,2021-10-18,25,100.0,william.gonzalez@company.com,(846) 247-6501,Active
EMP022646,Anthony,Hernandez,Anthony Hernandez,42,HR,Senior Developer,Seattle,77625.05,8825.92,2022-11-16,17,59.1,anthony.hernandez@company.com,(438) 800-5429,Inactive
EMP022647,Christopher,Lopez,Christopher Lopez,33,Marketing,Senior Developer,Los Angeles,49554.44,2730.67,2021-12-21,11,63.7,christopher.lopez@company.com,(347) 634-8227,Active
EMP022648,Ashley,Martinez,Ashley Martinez,55,HR,Coordinator,New York,91026.23,12457.16,2021-04-27,27,91.4,ashley.martinez@company.com,(700) 637-4302,Active
EMP022649,Daniel,Williams,Daniel Williams,29,Legal,Director,Chicago,90846.8,0.0,2022-01-24,5,51.5,daniel.williams@company.com,(201) 303-1544,Active
EMP022650,Stephanie,Johnson,Stephanie Johnson,41,HR,Senior Developer,Chicago,75641.97,2119.24,2021-01-06,13,67.1,stephanie.johnson@company.com,(550) 450-8323,Active
EMP022651,Ashley,Jones,Ashley Jones,60,HR,Director,San Francisco,93692.52,8262.38,2020-06-09,37,98.9,ashley.jones@company.com,(309) 904-4330,Active
EMP022652,Sarah,Taylor,Sarah Taylor,57,HR,Coordinator,Austin,66455.87,2959.8,2024-09-22,28,87.7,sarah.taylor@company.com,(916) 630-5012,Active
EMP022653,Christopher,Rodriguez,Christopher Rodriguez,31,Sales,Manager,Seattle,44049.94,4803.1,2020-11-21,8,86.3,christopher.rodriguez@company.com,(357) 836-7259,Inactive
EMP022654,Matthew,Johnson,Matthew Johnson,33,HR,Associate,San Francisco,60978.21,6497.82,2023-04-24,8,70.0,matthew.johnson@company.com,(798) 514-6982,Inactive
EMP022655,Matthew,Jackson,Matthew Jackson,30,Marketing,Lead,Seattle,47117.94,3752.34,2023-03-08,2,32.8,matthew.jackson@company.com,(407) 399-1688,Active
EMP022656,Jane,Williams,Jane Williams,48,Finance,Manager,Seattle,89211.75,9538.86,2022-03-17,20,92.3,jane.williams@company.com,(202) 922-1381,Active
EMP022657,Daniel,Martinez,Daniel Martinez,48,Operations,Lead,Miami,85655.09,5150.49,2023-11-01,21,66.9,daniel.martinez@company.com,(254) 271-5219,Active
EMP022658,Daniel,Anderson,Daniel Anderson,51,Marketing,Senior Developer,Seattle,90680.06,8923.63,2023-10-10,27,75.9,daniel.anderson@company.com,(621) 659-2114,Active
EMP022659,Stephanie,Davis,Stephanie Davis,24,Engineering,Coordinator,New York,55848.78,7197.31,2022-03-19,0,87.0,stephanie.davis@company.com,(640) 899-1894,Inactive
EMP022660,Robert,Brown,Robert Brown,39,HR,Specialist,Chicago,60945.51,9168.1,2024-09-27,14,66.2,robert.brown@company.com,(543) 646-5618,Active
EMP022661,Jane,Lopez,Jane Lopez,25,Finance,Analyst,Boston,59896.73,6081.02,2024-04-24,0,97.4,jane.lopez@company.com,(867) 663-1324,Active
EMP022662,Matthew,Williams,Matthew Williams,64,Marketing,Lead,San Francisco,83151.71,9564.79,2021-02-02,40,73.7,matthew.williams@company.com,(333) 905-8835,Active
EMP022663,Amanda,Williams,Amanda Williams,22,Marketing,Specialist,Seattle,30790.43,4531.17,2023-12-08,0,72.1,amanda.williams@company.com,(202) 772-1735,Active
EMP022664,Nicole,Hernandez,Nicole Hernandez,41,Sales,Analyst,San Francisco,80135.54,13684.55,2020-11-28,15,85.9,nicole.hernandez@company.com,(753) 575-9597,Active
EMP022665,Jessica,Miller,Jessica Miller,24,Legal,Specialist,Austin,67589.85,5399.19,2023-05-11,0,80.0,jessica.miller@company.com,(469) 689-3593,Active
EMP022666,Jessica,Brown,Jessica Brown,63,Legal,Analyst,Seattle,81615.11,10818.68,2022-06-14,34,61.2,jessica.brown@company.com,(207) 285-9143,Active
EMP022667,Jane,Davis,Jane Davis,51,Legal,Lead,Los Angeles,89153.55,12643.59,2024-09-07,24,72.1,jane.davis@company.com,(982) 767-1557,Active
EMP022668,John,Smith,John Smith,56,Marketing,Coordinator,Austin,61196.94,3449.2,2021-01-22,31,90.0,john.smith@company.com,(250) 269-8606,Active
EMP022669,Stephanie,Taylor,Stephanie Taylor,65,Finance,Coordinator,New York,92163.58,14956.29,2024-05-25,41,86.6,stephanie.taylor@company.com,(505) 945-8354,Active
EMP022670,Daniel,Thomas,Daniel Thomas,59,HR,Associate,Seattle,79197.9,8214.53,2023-03-13,31,69.7,daniel.thomas@company.com,(762) 693-3810,Inactive
EMP022671,Jessica,Gonzalez,Jessica Gonzalez,42,HR,Specialist,Miami,77155.93,7344.52,2022-01-05,16,56.3,jessica.gonzalez@company.com,(382) 221-8978,Active
EMP022672,Jane,Gonzalez,Jane Gonzalez,61,Sales,Senior Developer,Seattle,89548.32,9541.55,2022-10-14,34,75.7,jane.gonzalez@company.com,(201) 267-5358,Inactive
EMP022673,Sarah,Hernandez,Sarah Hernandez,55,Sales,Specialist,San Francisco,75286.57,1191.84,2020-07-19,31,75.6,sarah.hernandez@company.com,(614) 532-7081,Active
EMP022674,Lisa,Williams,Lisa Williams,27,Legal,Manager,Seattle,84574.67,15359.53,2023-05-02,0,58.7,lisa.williams@company.com,(232) 640-8593,Inactive
EMP022675,William,Garcia,William Garcia,40,Legal,Associate,Boston,85520.15,11070.94,2023-11-11,17,91.3,william.garcia@company.com,(709) 679-2166,Active
EMP022676,Lisa,Jones,Lisa Jones,55,Legal,Lead,Austin,111786.1,19312.02,2022-04-04,30,55.3,lisa.jones@company.com,(373) 548-4010,Active
EMP022677,Anthony,Anderson,Anthony Anderson,63,HR,Senior Developer,New York,67210.7,6499.03,2024-05-10,36,62.7,anthony.anderson@company.com,(311) 985-2696,Active
EMP022678,Nicole,Moore,Nicole Moore,61,Legal,Analyst,Seattle,135075.17,6644.59,2023-05-11,32,71.3,nicole.moore@company.com,(374) 354-3925,Active
EMP022679,Ashley,Anderson,Ashley Anderson,27,Finance,Coordinator,San Francisco,79499.12,8801.63,2022-10-28,5,77.9,ashley.anderson@company.com,(376) 410-2170,Active
EMP022680,Ashley,Brown,Ashley Brown,64,Operations,Coordinator,Boston,71369.76,7022.0,2024-06-26,35,90.5,ashley.brown@company.com,(303) 756-7385,Inactive
EMP022681,Amanda,Hernandez,Amanda Hernandez,35,Sales,Analyst,San Francisco,96905.79,15225.86,2020-06-16,11,68.3,amanda.hernandez@company.com,(617) 251-7062,Active
EMP022682,Jessica,Lopez,Jessica Lopez,61,HR,Manager,Seattle,99345.22,3744.97,2024-03-24,37,94.4,jessica.lopez@company.com,(493) 292-9120,Active
EMP022683,Ashley,Smith,Ashley Smith,45,Marketing,Specialist,New York,58830.66,3042.39,2023-05-16,21,96.4,ashley.smith@company.com,(734) 809-6430,Inactive
EMP022684,Michael,Martin,Michael Martin,26,HR,Analyst,Seattle,55060.21,5274.01,2023-10-14,0,100.0,michael.martin@company.com,(234) 691-6102,Active
EMP022685,Christopher,Wilson,Christopher Wilson,47,Finance,Associate,New York,75293.66,8120.95,2022-11-07,20,76.4,christopher.wilson@company.com,(440) 211-3591,Active
EMP022686,Jessica,Davis,Jessica Davis,55,HR,Analyst,Austin,97287.95,0.0,2024-02-07,31,75.7,jessica.davis@company.com,(868) 419-3924,Active
EMP022687,Nicole,Smith,Nicole Smith,24,Sales,Analyst,Boston,39161.52,2982.19,2020-02-20,1,77.7,nicole.smith@company.com,(314) 842-1655,Active
EMP022688,Lisa,Moore,Lisa Moore,37,Engineering,Coordinator,Chicago,71961.26,9192.44,2023-11-08,11,64.7,lisa.moore@company.com,(533) 288-6531,Active
EMP022689,Christopher,Martin,Christopher Martin,44,HR,Senior Developer,Boston,76809.96,6479.09,2022-01-24,17,98.8,christopher.martin@company.com,(436) 556-4845,Active
EMP022690,William,Thomas,William Thomas,33,Engineering,Specialist,Austin,46299.39,4876.54,2023-01-30,11,76.6,william.thomas@company.com,(596) 575-5895,Active
EMP022691,Melissa,Williams,Melissa Williams,50,HR,Coordinator,Austin,54160.16,9211.19,2024-01-05,21,70.8,melissa.williams@company.com,(872) 643-9548,Active
EMP022692,Robert,Miller,Robert Miller,28,Marketing,Specialist,Seattle,46181.29,1722.71,2021-03-03,6,96.1,robert.miller@company.com,(475) 261-5145,Active
EMP022693,Matthew,Jones,Matthew Jones,59,Finance,Analyst,Boston,97982.44,11978.03,2021-05-07,34,43.8,matthew.jones@company.com,(550) 971-9490,Active
EMP022694,Christopher,Martinez,Christopher Martinez,61,Finance,Senior Developer,Boston,94216.59,10954.23,2024-04-23,35,56.7,christopher.martinez@company.com,(961) 308-3123,Active
EMP022695,John,Gonzalez,John Gonzalez,45,Sales,Analyst,New York,89404.24,16337.87,2024-07-28,17,90.9,john.gonzalez@company.com,(779) 670-7501,Active
EMP022696,Anthony,Williams,Anthony Williams,56,IT,Analyst,Los Angeles,68871.14,4631.08,2023-12-17,32,67.2,anthony.williams@company.com,(650) 979-1851,Active
EMP022697,Matthew,Hernandez,Matthew Hernandez,23,HR,Director,Austin,62165.55,3665.64,2021-01-11,0,80.8,matthew.hernandez@company.com,(620) 306-7326,Active
EMP022698,Melissa,Miller,Melissa Miller,44,IT,Senior Developer,Seattle,83922.01,6946.69,2024-09-07,15,100.0,melissa.miller@company.com,(698) 700-2297,Active
EMP022699,Matthew,Miller,Matthew Miller,25,Engineering,Lead,Chicago,66566.85,6661.11,2022-12-13,1,29.7,matthew.miller@company.com,(682) 705-3880,Active
EMP022700,Christopher,Rodriguez,Christopher Rodriguez,39,Finance,Coordinator,Chicago,78038.08,8543.03,2021-04-19,15,71.5,christopher.rodriguez@company.com,(902) 788-3973,Active
EMP022701,Sarah,Martinez,Sarah Martinez,39,Operations,Director,Seattle,76610.35,7742.22,2020-11-15,16,43.8,sarah.martinez@company.com,(498) 342-6029,Active
EMP022702,William,Moore,William Moore,29,HR,Coordinator,Boston,69407.09,9289.36,2021-01-24,4,87.4,william.moore@company.com,(666) 682-2911,On Leave
EMP022703,Emily,Jones,Emily Jones,41,Engineering,Director,New York,102262.39,6859.15,2022-11-01,16,85.5,emily.jones@company.com,(654) 706-1552,Active
EMP022704,Robert,Martinez,Robert Martinez,27,Marketing,Associate,New York,61732.63,5606.95,2022-01-16,2,77.0,robert.martinez@company.com,(247) 567-7725,Active
EMP022705,Emily,Martinez,Emily Martinez,55,Legal,Manager,Chicago,91342.78,11116.22,2022-02-27,29,67.0,emily.martinez@company.com,(910) 605-4248,Active
EMP022706,Anthony,Davis,Anthony Davis,32,Marketing,Specialist,San Francisco,57203.34,6650.55,2023-03-17,8,70.8,anthony.davis@company.com,(477) 905-8303,On Leave
EMP022707,James,Thomas,James Thomas,39,Finance,Senior Developer,Seattle,64349.94,7270.24,2021-05-31,14,67.4,james.thomas@company.com,(353) 531-3488,Active
EMP022708,Stephanie,Martin,Stephanie Martin,44,Sales,Associate,New York,72253.67,15282.79,2023-03-05,16,65.2,stephanie.martin@company.com,(995) 962-3309,Active
EMP022709,Daniel,Davis,Daniel Davis,46,Sales,Analyst,Austin,56947.12,6385.63,2024-08-21,21,85.4,daniel.davis@company.com,(538) 957-9780,Active
EMP022710,Emily,Moore,Emily Moore,38,Legal,Analyst,Los Angeles,103713.1,11322.93,2024-05-11,13,100.0,emily.moore@company.com,(910) 915-5618,Active
EMP022711,Anthony,Thomas,Anthony Thomas,30,Operations,Lead,Los Angeles,57656.21,7065.78,2023-11-16,1,50.1,anthony.thomas@company.com,(468) 521-9239,Active
EMP022712,Anthony,Lopez,Anthony Lopez,35,Engineering,Specialist,Los Angeles,89673.08,5497.07,2022-11-23,6,53.7,anthony.lopez@company.com,(559) 366-6633,Active
EMP022713,James,Miller,James Miller,22,Operations,Lead,Chicago,43962.95,6561.8,2020-12-09,0,95.6,james.miller@company.com,(484) 581-7084,Active
EMP022714,Sarah,Martinez,Sarah Martinez,57,Engineering,Director,Austin,101860.33,10145.06,2023-10-17,34,57.8,sarah.martinez@company.com,(521) 409-6442,Active
EMP022715,Jane,Martinez,Jane Martinez,24,IT,Analyst,Miami,65945.05,13053.78,2022-01-27,0,86.0,jane.martinez@company.com,(272) 836-3936,Active
EMP022716,Emily,Rodriguez,Emily Rodriguez,31,Legal,Coordinator,New York,85277.99,8852.22,2024-03-11,5,91.7,emily.rodriguez@company.com,(710) 286-1253,Active
EMP022717,Christopher,Martin,Christopher Martin,58,Marketing,Manager,Chicago,84246.32,4428.79,2020-03-26,36,72.9,christopher.martin@company.com,(711) 816-6030,Active
EMP022718,Nicole,Lopez,Nicole Lopez,54,Sales,Senior Developer,San Francisco,67018.45,6479.39,2023-02-10,27,74.3,nicole.lopez@company.com,(936) 931-6018,On Leave
EMP022719,Christopher,Jones,Christopher Jones,57,Sales,Specialist,Chicago,96330.04,6278.15,2020-09-19,34,65.8,christopher.jones@company.com,(497) 405-4880,Active
EMP022720,Lisa,Martinez,Lisa Martinez,24,Legal,Coordinator,Miami,64611.15,12997.31,2024-12-24,0,47.8,lisa.martinez@company.com,(509) 396-8792,Active
EMP022721,Jane,Hernandez,Jane Hernandez,40,Marketing,Manager,New York,66632.62,5473.44,2020-11-25,18,59.5,jane.hernandez@company.com,(982) 357-4288,Active
EMP022722,Lisa,Smith,Lisa Smith,37,Operations,Manager,Los Angeles,66910.31,4528.39,2024-08-29,8,74.5,lisa.smith@company.com,(956) 729-1715,Active
EMP022723,Anthony,Williams,Anthony Williams,32,Marketing,Lead,Los Angeles,50143.7,5142.97,2024-11-01,5,61.9,anthony.williams@company.com,(268) 465-3247,Active
EMP022724,Emily,Thomas,Emily Thomas,62,Sales,Manager,New York,76695.19,4892.34,2020-04-15,35,73.4,emily.thomas@company.com,(866) 378-1793,Active
EMP022725,Christopher,Williams,Christopher Williams,30,IT,Senior Developer,Seattle,77325.1,3736.61,2023-02-20,4,73.2,christopher.williams@company.com,(269) 462-7365,Active
EMP022726,Melissa,Brown,Melissa Brown,52,HR,Lead,Austin,99792.51,17153.54,2023-06-25,24,100.0,melissa.brown@company.com,(938) 654-5878,Inactive
EMP022727,Emily,Lopez,Emily Lopez,36,Legal,Senior Developer,San Francisco,90580.37,6210.34,2021-01-05,8,74.4,emily.lopez@company.com,(532) 299-2873,Active
EMP022728,Robert,Martinez,Robert Martinez,46,Operations,Lead,New York,71450.46,8151.54,2020-07-25,23,100.0,robert.martinez@company.com,(201) 255-8866,Active
EMP022729,William,Lopez,William Lopez,60,Engineering,Coordinator,Miami,101927.74,7372.12,2021-08-12,34,100.0,william.lopez@company.com,(506) 484-8488,Inactive
EMP022730,Jessica,Martin,Jessica Martin,30,Operations,Associate,Boston,52671.8,4801.86,2024-02-26,7,60.3,jessica.martin@company.com,(708) 868-4816,Active
EMP022731,Matthew,Jones,Matthew Jones,53,Operations,Associate,San Francisco,75190.56,8626.2,2024-08-03,30,80.4,matthew.jones@company.com,(399) 310-6502,Active
EMP022732,Robert,Garcia,Robert Garcia,48,Sales,Specialist,Boston,88291.99,6590.03,2023-03-23,23,74.1,robert.garcia@company.com,(645) 617-5255,Active
EMP022733,Amanda,Martin,Amanda Martin,37,Finance,Associate,Boston,104639.18,19943.35,2023-09-29,15,76.8,amanda.martin@company.com,(472) 361-1635,Active
EMP022734,Anthony,Garcia,Anthony Garcia,63,Legal,Associate,Miami,136613.44,5739.75,2022-06-21,39,69.3,anthony.garcia@company.com,(847) 500-3633,Inactive
EMP022735,Melissa,Johnson,Melissa Johnson,34,Engineering,Senior Developer,Seattle,53764.04,5211.39,2020-04-02,12,48.7,melissa.johnson@company.com,(718) 401-2094,Active
EMP022736,Anthony,Martin,Anthony Martin,56,Legal,Senior Developer,Austin,125081.64,10356.25,2024-03-12,30,79.2,anthony.martin@company.com,(455) 284-7563,Active
EMP022737,Matthew,Moore,Matthew Moore,44,Sales,Manager,Los Angeles,82151.03,4677.24,2023-09-01,19,79.2,matthew.moore@company.com,(521) 533-4739,Active
EMP022738,Nicole,Garcia,Nicole Garcia,64,Sales,Senior Developer,New York,90442.43,9795.05,2023-11-24,40,71.9,nicole.garcia@company.com,(811) 562-8638,Active
EMP022739,Melissa,Gonzalez,Melissa Gonzalez,54,IT,Associate,Seattle,118526.2,6857.03,2021-11-24,28,69.8,melissa.gonzalez@company.com,(294) 657-5054,Active
EMP022740,Christopher,Davis,Christopher Davis,55,Engineering,Specialist,New York,107860.41,6767.37,2020-11-11,27,95.4,christopher.davis@company.com,(930) 303-7948,Active
EMP022741,Stephanie,Hernandez,Stephanie Hernandez,29,Legal,Senior Developer,Seattle,37500.0,3563.81,2022-02-09,0,68.7,stephanie.hernandez@company.com,(712) 677-5799,Active
EMP022742,David,Brown,David Brown,29,HR,Lead,Chicago,63098.67,3618.23,2024-06-18,4,76.8,david.brown@company.com,(634) 325-4703,Inactive
EMP022743,Melissa,Brown,Melissa Brown,45,Engineering,Manager,Boston,102074.57,22153.7,2023-11-24,21,72.5,melissa.brown@company.com,(291) 431-5721,Active
EMP022744,Matthew,Taylor,Matthew Taylor,35,Engineering,Specialist,Los Angeles,79464.23,11884.29,2020-07-15,13,58.5,matthew.taylor@company.com,(577) 664-9695,Active
EMP022745,Robert,Williams,Robert Williams,32,Sales,Specialist,Austin,51415.24,6402.81,2024-08-04,8,100.0,robert.williams@company.com,(752) 396-2235,Active
EMP022746,Jane,Jackson,Jane Jackson,28,IT,Director,Miami,68112.89,2272.31,2021-10-03,0,52.7,jane.jackson@company.com,(236) 648-6138,Active
EMP022747,Stephanie,Miller,Stephanie Miller,22,Operations,Director,Austin,38033.71,4322.32,2023-01-13,0,54.6,stephanie.miller@company.com,(331) 776-5365,Active
EMP022748,Robert,Jackson,Robert Jackson,60,Operations,Manager,Boston,57027.76,6678.24,2022-10-18,31,87.2,robert.jackson@company.com,(204) 226-8871,Active
EMP022749,Nicole,Taylor,Nicole Taylor,43,Operations,Analyst,San Francisco,71858.33,4378.39,2020-08-18,19,89.5,nicole.taylor@company.com,(990) 369-6319,Active
EMP022750,Amanda,Smith,Amanda Smith,32,Sales,Senior Developer,Austin,64282.31,4564.7,2024-07-20,5,68.8,amanda.smith@company.com,(972) 315-6672,Active
EMP022751,Amanda,Garcia,Amanda Garcia,33,Legal,Senior Developer,Boston,69859.18,7286.96,2021-10-01,4,68.6,amanda.garcia@company.com,(461) 205-8921,Inactive
EMP022752,Matthew,Davis,Matthew Davis,49,Sales,Director,Chicago,93024.04,14564.58,2023-07-11,21,61.4,matthew.davis@company.com,(363) 611-6281,Active
EMP022753,Christopher,Jackson,Christopher Jackson,36,Legal,Coordinator,Boston,75614.03,4688.67,2023-09-27,12,51.9,christopher.jackson@company.com,(218) 260-3225,Active
EMP022754,Nicole,Thomas,Nicole Thomas,41,Operations,Lead,Austin,62696.64,5745.33,2021-11-30,15,93.4,nicole.thomas@company.com,(913) 410-8269,Active
EMP022755,William,Thomas,William Thomas,59,Marketing,Analyst,Austin,87543.75,6306.76,2021-12-21,32,82.0,william.thomas@company.com,(567) 772-2828,Active
EMP022756,John,Lopez,John Lopez,64,Marketing,Associate,Austin,88893.95,13159.4,2020-04-24,42,66.5,john.lopez@company.com,(797) 549-7468,Active
EMP022757,Ashley,Jackson,Ashley Jackson,42,Legal,Analyst,Miami,80981.72,3817.45,2021-06-19,20,78.0,ashley.jackson@company.com,(935) 484-6203,Active
EMP022758,James,Williams,James Williams,27,Engineering,Specialist,Austin,110670.45,9634.93,2024-12-03,2,90.4,james.williams@company.com,(402) 489-4865,Inactive
EMP022759,William,Martinez,William Martinez,47,Marketing,Lead,Seattle,71590.98,11259.88,2023-09-21,19,87.8,william.martinez@company.com,(475) 505-9120,Inactive
EMP022760,Amanda,Lopez,Amanda Lopez,53,Legal,Manager,Seattle,84224.08,5526.22,2024-11-06,27,75.1,amanda.lopez@company.com,(268) 601-3117,Active
EMP022761,Daniel,Lopez,Daniel Lopez,33,Finance,Specialist,Austin,70438.99,10667.46,2021-08-10,8,62.8,daniel.lopez@company.com,(719) 235-7647,Active
EMP022762,Sarah,Brown,Sarah Brown,36,HR,Coordinator,San Francisco,40876.54,352.11,2021-01-08,12,55.6,sarah.brown@company.com,(203) 375-4603,Active
EMP022763,Jane,Martinez,Jane Martinez,46,HR,Lead,New York,53401.86,3310.66,2020-10-04,23,91.8,jane.martinez@company.com,(678) 890-6164,Active
EMP022764,Lisa,Wilson,Lisa Wilson,50,Legal,Lead,Boston,143610.89,28668.49,2022-12-06,24,50.5,lisa.wilson@company.com,(968) 399-5371,Active
EMP022765,Jane,Gonzalez,Jane Gonzalez,33,IT,Manager,Chicago,61331.59,6716.25,2024-03-02,7,90.6,jane.gonzalez@company.com,(506) 233-8090,Active
EMP022766,Jessica,Moore,Jessica Moore,57,Operations,Director,Austin,75758.16,4305.03,2023-05-21,32,100.0,jessica.moore@company.com,(234) 862-4807,On Leave
EMP022767,Robert,Hernandez,Robert Hernandez,49,Sales,Director,Chicago,91539.7,10006.59,2023-03-19,21,78.1,robert.hernandez@company.com,(822) 707-5980,Active
EMP022768,Anthony,Gonzalez,Anthony Gonzalez,53,HR,Director,Seattle,75400.31,14275.62,2024-09-04,27,83.0,anthony.gonzalez@company.com,(991) 944-4277,Active
EMP022769,Stephanie,Garcia,Stephanie Garcia,32,Finance,Coordinator,Chicago,77898.77,11076.61,2020-06-25,4,81.8,stephanie.garcia@company.com,(666) 279-6257,Inactive
EMP022770,Sarah,Thomas,Sarah Thomas,25,Legal,Specialist,Boston,69120.98,11196.51,2022-01-27,0,85.1,sarah.thomas@company.com,(767) 765-6481,Active
EMP022771,Daniel,Hernandez,Daniel Hernandez,61,Engineering,Analyst,Seattle,120094.94,10852.41,2020-08-08,36,87.1,daniel.hernandez@company.com,(392) 810-3272,Active
EMP022772,Stephanie,Moore,Stephanie Moore,25,Operations,Specialist,New York,66669.03,7853.74,2022-03-21,0,56.1,stephanie.moore@company.com,(867) 786-1356,Active
EMP022773,Lisa,Hernandez,Lisa Hernandez,62,HR,Director,Seattle,71470.41,7222.14,2020-04-01,34,81.2,lisa.hernandez@company.com,(623) 536-1662,Active
EMP022774,Daniel,Thomas,Daniel Thomas,30,Sales,Manager,Austin,33506.39,1375.27,2021-09-07,4,82.2,daniel.thomas@company.com,(476) 590-3324,Inactive
EMP022775,Stephanie,Rodriguez,Stephanie Rodriguez,58,Marketing,Director,Los Angeles,105291.22,14444.11,2022-12-22,33,80.8,stephanie.rodriguez@company.com,(865) 532-5806,On Leave
EMP022776,Matthew,Gonzalez,Matthew Gonzalez,27,Sales,Associate,Seattle,69374.28,9563.28,2024-02-20,4,92.8,matthew.gonzalez@company.com,(239) 356-3269,Active
EMP022777,Daniel,Martinez,Daniel Martinez,24,Engineering,Coordinator,San Francisco,79964.42,10850.24,2021-05-06,0,63.9,daniel.martinez@company.com,(366) 865-7019,Active
EMP022778,David,Johnson,David Johnson,22,Finance,Manager,Seattle,69134.5,5737.25,2021-08-23,0,98.1,david.johnson@company.com,(715) 376-9684,Active
EMP022779,Lisa,Taylor,Lisa Taylor,34,Legal,Lead,San Francisco,44948.58,447.32,2020-01-12,6,73.8,lisa.taylor@company.com,(689) 895-3619,Active
EMP022780,Jane,Garcia,Jane Garcia,56,Legal,Analyst,New York,108114.45,11499.93,2020-11-26,29,82.2,jane.garcia@company.com,(589) 739-4418,Active
EMP022781,John,Taylor,John Taylor,54,Finance,Director,Chicago,79276.33,4991.73,2023-11-16,32,69.5,john.taylor@company.com,(940) 381-2346,Active
EMP022782,Jessica,Garcia,Jessica Garcia,22,Engineering,Specialist,Los Angeles,65911.86,6897.28,2021-01-26,0,85.3,jessica.garcia@company.com,(424) 914-4073,Active
EMP022783,Anthony,Williams,Anthony Williams,56,Finance,Lead,Chicago,102350.49,19069.1,2020-06-01,34,77.2,anthony.williams@company.com,(466) 475-8838,Active
EMP022784,Sarah,Gonzalez,Sarah Gonzalez,50,Engineering,Manager,Austin,106302.31,13766.29,2022-02-15,25,42.5,sarah.gonzalez@company.com,(457) 653-4204,Active
EMP022785,Stephanie,Lopez,Stephanie Lopez,62,Legal,Associate,San Francisco,138248.83,16650.41,2023-08-26,39,91.6,stephanie.lopez@company.com,(481) 545-7863,Active
EMP022786,Melissa,Smith,Melissa Smith,25,Operations,Coordinator,Boston,50826.85,4903.77,2023-12-28,0,74.7,melissa.smith@company.com,(408) 792-9428,Active
EMP022787,Sarah,Martin,Sarah Martin,22,IT,Associate,Chicago,50398.62,3256.42,2020-07-18,0,81.4,sarah.martin@company.com,(720) 395-2169,Active
EMP022788,Jessica,Williams,Jessica Williams,49,Legal,Associate,New York,120077.15,13662.88,2022-11-30,23,85.0,jessica.williams@company.com,(622) 281-2261,Active
EMP022789,Nicole,Miller,Nicole Miller,25,Sales,Analyst,Seattle,70442.16,10918.91,2024-02-25,3,58.1,nicole.miller@company.com,(387) 343-3630,Active
EMP022790,Nicole,Davis,Nicole Davis,44,Sales,Coordinator,Miami,54353.51,7406.96,2020-03-01,21,83.5,nicole.davis@company.com,(600) 566-2721,Active
EMP022791,Melissa,Moore,Melissa Moore,64,Marketing,Associate,Boston,102971.9,4653.94,2021-05-28,38,82.7,melissa.moore@company.com,(998) 914-6151,Active
EMP022792,Christopher,Anderson,Christopher Anderson,43,Marketing,Analyst,Boston,79444.58,6688.6,2024-06-15,19,78.1,christopher.anderson@company.com,(874) 509-6685,Active
EMP022793,Jessica,Martinez,Jessica Martinez,23,Marketing,Lead,Los Angeles,31490.93,1676.48,2024-12-20,0,65.3,jessica.martinez@company.com,(689) 750-7968,Active
EMP022794,Matthew,Davis,Matthew Davis,56,Marketing,Specialist,Austin,60515.85,3043.44,2024-04-30,30,64.8,matthew.davis@company.com,(277) 498-9680,Inactive
EMP022795,Michael,Brown,Michael Brown,65,Operations,Senior Developer,Miami,48729.63,5375.49,2023-02-14,41,78.3,michael.brown@company.com,(966) 622-7263,Active
EMP022796,Daniel,Moore,Daniel Moore,36,Legal,Senior Developer,Los Angeles,117309.97,3010.55,2021-01-08,13,83.9,daniel.moore@company.com,(767) 628-3465,Active
EMP022797,Daniel,Martinez,Daniel Martinez,30,Legal,Specialist,Boston,74019.02,5496.55,2021-12-30,6,35.5,daniel.martinez@company.com,(759) 751-6462,Active
EMP022798,Emily,Johnson,Emily Johnson,47,Legal,Lead,San Francisco,110969.35,7264.61,2024-03-22,18,72.8,emily.johnson@company.com,(948) 210-5177,Inactive
EMP022799,Michael,Gonzalez,Michael Gonzalez,41,Engineering,Director,Austin,80338.55,4677.17,2023-09-08,12,50.9,michael.gonzalez@company.com,(911) 278-3104,Active
EMP022800,John,Brown,John Brown,49,Finance,Coordinator,Chicago,100146.41,13860.16,2021-03-28,25,75.2,john.brown@company.com,(862) 846-2188,Active
EMP022801,James,Williams,James Williams,56,Finance,Coordinator,Boston,106938.04,17378.2,2021-10-12,32,68.1,james.williams@company.com,(311) 648-7519,Active
EMP022802,David,Brown,David Brown,25,Engineering,Analyst,Miami,111269.21,15571.84,2020-08-23,2,93.9,david.brown@company.com,(585) 223-3554,Active
EMP022803,Melissa,Hernandez,Melissa Hernandez,29,Engineering,Associate,Austin,70438.74,7146.79,2020-02-27,3,84.4,melissa.hernandez@company.com,(484) 508-1994,Active
EMP022804,Anthony,Miller,Anthony Miller,23,Marketing,Manager,Seattle,72885.35,2549.26,2020-11-25,0,78.3,anthony.miller@company.com,(491) 585-1615,Active
EMP022805,Matthew,Thomas,Matthew Thomas,33,Marketing,Specialist,Boston,62332.26,6706.8,2021-11-12,4,81.4,matthew.thomas@company.com,(445) 363-8420,Inactive
EMP022806,Anthony,Martinez,Anthony Martinez,31,Operations,Associate,San Francisco,50371.51,353.79,2024-04-13,8,84.8,anthony.martinez@company.com,(898) 253-1383,Active
EMP022807,Ashley,Brown,Ashley Brown,61,Operations,Manager,Los Angeles,55347.18,8565.0,2024-02-26,35,93.4,ashley.brown@company.com,(464) 805-4519,Active
EMP022808,Sarah,Miller,Sarah Miller,54,Finance,Manager,Los Angeles,85747.03,10397.89,2022-04-03,29,86.5,sarah.miller@company.com,(449) 227-4107,Inactive
EMP022809,Michael,Gonzalez,Michael Gonzalez,50,Finance,Manager,Boston,86960.33,10296.73,2020-06-30,22,100.0,michael.gonzalez@company.com,(942) 498-2372,Active
EMP022810,John,Moore,John Moore,49,Operations,Analyst,Miami,68412.25,2291.75,2020-11-12,23,71.4,john.moore@company.com,(992) 570-1646,Active
EMP022811,Anthony,Moore,Anthony Moore,40,IT,Analyst,Boston,104455.83,16436.29,2024-10-17,12,71.6,anthony.moore@company.com,(367) 262-7322,Active
EMP022812,Jane,Jones,Jane Jones,59,Engineering,Manager,San Francisco,134161.86,22251.81,2020-05-03,31,78.8,jane.jones@company.com,(962) 488-5536,Active
EMP022813,Christopher,Rodriguez,Christopher Rodriguez,52,Sales,Analyst,Chicago,78390.39,5988.24,2023-07-24,25,88.5,christopher.rodriguez@company.com,(360) 540-9514,Active
EMP022814,Robert,Jackson,Robert Jackson,44,Marketing,Manager,New York,66128.69,5002.45,2020-03-11,17,84.1,robert.jackson@company.com,(678) 686-5702,Active
EMP022815,Jessica,Hernandez,Jessica Hernandez,48,Operations,Coordinator,San Francisco,76547.25,9130.51,2024-01-14,22,81.8,jessica.hernandez@company.com,(688) 819-7629,Active
EMP022816,James,Martin,James Martin,39,Finance,Senior Developer,New York,66406.16,7150.13,2021-11-13,15,83.4,james.martin@company.com,(642) 322-9203,Active
EMP022817,Jane,Thomas,Jane Thomas,39,Engineering,Manager,Austin,73165.73,10795.34,2022-11-18,12,76.7,jane.thomas@company.com,(860) 737-7253,Active
EMP022818,Emily,Miller,Emily Miller,52,Marketing,Lead,New York,85381.37,6919.28,2021-04-22,24,48.2,emily.miller@company.com,(427) 717-1700,Active
EMP022819,Ashley,Lopez,Ashley Lopez,29,Finance,Manager,Boston,56364.55,3476.3,2022-04-25,1,62.3,ashley.lopez@company.com,(416) 853-2476,Active
EMP022820,James,Brown,James Brown,58,Marketing,Analyst,Chicago,92771.76,8596.75,2020-09-15,33,74.5,james.brown@company.com,(901) 384-9158,Active
EMP022821,Sarah,Rodriguez,Sarah Rodriguez,57,Legal,Lead,Boston,122169.18,11423.45,2022-04-07,34,78.9,sarah.rodriguez@company.com,(254) 912-8830,Active
EMP022822,Jessica,Wilson,Jessica Wilson,62,Marketing,Director,New York,96625.28,8414.48,2024-12-31,33,91.9,jessica.wilson@company.com,(855) 359-1033,Active
EMP022823,Sarah,Lopez,Sarah Lopez,50,Marketing,Director,Boston,88898.26,12602.91,2024-02-21,26,59.2,sarah.lopez@company.com,(665) 268-7522,Active
EMP022824,Jessica,Hernandez,Jessica Hernandez,56,Marketing,Senior Developer,Seattle,79315.92,12626.6,2021-09-05,27,66.7,jessica.hernandez@company.com,(673) 705-2510,Active
EMP022825,Lisa,Williams,Lisa Williams,22,Legal,Associate,Los Angeles,62181.95,6405.02,2020-05-05,0,86.0,lisa.williams@company.com,(882) 586-4208,Active
EMP022826,Ashley,Martinez,Ashley Martinez,25,Sales,Senior Developer,San Francisco,71966.06,6722.11,2023-02-24,0,87.6,ashley.martinez@company.com,(575) 636-4966,Active
EMP022827,Amanda,Smith,Amanda Smith,46,Operations,Director,Austin,69563.41,11038.34,2022-01-27,22,84.3,amanda.smith@company.com,(478) 329-7187,Inactive
EMP022828,Nicole,Jackson,Nicole Jackson,23,IT,Director,Los Angeles,48917.38,5929.76,2021-06-06,0,79.6,nicole.jackson@company.com,(825) 728-9738,Active
EMP022829,Stephanie,Hernandez,Stephanie Hernandez,22,HR,Analyst,New York,76513.05,4132.63,2023-07-09,0,68.4,stephanie.hernandez@company.com,(460) 653-7230,Active
EMP022830,Daniel,Martinez,Daniel Martinez,29,Sales,Specialist,Los Angeles,89570.27,6261.74,2020-02-17,4,84.6,daniel.martinez@company.com,(325) 335-2046,Active
EMP022831,Amanda,Thomas,Amanda Thomas,34,Operations,Senior Developer,Seattle,72473.38,0.0,2022-01-07,11,90.8,amanda.thomas@company.com,(352) 311-2388,Active
EMP022832,Christopher,Jackson,Christopher Jackson,51,Operations,Analyst,Miami,49967.78,6122.14,2023-09-02,24,82.7,christopher.jackson@company.com,(394) 501-3659,Active
EMP022833,Matthew,Martin,Matthew Martin,29,Marketing,Coordinator,Chicago,50233.2,4430.6,2023-06-16,2,75.5,matthew.martin@company.com,(919) 403-2650,Active
EMP022834,Stephanie,Smith,Stephanie Smith,27,HR,Specialist,Austin,27542.66,1774.83,2020-10-17,4,86.0,stephanie.smith@company.com,(381) 741-9487,Active
EMP022835,Sarah,Gonzalez,Sarah Gonzalez,40,Sales,Analyst,Austin,57739.7,10400.66,2020-08-03,12,95.4,sarah.gonzalez@company.com,(655) 907-2114,Active
EMP022836,Matthew,Wilson,Matthew Wilson,54,Legal,Manager,Chicago,125717.0,17765.84,2020-05-04,32,70.3,matthew.wilson@company.com,(584) 838-6266,Active
EMP022837,Sarah,Hernandez,Sarah Hernandez,37,Sales,Manager,Chicago,49911.21,5374.88,2024-03-09,12,78.3,sarah.hernandez@company.com,(639) 849-5912,On Leave
EMP022838,Sarah,Garcia,Sarah Garcia,55,HR,Senior Developer,New York,75328.02,13388.64,2024-04-28,32,67.3,sarah.garcia@company.com,(947) 814-7943,Active
EMP022839,David,Gonzalez,David Gonzalez,45,Engineering,Analyst,Boston,105968.69,11282.49,2023-07-22,23,58.8,david.gonzalez@company.com,(365) 812-1670,Active
EMP022840,Stephanie,Jackson,Stephanie Jackson,30,HR,Analyst,Boston,62441.65,0.0,2022-06-09,4,90.5,stephanie.jackson@company.com,(339) 669-2100,Active
EMP022841,David,Miller,David Miller,53,Marketing,Manager,Miami,56436.18,7415.04,2021-02-03,27,77.9,david.miller@company.com,(626) 550-8511,Inactive
EMP022842,Sarah,Martin,Sarah Martin,38,HR,Senior Developer,Chicago,51178.35,6135.12,2023-06-05,14,93.0,sarah.martin@company.com,(286) 539-1978,Active
EMP022843,Robert,Lopez,Robert Lopez,65,Finance,Analyst,Miami,133123.07,8473.12,2021-08-23,38,45.6,robert.lopez@company.com,(263) 600-3223,Active
EMP022844,Stephanie,Martin,Stephanie Martin,27,Legal,Lead,New York,70963.39,5222.71,2022-01-08,3,58.6,stephanie.martin@company.com,(804) 313-9965,Active
EMP022845,Jessica,Hernandez,Jessica Hernandez,31,Legal,Senior Developer,Miami,105512.84,8340.14,2021-07-27,4,49.4,jessica.hernandez@company.com,(600) 657-3531,Active
EMP022846,Daniel,Anderson,Daniel Anderson,40,Sales,Associate,San Francisco,60576.5,4024.36,2020-01-05,17,88.4,daniel.anderson@company.com,(266) 316-2062,Active
EMP022847,Emily,Martin,Emily Martin,54,HR,Analyst,San Francisco,75162.42,8357.28,2024-09-14,29,49.1,emily.martin@company.com,(379) 904-3214,Active
EMP022848,Melissa,Moore,Melissa Moore,53,Sales,Director,Austin,101676.49,25.96,2022-03-01,27,66.2,melissa.moore@company.com,(444) 549-6150,Active
EMP022849,Jessica,Johnson,Jessica Johnson,61,Operations,Manager,Seattle,74386.36,6732.37,2023-10-13,38,40.0,jessica.johnson@company.com,(272) 367-9347,Active
EMP022850,Christopher,Thomas,Christopher Thomas,40,Sales,Senior Developer,San Francisco,98975.94,9424.4,2024-12-31,16,81.6,christopher.thomas@company.com,(732) 659-4314,Active
EMP022851,John,Jackson,John Jackson,54,Operations,Analyst,Los Angeles,58232.93,2012.88,2020-07-19,26,75.0,john.jackson@company.com,(941) 365-7363,Active
EMP022852,Nicole,Gonzalez,Nicole Gonzalez,47,Engineering,Manager,Seattle,102394.44,16515.47,2023-03-09,24,85.4,nicole.gonzalez@company.com,(628) 398-5174,Active
EMP022853,Amanda,Taylor,Amanda Taylor,60,Engineering,Director,San Francisco,123398.43,9542.14,2020-02-19,35,43.0,amanda.taylor@company.com,(839) 572-7569,Active
EMP022854,Jane,Thomas,Jane Thomas,43,Engineering,Lead,Chicago,91468.52,9815.23,2024-06-08,21,82.3,jane.thomas@company.com,(598) 624-4679,Active
EMP022855,Christopher,Brown,Christopher Brown,24,Legal,Director,Miami,81049.28,9065.47,2022-04-13,0,84.2,christopher.brown@company.com,(491) 444-8841,Active
EMP022856,Jane,Davis,Jane Davis,39,Finance,Analyst,Seattle,93911.16,4929.69,2021-06-04,17,62.6,jane.davis@company.com,(856) 585-4896,Active
EMP022857,James,Smith,James Smith,53,Sales,Director,New York,70763.69,11181.37,2021-04-30,27,60.6,james.smith@company.com,(393) 401-1820,Inactive
EMP022858,Anthony,Lopez,Anthony Lopez,44,IT,Lead,Boston,119084.51,2701.12,2022-03-09,22,87.1,anthony.lopez@company.com,(495) 839-6690,Active
EMP022859,Robert,Rodriguez,Robert Rodriguez,24,Marketing,Lead,Chicago,56750.47,5581.54,2020-02-09,0,48.5,robert.rodriguez@company.com,(814) 471-8426,Active
EMP022860,Anthony,Garcia,Anthony Garcia,53,Operations,Specialist,Boston,62496.14,8450.13,2021-01-07,27,63.4,anthony.garcia@company.com,(217) 437-2250,On Leave
EMP022861,David,Wilson,David Wilson,54,Operations,Manager,Chicago,72161.9,10792.97,2020-04-05,27,56.5,david.wilson@company.com,(246) 843-9695,Active
EMP022862,Daniel,Jones,Daniel Jones,61,IT,Specialist,San Francisco,114209.41,9171.72,2024-02-07,32,91.5,daniel.jones@company.com,(373) 881-6288,Active
EMP022863,Daniel,Hernandez,Daniel Hernandez,39,Legal,Specialist,Los Angeles,43459.69,2483.23,2023-04-23,14,99.9,daniel.hernandez@company.com,(430) 217-2223,Active
EMP022864,Sarah,Anderson,Sarah Anderson,23,HR,Manager,Boston,67507.28,8180.21,2021-09-17,0,65.6,sarah.anderson@company.com,(358) 945-5619,Active
EMP022865,Daniel,Lopez,Daniel Lopez,63,IT,Specialist,Miami,97142.19,264.93,2021-04-03,35,87.8,daniel.lopez@company.com,(960) 729-5497,Active
EMP022866,Michael,Lopez,Michael Lopez,58,Marketing,Director,Austin,77833.97,8083.75,2020-04-10,31,84.7,michael.lopez@company.com,(604) 497-4282,Active
EMP022867,Jane,Gonzalez,Jane Gonzalez,57,Finance,Associate,Los Angeles,67109.71,7918.07,2020-04-19,28,87.3,jane.gonzalez@company.com,(962) 401-5966,Active
EMP022868,James,Martinez,James Martinez,38,Marketing,Associate,San Francisco,63919.88,4450.73,2020-11-03,12,50.4,james.martinez@company.com,(243) 871-6809,Active
EMP022869,Melissa,Wilson,Melissa Wilson,62,Engineering,Manager,New York,106051.64,14124.29,2023-09-19,39,47.3,melissa.wilson@company.com,(886) 621-5672,Active
EMP022870,Michael,Moore,Michael Moore,56,Operations,Analyst,Chicago,64823.91,4249.7,2023-07-28,31,91.3,michael.moore@company.com,(232) 938-9807,Active
EMP022871,Matthew,Smith,Matthew Smith,57,Marketing,Associate,Chicago,79819.49,4927.03,2020-10-25,35,91.6,matthew.smith@company.com,(271) 819-2202,Active
EMP022872,William,Gonzalez,William Gonzalez,65,IT,Coordinator,New York,101858.08,15468.66,2024-08-15,36,65.7,william.gonzalez@company.com,(683) 756-7099,Active
EMP022873,John,Smith,John Smith,31,Legal,Manager,San Francisco,122302.38,20790.99,2020-10-20,8,82.9,john.smith@company.com,(762) 864-3156,Active
EMP022874,Robert,Smith,Robert Smith,40,Finance,Analyst,Austin,70664.64,10741.77,2024-01-15,18,68.2,robert.smith@company.com,(269) 429-9605,Active
EMP022875,Robert,Thomas,Robert Thomas,60,Operations,Coordinator,Los Angeles,78598.44,7452.03,2024-09-06,38,90.2,robert.thomas@company.com,(761) 856-7426,On Leave
EMP022876,William,Williams,William Williams,41,Marketing,Analyst,New York,64522.17,1797.49,2023-03-06,18,69.4,william.williams@company.com,(408) 497-3446,Active
EMP022877,Melissa,Rodriguez,Melissa Rodriguez,29,Legal,Specialist,Chicago,91364.46,9010.6,2024-03-15,3,82.6,melissa.rodriguez@company.com,(500) 588-1163,Active
EMP022878,Nicole,Thomas,Nicole Thomas,24,Marketing,Director,Miami,33249.07,904.1,2023-12-06,0,77.3,nicole.thomas@company.com,(576) 283-4373,Active
EMP022879,Jane,Hernandez,Jane Hernandez,56,Sales,Senior Developer,San Francisco,73200.88,15086.83,2022-03-27,30,90.0,jane.hernandez@company.com,(530) 874-2098,Active
EMP022880,Emily,Miller,Emily Miller,55,Legal,Analyst,Austin,95663.63,6522.15,2022-01-27,32,100.0,emily.miller@company.com,(451) 583-4848,Active
EMP022881,Stephanie,Miller,Stephanie Miller,62,Finance,Coordinator,San Francisco,96505.19,3151.36,2020-04-16,39,68.4,stephanie.miller@company.com,(533) 227-3104,Active
EMP022882,Jessica,Jackson,Jessica Jackson,29,Finance,Manager,Seattle,81899.35,7752.96,2021-07-30,5,79.6,jessica.jackson@company.com,(665) 236-4518,Active
EMP022883,Anthony,Rodriguez,Anthony Rodriguez,42,Operations,Specialist,San Francisco,51924.65,6301.55,2020-04-23,17,48.2,anthony.rodriguez@company.com,(809) 406-7187,Active
EMP022884,Anthony,Moore,Anthony Moore,30,HR,Associate,Boston,55969.03,6437.1,2020-11-27,3,62.6,anthony.moore@company.com,(583) 583-9415,Active
EMP022885,Jane,Martin,Jane Martin,44,Sales,Manager,Seattle,87128.62,8486.07,2023-09-30,19,70.9,jane.martin@company.com,(949) 795-4848,Active
EMP022886,Ashley,Johnson,Ashley Johnson,23,HR,Analyst,San Francisco,79839.61,4243.07,2020-10-01,1,86.5,ashley.johnson@company.com,(993) 492-1946,Active
EMP022887,Matthew,Jones,Matthew Jones,64,Finance,Senior Developer,Los Angeles,105818.82,13858.48,2023-09-23,36,78.4,matthew.jones@company.com,(596) 672-8604,Active
EMP022888,Christopher,Johnson,Christopher Johnson,60,Operations,Coordinator,Miami,69042.05,8630.24,2024-06-18,37,68.2,christopher.johnson@company.com,(278) 313-7083,Active
EMP022889,Lisa,Smith,Lisa Smith,28,IT,Analyst,Los Angeles,74313.97,9366.93,2023-12-15,5,60.9,lisa.smith@company.com,(396) 656-6026,On Leave
EMP022890,Melissa,Anderson,Melissa Anderson,50,Finance,Senior Developer,Austin,76588.78,7345.56,2022-04-03,28,38.4,melissa.anderson@company.com,(401) 697-2556,Active
EMP022891,Daniel,Davis,Daniel Davis,53,IT,Senior Developer,Chicago,109813.4,16706.09,2024-11-04,25,75.3,daniel.davis@company.com,(370) 697-3093,Active
EMP022892,Lisa,Anderson,Lisa Anderson,37,Operations,Senior Developer,Boston,69273.29,6235.2,2023-01-09,15,80.6,lisa.anderson@company.com,(941) 703-1210,Active
EMP022893,Stephanie,Brown,Stephanie Brown,58,Engineering,Manager,Miami,81623.03,4157.42,2021-11-10,29,93.0,stephanie.brown@company.com,(488) 239-4398,Inactive
EMP022894,Amanda,Garcia,Amanda Garcia,51,Sales,Lead,Seattle,86928.59,4263.54,2022-12-24,27,91.0,amanda.garcia@company.com,(478) 410-6956,Active
EMP022895,Jessica,Jackson,Jessica Jackson,37,Sales,Lead,San Francisco,51692.81,4096.88,2021-04-26,11,70.8,jessica.jackson@company.com,(343) 592-7944,Active
EMP022896,Amanda,Miller,Amanda Miller,49,Sales,Senior Developer,Los Angeles,78288.73,9393.43,2023-05-19,27,72.9,amanda.miller@company.com,(406) 554-1216,Active
EMP022897,Ashley,Wilson,Ashley Wilson,40,HR,Associate,Austin,66109.95,5080.85,2020-06-10,17,82.0,ashley.wilson@company.com,(349) 896-4422,Active
EMP022898,Michael,Garcia,Michael Garcia,62,HR,Associate,New York,78073.74,2299.84,2021-03-27,39,50.3,michael.garcia@company.com,(465) 976-6287,Active
EMP022899,William,Hernandez,William Hernandez,38,Marketing,Analyst,San Francisco,57323.52,4254.99,2024-05-25,10,85.0,william.hernandez@company.com,(472) 682-3420,Active
EMP022900,Anthony,Martinez,Anthony Martinez,46,Operations,Specialist,New York,91558.93,6843.96,2024-12-25,17,86.0,anthony.martinez@company.com,(553) 465-4512,Active
EMP022901,Nicole,Thomas,Nicole Thomas,52,Finance,Coordinator,Boston,82605.5,5929.66,2022-03-15,29,74.3,nicole.thomas@company.com,(704) 237-6784,Active
EMP022902,Michael,Smith,Michael Smith,32,IT,Manager,Seattle,73285.51,10529.75,2024-11-01,4,93.0,michael.smith@company.com,(938) 729-4141,Active
EMP022903,Emily,Williams,Emily Williams,38,HR,Coordinator,Boston,69053.31,7452.87,2023-05-27,10,62.0,emily.williams@company.com,(250) 522-5540,Active
EMP022904,Anthony,Taylor,Anthony Taylor,55,Sales,Analyst,San Francisco,99576.95,15174.66,2022-12-21,32,100.0,anthony.taylor@company.com,(589) 515-5153,Active
EMP022905,Lisa,Smith,Lisa Smith,65,Engineering,Lead,Boston,94987.68,7700.27,2020-10-05,38,75.2,lisa.smith@company.com,(861) 369-2581,On Leave
EMP022906,Sarah,Martinez,Sarah Martinez,38,Legal,Manager,Los Angeles,86051.66,7064.08,2023-08-06,11,98.4,sarah.martinez@company.com,(502) 790-5346,Active
EMP022907,Melissa,Thomas,Melissa Thomas,44,Sales,Associate,Seattle,62606.66,4470.96,2021-07-04,16,60.1,melissa.thomas@company.com,(807) 798-5047,Active
EMP022908,Amanda,Johnson,Amanda Johnson,60,Legal,Lead,San Francisco,120466.35,15547.05,2021-11-10,31,80.8,amanda.johnson@company.com,(409) 930-6915,Active
EMP022909,John,Taylor,John Taylor,34,HR,Manager,San Francisco,61882.46,4373.72,2024-01-14,11,54.6,john.taylor@company.com,(469) 927-3270,Active
EMP022910,Stephanie,Taylor,Stephanie Taylor,64,IT,Senior Developer,New York,80726.39,16271.01,2024-08-03,35,84.3,stephanie.taylor@company.com,(219) 294-9881,Active
EMP022911,Amanda,Smith,Amanda Smith,58,Sales,Manager,San Francisco,60660.67,12088.19,2023-02-04,33,68.2,amanda.smith@company.com,(441) 696-8284,Inactive
EMP022912,Robert,Jones,Robert Jones,31,Engineering,Coordinator,Boston,86366.05,2461.84,2023-08-12,7,88.3,robert.jones@company.com,(681) 965-1430,On Leave
EMP022913,Sarah,Moore,Sarah Moore,49,Marketing,Associate,San Francisco,76600.87,12623.85,2023-02-23,23,95.3,sarah.moore@company.com,(499) 412-8677,Active
EMP022914,Ashley,Garcia,Ashley Garcia,62,Marketing,Manager,Los Angeles,79795.91,7464.77,2022-08-23,37,56.6,ashley.garcia@company.com,(520) 938-1069,Inactive
EMP022915,Emily,Martin,Emily Martin,46,Engineering,Manager,New York,115562.96,16187.68,2021-11-05,18,83.4,emily.martin@company.com,(716) 671-6611,Active
EMP022916,Robert,Williams,Robert Williams,61,HR,Director,Los Angeles,95259.96,11140.63,2023-06-07,36,62.7,robert.williams@company.com,(635) 962-6430,Active
EMP022917,Robert,Johnson,Robert Johnson,58,HR,Analyst,Miami,94613.98,4153.61,2020-04-13,30,80.9,robert.johnson@company.com,(258) 249-1049,Active
EMP022918,Matthew,Martin,Matthew Martin,43,Finance,Senior Developer,Seattle,102895.78,10573.18,2023-09-14,14,75.6,matthew.martin@company.com,(611) 544-5968,Active
EMP022919,Lisa,Thomas,Lisa Thomas,60,Engineering,Lead,Los Angeles,128335.64,25569.15,2023-11-17,35,83.1,lisa.thomas@company.com,(695) 815-2079,Active
EMP022920,Emily,Lopez,Emily Lopez,65,Legal,Specialist,San Francisco,121954.23,19150.55,2023-11-26,37,54.7,emily.lopez@company.com,(674) 965-5200,Active
EMP022921,Anthony,Jones,Anthony Jones,50,Engineering,Lead,Miami,149636.84,20781.81,2024-04-30,22,61.4,anthony.jones@company.com,(734) 752-2495,Active
EMP022922,Michael,Smith,Michael Smith,37,Finance,Coordinator,Seattle,78185.69,1056.04,2024-04-02,8,75.7,michael.smith@company.com,(374) 311-3800,Active
EMP022923,Nicole,Lopez,Nicole Lopez,53,HR,Associate,Boston,64809.95,10740.78,2020-04-14,26,84.8,nicole.lopez@company.com,(956) 720-2839,Inactive
EMP022924,Robert,Williams,Robert Williams,52,HR,Lead,Austin,70624.93,13021.25,2023-06-01,30,68.7,robert.williams@company.com,(840) 606-3988,Active
EMP022925,Amanda,Gonzalez,Amanda Gonzalez,39,Engineering,Associate,New York,83133.52,7350.61,2022-09-30,13,65.6,amanda.gonzalez@company.com,(875) 844-3029,Active
EMP022926,Jessica,Taylor,Jessica Taylor,42,Marketing,Coordinator,Seattle,63485.1,7881.17,2021-03-07,13,98.6,jessica.taylor@company.com,(993) 817-6780,Active
EMP022927,Anthony,Miller,Anthony Miller,61,Sales,Specialist,San Francisco,88542.7,0.0,2021-06-11,34,72.0,anthony.miller@company.com,(652) 934-8399,Active
EMP022928,Sarah,Hernandez,Sarah Hernandez,30,Operations,Senior Developer,Austin,34151.75,5580.08,2024-03-06,4,94.7,sarah.hernandez@company.com,(786) 543-6778,Active
EMP022929,Christopher,Taylor,Christopher Taylor,55,Legal,Senior Developer,Miami,123641.43,19320.88,2024-06-02,31,78.2,christopher.taylor@company.com,(332) 349-9662,Active
EMP022930,Jessica,Garcia,Jessica Garcia,57,Operations,Lead,Los Angeles,87619.58,4761.37,2020-01-15,32,67.5,jessica.garcia@company.com,(455) 637-6656,Active
EMP022931,Ashley,Rodriguez,Ashley Rodriguez,31,Marketing,Lead,Chicago,59982.77,4045.97,2024-10-30,9,83.6,ashley.rodriguez@company.com,(724) 338-6229,Active
EMP022932,Stephanie,Davis,Stephanie Davis,30,Finance,Associate,Boston,73484.08,5190.7,2020-09-15,7,76.7,stephanie.davis@company.com,(534) 809-7267,Active
EMP022933,Jane,Rodriguez,Jane Rodriguez,58,IT,Director,Austin,68754.97,5177.47,2022-08-31,29,61.9,jane.rodriguez@company.com,(985) 376-6053,Active
EMP022934,Christopher,Gonzalez,Christopher Gonzalez,28,Marketing,Senior Developer,New York,68051.94,4365.17,2024-09-24,1,74.7,christopher.gonzalez@company.com,(698) 948-9595,Active
EMP022935,Robert,Lopez,Robert Lopez,39,Legal,Lead,Chicago,72686.88,4918.13,2024-05-27,15,82.0,robert.lopez@company.com,(873) 969-4354,Active
EMP022936,Sarah,Anderson,Sarah Anderson,45,Finance,Analyst,San Francisco,66239.35,4318.66,2023-08-15,16,71.4,sarah.anderson@company.com,(513) 339-7230,Active
EMP022937,Sarah,Martinez,Sarah Martinez,39,Legal,Director,San Francisco,108735.46,12554.77,2024-06-25,12,79.7,sarah.martinez@company.com,(369) 228-7947,Active
EMP022938,John,Moore,John Moore,64,HR,Coordinator,San Francisco,71644.87,7902.71,2021-11-25,36,65.6,john.moore@company.com,(261) 522-3484,Active
EMP022939,Amanda,Thomas,Amanda Thomas,23,Legal,Senior Developer,Boston,64811.76,6893.33,2023-08-07,0,71.5,amanda.thomas@company.com,(870) 709-9379,Active
EMP022940,Emily,Lopez,Emily Lopez,44,Marketing,Senior Developer,Los Angeles,83907.05,5882.75,2023-06-23,20,66.3,emily.lopez@company.com,(483) 973-7076,Active
EMP022941,Amanda,Smith,Amanda Smith,43,Sales,Senior Developer,San Francisco,109064.25,12561.79,2021-10-15,20,100.0,amanda.smith@company.com,(546) 908-8931,Active
EMP022942,Sarah,Miller,Sarah Miller,50,Engineering,Lead,Los Angeles,95863.46,4019.1,2022-01-23,24,77.9,sarah.miller@company.com,(462) 239-6771,Inactive
EMP022943,Matthew,Lopez,Matthew Lopez,34,Engineering,Associate,Los Angeles,99200.54,8591.57,2023-08-02,5,87.4,matthew.lopez@company.com,(431) 307-7489,Inactive
EMP022944,Amanda,Martinez,Amanda Martinez,24,Legal,Manager,Seattle,69491.12,10760.88,2023-05-04,0,89.2,amanda.martinez@company.com,(873) 607-8608,Active
EMP022945,John,Taylor,John Taylor,46,Marketing,Director,Seattle,71685.21,11860.9,2020-06-28,18,81.4,john.taylor@company.com,(880) 815-7301,Active
EMP022946,Matthew,Brown,Matthew Brown,25,HR,Senior Developer,Boston,53253.65,5090.09,2022-06-12,3,59.3,matthew.brown@company.com,(605) 845-2553,Active
EMP022947,Melissa,Garcia,Melissa Garcia,37,Engineering,Coordinator,New York,106021.12,3440.75,2023-08-18,13,52.8,melissa.garcia@company.com,(722) 343-6689,Inactive
EMP022948,Jane,Rodriguez,Jane Rodriguez,40,Finance,Manager,Boston,84398.38,10012.79,2021-08-24,16,66.4,jane.rodriguez@company.com,(872) 870-5506,On Leave
EMP022949,Jane,Gonzalez,Jane Gonzalez,35,Legal,Associate,Miami,98746.59,4195.26,2021-09-22,12,79.1,jane.gonzalez@company.com,(308) 275-4961,Active
EMP022950,Daniel,Gonzalez,Daniel Gonzalez,60,Operations,Director,Boston,71165.71,5246.73,2020-06-13,33,73.7,daniel.gonzalez@company.com,(586) 313-7311,Active
EMP022951,Jessica,Davis,Jessica Davis,44,Finance,Director,New York,89303.64,9817.66,2024-07-05,16,89.7,jessica.davis@company.com,(575) 696-4371,Active
EMP022952,Anthony,Lopez,Anthony Lopez,62,Marketing,Senior Developer,Los Angeles,80101.33,14399.3,2023-02-21,35,81.5,anthony.lopez@company.com,(484) 699-6010,Active
EMP022953,David,Jones,David Jones,65,Marketing,Senior Developer,Austin,76838.0,9546.38,2022-06-20,36,74.1,david.jones@company.com,(572) 587-6256,Active
EMP022954,Melissa,Lopez,Melissa Lopez,25,Marketing,Senior Developer,Boston,28500.0,1692.09,2024-11-24,2,62.6,melissa.lopez@company.com,(958) 677-5726,Inactive
EMP022955,Ashley,Garcia,Ashley Garcia,35,Legal,Director,Austin,92444.1,9193.42,2021-05-29,13,49.5,ashley.garcia@company.com,(668) 534-2169,Active
EMP022956,Amanda,Rodriguez,Amanda Rodriguez,26,Engineering,Coordinator,Boston,64009.85,2843.65,2020-04-13,0,87.6,amanda.rodriguez@company.com,(678) 452-4506,Active
EMP022957,James,Wilson,James Wilson,60,Marketing,Lead,San Francisco,78408.24,5024.13,2023-12-13,34,69.4,james.wilson@company.com,(875) 860-8071,Inactive
EMP022958,David,Gonzalez,David Gonzalez,39,Finance,Coordinator,San Francisco,95746.34,1267.38,2021-04-23,17,70.5,david.gonzalez@company.com,(780) 932-8271,On Leave
EMP022959,Ashley,Thomas,Ashley Thomas,37,Finance,Director,Seattle,89575.87,17073.94,2020-08-01,10,72.6,ashley.thomas@company.com,(725) 688-6630,Active
EMP022960,Michael,Gonzalez,Michael Gonzalez,63,Marketing,Senior Developer,New York,81640.46,8791.06,2024-11-17,39,79.7,michael.gonzalez@company.com,(918) 839-6280,Active
EMP022961,Anthony,Wilson,Anthony Wilson,50,Finance,Senior Developer,Boston,107370.77,9364.08,2022-06-19,25,72.9,anthony.wilson@company.com,(220) 906-4271,Active
EMP022962,Amanda,Gonzalez,Amanda Gonzalez,61,Legal,Coordinator,Boston,79911.8,3807.74,2022-09-10,33,50.0,amanda.gonzalez@company.com,(873) 454-3885,Active
EMP022963,Christopher,Garcia,Christopher Garcia,61,Engineering,Senior Developer,New York,165852.56,9145.18,2021-01-01,34,62.9,christopher.garcia@company.com,(719) 753-5838,Active
EMP022964,Anthony,Smith,Anthony Smith,62,IT,Specialist,New York,121287.02,10233.71,2021-01-25,33,49.6,anthony.smith@company.com,(207) 519-2273,Active
EMP022965,John,Garcia,John Garcia,32,Sales,Director,San Francisco,107705.02,5488.39,2023-06-02,3,52.6,john.garcia@company.com,(749) 656-3010,Active
EMP022966,Sarah,Martinez,Sarah Martinez,62,Sales,Senior Developer,San Francisco,79898.77,10257.4,2022-05-29,40,60.6,sarah.martinez@company.com,(566) 371-5093,On Leave
EMP022967,David,Moore,David Moore,59,HR,Senior Developer,Los Angeles,86242.31,12164.22,2024-11-03,31,94.8,david.moore@company.com,(508) 497-7901,Inactive
EMP022968,Anthony,Johnson,Anthony Johnson,65,Legal,Specialist,Los Angeles,129693.64,2681.41,2022-12-06,38,69.8,anthony.johnson@company.com,(784) 714-9999,Active
EMP022969,John,Johnson,John Johnson,52,HR,Lead,Miami,97354.26,14305.28,2023-08-26,24,76.7,john.johnson@company.com,(341) 905-2273,Active
EMP022970,Melissa,Gonzalez,Melissa Gonzalez,23,IT,Senior Developer,Seattle,73095.82,11335.16,2024-04-14,0,55.2,melissa.gonzalez@company.com,(912) 626-1915,Active
EMP022971,Daniel,Lopez,Daniel Lopez,43,Engineering,Manager,Los Angeles,77184.16,8379.46,2024-02-19,17,80.4,daniel.lopez@company.com,(905) 500-3811,Active
EMP022972,Ashley,Brown,Ashley Brown,41,Finance,Lead,San Francisco,70346.37,11329.51,2024-08-08,18,100.0,ashley.brown@company.com,(902) 215-1939,Active
EMP022973,Sarah,Gonzalez,Sarah Gonzalez,29,Legal,Senior Developer,Boston,94113.91,6307.8,2020-01-28,4,69.5,sarah.gonzalez@company.com,(420) 457-9135,Active
EMP022974,Michael,Garcia,Michael Garcia,22,Finance,Associate,Chicago,94346.87,2820.94,2020-07-30,0,66.1,michael.garcia@company.com,(359) 971-9956,Active
EMP022975,Stephanie,Jackson,Stephanie Jackson,54,Engineering,Specialist,Boston,112466.82,16384.98,2022-01-24,31,85.3,stephanie.jackson@company.com,(638) 744-8852,Active
EMP022976,Jane,Wilson,Jane Wilson,24,IT,Director,Los Angeles,71921.11,4209.21,2021-01-01,0,89.1,jane.wilson@company.com,(364) 415-1367,Active
EMP022977,Daniel,Anderson,Daniel Anderson,64,Operations,Specialist,New York,75836.6,7840.79,2024-05-03,37,75.3,daniel.anderson@company.com,(669) 530-1976,Active
EMP022978,Anthony,Gonzalez,Anthony Gonzalez,54,Sales,Associate,San Francisco,75200.16,10673.74,2021-03-14,27,44.3,anthony.gonzalez@company.com,(525) 335-9965,Active
EMP022979,Emily,Wilson,Emily Wilson,24,Engineering,Specialist,Boston,79277.54,6622.0,2022-04-17,0,86.0,emily.wilson@company.com,(912) 836-7359,Active
EMP022980,Emily,Williams,Emily Williams,57,Engineering,Manager,Seattle,132911.88,4183.18,2021-11-02,30,71.2,emily.williams@company.com,(488) 348-7952,Active
EMP022981,John,Brown,John Brown,52,Engineering,Coordinator,Chicago,87505.55,12523.83,2020-12-05,24,91.9,john.brown@company.com,(502) 987-4945,Active
EMP022982,Jessica,Gonzalez,Jessica Gonzalez,65,IT,Coordinator,San Francisco,117536.17,6957.5,2021-03-05,37,78.8,jessica.gonzalez@company.com,(419) 553-5162,Active
EMP022983,Daniel,Smith,Daniel Smith,57,Engineering,Analyst,Seattle,81437.88,14064.62,2023-10-23,28,73.1,daniel.smith@company.com,(726) 845-6343,Active
EMP022984,Sarah,Gonzalez,Sarah Gonzalez,30,Engineering,Manager,San Francisco,39000.0,2271.0,2023-02-01,1,93.8,sarah.gonzalez@company.com,(866) 218-3879,Active
EMP022985,Christopher,Wilson,Christopher Wilson,22,HR,Coordinator,Austin,36025.05,2533.51,2021-11-15,0,55.8,christopher.wilson@company.com,(366) 624-3035,Active
EMP022986,Robert,Gonzalez,Robert Gonzalez,52,Legal,Analyst,New York,129690.83,12492.49,2020-11-24,28,79.2,robert.gonzalez@company.com,(930) 406-2732,Active
EMP022987,Lisa,Rodriguez,Lisa Rodriguez,36,HR,Analyst,Boston,46580.08,3067.98,2023-09-30,11,87.4,lisa.rodriguez@company.com,(333) 866-2101,Active
EMP022988,Michael,Brown,Michael Brown,37,Sales,Analyst,Los Angeles,51742.15,5714.77,2023-12-18,10,83.0,michael.brown@company.com,(278) 724-6975,Active
EMP022989,Stephanie,Jackson,Stephanie Jackson,22,IT,Specialist,Miami,55453.28,6987.37,2023-09-04,0,73.5,stephanie.jackson@company.com,(361) 565-7931,Active
EMP022990,Ashley,Davis,Ashley Davis,25,Marketing,Associate,Los Angeles,58074.63,5547.5,2020-03-08,0,71.9,ashley.davis@company.com,(507) 606-1960,Active
EMP022991,Michael,Miller,Michael Miller,63,Operations,Director,Boston,65828.21,8642.63,2023-04-01,41,75.8,michael.miller@company.com,(339) 208-9279,Active
EMP022992,Christopher,Gonzalez,Christopher Gonzalez,25,Marketing,Analyst,Chicago,96311.45,13229.01,2022-05-04,0,95.9,christopher.gonzalez@company.com,(843) 343-4955,Active
EMP022993,William,Lopez,William Lopez,63,IT,Specialist,Boston,124615.71,0.0,2023-06-10,41,85.7,william.lopez@company.com,(848) 340-2613,Active
EMP022994,Jane,Thomas,Jane Thomas,40,Finance,Manager,Miami,91866.15,21484.1,2020-07-13,14,59.6,jane.thomas@company.com,(876) 860-6579,Active
EMP022995,Sarah,Hernandez,Sarah Hernandez,50,Sales,Specialist,Boston,66672.12,4679.7,2023-12-18,22,89.2,sarah.hernandez@company.com,(629) 759-1062,Active
EMP022996,Anthony,Thomas,Anthony Thomas,65,Sales,Coordinator,Boston,107141.19,11214.14,2021-05-22,39,100.0,anthony.thomas@company.com,(704) 624-2368,Active
EMP022997,Jane,Thomas,Jane Thomas,40,Engineering,Coordinator,Austin,96196.16,11451.07,2023-06-22,17,30.7,jane.thomas@company.com,(402) 622-2600,Active
EMP022998,Nicole,Lopez,Nicole Lopez,32,IT,Lead,Seattle,57132.61,2491.38,2024-06-14,7,87.5,nicole.lopez@company.com,(781) 986-4420,Active
EMP022999,Jessica,Moore,Jessica Moore,63,Marketing,Associate,Seattle,108326.46,6504.81,2020-01-02,37,35.8,jessica.moore@company.com,(757) 507-5678,On Leave
EMP023000,Emily,Garcia,Emily Garcia,56,Marketing,Senior Developer,New York,91281.91,5189.68,2022-01-10,28,76.6,emily.garcia@company.com,(247) 246-6407,Active
EMP023001,Jane,Jackson,Jane Jackson,29,Legal,Director,Austin,89902.18,10706.73,2023-07-11,5,65.4,jane.jackson@company.com,(951) 964-4211,Active
EMP023002,Jessica,Martin,Jessica Martin,41,Operations,Associate,New York,76367.26,5286.7,2024-03-23,18,93.9,jessica.martin@company.com,(449) 455-2421,Active
EMP023003,Lisa,Smith,Lisa Smith,59,Finance,Coordinator,Seattle,76703.99,9308.62,2023-03-03,36,84.7,lisa.smith@company.com,(750) 828-8811,Active
EMP023004,James,Gonzalez,James Gonzalez,37,Marketing,Analyst,Boston,62186.1,1473.96,2020-07-24,15,85.2,james.gonzalez@company.com,(837) 653-7716,Active
EMP023005,Michael,Gonzalez,Michael Gonzalez,64,Operations,Analyst,Seattle,83408.08,6468.73,2020-04-22,42,42.2,michael.gonzalez@company.com,(440) 482-3896,Active
EMP023006,Jessica,Johnson,Jessica Johnson,41,Sales,Analyst,Austin,35945.3,3733.67,2021-04-14,17,50.6,jessica.johnson@company.com,(910) 835-9853,Active
EMP023007,Jane,Jones,Jane Jones,42,Operations,Associate,New York,68007.55,3202.32,2024-12-16,16,96.3,jane.jones@company.com,(420) 564-6719,Inactive
EMP023008,Michael,Moore,Michael Moore,41,Operations,Lead,Boston,75557.93,11165.82,2021-09-23,16,55.9,michael.moore@company.com,(859) 836-3601,Active
EMP023009,Robert,Moore,Robert Moore,37,Finance,Specialist,New York,66543.95,2356.61,2021-02-03,14,94.3,robert.moore@company.com,(383) 848-4971,Inactive
EMP023010,Ashley,Jones,Ashley Jones,49,IT,Lead,Miami,129722.88,11400.4,2023-02-25,23,68.4,ashley.jones@company.com,(791) 930-1212,Active
EMP023011,Matthew,Wilson,Matthew Wilson,65,Engineering,Associate,Miami,143455.64,3261.4,2020-03-07,42,67.5,matthew.wilson@company.com,(836) 374-1637,Active
EMP023012,Sarah,Rodriguez,Sarah Rodriguez,33,Finance,Specialist,San Francisco,54237.44,1992.39,2022-09-21,8,78.7,sarah.rodriguez@company.com,(362) 354-8806,Active
EMP023013,Michael,Lopez,Michael Lopez,57,Marketing,Coordinator,New York,85085.05,7972.83,2020-01-04,28,76.2,michael.lopez@company.com,(257) 512-4294,Active
EMP023014,Lisa,Thomas,Lisa Thomas,35,Finance,Director,Seattle,66417.59,5514.98,2021-12-21,11,66.0,lisa.thomas@company.com,(801) 742-7781,Inactive
EMP023015,Lisa,Martin,Lisa Martin,63,HR,Senior Developer,Los Angeles,73375.15,7844.05,2022-11-06,38,47.9,lisa.martin@company.com,(430) 287-9228,Active
EMP023016,Sarah,Thomas,Sarah Thomas,65,Legal,Analyst,New York,124195.81,7801.05,2023-10-25,36,94.8,sarah.thomas@company.com,(744) 556-7597,Active
EMP023017,Amanda,Martin,Amanda Martin,62,Engineering,Analyst,Miami,111619.28,15977.67,2021-08-07,34,71.3,amanda.martin@company.com,(270) 282-5212,Active
EMP023018,Ashley,Martinez,Ashley Martinez,44,HR,Associate,Seattle,84955.44,17840.73,2022-08-25,22,49.2,ashley.martinez@company.com,(481) 244-9108,Active
EMP023019,Christopher,Miller,Christopher Miller,36,Marketing,Associate,Boston,71725.31,12853.54,2020-02-23,14,76.4,christopher.miller@company.com,(637) 387-6824,Active
EMP023020,Christopher,Miller,Christopher Miller,39,IT,Director,Seattle,64340.62,2758.46,2024-12-13,11,93.9,christopher.miller@company.com,(718) 679-9957,Inactive
EMP023021,Jane,Davis,Jane Davis,65,Finance,Coordinator,Seattle,95529.8,0.0,2020-02-24,41,85.2,jane.davis@company.com,(538) 416-2262,Inactive
EMP023022,Nicole,Moore,Nicole Moore,22,HR,Analyst,Seattle,51921.46,5897.87,2024-10-06,0,64.1,nicole.moore@company.com,(968) 764-4724,Active
EMP023023,Jane,Smith,Jane Smith,26,Operations,Senior Developer,San Francisco,45087.12,5363.13,2021-04-13,4,88.4,jane.smith@company.com,(231) 891-8871,Active
EMP023024,Ashley,Moore,Ashley Moore,60,Finance,Specialist,San Francisco,90043.79,14266.96,2021-04-17,38,47.1,ashley.moore@company.com,(514) 207-9994,Active
EMP023025,Sarah,Johnson,Sarah Johnson,34,Engineering,Coordinator,New York,91688.91,6171.36,2020-01-04,12,73.7,sarah.johnson@company.com,(807) 700-2635,On Leave
EMP023026,Stephanie,Hernandez,Stephanie Hernandez,42,HR,Director,Chicago,75070.12,9619.38,2022-09-16,13,71.0,stephanie.hernandez@company.com,(586) 205-3848,Active
EMP023027,Sarah,Taylor,Sarah Taylor,27,Operations,Director,Seattle,25500.0,3213.16,2024-10-18,3,99.7,sarah.taylor@company.com,(296) 832-7396,Active
EMP023028,William,Jones,William Jones,32,Engineering,Director,San Francisco,84063.85,3853.89,2024-11-15,4,34.8,william.jones@company.com,(868) 973-5134,Active
EMP023029,Ashley,Moore,Ashley Moore,51,Marketing,Associate,Los Angeles,82876.02,244.04,2024-01-22,29,53.8,ashley.moore@company.com,(644) 442-4589,On Leave
EMP023030,Nicole,Martinez,Nicole Martinez,42,Legal,Specialist,Seattle,92850.5,5441.22,2022-03-13,18,62.8,nicole.martinez@company.com,(390) 211-7220,Active
EMP023031,Stephanie,Gonzalez,Stephanie Gonzalez,38,Engineering,Manager,San Francisco,98078.72,10119.67,2020-06-13,12,76.8,stephanie.gonzalez@company.com,(985) 331-3855,Active
EMP023032,Stephanie,Lopez,Stephanie Lopez,38,Engineering,Associate,Boston,100749.25,10600.05,2021-08-22,12,54.0,stephanie.lopez@company.com,(344) 736-2731,Inactive
EMP023033,John,Anderson,John Anderson,33,IT,Analyst,Miami,99578.99,16371.67,2024-02-24,6,89.0,john.anderson@company.com,(450) 724-1779,Active
EMP023034,David,Gonzalez,David Gonzalez,35,Finance,Manager,San Francisco,72150.43,3257.81,2020-06-21,11,69.7,david.gonzalez@company.com,(243) 555-4455,Active
EMP023035,David,Miller,David Miller,26,Operations,Manager,Chicago,25500.0,3204.19,2022-11-11,0,98.2,david.miller@company.com,(781) 218-1329,Active
EMP023036,James,Jackson,James Jackson,27,HR,Lead,Miami,47144.25,1571.26,2022-12-03,4,74.7,james.jackson@company.com,(884) 286-9103,Active
EMP023037,William,Davis,William Davis,55,Operations,Lead,Boston,88826.33,12690.31,2023-03-02,32,59.7,william.davis@company.com,(431) 875-9012,Active
EMP023038,Lisa,Jackson,Lisa Jackson,26,Engineering,Director,Miami,65443.19,7608.33,2021-08-11,0,57.2,lisa.jackson@company.com,(586) 583-3135,On Leave
EMP023039,Melissa,Hernandez,Melissa Hernandez,43,Operations,Specialist,New York,67884.75,1269.6,2023-12-23,14,70.3,melissa.hernandez@company.com,(754) 574-9263,Active
EMP023040,Jane,Brown,Jane Brown,56,HR,Manager,Miami,67284.99,6545.98,2020-01-11,34,81.8,jane.brown@company.com,(213) 764-3205,Active
EMP023041,Amanda,Martinez,Amanda Martinez,58,Finance,Associate,Austin,104072.01,4155.31,2024-12-13,34,64.2,amanda.martinez@company.com,(245) 659-9123,Active
EMP023042,Daniel,Lopez,Daniel Lopez,37,Sales,Manager,Miami,59387.92,635.73,2020-04-28,9,92.9,daniel.lopez@company.com,(545) 746-9373,Inactive
EMP023043,Emily,Martin,Emily Martin,51,Sales,Lead,Los Angeles,61323.17,5706.63,2020-08-15,28,70.5,emily.martin@company.com,(633) 745-8525,Inactive
EMP023044,John,Williams,John Williams,56,Engineering,Specialist,Seattle,92075.15,17331.2,2020-07-11,32,64.0,john.williams@company.com,(296) 821-1861,Active
EMP023045,James,Jones,James Jones,36,IT,Director,New York,61357.58,5668.16,2024-06-29,10,78.4,james.jones@company.com,(244) 986-3353,Active
EMP023046,Robert,Rodriguez,Robert Rodriguez,41,Marketing,Associate,Boston,59266.14,5893.42,2024-11-09,15,79.3,robert.rodriguez@company.com,(224) 778-2854,Active
EMP023047,James,Moore,James Moore,50,Operations,Manager,Austin,84698.74,7186.29,2021-11-03,22,62.4,james.moore@company.com,(666) 521-8097,Active
EMP023048,Matthew,Williams,Matthew Williams,60,Operations,Associate,New York,67787.11,2763.38,2023-12-28,34,74.8,matthew.williams@company.com,(508) 243-1075,Active
EMP023049,William,Taylor,William Taylor,25,Engineering,Director,Seattle,106700.46,10252.0,2023-10-17,0,73.4,william.taylor@company.com,(448) 223-4492,Active
EMP023050,Daniel,Martinez,Daniel Martinez,64,IT,Associate,Austin,116287.52,13337.28,2021-01-16,42,48.9,daniel.martinez@company.com,(641) 763-2380,Inactive
EMP023051,Nicole,Brown,Nicole Brown,65,Legal,Coordinator,Austin,139372.09,19389.57,2020-05-13,41,48.6,nicole.brown@company.com,(958) 303-3065,Active
EMP023052,Jane,Miller,Jane Miller,27,HR,Associate,Chicago,54138.4,4780.6,2020-01-08,4,85.0,jane.miller@company.com,(643) 849-8843,Active
EMP023053,Matthew,Davis,Matthew Davis,28,Legal,Coordinator,Chicago,90761.12,12838.26,2022-06-07,1,60.1,matthew.davis@company.com,(844) 227-1090,Active
EMP023054,Christopher,Lopez,Christopher Lopez,42,Operations,Director,Chicago,57108.96,3592.41,2022-05-12,15,70.3,christopher.lopez@company.com,(736) 664-6093,Inactive
EMP023055,Ashley,Williams,Ashley Williams,65,Operations,Director,New York,95776.49,0.0,2022-09-01,39,24.4,ashley.williams@company.com,(687) 376-3814,Active
EMP023056,John,Hernandez,John Hernandez,39,Legal,Senior Developer,New York,118983.7,3484.72,2023-06-29,11,45.1,john.hernandez@company.com,(462) 974-1285,Inactive
EMP023057,Michael,Smith,Michael Smith,24,Legal,Associate,Austin,81768.41,11933.37,2023-12-22,0,88.5,michael.smith@company.com,(600) 552-8010,Active
EMP023058,Emily,Jackson,Emily Jackson,41,Operations,Specialist,Miami,70397.57,9400.64,2020-07-25,13,81.6,emily.jackson@company.com,(921) 343-9367,Active
EMP023059,John,Martin,John Martin,46,Operations,Senior Developer,Austin,62333.52,8740.83,2023-02-26,18,89.9,john.martin@company.com,(958) 764-1582,Active
EMP023060,Melissa,Hernandez,Melissa Hernandez,34,Operations,Manager,Los Angeles,57777.67,7259.19,2021-12-19,9,61.8,melissa.hernandez@company.com,(684) 922-1872,Active
EMP023061,Emily,Rodriguez,Emily Rodriguez,45,IT,Associate,Los Angeles,89040.57,9469.12,2021-11-02,17,66.0,emily.rodriguez@company.com,(729) 369-3029,Active
EMP023062,Michael,Gonzalez,Michael Gonzalez,51,Finance,Lead,Chicago,112608.57,13431.02,2023-06-15,27,55.5,michael.gonzalez@company.com,(356) 310-2517,Active
EMP023063,Emily,Rodriguez,Emily Rodriguez,45,Finance,Lead,San Francisco,87981.85,4794.51,2022-11-18,23,73.8,emily.rodriguez@company.com,(233) 919-1444,Active
EMP023064,Christopher,Jones,Christopher Jones,46,Marketing,Director,Miami,69807.95,4225.01,2021-10-19,20,81.2,christopher.jones@company.com,(473) 789-2757,Active
EMP023065,Anthony,Taylor,Anthony Taylor,23,Finance,Senior Developer,Seattle,61846.37,11977.12,2024-02-04,0,83.8,anthony.taylor@company.com,(783) 715-7575,Active
EMP023066,Melissa,Williams,Melissa Williams,23,Engineering,Analyst,Los Angeles,61409.79,6041.99,2021-06-11,1,66.5,melissa.williams@company.com,(993) 648-9241,Active
EMP023067,James,Lopez,James Lopez,60,IT,Manager,Chicago,115949.39,14868.59,2024-10-27,33,79.5,james.lopez@company.com,(528) 463-3350,Active
EMP023068,Robert,Moore,Robert Moore,54,Marketing,Lead,Los Angeles,79461.06,3877.0,2020-07-31,32,85.0,robert.moore@company.com,(604) 277-7180,Active
EMP023069,Sarah,Jackson,Sarah Jackson,65,IT,Associate,Boston,114872.77,12723.31,2021-04-25,40,90.3,sarah.jackson@company.com,(481) 642-8550,Active
EMP023070,Christopher,Anderson,Christopher Anderson,39,Marketing,Associate,Austin,60110.86,1839.33,2022-05-06,15,79.8,christopher.anderson@company.com,(254) 919-3125,Active
EMP023071,Daniel,Wilson,Daniel Wilson,59,IT,Manager,Chicago,97304.95,5018.48,2022-06-25,36,72.8,daniel.wilson@company.com,(509) 377-5362,Active
EMP023072,Nicole,Davis,Nicole Davis,32,Finance,Director,San Francisco,83818.83,8149.0,2021-04-28,7,59.5,nicole.davis@company.com,(837) 609-6282,Active
EMP023073,David,Lopez,David Lopez,44,HR,Senior Developer,Boston,74112.72,3484.16,2021-08-21,16,49.0,david.lopez@company.com,(286) 946-5030,Active
EMP023074,Amanda,Garcia,Amanda Garcia,48,Operations,Associate,Miami,50338.82,4135.48,2021-09-28,21,83.3,amanda.garcia@company.com,(482) 411-2886,Active
EMP023075,Amanda,Thomas,Amanda Thomas,25,Operations,Specialist,New York,37207.16,6304.07,2021-09-27,1,70.9,amanda.thomas@company.com,(521) 990-5100,Active
EMP023076,Matthew,Gonzalez,Matthew Gonzalez,62,IT,Senior Developer,Chicago,84222.23,15307.71,2023-03-02,38,100.0,matthew.gonzalez@company.com,(292) 956-7796,Active
EMP023077,Ashley,Anderson,Ashley Anderson,59,IT,Coordinator,Miami,93691.52,0.0,2023-05-07,33,57.3,ashley.anderson@company.com,(647) 674-3192,Inactive
EMP023078,Lisa,Martin,Lisa Martin,22,Operations,Lead,Austin,40398.81,4702.7,2021-04-28,0,65.9,lisa.martin@company.com,(506) 993-2016,Active
EMP023079,Michael,Gonzalez,Michael Gonzalez,28,Engineering,Director,New York,97264.35,7236.42,2021-03-26,2,83.6,michael.gonzalez@company.com,(835) 541-3506,Inactive
EMP023080,Nicole,Garcia,Nicole Garcia,29,Finance,Analyst,Los Angeles,87538.65,13687.14,2021-07-13,6,84.6,nicole.garcia@company.com,(313) 687-8129,Active
EMP023081,Anthony,Anderson,Anthony Anderson,45,Marketing,Associate,Los Angeles,72043.6,5829.56,2020-07-08,22,88.8,anthony.anderson@company.com,(251) 664-5696,Active
EMP023082,Sarah,Lopez,Sarah Lopez,31,Engineering,Analyst,Miami,80382.03,7847.98,2020-02-16,7,94.3,sarah.lopez@company.com,(889) 338-9821,Active
EMP023083,Stephanie,Smith,Stephanie Smith,32,IT,Director,Los Angeles,92233.99,6862.39,2023-07-16,4,64.7,stephanie.smith@company.com,(360) 635-1336,Inactive
EMP023084,Christopher,Martin,Christopher Martin,48,IT,Manager,Los Angeles,81125.28,12021.39,2022-09-13,20,61.0,christopher.martin@company.com,(377) 326-3218,Active
EMP023085,John,Martin,John Martin,25,Marketing,Lead,Miami,39557.25,2119.85,2021-12-20,0,65.3,john.martin@company.com,(942) 576-1987,Active
EMP023086,Lisa,Gonzalez,Lisa Gonzalez,23,Operations,Analyst,Boston,54644.95,7048.76,2022-05-03,0,58.8,lisa.gonzalez@company.com,(906) 792-5296,Active
EMP023087,Ashley,Jackson,Ashley Jackson,59,Sales,Director,Seattle,81035.25,8895.47,2024-05-10,35,67.6,ashley.jackson@company.com,(645) 746-1551,Active
EMP023088,William,Rodriguez,William Rodriguez,50,Engineering,Associate,Austin,131264.62,16499.42,2023-01-25,26,80.5,william.rodriguez@company.com,(335) 996-3894,Active
EMP023089,John,Moore,John Moore,59,Engineering,Coordinator,Miami,114550.3,14398.21,2023-07-30,31,64.0,john.moore@company.com,(702) 547-9337,Active
EMP023090,Jessica,Davis,Jessica Davis,22,Operations,Associate,San Francisco,75324.05,3203.59,2020-01-27,0,93.5,jessica.davis@company.com,(408) 640-5480,Active
EMP023091,Stephanie,Davis,Stephanie Davis,60,Engineering,Senior Developer,Miami,104146.3,15023.25,2023-05-31,34,78.6,stephanie.davis@company.com,(862) 646-1933,Active
EMP023092,Jessica,Wilson,Jessica Wilson,46,Marketing,Specialist,Austin,77343.92,7961.97,2024-12-13,23,45.1,jessica.wilson@company.com,(470) 479-3215,Active
EMP023093,Sarah,Wilson,Sarah Wilson,28,Engineering,Associate,Los Angeles,75883.45,570.89,2024-09-26,5,87.2,sarah.wilson@company.com,(987) 867-5203,Active
EMP023094,Amanda,Miller,Amanda Miller,35,Legal,Manager,New York,85078.42,15227.63,2021-05-10,11,71.0,amanda.miller@company.com,(392) 280-1512,Active
EMP023095,Nicole,Moore,Nicole Moore,26,Marketing,Director,New York,84841.28,3579.59,2022-11-16,4,68.3,nicole.moore@company.com,(843) 930-6012,Active
EMP023096,Emily,Davis,Emily Davis,55,Marketing,Lead,Boston,90093.79,14081.29,2023-04-19,29,66.9,emily.davis@company.com,(419) 263-6254,Active
EMP023097,Emily,Anderson,Emily Anderson,59,Sales,Senior Developer,Austin,67000.71,8485.57,2023-05-10,33,88.1,emily.anderson@company.com,(494) 767-5211,Active
EMP023098,Robert,Gonzalez,Robert Gonzalez,45,Legal,Director,Seattle,124676.52,3472.03,2023-05-04,18,98.8,robert.gonzalez@company.com,(251) 360-3734,Active
EMP023099,Ashley,Martin,Ashley Martin,55,Marketing,Associate,San Francisco,69492.56,7240.48,2022-10-08,31,75.4,ashley.martin@company.com,(359) 701-9947,Active
EMP023100,Sarah,Martin,Sarah Martin,41,Finance,Analyst,Chicago,84298.15,3341.33,2024-02-17,17,87.9,sarah.martin@company.com,(896) 262-5379,Active
EMP023101,Jessica,Anderson,Jessica Anderson,34,Legal,Analyst,Chicago,83380.52,9459.6,2020-08-21,7,66.1,jessica.anderson@company.com,(234) 656-9095,Active
EMP023102,John,Taylor,John Taylor,43,Operations,Senior Developer,Miami,25543.94,2621.88,2023-06-27,20,67.5,john.taylor@company.com,(883) 215-4914,Active
EMP023103,Sarah,Hernandez,Sarah Hernandez,41,Sales,Senior Developer,Seattle,74397.73,14982.23,2020-05-10,14,86.7,sarah.hernandez@company.com,(458) 733-2513,Active
EMP023104,Christopher,Hernandez,Christopher Hernandez,42,Legal,Director,Miami,98004.05,6784.01,2024-12-26,20,83.8,christopher.hernandez@company.com,(664) 239-5964,Active
EMP023105,James,Martin,James Martin,51,Finance,Senior Developer,Seattle,84897.82,5026.85,2024-10-29,24,55.4,james.martin@company.com,(268) 903-4828,Active
EMP023106,Ashley,Garcia,Ashley Garcia,48,Marketing,Analyst,Los Angeles,67915.6,5546.92,2024-07-25,20,75.7,ashley.garcia@company.com,(359) 787-5889,Active
EMP023107,Amanda,Johnson,Amanda Johnson,26,Finance,Lead,Boston,55266.95,5473.74,2021-12-16,1,65.9,amanda.johnson@company.com,(864) 611-2358,Inactive
EMP023108,Christopher,Johnson,Christopher Johnson,26,Operations,Manager,New York,36842.91,904.77,2020-12-03,0,69.9,christopher.johnson@company.com,(220) 346-2029,Active
EMP023109,Jessica,Rodriguez,Jessica Rodriguez,62,Operations,Associate,San Francisco,54948.57,8726.11,2024-11-19,35,89.4,jessica.rodriguez@company.com,(223) 658-4369,Active
EMP023110,Amanda,Taylor,Amanda Taylor,53,HR,Director,Austin,73333.43,5892.67,2024-10-31,31,44.5,amanda.taylor@company.com,(957) 393-5095,Inactive
EMP023111,Nicole,Anderson,Nicole Anderson,22,HR,Senior Developer,Boston,65908.27,5758.95,2021-04-13,0,97.3,nicole.anderson@company.com,(825) 266-1668,Active
EMP023112,Jane,Miller,Jane Miller,22,Operations,Director,Austin,43614.47,4230.32,2023-01-15,0,100.0,jane.miller@company.com,(205) 752-1879,On Leave
EMP023113,Stephanie,Lopez,Stephanie Lopez,59,IT,Senior Developer,Austin,138443.98,24315.47,2022-08-10,37,69.1,stephanie.lopez@company.com,(530) 436-5484,Active
EMP023114,Anthony,Moore,Anthony Moore,23,IT,Senior Developer,Chicago,72532.99,15944.07,2023-09-30,0,53.4,anthony.moore@company.com,(352) 805-8847,Active
EMP023115,Stephanie,Wilson,Stephanie Wilson,46,Engineering,Director,Seattle,133871.57,18653.48,2021-02-27,21,84.1,stephanie.wilson@company.com,(764) 361-1289,On Leave
EMP023116,Lisa,Taylor,Lisa Taylor,48,HR,Manager,New York,69289.33,13974.69,2023-08-20,25,87.1,lisa.taylor@company.com,(251) 431-5570,Active
EMP023117,Robert,Thomas,Robert Thomas,42,IT,Associate,Boston,101166.37,9897.33,2023-08-07,13,70.3,robert.thomas@company.com,(914) 366-9551,Active
EMP023118,Lisa,Brown,Lisa Brown,50,Operations,Specialist,Austin,94055.48,11080.26,2022-01-24,22,80.4,lisa.brown@company.com,(860) 425-6595,Active
EMP023119,Melissa,Moore,Melissa Moore,56,Engineering,Associate,Los Angeles,107522.11,7986.44,2021-09-19,30,85.8,melissa.moore@company.com,(265) 375-1293,Active
EMP023120,John,Jackson,John Jackson,53,Finance,Director,Austin,101976.66,6741.35,2020-07-30,28,84.6,john.jackson@company.com,(738) 904-4102,Inactive
EMP023121,James,Jackson,James Jackson,62,Operations,Lead,Los Angeles,63591.98,6282.33,2021-04-07,37,68.0,james.jackson@company.com,(898) 911-4583,Active
EMP023122,Amanda,Rodriguez,Amanda Rodriguez,64,Marketing,Associate,Boston,68135.21,4698.99,2022-01-20,42,60.1,amanda.rodriguez@company.com,(898) 756-3863,On Leave
EMP023123,Emily,Thomas,Emily Thomas,61,IT,Specialist,Seattle,127789.06,7134.57,2022-10-11,32,100.0,emily.thomas@company.com,(269) 507-1480,Inactive
EMP023124,John,Lopez,John Lopez,60,Operations,Specialist,Austin,79276.14,8633.78,2022-08-09,32,90.1,john.lopez@company.com,(455) 397-6113,Active
EMP023125,Jane,Anderson,Jane Anderson,61,HR,Associate,San Francisco,74672.96,6731.78,2020-11-22,37,53.6,jane.anderson@company.com,(623) 433-2410,Active
EMP023126,Emily,Anderson,Emily Anderson,51,Engineering,Coordinator,San Francisco,110441.58,3225.99,2024-06-01,29,68.2,emily.anderson@company.com,(700) 314-8939,Active
EMP023127,Amanda,Hernandez,Amanda Hernandez,53,Marketing,Lead,Austin,74584.92,5426.66,2020-12-03,29,94.8,amanda.hernandez@company.com,(394) 282-1336,Active
EMP023128,Jessica,Wilson,Jessica Wilson,49,Operations,Director,Seattle,62788.83,5772.26,2021-02-03,23,80.4,jessica.wilson@company.com,(977) 563-7946,Active
EMP023129,William,Taylor,William Taylor,53,Sales,Director,Boston,65436.94,3173.06,2022-02-18,28,100.0,william.taylor@company.com,(927) 647-8459,Active
EMP023130,Nicole,Miller,Nicole Miller,49,Sales,Lead,New York,92825.43,0.0,2024-09-17,23,74.9,nicole.miller@company.com,(393) 276-3002,Inactive
EMP023131,David,Brown,David Brown,61,Marketing,Director,Austin,76883.61,11786.2,2024-07-16,37,95.7,david.brown@company.com,(946) 640-2686,Active
EMP023132,Stephanie,Garcia,Stephanie Garcia,33,Operations,Associate,Los Angeles,58549.18,9589.11,2022-06-10,4,100.0,stephanie.garcia@company.com,(268) 851-7789,Active
EMP023133,James,Garcia,James Garcia,43,Engineering,Lead,Chicago,114732.26,21666.82,2022-01-19,15,77.7,james.garcia@company.com,(907) 641-8858,Active
EMP023134,Amanda,Brown,Amanda Brown,53,Legal,Analyst,Chicago,112022.52,2643.87,2024-12-05,29,80.6,amanda.brown@company.com,(440) 497-4179,On Leave
EMP023135,Emily,Jackson,Emily Jackson,22,Legal,Associate,Boston,107590.95,5964.8,2023-02-06,0,38.8,emily.jackson@company.com,(798) 232-7252,Active
EMP023136,Melissa,Jackson,Melissa Jackson,37,Finance,Senior Developer,Los Angeles,83734.81,7902.87,2023-02-23,11,56.1,melissa.jackson@company.com,(616) 466-8778,Inactive
EMP023137,Melissa,Lopez,Melissa Lopez,26,Engineering,Analyst,Seattle,87632.57,7216.2,2023-10-16,2,66.8,melissa.lopez@company.com,(286) 240-9874,Active
EMP023138,Stephanie,Martin,Stephanie Martin,31,Sales,Associate,New York,75903.66,9189.12,2022-07-27,6,77.3,stephanie.martin@company.com,(908) 681-5638,Active
EMP023139,Lisa,Thomas,Lisa Thomas,30,Sales,Coordinator,Chicago,97624.58,19430.25,2023-02-10,7,82.9,lisa.thomas@company.com,(311) 619-8918,Active
EMP023140,Jessica,Gonzalez,Jessica Gonzalez,54,Marketing,Senior Developer,Los Angeles,97251.71,7778.99,2022-11-21,29,78.1,jessica.gonzalez@company.com,(693) 838-9376,Active
EMP023141,William,Johnson,William Johnson,31,Sales,Lead,Boston,75342.49,8871.09,2023-12-05,6,64.4,william.johnson@company.com,(768) 427-1304,Active
EMP023142,Stephanie,Martin,Stephanie Martin,45,Marketing,Senior Developer,Los Angeles,70911.6,6837.16,2023-06-23,21,69.6,stephanie.martin@company.com,(483) 227-6241,Inactive
EMP023143,Stephanie,Davis,Stephanie Davis,26,Engineering,Analyst,Austin,122119.22,15213.78,2020-10-25,0,77.8,stephanie.davis@company.com,(200) 509-8003,Active
EMP023144,Nicole,Garcia,Nicole Garcia,52,HR,Analyst,Boston,75912.41,15326.0,2022-09-12,27,79.9,nicole.garcia@company.com,(616) 306-1451,Active
EMP023145,James,Thomas,James Thomas,31,Engineering,Coordinator,Chicago,66558.01,2714.37,2024-11-09,3,67.4,james.thomas@company.com,(597) 837-3809,Active
EMP023146,Christopher,Anderson,Christopher Anderson,28,Legal,Associate,Los Angeles,37500.0,5279.29,2024-03-05,0,70.5,christopher.anderson@company.com,(608) 463-4526,Active
EMP023147,Melissa,Davis,Melissa Davis,25,Marketing,Lead,New York,64637.29,7560.07,2022-11-02,0,77.5,melissa.davis@company.com,(370) 665-2897,Active
EMP023148,Ashley,Jackson,Ashley Jackson,49,Finance,Analyst,New York,74361.97,10526.17,2023-07-07,24,74.6,ashley.jackson@company.com,(503) 689-1496,Active
EMP023149,Anthony,Jackson,Anthony Jackson,55,Sales,Senior Developer,Austin,78347.41,7761.4,2020-01-22,28,82.0,anthony.jackson@company.com,(220) 651-4419,Active
EMP023150,John,Garcia,John Garcia,28,Finance,Director,Chicago,95692.25,11141.84,2023-04-25,5,70.9,john.garcia@company.com,(887) 907-1592,Active
EMP023151,Emily,Jones,Emily Jones,29,Marketing,Coordinator,Seattle,56636.42,7616.09,2021-09-22,5,74.8,emily.jones@company.com,(977) 615-3265,Active
EMP023152,Amanda,Jones,Amanda Jones,30,Operations,Associate,Boston,55229.44,6069.96,2022-08-17,1,86.1,amanda.jones@company.com,(998) 684-2602,Active
EMP023153,Ashley,Thomas,Ashley Thomas,29,HR,Manager,Austin,43379.22,8445.55,2024-01-06,7,55.8,ashley.thomas@company.com,(305) 478-9037,Active
EMP023154,David,Martin,David Martin,46,Sales,Associate,San Francisco,66967.61,4585.83,2023-10-22,21,82.4,david.martin@company.com,(276) 867-1462,Active
EMP023155,Jessica,Rodriguez,Jessica Rodriguez,36,Engineering,Senior Developer,San Francisco,95943.9,4836.72,2021-04-05,8,90.5,jessica.rodriguez@company.com,(913) 821-2768,Active
EMP023156,Michael,Martin,Michael Martin,38,IT,Associate,Los Angeles,96093.61,7759.83,2021-12-14,16,71.0,michael.martin@company.com,(946) 325-1929,Inactive
EMP023157,Jessica,Smith,Jessica Smith,33,Finance,Coordinator,Los Angeles,83778.03,6156.66,2022-07-29,4,76.4,jessica.smith@company.com,(338) 923-1019,Inactive
EMP023158,Daniel,Jackson,Daniel Jackson,40,HR,Associate,Miami,64370.25,835.43,2020-02-07,18,99.7,daniel.jackson@company.com,(797) 903-6019,Active
EMP023159,Matthew,Jones,Matthew Jones,65,HR,Associate,Seattle,107247.86,8718.44,2023-09-29,39,67.4,matthew.jones@company.com,(283) 781-6789,Active
EMP023160,Sarah,Martinez,Sarah Martinez,49,Finance,Specialist,Los Angeles,46031.86,6886.47,2024-09-13,24,36.4,sarah.martinez@company.com,(255) 849-6856,Active
EMP023161,James,Brown,James Brown,30,Sales,Analyst,Seattle,70651.42,4737.91,2023-12-18,7,65.9,james.brown@company.com,(707) 985-6654,Active
EMP023162,Lisa,Lopez,Lisa Lopez,38,HR,Director,Chicago,45341.29,4240.5,2021-08-11,12,80.1,lisa.lopez@company.com,(305) 967-6349,Active
EMP023163,Stephanie,Garcia,Stephanie Garcia,62,Marketing,Analyst,Miami,58934.25,6063.6,2022-05-07,35,100.0,stephanie.garcia@company.com,(671) 632-1399,Active
EMP023164,David,Martinez,David Martinez,31,Legal,Analyst,Miami,65690.09,11493.83,2023-06-03,2,67.9,david.martinez@company.com,(292) 445-2345,Active
EMP023165,Ashley,Smith,Ashley Smith,59,Legal,Director,San Francisco,114883.61,1757.65,2023-06-03,33,55.4,ashley.smith@company.com,(805) 895-7516,Active
EMP023166,Stephanie,Williams,Stephanie Williams,57,Finance,Analyst,Austin,91064.32,9141.57,2020-09-05,34,51.1,stephanie.williams@company.com,(723) 265-1699,Active
EMP023167,Lisa,Anderson,Lisa Anderson,32,Sales,Senior Developer,Austin,68388.79,4649.89,2023-08-26,10,67.4,lisa.anderson@company.com,(795) 887-4614,Active
EMP023168,Melissa,Jones,Melissa Jones,55,Finance,Senior Developer,Boston,87619.34,12330.02,2023-06-29,30,60.2,melissa.jones@company.com,(820) 660-1651,Active
EMP023169,Jessica,Johnson,Jessica Johnson,41,Engineering,Manager,Boston,82480.73,7654.53,2022-08-24,18,80.0,jessica.johnson@company.com,(925) 683-2199,On Leave
EMP023170,Anthony,Taylor,Anthony Taylor,23,Legal,Manager,San Francisco,58039.82,7648.89,2024-06-18,0,76.4,anthony.taylor@company.com,(561) 462-5968,Active
EMP023171,Melissa,Smith,Melissa Smith,60,Sales,Manager,San Francisco,99909.32,12127.8,2021-12-29,31,99.7,melissa.smith@company.com,(581) 425-8087,Active
EMP023172,Christopher,Taylor,Christopher Taylor,41,IT,Director,Los Angeles,82113.72,10352.11,2021-02-09,13,62.7,christopher.taylor@company.com,(591) 902-2332,Active
EMP023173,Jessica,Jackson,Jessica Jackson,48,HR,Senior Developer,San Francisco,64242.45,7016.57,2022-02-14,20,79.2,jessica.jackson@company.com,(908) 860-7283,Active
EMP023174,Nicole,Wilson,Nicole Wilson,61,Legal,Coordinator,San Francisco,100953.69,10410.02,2023-06-24,38,63.6,nicole.wilson@company.com,(662) 537-9786,Active
EMP023175,Emily,Williams,Emily Williams,40,HR,Manager,San Francisco,91228.48,9820.84,2023-02-08,16,97.8,emily.williams@company.com,(321) 202-1568,Active
EMP023176,Nicole,Moore,Nicole Moore,39,Marketing,Associate,Austin,86606.78,11127.36,2020-07-27,10,78.1,nicole.moore@company.com,(787) 581-3461,Active
EMP023177,Emily,Jackson,Emily Jackson,55,Marketing,Senior Developer,New York,90551.94,6939.83,2022-09-27,26,81.8,emily.jackson@company.com,(508) 229-8840,Active
EMP023178,Jessica,Taylor,Jessica Taylor,56,Sales,Senior Developer,Miami,116293.13,6447.65,2021-08-16,34,71.7,jessica.taylor@company.com,(828) 309-5098,Active
EMP023179,Anthony,Lopez,Anthony Lopez,37,Legal,Associate,Miami,81793.89,10967.7,2021-06-25,12,74.8,anthony.lopez@company.com,(641) 417-7188,Active
EMP023180,Emily,Martin,Emily Martin,55,Sales,Director,Seattle,68285.66,6918.31,2020-03-15,30,80.2,emily.martin@company.com,(404) 255-3872,Active
EMP023181,Matthew,Rodriguez,Matthew Rodriguez,49,Marketing,Senior Developer,New York,78481.96,3608.08,2021-07-11,25,71.6,matthew.rodriguez@company.com,(237) 622-8561,Active
EMP023182,Amanda,Moore,Amanda Moore,41,Marketing,Specialist,Austin,58178.14,6427.52,2023-10-19,12,88.3,amanda.moore@company.com,(999) 977-8765,Inactive
EMP023183,Sarah,Wilson,Sarah Wilson,44,IT,Coordinator,New York,91252.88,3428.19,2021-09-18,22,70.8,sarah.wilson@company.com,(579) 519-9111,Active
EMP023184,William,Moore,William Moore,59,Legal,Analyst,Boston,98521.21,9627.13,2023-07-12,32,100.0,william.moore@company.com,(965) 885-4560,Active
EMP023185,Ashley,Brown,Ashley Brown,44,Operations,Director,Chicago,53742.2,9897.56,2020-06-06,18,79.0,ashley.brown@company.com,(814) 350-2188,Inactive
EMP023186,Christopher,Wilson,Christopher Wilson,42,Engineering,Senior Developer,Austin,90973.49,14640.06,2024-02-11,16,84.0,christopher.wilson@company.com,(558) 409-9686,Active
EMP023187,Stephanie,Anderson,Stephanie Anderson,33,HR,Manager,Chicago,74554.14,8239.57,2023-06-28,9,83.7,stephanie.anderson@company.com,(712) 414-8507,Active
EMP023188,Melissa,Taylor,Melissa Taylor,27,HR,Director,Los Angeles,52707.41,3653.26,2021-11-29,2,74.2,melissa.taylor@company.com,(512) 308-5680,Active
EMP023189,Ashley,Davis,Ashley Davis,45,HR,Lead,New York,93877.99,7557.9,2023-03-09,20,80.8,ashley.davis@company.com,(634) 829-5965,Active
EMP023190,Lisa,Jones,Lisa Jones,41,Operations,Analyst,Chicago,46504.61,5719.66,2024-10-31,15,51.5,lisa.jones@company.com,(890) 333-7941,Active
EMP023191,Robert,Hernandez,Robert Hernandez,45,HR,Senior Developer,New York,73977.87,9359.43,2024-06-23,21,95.5,robert.hernandez@company.com,(382) 689-6186,Active
EMP023192,Nicole,Thomas,Nicole Thomas,59,Operations,Analyst,Austin,63731.91,9193.93,2024-02-13,35,53.9,nicole.thomas@company.com,(891) 665-5412,Active
EMP023193,Jessica,Brown,Jessica Brown,65,Engineering,Lead,Chicago,116820.94,19705.85,2020-06-06,43,71.9,jessica.brown@company.com,(609) 805-1600,Active
EMP023194,Jane,Davis,Jane Davis,49,Engineering,Specialist,Seattle,108855.12,3903.75,2021-02-12,24,100.0,jane.davis@company.com,(470) 986-6000,Active
EMP023195,Emily,Martinez,Emily Martinez,25,HR,Lead,Miami,70986.13,5481.95,2021-11-26,0,91.9,emily.martinez@company.com,(551) 386-3797,Inactive
EMP023196,James,Martin,James Martin,64,Finance,Director,Austin,116618.05,16467.3,2023-09-13,40,83.0,james.martin@company.com,(385) 991-7158,Active
EMP023197,David,Taylor,David Taylor,61,Operations,Senior Developer,Austin,71621.21,9230.79,2022-07-18,32,79.9,david.taylor@company.com,(942) 676-9486,Active
EMP023198,James,Gonzalez,James Gonzalez,36,IT,Analyst,Boston,87760.29,8376.36,2024-12-25,12,72.5,james.gonzalez@company.com,(219) 868-9575,Active
EMP023199,Robert,Davis,Robert Davis,63,Finance,Lead,Chicago,102695.96,11017.74,2020-12-29,37,69.0,robert.davis@company.com,(628) 657-5499,Active
EMP023200,Matthew,Anderson,Matthew Anderson,39,Engineering,Analyst,Seattle,102215.16,17275.1,2023-06-18,10,90.7,matthew.anderson@company.com,(238) 755-5317,Inactive
EMP023201,Sarah,Taylor,Sarah Taylor,49,Finance,Specialist,Austin,100048.46,8329.08,2021-02-12,26,89.5,sarah.taylor@company.com,(728) 936-4349,Active
EMP023202,Amanda,Johnson,Amanda Johnson,40,Finance,Specialist,Los Angeles,90916.06,6816.86,2023-12-22,17,66.1,amanda.johnson@company.com,(911) 422-8344,Active
EMP023203,Daniel,Davis,Daniel Davis,44,Finance,Specialist,Seattle,76265.27,10211.16,2020-05-07,16,70.5,daniel.davis@company.com,(260) 615-8568,Active
EMP023204,James,Rodriguez,James Rodriguez,58,Operations,Analyst,Boston,84312.03,10287.77,2020-07-07,31,50.3,james.rodriguez@company.com,(531) 257-9279,Inactive
EMP023205,Amanda,Wilson,Amanda Wilson,49,Finance,Analyst,San Francisco,114153.55,18478.19,2020-06-04,22,86.8,amanda.wilson@company.com,(968) 643-5037,Active
EMP023206,Stephanie,Taylor,Stephanie Taylor,31,Finance,Analyst,Boston,56831.78,751.75,2023-10-05,3,77.9,stephanie.taylor@company.com,(485) 229-5548,Active
EMP023207,Anthony,Jackson,Anthony Jackson,49,IT,Associate,Boston,78102.48,9191.05,2022-07-13,24,77.1,anthony.jackson@company.com,(338) 943-3774,Active
EMP023208,Anthony,Johnson,Anthony Johnson,39,Engineering,Analyst,Los Angeles,105131.87,12672.53,2021-05-02,13,100.0,anthony.johnson@company.com,(665) 393-9612,On Leave
EMP023209,John,Williams,John Williams,44,Operations,Specialist,Seattle,71162.83,816.07,2022-07-30,15,63.7,john.williams@company.com,(925) 797-6549,Active
EMP023210,Lisa,Garcia,Lisa Garcia,38,Operations,Coordinator,Boston,68581.91,3746.6,2021-01-13,11,76.4,lisa.garcia@company.com,(288) 368-9190,Active
EMP023211,David,Lopez,David Lopez,56,Operations,Manager,San Francisco,71124.67,3387.75,2023-01-19,27,58.3,david.lopez@company.com,(436) 280-6965,Active
EMP023212,David,Smith,David Smith,41,Engineering,Associate,New York,128545.12,23846.02,2020-03-26,14,89.8,david.smith@company.com,(265) 741-6388,Active
EMP023213,Jane,Anderson,Jane Anderson,45,HR,Analyst,Miami,58921.95,7729.52,2020-05-29,23,81.2,jane.anderson@company.com,(438) 736-8912,Active
EMP023214,Christopher,Davis,Christopher Davis,42,Engineering,Senior Developer,Miami,119132.19,9825.09,2022-03-17,17,72.8,christopher.davis@company.com,(793) 948-4056,Active
EMP023215,David,Garcia,David Garcia,43,IT,Manager,Chicago,63518.56,969.77,2020-07-01,15,54.5,david.garcia@company.com,(794) 253-6727,Active
EMP023216,Daniel,Taylor,Daniel Taylor,46,HR,Specialist,Austin,73473.2,6763.08,2021-07-13,19,100.0,daniel.taylor@company.com,(336) 455-9861,Active
EMP023217,Sarah,Taylor,Sarah Taylor,53,Finance,Director,Los Angeles,106368.21,16473.74,2020-08-23,25,69.6,sarah.taylor@company.com,(362) 864-8123,Active
EMP023218,Sarah,Martin,Sarah Martin,44,HR,Associate,Los Angeles,88295.62,19868.47,2023-09-24,16,76.6,sarah.martin@company.com,(990) 992-1928,Active
EMP023219,Emily,Thomas,Emily Thomas,45,Legal,Director,New York,83575.98,9668.74,2024-08-02,22,47.1,emily.thomas@company.com,(602) 914-3870,Active
EMP023220,Christopher,Gonzalez,Christopher Gonzalez,49,Sales,Senior Developer,San Francisco,55029.67,3753.79,2020-04-29,21,93.0,christopher.gonzalez@company.com,(720) 568-3465,Active
EMP023221,Stephanie,Martin,Stephanie Martin,29,Legal,Specialist,Chicago,80410.39,13755.46,2024-10-26,3,59.3,stephanie.martin@company.com,(283) 716-7509,Active
EMP023222,Jane,Jones,Jane Jones,64,Marketing,Analyst,Miami,78338.03,6447.2,2024-08-29,41,76.8,jane.jones@company.com,(819) 241-1776,Active
EMP023223,Ashley,Miller,Ashley Miller,62,Marketing,Analyst,Miami,95068.17,4440.9,2020-07-29,36,71.7,ashley.miller@company.com,(390) 792-6251,Active
EMP023224,Daniel,Rodriguez,Daniel Rodriguez,61,Engineering,Manager,Boston,107421.26,15497.55,2021-10-30,32,85.9,daniel.rodriguez@company.com,(204) 264-8469,Active
EMP023225,Daniel,Thomas,Daniel Thomas,28,Marketing,Senior Developer,San Francisco,58587.38,6631.44,2020-09-25,5,83.1,daniel.thomas@company.com,(278) 336-2648,Active
EMP023226,Matthew,Wilson,Matthew Wilson,45,HR,Senior Developer,Seattle,58042.19,5470.11,2023-02-14,19,67.9,matthew.wilson@company.com,(979) 276-3054,Active
EMP023227,Stephanie,Moore,Stephanie Moore,27,Marketing,Senior Developer,Miami,62748.38,7966.04,2024-08-04,0,91.9,stephanie.moore@company.com,(948) 556-5790,Active
EMP023228,Stephanie,Martin,Stephanie Martin,28,HR,Lead,Los Angeles,74028.46,6371.4,2021-03-20,2,59.1,stephanie.martin@company.com,(628) 496-9418,Active
EMP023229,Daniel,Johnson,Daniel Johnson,59,Engineering,Lead,Miami,98566.39,7221.94,2024-11-04,36,100.0,daniel.johnson@company.com,(620) 223-3808,On Leave
EMP023230,Lisa,Wilson,Lisa Wilson,43,IT,Analyst,Los Angeles,88163.9,6468.73,2024-12-09,15,91.8,lisa.wilson@company.com,(535) 386-8388,Active
EMP023231,Lisa,Moore,Lisa Moore,37,Engineering,Specialist,Boston,89316.98,12907.47,2022-07-12,12,82.0,lisa.moore@company.com,(927) 790-9257,Active
EMP023232,Jane,Anderson,Jane Anderson,24,IT,Director,Los Angeles,67102.38,8743.98,2023-07-02,0,100.0,jane.anderson@company.com,(410) 910-1362,Active
EMP023233,Ashley,Miller,Ashley Miller,42,Legal,Manager,New York,110178.96,15499.43,2023-05-04,19,65.0,ashley.miller@company.com,(717) 531-3355,Active
EMP023234,William,Brown,William Brown,49,IT,Lead,New York,92685.69,12539.38,2021-03-28,25,97.1,william.brown@company.com,(633) 848-3136,Active
EMP023235,John,Lopez,John Lopez,63,Finance,Coordinator,Miami,104517.14,7838.19,2023-07-13,34,65.0,john.lopez@company.com,(635) 268-2024,Active
EMP023236,Melissa,Jones,Melissa Jones,43,Marketing,Senior Developer,Seattle,76142.82,15103.29,2024-12-26,21,92.4,melissa.jones@company.com,(346) 561-4253,Active
EMP023237,Daniel,Martin,Daniel Martin,59,Operations,Manager,Los Angeles,71610.74,7410.91,2024-06-19,33,72.8,daniel.martin@company.com,(392) 435-9848,Active
EMP023238,Christopher,Moore,Christopher Moore,34,Legal,Senior Developer,Seattle,126840.12,16387.09,2020-07-08,9,57.2,christopher.moore@company.com,(446) 863-3175,Active
EMP023239,James,Jones,James Jones,38,Sales,Lead,Chicago,85892.33,8267.72,2021-01-24,11,75.4,james.jones@company.com,(582) 440-3562,Active
EMP023240,Jane,Johnson,Jane Johnson,35,HR,Coordinator,Miami,52613.53,2642.18,2021-01-01,10,75.7,jane.johnson@company.com,(764) 223-8038,Inactive
EMP023241,Stephanie,Miller,Stephanie Miller,37,Operations,Manager,Chicago,44288.45,7332.77,2024-10-15,8,96.8,stephanie.miller@company.com,(283) 531-8624,Active
EMP023242,William,Johnson,William Johnson,60,Legal,Lead,Chicago,109630.07,10094.5,2024-06-09,31,74.7,william.johnson@company.com,(587) 305-1290,Inactive
EMP023243,Stephanie,Moore,Stephanie Moore,34,Legal,Coordinator,San Francisco,37500.0,2112.07,2024-02-20,6,64.3,stephanie.moore@company.com,(412) 967-6954,Active
EMP023244,Anthony,Miller,Anthony Miller,22,Operations,Manager,New York,50357.94,2455.8,2021-01-11,0,81.1,anthony.miller@company.com,(431) 242-8359,Inactive
EMP023245,Anthony,Miller,Anthony Miller,44,Sales,Associate,Seattle,110979.56,14416.42,2022-07-17,15,45.7,anthony.miller@company.com,(928) 949-4732,Active
EMP023246,David,Gonzalez,David Gonzalez,34,Finance,Lead,New York,71800.96,11602.42,2020-09-07,12,69.9,david.gonzalez@company.com,(824) 716-4387,Inactive
EMP023247,Emily,Martinez,Emily Martinez,61,IT,Coordinator,Miami,114536.52,9327.47,2022-02-06,38,81.4,emily.martinez@company.com,(259) 344-7086,Active
EMP023248,Ashley,Johnson,Ashley Johnson,23,Marketing,Coordinator,Seattle,34057.91,3023.98,2020-05-08,1,100.0,ashley.johnson@company.com,(933) 752-6157,Active
EMP023249,Stephanie,Smith,Stephanie Smith,65,Legal,Manager,Boston,114380.64,9580.31,2021-03-19,40,94.1,stephanie.smith@company.com,(925) 247-9749,Inactive
EMP023250,James,Thomas,James Thomas,54,IT,Specialist,Boston,114379.93,10222.04,2021-12-29,31,87.7,james.thomas@company.com,(568) 294-9892,Active
EMP023251,David,Jackson,David Jackson,45,Marketing,Specialist,Chicago,90657.66,8515.59,2023-11-16,20,78.7,david.jackson@company.com,(960) 655-7084,Active
EMP023252,Ashley,Garcia,Ashley Garcia,54,HR,Coordinator,Chicago,68857.54,6532.11,2024-05-15,29,75.9,ashley.garcia@company.com,(429) 657-3925,Active
EMP023253,David,Anderson,David Anderson,62,Finance,Specialist,New York,74001.01,6526.5,2021-03-18,37,34.0,david.anderson@company.com,(892) 280-6906,Active
EMP023254,Michael,Smith,Michael Smith,25,Operations,Specialist,Los Angeles,39285.08,2252.51,2022-05-27,0,88.2,michael.smith@company.com,(880) 218-3592,Active
EMP023255,John,Rodriguez,John Rodriguez,41,Marketing,Associate,Miami,58765.77,8916.14,2021-10-23,16,86.1,john.rodriguez@company.com,(824) 557-3691,Active
EMP023256,David,Hernandez,David Hernandez,32,Engineering,Associate,Boston,91176.0,20972.48,2023-04-22,6,74.0,david.hernandez@company.com,(928) 894-6153,Active
EMP023257,David,Jackson,David Jackson,29,Legal,Director,Austin,100958.52,13673.39,2020-09-17,6,72.9,david.jackson@company.com,(572) 502-4411,Active
EMP023258,Stephanie,Thomas,Stephanie Thomas,37,HR,Director,Miami,72031.74,11593.89,2023-03-24,13,80.0,stephanie.thomas@company.com,(676) 901-1407,Active
EMP023259,Daniel,Miller,Daniel Miller,65,Legal,Analyst,Chicago,146444.72,1852.72,2023-10-14,41,54.2,daniel.miller@company.com,(880) 637-6526,Active
EMP023260,John,Rodriguez,John Rodriguez,50,Legal,Analyst,Boston,83837.37,10707.99,2022-08-13,21,100.0,john.rodriguez@company.com,(987) 783-4331,Active
EMP023261,Melissa,Jones,Melissa Jones,62,Operations,Associate,Los Angeles,80090.86,8132.97,2020-04-02,37,83.6,melissa.jones@company.com,(738) 825-2879,Active
EMP023262,Robert,Smith,Robert Smith,64,Marketing,Associate,Boston,71659.11,3777.75,2024-12-05,41,77.6,robert.smith@company.com,(769) 536-8064,Active
EMP023263,Anthony,Gonzalez,Anthony Gonzalez,32,Legal,Manager,Los Angeles,121113.87,14434.51,2024-01-12,9,87.4,anthony.gonzalez@company.com,(959) 863-5159,Active
EMP023264,Stephanie,Martin,Stephanie Martin,38,Marketing,Lead,Austin,63045.96,8972.74,2022-03-09,14,74.5,stephanie.martin@company.com,(944) 685-8006,Active
EMP023265,Amanda,Thomas,Amanda Thomas,24,Operations,Director,Chicago,73023.36,7215.82,2021-10-27,0,100.0,amanda.thomas@company.com,(495) 220-1629,Active
EMP023266,Michael,Miller,Michael Miller,31,Finance,Coordinator,Miami,52822.27,4853.62,2024-06-08,4,60.6,michael.miller@company.com,(279) 602-3197,Inactive
EMP023267,Melissa,Williams,Melissa Williams,41,Engineering,Lead,San Francisco,107200.1,12265.33,2021-08-05,18,55.0,melissa.williams@company.com,(492) 432-2997,Active
EMP023268,Anthony,Rodriguez,Anthony Rodriguez,35,Finance,Associate,Seattle,79851.45,3513.71,2020-07-14,13,78.9,anthony.rodriguez@company.com,(761) 850-5360,On Leave
EMP023269,Christopher,Hernandez,Christopher Hernandez,35,IT,Specialist,Boston,106860.63,15889.02,2020-04-02,12,60.6,christopher.hernandez@company.com,(559) 718-2260,Active
EMP023270,Ashley,Johnson,Ashley Johnson,65,Engineering,Coordinator,New York,146071.68,11724.39,2020-05-31,40,71.6,ashley.johnson@company.com,(841) 698-8574,Active
EMP023271,Christopher,Jackson,Christopher Jackson,38,Engineering,Specialist,Austin,103248.37,7319.82,2022-09-24,11,80.8,christopher.jackson@company.com,(657) 843-7692,Active
EMP023272,Nicole,Gonzalez,Nicole Gonzalez,42,IT,Coordinator,Los Angeles,96542.42,10614.92,2020-08-03,20,81.0,nicole.gonzalez@company.com,(479) 805-5454,Active
EMP023273,Nicole,Taylor,Nicole Taylor,35,Marketing,Coordinator,New York,57114.74,5106.63,2021-10-22,6,84.6,nicole.taylor@company.com,(394) 647-3027,Active
EMP023274,Emily,Lopez,Emily Lopez,56,Operations,Associate,New York,67098.67,8737.06,2020-02-25,30,78.1,emily.lopez@company.com,(513) 661-2551,Active
EMP023275,Lisa,Gonzalez,Lisa Gonzalez,36,HR,Analyst,San Francisco,61023.69,3795.93,2020-09-17,10,73.8,lisa.gonzalez@company.com,(953) 903-9963,Active
EMP023276,Anthony,Hernandez,Anthony Hernandez,40,Engineering,Manager,Chicago,78120.61,8485.99,2022-09-23,16,75.2,anthony.hernandez@company.com,(934) 306-2411,Active
EMP023277,William,Williams,William Williams,30,HR,Director,Los Angeles,60348.76,5844.06,2024-06-15,2,77.4,william.williams@company.com,(765) 946-7614,Active
EMP023278,Robert,Martin,Robert Martin,54,Engineering,Specialist,Seattle,97144.64,981.92,2023-09-21,26,68.1,robert.martin@company.com,(469) 382-3073,Active
EMP023279,Robert,Garcia,Robert Garcia,62,Marketing,Specialist,Los Angeles,71169.08,10489.94,2020-08-12,35,69.3,robert.garcia@company.com,(495) 760-3661,Inactive
EMP023280,Anthony,Rodriguez,Anthony Rodriguez,31,Finance,Analyst,Miami,53084.17,6134.16,2021-01-02,4,52.7,anthony.rodriguez@company.com,(582) 924-1440,On Leave
EMP023281,Melissa,Lopez,Melissa Lopez,41,Operations,Associate,San Francisco,52123.38,3149.61,2024-08-14,15,73.7,melissa.lopez@company.com,(697) 512-9845,Active
EMP023282,Christopher,Davis,Christopher Davis,61,IT,Analyst,Los Angeles,116258.01,6279.03,2022-10-23,39,100.0,christopher.davis@company.com,(519) 555-9983,Active
EMP023283,William,Garcia,William Garcia,63,HR,Senior Developer,Seattle,78130.11,13707.03,2024-08-21,37,84.5,william.garcia@company.com,(254) 910-2030,Active
EMP023284,Jane,Martin,Jane Martin,58,HR,Coordinator,Chicago,68253.17,9640.43,2024-10-03,34,64.7,jane.martin@company.com,(409) 694-6197,Active
EMP023285,Emily,Brown,Emily Brown,32,HR,Coordinator,New York,47323.93,475.95,2020-05-20,10,53.0,emily.brown@company.com,(611) 411-9085,Active
EMP023286,Melissa,Moore,Melissa Moore,37,Finance,Senior Developer,New York,44317.86,7619.66,2021-08-22,9,92.0,melissa.moore@company.com,(742) 253-3390,Active
EMP023287,Christopher,Thomas,Christopher Thomas,62,Marketing,Specialist,Boston,75092.65,12210.49,2023-10-07,40,65.9,christopher.thomas@company.com,(255) 445-3398,Active
EMP023288,Anthony,Gonzalez,Anthony Gonzalez,65,Marketing,Associate,Chicago,85080.4,9960.68,2020-09-24,42,78.6,anthony.gonzalez@company.com,(974) 457-6491,Active
EMP023289,Stephanie,Lopez,Stephanie Lopez,43,Sales,Associate,Los Angeles,76576.12,7133.91,2024-02-20,18,91.4,stephanie.lopez@company.com,(888) 890-9766,Inactive
EMP023290,Sarah,Davis,Sarah Davis,22,Engineering,Senior Developer,Chicago,64586.73,10700.02,2020-11-06,0,59.4,sarah.davis@company.com,(644) 959-9947,Active
EMP023291,Robert,Garcia,Robert Garcia,39,IT,Analyst,Miami,112696.15,9048.98,2021-01-15,13,67.3,robert.garcia@company.com,(605) 737-9604,Active
EMP023292,Matthew,Rodriguez,Matthew Rodriguez,44,HR,Director,Chicago,67905.1,1706.77,2021-06-12,19,74.8,matthew.rodriguez@company.com,(883) 463-4597,Active
EMP023293,Robert,Williams,Robert Williams,57,IT,Specialist,New York,128895.14,8012.52,2020-02-20,34,77.1,robert.williams@company.com,(233) 434-8491,Active
EMP023294,Michael,Gonzalez,Michael Gonzalez,61,Marketing,Director,Los Angeles,73177.03,5996.56,2024-11-22,35,70.5,michael.gonzalez@company.com,(419) 757-4646,Active
EMP023295,Jessica,Martinez,Jessica Martinez,65,Engineering,Director,Los Angeles,149984.44,15075.02,2021-02-08,37,100.0,jessica.martinez@company.com,(841) 420-7855,Active
EMP023296,Anthony,Williams,Anthony Williams,39,Marketing,Associate,New York,61338.62,6874.55,2024-05-15,17,83.9,anthony.williams@company.com,(402) 319-6000,Active
EMP023297,Emily,Johnson,Emily Johnson,65,Marketing,Analyst,Chicago,82515.76,6412.5,2020-05-14,39,81.2,emily.johnson@company.com,(650) 817-5568,Active
EMP023298,John,Martin,John Martin,63,Finance,Manager,New York,120139.61,18605.62,2021-12-27,37,46.2,john.martin@company.com,(377) 984-1828,Active
EMP023299,Robert,Hernandez,Robert Hernandez,27,IT,Associate,Los Angeles,77606.32,13900.31,2021-10-11,1,74.2,robert.hernandez@company.com,(291) 462-2523,Active
EMP023300,Matthew,Lopez,Matthew Lopez,28,Finance,Lead,Boston,99437.56,932.3,2020-09-20,6,81.4,matthew.lopez@company.com,(970) 275-7256,Inactive
EMP023301,Jane,Anderson,Jane Anderson,46,Operations,Coordinator,Los Angeles,70674.55,2645.13,2022-05-04,20,61.2,jane.anderson@company.com,(541) 300-8880,Active
EMP023302,David,Brown,David Brown,55,HR,Specialist,Boston,68672.86,8270.49,2020-04-09,29,80.9,david.brown@company.com,(975) 778-2350,Active
EMP023303,Melissa,Wilson,Melissa Wilson,34,IT,Associate,Chicago,85508.61,4405.51,2021-12-31,8,77.4,melissa.wilson@company.com,(643) 263-2243,Active
EMP023304,Melissa,Brown,Melissa Brown,60,Sales,Lead,Chicago,110638.86,23054.47,2024-06-10,35,74.7,melissa.brown@company.com,(528) 247-7297,Active
EMP023305,David,Moore,David Moore,25,HR,Senior Developer,San Francisco,72859.98,5689.73,2023-08-07,0,83.8,david.moore@company.com,(907) 713-2437,Active
EMP023306,Jane,Miller,Jane Miller,47,HR,Analyst,Miami,79687.33,16953.09,2023-09-08,18,76.5,jane.miller@company.com,(750) 356-7032,Active
EMP023307,David,Smith,David Smith,37,Marketing,Senior Developer,Boston,52111.12,5942.21,2020-07-17,9,48.3,david.smith@company.com,(852) 417-7696,Active
EMP023308,Nicole,Johnson,Nicole Johnson,57,Legal,Lead,New York,97497.65,3330.1,2020-04-02,32,100.0,nicole.johnson@company.com,(225) 243-1330,Active
EMP023309,Emily,Hernandez,Emily Hernandez,35,IT,Senior Developer,Miami,72010.58,3837.42,2021-07-10,8,75.7,emily.hernandez@company.com,(219) 915-1889,Active
EMP023310,John,Jackson,John Jackson,30,Engineering,Coordinator,Los Angeles,86732.0,4882.44,2021-07-13,6,63.7,john.jackson@company.com,(943) 298-2620,Active
EMP023311,Jane,Johnson,Jane Johnson,49,Operations,Manager,Seattle,81298.72,13602.51,2020-05-18,22,57.3,jane.johnson@company.com,(334) 409-1211,Active
EMP023312,Michael,Martinez,Michael Martinez,56,IT,Manager,San Francisco,99399.2,13255.27,2024-09-05,27,70.3,michael.martinez@company.com,(331) 910-2412,Active
EMP023313,Sarah,Moore,Sarah Moore,55,Operations,Director,Los Angeles,68284.47,7389.94,2021-03-15,30,61.9,sarah.moore@company.com,(934) 687-5667,On Leave
EMP023314,Ashley,Gonzalez,Ashley Gonzalez,36,Engineering,Analyst,Austin,127231.21,13510.37,2024-05-19,11,67.8,ashley.gonzalez@company.com,(895) 510-4886,On Leave
EMP023315,James,Martinez,James Martinez,29,Operations,Senior Developer,Austin,58959.66,4123.94,2022-03-05,7,50.7,james.martinez@company.com,(394) 293-1338,Active
EMP023316,Melissa,Gonzalez,Melissa Gonzalez,25,Engineering,Manager,Chicago,68748.44,2110.22,2020-06-07,3,42.0,melissa.gonzalez@company.com,(611) 432-2443,Active
EMP023317,Melissa,Moore,Melissa Moore,48,Sales,Analyst,Seattle,62188.8,3143.09,2023-06-17,24,70.8,melissa.moore@company.com,(494) 424-2770,Active
EMP023318,Matthew,Smith,Matthew Smith,23,Finance,Lead,Chicago,67172.96,6801.77,2021-12-16,0,72.8,matthew.smith@company.com,(456) 666-1948,Active
EMP023319,Anthony,Gonzalez,Anthony Gonzalez,33,Legal,Director,Seattle,111783.55,418.95,2022-08-15,11,65.5,anthony.gonzalez@company.com,(734) 737-9640,Active
EMP023320,Lisa,Brown,Lisa Brown,52,IT,Analyst,New York,90480.86,8636.17,2022-08-18,29,89.7,lisa.brown@company.com,(417) 545-2837,Inactive
EMP023321,Matthew,Jones,Matthew Jones,44,Sales,Manager,Los Angeles,78095.53,8954.87,2022-04-04,17,74.1,matthew.jones@company.com,(974) 943-2280,Active
EMP023322,James,Thomas,James Thomas,26,Legal,Analyst,Seattle,39564.51,1186.35,2024-11-23,0,57.3,james.thomas@company.com,(577) 511-5158,Active
EMP023323,Michael,Johnson,Michael Johnson,26,Operations,Analyst,Seattle,29647.51,3625.44,2022-02-12,4,59.6,michael.johnson@company.com,(864) 376-3090,Active
EMP023324,Amanda,Wilson,Amanda Wilson,46,Engineering,Coordinator,New York,97707.72,9506.66,2020-12-12,21,99.1,amanda.wilson@company.com,(977) 781-9615,Active
EMP023325,Michael,Smith,Michael Smith,65,HR,Manager,Miami,86282.22,9356.83,2023-12-09,43,78.0,michael.smith@company.com,(247) 819-4404,Active
EMP023326,Robert,Williams,Robert Williams,41,IT,Manager,Chicago,76212.82,9229.45,2021-08-05,16,94.7,robert.williams@company.com,(680) 233-2162,Active
EMP023327,Lisa,Hernandez,Lisa Hernandez,44,Finance,Lead,Boston,68830.45,11386.87,2020-05-12,19,46.2,lisa.hernandez@company.com,(745) 358-6190,Active
EMP023328,Amanda,Thomas,Amanda Thomas,43,Engineering,Specialist,New York,119295.93,18112.06,2020-08-22,19,100.0,amanda.thomas@company.com,(304) 508-3269,Active
EMP023329,Jessica,Taylor,Jessica Taylor,44,Sales,Coordinator,Austin,45020.25,6019.77,2024-04-24,22,48.3,jessica.taylor@company.com,(665) 500-8063,Active
EMP023330,Emily,Brown,Emily Brown,34,Marketing,Senior Developer,Austin,85389.12,12645.57,2020-03-23,5,71.5,emily.brown@company.com,(655) 747-9021,Active
EMP023331,Daniel,Moore,Daniel Moore,64,HR,Coordinator,Austin,57519.38,2579.49,2022-09-30,39,63.1,daniel.moore@company.com,(478) 795-1930,Active
EMP023332,Ashley,Miller,Ashley Miller,52,HR,Associate,Seattle,83149.34,14294.05,2022-02-10,23,53.6,ashley.miller@company.com,(951) 313-9828,Active
EMP023333,Stephanie,Martin,Stephanie Martin,22,Finance,Director,San Francisco,92471.74,10895.49,2021-10-24,0,93.9,stephanie.martin@company.com,(778) 743-7345,On Leave
EMP023334,William,Garcia,William Garcia,59,Finance,Senior Developer,Chicago,88532.46,5510.07,2020-04-18,37,75.6,william.garcia@company.com,(398) 311-6271,Active
EMP023335,Melissa,Hernandez,Melissa Hernandez,31,IT,Specialist,Miami,93183.14,5488.48,2023-05-19,9,59.0,melissa.hernandez@company.com,(586) 290-7616,Active
EMP023336,David,Wilson,David Wilson,51,Sales,Lead,Seattle,63553.63,6863.48,2024-05-02,25,55.4,david.wilson@company.com,(537) 782-3849,Active
EMP023337,Sarah,Smith,Sarah Smith,38,Finance,Manager,Boston,55954.48,958.86,2020-05-27,10,71.8,sarah.smith@company.com,(244) 242-1071,Inactive
EMP023338,William,Johnson,William Johnson,23,Legal,Specialist,Chicago,62339.76,6299.59,2023-05-20,1,73.0,william.johnson@company.com,(292) 482-7755,Active
EMP023339,Melissa,Wilson,Melissa Wilson,29,IT,Analyst,Boston,81349.16,13955.99,2021-05-10,2,60.9,melissa.wilson@company.com,(217) 439-7162,Active
EMP023340,Stephanie,Wilson,Stephanie Wilson,29,IT,Lead,Chicago,72155.64,5186.14,2022-05-25,5,85.0,stephanie.wilson@company.com,(366) 409-8009,Active
EMP023341,Nicole,Jones,Nicole Jones,35,Operations,Manager,Austin,65072.31,2691.12,2024-11-05,9,93.8,nicole.jones@company.com,(817) 236-9462,Inactive
EMP023342,Robert,Martinez,Robert Martinez,52,Operations,Director,Austin,66079.85,5238.4,2023-12-22,27,69.1,robert.martinez@company.com,(243) 556-3207,Active
EMP023343,Jane,Rodriguez,Jane Rodriguez,59,Operations,Senior Developer,New York,100679.32,14513.44,2020-05-24,31,66.3,jane.rodriguez@company.com,(913) 724-1382,Active
EMP023344,Sarah,Jackson,Sarah Jackson,40,HR,Lead,Chicago,79697.44,17124.83,2021-03-27,17,88.8,sarah.jackson@company.com,(566) 890-6658,Active
EMP023345,Daniel,Martinez,Daniel Martinez,28,Operations,Analyst,Miami,53245.12,4519.3,2023-10-03,2,62.7,daniel.martinez@company.com,(755) 799-3685,Active
EMP023346,Amanda,Garcia,Amanda Garcia,62,Operations,Director,Austin,67707.58,9079.38,2022-08-17,38,70.3,amanda.garcia@company.com,(883) 928-6991,Active
EMP023347,Sarah,Johnson,Sarah Johnson,65,Legal,Analyst,Miami,155255.74,19636.29,2022-05-07,40,51.0,sarah.johnson@company.com,(639) 337-4287,Active
EMP023348,Sarah,Williams,Sarah Williams,56,IT,Associate,Chicago,102143.95,12890.74,2020-04-16,34,54.5,sarah.williams@company.com,(781) 217-9056,Active
EMP023349,Stephanie,Taylor,Stephanie Taylor,38,Marketing,Coordinator,Seattle,61901.49,4969.27,2022-03-13,15,89.6,stephanie.taylor@company.com,(647) 385-2141,Inactive
EMP023350,Matthew,Smith,Matthew Smith,65,Sales,Director,New York,54987.47,7668.99,2021-06-11,37,54.0,matthew.smith@company.com,(225) 320-4659,Active
EMP023351,Jane,Gonzalez,Jane Gonzalez,37,Finance,Director,San Francisco,89870.35,13883.65,2020-10-13,9,66.7,jane.gonzalez@company.com,(463) 711-2615,Active
EMP023352,Anthony,Gonzalez,Anthony Gonzalez,46,HR,Coordinator,Miami,55451.67,9006.93,2022-03-01,18,79.9,anthony.gonzalez@company.com,(695) 871-7120,Active
EMP023353,Robert,Martinez,Robert Martinez,59,IT,Coordinator,Austin,78761.22,9082.43,2021-03-17,35,89.4,robert.martinez@company.com,(811) 460-1849,Active
EMP023354,Sarah,Johnson,Sarah Johnson,53,Marketing,Lead,Austin,106344.02,9180.99,2023-06-29,24,50.1,sarah.johnson@company.com,(647) 889-1067,Active
EMP023355,Ashley,Martin,Ashley Martin,51,Marketing,Coordinator,Seattle,76319.22,4760.82,2023-07-19,29,77.3,ashley.martin@company.com,(478) 315-2746,Inactive
EMP023356,Stephanie,Rodriguez,Stephanie Rodriguez,37,Legal,Analyst,Los Angeles,96726.66,16079.96,2020-04-05,11,46.0,stephanie.rodriguez@company.com,(618) 965-8161,Active
EMP023357,Amanda,Wilson,Amanda Wilson,47,Marketing,Coordinator,New York,58871.09,1388.0,2020-11-20,19,89.8,amanda.wilson@company.com,(341) 487-4015,Active
EMP023358,Jane,Brown,Jane Brown,48,Marketing,Analyst,Miami,49577.18,2737.98,2022-04-20,21,63.3,jane.brown@company.com,(506) 264-2025,Active
EMP023359,Jessica,Gonzalez,Jessica Gonzalez,48,Legal,Associate,Los Angeles,91955.22,6595.39,2024-10-06,21,85.4,jessica.gonzalez@company.com,(963) 689-8535,Active
EMP023360,James,Davis,James Davis,63,Legal,Lead,Chicago,108675.04,13663.04,2020-03-25,40,79.1,james.davis@company.com,(309) 391-9426,Active
EMP023361,William,Hernandez,William Hernandez,36,IT,Lead,San Francisco,63037.54,6738.2,2020-01-05,7,74.8,william.hernandez@company.com,(235) 622-3889,Active
EMP023362,Robert,Rodriguez,Robert Rodriguez,44,HR,Analyst,New York,59925.51,2476.53,2020-05-17,19,65.3,robert.rodriguez@company.com,(385) 820-2351,Inactive
EMP023363,Sarah,Martinez,Sarah Martinez,45,Legal,Coordinator,Los Angeles,109536.94,13015.47,2022-10-11,21,51.3,sarah.martinez@company.com,(392) 318-2264,Active
EMP023364,Matthew,Lopez,Matthew Lopez,25,HR,Manager,Miami,62178.6,4998.38,2020-07-10,0,85.8,matthew.lopez@company.com,(774) 785-3185,Active
EMP023365,David,Wilson,David Wilson,49,HR,Director,Seattle,54082.82,11674.25,2021-01-15,27,78.7,david.wilson@company.com,(565) 718-8390,Active
EMP023366,Anthony,Moore,Anthony Moore,44,HR,Manager,Chicago,65679.92,6966.53,2022-03-09,17,79.3,anthony.moore@company.com,(828) 983-9609,Active
EMP023367,Nicole,Taylor,Nicole Taylor,32,IT,Manager,Los Angeles,71836.16,5964.39,2021-07-25,6,87.3,nicole.taylor@company.com,(240) 774-5054,Inactive
EMP023368,Jessica,Davis,Jessica Davis,63,HR,Coordinator,Chicago,87275.38,3315.46,2020-07-08,35,70.2,jessica.davis@company.com,(420) 943-1028,On Leave
EMP023369,William,Williams,William Williams,26,Sales,Senior Developer,Seattle,60524.21,5501.19,2021-12-02,0,89.5,william.williams@company.com,(253) 531-2670,Active
EMP023370,Amanda,Garcia,Amanda Garcia,38,Finance,Director,New York,74684.94,0.0,2024-06-04,9,100.0,amanda.garcia@company.com,(345) 970-9347,Active
EMP023371,Ashley,Gonzalez,Ashley Gonzalez,58,Marketing,Manager,Miami,81467.83,9123.43,2022-10-31,30,46.2,ashley.gonzalez@company.com,(532) 579-4441,Active
EMP023372,Lisa,Garcia,Lisa Garcia,24,Legal,Manager,Los Angeles,37500.0,753.66,2023-10-01,0,27.8,lisa.garcia@company.com,(545) 897-1526,Active
EMP023373,John,Rodriguez,John Rodriguez,30,Sales,Manager,Seattle,95374.28,6696.47,2021-09-28,1,85.4,john.rodriguez@company.com,(968) 489-3197,Active
EMP023374,Matthew,Gonzalez,Matthew Gonzalez,43,Operations,Associate,Miami,59272.48,5739.68,2023-09-19,20,88.8,matthew.gonzalez@company.com,(446) 566-7691,Active
EMP023375,Christopher,Martinez,Christopher Martinez,47,Sales,Associate,Seattle,69744.16,7616.54,2024-03-05,24,92.4,christopher.martinez@company.com,(958) 419-6772,Active
EMP023376,Matthew,Hernandez,Matthew Hernandez,40,HR,Senior Developer,Boston,43100.25,1617.71,2023-11-13,14,79.4,matthew.hernandez@company.com,(474) 567-8206,Active
EMP023377,Sarah,Moore,Sarah Moore,54,Engineering,Senior Developer,New York,98664.39,12775.79,2021-01-10,31,93.0,sarah.moore@company.com,(720) 378-7488,Active
EMP023378,Melissa,Wilson,Melissa Wilson,44,IT,Director,Los Angeles,66652.9,12921.23,2024-08-10,15,64.7,melissa.wilson@company.com,(686) 666-2615,Active
EMP023379,Sarah,Gonzalez,Sarah Gonzalez,25,Legal,Director,Miami,40483.18,2251.74,2020-10-25,0,84.6,sarah.gonzalez@company.com,(515) 601-2918,Active
EMP023380,Ashley,Rodriguez,Ashley Rodriguez,27,Engineering,Specialist,Seattle,39277.22,4320.89,2023-10-12,4,95.4,ashley.rodriguez@company.com,(806) 779-8783,Active
EMP023381,Stephanie,Gonzalez,Stephanie Gonzalez,47,Marketing,Director,Chicago,76162.93,8225.83,2021-11-15,20,41.9,stephanie.gonzalez@company.com,(222) 658-8804,Inactive
EMP023382,Christopher,Williams,Christopher Williams,58,HR,Specialist,San Francisco,76041.85,1267.26,2022-08-20,33,73.9,christopher.williams@company.com,(909) 422-5696,Active
EMP023383,William,Martin,William Martin,65,Legal,Director,Los Angeles,121737.75,14190.24,2024-11-21,36,80.1,william.martin@company.com,(419) 229-1387,Active
EMP023384,Michael,Jackson,Michael Jackson,50,Legal,Lead,Chicago,100043.72,4845.16,2023-08-26,26,67.1,michael.jackson@company.com,(415) 458-8047,On Leave
EMP023385,Amanda,Wilson,Amanda Wilson,46,HR,Analyst,Austin,67975.54,7418.79,2023-12-05,21,60.3,amanda.wilson@company.com,(426) 639-5342,Active
EMP023386,Sarah,Anderson,Sarah Anderson,55,Sales,Lead,San Francisco,108971.3,16182.85,2024-10-07,27,90.8,sarah.anderson@company.com,(319) 667-5976,Active
EMP023387,Melissa,Moore,Melissa Moore,37,Marketing,Analyst,Los Angeles,71705.95,2048.48,2021-07-07,9,91.7,melissa.moore@company.com,(429) 425-3251,Active
EMP023388,Ashley,Gonzalez,Ashley Gonzalez,31,Legal,Analyst,San Francisco,106294.53,16517.62,2023-03-09,5,77.1,ashley.gonzalez@company.com,(691) 249-9356,Active
EMP023389,Matthew,Martin,Matthew Martin,58,Legal,Director,Boston,112939.39,12023.44,2020-02-06,29,96.7,matthew.martin@company.com,(262) 496-3150,Active
EMP023390,Lisa,Hernandez,Lisa Hernandez,53,Sales,Director,Miami,90281.04,11162.84,2021-02-26,28,97.8,lisa.hernandez@company.com,(285) 587-4441,Active
EMP023391,Nicole,Thomas,Nicole Thomas,62,Engineering,Analyst,Miami,103111.61,9482.94,2023-11-05,35,100.0,nicole.thomas@company.com,(337) 440-3470,Active
EMP023392,Amanda,Anderson,Amanda Anderson,57,Legal,Analyst,Chicago,90923.29,6558.26,2023-07-28,32,56.5,amanda.anderson@company.com,(203) 280-6558,Active
EMP023393,Stephanie,Taylor,Stephanie Taylor,58,Marketing,Lead,New York,57580.09,9813.23,2023-08-31,35,63.6,stephanie.taylor@company.com,(516) 671-7691,Active
EMP023394,Melissa,Thomas,Melissa Thomas,65,Engineering,Director,New York,128262.94,14837.36,2021-05-25,42,81.1,melissa.thomas@company.com,(784) 446-2245,Active
EMP023395,David,Rodriguez,David Rodriguez,44,Marketing,Manager,Miami,79403.28,9932.37,2020-12-21,17,90.7,david.rodriguez@company.com,(318) 975-3405,Active
EMP023396,Lisa,Smith,Lisa Smith,24,HR,Specialist,San Francisco,61921.4,7850.85,2020-02-29,0,82.0,lisa.smith@company.com,(731) 935-6078,Active
EMP023397,John,Anderson,John Anderson,43,IT,Senior Developer,Austin,69378.77,5038.66,2024-01-15,18,82.9,john.anderson@company.com,(221) 661-3532,Active
EMP023398,Michael,Thomas,Michael Thomas,35,Marketing,Associate,Boston,81987.93,6067.37,2020-05-26,11,90.2,michael.thomas@company.com,(751) 979-7367,Active
EMP023399,Ashley,Johnson,Ashley Johnson,28,Finance,Analyst,Austin,42782.85,1145.34,2021-10-23,5,97.6,ashley.johnson@company.com,(939) 318-9556,Active
EMP023400,Amanda,Smith,Amanda Smith,45,IT,Director,San Francisco,104636.38,23436.71,2022-12-13,19,66.0,amanda.smith@company.com,(508) 887-2322,Active
EMP023401,Melissa,Wilson,Melissa Wilson,59,Sales,Lead,Seattle,103263.49,14014.85,2024-07-21,35,62.0,melissa.wilson@company.com,(731) 481-3320,Active
EMP023402,Daniel,Anderson,Daniel Anderson,37,Sales,Manager,Seattle,50479.22,1431.11,2021-08-13,9,92.6,daniel.anderson@company.com,(754) 325-2213,Active
EMP023403,Lisa,Davis,Lisa Davis,46,Operations,Senior Developer,Austin,59394.6,0.0,2024-12-21,21,61.8,lisa.davis@company.com,(698) 577-9504,Active
EMP023404,John,Rodriguez,John Rodriguez,30,Operations,Senior Developer,Miami,42317.06,5451.47,2022-11-21,2,83.9,john.rodriguez@company.com,(932) 577-4983,Active
EMP023405,Jane,Wilson,Jane Wilson,55,HR,Lead,Austin,75801.91,12636.17,2021-11-03,32,68.9,jane.wilson@company.com,(200) 241-3052,Active
EMP023406,David,Davis,David Davis,64,Engineering,Specialist,Boston,119397.93,14926.61,2020-05-08,36,100.0,david.davis@company.com,(684) 382-1332,Active
EMP023407,Ashley,Moore,Ashley Moore,43,Operations,Manager,Chicago,80034.05,5406.54,2024-08-05,17,75.5,ashley.moore@company.com,(519) 971-3307,Active
EMP023408,Amanda,Rodriguez,Amanda Rodriguez,24,Finance,Coordinator,Los Angeles,60298.76,4838.48,2023-07-02,0,47.6,amanda.rodriguez@company.com,(409) 285-4018,Active
EMP023409,James,Rodriguez,James Rodriguez,48,Finance,Coordinator,San Francisco,69233.93,8602.58,2023-04-03,19,61.5,james.rodriguez@company.com,(280) 536-4184,Active
EMP023410,Anthony,Wilson,Anthony Wilson,24,HR,Associate,Seattle,48745.29,6797.21,2024-03-26,0,73.7,anthony.wilson@company.com,(830) 745-1083,Active
EMP023411,Matthew,Martinez,Matthew Martinez,29,Marketing,Director,Los Angeles,75784.76,14287.71,2023-11-04,3,63.8,matthew.martinez@company.com,(882) 791-3644,Active
EMP023412,Stephanie,Jackson,Stephanie Jackson,23,HR,Associate,Los Angeles,48626.45,6439.11,2024-12-22,0,85.6,stephanie.jackson@company.com,(426) 265-7626,Inactive
EMP023413,Lisa,Rodriguez,Lisa Rodriguez,31,Marketing,Manager,Miami,74437.8,11648.84,2020-10-07,2,89.4,lisa.rodriguez@company.com,(712) 384-3742,Inactive
EMP023414,John,Jones,John Jones,30,Legal,Senior Developer,Seattle,92884.79,6635.68,2023-08-06,8,65.4,john.jones@company.com,(769) 845-1765,Active
EMP023415,Daniel,Gonzalez,Daniel Gonzalez,27,Sales,Coordinator,San Francisco,74875.78,3500.2,2020-08-27,0,57.3,daniel.gonzalez@company.com,(370) 286-6147,Active
EMP023416,Robert,Thomas,Robert Thomas,23,HR,Analyst,Miami,49263.3,5324.11,2020-04-03,1,81.9,robert.thomas@company.com,(396) 200-1687,Active
EMP023417,William,Johnson,William Johnson,62,Finance,Specialist,New York,136876.58,16092.94,2024-10-16,34,87.5,william.johnson@company.com,(265) 676-7012,Active
EMP023418,Christopher,Hernandez,Christopher Hernandez,50,Operations,Manager,Miami,71119.37,0.0,2021-06-26,28,56.8,christopher.hernandez@company.com,(265) 210-1126,Active
EMP023419,Jane,Gonzalez,Jane Gonzalez,26,Engineering,Specialist,Austin,71038.45,10937.87,2021-04-27,4,66.5,jane.gonzalez@company.com,(380) 667-3004,Active
EMP023420,Jane,Davis,Jane Davis,22,Engineering,Manager,Chicago,60823.19,4042.54,2022-12-01,0,67.8,jane.davis@company.com,(389) 786-3322,Active
EMP023421,Robert,Anderson,Robert Anderson,59,HR,Associate,Los Angeles,41285.81,7296.65,2023-09-02,37,74.5,robert.anderson@company.com,(238) 475-8399,Active
EMP023422,Jane,Garcia,Jane Garcia,32,Engineering,Director,Los Angeles,77750.15,10028.22,2022-09-16,7,84.0,jane.garcia@company.com,(429) 418-6588,Active
EMP023423,Lisa,Martinez,Lisa Martinez,64,HR,Analyst,Boston,79363.42,6695.4,2023-09-28,39,95.9,lisa.martinez@company.com,(363) 320-7977,Inactive
EMP023424,Matthew,Brown,Matthew Brown,33,Legal,Analyst,Seattle,55709.19,9416.32,2023-05-29,5,77.5,matthew.brown@company.com,(729) 576-5045,Active
EMP023425,Emily,Davis,Emily Davis,49,HR,Director,Seattle,58782.62,6195.84,2021-06-14,22,68.9,emily.davis@company.com,(688) 262-3426,Active
EMP023426,Jane,Martinez,Jane Martinez,61,Legal,Director,Austin,102983.81,11651.21,2022-11-27,37,85.1,jane.martinez@company.com,(553) 590-4539,Active
EMP023427,Jessica,Miller,Jessica Miller,23,Finance,Associate,Miami,68466.12,3999.93,2020-12-28,0,77.5,jessica.miller@company.com,(946) 252-9865,Active
EMP023428,Anthony,Jackson,Anthony Jackson,27,HR,Coordinator,Los Angeles,45786.55,10317.96,2022-11-28,1,68.3,anthony.jackson@company.com,(489) 769-5146,Active
EMP023429,Ashley,Miller,Ashley Miller,44,Legal,Specialist,Chicago,100607.54,13623.0,2023-01-05,22,95.3,ashley.miller@company.com,(311) 646-9611,Active
EMP023430,Christopher,Jones,Christopher Jones,64,Sales,Lead,Austin,105347.05,18912.17,2021-04-21,40,75.7,christopher.jones@company.com,(791) 861-8984,Active
EMP023431,David,Smith,David Smith,38,Marketing,Lead,San Francisco,61377.71,409.49,2022-08-18,15,71.5,david.smith@company.com,(745) 252-5430,Inactive
EMP023432,Stephanie,Thomas,Stephanie Thomas,53,IT,Coordinator,Chicago,86893.86,12836.04,2021-09-12,29,69.7,stephanie.thomas@company.com,(281) 958-9513,Active
EMP023433,Christopher,Brown,Christopher Brown,54,HR,Lead,Chicago,85734.7,9797.65,2021-10-30,30,57.9,christopher.brown@company.com,(337) 663-2835,Active
EMP023434,Sarah,Anderson,Sarah Anderson,65,Sales,Specialist,Los Angeles,95744.99,8406.73,2024-07-06,41,85.3,sarah.anderson@company.com,(310) 269-1049,Active
EMP023435,Ashley,Johnson,Ashley Johnson,33,IT,Director,Austin,64011.74,6092.72,2021-03-05,11,69.7,ashley.johnson@company.com,(575) 851-4507,Active
EMP023436,Anthony,Jones,Anthony Jones,36,Finance,Coordinator,Austin,73000.2,8221.64,2020-03-17,8,85.6,anthony.jones@company.com,(387) 819-5662,Active
EMP023437,Stephanie,Thomas,Stephanie Thomas,31,HR,Coordinator,San Francisco,56514.99,4860.23,2023-08-21,3,80.8,stephanie.thomas@company.com,(558) 446-9947,Active
EMP023438,Lisa,Wilson,Lisa Wilson,60,Marketing,Associate,Chicago,73467.58,493.42,2022-06-11,36,60.8,lisa.wilson@company.com,(883) 396-6640,Active
EMP023439,Daniel,Jackson,Daniel Jackson,40,HR,Specialist,New York,85439.91,7449.7,2023-07-18,16,69.6,daniel.jackson@company.com,(724) 694-9058,Active
EMP023440,Melissa,Brown,Melissa Brown,30,Finance,Senior Developer,Austin,79326.88,13364.01,2023-03-08,4,84.4,melissa.brown@company.com,(574) 918-3226,Active
EMP023441,Robert,Anderson,Robert Anderson,28,Marketing,Lead,Chicago,28500.0,3463.14,2023-03-14,0,81.0,robert.anderson@company.com,(730) 706-7023,Active
EMP023442,Christopher,Garcia,Christopher Garcia,60,Legal,Coordinator,Los Angeles,130179.5,768.63,2021-12-30,35,91.7,christopher.garcia@company.com,(880) 697-6070,Active
EMP023443,Daniel,Brown,Daniel Brown,24,HR,Manager,Miami,67855.94,5925.9,2020-09-17,2,100.0,daniel.brown@company.com,(792) 217-9103,Active
EMP023444,Amanda,Miller,Amanda Miller,63,Sales,Specialist,Seattle,79740.58,4521.53,2023-03-04,39,56.3,amanda.miller@company.com,(912) 692-6158,Active
EMP023445,Matthew,Thomas,Matthew Thomas,60,Marketing,Analyst,San Francisco,84678.49,14226.29,2023-07-24,32,57.6,matthew.thomas@company.com,(804) 522-1460,Inactive
EMP023446,Amanda,Martinez,Amanda Martinez,36,Engineering,Lead,Austin,110583.07,17094.1,2024-05-29,13,77.7,amanda.martinez@company.com,(612) 342-2385,Active
EMP023447,David,Brown,David Brown,63,Sales,Director,New York,116322.67,11523.2,2023-12-19,36,60.2,david.brown@company.com,(397) 237-4507,Active
EMP023448,Jessica,Smith,Jessica Smith,53,Legal,Lead,New York,142725.02,22108.15,2023-05-03,28,89.0,jessica.smith@company.com,(263) 692-7028,Active
EMP023449,Matthew,Martinez,Matthew Martinez,61,Legal,Manager,Austin,98023.31,8356.6,2021-01-24,33,94.4,matthew.martinez@company.com,(224) 516-7006,Active
EMP023450,Jessica,Anderson,Jessica Anderson,39,Operations,Director,Boston,54966.81,5790.33,2024-11-02,10,85.7,jessica.anderson@company.com,(984) 673-4696,Active
EMP023451,Michael,Martinez,Michael Martinez,36,Engineering,Senior Developer,Seattle,77059.37,6196.73,2021-10-28,10,66.4,michael.martinez@company.com,(311) 511-2561,Active
EMP023452,Matthew,Jackson,Matthew Jackson,32,HR,Senior Developer,Chicago,64086.05,6512.47,2022-07-10,7,55.6,matthew.jackson@company.com,(692) 970-6252,Active
EMP023453,Christopher,Jones,Christopher Jones,36,HR,Associate,Chicago,69917.94,5021.38,2023-12-21,7,72.6,christopher.jones@company.com,(650) 257-9884,Active
EMP023454,Melissa,Smith,Melissa Smith,46,IT,Coordinator,Los Angeles,107931.12,2892.5,2021-08-22,24,66.8,melissa.smith@company.com,(919) 641-8974,Active
EMP023455,Emily,Williams,Emily Williams,24,HR,Director,Boston,63600.0,10823.71,2023-02-21,0,74.3,emily.williams@company.com,(405) 976-4076,Active
EMP023456,John,Anderson,John Anderson,32,HR,Manager,New York,61309.62,10871.47,2024-06-26,5,82.1,john.anderson@company.com,(761) 930-5899,Active
EMP023457,Stephanie,Jones,Stephanie Jones,45,Finance,Senior Developer,San Francisco,98776.08,13687.77,2020-10-01,20,72.4,stephanie.jones@company.com,(811) 383-7555,Active
EMP023458,Michael,Brown,Michael Brown,24,Operations,Coordinator,Chicago,63743.88,11068.24,2021-12-19,1,58.1,michael.brown@company.com,(801) 910-2315,Active
EMP023459,Jessica,Lopez,Jessica Lopez,61,Marketing,Specialist,New York,102483.38,5598.87,2022-07-17,39,89.5,jessica.lopez@company.com,(565) 845-5660,Active
EMP023460,Jane,Miller,Jane Miller,31,IT,Specialist,Miami,116858.24,7530.0,2021-05-26,7,74.7,jane.miller@company.com,(607) 689-6875,Active
EMP023461,Robert,Gonzalez,Robert Gonzalez,48,IT,Manager,Miami,117116.24,3559.35,2020-08-21,22,79.3,robert.gonzalez@company.com,(951) 328-6303,Active
EMP023462,Sarah,Moore,Sarah Moore,48,Finance,Analyst,Miami,91052.02,10226.8,2024-01-22,25,84.3,sarah.moore@company.com,(620) 294-2018,Active
EMP023463,Sarah,Miller,Sarah Miller,28,IT,Lead,Seattle,77573.43,14742.07,2021-11-06,0,76.4,sarah.miller@company.com,(334) 342-9003,Active
EMP023464,Jessica,Martin,Jessica Martin,45,IT,Manager,Seattle,94058.96,16821.46,2024-02-24,16,76.8,jessica.martin@company.com,(560) 644-9410,Active
EMP023465,James,Martin,James Martin,65,Legal,Director,Seattle,92184.42,9994.62,2020-08-06,36,92.9,james.martin@company.com,(558) 905-1659,Active
EMP023466,Ashley,Hernandez,Ashley Hernandez,59,Engineering,Lead,Miami,100274.47,16423.15,2022-03-23,31,78.8,ashley.hernandez@company.com,(403) 676-9566,Inactive
EMP023467,Jane,Williams,Jane Williams,48,Finance,Senior Developer,Los Angeles,90461.28,6846.44,2020-01-04,21,82.4,jane.williams@company.com,(843) 481-8398,Active
EMP023468,Christopher,Smith,Christopher Smith,65,Engineering,Manager,New York,85648.14,7992.06,2023-10-19,39,61.5,christopher.smith@company.com,(732) 865-8113,Active
EMP023469,Christopher,Davis,Christopher Davis,44,Operations,Manager,Los Angeles,63581.59,7795.95,2021-02-05,16,59.2,christopher.davis@company.com,(846) 917-6986,Active
EMP023470,Jane,Hernandez,Jane Hernandez,45,Marketing,Senior Developer,Boston,71093.68,11177.34,2023-08-03,22,73.0,jane.hernandez@company.com,(362) 387-4481,Active
EMP023471,Anthony,Anderson,Anthony Anderson,38,Finance,Associate,Chicago,68986.93,7794.42,2023-03-13,12,80.4,anthony.anderson@company.com,(728) 657-6325,On Leave
EMP023472,Robert,Gonzalez,Robert Gonzalez,64,Engineering,Specialist,New York,121424.13,9448.33,2023-07-11,35,72.0,robert.gonzalez@company.com,(729) 311-6278,Active
EMP023473,Matthew,Jackson,Matthew Jackson,40,Marketing,Associate,San Francisco,75592.65,15371.33,2022-03-29,15,85.3,matthew.jackson@company.com,(726) 843-9911,Active
EMP023474,Sarah,Davis,Sarah Davis,28,Engineering,Manager,Seattle,97687.56,15932.88,2021-10-09,1,79.3,sarah.davis@company.com,(819) 549-7043,Active
EMP023475,Jessica,Davis,Jessica Davis,56,Operations,Director,New York,64629.61,6894.77,2023-05-29,30,67.6,jessica.davis@company.com,(468) 476-8339,On Leave
EMP023476,Lisa,Wilson,Lisa Wilson,22,Marketing,Director,Chicago,74066.58,6604.68,2024-08-27,0,73.7,lisa.wilson@company.com,(787) 345-4013,Active
EMP023477,Daniel,Lopez,Daniel Lopez,24,Finance,Senior Developer,Boston,58544.26,4095.92,2023-07-24,0,69.3,daniel.lopez@company.com,(806) 762-8996,On Leave
EMP023478,Daniel,Williams,Daniel Williams,27,Operations,Director,Los Angeles,52146.22,7074.86,2024-01-20,2,75.5,daniel.williams@company.com,(841) 587-1685,Active
EMP023479,Sarah,Hernandez,Sarah Hernandez,27,HR,Specialist,Miami,73250.77,5044.39,2021-02-11,0,63.4,sarah.hernandez@company.com,(654) 515-1317,Active
EMP023480,John,Miller,John Miller,31,Operations,Coordinator,Seattle,61062.61,1161.51,2021-08-19,5,87.2,john.miller@company.com,(659) 829-3082,Active
EMP023481,David,Martin,David Martin,41,HR,Analyst,Boston,59521.0,8971.01,2022-08-04,12,82.7,david.martin@company.com,(869) 454-3388,Active
EMP023482,Amanda,Garcia,Amanda Garcia,52,HR,Director,Austin,73027.53,7134.12,2022-05-02,24,59.0,amanda.garcia@company.com,(430) 668-8292,Active
EMP023483,Anthony,Brown,Anthony Brown,47,Sales,Specialist,Boston,81109.57,15807.25,2021-01-21,25,66.9,anthony.brown@company.com,(923) 899-4917,Inactive
EMP023484,Lisa,Taylor,Lisa Taylor,36,IT,Associate,Miami,97731.3,9160.7,2024-11-28,12,79.0,lisa.taylor@company.com,(310) 246-5147,Active
EMP023485,Emily,Johnson,Emily Johnson,37,Finance,Director,Los Angeles,59278.53,4497.3,2023-05-29,8,70.9,emily.johnson@company.com,(577) 910-5234,On Leave
EMP023486,Lisa,Thomas,Lisa Thomas,27,IT,Associate,New York,69488.01,11517.8,2023-07-17,4,62.8,lisa.thomas@company.com,(774) 842-2234,Active
EMP023487,Robert,Moore,Robert Moore,35,Marketing,Analyst,Miami,66632.73,8290.2,2023-02-02,9,79.3,robert.moore@company.com,(286) 424-2903,Active
EMP023488,Michael,Jackson,Michael Jackson,25,IT,Analyst,Chicago,67956.4,3950.53,2020-07-27,0,80.9,michael.jackson@company.com,(591) 446-3312,Active
EMP023489,William,Martin,William Martin,53,Finance,Specialist,Seattle,85569.11,7821.04,2020-10-03,27,100.0,william.martin@company.com,(503) 808-9216,Active
EMP023490,Robert,Lopez,Robert Lopez,27,Legal,Director,Seattle,81655.36,7119.27,2020-11-30,5,70.5,robert.lopez@company.com,(566) 489-3866,Active
EMP023491,Nicole,Anderson,Nicole Anderson,48,IT,Analyst,Seattle,81972.32,9469.4,2021-03-13,25,66.0,nicole.anderson@company.com,(552) 747-6058,Active
EMP023492,Stephanie,Taylor,Stephanie Taylor,23,HR,Associate,New York,32200.31,2123.46,2023-06-19,1,91.5,stephanie.taylor@company.com,(214) 846-5241,Active
EMP023493,Nicole,Garcia,Nicole Garcia,47,Legal,Specialist,Boston,82955.72,4693.12,2024-07-25,20,76.9,nicole.garcia@company.com,(321) 680-7815,Active
EMP023494,Anthony,Brown,Anthony Brown,57,Finance,Associate,Chicago,94091.54,5089.57,2021-05-24,29,64.6,anthony.brown@company.com,(614) 462-8510,Active
EMP023495,Lisa,Johnson,Lisa Johnson,34,Engineering,Lead,Chicago,92506.93,11412.37,2023-01-16,9,58.2,lisa.johnson@company.com,(981) 650-1802,Active
EMP023496,Stephanie,Smith,Stephanie Smith,60,Marketing,Director,Austin,60633.36,4238.09,2021-11-23,31,59.9,stephanie.smith@company.com,(559) 853-5800,Inactive
EMP023497,Anthony,Wilson,Anthony Wilson,27,Finance,Associate,New York,61978.36,0.0,2021-09-04,4,64.2,anthony.wilson@company.com,(413) 817-9319,Inactive
EMP023498,Stephanie,Brown,Stephanie Brown,33,Operations,Coordinator,Chicago,51692.58,6577.22,2022-01-18,9,62.8,stephanie.brown@company.com,(395) 259-7910,Active
EMP023499,David,Jackson,David Jackson,53,HR,Specialist,San Francisco,73360.52,2975.27,2022-02-15,29,83.8,david.jackson@company.com,(595) 853-7309,On Leave
EMP023500,Anthony,Moore,Anthony Moore,34,HR,Specialist,Chicago,81380.3,11861.66,2020-09-30,10,95.0,anthony.moore@company.com,(831) 572-3264,Active
EMP023501,Matthew,Davis,Matthew Davis,63,HR,Associate,Los Angeles,68070.84,3968.19,2020-01-02,34,54.9,matthew.davis@company.com,(561) 727-8510,Active
EMP023502,Nicole,Wilson,Nicole Wilson,48,Finance,Specialist,Los Angeles,93639.42,10050.34,2022-06-05,24,51.0,nicole.wilson@company.com,(855) 768-8175,Active
EMP023503,James,Davis,James Davis,42,IT,Specialist,Los Angeles,82417.39,14843.01,2023-01-03,20,65.7,james.davis@company.com,(436) 786-3151,Active
EMP023504,Emily,Moore,Emily Moore,32,Finance,Director,New York,69721.42,5492.78,2023-12-22,8,63.2,emily.moore@company.com,(468) 332-1246,Active
EMP023505,Emily,Williams,Emily Williams,52,Legal,Lead,New York,109232.01,6929.29,2020-09-06,28,57.2,emily.williams@company.com,(734) 590-3073,Active
EMP023506,Robert,Williams,Robert Williams,54,Marketing,Manager,Boston,107918.97,16143.34,2022-12-05,29,81.0,robert.williams@company.com,(652) 934-5283,Active
EMP023507,Amanda,Brown,Amanda Brown,35,Marketing,Director,New York,64611.93,8926.92,2021-02-22,8,82.4,amanda.brown@company.com,(698) 448-4741,Active
EMP023508,Amanda,Jackson,Amanda Jackson,64,HR,Associate,Chicago,77265.36,1222.61,2020-03-08,37,100.0,amanda.jackson@company.com,(837) 954-2115,Active
EMP023509,Christopher,Taylor,Christopher Taylor,59,HR,Manager,New York,112118.5,4694.48,2024-10-28,36,78.3,christopher.taylor@company.com,(205) 277-9669,Active
EMP023510,Daniel,Martinez,Daniel Martinez,65,Finance,Associate,Los Angeles,105523.09,7908.36,2020-10-20,42,71.4,daniel.martinez@company.com,(411) 480-4181,Active
EMP023511,Anthony,Anderson,Anthony Anderson,45,Marketing,Senior Developer,Seattle,43312.32,2577.26,2024-08-31,22,74.2,anthony.anderson@company.com,(454) 777-6839,Active
EMP023512,Anthony,Martin,Anthony Martin,61,IT,Associate,Chicago,95087.72,7222.33,2020-04-26,32,71.5,anthony.martin@company.com,(989) 387-1888,Active
EMP023513,Daniel,Thomas,Daniel Thomas,47,Sales,Director,Chicago,85942.66,15530.22,2024-02-13,18,83.3,daniel.thomas@company.com,(252) 727-8830,Active
EMP023514,William,Rodriguez,William Rodriguez,47,Engineering,Manager,Seattle,122768.63,12817.32,2024-06-10,25,60.9,william.rodriguez@company.com,(440) 813-4545,Active
EMP023515,Jane,Moore,Jane Moore,55,Operations,Lead,Miami,62761.37,5869.37,2023-08-22,27,63.6,jane.moore@company.com,(710) 320-9576,Active
EMP023516,Robert,Jones,Robert Jones,36,Marketing,Senior Developer,Austin,57537.98,7463.74,2024-12-02,10,100.0,robert.jones@company.com,(734) 646-9687,Active
EMP023517,William,Davis,William Davis,65,HR,Senior Developer,Miami,108813.4,8802.06,2021-02-08,42,84.6,william.davis@company.com,(982) 282-7071,Active
EMP023518,David,Thomas,David Thomas,30,Finance,Manager,New York,64481.76,5149.11,2023-05-09,8,67.8,david.thomas@company.com,(406) 473-5245,Inactive
EMP023519,Sarah,Williams,Sarah Williams,52,IT,Associate,Los Angeles,114774.42,11977.37,2020-03-06,25,85.5,sarah.williams@company.com,(711) 718-1681,Active
EMP023520,William,Wilson,William Wilson,61,Engineering,Director,Austin,120413.9,14894.61,2024-02-26,33,100.0,william.wilson@company.com,(548) 743-2667,Active
EMP023521,Stephanie,Wilson,Stephanie Wilson,44,Legal,Manager,San Francisco,124834.64,11754.51,2020-01-18,17,81.8,stephanie.wilson@company.com,(721) 488-5197,Active
EMP023522,Anthony,Brown,Anthony Brown,50,Sales,Director,San Francisco,86421.63,10329.21,2023-05-15,28,79.1,anthony.brown@company.com,(648) 467-3986,Active
EMP023523,Melissa,Davis,Melissa Davis,24,Legal,Associate,New York,54393.84,4168.65,2020-04-20,0,71.1,melissa.davis@company.com,(291) 805-3066,Active
EMP023524,David,Smith,David Smith,58,Engineering,Associate,Seattle,85905.87,16013.52,2021-01-17,31,97.3,david.smith@company.com,(873) 380-9164,Active
EMP023525,Matthew,Rodriguez,Matthew Rodriguez,50,Finance,Specialist,Miami,95591.15,7868.89,2022-07-24,23,75.6,matthew.rodriguez@company.com,(537) 216-4473,Active
EMP023526,John,Anderson,John Anderson,40,Marketing,Specialist,Miami,39356.8,5769.66,2022-02-19,11,89.6,john.anderson@company.com,(984) 262-6345,Active
EMP023527,Nicole,Johnson,Nicole Johnson,27,HR,Manager,Boston,52398.12,8940.0,2021-02-20,5,68.8,nicole.johnson@company.com,(848) 383-5014,Active
EMP023528,Ashley,Wilson,Ashley Wilson,34,Operations,Lead,Seattle,76901.24,3279.93,2020-01-29,11,76.4,ashley.wilson@company.com,(525) 272-9235,Active
EMP023529,Daniel,Gonzalez,Daniel Gonzalez,32,Sales,Manager,San Francisco,79365.01,10917.26,2021-05-04,3,73.9,daniel.gonzalez@company.com,(561) 564-2858,Active
EMP023530,Ashley,Anderson,Ashley Anderson,46,Sales,Lead,San Francisco,86214.89,12347.41,2023-05-26,24,92.6,ashley.anderson@company.com,(637) 767-9793,Active
EMP023531,Emily,Smith,Emily Smith,25,Legal,Senior Developer,Chicago,48979.7,4597.68,2024-04-04,0,58.8,emily.smith@company.com,(554) 353-5434,Active
EMP023532,Jane,Rodriguez,Jane Rodriguez,64,Engineering,Analyst,Boston,92964.47,13454.23,2023-08-01,39,64.4,jane.rodriguez@company.com,(456) 221-2499,Active
EMP023533,John,Anderson,John Anderson,30,Operations,Senior Developer,Seattle,72362.0,10230.93,2024-01-03,3,90.2,john.anderson@company.com,(276) 688-3286,Active
EMP023534,Daniel,Jackson,Daniel Jackson,22,Marketing,Associate,Austin,53581.75,7340.76,2023-06-22,0,87.8,daniel.jackson@company.com,(718) 345-7777,Active
EMP023535,Michael,Martinez,Michael Martinez,54,IT,Analyst,Los Angeles,112091.91,8144.66,2024-05-18,29,56.8,michael.martinez@company.com,(589) 246-3234,Active
EMP023536,David,Lopez,David Lopez,37,Legal,Analyst,New York,109772.99,11498.4,2024-06-26,9,68.8,david.lopez@company.com,(995) 962-7844,Active
EMP023537,Jane,Wilson,Jane Wilson,34,Finance,Manager,Los Angeles,65041.15,11125.52,2024-09-11,9,78.2,jane.wilson@company.com,(305) 649-8633,Active
EMP023538,Ashley,Thomas,Ashley Thomas,28,Sales,Coordinator,Boston,52073.79,6630.97,2023-10-14,0,79.7,ashley.thomas@company.com,(843) 509-7909,Inactive
EMP023539,John,Jackson,John Jackson,45,Sales,Coordinator,Chicago,54256.58,11653.41,2022-10-19,20,89.1,john.jackson@company.com,(220) 834-1342,Active
EMP023540,Amanda,Smith,Amanda Smith,40,HR,Associate,Miami,84532.48,2033.95,2021-06-14,17,80.3,amanda.smith@company.com,(462) 720-4724,Active
EMP023541,Stephanie,Williams,Stephanie Williams,45,Finance,Associate,Chicago,73866.79,5565.09,2024-09-21,17,76.3,stephanie.williams@company.com,(965) 714-8275,Active
EMP023542,Melissa,Martinez,Melissa Martinez,47,HR,Coordinator,Chicago,63619.24,8021.27,2024-07-08,25,100.0,melissa.martinez@company.com,(200) 349-1070,Active
EMP023543,Ashley,Taylor,Ashley Taylor,26,HR,Director,Boston,52535.76,4167.24,2022-02-21,4,87.6,ashley.taylor@company.com,(997) 240-7021,Active
EMP023544,Sarah,Gonzalez,Sarah Gonzalez,44,Engineering,Senior Developer,Los Angeles,86002.63,10978.73,2023-09-01,16,85.3,sarah.gonzalez@company.com,(388) 839-4496,Active
EMP023545,John,Martin,John Martin,39,Finance,Specialist,Seattle,109728.37,17900.6,2020-09-01,13,66.3,john.martin@company.com,(995) 496-1307,Active
EMP023546,William,Rodriguez,William Rodriguez,47,Legal,Coordinator,Miami,93138.36,10163.11,2024-12-06,23,79.5,william.rodriguez@company.com,(986) 765-7456,Active
EMP023547,William,Rodriguez,William Rodriguez,39,Legal,Senior Developer,Boston,107745.2,11105.07,2024-06-11,17,75.9,william.rodriguez@company.com,(276) 779-7846,Inactive
EMP023548,Anthony,Davis,Anthony Davis,58,Legal,Director,Chicago,93408.41,6738.25,2024-05-05,30,83.6,anthony.davis@company.com,(425) 929-6889,Active
EMP023549,Daniel,Gonzalez,Daniel Gonzalez,39,IT,Coordinator,Miami,89509.9,13292.12,2020-04-21,11,71.5,daniel.gonzalez@company.com,(983) 265-9138,Active
EMP023550,James,Garcia,James Garcia,40,Engineering,Analyst,New York,94679.41,7245.69,2020-10-07,14,83.2,james.garcia@company.com,(833) 967-9615,Active
EMP023551,Jessica,Miller,Jessica Miller,51,Legal,Director,Seattle,82271.48,8304.27,2022-11-05,29,51.2,jessica.miller@company.com,(331) 479-5763,Inactive
EMP023552,Melissa,Martinez,Melissa Martinez,52,Marketing,Specialist,Boston,99609.64,5252.19,2022-08-17,24,84.5,melissa.martinez@company.com,(992) 246-3796,Active
EMP023553,David,Martin,David Martin,50,Engineering,Specialist,Seattle,139237.82,14549.84,2020-01-03,25,100.0,david.martin@company.com,(456) 773-6816,Active
EMP023554,Ashley,Davis,Ashley Davis,30,Marketing,Associate,Miami,60890.35,9462.44,2021-05-08,3,79.4,ashley.davis@company.com,(314) 943-6815,Inactive
EMP023555,Robert,Smith,Robert Smith,24,Legal,Director,Seattle,43772.38,1678.03,2020-06-01,0,67.9,robert.smith@company.com,(907) 862-6957,Active
EMP023556,Jessica,Rodriguez,Jessica Rodriguez,27,Marketing,Analyst,Miami,28500.0,7052.41,2021-08-11,0,78.9,jessica.rodriguez@company.com,(772) 662-4139,Inactive
EMP023557,Daniel,Thomas,Daniel Thomas,55,Operations,Associate,Austin,88884.9,11345.5,2022-11-10,31,83.0,daniel.thomas@company.com,(462) 407-6662,Inactive
EMP023558,Stephanie,Johnson,Stephanie Johnson,31,IT,Analyst,Miami,77258.16,4462.43,2020-05-12,6,73.6,stephanie.johnson@company.com,(232) 539-6144,Active
EMP023559,Matthew,Wilson,Matthew Wilson,55,Engineering,Coordinator,New York,107320.09,10066.63,2022-12-03,29,84.0,matthew.wilson@company.com,(903) 993-6983,Active
EMP023560,William,Lopez,William Lopez,57,Legal,Associate,Austin,108969.75,16741.44,2021-05-27,32,63.9,william.lopez@company.com,(473) 582-2327,Inactive
EMP023561,Emily,Johnson,Emily Johnson,50,Legal,Manager,New York,105627.19,13031.49,2023-01-23,24,85.2,emily.johnson@company.com,(352) 536-2568,Active
EMP023562,Lisa,Brown,Lisa Brown,23,Engineering,Manager,Seattle,62320.24,4882.81,2024-08-08,0,70.4,lisa.brown@company.com,(264) 983-5030,Active
EMP023563,James,Anderson,James Anderson,31,Sales,Lead,New York,73927.8,1926.79,2021-03-01,8,86.0,james.anderson@company.com,(468) 872-4021,On Leave
EMP023564,Matthew,Gonzalez,Matthew Gonzalez,24,Finance,Specialist,Los Angeles,68322.32,3225.57,2022-09-21,0,92.4,matthew.gonzalez@company.com,(236) 755-6673,Active
EMP023565,Ashley,Williams,Ashley Williams,37,HR,Coordinator,Seattle,56316.62,4403.8,2020-04-07,13,69.1,ashley.williams@company.com,(488) 625-7568,Active
EMP023566,Emily,Johnson,Emily Johnson,56,HR,Manager,Los Angeles,77400.2,7054.39,2022-10-03,29,81.6,emily.johnson@company.com,(702) 500-7980,Active
EMP023567,Christopher,Moore,Christopher Moore,56,HR,Associate,New York,90316.32,9409.13,2023-12-15,32,85.7,christopher.moore@company.com,(497) 946-7850,Active
EMP023568,Melissa,Garcia,Melissa Garcia,45,Legal,Specialist,Boston,79991.02,2484.76,2023-03-21,19,69.8,melissa.garcia@company.com,(435) 262-2516,Active
EMP023569,Matthew,Anderson,Matthew Anderson,49,Operations,Lead,New York,51990.45,4022.1,2024-07-29,20,91.7,matthew.anderson@company.com,(607) 397-4932,Active
EMP023570,Christopher,Taylor,Christopher Taylor,39,Marketing,Associate,Seattle,57514.82,2346.06,2024-08-01,16,100.0,christopher.taylor@company.com,(714) 597-4316,On Leave
EMP023571,Emily,Williams,Emily Williams,54,HR,Director,Los Angeles,75680.8,6083.92,2024-05-27,28,68.1,emily.williams@company.com,(432) 467-5315,Active
EMP023572,Christopher,Miller,Christopher Miller,53,Finance,Lead,Boston,86747.48,5975.51,2023-03-14,31,55.5,christopher.miller@company.com,(576) 438-2245,Active
EMP023573,Lisa,Hernandez,Lisa Hernandez,62,Finance,Director,Miami,82106.31,9260.63,2020-04-10,36,54.7,lisa.hernandez@company.com,(415) 859-7622,Active
EMP023574,Michael,Wilson,Michael Wilson,60,Marketing,Associate,San Francisco,91437.83,6397.87,2023-05-15,31,80.2,michael.wilson@company.com,(504) 618-7694,Active
EMP023575,Matthew,Williams,Matthew Williams,59,IT,Specialist,Seattle,122982.59,11497.74,2022-11-06,37,57.8,matthew.williams@company.com,(618) 969-5084,Inactive
EMP023576,Christopher,Garcia,Christopher Garcia,42,IT,Analyst,Miami,74797.68,6543.78,2024-04-22,16,63.6,christopher.garcia@company.com,(545) 589-9352,Active
EMP023577,Christopher,Martin,Christopher Martin,61,Marketing,Coordinator,Miami,99218.35,10256.96,2021-03-15,38,69.1,christopher.martin@company.com,(340) 621-2832,Active
EMP023578,James,Hernandez,James Hernandez,35,Sales,Coordinator,Los Angeles,74055.62,11002.75,2020-10-27,10,74.3,james.hernandez@company.com,(976) 778-7775,On Leave
EMP023579,Amanda,Miller,Amanda Miller,51,IT,Analyst,Boston,83832.5,1090.89,2020-11-21,24,76.1,amanda.miller@company.com,(457) 400-9609,Active
EMP023580,Amanda,Wilson,Amanda Wilson,56,Marketing,Associate,Boston,93104.42,7832.52,2023-12-06,32,80.3,amanda.wilson@company.com,(612) 949-6427,Inactive
EMP023581,Stephanie,Moore,Stephanie Moore,29,Marketing,Senior Developer,San Francisco,56629.34,4427.29,2022-05-06,1,56.4,stephanie.moore@company.com,(519) 273-6887,Active
EMP023582,John,Jackson,John Jackson,29,Legal,Lead,Austin,86201.5,9445.35,2023-10-03,4,70.5,john.jackson@company.com,(255) 784-1087,Inactive
EMP023583,John,Jones,John Jones,35,Engineering,Manager,Austin,84911.86,16061.44,2021-12-28,10,77.9,john.jones@company.com,(968) 320-3917,Active
EMP023584,James,Rodriguez,James Rodriguez,46,IT,Senior Developer,Austin,95381.42,12138.44,2024-09-03,19,79.1,james.rodriguez@company.com,(668) 515-6566,Active
EMP023585,Sarah,Martin,Sarah Martin,46,HR,Associate,Miami,53435.3,4662.94,2023-01-21,20,70.0,sarah.martin@company.com,(779) 202-8152,On Leave
EMP023586,Ashley,Lopez,Ashley Lopez,42,IT,Director,Seattle,76065.44,10014.25,2021-02-28,20,56.0,ashley.lopez@company.com,(353) 227-8286,Active
EMP023587,Daniel,Johnson,Daniel Johnson,63,Marketing,Manager,Miami,100304.63,11516.78,2021-10-12,35,70.7,daniel.johnson@company.com,(611) 999-2557,Active
EMP023588,Jane,Thomas,Jane Thomas,51,Operations,Coordinator,Miami,70178.77,7940.48,2022-12-01,25,85.0,jane.thomas@company.com,(787) 813-5947,Active
EMP023589,Lisa,Garcia,Lisa Garcia,28,Sales,Associate,San Francisco,58973.22,10062.48,2020-10-11,6,63.0,lisa.garcia@company.com,(355) 891-2103,Active
EMP023590,John,Davis,John Davis,47,IT,Director,New York,97556.43,14384.46,2020-12-30,22,100.0,john.davis@company.com,(841) 602-3650,Inactive
EMP023591,John,Johnson,John Johnson,29,Sales,Senior Developer,Boston,50159.12,6379.07,2024-01-30,2,61.2,john.johnson@company.com,(355) 247-9323,Active
EMP023592,Emily,Anderson,Emily Anderson,38,Operations,Senior Developer,Seattle,84731.31,15013.04,2020-06-25,12,65.2,emily.anderson@company.com,(540) 973-7543,Active
EMP023593,Daniel,Lopez,Daniel Lopez,50,Finance,Coordinator,Boston,103163.96,6360.37,2022-02-27,26,94.7,daniel.lopez@company.com,(253) 405-3050,On Leave
EMP023594,Melissa,Garcia,Melissa Garcia,54,Legal,Specialist,Boston,75056.64,9420.24,2020-09-17,25,85.3,melissa.garcia@company.com,(462) 631-6746,Active
EMP023595,John,Williams,John Williams,65,Engineering,Manager,New York,118029.82,6668.46,2024-10-17,41,66.2,john.williams@company.com,(851) 714-1120,Inactive
EMP023596,Jane,Martinez,Jane Martinez,42,HR,Senior Developer,Austin,71278.04,8415.76,2024-05-10,13,53.2,jane.martinez@company.com,(295) 819-4893,Active
EMP023597,Daniel,Wilson,Daniel Wilson,44,IT,Lead,Boston,99310.28,14531.39,2020-07-23,21,48.0,daniel.wilson@company.com,(910) 842-8060,Active
EMP023598,Melissa,Miller,Melissa Miller,54,Sales,Analyst,San Francisco,92557.84,7084.5,2021-11-15,28,76.9,melissa.miller@company.com,(597) 505-1780,Active
EMP023599,Jane,Martin,Jane Martin,50,Legal,Lead,Miami,121842.8,10084.34,2023-09-22,27,65.3,jane.martin@company.com,(848) 427-9923,Active
EMP023600,William,Thomas,William Thomas,56,Legal,Director,Austin,81024.66,13201.93,2020-12-22,29,81.4,william.thomas@company.com,(667) 675-3056,Active
EMP023601,David,Moore,David Moore,60,Sales,Associate,Seattle,71233.78,14922.27,2024-11-11,33,88.6,david.moore@company.com,(236) 385-4398,Active
EMP023602,Christopher,Gonzalez,Christopher Gonzalez,43,Engineering,Associate,Seattle,90659.4,3348.77,2022-07-14,21,83.1,christopher.gonzalez@company.com,(592) 397-3560,Active
EMP023603,Daniel,Brown,Daniel Brown,50,Sales,Lead,Chicago,86071.53,8633.18,2020-01-01,24,71.3,daniel.brown@company.com,(225) 441-8661,Active
EMP023604,Emily,Miller,Emily Miller,61,IT,Analyst,Boston,100855.5,7656.35,2023-11-13,35,55.6,emily.miller@company.com,(382) 529-4118,Active
EMP023605,Melissa,Smith,Melissa Smith,41,Sales,Coordinator,San Francisco,72209.88,0.0,2023-09-19,14,54.3,melissa.smith@company.com,(233) 630-6715,Inactive
EMP023606,Nicole,Taylor,Nicole Taylor,51,Sales,Senior Developer,Austin,73752.9,6610.99,2022-07-23,27,59.6,nicole.taylor@company.com,(763) 750-7308,Active
EMP023607,Sarah,Anderson,Sarah Anderson,63,Sales,Manager,San Francisco,85215.68,7018.61,2022-04-02,36,82.5,sarah.anderson@company.com,(246) 764-5385,Active
EMP023608,James,Brown,James Brown,57,IT,Analyst,Austin,116781.83,12279.68,2020-09-11,30,78.4,james.brown@company.com,(800) 926-3553,Active
EMP023609,Daniel,Williams,Daniel Williams,41,Finance,Associate,Los Angeles,82403.86,10308.74,2020-01-23,19,88.3,daniel.williams@company.com,(304) 726-6897,Inactive
EMP023610,Jessica,Lopez,Jessica Lopez,57,Engineering,Lead,New York,90589.98,10378.43,2023-07-22,31,77.5,jessica.lopez@company.com,(307) 588-1145,On Leave
EMP023611,David,Jackson,David Jackson,64,Legal,Senior Developer,Los Angeles,116142.13,6662.06,2020-04-25,36,69.4,david.jackson@company.com,(569) 650-4235,Active
EMP023612,Daniel,Lopez,Daniel Lopez,64,Operations,Manager,Chicago,84269.8,11506.62,2023-03-16,36,75.7,daniel.lopez@company.com,(429) 228-3085,Active
EMP023613,William,Brown,William Brown,59,Operations,Manager,Los Angeles,68533.48,11978.51,2023-07-18,30,40.6,william.brown@company.com,(952) 709-5262,Inactive
EMP023614,Lisa,Smith,Lisa Smith,29,Legal,Lead,New York,65992.35,3324.8,2024-03-13,3,73.1,lisa.smith@company.com,(997) 835-3800,Active
EMP023615,Anthony,Smith,Anthony Smith,47,Operations,Manager,Chicago,60076.77,4035.46,2020-03-24,23,69.2,anthony.smith@company.com,(608) 479-1037,Active
EMP023616,Nicole,Garcia,Nicole Garcia,58,Sales,Specialist,Boston,78568.17,8888.12,2022-09-30,34,93.7,nicole.garcia@company.com,(365) 783-8048,Active
EMP023617,Nicole,Martin,Nicole Martin,53,HR,Analyst,Austin,60726.13,5660.25,2022-08-02,31,100.0,nicole.martin@company.com,(631) 776-5662,Active
EMP023618,Jessica,Davis,Jessica Davis,59,Engineering,Coordinator,Seattle,111870.78,15158.6,2024-04-06,31,94.9,jessica.davis@company.com,(228) 543-9719,Active
EMP023619,Daniel,Johnson,Daniel Johnson,64,HR,Manager,Boston,77268.31,9606.48,2020-10-20,39,66.2,daniel.johnson@company.com,(800) 726-4418,Inactive
EMP023620,John,Taylor,John Taylor,29,Marketing,Associate,Boston,65117.22,5361.82,2024-10-05,3,60.2,john.taylor@company.com,(303) 823-5868,Active
EMP023621,Ashley,Lopez,Ashley Lopez,61,HR,Manager,Los Angeles,60920.52,5160.55,2024-06-28,35,82.3,ashley.lopez@company.com,(483) 364-4581,Active
EMP023622,Lisa,Lopez,Lisa Lopez,46,Marketing,Manager,Miami,76195.35,13474.18,2023-09-27,22,97.9,lisa.lopez@company.com,(260) 744-2935,Active
EMP023623,John,Lopez,John Lopez,57,Finance,Lead,New York,98844.22,3790.08,2021-10-05,29,65.0,john.lopez@company.com,(966) 751-8629,Active
EMP023624,Nicole,Brown,Nicole Brown,29,Engineering,Analyst,Seattle,98713.01,11527.63,2022-01-16,3,63.3,nicole.brown@company.com,(406) 497-4872,Active
EMP023625,Lisa,Gonzalez,Lisa Gonzalez,26,Operations,Analyst,Boston,77979.99,11277.26,2024-07-07,0,75.3,lisa.gonzalez@company.com,(972) 860-7938,Active
EMP023626,Michael,Moore,Michael Moore,51,Marketing,Analyst,Miami,95313.29,13808.06,2021-07-10,23,95.0,michael.moore@company.com,(838) 618-6415,Active
EMP023627,Christopher,Lopez,Christopher Lopez,46,HR,Associate,Austin,41845.75,0.0,2024-06-25,18,100.0,christopher.lopez@company.com,(640) 630-1586,Active
EMP023628,Robert,Lopez,Robert Lopez,34,Operations,Analyst,Miami,60747.75,10046.41,2020-05-08,10,68.1,robert.lopez@company.com,(957) 239-1345,Inactive
EMP023629,William,Wilson,William Wilson,34,Sales,Manager,Austin,78533.81,4798.31,2021-10-03,12,83.5,william.wilson@company.com,(580) 391-6796,Active
EMP023630,Daniel,Wilson,Daniel Wilson,50,Sales,Senior Developer,Miami,51068.8,1630.0,2020-11-26,25,78.3,daniel.wilson@company.com,(747) 518-9512,Active
EMP023631,William,Garcia,William Garcia,49,Legal,Associate,Austin,71243.93,1286.05,2021-06-22,23,74.8,william.garcia@company.com,(730) 809-5799,Active
EMP023632,Amanda,Jones,Amanda Jones,44,IT,Director,Chicago,94291.82,5333.1,2024-11-28,22,73.3,amanda.jones@company.com,(990) 299-3593,Active
EMP023633,Anthony,Taylor,Anthony Taylor,33,IT,Director,Los Angeles,49316.76,10745.6,2023-04-06,5,69.5,anthony.taylor@company.com,(528) 405-6405,Active
EMP023634,Christopher,Rodriguez,Christopher Rodriguez,30,Marketing,Senior Developer,Miami,77003.06,9098.64,2023-12-29,1,80.7,christopher.rodriguez@company.com,(478) 311-3623,Active
EMP023635,Anthony,Garcia,Anthony Garcia,42,Finance,Lead,Los Angeles,69410.24,5379.58,2020-07-22,13,82.7,anthony.garcia@company.com,(411) 381-5739,Active
EMP023636,Sarah,Williams,Sarah Williams,57,Sales,Associate,Boston,83330.35,8650.99,2020-11-15,29,61.4,sarah.williams@company.com,(310) 382-2024,Active
EMP023637,Anthony,Miller,Anthony Miller,33,IT,Lead,New York,79389.5,8730.1,2021-05-20,4,66.3,anthony.miller@company.com,(999) 207-6772,Active
EMP023638,Christopher,Rodriguez,Christopher Rodriguez,60,Finance,Senior Developer,Miami,75829.44,11284.23,2021-04-08,34,48.9,christopher.rodriguez@company.com,(385) 468-5481,Active
EMP023639,James,Hernandez,James Hernandez,35,Finance,Lead,Chicago,77237.66,8349.88,2022-09-02,8,87.8,james.hernandez@company.com,(441) 710-6641,Inactive
EMP023640,James,Anderson,James Anderson,45,Marketing,Lead,Austin,82329.21,9261.24,2020-01-13,20,65.2,james.anderson@company.com,(954) 917-4804,Active
EMP023641,James,Davis,James Davis,40,Operations,Specialist,Miami,65698.61,5255.55,2020-01-17,18,49.4,james.davis@company.com,(300) 894-6822,Active
EMP023642,William,Smith,William Smith,65,Sales,Coordinator,Los Angeles,87889.12,9709.59,2021-07-06,40,63.3,william.smith@company.com,(873) 803-5111,Active
EMP023643,Matthew,Garcia,Matthew Garcia,57,IT,Specialist,New York,123547.74,3959.76,2024-10-28,30,75.2,matthew.garcia@company.com,(245) 257-9414,Inactive
EMP023644,Stephanie,Brown,Stephanie Brown,58,HR,Director,Boston,88790.28,16786.09,2021-04-01,32,73.8,stephanie.brown@company.com,(599) 383-9013,On Leave
EMP023645,David,Wilson,David Wilson,45,HR,Analyst,San Francisco,66126.96,5624.85,2023-11-23,16,71.1,david.wilson@company.com,(515) 650-1416,Active
EMP023646,Amanda,Miller,Amanda Miller,64,Finance,Analyst,Boston,111389.1,15632.69,2020-08-28,36,74.4,amanda.miller@company.com,(225) 302-7429,Active
EMP023647,Sarah,Davis,Sarah Davis,62,Finance,Lead,Boston,117934.03,17054.02,2022-07-21,38,77.4,sarah.davis@company.com,(519) 678-8898,Active
EMP023648,Lisa,Johnson,Lisa Johnson,29,Finance,Specialist,Austin,46135.13,3293.06,2024-06-03,5,74.3,lisa.johnson@company.com,(257) 483-5159,Active
EMP023649,Amanda,Martin,Amanda Martin,40,Sales,Lead,Seattle,90467.47,13894.26,2022-04-02,14,88.5,amanda.martin@company.com,(892) 662-8445,Active
EMP023650,James,Martin,James Martin,65,Marketing,Coordinator,Chicago,68907.74,8465.79,2021-12-27,41,81.1,james.martin@company.com,(266) 451-5093,Active
EMP023651,Lisa,Hernandez,Lisa Hernandez,29,Sales,Manager,Chicago,81628.66,10314.29,2020-05-08,4,67.0,lisa.hernandez@company.com,(689) 698-5839,Active
EMP023652,Daniel,Williams,Daniel Williams,47,Marketing,Lead,San Francisco,76635.41,5987.89,2023-11-30,19,93.4,daniel.williams@company.com,(495) 660-3888,Active
EMP023653,Ashley,Davis,Ashley Davis,59,Sales,Associate,Seattle,78937.63,7201.24,2022-10-30,31,100.0,ashley.davis@company.com,(731) 684-1795,Active
EMP023654,Lisa,Jones,Lisa Jones,22,Sales,Associate,San Francisco,67754.02,8272.58,2020-03-10,0,79.3,lisa.jones@company.com,(553) 288-2564,Active
EMP023655,Jessica,Wilson,Jessica Wilson,22,Operations,Lead,Chicago,46711.58,4650.18,2023-08-10,0,78.4,jessica.wilson@company.com,(913) 613-6176,Active
EMP023656,Ashley,Hernandez,Ashley Hernandez,47,Marketing,Senior Developer,San Francisco,66466.4,4418.9,2022-09-14,23,47.6,ashley.hernandez@company.com,(997) 804-1727,Active
EMP023657,Emily,Hernandez,Emily Hernandez,32,Operations,Manager,Seattle,81063.85,3565.8,2020-04-11,6,84.2,emily.hernandez@company.com,(421) 387-3429,Active
EMP023658,Stephanie,Garcia,Stephanie Garcia,47,Finance,Lead,Los Angeles,87531.4,2134.85,2024-07-04,21,81.4,stephanie.garcia@company.com,(738) 297-6487,Inactive
EMP023659,Stephanie,Moore,Stephanie Moore,54,HR,Coordinator,Los Angeles,76152.56,6146.55,2023-05-11,32,68.4,stephanie.moore@company.com,(441) 218-7651,Active
EMP023660,Michael,Williams,Michael Williams,42,Finance,Coordinator,New York,84685.18,0.0,2022-08-31,14,66.2,michael.williams@company.com,(313) 332-1884,Active
EMP023661,Matthew,Johnson,Matthew Johnson,43,Operations,Lead,Boston,42786.38,1798.42,2021-12-18,19,60.3,matthew.johnson@company.com,(251) 861-9222,Active
EMP023662,Matthew,Johnson,Matthew Johnson,52,Engineering,Lead,San Francisco,124931.45,9291.75,2024-05-22,25,81.0,matthew.johnson@company.com,(899) 957-1561,Active
EMP023663,Nicole,Jones,Nicole Jones,51,Sales,Lead,Los Angeles,68054.25,8552.53,2021-11-29,22,55.5,nicole.jones@company.com,(843) 630-8592,Active
EMP023664,Lisa,Garcia,Lisa Garcia,40,Operations,Analyst,New York,46118.89,764.83,2024-08-22,17,79.3,lisa.garcia@company.com,(741) 692-1643,Active
EMP023665,Emily,Garcia,Emily Garcia,49,IT,Analyst,Seattle,88740.64,10586.41,2021-05-17,23,74.7,emily.garcia@company.com,(381) 524-5736,Active
EMP023666,Jane,Smith,Jane Smith,59,IT,Lead,New York,105639.49,11094.78,2023-02-28,33,95.6,jane.smith@company.com,(902) 841-6953,On Leave
EMP023667,Nicole,Miller,Nicole Miller,46,IT,Lead,Los Angeles,86486.18,16188.87,2024-08-26,19,69.9,nicole.miller@company.com,(531) 334-4745,Active
EMP023668,Robert,Brown,Robert Brown,50,Operations,Associate,Los Angeles,58819.3,10050.45,2024-05-10,27,81.7,robert.brown@company.com,(394) 444-6635,Active
EMP023669,Melissa,Gonzalez,Melissa Gonzalez,26,Sales,Director,New York,69609.54,8497.81,2020-04-10,0,66.4,melissa.gonzalez@company.com,(781) 426-3971,Active
EMP023670,Robert,Lopez,Robert Lopez,44,Sales,Coordinator,Boston,99028.26,15653.36,2021-09-12,20,82.5,robert.lopez@company.com,(433) 918-6303,Active
EMP023671,Matthew,Martinez,Matthew Martinez,63,IT,Analyst,San Francisco,104238.48,10855.9,2022-04-25,35,93.4,matthew.martinez@company.com,(363) 258-4553,Active
EMP023672,Robert,Taylor,Robert Taylor,23,HR,Manager,New York,45110.68,1585.6,2024-10-07,0,100.0,robert.taylor@company.com,(813) 278-4362,Active
EMP023673,Robert,Rodriguez,Robert Rodriguez,28,HR,Manager,Austin,58004.1,11258.82,2023-12-25,4,79.6,robert.rodriguez@company.com,(210) 502-4788,Active
EMP023674,Ashley,Moore,Ashley Moore,38,Sales,Analyst,San Francisco,92567.9,2038.7,2022-06-25,9,64.8,ashley.moore@company.com,(967) 554-3584,Active
EMP023675,Amanda,Smith,Amanda Smith,36,HR,Analyst,Seattle,72783.74,2724.59,2021-06-27,13,63.9,amanda.smith@company.com,(926) 509-6520,Active
EMP023676,Emily,Rodriguez,Emily Rodriguez,53,Legal,Analyst,Chicago,145531.23,27970.94,2020-11-11,25,81.7,emily.rodriguez@company.com,(977) 664-8757,Active
EMP023677,Ashley,Anderson,Ashley Anderson,26,Marketing,Senior Developer,Seattle,52559.58,6957.37,2023-05-10,1,69.6,ashley.anderson@company.com,(405) 291-2762,Active
EMP023678,Melissa,Miller,Melissa Miller,43,Operations,Associate,Austin,66678.48,9917.19,2024-02-25,19,67.4,melissa.miller@company.com,(208) 610-2988,Active
EMP023679,Amanda,Taylor,Amanda Taylor,48,Marketing,Senior Developer,New York,60358.58,8557.21,2020-01-09,20,65.6,amanda.taylor@company.com,(725) 692-8158,Active
EMP023680,Lisa,Rodriguez,Lisa Rodriguez,43,Engineering,Coordinator,Miami,69016.16,11465.36,2020-09-28,16,60.1,lisa.rodriguez@company.com,(203) 651-7591,Active
EMP023681,Matthew,Wilson,Matthew Wilson,60,Finance,Director,Seattle,97897.31,14447.44,2020-07-03,34,63.4,matthew.wilson@company.com,(486) 261-2787,On Leave
EMP023682,Matthew,Jones,Matthew Jones,53,Finance,Specialist,Boston,87979.01,0.0,2021-01-19,28,79.1,matthew.jones@company.com,(855) 205-7558,Active
EMP023683,James,Jones,James Jones,26,Sales,Associate,Seattle,50946.58,56.25,2021-05-23,2,80.7,james.jones@company.com,(736) 342-4529,On Leave
EMP023684,Daniel,Wilson,Daniel Wilson,48,Marketing,Senior Developer,San Francisco,84844.84,13347.16,2020-10-22,25,92.0,daniel.wilson@company.com,(847) 662-7825,Inactive
EMP023685,Jane,Taylor,Jane Taylor,52,Engineering,Specialist,Los Angeles,100736.4,8824.69,2023-11-24,29,80.8,jane.taylor@company.com,(451) 674-9942,Active
EMP023686,Emily,Gonzalez,Emily Gonzalez,31,HR,Manager,Chicago,69659.49,5788.59,2024-06-15,6,75.3,emily.gonzalez@company.com,(837) 835-8838,Active
EMP023687,Emily,Jones,Emily Jones,44,Sales,Analyst,Boston,85949.59,13149.39,2023-03-06,21,72.5,emily.jones@company.com,(876) 761-2210,Inactive
EMP023688,James,Anderson,James Anderson,37,Marketing,Coordinator,Los Angeles,65823.55,10412.65,2022-03-19,13,84.9,james.anderson@company.com,(629) 360-9263,Active
EMP023689,John,Johnson,John Johnson,57,Marketing,Specialist,Seattle,86308.1,5635.28,2020-03-21,34,82.9,john.johnson@company.com,(372) 412-6268,Inactive
EMP023690,William,Wilson,William Wilson,59,Sales,Associate,Los Angeles,91920.76,11315.35,2022-03-29,30,76.4,william.wilson@company.com,(561) 447-3248,Active
EMP023691,Stephanie,Hernandez,Stephanie Hernandez,47,Engineering,Coordinator,New York,80767.45,9873.24,2020-12-07,19,84.8,stephanie.hernandez@company.com,(832) 672-4191,Active
EMP023692,William,Brown,William Brown,42,Sales,Specialist,Miami,62009.29,5185.29,2022-06-09,18,91.7,william.brown@company.com,(454) 338-2404,Active
EMP023693,Sarah,Jackson,Sarah Jackson,46,Finance,Manager,Miami,97971.65,7866.33,2024-10-07,18,62.8,sarah.jackson@company.com,(981) 879-9057,Active
EMP023694,Daniel,Gonzalez,Daniel Gonzalez,64,Finance,Analyst,Miami,96890.37,14666.19,2020-03-30,39,68.9,daniel.gonzalez@company.com,(828) 762-6920,Active
EMP023695,William,Johnson,William Johnson,63,Marketing,Lead,Chicago,93575.51,1502.78,2022-03-26,38,48.7,william.johnson@company.com,(498) 589-5657,Inactive
EMP023696,Amanda,Moore,Amanda Moore,62,Finance,Director,Chicago,90142.08,12234.9,2020-06-28,38,70.4,amanda.moore@company.com,(441) 248-3931,Active
EMP023697,Anthony,Moore,Anthony Moore,42,Legal,Manager,Austin,58830.56,8726.96,2022-04-13,16,67.1,anthony.moore@company.com,(790) 488-9827,Active
EMP023698,Amanda,Taylor,Amanda Taylor,54,Sales,Specialist,Boston,86506.7,10068.76,2023-08-08,26,56.2,amanda.taylor@company.com,(509) 967-5613,Active
EMP023699,Lisa,Thomas,Lisa Thomas,57,IT,Senior Developer,Los Angeles,88839.82,15781.27,2022-05-12,30,52.8,lisa.thomas@company.com,(589) 358-6190,Active
EMP023700,Anthony,Brown,Anthony Brown,34,Operations,Senior Developer,Miami,72876.18,7103.13,2021-02-19,11,85.4,anthony.brown@company.com,(800) 872-6203,Active
EMP023701,James,Williams,James Williams,30,Engineering,Director,Chicago,105530.72,16608.73,2023-09-16,6,86.1,james.williams@company.com,(418) 641-8337,Active
EMP023702,James,Garcia,James Garcia,22,HR,Specialist,San Francisco,50618.0,4730.1,2024-12-26,0,89.4,james.garcia@company.com,(983) 857-7873,Active
EMP023703,Lisa,Gonzalez,Lisa Gonzalez,29,Finance,Analyst,Seattle,83785.47,9146.31,2020-02-03,0,78.5,lisa.gonzalez@company.com,(562) 860-1916,Active
EMP023704,Jessica,Williams,Jessica Williams,47,Sales,Senior Developer,New York,87817.44,20508.04,2022-01-28,23,63.8,jessica.williams@company.com,(763) 226-6775,Active
EMP023705,Melissa,Davis,Melissa Davis,63,Finance,Analyst,Miami,101310.4,7275.16,2021-03-06,39,46.4,melissa.davis@company.com,(742) 616-7917,Active
EMP023706,William,Jones,William Jones,23,Legal,Associate,San Francisco,74585.21,7937.88,2023-06-25,0,82.4,william.jones@company.com,(849) 751-4537,Active
EMP023707,Daniel,Brown,Daniel Brown,46,Engineering,Senior Developer,Seattle,131917.01,20351.82,2022-08-23,23,88.3,daniel.brown@company.com,(932) 770-2699,Active
EMP023708,Michael,Anderson,Michael Anderson,34,Engineering,Analyst,New York,87399.3,10287.95,2020-03-05,12,78.4,michael.anderson@company.com,(762) 282-7207,On Leave
EMP023709,Anthony,Rodriguez,Anthony Rodriguez,31,Engineering,Analyst,Seattle,112061.55,4272.24,2021-06-10,5,86.4,anthony.rodriguez@company.com,(244) 349-4003,Active
EMP023710,Michael,Moore,Michael Moore,42,Finance,Analyst,San Francisco,82709.99,10523.86,2023-06-18,20,100.0,michael.moore@company.com,(476) 651-7852,Active
EMP023711,Ashley,Smith,Ashley Smith,55,IT,Specialist,Boston,88849.58,9792.34,2020-02-20,26,66.5,ashley.smith@company.com,(841) 736-3879,Active
EMP023712,Sarah,Davis,Sarah Davis,60,Engineering,Director,New York,92837.45,7573.87,2022-04-20,35,80.0,sarah.davis@company.com,(477) 766-7323,Active
EMP023713,Michael,Rodriguez,Michael Rodriguez,25,Operations,Manager,Chicago,74865.22,11891.56,2020-02-28,3,80.8,michael.rodriguez@company.com,(432) 798-2126,Inactive
EMP023714,Jane,Anderson,Jane Anderson,55,HR,Lead,Austin,77926.09,7044.42,2024-07-30,33,84.1,jane.anderson@company.com,(897) 645-1114,Active
EMP023715,Melissa,Jones,Melissa Jones,22,Operations,Lead,Chicago,45405.48,5085.19,2021-06-17,0,96.9,melissa.jones@company.com,(412) 980-5336,Active
EMP023716,James,Davis,James Davis,41,IT,Associate,Miami,93106.86,9462.02,2020-03-19,14,74.4,james.davis@company.com,(487) 651-9674,Active
EMP023717,Anthony,Davis,Anthony Davis,27,Marketing,Lead,Miami,60139.61,8116.57,2020-10-19,5,69.2,anthony.davis@company.com,(823) 784-3563,Active
EMP023718,William,Lopez,William Lopez,24,Marketing,Coordinator,Austin,60782.43,9049.11,2023-04-04,0,92.6,william.lopez@company.com,(714) 444-3204,Active
EMP023719,Emily,Davis,Emily Davis,33,Sales,Specialist,New York,81811.13,13306.6,2020-09-21,11,87.2,emily.davis@company.com,(411) 226-1678,Active
EMP023720,Christopher,Garcia,Christopher Garcia,58,HR,Director,Los Angeles,77576.23,7296.22,2021-01-18,33,76.7,christopher.garcia@company.com,(379) 396-5534,Active
EMP023721,Melissa,Miller,Melissa Miller,32,Legal,Analyst,Los Angeles,98940.14,11580.22,2021-05-13,7,60.0,melissa.miller@company.com,(939) 444-9607,Active
EMP023722,Anthony,Martin,Anthony Martin,53,Engineering,Senior Developer,Los Angeles,113407.99,10609.95,2024-01-30,27,99.5,anthony.martin@company.com,(929) 554-7631,Active
EMP023723,Lisa,Lopez,Lisa Lopez,65,HR,Associate,Seattle,89570.53,6693.88,2021-11-09,37,71.5,lisa.lopez@company.com,(439) 352-7455,Active
EMP023724,Emily,Lopez,Emily Lopez,28,Marketing,Director,San Francisco,59976.42,8583.21,2022-08-14,4,63.5,emily.lopez@company.com,(620) 759-6947,Active
EMP023725,Emily,Lopez,Emily Lopez,41,Engineering,Director,Austin,116181.72,8315.89,2023-02-12,17,74.7,emily.lopez@company.com,(460) 836-3202,Active
EMP023726,Sarah,Moore,Sarah Moore,35,Finance,Specialist,Boston,91198.61,10704.59,2020-11-13,12,94.1,sarah.moore@company.com,(232) 529-7083,Active
EMP023727,Jane,Lopez,Jane Lopez,63,HR,Coordinator,Los Angeles,91386.36,0.0,2024-07-25,40,42.3,jane.lopez@company.com,(969) 499-5510,Inactive
EMP023728,Nicole,Thomas,Nicole Thomas,32,Operations,Specialist,Miami,59859.33,6912.08,2023-04-26,9,69.7,nicole.thomas@company.com,(284) 816-3042,Active
EMP023729,James,Martinez,James Martinez,63,Operations,Lead,Austin,66080.03,10383.04,2022-07-28,40,58.0,james.martinez@company.com,(686) 240-1202,Active
EMP023730,David,Taylor,David Taylor,61,Marketing,Coordinator,Los Angeles,74416.97,2646.03,2023-11-27,37,100.0,david.taylor@company.com,(214) 925-8101,Active
EMP023731,Emily,Wilson,Emily Wilson,30,Legal,Director,San Francisco,76460.91,10100.41,2023-10-25,8,63.1,emily.wilson@company.com,(415) 780-8975,Active
EMP023732,Matthew,Williams,Matthew Williams,38,Finance,Analyst,Chicago,80271.96,0.0,2022-07-24,15,73.1,matthew.williams@company.com,(987) 526-3508,Active
EMP023733,Daniel,Johnson,Daniel Johnson,61,Sales,Coordinator,Boston,93301.84,1553.74,2020-07-14,35,94.3,daniel.johnson@company.com,(507) 905-9242,Active
EMP023734,Jessica,Jackson,Jessica Jackson,29,IT,Lead,Miami,70120.87,5623.55,2022-02-11,7,78.0,jessica.jackson@company.com,(343) 347-6787,Active
EMP023735,Amanda,Hernandez,Amanda Hernandez,51,Finance,Manager,Austin,95715.91,14781.64,2022-06-23,23,80.6,amanda.hernandez@company.com,(777) 617-1874,Active
EMP023736,John,Miller,John Miller,61,Operations,Specialist,Miami,96410.14,13538.72,2023-11-18,36,74.1,john.miller@company.com,(342) 716-5321,Active
EMP023737,Michael,Jackson,Michael Jackson,35,IT,Senior Developer,Miami,81671.84,7952.97,2022-12-10,10,100.0,michael.jackson@company.com,(792) 434-3238,Active
EMP023738,Nicole,Martin,Nicole Martin,37,Legal,Manager,Austin,129795.42,12124.36,2024-05-05,10,83.9,nicole.martin@company.com,(569) 314-6841,Inactive
EMP023739,Nicole,Taylor,Nicole Taylor,24,Engineering,Senior Developer,Seattle,61696.44,8004.78,2020-11-22,0,47.8,nicole.taylor@company.com,(323) 856-6789,Active
EMP023740,Michael,Davis,Michael Davis,29,Engineering,Director,Miami,115166.45,12469.36,2021-04-17,1,66.4,michael.davis@company.com,(609) 337-2726,On Leave
EMP023741,James,Brown,James Brown,26,Operations,Analyst,Seattle,57955.46,7700.66,2024-10-01,0,55.5,james.brown@company.com,(749) 665-4484,Active
EMP023742,Daniel,Lopez,Daniel Lopez,46,Operations,Senior Developer,Seattle,51434.9,4166.27,2024-10-09,17,63.5,daniel.lopez@company.com,(665) 212-9176,Active
EMP023743,Robert,Moore,Robert Moore,58,IT,Lead,San Francisco,111201.38,8254.31,2020-06-25,35,73.8,robert.moore@company.com,(925) 370-1849,Active
EMP023744,Matthew,Brown,Matthew Brown,29,HR,Specialist,Miami,28265.89,6779.64,2020-03-15,7,77.6,matthew.brown@company.com,(676) 392-1995,Active
EMP023745,Amanda,Jackson,Amanda Jackson,50,HR,Specialist,Los Angeles,76258.06,7029.02,2022-11-20,26,61.9,amanda.jackson@company.com,(443) 876-1426,Active
EMP023746,Robert,Miller,Robert Miller,35,HR,Manager,Miami,48391.78,6306.53,2020-04-05,13,100.0,robert.miller@company.com,(922) 396-4459,Active
EMP023747,David,Gonzalez,David Gonzalez,64,IT,Lead,Los Angeles,109455.56,13703.74,2022-02-18,36,84.8,david.gonzalez@company.com,(399) 400-4069,Active
EMP023748,Amanda,Gonzalez,Amanda Gonzalez,23,Marketing,Associate,Los Angeles,43745.55,7287.81,2020-10-28,0,60.9,amanda.gonzalez@company.com,(862) 459-8253,Active
EMP023749,Jessica,Lopez,Jessica Lopez,30,Marketing,Senior Developer,Chicago,46840.52,1946.74,2023-10-11,3,66.5,jessica.lopez@company.com,(423) 833-5785,Active
EMP023750,Jessica,Brown,Jessica Brown,39,IT,Associate,Miami,72538.84,11022.86,2024-05-30,14,72.5,jessica.brown@company.com,(326) 374-8588,Inactive
EMP023751,Emily,Martin,Emily Martin,29,IT,Specialist,Boston,36464.49,2681.85,2024-07-09,4,79.5,emily.martin@company.com,(307) 212-9115,On Leave
EMP023752,Robert,Johnson,Robert Johnson,44,Engineering,Analyst,Los Angeles,95082.19,11281.63,2023-10-19,17,81.3,robert.johnson@company.com,(954) 634-5597,Active
EMP023753,David,Garcia,David Garcia,48,Finance,Coordinator,New York,104790.44,550.6,2022-10-23,25,80.7,david.garcia@company.com,(443) 543-3597,Active
EMP023754,William,Miller,William Miller,44,Sales,Manager,San Francisco,102897.97,8893.99,2022-07-20,21,95.8,william.miller@company.com,(655) 987-3935,Active
EMP023755,Daniel,Martin,Daniel Martin,25,Legal,Manager,Seattle,97460.28,13072.59,2024-06-02,0,70.3,daniel.martin@company.com,(625) 875-1177,Active
EMP023756,Anthony,Williams,Anthony Williams,30,Finance,Coordinator,Seattle,68396.9,12575.68,2023-09-18,1,73.5,anthony.williams@company.com,(558) 832-8308,Active
EMP023757,Anthony,Gonzalez,Anthony Gonzalez,23,Operations,Specialist,Los Angeles,36189.43,2046.77,2021-08-30,0,82.8,anthony.gonzalez@company.com,(696) 540-6385,Active
EMP023758,Emily,Miller,Emily Miller,31,Finance,Specialist,Los Angeles,74583.58,6714.65,2024-01-29,6,71.7,emily.miller@company.com,(641) 713-8948,On Leave
EMP023759,David,Gonzalez,David Gonzalez,37,HR,Specialist,Seattle,54007.41,1817.16,2022-07-07,12,86.1,david.gonzalez@company.com,(843) 412-6496,Active
EMP023760,Melissa,Jackson,Melissa Jackson,43,Finance,Lead,Boston,73467.27,8692.94,2023-12-21,17,85.5,melissa.jackson@company.com,(289) 908-3248,Inactive
EMP023761,Daniel,Thomas,Daniel Thomas,29,Marketing,Specialist,Miami,44518.23,2015.58,2022-07-29,7,93.6,daniel.thomas@company.com,(557) 318-2805,Active
EMP023762,John,Garcia,John Garcia,59,Engineering,Lead,New York,128267.35,8103.79,2022-08-25,33,100.0,john.garcia@company.com,(250) 639-1722,Active
EMP023763,Matthew,Martinez,Matthew Martinez,38,Operations,Director,Chicago,80862.97,13915.12,2020-11-10,15,62.3,matthew.martinez@company.com,(466) 860-6312,Active
EMP023764,Jane,Rodriguez,Jane Rodriguez,52,Sales,Manager,Austin,108307.46,16892.89,2021-11-04,30,41.7,jane.rodriguez@company.com,(570) 652-9120,Active
EMP023765,Matthew,Jones,Matthew Jones,47,Finance,Specialist,San Francisco,89439.05,873.01,2023-01-27,24,65.2,matthew.jones@company.com,(727) 734-8378,Active
EMP023766,Robert,Hernandez,Robert Hernandez,26,Marketing,Senior Developer,Austin,49174.12,7995.38,2020-05-05,0,90.0,robert.hernandez@company.com,(376) 351-5267,Active
EMP023767,Christopher,Gonzalez,Christopher Gonzalez,42,Engineering,Analyst,Chicago,101640.04,20233.58,2024-11-07,18,99.8,christopher.gonzalez@company.com,(368) 741-9819,Active
EMP023768,Daniel,Davis,Daniel Davis,22,Engineering,Specialist,San Francisco,74498.0,1862.78,2023-12-08,0,59.9,daniel.davis@company.com,(645) 766-4090,Active
EMP023769,Emily,Lopez,Emily Lopez,35,Finance,Associate,Miami,61310.09,3577.62,2024-11-24,6,93.2,emily.lopez@company.com,(774) 687-4265,Inactive
EMP023770,Lisa,Johnson,Lisa Johnson,23,HR,Director,Los Angeles,27000.0,861.97,2021-08-07,0,100.0,lisa.johnson@company.com,(326) 990-8395,Active
EMP023771,Daniel,Garcia,Daniel Garcia,26,Legal,Manager,New York,76165.09,10420.9,2023-07-08,3,64.7,daniel.garcia@company.com,(647) 341-1160,Active
EMP023772,Amanda,Brown,Amanda Brown,36,Operations,Senior Developer,Miami,60063.32,2136.63,2024-11-12,12,58.9,amanda.brown@company.com,(935) 428-4347,Inactive
EMP023773,Jessica,Martinez,Jessica Martinez,65,Legal,Lead,Chicago,109315.65,13162.71,2024-09-26,38,76.2,jessica.martinez@company.com,(510) 929-2869,Active
EMP023774,Emily,Miller,Emily Miller,31,Legal,Analyst,San Francisco,72580.3,5876.23,2021-03-19,8,78.2,emily.miller@company.com,(397) 261-5463,Active
EMP023775,Christopher,Johnson,Christopher Johnson,24,HR,Analyst,Chicago,70583.83,1784.71,2020-05-30,0,59.9,christopher.johnson@company.com,(364) 902-9909,Active
EMP023776,Ashley,Williams,Ashley Williams,24,Sales,Director,San Francisco,71153.52,10571.44,2020-08-31,0,64.2,ashley.williams@company.com,(730) 640-9813,Inactive
EMP023777,Melissa,Martinez,Melissa Martinez,63,Legal,Associate,Boston,129385.35,15703.78,2023-10-23,37,79.3,melissa.martinez@company.com,(513) 819-1360,Active
EMP023778,Emily,Jones,Emily Jones,50,IT,Coordinator,San Francisco,148946.27,19343.48,2023-07-07,24,95.9,emily.jones@company.com,(960) 792-8195,Active
EMP023779,Amanda,Williams,Amanda Williams,33,Finance,Lead,New York,83733.14,6005.83,2023-07-22,10,56.3,amanda.williams@company.com,(655) 458-1820,Active
EMP023780,Christopher,Taylor,Christopher Taylor,24,Legal,Senior Developer,Seattle,56256.01,6808.2,2022-06-16,0,70.0,christopher.taylor@company.com,(279) 237-9715,Active
EMP023781,Amanda,Anderson,Amanda Anderson,23,Finance,Analyst,New York,87355.11,3529.56,2022-03-30,0,57.7,amanda.anderson@company.com,(318) 653-4628,Active
EMP023782,William,Johnson,William Johnson,46,HR,Senior Developer,San Francisco,65181.36,9429.31,2020-09-27,18,79.4,william.johnson@company.com,(283) 556-5003,Active
EMP023783,Amanda,Moore,Amanda Moore,52,Legal,Senior Developer,Seattle,88875.78,7162.26,2022-11-10,25,75.7,amanda.moore@company.com,(372) 830-9739,Active
EMP023784,Christopher,Jones,Christopher Jones,51,Sales,Manager,Boston,77142.4,2289.25,2024-06-05,26,81.7,christopher.jones@company.com,(792) 380-7438,On Leave
EMP023785,Michael,Smith,Michael Smith,29,Finance,Coordinator,Seattle,75094.63,1693.2,2023-03-26,2,96.5,michael.smith@company.com,(887) 870-5796,Active
EMP023786,Emily,Hernandez,Emily Hernandez,62,Legal,Director,Chicago,73161.56,1631.91,2024-05-11,34,95.1,emily.hernandez@company.com,(332) 953-1025,Active
EMP023787,Michael,Smith,Michael Smith,43,Finance,Director,Seattle,105422.63,11044.61,2024-04-03,17,61.1,michael.smith@company.com,(844) 835-9475,Active
EMP023788,Christopher,Garcia,Christopher Garcia,36,HR,Director,Miami,50383.15,7375.7,2021-04-05,8,81.1,christopher.garcia@company.com,(948) 862-2991,Active
EMP023789,Amanda,Rodriguez,Amanda Rodriguez,29,Operations,Associate,San Francisco,73654.97,5097.89,2021-05-30,4,100.0,amanda.rodriguez@company.com,(304) 310-6412,Active
EMP023790,Christopher,Miller,Christopher Miller,47,IT,Senior Developer,Miami,94404.95,4916.38,2021-03-29,22,61.2,christopher.miller@company.com,(759) 549-1286,Active
EMP023791,Daniel,Martinez,Daniel Martinez,64,Marketing,Director,Boston,87552.95,3098.99,2023-05-28,39,91.8,daniel.martinez@company.com,(739) 547-7794,Active
EMP023792,Daniel,Brown,Daniel Brown,51,Marketing,Manager,Seattle,81074.71,7072.72,2022-05-26,23,57.2,daniel.brown@company.com,(411) 576-9041,Active
EMP023793,John,Martinez,John Martinez,53,Sales,Specialist,New York,73398.25,0.0,2021-09-23,29,69.4,john.martinez@company.com,(648) 688-4574,Active
EMP023794,Nicole,Garcia,Nicole Garcia,59,HR,Manager,Los Angeles,56734.01,3908.13,2024-05-29,32,57.9,nicole.garcia@company.com,(290) 829-4921,Active
EMP023795,Amanda,Miller,Amanda Miller,46,Operations,Director,Los Angeles,76580.66,13815.59,2021-02-24,24,66.3,amanda.miller@company.com,(805) 947-7457,Active
EMP023796,Lisa,Brown,Lisa Brown,25,Finance,Director,Chicago,93593.18,10487.77,2024-11-26,0,60.2,lisa.brown@company.com,(453) 875-3952,Active
EMP023797,Emily,Williams,Emily Williams,24,Operations,Associate,San Francisco,61543.93,8015.32,2022-04-17,0,58.1,emily.williams@company.com,(808) 629-3648,Active
EMP023798,Matthew,Williams,Matthew Williams,28,Sales,Coordinator,Austin,43382.34,6199.42,2022-04-25,0,70.4,matthew.williams@company.com,(322) 997-1266,Active
EMP023799,Melissa,Smith,Melissa Smith,46,Sales,Director,Chicago,80144.13,5792.93,2022-12-26,24,52.5,melissa.smith@company.com,(647) 762-2884,Active
EMP023800,Daniel,Garcia,Daniel Garcia,52,HR,Manager,San Francisco,50211.85,4959.22,2021-04-24,23,66.1,daniel.garcia@company.com,(772) 538-5472,Active
EMP023801,James,Smith,James Smith,51,HR,Manager,San Francisco,79279.54,2975.16,2021-11-27,24,87.2,james.smith@company.com,(670) 770-4463,Active
EMP023802,Stephanie,Smith,Stephanie Smith,28,Legal,Coordinator,San Francisco,79221.07,7411.3,2020-11-18,3,63.7,stephanie.smith@company.com,(440) 513-1736,On Leave
EMP023803,Nicole,Gonzalez,Nicole Gonzalez,61,HR,Analyst,San Francisco,71149.58,8586.19,2023-12-12,38,61.5,nicole.gonzalez@company.com,(594) 554-1441,Active
EMP023804,Daniel,Miller,Daniel Miller,56,Operations,Coordinator,Seattle,64134.02,1189.53,2022-09-19,31,86.0,daniel.miller@company.com,(303) 720-2380,Active
EMP023805,William,Smith,William Smith,38,Marketing,Specialist,Miami,57039.19,4887.78,2022-05-12,13,78.0,william.smith@company.com,(829) 626-9667,Active
EMP023806,Emily,Williams,Emily Williams,45,Marketing,Director,Chicago,63874.81,10419.2,2020-10-11,21,35.4,emily.williams@company.com,(659) 583-3670,Active
EMP023807,John,Davis,John Davis,64,HR,Manager,New York,87809.52,6757.89,2022-10-28,36,93.8,john.davis@company.com,(355) 675-4942,Active
EMP023808,Melissa,Moore,Melissa Moore,64,Marketing,Manager,Chicago,80380.44,4975.13,2020-05-02,42,83.8,melissa.moore@company.com,(516) 440-9964,Active
EMP023809,Lisa,Brown,Lisa Brown,65,IT,Associate,Boston,138852.61,4566.35,2023-06-12,41,83.9,lisa.brown@company.com,(304) 289-3196,Active
EMP023810,Ashley,Williams,Ashley Williams,48,Legal,Manager,San Francisco,120742.18,13150.39,2021-01-31,23,40.1,ashley.williams@company.com,(842) 771-3918,Active
EMP023811,Christopher,Miller,Christopher Miller,27,Sales,Lead,Seattle,74883.26,19135.03,2021-10-27,2,99.8,christopher.miller@company.com,(711) 790-1871,Active
EMP023812,Anthony,Jones,Anthony Jones,55,Finance,Analyst,San Francisco,99951.58,9241.72,2023-11-05,29,67.5,anthony.jones@company.com,(976) 895-1208,Active
EMP023813,Michael,Thomas,Michael Thomas,47,Sales,Associate,Austin,114839.24,7097.55,2020-09-18,18,63.2,michael.thomas@company.com,(269) 550-3801,On Leave
EMP023814,Amanda,Taylor,Amanda Taylor,40,Legal,Lead,Los Angeles,88197.84,2951.17,2022-04-09,14,68.0,amanda.taylor@company.com,(915) 830-6604,Inactive
EMP023815,Matthew,Miller,Matthew Miller,61,Operations,Manager,New York,59214.2,3720.45,2024-07-20,35,84.0,matthew.miller@company.com,(483) 594-7878,Active
EMP023816,James,Thomas,James Thomas,43,Sales,Manager,Miami,81457.07,4765.55,2020-08-27,19,56.8,james.thomas@company.com,(514) 560-8764,Active
EMP023817,William,Martinez,William Martinez,49,Operations,Manager,Los Angeles,77441.32,15136.41,2022-11-04,23,78.0,william.martinez@company.com,(472) 735-9328,On Leave
EMP023818,Michael,Hernandez,Michael Hernandez,40,Legal,Specialist,Chicago,66971.29,7259.45,2022-07-02,14,58.9,michael.hernandez@company.com,(973) 942-1519,Inactive
EMP023819,Anthony,Jackson,Anthony Jackson,60,Finance,Specialist,Chicago,112569.32,15119.35,2023-02-20,32,100.0,anthony.jackson@company.com,(534) 509-9961,Inactive
EMP023820,Anthony,Jones,Anthony Jones,42,HR,Specialist,Miami,58957.28,2608.19,2022-05-14,16,71.2,anthony.jones@company.com,(418) 986-6246,Active
EMP023821,Melissa,Martin,Melissa Martin,56,IT,Coordinator,Miami,81600.62,12746.09,2023-10-28,27,80.1,melissa.martin@company.com,(711) 609-2743,Active
EMP023822,Michael,Martin,Michael Martin,57,Finance,Senior Developer,San Francisco,57132.16,1444.37,2024-12-30,29,72.4,michael.martin@company.com,(899) 708-7602,Active
EMP023823,Stephanie,Anderson,Stephanie Anderson,52,Marketing,Director,Miami,82895.28,6638.67,2023-11-02,24,65.0,stephanie.anderson@company.com,(267) 310-1965,Active
EMP023824,David,Brown,David Brown,39,Legal,Director,Austin,103229.03,11579.45,2021-08-15,15,77.8,david.brown@company.com,(702) 297-2418,Active
EMP023825,Sarah,Thomas,Sarah Thomas,46,Operations,Senior Developer,Austin,64750.01,3746.3,2020-06-27,20,66.5,sarah.thomas@company.com,(261) 293-9277,Active
EMP023826,Melissa,Gonzalez,Melissa Gonzalez,44,Engineering,Director,Miami,128470.9,13548.89,2020-05-01,20,88.7,melissa.gonzalez@company.com,(419) 224-5624,Active
EMP023827,Melissa,Martinez,Melissa Martinez,53,Operations,Associate,Los Angeles,51340.8,2050.14,2020-03-29,29,75.8,melissa.martinez@company.com,(736) 603-5882,Active
EMP023828,Matthew,Moore,Matthew Moore,65,HR,Analyst,Boston,63261.31,5665.96,2022-12-26,36,54.1,matthew.moore@company.com,(652) 990-8424,Active
EMP023829,Jane,Miller,Jane Miller,46,Operations,Analyst,New York,51049.96,6371.13,2021-06-26,23,76.5,jane.miller@company.com,(832) 819-3336,Active
EMP023830,Lisa,Jones,Lisa Jones,50,Finance,Manager,Chicago,101833.73,10452.07,2022-11-18,25,67.2,lisa.jones@company.com,(250) 619-9887,Active
EMP023831,Robert,Brown,Robert Brown,56,Marketing,Specialist,Boston,96427.72,2557.0,2021-01-12,29,80.2,robert.brown@company.com,(394) 837-5499,Active
EMP023832,Michael,Miller,Michael Miller,27,Marketing,Director,San Francisco,64446.7,7277.21,2023-12-09,5,87.0,michael.miller@company.com,(639) 775-3530,Active
EMP023833,Jessica,Smith,Jessica Smith,43,HR,Analyst,Chicago,77590.13,7033.62,2023-01-28,16,86.3,jessica.smith@company.com,(384) 744-8891,Active
EMP023834,Sarah,Lopez,Sarah Lopez,62,Legal,Director,Los Angeles,141312.14,20736.22,2021-01-16,34,91.0,sarah.lopez@company.com,(866) 851-6961,Active
EMP023835,William,Johnson,William Johnson,47,Operations,Director,Chicago,50008.59,6943.58,2022-05-29,19,76.4,william.johnson@company.com,(285) 807-8094,Inactive
EMP023836,James,Davis,James Davis,43,Marketing,Director,Austin,82561.48,7585.99,2023-01-28,14,64.2,james.davis@company.com,(620) 401-1657,Active
EMP023837,David,Gonzalez,David Gonzalez,64,Sales,Manager,Los Angeles,101273.86,6274.46,2022-05-18,40,73.3,david.gonzalez@company.com,(295) 461-3785,Active
EMP023838,Jessica,Miller,Jessica Miller,52,Operations,Manager,Seattle,69593.93,15341.8,2023-04-15,27,96.4,jessica.miller@company.com,(798) 259-7228,Active
EMP023839,Nicole,Wilson,Nicole Wilson,33,Finance,Manager,Austin,74456.31,11956.55,2022-05-24,4,67.2,nicole.wilson@company.com,(557) 347-2998,Active
EMP023840,James,Rodriguez,James Rodriguez,43,IT,Associate,Austin,107667.59,3482.14,2024-03-24,17,71.8,james.rodriguez@company.com,(281) 852-6734,Inactive
EMP023841,William,Moore,William Moore,23,Engineering,Analyst,Miami,50963.69,2618.68,2020-10-25,1,73.3,william.moore@company.com,(555) 743-9257,Active
EMP023842,James,Smith,James Smith,63,Operations,Lead,Chicago,65172.0,6588.32,2023-06-22,37,89.4,james.smith@company.com,(608) 306-2662,Active
EMP023843,Emily,Lopez,Emily Lopez,43,Operations,Director,Austin,68219.57,6446.5,2021-11-08,14,96.0,emily.lopez@company.com,(546) 549-9325,Active
EMP023844,Nicole,Miller,Nicole Miller,56,Marketing,Lead,Boston,85324.91,9397.52,2020-04-16,29,75.3,nicole.miller@company.com,(832) 259-6297,Active
EMP023845,William,Gonzalez,William Gonzalez,62,Operations,Specialist,Boston,82449.83,3590.54,2020-05-28,37,57.0,william.gonzalez@company.com,(580) 435-3580,Active
EMP023846,Emily,Martin,Emily Martin,46,Finance,Lead,San Francisco,71224.06,5363.64,2023-01-21,19,71.0,emily.martin@company.com,(564) 935-6059,Active
EMP023847,Matthew,Martinez,Matthew Martinez,59,Finance,Lead,Miami,70202.61,5812.28,2023-03-07,32,30.1,matthew.martinez@company.com,(786) 445-1320,Active
EMP023848,John,Taylor,John Taylor,24,Marketing,Coordinator,Seattle,72616.16,3756.76,2024-07-15,1,35.3,john.taylor@company.com,(672) 577-7610,Inactive
EMP023849,John,Brown,John Brown,57,HR,Coordinator,San Francisco,94188.71,19468.6,2024-09-24,28,82.1,john.brown@company.com,(603) 976-5031,Active
EMP023850,David,Miller,David Miller,54,Operations,Specialist,San Francisco,57487.69,2345.37,2020-05-20,25,46.5,david.miller@company.com,(589) 899-7611,Active
EMP023851,Robert,Miller,Robert Miller,43,IT,Lead,Austin,105237.44,13874.2,2024-11-23,16,75.7,robert.miller@company.com,(754) 456-9327,Active
EMP023852,John,Moore,John Moore,59,Legal,Associate,Austin,76945.43,13373.11,2023-04-05,33,62.9,john.moore@company.com,(825) 538-6681,Active
EMP023853,Michael,Wilson,Michael Wilson,39,Operations,Associate,San Francisco,58671.95,3615.03,2021-04-09,15,53.0,michael.wilson@company.com,(470) 639-2949,Active
EMP023854,Robert,Rodriguez,Robert Rodriguez,34,Finance,Analyst,Los Angeles,80721.11,3681.9,2021-03-25,5,43.3,robert.rodriguez@company.com,(430) 897-1323,Active
EMP023855,John,Thomas,John Thomas,41,HR,Analyst,Miami,76224.62,6636.16,2024-06-07,15,47.3,john.thomas@company.com,(792) 244-1437,Active
EMP023856,Jane,Gonzalez,Jane Gonzalez,39,Legal,Lead,Boston,98260.1,11025.73,2020-12-04,12,83.1,jane.gonzalez@company.com,(285) 272-9578,Active
EMP023857,William,Jones,William Jones,64,Marketing,Associate,Chicago,59132.43,2192.26,2020-03-16,35,50.6,william.jones@company.com,(494) 212-7982,Active
EMP023858,Melissa,Gonzalez,Melissa Gonzalez,52,Marketing,Senior Developer,Los Angeles,88732.63,12663.72,2020-03-11,28,49.0,melissa.gonzalez@company.com,(813) 380-3731,Active
EMP023859,Jane,Jones,Jane Jones,22,Legal,Director,San Francisco,75651.49,6197.27,2023-02-26,0,58.5,jane.jones@company.com,(782) 506-2924,Active
EMP023860,Nicole,Rodriguez,Nicole Rodriguez,54,Marketing,Director,Miami,67941.83,12547.42,2023-10-01,27,82.2,nicole.rodriguez@company.com,(964) 350-6356,Inactive
EMP023861,David,Martinez,David Martinez,39,Legal,Specialist,San Francisco,95614.01,11929.3,2023-05-23,16,82.5,david.martinez@company.com,(465) 841-5115,Active
EMP023862,Stephanie,Johnson,Stephanie Johnson,53,Legal,Senior Developer,San Francisco,86431.38,8099.73,2021-03-29,26,63.1,stephanie.johnson@company.com,(394) 465-5229,Active
EMP023863,Daniel,Davis,Daniel Davis,62,Sales,Coordinator,San Francisco,110067.99,8562.94,2021-01-24,34,78.6,daniel.davis@company.com,(244) 221-7007,Active
EMP023864,William,Jones,William Jones,60,Finance,Coordinator,New York,107423.53,12279.34,2021-05-30,37,45.8,william.jones@company.com,(316) 344-6763,Active
EMP023865,Stephanie,Martinez,Stephanie Martinez,50,Sales,Specialist,Austin,89971.76,9391.85,2024-05-23,26,70.3,stephanie.martinez@company.com,(773) 930-3978,Active
EMP023866,Christopher,Wilson,Christopher Wilson,56,Marketing,Specialist,Chicago,110779.82,12842.38,2020-10-21,29,90.2,christopher.wilson@company.com,(995) 417-3289,Active
EMP023867,Jessica,Lopez,Jessica Lopez,65,HR,Senior Developer,Los Angeles,107076.41,9576.17,2023-06-27,39,80.9,jessica.lopez@company.com,(671) 365-5706,Active
EMP023868,Anthony,Williams,Anthony Williams,49,Engineering,Senior Developer,Chicago,97913.68,7528.89,2020-08-21,27,62.2,anthony.williams@company.com,(718) 637-4307,Active
EMP023869,Amanda,Taylor,Amanda Taylor,50,Marketing,Manager,Austin,41899.93,3919.78,2022-03-10,26,70.2,amanda.taylor@company.com,(642) 318-5762,Active
EMP023870,Jane,Hernandez,Jane Hernandez,60,Operations,Senior Developer,Boston,72738.97,5376.31,2022-09-21,38,87.4,jane.hernandez@company.com,(836) 849-8724,Active
EMP023871,Christopher,Martin,Christopher Martin,42,Operations,Specialist,Los Angeles,54051.5,4177.17,2020-07-20,16,80.7,christopher.martin@company.com,(516) 346-5101,On Leave
EMP023872,Emily,Moore,Emily Moore,30,Operations,Analyst,New York,42983.74,1630.86,2020-07-31,7,57.7,emily.moore@company.com,(503) 986-8626,Active
EMP023873,Jane,Jackson,Jane Jackson,43,IT,Associate,Seattle,95378.34,15685.82,2021-03-27,16,88.5,jane.jackson@company.com,(580) 849-3252,Inactive
EMP023874,Amanda,Hernandez,Amanda Hernandez,36,HR,Specialist,Miami,46679.66,5866.47,2020-10-22,9,46.7,amanda.hernandez@company.com,(850) 221-7152,Active
EMP023875,Anthony,Miller,Anthony Miller,54,Sales,Lead,Boston,91786.14,7057.25,2020-05-25,32,69.6,anthony.miller@company.com,(510) 462-1320,Active
EMP023876,Lisa,Martin,Lisa Martin,36,Legal,Manager,San Francisco,96363.28,7279.16,2022-06-02,7,56.2,lisa.martin@company.com,(860) 291-3827,Active
EMP023877,David,Thomas,David Thomas,46,Legal,Senior Developer,Los Angeles,45641.74,6998.67,2022-03-03,23,82.3,david.thomas@company.com,(210) 848-7366,Active
EMP023878,Stephanie,Lopez,Stephanie Lopez,61,Marketing,Analyst,Austin,62516.8,3389.76,2024-06-21,36,87.7,stephanie.lopez@company.com,(500) 460-7889,Active
EMP023879,Melissa,Martinez,Melissa Martinez,33,Marketing,Director,Miami,28500.0,1663.0,2024-07-26,10,59.9,melissa.martinez@company.com,(259) 203-1657,Active
EMP023880,Emily,Lopez,Emily Lopez,59,Sales,Lead,Los Angeles,82105.05,7885.96,2023-07-05,33,60.3,emily.lopez@company.com,(370) 931-6017,Active
EMP023881,Anthony,Johnson,Anthony Johnson,37,Engineering,Analyst,Seattle,93674.52,4557.77,2020-01-17,15,96.7,anthony.johnson@company.com,(449) 610-8771,Active
EMP023882,Christopher,Williams,Christopher Williams,42,IT,Associate,San Francisco,88866.46,2953.48,2021-11-13,19,62.3,christopher.williams@company.com,(705) 782-6144,Active
EMP023883,Matthew,Garcia,Matthew Garcia,50,Finance,Director,San Francisco,101090.93,10817.23,2023-08-06,24,66.7,matthew.garcia@company.com,(574) 699-4225,Active
EMP023884,Stephanie,Brown,Stephanie Brown,26,IT,Lead,Austin,55971.31,6266.48,2021-03-02,0,96.5,stephanie.brown@company.com,(497) 879-3468,Active
EMP023885,Daniel,Rodriguez,Daniel Rodriguez,38,Sales,Senior Developer,Los Angeles,55587.11,10704.51,2023-07-24,12,75.5,daniel.rodriguez@company.com,(360) 977-8669,On Leave
EMP023886,Sarah,Brown,Sarah Brown,46,Engineering,Associate,New York,108368.69,12472.95,2020-10-09,17,68.4,sarah.brown@company.com,(518) 434-7798,Active
EMP023887,Michael,Williams,Michael Williams,27,Sales,Specialist,New York,79678.63,5790.65,2022-03-05,5,79.0,michael.williams@company.com,(869) 276-8002,Active
EMP023888,Jessica,Jackson,Jessica Jackson,32,IT,Coordinator,Los Angeles,68335.31,3168.18,2023-08-19,6,88.4,jessica.jackson@company.com,(899) 940-2380,Active
EMP023889,James,Jackson,James Jackson,38,Sales,Senior Developer,Chicago,70129.49,859.65,2024-09-11,12,82.9,james.jackson@company.com,(493) 805-9758,Active
EMP023890,Lisa,Jackson,Lisa Jackson,58,Engineering,Specialist,New York,114532.14,5922.07,2021-07-26,32,57.0,lisa.jackson@company.com,(797) 348-2781,Active
EMP023891,Emily,Smith,Emily Smith,36,Sales,Manager,Boston,63772.84,8023.42,2021-09-08,8,100.0,emily.smith@company.com,(205) 641-2577,Active
EMP023892,Nicole,Smith,Nicole Smith,56,Legal,Associate,Chicago,119706.87,14841.14,2022-03-28,32,86.3,nicole.smith@company.com,(415) 206-9462,Active
EMP023893,Christopher,Moore,Christopher Moore,53,IT,Coordinator,New York,101785.07,8238.08,2020-12-12,30,100.0,christopher.moore@company.com,(270) 443-6836,Inactive
EMP023894,Matthew,Brown,Matthew Brown,44,Engineering,Analyst,Los Angeles,114777.79,11117.02,2020-12-01,15,81.3,matthew.brown@company.com,(923) 909-4943,Active
EMP023895,Amanda,Wilson,Amanda Wilson,57,Operations,Director,Boston,46096.03,5608.02,2023-03-23,33,89.0,amanda.wilson@company.com,(925) 580-2543,Active
EMP023896,Amanda,Thomas,Amanda Thomas,59,IT,Manager,Seattle,112152.43,9876.83,2022-06-04,30,85.7,amanda.thomas@company.com,(212) 812-6183,Active
EMP023897,Amanda,Wilson,Amanda Wilson,54,Marketing,Coordinator,Chicago,84101.58,10964.56,2024-09-23,28,80.7,amanda.wilson@company.com,(969) 433-2978,Active
EMP023898,Anthony,Johnson,Anthony Johnson,42,HR,Director,Miami,40262.2,1971.87,2024-06-03,20,71.7,anthony.johnson@company.com,(332) 290-9969,Active
EMP023899,Emily,Jackson,Emily Jackson,44,Engineering,Analyst,Miami,89378.16,6095.91,2020-04-12,16,73.6,emily.jackson@company.com,(945) 275-9644,Active
EMP023900,David,Miller,David Miller,47,Engineering,Analyst,Austin,122016.94,13285.73,2023-04-11,25,65.5,david.miller@company.com,(402) 232-9439,Active
EMP023901,Ashley,Gonzalez,Ashley Gonzalez,40,Finance,Manager,New York,108487.1,7965.26,2024-04-08,17,70.5,ashley.gonzalez@company.com,(393) 670-9677,Inactive
EMP023902,Ashley,Moore,Ashley Moore,39,Sales,Director,Los Angeles,77996.93,11339.65,2020-04-14,15,63.8,ashley.moore@company.com,(375) 877-5960,Active
EMP023903,Michael,Jackson,Michael Jackson,43,Sales,Manager,Miami,77376.75,8215.31,2022-10-15,21,65.8,michael.jackson@company.com,(290) 717-6801,Active
EMP023904,Christopher,Martinez,Christopher Martinez,40,Legal,Associate,Boston,102722.13,13581.99,2024-06-21,14,77.7,christopher.martinez@company.com,(736) 612-4977,Active
EMP023905,Melissa,Hernandez,Melissa Hernandez,54,Operations,Director,Miami,46318.12,410.85,2022-08-21,26,61.1,melissa.hernandez@company.com,(238) 496-8241,Active
EMP023906,Jessica,Martin,Jessica Martin,51,Engineering,Manager,Boston,102543.29,15275.21,2023-01-12,29,80.6,jessica.martin@company.com,(777) 639-5603,Active
EMP023907,Emily,Brown,Emily Brown,63,IT,Coordinator,San Francisco,102210.51,6953.04,2020-11-09,34,74.8,emily.brown@company.com,(786) 918-2411,Active
EMP023908,Jessica,Jones,Jessica Jones,35,Legal,Director,San Francisco,72883.7,5834.68,2024-10-18,7,78.7,jessica.jones@company.com,(649) 828-8450,Active
EMP023909,Emily,Williams,Emily Williams,60,IT,Manager,Los Angeles,108020.91,4698.44,2024-08-24,37,38.4,emily.williams@company.com,(578) 820-2504,On Leave
EMP023910,Anthony,Miller,Anthony Miller,37,Finance,Manager,Miami,59625.17,8040.42,2024-09-13,10,85.5,anthony.miller@company.com,(497) 901-7066,Active
EMP023911,Lisa,Thomas,Lisa Thomas,42,Finance,Manager,Los Angeles,65934.78,9495.22,2024-10-28,15,69.1,lisa.thomas@company.com,(382) 376-4413,Active
EMP023912,William,Martinez,William Martinez,58,Operations,Director,Chicago,73423.4,1511.66,2024-08-14,30,76.2,william.martinez@company.com,(363) 505-2978,Active
EMP023913,Robert,Miller,Robert Miller,49,Operations,Lead,Boston,75039.13,5362.49,2024-12-20,23,73.3,robert.miller@company.com,(678) 935-9531,Active
EMP023914,Lisa,Johnson,Lisa Johnson,64,Marketing,Coordinator,Chicago,111935.7,16809.58,2023-03-09,41,100.0,lisa.johnson@company.com,(736) 789-3872,Active
EMP023915,Sarah,Hernandez,Sarah Hernandez,38,IT,Director,Chicago,85507.72,5628.72,2022-12-29,15,82.9,sarah.hernandez@company.com,(752) 667-1357,Active
EMP023916,Sarah,Anderson,Sarah Anderson,59,Finance,Senior Developer,San Francisco,68541.9,6580.02,2024-05-11,34,63.8,sarah.anderson@company.com,(938) 741-2908,Active
EMP023917,Michael,Rodriguez,Michael Rodriguez,46,Operations,Lead,Boston,76993.93,9612.21,2020-09-12,17,86.2,michael.rodriguez@company.com,(625) 980-1367,Active
EMP023918,David,Lopez,David Lopez,50,Engineering,Specialist,Miami,87432.15,5103.2,2021-05-23,21,79.7,david.lopez@company.com,(341) 274-2189,Active
EMP023919,Jessica,Rodriguez,Jessica Rodriguez,32,Legal,Director,New York,65076.05,3249.24,2023-03-22,5,100.0,jessica.rodriguez@company.com,(315) 808-7494,Inactive
EMP023920,Ashley,Miller,Ashley Miller,53,Operations,Lead,Austin,60625.48,6696.21,2023-10-18,24,83.8,ashley.miller@company.com,(671) 622-4127,Active
EMP023921,Lisa,Lopez,Lisa Lopez,58,HR,Specialist,Chicago,70214.75,4218.06,2020-07-24,31,69.5,lisa.lopez@company.com,(581) 987-9829,Inactive
EMP023922,Lisa,Jones,Lisa Jones,38,Sales,Associate,Los Angeles,75177.0,6628.96,2022-10-17,12,89.3,lisa.jones@company.com,(641) 275-7804,Active
EMP023923,Robert,Jackson,Robert Jackson,58,Marketing,Associate,Boston,63888.68,4645.3,2021-07-08,32,67.8,robert.jackson@company.com,(268) 603-6906,Active
EMP023924,Emily,Brown,Emily Brown,24,IT,Analyst,Los Angeles,59624.61,2657.84,2023-10-05,0,54.7,emily.brown@company.com,(212) 654-7185,Active
EMP023925,Anthony,Thomas,Anthony Thomas,22,Finance,Senior Developer,Chicago,62859.32,8683.91,2022-11-07,0,55.7,anthony.thomas@company.com,(464) 717-6602,Active
EMP023926,Michael,Rodriguez,Michael Rodriguez,47,Legal,Senior Developer,Los Angeles,116294.82,12628.18,2022-08-01,24,79.0,michael.rodriguez@company.com,(464) 281-7257,Active
EMP023927,John,Martin,John Martin,55,Legal,Analyst,Austin,109333.85,12226.15,2024-03-15,30,86.2,john.martin@company.com,(772) 893-6719,Active
EMP023928,Stephanie,Anderson,Stephanie Anderson,27,Operations,Specialist,Chicago,59352.52,7867.39,2021-09-12,0,79.6,stephanie.anderson@company.com,(902) 862-1328,Active
EMP023929,Daniel,Hernandez,Daniel Hernandez,53,Engineering,Director,Austin,119019.96,19483.82,2022-09-12,26,84.5,daniel.hernandez@company.com,(546) 555-9338,Active
EMP023930,Michael,Williams,Michael Williams,35,IT,Coordinator,Boston,70990.48,10637.0,2022-10-23,7,81.2,michael.williams@company.com,(882) 366-9781,Active
EMP023931,Lisa,Taylor,Lisa Taylor,63,Operations,Analyst,New York,89677.09,5076.37,2021-11-10,39,80.1,lisa.taylor@company.com,(869) 945-1416,Active
EMP023932,Daniel,Thomas,Daniel Thomas,41,Sales,Associate,New York,59400.95,7376.19,2023-03-02,15,71.5,daniel.thomas@company.com,(804) 857-5918,Active
EMP023933,Nicole,Martin,Nicole Martin,24,Legal,Senior Developer,Los Angeles,51162.27,3099.0,2024-10-02,0,51.5,nicole.martin@company.com,(762) 239-4926,Active
EMP023934,David,Brown,David Brown,26,Operations,Manager,New York,33808.51,7635.78,2024-01-13,0,75.3,david.brown@company.com,(563) 759-8757,Inactive
EMP023935,Sarah,Brown,Sarah Brown,59,Marketing,Director,Miami,70955.0,3003.77,2022-02-15,37,76.0,sarah.brown@company.com,(304) 385-3658,Inactive
EMP023936,Sarah,Jackson,Sarah Jackson,65,IT,Senior Developer,Boston,97036.3,13684.48,2023-11-19,39,75.8,sarah.jackson@company.com,(837) 755-6110,Active
EMP023937,Jessica,Anderson,Jessica Anderson,32,Sales,Senior Developer,Los Angeles,76602.93,5897.04,2023-05-13,5,53.0,jessica.anderson@company.com,(408) 925-1577,Active
EMP023938,Ashley,Martin,Ashley Martin,64,IT,Manager,San Francisco,91347.46,12076.72,2022-06-30,41,60.9,ashley.martin@company.com,(605) 578-8547,Active
EMP023939,Matthew,Martinez,Matthew Martinez,31,Marketing,Manager,Austin,48476.06,2325.01,2022-07-14,4,60.1,matthew.martinez@company.com,(927) 489-3094,Active
EMP023940,Anthony,Hernandez,Anthony Hernandez,47,IT,Senior Developer,New York,99160.04,12656.59,2023-12-29,22,72.1,anthony.hernandez@company.com,(437) 954-3728,Active
EMP023941,Jane,Smith,Jane Smith,53,Legal,Director,Los Angeles,103483.62,5946.77,2024-01-25,26,55.6,jane.smith@company.com,(747) 494-6312,Active
EMP023942,Melissa,Smith,Melissa Smith,60,IT,Manager,Austin,54039.53,0.0,2023-08-18,32,70.9,melissa.smith@company.com,(730) 283-4684,Active
EMP023943,Ashley,Jackson,Ashley Jackson,59,HR,Manager,Austin,76754.74,8376.13,2024-05-23,33,60.7,ashley.jackson@company.com,(385) 348-5625,Active
EMP023944,Amanda,Jackson,Amanda Jackson,29,Sales,Senior Developer,Boston,71166.29,8901.26,2023-09-09,5,83.5,amanda.jackson@company.com,(699) 945-7806,Active
EMP023945,Sarah,Wilson,Sarah Wilson,36,Legal,Analyst,Boston,65279.77,4696.49,2021-07-11,7,49.1,sarah.wilson@company.com,(965) 588-7282,Active
EMP023946,Stephanie,Lopez,Stephanie Lopez,30,Operations,Analyst,Chicago,47797.19,1645.39,2022-01-25,7,87.5,stephanie.lopez@company.com,(333) 816-3500,On Leave
EMP023947,Sarah,Williams,Sarah Williams,47,Operations,Associate,New York,69937.58,7175.88,2022-05-20,25,57.6,sarah.williams@company.com,(684) 482-9460,On Leave
EMP023948,Ashley,Johnson,Ashley Johnson,39,Operations,Specialist,Seattle,67284.97,10243.16,2021-09-19,16,92.2,ashley.johnson@company.com,(406) 276-5777,Active
EMP023949,Michael,Miller,Michael Miller,63,IT,Associate,Chicago,116869.34,18083.26,2023-05-19,40,65.7,michael.miller@company.com,(280) 325-2174,Active
EMP023950,Anthony,Jackson,Anthony Jackson,22,Legal,Coordinator,Boston,94620.23,16160.29,2021-07-13,0,63.2,anthony.jackson@company.com,(208) 222-2414,On Leave
EMP023951,Ashley,Thomas,Ashley Thomas,48,Legal,Lead,Seattle,105171.14,17865.73,2022-10-01,19,94.3,ashley.thomas@company.com,(419) 463-2848,Active
EMP023952,Christopher,Johnson,Christopher Johnson,64,IT,Manager,San Francisco,127559.51,16490.99,2023-12-18,36,56.3,christopher.johnson@company.com,(497) 239-4414,Active
EMP023953,Lisa,Jackson,Lisa Jackson,42,IT,Director,Chicago,68608.65,7415.23,2024-03-04,16,67.3,lisa.jackson@company.com,(940) 276-4625,Active
EMP023954,Jessica,Johnson,Jessica Johnson,55,Legal,Analyst,Boston,105747.85,10964.54,2020-08-08,29,70.8,jessica.johnson@company.com,(939) 306-9817,Active
EMP023955,Lisa,Williams,Lisa Williams,40,Engineering,Manager,Boston,83896.56,8705.05,2020-01-25,11,84.4,lisa.williams@company.com,(965) 465-3354,Active
EMP023956,John,Taylor,John Taylor,37,Operations,Coordinator,New York,54089.5,6763.26,2022-03-22,13,77.2,john.taylor@company.com,(632) 754-6538,Active
EMP023957,Michael,Moore,Michael Moore,39,Marketing,Senior Developer,Chicago,69041.67,5019.43,2023-04-16,11,63.1,michael.moore@company.com,(541) 805-1484,Active
EMP023958,Jessica,Martinez,Jessica Martinez,33,Engineering,Coordinator,New York,83413.4,783.06,2024-12-01,10,59.7,jessica.martinez@company.com,(479) 288-7748,Active
EMP023959,Robert,Martin,Robert Martin,48,Legal,Director,Los Angeles,73420.11,7120.2,2022-10-28,23,32.9,robert.martin@company.com,(847) 600-6922,Active
EMP023960,Daniel,Lopez,Daniel Lopez,35,IT,Associate,New York,78429.05,6957.4,2020-07-31,8,75.3,daniel.lopez@company.com,(240) 715-8069,Inactive
EMP023961,Amanda,Jones,Amanda Jones,33,Engineering,Associate,Austin,107847.05,13847.98,2024-04-20,10,64.2,amanda.jones@company.com,(603) 483-9077,Active
EMP023962,Ashley,Miller,Ashley Miller,23,Finance,Lead,San Francisco,81129.25,2165.31,2020-04-17,0,57.9,ashley.miller@company.com,(540) 392-3244,Active
EMP023963,William,Anderson,William Anderson,41,Operations,Specialist,Chicago,68186.67,6440.23,2020-07-01,19,76.6,william.anderson@company.com,(921) 433-9340,Active
EMP023964,Daniel,Moore,Daniel Moore,24,HR,Lead,Los Angeles,82267.28,2808.72,2021-07-29,0,76.3,daniel.moore@company.com,(645) 537-9222,Active
EMP023965,Lisa,Wilson,Lisa Wilson,54,Engineering,Coordinator,Seattle,109016.94,1630.26,2024-06-09,25,58.4,lisa.wilson@company.com,(425) 270-8197,Active
EMP023966,Michael,Brown,Michael Brown,59,Legal,Senior Developer,Austin,93614.81,19327.96,2022-08-22,33,73.3,michael.brown@company.com,(849) 631-1275,Active
EMP023967,Daniel,Thomas,Daniel Thomas,22,Marketing,Associate,Boston,43360.57,9098.0,2020-09-03,0,73.5,daniel.thomas@company.com,(571) 714-3639,Active
EMP023968,Matthew,Johnson,Matthew Johnson,53,Sales,Coordinator,Seattle,90660.95,11241.98,2023-11-27,30,91.6,matthew.johnson@company.com,(567) 769-4066,Active
EMP023969,Amanda,Williams,Amanda Williams,30,Marketing,Lead,Los Angeles,53549.33,5885.03,2020-04-07,8,60.7,amanda.williams@company.com,(920) 861-5574,Active
EMP023970,Sarah,Hernandez,Sarah Hernandez,51,Finance,Analyst,Chicago,103810.38,7304.17,2024-02-19,23,76.5,sarah.hernandez@company.com,(335) 822-2776,Active
EMP023971,Amanda,Davis,Amanda Davis,43,Sales,Senior Developer,Austin,62705.64,7474.32,2022-07-27,19,50.8,amanda.davis@company.com,(950) 388-3039,Inactive
EMP023972,Anthony,Moore,Anthony Moore,63,Finance,Specialist,Chicago,80839.57,8942.46,2023-10-31,36,86.2,anthony.moore@company.com,(613) 817-2976,Active
EMP023973,Sarah,Hernandez,Sarah Hernandez,29,Engineering,Coordinator,Los Angeles,45750.76,1728.11,2020-01-12,3,71.0,sarah.hernandez@company.com,(203) 795-2003,Active
EMP023974,Sarah,Lopez,Sarah Lopez,43,Legal,Analyst,San Francisco,100431.79,9106.47,2020-08-17,14,70.3,sarah.lopez@company.com,(409) 667-5867,Active
EMP023975,William,Anderson,William Anderson,60,Marketing,Manager,Austin,70583.92,2874.84,2020-06-20,32,59.7,william.anderson@company.com,(616) 803-2134,Inactive
EMP023976,Christopher,Rodriguez,Christopher Rodriguez,33,Finance,Manager,Chicago,84265.27,11607.6,2020-01-12,7,86.8,christopher.rodriguez@company.com,(521) 520-5568,On Leave
EMP023977,Lisa,Martinez,Lisa Martinez,50,Engineering,Manager,Chicago,91232.78,18924.98,2021-01-12,27,79.6,lisa.martinez@company.com,(552) 419-9242,Active
EMP023978,Robert,Jones,Robert Jones,29,Finance,Manager,San Francisco,82394.88,1637.55,2022-02-25,5,85.0,robert.jones@company.com,(530) 781-9746,Active
EMP023979,Matthew,Jones,Matthew Jones,57,Operations,Lead,San Francisco,73487.47,3405.57,2024-10-26,28,98.3,matthew.jones@company.com,(957) 258-9445,Active
EMP023980,Robert,Wilson,Robert Wilson,59,Finance,Lead,Austin,76500.87,8612.85,2022-03-09,37,78.5,robert.wilson@company.com,(778) 913-5749,Active
EMP023981,Matthew,Thomas,Matthew Thomas,42,Legal,Coordinator,Seattle,65224.81,4121.25,2023-03-15,18,84.3,matthew.thomas@company.com,(632) 568-6348,Inactive
EMP023982,Anthony,Taylor,Anthony Taylor,49,HR,Analyst,Miami,81849.98,10708.82,2022-11-04,23,91.1,anthony.taylor@company.com,(565) 888-7863,Active
EMP023983,Emily,Anderson,Emily Anderson,41,Marketing,Associate,Miami,52444.75,3081.38,2021-03-19,19,61.5,emily.anderson@company.com,(945) 657-6346,Active
EMP023984,Sarah,Gonzalez,Sarah Gonzalez,55,Finance,Specialist,Boston,110086.76,1769.69,2024-06-14,27,93.7,sarah.gonzalez@company.com,(848) 204-9635,Active
EMP023985,John,Miller,John Miller,41,Marketing,Analyst,Boston,79711.06,5903.59,2024-09-01,14,73.3,john.miller@company.com,(863) 984-5103,Active
EMP023986,James,Jones,James Jones,47,Sales,Manager,Los Angeles,58524.01,6612.04,2024-02-16,22,63.5,james.jones@company.com,(826) 649-7091,Active
EMP023987,Jane,Miller,Jane Miller,39,HR,Specialist,Miami,73973.52,18923.11,2020-07-04,11,71.1,jane.miller@company.com,(924) 994-4441,Active
EMP023988,Emily,Martin,Emily Martin,60,Legal,Specialist,Chicago,122570.53,13862.65,2022-09-02,31,87.0,emily.martin@company.com,(967) 580-4988,Inactive
EMP023989,Jane,Davis,Jane Davis,27,Marketing,Senior Developer,New York,42949.92,1197.14,2024-09-03,5,74.3,jane.davis@company.com,(412) 576-3922,Active
EMP023990,Ashley,Jackson,Ashley Jackson,59,Sales,Senior Developer,Seattle,97014.4,10077.89,2023-04-28,33,79.8,ashley.jackson@company.com,(789) 470-4032,Active
EMP023991,Stephanie,Davis,Stephanie Davis,46,Operations,Analyst,Boston,60661.79,4352.22,2021-10-11,20,83.5,stephanie.davis@company.com,(796) 453-1387,Active
EMP023992,John,Wilson,John Wilson,52,Engineering,Coordinator,Miami,108327.55,8709.59,2022-04-06,29,61.0,john.wilson@company.com,(807) 539-6260,Active
EMP023993,Nicole,Wilson,Nicole Wilson,34,IT,Analyst,Chicago,90029.08,8442.43,2020-10-25,10,84.7,nicole.wilson@company.com,(282) 593-7143,Active
EMP023994,Anthony,Lopez,Anthony Lopez,32,HR,Director,Austin,56410.81,5622.57,2024-03-07,6,47.5,anthony.lopez@company.com,(253) 470-9077,On Leave
EMP023995,Jessica,Hernandez,Jessica Hernandez,44,Operations,Coordinator,New York,92223.33,4598.98,2024-10-03,16,100.0,jessica.hernandez@company.com,(450) 253-7086,Active
EMP023996,Daniel,Gonzalez,Daniel Gonzalez,50,Finance,Associate,Boston,88665.78,9109.71,2023-01-10,23,80.0,daniel.gonzalez@company.com,(885) 303-1606,Inactive
EMP023997,Lisa,Miller,Lisa Miller,24,Operations,Specialist,Boston,66954.3,5028.61,2021-05-05,0,55.8,lisa.miller@company.com,(861) 712-6807,Inactive
EMP023998,James,Hernandez,James Hernandez,58,IT,Director,Miami,114368.27,6976.89,2024-10-06,31,63.9,james.hernandez@company.com,(276) 282-5237,Active
EMP023999,Ashley,Wilson,Ashley Wilson,44,Engineering,Manager,Chicago,101368.2,15745.07,2022-09-16,18,93.3,ashley.wilson@company.com,(710) 960-6214,Active
EMP024000,Melissa,Miller,Melissa Miller,63,Operations,Director,Austin,95175.4,7806.01,2020-08-16,37,90.7,melissa.miller@company.com,(499) 536-3807,On Leave
EMP024001,James,Jones,James Jones,60,Operations,Lead,Miami,113082.36,16875.22,2024-07-15,34,92.2,james.jones@company.com,(674) 551-5663,Active
EMP024002,James,Rodriguez,James Rodriguez,62,Sales,Senior Developer,Austin,106386.68,10167.74,2020-06-12,37,78.8,james.rodriguez@company.com,(829) 219-1887,Active
EMP024003,Nicole,Williams,Nicole Williams,61,Engineering,Coordinator,Austin,119878.87,14086.4,2020-10-31,33,54.7,nicole.williams@company.com,(930) 856-4589,Active
EMP024004,Melissa,Smith,Melissa Smith,43,Legal,Analyst,San Francisco,90599.26,9066.79,2021-10-19,14,76.9,melissa.smith@company.com,(302) 956-6712,Active
EMP024005,Sarah,Jones,Sarah Jones,33,HR,Associate,New York,62876.2,3631.41,2024-01-30,8,62.4,sarah.jones@company.com,(485) 313-2881,Active
EMP024006,Matthew,Jones,Matthew Jones,44,Legal,Manager,San Francisco,99289.4,17554.74,2022-03-15,19,74.8,matthew.jones@company.com,(458) 270-6692,Active
EMP024007,James,Smith,James Smith,42,HR,Director,Chicago,77350.08,16381.34,2021-09-16,20,71.5,james.smith@company.com,(431) 557-9493,Active
EMP024008,Melissa,Taylor,Melissa Taylor,30,Finance,Coordinator,San Francisco,81039.21,8169.18,2024-06-04,3,45.9,melissa.taylor@company.com,(334) 318-7760,Active
EMP024009,Jane,Wilson,Jane Wilson,39,Operations,Manager,Miami,71024.33,3912.75,2022-02-18,10,81.3,jane.wilson@company.com,(766) 801-2488,Active
EMP024010,Stephanie,Hernandez,Stephanie Hernandez,23,Finance,Associate,Austin,49206.11,2754.23,2024-08-18,0,78.2,stephanie.hernandez@company.com,(304) 625-4940,Active
EMP024011,Amanda,Martin,Amanda Martin,57,Engineering,Analyst,Seattle,112198.73,2386.03,2020-02-18,32,77.1,amanda.martin@company.com,(309) 830-3613,Active
EMP024012,Lisa,Brown,Lisa Brown,25,IT,Manager,Miami,88092.57,10664.01,2022-07-25,0,80.8,lisa.brown@company.com,(690) 360-1715,Active
EMP024013,David,Hernandez,David Hernandez,28,Operations,Manager,New York,64434.85,2975.81,2022-12-06,1,63.6,david.hernandez@company.com,(446) 857-6898,Inactive
EMP024014,Matthew,Hernandez,Matthew Hernandez,35,Sales,Senior Developer,Austin,89606.37,1408.43,2023-09-15,13,72.5,matthew.hernandez@company.com,(745) 936-9372,Active
EMP024015,Amanda,Hernandez,Amanda Hernandez,26,IT,Analyst,Austin,69695.86,4660.32,2024-03-01,0,58.7,amanda.hernandez@company.com,(933) 656-4128,Active
EMP024016,Jessica,Johnson,Jessica Johnson,42,Marketing,Coordinator,New York,52493.49,1307.73,2022-06-12,19,81.6,jessica.johnson@company.com,(840) 562-3263,Active
EMP024017,Lisa,Jones,Lisa Jones,52,Sales,Coordinator,Austin,86871.9,5347.24,2020-04-05,26,82.6,lisa.jones@company.com,(972) 696-9842,Active
EMP024018,James,Martin,James Martin,25,Operations,Senior Developer,Seattle,25589.91,0.0,2024-06-02,0,68.4,james.martin@company.com,(910) 224-4465,Inactive
EMP024019,Anthony,Johnson,Anthony Johnson,34,Legal,Director,Seattle,69065.18,3822.68,2021-07-08,11,94.6,anthony.johnson@company.com,(531) 592-2664,Active
EMP024020,Stephanie,Garcia,Stephanie Garcia,53,Sales,Manager,San Francisco,57364.64,7942.23,2024-05-11,24,84.5,stephanie.garcia@company.com,(569) 516-7530,Active
EMP024021,Jane,Miller,Jane Miller,45,IT,Senior Developer,Chicago,82431.28,10167.36,2020-04-28,21,70.8,jane.miller@company.com,(459) 552-1141,Inactive
EMP024022,Stephanie,Martin,Stephanie Martin,40,IT,Senior Developer,Boston,65368.25,10802.61,2023-04-29,15,86.2,stephanie.martin@company.com,(728) 576-1879,Active
EMP024023,Robert,Johnson,Robert Johnson,42,Sales,Senior Developer,Seattle,66914.82,2376.54,2020-01-18,19,89.9,robert.johnson@company.com,(646) 557-2894,Active
EMP024024,Anthony,Wilson,Anthony Wilson,33,Engineering,Specialist,San Francisco,92890.45,8049.98,2022-01-20,4,57.0,anthony.wilson@company.com,(535) 618-7420,Active
EMP024025,William,Jones,William Jones,47,Finance,Analyst,New York,114431.28,18504.48,2022-03-09,22,66.2,william.jones@company.com,(545) 695-7972,On Leave
EMP024026,Stephanie,Brown,Stephanie Brown,54,Marketing,Lead,Seattle,86093.96,12098.15,2022-07-07,28,79.2,stephanie.brown@company.com,(844) 948-6882,Active
EMP024027,John,Jackson,John Jackson,39,Finance,Coordinator,Miami,91234.67,6660.6,2021-02-17,12,74.8,john.jackson@company.com,(416) 532-9198,Active
EMP024028,Sarah,Garcia,Sarah Garcia,49,HR,Manager,Miami,60290.86,0.0,2024-02-19,26,75.6,sarah.garcia@company.com,(281) 947-8508,Active
EMP024029,John,Anderson,John Anderson,26,Sales,Associate,Boston,71914.09,11428.14,2021-12-12,0,87.4,john.anderson@company.com,(762) 880-9622,Active
EMP024030,Lisa,Miller,Lisa Miller,47,Finance,Director,Chicago,74316.91,5365.14,2024-05-11,25,80.8,lisa.miller@company.com,(676) 679-1461,Active
EMP024031,David,Brown,David Brown,41,Finance,Manager,Seattle,92031.6,11037.05,2023-04-27,15,64.4,david.brown@company.com,(439) 951-8646,Active
EMP024032,Amanda,Lopez,Amanda Lopez,63,HR,Senior Developer,New York,70247.62,787.03,2021-10-28,38,62.5,amanda.lopez@company.com,(316) 574-8351,Active
EMP024033,Robert,Lopez,Robert Lopez,49,Sales,Lead,Austin,98059.42,5934.87,2021-03-08,21,75.2,robert.lopez@company.com,(763) 376-1318,Active
EMP024034,Amanda,Anderson,Amanda Anderson,54,HR,Associate,Seattle,77397.36,3543.41,2024-09-24,25,60.4,amanda.anderson@company.com,(597) 994-1743,Active
EMP024035,John,Smith,John Smith,38,Sales,Manager,San Francisco,73793.74,5301.32,2024-09-06,16,82.6,john.smith@company.com,(691) 867-5085,Inactive
EMP024036,Matthew,Brown,Matthew Brown,28,Marketing,Specialist,Boston,49230.67,8546.99,2022-01-27,0,90.4,matthew.brown@company.com,(303) 293-6251,Active
EMP024037,Anthony,Garcia,Anthony Garcia,49,IT,Analyst,Boston,94802.0,7324.38,2020-01-11,27,90.5,anthony.garcia@company.com,(398) 892-4168,Active
EMP024038,William,Gonzalez,William Gonzalez,31,Marketing,Associate,Los Angeles,54147.0,1662.16,2023-02-19,6,59.3,william.gonzalez@company.com,(223) 469-4408,Active
EMP024039,Daniel,Martinez,Daniel Martinez,51,Sales,Analyst,Miami,80388.82,6221.07,2022-01-26,29,75.3,daniel.martinez@company.com,(376) 398-9161,Active
EMP024040,Lisa,Rodriguez,Lisa Rodriguez,58,Engineering,Coordinator,Los Angeles,114757.15,12979.35,2021-06-10,36,85.6,lisa.rodriguez@company.com,(921) 283-3638,Active
EMP024041,Emily,Smith,Emily Smith,24,Engineering,Manager,Chicago,75318.09,8239.57,2023-02-22,0,54.3,emily.smith@company.com,(300) 820-8700,Active
EMP024042,Amanda,Brown,Amanda Brown,45,IT,Senior Developer,Los Angeles,83379.3,15649.07,2020-04-15,18,93.8,amanda.brown@company.com,(540) 707-6466,Active
EMP024043,Anthony,Garcia,Anthony Garcia,33,HR,Associate,New York,84432.39,6198.3,2020-09-14,6,81.8,anthony.garcia@company.com,(607) 644-9437,On Leave
EMP024044,Michael,Brown,Michael Brown,22,Legal,Manager,New York,57027.31,11860.43,2023-12-12,0,87.7,michael.brown@company.com,(962) 304-6511,Inactive
EMP024045,Daniel,Jones,Daniel Jones,25,Finance,Specialist,Miami,83582.89,13587.78,2021-08-22,0,80.1,daniel.jones@company.com,(579) 599-3466,Inactive
EMP024046,John,Gonzalez,John Gonzalez,30,Marketing,Specialist,Los Angeles,74599.2,6776.7,2021-03-05,1,44.5,john.gonzalez@company.com,(960) 204-6036,Inactive
EMP024047,Sarah,Jackson,Sarah Jackson,30,Operations,Specialist,New York,51130.26,5351.86,2021-08-01,6,73.5,sarah.jackson@company.com,(689) 728-3649,Active
EMP024048,Christopher,Miller,Christopher Miller,40,Finance,Senior Developer,Boston,95664.9,12750.66,2023-12-25,11,79.6,christopher.miller@company.com,(849) 851-5659,Active
EMP024049,John,Williams,John Williams,62,Engineering,Senior Developer,Los Angeles,111821.74,7204.92,2023-12-04,33,85.3,john.williams@company.com,(778) 960-9086,Active
EMP024050,Melissa,Garcia,Melissa Garcia,24,Sales,Coordinator,Seattle,53239.58,4936.53,2021-06-02,2,73.9,melissa.garcia@company.com,(946) 387-1194,Active
EMP024051,William,Thomas,William Thomas,30,Operations,Coordinator,Miami,72897.0,10069.07,2024-02-05,5,71.1,william.thomas@company.com,(627) 311-4009,Active
EMP024052,Robert,Brown,Robert Brown,36,Engineering,Analyst,Austin,91979.98,7666.31,2023-04-29,10,92.8,robert.brown@company.com,(573) 943-5585,Active
EMP024053,William,Hernandez,William Hernandez,46,HR,Coordinator,Los Angeles,77109.03,6589.62,2023-04-19,24,69.2,william.hernandez@company.com,(314) 643-4055,On Leave
EMP024054,Emily,Moore,Emily Moore,64,Finance,Analyst,San Francisco,69319.15,7375.94,2022-12-06,38,87.3,emily.moore@company.com,(226) 869-2875,Active
EMP024055,Matthew,Smith,Matthew Smith,33,IT,Associate,Chicago,72465.47,6840.25,2024-06-05,10,79.4,matthew.smith@company.com,(470) 350-4179,Active
EMP024056,Michael,Smith,Michael Smith,49,Legal,Senior Developer,Chicago,75882.34,8055.96,2024-04-18,22,82.9,michael.smith@company.com,(401) 264-2477,Active
EMP024057,David,Lopez,David Lopez,58,HR,Lead,Los Angeles,66336.65,7638.16,2024-01-06,29,89.3,david.lopez@company.com,(433) 336-4037,Active
EMP024058,Emily,Jackson,Emily Jackson,53,IT,Senior Developer,New York,87432.45,7282.13,2022-01-17,29,71.5,emily.jackson@company.com,(735) 514-7540,Active
EMP024059,Michael,Williams,Michael Williams,60,Engineering,Analyst,Chicago,104228.44,13823.85,2021-04-25,35,60.7,michael.williams@company.com,(209) 460-2773,Active
EMP024060,Daniel,Davis,Daniel Davis,24,Marketing,Senior Developer,Austin,31493.34,2570.77,2023-12-10,0,64.8,daniel.davis@company.com,(823) 520-5164,Inactive
EMP024061,Anthony,Taylor,Anthony Taylor,62,Sales,Specialist,Chicago,50700.87,5479.27,2022-09-28,39,78.7,anthony.taylor@company.com,(887) 889-3227,On Leave
EMP024062,Jane,Garcia,Jane Garcia,38,Engineering,Specialist,Miami,106509.25,16320.97,2023-03-15,12,72.0,jane.garcia@company.com,(959) 969-8198,Active
EMP024063,Ashley,Thomas,Ashley Thomas,46,Marketing,Senior Developer,Boston,81232.03,13548.53,2021-05-11,17,69.0,ashley.thomas@company.com,(893) 479-6657,Active
EMP024064,Anthony,Rodriguez,Anthony Rodriguez,28,Sales,Associate,San Francisco,66918.35,6480.82,2020-05-11,1,65.2,anthony.rodriguez@company.com,(901) 875-1638,Active
EMP024065,Matthew,Hernandez,Matthew Hernandez,43,IT,Manager,Los Angeles,77668.15,6004.38,2024-07-20,16,55.8,matthew.hernandez@company.com,(249) 949-6892,Active
EMP024066,Matthew,Miller,Matthew Miller,39,Finance,Specialist,New York,96577.05,9400.36,2020-11-20,14,73.8,matthew.miller@company.com,(665) 853-9254,Active
EMP024067,Jessica,Taylor,Jessica Taylor,32,IT,Lead,Miami,69677.86,0.0,2020-05-15,10,70.0,jessica.taylor@company.com,(785) 583-2107,Active
EMP024068,Anthony,Hernandez,Anthony Hernandez,24,Legal,Associate,Boston,66049.7,7690.66,2020-01-24,1,73.3,anthony.hernandez@company.com,(209) 912-2731,Active
EMP024069,Sarah,Jones,Sarah Jones,51,Marketing,Lead,San Francisco,86255.38,6195.13,2021-08-09,27,61.8,sarah.jones@company.com,(930) 862-5340,Active
EMP024070,John,Moore,John Moore,30,Marketing,Senior Developer,Austin,38181.56,699.77,2022-05-05,1,61.5,john.moore@company.com,(240) 759-1852,Active
EMP024071,Nicole,Martinez,Nicole Martinez,29,Marketing,Associate,Seattle,67389.31,10442.65,2020-05-26,1,73.8,nicole.martinez@company.com,(616) 290-8114,Active
EMP024072,Matthew,Taylor,Matthew Taylor,39,Sales,Analyst,San Francisco,71835.99,6816.01,2021-03-19,11,73.7,matthew.taylor@company.com,(282) 936-5983,Inactive
EMP024073,Lisa,Jackson,Lisa Jackson,57,Engineering,Manager,Austin,102152.16,2934.08,2024-08-25,29,85.4,lisa.jackson@company.com,(559) 414-5280,Active
EMP024074,Robert,Martin,Robert Martin,62,IT,Specialist,Chicago,76169.33,1706.53,2023-07-28,34,73.1,robert.martin@company.com,(951) 890-2734,Active
EMP024075,Michael,Rodriguez,Michael Rodriguez,53,IT,Analyst,Seattle,124169.74,26220.98,2020-04-04,28,69.1,michael.rodriguez@company.com,(534) 730-2966,Active
EMP024076,Daniel,Jackson,Daniel Jackson,35,Sales,Manager,Austin,86089.44,9433.07,2024-10-12,10,75.4,daniel.jackson@company.com,(451) 340-1505,On Leave
EMP024077,Robert,Thomas,Robert Thomas,63,Marketing,Analyst,Boston,77387.71,2101.28,2023-10-03,37,100.0,robert.thomas@company.com,(854) 449-1560,Active
EMP024078,Sarah,Hernandez,Sarah Hernandez,58,IT,Manager,Boston,111906.91,11621.74,2023-06-23,32,72.4,sarah.hernandez@company.com,(565) 332-7057,Active
EMP024079,Ashley,Jones,Ashley Jones,53,Marketing,Senior Developer,New York,87686.43,4930.92,2024-04-09,27,98.9,ashley.jones@company.com,(784) 289-1466,Active
EMP024080,Lisa,Wilson,Lisa Wilson,22,Operations,Associate,Chicago,69640.65,13478.63,2022-03-31,0,91.3,lisa.wilson@company.com,(232) 261-4037,Inactive
EMP024081,Robert,Hernandez,Robert Hernandez,32,Engineering,Director,Los Angeles,74166.36,8873.02,2023-12-25,5,84.2,robert.hernandez@company.com,(659) 651-1537,Active
EMP024082,Michael,Hernandez,Michael Hernandez,22,Legal,Coordinator,Seattle,66874.76,1761.06,2022-04-12,0,77.6,michael.hernandez@company.com,(523) 394-9315,Inactive
EMP024083,Sarah,Williams,Sarah Williams,53,Finance,Senior Developer,Chicago,67132.75,10103.95,2023-10-02,29,65.4,sarah.williams@company.com,(684) 223-8019,Active
EMP024084,Sarah,Martinez,Sarah Martinez,64,Legal,Senior Developer,Boston,132579.28,12920.92,2023-11-07,41,82.5,sarah.martinez@company.com,(368) 753-3480,Inactive
EMP024085,Anthony,Martin,Anthony Martin,30,Operations,Senior Developer,Boston,51459.31,5290.29,2020-02-13,7,94.2,anthony.martin@company.com,(637) 942-5886,Active
EMP024086,Anthony,Anderson,Anthony Anderson,22,Operations,Associate,Los Angeles,44847.5,3092.0,2021-07-24,0,30.6,anthony.anderson@company.com,(561) 676-4426,Active
EMP024087,Robert,Brown,Robert Brown,28,Engineering,Director,Chicago,79428.34,19035.13,2021-08-24,4,77.3,robert.brown@company.com,(990) 779-7840,Active
EMP024088,Christopher,Thomas,Christopher Thomas,28,Legal,Manager,Boston,81392.84,11685.14,2022-03-03,1,60.8,christopher.thomas@company.com,(986) 642-7641,Active
EMP024089,Michael,Wilson,Michael Wilson,24,Operations,Analyst,Austin,62043.94,11035.41,2020-07-17,1,100.0,michael.wilson@company.com,(988) 651-1145,Inactive
EMP024090,Matthew,Lopez,Matthew Lopez,22,IT,Specialist,New York,55649.25,3830.42,2022-12-24,0,94.1,matthew.lopez@company.com,(694) 639-2926,Active
EMP024091,Stephanie,Garcia,Stephanie Garcia,27,Marketing,Senior Developer,Austin,69458.56,7474.88,2023-05-08,2,68.1,stephanie.garcia@company.com,(964) 872-8308,On Leave
EMP024092,Robert,Garcia,Robert Garcia,29,Engineering,Director,Miami,80048.64,11141.79,2020-11-09,0,95.2,robert.garcia@company.com,(839) 446-3233,Active
EMP024093,Robert,Davis,Robert Davis,57,HR,Manager,New York,77572.79,1758.75,2024-11-14,34,94.0,robert.davis@company.com,(445) 376-6338,Active
EMP024094,Jane,Moore,Jane Moore,42,Finance,Analyst,Los Angeles,85037.46,15924.02,2024-03-01,13,60.5,jane.moore@company.com,(897) 856-4557,On Leave
EMP024095,Christopher,Anderson,Christopher Anderson,58,HR,Associate,Los Angeles,76117.73,7638.71,2023-10-10,36,54.7,christopher.anderson@company.com,(411) 569-6120,Active
EMP024096,James,Wilson,James Wilson,46,Operations,Manager,Boston,101029.98,5657.41,2020-10-28,19,67.6,james.wilson@company.com,(304) 713-7972,Active
EMP024097,Lisa,Smith,Lisa Smith,47,Marketing,Senior Developer,Boston,75619.1,9111.29,2021-08-05,25,83.0,lisa.smith@company.com,(413) 551-2191,Inactive
EMP024098,Emily,Moore,Emily Moore,32,Engineering,Associate,Chicago,76397.66,5287.11,2022-10-26,5,85.8,emily.moore@company.com,(752) 464-7835,Active
EMP024099,Emily,Johnson,Emily Johnson,55,Marketing,Associate,Los Angeles,71447.89,6101.36,2023-03-15,28,60.3,emily.johnson@company.com,(697) 421-2643,Active
EMP024100,Melissa,Williams,Melissa Williams,44,IT,Manager,Miami,84465.72,6899.46,2023-07-13,19,100.0,melissa.williams@company.com,(784) 729-5398,Inactive
EMP024101,Matthew,Martinez,Matthew Martinez,23,IT,Coordinator,New York,49067.45,7330.78,2023-04-11,0,92.9,matthew.martinez@company.com,(268) 919-7670,Active
EMP024102,Emily,Moore,Emily Moore,56,HR,Analyst,Austin,87215.95,7922.32,2023-07-23,32,74.2,emily.moore@company.com,(710) 706-9025,Active
EMP024103,Amanda,Martinez,Amanda Martinez,45,IT,Senior Developer,Chicago,83303.84,6398.23,2022-11-17,20,81.0,amanda.martinez@company.com,(225) 529-9267,Active
EMP024104,Michael,Williams,Michael Williams,31,Finance,Coordinator,Los Angeles,93418.68,12725.65,2022-05-04,6,65.8,michael.williams@company.com,(751) 789-9212,Inactive
EMP024105,Anthony,Moore,Anthony Moore,42,Sales,Lead,Chicago,57357.06,3875.11,2023-12-08,20,49.7,anthony.moore@company.com,(864) 919-9065,Active
EMP024106,Daniel,Lopez,Daniel Lopez,49,Finance,Manager,Boston,53983.56,0.0,2020-12-13,21,71.1,daniel.lopez@company.com,(631) 295-7407,Active
EMP024107,William,Wilson,William Wilson,26,Legal,Senior Developer,New York,92242.77,13615.75,2024-04-12,4,89.7,william.wilson@company.com,(613) 497-7696,Active
EMP024108,Lisa,Wilson,Lisa Wilson,43,Legal,Senior Developer,New York,109947.48,5294.1,2022-12-28,21,97.4,lisa.wilson@company.com,(664) 940-6421,Active
EMP024109,Robert,Gonzalez,Robert Gonzalez,39,Engineering,Manager,Chicago,89372.74,5189.2,2023-11-11,15,77.6,robert.gonzalez@company.com,(765) 615-9773,Inactive
EMP024110,Matthew,Smith,Matthew Smith,43,Finance,Coordinator,Boston,72268.41,7357.31,2021-04-29,17,39.8,matthew.smith@company.com,(672) 682-3775,Active
EMP024111,Jane,Wilson,Jane Wilson,41,Sales,Director,Los Angeles,78338.85,7220.77,2022-05-06,14,54.6,jane.wilson@company.com,(607) 422-2271,Active
EMP024112,Jane,Martinez,Jane Martinez,31,Finance,Lead,Los Angeles,86604.84,8007.23,2022-02-28,5,100.0,jane.martinez@company.com,(597) 324-5418,Active
EMP024113,Sarah,Smith,Sarah Smith,45,Marketing,Associate,Austin,85608.47,8941.98,2021-12-08,20,64.3,sarah.smith@company.com,(504) 265-4845,Active
EMP024114,William,Jones,William Jones,41,Sales,Senior Developer,Austin,90578.19,3789.51,2022-11-21,13,91.4,william.jones@company.com,(791) 240-2464,Active
EMP024115,David,Smith,David Smith,64,Marketing,Director,New York,79889.73,7856.49,2022-01-27,38,75.0,david.smith@company.com,(234) 682-5283,On Leave
EMP024116,John,Miller,John Miller,33,HR,Associate,New York,56925.83,8488.32,2024-12-28,4,98.7,john.miller@company.com,(291) 759-2645,Active
EMP024117,William,Lopez,William Lopez,43,Sales,Director,San Francisco,81931.82,5365.17,2023-07-19,15,83.5,william.lopez@company.com,(789) 658-2490,On Leave
EMP024118,Daniel,Rodriguez,Daniel Rodriguez,58,Marketing,Associate,Los Angeles,99428.12,4113.21,2021-08-27,35,90.4,daniel.rodriguez@company.com,(510) 692-7759,On Leave
EMP024119,Robert,Lopez,Robert Lopez,46,IT,Manager,Miami,101395.92,7544.38,2022-01-02,23,100.0,robert.lopez@company.com,(762) 918-4136,Active
EMP024120,Michael,Rodriguez,Michael Rodriguez,48,HR,Senior Developer,New York,82962.96,3070.48,2022-04-03,25,85.4,michael.rodriguez@company.com,(872) 833-5909,Active
EMP024121,Melissa,Gonzalez,Melissa Gonzalez,57,Finance,Lead,New York,98008.19,3523.58,2024-06-09,30,59.5,melissa.gonzalez@company.com,(520) 279-5923,Active
EMP024122,Matthew,Martinez,Matthew Martinez,45,Engineering,Coordinator,New York,99208.1,7751.35,2024-08-03,16,80.7,matthew.martinez@company.com,(941) 239-8330,Active
EMP024123,Sarah,Rodriguez,Sarah Rodriguez,58,Operations,Associate,Chicago,67634.31,5371.09,2020-09-13,31,51.5,sarah.rodriguez@company.com,(389) 973-4054,Active
EMP024124,William,Taylor,William Taylor,62,Engineering,Lead,Chicago,93759.85,7100.51,2022-12-08,33,71.3,william.taylor@company.com,(461) 991-7840,Active
EMP024125,Jessica,Moore,Jessica Moore,62,Marketing,Associate,Chicago,88712.99,10920.36,2021-05-22,39,65.9,jessica.moore@company.com,(633) 438-9350,Inactive
EMP024126,Michael,Jackson,Michael Jackson,26,Legal,Analyst,Seattle,61541.69,1845.94,2020-01-12,3,84.5,michael.jackson@company.com,(480) 576-7285,Active
EMP024127,Sarah,Johnson,Sarah Johnson,38,Operations,Director,Miami,47097.87,5096.08,2020-11-17,10,53.0,sarah.johnson@company.com,(753) 765-4378,Active
EMP024128,Jane,Jackson,Jane Jackson,31,Marketing,Manager,San Francisco,57757.75,4754.0,2020-01-20,8,80.7,jane.jackson@company.com,(215) 240-3916,Active
EMP024129,Matthew,Jackson,Matthew Jackson,27,HR,Analyst,San Francisco,78283.68,8233.19,2020-01-09,3,67.5,matthew.jackson@company.com,(261) 278-6724,Active
EMP024130,Ashley,Garcia,Ashley Garcia,49,Marketing,Specialist,Boston,68221.98,6451.19,2023-05-26,20,68.1,ashley.garcia@company.com,(976) 374-3461,Active
EMP024131,Lisa,Lopez,Lisa Lopez,30,IT,Manager,Chicago,65327.42,8305.06,2024-09-30,5,82.5,lisa.lopez@company.com,(691) 673-6612,Active
EMP024132,Matthew,Thomas,Matthew Thomas,63,HR,Analyst,Seattle,86809.94,4881.68,2020-10-11,40,83.5,matthew.thomas@company.com,(790) 866-5250,Active
EMP024133,Matthew,Williams,Matthew Williams,35,Legal,Senior Developer,Miami,91683.45,7878.17,2023-10-12,9,77.9,matthew.williams@company.com,(655) 572-8749,Active
EMP024134,Anthony,Garcia,Anthony Garcia,48,Engineering,Coordinator,San Francisco,93448.34,2116.81,2021-09-07,25,46.9,anthony.garcia@company.com,(776) 995-7047,Active
EMP024135,Sarah,Williams,Sarah Williams,51,Sales,Director,Seattle,79734.64,13469.24,2024-09-22,25,66.3,sarah.williams@company.com,(869) 200-5638,Active
EMP024136,Michael,Anderson,Michael Anderson,53,HR,Associate,Los Angeles,72868.91,0.0,2022-07-16,27,83.1,michael.anderson@company.com,(468) 625-8606,Active
EMP024137,Matthew,Wilson,Matthew Wilson,62,HR,Analyst,Los Angeles,75882.42,6784.1,2020-06-25,34,58.6,matthew.wilson@company.com,(477) 661-8660,Active
EMP024138,Daniel,Williams,Daniel Williams,37,Legal,Senior Developer,Austin,55543.23,1816.15,2024-01-23,9,72.3,daniel.williams@company.com,(822) 719-7480,Active
EMP024139,James,Taylor,James Taylor,37,HR,Lead,New York,60528.32,11202.33,2022-08-21,15,86.4,james.taylor@company.com,(477) 319-7808,Active
EMP024140,Nicole,Williams,Nicole Williams,62,Legal,Analyst,Miami,118294.03,3678.78,2024-05-30,40,73.7,nicole.williams@company.com,(379) 991-6140,Active
EMP024141,David,Miller,David Miller,63,Sales,Director,Boston,107523.46,9138.01,2020-11-05,40,80.0,david.miller@company.com,(233) 279-5515,Active
EMP024142,Robert,Taylor,Robert Taylor,24,IT,Lead,Boston,67146.26,6811.32,2024-04-20,0,91.9,robert.taylor@company.com,(797) 836-6499,Active
EMP024143,Jessica,Williams,Jessica Williams,59,HR,Director,New York,69472.61,7117.27,2021-12-21,36,68.2,jessica.williams@company.com,(297) 467-3548,Active
EMP024144,Daniel,Brown,Daniel Brown,49,IT,Specialist,Boston,95151.35,6628.17,2021-01-08,20,92.5,daniel.brown@company.com,(207) 819-8983,Active
EMP024145,Emily,Jackson,Emily Jackson,24,Sales,Director,Los Angeles,65386.59,7165.44,2022-08-18,0,100.0,emily.jackson@company.com,(784) 571-7435,Active
EMP024146,Emily,Johnson,Emily Johnson,48,Legal,Analyst,San Francisco,88106.43,9476.57,2022-10-12,24,81.6,emily.johnson@company.com,(461) 993-8767,Active
EMP024147,Sarah,Martinez,Sarah Martinez,49,Engineering,Director,Los Angeles,108368.08,8909.6,2022-11-08,23,76.9,sarah.martinez@company.com,(411) 652-5805,Active
EMP024148,Matthew,Hernandez,Matthew Hernandez,25,Marketing,Specialist,New York,81272.19,8436.47,2021-01-28,0,100.0,matthew.hernandez@company.com,(970) 996-9048,Active
EMP024149,Sarah,Martin,Sarah Martin,64,IT,Senior Developer,New York,91491.14,3860.06,2023-10-14,41,73.1,sarah.martin@company.com,(602) 872-7041,Active
EMP024150,Lisa,Wilson,Lisa Wilson,58,Engineering,Specialist,Chicago,101521.52,6805.8,2020-10-28,30,57.4,lisa.wilson@company.com,(349) 201-4706,Active
EMP024151,John,Garcia,John Garcia,31,Engineering,Coordinator,Austin,67977.9,7186.59,2021-02-10,2,82.0,john.garcia@company.com,(415) 696-5546,Active
EMP024152,Michael,Lopez,Michael Lopez,28,Sales,Coordinator,New York,95700.56,14694.58,2022-06-04,4,93.4,michael.lopez@company.com,(275) 345-6698,Active
EMP024153,Emily,Johnson,Emily Johnson,62,Engineering,Manager,Seattle,143539.14,21558.07,2020-12-15,37,81.8,emily.johnson@company.com,(718) 647-2798,Active
EMP024154,Matthew,Johnson,Matthew Johnson,57,HR,Lead,Boston,74982.0,4618.66,2020-03-11,31,76.5,matthew.johnson@company.com,(576) 979-5703,Active
EMP024155,Stephanie,Gonzalez,Stephanie Gonzalez,29,IT,Manager,Seattle,88575.19,9275.15,2024-04-13,2,69.7,stephanie.gonzalez@company.com,(699) 454-7626,Active
EMP024156,Nicole,Johnson,Nicole Johnson,52,Engineering,Coordinator,Austin,100362.24,4790.96,2022-10-19,28,83.5,nicole.johnson@company.com,(442) 379-5131,Active
EMP024157,Amanda,Jones,Amanda Jones,26,HR,Associate,Los Angeles,65369.11,7017.62,2023-05-23,0,79.8,amanda.jones@company.com,(541) 966-3312,Active
EMP024158,Michael,Garcia,Michael Garcia,22,HR,Coordinator,Austin,59293.87,2984.55,2021-11-21,0,56.6,michael.garcia@company.com,(793) 201-1038,Active
EMP024159,Anthony,Jones,Anthony Jones,27,Engineering,Coordinator,Chicago,88884.56,13046.01,2023-08-24,2,70.7,anthony.jones@company.com,(970) 759-9308,Active
EMP024160,Ashley,Johnson,Ashley Johnson,32,IT,Specialist,Los Angeles,68941.17,4403.92,2022-10-29,6,85.7,ashley.johnson@company.com,(600) 403-7674,Active
EMP024161,Nicole,Williams,Nicole Williams,52,Sales,Senior Developer,San Francisco,85629.67,6590.03,2022-11-05,24,74.5,nicole.williams@company.com,(622) 342-8825,Active
EMP024162,Lisa,Anderson,Lisa Anderson,49,HR,Lead,Austin,40283.87,8991.7,2022-03-10,20,46.3,lisa.anderson@company.com,(575) 714-1931,Inactive
EMP024163,Jane,Martin,Jane Martin,65,Marketing,Manager,Chicago,65190.73,2469.38,2020-07-31,36,86.6,jane.martin@company.com,(600) 311-6401,Active
EMP024164,David,Thomas,David Thomas,35,HR,Director,Seattle,74818.71,8740.38,2024-06-12,10,57.9,david.thomas@company.com,(336) 952-5276,Inactive
EMP024165,David,Jackson,David Jackson,31,HR,Lead,Chicago,53338.84,5455.87,2023-09-06,8,100.0,david.jackson@company.com,(727) 599-4686,Active
EMP024166,Emily,Miller,Emily Miller,57,Finance,Senior Developer,San Francisco,92319.19,12961.81,2022-12-22,28,55.1,emily.miller@company.com,(733) 789-3374,Active
EMP024167,William,Rodriguez,William Rodriguez,27,HR,Manager,Austin,41237.29,4307.85,2023-04-15,0,82.2,william.rodriguez@company.com,(583) 997-5245,Active
EMP024168,James,Hernandez,James Hernandez,31,Sales,Lead,San Francisco,49341.37,1827.6,2020-04-29,4,66.0,james.hernandez@company.com,(391) 219-8878,Active
EMP024169,Melissa,Anderson,Melissa Anderson,65,HR,Specialist,Chicago,79821.31,1730.75,2020-02-13,43,78.7,melissa.anderson@company.com,(474) 239-8651,Active
EMP024170,Lisa,Garcia,Lisa Garcia,29,Operations,Manager,Miami,60112.99,3591.76,2022-11-28,6,85.5,lisa.garcia@company.com,(228) 702-9196,Active
EMP024171,Jessica,Martin,Jessica Martin,51,Marketing,Analyst,Chicago,69530.31,5071.27,2022-07-06,24,78.9,jessica.martin@company.com,(873) 786-7272,Active
EMP024172,Emily,Wilson,Emily Wilson,58,Engineering,Coordinator,Boston,119046.69,19048.05,2021-04-17,31,60.8,emily.wilson@company.com,(540) 515-2880,Active
EMP024173,Michael,Davis,Michael Davis,42,Sales,Manager,Austin,69805.19,4413.87,2020-10-21,15,81.2,michael.davis@company.com,(641) 935-1041,Active
EMP024174,Stephanie,Davis,Stephanie Davis,43,Engineering,Associate,Miami,105720.04,7708.85,2024-07-31,15,100.0,stephanie.davis@company.com,(853) 414-4040,Active
EMP024175,Jane,Smith,Jane Smith,33,IT,Senior Developer,Boston,71837.64,4067.12,2022-09-16,5,78.7,jane.smith@company.com,(407) 919-9474,Active
EMP024176,Ashley,Gonzalez,Ashley Gonzalez,47,Sales,Analyst,Seattle,74864.46,6335.27,2022-09-05,24,100.0,ashley.gonzalez@company.com,(656) 621-9335,Active
EMP024177,Robert,Thomas,Robert Thomas,39,Legal,Specialist,Boston,81230.02,11712.51,2024-12-08,16,54.7,robert.thomas@company.com,(522) 515-3171,Active
EMP024178,Robert,Anderson,Robert Anderson,41,Engineering,Manager,San Francisco,108219.11,13322.41,2023-07-08,18,54.2,robert.anderson@company.com,(405) 527-4300,Active
EMP024179,Ashley,Jones,Ashley Jones,32,Sales,Coordinator,Chicago,83248.12,1282.34,2020-12-18,5,56.4,ashley.jones@company.com,(645) 553-9215,Active
EMP024180,Christopher,Miller,Christopher Miller,32,Operations,Coordinator,Chicago,59993.68,7448.7,2023-03-24,4,83.7,christopher.miller@company.com,(301) 596-6109,Active
EMP024181,Michael,Davis,Michael Davis,51,HR,Coordinator,San Francisco,89996.51,13759.59,2020-11-10,28,48.2,michael.davis@company.com,(574) 895-6090,Active
EMP024182,Jane,Thomas,Jane Thomas,26,IT,Analyst,Chicago,72647.27,1887.78,2022-12-10,4,100.0,jane.thomas@company.com,(868) 342-7684,Active
EMP024183,Robert,Smith,Robert Smith,25,Sales,Coordinator,Boston,30000.0,2146.3,2023-04-12,0,70.2,robert.smith@company.com,(892) 272-6240,Active
EMP024184,Emily,Wilson,Emily Wilson,39,Sales,Associate,Boston,59135.29,6401.15,2024-05-20,13,69.1,emily.wilson@company.com,(357) 620-2392,Active
EMP024185,Anthony,Taylor,Anthony Taylor,34,Sales,Specialist,Los Angeles,45958.23,5995.88,2022-07-06,9,99.9,anthony.taylor@company.com,(741) 432-8680,Active
EMP024186,Jessica,Martinez,Jessica Martinez,58,Legal,Coordinator,Seattle,103496.97,3626.75,2021-09-21,33,65.4,jessica.martinez@company.com,(883) 263-5056,Active
EMP024187,Ashley,Thomas,Ashley Thomas,31,Legal,Manager,Chicago,130991.74,3443.57,2022-05-24,2,58.3,ashley.thomas@company.com,(727) 284-7740,Active
EMP024188,Stephanie,Brown,Stephanie Brown,52,IT,Specialist,Los Angeles,93842.52,5214.09,2022-05-02,24,75.1,stephanie.brown@company.com,(922) 284-9221,Active
EMP024189,Robert,Gonzalez,Robert Gonzalez,39,IT,Coordinator,Seattle,78429.38,15455.7,2022-07-10,12,79.3,robert.gonzalez@company.com,(570) 698-6656,Active
EMP024190,James,Miller,James Miller,62,Operations,Director,New York,68020.94,7901.43,2023-07-29,35,76.3,james.miller@company.com,(841) 423-3828,Active
EMP024191,Stephanie,Davis,Stephanie Davis,60,HR,Analyst,Seattle,65566.89,4939.01,2024-01-31,36,63.8,stephanie.davis@company.com,(758) 399-1035,Active
EMP024192,Jessica,Miller,Jessica Miller,62,Operations,Lead,Miami,79391.19,11168.1,2024-01-31,33,48.6,jessica.miller@company.com,(597) 687-6089,Active
EMP024193,Melissa,Lopez,Melissa Lopez,64,Finance,Director,Miami,101807.87,7013.56,2023-05-03,42,91.8,melissa.lopez@company.com,(912) 274-4057,Active
EMP024194,David,Jackson,David Jackson,33,Legal,Lead,Miami,107591.38,13911.45,2021-01-10,10,75.5,david.jackson@company.com,(970) 891-3490,Active
EMP024195,Lisa,Miller,Lisa Miller,44,IT,Associate,Seattle,90752.72,2652.57,2021-09-13,22,53.2,lisa.miller@company.com,(578) 226-6352,Active
EMP024196,James,Rodriguez,James Rodriguez,41,Finance,Lead,Seattle,100748.23,16797.03,2022-03-07,16,82.8,james.rodriguez@company.com,(441) 997-7928,Active
EMP024197,Amanda,Martin,Amanda Martin,65,Marketing,Analyst,Seattle,88993.51,10500.67,2023-03-25,42,97.4,amanda.martin@company.com,(757) 496-5299,Active
EMP024198,Michael,Jones,Michael Jones,45,Sales,Analyst,Chicago,72896.18,5076.41,2024-11-06,19,73.8,michael.jones@company.com,(972) 541-1448,Active
EMP024199,Daniel,Taylor,Daniel Taylor,56,Marketing,Manager,Miami,76244.98,11180.82,2022-08-04,28,74.3,daniel.taylor@company.com,(560) 500-5239,Active
EMP024200,John,Anderson,John Anderson,56,Marketing,Coordinator,Boston,69686.53,8202.95,2020-02-27,33,81.2,john.anderson@company.com,(560) 289-5303,Active
EMP024201,Lisa,Garcia,Lisa Garcia,23,Legal,Analyst,Los Angeles,85251.74,10547.93,2022-02-04,0,75.7,lisa.garcia@company.com,(749) 673-4885,Active
EMP024202,Matthew,Jones,Matthew Jones,23,IT,Specialist,Los Angeles,48271.05,4541.63,2023-11-12,0,84.4,matthew.jones@company.com,(222) 246-6510,Active
EMP024203,John,Jones,John Jones,37,Legal,Manager,Seattle,83993.71,10585.15,2020-11-17,15,76.9,john.jones@company.com,(283) 369-3620,Inactive
EMP024204,Jessica,Anderson,Jessica Anderson,40,Finance,Senior Developer,Boston,76060.43,10111.81,2021-06-08,15,65.7,jessica.anderson@company.com,(842) 497-4488,Inactive
EMP024205,Matthew,Martinez,Matthew Martinez,47,IT,Coordinator,Boston,96599.41,6702.48,2022-05-06,19,78.1,matthew.martinez@company.com,(995) 311-8006,Active
EMP024206,Michael,Taylor,Michael Taylor,23,HR,Lead,Seattle,61223.92,3411.47,2022-06-09,0,71.5,michael.taylor@company.com,(673) 906-8273,Inactive
EMP024207,Amanda,Martin,Amanda Martin,36,Sales,Manager,Boston,70074.64,6626.0,2022-03-25,10,70.5,amanda.martin@company.com,(206) 459-7361,Active
EMP024208,Stephanie,Miller,Stephanie Miller,48,Finance,Manager,Seattle,92555.7,7843.11,2020-02-13,24,79.7,stephanie.miller@company.com,(631) 756-1622,Active
EMP024209,Nicole,Taylor,Nicole Taylor,53,Sales,Coordinator,New York,89044.16,12205.26,2021-11-28,30,100.0,nicole.taylor@company.com,(429) 842-8267,Active
EMP024210,Emily,Brown,Emily Brown,39,Finance,Analyst,Miami,62606.04,8944.86,2021-02-20,14,86.5,emily.brown@company.com,(912) 730-7243,Active
EMP024211,Daniel,Martin,Daniel Martin,60,Sales,Associate,Seattle,86413.89,9587.78,2020-03-21,38,89.6,daniel.martin@company.com,(479) 282-5316,Active
EMP024212,Anthony,Rodriguez,Anthony Rodriguez,33,Engineering,Analyst,Chicago,107803.8,4504.17,2023-05-15,7,70.6,anthony.rodriguez@company.com,(298) 362-2101,Active
EMP024213,James,Hernandez,James Hernandez,59,Legal,Associate,New York,102815.51,7472.89,2020-11-25,37,71.3,james.hernandez@company.com,(851) 675-2857,Active
EMP024214,Robert,Anderson,Robert Anderson,58,HR,Lead,Los Angeles,82587.84,7086.16,2020-03-08,29,49.2,robert.anderson@company.com,(854) 489-9896,Inactive
EMP024215,John,Gonzalez,John Gonzalez,33,HR,Lead,San Francisco,79274.87,11376.97,2020-12-21,10,74.9,john.gonzalez@company.com,(886) 825-4575,Active
EMP024216,Jane,Brown,Jane Brown,26,IT,Coordinator,Los Angeles,107561.56,17571.64,2024-09-21,0,56.1,jane.brown@company.com,(764) 824-2890,Active
EMP024217,John,Anderson,John Anderson,28,HR,Analyst,Chicago,49338.46,7925.1,2021-05-23,0,85.6,john.anderson@company.com,(251) 885-3093,Inactive
EMP024218,Sarah,Thomas,Sarah Thomas,57,Finance,Analyst,New York,87996.59,9048.34,2024-06-26,29,83.9,sarah.thomas@company.com,(688) 311-5434,Inactive
EMP024219,David,Moore,David Moore,32,HR,Coordinator,Chicago,61038.76,12173.16,2021-07-27,4,89.2,david.moore@company.com,(694) 770-3057,Active
EMP024220,Melissa,Gonzalez,Melissa Gonzalez,33,Sales,Specialist,Los Angeles,95304.83,17987.38,2020-10-14,11,48.6,melissa.gonzalez@company.com,(992) 203-1016,Active
EMP024221,James,Miller,James Miller,31,Finance,Manager,New York,101776.81,10506.16,2023-07-14,9,85.2,james.miller@company.com,(966) 465-8128,Active
EMP024222,Matthew,Miller,Matthew Miller,24,Engineering,Lead,Austin,77499.98,11000.24,2020-03-31,1,58.4,matthew.miller@company.com,(461) 213-3234,On Leave
EMP024223,Amanda,Williams,Amanda Williams,45,Operations,Associate,Chicago,67074.3,4626.98,2024-05-01,21,65.6,amanda.williams@company.com,(768) 636-4751,Active
EMP024224,James,Jones,James Jones,47,Engineering,Coordinator,Boston,100031.99,14563.15,2021-04-17,23,86.0,james.jones@company.com,(598) 992-6716,Active
EMP024225,Lisa,Lopez,Lisa Lopez,34,IT,Associate,Los Angeles,97699.47,10129.74,2021-03-17,9,91.2,lisa.lopez@company.com,(595) 865-5560,Active
EMP024226,Christopher,Thomas,Christopher Thomas,54,Engineering,Lead,Seattle,155621.43,30355.79,2024-08-16,32,85.9,christopher.thomas@company.com,(995) 890-4940,Active
EMP024227,Sarah,Smith,Sarah Smith,55,Sales,Specialist,Chicago,64217.4,0.0,2022-04-08,32,70.0,sarah.smith@company.com,(853) 386-7264,Active
EMP024228,Michael,Jones,Michael Jones,57,HR,Director,Chicago,77230.61,10751.26,2024-04-02,31,76.6,michael.jones@company.com,(540) 806-9880,Active
EMP024229,Amanda,Garcia,Amanda Garcia,51,HR,Lead,San Francisco,48399.89,5697.11,2022-11-06,23,49.5,amanda.garcia@company.com,(972) 567-9060,Inactive
EMP024230,James,Wilson,James Wilson,42,HR,Manager,San Francisco,76471.09,4924.02,2022-07-31,18,84.8,james.wilson@company.com,(640) 810-8121,Active
EMP024231,Nicole,Jones,Nicole Jones,39,Finance,Associate,Miami,68014.14,11820.71,2023-01-26,15,97.4,nicole.jones@company.com,(767) 554-9713,Active
EMP024232,John,Martin,John Martin,30,Engineering,Manager,Boston,104290.44,7585.94,2023-12-31,3,57.8,john.martin@company.com,(291) 841-3079,Active
EMP024233,Robert,Thomas,Robert Thomas,34,Operations,Senior Developer,San Francisco,48757.28,5103.81,2023-05-02,9,100.0,robert.thomas@company.com,(978) 818-7591,Inactive
EMP024234,Lisa,Davis,Lisa Davis,56,IT,Analyst,Chicago,102849.74,5768.48,2022-06-15,33,85.1,lisa.davis@company.com,(571) 271-4377,Active
EMP024235,Amanda,Brown,Amanda Brown,31,Operations,Analyst,Miami,59028.8,1016.91,2020-10-02,3,100.0,amanda.brown@company.com,(492) 352-7700,Active
EMP024236,Ashley,Martin,Ashley Martin,40,Legal,Associate,Miami,101387.36,8344.93,2023-12-15,17,89.1,ashley.martin@company.com,(604) 542-2594,Active
EMP024237,Ashley,Miller,Ashley Miller,24,Marketing,Coordinator,Los Angeles,46268.9,5373.9,2023-09-06,0,66.1,ashley.miller@company.com,(242) 359-8571,Active
EMP024238,John,Miller,John Miller,40,Legal,Lead,Seattle,84933.25,9657.77,2022-03-25,13,79.5,john.miller@company.com,(654) 849-9980,Active
EMP024239,John,Williams,John Williams,39,HR,Coordinator,Boston,66639.76,8726.96,2020-01-03,14,96.9,john.williams@company.com,(702) 565-2868,Active
EMP024240,Emily,Gonzalez,Emily Gonzalez,37,Sales,Associate,San Francisco,76241.63,9930.61,2022-02-20,13,63.6,emily.gonzalez@company.com,(473) 721-5628,Active
EMP024241,Jane,Taylor,Jane Taylor,65,Engineering,Specialist,New York,97326.04,11091.02,2022-04-03,37,52.8,jane.taylor@company.com,(265) 351-4702,Active
EMP024242,Ashley,Gonzalez,Ashley Gonzalez,51,Marketing,Associate,Chicago,59761.68,7549.39,2023-04-15,27,85.8,ashley.gonzalez@company.com,(241) 761-8159,Active
EMP024243,Emily,Anderson,Emily Anderson,58,Sales,Manager,Austin,85735.0,6639.46,2021-07-08,30,87.6,emily.anderson@company.com,(818) 285-1574,Active
EMP024244,David,Brown,David Brown,23,Marketing,Coordinator,Chicago,50404.53,6780.49,2021-07-05,1,51.6,david.brown@company.com,(280) 563-4734,Active
EMP024245,Ashley,Johnson,Ashley Johnson,60,Engineering,Analyst,Los Angeles,81991.04,8354.82,2021-11-15,36,73.3,ashley.johnson@company.com,(599) 973-4948,Active
EMP024246,John,Rodriguez,John Rodriguez,64,Operations,Director,Austin,74669.78,8904.48,2022-05-17,42,95.5,john.rodriguez@company.com,(493) 713-8200,Inactive
EMP024247,Robert,Thomas,Robert Thomas,27,Operations,Lead,San Francisco,77598.44,6808.94,2021-11-20,0,55.6,robert.thomas@company.com,(553) 433-8796,Active
EMP024248,Robert,Anderson,Robert Anderson,31,Finance,Manager,Los Angeles,85568.06,6910.43,2020-01-23,3,94.4,robert.anderson@company.com,(228) 865-3811,Active
EMP024249,Lisa,Garcia,Lisa Garcia,64,IT,Specialist,Boston,126587.53,179.5,2021-05-25,39,66.9,lisa.garcia@company.com,(479) 300-5096,Active
EMP024250,Daniel,Jones,Daniel Jones,50,IT,Specialist,San Francisco,70332.93,8168.32,2023-10-10,23,63.3,daniel.jones@company.com,(751) 682-7864,Active
EMP024251,James,Anderson,James Anderson,64,Engineering,Specialist,Los Angeles,102137.77,7512.74,2024-01-01,42,73.5,james.anderson@company.com,(496) 820-8983,Active
EMP024252,Daniel,Martinez,Daniel Martinez,49,Operations,Coordinator,Miami,89638.1,5139.48,2020-03-07,26,72.5,daniel.martinez@company.com,(783) 267-8626,Active
EMP024253,Daniel,Martin,Daniel Martin,54,Operations,Specialist,Los Angeles,68686.25,5678.06,2024-11-12,28,42.0,daniel.martin@company.com,(661) 720-9151,Active
EMP024254,Michael,Lopez,Michael Lopez,48,Marketing,Manager,Boston,77876.8,12581.66,2021-06-22,20,68.3,michael.lopez@company.com,(700) 787-2124,Active
EMP024255,Daniel,Brown,Daniel Brown,30,Marketing,Lead,Los Angeles,67695.0,5178.39,2023-03-22,4,52.6,daniel.brown@company.com,(686) 472-9366,Inactive
EMP024256,Michael,Rodriguez,Michael Rodriguez,39,HR,Lead,Chicago,62715.37,0.0,2021-08-26,13,71.3,michael.rodriguez@company.com,(345) 207-1598,Active
EMP024257,William,Gonzalez,William Gonzalez,44,HR,Director,San Francisco,61028.3,6311.78,2023-03-04,18,73.4,william.gonzalez@company.com,(585) 420-7354,Inactive
EMP024258,Amanda,Anderson,Amanda Anderson,26,Finance,Senior Developer,San Francisco,41856.13,4286.36,2023-05-06,2,91.3,amanda.anderson@company.com,(588) 323-2135,Active
EMP024259,Jane,Lopez,Jane Lopez,63,Finance,Director,Seattle,85038.33,6995.25,2020-03-07,36,88.0,jane.lopez@company.com,(553) 301-9032,Inactive
EMP024260,Nicole,Johnson,Nicole Johnson,51,Marketing,Senior Developer,San Francisco,80598.34,9681.14,2022-09-17,29,60.1,nicole.johnson@company.com,(464) 810-6652,Inactive
EMP024261,Amanda,Thomas,Amanda Thomas,34,IT,Senior Developer,Los Angeles,83539.35,9353.87,2023-07-03,11,79.7,amanda.thomas@company.com,(818) 348-1088,Active
EMP024262,William,Johnson,William Johnson,34,Engineering,Lead,Austin,94205.54,13949.83,2024-12-30,9,68.3,william.johnson@company.com,(557) 999-8842,Active
EMP024263,John,Anderson,John Anderson,59,Legal,Coordinator,Boston,76907.39,5294.57,2024-08-13,32,83.4,john.anderson@company.com,(516) 588-8493,Active
EMP024264,John,Jackson,John Jackson,23,Finance,Director,New York,68872.86,2091.91,2022-10-31,0,52.4,john.jackson@company.com,(961) 515-2127,Inactive
EMP024265,James,Jones,James Jones,62,IT,Senior Developer,Austin,110339.09,6135.6,2021-10-24,34,83.6,james.jones@company.com,(745) 928-6143,Active
EMP024266,James,Martin,James Martin,64,Finance,Specialist,Los Angeles,81887.41,6573.82,2020-11-18,37,100.0,james.martin@company.com,(496) 876-5910,Active
EMP024267,Daniel,Thomas,Daniel Thomas,34,Marketing,Coordinator,Chicago,43357.86,5188.69,2023-05-07,7,74.4,daniel.thomas@company.com,(395) 645-9053,Active
EMP024268,David,Wilson,David Wilson,44,IT,Lead,Seattle,89241.2,9677.92,2023-08-25,21,72.6,david.wilson@company.com,(576) 458-6732,Active
EMP024269,Anthony,Jackson,Anthony Jackson,57,Engineering,Senior Developer,New York,146847.47,9068.42,2024-10-18,29,84.9,anthony.jackson@company.com,(786) 508-2303,Active
EMP024270,Daniel,Lopez,Daniel Lopez,34,Operations,Manager,Miami,69086.81,6919.68,2021-03-12,12,66.8,daniel.lopez@company.com,(296) 925-1146,Active
EMP024271,Emily,Hernandez,Emily Hernandez,63,Marketing,Lead,San Francisco,82131.69,4629.59,2022-11-11,38,64.3,emily.hernandez@company.com,(367) 257-3625,Active
EMP024272,Ashley,Johnson,Ashley Johnson,43,Legal,Director,Miami,59097.94,7769.37,2023-07-14,21,83.0,ashley.johnson@company.com,(707) 531-1718,Active
EMP024273,Daniel,Anderson,Daniel Anderson,50,Operations,Manager,Seattle,78083.39,11996.21,2021-03-22,22,66.5,daniel.anderson@company.com,(465) 441-8643,Inactive
EMP024274,Daniel,Martinez,Daniel Martinez,40,Operations,Director,Chicago,70078.72,9484.22,2021-12-16,11,73.3,daniel.martinez@company.com,(456) 462-9506,Active
EMP024275,Lisa,Hernandez,Lisa Hernandez,29,Engineering,Analyst,Austin,80454.48,10215.31,2023-06-26,1,79.5,lisa.hernandez@company.com,(499) 978-2614,On Leave
EMP024276,Anthony,Jackson,Anthony Jackson,59,IT,Senior Developer,New York,121526.56,6162.76,2023-03-08,34,81.2,anthony.jackson@company.com,(322) 246-7676,Active
EMP024277,Melissa,Brown,Melissa Brown,22,Marketing,Manager,Seattle,40270.15,2570.81,2022-12-29,0,80.7,melissa.brown@company.com,(953) 401-3940,Active
EMP024278,Jessica,Garcia,Jessica Garcia,57,Marketing,Specialist,Seattle,64740.52,11480.1,2022-10-10,35,99.2,jessica.garcia@company.com,(212) 206-2532,Inactive
EMP024279,Lisa,Gonzalez,Lisa Gonzalez,51,Engineering,Analyst,Miami,110948.69,10488.23,2024-01-21,22,68.1,lisa.gonzalez@company.com,(288) 484-3372,Active
EMP024280,Daniel,Rodriguez,Daniel Rodriguez,46,Marketing,Coordinator,Austin,80973.13,7656.88,2024-01-15,17,74.9,daniel.rodriguez@company.com,(880) 259-3057,Active
EMP024281,Nicole,Jones,Nicole Jones,43,Engineering,Director,Miami,85723.32,10515.47,2023-05-12,16,54.7,nicole.jones@company.com,(462) 321-1603,Active
EMP024282,Nicole,Jackson,Nicole Jackson,47,Sales,Specialist,Los Angeles,86481.48,6318.92,2023-05-13,22,73.1,nicole.jackson@company.com,(221) 204-2122,Active
EMP024283,Stephanie,Hernandez,Stephanie Hernandez,34,Sales,Associate,Seattle,79130.69,3044.71,2021-10-17,5,62.5,stephanie.hernandez@company.com,(261) 888-2636,Active
EMP024284,Lisa,Wilson,Lisa Wilson,59,Operations,Lead,San Francisco,48333.49,4378.07,2020-08-11,35,90.1,lisa.wilson@company.com,(347) 511-1952,On Leave
EMP024285,Ashley,Thomas,Ashley Thomas,61,Finance,Specialist,Chicago,79029.53,12343.34,2020-12-14,32,70.6,ashley.thomas@company.com,(510) 551-3075,Active
EMP024286,Ashley,Smith,Ashley Smith,43,Engineering,Manager,Austin,108743.36,8008.03,2022-02-25,21,85.3,ashley.smith@company.com,(885) 851-6070,On Leave
EMP024287,Anthony,Garcia,Anthony Garcia,60,Finance,Director,Miami,92175.23,4226.29,2022-03-13,34,66.2,anthony.garcia@company.com,(589) 974-9159,Active
EMP024288,Sarah,Taylor,Sarah Taylor,22,IT,Associate,Chicago,88830.05,5131.71,2021-01-27,0,77.3,sarah.taylor@company.com,(440) 832-5288,Inactive
EMP024289,William,Lopez,William Lopez,51,Operations,Coordinator,Chicago,63718.49,2845.33,2024-04-02,27,50.3,william.lopez@company.com,(433) 784-2630,Active
EMP024290,Anthony,Smith,Anthony Smith,36,Marketing,Manager,Boston,47723.23,0.0,2020-05-28,14,74.9,anthony.smith@company.com,(783) 983-1579,On Leave
EMP024291,Matthew,Brown,Matthew Brown,51,Operations,Specialist,New York,62589.32,8902.42,2024-07-16,27,86.2,matthew.brown@company.com,(700) 380-7755,Active
EMP024292,Ashley,Garcia,Ashley Garcia,47,Engineering,Senior Developer,Austin,127442.45,14250.53,2021-04-25,21,90.8,ashley.garcia@company.com,(902) 885-7449,Active
EMP024293,Robert,Miller,Robert Miller,59,IT,Senior Developer,Seattle,114991.93,16601.35,2023-09-14,36,75.4,robert.miller@company.com,(671) 520-3203,Active
EMP024294,Michael,Brown,Michael Brown,62,IT,Coordinator,Miami,101908.42,12704.23,2023-03-06,33,81.1,michael.brown@company.com,(520) 726-5818,Active
EMP024295,Jane,Lopez,Jane Lopez,49,IT,Specialist,New York,68231.76,4121.27,2020-01-12,25,68.6,jane.lopez@company.com,(331) 719-1108,Active
EMP024296,Lisa,Thomas,Lisa Thomas,55,Marketing,Associate,Boston,80993.3,12048.78,2020-07-05,26,96.1,lisa.thomas@company.com,(884) 547-2990,Active
EMP024297,Stephanie,Martinez,Stephanie Martinez,24,Engineering,Lead,Austin,88352.0,18432.57,2023-01-10,0,73.3,stephanie.martinez@company.com,(584) 464-9823,Active
EMP024298,Emily,Garcia,Emily Garcia,46,Marketing,Associate,Seattle,88149.6,2943.1,2022-02-23,22,90.4,emily.garcia@company.com,(947) 824-2150,Active
EMP024299,Nicole,Martin,Nicole Martin,28,Operations,Coordinator,San Francisco,27187.32,2991.15,2020-11-14,2,77.4,nicole.martin@company.com,(367) 233-7858,Active
EMP024300,William,Johnson,William Johnson,29,Engineering,Manager,New York,85257.72,442.27,2021-12-25,6,67.0,william.johnson@company.com,(428) 825-3419,Active
EMP024301,William,Jackson,William Jackson,28,Engineering,Coordinator,Los Angeles,57912.79,6798.68,2023-12-13,6,70.9,william.jackson@company.com,(236) 616-9720,Active
EMP024302,John,Gonzalez,John Gonzalez,25,Marketing,Associate,Chicago,63722.0,7561.33,2020-10-02,0,65.7,john.gonzalez@company.com,(602) 504-1494,Active
EMP024303,John,Rodriguez,John Rodriguez,58,HR,Associate,Miami,76814.53,5588.16,2020-12-28,29,57.1,john.rodriguez@company.com,(593) 332-6468,Active
EMP024304,Lisa,Gonzalez,Lisa Gonzalez,59,Legal,Lead,Chicago,115538.48,16327.06,2024-05-24,35,87.2,lisa.gonzalez@company.com,(848) 684-7865,Active
EMP024305,Anthony,Williams,Anthony Williams,55,Operations,Specialist,San Francisco,70481.91,6799.38,2022-07-04,27,100.0,anthony.williams@company.com,(929) 397-3539,Active
EMP024306,Melissa,Lopez,Melissa Lopez,55,Operations,Coordinator,New York,80212.5,6468.0,2023-09-27,28,89.9,melissa.lopez@company.com,(278) 617-5861,Inactive
EMP024307,Emily,Jackson,Emily Jackson,61,Operations,Specialist,Miami,90159.81,11897.25,2022-03-22,37,76.3,emily.jackson@company.com,(395) 266-9205,Active
EMP024308,Sarah,Brown,Sarah Brown,65,Sales,Coordinator,Chicago,84300.14,7782.8,2024-07-23,43,79.5,sarah.brown@company.com,(639) 993-1986,Active
EMP024309,David,Rodriguez,David Rodriguez,52,Marketing,Lead,Los Angeles,59368.39,6329.31,2023-10-20,29,50.4,david.rodriguez@company.com,(302) 215-9554,Active
EMP024310,Lisa,Williams,Lisa Williams,26,Engineering,Senior Developer,Miami,87173.18,5653.92,2021-12-11,0,53.7,lisa.williams@company.com,(674) 476-6106,Active
EMP024311,Amanda,Hernandez,Amanda Hernandez,34,Marketing,Lead,Boston,46632.44,188.83,2020-07-15,10,63.8,amanda.hernandez@company.com,(699) 471-4701,Active
EMP024312,Daniel,Martinez,Daniel Martinez,29,IT,Coordinator,San Francisco,60049.4,4985.47,2021-09-02,7,77.7,daniel.martinez@company.com,(957) 819-1826,Active
EMP024313,David,Williams,David Williams,33,HR,Director,San Francisco,63491.54,2743.04,2020-05-17,8,80.2,david.williams@company.com,(780) 201-1386,Active
EMP024314,Michael,Martin,Michael Martin,28,HR,Analyst,Miami,33507.68,1685.74,2023-07-19,5,59.2,michael.martin@company.com,(896) 405-8861,Active
EMP024315,Matthew,Anderson,Matthew Anderson,31,HR,Lead,New York,33447.15,873.68,2022-03-20,7,72.7,matthew.anderson@company.com,(607) 579-9431,Active
EMP024316,Nicole,Martinez,Nicole Martinez,24,Marketing,Coordinator,Austin,67124.19,4931.2,2023-08-20,2,91.9,nicole.martinez@company.com,(617) 593-5705,Active
EMP024317,Christopher,Lopez,Christopher Lopez,51,Operations,Analyst,Los Angeles,67029.91,6044.13,2022-12-13,24,60.3,christopher.lopez@company.com,(498) 289-6455,Active
EMP024318,Lisa,Lopez,Lisa Lopez,41,Legal,Lead,Miami,122347.97,12427.0,2023-06-13,17,89.5,lisa.lopez@company.com,(329) 698-8829,Active
EMP024319,Jessica,Garcia,Jessica Garcia,35,Operations,Associate,New York,70833.15,9076.21,2022-11-25,8,67.9,jessica.garcia@company.com,(788) 970-8336,Active
EMP024320,Jane,Davis,Jane Davis,46,Operations,Manager,Chicago,47925.92,0.0,2024-11-29,23,70.2,jane.davis@company.com,(330) 347-7452,Active
EMP024321,William,Smith,William Smith,50,Operations,Coordinator,Seattle,63697.7,5942.24,2024-08-31,24,85.5,william.smith@company.com,(995) 977-4947,Active
EMP024322,William,Hernandez,William Hernandez,50,Legal,Coordinator,New York,96036.11,3206.62,2021-12-15,24,63.9,william.hernandez@company.com,(779) 370-8542,Inactive
EMP024323,Melissa,Martinez,Melissa Martinez,40,Sales,Specialist,Seattle,68868.64,6944.68,2023-11-29,13,57.9,melissa.martinez@company.com,(745) 699-6989,Inactive
EMP024324,Melissa,Jones,Melissa Jones,29,HR,Specialist,Austin,79526.11,9500.46,2021-06-06,3,67.9,melissa.jones@company.com,(543) 688-3665,Active
EMP024325,David,Lopez,David Lopez,57,Legal,Associate,Chicago,107075.44,8010.01,2021-11-09,34,79.9,david.lopez@company.com,(430) 503-5387,Active
EMP024326,Emily,Martinez,Emily Martinez,44,HR,Specialist,Austin,87671.42,5549.08,2022-07-09,19,74.2,emily.martinez@company.com,(483) 665-3824,Active
EMP024327,David,Taylor,David Taylor,30,IT,Manager,San Francisco,92463.94,4392.16,2024-01-21,5,87.0,david.taylor@company.com,(895) 773-8340,Active
EMP024328,David,Jackson,David Jackson,45,IT,Analyst,Miami,101271.38,9558.93,2024-02-05,23,100.0,david.jackson@company.com,(369) 453-9630,Active
EMP024329,Amanda,Davis,Amanda Davis,61,Engineering,Coordinator,Boston,111723.94,8377.38,2023-01-22,36,73.1,amanda.davis@company.com,(439) 882-9057,Active
EMP024330,Daniel,Hernandez,Daniel Hernandez,27,IT,Associate,Seattle,59796.59,6200.11,2023-01-03,5,72.5,daniel.hernandez@company.com,(906) 764-9630,Active
EMP024331,William,Davis,William Davis,40,Finance,Analyst,Austin,76755.11,12010.9,2021-03-29,13,63.3,william.davis@company.com,(298) 873-4605,Active
EMP024332,William,Wilson,William Wilson,51,Engineering,Specialist,Los Angeles,84833.01,10330.6,2024-09-24,28,87.6,william.wilson@company.com,(826) 808-1865,Active
EMP024333,James,Moore,James Moore,28,Marketing,Specialist,Miami,72380.07,10518.17,2022-08-08,5,77.6,james.moore@company.com,(634) 498-7953,Active
EMP024334,Jane,Smith,Jane Smith,60,Marketing,Director,Austin,84997.4,8393.25,2022-06-07,38,79.4,jane.smith@company.com,(685) 972-3593,Active
EMP024335,Matthew,Williams,Matthew Williams,47,Operations,Director,Austin,75259.39,8888.39,2021-01-09,20,70.3,matthew.williams@company.com,(728) 312-5689,Active
EMP024336,Emily,Jackson,Emily Jackson,42,IT,Analyst,Los Angeles,81729.94,23563.48,2023-03-30,16,64.8,emily.jackson@company.com,(378) 762-2241,Active
EMP024337,Amanda,Lopez,Amanda Lopez,22,Finance,Director,Miami,43262.95,2188.43,2024-10-03,0,87.6,amanda.lopez@company.com,(349) 708-6915,Active
EMP024338,Christopher,Johnson,Christopher Johnson,23,HR,Senior Developer,Miami,27000.0,3518.37,2023-02-13,1,67.4,christopher.johnson@company.com,(660) 987-2788,Active
EMP024339,Anthony,Smith,Anthony Smith,25,Marketing,Coordinator,San Francisco,102960.7,13674.91,2024-07-20,0,81.5,anthony.smith@company.com,(551) 565-8478,Active
EMP024340,Emily,Rodriguez,Emily Rodriguez,49,Sales,Director,San Francisco,68245.97,7308.93,2023-06-24,24,89.6,emily.rodriguez@company.com,(984) 498-3795,Active
EMP024341,Nicole,Jackson,Nicole Jackson,61,Marketing,Associate,Miami,81707.49,9071.6,2020-01-18,35,52.9,nicole.jackson@company.com,(888) 855-5806,Active
EMP024342,Amanda,Smith,Amanda Smith,39,IT,Coordinator,Chicago,70007.99,5199.03,2024-10-24,11,57.1,amanda.smith@company.com,(384) 973-7084,Active
EMP024343,Ashley,Anderson,Ashley Anderson,55,Marketing,Senior Developer,Boston,70586.57,6760.7,2023-02-22,29,67.5,ashley.anderson@company.com,(410) 383-4989,Active
EMP024344,William,Gonzalez,William Gonzalez,39,Operations,Coordinator,Austin,64070.79,7192.64,2024-11-29,11,67.1,william.gonzalez@company.com,(858) 759-2997,Active
EMP024345,Robert,Martin,Robert Martin,43,Legal,Senior Developer,San Francisco,95810.56,16077.9,2023-10-25,21,75.9,robert.martin@company.com,(574) 604-1069,Active
EMP024346,Michael,Jackson,Michael Jackson,29,Marketing,Director,Seattle,38090.98,2241.37,2020-07-12,0,98.1,michael.jackson@company.com,(859) 826-8676,Active
EMP024347,Sarah,Wilson,Sarah Wilson,33,HR,Specialist,New York,53582.07,7807.7,2021-05-16,11,81.3,sarah.wilson@company.com,(426) 561-1162,Active
EMP024348,Christopher,Jones,Christopher Jones,29,Finance,Analyst,San Francisco,69099.96,10043.93,2023-01-30,3,100.0,christopher.jones@company.com,(638) 282-6571,Active
EMP024349,Anthony,Davis,Anthony Davis,62,Finance,Director,New York,87288.4,10017.0,2020-10-01,39,61.6,anthony.davis@company.com,(978) 593-6603,Active
EMP024350,Lisa,Gonzalez,Lisa Gonzalez,30,Finance,Manager,Chicago,64160.72,5232.51,2022-02-19,5,90.2,lisa.gonzalez@company.com,(416) 471-9006,Active
EMP024351,Amanda,Lopez,Amanda Lopez,48,Operations,Specialist,New York,80436.06,4040.83,2022-05-02,20,36.2,amanda.lopez@company.com,(332) 684-6195,Active
EMP024352,Matthew,Anderson,Matthew Anderson,62,Sales,Associate,San Francisco,95111.14,11334.28,2021-11-22,39,74.6,matthew.anderson@company.com,(934) 334-2094,Inactive
EMP024353,Christopher,Brown,Christopher Brown,33,Operations,Analyst,Seattle,66763.72,7217.76,2021-02-28,4,79.2,christopher.brown@company.com,(346) 702-8116,Inactive
EMP024354,Lisa,Martin,Lisa Martin,33,Marketing,Senior Developer,Boston,69824.98,8994.45,2022-07-04,9,76.6,lisa.martin@company.com,(309) 764-8733,Active
EMP024355,Michael,Anderson,Michael Anderson,38,Marketing,Manager,Los Angeles,80138.84,10705.8,2021-05-27,10,60.5,michael.anderson@company.com,(715) 424-6503,Active
EMP024356,William,Thomas,William Thomas,61,Engineering,Lead,San Francisco,135817.37,10046.9,2024-03-19,35,71.1,william.thomas@company.com,(762) 277-5795,Active
EMP024357,Christopher,Williams,Christopher Williams,56,Finance,Analyst,Austin,90665.28,5963.39,2021-11-05,27,69.9,christopher.williams@company.com,(567) 653-1480,Active
EMP024358,Emily,Miller,Emily Miller,54,Operations,Associate,Seattle,66757.63,5104.58,2021-09-13,25,86.8,emily.miller@company.com,(627) 911-8506,Active
EMP024359,Ashley,Wilson,Ashley Wilson,30,Operations,Manager,Los Angeles,44158.22,5072.3,2023-03-23,3,85.2,ashley.wilson@company.com,(637) 457-6497,Active
EMP024360,William,Jackson,William Jackson,35,Sales,Lead,San Francisco,58181.59,9155.87,2021-03-10,11,85.0,william.jackson@company.com,(695) 347-6984,Active
EMP024361,John,Wilson,John Wilson,42,Engineering,Coordinator,Los Angeles,98492.78,16323.89,2022-05-01,15,51.5,john.wilson@company.com,(978) 451-6804,Active
EMP024362,Sarah,Martin,Sarah Martin,63,Legal,Analyst,Chicago,102318.36,17351.66,2024-04-30,40,91.1,sarah.martin@company.com,(418) 425-6238,Active
EMP024363,Lisa,Moore,Lisa Moore,22,Engineering,Senior Developer,Boston,70301.28,9269.48,2023-02-03,0,44.4,lisa.moore@company.com,(650) 615-3016,Active
EMP024364,William,Martinez,William Martinez,28,Finance,Lead,Seattle,42022.35,4115.09,2022-12-19,0,64.4,william.martinez@company.com,(521) 785-9511,Active
EMP024365,Stephanie,Brown,Stephanie Brown,23,Operations,Director,Los Angeles,35342.14,0.0,2021-06-23,0,69.6,stephanie.brown@company.com,(698) 232-8982,Active
EMP024366,Emily,Thomas,Emily Thomas,65,Sales,Director,Austin,105466.03,15101.46,2020-01-18,38,99.4,emily.thomas@company.com,(697) 457-6680,Inactive
EMP024367,Michael,Gonzalez,Michael Gonzalez,29,IT,Senior Developer,Miami,89126.62,13012.11,2021-07-18,1,60.9,michael.gonzalez@company.com,(674) 682-8632,Active
EMP024368,Michael,Miller,Michael Miller,44,Engineering,Coordinator,Miami,71052.35,17166.32,2021-08-22,18,79.5,michael.miller@company.com,(264) 973-9677,Active
EMP024369,Lisa,Anderson,Lisa Anderson,24,Sales,Director,Chicago,62407.41,3055.26,2020-09-19,1,87.9,lisa.anderson@company.com,(615) 781-3160,Active
EMP024370,Jane,Williams,Jane Williams,62,Sales,Lead,Chicago,107457.77,10919.2,2021-06-15,36,64.2,jane.williams@company.com,(938) 999-6245,Active
EMP024371,Anthony,Hernandez,Anthony Hernandez,48,Operations,Specialist,Miami,69362.1,6740.9,2022-09-07,25,100.0,anthony.hernandez@company.com,(440) 273-7236,Active
EMP024372,Sarah,Gonzalez,Sarah Gonzalez,62,Sales,Analyst,Los Angeles,122990.41,5792.44,2022-04-13,33,69.5,sarah.gonzalez@company.com,(848) 334-4281,Active
EMP024373,Michael,Jackson,Michael Jackson,37,IT,Lead,Chicago,100967.49,15767.27,2022-05-04,13,79.2,michael.jackson@company.com,(209) 523-2544,Inactive
EMP024374,Daniel,Brown,Daniel Brown,53,Finance,Coordinator,Seattle,78568.85,6089.49,2020-08-09,30,85.1,daniel.brown@company.com,(918) 868-1878,Inactive
EMP024375,Michael,Moore,Michael Moore,23,Marketing,Associate,San Francisco,47518.96,6896.26,2022-06-21,0,89.7,michael.moore@company.com,(277) 301-5824,Active
EMP024376,Christopher,Martin,Christopher Martin,44,Finance,Coordinator,Miami,70386.42,3962.1,2021-01-09,17,70.1,christopher.martin@company.com,(812) 546-4695,Active
EMP024377,Christopher,Jackson,Christopher Jackson,60,Operations,Manager,Seattle,76469.76,2602.08,2022-01-07,33,71.5,christopher.jackson@company.com,(360) 994-8334,Active
EMP024378,Daniel,Miller,Daniel Miller,61,Marketing,Associate,San Francisco,81649.71,4938.89,2020-08-05,33,88.8,daniel.miller@company.com,(903) 879-5588,Inactive
EMP024379,Melissa,Jackson,Melissa Jackson,25,Sales,Director,Seattle,76494.77,6039.47,2023-12-20,0,51.6,melissa.jackson@company.com,(754) 443-1558,Active
EMP024380,Christopher,Lopez,Christopher Lopez,36,Legal,Specialist,San Francisco,82010.13,13190.72,2022-08-03,9,82.4,christopher.lopez@company.com,(514) 242-7306,Active
EMP024381,Stephanie,Moore,Stephanie Moore,40,IT,Director,New York,74450.53,5337.28,2021-02-07,14,58.5,stephanie.moore@company.com,(263) 201-7013,Active
EMP024382,Robert,Johnson,Robert Johnson,32,IT,Lead,Miami,50910.54,7260.21,2021-05-29,6,58.5,robert.johnson@company.com,(828) 511-5622,Active
EMP024383,William,Thomas,William Thomas,50,HR,Senior Developer,Seattle,75330.44,6664.02,2024-04-19,26,90.5,william.thomas@company.com,(331) 901-4531,Active
EMP024384,Sarah,Moore,Sarah Moore,25,Sales,Lead,New York,55532.77,5031.65,2022-12-24,1,47.0,sarah.moore@company.com,(666) 726-8840,Active
EMP024385,Stephanie,Jackson,Stephanie Jackson,56,Sales,Coordinator,Boston,47344.22,6159.34,2024-07-24,30,85.7,stephanie.jackson@company.com,(385) 939-2700,Active
EMP024386,Michael,Smith,Michael Smith,42,IT,Coordinator,Chicago,109742.53,18382.09,2024-07-24,20,67.6,michael.smith@company.com,(890) 651-9096,Active
EMP024387,William,Rodriguez,William Rodriguez,29,Engineering,Associate,Austin,87448.05,7714.88,2024-03-24,0,100.0,william.rodriguez@company.com,(437) 720-2915,On Leave
EMP024388,Amanda,Garcia,Amanda Garcia,53,Engineering,Specialist,Chicago,95800.47,6796.44,2023-06-02,29,68.7,amanda.garcia@company.com,(799) 469-1003,Active
EMP024389,Amanda,Wilson,Amanda Wilson,42,Legal,Analyst,San Francisco,81109.85,9707.34,2024-09-19,19,57.5,amanda.wilson@company.com,(945) 395-9133,Active
EMP024390,Sarah,Smith,Sarah Smith,64,Legal,Coordinator,Boston,129351.24,10199.15,2020-02-06,36,98.7,sarah.smith@company.com,(789) 857-6915,Active
EMP024391,Christopher,Lopez,Christopher Lopez,64,Engineering,Senior Developer,New York,128808.58,8630.94,2021-08-16,37,98.8,christopher.lopez@company.com,(247) 974-3268,Active
EMP024392,Matthew,Taylor,Matthew Taylor,44,HR,Analyst,Boston,66441.84,11589.64,2023-07-14,19,71.1,matthew.taylor@company.com,(395) 532-8776,Active
EMP024393,David,Rodriguez,David Rodriguez,42,Sales,Coordinator,Boston,69536.67,7145.39,2020-09-25,15,73.0,david.rodriguez@company.com,(747) 903-7300,Active
EMP024394,Jane,Martinez,Jane Martinez,34,Sales,Associate,San Francisco,68432.44,7267.14,2022-07-19,10,89.8,jane.martinez@company.com,(918) 518-7539,Inactive
EMP024395,Melissa,Jones,Melissa Jones,26,Engineering,Manager,Austin,58698.01,5279.48,2021-07-27,3,76.2,melissa.jones@company.com,(476) 335-5146,Active
EMP024396,Jane,Martin,Jane Martin,46,HR,Manager,Seattle,69380.47,10915.49,2022-11-21,17,86.8,jane.martin@company.com,(653) 647-5520,Inactive
EMP024397,Lisa,Hernandez,Lisa Hernandez,50,Operations,Specialist,San Francisco,94950.87,6608.69,2023-11-13,24,45.9,lisa.hernandez@company.com,(632) 688-9764,Active
EMP024398,Robert,Wilson,Robert Wilson,53,HR,Specialist,Seattle,92053.71,3627.55,2022-09-12,29,69.7,robert.wilson@company.com,(784) 791-6740,Active
EMP024399,Michael,Williams,Michael Williams,31,Engineering,Coordinator,Miami,121579.7,5310.82,2020-09-15,9,79.6,michael.williams@company.com,(213) 602-4742,Active
EMP024400,David,Moore,David Moore,30,Engineering,Lead,Los Angeles,67264.84,7434.29,2024-10-21,3,91.1,david.moore@company.com,(408) 440-5420,Active
EMP024401,Melissa,Taylor,Melissa Taylor,60,HR,Lead,New York,72379.38,6438.71,2024-07-08,34,66.4,melissa.taylor@company.com,(730) 345-8055,Active
EMP024402,Matthew,Anderson,Matthew Anderson,62,Finance,Senior Developer,Seattle,88027.43,224.17,2023-06-25,36,99.3,matthew.anderson@company.com,(361) 793-3780,Active
EMP024403,Lisa,Anderson,Lisa Anderson,24,IT,Senior Developer,San Francisco,45384.77,6398.76,2023-05-11,0,57.7,lisa.anderson@company.com,(841) 756-2396,Active
EMP024404,William,Martin,William Martin,34,Engineering,Lead,Chicago,104285.32,0.0,2021-06-15,6,78.5,william.martin@company.com,(386) 560-3796,Active
EMP024405,David,Jackson,David Jackson,25,Legal,Associate,Chicago,77139.07,10030.76,2021-03-20,0,57.2,david.jackson@company.com,(239) 919-1728,Active
EMP024406,Amanda,Williams,Amanda Williams,44,Operations,Lead,San Francisco,55246.58,1626.45,2023-10-08,15,67.3,amanda.williams@company.com,(531) 239-5940,Active
EMP024407,Anthony,Taylor,Anthony Taylor,37,HR,Lead,New York,62991.61,7812.67,2024-03-11,8,58.2,anthony.taylor@company.com,(898) 772-8460,Active
EMP024408,William,Brown,William Brown,44,Sales,Associate,Austin,71800.1,9447.99,2022-01-25,20,79.9,william.brown@company.com,(704) 883-5202,Active
EMP024409,Nicole,Jackson,Nicole Jackson,39,HR,Specialist,Miami,102351.01,9203.86,2023-11-22,17,88.4,nicole.jackson@company.com,(572) 588-7252,Active
EMP024410,Ashley,Wilson,Ashley Wilson,31,Finance,Senior Developer,Boston,37221.12,2957.57,2022-08-14,7,62.1,ashley.wilson@company.com,(397) 302-7497,Active
EMP024411,Sarah,Jackson,Sarah Jackson,44,IT,Analyst,New York,86812.62,6406.74,2020-10-16,20,62.3,sarah.jackson@company.com,(843) 911-7924,Active
EMP024412,Melissa,Garcia,Melissa Garcia,25,Legal,Associate,Los Angeles,69914.92,2308.74,2023-08-25,3,78.8,melissa.garcia@company.com,(307) 274-5613,On Leave
EMP024413,Jane,Wilson,Jane Wilson,25,Engineering,Manager,San Francisco,94128.98,10462.88,2020-12-14,0,66.2,jane.wilson@company.com,(850) 452-6851,Active
EMP024414,Matthew,Martinez,Matthew Martinez,33,Operations,Analyst,Austin,66221.46,1664.7,2024-09-05,11,94.3,matthew.martinez@company.com,(676) 406-4905,Inactive
EMP024415,Anthony,Moore,Anthony Moore,30,Legal,Senior Developer,Los Angeles,53155.95,291.7,2024-06-07,1,73.2,anthony.moore@company.com,(276) 593-2874,Active
EMP024416,David,Gonzalez,David Gonzalez,59,IT,Lead,Austin,119505.53,14116.66,2023-09-17,37,66.0,david.gonzalez@company.com,(941) 603-9126,Inactive
EMP024417,Stephanie,Martin,Stephanie Martin,62,Legal,Manager,Miami,93809.23,14471.36,2024-09-02,39,47.4,stephanie.martin@company.com,(796) 642-5750,Active
EMP024418,William,Williams,William Williams,39,Sales,Lead,Los Angeles,52346.56,5469.62,2023-12-03,13,61.9,william.williams@company.com,(815) 357-1095,Inactive
EMP024419,James,Thomas,James Thomas,27,Marketing,Senior Developer,Miami,40676.98,3910.56,2021-01-25,0,38.6,james.thomas@company.com,(861) 977-9320,Active
EMP024420,James,Martin,James Martin,49,Operations,Specialist,Seattle,47605.76,0.0,2023-01-18,21,81.1,james.martin@company.com,(220) 390-2102,Inactive
EMP024421,James,Thomas,James Thomas,65,Marketing,Senior Developer,New York,81472.93,18428.69,2021-02-22,41,67.1,james.thomas@company.com,(929) 940-3153,On Leave
EMP024422,Amanda,Lopez,Amanda Lopez,29,Legal,Director,Austin,37500.0,7128.02,2024-04-30,0,43.4,amanda.lopez@company.com,(425) 914-7865,Active
EMP024423,Jessica,Moore,Jessica Moore,44,Sales,Director,Boston,89642.18,18671.55,2022-12-01,18,49.8,jessica.moore@company.com,(413) 359-1767,Active
EMP024424,Nicole,Martin,Nicole Martin,28,Marketing,Associate,Miami,58910.36,5229.7,2021-04-19,0,75.3,nicole.martin@company.com,(907) 579-5020,Active
EMP024425,John,Brown,John Brown,44,Marketing,Associate,Los Angeles,91924.42,3705.74,2020-09-28,19,88.4,john.brown@company.com,(867) 319-8147,Active
EMP024426,Stephanie,Hernandez,Stephanie Hernandez,60,Engineering,Specialist,Los Angeles,147126.11,17887.52,2022-07-01,35,75.7,stephanie.hernandez@company.com,(949) 874-2255,Active
EMP024427,Christopher,Brown,Christopher Brown,31,HR,Specialist,Chicago,51933.09,4356.44,2024-09-08,8,74.1,christopher.brown@company.com,(835) 749-3374,Active
EMP024428,James,Gonzalez,James Gonzalez,48,Marketing,Lead,San Francisco,83123.41,1570.28,2021-07-09,19,68.8,james.gonzalez@company.com,(496) 214-6498,Active
EMP024429,William,Williams,William Williams,39,Legal,Lead,Miami,68521.65,10942.6,2020-09-26,10,76.6,william.williams@company.com,(307) 616-9556,Inactive
EMP024430,John,Hernandez,John Hernandez,47,Sales,Associate,Austin,90014.79,1244.95,2021-09-02,20,98.3,john.hernandez@company.com,(490) 276-1971,Active
EMP024431,Emily,Thomas,Emily Thomas,29,Operations,Analyst,New York,56522.36,5951.31,2024-05-27,0,91.0,emily.thomas@company.com,(637) 330-9196,Inactive
EMP024432,Sarah,Lopez,Sarah Lopez,36,Sales,Associate,Chicago,81128.45,17374.9,2022-10-14,10,90.7,sarah.lopez@company.com,(705) 228-4985,Active
EMP024433,Lisa,Lopez,Lisa Lopez,57,Finance,Associate,Miami,112247.11,10056.0,2020-08-20,35,49.2,lisa.lopez@company.com,(369) 478-4764,Active
EMP024434,Jane,Johnson,Jane Johnson,47,HR,Lead,Los Angeles,82683.09,6572.0,2023-12-29,19,89.8,jane.johnson@company.com,(393) 911-5383,Active
EMP024435,Sarah,Jones,Sarah Jones,51,Marketing,Senior Developer,Seattle,74661.65,3862.25,2023-02-09,23,57.8,sarah.jones@company.com,(702) 421-6617,Inactive
EMP024436,Melissa,Johnson,Melissa Johnson,49,IT,Associate,San Francisco,111791.83,17864.42,2023-04-26,22,85.9,melissa.johnson@company.com,(764) 445-2526,Active
EMP024437,Emily,Jackson,Emily Jackson,52,Sales,Associate,Austin,77367.77,4608.41,2022-03-14,25,67.7,emily.jackson@company.com,(342) 662-8102,Active
EMP024438,Melissa,Brown,Melissa Brown,38,HR,Analyst,Chicago,46083.34,2513.96,2022-01-05,15,68.4,melissa.brown@company.com,(270) 552-8759,Active
EMP024439,James,Martinez,James Martinez,24,IT,Lead,Boston,77866.06,14785.8,2021-11-03,0,78.8,james.martinez@company.com,(676) 691-1649,Active
EMP024440,Matthew,Lopez,Matthew Lopez,64,Marketing,Associate,Seattle,80927.32,8944.19,2024-06-30,39,64.1,matthew.lopez@company.com,(950) 214-7633,Inactive
EMP024441,Amanda,Williams,Amanda Williams,22,IT,Coordinator,Los Angeles,70508.47,1667.32,2023-08-20,0,80.8,amanda.williams@company.com,(229) 687-1259,Inactive
EMP024442,William,Moore,William Moore,64,Sales,Director,Seattle,76686.61,15403.65,2024-09-12,35,81.1,william.moore@company.com,(849) 366-6094,Active
EMP024443,Nicole,Rodriguez,Nicole Rodriguez,44,Engineering,Manager,New York,89181.62,14185.21,2020-01-07,17,68.7,nicole.rodriguez@company.com,(685) 880-8081,Inactive
EMP024444,David,Martinez,David Martinez,61,Operations,Manager,New York,88970.45,8906.07,2023-06-11,32,66.7,david.martinez@company.com,(463) 938-7330,Active
EMP024445,Ashley,Lopez,Ashley Lopez,45,HR,Specialist,Seattle,46795.15,2915.33,2020-05-04,20,98.8,ashley.lopez@company.com,(313) 496-9856,Active
EMP024446,Nicole,Thomas,Nicole Thomas,61,Engineering,Associate,Los Angeles,123846.46,7671.77,2021-12-14,39,88.0,nicole.thomas@company.com,(536) 996-3745,On Leave
EMP024447,James,Garcia,James Garcia,63,Legal,Lead,Chicago,137134.73,16769.24,2023-02-20,36,90.5,james.garcia@company.com,(424) 355-6442,Active
EMP024448,Michael,Lopez,Michael Lopez,49,HR,Coordinator,San Francisco,82309.17,6543.89,2020-01-10,20,85.2,michael.lopez@company.com,(824) 469-9904,Active
EMP024449,Jessica,Jackson,Jessica Jackson,44,HR,Analyst,San Francisco,58091.28,5466.93,2020-09-05,20,72.4,jessica.jackson@company.com,(204) 795-1918,Active
EMP024450,John,Rodriguez,John Rodriguez,22,Operations,Manager,Chicago,38443.84,3584.46,2023-02-17,0,71.8,john.rodriguez@company.com,(610) 281-6228,Active
EMP024451,Daniel,Taylor,Daniel Taylor,59,Finance,Coordinator,Los Angeles,81045.93,5784.7,2020-06-02,32,65.1,daniel.taylor@company.com,(316) 877-1057,Active
EMP024452,Christopher,Gonzalez,Christopher Gonzalez,37,Marketing,Director,Los Angeles,65378.28,3117.15,2024-06-04,9,66.2,christopher.gonzalez@company.com,(666) 401-8177,Active
EMP024453,William,Johnson,William Johnson,28,Marketing,Associate,Los Angeles,58332.76,2631.35,2021-01-07,0,44.1,william.johnson@company.com,(262) 278-4196,Active
EMP024454,James,Martin,James Martin,64,Engineering,Specialist,Miami,113349.56,23427.52,2022-01-11,38,100.0,james.martin@company.com,(762) 538-5957,Active
EMP024455,William,Hernandez,William Hernandez,41,Finance,Coordinator,San Francisco,71498.51,3348.44,2023-09-19,18,94.3,william.hernandez@company.com,(340) 472-3679,Active
EMP024456,Daniel,Brown,Daniel Brown,65,Marketing,Manager,Los Angeles,76081.92,8119.25,2021-04-08,43,83.5,daniel.brown@company.com,(627) 813-3440,Active
EMP024457,Daniel,Davis,Daniel Davis,50,Sales,Analyst,Chicago,90941.49,6348.11,2023-10-18,22,57.2,daniel.davis@company.com,(899) 913-2402,Active
EMP024458,Jessica,Moore,Jessica Moore,30,HR,Specialist,New York,70941.34,6325.43,2024-10-03,7,65.5,jessica.moore@company.com,(434) 288-9589,Active
EMP024459,Michael,Smith,Michael Smith,43,Operations,Senior Developer,Chicago,49404.51,3523.97,2022-08-22,16,74.7,michael.smith@company.com,(457) 942-1663,Active
EMP024460,Michael,Lopez,Michael Lopez,39,Operations,Associate,Seattle,66887.21,8216.16,2020-06-30,17,88.5,michael.lopez@company.com,(554) 325-1372,Active
EMP024461,Robert,Miller,Robert Miller,57,HR,Coordinator,Miami,55730.98,5458.4,2020-03-10,31,67.2,robert.miller@company.com,(676) 250-8176,Active
EMP024462,Anthony,Wilson,Anthony Wilson,50,IT,Analyst,San Francisco,82066.9,8185.33,2023-07-22,22,68.8,anthony.wilson@company.com,(889) 344-4922,Active
EMP024463,William,Garcia,William Garcia,50,HR,Analyst,Chicago,62426.11,15027.33,2022-09-05,26,99.6,william.garcia@company.com,(932) 453-5204,Active
EMP024464,Jane,Hernandez,Jane Hernandez,42,Finance,Manager,Austin,75527.29,6280.8,2020-10-28,17,78.3,jane.hernandez@company.com,(390) 499-2090,Active
EMP024465,Melissa,Moore,Melissa Moore,43,IT,Specialist,Chicago,107039.42,7861.87,2023-05-10,15,64.4,melissa.moore@company.com,(848) 275-4210,Active
EMP024466,James,Garcia,James Garcia,33,IT,Coordinator,New York,71524.15,8872.28,2020-11-12,8,89.6,james.garcia@company.com,(915) 848-5358,Active
EMP024467,James,Thomas,James Thomas,57,Legal,Senior Developer,Miami,104267.04,25173.59,2022-02-07,34,83.6,james.thomas@company.com,(878) 289-9308,Active
EMP024468,David,Thomas,David Thomas,63,Marketing,Analyst,San Francisco,92574.97,8193.48,2022-03-15,35,54.8,david.thomas@company.com,(325) 995-2446,Inactive
EMP024469,Emily,Garcia,Emily Garcia,25,IT,Specialist,Los Angeles,51996.52,5083.81,2020-10-08,0,72.3,emily.garcia@company.com,(402) 583-6127,Active
EMP024470,William,Anderson,William Anderson,55,Legal,Specialist,San Francisco,153298.51,16846.93,2023-06-28,33,70.9,william.anderson@company.com,(762) 825-7331,Active
EMP024471,Melissa,Rodriguez,Melissa Rodriguez,44,Legal,Associate,Seattle,71610.85,7563.94,2022-04-04,22,54.7,melissa.rodriguez@company.com,(558) 877-8395,Active
EMP024472,James,Jackson,James Jackson,33,IT,Lead,Miami,90158.39,11040.4,2021-05-02,10,88.9,james.jackson@company.com,(446) 614-3596,Active
EMP024473,James,Taylor,James Taylor,51,Legal,Analyst,San Francisco,85110.6,6527.41,2021-04-06,27,91.6,james.taylor@company.com,(237) 689-9792,Active
EMP024474,Lisa,Johnson,Lisa Johnson,41,Engineering,Associate,New York,86821.86,8185.55,2022-05-08,13,100.0,lisa.johnson@company.com,(295) 765-4815,Active
EMP024475,Sarah,Wilson,Sarah Wilson,33,Engineering,Analyst,Seattle,79123.79,9611.78,2021-09-01,6,100.0,sarah.wilson@company.com,(901) 332-4415,Active
EMP024476,Jessica,Anderson,Jessica Anderson,42,IT,Associate,Chicago,95663.2,2013.17,2023-09-08,18,91.7,jessica.anderson@company.com,(962) 672-4631,Active
EMP024477,Ashley,Williams,Ashley Williams,45,Operations,Senior Developer,Chicago,71499.51,5760.91,2022-08-01,16,63.1,ashley.williams@company.com,(242) 394-6897,Active
EMP024478,William,Davis,William Davis,48,Operations,Lead,San Francisco,62385.53,7668.11,2021-03-07,23,78.6,william.davis@company.com,(312) 720-2780,On Leave
EMP024479,Michael,Thomas,Michael Thomas,36,Operations,Specialist,New York,69302.72,4079.42,2022-10-15,7,49.3,michael.thomas@company.com,(966) 467-7607,Active
EMP024480,James,Jones,James Jones,64,Legal,Analyst,Seattle,102571.15,4742.63,2020-08-10,39,68.4,james.jones@company.com,(893) 502-7667,Active
EMP024481,Emily,Gonzalez,Emily Gonzalez,60,HR,Director,Austin,81587.7,12200.1,2022-06-23,38,58.8,emily.gonzalez@company.com,(259) 871-7109,Active
EMP024482,Sarah,Gonzalez,Sarah Gonzalez,30,Operations,Coordinator,New York,47768.16,6268.26,2022-04-12,7,53.8,sarah.gonzalez@company.com,(810) 990-3881,Active
EMP024483,Michael,Martin,Michael Martin,35,HR,Coordinator,Austin,61093.04,5202.64,2024-03-07,11,65.8,michael.martin@company.com,(492) 740-9920,Active
EMP024484,Michael,Martinez,Michael Martinez,30,Legal,Specialist,San Francisco,88420.43,5817.36,2023-05-17,7,97.2,michael.martinez@company.com,(449) 889-7321,Active
EMP024485,David,Lopez,David Lopez,61,Operations,Senior Developer,New York,74086.21,4128.22,2023-02-14,37,88.6,david.lopez@company.com,(317) 417-1468,Active
EMP024486,Melissa,Taylor,Melissa Taylor,58,Legal,Specialist,New York,104909.9,9405.15,2023-01-21,32,49.7,melissa.taylor@company.com,(935) 520-6439,Active
EMP024487,William,Johnson,William Johnson,29,Operations,Manager,Boston,34130.58,1674.67,2023-08-31,0,60.1,william.johnson@company.com,(862) 822-3446,Active
EMP024488,William,Johnson,William Johnson,26,Legal,Coordinator,San Francisco,104359.3,9398.37,2021-07-31,0,90.5,william.johnson@company.com,(597) 610-8739,Active
EMP024489,Daniel,Anderson,Daniel Anderson,55,Finance,Lead,Boston,75710.02,15432.0,2021-10-31,29,50.8,daniel.anderson@company.com,(460) 312-5505,Active
EMP024490,David,Brown,David Brown,37,Marketing,Associate,New York,56091.37,8570.1,2022-08-11,8,82.4,david.brown@company.com,(898) 212-7429,Active
EMP024491,Michael,Hernandez,Michael Hernandez,40,IT,Specialist,Boston,111241.04,9640.55,2023-10-12,14,70.9,michael.hernandez@company.com,(582) 818-7093,Inactive
EMP024492,William,Lopez,William Lopez,63,Sales,Senior Developer,Boston,87134.77,5187.01,2021-12-06,41,88.8,william.lopez@company.com,(642) 700-6371,Active
EMP024493,Anthony,Jones,Anthony Jones,56,Marketing,Specialist,Austin,75370.16,8577.52,2020-07-20,27,97.8,anthony.jones@company.com,(259) 587-5209,Inactive
EMP024494,John,Johnson,John Johnson,34,Engineering,Senior Developer,Austin,91673.46,8398.28,2024-07-17,8,57.3,john.johnson@company.com,(834) 795-1909,Active
EMP024495,Matthew,Lopez,Matthew Lopez,43,HR,Manager,Miami,64464.83,13596.52,2023-07-09,21,76.3,matthew.lopez@company.com,(449) 492-5893,Active
EMP024496,Stephanie,Gonzalez,Stephanie Gonzalez,58,HR,Director,San Francisco,71074.33,0.0,2024-07-09,35,54.9,stephanie.gonzalez@company.com,(927) 686-8290,Active
EMP024497,Lisa,Miller,Lisa Miller,40,Finance,Associate,Los Angeles,72281.84,6342.96,2022-05-31,14,60.9,lisa.miller@company.com,(957) 401-7537,Active
EMP024498,Christopher,Thomas,Christopher Thomas,25,HR,Analyst,Seattle,49844.35,6384.97,2023-08-30,3,100.0,christopher.thomas@company.com,(514) 821-9623,Active
EMP024499,Matthew,Thomas,Matthew Thomas,42,Legal,Associate,Miami,106856.51,5181.74,2020-07-14,20,58.0,matthew.thomas@company.com,(463) 758-2137,Active
EMP024500,Michael,Jones,Michael Jones,27,Engineering,Analyst,Chicago,61352.22,7924.76,2021-07-04,3,62.1,michael.jones@company.com,(232) 863-6506,Active
EMP024501,Jane,Thomas,Jane Thomas,57,Operations,Senior Developer,Seattle,91191.11,0.0,2023-07-13,31,85.6,jane.thomas@company.com,(656) 320-3524,Active
EMP024502,James,Miller,James Miller,35,Marketing,Director,Seattle,67188.17,4640.89,2022-08-03,7,68.2,james.miller@company.com,(525) 277-6632,Active
EMP024503,Ashley,Smith,Ashley Smith,25,Operations,Senior Developer,Seattle,53754.04,3807.1,2023-01-04,1,60.4,ashley.smith@company.com,(348) 802-2762,Active
EMP024504,Anthony,Hernandez,Anthony Hernandez,35,Legal,Analyst,Seattle,107551.72,4043.48,2023-09-09,8,76.5,anthony.hernandez@company.com,(893) 274-5759,Active
EMP024505,Robert,Moore,Robert Moore,24,IT,Manager,Boston,72006.17,8496.94,2023-09-30,0,75.1,robert.moore@company.com,(793) 969-1173,Active
EMP024506,Jessica,Gonzalez,Jessica Gonzalez,58,Finance,Director,Chicago,76784.1,6335.97,2020-06-20,32,59.6,jessica.gonzalez@company.com,(783) 836-3431,Active
EMP024507,John,Rodriguez,John Rodriguez,28,IT,Lead,San Francisco,55018.51,6065.72,2020-05-07,2,81.3,john.rodriguez@company.com,(754) 458-2110,Active
EMP024508,Amanda,Moore,Amanda Moore,55,Legal,Associate,Austin,83165.22,8505.27,2024-08-04,30,65.9,amanda.moore@company.com,(365) 730-4403,Active
EMP024509,Matthew,Smith,Matthew Smith,58,Sales,Associate,Boston,78853.98,2491.49,2021-03-26,31,63.1,matthew.smith@company.com,(350) 224-7314,Active
EMP024510,John,Brown,John Brown,58,Operations,Analyst,Austin,62424.33,5028.54,2022-11-12,33,65.3,john.brown@company.com,(433) 626-5675,Active
EMP024511,Sarah,Jackson,Sarah Jackson,51,HR,Associate,San Francisco,86251.41,7076.72,2020-02-21,25,69.0,sarah.jackson@company.com,(360) 939-5874,Active
EMP024512,Nicole,Thomas,Nicole Thomas,47,Legal,Analyst,Boston,98309.42,12401.05,2020-08-13,22,54.0,nicole.thomas@company.com,(380) 801-4669,Active
EMP024513,Matthew,Johnson,Matthew Johnson,40,Sales,Associate,Austin,72252.03,1524.85,2022-09-24,14,72.0,matthew.johnson@company.com,(517) 831-1962,Active
EMP024514,Michael,Wilson,Michael Wilson,38,IT,Manager,Boston,95545.82,10196.54,2024-12-01,16,67.6,michael.wilson@company.com,(573) 473-4552,Active
EMP024515,Matthew,Jackson,Matthew Jackson,29,Operations,Specialist,Miami,40088.61,4845.95,2024-01-30,2,65.3,matthew.jackson@company.com,(262) 803-3685,Active
EMP024516,Stephanie,Martinez,Stephanie Martinez,24,Marketing,Associate,Boston,37485.06,3643.6,2020-10-23,1,78.7,stephanie.martinez@company.com,(573) 517-5353,Active
EMP024517,Christopher,Miller,Christopher Miller,40,Engineering,Manager,Boston,68827.33,9468.29,2023-06-28,12,68.9,christopher.miller@company.com,(213) 327-9538,Active
EMP024518,Amanda,Davis,Amanda Davis,32,Engineering,Director,Seattle,84783.2,3577.85,2023-07-21,6,63.5,amanda.davis@company.com,(391) 276-4941,Inactive
EMP024519,Ashley,Garcia,Ashley Garcia,49,Engineering,Senior Developer,Chicago,97359.23,11954.68,2023-01-06,26,59.3,ashley.garcia@company.com,(640) 717-7911,Active
EMP024520,Daniel,Brown,Daniel Brown,49,Sales,Analyst,Boston,55281.61,5954.55,2022-05-25,27,54.2,daniel.brown@company.com,(750) 770-6421,Active
EMP024521,James,Moore,James Moore,34,Legal,Director,Miami,70075.41,4872.68,2024-01-15,7,60.5,james.moore@company.com,(754) 832-2057,Active
EMP024522,Daniel,Brown,Daniel Brown,33,Marketing,Senior Developer,Los Angeles,43953.59,4603.47,2020-08-09,8,81.7,daniel.brown@company.com,(612) 538-5596,Active
EMP024523,Michael,Johnson,Michael Johnson,56,HR,Analyst,Boston,63756.69,7402.47,2021-06-04,31,94.4,michael.johnson@company.com,(292) 596-6776,Active
EMP024524,William,Williams,William Williams,62,Legal,Senior Developer,New York,133042.43,8855.15,2021-04-04,34,72.0,william.williams@company.com,(938) 792-4539,Active
EMP024525,Melissa,Brown,Melissa Brown,49,Engineering,Lead,Seattle,114868.22,6502.78,2020-11-06,25,100.0,melissa.brown@company.com,(632) 949-8923,Active
EMP024526,Nicole,Jackson,Nicole Jackson,51,Finance,Coordinator,Chicago,79456.29,13440.4,2023-03-10,25,64.4,nicole.jackson@company.com,(713) 878-9161,Active
EMP024527,Anthony,Wilson,Anthony Wilson,57,Engineering,Senior Developer,Los Angeles,123744.5,14923.93,2020-06-23,28,74.4,anthony.wilson@company.com,(437) 722-4158,Active
EMP024528,Anthony,Thomas,Anthony Thomas,28,IT,Specialist,Miami,74805.65,8661.58,2023-04-23,0,79.9,anthony.thomas@company.com,(815) 677-4293,Active
EMP024529,Robert,Johnson,Robert Johnson,29,Finance,Specialist,Seattle,84911.66,4152.63,2021-09-01,6,75.2,robert.johnson@company.com,(228) 232-7076,Active
EMP024530,Emily,Smith,Emily Smith,42,IT,Director,New York,104284.29,6320.07,2024-11-19,18,89.6,emily.smith@company.com,(813) 876-9726,Active
EMP024531,Christopher,Davis,Christopher Davis,22,Legal,Analyst,Los Angeles,40455.95,6577.79,2021-10-12,0,90.2,christopher.davis@company.com,(907) 879-6414,Active
EMP024532,John,Gonzalez,John Gonzalez,44,Operations,Director,Chicago,62079.93,8002.48,2021-04-28,18,75.8,john.gonzalez@company.com,(770) 919-2698,Active
EMP024533,James,Jackson,James Jackson,23,Engineering,Senior Developer,San Francisco,135544.2,13195.8,2023-03-25,0,87.2,james.jackson@company.com,(817) 284-7140,Active
EMP024534,Stephanie,Anderson,Stephanie Anderson,52,Legal,Manager,Chicago,107394.12,18918.0,2024-05-06,30,68.9,stephanie.anderson@company.com,(599) 421-7058,Active
EMP024535,Sarah,Taylor,Sarah Taylor,45,Sales,Lead,Seattle,81985.77,3988.92,2020-09-03,23,74.4,sarah.taylor@company.com,(274) 492-1381,On Leave
EMP024536,Amanda,Garcia,Amanda Garcia,24,IT,Coordinator,Boston,36000.0,1791.59,2023-07-28,2,87.4,amanda.garcia@company.com,(406) 868-1099,Active
EMP024537,Ashley,Rodriguez,Ashley Rodriguez,23,IT,Coordinator,Austin,72284.41,3949.43,2021-02-01,0,70.4,ashley.rodriguez@company.com,(503) 722-5198,Active
EMP024538,James,Miller,James Miller,59,Sales,Coordinator,Austin,74761.64,7584.37,2020-12-18,30,69.6,james.miller@company.com,(847) 436-8900,Inactive
EMP024539,William,Garcia,William Garcia,25,Finance,Coordinator,New York,61739.15,7675.13,2024-03-14,0,70.6,william.garcia@company.com,(290) 300-2622,Active
EMP024540,David,Hernandez,David Hernandez,57,Legal,Analyst,Boston,106301.2,9254.33,2021-06-18,28,59.5,david.hernandez@company.com,(903) 495-5772,Inactive
EMP024541,James,Miller,James Miller,24,Marketing,Analyst,Chicago,67788.13,11654.83,2022-06-17,0,94.4,james.miller@company.com,(819) 619-1552,Active
EMP024542,Emily,Smith,Emily Smith,41,Sales,Manager,Seattle,79566.67,10956.45,2023-07-01,19,83.4,emily.smith@company.com,(648) 828-9260,Active
EMP024543,Anthony,Brown,Anthony Brown,35,IT,Manager,Austin,88643.8,15458.36,2021-05-06,13,77.0,anthony.brown@company.com,(307) 935-8476,Active
EMP024544,Michael,Garcia,Michael Garcia,47,Marketing,Analyst,Seattle,70291.84,4426.61,2024-11-05,24,67.0,michael.garcia@company.com,(792) 573-4624,Active
EMP024545,Robert,Jackson,Robert Jackson,65,HR,Specialist,Los Angeles,70007.44,5330.62,2023-02-10,36,68.2,robert.jackson@company.com,(703) 645-8626,Active
EMP024546,Sarah,Wilson,Sarah Wilson,41,HR,Senior Developer,Miami,66309.11,4348.81,2024-05-29,13,81.6,sarah.wilson@company.com,(343) 727-3027,Active
EMP024547,Stephanie,Thomas,Stephanie Thomas,35,Sales,Director,Chicago,38841.8,1969.85,2024-08-02,11,55.4,stephanie.thomas@company.com,(858) 406-1491,Active
EMP024548,John,Johnson,John Johnson,23,IT,Specialist,Miami,49796.46,6278.6,2024-02-05,0,46.7,john.johnson@company.com,(289) 221-5862,Active
EMP024549,Jessica,Davis,Jessica Davis,42,Engineering,Senior Developer,Austin,82362.62,3250.84,2020-03-07,13,62.8,jessica.davis@company.com,(805) 560-4785,Active
EMP024550,Melissa,Davis,Melissa Davis,51,Operations,Analyst,New York,58028.0,5777.67,2023-10-17,26,100.0,melissa.davis@company.com,(902) 235-5071,Active
EMP024551,William,Hernandez,William Hernandez,53,Sales,Manager,Miami,88762.27,14667.48,2022-12-27,26,81.6,william.hernandez@company.com,(744) 598-9920,Active
EMP024552,David,Johnson,David Johnson,25,Operations,Specialist,Boston,70323.19,8280.11,2020-05-25,2,67.5,david.johnson@company.com,(548) 664-3591,Inactive
EMP024553,Nicole,Jones,Nicole Jones,24,IT,Senior Developer,Chicago,87701.22,6567.38,2023-05-19,0,57.4,nicole.jones@company.com,(941) 980-5590,Active
EMP024554,David,Garcia,David Garcia,39,Operations,Director,Los Angeles,52247.66,1195.71,2022-01-28,17,85.4,david.garcia@company.com,(296) 649-3567,Active
EMP024555,David,Martinez,David Martinez,32,Marketing,Senior Developer,Los Angeles,66697.61,7954.26,2021-05-09,9,80.0,david.martinez@company.com,(637) 398-1039,Active
EMP024556,Daniel,Gonzalez,Daniel Gonzalez,33,Engineering,Associate,Miami,98152.56,9066.24,2022-11-07,5,87.9,daniel.gonzalez@company.com,(767) 346-3490,Active
EMP024557,Emily,Thomas,Emily Thomas,47,Operations,Director,Austin,54585.68,3521.36,2020-08-27,24,69.1,emily.thomas@company.com,(303) 576-8832,Active
EMP024558,William,Johnson,William Johnson,46,Engineering,Associate,Chicago,81152.74,5551.5,2023-08-25,17,80.9,william.johnson@company.com,(715) 536-9862,Active
EMP024559,Emily,Gonzalez,Emily Gonzalez,50,Operations,Director,Boston,58826.61,6709.03,2021-08-23,22,83.3,emily.gonzalez@company.com,(225) 685-9212,Active
EMP024560,Matthew,Miller,Matthew Miller,64,Legal,Coordinator,Seattle,130322.35,5692.92,2024-04-29,40,78.0,matthew.miller@company.com,(300) 716-1771,Active
EMP024561,Jane,Davis,Jane Davis,38,Operations,Manager,Miami,57809.66,7056.42,2022-10-06,11,92.8,jane.davis@company.com,(388) 264-8637,Active
EMP024562,Melissa,Williams,Melissa Williams,30,Finance,Manager,San Francisco,83417.87,11742.91,2024-06-03,7,82.5,melissa.williams@company.com,(945) 671-1307,Active
EMP024563,Jane,Gonzalez,Jane Gonzalez,28,Finance,Associate,Los Angeles,76142.3,14160.23,2023-05-04,1,80.1,jane.gonzalez@company.com,(318) 715-4242,Active
EMP024564,Christopher,Thomas,Christopher Thomas,54,Operations,Senior Developer,Austin,86933.92,10403.17,2020-07-18,27,86.3,christopher.thomas@company.com,(760) 595-7301,Active
EMP024565,Ashley,Smith,Ashley Smith,38,Marketing,Manager,Chicago,47417.16,5172.39,2021-10-01,9,87.2,ashley.smith@company.com,(477) 396-7023,Active
EMP024566,David,Garcia,David Garcia,44,HR,Manager,Miami,82461.79,7216.9,2021-10-01,16,91.2,david.garcia@company.com,(474) 806-8440,Active
EMP024567,Nicole,Jones,Nicole Jones,53,Marketing,Associate,Chicago,53908.58,3616.5,2021-05-28,30,87.0,nicole.jones@company.com,(227) 544-6449,Active
EMP024568,Anthony,Thomas,Anthony Thomas,53,Marketing,Senior Developer,Boston,58809.0,3156.6,2021-08-14,24,85.0,anthony.thomas@company.com,(484) 204-8379,Active
EMP024569,Melissa,Wilson,Melissa Wilson,53,Legal,Associate,Chicago,96535.49,4184.27,2024-01-31,25,70.8,melissa.wilson@company.com,(521) 466-1704,Active
EMP024570,Ashley,Rodriguez,Ashley Rodriguez,64,Legal,Specialist,San Francisco,93607.95,8037.24,2024-09-13,36,42.4,ashley.rodriguez@company.com,(998) 404-3746,Active
EMP024571,Stephanie,Brown,Stephanie Brown,43,Legal,Director,Miami,95934.89,3878.51,2020-10-03,19,54.8,stephanie.brown@company.com,(740) 907-7278,Active
EMP024572,Anthony,Martinez,Anthony Martinez,45,Operations,Senior Developer,Chicago,76324.59,3357.63,2022-12-03,23,69.6,anthony.martinez@company.com,(314) 542-7615,Active
EMP024573,Sarah,Miller,Sarah Miller,44,Operations,Specialist,New York,44117.79,3274.04,2021-03-13,21,64.4,sarah.miller@company.com,(279) 740-4433,Active
EMP024574,Robert,Garcia,Robert Garcia,56,Finance,Senior Developer,New York,98353.39,13482.2,2020-04-27,30,83.4,robert.garcia@company.com,(550) 401-2055,Active
EMP024575,James,Jones,James Jones,59,Legal,Senior Developer,Boston,72309.25,3197.17,2024-05-27,31,67.3,james.jones@company.com,(839) 858-5725,Active
EMP024576,David,Smith,David Smith,58,HR,Associate,Miami,84036.5,5378.95,2020-02-07,34,75.5,david.smith@company.com,(921) 554-7343,Active
EMP024577,Emily,Lopez,Emily Lopez,31,Sales,Specialist,San Francisco,47768.41,4160.97,2023-09-29,3,91.2,emily.lopez@company.com,(482) 464-7594,Active
EMP024578,John,Moore,John Moore,46,Engineering,Senior Developer,Los Angeles,125718.2,12772.78,2021-02-22,23,72.6,john.moore@company.com,(302) 540-5233,Active
EMP024579,Nicole,Moore,Nicole Moore,44,Operations,Associate,Austin,73891.21,5646.75,2023-05-05,15,58.0,nicole.moore@company.com,(599) 505-1987,Active
EMP024580,Sarah,Thomas,Sarah Thomas,34,HR,Analyst,Chicago,61008.31,9938.93,2024-09-17,8,77.5,sarah.thomas@company.com,(436) 424-8716,Active
EMP024581,Michael,Wilson,Michael Wilson,35,Legal,Associate,New York,79845.02,13547.55,2023-10-06,11,81.2,michael.wilson@company.com,(968) 297-2710,Active
EMP024582,Nicole,Lopez,Nicole Lopez,42,Marketing,Director,Seattle,97274.02,5260.81,2021-02-04,17,79.7,nicole.lopez@company.com,(778) 473-7626,Active
EMP024583,Christopher,Thomas,Christopher Thomas,57,Marketing,Lead,Miami,66954.67,7929.52,2020-12-06,33,78.3,christopher.thomas@company.com,(428) 464-1565,Inactive
EMP024584,Michael,Rodriguez,Michael Rodriguez,57,Finance,Specialist,Seattle,102169.2,4811.99,2021-04-23,33,54.6,michael.rodriguez@company.com,(706) 601-8961,Active
EMP024585,Melissa,Miller,Melissa Miller,38,Engineering,Specialist,Miami,93834.91,7212.73,2023-07-10,13,80.4,melissa.miller@company.com,(363) 576-9508,Active
EMP024586,Sarah,Lopez,Sarah Lopez,59,IT,Analyst,Seattle,135405.3,17323.78,2023-01-17,32,98.7,sarah.lopez@company.com,(239) 677-3760,Active
EMP024587,Matthew,Hernandez,Matthew Hernandez,40,Finance,Director,Boston,78430.13,12994.88,2022-12-06,15,64.7,matthew.hernandez@company.com,(406) 518-1714,Inactive
EMP024588,Melissa,Hernandez,Melissa Hernandez,23,Sales,Analyst,Austin,59148.12,7647.98,2020-08-24,0,55.3,melissa.hernandez@company.com,(708) 898-7768,Active
EMP024589,Robert,Jackson,Robert Jackson,41,Legal,Associate,Chicago,91775.11,8890.91,2020-02-25,19,62.4,robert.jackson@company.com,(464) 844-3822,Active
EMP024590,William,Gonzalez,William Gonzalez,29,Legal,Analyst,New York,62006.35,9292.41,2020-01-21,3,83.9,william.gonzalez@company.com,(363) 820-1570,Inactive
EMP024591,Daniel,Wilson,Daniel Wilson,61,Finance,Senior Developer,Boston,119165.71,6012.35,2024-06-16,36,65.1,daniel.wilson@company.com,(778) 879-8388,On Leave
EMP024592,Christopher,Davis,Christopher Davis,26,Operations,Specialist,Seattle,25500.0,2023.26,2022-06-28,0,74.4,christopher.davis@company.com,(375) 719-6014,Active
EMP024593,Jane,Moore,Jane Moore,38,Finance,Coordinator,Los Angeles,74623.2,5398.91,2021-08-18,11,85.4,jane.moore@company.com,(235) 696-1504,Active
EMP024594,John,Thomas,John Thomas,60,Marketing,Senior Developer,New York,89426.6,3312.75,2020-02-25,37,68.7,john.thomas@company.com,(811) 324-1542,On Leave
EMP024595,Daniel,Rodriguez,Daniel Rodriguez,60,Engineering,Director,Austin,111059.22,10987.45,2023-10-25,35,65.6,daniel.rodriguez@company.com,(524) 264-6099,Active
EMP024596,Emily,Jackson,Emily Jackson,48,HR,Senior Developer,Chicago,92328.25,11562.05,2023-03-11,25,79.9,emily.jackson@company.com,(986) 744-5447,Active
EMP024597,Sarah,Davis,Sarah Davis,56,Finance,Analyst,San Francisco,101701.05,11772.84,2021-11-08,32,79.9,sarah.davis@company.com,(959) 338-2302,Active
EMP024598,Ashley,Brown,Ashley Brown,25,Marketing,Senior Developer,San Francisco,65384.05,3264.39,2022-06-23,0,82.0,ashley.brown@company.com,(407) 569-3482,Active
EMP024599,Daniel,Rodriguez,Daniel Rodriguez,48,Engineering,Lead,Miami,86600.83,5993.46,2021-04-21,19,91.7,daniel.rodriguez@company.com,(854) 893-4515,On Leave
EMP024600,Christopher,Rodriguez,Christopher Rodriguez,56,Legal,Analyst,Los Angeles,120018.15,12301.39,2022-01-04,31,63.6,christopher.rodriguez@company.com,(391) 950-9779,Active
EMP024601,Nicole,Rodriguez,Nicole Rodriguez,40,IT,Associate,Austin,106551.39,10852.48,2020-05-01,16,73.0,nicole.rodriguez@company.com,(969) 580-3185,Active
EMP024602,Christopher,Moore,Christopher Moore,50,HR,Specialist,Austin,65799.63,8296.35,2023-04-09,27,100.0,christopher.moore@company.com,(754) 874-6792,Active
EMP024603,Jessica,Johnson,Jessica Johnson,41,Sales,Manager,Seattle,54073.04,3915.37,2020-03-13,12,98.7,jessica.johnson@company.com,(374) 353-8251,Active
EMP024604,Amanda,Garcia,Amanda Garcia,57,Finance,Director,Chicago,97545.65,6642.3,2022-06-10,35,73.1,amanda.garcia@company.com,(269) 332-3695,Active
EMP024605,Stephanie,Anderson,Stephanie Anderson,49,IT,Lead,Boston,87430.77,12422.82,2022-10-08,23,75.7,stephanie.anderson@company.com,(874) 787-2384,Active
EMP024606,Amanda,Hernandez,Amanda Hernandez,55,HR,Lead,Miami,70072.61,8797.32,2021-11-12,28,54.1,amanda.hernandez@company.com,(443) 830-9568,Active
EMP024607,James,Hernandez,James Hernandez,47,Operations,Senior Developer,San Francisco,69973.77,16163.04,2022-09-18,22,85.8,james.hernandez@company.com,(798) 852-1887,Active
EMP024608,Emily,Hernandez,Emily Hernandez,43,Engineering,Director,Austin,96741.87,12233.01,2024-06-09,14,71.9,emily.hernandez@company.com,(675) 626-5874,Active
EMP024609,Jessica,Miller,Jessica Miller,64,HR,Analyst,Seattle,41678.07,5849.51,2022-10-30,42,69.7,jessica.miller@company.com,(877) 368-5493,Active
EMP024610,Stephanie,Brown,Stephanie Brown,25,Marketing,Analyst,Miami,84710.44,11108.46,2023-08-04,0,72.3,stephanie.brown@company.com,(484) 959-2131,Active
EMP024611,Amanda,Martinez,Amanda Martinez,40,Marketing,Senior Developer,Seattle,63630.14,4164.32,2020-12-03,18,100.0,amanda.martinez@company.com,(700) 969-6313,Active
EMP024612,William,Hernandez,William Hernandez,39,Legal,Senior Developer,Austin,92964.66,8603.81,2023-03-25,15,75.0,william.hernandez@company.com,(936) 234-7792,Active
EMP024613,Jessica,Brown,Jessica Brown,31,HR,Associate,Boston,43008.17,1048.11,2024-03-07,4,89.7,jessica.brown@company.com,(736) 615-5458,Active
EMP024614,Daniel,Rodriguez,Daniel Rodriguez,55,Legal,Associate,San Francisco,108276.32,5800.55,2021-10-15,29,79.3,daniel.rodriguez@company.com,(231) 654-7575,Active
EMP024615,Melissa,Wilson,Melissa Wilson,55,Engineering,Associate,Chicago,134924.16,20205.67,2020-08-01,31,69.4,melissa.wilson@company.com,(470) 479-5365,Active
EMP024616,William,Anderson,William Anderson,39,Engineering,Director,Miami,96278.8,11499.31,2022-07-26,11,90.0,william.anderson@company.com,(899) 802-9076,Active
EMP024617,Nicole,Anderson,Nicole Anderson,30,IT,Lead,Boston,48498.09,6881.72,2021-05-17,4,56.4,nicole.anderson@company.com,(220) 593-9263,Active
EMP024618,Nicole,Hernandez,Nicole Hernandez,30,Marketing,Manager,Austin,55624.58,6742.85,2022-04-18,1,72.0,nicole.hernandez@company.com,(298) 365-4967,Active
EMP024619,Ashley,Davis,Ashley Davis,48,IT,Coordinator,New York,113942.46,13591.56,2023-10-20,24,94.9,ashley.davis@company.com,(985) 822-6775,Active
EMP024620,Emily,Jackson,Emily Jackson,65,Sales,Associate,Boston,114659.99,9160.41,2022-10-12,40,93.8,emily.jackson@company.com,(514) 386-5874,Active
EMP024621,Melissa,Johnson,Melissa Johnson,49,Operations,Senior Developer,Miami,62510.47,1414.31,2021-08-20,27,78.2,melissa.johnson@company.com,(476) 378-1534,Active
EMP024622,Daniel,Martin,Daniel Martin,32,Legal,Director,San Francisco,101279.14,9467.17,2024-12-14,10,85.6,daniel.martin@company.com,(545) 799-6233,Active
EMP024623,James,Moore,James Moore,57,IT,Manager,San Francisco,115239.33,5212.63,2024-07-15,28,51.5,james.moore@company.com,(442) 890-8459,Active
EMP024624,Anthony,Hernandez,Anthony Hernandez,61,Operations,Specialist,Miami,88344.97,7265.27,2021-12-19,39,61.7,anthony.hernandez@company.com,(690) 602-4564,Active
EMP024625,Matthew,Williams,Matthew Williams,64,Engineering,Lead,San Francisco,112022.42,16051.01,2020-11-15,40,91.8,matthew.williams@company.com,(917) 901-9749,Active
EMP024626,John,Wilson,John Wilson,41,Finance,Manager,Los Angeles,98028.8,9961.25,2022-02-22,12,100.0,john.wilson@company.com,(960) 783-4397,Active
EMP024627,David,Garcia,David Garcia,24,Finance,Senior Developer,Boston,77994.46,10034.02,2022-09-23,2,54.5,david.garcia@company.com,(784) 290-2686,Inactive
EMP024628,Robert,Brown,Robert Brown,56,Engineering,Specialist,San Francisco,79390.84,0.0,2023-02-28,27,76.6,robert.brown@company.com,(577) 294-4683,Active
EMP024629,John,Lopez,John Lopez,48,IT,Lead,Austin,70933.52,10486.43,2022-12-21,24,80.1,john.lopez@company.com,(206) 281-7072,Active
EMP024630,Michael,Johnson,Michael Johnson,65,Finance,Analyst,San Francisco,94955.11,3800.06,2024-09-02,42,78.7,michael.johnson@company.com,(724) 491-4433,Active
EMP024631,Melissa,Smith,Melissa Smith,41,Marketing,Associate,Los Angeles,69523.82,3764.88,2024-11-24,19,84.3,melissa.smith@company.com,(512) 782-9034,Active
EMP024632,Nicole,Thomas,Nicole Thomas,34,Sales,Lead,Seattle,32887.92,3381.28,2021-09-22,12,56.3,nicole.thomas@company.com,(790) 485-4541,Active
EMP024633,Christopher,Lopez,Christopher Lopez,62,HR,Lead,Seattle,79138.01,3040.34,2024-02-16,34,60.3,christopher.lopez@company.com,(602) 566-8735,Active
EMP024634,Ashley,Taylor,Ashley Taylor,41,HR,Analyst,Seattle,64582.56,5412.77,2020-01-15,19,69.8,ashley.taylor@company.com,(868) 747-4551,Active
EMP024635,Robert,Martin,Robert Martin,54,Finance,Analyst,Seattle,71983.52,10338.07,2020-06-17,29,83.8,robert.martin@company.com,(430) 306-9641,Active
EMP024636,William,Miller,William Miller,23,Finance,Lead,San Francisco,58373.05,5899.24,2020-07-09,0,83.1,william.miller@company.com,(602) 567-5904,Active
EMP024637,Robert,Martinez,Robert Martinez,40,Legal,Manager,Austin,89347.57,13970.54,2022-09-01,15,79.7,robert.martinez@company.com,(959) 546-2808,Active
EMP024638,Anthony,Garcia,Anthony Garcia,35,Engineering,Manager,Boston,68002.86,12549.13,2020-10-29,6,74.3,anthony.garcia@company.com,(820) 775-2219,Inactive
EMP024639,Lisa,Williams,Lisa Williams,53,IT,Analyst,San Francisco,119656.73,17230.69,2020-04-04,28,80.9,lisa.williams@company.com,(842) 957-9495,Active
EMP024640,James,Anderson,James Anderson,35,Operations,Manager,Austin,73117.64,453.37,2023-09-10,8,81.6,james.anderson@company.com,(377) 748-5382,Active
EMP024641,Lisa,Hernandez,Lisa Hernandez,46,Finance,Lead,Chicago,95988.05,9912.39,2023-04-05,24,56.9,lisa.hernandez@company.com,(637) 276-1214,Active
EMP024642,Lisa,Gonzalez,Lisa Gonzalez,41,Legal,Specialist,New York,70108.04,13173.52,2023-07-17,12,77.4,lisa.gonzalez@company.com,(419) 531-7746,Active
EMP024643,Christopher,Hernandez,Christopher Hernandez,36,HR,Associate,Austin,68603.37,9160.37,2022-01-05,11,45.4,christopher.hernandez@company.com,(693) 750-9890,Active
EMP024644,Sarah,Hernandez,Sarah Hernandez,61,IT,Manager,San Francisco,86460.9,11000.29,2020-03-02,36,70.7,sarah.hernandez@company.com,(716) 536-6368,Active
EMP024645,Sarah,Moore,Sarah Moore,35,Finance,Analyst,Austin,77312.79,9855.24,2022-10-17,7,46.0,sarah.moore@company.com,(355) 210-1398,Active
EMP024646,Anthony,Smith,Anthony Smith,52,Marketing,Manager,San Francisco,58213.1,3726.86,2020-07-05,23,48.4,anthony.smith@company.com,(340) 347-5622,Active
EMP024647,David,Anderson,David Anderson,42,HR,Specialist,Miami,73367.85,2039.05,2020-06-25,20,85.7,david.anderson@company.com,(530) 858-4035,Active
EMP024648,Amanda,Martin,Amanda Martin,59,Sales,Director,New York,112051.29,8517.63,2020-01-08,30,60.8,amanda.martin@company.com,(237) 414-2492,Active
EMP024649,Jessica,Rodriguez,Jessica Rodriguez,25,HR,Manager,Seattle,42052.78,0.0,2021-01-26,3,100.0,jessica.rodriguez@company.com,(577) 377-7405,Active
EMP024650,Anthony,Martin,Anthony Martin,50,Sales,Associate,Miami,70595.84,5572.89,2021-08-29,27,72.0,anthony.martin@company.com,(605) 630-8730,Active
EMP024651,Lisa,Jackson,Lisa Jackson,43,IT,Lead,Austin,81313.13,14043.26,2022-02-04,20,80.6,lisa.jackson@company.com,(765) 771-8847,Active
EMP024652,Melissa,Thomas,Melissa Thomas,63,Marketing,Senior Developer,Austin,88582.82,4215.5,2023-03-17,34,79.2,melissa.thomas@company.com,(331) 794-2162,Active
EMP024653,James,Williams,James Williams,36,Legal,Specialist,Austin,113357.62,16281.67,2021-09-30,9,73.9,james.williams@company.com,(415) 697-8450,Active
EMP024654,Melissa,Brown,Melissa Brown,27,Legal,Coordinator,Seattle,56417.82,7050.33,2023-04-27,0,77.5,melissa.brown@company.com,(533) 635-9126,Active
EMP024655,Daniel,Hernandez,Daniel Hernandez,56,Sales,Director,Los Angeles,61896.45,6537.72,2022-12-12,30,67.4,daniel.hernandez@company.com,(836) 763-4587,On Leave
EMP024656,Nicole,Hernandez,Nicole Hernandez,47,Sales,Manager,San Francisco,97749.04,12030.56,2020-06-10,21,84.6,nicole.hernandez@company.com,(304) 721-4581,Active
EMP024657,Michael,Martin,Michael Martin,42,Marketing,Senior Developer,San Francisco,64685.7,6699.05,2022-12-02,20,92.6,michael.martin@company.com,(262) 402-9711,Active
EMP024658,James,Anderson,James Anderson,24,Marketing,Analyst,Chicago,41125.86,4315.06,2020-08-31,0,55.2,james.anderson@company.com,(207) 888-5476,Active
EMP024659,Stephanie,Jackson,Stephanie Jackson,49,Operations,Analyst,San Francisco,38334.95,3378.72,2021-02-07,20,44.0,stephanie.jackson@company.com,(493) 316-6497,On Leave
EMP024660,Stephanie,Martinez,Stephanie Martinez,40,HR,Specialist,San Francisco,70125.12,10652.01,2023-12-15,12,100.0,stephanie.martinez@company.com,(202) 741-8923,Active
EMP024661,Amanda,Moore,Amanda Moore,22,Operations,Director,Boston,56848.27,4910.0,2020-09-09,0,81.6,amanda.moore@company.com,(710) 228-3658,Inactive
EMP024662,William,Gonzalez,William Gonzalez,51,Finance,Analyst,Chicago,87044.42,8350.05,2023-04-13,24,88.8,william.gonzalez@company.com,(587) 309-8703,Active
EMP024663,Jane,Miller,Jane Miller,56,Engineering,Manager,San Francisco,101826.79,13835.79,2021-06-02,31,61.3,jane.miller@company.com,(673) 977-7778,Active
EMP024664,Matthew,Thomas,Matthew Thomas,26,Legal,Senior Developer,San Francisco,58426.52,6008.61,2024-05-05,2,74.3,matthew.thomas@company.com,(304) 732-8029,Active
EMP024665,David,Taylor,David Taylor,48,Finance,Coordinator,New York,96686.82,18953.24,2020-04-26,23,77.4,david.taylor@company.com,(457) 469-2387,Active
EMP024666,Anthony,Anderson,Anthony Anderson,34,IT,Coordinator,Chicago,70727.63,9122.27,2020-10-15,8,75.3,anthony.anderson@company.com,(261) 951-1943,Active
EMP024667,Lisa,Rodriguez,Lisa Rodriguez,32,HR,Lead,Seattle,77349.72,15246.68,2022-07-24,4,76.7,lisa.rodriguez@company.com,(937) 804-7199,Active
EMP024668,Christopher,Martin,Christopher Martin,47,Marketing,Lead,New York,88179.92,12282.25,2023-04-15,19,40.7,christopher.martin@company.com,(596) 573-8934,Inactive
EMP024669,Emily,Lopez,Emily Lopez,49,Finance,Associate,Boston,74053.91,7995.09,2022-07-17,23,43.2,emily.lopez@company.com,(221) 861-8926,Active
EMP024670,Anthony,Jackson,Anthony Jackson,59,IT,Coordinator,Los Angeles,108998.35,5575.07,2020-08-10,34,88.0,anthony.jackson@company.com,(324) 644-5591,Active
EMP024671,Jessica,Johnson,Jessica Johnson,37,Operations,Lead,San Francisco,61458.9,0.0,2024-10-09,13,53.8,jessica.johnson@company.com,(501) 353-3896,Active
EMP024672,Lisa,Thomas,Lisa Thomas,44,Legal,Lead,San Francisco,94899.79,8125.58,2023-01-02,21,80.9,lisa.thomas@company.com,(275) 711-7723,Active
EMP024673,Nicole,Moore,Nicole Moore,50,Marketing,Coordinator,New York,93134.73,7759.89,2022-09-22,24,86.0,nicole.moore@company.com,(333) 702-2848,Active
EMP024674,Jane,Smith,Jane Smith,59,Legal,Director,San Francisco,115787.66,10448.71,2021-05-02,32,83.6,jane.smith@company.com,(484) 235-1793,Active
EMP024675,Michael,Taylor,Michael Taylor,64,Engineering,Specialist,Chicago,95663.47,11993.96,2021-04-27,35,71.2,michael.taylor@company.com,(575) 228-1163,Active
EMP024676,Matthew,Taylor,Matthew Taylor,64,Sales,Associate,Boston,69808.61,7785.0,2022-11-16,36,93.2,matthew.taylor@company.com,(847) 814-3480,Active
EMP024677,Michael,Anderson,Michael Anderson,39,IT,Specialist,San Francisco,90227.63,9836.74,2020-05-04,15,85.6,michael.anderson@company.com,(559) 382-3910,Active
EMP024678,Sarah,Wilson,Sarah Wilson,61,Engineering,Associate,Boston,121371.64,9679.25,2020-03-29,33,70.0,sarah.wilson@company.com,(242) 505-7710,Active
EMP024679,Robert,Brown,Robert Brown,42,Legal,Specialist,Seattle,85298.92,15578.65,2024-02-28,16,92.0,robert.brown@company.com,(553) 809-6016,Active
EMP024680,Sarah,Anderson,Sarah Anderson,34,Sales,Manager,Miami,56846.87,8811.03,2022-02-18,5,63.3,sarah.anderson@company.com,(602) 531-6005,On Leave
EMP024681,Emily,Martin,Emily Martin,62,HR,Lead,San Francisco,88368.16,2934.71,2024-08-06,33,72.4,emily.martin@company.com,(728) 368-8789,Active
EMP024682,Lisa,Hernandez,Lisa Hernandez,33,IT,Specialist,Austin,58333.78,3950.92,2022-12-16,8,59.0,lisa.hernandez@company.com,(561) 832-7416,Active
EMP024683,Ashley,Martinez,Ashley Martinez,28,HR,Director,Los Angeles,69389.32,6843.22,2021-03-25,2,84.7,ashley.martinez@company.com,(877) 377-6101,Active
EMP024684,Emily,Lopez,Emily Lopez,59,Sales,Manager,Miami,92222.77,9894.54,2020-01-31,30,79.6,emily.lopez@company.com,(612) 604-4655,Active
EMP024685,Lisa,Martinez,Lisa Martinez,59,Marketing,Specialist,Chicago,92515.73,0.0,2024-11-28,33,100.0,lisa.martinez@company.com,(444) 287-9592,Active
EMP024686,Ashley,Lopez,Ashley Lopez,50,Operations,Director,Los Angeles,58976.49,8343.62,2020-11-06,26,99.2,ashley.lopez@company.com,(250) 761-8145,Active
EMP024687,Ashley,Lopez,Ashley Lopez,47,Legal,Specialist,New York,69477.48,5733.52,2022-11-10,20,100.0,ashley.lopez@company.com,(505) 244-9368,Active
EMP024688,Nicole,Martinez,Nicole Martinez,51,Sales,Manager,New York,78232.73,6230.43,2020-12-14,29,63.8,nicole.martinez@company.com,(668) 294-4093,Active
EMP024689,Emily,Smith,Emily Smith,51,Sales,Coordinator,Chicago,65393.87,11011.25,2022-10-25,25,83.6,emily.smith@company.com,(211) 314-8338,Active
EMP024690,Emily,Martinez,Emily Martinez,42,Finance,Manager,San Francisco,96704.84,12793.28,2024-01-11,17,80.5,emily.martinez@company.com,(537) 369-5072,Active
EMP024691,Jessica,Miller,Jessica Miller,52,Legal,Manager,Chicago,113386.27,8285.17,2023-11-02,29,88.6,jessica.miller@company.com,(752) 889-6794,Active
EMP024692,Emily,Smith,Emily Smith,24,Finance,Senior Developer,San Francisco,58633.53,9355.93,2022-12-21,0,90.7,emily.smith@company.com,(344) 328-4137,Active
EMP024693,Robert,Martin,Robert Martin,34,HR,Lead,Austin,62696.85,8277.55,2024-12-11,12,86.2,robert.martin@company.com,(244) 679-5347,Inactive
EMP024694,Emily,Jackson,Emily Jackson,36,IT,Associate,Los Angeles,75142.2,5619.55,2021-04-05,14,81.5,emily.jackson@company.com,(916) 800-1805,Active
EMP024695,Matthew,Lopez,Matthew Lopez,55,Sales,Coordinator,San Francisco,78182.99,11640.84,2022-01-25,32,52.8,matthew.lopez@company.com,(688) 807-9461,Active
EMP024696,Ashley,Martinez,Ashley Martinez,33,Legal,Director,Austin,92216.09,12587.04,2023-06-06,11,77.2,ashley.martinez@company.com,(831) 634-8808,Active
EMP024697,Nicole,Jackson,Nicole Jackson,48,Legal,Senior Developer,Seattle,68219.24,5072.49,2020-09-28,25,75.8,nicole.jackson@company.com,(632) 344-9821,Active
EMP024698,James,Thomas,James Thomas,38,Finance,Specialist,Austin,70552.75,8946.2,2023-05-15,14,76.5,james.thomas@company.com,(227) 291-5028,Active
EMP024699,Anthony,Moore,Anthony Moore,59,Sales,Specialist,Austin,99681.74,20968.69,2023-10-02,37,68.0,anthony.moore@company.com,(950) 273-1871,Active
EMP024700,Stephanie,Taylor,Stephanie Taylor,57,Marketing,Director,Seattle,96578.62,13417.35,2021-12-12,31,72.2,stephanie.taylor@company.com,(230) 813-5551,Active
EMP024701,Daniel,Rodriguez,Daniel Rodriguez,61,IT,Lead,New York,85976.13,7107.79,2021-02-01,36,96.3,daniel.rodriguez@company.com,(230) 428-4099,Active
EMP024702,Anthony,Martinez,Anthony Martinez,52,Finance,Coordinator,Boston,110180.45,10379.25,2024-08-23,28,82.9,anthony.martinez@company.com,(478) 475-7602,Active
EMP024703,Stephanie,Johnson,Stephanie Johnson,57,HR,Associate,San Francisco,102155.19,9136.68,2023-05-01,30,72.7,stephanie.johnson@company.com,(338) 348-3299,Active
EMP024704,Emily,Wilson,Emily Wilson,59,Marketing,Associate,Miami,69645.02,6946.99,2024-03-25,35,84.5,emily.wilson@company.com,(491) 469-5194,Active
EMP024705,John,Gonzalez,John Gonzalez,59,Operations,Associate,Miami,78998.73,11149.92,2021-03-11,33,70.6,john.gonzalez@company.com,(529) 618-7053,Active
EMP024706,John,Wilson,John Wilson,43,HR,Associate,Austin,50257.74,7774.97,2020-08-25,17,99.1,john.wilson@company.com,(211) 842-9857,Active
EMP024707,Matthew,Jackson,Matthew Jackson,54,Legal,Specialist,Miami,73518.23,5613.1,2020-08-28,32,44.8,matthew.jackson@company.com,(594) 533-8836,Active
EMP024708,Christopher,Jackson,Christopher Jackson,31,Operations,Lead,New York,72355.04,6838.47,2021-08-12,7,89.9,christopher.jackson@company.com,(477) 381-8538,On Leave
EMP024709,Emily,Martin,Emily Martin,46,Legal,Lead,Miami,87397.21,7315.96,2021-04-12,24,57.6,emily.martin@company.com,(282) 257-1784,Active
EMP024710,Sarah,Hernandez,Sarah Hernandez,35,Marketing,Manager,Los Angeles,62684.91,9335.32,2024-12-26,7,73.8,sarah.hernandez@company.com,(520) 449-1091,Active
EMP024711,Sarah,Hernandez,Sarah Hernandez,35,Marketing,Associate,Chicago,43978.05,7851.96,2024-01-21,9,53.4,sarah.hernandez@company.com,(314) 420-5678,Active
EMP024712,Nicole,Garcia,Nicole Garcia,51,HR,Analyst,Boston,84532.56,8636.15,2024-03-17,25,66.7,nicole.garcia@company.com,(628) 253-6443,Active
EMP024713,Ashley,Johnson,Ashley Johnson,25,Engineering,Associate,Boston,81192.0,9227.84,2022-02-04,0,54.5,ashley.johnson@company.com,(600) 700-7819,Active
EMP024714,Stephanie,Brown,Stephanie Brown,35,Engineering,Associate,Austin,39000.0,1803.04,2022-05-09,10,60.0,stephanie.brown@company.com,(982) 663-7366,Active
EMP024715,Anthony,Miller,Anthony Miller,40,Legal,Associate,Austin,98261.02,13621.24,2024-09-15,18,66.6,anthony.miller@company.com,(458) 775-5551,Active
EMP024716,Jessica,Jackson,Jessica Jackson,36,Sales,Coordinator,Miami,61985.99,1064.02,2022-08-30,7,57.5,jessica.jackson@company.com,(842) 727-7455,Active
EMP024717,Anthony,Martinez,Anthony Martinez,44,Engineering,Specialist,Seattle,96780.31,12318.39,2023-12-14,16,84.6,anthony.martinez@company.com,(383) 656-3099,On Leave
EMP024718,Daniel,Miller,Daniel Miller,55,HR,Specialist,Boston,106685.76,20321.38,2024-10-28,26,54.9,daniel.miller@company.com,(340) 350-7126,Active
EMP024719,Robert,Martin,Robert Martin,40,IT,Coordinator,New York,109468.16,7716.7,2020-04-24,12,77.5,robert.martin@company.com,(661) 595-4865,Active
EMP024720,Matthew,Johnson,Matthew Johnson,49,Finance,Analyst,Miami,78699.04,6523.66,2020-11-18,27,57.5,matthew.johnson@company.com,(453) 361-3680,Active
EMP024721,Anthony,Thomas,Anthony Thomas,42,HR,Specialist,Chicago,88286.36,13102.13,2021-08-31,20,76.2,anthony.thomas@company.com,(948) 591-5413,Active
EMP024722,Nicole,Wilson,Nicole Wilson,32,Engineering,Specialist,Boston,87153.31,13978.14,2024-06-21,3,69.4,nicole.wilson@company.com,(760) 597-2392,Active
EMP024723,David,Lopez,David Lopez,45,Finance,Director,Seattle,71601.56,5782.55,2022-12-21,18,69.9,david.lopez@company.com,(967) 533-2875,Active
EMP024724,Ashley,Garcia,Ashley Garcia,52,Engineering,Specialist,Chicago,107472.26,8655.6,2024-10-12,24,79.3,ashley.garcia@company.com,(878) 269-6111,Active
EMP024725,Emily,Rodriguez,Emily Rodriguez,23,Operations,Lead,Austin,51252.11,3087.7,2021-04-05,0,51.0,emily.rodriguez@company.com,(403) 233-1104,Active
EMP024726,Christopher,Moore,Christopher Moore,53,HR,Senior Developer,Miami,70662.13,4062.71,2024-05-28,31,100.0,christopher.moore@company.com,(910) 582-7012,Inactive
EMP024727,Jane,Wilson,Jane Wilson,54,Operations,Specialist,Austin,65781.28,2448.81,2020-05-14,26,77.7,jane.wilson@company.com,(434) 758-8040,Active
EMP024728,Jessica,Gonzalez,Jessica Gonzalez,27,Engineering,Analyst,New York,102965.18,24766.91,2020-06-21,0,82.6,jessica.gonzalez@company.com,(450) 352-5713,On Leave
EMP024729,Amanda,Wilson,Amanda Wilson,53,Legal,Lead,Los Angeles,89478.27,3274.37,2023-02-13,28,63.3,amanda.wilson@company.com,(732) 269-3838,Active
EMP024730,David,Garcia,David Garcia,64,Legal,Director,San Francisco,94033.29,9695.47,2022-03-20,39,65.5,david.garcia@company.com,(926) 811-2382,On Leave
EMP024731,Michael,Johnson,Michael Johnson,50,HR,Director,Seattle,78221.31,6087.55,2023-07-23,21,94.2,michael.johnson@company.com,(921) 610-8545,Active
EMP024732,Daniel,Wilson,Daniel Wilson,35,Legal,Lead,Los Angeles,88367.46,19289.62,2022-10-03,13,96.4,daniel.wilson@company.com,(643) 794-3503,Active
EMP024733,David,Taylor,David Taylor,37,Engineering,Coordinator,New York,75271.4,7911.33,2024-10-05,12,81.1,david.taylor@company.com,(790) 539-2812,Active
EMP024734,Melissa,Jones,Melissa Jones,26,Marketing,Senior Developer,San Francisco,79613.83,7402.42,2021-11-16,4,63.5,melissa.jones@company.com,(975) 986-3891,Active
EMP024735,Ashley,Wilson,Ashley Wilson,39,Marketing,Coordinator,Austin,49206.34,10405.85,2024-06-15,12,60.1,ashley.wilson@company.com,(797) 706-5055,Active
EMP024736,Anthony,Thomas,Anthony Thomas,62,Sales,Specialist,Boston,58945.76,9444.58,2022-12-14,38,83.7,anthony.thomas@company.com,(565) 901-3990,Active
EMP024737,Jane,Martinez,Jane Martinez,22,Finance,Analyst,New York,79524.9,12219.88,2022-10-29,0,77.5,jane.martinez@company.com,(910) 607-9623,Active
EMP024738,Stephanie,Hernandez,Stephanie Hernandez,52,Operations,Director,Austin,79447.51,1472.73,2024-09-21,23,59.1,stephanie.hernandez@company.com,(458) 202-6293,Active
EMP024739,Amanda,Martinez,Amanda Martinez,50,Engineering,Associate,San Francisco,109220.69,8084.6,2020-08-29,24,72.8,amanda.martinez@company.com,(229) 559-5733,Inactive
EMP024740,Lisa,Lopez,Lisa Lopez,25,Sales,Lead,San Francisco,72262.66,7306.13,2020-11-23,2,71.1,lisa.lopez@company.com,(885) 714-8126,On Leave
EMP024741,James,Garcia,James Garcia,58,HR,Lead,Chicago,63314.52,9968.07,2021-03-11,36,93.4,james.garcia@company.com,(302) 995-5564,Active
EMP024742,Matthew,Davis,Matthew Davis,61,HR,Coordinator,Los Angeles,48254.89,4434.54,2022-09-17,36,86.7,matthew.davis@company.com,(672) 256-3067,Active
EMP024743,Stephanie,Moore,Stephanie Moore,50,Finance,Senior Developer,Seattle,79302.08,6185.31,2023-07-31,21,78.1,stephanie.moore@company.com,(297) 473-5500,Active
EMP024744,Christopher,Hernandez,Christopher Hernandez,63,HR,Lead,Los Angeles,85102.51,11721.81,2021-06-17,40,80.2,christopher.hernandez@company.com,(432) 686-9469,Active
EMP024745,William,Gonzalez,William Gonzalez,46,Legal,Manager,Chicago,91175.58,1732.56,2023-04-02,18,90.7,william.gonzalez@company.com,(524) 235-7601,Active
EMP024746,Ashley,Jackson,Ashley Jackson,60,Operations,Specialist,Miami,88954.72,10937.68,2023-04-06,34,71.9,ashley.jackson@company.com,(564) 789-3611,Inactive
EMP024747,Daniel,Thomas,Daniel Thomas,29,Engineering,Coordinator,Austin,71180.13,6872.27,2022-10-11,2,100.0,daniel.thomas@company.com,(369) 231-7358,Active
EMP024748,Amanda,Wilson,Amanda Wilson,27,Sales,Associate,Los Angeles,83668.85,12401.38,2023-10-22,5,86.2,amanda.wilson@company.com,(323) 642-6296,Active
EMP024749,Jessica,Hernandez,Jessica Hernandez,44,Sales,Specialist,Austin,104665.07,7704.6,2020-01-08,17,86.4,jessica.hernandez@company.com,(749) 423-7147,Active
EMP024750,Nicole,Jackson,Nicole Jackson,43,Finance,Lead,Boston,73900.74,6026.39,2023-03-22,16,54.4,nicole.jackson@company.com,(764) 286-8114,Active
EMP024751,Sarah,Williams,Sarah Williams,44,Finance,Senior Developer,Los Angeles,103357.54,5677.53,2024-09-10,17,89.6,sarah.williams@company.com,(696) 368-2063,On Leave
EMP024752,Christopher,Garcia,Christopher Garcia,46,Engineering,Manager,Austin,98191.7,3287.54,2023-06-27,18,74.6,christopher.garcia@company.com,(708) 323-9038,Active
EMP024753,Daniel,Thomas,Daniel Thomas,53,Legal,Manager,New York,121894.65,6144.8,2022-02-01,24,68.4,daniel.thomas@company.com,(575) 451-6810,Active
EMP024754,William,Johnson,William Johnson,62,IT,Analyst,Boston,96984.35,13326.64,2023-08-02,34,78.1,william.johnson@company.com,(898) 661-8493,Active
EMP024755,Jane,Gonzalez,Jane Gonzalez,40,Sales,Specialist,Chicago,94313.38,9624.39,2024-12-04,17,79.6,jane.gonzalez@company.com,(354) 499-4381,Active
EMP024756,Melissa,Jackson,Melissa Jackson,53,Sales,Associate,Miami,65491.58,796.52,2020-07-04,29,59.8,melissa.jackson@company.com,(317) 381-8019,Active
EMP024757,Stephanie,Martinez,Stephanie Martinez,61,IT,Coordinator,Los Angeles,112493.76,7892.94,2020-02-13,33,67.4,stephanie.martinez@company.com,(707) 621-1106,Active
EMP024758,Christopher,Gonzalez,Christopher Gonzalez,32,Finance,Director,Austin,69486.96,1675.05,2021-10-16,3,89.7,christopher.gonzalez@company.com,(908) 543-6385,Active
EMP024759,Robert,Smith,Robert Smith,41,Engineering,Director,San Francisco,72517.72,9822.7,2022-07-03,19,81.0,robert.smith@company.com,(374) 717-6405,Active
EMP024760,Amanda,Garcia,Amanda Garcia,48,Sales,Specialist,Miami,108181.78,11603.25,2022-12-05,26,75.5,amanda.garcia@company.com,(327) 745-1366,Active
EMP024761,Lisa,Davis,Lisa Davis,22,Sales,Associate,Miami,67563.73,7803.6,2022-06-28,0,44.7,lisa.davis@company.com,(623) 384-5794,Inactive
EMP024762,James,Davis,James Davis,63,Finance,Coordinator,Boston,105321.09,20242.02,2023-02-12,40,84.1,james.davis@company.com,(791) 577-2668,On Leave
EMP024763,Emily,Brown,Emily Brown,25,IT,Associate,Boston,97707.25,12554.67,2021-03-05,0,81.6,emily.brown@company.com,(587) 871-1533,Inactive
EMP024764,Matthew,Martinez,Matthew Martinez,59,Marketing,Lead,New York,69753.1,6987.59,2022-04-10,30,89.2,matthew.martinez@company.com,(530) 543-7790,Active
EMP024765,Sarah,Brown,Sarah Brown,49,HR,Coordinator,San Francisco,71813.48,10648.13,2024-11-24,24,48.7,sarah.brown@company.com,(440) 573-1201,Active
EMP024766,Lisa,Brown,Lisa Brown,64,Finance,Analyst,Seattle,116920.05,14743.27,2020-10-24,42,77.8,lisa.brown@company.com,(590) 586-5045,Active
EMP024767,Anthony,Martinez,Anthony Martinez,51,Marketing,Analyst,Boston,79707.6,606.14,2020-09-29,22,84.3,anthony.martinez@company.com,(611) 370-1305,Active
EMP024768,Melissa,Wilson,Melissa Wilson,48,Finance,Director,Miami,76166.42,3108.11,2021-12-19,25,82.6,melissa.wilson@company.com,(870) 249-8309,Active
EMP024769,John,Davis,John Davis,46,Engineering,Lead,Seattle,57822.39,7840.14,2023-05-07,19,57.3,john.davis@company.com,(651) 820-7157,Active
EMP024770,Michael,Taylor,Michael Taylor,58,Finance,Manager,Miami,91886.98,6823.18,2021-01-22,30,75.2,michael.taylor@company.com,(644) 996-8560,Active
EMP024771,Matthew,Moore,Matthew Moore,50,IT,Lead,New York,60138.51,8794.34,2023-10-05,22,81.3,matthew.moore@company.com,(421) 846-1723,Active
EMP024772,Christopher,Brown,Christopher Brown,30,Sales,Analyst,San Francisco,71617.99,6896.85,2022-01-21,6,83.8,christopher.brown@company.com,(349) 860-6137,Active
EMP024773,Nicole,Jackson,Nicole Jackson,36,Legal,Coordinator,Austin,82134.06,7726.08,2022-05-05,8,39.1,nicole.jackson@company.com,(418) 721-9126,Active
EMP024774,Stephanie,Moore,Stephanie Moore,22,Sales,Analyst,Miami,62517.64,8414.77,2021-07-03,0,74.5,stephanie.moore@company.com,(548) 736-3837,Active
EMP024775,William,Garcia,William Garcia,30,Operations,Lead,San Francisco,52894.39,4148.65,2024-04-05,1,77.6,william.garcia@company.com,(286) 985-2755,Active
EMP024776,Amanda,Martinez,Amanda Martinez,57,HR,Specialist,Chicago,58077.18,9508.29,2020-01-18,35,77.4,amanda.martinez@company.com,(929) 834-7082,Active
EMP024777,Melissa,Rodriguez,Melissa Rodriguez,51,Operations,Specialist,New York,70891.95,9308.25,2023-05-16,29,56.1,melissa.rodriguez@company.com,(373) 410-8823,Active
EMP024778,Jessica,Martinez,Jessica Martinez,64,Operations,Lead,Seattle,77387.63,7491.05,2024-04-23,39,79.1,jessica.martinez@company.com,(210) 945-8051,Active
EMP024779,Matthew,Hernandez,Matthew Hernandez,55,HR,Associate,Los Angeles,82140.56,4011.43,2021-04-22,26,76.3,matthew.hernandez@company.com,(925) 852-7386,Inactive
EMP024780,Christopher,Jackson,Christopher Jackson,54,HR,Director,Chicago,71963.1,3572.83,2023-08-02,30,66.0,christopher.jackson@company.com,(975) 561-3272,Active
EMP024781,Lisa,Anderson,Lisa Anderson,51,HR,Lead,New York,55792.62,2530.3,2021-10-09,24,100.0,lisa.anderson@company.com,(218) 828-6925,Active
EMP024782,Christopher,Martinez,Christopher Martinez,34,Legal,Lead,Seattle,100262.62,11636.28,2020-12-14,12,59.9,christopher.martinez@company.com,(687) 573-3889,Active
EMP024783,Jessica,Moore,Jessica Moore,48,HR,Lead,Boston,67782.74,13186.84,2021-12-02,20,73.9,jessica.moore@company.com,(665) 248-3417,Active
EMP024784,Sarah,Johnson,Sarah Johnson,56,Operations,Director,Miami,75227.18,14167.03,2020-11-17,34,72.6,sarah.johnson@company.com,(205) 871-7487,Active
EMP024785,Emily,Hernandez,Emily Hernandez,46,HR,Senior Developer,New York,71398.9,7185.63,2021-10-22,18,87.3,emily.hernandez@company.com,(969) 750-3170,Active
EMP024786,Matthew,Martinez,Matthew Martinez,41,Marketing,Director,Miami,56220.67,6173.61,2024-04-02,18,100.0,matthew.martinez@company.com,(736) 415-7100,Active
EMP024787,Matthew,Martinez,Matthew Martinez,25,HR,Analyst,New York,48632.74,2918.28,2020-03-12,0,77.2,matthew.martinez@company.com,(748) 579-8073,Active
EMP024788,Anthony,Garcia,Anthony Garcia,24,Legal,Manager,Boston,72804.86,7762.8,2023-05-23,0,66.7,anthony.garcia@company.com,(377) 330-6914,Active
EMP024789,Jane,Johnson,Jane Johnson,32,Legal,Senior Developer,Seattle,83781.87,9394.68,2020-12-13,9,75.5,jane.johnson@company.com,(800) 668-9221,On Leave
EMP024790,William,Wilson,William Wilson,23,HR,Associate,Boston,63160.66,10044.82,2021-09-16,0,59.8,william.wilson@company.com,(806) 499-9739,Active
EMP024791,Lisa,Miller,Lisa Miller,45,Marketing,Associate,San Francisco,76071.41,9734.6,2022-09-06,16,70.0,lisa.miller@company.com,(988) 543-1045,Active
EMP024792,Robert,Moore,Robert Moore,59,HR,Lead,Austin,99353.61,8775.51,2022-06-30,35,83.8,robert.moore@company.com,(530) 958-6708,Active
EMP024793,Stephanie,Johnson,Stephanie Johnson,61,Marketing,Director,Boston,74225.81,3278.9,2021-09-24,33,87.6,stephanie.johnson@company.com,(917) 830-3094,Active
EMP024794,Jessica,Martin,Jessica Martin,37,Marketing,Analyst,San Francisco,53932.87,3927.57,2021-02-16,13,40.4,jessica.martin@company.com,(818) 834-7543,Active
EMP024795,Matthew,Johnson,Matthew Johnson,48,Operations,Analyst,New York,51055.74,3328.75,2023-07-31,21,63.9,matthew.johnson@company.com,(315) 251-5223,Active
EMP024796,William,Johnson,William Johnson,24,IT,Director,Seattle,72087.93,6457.91,2020-10-27,0,90.6,william.johnson@company.com,(770) 220-6442,Active
EMP024797,Stephanie,Davis,Stephanie Davis,36,Sales,Manager,New York,74413.33,4372.45,2020-01-06,10,83.1,stephanie.davis@company.com,(321) 873-7175,Active
EMP024798,David,Jackson,David Jackson,49,Legal,Specialist,San Francisco,97226.69,16940.48,2021-07-16,21,92.9,david.jackson@company.com,(954) 529-1950,Inactive
EMP024799,James,Johnson,James Johnson,37,HR,Manager,San Francisco,58313.95,2986.24,2023-03-04,9,82.8,james.johnson@company.com,(866) 691-8916,Active
EMP024800,Robert,Williams,Robert Williams,58,Finance,Senior Developer,Boston,97339.86,8606.96,2024-08-27,36,100.0,robert.williams@company.com,(326) 794-5590,Active
EMP024801,Emily,Jones,Emily Jones,24,Engineering,Lead,Boston,94741.38,7763.07,2024-02-27,2,92.4,emily.jones@company.com,(365) 642-6912,Active
EMP024802,Jessica,Thomas,Jessica Thomas,47,HR,Director,Boston,82646.2,9749.91,2022-06-09,19,100.0,jessica.thomas@company.com,(909) 581-7246,Active
EMP024803,James,Anderson,James Anderson,41,Legal,Lead,New York,95330.46,5254.89,2023-08-27,16,89.9,james.anderson@company.com,(232) 496-3487,Active
EMP024804,Daniel,Jones,Daniel Jones,55,Finance,Manager,New York,60087.82,6320.34,2022-12-10,32,53.5,daniel.jones@company.com,(597) 423-8956,Active
EMP024805,Michael,Davis,Michael Davis,32,Legal,Lead,New York,58098.95,2194.52,2020-03-05,6,54.9,michael.davis@company.com,(802) 774-3748,Active
EMP024806,Ashley,Johnson,Ashley Johnson,65,Marketing,Associate,Chicago,95281.35,13813.12,2021-09-11,39,94.9,ashley.johnson@company.com,(489) 766-9473,Active
EMP024807,Anthony,Garcia,Anthony Garcia,41,Sales,Lead,Seattle,65707.63,10319.85,2024-11-01,19,90.1,anthony.garcia@company.com,(434) 768-7586,Active
EMP024808,Melissa,Smith,Melissa Smith,52,Engineering,Specialist,Boston,103985.58,8525.93,2024-08-26,29,67.4,melissa.smith@company.com,(219) 684-2437,Active
EMP024809,Matthew,Jones,Matthew Jones,65,HR,Associate,Chicago,94110.58,9620.19,2024-10-23,36,71.1,matthew.jones@company.com,(846) 611-7736,On Leave
EMP024810,William,Davis,William Davis,47,Legal,Analyst,Seattle,78931.91,8328.27,2023-01-30,21,86.3,william.davis@company.com,(377) 265-5754,Active
EMP024811,Michael,Martinez,Michael Martinez,57,Finance,Coordinator,Austin,109538.56,15810.82,2022-06-15,34,60.1,michael.martinez@company.com,(701) 489-1980,Active
EMP024812,Daniel,Brown,Daniel Brown,51,Marketing,Analyst,Los Angeles,57474.17,6190.32,2020-02-19,29,71.0,daniel.brown@company.com,(578) 803-2804,Active
EMP024813,James,Rodriguez,James Rodriguez,33,Sales,Senior Developer,New York,45779.66,4062.13,2023-01-05,11,89.8,james.rodriguez@company.com,(325) 268-9992,On Leave
EMP024814,Lisa,Moore,Lisa Moore,36,Legal,Analyst,Boston,90534.99,17392.69,2022-01-20,7,67.9,lisa.moore@company.com,(417) 823-6079,Active
EMP024815,Stephanie,Wilson,Stephanie Wilson,25,Finance,Director,Los Angeles,68269.33,2778.87,2021-06-05,0,64.4,stephanie.wilson@company.com,(487) 389-1809,Active
EMP024816,Daniel,Hernandez,Daniel Hernandez,32,Finance,Senior Developer,Chicago,51752.34,2450.14,2020-08-22,6,69.6,daniel.hernandez@company.com,(821) 548-5875,Active
EMP024817,Jessica,Brown,Jessica Brown,55,IT,Director,Miami,131062.62,24585.14,2020-01-29,26,86.7,jessica.brown@company.com,(346) 464-4942,Active
EMP024818,Ashley,Taylor,Ashley Taylor,31,Marketing,Director,Miami,47222.04,6888.4,2021-11-04,5,79.2,ashley.taylor@company.com,(212) 644-1094,Active
EMP024819,David,Anderson,David Anderson,36,Finance,Coordinator,San Francisco,83876.64,6876.66,2022-11-21,7,92.9,david.anderson@company.com,(853) 621-6321,Active
EMP024820,Anthony,Johnson,Anthony Johnson,62,Engineering,Specialist,Miami,144878.85,14979.29,2020-12-23,39,45.2,anthony.johnson@company.com,(551) 609-8999,Active
EMP024821,Robert,Jones,Robert Jones,35,HR,Coordinator,Boston,61584.98,5840.88,2020-11-10,7,100.0,robert.jones@company.com,(966) 645-2317,Active
EMP024822,Emily,Lopez,Emily Lopez,58,Operations,Specialist,San Francisco,44177.02,3586.02,2021-09-21,29,63.1,emily.lopez@company.com,(215) 633-1166,Active
EMP024823,Robert,Jones,Robert Jones,49,Sales,Specialist,Boston,76532.78,9343.11,2020-07-22,23,66.9,robert.jones@company.com,(780) 693-9343,Active
EMP024824,Amanda,Martin,Amanda Martin,49,Marketing,Manager,New York,64153.91,1811.01,2023-12-26,27,74.0,amanda.martin@company.com,(775) 781-1890,Active
EMP024825,James,Hernandez,James Hernandez,50,Operations,Lead,Seattle,74720.52,8067.2,2023-06-19,28,47.0,james.hernandez@company.com,(886) 297-8874,Active
EMP024826,Emily,Johnson,Emily Johnson,62,HR,Lead,San Francisco,88222.66,9826.38,2023-11-11,33,60.5,emily.johnson@company.com,(519) 855-9566,Active
EMP024827,John,Jones,John Jones,46,Operations,Lead,Seattle,57440.37,7884.67,2021-12-29,19,78.5,john.jones@company.com,(398) 625-8947,Active
EMP024828,Sarah,Moore,Sarah Moore,37,Engineering,Analyst,Boston,117521.1,11185.86,2021-02-25,9,47.4,sarah.moore@company.com,(219) 454-1718,Active
EMP024829,Ashley,Rodriguez,Ashley Rodriguez,32,HR,Manager,Los Angeles,56233.12,2867.38,2024-05-04,4,91.1,ashley.rodriguez@company.com,(533) 542-7786,Active
EMP024830,Sarah,Garcia,Sarah Garcia,31,Legal,Specialist,San Francisco,64278.52,9970.05,2024-06-24,6,66.0,sarah.garcia@company.com,(692) 356-7184,Active
EMP024831,Nicole,Jones,Nicole Jones,49,IT,Associate,San Francisco,65873.37,14704.75,2022-03-02,22,87.3,nicole.jones@company.com,(679) 246-2993,Inactive
EMP024832,Stephanie,Gonzalez,Stephanie Gonzalez,37,Finance,Manager,Austin,67835.39,4801.66,2024-02-06,13,87.0,stephanie.gonzalez@company.com,(731) 440-4279,Active
EMP024833,Jane,Gonzalez,Jane Gonzalez,28,Sales,Coordinator,Miami,58194.22,1570.17,2024-03-27,6,57.2,jane.gonzalez@company.com,(616) 620-3556,Active
EMP024834,Jessica,Brown,Jessica Brown,51,Operations,Senior Developer,Austin,57506.56,4369.8,2022-06-29,26,59.2,jessica.brown@company.com,(204) 543-8934,Active
EMP024835,Lisa,Jones,Lisa Jones,40,Operations,Manager,San Francisco,61068.03,9665.15,2022-04-20,14,94.0,lisa.jones@company.com,(826) 831-8121,Active
EMP024836,Robert,Martinez,Robert Martinez,45,Engineering,Lead,Boston,71252.78,6153.52,2023-07-14,21,87.5,robert.martinez@company.com,(316) 326-3807,On Leave
EMP024837,James,Hernandez,James Hernandez,40,Finance,Director,San Francisco,83756.41,9632.4,2022-10-05,15,74.7,james.hernandez@company.com,(432) 250-7553,Active
EMP024838,Daniel,Rodriguez,Daniel Rodriguez,47,HR,Coordinator,San Francisco,78733.31,6762.74,2022-05-28,22,85.7,daniel.rodriguez@company.com,(695) 598-1975,Active
EMP024839,Matthew,Martin,Matthew Martin,26,Sales,Director,New York,39633.24,2285.45,2021-07-18,2,50.6,matthew.martin@company.com,(891) 558-7745,Active
EMP024840,Emily,Martinez,Emily Martinez,47,HR,Coordinator,Boston,78992.76,8991.6,2023-10-11,18,55.2,emily.martinez@company.com,(292) 926-2480,Active
EMP024841,Nicole,Williams,Nicole Williams,50,HR,Senior Developer,Chicago,70603.98,2148.6,2022-11-19,22,73.3,nicole.williams@company.com,(600) 925-2671,Active
EMP024842,Matthew,Brown,Matthew Brown,55,IT,Senior Developer,New York,114272.33,11332.83,2024-02-16,26,66.4,matthew.brown@company.com,(556) 980-2619,Active
EMP024843,Amanda,Jones,Amanda Jones,48,Engineering,Analyst,Chicago,98728.8,2910.63,2023-01-14,20,68.3,amanda.jones@company.com,(484) 880-7323,Active
EMP024844,Lisa,Thomas,Lisa Thomas,34,Engineering,Analyst,Boston,57756.32,8405.21,2021-01-14,5,74.5,lisa.thomas@company.com,(363) 922-1865,Active
EMP024845,David,Martin,David Martin,23,Finance,Associate,San Francisco,60275.22,6052.79,2023-04-28,0,97.8,david.martin@company.com,(704) 935-1583,Active
EMP024846,David,Thomas,David Thomas,30,Legal,Coordinator,Boston,54995.28,5166.93,2020-08-28,2,52.5,david.thomas@company.com,(355) 268-7560,Active
EMP024847,Sarah,Thomas,Sarah Thomas,46,IT,Manager,New York,94784.22,12071.92,2021-08-17,24,70.5,sarah.thomas@company.com,(820) 295-4547,On Leave
EMP024848,Emily,Lopez,Emily Lopez,38,Finance,Analyst,Boston,55720.28,9864.64,2024-10-17,15,58.8,emily.lopez@company.com,(783) 982-2840,Active
EMP024849,David,Jones,David Jones,38,IT,Director,New York,80117.47,3066.35,2022-10-18,9,64.6,david.jones@company.com,(986) 331-4748,Active
EMP024850,Michael,Gonzalez,Michael Gonzalez,43,Finance,Coordinator,San Francisco,59197.78,4780.85,2022-06-13,19,91.6,michael.gonzalez@company.com,(587) 300-6234,Active
EMP024851,Stephanie,Rodriguez,Stephanie Rodriguez,64,Legal,Coordinator,Miami,166107.37,11266.84,2023-04-28,38,75.8,stephanie.rodriguez@company.com,(461) 381-1710,Active
EMP024852,Amanda,Smith,Amanda Smith,26,Legal,Senior Developer,Austin,66811.24,4440.33,2020-12-23,0,75.5,amanda.smith@company.com,(228) 237-8632,Active
EMP024853,Amanda,Martinez,Amanda Martinez,42,Operations,Associate,New York,68326.09,4558.08,2023-01-19,16,66.0,amanda.martinez@company.com,(550) 618-4137,Active
EMP024854,Jane,Garcia,Jane Garcia,47,HR,Director,Los Angeles,49200.77,3335.14,2020-07-13,23,66.1,jane.garcia@company.com,(649) 970-9605,Active
EMP024855,Melissa,Brown,Melissa Brown,55,Operations,Director,Austin,88116.91,9325.4,2020-12-15,32,77.7,melissa.brown@company.com,(645) 232-6064,Active
EMP024856,Jessica,Hernandez,Jessica Hernandez,36,Engineering,Specialist,New York,100756.34,3631.01,2021-08-18,13,100.0,jessica.hernandez@company.com,(811) 638-3718,Active
EMP024857,Michael,Jones,Michael Jones,35,Engineering,Analyst,Austin,63746.13,4437.31,2024-08-09,11,83.4,michael.jones@company.com,(796) 845-6075,Inactive
EMP024858,Sarah,Taylor,Sarah Taylor,61,IT,Director,Miami,120565.07,21872.53,2022-04-17,32,55.5,sarah.taylor@company.com,(952) 848-9753,Active
EMP024859,Jessica,Brown,Jessica Brown,37,HR,Coordinator,Austin,63957.46,7619.47,2024-12-27,12,58.5,jessica.brown@company.com,(887) 680-8834,Active
EMP024860,Melissa,Garcia,Melissa Garcia,33,Finance,Associate,New York,81873.31,9689.76,2020-01-21,9,51.2,melissa.garcia@company.com,(965) 757-3105,Active
EMP024861,Stephanie,Gonzalez,Stephanie Gonzalez,32,HR,Specialist,San Francisco,67563.71,2579.55,2024-10-20,10,62.2,stephanie.gonzalez@company.com,(242) 919-3838,Active
EMP024862,Stephanie,Smith,Stephanie Smith,47,HR,Manager,Seattle,63426.52,7452.58,2021-03-22,19,91.3,stephanie.smith@company.com,(500) 599-3903,Active
EMP024863,Stephanie,Rodriguez,Stephanie Rodriguez,33,Legal,Manager,Miami,107820.11,5518.25,2024-03-10,11,68.1,stephanie.rodriguez@company.com,(313) 735-4859,Inactive
EMP024864,Christopher,Garcia,Christopher Garcia,49,Finance,Lead,Chicago,101620.85,10786.51,2021-04-14,22,81.4,christopher.garcia@company.com,(937) 712-4843,Active
EMP024865,Christopher,Garcia,Christopher Garcia,25,Finance,Analyst,New York,58655.48,3877.92,2020-07-15,0,71.6,christopher.garcia@company.com,(638) 860-6865,Inactive
EMP024866,Melissa,Taylor,Melissa Taylor,46,Legal,Director,Seattle,100456.71,13146.19,2021-10-28,19,99.5,melissa.taylor@company.com,(501) 631-7385,On Leave
EMP024867,Nicole,Lopez,Nicole Lopez,39,Engineering,Manager,Los Angeles,83556.5,14437.64,2023-09-24,16,56.6,nicole.lopez@company.com,(788) 456-6003,Active
EMP024868,Jessica,Davis,Jessica Davis,54,Finance,Senior Developer,Austin,71616.48,4441.37,2020-01-28,28,85.3,jessica.davis@company.com,(804) 837-5710,Active
EMP024869,Amanda,Johnson,Amanda Johnson,29,Sales,Lead,Chicago,64788.76,10203.87,2024-03-04,5,75.3,amanda.johnson@company.com,(590) 302-1315,Active
EMP024870,David,Wilson,David Wilson,65,Sales,Associate,Austin,60436.82,4954.13,2021-02-11,41,76.9,david.wilson@company.com,(502) 949-3129,Active
EMP024871,Daniel,Moore,Daniel Moore,26,IT,Senior Developer,Miami,95202.02,0.0,2022-01-17,0,96.4,daniel.moore@company.com,(597) 206-4031,Active
EMP024872,Ashley,Miller,Ashley Miller,54,IT,Associate,New York,106226.45,7994.18,2020-05-12,29,79.7,ashley.miller@company.com,(202) 313-4741,Active
EMP024873,Christopher,Taylor,Christopher Taylor,49,Engineering,Director,New York,121324.38,16507.15,2021-08-21,22,83.4,christopher.taylor@company.com,(826) 876-2588,Active
EMP024874,Nicole,Lopez,Nicole Lopez,49,HR,Specialist,Los Angeles,75888.74,8125.61,2021-06-09,25,74.0,nicole.lopez@company.com,(860) 740-4165,Inactive
EMP024875,John,Moore,John Moore,30,HR,Analyst,New York,60214.81,4579.74,2022-11-15,2,60.5,john.moore@company.com,(676) 300-2819,On Leave
EMP024876,John,Martin,John Martin,59,HR,Specialist,Los Angeles,105251.43,16938.53,2023-10-31,34,86.0,john.martin@company.com,(251) 558-9242,Active
EMP024877,James,Garcia,James Garcia,37,Finance,Senior Developer,Boston,94546.17,8217.12,2021-03-20,9,66.1,james.garcia@company.com,(782) 566-4315,Active
EMP024878,William,Jones,William Jones,54,HR,Manager,New York,66187.54,9887.76,2020-01-03,29,69.8,william.jones@company.com,(365) 656-1316,Active
EMP024879,Jane,Martinez,Jane Martinez,29,Sales,Manager,Boston,46063.0,4638.71,2022-07-19,3,53.2,jane.martinez@company.com,(213) 904-1621,Active
EMP024880,John,Taylor,John Taylor,46,Finance,Associate,Austin,120445.92,17948.24,2023-01-21,22,74.5,john.taylor@company.com,(426) 311-7115,Active
EMP024881,William,Martinez,William Martinez,40,Finance,Lead,New York,96631.29,7356.56,2020-12-21,18,98.9,william.martinez@company.com,(436) 570-2299,On Leave
EMP024882,David,Hernandez,David Hernandez,46,IT,Manager,Chicago,89524.85,14754.87,2022-09-01,23,75.7,david.hernandez@company.com,(638) 223-8938,Active
EMP024883,Lisa,Moore,Lisa Moore,55,Marketing,Analyst,San Francisco,96513.83,8150.74,2022-11-29,26,83.6,lisa.moore@company.com,(792) 432-5108,Active
EMP024884,Robert,Taylor,Robert Taylor,53,HR,Director,Chicago,80040.78,6113.39,2020-12-05,30,77.9,robert.taylor@company.com,(503) 837-9692,Active
EMP024885,Melissa,Lopez,Melissa Lopez,51,Marketing,Coordinator,Miami,57126.22,7095.09,2021-04-09,25,66.8,melissa.lopez@company.com,(300) 859-5041,Active
EMP024886,Anthony,Wilson,Anthony Wilson,27,IT,Specialist,Miami,63977.09,5225.32,2021-02-21,0,68.0,anthony.wilson@company.com,(932) 610-8654,Active
EMP024887,Daniel,Davis,Daniel Davis,45,Finance,Lead,Miami,113539.45,17557.64,2022-10-11,20,98.2,daniel.davis@company.com,(765) 378-7413,Active
EMP024888,Stephanie,Smith,Stephanie Smith,49,Operations,Associate,Boston,74659.16,6369.21,2021-03-22,20,59.0,stephanie.smith@company.com,(442) 858-3627,Active
EMP024889,William,Martin,William Martin,42,Engineering,Senior Developer,Seattle,52816.93,6153.03,2024-11-15,16,52.2,william.martin@company.com,(971) 840-5486,Active
EMP024890,Anthony,Rodriguez,Anthony Rodriguez,65,Engineering,Specialist,Seattle,108704.33,4625.81,2023-02-16,41,74.8,anthony.rodriguez@company.com,(640) 930-5294,Inactive
EMP024891,Ashley,Jones,Ashley Jones,30,HR,Associate,Austin,55999.21,3767.47,2021-03-26,2,81.5,ashley.jones@company.com,(384) 466-5249,Active
EMP024892,John,Johnson,John Johnson,53,Finance,Specialist,Chicago,114456.24,16212.92,2021-03-03,31,64.2,john.johnson@company.com,(501) 908-1766,Active
EMP024893,Robert,Garcia,Robert Garcia,48,HR,Associate,San Francisco,82975.66,3013.66,2022-10-25,24,77.8,robert.garcia@company.com,(731) 548-1865,Active
EMP024894,Christopher,Miller,Christopher Miller,47,IT,Manager,New York,124886.03,10102.11,2020-12-24,18,62.6,christopher.miller@company.com,(221) 361-8570,Inactive
EMP024895,Nicole,Thomas,Nicole Thomas,63,Sales,Specialist,Miami,100936.46,6459.11,2024-04-30,35,73.5,nicole.thomas@company.com,(220) 856-2482,Inactive
EMP024896,William,Wilson,William Wilson,43,Operations,Lead,San Francisco,55784.88,4415.47,2020-09-14,20,80.6,william.wilson@company.com,(844) 579-7649,Active
EMP024897,Melissa,Taylor,Melissa Taylor,39,Engineering,Manager,Austin,62874.45,4530.56,2024-08-10,17,100.0,melissa.taylor@company.com,(620) 941-8019,Active
EMP024898,Melissa,Taylor,Melissa Taylor,40,Legal,Lead,Miami,87570.36,11298.11,2021-07-26,13,100.0,melissa.taylor@company.com,(368) 807-7007,Inactive
EMP024899,Michael,Wilson,Michael Wilson,27,Engineering,Manager,New York,89264.9,14230.19,2024-12-30,1,79.2,michael.wilson@company.com,(598) 449-8268,Active
EMP024900,Amanda,Smith,Amanda Smith,52,Sales,Director,Miami,104993.15,15690.85,2022-01-06,27,72.5,amanda.smith@company.com,(943) 217-3207,Active
EMP024901,Daniel,Jackson,Daniel Jackson,41,IT,Associate,San Francisco,113418.73,13698.98,2020-01-20,15,75.5,daniel.jackson@company.com,(324) 632-5523,Active
EMP024902,Jessica,Rodriguez,Jessica Rodriguez,28,HR,Manager,Seattle,79902.74,10493.35,2021-03-22,1,61.8,jessica.rodriguez@company.com,(956) 428-7228,Active
EMP024903,William,Thomas,William Thomas,47,Operations,Analyst,Boston,58048.52,5355.35,2020-04-11,25,41.8,william.thomas@company.com,(587) 376-2203,Active
EMP024904,Robert,Thomas,Robert Thomas,40,Legal,Director,Seattle,49810.43,6612.5,2024-10-11,14,70.1,robert.thomas@company.com,(526) 280-2296,Active
EMP024905,Lisa,Taylor,Lisa Taylor,38,Operations,Analyst,Boston,58628.74,7147.59,2021-05-23,12,66.9,lisa.taylor@company.com,(840) 518-7738,Active
EMP024906,Sarah,Taylor,Sarah Taylor,25,Legal,Specialist,Los Angeles,81512.0,9478.82,2020-11-17,3,81.6,sarah.taylor@company.com,(442) 443-3637,Active
EMP024907,Anthony,Davis,Anthony Davis,59,HR,Coordinator,Los Angeles,87693.2,13467.74,2022-09-06,31,79.3,anthony.davis@company.com,(808) 732-7221,Active
EMP024908,Nicole,Lopez,Nicole Lopez,22,Operations,Coordinator,San Francisco,61286.34,3459.1,2021-12-12,0,96.5,nicole.lopez@company.com,(476) 826-8601,Active
EMP024909,Jessica,Gonzalez,Jessica Gonzalez,26,Marketing,Lead,Seattle,77670.69,957.02,2021-01-08,0,80.7,jessica.gonzalez@company.com,(418) 891-7523,Active
EMP024910,Daniel,Jackson,Daniel Jackson,48,HR,Senior Developer,Miami,66874.46,8151.88,2023-11-18,20,97.0,daniel.jackson@company.com,(422) 618-5323,Active
EMP024911,James,Moore,James Moore,22,Finance,Specialist,Chicago,40954.93,2647.37,2024-11-24,0,69.4,james.moore@company.com,(894) 929-5740,Active
EMP024912,Lisa,Williams,Lisa Williams,52,IT,Manager,Boston,83053.46,10358.13,2021-12-10,27,72.3,lisa.williams@company.com,(920) 276-8710,Active
EMP024913,Nicole,Taylor,Nicole Taylor,38,HR,Director,Los Angeles,39271.74,1888.99,2020-12-29,12,92.0,nicole.taylor@company.com,(397) 598-3882,Active
EMP024914,Daniel,Smith,Daniel Smith,62,Legal,Manager,Boston,101441.21,11279.88,2022-10-14,38,71.9,daniel.smith@company.com,(421) 210-8298,Inactive
EMP024915,Sarah,Miller,Sarah Miller,48,Engineering,Associate,Miami,82723.21,6577.94,2021-06-12,22,66.7,sarah.miller@company.com,(560) 736-9934,Active
EMP024916,Michael,Thomas,Michael Thomas,31,Finance,Coordinator,Los Angeles,79315.73,4359.64,2021-12-28,3,79.4,michael.thomas@company.com,(312) 426-6267,Active
EMP024917,Nicole,Wilson,Nicole Wilson,33,Operations,Specialist,Chicago,43687.96,4724.05,2022-09-07,9,77.3,nicole.wilson@company.com,(482) 544-1064,Active
EMP024918,Stephanie,Williams,Stephanie Williams,30,IT,Coordinator,Seattle,63624.9,10007.75,2021-09-09,4,46.8,stephanie.williams@company.com,(954) 639-3050,On Leave
EMP024919,Daniel,Martinez,Daniel Martinez,50,Engineering,Lead,San Francisco,124024.39,5061.09,2024-12-14,28,86.6,daniel.martinez@company.com,(676) 359-1935,Active
EMP024920,James,Wilson,James Wilson,32,Sales,Manager,Seattle,41110.67,3119.75,2022-03-06,7,81.3,james.wilson@company.com,(713) 648-4460,Active
EMP024921,James,Martin,James Martin,41,Legal,Associate,Seattle,71299.32,9204.94,2023-01-19,19,53.7,james.martin@company.com,(562) 283-7348,Active
EMP024922,Emily,Martinez,Emily Martinez,37,Marketing,Coordinator,Chicago,59619.64,6039.4,2023-01-07,8,63.7,emily.martinez@company.com,(222) 819-3621,On Leave
EMP024923,Anthony,Hernandez,Anthony Hernandez,51,Marketing,Analyst,San Francisco,91383.7,7026.8,2024-05-27,24,54.0,anthony.hernandez@company.com,(211) 991-9066,Active
EMP024924,James,Smith,James Smith,37,Finance,Director,New York,97954.33,4599.24,2020-11-04,13,67.8,james.smith@company.com,(476) 384-3206,Active
EMP024925,Anthony,Lopez,Anthony Lopez,41,IT,Lead,Miami,61833.32,3492.57,2020-10-19,16,59.8,anthony.lopez@company.com,(237) 319-3699,On Leave
EMP024926,James,Thomas,James Thomas,40,Operations,Associate,Seattle,52942.15,8903.82,2021-03-03,11,77.7,james.thomas@company.com,(209) 894-8020,Active
EMP024927,Nicole,Martinez,Nicole Martinez,54,IT,Coordinator,Austin,109090.01,15588.05,2020-02-07,31,79.4,nicole.martinez@company.com,(633) 359-8709,Active
EMP024928,Robert,Johnson,Robert Johnson,32,IT,Manager,San Francisco,87945.19,20490.02,2024-05-16,8,60.3,robert.johnson@company.com,(475) 684-5320,Active
EMP024929,Amanda,Davis,Amanda Davis,48,HR,Manager,Seattle,70167.89,7607.01,2021-11-23,19,76.4,amanda.davis@company.com,(451) 647-1967,On Leave
EMP024930,Michael,Lopez,Michael Lopez,30,Legal,Coordinator,Miami,100839.44,2738.44,2020-06-19,3,82.6,michael.lopez@company.com,(877) 864-2736,Inactive
EMP024931,Melissa,Johnson,Melissa Johnson,51,Finance,Senior Developer,San Francisco,61330.29,5750.76,2020-03-09,26,93.4,melissa.johnson@company.com,(550) 907-1997,Active
EMP024932,Sarah,Thomas,Sarah Thomas,36,Operations,Associate,Seattle,57120.38,5180.81,2023-02-27,9,70.7,sarah.thomas@company.com,(574) 603-3134,Active
EMP024933,William,Moore,William Moore,37,Engineering,Lead,Austin,88425.2,11343.62,2023-04-27,14,59.7,william.moore@company.com,(755) 320-9353,Inactive
EMP024934,Stephanie,Garcia,Stephanie Garcia,31,Finance,Senior Developer,San Francisco,74646.04,3657.67,2022-06-12,4,94.1,stephanie.garcia@company.com,(610) 644-3619,Active
EMP024935,Ashley,Wilson,Ashley Wilson,65,Legal,Associate,San Francisco,116568.07,14481.7,2024-04-23,40,60.2,ashley.wilson@company.com,(430) 301-2722,Active
EMP024936,Jessica,Smith,Jessica Smith,30,HR,Director,New York,58726.98,3013.93,2020-12-23,6,57.6,jessica.smith@company.com,(860) 651-2759,Active
EMP024937,James,Martin,James Martin,65,Sales,Associate,Miami,89367.8,6535.65,2021-06-18,36,51.6,james.martin@company.com,(965) 430-2721,Active
EMP024938,James,Taylor,James Taylor,45,Finance,Manager,San Francisco,90014.73,12730.68,2020-04-14,20,67.6,james.taylor@company.com,(881) 732-8703,Active
EMP024939,Melissa,Moore,Melissa Moore,23,Marketing,Analyst,Austin,65446.01,8649.35,2022-02-11,0,77.6,melissa.moore@company.com,(296) 966-8751,Active
EMP024940,Melissa,Hernandez,Melissa Hernandez,22,IT,Specialist,Boston,76846.84,10553.04,2020-07-04,0,53.8,melissa.hernandez@company.com,(419) 473-9871,Active
EMP024941,Emily,Taylor,Emily Taylor,59,HR,Analyst,Miami,90772.32,1221.05,2024-09-20,32,73.0,emily.taylor@company.com,(294) 311-8872,Inactive
EMP024942,Nicole,Smith,Nicole Smith,39,Marketing,Associate,Chicago,73807.9,11107.1,2024-01-03,16,98.0,nicole.smith@company.com,(377) 340-2931,Inactive
EMP024943,Melissa,Taylor,Melissa Taylor,49,Finance,Senior Developer,Chicago,71067.21,13081.54,2020-11-29,26,76.0,melissa.taylor@company.com,(726) 757-4743,On Leave
EMP024944,John,Brown,John Brown,47,Legal,Coordinator,Miami,110106.46,772.29,2020-01-27,19,99.7,john.brown@company.com,(282) 799-7569,Active
EMP024945,William,Smith,William Smith,54,IT,Manager,Boston,101488.45,11943.54,2020-06-15,31,80.6,william.smith@company.com,(578) 773-2346,Active
EMP024946,Amanda,Anderson,Amanda Anderson,28,IT,Analyst,San Francisco,89673.45,13689.8,2022-11-08,0,81.8,amanda.anderson@company.com,(356) 963-1010,Active
EMP024947,Lisa,Lopez,Lisa Lopez,25,Engineering,Specialist,Austin,86590.76,10048.82,2022-03-10,0,90.8,lisa.lopez@company.com,(833) 480-8990,Active
EMP024948,Sarah,Wilson,Sarah Wilson,23,Finance,Senior Developer,Chicago,71836.13,1021.25,2020-12-09,1,70.5,sarah.wilson@company.com,(623) 912-7119,Active
EMP024949,William,Smith,William Smith,54,Marketing,Lead,Boston,86685.44,11503.08,2024-08-23,32,88.1,william.smith@company.com,(658) 441-6956,Active
EMP024950,Stephanie,Hernandez,Stephanie Hernandez,31,IT,Associate,Los Angeles,74613.77,7365.76,2023-09-29,9,54.8,stephanie.hernandez@company.com,(593) 696-9689,Active
EMP024951,Amanda,Garcia,Amanda Garcia,36,HR,Director,Chicago,50531.72,6800.17,2022-06-08,8,100.0,amanda.garcia@company.com,(764) 301-4487,Active
EMP024952,David,Taylor,David Taylor,38,Finance,Coordinator,New York,80973.33,5460.52,2023-09-03,13,49.9,david.taylor@company.com,(887) 851-8798,Active
EMP024953,Jane,Brown,Jane Brown,65,Operations,Associate,New York,84606.09,0.0,2022-05-30,37,71.9,jane.brown@company.com,(764) 860-3967,Active
EMP024954,Jane,Johnson,Jane Johnson,53,Operations,Associate,New York,71449.49,6131.25,2021-08-08,31,77.4,jane.johnson@company.com,(919) 484-1736,Inactive
EMP024955,Lisa,Martin,Lisa Martin,49,HR,Senior Developer,Miami,46500.61,3924.89,2024-11-07,23,84.6,lisa.martin@company.com,(810) 360-3982,Active
EMP024956,Jane,Jackson,Jane Jackson,46,Engineering,Analyst,Los Angeles,121414.97,6856.98,2024-05-13,18,87.7,jane.jackson@company.com,(256) 283-3918,Active
EMP024957,Emily,Wilson,Emily Wilson,41,HR,Coordinator,San Francisco,72411.05,15234.62,2021-07-04,19,71.4,emily.wilson@company.com,(255) 570-5173,Active
EMP024958,Matthew,Taylor,Matthew Taylor,58,Marketing,Director,San Francisco,70945.63,1609.56,2023-09-17,34,73.2,matthew.taylor@company.com,(936) 583-6359,Active
EMP024959,William,Wilson,William Wilson,29,Legal,Director,Chicago,70561.3,6470.29,2020-07-25,0,79.7,william.wilson@company.com,(280) 260-5029,Inactive
EMP024960,Emily,Jones,Emily Jones,31,HR,Lead,Miami,36749.52,1195.22,2023-09-22,5,93.5,emily.jones@company.com,(693) 416-2306,Active
EMP024961,Daniel,Garcia,Daniel Garcia,38,Engineering,Analyst,Los Angeles,102801.55,8047.51,2022-11-11,13,75.3,daniel.garcia@company.com,(653) 234-1336,Active
EMP024962,Jane,Davis,Jane Davis,24,Operations,Director,San Francisco,54569.38,5107.16,2020-12-20,0,59.7,jane.davis@company.com,(401) 366-9481,Inactive
EMP024963,Jessica,Hernandez,Jessica Hernandez,29,IT,Coordinator,Boston,73537.58,6616.88,2023-05-19,2,56.6,jessica.hernandez@company.com,(529) 857-6313,Active
EMP024964,Michael,Gonzalez,Michael Gonzalez,65,Legal,Coordinator,Seattle,101892.11,17475.19,2021-04-26,36,56.5,michael.gonzalez@company.com,(408) 305-1236,Active
EMP024965,Jane,Anderson,Jane Anderson,29,IT,Specialist,Boston,37405.86,4695.03,2023-02-22,3,67.5,jane.anderson@company.com,(938) 756-1129,On Leave
EMP024966,Anthony,Johnson,Anthony Johnson,27,Legal,Associate,Seattle,79831.1,14093.06,2020-10-25,0,72.0,anthony.johnson@company.com,(912) 771-1321,Active
EMP024967,Jane,Wilson,Jane Wilson,43,Sales,Analyst,New York,53820.65,6745.73,2022-07-14,17,60.8,jane.wilson@company.com,(271) 774-5274,Inactive
EMP024968,Daniel,Martinez,Daniel Martinez,24,Legal,Analyst,Seattle,82396.33,13245.56,2024-02-17,0,42.5,daniel.martinez@company.com,(722) 273-7054,Active
EMP024969,David,Johnson,David Johnson,42,Finance,Analyst,Seattle,91772.63,11587.27,2020-08-08,13,88.2,david.johnson@company.com,(790) 647-5467,Active
EMP024970,Jessica,Jones,Jessica Jones,32,Marketing,Specialist,Seattle,58987.02,3567.84,2021-04-21,5,75.5,jessica.jones@company.com,(643) 599-6413,Active
EMP024971,Anthony,Davis,Anthony Davis,45,IT,Lead,Los Angeles,88974.84,1470.92,2021-10-13,19,73.8,anthony.davis@company.com,(226) 465-2569,Active
EMP024972,Matthew,Johnson,Matthew Johnson,33,Finance,Specialist,Austin,90843.35,8090.75,2020-05-31,5,61.9,matthew.johnson@company.com,(955) 289-2765,Active
EMP024973,James,Jackson,James Jackson,36,HR,Director,Chicago,47593.0,7419.3,2024-05-30,7,73.2,james.jackson@company.com,(859) 573-6322,Active
EMP024974,Anthony,Davis,Anthony Davis,62,Legal,Analyst,Miami,69650.12,5734.28,2020-09-09,34,81.9,anthony.davis@company.com,(510) 883-6679,Inactive
EMP024975,David,Anderson,David Anderson,53,Sales,Senior Developer,San Francisco,67292.64,2987.81,2021-05-02,29,77.3,david.anderson@company.com,(267) 963-3385,Active
EMP024976,Sarah,Miller,Sarah Miller,40,Operations,Associate,Chicago,34779.6,5132.13,2021-09-15,16,100.0,sarah.miller@company.com,(383) 482-1091,On Leave
EMP024977,Jane,Jones,Jane Jones,28,Marketing,Senior Developer,Austin,53052.67,6979.34,2023-04-08,4,62.7,jane.jones@company.com,(705) 485-1083,On Leave
EMP024978,Daniel,Moore,Daniel Moore,42,Marketing,Lead,Los Angeles,77021.0,10996.21,2022-06-17,20,100.0,daniel.moore@company.com,(582) 502-2911,Active
EMP024979,William,Thomas,William Thomas,22,Legal,Associate,Austin,63856.02,5650.33,2021-07-14,0,59.2,william.thomas@company.com,(878) 453-1908,Inactive
EMP024980,Ashley,Moore,Ashley Moore,44,Marketing,Director,Miami,52574.13,8313.85,2020-04-16,19,57.9,ashley.moore@company.com,(804) 995-6103,Active
EMP024981,Anthony,Williams,Anthony Williams,25,Engineering,Coordinator,New York,39000.0,1833.7,2021-02-06,0,48.5,anthony.williams@company.com,(668) 565-4494,Active
EMP024982,Nicole,Rodriguez,Nicole Rodriguez,26,Engineering,Director,New York,89148.47,6668.86,2022-08-16,0,100.0,nicole.rodriguez@company.com,(818) 759-1631,Active
EMP024983,Melissa,Williams,Melissa Williams,35,Operations,Director,Austin,43505.3,3518.9,2024-07-02,10,60.7,melissa.williams@company.com,(238) 536-7130,On Leave
EMP024984,Ashley,Hernandez,Ashley Hernandez,51,Engineering,Coordinator,Boston,84481.38,12974.42,2021-08-11,29,80.4,ashley.hernandez@company.com,(286) 875-9703,Active
EMP024985,Jessica,Brown,Jessica Brown,50,Marketing,Lead,San Francisco,81229.65,13560.58,2020-08-02,26,73.5,jessica.brown@company.com,(576) 840-4200,Active
EMP024986,Jessica,Williams,Jessica Williams,62,HR,Associate,Austin,80514.1,6405.62,2022-03-01,37,74.8,jessica.williams@company.com,(890) 221-7975,Active
EMP024987,William,Martinez,William Martinez,46,Finance,Coordinator,Chicago,104631.69,10766.8,2021-07-04,18,95.8,william.martinez@company.com,(837) 983-7612,Active
EMP024988,Jane,Rodriguez,Jane Rodriguez,33,IT,Analyst,Boston,71187.38,4651.37,2020-09-05,6,55.7,jane.rodriguez@company.com,(519) 623-5051,Active
EMP024989,John,Jones,John Jones,35,HR,Manager,Seattle,48103.58,3674.21,2021-09-09,6,86.8,john.jones@company.com,(611) 237-9533,Active
EMP024990,Jane,Jackson,Jane Jackson,61,Sales,Associate,Chicago,74266.26,11126.42,2020-06-12,35,71.8,jane.jackson@company.com,(444) 370-6160,Active
EMP024991,Michael,Thomas,Michael Thomas,46,Sales,Director,Chicago,93962.49,7926.72,2023-01-31,20,81.8,michael.thomas@company.com,(611) 404-1016,Inactive
EMP024992,Stephanie,Davis,Stephanie Davis,57,Legal,Senior Developer,Los Angeles,126092.43,9832.22,2021-07-08,29,64.6,stephanie.davis@company.com,(423) 613-6041,Active
EMP024993,Anthony,Smith,Anthony Smith,52,Finance,Associate,Boston,90033.93,11600.06,2020-09-09,25,77.3,anthony.smith@company.com,(213) 343-2133,Active
EMP024994,Sarah,Hernandez,Sarah Hernandez,43,Sales,Specialist,Los Angeles,78421.75,470.3,2023-11-03,20,70.1,sarah.hernandez@company.com,(658) 878-8135,Active
EMP024995,James,Hernandez,James Hernandez,34,HR,Manager,Austin,74534.86,6118.64,2024-02-06,10,69.2,james.hernandez@company.com,(343) 582-8235,Active
EMP024996,Robert,Moore,Robert Moore,36,Operations,Senior Developer,Chicago,70127.12,5761.16,2021-08-15,9,69.8,robert.moore@company.com,(712) 967-9297,Active
EMP024997,John,Hernandez,John Hernandez,24,Marketing,Analyst,Chicago,78714.87,5816.15,2022-02-19,0,80.4,john.hernandez@company.com,(418) 215-2551,Active
EMP024998,Robert,Thomas,Robert Thomas,33,Finance,Coordinator,Miami,50325.14,6288.46,2020-07-14,5,99.9,robert.thomas@company.com,(837) 247-5232,Active
EMP024999,Jessica,Garcia,Jessica Garcia,55,Finance,Director,San Francisco,73313.04,8397.52,2023-03-22,31,61.7,jessica.garcia@company.com,(446) 880-4748,Active
EMP025000,Michael,Martinez,Michael Martinez,55,Engineering,Manager,Boston,154730.89,15207.02,2021-03-03,32,94.8,michael.martinez@company.com,(638) 654-6764,Active
EMP025001,Amanda,Jones,Amanda Jones,39,Marketing,Senior Developer,Chicago,101370.15,10313.62,2022-12-09,11,88.0,amanda.jones@company.com,(656) 979-4942,Active
EMP025002,Robert,Thomas,Robert Thomas,46,Engineering,Specialist,Austin,95533.35,8580.02,2020-11-19,22,86.4,robert.thomas@company.com,(551) 344-5015,Active
EMP025003,Matthew,Martin,Matthew Martin,29,Legal,Manager,Miami,46596.56,3430.42,2020-06-25,0,62.1,matthew.martin@company.com,(406) 810-4142,Active
EMP025004,Daniel,Thomas,Daniel Thomas,50,Legal,Coordinator,Austin,99256.77,9386.88,2024-12-02,27,70.4,daniel.thomas@company.com,(467) 522-3347,Active
EMP025005,James,Martin,James Martin,26,Marketing,Director,Seattle,43701.96,2316.54,2020-04-04,0,48.6,james.martin@company.com,(605) 804-8303,Active
EMP025006,Jessica,Martin,Jessica Martin,35,IT,Associate,San Francisco,76545.4,10261.12,2024-11-19,8,79.8,jessica.martin@company.com,(829) 792-9719,Active
EMP025007,Amanda,Davis,Amanda Davis,52,Sales,Specialist,Miami,67988.6,10734.88,2022-05-17,26,86.4,amanda.davis@company.com,(450) 420-4622,Active
EMP025008,Melissa,Williams,Melissa Williams,49,HR,Lead,Seattle,57729.91,11143.28,2021-06-04,24,91.9,melissa.williams@company.com,(714) 909-1697,Active
EMP025009,Amanda,Taylor,Amanda Taylor,29,Legal,Associate,Boston,67560.79,7749.52,2023-01-01,0,78.6,amanda.taylor@company.com,(786) 342-8653,Inactive
EMP025010,Jane,Wilson,Jane Wilson,52,Legal,Senior Developer,Boston,76979.21,13058.13,2022-11-25,28,78.0,jane.wilson@company.com,(591) 209-6867,Active
EMP025011,Emily,Taylor,Emily Taylor,30,Marketing,Senior Developer,Chicago,60386.47,5276.59,2022-10-09,5,91.6,emily.taylor@company.com,(433) 898-4812,Active
EMP025012,Christopher,Jones,Christopher Jones,24,Sales,Manager,Seattle,77395.86,9611.9,2022-01-09,0,100.0,christopher.jones@company.com,(221) 956-4729,Active
EMP025013,Amanda,Martinez,Amanda Martinez,55,Marketing,Lead,San Francisco,88036.08,11076.74,2024-10-20,32,41.6,amanda.martinez@company.com,(650) 927-2086,Active
EMP025014,William,Brown,William Brown,43,HR,Senior Developer,Boston,62516.76,4940.57,2022-04-28,21,56.1,william.brown@company.com,(954) 500-8113,Active
EMP025015,Emily,Smith,Emily Smith,29,Sales,Director,Seattle,61217.91,1056.78,2023-08-22,1,78.1,emily.smith@company.com,(255) 545-5514,Active
EMP025016,Jessica,Thomas,Jessica Thomas,52,Operations,Specialist,Chicago,48424.96,9091.69,2022-09-13,24,50.0,jessica.thomas@company.com,(591) 661-9166,Active
EMP025017,James,Johnson,James Johnson,51,Marketing,Coordinator,Miami,81906.97,2420.96,2022-07-31,26,39.2,james.johnson@company.com,(842) 337-7192,Active
EMP025018,Christopher,Davis,Christopher Davis,34,Marketing,Lead,New York,52354.38,3480.06,2020-01-02,5,78.6,christopher.davis@company.com,(715) 774-9581,Active
EMP025019,John,Jackson,John Jackson,49,Finance,Manager,Seattle,84460.79,13208.35,2023-08-31,26,100.0,john.jackson@company.com,(712) 947-6023,Active
EMP025020,Stephanie,Williams,Stephanie Williams,52,HR,Manager,New York,72430.77,5133.32,2020-11-15,28,82.7,stephanie.williams@company.com,(893) 931-3452,Active
EMP025021,Christopher,Williams,Christopher Williams,28,Operations,Coordinator,Chicago,45859.9,8331.22,2021-07-29,5,63.6,christopher.williams@company.com,(466) 471-4569,Active
EMP025022,Robert,Gonzalez,Robert Gonzalez,46,IT,Coordinator,San Francisco,75161.11,7968.86,2020-08-20,23,96.5,robert.gonzalez@company.com,(724) 629-6205,Active
EMP025023,James,Gonzalez,James Gonzalez,52,Engineering,Analyst,Austin,151435.77,18729.17,2021-02-11,28,74.5,james.gonzalez@company.com,(670) 906-5138,Active
EMP025024,John,Jackson,John Jackson,35,Engineering,Specialist,Seattle,50733.37,6655.03,2021-12-19,13,47.6,john.jackson@company.com,(253) 450-5101,Active
EMP025025,William,Smith,William Smith,33,IT,Analyst,Los Angeles,81239.22,9497.52,2024-09-26,9,62.1,william.smith@company.com,(458) 581-9173,On Leave
EMP025026,Jessica,Martinez,Jessica Martinez,24,Marketing,Analyst,Miami,52262.31,4859.45,2020-12-05,0,74.0,jessica.martinez@company.com,(322) 905-1285,Active
EMP025027,Lisa,Thomas,Lisa Thomas,55,HR,Senior Developer,San Francisco,83911.35,7332.55,2020-09-03,27,76.8,lisa.thomas@company.com,(737) 268-3097,Active
EMP025028,Amanda,Jones,Amanda Jones,31,IT,Lead,Boston,84651.56,14764.7,2020-10-08,5,79.3,amanda.jones@company.com,(880) 569-5189,Active
EMP025029,Anthony,Martin,Anthony Martin,58,Engineering,Analyst,Boston,127318.2,2444.45,2024-08-04,33,47.4,anthony.martin@company.com,(323) 793-6229,Active
EMP025030,Sarah,Gonzalez,Sarah Gonzalez,36,Finance,Senior Developer,Chicago,68669.29,7412.8,2024-07-30,12,74.1,sarah.gonzalez@company.com,(486) 800-8015,Inactive
EMP025031,Ashley,Jones,Ashley Jones,57,Engineering,Manager,New York,100183.1,6999.64,2022-02-04,33,48.1,ashley.jones@company.com,(315) 394-4832,Inactive
EMP025032,William,Hernandez,William Hernandez,24,Sales,Associate,Los Angeles,33257.69,1650.92,2021-03-28,0,83.3,william.hernandez@company.com,(963) 295-2535,Active
EMP025033,Christopher,Martinez,Christopher Martinez,28,IT,Director,San Francisco,75481.17,9154.0,2024-01-18,2,99.5,christopher.martinez@company.com,(396) 886-1662,Active
EMP025034,Jessica,Jackson,Jessica Jackson,60,IT,Director,Los Angeles,123722.51,18514.76,2021-11-14,37,89.8,jessica.jackson@company.com,(671) 411-6576,Active
EMP025035,John,Rodriguez,John Rodriguez,50,Legal,Lead,San Francisco,90572.5,3791.7,2021-01-03,24,85.9,john.rodriguez@company.com,(460) 581-2825,Active
EMP025036,Ashley,Anderson,Ashley Anderson,41,Sales,Specialist,Chicago,66403.26,4779.67,2020-10-18,16,81.8,ashley.anderson@company.com,(397) 662-9614,Active
EMP025037,Amanda,Jones,Amanda Jones,25,HR,Associate,Austin,59598.22,8359.3,2024-10-31,0,62.7,amanda.jones@company.com,(262) 685-4773,Inactive
EMP025038,William,Lopez,William Lopez,54,Finance,Lead,Seattle,112838.47,10575.06,2021-02-25,27,68.3,william.lopez@company.com,(358) 312-5177,Inactive
EMP025039,Michael,Taylor,Michael Taylor,57,Engineering,Manager,Austin,122886.52,16844.55,2024-09-04,28,74.9,michael.taylor@company.com,(855) 466-7067,Inactive
EMP025040,David,Taylor,David Taylor,45,Engineering,Director,Seattle,96263.63,6564.35,2021-01-03,18,72.5,david.taylor@company.com,(736) 753-3262,Active
EMP025041,William,Hernandez,William Hernandez,31,Legal,Analyst,Boston,98346.33,5797.38,2022-12-16,2,83.2,william.hernandez@company.com,(531) 685-1277,Active
EMP025042,Michael,Lopez,Michael Lopez,38,HR,Senior Developer,Miami,77327.72,3065.65,2021-04-08,9,69.9,michael.lopez@company.com,(716) 329-9802,Active
EMP025043,Michael,Miller,Michael Miller,47,Sales,Lead,Miami,67922.44,2715.33,2021-02-09,18,86.5,michael.miller@company.com,(845) 855-2322,Active
EMP025044,Sarah,Johnson,Sarah Johnson,29,Engineering,Senior Developer,New York,80996.43,5481.36,2022-12-20,2,80.5,sarah.johnson@company.com,(622) 572-7244,Active
EMP025045,Christopher,Rodriguez,Christopher Rodriguez,61,Marketing,Manager,Los Angeles,73186.77,4233.03,2023-07-03,32,62.9,christopher.rodriguez@company.com,(468) 635-5462,Active
EMP025046,Matthew,Brown,Matthew Brown,60,Legal,Senior Developer,Los Angeles,73765.09,5636.32,2020-09-13,36,87.1,matthew.brown@company.com,(305) 501-1527,Active
EMP025047,Ashley,Anderson,Ashley Anderson,25,Sales,Lead,Seattle,56631.48,0.0,2021-01-31,2,87.8,ashley.anderson@company.com,(502) 483-6331,Active
EMP025048,Robert,Wilson,Robert Wilson,49,Finance,Associate,Miami,89353.83,10466.88,2022-02-27,23,88.8,robert.wilson@company.com,(320) 263-5145,Active
EMP025049,William,Williams,William Williams,32,Engineering,Director,Seattle,81065.19,8202.84,2023-10-01,5,38.1,william.williams@company.com,(504) 614-4302,Active
EMP025050,Nicole,Brown,Nicole Brown,50,Operations,Senior Developer,Los Angeles,63648.99,10806.73,2021-07-07,25,73.3,nicole.brown@company.com,(362) 779-3517,Active
EMP025051,Daniel,Taylor,Daniel Taylor,27,IT,Analyst,Seattle,43335.16,4195.36,2021-01-03,0,73.1,daniel.taylor@company.com,(236) 362-9786,Active
EMP025052,Jane,Wilson,Jane Wilson,43,Marketing,Associate,Seattle,63205.48,6985.83,2024-12-28,21,72.6,jane.wilson@company.com,(580) 867-1530,Active
EMP025053,Emily,Anderson,Emily Anderson,31,IT,Specialist,Chicago,80669.79,4505.65,2024-07-12,9,75.6,emily.anderson@company.com,(882) 923-9543,Active
EMP025054,Michael,Garcia,Michael Garcia,27,IT,Specialist,San Francisco,45787.9,983.9,2023-11-15,5,59.0,michael.garcia@company.com,(690) 701-2127,Active
EMP025055,Emily,Williams,Emily Williams,25,Sales,Coordinator,Seattle,55099.46,3231.97,2024-05-21,3,69.1,emily.williams@company.com,(572) 871-9541,Inactive
EMP025056,David,Moore,David Moore,40,Marketing,Manager,Boston,63696.42,7197.28,2024-12-18,14,81.0,david.moore@company.com,(321) 643-4968,Inactive
EMP025057,Lisa,Thomas,Lisa Thomas,32,Legal,Director,Austin,105762.68,2944.16,2021-05-30,5,71.0,lisa.thomas@company.com,(810) 730-8084,Active
EMP025058,Emily,Garcia,Emily Garcia,57,Operations,Manager,Austin,64620.08,8178.92,2022-04-02,28,65.6,emily.garcia@company.com,(297) 461-7598,Active
EMP025059,Michael,Anderson,Michael Anderson,48,Marketing,Lead,Chicago,64856.14,3880.27,2023-11-11,19,77.4,michael.anderson@company.com,(585) 638-7257,Active
EMP025060,Jane,Martin,Jane Martin,34,Sales,Director,Los Angeles,62788.2,2635.48,2024-11-09,8,83.3,jane.martin@company.com,(802) 666-1912,Active
EMP025061,Jessica,Anderson,Jessica Anderson,25,Sales,Director,Austin,47989.63,999.38,2022-12-23,0,77.3,jessica.anderson@company.com,(604) 388-8247,Active
EMP025062,Amanda,Jackson,Amanda Jackson,36,Marketing,Senior Developer,Boston,60532.37,10436.29,2021-07-28,10,77.2,amanda.jackson@company.com,(536) 839-5935,Active
EMP025063,Michael,Davis,Michael Davis,54,Finance,Manager,New York,99155.33,6606.23,2020-02-20,32,83.8,michael.davis@company.com,(675) 992-7125,Active
EMP025064,Nicole,Martinez,Nicole Martinez,62,Finance,Specialist,Boston,97492.64,4174.02,2020-05-26,36,55.6,nicole.martinez@company.com,(401) 866-9234,On Leave
EMP025065,Stephanie,Wilson,Stephanie Wilson,53,Finance,Manager,San Francisco,102967.02,14249.31,2020-11-11,24,94.9,stephanie.wilson@company.com,(889) 504-5822,Active
EMP025066,Lisa,Miller,Lisa Miller,35,Engineering,Analyst,San Francisco,97978.88,13437.69,2022-01-09,9,75.8,lisa.miller@company.com,(209) 779-2848,Active
EMP025067,Emily,Martin,Emily Martin,62,Engineering,Associate,Miami,114783.82,2676.29,2024-05-28,34,56.6,emily.martin@company.com,(612) 338-3410,Active
EMP025068,James,Williams,James Williams,36,Operations,Coordinator,Seattle,56570.59,8338.44,2024-12-28,11,98.7,james.williams@company.com,(263) 937-8910,Active
EMP025069,Lisa,Brown,Lisa Brown,63,Finance,Specialist,San Francisco,62123.0,15837.93,2020-10-08,34,61.1,lisa.brown@company.com,(256) 580-2582,Active
EMP025070,Michael,Wilson,Michael Wilson,63,Engineering,Analyst,San Francisco,135715.13,15436.58,2021-01-05,39,93.4,michael.wilson@company.com,(666) 225-3377,Inactive
EMP025071,Anthony,Gonzalez,Anthony Gonzalez,65,Legal,Director,Los Angeles,91048.97,5808.26,2024-11-04,39,100.0,anthony.gonzalez@company.com,(289) 907-5600,Inactive
EMP025072,William,Johnson,William Johnson,40,Finance,Director,Los Angeles,59443.55,4236.2,2021-09-15,15,78.4,william.johnson@company.com,(749) 952-9192,Active
EMP025073,Lisa,Williams,Lisa Williams,32,Engineering,Manager,Austin,76128.15,15343.29,2021-02-22,7,98.0,lisa.williams@company.com,(985) 602-2917,Active
EMP025074,William,Smith,William Smith,64,Marketing,Associate,New York,76188.08,5779.37,2020-07-23,36,90.9,william.smith@company.com,(474) 853-2630,Active
EMP025075,Melissa,Thomas,Melissa Thomas,31,Sales,Specialist,Austin,85872.44,7536.81,2024-12-19,3,71.0,melissa.thomas@company.com,(217) 804-6851,Active
EMP025076,Ashley,Garcia,Ashley Garcia,46,Sales,Coordinator,Boston,78408.28,7755.8,2024-07-09,23,74.4,ashley.garcia@company.com,(381) 609-9107,Inactive
EMP025077,Jessica,Williams,Jessica Williams,38,Legal,Director,Los Angeles,94871.95,11114.45,2021-05-05,12,77.9,jessica.williams@company.com,(533) 210-4207,Active
EMP025078,Christopher,Williams,Christopher Williams,62,HR,Associate,San Francisco,91587.15,14072.99,2021-02-20,33,89.5,christopher.williams@company.com,(597) 535-1332,Active
EMP025079,Anthony,Thomas,Anthony Thomas,39,Engineering,Associate,Chicago,113704.27,12517.61,2022-09-08,12,67.2,anthony.thomas@company.com,(580) 613-2631,On Leave
EMP025080,Anthony,Jones,Anthony Jones,26,HR,Associate,Seattle,44940.9,5689.79,2023-08-15,1,42.7,anthony.jones@company.com,(750) 794-9788,Active
EMP025081,Amanda,Moore,Amanda Moore,33,Engineering,Associate,Austin,88668.09,0.0,2021-01-04,5,77.7,amanda.moore@company.com,(569) 932-9545,Active
EMP025082,John,Johnson,John Johnson,60,Sales,Associate,Chicago,67463.77,8517.69,2023-10-12,31,39.2,john.johnson@company.com,(938) 325-6745,On Leave
EMP025083,Matthew,Thomas,Matthew Thomas,51,Legal,Lead,Austin,109256.95,10181.72,2024-01-05,22,78.1,matthew.thomas@company.com,(845) 975-4028,Active
EMP025084,Melissa,Jackson,Melissa Jackson,53,Operations,Manager,Los Angeles,60909.38,6227.46,2022-07-10,27,66.6,melissa.jackson@company.com,(962) 699-4463,Active
EMP025085,Matthew,Martinez,Matthew Martinez,64,IT,Associate,San Francisco,82800.08,6588.65,2024-07-27,39,86.7,matthew.martinez@company.com,(652) 361-2742,Active
EMP025086,Lisa,Taylor,Lisa Taylor,64,Marketing,Coordinator,Seattle,103098.37,6231.31,2024-10-29,39,58.3,lisa.taylor@company.com,(632) 845-9699,Active
EMP025087,John,Garcia,John Garcia,24,Finance,Senior Developer,New York,67414.25,8903.87,2024-05-15,2,75.6,john.garcia@company.com,(309) 851-7617,Active
EMP025088,William,Martin,William Martin,28,Marketing,Analyst,Los Angeles,49796.75,2010.62,2023-01-09,6,64.1,william.martin@company.com,(529) 652-6834,Active
EMP025089,Jessica,Johnson,Jessica Johnson,37,Operations,Lead,San Francisco,35167.87,3518.38,2023-04-29,13,64.1,jessica.johnson@company.com,(319) 931-6183,Inactive
EMP025090,Nicole,Rodriguez,Nicole Rodriguez,47,Marketing,Lead,Austin,64153.91,8927.92,2023-10-27,20,84.5,nicole.rodriguez@company.com,(932) 560-3417,Active
EMP025091,Matthew,Hernandez,Matthew Hernandez,63,Engineering,Lead,Miami,124097.86,14513.57,2024-10-29,34,73.6,matthew.hernandez@company.com,(352) 440-7622,Active
EMP025092,Ashley,Moore,Ashley Moore,35,Finance,Analyst,San Francisco,71025.51,10182.12,2022-01-08,13,72.8,ashley.moore@company.com,(280) 939-3371,Active
EMP025093,John,Garcia,John Garcia,25,Engineering,Specialist,San Francisco,63151.34,10457.85,2020-01-20,0,91.9,john.garcia@company.com,(382) 916-8933,Active
EMP025094,Jessica,Moore,Jessica Moore,48,Legal,Specialist,Los Angeles,89093.75,18581.09,2022-10-30,23,94.9,jessica.moore@company.com,(923) 811-7210,Active
EMP025095,William,Gonzalez,William Gonzalez,37,HR,Coordinator,San Francisco,42414.66,5552.31,2021-09-25,9,89.8,william.gonzalez@company.com,(495) 796-5153,Active
EMP025096,Amanda,Anderson,Amanda Anderson,26,Engineering,Director,Austin,57866.11,5051.92,2023-03-26,0,76.8,amanda.anderson@company.com,(268) 486-9984,Active
EMP025097,John,Wilson,John Wilson,34,Finance,Specialist,San Francisco,100161.52,11079.01,2020-08-02,7,82.3,john.wilson@company.com,(413) 835-3874,Active
EMP025098,William,Jackson,William Jackson,31,HR,Manager,New York,83769.95,9106.15,2024-07-24,3,78.1,william.jackson@company.com,(907) 673-2682,Active
EMP025099,Ashley,Miller,Ashley Miller,35,Operations,Analyst,Los Angeles,68621.87,5464.65,2020-10-03,9,100.0,ashley.miller@company.com,(286) 611-9986,Active
EMP025100,Jane,Jones,Jane Jones,42,HR,Director,Boston,61534.07,4556.9,2022-12-18,14,80.5,jane.jones@company.com,(517) 689-2209,On Leave
EMP025101,Michael,Lopez,Michael Lopez,49,Engineering,Senior Developer,San Francisco,75493.82,4687.95,2020-12-02,22,86.2,michael.lopez@company.com,(920) 855-9832,Active
EMP025102,John,Williams,John Williams,61,Legal,Director,Miami,94517.67,4513.36,2020-02-11,39,85.5,john.williams@company.com,(467) 224-6834,Active
EMP025103,Sarah,Gonzalez,Sarah Gonzalez,32,Finance,Associate,Seattle,90483.51,1917.37,2021-11-19,4,73.0,sarah.gonzalez@company.com,(525) 658-4501,Active
EMP025104,Daniel,Hernandez,Daniel Hernandez,36,Finance,Senior Developer,Seattle,72838.48,10861.83,2020-06-12,7,82.7,daniel.hernandez@company.com,(630) 490-4071,Active
EMP025105,Jane,Smith,Jane Smith,56,HR,Lead,Chicago,74005.18,140.44,2023-02-11,29,61.7,jane.smith@company.com,(307) 650-5633,Active
EMP025106,Robert,Taylor,Robert Taylor,26,Marketing,Coordinator,Los Angeles,73729.61,4856.32,2022-08-30,1,67.4,robert.taylor@company.com,(740) 511-4499,Active
EMP025107,Matthew,Miller,Matthew Miller,38,Marketing,Lead,New York,71486.31,11389.45,2021-08-21,10,99.1,matthew.miller@company.com,(898) 762-4075,Active
EMP025108,Daniel,Garcia,Daniel Garcia,32,Operations,Specialist,Miami,44376.74,4801.74,2020-03-16,5,96.9,daniel.garcia@company.com,(665) 487-9433,Active
EMP025109,Christopher,Anderson,Christopher Anderson,35,Sales,Director,San Francisco,48613.46,7980.21,2020-09-06,13,86.7,christopher.anderson@company.com,(979) 408-4893,Active
EMP025110,David,Moore,David Moore,52,IT,Manager,Austin,76381.35,8341.18,2023-10-19,23,74.7,david.moore@company.com,(628) 735-8007,Active
EMP025111,Matthew,Martinez,Matthew Martinez,60,Engineering,Director,Boston,83255.65,13857.79,2021-03-23,31,67.1,matthew.martinez@company.com,(957) 445-7298,Active
EMP025112,Ashley,Rodriguez,Ashley Rodriguez,53,Finance,Coordinator,Los Angeles,94350.46,15821.64,2022-02-14,27,56.5,ashley.rodriguez@company.com,(254) 367-7049,Active
EMP025113,Lisa,Anderson,Lisa Anderson,57,Sales,Associate,Austin,81803.03,8552.48,2021-04-02,34,78.0,lisa.anderson@company.com,(705) 251-2250,Active
EMP025114,Daniel,Anderson,Daniel Anderson,34,Finance,Director,Boston,74119.92,13329.27,2024-06-01,8,69.0,daniel.anderson@company.com,(580) 784-9723,Active
EMP025115,Nicole,Davis,Nicole Davis,58,Operations,Director,New York,83692.92,8023.32,2020-12-08,31,77.7,nicole.davis@company.com,(325) 446-5523,Inactive
EMP025116,Michael,Miller,Michael Miller,48,HR,Specialist,Austin,57102.47,9676.55,2024-11-29,23,94.3,michael.miller@company.com,(833) 472-3228,Active
EMP025117,James,Thomas,James Thomas,47,Engineering,Analyst,Seattle,103747.29,15664.67,2021-04-21,21,67.8,james.thomas@company.com,(967) 220-4654,Active
EMP025118,Lisa,Martinez,Lisa Martinez,30,Marketing,Director,New York,42001.57,2697.19,2024-02-21,8,89.8,lisa.martinez@company.com,(983) 530-6611,Active
EMP025119,Daniel,Thomas,Daniel Thomas,57,Sales,Director,Boston,71085.52,7924.73,2020-04-23,32,78.4,daniel.thomas@company.com,(393) 389-9452,Active
EMP025120,Jane,Jackson,Jane Jackson,31,IT,Analyst,San Francisco,56670.83,8671.24,2022-02-09,5,77.3,jane.jackson@company.com,(504) 368-2496,Active
EMP025121,James,Lopez,James Lopez,51,Sales,Manager,Los Angeles,86321.13,15883.5,2023-02-13,24,57.7,james.lopez@company.com,(758) 620-6635,Inactive
EMP025122,Jane,Moore,Jane Moore,62,Marketing,Manager,Boston,82392.88,11394.69,2023-11-30,38,100.0,jane.moore@company.com,(934) 454-4826,Active
EMP025123,William,Thomas,William Thomas,34,IT,Analyst,Boston,52018.45,3949.94,2022-01-06,10,91.4,william.thomas@company.com,(690) 856-2018,Active
EMP025124,Emily,Thomas,Emily Thomas,47,IT,Lead,Chicago,84234.85,15649.75,2022-05-13,20,71.1,emily.thomas@company.com,(385) 277-6910,Active
EMP025125,Robert,Martinez,Robert Martinez,62,Finance,Senior Developer,Miami,96066.25,8533.68,2020-03-17,38,98.1,robert.martinez@company.com,(656) 571-4344,Active
EMP025126,Ashley,Hernandez,Ashley Hernandez,42,Finance,Coordinator,Chicago,68853.59,5764.71,2024-07-11,16,86.1,ashley.hernandez@company.com,(692) 981-2913,Active
EMP025127,Ashley,Taylor,Ashley Taylor,28,Legal,Director,Miami,92904.0,8061.74,2021-08-09,4,94.1,ashley.taylor@company.com,(568) 571-4144,Active
EMP025128,Emily,Williams,Emily Williams,53,Sales,Lead,Los Angeles,66431.07,6446.5,2020-03-03,28,63.9,emily.williams@company.com,(717) 660-6424,Active
EMP025129,Stephanie,Martin,Stephanie Martin,55,HR,Associate,Chicago,75711.38,14423.81,2023-10-30,26,60.5,stephanie.martin@company.com,(711) 609-3776,Active
EMP025130,Michael,Jones,Michael Jones,38,IT,Analyst,Chicago,97175.67,15732.85,2024-08-13,12,89.4,michael.jones@company.com,(968) 260-3679,On Leave
EMP025131,Anthony,Jones,Anthony Jones,45,IT,Director,Seattle,98680.42,3976.72,2021-12-24,19,100.0,anthony.jones@company.com,(911) 328-6098,Active
EMP025132,Daniel,Wilson,Daniel Wilson,37,Finance,Analyst,Los Angeles,72132.48,10406.61,2023-07-03,14,78.1,daniel.wilson@company.com,(413) 952-5720,Active
EMP025133,Daniel,Smith,Daniel Smith,55,IT,Director,Boston,85242.64,7988.01,2022-12-21,27,82.6,daniel.smith@company.com,(843) 318-5683,Active
EMP025134,Nicole,Miller,Nicole Miller,27,Legal,Director,Boston,95584.31,10889.69,2022-03-03,2,73.2,nicole.miller@company.com,(512) 875-4394,Active
EMP025135,Christopher,Taylor,Christopher Taylor,64,Engineering,Manager,Los Angeles,134447.87,25409.95,2020-12-21,36,71.9,christopher.taylor@company.com,(285) 739-7463,Active
EMP025136,Daniel,Jones,Daniel Jones,30,Operations,Manager,San Francisco,60940.12,6484.34,2020-09-14,8,79.3,daniel.jones@company.com,(551) 771-6446,Active
EMP025137,Lisa,Garcia,Lisa Garcia,65,Legal,Specialist,San Francisco,88317.99,15093.18,2020-11-16,40,76.5,lisa.garcia@company.com,(408) 698-6474,Active
EMP025138,Michael,Smith,Michael Smith,30,IT,Specialist,Boston,99991.96,3465.1,2022-05-03,1,67.1,michael.smith@company.com,(962) 676-6561,On Leave
EMP025139,Christopher,Jackson,Christopher Jackson,26,HR,Specialist,Austin,32002.19,2728.26,2024-09-07,0,52.6,christopher.jackson@company.com,(975) 727-4840,Inactive
EMP025140,Lisa,Lopez,Lisa Lopez,52,Engineering,Associate,San Francisco,91179.05,4239.2,2022-03-26,28,71.1,lisa.lopez@company.com,(666) 722-9172,Active
EMP025141,Matthew,Hernandez,Matthew Hernandez,44,Sales,Analyst,Miami,56150.77,4413.19,2021-04-16,15,75.5,matthew.hernandez@company.com,(620) 373-5455,Active
EMP025142,Stephanie,Martinez,Stephanie Martinez,44,Legal,Manager,Boston,108315.23,720.67,2022-12-27,22,76.5,stephanie.martinez@company.com,(927) 741-1332,Active
EMP025143,Amanda,Wilson,Amanda Wilson,50,Operations,Manager,San Francisco,85659.45,14140.11,2024-06-05,23,70.2,amanda.wilson@company.com,(728) 999-2346,Active
EMP025144,Lisa,Taylor,Lisa Taylor,25,IT,Director,San Francisco,89170.41,1591.82,2023-08-06,2,81.6,lisa.taylor@company.com,(795) 411-7205,Active
EMP025145,Jessica,Johnson,Jessica Johnson,41,IT,Lead,San Francisco,96434.68,13224.45,2021-01-11,13,90.8,jessica.johnson@company.com,(329) 678-5890,Active
EMP025146,David,Wilson,David Wilson,22,Engineering,Manager,San Francisco,44556.42,1874.72,2020-03-24,0,78.8,david.wilson@company.com,(615) 474-5454,Active
EMP025147,Melissa,Thomas,Melissa Thomas,47,Sales,Manager,Chicago,67485.09,8723.84,2020-04-20,24,82.1,melissa.thomas@company.com,(609) 773-4079,On Leave
EMP025148,Lisa,Hernandez,Lisa Hernandez,56,HR,Lead,Boston,91288.07,9590.38,2024-04-20,28,56.4,lisa.hernandez@company.com,(734) 236-3642,Active
EMP025149,Anthony,Johnson,Anthony Johnson,33,Sales,Coordinator,Boston,45581.62,415.89,2024-05-22,10,57.1,anthony.johnson@company.com,(876) 892-5954,On Leave
EMP025150,Robert,Anderson,Robert Anderson,37,Marketing,Senior Developer,Miami,67181.1,10659.76,2021-03-21,9,70.9,robert.anderson@company.com,(292) 887-2339,Active
EMP025151,Stephanie,Miller,Stephanie Miller,27,Marketing,Director,Austin,84335.0,8298.76,2024-09-29,0,97.6,stephanie.miller@company.com,(510) 706-8349,Active
EMP025152,Robert,Lopez,Robert Lopez,51,Engineering,Senior Developer,Los Angeles,87840.7,1922.44,2020-07-10,25,81.3,robert.lopez@company.com,(713) 229-2352,Active
EMP025153,Anthony,Jones,Anthony Jones,39,Sales,Senior Developer,San Francisco,86086.02,6001.92,2024-01-30,15,76.2,anthony.jones@company.com,(433) 682-1966,On Leave
EMP025154,James,Johnson,James Johnson,33,Operations,Specialist,Seattle,33728.31,1919.45,2021-11-05,8,71.8,james.johnson@company.com,(972) 219-6560,Active
EMP025155,Jane,Lopez,Jane Lopez,36,Marketing,Senior Developer,Chicago,62988.1,4075.11,2020-10-16,14,64.8,jane.lopez@company.com,(649) 916-1071,On Leave
EMP025156,William,Wilson,William Wilson,48,Legal,Coordinator,San Francisco,105641.92,16235.23,2021-08-11,22,85.7,william.wilson@company.com,(679) 968-2492,On Leave
EMP025157,Michael,Miller,Michael Miller,59,Operations,Coordinator,Seattle,74118.29,6931.15,2024-12-19,34,89.2,michael.miller@company.com,(898) 556-2946,Active
EMP025158,Sarah,Davis,Sarah Davis,23,Sales,Specialist,New York,54090.27,3494.67,2021-06-02,0,73.2,sarah.davis@company.com,(852) 826-6517,Active
EMP025159,Jane,Martinez,Jane Martinez,57,IT,Lead,Miami,125253.01,6186.31,2023-02-19,30,74.1,jane.martinez@company.com,(494) 657-6210,Inactive
EMP025160,Michael,Hernandez,Michael Hernandez,61,Sales,Analyst,San Francisco,108671.96,13255.44,2023-05-25,34,95.4,michael.hernandez@company.com,(423) 500-7901,Active
EMP025161,Amanda,Martin,Amanda Martin,35,Finance,Associate,Seattle,76511.9,1874.49,2023-04-23,8,93.6,amanda.martin@company.com,(311) 742-2327,Active
EMP025162,Jane,Miller,Jane Miller,24,Sales,Lead,San Francisco,55741.25,5848.55,2024-01-10,0,71.7,jane.miller@company.com,(220) 768-5893,On Leave
EMP025163,Melissa,Jackson,Melissa Jackson,48,Engineering,Manager,Austin,77531.08,13240.19,2024-05-08,21,67.7,melissa.jackson@company.com,(694) 967-2578,Active
EMP025164,Daniel,Anderson,Daniel Anderson,23,HR,Coordinator,New York,49803.42,5936.94,2024-05-09,0,86.4,daniel.anderson@company.com,(283) 281-4685,On Leave
EMP025165,Nicole,Martinez,Nicole Martinez,42,Finance,Coordinator,San Francisco,92136.11,6751.76,2024-04-26,17,81.6,nicole.martinez@company.com,(458) 624-5927,Active
EMP025166,Christopher,Davis,Christopher Davis,64,HR,Coordinator,Chicago,93841.57,5161.96,2024-02-21,37,51.7,christopher.davis@company.com,(460) 504-7863,Active
EMP025167,Jessica,Johnson,Jessica Johnson,65,Finance,Analyst,New York,110134.22,14181.03,2022-01-10,42,58.1,jessica.johnson@company.com,(763) 397-2595,Active
EMP025168,John,Thomas,John Thomas,51,IT,Analyst,Miami,83911.71,9761.94,2020-02-10,29,85.9,john.thomas@company.com,(207) 516-2440,Active
EMP025169,Robert,Smith,Robert Smith,65,HR,Lead,San Francisco,79728.38,12296.17,2024-09-24,39,89.5,robert.smith@company.com,(618) 835-4258,Active
EMP025170,Emily,Garcia,Emily Garcia,28,IT,Coordinator,Miami,74635.21,6346.31,2023-07-05,1,58.5,emily.garcia@company.com,(674) 344-2984,Active
EMP025171,John,Miller,John Miller,25,Legal,Specialist,Seattle,77050.31,12115.96,2020-12-24,1,47.2,john.miller@company.com,(409) 402-1825,Active
EMP025172,Amanda,Anderson,Amanda Anderson,41,HR,Lead,New York,65170.6,577.61,2020-04-30,17,100.0,amanda.anderson@company.com,(829) 842-6254,On Leave
EMP025173,Daniel,Hernandez,Daniel Hernandez,31,IT,Specialist,Seattle,71390.21,1614.28,2022-08-09,7,32.2,daniel.hernandez@company.com,(621) 984-5656,Active
EMP025174,Christopher,Thomas,Christopher Thomas,63,Legal,Senior Developer,Boston,103787.36,5355.07,2021-09-13,39,66.9,christopher.thomas@company.com,(218) 323-6265,Active
EMP025175,Emily,Johnson,Emily Johnson,50,Operations,Director,Los Angeles,78804.29,9800.2,2022-03-18,26,100.0,emily.johnson@company.com,(282) 467-4553,Active
EMP025176,Jessica,Gonzalez,Jessica Gonzalez,22,Finance,Manager,Chicago,67243.08,1616.74,2023-02-03,0,74.4,jessica.gonzalez@company.com,(912) 320-8877,Active
EMP025177,Daniel,Davis,Daniel Davis,57,Legal,Associate,Seattle,88776.01,5159.87,2024-11-26,32,67.7,daniel.davis@company.com,(764) 371-5591,Active
EMP025178,Sarah,Anderson,Sarah Anderson,44,IT,Analyst,Miami,129380.11,18156.44,2023-09-16,20,88.3,sarah.anderson@company.com,(417) 363-4092,Active
EMP025179,Emily,Rodriguez,Emily Rodriguez,42,Operations,Analyst,Los Angeles,57975.71,4037.9,2022-08-03,15,71.6,emily.rodriguez@company.com,(935) 651-4267,Active
EMP025180,Jessica,Jones,Jessica Jones,28,Marketing,Specialist,Los Angeles,73238.25,9464.53,2022-09-07,2,99.7,jessica.jones@company.com,(701) 861-7927,Active
EMP025181,Matthew,Hernandez,Matthew Hernandez,23,Legal,Senior Developer,Chicago,78227.7,8216.04,2022-07-24,0,97.1,matthew.hernandez@company.com,(424) 959-9199,Active
EMP025182,William,Martin,William Martin,57,HR,Manager,Miami,75129.34,9768.58,2024-12-11,35,65.1,william.martin@company.com,(289) 766-7231,Active
EMP025183,Emily,Moore,Emily Moore,31,HR,Director,Los Angeles,45871.93,3654.78,2022-08-21,6,71.7,emily.moore@company.com,(885) 816-5335,Active
EMP025184,Christopher,Thomas,Christopher Thomas,53,Finance,Analyst,San Francisco,94633.4,8104.43,2021-06-17,27,100.0,christopher.thomas@company.com,(321) 204-8380,Active
EMP025185,Christopher,Williams,Christopher Williams,31,Legal,Lead,Chicago,73553.63,7288.6,2020-02-19,9,52.4,christopher.williams@company.com,(366) 419-8461,Active
EMP025186,Ashley,Martinez,Ashley Martinez,49,Sales,Associate,Austin,51676.4,7126.53,2021-01-18,20,86.4,ashley.martinez@company.com,(857) 817-8494,On Leave
EMP025187,Sarah,Martin,Sarah Martin,26,Finance,Manager,Los Angeles,83948.63,6228.94,2022-06-08,3,84.8,sarah.martin@company.com,(927) 624-5561,Active
EMP025188,James,Thomas,James Thomas,64,Marketing,Coordinator,Los Angeles,82466.42,6631.44,2021-07-24,40,78.5,james.thomas@company.com,(560) 661-1998,Active
EMP025189,Nicole,Smith,Nicole Smith,64,Marketing,Senior Developer,Seattle,89670.63,15978.8,2021-11-05,37,82.7,nicole.smith@company.com,(462) 675-3570,Active
EMP025190,Lisa,Martin,Lisa Martin,65,HR,Director,Chicago,75665.68,5353.41,2021-10-11,38,81.5,lisa.martin@company.com,(668) 459-7006,Active
EMP025191,Lisa,Martinez,Lisa Martinez,27,Engineering,Analyst,Chicago,75490.27,5624.72,2024-08-08,5,100.0,lisa.martinez@company.com,(502) 578-1286,Active
EMP025192,David,Jones,David Jones,29,IT,Lead,Seattle,71188.59,5406.15,2024-11-30,6,97.4,david.jones@company.com,(854) 660-2412,Active
EMP025193,Melissa,Hernandez,Melissa Hernandez,50,Finance,Coordinator,San Francisco,58652.8,7376.75,2023-02-13,27,71.5,melissa.hernandez@company.com,(605) 437-2514,Active
EMP025194,Lisa,Jones,Lisa Jones,52,Marketing,Manager,Seattle,67595.51,11411.25,2022-11-17,27,100.0,lisa.jones@company.com,(367) 997-3204,Active
EMP025195,Christopher,Smith,Christopher Smith,62,Operations,Director,Los Angeles,74612.85,3865.11,2021-12-19,35,68.5,christopher.smith@company.com,(565) 882-6571,Active
EMP025196,Nicole,Wilson,Nicole Wilson,40,Legal,Director,Miami,92751.4,8043.29,2023-06-01,14,97.4,nicole.wilson@company.com,(288) 503-9589,On Leave
EMP025197,Amanda,Lopez,Amanda Lopez,49,Marketing,Senior Developer,New York,51289.35,6005.18,2022-05-21,25,77.9,amanda.lopez@company.com,(578) 348-7261,Active
EMP025198,Robert,Garcia,Robert Garcia,26,Legal,Senior Developer,San Francisco,53376.06,5467.25,2020-08-22,3,84.4,robert.garcia@company.com,(972) 220-4577,Inactive
EMP025199,Emily,Garcia,Emily Garcia,55,Marketing,Analyst,Chicago,63272.29,3946.85,2021-09-17,33,69.7,emily.garcia@company.com,(462) 269-5129,Active
EMP025200,James,Jones,James Jones,57,IT,Director,Miami,117751.68,21319.21,2024-11-25,32,55.9,james.jones@company.com,(492) 389-8030,Active
EMP025201,Christopher,Martinez,Christopher Martinez,29,Finance,Senior Developer,Chicago,51803.91,5296.28,2023-04-21,4,84.1,christopher.martinez@company.com,(394) 215-8421,Active
EMP025202,Jessica,Miller,Jessica Miller,61,Legal,Manager,Boston,89485.93,16897.02,2022-05-31,38,77.0,jessica.miller@company.com,(996) 419-6689,Active
EMP025203,Lisa,Brown,Lisa Brown,48,Engineering,Director,Los Angeles,65199.96,8066.71,2023-07-07,21,93.8,lisa.brown@company.com,(452) 421-6703,Active
EMP025204,William,Johnson,William Johnson,47,Engineering,Senior Developer,Miami,85790.06,4281.1,2020-08-15,24,78.4,william.johnson@company.com,(823) 504-2106,Active
EMP025205,Christopher,Martin,Christopher Martin,55,IT,Specialist,Los Angeles,107001.79,13709.98,2020-03-04,28,67.6,christopher.martin@company.com,(916) 703-3270,Active
EMP025206,Sarah,Jackson,Sarah Jackson,29,Marketing,Manager,Los Angeles,68576.8,816.05,2022-06-03,5,71.8,sarah.jackson@company.com,(904) 309-1671,Active
EMP025207,Daniel,Wilson,Daniel Wilson,41,Finance,Senior Developer,Los Angeles,108251.46,11041.67,2023-03-21,17,64.0,daniel.wilson@company.com,(753) 546-4999,On Leave
EMP025208,Jane,Moore,Jane Moore,53,Legal,Lead,Los Angeles,98637.11,9508.14,2020-02-29,25,52.1,jane.moore@company.com,(493) 979-8751,On Leave
EMP025209,Jessica,Davis,Jessica Davis,58,IT,Analyst,Chicago,111170.1,14890.51,2020-06-16,30,75.1,jessica.davis@company.com,(705) 862-8622,Active
EMP025210,Jane,Brown,Jane Brown,28,Marketing,Senior Developer,Boston,66999.15,0.0,2020-07-15,2,87.5,jane.brown@company.com,(637) 768-1841,Active
EMP025211,Jessica,Davis,Jessica Davis,65,Marketing,Manager,Seattle,91432.84,10335.97,2022-10-05,41,86.3,jessica.davis@company.com,(629) 285-5311,Active
EMP025212,Jessica,Gonzalez,Jessica Gonzalez,33,Operations,Analyst,Boston,62754.29,7092.77,2022-03-08,6,70.7,jessica.gonzalez@company.com,(878) 555-9882,Active
EMP025213,Ashley,Gonzalez,Ashley Gonzalez,58,Finance,Analyst,Miami,95329.77,11821.13,2023-01-08,33,87.0,ashley.gonzalez@company.com,(480) 223-4071,Active
EMP025214,John,Rodriguez,John Rodriguez,26,Sales,Specialist,New York,62070.72,3211.35,2021-03-29,0,62.1,john.rodriguez@company.com,(323) 635-2947,Active
EMP025215,David,Moore,David Moore,58,HR,Associate,New York,54049.98,3113.42,2022-06-24,30,58.7,david.moore@company.com,(456) 841-8086,Active
EMP025216,William,Martinez,William Martinez,27,Engineering,Manager,Boston,104820.57,9552.39,2021-06-20,0,65.9,william.martinez@company.com,(337) 263-8881,Active
EMP025217,Daniel,Martinez,Daniel Martinez,50,Engineering,Lead,Miami,108493.76,18395.66,2020-09-25,22,84.9,daniel.martinez@company.com,(606) 964-4457,Active
EMP025218,Emily,Wilson,Emily Wilson,54,Marketing,Lead,New York,92363.74,13148.45,2024-11-20,29,95.7,emily.wilson@company.com,(506) 234-1453,Active
EMP025219,Robert,Smith,Robert Smith,50,Operations,Specialist,Seattle,50734.25,1132.53,2024-09-26,24,60.5,robert.smith@company.com,(851) 588-6292,Active
EMP025220,Sarah,Martinez,Sarah Martinez,26,Legal,Lead,New York,79161.54,9784.17,2023-02-26,0,78.9,sarah.martinez@company.com,(606) 593-4046,Active
EMP025221,Robert,Rodriguez,Robert Rodriguez,38,Operations,Specialist,Austin,59536.82,4310.95,2022-07-25,12,90.9,robert.rodriguez@company.com,(537) 686-5499,Active
EMP025222,Melissa,Williams,Melissa Williams,63,Sales,Lead,Miami,80614.81,13601.61,2023-06-30,41,75.0,melissa.williams@company.com,(266) 235-2600,Active
EMP025223,William,Martinez,William Martinez,48,Operations,Lead,Los Angeles,60210.32,12208.12,2020-12-08,23,66.0,william.martinez@company.com,(373) 880-9342,On Leave
EMP025224,Christopher,Garcia,Christopher Garcia,36,Marketing,Specialist,Miami,52694.07,1081.54,2023-05-04,8,78.9,christopher.garcia@company.com,(923) 691-1140,Active
EMP025225,Stephanie,Rodriguez,Stephanie Rodriguez,34,Engineering,Lead,Seattle,89034.58,9374.72,2022-07-13,6,54.2,stephanie.rodriguez@company.com,(553) 600-7562,Active
EMP025226,Ashley,Davis,Ashley Davis,47,HR,Coordinator,Boston,67920.68,4850.91,2023-06-26,19,88.4,ashley.davis@company.com,(872) 898-3797,Active
EMP025227,Nicole,Hernandez,Nicole Hernandez,51,Operations,Director,Austin,67377.22,8976.31,2024-09-16,29,53.1,nicole.hernandez@company.com,(513) 531-4074,Active
EMP025228,Melissa,Williams,Melissa Williams,56,Finance,Coordinator,San Francisco,85140.86,6126.63,2021-10-26,32,60.6,melissa.williams@company.com,(893) 672-6866,Active
EMP025229,John,Garcia,John Garcia,25,Operations,Coordinator,Miami,54594.71,0.0,2021-08-12,0,60.8,john.garcia@company.com,(557) 333-2806,Active
EMP025230,Anthony,Williams,Anthony Williams,22,Sales,Lead,Austin,64385.75,9316.68,2024-07-03,0,98.7,anthony.williams@company.com,(903) 223-6447,Active
EMP025231,Emily,Garcia,Emily Garcia,36,Sales,Specialist,Los Angeles,56553.35,3746.33,2024-03-26,13,64.2,emily.garcia@company.com,(274) 919-8525,Active
EMP025232,Amanda,Anderson,Amanda Anderson,23,Engineering,Specialist,Miami,95352.53,8985.84,2024-01-06,0,100.0,amanda.anderson@company.com,(732) 366-2981,Active
EMP025233,Lisa,Jackson,Lisa Jackson,48,Legal,Associate,Miami,103165.59,9359.01,2022-06-27,21,100.0,lisa.jackson@company.com,(797) 836-9535,Active
EMP025234,Jessica,Jackson,Jessica Jackson,36,Operations,Manager,Boston,43380.21,6325.1,2024-11-20,14,78.9,jessica.jackson@company.com,(331) 984-4846,Active
EMP025235,John,Lopez,John Lopez,22,Finance,Associate,Miami,90435.21,10954.66,2022-12-21,0,66.9,john.lopez@company.com,(354) 458-7822,Active
EMP025236,Anthony,Gonzalez,Anthony Gonzalez,29,IT,Analyst,San Francisco,64623.81,702.03,2021-08-16,3,64.4,anthony.gonzalez@company.com,(207) 611-9360,Active
EMP025237,Jane,Miller,Jane Miller,43,Sales,Associate,Chicago,55282.89,5198.0,2020-10-03,18,63.4,jane.miller@company.com,(991) 719-6101,Active
EMP025238,Emily,Smith,Emily Smith,55,IT,Associate,New York,70630.1,10008.88,2021-03-09,26,65.9,emily.smith@company.com,(380) 430-6725,Active
EMP025239,Jessica,Lopez,Jessica Lopez,42,Finance,Lead,Chicago,55466.68,4443.73,2024-06-03,14,79.4,jessica.lopez@company.com,(815) 473-4000,Active
EMP025240,Lisa,Jones,Lisa Jones,56,Operations,Coordinator,Austin,59556.98,1151.4,2021-05-08,33,58.5,lisa.jones@company.com,(873) 408-4082,Active
EMP025241,Sarah,Hernandez,Sarah Hernandez,63,Finance,Associate,San Francisco,110010.28,14746.09,2022-11-20,34,74.9,sarah.hernandez@company.com,(470) 579-7708,Active
EMP025242,Amanda,Hernandez,Amanda Hernandez,28,Legal,Manager,Chicago,85564.86,6472.3,2024-10-22,0,90.1,amanda.hernandez@company.com,(400) 906-9039,Active
EMP025243,Nicole,Williams,Nicole Williams,35,Marketing,Specialist,Miami,64451.78,9654.33,2022-10-26,6,44.5,nicole.williams@company.com,(362) 222-6300,Active
EMP025244,James,Miller,James Miller,56,Sales,Senior Developer,Chicago,83309.32,0.0,2020-03-11,27,100.0,james.miller@company.com,(298) 908-8400,Active
EMP025245,Emily,Jones,Emily Jones,39,Finance,Specialist,San Francisco,73837.03,6972.48,2020-06-14,12,88.5,emily.jones@company.com,(468) 651-1388,Active
EMP025246,Lisa,Moore,Lisa Moore,26,Sales,Associate,New York,30000.0,1346.03,2020-12-20,0,97.1,lisa.moore@company.com,(471) 424-1687,Active
EMP025247,Stephanie,Gonzalez,Stephanie Gonzalez,41,Marketing,Director,Miami,65028.99,12993.49,2023-05-20,13,100.0,stephanie.gonzalez@company.com,(425) 280-9755,Active
EMP025248,Jessica,Brown,Jessica Brown,49,Finance,Associate,Seattle,102651.83,2825.75,2024-05-03,26,91.2,jessica.brown@company.com,(317) 525-8640,Active
EMP025249,David,Moore,David Moore,31,Legal,Director,Chicago,100295.98,0.0,2020-12-14,6,72.3,david.moore@company.com,(728) 391-9744,Active
EMP025250,William,Rodriguez,William Rodriguez,51,Engineering,Analyst,Austin,128983.91,18871.54,2022-02-24,24,91.3,william.rodriguez@company.com,(796) 520-5378,Active
EMP025251,John,Moore,John Moore,60,IT,Coordinator,Austin,95045.65,15571.03,2023-11-12,31,88.6,john.moore@company.com,(891) 699-9706,Active
EMP025252,Matthew,Lopez,Matthew Lopez,31,Marketing,Senior Developer,Boston,66103.53,3563.98,2022-07-05,5,92.8,matthew.lopez@company.com,(605) 703-7865,Active
EMP025253,Emily,Miller,Emily Miller,57,Finance,Analyst,Boston,93676.38,8307.75,2021-02-27,30,85.7,emily.miller@company.com,(915) 377-3859,Active
EMP025254,Nicole,Moore,Nicole Moore,29,IT,Director,Seattle,84828.53,9098.88,2020-07-08,7,82.9,nicole.moore@company.com,(546) 556-2361,On Leave
EMP025255,David,Garcia,David Garcia,37,Finance,Associate,Boston,73424.98,4403.35,2023-07-16,12,58.9,david.garcia@company.com,(568) 685-3143,Active
EMP025256,Lisa,Miller,Lisa Miller,37,Finance,Specialist,Seattle,84008.61,12567.32,2021-08-09,10,66.4,lisa.miller@company.com,(501) 503-8957,Active
EMP025257,David,Rodriguez,David Rodriguez,54,Legal,Senior Developer,Miami,119558.29,11229.65,2023-03-16,26,66.5,david.rodriguez@company.com,(630) 328-4332,Active
EMP025258,Emily,Thomas,Emily Thomas,40,Operations,Specialist,Austin,79831.7,8956.37,2023-05-19,12,61.4,emily.thomas@company.com,(269) 308-8669,Active
EMP025259,Stephanie,Jackson,Stephanie Jackson,35,Finance,Director,San Francisco,77780.32,8014.74,2021-09-15,7,68.3,stephanie.jackson@company.com,(990) 800-2504,Active
EMP025260,Nicole,Taylor,Nicole Taylor,41,Sales,Senior Developer,New York,86298.73,6754.13,2021-10-19,12,52.4,nicole.taylor@company.com,(528) 458-6647,Active
EMP025261,Sarah,Martin,Sarah Martin,52,Marketing,Coordinator,Miami,62129.06,4089.6,2020-07-07,25,78.3,sarah.martin@company.com,(979) 580-1708,Active
EMP025262,James,Williams,James Williams,52,Finance,Manager,New York,109384.5,3532.5,2022-03-09,23,52.4,james.williams@company.com,(651) 259-9660,On Leave
EMP025263,Jane,Johnson,Jane Johnson,32,Sales,Lead,Miami,69403.5,7574.11,2023-12-27,4,70.0,jane.johnson@company.com,(400) 639-1380,Inactive
EMP025264,Stephanie,Lopez,Stephanie Lopez,42,IT,Analyst,Los Angeles,67338.47,5583.29,2021-09-25,17,63.5,stephanie.lopez@company.com,(467) 654-8823,Active
EMP025265,Ashley,Williams,Ashley Williams,50,Operations,Senior Developer,Boston,51599.39,7097.24,2023-11-09,25,91.8,ashley.williams@company.com,(220) 655-8399,On Leave
EMP025266,Jessica,Rodriguez,Jessica Rodriguez,25,Operations,Coordinator,Los Angeles,51415.44,5168.84,2023-05-14,2,75.2,jessica.rodriguez@company.com,(283) 604-7559,Active
EMP025267,Lisa,Davis,Lisa Davis,30,Legal,Associate,New York,105453.45,7608.88,2020-03-18,3,75.6,lisa.davis@company.com,(689) 809-8038,Active
EMP025268,Ashley,Taylor,Ashley Taylor,44,HR,Associate,New York,78331.83,0.0,2021-12-15,20,81.2,ashley.taylor@company.com,(958) 367-1819,Active
EMP025269,Amanda,Garcia,Amanda Garcia,45,Legal,Associate,Seattle,85531.56,10071.22,2020-05-29,16,61.9,amanda.garcia@company.com,(569) 705-8050,Active
EMP025270,Sarah,Jackson,Sarah Jackson,43,Marketing,Senior Developer,New York,66950.14,5452.53,2022-02-02,15,95.2,sarah.jackson@company.com,(243) 249-8141,Active
EMP025271,Anthony,Brown,Anthony Brown,44,HR,Associate,Los Angeles,73392.23,10883.11,2024-04-22,18,71.7,anthony.brown@company.com,(537) 253-6923,Active
EMP025272,David,Rodriguez,David Rodriguez,41,Marketing,Coordinator,New York,55070.17,7395.0,2021-10-09,17,71.1,david.rodriguez@company.com,(256) 350-3575,Active
EMP025273,Ashley,Wilson,Ashley Wilson,23,IT,Director,Seattle,51366.24,792.79,2022-02-05,1,60.2,ashley.wilson@company.com,(239) 742-1029,Active
EMP025274,Jessica,Lopez,Jessica Lopez,37,IT,Specialist,Boston,79328.26,6814.59,2022-07-17,12,100.0,jessica.lopez@company.com,(696) 681-8033,Active
EMP025275,Anthony,Martinez,Anthony Martinez,48,Marketing,Lead,Seattle,90647.25,289.53,2023-10-22,20,72.1,anthony.martinez@company.com,(402) 812-9098,Active
EMP025276,Jessica,Williams,Jessica Williams,24,IT,Manager,Boston,120347.13,15636.63,2024-07-12,0,58.8,jessica.williams@company.com,(671) 313-5180,On Leave
EMP025277,Robert,Hernandez,Robert Hernandez,37,Finance,Coordinator,Chicago,79433.19,13288.97,2022-03-17,15,78.9,robert.hernandez@company.com,(215) 580-1473,Active
EMP025278,Michael,Martin,Michael Martin,41,Operations,Lead,San Francisco,64206.78,1099.68,2024-02-27,17,67.7,michael.martin@company.com,(677) 474-6457,Active
EMP025279,Michael,Davis,Michael Davis,45,Engineering,Associate,Chicago,65334.25,5011.52,2022-11-08,22,63.0,michael.davis@company.com,(897) 343-2719,Active
EMP025280,Stephanie,Hernandez,Stephanie Hernandez,61,HR,Associate,Seattle,72656.84,10547.16,2020-12-26,37,62.9,stephanie.hernandez@company.com,(745) 839-2625,Active
EMP025281,David,Wilson,David Wilson,44,Engineering,Specialist,San Francisco,58351.85,3848.49,2023-07-08,19,95.0,david.wilson@company.com,(245) 363-8691,Active
EMP025282,Stephanie,Anderson,Stephanie Anderson,42,Marketing,Associate,New York,94385.13,10109.28,2021-08-09,15,52.5,stephanie.anderson@company.com,(895) 591-3124,Active
EMP025283,William,Garcia,William Garcia,48,Engineering,Specialist,Los Angeles,99251.01,2652.81,2020-10-07,25,82.4,william.garcia@company.com,(432) 468-3789,On Leave
EMP025284,Anthony,Rodriguez,Anthony Rodriguez,61,Legal,Analyst,San Francisco,145103.55,16466.18,2020-11-01,36,90.8,anthony.rodriguez@company.com,(953) 773-6518,Inactive
EMP025285,Sarah,Wilson,Sarah Wilson,31,HR,Manager,Austin,76302.23,1036.43,2022-08-01,4,99.3,sarah.wilson@company.com,(921) 402-6408,Active
EMP025286,Nicole,Miller,Nicole Miller,50,HR,Associate,Los Angeles,67303.65,4402.23,2023-12-24,21,43.3,nicole.miller@company.com,(211) 628-3771,Active
EMP025287,Christopher,Lopez,Christopher Lopez,24,IT,Manager,Seattle,77748.89,3729.21,2020-03-02,2,63.1,christopher.lopez@company.com,(823) 908-3120,Active
EMP025288,Michael,Lopez,Michael Lopez,37,IT,Analyst,Los Angeles,90297.81,9262.45,2022-01-06,15,82.3,michael.lopez@company.com,(884) 779-2230,Active
EMP025289,Jessica,Jones,Jessica Jones,50,IT,Manager,Miami,107259.5,15415.66,2024-09-07,23,71.7,jessica.jones@company.com,(231) 208-3777,Active
EMP025290,Sarah,Williams,Sarah Williams,57,Finance,Specialist,Boston,93321.39,11563.96,2020-09-07,30,85.0,sarah.williams@company.com,(256) 474-8843,Active
EMP025291,Christopher,Jones,Christopher Jones,22,Legal,Manager,Boston,59572.01,5372.24,2021-09-06,0,81.9,christopher.jones@company.com,(510) 674-3072,Active
EMP025292,Christopher,Anderson,Christopher Anderson,48,IT,Associate,Chicago,72242.48,5665.7,2023-06-25,19,77.7,christopher.anderson@company.com,(393) 420-1337,Active
EMP025293,Nicole,Jackson,Nicole Jackson,37,Sales,Manager,San Francisco,75953.04,12849.86,2024-02-23,11,93.8,nicole.jackson@company.com,(554) 825-5729,Active
EMP025294,Lisa,Martinez,Lisa Martinez,61,Legal,Specialist,Boston,92974.7,14644.93,2021-06-08,36,100.0,lisa.martinez@company.com,(888) 808-1625,Inactive
EMP025295,Matthew,Smith,Matthew Smith,23,Finance,Senior Developer,New York,73851.1,8961.19,2021-06-08,0,71.8,matthew.smith@company.com,(911) 211-5937,Active
EMP025296,Ashley,Jackson,Ashley Jackson,29,IT,Coordinator,Seattle,88619.45,2488.17,2021-05-16,5,53.2,ashley.jackson@company.com,(683) 645-5507,Active
EMP025297,Jessica,Miller,Jessica Miller,28,Engineering,Lead,Miami,40204.36,2258.1,2021-04-19,2,62.3,jessica.miller@company.com,(891) 858-1234,Active
EMP025298,Stephanie,Martinez,Stephanie Martinez,32,Operations,Senior Developer,New York,59641.58,7207.24,2021-05-09,5,92.3,stephanie.martinez@company.com,(760) 678-1211,Inactive
EMP025299,Michael,Jackson,Michael Jackson,33,Operations,Senior Developer,Los Angeles,49664.07,9934.98,2021-10-16,8,84.4,michael.jackson@company.com,(751) 317-5931,Active
EMP025300,Matthew,Smith,Matthew Smith,65,Marketing,Specialist,Seattle,88375.48,15592.81,2021-04-19,43,71.6,matthew.smith@company.com,(287) 788-3906,Active
EMP025301,Robert,Johnson,Robert Johnson,23,Legal,Coordinator,Los Angeles,101537.04,18654.76,2022-01-17,0,74.9,robert.johnson@company.com,(981) 657-7317,Active
EMP025302,Lisa,Brown,Lisa Brown,24,Sales,Analyst,Miami,67220.17,6797.42,2022-07-18,2,87.8,lisa.brown@company.com,(774) 811-5956,Active
EMP025303,Michael,Hernandez,Michael Hernandez,40,Engineering,Associate,San Francisco,94411.03,234.61,2023-12-21,13,51.2,michael.hernandez@company.com,(435) 950-7430,Active
EMP025304,David,Jones,David Jones,42,Marketing,Manager,Austin,62810.62,8749.87,2024-08-16,15,100.0,david.jones@company.com,(791) 991-2706,Inactive
EMP025305,Sarah,Lopez,Sarah Lopez,41,Sales,Coordinator,New York,80511.31,6724.01,2024-12-07,13,75.8,sarah.lopez@company.com,(676) 376-3613,Active
EMP025306,Anthony,Johnson,Anthony Johnson,47,HR,Analyst,New York,45718.19,2964.73,2023-05-07,25,72.6,anthony.johnson@company.com,(572) 360-4197,Active
EMP025307,Robert,Rodriguez,Robert Rodriguez,54,Engineering,Director,San Francisco,68997.71,2999.91,2023-10-08,28,65.1,robert.rodriguez@company.com,(663) 270-5077,Active
EMP025308,Matthew,Johnson,Matthew Johnson,33,HR,Senior Developer,San Francisco,58633.93,9292.52,2022-02-16,4,98.3,matthew.johnson@company.com,(259) 518-6198,Active
EMP025309,Ashley,Miller,Ashley Miller,58,IT,Manager,Chicago,103263.18,1116.51,2022-09-28,34,77.9,ashley.miller@company.com,(905) 297-4387,Inactive
EMP025310,Melissa,Garcia,Melissa Garcia,26,Legal,Lead,Austin,54704.71,8038.68,2022-11-30,0,48.9,melissa.garcia@company.com,(576) 586-1996,Active
EMP025311,Robert,Johnson,Robert Johnson,22,Finance,Coordinator,Los Angeles,73644.17,7619.04,2020-12-01,0,76.7,robert.johnson@company.com,(590) 379-8652,Active
EMP025312,John,Taylor,John Taylor,47,Sales,Associate,Seattle,79795.81,3304.18,2024-12-03,25,68.1,john.taylor@company.com,(245) 386-3462,Active
EMP025313,Emily,Brown,Emily Brown,25,IT,Manager,Miami,103093.64,17240.77,2023-10-09,0,82.5,emily.brown@company.com,(899) 533-4945,Active
EMP025314,Christopher,Rodriguez,Christopher Rodriguez,22,Finance,Associate,Chicago,66284.54,10514.66,2024-04-15,0,38.3,christopher.rodriguez@company.com,(766) 640-7688,Active
EMP025315,James,Moore,James Moore,42,Operations,Director,Boston,57595.43,4332.89,2023-11-11,13,94.2,james.moore@company.com,(951) 719-8041,Active
EMP025316,Sarah,Martinez,Sarah Martinez,29,Sales,Associate,Boston,57867.44,3614.16,2024-12-01,7,74.5,sarah.martinez@company.com,(741) 630-8507,Active
EMP025317,Amanda,Anderson,Amanda Anderson,31,Marketing,Director,Seattle,72257.4,2446.16,2023-01-27,9,58.4,amanda.anderson@company.com,(608) 743-6689,Active
EMP025318,William,Williams,William Williams,39,IT,Lead,Seattle,64534.94,6516.15,2020-12-02,11,96.4,william.williams@company.com,(740) 639-8845,On Leave
EMP025319,Nicole,Williams,Nicole Williams,45,IT,Associate,Miami,84378.3,10596.36,2022-06-11,16,57.1,nicole.williams@company.com,(875) 254-5279,Active
EMP025320,Emily,Brown,Emily Brown,38,Sales,Lead,Los Angeles,81635.84,7702.61,2022-03-01,16,64.3,emily.brown@company.com,(943) 412-4997,Active
EMP025321,Melissa,Anderson,Melissa Anderson,50,Sales,Associate,Chicago,68998.94,10670.62,2023-01-06,23,82.6,melissa.anderson@company.com,(869) 476-5937,Active
EMP025322,James,Martinez,James Martinez,65,Engineering,Analyst,Austin,111241.94,15852.15,2020-07-03,42,84.0,james.martinez@company.com,(561) 826-6607,Active
EMP025323,William,Smith,William Smith,56,Marketing,Associate,Chicago,81362.92,10772.97,2021-04-10,34,96.5,william.smith@company.com,(634) 399-8456,Active
EMP025324,Jane,Jackson,Jane Jackson,34,Sales,Manager,Boston,88771.24,5735.43,2021-10-04,7,87.9,jane.jackson@company.com,(729) 486-2417,Active
EMP025325,Anthony,Williams,Anthony Williams,64,IT,Manager,Chicago,118731.14,18182.33,2021-02-23,36,72.5,anthony.williams@company.com,(853) 737-5737,Active
EMP025326,Jane,Martin,Jane Martin,24,Operations,Senior Developer,Austin,51104.98,2125.38,2020-06-01,0,91.5,jane.martin@company.com,(751) 370-4173,Active
EMP025327,Ashley,Martinez,Ashley Martinez,53,IT,Associate,San Francisco,118186.82,16424.07,2022-11-14,29,87.6,ashley.martinez@company.com,(931) 287-5931,Active
EMP025328,Anthony,Taylor,Anthony Taylor,62,Sales,Coordinator,Chicago,95192.48,8518.48,2024-07-06,33,67.8,anthony.taylor@company.com,(788) 812-9583,On Leave
EMP025329,David,Williams,David Williams,39,Finance,Specialist,Los Angeles,97567.56,8029.53,2020-01-01,12,81.0,david.williams@company.com,(470) 959-3574,Active
EMP025330,Matthew,Miller,Matthew Miller,62,Legal,Specialist,Boston,111243.36,9405.73,2021-09-05,34,57.5,matthew.miller@company.com,(607) 266-9217,Inactive
EMP025331,Christopher,Williams,Christopher Williams,30,Legal,Analyst,New York,88249.7,10277.42,2024-10-01,6,60.6,christopher.williams@company.com,(820) 837-2632,Active
EMP025332,Jessica,Johnson,Jessica Johnson,53,HR,Manager,Austin,77662.26,7361.31,2024-12-17,31,46.2,jessica.johnson@company.com,(656) 561-6861,Active
EMP025333,Lisa,Rodriguez,Lisa Rodriguez,49,Finance,Associate,Los Angeles,56610.32,8602.28,2020-02-16,21,80.1,lisa.rodriguez@company.com,(601) 566-8528,Inactive
EMP025334,John,Brown,John Brown,30,Marketing,Director,Boston,65803.16,6687.86,2023-05-10,7,63.5,john.brown@company.com,(617) 286-8050,Active
EMP025335,Stephanie,Garcia,Stephanie Garcia,38,Engineering,Analyst,Austin,97399.33,12880.09,2024-07-21,10,98.1,stephanie.garcia@company.com,(974) 785-8314,Active
EMP025336,Stephanie,Williams,Stephanie Williams,55,HR,Specialist,New York,77537.71,7201.92,2022-12-10,27,62.7,stephanie.williams@company.com,(809) 218-7980,Inactive
EMP025337,Robert,Lopez,Robert Lopez,35,HR,Lead,Los Angeles,76461.92,8421.62,2022-09-08,9,78.4,robert.lopez@company.com,(304) 559-4081,Active
EMP025338,Nicole,Lopez,Nicole Lopez,58,Marketing,Analyst,San Francisco,105903.89,2243.92,2023-04-06,33,100.0,nicole.lopez@company.com,(361) 461-1256,Active
EMP025339,Jane,Gonzalez,Jane Gonzalez,41,HR,Analyst,Boston,71885.81,4149.83,2023-08-24,18,63.9,jane.gonzalez@company.com,(885) 929-8134,Active
EMP025340,Stephanie,Thomas,Stephanie Thomas,41,Engineering,Senior Developer,New York,104229.22,16693.92,2023-04-19,12,69.2,stephanie.thomas@company.com,(897) 352-1317,Active
EMP025341,Amanda,Lopez,Amanda Lopez,53,HR,Associate,Seattle,81990.23,16215.77,2023-08-25,26,92.4,amanda.lopez@company.com,(976) 702-6371,Active
EMP025342,Jessica,Gonzalez,Jessica Gonzalez,33,Sales,Analyst,Los Angeles,39138.73,5447.42,2020-07-09,11,56.6,jessica.gonzalez@company.com,(673) 314-9117,Active
EMP025343,Emily,Wilson,Emily Wilson,35,Sales,Analyst,Austin,47878.49,4096.51,2021-01-17,6,64.7,emily.wilson@company.com,(680) 462-5244,Active
EMP025344,John,Thomas,John Thomas,41,Marketing,Coordinator,Austin,69843.94,2757.0,2020-12-27,18,40.3,john.thomas@company.com,(403) 359-4705,Active
EMP025345,Lisa,Taylor,Lisa Taylor,39,Legal,Specialist,New York,93438.5,5849.36,2023-12-19,10,65.5,lisa.taylor@company.com,(483) 361-1140,Active
EMP025346,Jessica,Garcia,Jessica Garcia,32,IT,Director,Chicago,84377.31,0.0,2022-09-18,4,87.4,jessica.garcia@company.com,(850) 537-5923,Active
EMP025347,Sarah,Taylor,Sarah Taylor,32,Marketing,Associate,Seattle,67909.69,7426.16,2021-04-03,5,77.8,sarah.taylor@company.com,(788) 421-4416,Active
EMP025348,James,Smith,James Smith,50,Finance,Director,Seattle,82427.09,4339.96,2021-06-24,23,67.7,james.smith@company.com,(376) 725-8816,Active
EMP025349,Michael,Hernandez,Michael Hernandez,63,Operations,Senior Developer,Miami,64981.14,8410.49,2024-04-28,39,100.0,michael.hernandez@company.com,(526) 559-5714,Active
EMP025350,Emily,Brown,Emily Brown,43,Finance,Lead,Austin,87537.26,11252.14,2021-01-05,20,82.3,emily.brown@company.com,(707) 388-4289,Active
EMP025351,Melissa,Lopez,Melissa Lopez,54,Marketing,Lead,Seattle,74915.14,9043.1,2021-12-03,32,81.0,melissa.lopez@company.com,(974) 820-3404,Active
EMP025352,Emily,Miller,Emily Miller,63,Marketing,Associate,Miami,99635.59,10265.0,2022-07-31,37,72.7,emily.miller@company.com,(329) 722-8145,Active
EMP025353,Lisa,Taylor,Lisa Taylor,56,Operations,Associate,Boston,70992.2,10652.46,2024-04-15,27,76.2,lisa.taylor@company.com,(334) 286-4571,Active
EMP025354,Jane,Lopez,Jane Lopez,38,Marketing,Director,Austin,75596.07,14253.8,2023-09-14,14,73.6,jane.lopez@company.com,(931) 281-9522,Active
EMP025355,Robert,Wilson,Robert Wilson,59,HR,Associate,Austin,61560.86,3655.84,2021-08-04,34,85.7,robert.wilson@company.com,(208) 761-3337,Active
EMP025356,Lisa,Davis,Lisa Davis,40,Finance,Manager,San Francisco,99199.88,16300.95,2023-02-18,16,84.5,lisa.davis@company.com,(760) 280-9020,Active
EMP025357,Anthony,Miller,Anthony Miller,59,Sales,Lead,San Francisco,83841.31,9636.72,2021-09-26,31,66.2,anthony.miller@company.com,(958) 583-5176,Active
EMP025358,David,Johnson,David Johnson,35,Marketing,Lead,Boston,59698.75,6143.9,2023-01-31,6,90.5,david.johnson@company.com,(386) 527-9123,Active
EMP025359,Daniel,Anderson,Daniel Anderson,64,Marketing,Senior Developer,Miami,75244.73,12373.34,2020-10-16,40,59.2,daniel.anderson@company.com,(566) 324-1175,Active
EMP025360,Robert,Rodriguez,Robert Rodriguez,29,Operations,Lead,Austin,36589.01,5168.41,2024-08-10,4,61.9,robert.rodriguez@company.com,(572) 565-3410,Active
EMP025361,Nicole,Martinez,Nicole Martinez,47,HR,Coordinator,Boston,74951.36,8387.37,2020-11-08,20,68.4,nicole.martinez@company.com,(997) 590-7894,Active
EMP025362,Stephanie,Anderson,Stephanie Anderson,60,Finance,Analyst,San Francisco,119099.17,13560.07,2020-07-03,35,66.2,stephanie.anderson@company.com,(494) 534-9666,Active
EMP025363,Emily,Brown,Emily Brown,45,Legal,Senior Developer,Boston,84780.41,12139.42,2020-11-10,20,55.0,emily.brown@company.com,(395) 688-4607,Active
EMP025364,Jane,Martin,Jane Martin,65,Legal,Senior Developer,Austin,146283.96,11689.28,2020-08-23,43,95.9,jane.martin@company.com,(605) 500-1518,Active
EMP025365,David,Thomas,David Thomas,65,IT,Manager,San Francisco,128213.99,13764.64,2022-07-12,37,79.0,david.thomas@company.com,(689) 773-1078,Active
EMP025366,Emily,Martinez,Emily Martinez,60,Marketing,Director,Miami,63868.55,12187.59,2020-09-27,37,67.3,emily.martinez@company.com,(687) 558-2411,Active
EMP025367,Robert,Garcia,Robert Garcia,42,Marketing,Specialist,San Francisco,83993.03,14793.89,2022-06-12,13,75.7,robert.garcia@company.com,(906) 329-3565,Active
EMP025368,John,Williams,John Williams,32,Engineering,Senior Developer,Chicago,118994.72,2248.57,2021-01-15,7,96.0,john.williams@company.com,(822) 568-9985,Active
EMP025369,Daniel,Taylor,Daniel Taylor,49,Legal,Specialist,San Francisco,107041.1,7376.19,2021-12-22,20,58.3,daniel.taylor@company.com,(894) 738-9060,Active
EMP025370,Anthony,Smith,Anthony Smith,28,Finance,Coordinator,Los Angeles,69947.59,5646.43,2022-08-30,1,98.8,anthony.smith@company.com,(818) 559-8054,Inactive
EMP025371,Emily,Martin,Emily Martin,34,Legal,Manager,San Francisco,89967.61,7513.8,2024-02-19,5,100.0,emily.martin@company.com,(403) 515-5818,Active
EMP025372,Sarah,Miller,Sarah Miller,33,Finance,Director,San Francisco,83986.74,6734.46,2020-04-08,9,57.6,sarah.miller@company.com,(894) 548-1105,Active
EMP025373,Nicole,Gonzalez,Nicole Gonzalez,31,Engineering,Director,Boston,88195.0,15054.53,2021-08-06,8,77.5,nicole.gonzalez@company.com,(892) 428-8397,Active
EMP025374,Stephanie,Johnson,Stephanie Johnson,50,Sales,Analyst,New York,74888.75,12077.64,2021-09-13,21,71.2,stephanie.johnson@company.com,(304) 936-5531,Active
EMP025375,Michael,Smith,Michael Smith,34,Operations,Senior Developer,Boston,44401.02,2098.26,2024-11-15,5,70.9,michael.smith@company.com,(549) 961-3920,Active
EMP025376,Nicole,Gonzalez,Nicole Gonzalez,50,Engineering,Specialist,Los Angeles,122973.99,7674.38,2023-09-28,26,80.9,nicole.gonzalez@company.com,(714) 806-8646,Active
EMP025377,Matthew,Miller,Matthew Miller,45,Finance,Coordinator,Miami,73465.16,6466.18,2022-10-18,18,85.9,matthew.miller@company.com,(338) 723-7373,Active
EMP025378,Anthony,Moore,Anthony Moore,23,IT,Associate,Los Angeles,76319.48,7739.88,2022-05-25,0,79.4,anthony.moore@company.com,(845) 210-4291,Active
EMP025379,Christopher,Davis,Christopher Davis,47,Engineering,Director,Los Angeles,90249.88,12500.91,2023-11-05,23,47.7,christopher.davis@company.com,(882) 873-3558,Active
EMP025380,Emily,Williams,Emily Williams,36,Operations,Director,Boston,75549.71,7040.9,2024-06-26,14,78.0,emily.williams@company.com,(651) 714-9448,Active
EMP025381,Lisa,Moore,Lisa Moore,60,Sales,Manager,Seattle,102898.25,12234.9,2021-01-29,31,89.2,lisa.moore@company.com,(595) 541-8737,Active
EMP025382,Robert,Thomas,Robert Thomas,30,Legal,Manager,Seattle,47955.84,4979.13,2023-05-12,6,80.9,robert.thomas@company.com,(690) 310-4142,Active
EMP025383,Nicole,Anderson,Nicole Anderson,64,Finance,Manager,Los Angeles,56641.0,4097.85,2020-09-17,40,60.8,nicole.anderson@company.com,(333) 392-7988,Active
EMP025384,James,Jones,James Jones,49,Marketing,Manager,Chicago,48129.73,8529.79,2021-07-26,27,66.9,james.jones@company.com,(343) 986-7794,Active
EMP025385,Emily,Martin,Emily Martin,61,Sales,Director,Miami,82816.85,4570.68,2022-07-05,37,82.3,emily.martin@company.com,(504) 889-4741,Active
EMP025386,William,Jackson,William Jackson,24,Legal,Analyst,San Francisco,104003.28,4402.63,2020-03-26,0,76.0,william.jackson@company.com,(374) 241-9988,Active
EMP025387,Stephanie,Taylor,Stephanie Taylor,50,Legal,Analyst,Boston,117013.15,10895.24,2023-09-22,23,85.2,stephanie.taylor@company.com,(435) 889-8490,Active
EMP025388,Emily,Miller,Emily Miller,33,Sales,Analyst,Miami,59954.46,2627.01,2024-10-30,8,73.3,emily.miller@company.com,(379) 565-1227,Active
EMP025389,Christopher,Wilson,Christopher Wilson,39,Marketing,Associate,New York,59922.94,3246.16,2021-03-10,13,70.9,christopher.wilson@company.com,(435) 644-2930,Active
EMP025390,Emily,Gonzalez,Emily Gonzalez,64,HR,Manager,Miami,82402.88,5742.63,2022-09-09,35,73.5,emily.gonzalez@company.com,(545) 337-6675,Active
EMP025391,Stephanie,Jackson,Stephanie Jackson,46,Engineering,Senior Developer,New York,105632.5,4078.62,2023-11-30,19,61.2,stephanie.jackson@company.com,(819) 623-5378,Inactive
EMP025392,John,Anderson,John Anderson,24,Legal,Specialist,Los Angeles,90570.78,13812.22,2024-07-24,0,67.3,john.anderson@company.com,(764) 762-7161,Active
EMP025393,Michael,Hernandez,Michael Hernandez,57,Finance,Lead,Seattle,94315.53,5923.92,2022-05-10,28,83.1,michael.hernandez@company.com,(499) 567-2573,Active
EMP025394,Matthew,Brown,Matthew Brown,29,IT,Specialist,Miami,62603.58,5833.1,2024-06-21,1,39.8,matthew.brown@company.com,(392) 975-6431,Active
EMP025395,Jessica,Williams,Jessica Williams,51,Sales,Director,New York,84951.57,7866.95,2024-09-21,26,100.0,jessica.williams@company.com,(958) 427-8198,Active
EMP025396,Amanda,Martin,Amanda Martin,26,Finance,Specialist,Los Angeles,59204.14,6891.11,2020-09-29,0,87.5,amanda.martin@company.com,(225) 200-1308,Active
EMP025397,William,Miller,William Miller,57,IT,Director,San Francisco,110232.08,11001.22,2024-11-09,29,91.0,william.miller@company.com,(684) 991-6505,Active
EMP025398,Amanda,Hernandez,Amanda Hernandez,62,Marketing,Lead,Chicago,82735.26,9861.78,2022-11-03,33,56.9,amanda.hernandez@company.com,(245) 738-2758,Active
EMP025399,William,Davis,William Davis,57,Operations,Senior Developer,Boston,49557.17,4841.9,2020-04-22,31,73.3,william.davis@company.com,(617) 819-5291,Active
EMP025400,David,Davis,David Davis,32,Sales,Director,Austin,66268.49,14657.68,2022-04-28,7,96.4,david.davis@company.com,(493) 822-6450,Active
EMP025401,Christopher,Jones,Christopher Jones,34,IT,Lead,Boston,93747.97,12469.54,2023-09-10,6,91.7,christopher.jones@company.com,(918) 987-3436,On Leave
EMP025402,Lisa,Martin,Lisa Martin,30,HR,Lead,Seattle,56281.1,9422.04,2024-07-21,5,77.1,lisa.martin@company.com,(867) 291-9918,Active
EMP025403,Nicole,Johnson,Nicole Johnson,44,HR,Director,Los Angeles,63753.51,8114.47,2024-05-30,21,75.8,nicole.johnson@company.com,(744) 590-2258,Active
EMP025404,Stephanie,Williams,Stephanie Williams,27,Operations,Specialist,Los Angeles,60142.58,2530.08,2021-10-10,5,26.9,stephanie.williams@company.com,(327) 606-5012,Active
EMP025405,Amanda,Williams,Amanda Williams,36,Operations,Associate,Los Angeles,60681.33,4938.63,2024-12-31,7,64.8,amanda.williams@company.com,(650) 295-6903,On Leave
EMP025406,James,Johnson,James Johnson,61,Legal,Lead,Seattle,116625.51,9869.3,2020-06-10,33,74.7,james.johnson@company.com,(200) 735-8510,Active
EMP025407,Sarah,Anderson,Sarah Anderson,33,Sales,Specialist,Austin,75856.97,6245.64,2023-03-20,10,69.5,sarah.anderson@company.com,(692) 828-9655,Active
EMP025408,Amanda,Gonzalez,Amanda Gonzalez,51,Marketing,Manager,Chicago,70734.61,7475.25,2022-11-10,24,87.3,amanda.gonzalez@company.com,(466) 861-4279,Inactive
EMP025409,Stephanie,Wilson,Stephanie Wilson,30,Sales,Lead,Seattle,79787.07,5797.24,2024-04-23,3,93.0,stephanie.wilson@company.com,(592) 409-5901,Active
EMP025410,Daniel,Gonzalez,Daniel Gonzalez,50,IT,Manager,Los Angeles,71919.17,0.0,2024-05-05,24,53.8,daniel.gonzalez@company.com,(717) 582-1554,Active
EMP025411,John,Hernandez,John Hernandez,31,HR,Specialist,New York,44206.69,1836.83,2022-02-21,2,83.1,john.hernandez@company.com,(338) 295-9668,Inactive
EMP025412,David,Lopez,David Lopez,51,IT,Director,Chicago,84292.03,13729.8,2020-04-03,27,100.0,david.lopez@company.com,(791) 857-5921,Active
EMP025413,Matthew,Martinez,Matthew Martinez,36,Operations,Manager,Austin,54166.86,2454.94,2024-06-24,14,57.8,matthew.martinez@company.com,(520) 418-4916,Active
EMP025414,Jane,Garcia,Jane Garcia,42,Operations,Manager,Boston,54381.51,9572.39,2022-01-13,20,53.3,jane.garcia@company.com,(456) 872-1547,On Leave
EMP025415,Nicole,Martinez,Nicole Martinez,36,Finance,Specialist,San Francisco,51138.67,4420.53,2021-12-20,9,95.7,nicole.martinez@company.com,(404) 291-3627,Active
EMP025416,Ashley,Garcia,Ashley Garcia,45,Finance,Manager,Seattle,102471.3,15860.71,2024-05-27,18,84.8,ashley.garcia@company.com,(876) 247-3538,Active
EMP025417,Nicole,Hernandez,Nicole Hernandez,48,Engineering,Lead,Austin,127652.92,6824.97,2021-09-04,22,100.0,nicole.hernandez@company.com,(447) 559-5853,Active
EMP025418,Stephanie,Wilson,Stephanie Wilson,49,Marketing,Senior Developer,Los Angeles,55390.97,5016.92,2020-04-10,24,73.6,stephanie.wilson@company.com,(406) 550-9452,Active
EMP025419,Anthony,Jackson,Anthony Jackson,49,HR,Coordinator,Los Angeles,60416.31,5108.94,2024-03-14,27,84.3,anthony.jackson@company.com,(267) 593-9978,Active
EMP025420,Jane,Martinez,Jane Martinez,31,Finance,Associate,New York,49741.32,2766.0,2020-05-12,2,100.0,jane.martinez@company.com,(903) 636-9990,Active
EMP025421,Christopher,Wilson,Christopher Wilson,54,Finance,Associate,Boston,87183.06,16714.12,2024-02-17,28,65.2,christopher.wilson@company.com,(693) 372-2542,Inactive
EMP025422,Lisa,Rodriguez,Lisa Rodriguez,61,Finance,Associate,New York,81710.7,3574.96,2023-08-04,32,88.4,lisa.rodriguez@company.com,(847) 764-7752,Active
EMP025423,William,Thomas,William Thomas,54,Sales,Manager,New York,92485.8,8911.9,2024-07-25,30,60.9,william.thomas@company.com,(400) 945-2769,Inactive
EMP025424,Michael,Lopez,Michael Lopez,38,IT,Coordinator,Los Angeles,64976.62,2049.5,2023-05-08,15,89.3,michael.lopez@company.com,(804) 747-5431,Active
EMP025425,James,Gonzalez,James Gonzalez,24,Finance,Coordinator,Chicago,48539.16,2775.02,2024-06-04,0,62.2,james.gonzalez@company.com,(409) 874-3525,Active
EMP025426,Matthew,Wilson,Matthew Wilson,30,Sales,Analyst,Chicago,89954.62,16026.88,2024-05-20,8,66.6,matthew.wilson@company.com,(863) 203-6627,Active
EMP025427,Sarah,Brown,Sarah Brown,40,Sales,Director,Austin,78173.13,1711.94,2024-02-15,11,71.3,sarah.brown@company.com,(400) 324-8832,Active
EMP025428,John,Williams,John Williams,24,IT,Lead,Chicago,68079.25,7591.68,2022-04-21,0,92.4,john.williams@company.com,(751) 501-6846,Active
EMP025429,Jane,Lopez,Jane Lopez,33,Legal,Analyst,New York,54824.23,3049.28,2024-04-03,11,90.5,jane.lopez@company.com,(371) 543-7440,Active
EMP025430,Daniel,Williams,Daniel Williams,58,IT,Senior Developer,Miami,99667.17,11362.76,2023-01-24,29,73.4,daniel.williams@company.com,(944) 943-6763,Active
EMP025431,Ashley,Brown,Ashley Brown,39,Legal,Senior Developer,Miami,90963.4,4129.65,2021-12-14,15,57.9,ashley.brown@company.com,(877) 240-1685,Active
EMP025432,Lisa,Taylor,Lisa Taylor,57,Sales,Manager,Los Angeles,80416.01,8409.95,2021-04-03,31,76.4,lisa.taylor@company.com,(569) 686-4001,Inactive
EMP025433,Nicole,Hernandez,Nicole Hernandez,30,IT,Specialist,Los Angeles,75274.17,4330.27,2024-05-15,1,73.9,nicole.hernandez@company.com,(643) 951-2067,Active
EMP025434,Stephanie,Jackson,Stephanie Jackson,39,Finance,Analyst,Miami,66504.1,7721.34,2021-11-03,10,91.8,stephanie.jackson@company.com,(204) 229-1728,Inactive
EMP025435,Matthew,Jackson,Matthew Jackson,57,Operations,Specialist,Seattle,80449.61,0.0,2022-02-09,29,62.1,matthew.jackson@company.com,(849) 880-4518,Active
EMP025436,Stephanie,Hernandez,Stephanie Hernandez,61,Sales,Associate,Austin,110524.75,21741.42,2021-11-05,35,78.7,stephanie.hernandez@company.com,(737) 769-8802,Active
EMP025437,William,Gonzalez,William Gonzalez,65,Legal,Specialist,New York,98088.84,8242.99,2024-03-30,43,78.0,william.gonzalez@company.com,(552) 492-9723,Active
EMP025438,William,Johnson,William Johnson,33,Finance,Analyst,Seattle,33000.0,987.19,2020-08-26,9,53.7,william.johnson@company.com,(215) 984-3929,Active
EMP025439,Christopher,Hernandez,Christopher Hernandez,57,Legal,Coordinator,Seattle,118483.05,0.0,2020-05-15,33,100.0,christopher.hernandez@company.com,(892) 650-1436,Active
EMP025440,Matthew,Martinez,Matthew Martinez,55,Finance,Coordinator,Seattle,81379.58,311.69,2021-10-28,31,88.0,matthew.martinez@company.com,(897) 463-3236,Active
EMP025441,Jessica,Williams,Jessica Williams,31,IT,Senior Developer,Chicago,97296.48,0.0,2023-05-23,5,75.6,jessica.williams@company.com,(371) 897-7537,Active
EMP025442,Emily,Miller,Emily Miller,42,HR,Director,Chicago,62705.08,1325.91,2024-12-31,14,100.0,emily.miller@company.com,(564) 405-9835,Active
EMP025443,Sarah,Anderson,Sarah Anderson,51,Engineering,Associate,Miami,136919.27,23836.26,2023-11-02,28,93.8,sarah.anderson@company.com,(529) 533-2566,Active
EMP025444,Lisa,Johnson,Lisa Johnson,25,Engineering,Manager,Seattle,77302.93,9892.75,2022-12-29,0,52.0,lisa.johnson@company.com,(841) 743-1127,On Leave
EMP025445,James,Thomas,James Thomas,49,HR,Senior Developer,Los Angeles,96352.12,6596.23,2024-08-14,23,71.8,james.thomas@company.com,(715) 453-4779,Active
EMP025446,Anthony,Williams,Anthony Williams,65,IT,Lead,Chicago,94725.01,9120.66,2020-12-05,37,91.1,anthony.williams@company.com,(972) 848-7195,Active
EMP025447,Melissa,Davis,Melissa Davis,35,Marketing,Coordinator,Seattle,79292.3,3309.64,2023-04-08,9,88.0,melissa.davis@company.com,(729) 695-5081,Active
EMP025448,Lisa,Brown,Lisa Brown,65,Operations,Specialist,Boston,97651.57,20448.87,2023-05-04,36,87.8,lisa.brown@company.com,(322) 670-9848,Active
EMP025449,Anthony,Smith,Anthony Smith,52,Finance,Analyst,Chicago,67028.25,8572.81,2020-03-16,28,78.5,anthony.smith@company.com,(261) 771-1349,Active
EMP025450,Daniel,Williams,Daniel Williams,38,Finance,Coordinator,Chicago,83101.87,9710.9,2021-07-12,12,37.7,daniel.williams@company.com,(651) 710-9044,Inactive
EMP025451,Jessica,Miller,Jessica Miller,46,Finance,Associate,New York,83150.06,6716.78,2022-05-20,18,75.3,jessica.miller@company.com,(300) 724-8947,Inactive
EMP025452,Emily,Brown,Emily Brown,45,Marketing,Manager,Los Angeles,69730.84,5299.73,2022-11-02,20,57.5,emily.brown@company.com,(209) 270-4126,Active
EMP025453,Melissa,Hernandez,Melissa Hernandez,39,Operations,Lead,Austin,70436.19,8191.53,2020-03-27,10,88.0,melissa.hernandez@company.com,(738) 459-8505,Active
EMP025454,Stephanie,Davis,Stephanie Davis,54,Engineering,Specialist,Miami,65169.09,7286.89,2024-03-01,32,100.0,stephanie.davis@company.com,(465) 901-4632,Active
EMP025455,Robert,Hernandez,Robert Hernandez,51,IT,Specialist,San Francisco,150943.7,16024.18,2021-08-13,28,61.1,robert.hernandez@company.com,(961) 648-8799,Active
EMP025456,Sarah,Thomas,Sarah Thomas,46,Marketing,Analyst,Boston,75189.75,5238.55,2024-08-19,19,62.9,sarah.thomas@company.com,(732) 876-8545,Active
EMP025457,Christopher,Johnson,Christopher Johnson,45,Legal,Analyst,Miami,124814.81,4596.75,2022-05-29,23,61.8,christopher.johnson@company.com,(803) 810-9062,Active
EMP025458,Michael,Rodriguez,Michael Rodriguez,37,HR,Manager,San Francisco,55431.63,5078.74,2020-05-26,9,87.7,michael.rodriguez@company.com,(493) 899-3912,Inactive
EMP025459,John,Martinez,John Martinez,57,Sales,Coordinator,New York,88168.76,17808.62,2022-09-30,31,70.0,john.martinez@company.com,(574) 924-1348,Active
EMP025460,John,Anderson,John Anderson,44,Engineering,Director,Seattle,86685.13,12991.52,2022-04-20,15,85.7,john.anderson@company.com,(952) 895-7269,Active
EMP025461,Jane,Taylor,Jane Taylor,64,IT,Analyst,Austin,109189.71,10102.93,2024-05-05,36,68.3,jane.taylor@company.com,(758) 982-2103,Active
EMP025462,Christopher,Smith,Christopher Smith,61,Marketing,Specialist,Miami,102491.58,10335.77,2022-08-24,39,85.8,christopher.smith@company.com,(381) 244-7303,Inactive
EMP025463,John,Davis,John Davis,47,HR,Associate,San Francisco,83732.9,5127.75,2023-12-01,23,85.3,john.davis@company.com,(884) 824-4611,Active
EMP025464,Amanda,Jackson,Amanda Jackson,37,Marketing,Director,New York,97561.75,5508.07,2021-05-01,14,82.6,amanda.jackson@company.com,(243) 730-3363,Active
EMP025465,William,Wilson,William Wilson,24,Finance,Specialist,Chicago,53333.53,6435.94,2020-02-19,0,72.5,william.wilson@company.com,(780) 565-1196,Active
EMP025466,Amanda,Davis,Amanda Davis,56,Engineering,Specialist,San Francisco,103043.68,3035.23,2022-11-13,31,78.4,amanda.davis@company.com,(545) 706-1545,Active
EMP025467,David,Anderson,David Anderson,52,Engineering,Coordinator,New York,86774.59,9144.01,2024-05-04,30,61.4,david.anderson@company.com,(775) 797-2403,Active
EMP025468,Melissa,Johnson,Melissa Johnson,39,HR,Director,Chicago,63672.57,8025.85,2024-10-14,16,76.2,melissa.johnson@company.com,(704) 880-2253,Active
EMP025469,Christopher,Martin,Christopher Martin,58,Sales,Director,Boston,101851.24,10185.02,2022-02-28,34,52.8,christopher.martin@company.com,(297) 784-8660,Active
EMP025470,Matthew,Jackson,Matthew Jackson,34,Finance,Manager,Chicago,82308.87,15844.4,2023-04-03,5,90.6,matthew.jackson@company.com,(615) 539-8990,Active
EMP025471,Sarah,Moore,Sarah Moore,64,Operations,Associate,Chicago,73710.69,12305.24,2022-05-21,40,88.0,sarah.moore@company.com,(218) 609-7725,Active
EMP025472,Michael,Hernandez,Michael Hernandez,33,HR,Associate,Miami,68645.67,7529.31,2020-02-02,10,82.3,michael.hernandez@company.com,(877) 214-2794,Active
EMP025473,William,Garcia,William Garcia,54,Legal,Associate,Boston,109964.54,9095.4,2024-02-06,30,95.6,william.garcia@company.com,(447) 663-2503,Active
EMP025474,Amanda,Lopez,Amanda Lopez,37,Sales,Specialist,Seattle,46639.44,6109.44,2024-12-03,12,74.8,amanda.lopez@company.com,(833) 947-6968,Active
EMP025475,Nicole,Williams,Nicole Williams,52,Engineering,Specialist,San Francisco,131581.16,14251.37,2020-01-11,25,51.2,nicole.williams@company.com,(247) 484-5254,Active
EMP025476,Sarah,Davis,Sarah Davis,42,Legal,Lead,Los Angeles,114724.12,11979.71,2024-05-03,14,74.0,sarah.davis@company.com,(874) 477-4024,Active
EMP025477,Matthew,Smith,Matthew Smith,58,Finance,Senior Developer,New York,77708.09,5644.85,2022-04-26,34,87.5,matthew.smith@company.com,(593) 833-7987,Inactive
EMP025478,Emily,Thomas,Emily Thomas,38,IT,Specialist,Chicago,75680.78,2113.49,2021-11-02,12,67.2,emily.thomas@company.com,(237) 267-2618,Active
EMP025479,Nicole,Williams,Nicole Williams,58,Sales,Lead,Boston,105278.62,16310.08,2023-12-23,35,91.2,nicole.williams@company.com,(396) 963-1817,Inactive
EMP025480,Robert,Gonzalez,Robert Gonzalez,36,Operations,Senior Developer,New York,66865.67,7282.31,2023-03-17,11,65.0,robert.gonzalez@company.com,(588) 274-9704,Active
EMP025481,John,Brown,John Brown,38,Marketing,Associate,Chicago,57650.28,5019.78,2020-02-16,11,76.1,john.brown@company.com,(669) 498-6883,Active
EMP025482,Matthew,Moore,Matthew Moore,41,IT,Analyst,Miami,52590.51,9107.04,2020-04-05,13,90.7,matthew.moore@company.com,(582) 616-5813,Active
EMP025483,David,Johnson,David Johnson,27,Operations,Analyst,San Francisco,63848.07,11189.11,2023-07-24,4,67.9,david.johnson@company.com,(477) 237-5377,Active
EMP025484,Lisa,Miller,Lisa Miller,60,Engineering,Manager,New York,135056.46,19277.86,2023-02-21,35,65.6,lisa.miller@company.com,(941) 358-1016,Active
EMP025485,Daniel,Davis,Daniel Davis,26,Sales,Specialist,San Francisco,65257.8,4530.33,2020-07-23,4,86.0,daniel.davis@company.com,(701) 638-6819,Active
EMP025486,Stephanie,Martin,Stephanie Martin,41,HR,Director,Chicago,50318.65,6400.59,2023-05-08,15,78.0,stephanie.martin@company.com,(459) 505-7948,Active
EMP025487,Lisa,Hernandez,Lisa Hernandez,47,Marketing,Coordinator,Miami,90569.85,7302.45,2022-01-15,21,89.6,lisa.hernandez@company.com,(549) 451-6414,Active
EMP025488,Christopher,Anderson,Christopher Anderson,33,Sales,Analyst,San Francisco,48178.87,5799.68,2020-10-07,11,46.0,christopher.anderson@company.com,(691) 733-3482,Inactive
EMP025489,Amanda,Moore,Amanda Moore,57,Engineering,Director,San Francisco,105238.06,0.0,2023-09-01,28,92.2,amanda.moore@company.com,(511) 483-4590,Active
EMP025490,John,Martin,John Martin,45,Operations,Senior Developer,Boston,60805.97,1656.37,2021-05-27,19,100.0,john.martin@company.com,(282) 288-3106,Active
EMP025491,Nicole,Lopez,Nicole Lopez,52,Operations,Coordinator,Los Angeles,76122.5,8555.3,2023-12-13,24,66.0,nicole.lopez@company.com,(337) 840-3582,Active
EMP025492,David,Thomas,David Thomas,52,Engineering,Director,New York,72263.28,6320.22,2020-02-24,28,59.2,david.thomas@company.com,(222) 722-3028,Active
EMP025493,Daniel,Wilson,Daniel Wilson,46,Sales,Senior Developer,San Francisco,60918.11,6996.83,2024-08-15,20,73.9,daniel.wilson@company.com,(927) 810-4715,Active
EMP025494,Stephanie,Williams,Stephanie Williams,38,Engineering,Senior Developer,Boston,105619.93,10597.51,2024-11-08,10,90.6,stephanie.williams@company.com,(959) 604-4578,Active
EMP025495,John,Brown,John Brown,46,Finance,Coordinator,Austin,82388.07,7591.91,2021-06-14,19,78.4,john.brown@company.com,(904) 957-4623,Active
EMP025496,Matthew,Lopez,Matthew Lopez,45,Marketing,Coordinator,New York,68636.51,5905.55,2023-02-25,17,57.7,matthew.lopez@company.com,(851) 311-7947,Inactive
EMP025497,Christopher,Johnson,Christopher Johnson,26,Marketing,Specialist,Chicago,38187.01,5876.8,2024-04-22,4,34.1,christopher.johnson@company.com,(597) 267-1732,Active
EMP025498,Amanda,Anderson,Amanda Anderson,56,IT,Lead,Boston,92999.81,1524.24,2024-07-09,29,83.1,amanda.anderson@company.com,(735) 874-4732,Active
EMP025499,William,Smith,William Smith,37,HR,Analyst,San Francisco,96722.65,9334.05,2024-05-28,12,63.2,william.smith@company.com,(618) 296-2570,Active
EMP025500,Michael,Lopez,Michael Lopez,65,Engineering,Senior Developer,New York,139766.98,6482.51,2023-07-01,37,70.7,michael.lopez@company.com,(709) 453-3120,On Leave
EMP025501,James,Martinez,James Martinez,52,Engineering,Lead,Austin,70087.56,9026.52,2021-02-15,27,60.7,james.martinez@company.com,(884) 326-8570,Active
EMP025502,Anthony,Thomas,Anthony Thomas,53,Finance,Coordinator,New York,99411.77,10740.07,2024-01-05,25,94.4,anthony.thomas@company.com,(245) 399-9600,Active
EMP025503,Matthew,Jones,Matthew Jones,47,Engineering,Manager,Seattle,122538.71,14407.29,2024-02-18,23,70.1,matthew.jones@company.com,(369) 993-6347,Inactive
EMP025504,Melissa,Martin,Melissa Martin,47,Operations,Analyst,New York,44710.19,5815.74,2023-05-24,23,61.8,melissa.martin@company.com,(799) 733-7993,Inactive
EMP025505,Melissa,Garcia,Melissa Garcia,61,Engineering,Analyst,Miami,114969.67,7088.52,2024-07-15,32,95.1,melissa.garcia@company.com,(966) 535-1840,Active
EMP025506,Stephanie,Miller,Stephanie Miller,27,Finance,Lead,Boston,57602.86,4170.48,2020-07-09,0,72.6,stephanie.miller@company.com,(880) 990-2510,Active
EMP025507,Jessica,Miller,Jessica Miller,40,Sales,Coordinator,Seattle,88994.71,8897.84,2023-03-12,12,67.0,jessica.miller@company.com,(311) 766-7274,Active
EMP025508,Anthony,Rodriguez,Anthony Rodriguez,31,Engineering,Associate,Chicago,39000.0,3433.42,2020-04-28,6,52.1,anthony.rodriguez@company.com,(848) 518-3216,Inactive
EMP025509,Robert,Johnson,Robert Johnson,58,Operations,Senior Developer,Los Angeles,82832.29,6622.25,2020-08-23,35,64.6,robert.johnson@company.com,(219) 799-2579,Active
EMP025510,Matthew,Miller,Matthew Miller,52,HR,Director,San Francisco,83493.36,14050.05,2020-02-24,23,56.8,matthew.miller@company.com,(798) 208-3637,Active
EMP025511,William,Wilson,William Wilson,28,Operations,Specialist,San Francisco,56206.99,10560.57,2020-11-21,5,41.3,william.wilson@company.com,(593) 261-4460,Active
EMP025512,David,Gonzalez,David Gonzalez,52,Engineering,Lead,Chicago,132825.88,7803.13,2023-06-21,25,92.1,david.gonzalez@company.com,(752) 578-3521,Active
EMP025513,Christopher,Martin,Christopher Martin,30,Marketing,Director,Seattle,63429.45,6160.03,2020-02-08,3,71.7,christopher.martin@company.com,(734) 728-5706,Inactive
EMP025514,William,Anderson,William Anderson,54,Legal,Analyst,Miami,132382.81,19269.03,2024-11-03,25,67.5,william.anderson@company.com,(287) 351-9507,Active
EMP025515,Ashley,Martin,Ashley Martin,61,Finance,Specialist,Chicago,80673.58,10571.07,2022-06-03,36,51.2,ashley.martin@company.com,(801) 808-8585,Active
EMP025516,Ashley,Williams,Ashley Williams,62,Operations,Senior Developer,Boston,77848.2,7681.69,2022-03-07,36,66.1,ashley.williams@company.com,(443) 665-8972,Active
EMP025517,James,Anderson,James Anderson,26,Legal,Specialist,Chicago,69988.99,6341.69,2020-12-22,1,54.3,james.anderson@company.com,(850) 904-9010,Active
EMP025518,Amanda,Lopez,Amanda Lopez,23,Engineering,Senior Developer,Seattle,95361.59,0.0,2020-05-17,0,96.1,amanda.lopez@company.com,(770) 764-2395,Active
EMP025519,Jane,Gonzalez,Jane Gonzalez,61,Sales,Manager,Austin,78478.26,5229.29,2023-08-05,32,76.2,jane.gonzalez@company.com,(850) 772-1772,Active
EMP025520,Ashley,Brown,Ashley Brown,25,Operations,Specialist,Los Angeles,45081.62,2629.17,2022-05-17,1,71.0,ashley.brown@company.com,(409) 941-4593,Active
EMP025521,Anthony,Martin,Anthony Martin,26,Sales,Associate,Los Angeles,70748.02,5776.74,2021-04-14,3,96.6,anthony.martin@company.com,(278) 937-7984,Inactive
EMP025522,Lisa,Anderson,Lisa Anderson,65,Operations,Manager,Seattle,62659.2,939.05,2021-04-23,41,58.0,lisa.anderson@company.com,(277) 832-9942,Active
EMP025523,Daniel,Wilson,Daniel Wilson,29,IT,Analyst,Seattle,76005.3,5737.2,2023-10-11,7,49.3,daniel.wilson@company.com,(456) 985-2228,Active
EMP025524,Nicole,Lopez,Nicole Lopez,62,Finance,Coordinator,Boston,100398.01,7360.83,2020-03-05,40,91.1,nicole.lopez@company.com,(543) 801-4689,Active
EMP025525,Nicole,Davis,Nicole Davis,36,Marketing,Senior Developer,Austin,61733.96,9154.3,2020-01-26,14,78.0,nicole.davis@company.com,(501) 421-8648,Inactive
EMP025526,Stephanie,Moore,Stephanie Moore,48,Operations,Specialist,San Francisco,67925.48,16435.49,2024-03-04,20,76.4,stephanie.moore@company.com,(765) 605-4193,Active
EMP025527,John,Martin,John Martin,26,Finance,Analyst,Boston,74143.11,12421.29,2021-12-29,4,72.2,john.martin@company.com,(624) 840-3404,On Leave
EMP025528,David,Miller,David Miller,57,Sales,Manager,Austin,94430.57,9363.67,2024-08-05,29,56.6,david.miller@company.com,(718) 237-4984,Active
EMP025529,James,Wilson,James Wilson,37,HR,Director,San Francisco,67965.64,4095.15,2023-05-12,14,70.3,james.wilson@company.com,(948) 650-6730,Active
EMP025530,Melissa,Martin,Melissa Martin,48,Legal,Specialist,Austin,103156.11,7855.87,2023-11-21,25,51.1,melissa.martin@company.com,(488) 846-9649,Inactive
EMP025531,Stephanie,Miller,Stephanie Miller,50,Operations,Specialist,Los Angeles,60831.62,5120.98,2020-05-21,23,73.9,stephanie.miller@company.com,(540) 478-1028,Active
EMP025532,Robert,Brown,Robert Brown,53,Engineering,Coordinator,Chicago,149051.61,25859.87,2020-02-03,29,93.4,robert.brown@company.com,(411) 768-8363,Active
EMP025533,Lisa,Taylor,Lisa Taylor,40,Finance,Lead,Boston,84584.86,2716.84,2022-08-18,15,70.5,lisa.taylor@company.com,(702) 912-6653,Active
EMP025534,David,Johnson,David Johnson,55,Marketing,Director,San Francisco,77068.36,6600.91,2023-06-10,32,68.4,david.johnson@company.com,(667) 534-9407,Active
EMP025535,Jane,Anderson,Jane Anderson,61,Sales,Associate,New York,95365.08,12551.31,2022-03-17,34,78.9,jane.anderson@company.com,(772) 625-1041,Active
EMP025536,Jessica,Thomas,Jessica Thomas,53,IT,Specialist,Miami,88085.62,7620.93,2021-09-08,26,51.2,jessica.thomas@company.com,(637) 980-6033,Active
EMP025537,Amanda,Brown,Amanda Brown,24,IT,Analyst,Chicago,44297.48,570.7,2021-12-26,1,67.0,amanda.brown@company.com,(758) 840-5982,Active
EMP025538,Lisa,Taylor,Lisa Taylor,24,HR,Analyst,Austin,51146.66,5880.86,2022-12-31,0,72.4,lisa.taylor@company.com,(312) 895-2885,Active
EMP025539,John,Rodriguez,John Rodriguez,34,Marketing,Specialist,Boston,37627.11,2948.8,2020-11-05,8,60.9,john.rodriguez@company.com,(576) 209-2618,Active
EMP025540,Jane,Martin,Jane Martin,31,IT,Associate,Seattle,86242.29,988.72,2023-03-25,2,86.4,jane.martin@company.com,(322) 899-9560,Inactive
EMP025541,James,Lopez,James Lopez,61,IT,Associate,Chicago,80092.79,7438.33,2024-03-16,38,73.6,james.lopez@company.com,(830) 630-6816,Inactive
EMP025542,Jane,Garcia,Jane Garcia,41,IT,Senior Developer,Austin,102900.21,0.0,2024-11-26,13,93.1,jane.garcia@company.com,(239) 406-8325,Active
EMP025543,John,Davis,John Davis,50,IT,Coordinator,Los Angeles,70768.87,8459.77,2023-10-19,22,89.4,john.davis@company.com,(386) 221-8357,Active
EMP025544,John,Garcia,John Garcia,47,Sales,Manager,Seattle,79851.86,9261.64,2022-06-09,19,56.5,john.garcia@company.com,(940) 334-8032,Active
EMP025545,Emily,Wilson,Emily Wilson,61,IT,Associate,Miami,111269.52,12041.15,2021-08-28,33,89.4,emily.wilson@company.com,(976) 619-5612,Active
EMP025546,Michael,Hernandez,Michael Hernandez,46,IT,Manager,Los Angeles,111999.99,2322.52,2023-03-04,19,83.6,michael.hernandez@company.com,(732) 881-6366,Active
EMP025547,Nicole,Gonzalez,Nicole Gonzalez,52,Finance,Manager,Los Angeles,83118.55,4708.26,2023-04-07,27,73.6,nicole.gonzalez@company.com,(717) 694-3752,Active
EMP025548,Daniel,Miller,Daniel Miller,44,Operations,Associate,Miami,61998.32,7919.78,2020-11-26,17,88.5,daniel.miller@company.com,(395) 646-1466,Active
EMP025549,Nicole,Anderson,Nicole Anderson,48,Legal,Associate,Austin,79343.69,1145.88,2024-11-06,22,91.8,nicole.anderson@company.com,(776) 617-6789,Active
EMP025550,Sarah,Smith,Sarah Smith,22,Finance,Specialist,San Francisco,63942.87,8176.87,2021-12-19,0,69.2,sarah.smith@company.com,(488) 414-9648,Active
EMP025551,Jane,Martinez,Jane Martinez,54,Sales,Manager,Chicago,116298.31,11803.36,2020-04-21,25,94.1,jane.martinez@company.com,(228) 697-5245,Active
EMP025552,Christopher,Smith,Christopher Smith,22,Finance,Coordinator,Seattle,62888.24,4071.36,2021-12-27,0,95.5,christopher.smith@company.com,(674) 669-1684,Active
EMP025553,Anthony,Williams,Anthony Williams,33,Operations,Coordinator,San Francisco,54326.14,5038.87,2023-06-22,4,100.0,anthony.williams@company.com,(668) 835-9155,Active
EMP025554,Michael,Wilson,Michael Wilson,62,Engineering,Associate,San Francisco,110966.73,13555.7,2024-09-11,36,65.4,michael.wilson@company.com,(407) 471-3211,Active
EMP025555,Emily,Anderson,Emily Anderson,35,Marketing,Coordinator,Chicago,72598.39,6237.78,2020-07-25,10,40.5,emily.anderson@company.com,(857) 890-5507,On Leave
EMP025556,Daniel,Martin,Daniel Martin,39,Sales,Analyst,Chicago,71548.3,2180.44,2023-04-18,13,94.8,daniel.martin@company.com,(579) 243-8524,Active
EMP025557,James,Davis,James Davis,57,Legal,Manager,Miami,85774.15,11141.2,2022-09-05,32,54.2,james.davis@company.com,(297) 423-8794,Active
EMP025558,Stephanie,Lopez,Stephanie Lopez,52,Finance,Senior Developer,San Francisco,110996.35,4673.95,2021-06-22,30,75.5,stephanie.lopez@company.com,(937) 818-5764,Active
EMP025559,Lisa,Taylor,Lisa Taylor,55,Sales,Associate,Los Angeles,105590.37,15235.81,2021-03-19,33,55.3,lisa.taylor@company.com,(853) 646-2798,Active
EMP025560,Emily,Taylor,Emily Taylor,42,Legal,Specialist,New York,87436.04,8790.84,2020-05-09,16,89.4,emily.taylor@company.com,(740) 208-4397,Active
EMP025561,Christopher,Miller,Christopher Miller,31,Operations,Lead,San Francisco,52555.37,4314.14,2022-10-10,5,65.2,christopher.miller@company.com,(241) 678-6615,Active
EMP025562,Ashley,Williams,Ashley Williams,31,Operations,Senior Developer,San Francisco,57372.7,9516.56,2022-01-12,8,71.5,ashley.williams@company.com,(797) 466-2449,Inactive
EMP025563,Melissa,Miller,Melissa Miller,57,Operations,Senior Developer,Chicago,68819.06,8498.38,2023-04-30,29,63.4,melissa.miller@company.com,(209) 659-4141,Active
EMP025564,Nicole,Smith,Nicole Smith,29,IT,Coordinator,New York,86722.74,15321.7,2022-08-31,1,75.5,nicole.smith@company.com,(333) 391-8584,Active
EMP025565,Christopher,Moore,Christopher Moore,24,IT,Lead,Seattle,51562.83,6741.32,2020-05-01,0,82.3,christopher.moore@company.com,(965) 479-9202,Active
EMP025566,Christopher,Johnson,Christopher Johnson,46,Engineering,Specialist,Seattle,87830.79,3485.68,2024-12-16,21,75.1,christopher.johnson@company.com,(918) 202-8268,Active
EMP025567,Michael,Anderson,Michael Anderson,65,Legal,Lead,Los Angeles,133050.13,0.0,2020-04-08,42,81.9,michael.anderson@company.com,(730) 647-2686,Active
EMP025568,Emily,Thomas,Emily Thomas,48,Operations,Director,San Francisco,77693.97,1156.1,2023-05-24,25,48.3,emily.thomas@company.com,(967) 579-1752,Active
EMP025569,Michael,Williams,Michael Williams,28,IT,Specialist,Miami,46514.46,4971.08,2023-12-21,5,90.8,michael.williams@company.com,(997) 345-8898,Active
EMP025570,Ashley,Martinez,Ashley Martinez,36,Sales,Associate,San Francisco,85797.04,14004.17,2024-05-14,13,78.1,ashley.martinez@company.com,(617) 955-6182,Active
EMP025571,Anthony,Miller,Anthony Miller,55,Operations,Coordinator,Chicago,62582.29,2462.18,2023-05-24,27,75.1,anthony.miller@company.com,(372) 999-7669,Active
EMP025572,Emily,Martin,Emily Martin,32,Operations,Senior Developer,Chicago,51805.44,10698.25,2024-11-02,5,81.7,emily.martin@company.com,(923) 627-5238,Active
EMP025573,John,Garcia,John Garcia,22,Finance,Senior Developer,San Francisco,45596.85,2414.52,2024-01-08,0,55.0,john.garcia@company.com,(547) 880-8944,Inactive
EMP025574,Ashley,Jackson,Ashley Jackson,60,Sales,Manager,Seattle,81624.77,8706.11,2022-02-24,34,100.0,ashley.jackson@company.com,(979) 799-4202,Active
EMP025575,Nicole,Martin,Nicole Martin,41,Marketing,Lead,Chicago,48892.05,7349.29,2024-02-03,15,71.1,nicole.martin@company.com,(834) 999-9429,Active
EMP025576,Ashley,Johnson,Ashley Johnson,29,Sales,Associate,Austin,68562.3,3920.26,2023-04-10,0,79.9,ashley.johnson@company.com,(573) 256-5702,Active
EMP025577,Michael,Martin,Michael Martin,33,Engineering,Analyst,Chicago,43468.06,3524.85,2022-04-30,10,83.0,michael.martin@company.com,(864) 268-5437,Active
EMP025578,Melissa,Martin,Melissa Martin,33,Sales,Lead,Seattle,68582.83,3660.51,2022-01-19,4,100.0,melissa.martin@company.com,(666) 581-1481,Active
EMP025579,Stephanie,Smith,Stephanie Smith,65,Legal,Analyst,Austin,128115.0,8363.58,2022-08-25,38,90.2,stephanie.smith@company.com,(265) 726-7500,Inactive
EMP025580,William,Hernandez,William Hernandez,63,Finance,Director,San Francisco,109854.58,10199.06,2020-01-08,41,82.3,william.hernandez@company.com,(702) 428-6757,Inactive
EMP025581,Amanda,Rodriguez,Amanda Rodriguez,36,IT,Director,New York,98606.44,12764.1,2022-10-02,12,63.1,amanda.rodriguez@company.com,(225) 259-6273,Active
EMP025582,Christopher,Jackson,Christopher Jackson,24,IT,Lead,Seattle,79215.67,7484.86,2021-03-12,0,78.9,christopher.jackson@company.com,(354) 893-7502,Active
EMP025583,Jessica,Davis,Jessica Davis,64,Legal,Lead,New York,131951.72,19892.37,2024-06-28,35,57.9,jessica.davis@company.com,(415) 736-9668,Active
EMP025584,Jane,Jones,Jane Jones,55,IT,Lead,Chicago,99112.59,2827.87,2023-07-31,31,81.0,jane.jones@company.com,(302) 718-2039,On Leave
EMP025585,Daniel,Martin,Daniel Martin,46,HR,Specialist,Boston,81976.79,3550.37,2022-12-23,22,83.9,daniel.martin@company.com,(718) 616-9776,Active
EMP025586,Matthew,Johnson,Matthew Johnson,59,IT,Coordinator,San Francisco,116192.38,8729.37,2023-12-28,36,47.0,matthew.johnson@company.com,(529) 388-5076,Active
EMP025587,John,Davis,John Davis,27,Operations,Analyst,Chicago,58274.19,6574.61,2024-07-11,0,72.3,john.davis@company.com,(658) 423-4414,Active
EMP025588,Daniel,Lopez,Daniel Lopez,37,Finance,Coordinator,Chicago,70677.45,7893.88,2020-09-25,8,82.4,daniel.lopez@company.com,(546) 444-2406,Active
EMP025589,Sarah,Brown,Sarah Brown,56,IT,Lead,Los Angeles,94382.83,9201.24,2022-09-21,28,75.2,sarah.brown@company.com,(719) 392-3350,Active
EMP025590,Amanda,Jackson,Amanda Jackson,22,Legal,Analyst,Los Angeles,58073.44,5754.1,2023-11-02,0,72.5,amanda.jackson@company.com,(817) 956-6961,Active
EMP025591,Nicole,Martin,Nicole Martin,39,HR,Coordinator,Boston,64690.73,7821.79,2020-05-15,14,59.3,nicole.martin@company.com,(260) 279-8191,Inactive
EMP025592,Lisa,Davis,Lisa Davis,65,Operations,Lead,Austin,85440.98,9285.24,2023-08-22,41,67.4,lisa.davis@company.com,(842) 465-6094,Active
EMP025593,Matthew,Thomas,Matthew Thomas,51,IT,Coordinator,Miami,89837.59,10652.64,2022-10-04,22,84.7,matthew.thomas@company.com,(672) 619-4400,Active
EMP025594,Sarah,Anderson,Sarah Anderson,63,Finance,Associate,Miami,119113.11,10640.48,2024-03-19,34,76.1,sarah.anderson@company.com,(974) 587-2237,Active
EMP025595,James,Brown,James Brown,34,Legal,Lead,Miami,73030.27,12642.9,2024-10-18,6,94.2,james.brown@company.com,(761) 454-8174,Active
EMP025596,Robert,Wilson,Robert Wilson,26,Sales,Associate,Los Angeles,55428.36,4888.82,2022-11-13,2,82.2,robert.wilson@company.com,(760) 743-4086,On Leave
EMP025597,Robert,Thomas,Robert Thomas,22,Finance,Director,New York,52849.19,7470.21,2021-01-30,0,79.8,robert.thomas@company.com,(742) 326-2875,Inactive
EMP025598,Christopher,Moore,Christopher Moore,22,HR,Manager,Chicago,73607.4,12110.33,2023-01-10,0,51.4,christopher.moore@company.com,(575) 421-5668,Active
EMP025599,James,Moore,James Moore,24,IT,Analyst,New York,81822.81,13778.8,2023-05-01,0,54.5,james.moore@company.com,(536) 342-4670,Active
EMP025600,Jessica,Garcia,Jessica Garcia,50,Finance,Manager,Miami,88901.57,4768.75,2022-01-12,28,85.7,jessica.garcia@company.com,(248) 869-8207,Active
EMP025601,Ashley,Taylor,Ashley Taylor,25,Operations,Analyst,Chicago,41571.57,1162.48,2022-10-18,3,53.9,ashley.taylor@company.com,(796) 382-1563,Active
EMP025602,James,Hernandez,James Hernandez,62,Finance,Specialist,Chicago,89853.8,2478.68,2020-01-04,38,60.7,james.hernandez@company.com,(315) 938-5453,Active
EMP025603,David,Anderson,David Anderson,28,HR,Manager,Chicago,42596.17,5590.2,2024-04-19,6,69.8,david.anderson@company.com,(306) 768-7461,Active
EMP025604,Jane,Gonzalez,Jane Gonzalez,34,Operations,Specialist,Boston,54205.03,3755.98,2021-06-28,10,96.1,jane.gonzalez@company.com,(428) 264-7791,Active
EMP025605,Ashley,Thomas,Ashley Thomas,64,Operations,Manager,Austin,58557.92,4198.83,2021-10-08,36,43.1,ashley.thomas@company.com,(226) 378-8452,Active
EMP025606,Robert,Miller,Robert Miller,63,IT,Specialist,Los Angeles,79428.81,7305.04,2023-04-27,34,69.5,robert.miller@company.com,(674) 797-8315,Active
EMP025607,Christopher,Anderson,Christopher Anderson,50,Sales,Senior Developer,Los Angeles,76100.34,2008.13,2023-01-17,22,89.4,christopher.anderson@company.com,(224) 506-1003,Active
EMP025608,James,Johnson,James Johnson,59,Sales,Coordinator,New York,100991.55,16573.03,2020-04-13,33,59.9,james.johnson@company.com,(297) 484-6078,Active
EMP025609,Robert,Brown,Robert Brown,57,Engineering,Coordinator,Boston,144001.28,12117.94,2020-02-01,32,81.0,robert.brown@company.com,(385) 481-5765,On Leave
EMP025610,John,Thomas,John Thomas,40,Finance,Senior Developer,Boston,86736.5,7922.72,2021-04-01,14,59.9,john.thomas@company.com,(210) 733-4953,Active
EMP025611,Matthew,Wilson,Matthew Wilson,26,Legal,Analyst,Los Angeles,59367.62,5896.09,2020-06-21,2,58.9,matthew.wilson@company.com,(844) 817-6470,Active
EMP025612,Jessica,Hernandez,Jessica Hernandez,30,HR,Analyst,Chicago,41457.37,2167.0,2020-11-16,1,63.8,jessica.hernandez@company.com,(405) 253-9020,Active
EMP025613,Melissa,Brown,Melissa Brown,27,Operations,Lead,Chicago,35571.35,7074.86,2020-11-25,0,83.0,melissa.brown@company.com,(728) 887-4588,Active
EMP025614,Emily,Davis,Emily Davis,34,Operations,Coordinator,Los Angeles,67207.21,9051.14,2023-04-03,11,68.0,emily.davis@company.com,(272) 891-7780,Active
EMP025615,Michael,Moore,Michael Moore,62,Sales,Analyst,Boston,106000.62,12361.72,2024-03-09,34,69.2,michael.moore@company.com,(242) 941-7144,Active
EMP025616,Stephanie,Garcia,Stephanie Garcia,23,Operations,Senior Developer,San Francisco,39982.66,2403.26,2021-12-30,0,96.7,stephanie.garcia@company.com,(472) 606-9921,Active
EMP025617,Jessica,Gonzalez,Jessica Gonzalez,53,Legal,Director,San Francisco,104348.4,7342.62,2024-08-05,25,94.7,jessica.gonzalez@company.com,(528) 585-2179,On Leave
EMP025618,Anthony,Garcia,Anthony Garcia,48,Finance,Director,Miami,80327.75,6361.62,2023-06-12,26,74.2,anthony.garcia@company.com,(313) 979-6164,Active
EMP025619,Jane,Davis,Jane Davis,25,Finance,Director,Austin,62833.29,8630.42,2023-02-10,0,95.0,jane.davis@company.com,(779) 658-4819,Inactive
EMP025620,Nicole,Johnson,Nicole Johnson,51,Sales,Lead,Chicago,104874.04,12726.41,2020-05-20,23,68.0,nicole.johnson@company.com,(817) 256-9636,Active
EMP025621,David,Garcia,David Garcia,57,Marketing,Senior Developer,Los Angeles,71536.44,4165.33,2022-10-06,30,76.2,david.garcia@company.com,(768) 480-2714,Active
EMP025622,Jane,Johnson,Jane Johnson,26,Operations,Analyst,Los Angeles,55616.46,6558.35,2024-09-14,1,78.8,jane.johnson@company.com,(458) 391-9686,On Leave
EMP025623,William,Moore,William Moore,48,HR,Senior Developer,Miami,64137.33,7316.57,2022-09-11,19,78.3,william.moore@company.com,(899) 571-6691,Inactive
EMP025624,Christopher,Martinez,Christopher Martinez,39,HR,Associate,Seattle,98453.01,6187.36,2023-04-14,12,59.8,christopher.martinez@company.com,(492) 696-6185,Active
EMP025625,James,Gonzalez,James Gonzalez,23,IT,Specialist,Austin,62518.57,0.0,2023-12-11,0,86.3,james.gonzalez@company.com,(592) 276-5157,Active
EMP025626,Daniel,Gonzalez,Daniel Gonzalez,45,Marketing,Lead,Miami,82381.88,5178.1,2021-04-02,22,61.1,daniel.gonzalez@company.com,(377) 501-5862,Active
EMP025627,Amanda,Smith,Amanda Smith,39,Sales,Senior Developer,San Francisco,76534.38,11009.33,2023-05-11,10,38.0,amanda.smith@company.com,(323) 858-3177,Active
EMP025628,Anthony,Johnson,Anthony Johnson,49,HR,Director,Austin,104984.09,8446.64,2023-07-25,26,92.8,anthony.johnson@company.com,(289) 567-2627,Active
EMP025629,Emily,Davis,Emily Davis,33,Sales,Lead,Austin,68706.75,3287.27,2021-07-31,4,74.4,emily.davis@company.com,(605) 976-2877,Active
EMP025630,Michael,Taylor,Michael Taylor,22,Marketing,Senior Developer,Los Angeles,36409.54,5885.46,2020-10-02,0,100.0,michael.taylor@company.com,(660) 500-8462,Active
EMP025631,Michael,Gonzalez,Michael Gonzalez,37,HR,Manager,Miami,65326.71,8632.42,2020-10-30,10,71.1,michael.gonzalez@company.com,(708) 914-5438,Active
EMP025632,Ashley,Davis,Ashley Davis,39,Operations,Manager,Los Angeles,40013.87,107.27,2023-05-09,10,59.7,ashley.davis@company.com,(797) 540-6837,Active
EMP025633,Emily,Martin,Emily Martin,36,Marketing,Analyst,San Francisco,65323.75,4443.45,2020-04-02,14,35.8,emily.martin@company.com,(313) 386-9669,Active
EMP025634,Daniel,Martinez,Daniel Martinez,29,Finance,Specialist,Austin,81598.45,14312.18,2020-06-01,2,100.0,daniel.martinez@company.com,(875) 662-8213,Active
EMP025635,David,Hernandez,David Hernandez,35,Marketing,Manager,San Francisco,65181.26,8217.51,2022-11-15,8,86.0,david.hernandez@company.com,(770) 372-5570,Active
EMP025636,Nicole,Brown,Nicole Brown,26,Marketing,Analyst,Austin,62424.17,6722.21,2021-11-11,3,67.9,nicole.brown@company.com,(652) 935-5614,Active
EMP025637,Stephanie,Johnson,Stephanie Johnson,61,Finance,Analyst,Seattle,81324.13,8309.41,2023-09-16,39,85.7,stephanie.johnson@company.com,(825) 806-6946,Active
EMP025638,David,Hernandez,David Hernandez,27,Operations,Manager,New York,50109.68,2909.67,2021-03-13,1,63.5,david.hernandez@company.com,(774) 482-6053,Active
EMP025639,Ashley,Jackson,Ashley Jackson,42,Engineering,Manager,Miami,101751.66,7685.47,2020-01-10,16,51.0,ashley.jackson@company.com,(229) 464-2673,Active
EMP025640,Michael,Rodriguez,Michael Rodriguez,46,Operations,Coordinator,Los Angeles,63075.23,0.0,2021-02-01,23,77.9,michael.rodriguez@company.com,(855) 374-5149,Active
EMP025641,David,Moore,David Moore,22,IT,Senior Developer,Austin,107987.67,11417.15,2021-05-05,0,70.7,david.moore@company.com,(540) 991-9387,Active
EMP025642,William,Miller,William Miller,42,Engineering,Manager,San Francisco,120336.23,18401.53,2022-09-06,14,81.5,william.miller@company.com,(315) 239-9070,Active
EMP025643,Michael,Davis,Michael Davis,51,IT,Senior Developer,Seattle,94827.26,17297.35,2021-12-29,24,69.4,michael.davis@company.com,(644) 540-1349,Active
EMP025644,Stephanie,Rodriguez,Stephanie Rodriguez,25,Legal,Coordinator,Los Angeles,70746.83,8283.27,2022-10-16,3,69.2,stephanie.rodriguez@company.com,(301) 652-3945,Active
EMP025645,Robert,Moore,Robert Moore,29,Legal,Senior Developer,Miami,53440.18,4152.92,2024-06-19,7,89.2,robert.moore@company.com,(556) 344-2702,Active
EMP025646,Jessica,Jones,Jessica Jones,27,Legal,Analyst,San Francisco,37500.0,4137.33,2024-12-24,2,86.9,jessica.jones@company.com,(617) 486-7219,Active
EMP025647,John,Brown,John Brown,50,Marketing,Associate,Los Angeles,95332.07,15039.73,2023-08-07,27,94.1,john.brown@company.com,(931) 595-1332,Active
EMP025648,Ashley,Garcia,Ashley Garcia,59,Legal,Lead,Austin,107656.74,3796.81,2020-07-12,30,73.5,ashley.garcia@company.com,(767) 334-7108,Active
EMP025649,Melissa,Jackson,Melissa Jackson,25,HR,Analyst,San Francisco,64860.58,9658.67,2021-01-29,3,78.1,melissa.jackson@company.com,(708) 494-5438,Active
EMP025650,James,Jones,James Jones,61,Sales,Associate,Boston,78278.88,2277.99,2024-09-26,38,47.6,james.jones@company.com,(853) 939-3063,Inactive
EMP025651,David,Thomas,David Thomas,59,Sales,Analyst,Boston,75618.51,2137.12,2022-10-09,33,89.5,david.thomas@company.com,(322) 972-6725,Inactive
EMP025652,Matthew,Johnson,Matthew Johnson,49,Sales,Manager,Miami,89787.71,12922.72,2022-11-16,25,72.4,matthew.johnson@company.com,(590) 866-9759,Active
EMP025653,Robert,Johnson,Robert Johnson,52,Operations,Lead,Austin,90961.09,3501.0,2020-02-28,23,88.7,robert.johnson@company.com,(248) 804-3917,Active
EMP025654,James,Anderson,James Anderson,49,Sales,Specialist,Miami,97913.43,13944.33,2021-03-22,22,53.7,james.anderson@company.com,(504) 519-4949,Active
EMP025655,William,Johnson,William Johnson,61,Engineering,Specialist,Austin,112220.69,2516.98,2022-05-12,35,66.0,william.johnson@company.com,(390) 219-8684,Inactive
EMP025656,Daniel,Martinez,Daniel Martinez,59,Legal,Director,Miami,144122.12,20286.75,2020-03-26,30,56.4,daniel.martinez@company.com,(207) 610-9874,Active
EMP025657,James,Rodriguez,James Rodriguez,35,Engineering,Lead,Seattle,77064.25,8675.71,2020-01-03,8,61.4,james.rodriguez@company.com,(833) 222-6891,Active
EMP025658,Jessica,Anderson,Jessica Anderson,64,Engineering,Lead,New York,145100.48,6850.43,2023-10-01,42,93.9,jessica.anderson@company.com,(912) 676-7741,Active
EMP025659,Amanda,Jones,Amanda Jones,22,Engineering,Manager,Seattle,59590.66,3949.24,2020-02-29,0,100.0,amanda.jones@company.com,(580) 702-4200,Active
EMP025660,Melissa,Wilson,Melissa Wilson,55,Finance,Associate,Seattle,61167.22,4446.49,2022-10-07,30,82.9,melissa.wilson@company.com,(887) 747-3313,Active
EMP025661,Robert,Johnson,Robert Johnson,43,Legal,Specialist,Miami,83013.71,8719.19,2023-02-13,17,67.4,robert.johnson@company.com,(909) 866-9953,Active
EMP025662,Lisa,Garcia,Lisa Garcia,41,Finance,Associate,Miami,77003.1,9200.93,2022-07-31,19,50.7,lisa.garcia@company.com,(321) 335-3621,Active
EMP025663,Daniel,Garcia,Daniel Garcia,49,Sales,Lead,Miami,93830.76,6126.13,2022-04-26,23,84.1,daniel.garcia@company.com,(223) 721-5754,Active
EMP025664,Robert,Brown,Robert Brown,25,Engineering,Senior Developer,Seattle,70311.37,12881.74,2021-08-18,0,56.2,robert.brown@company.com,(330) 364-8640,Active
EMP025665,Melissa,Gonzalez,Melissa Gonzalez,42,Sales,Coordinator,Austin,70281.59,12809.71,2023-05-14,18,83.4,melissa.gonzalez@company.com,(513) 241-9324,Active
EMP025666,Daniel,Jones,Daniel Jones,50,Operations,Director,Chicago,72023.06,8581.86,2021-11-06,21,55.0,daniel.jones@company.com,(404) 697-1056,Active
EMP025667,Anthony,Martinez,Anthony Martinez,34,Operations,Coordinator,Austin,31435.01,5239.37,2020-08-21,10,51.1,anthony.martinez@company.com,(254) 846-8650,Active
EMP025668,Sarah,Garcia,Sarah Garcia,56,Operations,Director,San Francisco,65758.76,7262.54,2024-03-24,29,100.0,sarah.garcia@company.com,(352) 226-8813,Active
EMP025669,John,Jones,John Jones,59,Sales,Associate,New York,75573.62,7913.99,2020-12-11,32,72.6,john.jones@company.com,(963) 569-5150,Active
EMP025670,Melissa,Miller,Melissa Miller,35,IT,Associate,Chicago,81764.86,4950.81,2020-12-14,11,92.3,melissa.miller@company.com,(724) 690-8635,Active
EMP025671,David,Anderson,David Anderson,51,Operations,Lead,Austin,51435.68,6470.73,2020-01-19,25,92.1,david.anderson@company.com,(511) 383-2017,Active
EMP025672,Daniel,Miller,Daniel Miller,38,IT,Specialist,San Francisco,84908.32,3971.4,2022-12-08,9,74.9,daniel.miller@company.com,(273) 781-1628,Active
EMP025673,Jessica,Garcia,Jessica Garcia,63,Sales,Lead,Miami,85494.21,5561.2,2023-01-03,41,71.1,jessica.garcia@company.com,(368) 852-7920,Active
EMP025674,Amanda,Williams,Amanda Williams,34,HR,Associate,Boston,62484.5,3275.56,2024-10-08,8,52.7,amanda.williams@company.com,(654) 991-8870,Inactive
EMP025675,Amanda,Jones,Amanda Jones,51,Legal,Analyst,Seattle,97708.66,5385.44,2024-04-20,25,63.3,amanda.jones@company.com,(217) 626-9465,Active
EMP025676,Michael,Garcia,Michael Garcia,38,Operations,Manager,Los Angeles,62339.95,7214.59,2024-03-20,14,81.7,michael.garcia@company.com,(241) 912-2149,Active
EMP025677,Emily,Jackson,Emily Jackson,52,Operations,Director,Chicago,85549.78,3387.75,2021-12-12,27,91.3,emily.jackson@company.com,(521) 535-8376,Active
EMP025678,Christopher,Johnson,Christopher Johnson,22,Legal,Associate,Los Angeles,117919.37,9152.34,2022-08-04,0,76.1,christopher.johnson@company.com,(739) 579-1342,Active
EMP025679,Anthony,Miller,Anthony Miller,58,Operations,Senior Developer,Miami,81049.26,16074.37,2022-08-07,35,71.5,anthony.miller@company.com,(247) 249-1977,Active
EMP025680,Matthew,Jones,Matthew Jones,44,Finance,Director,Seattle,70455.11,7535.58,2023-01-24,19,85.6,matthew.jones@company.com,(749) 803-9290,Inactive
EMP025681,Daniel,Anderson,Daniel Anderson,51,Sales,Manager,Seattle,59131.71,7831.6,2020-01-10,26,85.4,daniel.anderson@company.com,(939) 564-1151,Active
EMP025682,Matthew,Smith,Matthew Smith,54,Finance,Analyst,Los Angeles,89220.67,5288.13,2023-03-23,30,99.0,matthew.smith@company.com,(441) 905-7357,Active
EMP025683,David,Rodriguez,David Rodriguez,37,Finance,Senior Developer,Chicago,69532.74,6883.29,2023-05-24,13,83.8,david.rodriguez@company.com,(604) 306-8337,Active
EMP025684,Nicole,Martin,Nicole Martin,60,Marketing,Director,Seattle,77096.87,9788.33,2022-03-10,31,79.1,nicole.martin@company.com,(442) 653-6478,Active
EMP025685,Ashley,Williams,Ashley Williams,59,Finance,Associate,San Francisco,81355.65,9841.2,2023-12-08,33,65.1,ashley.williams@company.com,(561) 796-8617,On Leave
EMP025686,John,Williams,John Williams,49,Operations,Analyst,New York,73961.55,5666.67,2020-05-30,24,69.3,john.williams@company.com,(437) 511-2987,Active
EMP025687,David,Lopez,David Lopez,25,Marketing,Specialist,Chicago,65849.1,2741.28,2020-12-27,2,60.0,david.lopez@company.com,(520) 572-9183,Active
EMP025688,Robert,Martin,Robert Martin,34,Marketing,Analyst,San Francisco,39840.29,3295.47,2021-05-07,9,67.0,robert.martin@company.com,(430) 246-3082,Active
EMP025689,Anthony,Johnson,Anthony Johnson,44,IT,Senior Developer,Seattle,84358.76,6638.04,2021-09-07,19,83.5,anthony.johnson@company.com,(639) 529-5272,Active
EMP025690,Daniel,Garcia,Daniel Garcia,61,Finance,Manager,Miami,88601.55,10244.6,2021-01-09,35,78.2,daniel.garcia@company.com,(949) 432-1006,Active
EMP025691,John,Garcia,John Garcia,55,Legal,Analyst,New York,68256.39,1021.01,2022-08-03,30,100.0,john.garcia@company.com,(294) 664-8038,Active
EMP025692,John,Anderson,John Anderson,49,Sales,Coordinator,Chicago,80341.14,2880.6,2024-08-01,23,85.5,john.anderson@company.com,(272) 829-9166,Active
EMP025693,David,Lopez,David Lopez,61,Marketing,Analyst,New York,89621.46,6715.33,2020-07-11,32,46.8,david.lopez@company.com,(961) 423-4959,Active
EMP025694,Jane,Jackson,Jane Jackson,28,Marketing,Specialist,New York,85052.64,8589.45,2023-07-19,1,67.6,jane.jackson@company.com,(355) 328-9180,Active
EMP025695,David,Johnson,David Johnson,34,Marketing,Associate,San Francisco,58462.58,4447.69,2022-10-14,6,69.6,david.johnson@company.com,(599) 388-2568,Active
EMP025696,Robert,Jones,Robert Jones,24,Operations,Manager,New York,47842.78,1985.2,2022-06-19,0,82.5,robert.jones@company.com,(590) 741-3323,Active
EMP025697,William,Smith,William Smith,52,Engineering,Coordinator,Miami,106248.04,2149.49,2022-08-28,30,66.4,william.smith@company.com,(886) 812-6507,Active
EMP025698,Matthew,Rodriguez,Matthew Rodriguez,56,IT,Manager,Chicago,125834.74,23528.85,2021-01-27,28,30.0,matthew.rodriguez@company.com,(905) 396-7162,Active
EMP025699,Michael,Lopez,Michael Lopez,41,HR,Coordinator,Boston,66668.73,6987.26,2022-03-13,16,84.1,michael.lopez@company.com,(305) 348-3227,Active
EMP025700,William,Martinez,William Martinez,24,Sales,Analyst,Chicago,62922.07,7747.13,2020-11-22,1,95.6,william.martinez@company.com,(818) 308-1101,Active
EMP025701,John,Jackson,John Jackson,38,Marketing,Analyst,Austin,46163.56,2450.28,2020-09-14,10,45.1,john.jackson@company.com,(837) 338-6106,Active
EMP025702,John,Anderson,John Anderson,59,IT,Specialist,New York,118827.54,4280.55,2021-12-22,36,68.5,john.anderson@company.com,(527) 860-1773,Active
EMP025703,Jessica,Thomas,Jessica Thomas,27,Finance,Associate,San Francisco,41842.49,4142.53,2022-10-24,0,81.6,jessica.thomas@company.com,(496) 740-5941,Active
EMP025704,Anthony,Garcia,Anthony Garcia,59,HR,Director,Seattle,55172.36,7652.45,2020-08-26,31,72.2,anthony.garcia@company.com,(429) 549-3877,Inactive
EMP025705,Jane,Jackson,Jane Jackson,56,IT,Associate,Chicago,125644.72,14086.39,2021-11-21,30,87.7,jane.jackson@company.com,(291) 974-2316,Active
EMP025706,Sarah,Martinez,Sarah Martinez,26,Marketing,Manager,Chicago,53849.56,9473.54,2024-03-30,3,55.3,sarah.martinez@company.com,(304) 661-9507,Inactive
EMP025707,Jessica,Williams,Jessica Williams,22,IT,Manager,Austin,66626.56,5173.3,2023-01-04,0,63.4,jessica.williams@company.com,(323) 886-4747,Inactive
EMP025708,Christopher,Martinez,Christopher Martinez,23,HR,Senior Developer,Boston,54407.23,5595.0,2024-09-21,0,90.5,christopher.martinez@company.com,(227) 363-9386,Active
EMP025709,Michael,Gonzalez,Michael Gonzalez,36,Finance,Senior Developer,Austin,53349.71,4244.2,2023-02-13,12,81.5,michael.gonzalez@company.com,(869) 550-3294,Active
EMP025710,Jane,Moore,Jane Moore,64,Sales,Associate,Los Angeles,87328.56,14719.11,2022-08-16,39,82.8,jane.moore@company.com,(689) 604-1159,Active
EMP025711,Sarah,Gonzalez,Sarah Gonzalez,42,Marketing,Manager,San Francisco,54283.54,5517.15,2024-12-10,19,99.8,sarah.gonzalez@company.com,(902) 828-8008,Active
EMP025712,Robert,Jackson,Robert Jackson,36,HR,Associate,Los Angeles,63393.13,9233.12,2024-10-27,14,100.0,robert.jackson@company.com,(405) 860-6595,Inactive
EMP025713,Michael,Jones,Michael Jones,61,Engineering,Senior Developer,Miami,132901.96,19922.77,2022-04-19,39,61.5,michael.jones@company.com,(945) 320-9528,Inactive
EMP025714,Jessica,Moore,Jessica Moore,47,Finance,Analyst,Seattle,69245.93,9106.29,2024-04-20,23,88.0,jessica.moore@company.com,(855) 567-5141,Active
EMP025715,Stephanie,Brown,Stephanie Brown,33,IT,Manager,San Francisco,90886.48,1563.85,2021-02-03,7,76.6,stephanie.brown@company.com,(901) 981-3424,Active
EMP025716,Melissa,Miller,Melissa Miller,29,Engineering,Analyst,Seattle,64803.74,4757.33,2023-04-11,5,72.5,melissa.miller@company.com,(628) 490-5008,Active
EMP025717,Ashley,Brown,Ashley Brown,36,Sales,Analyst,Austin,50295.98,6506.76,2021-12-07,9,81.4,ashley.brown@company.com,(925) 598-4965,Active
EMP025718,Sarah,Jones,Sarah Jones,54,HR,Lead,Seattle,68897.52,8522.71,2024-10-18,30,70.3,sarah.jones@company.com,(950) 348-8143,Active
EMP025719,John,Moore,John Moore,63,Operations,Associate,Los Angeles,88977.0,14085.93,2022-05-25,37,88.4,john.moore@company.com,(508) 389-9498,Active
EMP025720,Amanda,Jones,Amanda Jones,23,Sales,Lead,Los Angeles,63757.36,9354.4,2021-12-22,0,62.5,amanda.jones@company.com,(389) 409-9957,Active
EMP025721,Matthew,Johnson,Matthew Johnson,62,HR,Analyst,San Francisco,74101.45,14911.39,2020-06-04,35,78.9,matthew.johnson@company.com,(597) 868-7963,Active
EMP025722,James,Hernandez,James Hernandez,41,Engineering,Associate,San Francisco,125386.44,7595.67,2020-07-16,14,68.7,james.hernandez@company.com,(845) 612-9225,Active
EMP025723,William,Martin,William Martin,62,HR,Director,Boston,96542.62,5088.37,2023-08-24,33,62.9,william.martin@company.com,(259) 389-4921,Active
EMP025724,Daniel,Rodriguez,Daniel Rodriguez,37,IT,Senior Developer,New York,57993.75,7077.57,2024-03-12,11,93.8,daniel.rodriguez@company.com,(391) 818-8260,Active
EMP025725,Jessica,Martinez,Jessica Martinez,41,Operations,Manager,Los Angeles,59803.2,5927.29,2024-07-03,15,58.8,jessica.martinez@company.com,(208) 642-9378,Active
EMP025726,Anthony,Gonzalez,Anthony Gonzalez,47,HR,Lead,Chicago,83833.59,13887.98,2021-05-15,22,60.3,anthony.gonzalez@company.com,(585) 476-4509,Active
EMP025727,Lisa,Jackson,Lisa Jackson,25,Sales,Lead,Seattle,56188.17,4836.96,2020-01-06,2,83.7,lisa.jackson@company.com,(907) 636-9904,Active
EMP025728,Matthew,Gonzalez,Matthew Gonzalez,37,Finance,Lead,Austin,64659.95,0.0,2024-03-25,12,88.3,matthew.gonzalez@company.com,(552) 987-8091,Active
EMP025729,Robert,Wilson,Robert Wilson,60,Operations,Director,San Francisco,85177.53,6059.01,2024-07-14,32,90.6,robert.wilson@company.com,(318) 906-8861,Inactive
EMP025730,Lisa,Williams,Lisa Williams,62,Finance,Coordinator,Chicago,80473.4,10410.44,2022-06-17,35,76.9,lisa.williams@company.com,(315) 861-5309,Active
EMP025731,John,Rodriguez,John Rodriguez,48,Finance,Analyst,New York,56704.21,4325.3,2020-02-14,23,79.9,john.rodriguez@company.com,(371) 992-2262,Active
EMP025732,Melissa,Gonzalez,Melissa Gonzalez,63,Finance,Coordinator,New York,118625.36,18044.39,2021-07-05,41,58.2,melissa.gonzalez@company.com,(295) 929-8501,Active
EMP025733,Melissa,Williams,Melissa Williams,57,Operations,Manager,New York,80517.0,9163.42,2022-12-16,34,84.1,melissa.williams@company.com,(410) 596-5601,Active
EMP025734,Amanda,Brown,Amanda Brown,26,HR,Director,Chicago,70099.28,8752.8,2022-04-30,0,79.4,amanda.brown@company.com,(524) 338-3189,Active
EMP025735,Lisa,Taylor,Lisa Taylor,41,Marketing,Associate,Seattle,85230.25,9620.58,2023-03-07,16,86.3,lisa.taylor@company.com,(503) 218-5166,Active
EMP025736,Matthew,Miller,Matthew Miller,56,Finance,Lead,Los Angeles,103923.91,13655.07,2021-11-03,34,71.7,matthew.miller@company.com,(912) 981-7306,Inactive
EMP025737,Nicole,Davis,Nicole Davis,59,Finance,Director,San Francisco,125439.09,6166.04,2020-10-19,35,49.4,nicole.davis@company.com,(629) 876-2933,Active
EMP025738,Jane,Miller,Jane Miller,60,Operations,Specialist,New York,70106.65,5143.12,2020-05-30,38,68.6,jane.miller@company.com,(826) 554-6015,Active
EMP025739,John,Garcia,John Garcia,24,Sales,Coordinator,Chicago,41976.28,2941.29,2023-09-03,0,69.3,john.garcia@company.com,(383) 472-8128,Active
EMP025740,Daniel,Miller,Daniel Miller,36,HR,Specialist,Seattle,68016.26,6483.41,2021-08-17,8,93.7,daniel.miller@company.com,(223) 612-5663,Active
EMP025741,Daniel,Taylor,Daniel Taylor,34,Engineering,Analyst,Austin,93497.82,9130.3,2021-10-14,11,73.2,daniel.taylor@company.com,(348) 303-3799,Active
EMP025742,Stephanie,Rodriguez,Stephanie Rodriguez,64,IT,Manager,Miami,123561.75,14199.66,2020-11-14,35,64.2,stephanie.rodriguez@company.com,(363) 809-4022,Active
EMP025743,Robert,Garcia,Robert Garcia,58,Engineering,Associate,New York,134250.6,20311.2,2023-08-08,36,59.9,robert.garcia@company.com,(476) 942-5654,Active
EMP025744,Daniel,Martinez,Daniel Martinez,32,HR,Senior Developer,Seattle,57249.44,2700.28,2023-07-11,9,69.5,daniel.martinez@company.com,(256) 255-1230,Active
EMP025745,Nicole,Williams,Nicole Williams,55,Finance,Specialist,Seattle,120116.19,16568.58,2021-06-30,31,48.5,nicole.williams@company.com,(959) 260-7914,Active
EMP025746,Amanda,Williams,Amanda Williams,44,Finance,Director,Los Angeles,33000.0,3574.03,2024-02-27,21,66.7,amanda.williams@company.com,(317) 507-2205,Active
EMP025747,William,Gonzalez,William Gonzalez,28,Finance,Coordinator,Chicago,77373.84,9765.84,2020-05-07,0,70.3,william.gonzalez@company.com,(385) 316-3983,Inactive
EMP025748,Melissa,Lopez,Melissa Lopez,24,Marketing,Associate,Boston,67368.88,5244.14,2021-04-28,0,49.4,melissa.lopez@company.com,(864) 622-8985,Active
EMP025749,Ashley,Smith,Ashley Smith,25,Marketing,Lead,Miami,55151.0,6215.05,2020-01-03,0,69.4,ashley.smith@company.com,(301) 450-5677,Active
EMP025750,Michael,Moore,Michael Moore,46,Sales,Analyst,Austin,76973.45,8427.07,2023-04-02,18,59.1,michael.moore@company.com,(580) 427-1059,Active
EMP025751,Amanda,Garcia,Amanda Garcia,50,Operations,Manager,Boston,53777.52,6060.58,2021-07-26,22,48.3,amanda.garcia@company.com,(569) 706-1386,Active
EMP025752,Jane,Williams,Jane Williams,37,Operations,Analyst,Austin,65668.09,9443.71,2024-01-27,10,97.2,jane.williams@company.com,(294) 231-6471,On Leave
EMP025753,Daniel,Martinez,Daniel Martinez,27,Marketing,Associate,Los Angeles,69215.84,4121.0,2024-11-07,0,75.3,daniel.martinez@company.com,(438) 519-8997,Active
EMP025754,Jane,Williams,Jane Williams,30,Marketing,Lead,New York,66898.89,8611.06,2021-05-09,6,61.2,jane.williams@company.com,(860) 580-9471,Active
EMP025755,Nicole,Smith,Nicole Smith,38,Engineering,Associate,Los Angeles,115338.28,18350.94,2023-06-14,12,100.0,nicole.smith@company.com,(453) 564-5341,Active
EMP025756,Emily,Wilson,Emily Wilson,50,IT,Analyst,Boston,102495.39,13352.37,2020-08-12,28,80.8,emily.wilson@company.com,(864) 457-6948,Active
EMP025757,David,Smith,David Smith,58,Operations,Coordinator,Los Angeles,111231.02,9573.24,2021-04-17,30,89.9,david.smith@company.com,(373) 816-1474,Active
EMP025758,Sarah,Lopez,Sarah Lopez,43,Engineering,Lead,Seattle,76638.06,9755.01,2023-06-16,17,100.0,sarah.lopez@company.com,(366) 238-2672,Active
EMP025759,Anthony,Davis,Anthony Davis,31,IT,Analyst,New York,65376.87,7848.26,2021-11-20,7,48.8,anthony.davis@company.com,(792) 771-4869,Active
EMP025760,Matthew,Martinez,Matthew Martinez,60,IT,Coordinator,New York,95763.12,13250.33,2020-09-13,37,55.3,matthew.martinez@company.com,(381) 989-4630,Inactive
EMP025761,Jane,Brown,Jane Brown,58,IT,Lead,San Francisco,82744.23,6134.66,2020-12-13,34,77.2,jane.brown@company.com,(874) 599-9611,Active
EMP025762,Jessica,Lopez,Jessica Lopez,31,Legal,Manager,Chicago,91670.68,14823.02,2023-10-22,5,79.2,jessica.lopez@company.com,(286) 503-2893,Active
EMP025763,David,Miller,David Miller,26,HR,Manager,Los Angeles,57207.67,4393.39,2023-04-03,0,72.1,david.miller@company.com,(812) 818-4227,Active
EMP025764,James,Miller,James Miller,33,Operations,Analyst,Seattle,52076.94,5835.48,2021-10-13,10,81.9,james.miller@company.com,(383) 745-4511,Active
EMP025765,Anthony,Hernandez,Anthony Hernandez,50,Finance,Associate,Seattle,73041.09,7757.43,2021-05-11,26,80.9,anthony.hernandez@company.com,(851) 330-6984,Active
EMP025766,Lisa,Davis,Lisa Davis,49,IT,Coordinator,Seattle,74309.61,3913.27,2023-10-12,27,66.9,lisa.davis@company.com,(554) 313-7514,Active
EMP025767,Lisa,Gonzalez,Lisa Gonzalez,39,Marketing,Analyst,Chicago,64188.01,0.0,2020-04-11,13,80.8,lisa.gonzalez@company.com,(825) 438-3952,Active
EMP025768,Emily,Gonzalez,Emily Gonzalez,52,Legal,Manager,Miami,91324.85,334.88,2020-08-09,27,71.8,emily.gonzalez@company.com,(251) 566-4888,Inactive
EMP025769,Nicole,Johnson,Nicole Johnson,27,Marketing,Lead,San Francisco,53370.31,6886.73,2020-06-01,0,100.0,nicole.johnson@company.com,(994) 736-5809,Active
EMP025770,James,Moore,James Moore,58,Sales,Director,Boston,97645.77,2990.48,2023-11-30,30,94.5,james.moore@company.com,(823) 881-6678,Active
EMP025771,Jane,Williams,Jane Williams,26,Sales,Lead,Chicago,53342.01,6129.58,2022-05-28,1,79.7,jane.williams@company.com,(382) 617-5591,Active
EMP025772,Sarah,Johnson,Sarah Johnson,46,Legal,Manager,Boston,45245.7,6605.14,2020-07-31,21,70.6,sarah.johnson@company.com,(332) 614-7626,On Leave
EMP025773,Lisa,Lopez,Lisa Lopez,61,Marketing,Analyst,Chicago,97055.86,8823.04,2024-01-21,36,81.9,lisa.lopez@company.com,(412) 528-2740,Active
EMP025774,Nicole,Miller,Nicole Miller,33,Marketing,Director,Boston,44031.27,4038.22,2022-12-24,10,65.2,nicole.miller@company.com,(525) 582-5944,Active
EMP025775,Matthew,Smith,Matthew Smith,65,Engineering,Manager,Chicago,150109.24,3206.06,2021-08-25,36,83.9,matthew.smith@company.com,(699) 298-6912,Active
EMP025776,Robert,Wilson,Robert Wilson,29,Marketing,Lead,Miami,40509.07,1161.03,2021-12-31,5,57.6,robert.wilson@company.com,(250) 230-9893,Active
EMP025777,Robert,Moore,Robert Moore,43,Operations,Lead,Chicago,26390.02,3952.83,2024-05-23,14,61.4,robert.moore@company.com,(318) 508-7731,Active
EMP025778,Melissa,Martin,Melissa Martin,35,Operations,Manager,Boston,51853.62,9744.34,2020-10-28,8,76.2,melissa.martin@company.com,(433) 636-1729,Active
EMP025779,Jessica,Hernandez,Jessica Hernandez,36,Operations,Analyst,New York,56725.43,5336.71,2023-10-28,13,67.3,jessica.hernandez@company.com,(809) 534-6230,Active
EMP025780,Robert,Jackson,Robert Jackson,55,Marketing,Senior Developer,Miami,77297.45,0.0,2023-12-08,29,84.7,robert.jackson@company.com,(206) 688-7017,Active
EMP025781,Stephanie,Smith,Stephanie Smith,48,Finance,Analyst,Los Angeles,77287.25,7280.67,2023-01-12,20,58.0,stephanie.smith@company.com,(485) 550-9881,Active
EMP025782,Robert,Rodriguez,Robert Rodriguez,61,Finance,Lead,Austin,103218.34,12664.06,2022-12-17,37,74.7,robert.rodriguez@company.com,(965) 725-7152,Active
EMP025783,Robert,Davis,Robert Davis,23,HR,Manager,Austin,75570.79,15616.89,2023-05-22,0,80.1,robert.davis@company.com,(923) 384-5435,Active
EMP025784,Christopher,Taylor,Christopher Taylor,31,Marketing,Specialist,New York,49524.84,0.0,2022-02-28,5,78.8,christopher.taylor@company.com,(902) 858-4702,Active
EMP025785,John,Hernandez,John Hernandez,29,Sales,Analyst,Chicago,39364.19,2817.36,2020-09-15,0,80.2,john.hernandez@company.com,(363) 471-3304,Active
EMP025786,Sarah,Lopez,Sarah Lopez,40,Sales,Manager,Miami,70691.48,6987.41,2021-04-13,14,64.0,sarah.lopez@company.com,(584) 295-1279,Active
EMP025787,Christopher,Garcia,Christopher Garcia,23,Finance,Manager,Chicago,33000.0,2369.45,2024-07-07,0,69.8,christopher.garcia@company.com,(465) 562-4665,Active
EMP025788,John,Martin,John Martin,31,IT,Analyst,Miami,91237.55,6743.54,2022-04-09,5,66.1,john.martin@company.com,(366) 595-7528,Active
EMP025789,Anthony,Thomas,Anthony Thomas,65,Engineering,Specialist,Miami,127224.71,11241.91,2024-03-22,41,67.3,anthony.thomas@company.com,(318) 931-7212,Active
EMP025790,Emily,Martinez,Emily Martinez,37,Finance,Senior Developer,San Francisco,63466.47,4088.03,2023-12-29,11,92.1,emily.martinez@company.com,(247) 539-4794,Active
EMP025791,Christopher,Taylor,Christopher Taylor,28,Operations,Specialist,New York,53507.99,5480.31,2020-03-25,0,59.6,christopher.taylor@company.com,(965) 496-7481,Active
EMP025792,James,Wilson,James Wilson,63,Finance,Senior Developer,Miami,107961.8,1106.2,2021-10-31,34,58.7,james.wilson@company.com,(543) 262-9933,Active
EMP025793,Christopher,Martinez,Christopher Martinez,57,HR,Senior Developer,San Francisco,60391.23,7376.26,2020-01-05,35,83.3,christopher.martinez@company.com,(203) 640-8893,Active
EMP025794,David,Moore,David Moore,33,Legal,Lead,Los Angeles,80798.64,9057.56,2024-10-19,9,54.3,david.moore@company.com,(676) 809-2215,Active
EMP025795,Matthew,Lopez,Matthew Lopez,40,Marketing,Senior Developer,Seattle,79436.8,3664.58,2021-12-02,14,74.3,matthew.lopez@company.com,(454) 647-2515,Active
EMP025796,Christopher,Taylor,Christopher Taylor,22,HR,Associate,Chicago,42515.5,3957.06,2024-01-05,0,100.0,christopher.taylor@company.com,(221) 303-8336,Inactive
EMP025797,Melissa,Gonzalez,Melissa Gonzalez,36,Engineering,Coordinator,New York,102953.67,12977.09,2022-02-07,12,76.8,melissa.gonzalez@company.com,(945) 222-1219,Active
EMP025798,Michael,Martin,Michael Martin,42,Marketing,Lead,Austin,73855.85,6272.16,2021-01-04,15,54.0,michael.martin@company.com,(629) 860-9824,On Leave
EMP025799,Sarah,Johnson,Sarah Johnson,24,Marketing,Coordinator,Boston,66918.54,4683.02,2021-07-14,2,63.3,sarah.johnson@company.com,(572) 730-7916,Active
EMP025800,Amanda,Jackson,Amanda Jackson,34,Marketing,Analyst,Los Angeles,62717.39,8880.42,2024-10-29,7,84.2,amanda.jackson@company.com,(747) 642-9282,Active
EMP025801,Daniel,Davis,Daniel Davis,38,Legal,Lead,San Francisco,74489.3,10712.06,2023-03-03,14,63.5,daniel.davis@company.com,(421) 285-2873,Active
EMP025802,Amanda,Lopez,Amanda Lopez,31,Marketing,Lead,Boston,35318.2,4148.19,2020-06-25,3,82.0,amanda.lopez@company.com,(497) 631-7071,Active
EMP025803,Jane,Moore,Jane Moore,31,HR,Associate,Los Angeles,46504.34,4937.98,2021-04-11,9,48.9,jane.moore@company.com,(609) 983-7974,Active
EMP025804,David,Jones,David Jones,44,IT,Manager,Seattle,97622.56,5514.47,2023-11-29,22,60.0,david.jones@company.com,(363) 678-6443,Active
EMP025805,Christopher,Davis,Christopher Davis,25,Legal,Director,Seattle,37500.0,3345.51,2021-07-22,2,92.6,christopher.davis@company.com,(231) 592-6189,Active
EMP025806,William,Jackson,William Jackson,35,Operations,Lead,Miami,55950.74,4437.16,2020-08-01,12,55.4,william.jackson@company.com,(344) 323-2661,Active
EMP025807,Christopher,Smith,Christopher Smith,31,Finance,Coordinator,Boston,99143.48,5232.48,2020-10-05,2,90.5,christopher.smith@company.com,(574) 594-5049,Active
EMP025808,Michael,Davis,Michael Davis,31,Legal,Senior Developer,Austin,84039.92,9367.86,2022-09-03,6,100.0,michael.davis@company.com,(376) 519-2558,Active
EMP025809,Stephanie,Miller,Stephanie Miller,57,IT,Specialist,Austin,121843.82,4827.58,2021-01-19,29,81.9,stephanie.miller@company.com,(272) 430-7790,Active
EMP025810,David,Martin,David Martin,30,Finance,Director,Boston,52102.2,5154.29,2023-10-06,8,83.8,david.martin@company.com,(981) 230-3386,Active
EMP025811,William,Garcia,William Garcia,56,Operations,Analyst,Los Angeles,82947.5,6572.06,2023-01-09,32,78.3,william.garcia@company.com,(416) 783-5116,Active
EMP025812,Amanda,Martin,Amanda Martin,31,Sales,Lead,Austin,66431.27,8678.33,2023-07-19,4,52.6,amanda.martin@company.com,(687) 366-8082,Active
EMP025813,Sarah,Davis,Sarah Davis,53,Engineering,Lead,Seattle,133262.1,10987.6,2022-02-03,28,73.6,sarah.davis@company.com,(640) 580-1239,Active
EMP025814,Melissa,Thomas,Melissa Thomas,24,IT,Coordinator,New York,36000.0,2982.84,2022-03-14,0,77.0,melissa.thomas@company.com,(251) 981-7707,Active
EMP025815,Jessica,Taylor,Jessica Taylor,29,Sales,Analyst,Chicago,70238.75,3123.15,2021-11-28,5,71.9,jessica.taylor@company.com,(690) 635-2067,Active
EMP025816,Stephanie,Davis,Stephanie Davis,39,Marketing,Associate,San Francisco,95771.93,2547.27,2021-12-03,11,87.1,stephanie.davis@company.com,(857) 202-7365,Inactive
EMP025817,Sarah,Thomas,Sarah Thomas,62,HR,Specialist,Los Angeles,84783.47,12279.98,2023-05-03,39,64.7,sarah.thomas@company.com,(241) 503-7031,Inactive
EMP025818,Amanda,Johnson,Amanda Johnson,31,Engineering,Director,Chicago,111506.41,9393.84,2022-11-11,4,51.7,amanda.johnson@company.com,(553) 312-3283,Active
EMP025819,Matthew,Garcia,Matthew Garcia,29,Sales,Manager,Austin,71261.7,5372.0,2024-01-11,4,82.1,matthew.garcia@company.com,(376) 573-4355,Active
EMP025820,Michael,Davis,Michael Davis,24,Finance,Specialist,San Francisco,33000.0,3517.16,2023-08-23,0,88.5,michael.davis@company.com,(690) 892-4319,Active
EMP025821,Melissa,Garcia,Melissa Garcia,37,IT,Associate,Chicago,71786.05,2390.07,2024-03-11,8,100.0,melissa.garcia@company.com,(829) 629-8698,Active
EMP025822,William,Jones,William Jones,51,Marketing,Manager,Austin,44946.58,369.18,2022-11-04,27,85.6,william.jones@company.com,(480) 418-3171,Active
EMP025823,Daniel,Anderson,Daniel Anderson,59,Legal,Director,Boston,118815.84,18210.62,2021-02-22,34,81.3,daniel.anderson@company.com,(554) 618-6499,Active
EMP025824,Matthew,Williams,Matthew Williams,33,Sales,Specialist,Los Angeles,54251.6,4254.63,2024-08-16,5,71.3,matthew.williams@company.com,(439) 268-7399,Active
EMP025825,Daniel,Moore,Daniel Moore,46,Engineering,Lead,Chicago,94288.74,10773.79,2024-10-19,20,57.7,daniel.moore@company.com,(370) 738-6338,Active
EMP025826,James,Jones,James Jones,58,Marketing,Analyst,Miami,89756.98,6812.15,2024-03-23,36,84.4,james.jones@company.com,(616) 604-2757,Active
EMP025827,Lisa,Brown,Lisa Brown,26,Operations,Coordinator,New York,67488.16,7106.52,2024-02-01,2,69.5,lisa.brown@company.com,(566) 807-5657,Active
EMP025828,Sarah,Brown,Sarah Brown,55,Finance,Lead,Boston,99741.04,7977.35,2020-06-26,27,72.4,sarah.brown@company.com,(487) 516-3088,Active
EMP025829,Michael,Williams,Michael Williams,37,Marketing,Senior Developer,Boston,50977.45,6608.41,2023-12-10,14,75.2,michael.williams@company.com,(383) 966-6988,Active
EMP025830,Melissa,Garcia,Melissa Garcia,47,HR,Associate,Seattle,71028.79,9747.56,2021-09-02,21,74.7,melissa.garcia@company.com,(498) 466-3759,Active
EMP025831,John,Davis,John Davis,61,Engineering,Director,Miami,106440.7,10279.8,2023-04-24,34,66.2,john.davis@company.com,(926) 982-2865,Active
EMP025832,Melissa,Martinez,Melissa Martinez,61,HR,Director,Los Angeles,72340.8,5648.53,2020-07-10,33,26.4,melissa.martinez@company.com,(209) 334-9360,Active
EMP025833,Jessica,Gonzalez,Jessica Gonzalez,46,Marketing,Director,Austin,62706.86,5439.4,2020-02-26,21,71.9,jessica.gonzalez@company.com,(958) 691-1351,Active
EMP025834,John,Johnson,John Johnson,25,Operations,Specialist,Miami,46932.33,1057.71,2020-08-19,0,62.2,john.johnson@company.com,(309) 429-8803,Active
EMP025835,Daniel,Davis,Daniel Davis,26,Engineering,Lead,New York,81025.4,3279.19,2021-11-24,2,69.4,daniel.davis@company.com,(871) 274-9787,Active
EMP025836,Robert,Jones,Robert Jones,42,Finance,Specialist,Chicago,85153.96,11158.77,2023-04-15,17,74.1,robert.jones@company.com,(957) 634-3455,Active
EMP025837,Jane,Martin,Jane Martin,57,Finance,Specialist,Seattle,109743.2,18130.34,2023-11-20,30,100.0,jane.martin@company.com,(564) 530-3601,Active
EMP025838,Melissa,Wilson,Melissa Wilson,55,Operations,Senior Developer,Los Angeles,65172.3,5934.82,2021-08-22,31,82.6,melissa.wilson@company.com,(599) 608-2025,Active
EMP025839,Stephanie,Gonzalez,Stephanie Gonzalez,62,Engineering,Specialist,Seattle,134396.88,1990.46,2020-05-25,38,74.8,stephanie.gonzalez@company.com,(688) 704-3807,On Leave
EMP025840,Christopher,Thomas,Christopher Thomas,27,Legal,Coordinator,Miami,112678.35,8480.87,2020-02-21,0,75.5,christopher.thomas@company.com,(971) 539-2463,Active
EMP025841,Daniel,Gonzalez,Daniel Gonzalez,60,Marketing,Manager,Seattle,114556.98,7906.99,2023-11-09,34,67.4,daniel.gonzalez@company.com,(825) 629-5436,Inactive
EMP025842,Lisa,Jones,Lisa Jones,51,Marketing,Lead,Austin,77545.35,6603.47,2022-11-16,28,75.7,lisa.jones@company.com,(970) 437-7478,Active
EMP025843,Michael,Hernandez,Michael Hernandez,48,Operations,Specialist,New York,57710.6,4818.68,2020-12-03,24,65.6,michael.hernandez@company.com,(755) 674-2618,Active
EMP025844,Ashley,Taylor,Ashley Taylor,45,Sales,Manager,Chicago,70104.3,4431.7,2024-06-14,22,66.0,ashley.taylor@company.com,(323) 320-5504,Active
EMP025845,Stephanie,Wilson,Stephanie Wilson,46,IT,Senior Developer,San Francisco,82827.95,15318.99,2024-02-25,22,87.5,stephanie.wilson@company.com,(705) 256-5731,Active
EMP025846,Amanda,Williams,Amanda Williams,32,IT,Senior Developer,New York,93736.42,6289.67,2020-03-14,4,46.8,amanda.williams@company.com,(911) 784-9256,Active
EMP025847,Melissa,Gonzalez,Melissa Gonzalez,29,IT,Specialist,San Francisco,58580.06,5868.88,2022-02-25,3,39.5,melissa.gonzalez@company.com,(293) 743-9727,Active
EMP025848,Stephanie,Rodriguez,Stephanie Rodriguez,40,Operations,Specialist,Los Angeles,84449.9,5119.49,2021-01-11,14,75.3,stephanie.rodriguez@company.com,(592) 919-3895,Active
EMP025849,Melissa,Anderson,Melissa Anderson,44,Legal,Senior Developer,Austin,85375.84,2796.01,2020-09-02,15,92.6,melissa.anderson@company.com,(492) 483-5865,Inactive
EMP025850,David,Jones,David Jones,27,Legal,Senior Developer,Los Angeles,101797.62,13859.86,2024-04-02,3,91.9,david.jones@company.com,(229) 748-4669,Active
EMP025851,Amanda,Moore,Amanda Moore,45,Finance,Director,Seattle,86909.6,7505.67,2020-04-01,17,80.7,amanda.moore@company.com,(804) 953-7006,Active
EMP025852,Sarah,Jones,Sarah Jones,24,Sales,Coordinator,Boston,30000.0,2294.32,2022-06-23,0,63.5,sarah.jones@company.com,(356) 775-2758,Active
EMP025853,William,Garcia,William Garcia,30,Sales,Manager,New York,61201.41,5279.02,2022-10-13,2,71.6,william.garcia@company.com,(239) 574-4894,Active
EMP025854,Sarah,Johnson,Sarah Johnson,42,Legal,Manager,Seattle,83820.69,4374.02,2020-07-06,13,83.9,sarah.johnson@company.com,(391) 867-9103,On Leave
EMP025855,Jessica,Davis,Jessica Davis,23,HR,Lead,New York,41542.15,4775.12,2021-01-14,0,80.8,jessica.davis@company.com,(240) 429-6183,Active
EMP025856,Melissa,Hernandez,Melissa Hernandez,34,Operations,Senior Developer,New York,35874.29,2737.69,2024-02-28,8,68.7,melissa.hernandez@company.com,(259) 355-7646,Inactive
EMP025857,Jessica,Miller,Jessica Miller,59,Sales,Analyst,Austin,99428.85,9614.14,2020-04-22,35,41.8,jessica.miller@company.com,(372) 479-5357,Active
EMP025858,Matthew,Gonzalez,Matthew Gonzalez,31,Finance,Associate,San Francisco,128367.51,28133.26,2020-03-11,5,59.6,matthew.gonzalez@company.com,(975) 524-2996,Active
EMP025859,Daniel,Jones,Daniel Jones,52,IT,Specialist,New York,102569.77,7465.0,2021-03-17,26,92.9,daniel.jones@company.com,(724) 625-6689,Active
EMP025860,Stephanie,Smith,Stephanie Smith,33,Engineering,Associate,Boston,42875.48,6397.25,2024-12-10,9,77.7,stephanie.smith@company.com,(305) 744-9837,Active
EMP025861,Ashley,Martin,Ashley Martin,45,Marketing,Director,Seattle,69023.35,3114.31,2021-01-08,23,97.4,ashley.martin@company.com,(999) 344-2474,Active
EMP025862,William,Lopez,William Lopez,55,Sales,Analyst,New York,103350.96,5541.79,2023-12-13,28,75.2,william.lopez@company.com,(356) 616-3213,Active
EMP025863,Melissa,Lopez,Melissa Lopez,34,HR,Analyst,Seattle,52605.14,8647.47,2022-10-25,5,100.0,melissa.lopez@company.com,(265) 676-8609,Inactive
EMP025864,Anthony,Davis,Anthony Davis,57,Operations,Analyst,Austin,80686.93,7403.92,2024-10-12,35,81.9,anthony.davis@company.com,(735) 340-1849,Active
EMP025865,Sarah,Davis,Sarah Davis,47,Marketing,Associate,Chicago,72905.44,13868.78,2023-09-15,21,75.8,sarah.davis@company.com,(677) 664-6311,Active
EMP025866,Jessica,Martinez,Jessica Martinez,27,Sales,Associate,Boston,72595.72,10016.59,2020-11-10,4,78.7,jessica.martinez@company.com,(347) 739-1827,Inactive
EMP025867,Jane,Jackson,Jane Jackson,41,Legal,Lead,San Francisco,113906.77,8512.57,2021-08-03,18,60.1,jane.jackson@company.com,(624) 673-7662,Active
EMP025868,Michael,Anderson,Michael Anderson,43,Finance,Lead,New York,87961.88,2045.98,2024-09-25,18,92.3,michael.anderson@company.com,(706) 912-6644,Active
EMP025869,Anthony,Johnson,Anthony Johnson,45,Sales,Lead,Boston,45355.83,3843.28,2021-02-18,16,46.7,anthony.johnson@company.com,(523) 432-5851,On Leave
EMP025870,Matthew,Anderson,Matthew Anderson,60,Marketing,Manager,New York,82178.56,12198.85,2022-05-02,38,90.3,matthew.anderson@company.com,(294) 786-5754,Inactive
EMP025871,James,Wilson,James Wilson,24,Operations,Coordinator,New York,44486.03,1413.07,2022-10-25,2,64.0,james.wilson@company.com,(383) 282-5920,Active
EMP025872,James,Smith,James Smith,55,Operations,Manager,Miami,100495.63,12193.84,2024-07-18,31,67.0,james.smith@company.com,(550) 810-4005,Inactive
EMP025873,Emily,Lopez,Emily Lopez,36,Legal,Analyst,Seattle,73992.93,8544.38,2020-08-02,13,77.5,emily.lopez@company.com,(328) 744-5692,Active
EMP025874,Daniel,Garcia,Daniel Garcia,37,Sales,Senior Developer,Chicago,73386.39,7315.31,2021-09-26,13,77.6,daniel.garcia@company.com,(430) 219-6190,Active
EMP025875,David,Jackson,David Jackson,46,Sales,Manager,San Francisco,75368.56,9732.17,2023-05-03,21,60.6,david.jackson@company.com,(651) 584-3150,Active
EMP025876,Daniel,Williams,Daniel Williams,58,Legal,Senior Developer,San Francisco,132398.77,2711.98,2020-12-22,34,80.8,daniel.williams@company.com,(902) 784-9687,Active
EMP025877,Sarah,Davis,Sarah Davis,29,Engineering,Analyst,Austin,104490.14,10054.65,2022-05-06,7,69.2,sarah.davis@company.com,(456) 952-7921,Active
EMP025878,Ashley,Miller,Ashley Miller,45,Finance,Specialist,Boston,110902.41,4438.34,2021-06-05,19,47.0,ashley.miller@company.com,(443) 457-6984,Active
EMP025879,Ashley,Lopez,Ashley Lopez,23,HR,Director,Chicago,39588.34,9026.99,2021-04-27,0,69.4,ashley.lopez@company.com,(431) 544-8301,Inactive
EMP025880,Lisa,Thomas,Lisa Thomas,39,Marketing,Manager,Austin,75895.61,4007.93,2022-04-24,12,61.2,lisa.thomas@company.com,(329) 410-3953,Active
EMP025881,Nicole,Brown,Nicole Brown,54,Legal,Associate,Boston,106057.27,14363.44,2024-08-31,25,75.8,nicole.brown@company.com,(865) 442-4322,Active
EMP025882,Anthony,Martinez,Anthony Martinez,64,IT,Manager,Chicago,100216.03,11245.91,2020-10-24,38,82.9,anthony.martinez@company.com,(975) 212-7599,Active
EMP025883,Christopher,Johnson,Christopher Johnson,65,Operations,Specialist,Los Angeles,87207.07,6846.94,2020-05-27,37,74.3,christopher.johnson@company.com,(745) 581-3977,Active
EMP025884,Christopher,Brown,Christopher Brown,61,HR,Director,Seattle,62381.45,9334.32,2023-10-12,37,72.5,christopher.brown@company.com,(973) 778-6673,Active
EMP025885,Nicole,Smith,Nicole Smith,29,IT,Senior Developer,San Francisco,103946.02,10159.39,2020-02-28,6,78.1,nicole.smith@company.com,(293) 791-8276,Active
EMP025886,Amanda,Jones,Amanda Jones,52,IT,Associate,Boston,139607.59,22118.23,2024-12-30,30,70.7,amanda.jones@company.com,(964) 416-5048,Active
EMP025887,Emily,Davis,Emily Davis,39,Legal,Manager,San Francisco,129212.36,13259.29,2024-01-16,11,92.3,emily.davis@company.com,(792) 331-5697,Active
EMP025888,Jane,Martinez,Jane Martinez,50,Marketing,Analyst,Chicago,55576.84,8907.02,2023-07-19,27,79.0,jane.martinez@company.com,(643) 554-9655,Active
EMP025889,Christopher,Gonzalez,Christopher Gonzalez,49,Engineering,Analyst,Los Angeles,70477.5,15129.59,2023-10-01,25,57.4,christopher.gonzalez@company.com,(210) 813-3175,Active
EMP025890,Nicole,Gonzalez,Nicole Gonzalez,58,Legal,Director,San Francisco,122364.62,17509.44,2023-03-29,35,71.9,nicole.gonzalez@company.com,(438) 355-5887,Active
EMP025891,William,Wilson,William Wilson,50,HR,Manager,Austin,60095.57,6946.94,2020-10-27,23,51.1,william.wilson@company.com,(541) 480-8653,Active
EMP025892,Stephanie,Martinez,Stephanie Martinez,26,Finance,Lead,Seattle,88039.92,10077.86,2023-03-10,4,70.4,stephanie.martinez@company.com,(393) 460-7723,Active
EMP025893,Emily,Smith,Emily Smith,27,HR,Coordinator,Los Angeles,45360.19,3482.21,2020-01-28,0,85.1,emily.smith@company.com,(700) 445-6704,Active
EMP025894,Ashley,Rodriguez,Ashley Rodriguez,44,Marketing,Specialist,Chicago,70228.61,9422.48,2020-03-09,20,69.1,ashley.rodriguez@company.com,(926) 399-8625,Active
EMP025895,Nicole,Miller,Nicole Miller,51,Legal,Senior Developer,Austin,98712.56,1242.46,2020-11-19,25,61.1,nicole.miller@company.com,(879) 878-2331,Active
EMP025896,Jessica,Gonzalez,Jessica Gonzalez,23,Operations,Director,Seattle,76936.75,7752.01,2024-08-11,0,62.2,jessica.gonzalez@company.com,(340) 845-2634,Active
EMP025897,David,Anderson,David Anderson,62,Operations,Analyst,Boston,85492.23,13166.39,2021-06-04,39,77.0,david.anderson@company.com,(374) 593-6701,Active
EMP025898,Lisa,Garcia,Lisa Garcia,46,IT,Manager,Boston,117907.06,1282.58,2022-03-13,18,50.6,lisa.garcia@company.com,(362) 353-3907,Active
EMP025899,Amanda,Williams,Amanda Williams,33,Engineering,Director,Boston,76387.31,0.0,2021-09-07,10,52.7,amanda.williams@company.com,(323) 973-7496,Active
EMP025900,Daniel,Anderson,Daniel Anderson,22,HR,Coordinator,Miami,57961.25,5624.02,2022-07-08,0,100.0,daniel.anderson@company.com,(636) 222-2481,Active
EMP025901,Stephanie,Anderson,Stephanie Anderson,59,Operations,Specialist,Boston,92615.61,19494.37,2023-09-25,35,73.2,stephanie.anderson@company.com,(211) 647-5617,Inactive
EMP025902,Matthew,Williams,Matthew Williams,41,Engineering,Director,San Francisco,124890.68,7419.88,2024-06-14,16,91.7,matthew.williams@company.com,(236) 402-6426,Inactive
EMP025903,Daniel,Hernandez,Daniel Hernandez,35,Marketing,Director,Chicago,45159.64,2142.89,2023-09-08,11,76.4,daniel.hernandez@company.com,(927) 369-7725,Active
EMP025904,Amanda,Garcia,Amanda Garcia,35,Engineering,Specialist,Seattle,95397.77,9192.84,2022-10-24,13,88.9,amanda.garcia@company.com,(318) 749-9115,Active
EMP025905,Anthony,Miller,Anthony Miller,37,Marketing,Lead,Los Angeles,75639.68,4669.57,2024-12-09,10,44.6,anthony.miller@company.com,(746) 471-9552,Active
EMP025906,Melissa,Anderson,Melissa Anderson,60,Sales,Coordinator,Boston,94123.46,9644.17,2021-11-14,37,83.8,melissa.anderson@company.com,(356) 864-9306,Active
EMP025907,Daniel,Brown,Daniel Brown,59,Sales,Director,Austin,85347.97,11533.46,2021-08-21,30,81.0,daniel.brown@company.com,(759) 202-7304,On Leave
EMP025908,Christopher,Lopez,Christopher Lopez,42,Marketing,Coordinator,New York,67764.79,7626.43,2021-05-01,19,85.9,christopher.lopez@company.com,(489) 452-3560,Active
EMP025909,John,Johnson,John Johnson,33,Engineering,Manager,Austin,57516.04,7635.29,2020-12-21,11,89.9,john.johnson@company.com,(944) 768-9061,Active
EMP025910,Stephanie,Miller,Stephanie Miller,59,Operations,Specialist,San Francisco,63387.09,4529.26,2023-09-30,35,80.7,stephanie.miller@company.com,(526) 869-9315,Active
EMP025911,Sarah,Anderson,Sarah Anderson,41,Marketing,Director,San Francisco,59704.19,2099.66,2022-10-10,18,96.7,sarah.anderson@company.com,(944) 906-4570,Active
EMP025912,Anthony,Martin,Anthony Martin,23,Legal,Coordinator,New York,82106.0,12324.04,2024-06-13,0,85.8,anthony.martin@company.com,(935) 912-6502,On Leave
EMP025913,John,Brown,John Brown,56,Legal,Manager,Miami,153734.98,9483.89,2020-03-28,31,79.2,john.brown@company.com,(285) 540-2341,Active
EMP025914,Melissa,Rodriguez,Melissa Rodriguez,53,Operations,Senior Developer,Seattle,54845.09,10168.58,2023-03-07,30,35.2,melissa.rodriguez@company.com,(756) 794-2108,Active
EMP025915,Daniel,Hernandez,Daniel Hernandez,29,HR,Analyst,Boston,73286.29,2863.92,2022-12-07,5,87.0,daniel.hernandez@company.com,(441) 749-1025,Active
EMP025916,William,Brown,William Brown,33,Marketing,Senior Developer,Seattle,62315.65,5673.34,2022-09-26,7,78.0,william.brown@company.com,(934) 209-3142,Active
EMP025917,Melissa,Miller,Melissa Miller,53,Finance,Senior Developer,Boston,98962.47,21183.45,2024-09-29,29,66.8,melissa.miller@company.com,(814) 377-9300,Active
EMP025918,Emily,Thomas,Emily Thomas,37,IT,Specialist,New York,87071.67,8706.33,2022-05-06,10,63.7,emily.thomas@company.com,(452) 961-3653,Active
EMP025919,Ashley,Smith,Ashley Smith,29,HR,Specialist,Los Angeles,57707.38,5257.93,2022-04-22,7,68.7,ashley.smith@company.com,(242) 282-2478,Active
EMP025920,Nicole,Wilson,Nicole Wilson,42,HR,Director,Austin,88270.1,12883.92,2023-12-19,14,51.3,nicole.wilson@company.com,(376) 541-9415,Active
EMP025921,Jane,Taylor,Jane Taylor,22,IT,Lead,Miami,72148.65,3566.02,2024-12-09,0,85.6,jane.taylor@company.com,(811) 934-1277,Active
EMP025922,William,Williams,William Williams,36,IT,Manager,Austin,86764.94,4014.8,2021-01-30,10,83.5,william.williams@company.com,(842) 611-8644,Active
EMP025923,David,Brown,David Brown,60,Engineering,Lead,San Francisco,105011.46,4788.0,2024-08-08,36,90.2,david.brown@company.com,(209) 378-9589,Active
EMP025924,Nicole,Davis,Nicole Davis,26,Marketing,Senior Developer,Los Angeles,54448.6,1539.25,2021-08-06,3,45.9,nicole.davis@company.com,(708) 276-8620,Active
EMP025925,Nicole,Taylor,Nicole Taylor,60,Operations,Senior Developer,Los Angeles,75727.1,3920.73,2022-02-14,38,60.8,nicole.taylor@company.com,(681) 868-9108,Active
EMP025926,David,Gonzalez,David Gonzalez,60,IT,Associate,Miami,125614.92,5099.48,2021-08-28,38,84.0,david.gonzalez@company.com,(927) 695-9748,Active
EMP025927,Nicole,Davis,Nicole Davis,26,Sales,Senior Developer,New York,46306.84,2547.54,2020-09-21,0,100.0,nicole.davis@company.com,(867) 995-5662,Inactive
EMP025928,Michael,Williams,Michael Williams,63,Sales,Lead,San Francisco,90427.7,14237.23,2024-12-03,39,76.1,michael.williams@company.com,(908) 590-9891,Active
EMP025929,Anthony,Smith,Anthony Smith,23,Engineering,Manager,Seattle,54752.41,7553.92,2023-06-13,1,88.0,anthony.smith@company.com,(877) 837-3544,Active
EMP025930,Daniel,Martin,Daniel Martin,44,Finance,Lead,Boston,81645.13,5070.01,2024-07-13,22,86.3,daniel.martin@company.com,(205) 808-1665,Inactive
EMP025931,Melissa,Martin,Melissa Martin,55,Finance,Senior Developer,Los Angeles,96072.03,7245.73,2023-03-13,31,55.1,melissa.martin@company.com,(501) 813-1449,Active
EMP025932,Christopher,Hernandez,Christopher Hernandez,58,IT,Director,Los Angeles,120279.41,6117.89,2024-02-12,31,100.0,christopher.hernandez@company.com,(229) 293-4418,Active
EMP025933,Nicole,Gonzalez,Nicole Gonzalez,56,Legal,Manager,Miami,142741.84,1087.53,2022-05-31,33,76.7,nicole.gonzalez@company.com,(828) 232-6372,Active
EMP025934,Emily,Hernandez,Emily Hernandez,22,Engineering,Lead,New York,85833.43,3211.79,2022-12-21,0,76.2,emily.hernandez@company.com,(880) 830-2077,Active
EMP025935,Christopher,Jones,Christopher Jones,65,Marketing,Lead,Austin,73329.36,3943.61,2021-04-07,36,70.4,christopher.jones@company.com,(963) 293-8827,Active
EMP025936,Stephanie,Johnson,Stephanie Johnson,65,HR,Specialist,Seattle,85665.39,7578.51,2021-11-27,39,88.2,stephanie.johnson@company.com,(603) 652-8088,Inactive
EMP025937,Sarah,Garcia,Sarah Garcia,50,HR,Director,San Francisco,70723.66,8196.49,2024-07-01,28,64.9,sarah.garcia@company.com,(281) 795-4744,Active
EMP025938,Michael,Gonzalez,Michael Gonzalez,42,Sales,Director,Chicago,90378.26,11775.78,2022-10-19,19,67.3,michael.gonzalez@company.com,(520) 316-8438,Active
EMP025939,Amanda,Anderson,Amanda Anderson,39,HR,Specialist,Los Angeles,56382.34,3790.95,2021-12-28,11,78.0,amanda.anderson@company.com,(475) 911-9097,Active
EMP025940,Matthew,Davis,Matthew Davis,58,Engineering,Analyst,Seattle,101036.46,9804.24,2023-06-22,33,46.6,matthew.davis@company.com,(548) 811-7563,Active
EMP025941,Amanda,Miller,Amanda Miller,22,Sales,Analyst,Seattle,53693.98,4404.85,2020-02-26,0,71.1,amanda.miller@company.com,(786) 571-3583,Active
EMP025942,William,Miller,William Miller,48,Sales,Senior Developer,Los Angeles,83599.8,12448.71,2024-04-18,22,83.1,william.miller@company.com,(463) 855-5563,Active
EMP025943,William,Thomas,William Thomas,51,Finance,Analyst,New York,79640.94,5490.07,2022-08-09,29,60.3,william.thomas@company.com,(637) 333-6682,Active
EMP025944,John,Martin,John Martin,57,Finance,Lead,Chicago,95614.14,7710.14,2023-06-10,35,79.8,john.martin@company.com,(830) 993-1144,Active
EMP025945,Matthew,Jackson,Matthew Jackson,27,Sales,Lead,Miami,75682.84,7679.63,2023-10-08,0,86.5,matthew.jackson@company.com,(772) 658-2889,Active
EMP025946,Stephanie,Thomas,Stephanie Thomas,53,Finance,Lead,San Francisco,98969.64,3294.57,2024-06-01,26,70.0,stephanie.thomas@company.com,(265) 403-3890,Active
EMP025947,Jessica,Brown,Jessica Brown,63,Operations,Director,Seattle,107718.97,11898.14,2024-04-29,38,72.9,jessica.brown@company.com,(250) 378-1080,Active
EMP025948,Jessica,Smith,Jessica Smith,44,Marketing,Analyst,Seattle,74952.2,3116.13,2020-01-22,20,75.1,jessica.smith@company.com,(449) 570-8519,Inactive
EMP025949,Michael,Thomas,Michael Thomas,50,Operations,Manager,New York,84226.33,6265.22,2022-03-24,28,92.5,michael.thomas@company.com,(642) 329-5806,Active
EMP025950,Christopher,Gonzalez,Christopher Gonzalez,38,Legal,Coordinator,Chicago,107306.35,9592.2,2022-01-27,9,76.6,christopher.gonzalez@company.com,(455) 630-9405,Active
EMP025951,Sarah,Martin,Sarah Martin,62,IT,Director,Austin,103487.7,5324.82,2023-11-27,39,59.5,sarah.martin@company.com,(997) 974-9309,Active
EMP025952,Jessica,Miller,Jessica Miller,27,Finance,Senior Developer,New York,67310.68,4423.33,2020-03-26,1,46.5,jessica.miller@company.com,(529) 916-2264,Active
EMP025953,David,Thomas,David Thomas,63,Sales,Analyst,Austin,90221.06,13444.93,2024-07-21,39,82.6,david.thomas@company.com,(681) 840-8912,Inactive
EMP025954,James,Martinez,James Martinez,61,IT,Director,Miami,88333.3,4271.63,2023-12-08,37,60.4,james.martinez@company.com,(208) 262-6059,Active
EMP025955,William,Smith,William Smith,60,Legal,Director,San Francisco,132731.6,12412.17,2023-03-27,31,79.2,william.smith@company.com,(333) 665-2975,Active
EMP025956,Robert,Jackson,Robert Jackson,63,HR,Director,Los Angeles,94826.68,7021.11,2023-10-31,40,76.0,robert.jackson@company.com,(371) 701-9185,Active
EMP025957,Jessica,Lopez,Jessica Lopez,53,Operations,Analyst,Miami,49957.8,8258.09,2020-12-14,30,77.6,jessica.lopez@company.com,(439) 512-1425,Active
EMP025958,William,Johnson,William Johnson,47,Marketing,Senior Developer,Chicago,92275.53,14858.88,2023-07-30,22,49.7,william.johnson@company.com,(572) 697-9019,Active
EMP025959,Ashley,Rodriguez,Ashley Rodriguez,28,Marketing,Analyst,San Francisco,54670.11,2394.6,2021-11-05,2,77.0,ashley.rodriguez@company.com,(745) 843-9904,Active
EMP025960,Anthony,Hernandez,Anthony Hernandez,45,Legal,Specialist,Miami,79905.64,4634.6,2022-08-19,23,98.6,anthony.hernandez@company.com,(700) 291-4031,Active
EMP025961,Robert,Davis,Robert Davis,51,Sales,Specialist,San Francisco,86614.37,11423.9,2024-10-23,28,86.7,robert.davis@company.com,(348) 505-4813,Active
EMP025962,Stephanie,Thomas,Stephanie Thomas,44,Operations,Analyst,Seattle,65785.31,8503.61,2023-11-03,16,76.3,stephanie.thomas@company.com,(566) 894-4021,Active
EMP025963,Lisa,Gonzalez,Lisa Gonzalez,26,Legal,Manager,Miami,44951.17,679.35,2023-04-23,2,48.5,lisa.gonzalez@company.com,(495) 286-5694,Active
EMP025964,Jessica,Jackson,Jessica Jackson,51,Finance,Associate,Chicago,82168.63,11055.85,2023-08-17,23,100.0,jessica.jackson@company.com,(579) 775-9977,Active
EMP025965,Nicole,Johnson,Nicole Johnson,22,IT,Director,Seattle,86684.6,9703.77,2020-11-14,0,51.6,nicole.johnson@company.com,(766) 237-5747,Active
EMP025966,Jane,Brown,Jane Brown,57,HR,Senior Developer,Boston,66698.74,5980.66,2021-11-03,32,56.9,jane.brown@company.com,(678) 231-2305,Active
EMP025967,Robert,Williams,Robert Williams,45,Finance,Associate,San Francisco,89845.39,3904.62,2021-01-04,19,76.1,robert.williams@company.com,(258) 449-5049,Active
EMP025968,James,Gonzalez,James Gonzalez,57,Sales,Director,Chicago,81648.73,7932.35,2024-12-30,32,66.1,james.gonzalez@company.com,(929) 647-2930,Active
EMP025969,John,Miller,John Miller,50,Operations,Specialist,Miami,67567.41,5238.55,2020-04-03,24,95.6,john.miller@company.com,(511) 948-7327,Active
EMP025970,Nicole,Taylor,Nicole Taylor,55,Finance,Analyst,Los Angeles,114784.9,22582.48,2020-07-08,30,46.4,nicole.taylor@company.com,(775) 492-2509,Active
EMP025971,Emily,Martin,Emily Martin,57,Marketing,Analyst,Chicago,64352.28,11554.45,2024-11-27,33,73.8,emily.martin@company.com,(852) 698-7239,Active
EMP025972,Daniel,Thomas,Daniel Thomas,25,Marketing,Associate,Miami,37078.54,4750.81,2021-02-18,1,55.3,daniel.thomas@company.com,(743) 442-7388,Inactive
EMP025973,James,Jones,James Jones,62,Operations,Associate,Miami,83109.23,9580.31,2020-12-12,40,64.4,james.jones@company.com,(864) 749-4564,Active
EMP025974,Jane,Hernandez,Jane Hernandez,57,IT,Senior Developer,San Francisco,126761.13,13207.05,2020-01-27,35,79.4,jane.hernandez@company.com,(693) 209-8358,Active
EMP025975,William,Brown,William Brown,53,Engineering,Analyst,Miami,105800.33,5057.55,2021-02-06,29,100.0,william.brown@company.com,(509) 815-1871,Active
EMP025976,Stephanie,Martin,Stephanie Martin,46,Legal,Coordinator,San Francisco,91827.69,5084.19,2020-09-09,20,43.8,stephanie.martin@company.com,(869) 897-3867,Active
EMP025977,Robert,Miller,Robert Miller,24,Sales,Analyst,New York,33072.98,2410.79,2020-07-14,0,100.0,robert.miller@company.com,(859) 347-8740,Inactive
EMP025978,Jane,Jackson,Jane Jackson,38,Marketing,Specialist,New York,45275.47,6165.02,2020-05-22,12,87.0,jane.jackson@company.com,(961) 456-5553,Active
EMP025979,Emily,Taylor,Emily Taylor,60,Legal,Manager,Seattle,68077.82,1936.52,2023-08-04,35,82.0,emily.taylor@company.com,(470) 516-1652,Active
EMP025980,Daniel,Rodriguez,Daniel Rodriguez,45,HR,Specialist,Austin,87870.46,11924.85,2021-02-13,18,61.1,daniel.rodriguez@company.com,(603) 890-3390,Active
EMP025981,Nicole,Smith,Nicole Smith,33,IT,Senior Developer,Boston,91677.63,2088.17,2022-08-03,4,53.4,nicole.smith@company.com,(582) 389-7583,Active
EMP025982,Robert,Anderson,Robert Anderson,37,Marketing,Lead,Seattle,63345.47,4306.72,2023-07-12,9,80.2,robert.anderson@company.com,(496) 641-1385,Active
EMP025983,Matthew,Smith,Matthew Smith,26,Legal,Coordinator,Miami,93714.74,8433.97,2024-05-27,0,75.3,matthew.smith@company.com,(863) 879-6958,Active
EMP025984,Sarah,Williams,Sarah Williams,37,Sales,Coordinator,Boston,82296.44,697.13,2023-07-19,15,75.7,sarah.williams@company.com,(617) 212-4913,Active
EMP025985,John,Anderson,John Anderson,62,Legal,Coordinator,San Francisco,87326.98,5419.1,2022-07-31,40,58.2,john.anderson@company.com,(202) 769-2667,Active
EMP025986,William,Davis,William Davis,25,Legal,Director,Chicago,75253.71,6752.27,2020-12-03,0,100.0,william.davis@company.com,(853) 724-8411,Active
EMP025987,James,Martinez,James Martinez,54,HR,Director,New York,74439.38,1298.99,2020-03-25,27,50.0,james.martinez@company.com,(506) 982-8011,On Leave
EMP025988,William,Hernandez,William Hernandez,29,Legal,Lead,Seattle,81170.17,0.0,2020-02-29,4,58.2,william.hernandez@company.com,(569) 481-6389,Active
EMP025989,David,Thomas,David Thomas,30,Engineering,Associate,San Francisco,39730.88,3409.05,2022-06-05,2,82.4,david.thomas@company.com,(740) 591-7559,Active
EMP025990,William,Rodriguez,William Rodriguez,49,Finance,Coordinator,Austin,50521.42,10176.83,2023-06-18,20,75.3,william.rodriguez@company.com,(319) 563-1112,Active
EMP025991,Matthew,Martin,Matthew Martin,53,HR,Specialist,Seattle,94913.89,11063.97,2024-02-26,24,80.0,matthew.martin@company.com,(407) 287-9418,Active
EMP025992,Melissa,Jackson,Melissa Jackson,25,Marketing,Director,Boston,66558.76,8471.74,2023-10-16,0,93.3,melissa.jackson@company.com,(695) 582-7889,Inactive
EMP025993,Jessica,Johnson,Jessica Johnson,33,Engineering,Coordinator,San Francisco,61556.05,12215.51,2023-09-24,9,75.0,jessica.johnson@company.com,(815) 672-6562,Active
EMP025994,Ashley,Gonzalez,Ashley Gonzalez,50,Engineering,Senior Developer,New York,114847.48,7918.29,2022-06-13,26,66.7,ashley.gonzalez@company.com,(962) 615-7578,Active
EMP025995,Amanda,Hernandez,Amanda Hernandez,30,Finance,Coordinator,San Francisco,84056.65,1135.62,2022-11-23,2,46.1,amanda.hernandez@company.com,(440) 578-5826,Active
EMP025996,Daniel,Johnson,Daniel Johnson,50,IT,Analyst,Seattle,89508.15,8384.93,2022-11-30,21,63.6,daniel.johnson@company.com,(596) 579-3543,Active
EMP025997,Daniel,Martinez,Daniel Martinez,60,IT,Coordinator,Boston,126559.7,8625.75,2024-02-21,37,57.1,daniel.martinez@company.com,(731) 337-7203,Active
EMP025998,Sarah,Thomas,Sarah Thomas,61,IT,Director,Austin,102813.42,8197.89,2022-07-17,38,62.9,sarah.thomas@company.com,(350) 678-4799,Active
EMP025999,Michael,Wilson,Michael Wilson,38,Finance,Director,Chicago,75574.91,14917.2,2022-09-17,15,61.4,michael.wilson@company.com,(217) 212-3836,Active
EMP026000,Matthew,Lopez,Matthew Lopez,43,Sales,Associate,Austin,65849.24,3779.95,2023-05-21,14,91.7,matthew.lopez@company.com,(272) 779-9618,Active
EMP026001,Daniel,Jones,Daniel Jones,30,IT,Manager,Miami,75612.61,10993.28,2024-09-19,7,71.2,daniel.jones@company.com,(918) 669-2673,Active
EMP026002,John,Hernandez,John Hernandez,64,Operations,Coordinator,Austin,102357.74,12278.26,2022-05-12,36,73.6,john.hernandez@company.com,(638) 710-5894,Inactive
EMP026003,David,Taylor,David Taylor,46,Sales,Manager,Austin,95869.62,9006.89,2024-07-14,23,74.2,david.taylor@company.com,(873) 505-1077,Inactive
EMP026004,Lisa,Anderson,Lisa Anderson,65,Operations,Senior Developer,San Francisco,78271.23,7412.78,2020-08-20,42,68.5,lisa.anderson@company.com,(619) 784-2740,Active
EMP026005,Melissa,Davis,Melissa Davis,24,Legal,Analyst,Seattle,40681.73,3209.27,2023-10-29,0,66.5,melissa.davis@company.com,(465) 616-2009,Active
EMP026006,William,Lopez,William Lopez,57,Legal,Lead,New York,105006.84,8046.42,2024-06-29,28,53.4,william.lopez@company.com,(959) 503-4904,Active
EMP026007,Michael,Hernandez,Michael Hernandez,26,Legal,Manager,Seattle,74456.18,10123.04,2024-03-15,3,100.0,michael.hernandez@company.com,(697) 812-5998,Active
EMP026008,James,Martin,James Martin,41,Marketing,Lead,San Francisco,79356.97,9223.24,2023-08-29,15,67.1,james.martin@company.com,(687) 717-7314,Active
EMP026009,John,Lopez,John Lopez,41,HR,Lead,Miami,59038.43,3648.13,2022-03-14,17,94.4,john.lopez@company.com,(482) 728-7053,Active
EMP026010,John,Wilson,John Wilson,64,Operations,Lead,Austin,77316.52,9298.07,2024-01-22,35,64.8,john.wilson@company.com,(738) 556-3333,Active
EMP026011,Sarah,Moore,Sarah Moore,42,IT,Manager,Seattle,95106.31,13764.08,2020-03-12,17,72.6,sarah.moore@company.com,(923) 893-5795,Inactive
EMP026012,Matthew,Martin,Matthew Martin,34,Legal,Coordinator,San Francisco,80493.67,6301.29,2020-03-20,5,100.0,matthew.martin@company.com,(269) 656-5874,Active
EMP026013,Daniel,Jones,Daniel Jones,39,IT,Specialist,Seattle,96367.59,9822.88,2024-11-24,16,78.1,daniel.jones@company.com,(340) 981-6548,Active
EMP026014,John,Davis,John Davis,54,HR,Analyst,Austin,94741.19,8103.88,2024-08-22,25,80.1,john.davis@company.com,(417) 226-7678,Inactive
EMP026015,Michael,Garcia,Michael Garcia,41,Finance,Manager,Chicago,79810.2,0.0,2022-02-17,18,70.5,michael.garcia@company.com,(783) 458-7512,Active
EMP026016,Emily,Rodriguez,Emily Rodriguez,45,Operations,Associate,Seattle,60831.27,7065.08,2022-02-13,18,45.0,emily.rodriguez@company.com,(541) 393-4801,Active
EMP026017,James,Smith,James Smith,50,HR,Associate,Austin,82786.74,14675.68,2023-09-21,26,76.3,james.smith@company.com,(996) 450-4751,Active
EMP026018,Nicole,Williams,Nicole Williams,32,Operations,Director,Seattle,51556.64,7842.5,2022-12-13,4,90.2,nicole.williams@company.com,(205) 793-9400,Active
EMP026019,William,Davis,William Davis,62,IT,Analyst,Miami,65787.83,4029.47,2024-12-14,40,72.0,william.davis@company.com,(202) 431-5347,Active
EMP026020,Sarah,Wilson,Sarah Wilson,64,Finance,Senior Developer,Seattle,140818.27,19922.86,2023-06-26,35,95.4,sarah.wilson@company.com,(898) 633-9026,Active
EMP026021,Christopher,Jackson,Christopher Jackson,43,IT,Specialist,Miami,80975.86,11950.5,2023-03-21,20,91.5,christopher.jackson@company.com,(433) 249-2804,Active
EMP026022,Emily,Martinez,Emily Martinez,22,Engineering,Specialist,Austin,79668.72,0.0,2023-12-03,0,71.0,emily.martinez@company.com,(461) 944-6185,Active
EMP026023,Christopher,Smith,Christopher Smith,24,Engineering,Manager,San Francisco,81554.54,5750.81,2021-11-24,1,74.6,christopher.smith@company.com,(461) 402-4974,Active
EMP026024,Stephanie,Gonzalez,Stephanie Gonzalez,30,IT,Manager,New York,97028.88,4301.94,2022-09-28,1,77.9,stephanie.gonzalez@company.com,(866) 929-5962,Active
EMP026025,Stephanie,Smith,Stephanie Smith,51,Sales,Associate,Miami,81025.17,6096.07,2022-03-02,28,77.6,stephanie.smith@company.com,(693) 428-5622,Inactive
EMP026026,Melissa,Anderson,Melissa Anderson,27,IT,Director,Seattle,77672.06,0.0,2024-04-26,5,76.7,melissa.anderson@company.com,(355) 859-3777,Active
EMP026027,Daniel,Jackson,Daniel Jackson,23,Engineering,Analyst,Austin,72738.39,10564.01,2022-08-23,0,87.7,daniel.jackson@company.com,(981) 399-8924,Active
EMP026028,Nicole,Martin,Nicole Martin,41,Legal,Associate,Seattle,119479.85,5094.09,2024-11-08,16,80.9,nicole.martin@company.com,(746) 999-5762,Active
EMP026029,John,Lopez,John Lopez,64,Finance,Lead,Seattle,90204.55,4455.4,2024-07-24,36,79.3,john.lopez@company.com,(684) 432-4243,Active
EMP026030,Melissa,Garcia,Melissa Garcia,34,Engineering,Associate,Boston,79955.01,9561.72,2021-11-21,10,82.7,melissa.garcia@company.com,(330) 881-8520,Active
EMP026031,John,Garcia,John Garcia,63,IT,Director,Seattle,80581.87,11521.45,2021-04-24,41,79.9,john.garcia@company.com,(658) 965-3924,Inactive
EMP026032,Ashley,Johnson,Ashley Johnson,39,Operations,Associate,Chicago,67088.14,7702.53,2023-03-10,11,75.0,ashley.johnson@company.com,(923) 537-2860,Active
EMP026033,Jane,Williams,Jane Williams,28,Finance,Analyst,Chicago,94312.45,10381.03,2022-08-05,0,67.4,jane.williams@company.com,(876) 787-7205,Active
EMP026034,Sarah,Jones,Sarah Jones,65,Sales,Associate,Boston,96743.03,10587.01,2021-06-15,42,60.5,sarah.jones@company.com,(721) 828-3964,Active
EMP026035,Jane,Taylor,Jane Taylor,57,HR,Associate,Boston,81043.48,6901.61,2022-04-16,34,86.5,jane.taylor@company.com,(508) 865-6896,Active
EMP026036,Jessica,Garcia,Jessica Garcia,59,HR,Manager,San Francisco,88374.35,10592.19,2024-02-29,33,67.2,jessica.garcia@company.com,(758) 654-3686,Active
EMP026037,Nicole,Williams,Nicole Williams,48,Legal,Lead,San Francisco,94997.56,10545.6,2023-04-08,25,91.6,nicole.williams@company.com,(322) 226-9165,Inactive
EMP026038,Daniel,Hernandez,Daniel Hernandez,38,IT,Specialist,Austin,66886.0,4528.65,2020-07-23,15,50.4,daniel.hernandez@company.com,(415) 536-6172,Inactive
EMP026039,Anthony,Wilson,Anthony Wilson,24,Operations,Analyst,Boston,65067.7,6749.09,2023-05-15,0,90.3,anthony.wilson@company.com,(330) 469-4007,Active
EMP026040,William,Martin,William Martin,50,Finance,Associate,New York,84487.9,11456.2,2023-06-17,22,50.4,william.martin@company.com,(684) 698-6972,Active
EMP026041,David,Moore,David Moore,38,Sales,Lead,New York,87250.29,10114.29,2020-10-07,10,83.2,david.moore@company.com,(233) 615-5528,Active
EMP026042,Nicole,Anderson,Nicole Anderson,24,Engineering,Director,Boston,86179.7,15441.16,2021-04-23,0,66.1,nicole.anderson@company.com,(764) 735-7782,Active
EMP026043,Stephanie,Thomas,Stephanie Thomas,48,Marketing,Analyst,Seattle,62037.47,5597.95,2022-09-30,24,100.0,stephanie.thomas@company.com,(581) 485-1118,Inactive
EMP026044,Emily,Moore,Emily Moore,23,Finance,Senior Developer,Boston,49179.15,589.88,2021-08-08,0,61.5,emily.moore@company.com,(676) 707-8036,Active
EMP026045,Matthew,Jones,Matthew Jones,46,Sales,Coordinator,Austin,53948.82,1210.94,2022-05-19,20,80.5,matthew.jones@company.com,(661) 635-2307,Active
EMP026046,John,Taylor,John Taylor,30,Sales,Director,Seattle,62018.5,3943.36,2023-11-28,1,100.0,john.taylor@company.com,(343) 957-4535,Active
EMP026047,Stephanie,Williams,Stephanie Williams,62,Sales,Coordinator,Seattle,78636.07,8433.53,2021-08-02,39,76.7,stephanie.williams@company.com,(559) 252-8865,Inactive
EMP026048,Daniel,Rodriguez,Daniel Rodriguez,42,Finance,Director,Austin,73840.26,6638.01,2022-09-12,16,83.0,daniel.rodriguez@company.com,(400) 830-8216,Active
EMP026049,David,Wilson,David Wilson,49,Finance,Associate,Boston,81143.75,9905.06,2024-12-27,24,87.0,david.wilson@company.com,(402) 902-6155,Inactive
EMP026050,Robert,Hernandez,Robert Hernandez,58,Engineering,Lead,San Francisco,99367.6,6817.88,2024-03-23,36,100.0,robert.hernandez@company.com,(644) 581-7486,Active
EMP026051,Christopher,Taylor,Christopher Taylor,48,Finance,Senior Developer,Boston,92095.48,1918.76,2022-05-02,20,96.9,christopher.taylor@company.com,(524) 402-6979,Active
EMP026052,Robert,Thomas,Robert Thomas,52,Finance,Manager,Miami,85465.86,8096.94,2024-07-07,30,43.0,robert.thomas@company.com,(370) 479-9745,On Leave
EMP026053,Emily,Martin,Emily Martin,48,Marketing,Director,Seattle,77732.17,3782.22,2023-08-08,21,81.9,emily.martin@company.com,(630) 506-2697,Active
EMP026054,Anthony,Jackson,Anthony Jackson,44,Operations,Specialist,Miami,62727.97,9731.26,2024-08-19,18,83.4,anthony.jackson@company.com,(526) 905-3472,Inactive
EMP026055,James,Jones,James Jones,30,Engineering,Specialist,Los Angeles,90449.67,13679.45,2023-06-04,6,69.5,james.jones@company.com,(208) 857-4798,Inactive
EMP026056,Emily,Wilson,Emily Wilson,41,Sales,Specialist,Boston,71772.92,4306.9,2024-07-21,15,64.8,emily.wilson@company.com,(224) 247-9587,Active
EMP026057,Jane,Hernandez,Jane Hernandez,28,HR,Director,Boston,65588.69,9834.41,2021-11-30,3,87.9,jane.hernandez@company.com,(922) 600-7881,Active
EMP026058,William,Gonzalez,William Gonzalez,41,Legal,Lead,Los Angeles,119617.32,7274.78,2020-07-04,16,56.0,william.gonzalez@company.com,(540) 341-2753,Inactive
EMP026059,Jessica,Lopez,Jessica Lopez,42,HR,Lead,Austin,46445.44,3806.45,2021-06-04,18,82.0,jessica.lopez@company.com,(991) 465-3821,Active
EMP026060,Sarah,Martin,Sarah Martin,25,Sales,Coordinator,San Francisco,69883.4,0.0,2022-05-06,3,98.0,sarah.martin@company.com,(447) 628-9288,Active
EMP026061,Stephanie,Garcia,Stephanie Garcia,53,Finance,Analyst,New York,101794.26,6238.1,2023-11-01,31,100.0,stephanie.garcia@company.com,(486) 479-5935,Active
EMP026062,Anthony,Wilson,Anthony Wilson,35,Operations,Specialist,Seattle,63082.44,8334.79,2020-12-02,12,73.0,anthony.wilson@company.com,(628) 710-2831,Active
EMP026063,Ashley,Hernandez,Ashley Hernandez,61,HR,Analyst,Seattle,90261.98,8378.03,2024-08-07,33,56.9,ashley.hernandez@company.com,(283) 729-8313,Active
EMP026064,Jessica,Taylor,Jessica Taylor,52,HR,Coordinator,Los Angeles,72297.26,8266.65,2024-01-07,30,68.7,jessica.taylor@company.com,(251) 652-9683,Active
EMP026065,Matthew,Martin,Matthew Martin,32,IT,Director,New York,81275.13,6231.94,2021-09-03,6,73.7,matthew.martin@company.com,(621) 981-9843,Inactive
EMP026066,Michael,Gonzalez,Michael Gonzalez,50,Legal,Lead,New York,99659.48,14115.15,2022-12-20,21,99.1,michael.gonzalez@company.com,(900) 434-4962,Active
EMP026067,Ashley,Hernandez,Ashley Hernandez,47,Sales,Lead,Chicago,87427.84,10873.39,2022-08-27,21,86.3,ashley.hernandez@company.com,(907) 657-2341,Active
EMP026068,Jane,Brown,Jane Brown,59,IT,Manager,Boston,80882.61,299.33,2024-12-17,32,99.8,jane.brown@company.com,(550) 791-2274,Active
EMP026069,Jessica,Thomas,Jessica Thomas,65,Finance,Specialist,Boston,112474.34,5484.88,2020-11-12,37,57.5,jessica.thomas@company.com,(636) 411-9401,Active
EMP026070,David,Garcia,David Garcia,25,Operations,Analyst,San Francisco,71226.94,4021.32,2023-09-15,0,72.2,david.garcia@company.com,(836) 901-6889,Active
EMP026071,Jane,Rodriguez,Jane Rodriguez,42,Operations,Coordinator,Boston,70074.12,10994.09,2022-08-26,20,100.0,jane.rodriguez@company.com,(617) 370-8297,Active
EMP026072,Jessica,Davis,Jessica Davis,38,Legal,Analyst,Miami,98069.86,1286.93,2021-05-23,16,57.5,jessica.davis@company.com,(619) 728-5235,Inactive
EMP026073,Matthew,Garcia,Matthew Garcia,49,Operations,Analyst,New York,64335.53,10012.68,2021-08-11,27,87.7,matthew.garcia@company.com,(234) 721-6258,Inactive
EMP026074,Emily,Lopez,Emily Lopez,36,Legal,Senior Developer,Chicago,83227.69,11209.75,2022-12-09,11,83.9,emily.lopez@company.com,(639) 546-6552,Active
EMP026075,Christopher,Moore,Christopher Moore,38,Engineering,Lead,Seattle,92626.77,6083.13,2020-12-29,14,74.0,christopher.moore@company.com,(681) 458-7680,Active
EMP026076,Ashley,Davis,Ashley Davis,46,HR,Analyst,Seattle,60581.05,7685.55,2024-03-15,23,50.1,ashley.davis@company.com,(870) 863-1262,Active
EMP026077,Stephanie,Hernandez,Stephanie Hernandez,61,Sales,Senior Developer,Austin,78832.05,3911.39,2020-02-04,33,100.0,stephanie.hernandez@company.com,(560) 324-9793,Inactive
EMP026078,William,Davis,William Davis,64,HR,Analyst,Chicago,63587.94,24.17,2021-11-10,41,96.5,william.davis@company.com,(421) 379-9021,Active
EMP026079,John,Johnson,John Johnson,64,Operations,Coordinator,Miami,66894.71,3113.54,2024-01-13,40,49.6,john.johnson@company.com,(343) 546-4537,Active
EMP026080,William,Smith,William Smith,40,Engineering,Senior Developer,Chicago,99707.51,5785.37,2022-05-24,15,71.6,william.smith@company.com,(522) 625-1884,Active
EMP026081,Robert,Jones,Robert Jones,42,Legal,Director,Miami,89581.13,10664.34,2020-01-17,20,83.5,robert.jones@company.com,(607) 564-7659,On Leave
EMP026082,Sarah,Jackson,Sarah Jackson,62,Sales,Coordinator,Chicago,74914.88,8092.66,2020-01-16,38,63.2,sarah.jackson@company.com,(249) 869-3603,Active
EMP026083,Amanda,Garcia,Amanda Garcia,23,Marketing,Analyst,Seattle,35745.54,5757.58,2024-12-04,0,94.7,amanda.garcia@company.com,(508) 672-1932,Active
EMP026084,William,Williams,William Williams,40,Marketing,Coordinator,Miami,50739.48,5279.99,2023-12-23,18,80.3,william.williams@company.com,(794) 886-7470,Active
EMP026085,Lisa,Thomas,Lisa Thomas,50,IT,Associate,Los Angeles,82120.04,4865.31,2023-08-24,21,67.5,lisa.thomas@company.com,(999) 899-4133,Active
EMP026086,Lisa,Martin,Lisa Martin,34,Marketing,Manager,Seattle,83282.05,7335.41,2021-11-09,7,65.2,lisa.martin@company.com,(922) 244-6734,Active
EMP026087,Matthew,Jones,Matthew Jones,35,Finance,Coordinator,New York,57356.25,7410.8,2021-06-30,6,74.5,matthew.jones@company.com,(503) 947-5695,Active
EMP026088,Melissa,Martinez,Melissa Martinez,49,Finance,Specialist,New York,92440.23,16401.98,2023-02-19,20,66.7,melissa.martinez@company.com,(670) 429-5397,Active
EMP026089,Ashley,Miller,Ashley Miller,44,Legal,Manager,San Francisco,58915.6,10822.96,2023-10-12,17,69.5,ashley.miller@company.com,(801) 361-5776,Active
EMP026090,Jessica,Taylor,Jessica Taylor,38,Legal,Analyst,Chicago,67444.76,5672.45,2021-12-24,14,84.0,jessica.taylor@company.com,(834) 797-5754,On Leave
EMP026091,Jane,Miller,Jane Miller,41,Marketing,Specialist,New York,62956.76,12734.25,2020-04-04,19,85.4,jane.miller@company.com,(201) 528-7217,Active
EMP026092,Matthew,Anderson,Matthew Anderson,46,IT,Director,Boston,78118.71,11023.98,2024-02-20,19,78.4,matthew.anderson@company.com,(856) 569-8597,Active
EMP026093,William,Thomas,William Thomas,56,Engineering,Analyst,Boston,115152.43,8755.47,2021-02-18,29,88.6,william.thomas@company.com,(700) 249-6469,Active
EMP026094,Michael,Hernandez,Michael Hernandez,52,Sales,Lead,Chicago,113316.28,26119.9,2021-05-26,29,69.3,michael.hernandez@company.com,(341) 248-9354,Active
EMP026095,Sarah,Davis,Sarah Davis,50,Finance,Director,Seattle,88887.05,10264.59,2020-08-02,26,62.9,sarah.davis@company.com,(878) 323-4342,Active
EMP026096,Lisa,Brown,Lisa Brown,59,Engineering,Manager,New York,150425.76,23938.14,2021-09-04,36,75.8,lisa.brown@company.com,(893) 450-6171,Active
EMP026097,Jane,Martin,Jane Martin,52,Sales,Specialist,Boston,79071.19,4433.82,2020-05-11,29,79.2,jane.martin@company.com,(527) 768-4912,Active
EMP026098,Michael,Rodriguez,Michael Rodriguez,64,Marketing,Analyst,Miami,74141.88,2825.29,2023-10-21,37,72.6,michael.rodriguez@company.com,(521) 298-6431,Active
EMP026099,Christopher,Jones,Christopher Jones,42,IT,Lead,Los Angeles,81160.21,7715.8,2023-02-06,19,68.1,christopher.jones@company.com,(515) 760-2928,Active
EMP026100,Robert,Jackson,Robert Jackson,32,Legal,Specialist,Boston,89369.58,11026.51,2020-10-24,8,75.1,robert.jackson@company.com,(414) 398-8337,Active
EMP026101,Jessica,Jackson,Jessica Jackson,37,Sales,Associate,San Francisco,93845.83,12486.55,2021-04-11,15,76.7,jessica.jackson@company.com,(517) 630-1137,Active
EMP026102,Michael,Williams,Michael Williams,49,HR,Analyst,Boston,60094.13,9580.78,2022-11-14,22,82.2,michael.williams@company.com,(839) 366-5659,Active
EMP026103,William,Moore,William Moore,28,Finance,Specialist,Boston,79028.5,2192.92,2021-07-11,0,79.2,william.moore@company.com,(519) 745-5511,Active
EMP026104,William,Anderson,William Anderson,43,Legal,Associate,Austin,94400.34,6205.57,2020-10-27,17,66.2,william.anderson@company.com,(374) 317-4280,Active
EMP026105,John,Brown,John Brown,35,HR,Analyst,Miami,62125.01,6529.95,2022-09-22,7,60.9,john.brown@company.com,(273) 258-5218,Active
EMP026106,Michael,Jackson,Michael Jackson,25,Legal,Lead,Austin,79036.87,8472.02,2020-09-17,1,82.1,michael.jackson@company.com,(615) 341-1346,Active
EMP026107,Matthew,Moore,Matthew Moore,48,Sales,Lead,Los Angeles,78204.28,12455.24,2021-12-13,19,88.2,matthew.moore@company.com,(611) 613-7464,Active
EMP026108,Christopher,Rodriguez,Christopher Rodriguez,63,IT,Manager,New York,88477.5,9052.15,2023-10-27,41,76.0,christopher.rodriguez@company.com,(385) 393-4582,Active
EMP026109,Michael,Brown,Michael Brown,58,HR,Associate,Seattle,90043.6,5441.04,2024-01-14,30,76.0,michael.brown@company.com,(587) 696-2868,Active
EMP026110,William,Thomas,William Thomas,55,Engineering,Director,Chicago,68861.78,9374.38,2021-05-26,29,82.5,william.thomas@company.com,(419) 388-4682,Active
EMP026111,Stephanie,Martin,Stephanie Martin,43,Operations,Specialist,Miami,57198.3,8881.81,2020-03-03,18,60.1,stephanie.martin@company.com,(874) 643-5711,Active
EMP026112,Lisa,Brown,Lisa Brown,64,Finance,Director,Seattle,121741.57,8276.86,2020-02-27,42,64.0,lisa.brown@company.com,(649) 393-5743,Inactive
EMP026113,Amanda,Hernandez,Amanda Hernandez,56,Operations,Lead,Miami,67469.15,2363.83,2023-01-22,29,35.2,amanda.hernandez@company.com,(867) 891-6886,Active
EMP026114,Ashley,Jones,Ashley Jones,48,IT,Lead,Miami,76585.97,7544.23,2022-06-12,24,51.9,ashley.jones@company.com,(513) 788-2943,Active
EMP026115,Matthew,Jackson,Matthew Jackson,58,HR,Manager,Austin,70953.66,15193.94,2024-10-03,31,82.2,matthew.jackson@company.com,(469) 395-9526,Active
EMP026116,Daniel,Taylor,Daniel Taylor,26,Finance,Associate,New York,34785.46,6895.07,2023-08-05,0,68.0,daniel.taylor@company.com,(484) 272-9750,Active
EMP026117,Jane,Brown,Jane Brown,60,Finance,Analyst,Chicago,79813.4,7366.6,2024-02-20,31,59.5,jane.brown@company.com,(577) 410-9123,Active
EMP026118,Jane,Thomas,Jane Thomas,53,Sales,Senior Developer,Seattle,75904.43,12397.19,2024-05-03,24,62.8,jane.thomas@company.com,(609) 439-1745,Active
EMP026119,Lisa,Jackson,Lisa Jackson,30,IT,Associate,Austin,102588.21,12561.97,2024-05-17,5,69.0,lisa.jackson@company.com,(201) 872-9074,Active
EMP026120,Lisa,Brown,Lisa Brown,64,IT,Specialist,Seattle,87481.28,4195.16,2024-01-02,38,74.6,lisa.brown@company.com,(999) 585-6525,Active
EMP026121,Jane,Wilson,Jane Wilson,52,IT,Analyst,Austin,90964.68,11889.19,2020-10-06,27,81.9,jane.wilson@company.com,(494) 519-1331,Active
EMP026122,Amanda,Hernandez,Amanda Hernandez,45,HR,Lead,Austin,77180.49,4436.83,2024-12-25,23,48.6,amanda.hernandez@company.com,(903) 581-5765,Active
EMP026123,Jessica,Smith,Jessica Smith,61,Operations,Analyst,Seattle,66528.88,3935.95,2024-05-07,38,90.2,jessica.smith@company.com,(314) 265-3443,Active
EMP026124,Lisa,Gonzalez,Lisa Gonzalez,28,Sales,Manager,Austin,41339.89,2332.37,2022-02-10,0,94.5,lisa.gonzalez@company.com,(914) 860-6163,Active
EMP026125,Lisa,Brown,Lisa Brown,49,Finance,Manager,New York,100852.44,9589.87,2020-05-17,24,69.9,lisa.brown@company.com,(961) 806-6370,Active
EMP026126,Stephanie,Martinez,Stephanie Martinez,50,IT,Analyst,Austin,124777.82,9470.46,2021-08-07,22,69.6,stephanie.martinez@company.com,(410) 482-9958,Active
EMP026127,Emily,Williams,Emily Williams,52,Finance,Manager,Austin,49826.71,6515.49,2022-03-03,26,81.5,emily.williams@company.com,(528) 548-7960,Inactive
EMP026128,Christopher,Brown,Christopher Brown,29,Marketing,Lead,Los Angeles,40194.2,3769.82,2020-04-23,5,72.0,christopher.brown@company.com,(751) 486-1939,Active
EMP026129,Jessica,Brown,Jessica Brown,41,IT,Analyst,Los Angeles,64511.95,10113.4,2024-03-11,16,86.6,jessica.brown@company.com,(313) 201-1334,Active
EMP026130,Nicole,Wilson,Nicole Wilson,38,IT,Senior Developer,Miami,88617.32,16392.83,2020-09-21,16,59.1,nicole.wilson@company.com,(690) 275-8742,Active
EMP026131,Lisa,Lopez,Lisa Lopez,48,HR,Senior Developer,Chicago,61521.04,2414.57,2021-01-25,25,77.7,lisa.lopez@company.com,(394) 830-2498,Active
EMP026132,Jessica,Taylor,Jessica Taylor,39,Sales,Associate,New York,84799.64,7095.62,2024-10-29,11,58.6,jessica.taylor@company.com,(972) 417-2847,Active
EMP026133,James,Miller,James Miller,60,Operations,Specialist,Los Angeles,42529.17,3177.25,2020-04-03,37,68.8,james.miller@company.com,(416) 779-7523,Inactive
EMP026134,Robert,Jackson,Robert Jackson,25,IT,Lead,San Francisco,48936.17,6323.11,2023-03-29,3,67.6,robert.jackson@company.com,(421) 269-1098,On Leave
EMP026135,Anthony,Miller,Anthony Miller,36,HR,Specialist,New York,64293.59,8184.75,2022-12-03,10,89.3,anthony.miller@company.com,(473) 681-1770,Active
EMP026136,Lisa,Taylor,Lisa Taylor,34,Sales,Senior Developer,Boston,78544.78,12234.51,2021-05-13,9,64.7,lisa.taylor@company.com,(476) 444-4587,Inactive
EMP026137,William,Martinez,William Martinez,36,Sales,Manager,Chicago,32330.7,2319.42,2022-04-30,11,62.3,william.martinez@company.com,(620) 839-2525,Active
EMP026138,John,Brown,John Brown,38,Sales,Senior Developer,Seattle,102148.53,5554.71,2024-05-16,14,60.5,john.brown@company.com,(495) 561-3127,Active
EMP026139,Sarah,Jackson,Sarah Jackson,59,HR,Manager,San Francisco,71947.09,11226.28,2021-12-26,30,54.7,sarah.jackson@company.com,(584) 920-1258,Inactive
EMP026140,Nicole,Rodriguez,Nicole Rodriguez,32,IT,Coordinator,Chicago,61610.02,11165.71,2024-09-11,7,67.6,nicole.rodriguez@company.com,(309) 632-7591,Active
EMP026141,Ashley,Garcia,Ashley Garcia,55,Operations,Coordinator,Boston,74954.96,10029.02,2023-10-04,31,82.8,ashley.garcia@company.com,(891) 515-1495,Active
EMP026142,John,Brown,John Brown,59,Marketing,Lead,New York,82183.42,0.0,2021-06-02,34,63.0,john.brown@company.com,(919) 285-1448,Active
EMP026143,Jessica,Hernandez,Jessica Hernandez,43,Marketing,Associate,Austin,69112.96,3317.59,2024-04-30,17,90.3,jessica.hernandez@company.com,(495) 392-3910,Active
EMP026144,Christopher,Wilson,Christopher Wilson,23,Legal,Director,San Francisco,96523.42,6158.7,2022-09-21,0,100.0,christopher.wilson@company.com,(402) 910-6072,Active
EMP026145,William,Brown,William Brown,47,Engineering,Coordinator,Los Angeles,88896.89,2209.24,2020-03-25,24,82.7,william.brown@company.com,(755) 318-5538,Active
EMP026146,Daniel,Martin,Daniel Martin,29,Operations,Specialist,Chicago,53256.78,5089.98,2024-02-20,0,68.4,daniel.martin@company.com,(561) 961-7331,Active
EMP026147,Nicole,Jones,Nicole Jones,56,Marketing,Specialist,Miami,82876.08,9039.1,2021-03-06,32,45.3,nicole.jones@company.com,(326) 677-3868,Active
EMP026148,Michael,Williams,Michael Williams,49,Marketing,Director,San Francisco,49338.6,4164.95,2024-11-21,26,89.4,michael.williams@company.com,(395) 369-7301,On Leave
EMP026149,Stephanie,Martin,Stephanie Martin,56,Marketing,Coordinator,Boston,80349.66,14280.95,2022-12-29,34,66.2,stephanie.martin@company.com,(335) 962-9517,Active
EMP026150,Jane,Jackson,Jane Jackson,29,Legal,Associate,San Francisco,85899.28,4117.5,2021-05-06,1,77.7,jane.jackson@company.com,(619) 503-9173,Active
EMP026151,Robert,Moore,Robert Moore,32,HR,Lead,Seattle,54067.13,12900.47,2024-06-26,9,72.4,robert.moore@company.com,(941) 651-8452,Inactive
EMP026152,James,Martinez,James Martinez,34,Legal,Analyst,Boston,82450.91,14467.65,2022-11-05,8,78.3,james.martinez@company.com,(521) 878-9497,Active
EMP026153,Michael,Thomas,Michael Thomas,38,HR,Manager,Chicago,69684.83,8415.9,2023-06-01,9,58.3,michael.thomas@company.com,(384) 995-3606,Inactive
EMP026154,Michael,Garcia,Michael Garcia,52,HR,Director,Los Angeles,57063.9,1115.71,2023-11-08,25,55.5,michael.garcia@company.com,(642) 509-8859,Active
EMP026155,John,Jones,John Jones,44,HR,Analyst,San Francisco,81369.47,8515.88,2023-02-07,18,44.8,john.jones@company.com,(684) 341-2243,Active
EMP026156,Lisa,Jones,Lisa Jones,32,HR,Coordinator,Los Angeles,70917.92,6448.82,2023-12-26,4,80.1,lisa.jones@company.com,(456) 231-4525,On Leave
EMP026157,Michael,Davis,Michael Davis,60,Operations,Manager,Austin,41696.04,5199.89,2023-08-13,37,65.7,michael.davis@company.com,(313) 200-1568,Active
EMP026158,Anthony,Smith,Anthony Smith,31,Sales,Specialist,Boston,68314.14,5632.28,2020-10-07,2,100.0,anthony.smith@company.com,(594) 331-3321,On Leave
EMP026159,Emily,Martin,Emily Martin,51,Finance,Specialist,New York,91024.63,12463.44,2024-12-02,27,52.4,emily.martin@company.com,(521) 288-9657,Active
EMP026160,Emily,Rodriguez,Emily Rodriguez,25,IT,Manager,Boston,72959.28,9059.42,2022-05-03,1,84.0,emily.rodriguez@company.com,(976) 841-7422,Active
EMP026161,John,Taylor,John Taylor,60,Finance,Analyst,Los Angeles,85578.7,6151.74,2023-10-07,31,100.0,john.taylor@company.com,(288) 788-2145,Active
EMP026162,Lisa,Moore,Lisa Moore,31,Sales,Specialist,Chicago,60704.82,10820.83,2022-10-07,5,72.3,lisa.moore@company.com,(483) 585-4891,Inactive
EMP026163,Daniel,Johnson,Daniel Johnson,43,HR,Analyst,San Francisco,60775.51,12698.51,2024-07-14,16,95.1,daniel.johnson@company.com,(929) 360-1400,Active
EMP026164,David,Jackson,David Jackson,42,Legal,Associate,Los Angeles,106208.12,5600.56,2024-02-25,20,76.0,david.jackson@company.com,(304) 892-2914,Active
EMP026165,Nicole,Miller,Nicole Miller,37,HR,Specialist,Boston,68777.08,3511.94,2020-11-08,14,75.2,nicole.miller@company.com,(541) 581-7335,Active
EMP026166,Amanda,Jones,Amanda Jones,47,Legal,Lead,New York,90432.23,10682.53,2024-05-29,24,70.4,amanda.jones@company.com,(215) 247-4189,Active
EMP026167,Ashley,Wilson,Ashley Wilson,39,Engineering,Lead,San Francisco,79637.18,8334.9,2022-08-06,10,65.6,ashley.wilson@company.com,(267) 579-7221,Active
EMP026168,Amanda,Anderson,Amanda Anderson,58,HR,Associate,San Francisco,81692.99,1650.39,2022-10-19,36,74.2,amanda.anderson@company.com,(798) 917-3254,Active
EMP026169,William,Lopez,William Lopez,33,IT,Director,Boston,78367.44,2325.4,2024-07-20,10,24.0,william.lopez@company.com,(809) 615-4055,Active
EMP026170,Daniel,Miller,Daniel Miller,63,Sales,Analyst,Seattle,111478.37,11937.43,2021-02-10,39,62.7,daniel.miller@company.com,(786) 657-4877,Active
EMP026171,Lisa,Garcia,Lisa Garcia,28,IT,Lead,Austin,93626.51,9551.72,2023-07-24,3,67.8,lisa.garcia@company.com,(328) 392-3340,Active
EMP026172,William,Moore,William Moore,55,Legal,Lead,New York,71884.48,10995.43,2020-02-02,30,79.8,william.moore@company.com,(428) 339-5595,Active
EMP026173,David,Martinez,David Martinez,52,IT,Analyst,Chicago,74990.96,12045.29,2022-12-27,26,87.4,david.martinez@company.com,(583) 342-4889,Active
EMP026174,Daniel,Hernandez,Daniel Hernandez,40,IT,Lead,Miami,98038.92,11463.75,2024-10-07,17,91.0,daniel.hernandez@company.com,(899) 940-1993,Active
EMP026175,Stephanie,Martin,Stephanie Martin,26,IT,Associate,San Francisco,75263.99,8818.25,2024-07-10,2,100.0,stephanie.martin@company.com,(274) 740-5573,Active
EMP026176,Michael,Jones,Michael Jones,34,Marketing,Analyst,Chicago,58172.53,5325.31,2020-08-08,5,93.9,michael.jones@company.com,(560) 435-4670,Active
EMP026177,William,Anderson,William Anderson,61,Finance,Lead,Austin,132537.48,13864.59,2024-06-19,32,74.2,william.anderson@company.com,(289) 390-4240,Active
EMP026178,Jessica,Gonzalez,Jessica Gonzalez,62,HR,Director,Chicago,87411.14,4335.56,2020-10-19,35,73.7,jessica.gonzalez@company.com,(851) 334-4830,Active
EMP026179,Nicole,Martinez,Nicole Martinez,62,Engineering,Lead,Los Angeles,99763.11,23529.04,2020-08-10,37,74.9,nicole.martinez@company.com,(760) 401-7006,Active
EMP026180,Anthony,Jackson,Anthony Jackson,30,Finance,Senior Developer,Boston,84984.9,2264.31,2024-03-03,1,72.0,anthony.jackson@company.com,(312) 523-5135,Active
EMP026181,Stephanie,Garcia,Stephanie Garcia,37,Sales,Analyst,New York,88489.64,9126.53,2023-08-10,12,97.7,stephanie.garcia@company.com,(915) 523-2268,Active
EMP026182,Ashley,Rodriguez,Ashley Rodriguez,49,Legal,Associate,San Francisco,102583.87,8867.62,2024-02-10,22,61.9,ashley.rodriguez@company.com,(272) 303-2042,Active
EMP026183,Emily,Taylor,Emily Taylor,50,Sales,Specialist,Seattle,86001.04,9002.08,2021-04-28,23,72.9,emily.taylor@company.com,(518) 942-8654,Active
EMP026184,Lisa,Wilson,Lisa Wilson,65,Finance,Manager,Miami,98270.11,4109.45,2023-04-19,40,100.0,lisa.wilson@company.com,(502) 330-4550,Active
EMP026185,John,Miller,John Miller,34,Finance,Specialist,New York,76423.9,8941.59,2022-08-04,9,79.4,john.miller@company.com,(646) 530-5071,Active
EMP026186,David,Miller,David Miller,36,Sales,Senior Developer,Miami,85783.27,13596.73,2024-08-14,7,86.1,david.miller@company.com,(822) 540-8726,On Leave
EMP026187,James,Jones,James Jones,48,IT,Specialist,San Francisco,97534.44,7638.11,2020-08-10,21,62.9,james.jones@company.com,(723) 792-8521,Active
EMP026188,Ashley,Thomas,Ashley Thomas,31,IT,Specialist,Chicago,37611.42,3974.89,2024-03-03,6,84.3,ashley.thomas@company.com,(389) 362-3443,Inactive
EMP026189,James,Lopez,James Lopez,39,Marketing,Coordinator,Boston,90573.36,8758.53,2023-09-26,14,63.6,james.lopez@company.com,(563) 984-9826,Active
EMP026190,Jessica,Anderson,Jessica Anderson,43,Engineering,Lead,Boston,94887.89,9729.68,2024-03-22,14,78.8,jessica.anderson@company.com,(723) 731-6633,Active
EMP026191,William,Anderson,William Anderson,61,Marketing,Manager,New York,76583.76,8821.37,2021-10-06,33,84.3,william.anderson@company.com,(202) 839-3245,Active
EMP026192,Anthony,Martin,Anthony Martin,47,Operations,Director,Austin,66817.62,6534.77,2020-01-31,22,58.3,anthony.martin@company.com,(919) 962-4289,Active
EMP026193,John,Moore,John Moore,60,Engineering,Analyst,Seattle,101743.49,10792.35,2020-05-03,36,81.9,john.moore@company.com,(254) 443-4406,Active
EMP026194,Anthony,Williams,Anthony Williams,49,Sales,Manager,Austin,71149.61,13064.63,2024-12-30,27,70.1,anthony.williams@company.com,(973) 853-1242,Active
EMP026195,Amanda,Rodriguez,Amanda Rodriguez,39,Finance,Specialist,Boston,102040.97,5419.34,2022-02-18,10,66.7,amanda.rodriguez@company.com,(989) 621-8082,Active
EMP026196,Amanda,Martin,Amanda Martin,25,Marketing,Manager,Chicago,51576.89,814.44,2024-03-22,0,82.9,amanda.martin@company.com,(833) 678-9109,Active
EMP026197,Anthony,Davis,Anthony Davis,61,Operations,Coordinator,San Francisco,88531.71,1665.46,2022-07-28,39,82.9,anthony.davis@company.com,(901) 249-8767,Active
EMP026198,Ashley,Lopez,Ashley Lopez,63,Legal,Manager,Miami,100270.69,13012.98,2023-07-16,34,87.7,ashley.lopez@company.com,(471) 494-8567,Active
EMP026199,Emily,Miller,Emily Miller,52,HR,Manager,San Francisco,81874.94,1464.6,2020-01-08,27,50.3,emily.miller@company.com,(484) 583-1557,On Leave
EMP026200,William,Smith,William Smith,59,Finance,Manager,Austin,100700.37,9074.26,2024-09-27,37,80.8,william.smith@company.com,(230) 600-1591,Active
EMP026201,David,Davis,David Davis,52,Marketing,Manager,Chicago,77403.37,10088.06,2024-02-12,23,75.1,david.davis@company.com,(554) 984-4649,Active
EMP026202,Emily,Garcia,Emily Garcia,35,Legal,Director,Chicago,93071.67,0.0,2021-06-29,7,76.2,emily.garcia@company.com,(935) 219-4135,Active
EMP026203,Sarah,Garcia,Sarah Garcia,61,Marketing,Analyst,Miami,82306.77,4587.93,2023-09-24,33,56.4,sarah.garcia@company.com,(418) 474-3693,Active
EMP026204,Christopher,Williams,Christopher Williams,26,Finance,Analyst,New York,59853.56,3637.58,2022-02-06,3,78.3,christopher.williams@company.com,(521) 965-5281,Active
EMP026205,Christopher,Rodriguez,Christopher Rodriguez,53,IT,Analyst,Austin,110586.28,13003.5,2022-06-12,24,76.6,christopher.rodriguez@company.com,(230) 947-7810,Active
EMP026206,Michael,Moore,Michael Moore,46,Engineering,Associate,Boston,96506.41,11329.27,2020-05-31,22,44.1,michael.moore@company.com,(731) 448-3371,Active
EMP026207,Nicole,Gonzalez,Nicole Gonzalez,29,Operations,Senior Developer,Seattle,59947.8,8398.0,2021-03-23,0,73.8,nicole.gonzalez@company.com,(763) 705-6296,Active
EMP026208,Sarah,Anderson,Sarah Anderson,65,Marketing,Analyst,Austin,94966.08,9614.41,2022-02-27,40,93.2,sarah.anderson@company.com,(901) 809-5058,Active
EMP026209,William,Lopez,William Lopez,34,Legal,Coordinator,Boston,92643.88,15391.53,2024-01-17,10,47.9,william.lopez@company.com,(869) 904-2344,Active
EMP026210,Sarah,Gonzalez,Sarah Gonzalez,25,Operations,Coordinator,Boston,40783.79,5191.69,2022-02-19,0,64.4,sarah.gonzalez@company.com,(223) 844-8539,Active
EMP026211,Sarah,Rodriguez,Sarah Rodriguez,35,IT,Coordinator,Seattle,85498.86,4040.36,2020-10-10,11,59.6,sarah.rodriguez@company.com,(719) 654-5986,Active
EMP026212,Jessica,Martinez,Jessica Martinez,33,Legal,Manager,Chicago,117174.84,10220.35,2020-03-14,10,95.0,jessica.martinez@company.com,(254) 905-8053,On Leave
EMP026213,John,Gonzalez,John Gonzalez,51,HR,Associate,San Francisco,66554.12,7006.96,2024-03-05,23,83.8,john.gonzalez@company.com,(692) 546-8852,Active
EMP026214,Michael,Smith,Michael Smith,58,Marketing,Associate,New York,72093.39,3619.85,2021-05-30,29,57.6,michael.smith@company.com,(520) 865-2244,Active
EMP026215,Nicole,Davis,Nicole Davis,37,HR,Manager,Miami,68753.76,6780.89,2022-11-09,15,79.4,nicole.davis@company.com,(321) 766-8542,Active
EMP026216,James,Jones,James Jones,59,Operations,Specialist,Miami,72483.27,7681.23,2020-06-03,36,74.7,james.jones@company.com,(213) 595-9618,Active
EMP026217,Robert,Moore,Robert Moore,44,Finance,Associate,San Francisco,44372.3,7967.88,2023-11-04,21,85.2,robert.moore@company.com,(425) 787-3129,Active
EMP026218,Melissa,Martinez,Melissa Martinez,43,IT,Specialist,Austin,101708.88,14701.68,2024-05-07,20,92.8,melissa.martinez@company.com,(387) 698-1459,Active
EMP026219,Daniel,Johnson,Daniel Johnson,51,Operations,Analyst,Austin,75554.27,7673.8,2022-05-02,22,96.6,daniel.johnson@company.com,(997) 667-8155,Active
EMP026220,Ashley,Lopez,Ashley Lopez,50,Marketing,Coordinator,New York,63771.95,785.53,2023-12-11,21,80.6,ashley.lopez@company.com,(507) 620-7991,Active
EMP026221,Lisa,Wilson,Lisa Wilson,58,Operations,Lead,Miami,49859.07,3310.54,2021-12-31,29,94.2,lisa.wilson@company.com,(881) 775-5240,Active
EMP026222,John,Lopez,John Lopez,55,HR,Senior Developer,Chicago,60312.73,6953.61,2023-02-22,30,98.7,john.lopez@company.com,(688) 937-1037,Active
EMP026223,James,Hernandez,James Hernandez,23,Legal,Senior Developer,Miami,108903.96,3534.92,2024-12-13,0,65.8,james.hernandez@company.com,(807) 900-1268,On Leave
EMP026224,Michael,Taylor,Michael Taylor,53,Legal,Manager,San Francisco,98177.03,4233.68,2020-08-19,28,66.3,michael.taylor@company.com,(817) 287-9658,Active
EMP026225,William,Jackson,William Jackson,50,Sales,Associate,Chicago,65226.77,9644.34,2022-06-02,21,72.9,william.jackson@company.com,(539) 345-2694,Active
EMP026226,Melissa,Wilson,Melissa Wilson,32,HR,Analyst,Los Angeles,33518.94,3449.04,2021-05-14,8,92.9,melissa.wilson@company.com,(804) 844-3679,Active
EMP026227,David,Johnson,David Johnson,34,Sales,Manager,San Francisco,78966.23,0.0,2021-09-11,8,42.6,david.johnson@company.com,(308) 375-1750,Inactive
EMP026228,Anthony,Smith,Anthony Smith,50,Operations,Specialist,Boston,72661.56,6335.62,2022-04-04,25,75.8,anthony.smith@company.com,(427) 641-6405,Active
EMP026229,Amanda,Johnson,Amanda Johnson,36,Marketing,Senior Developer,Chicago,41925.44,2501.79,2023-07-02,12,75.3,amanda.johnson@company.com,(721) 959-5932,Active
EMP026230,James,Martinez,James Martinez,22,HR,Coordinator,San Francisco,56185.83,3104.38,2021-01-26,0,78.6,james.martinez@company.com,(626) 252-7091,Active
EMP026231,Nicole,Smith,Nicole Smith,24,Sales,Specialist,New York,45644.15,4103.12,2020-10-15,1,86.1,nicole.smith@company.com,(766) 454-7659,Active
EMP026232,Lisa,Miller,Lisa Miller,45,Operations,Coordinator,Los Angeles,56712.36,5420.53,2022-08-05,23,78.4,lisa.miller@company.com,(517) 294-7888,On Leave
EMP026233,Ashley,Martin,Ashley Martin,57,Operations,Associate,Austin,61216.96,7363.38,2022-02-24,35,83.1,ashley.martin@company.com,(354) 929-4768,Active
EMP026234,Michael,Martinez,Michael Martinez,24,Operations,Associate,Seattle,53144.66,8986.57,2023-02-04,0,67.9,michael.martinez@company.com,(258) 555-8957,Inactive
EMP026235,Christopher,Gonzalez,Christopher Gonzalez,24,Marketing,Senior Developer,Seattle,40414.83,0.0,2023-07-09,0,69.7,christopher.gonzalez@company.com,(260) 912-8211,On Leave
EMP026236,William,Gonzalez,William Gonzalez,42,HR,Lead,San Francisco,67894.99,5343.9,2023-10-09,17,76.3,william.gonzalez@company.com,(898) 878-1917,Inactive
EMP026237,Christopher,Davis,Christopher Davis,44,Finance,Senior Developer,Austin,58592.29,4077.5,2023-01-30,15,63.6,christopher.davis@company.com,(454) 637-2152,Active
EMP026238,Robert,Wilson,Robert Wilson,40,Operations,Specialist,New York,81559.56,4134.03,2023-11-21,12,85.1,robert.wilson@company.com,(702) 643-8596,Inactive
EMP026239,Lisa,Jackson,Lisa Jackson,42,Operations,Specialist,Boston,53009.97,5161.63,2024-10-15,16,55.8,lisa.jackson@company.com,(871) 744-2586,On Leave
EMP026240,Anthony,Taylor,Anthony Taylor,45,Legal,Director,Seattle,99360.01,14125.38,2024-08-22,16,64.3,anthony.taylor@company.com,(406) 606-4306,Active
EMP026241,Jessica,Hernandez,Jessica Hernandez,44,Marketing,Manager,Boston,78832.23,5274.89,2020-04-18,15,91.6,jessica.hernandez@company.com,(212) 268-8510,Active
EMP026242,Michael,Miller,Michael Miller,50,Sales,Analyst,Boston,76242.15,5960.85,2023-07-18,22,76.7,michael.miller@company.com,(541) 344-5544,Active
EMP026243,Ashley,Moore,Ashley Moore,65,Finance,Coordinator,Chicago,97599.55,6130.08,2021-02-24,41,73.8,ashley.moore@company.com,(509) 895-6007,Inactive
EMP026244,Stephanie,Martin,Stephanie Martin,30,Finance,Analyst,San Francisco,79472.13,12924.36,2021-12-02,4,42.1,stephanie.martin@company.com,(431) 380-6923,Active
EMP026245,Jane,Johnson,Jane Johnson,47,Marketing,Director,Seattle,77795.89,3519.18,2023-12-06,19,92.3,jane.johnson@company.com,(239) 700-3861,Inactive
EMP026246,Jane,Anderson,Jane Anderson,41,Operations,Associate,Austin,83376.26,9720.27,2021-12-27,14,78.2,jane.anderson@company.com,(824) 887-2848,Active
EMP026247,Emily,Martin,Emily Martin,54,Engineering,Specialist,Boston,105134.83,17655.51,2022-04-04,25,56.3,emily.martin@company.com,(695) 701-3548,Active
EMP026248,Anthony,Smith,Anthony Smith,45,Legal,Analyst,New York,99880.05,6460.58,2021-06-26,20,75.4,anthony.smith@company.com,(280) 607-8379,Active
EMP026249,William,Lopez,William Lopez,56,HR,Associate,Seattle,89057.87,6551.01,2020-09-17,27,64.5,william.lopez@company.com,(868) 982-2100,Active
EMP026250,Nicole,Williams,Nicole Williams,36,Legal,Associate,Chicago,63285.69,11506.76,2023-06-26,10,45.6,nicole.williams@company.com,(376) 572-4843,Active
EMP026251,Ashley,Johnson,Ashley Johnson,25,Marketing,Director,Los Angeles,63475.72,5387.25,2024-04-02,0,100.0,ashley.johnson@company.com,(577) 975-4405,Active
EMP026252,Anthony,Miller,Anthony Miller,53,Operations,Associate,Seattle,83993.31,6414.41,2024-07-30,26,77.8,anthony.miller@company.com,(903) 378-1449,Active
EMP026253,Matthew,Davis,Matthew Davis,37,Marketing,Manager,Miami,60662.93,5784.88,2021-08-30,13,68.2,matthew.davis@company.com,(486) 498-7934,Active
EMP026254,Anthony,Hernandez,Anthony Hernandez,32,Finance,Coordinator,Boston,85406.95,6130.69,2020-12-09,10,100.0,anthony.hernandez@company.com,(638) 765-4398,Active
EMP026255,Nicole,Garcia,Nicole Garcia,56,Operations,Coordinator,Seattle,79854.57,6557.04,2024-02-16,32,36.7,nicole.garcia@company.com,(343) 394-6852,Active
EMP026256,Nicole,Rodriguez,Nicole Rodriguez,22,IT,Analyst,San Francisco,75238.31,10597.44,2023-04-01,0,93.9,nicole.rodriguez@company.com,(523) 513-5038,Active
EMP026257,John,Brown,John Brown,24,Legal,Analyst,Austin,60835.62,3062.95,2023-08-16,0,76.1,john.brown@company.com,(939) 956-9907,On Leave
EMP026258,Matthew,Wilson,Matthew Wilson,29,Finance,Specialist,New York,58753.32,504.06,2021-06-22,1,78.2,matthew.wilson@company.com,(357) 603-6151,Active
EMP026259,Ashley,Jones,Ashley Jones,37,HR,Coordinator,Boston,60374.68,2863.73,2023-01-05,9,83.2,ashley.jones@company.com,(927) 592-9920,Active
EMP026260,Stephanie,Jackson,Stephanie Jackson,46,Operations,Manager,Seattle,59759.81,2344.55,2023-04-03,21,79.2,stephanie.jackson@company.com,(828) 486-4072,Active
EMP026261,Christopher,Davis,Christopher Davis,24,HR,Analyst,Seattle,64447.86,6312.79,2021-07-30,2,78.3,christopher.davis@company.com,(270) 423-5953,Active
EMP026262,Matthew,Moore,Matthew Moore,52,Operations,Lead,Austin,55931.57,2734.08,2023-03-17,23,96.2,matthew.moore@company.com,(695) 647-2581,Active
EMP026263,Lisa,Brown,Lisa Brown,36,Marketing,Associate,Los Angeles,73991.18,7498.46,2020-03-08,8,79.3,lisa.brown@company.com,(495) 731-8656,Active
EMP026264,Amanda,Jackson,Amanda Jackson,49,HR,Manager,Austin,73435.03,11236.32,2022-06-20,24,63.4,amanda.jackson@company.com,(258) 303-2501,Active
EMP026265,Melissa,Martinez,Melissa Martinez,58,Legal,Coordinator,Boston,103531.44,7914.89,2024-07-08,34,86.8,melissa.martinez@company.com,(409) 254-2501,On Leave
EMP026266,Michael,Smith,Michael Smith,28,HR,Coordinator,Austin,54524.36,3950.16,2024-02-15,0,61.0,michael.smith@company.com,(990) 257-4896,Active
EMP026267,Matthew,Smith,Matthew Smith,45,Legal,Director,Boston,72830.51,5926.79,2022-07-31,19,66.1,matthew.smith@company.com,(254) 737-1236,Active
EMP026268,Ashley,Wilson,Ashley Wilson,61,Legal,Director,San Francisco,134748.94,10587.66,2023-05-12,38,70.5,ashley.wilson@company.com,(754) 267-9116,Active
EMP026269,Daniel,Brown,Daniel Brown,26,Engineering,Lead,Los Angeles,79573.83,6720.54,2022-10-06,0,80.5,daniel.brown@company.com,(692) 718-2168,Active
EMP026270,Ashley,Martin,Ashley Martin,40,Engineering,Associate,Austin,109579.93,21008.61,2023-08-26,17,75.4,ashley.martin@company.com,(201) 607-8769,Active
EMP026271,David,Martin,David Martin,32,HR,Coordinator,Chicago,78704.77,10722.58,2023-01-04,9,66.7,david.martin@company.com,(647) 816-8871,Active
EMP026272,Stephanie,Miller,Stephanie Miller,40,Finance,Associate,New York,85912.03,14854.28,2021-02-28,16,85.6,stephanie.miller@company.com,(986) 403-8164,Active
EMP026273,Michael,Gonzalez,Michael Gonzalez,44,Engineering,Director,San Francisco,95444.23,6336.4,2024-02-05,22,59.1,michael.gonzalez@company.com,(514) 597-5845,Active
EMP026274,David,Martinez,David Martinez,52,Legal,Lead,San Francisco,101583.63,16830.89,2021-05-19,30,80.1,david.martinez@company.com,(360) 553-6829,Active
EMP026275,Emily,Wilson,Emily Wilson,50,Engineering,Manager,New York,76576.64,8247.75,2024-07-18,26,61.6,emily.wilson@company.com,(610) 466-6205,Active
EMP026276,Christopher,Thomas,Christopher Thomas,54,IT,Analyst,Chicago,113544.79,1353.6,2023-06-08,30,64.9,christopher.thomas@company.com,(918) 869-3633,Active
EMP026277,Jessica,Brown,Jessica Brown,58,IT,Analyst,Los Angeles,119966.1,26035.34,2020-03-11,33,91.8,jessica.brown@company.com,(446) 776-8072,On Leave
EMP026278,Melissa,Anderson,Melissa Anderson,50,Operations,Lead,Austin,70152.68,5049.3,2021-02-10,23,70.3,melissa.anderson@company.com,(468) 942-1434,Active
EMP026279,Lisa,Brown,Lisa Brown,23,Marketing,Analyst,Boston,66439.42,7475.67,2024-09-03,0,76.3,lisa.brown@company.com,(648) 885-6410,On Leave
EMP026280,Stephanie,Brown,Stephanie Brown,22,Sales,Associate,Chicago,34321.71,2057.92,2024-11-30,0,88.1,stephanie.brown@company.com,(517) 618-5227,Active
EMP026281,Anthony,Brown,Anthony Brown,30,Finance,Analyst,Boston,62381.8,4300.69,2023-12-27,3,65.2,anthony.brown@company.com,(450) 752-7954,Active
EMP026282,Jane,Moore,Jane Moore,44,HR,Lead,Miami,46429.99,4388.08,2023-12-27,22,78.1,jane.moore@company.com,(658) 705-6693,Inactive
EMP026283,Anthony,Lopez,Anthony Lopez,58,Finance,Associate,San Francisco,97805.36,3939.47,2021-02-16,32,78.7,anthony.lopez@company.com,(316) 577-7460,Active
EMP026284,William,Anderson,William Anderson,50,IT,Coordinator,Chicago,76818.77,1101.59,2020-01-02,22,57.7,william.anderson@company.com,(755) 614-8020,Inactive
EMP026285,David,Taylor,David Taylor,29,Finance,Specialist,Los Angeles,92065.06,15980.96,2020-05-21,0,58.9,david.taylor@company.com,(796) 767-4114,On Leave
EMP026286,Lisa,Rodriguez,Lisa Rodriguez,23,Marketing,Senior Developer,Los Angeles,47059.11,6429.51,2021-02-12,0,68.6,lisa.rodriguez@company.com,(640) 419-3503,Active
EMP026287,William,Lopez,William Lopez,61,Finance,Associate,New York,114651.86,14333.43,2020-01-16,34,56.5,william.lopez@company.com,(614) 473-7287,Active
EMP026288,Daniel,Lopez,Daniel Lopez,48,Finance,Senior Developer,Seattle,63290.39,6415.23,2020-10-03,22,71.5,daniel.lopez@company.com,(777) 787-6235,Active
EMP026289,Anthony,Johnson,Anthony Johnson,61,Operations,Associate,Seattle,97616.65,15130.88,2021-10-16,32,76.8,anthony.johnson@company.com,(636) 688-5604,Active
EMP026290,Jessica,Davis,Jessica Davis,62,Sales,Specialist,Miami,95250.06,1183.46,2023-11-26,33,56.3,jessica.davis@company.com,(638) 574-6811,Active
EMP026291,David,Thomas,David Thomas,35,Sales,Specialist,Seattle,60229.95,8939.1,2020-08-13,6,92.3,david.thomas@company.com,(879) 567-4984,Active
EMP026292,Daniel,Wilson,Daniel Wilson,62,Engineering,Associate,Boston,91144.2,8751.57,2023-01-31,36,81.5,daniel.wilson@company.com,(394) 767-7724,Active
EMP026293,Ashley,Martin,Ashley Martin,35,Engineering,Manager,Seattle,108411.85,15337.88,2021-10-18,12,85.7,ashley.martin@company.com,(586) 497-1239,Active
EMP026294,Melissa,Anderson,Melissa Anderson,39,Finance,Specialist,Boston,142037.05,26252.9,2022-10-22,17,80.9,melissa.anderson@company.com,(436) 342-9619,Active
EMP026295,Jane,Smith,Jane Smith,59,HR,Senior Developer,Boston,76644.44,7243.38,2023-02-08,35,59.0,jane.smith@company.com,(330) 943-6111,Inactive
EMP026296,James,Williams,James Williams,51,Marketing,Manager,Los Angeles,93280.64,5386.91,2024-03-14,22,72.6,james.williams@company.com,(920) 638-8668,Active
EMP026297,Daniel,Garcia,Daniel Garcia,49,Operations,Senior Developer,Boston,72981.43,11713.57,2023-01-04,20,58.2,daniel.garcia@company.com,(402) 341-5213,Active
EMP026298,William,Martinez,William Martinez,54,Finance,Senior Developer,Austin,134616.22,14826.03,2024-04-17,25,80.6,william.martinez@company.com,(312) 912-5866,Active
EMP026299,Nicole,Wilson,Nicole Wilson,41,Finance,Senior Developer,New York,98749.7,1961.08,2021-10-12,18,85.4,nicole.wilson@company.com,(490) 385-5983,Active
EMP026300,Lisa,Miller,Lisa Miller,55,HR,Lead,San Francisco,75689.59,9246.72,2020-07-17,28,62.0,lisa.miller@company.com,(583) 945-7937,Active
EMP026301,Matthew,Johnson,Matthew Johnson,43,IT,Lead,Miami,87260.41,6179.44,2020-07-26,21,63.4,matthew.johnson@company.com,(767) 449-7116,Active
EMP026302,Robert,Rodriguez,Robert Rodriguez,61,Operations,Lead,Austin,89119.8,7546.36,2023-07-21,38,61.8,robert.rodriguez@company.com,(874) 338-5770,Active
EMP026303,Ashley,Miller,Ashley Miller,63,Operations,Associate,Miami,83131.09,11760.24,2023-02-17,41,72.7,ashley.miller@company.com,(348) 820-1576,Inactive
EMP026304,David,Anderson,David Anderson,57,Marketing,Specialist,Los Angeles,83459.69,5192.24,2021-05-21,30,64.7,david.anderson@company.com,(839) 758-8621,Active
EMP026305,Matthew,Wilson,Matthew Wilson,33,Sales,Manager,Los Angeles,58812.29,3658.99,2020-09-19,5,83.7,matthew.wilson@company.com,(458) 815-2091,Active
EMP026306,David,Williams,David Williams,61,Sales,Associate,Miami,103758.08,16543.56,2024-11-21,36,74.6,david.williams@company.com,(751) 882-7971,Active
EMP026307,Matthew,Gonzalez,Matthew Gonzalez,30,Operations,Director,Miami,62394.23,10374.4,2021-06-19,6,67.6,matthew.gonzalez@company.com,(868) 524-2481,Active
EMP026308,Stephanie,Williams,Stephanie Williams,39,HR,Senior Developer,Austin,79509.75,8771.3,2021-05-24,14,55.9,stephanie.williams@company.com,(541) 260-3763,On Leave
EMP026309,Nicole,Davis,Nicole Davis,49,Legal,Associate,Austin,113073.85,3329.22,2021-05-11,24,81.5,nicole.davis@company.com,(484) 652-2161,Active
EMP026310,Jessica,Moore,Jessica Moore,45,HR,Coordinator,Chicago,72129.56,1659.77,2022-03-27,21,83.2,jessica.moore@company.com,(681) 743-6969,Active
EMP026311,Emily,Lopez,Emily Lopez,40,Marketing,Specialist,Austin,58050.42,4459.1,2020-01-15,13,56.7,emily.lopez@company.com,(631) 411-7292,Active
EMP026312,Sarah,Hernandez,Sarah Hernandez,29,Engineering,Associate,Chicago,68462.33,5786.31,2021-02-24,5,95.8,sarah.hernandez@company.com,(769) 660-2925,Active
EMP026313,Michael,Thomas,Michael Thomas,63,IT,Associate,Los Angeles,115438.56,17316.32,2022-08-18,37,80.4,michael.thomas@company.com,(241) 295-9373,Active
EMP026314,John,Martin,John Martin,49,Legal,Coordinator,San Francisco,103883.13,2267.82,2023-10-26,23,64.3,john.martin@company.com,(484) 662-7919,Active
EMP026315,Jessica,Martinez,Jessica Martinez,49,HR,Manager,Los Angeles,63854.89,8699.0,2023-07-16,23,86.9,jessica.martinez@company.com,(884) 933-6023,Active
EMP026316,David,Davis,David Davis,36,IT,Coordinator,Los Angeles,121686.24,6719.75,2020-11-05,8,55.5,david.davis@company.com,(997) 611-9789,Active
EMP026317,John,Moore,John Moore,24,Legal,Analyst,Los Angeles,96016.19,7492.23,2024-06-23,2,61.3,john.moore@company.com,(617) 574-4953,Inactive
EMP026318,Sarah,Wilson,Sarah Wilson,52,Legal,Lead,Miami,86694.81,5946.98,2021-09-10,25,78.0,sarah.wilson@company.com,(992) 756-1367,Active
EMP026319,Jane,Gonzalez,Jane Gonzalez,63,HR,Analyst,Los Angeles,70167.86,3180.44,2020-12-02,38,90.7,jane.gonzalez@company.com,(767) 580-7076,Active
EMP026320,Nicole,Rodriguez,Nicole Rodriguez,35,HR,Coordinator,Austin,50318.41,706.28,2020-05-05,11,83.8,nicole.rodriguez@company.com,(725) 646-2046,Active
EMP026321,Emily,Hernandez,Emily Hernandez,40,Operations,Lead,Boston,62313.59,5527.26,2021-11-01,12,74.5,emily.hernandez@company.com,(318) 360-5394,Active
EMP026322,Lisa,Davis,Lisa Davis,40,Engineering,Lead,Austin,94886.57,8096.16,2023-09-11,12,73.6,lisa.davis@company.com,(845) 982-7380,Active
EMP026323,William,Rodriguez,William Rodriguez,30,Marketing,Manager,San Francisco,63186.3,11568.18,2021-06-22,3,89.1,william.rodriguez@company.com,(235) 703-1844,Active
EMP026324,Stephanie,Davis,Stephanie Davis,49,Operations,Director,Chicago,76125.45,6730.65,2023-06-20,23,70.6,stephanie.davis@company.com,(625) 603-7485,Active
EMP026325,William,Jones,William Jones,61,IT,Director,Seattle,99350.92,0.0,2022-02-14,33,81.0,william.jones@company.com,(744) 575-9761,Active
EMP026326,Lisa,Lopez,Lisa Lopez,45,IT,Director,Los Angeles,115178.1,8116.07,2022-12-21,18,99.2,lisa.lopez@company.com,(901) 782-9661,Inactive
EMP026327,Emily,Williams,Emily Williams,30,Engineering,Associate,Los Angeles,76645.52,3720.98,2024-08-05,3,73.4,emily.williams@company.com,(459) 697-2217,Active
EMP026328,Jessica,Miller,Jessica Miller,57,Sales,Manager,Seattle,69012.22,4739.5,2021-11-07,30,74.7,jessica.miller@company.com,(717) 846-3170,Active
EMP026329,William,Miller,William Miller,27,Sales,Specialist,New York,57828.13,6110.21,2024-03-31,0,63.3,william.miller@company.com,(498) 667-1935,Active
EMP026330,Matthew,Williams,Matthew Williams,61,HR,Director,San Francisco,69007.17,3444.47,2023-03-24,35,71.6,matthew.williams@company.com,(457) 212-1740,Active
EMP026331,Matthew,Jones,Matthew Jones,39,Marketing,Lead,Austin,73616.07,5960.34,2022-01-26,14,64.3,matthew.jones@company.com,(360) 375-9615,Active
EMP026332,Daniel,Smith,Daniel Smith,61,Engineering,Lead,Boston,130036.52,18871.79,2021-10-06,34,84.8,daniel.smith@company.com,(395) 439-3616,Inactive
EMP026333,William,Taylor,William Taylor,54,HR,Analyst,Austin,78185.57,9427.34,2022-01-05,30,93.4,william.taylor@company.com,(992) 873-6096,Active
EMP026334,Ashley,Martin,Ashley Martin,48,Marketing,Coordinator,Boston,64540.91,10565.16,2022-05-02,22,81.5,ashley.martin@company.com,(924) 530-8054,Active
EMP026335,Daniel,Jones,Daniel Jones,62,Sales,Manager,Seattle,101092.78,5475.07,2020-03-14,39,99.5,daniel.jones@company.com,(333) 349-7121,Active
EMP026336,Ashley,Johnson,Ashley Johnson,32,Finance,Specialist,Miami,62772.87,9598.15,2023-06-04,3,82.4,ashley.johnson@company.com,(782) 664-2946,On Leave
EMP026337,Jane,Jackson,Jane Jackson,65,Finance,Specialist,Boston,87997.95,6805.89,2022-05-28,36,83.0,jane.jackson@company.com,(225) 387-1233,Active
EMP026338,David,Moore,David Moore,42,Marketing,Specialist,Boston,82136.83,10062.75,2024-09-07,15,100.0,david.moore@company.com,(506) 332-2569,Active
EMP026339,Michael,Martinez,Michael Martinez,58,IT,Manager,Austin,122510.94,21511.07,2023-07-12,36,85.4,michael.martinez@company.com,(983) 893-7379,Active
EMP026340,Amanda,Johnson,Amanda Johnson,37,IT,Manager,San Francisco,74006.09,9610.58,2022-04-12,11,89.5,amanda.johnson@company.com,(367) 536-4824,On Leave
EMP026341,Christopher,Wilson,Christopher Wilson,56,Engineering,Director,Seattle,121618.56,15544.69,2020-12-25,30,98.3,christopher.wilson@company.com,(318) 683-5609,Active
EMP026342,Nicole,Brown,Nicole Brown,38,Operations,Lead,Seattle,56406.49,5197.77,2022-04-22,16,75.6,nicole.brown@company.com,(638) 423-8140,Active
EMP026343,Sarah,Thomas,Sarah Thomas,37,Legal,Associate,Los Angeles,100582.02,5844.5,2021-07-23,13,74.8,sarah.thomas@company.com,(310) 246-4197,Active
EMP026344,Christopher,Miller,Christopher Miller,24,Legal,Specialist,Boston,76087.27,6260.92,2021-03-09,2,81.6,christopher.miller@company.com,(913) 567-3443,Inactive
EMP026345,Matthew,Anderson,Matthew Anderson,56,Marketing,Analyst,Los Angeles,83806.27,11995.22,2022-11-10,31,85.2,matthew.anderson@company.com,(332) 307-4831,Active
EMP026346,David,Wilson,David Wilson,55,Finance,Coordinator,Los Angeles,74593.09,13346.3,2022-04-28,33,89.7,david.wilson@company.com,(569) 273-3776,Inactive
EMP026347,Ashley,Smith,Ashley Smith,37,Sales,Lead,Austin,81939.94,7167.77,2022-11-27,14,86.4,ashley.smith@company.com,(209) 598-3411,Active
EMP026348,Anthony,Smith,Anthony Smith,22,Sales,Analyst,Austin,65736.43,2410.74,2023-04-13,0,74.7,anthony.smith@company.com,(941) 246-4221,Inactive
EMP026349,Amanda,Moore,Amanda Moore,62,Sales,Specialist,Chicago,98953.06,8369.6,2022-01-18,35,63.0,amanda.moore@company.com,(692) 695-8192,Active
EMP026350,William,Wilson,William Wilson,52,HR,Manager,Los Angeles,73804.51,10728.27,2022-04-28,26,74.7,william.wilson@company.com,(582) 741-2538,Active
EMP026351,Matthew,Jones,Matthew Jones,28,Finance,Coordinator,San Francisco,52908.94,10022.19,2022-03-05,6,90.6,matthew.jones@company.com,(513) 957-1742,Active
EMP026352,Stephanie,Anderson,Stephanie Anderson,31,IT,Coordinator,New York,77899.5,9329.45,2021-02-17,4,88.1,stephanie.anderson@company.com,(412) 889-2726,Active
EMP026353,Melissa,Anderson,Melissa Anderson,49,Operations,Coordinator,San Francisco,78938.8,3422.22,2024-03-07,25,74.3,melissa.anderson@company.com,(945) 352-6276,Active
EMP026354,John,Rodriguez,John Rodriguez,27,IT,Analyst,Miami,72436.79,6023.48,2024-08-20,0,75.4,john.rodriguez@company.com,(966) 946-1804,Active
EMP026355,Sarah,Martinez,Sarah Martinez,23,Finance,Manager,Chicago,66824.96,6582.64,2024-08-14,0,81.5,sarah.martinez@company.com,(698) 710-8069,Active
EMP026356,Robert,Taylor,Robert Taylor,25,IT,Coordinator,Chicago,65964.32,7991.74,2020-05-20,3,86.2,robert.taylor@company.com,(606) 923-4117,Active
EMP026357,Melissa,Jones,Melissa Jones,40,Sales,Lead,Los Angeles,89420.88,11564.57,2023-12-18,11,83.7,melissa.jones@company.com,(256) 553-9787,Active
EMP026358,Melissa,Brown,Melissa Brown,24,HR,Associate,San Francisco,41859.81,7165.88,2022-03-22,0,90.5,melissa.brown@company.com,(628) 658-3200,Inactive
EMP026359,Stephanie,Hernandez,Stephanie Hernandez,32,Sales,Specialist,New York,65961.69,10891.06,2022-10-09,9,77.1,stephanie.hernandez@company.com,(943) 315-8664,Active
EMP026360,David,Williams,David Williams,65,HR,Specialist,Los Angeles,94740.88,8769.98,2023-05-28,40,63.7,david.williams@company.com,(800) 244-5275,Inactive
EMP026361,Sarah,Wilson,Sarah Wilson,33,Operations,Analyst,Seattle,49024.41,4169.25,2020-07-22,5,100.0,sarah.wilson@company.com,(804) 889-2416,Active
EMP026362,Lisa,Jackson,Lisa Jackson,24,IT,Analyst,Chicago,68592.26,7916.44,2021-12-21,0,57.4,lisa.jackson@company.com,(988) 590-5590,Inactive
EMP026363,Stephanie,Brown,Stephanie Brown,34,HR,Senior Developer,Seattle,67668.85,6597.03,2021-12-30,10,69.5,stephanie.brown@company.com,(841) 388-9621,Inactive
EMP026364,Stephanie,Moore,Stephanie Moore,22,Sales,Manager,New York,50621.95,6088.7,2021-04-06,0,72.3,stephanie.moore@company.com,(253) 207-4620,Inactive
EMP026365,Melissa,Thomas,Melissa Thomas,28,Marketing,Director,Seattle,46634.71,4105.54,2022-10-28,4,58.9,melissa.thomas@company.com,(570) 488-1732,On Leave
EMP026366,Ashley,Garcia,Ashley Garcia,64,Engineering,Associate,Boston,127722.47,8160.2,2020-04-25,40,62.7,ashley.garcia@company.com,(673) 455-4877,Active
EMP026367,John,Martinez,John Martinez,59,Operations,Coordinator,Austin,61673.45,13057.44,2023-07-02,37,89.8,john.martinez@company.com,(562) 249-5823,Active
EMP026368,Matthew,Jones,Matthew Jones,32,Marketing,Analyst,Chicago,73278.56,1816.84,2024-09-10,10,47.2,matthew.jones@company.com,(642) 541-1684,Active
EMP026369,Lisa,Moore,Lisa Moore,32,HR,Analyst,San Francisco,72992.92,2263.69,2023-08-16,5,89.6,lisa.moore@company.com,(343) 919-5702,Active
EMP026370,Amanda,Hernandez,Amanda Hernandez,51,HR,Coordinator,Los Angeles,49198.78,2890.33,2022-07-23,28,43.6,amanda.hernandez@company.com,(298) 922-7309,Active
EMP026371,Christopher,Martin,Christopher Martin,65,Sales,Coordinator,New York,91720.27,8761.46,2021-01-27,38,100.0,christopher.martin@company.com,(330) 806-6540,Active
EMP026372,Emily,Thomas,Emily Thomas,48,Operations,Coordinator,Miami,113295.18,12572.57,2020-12-06,19,97.7,emily.thomas@company.com,(388) 342-1649,Active
EMP026373,Daniel,Jackson,Daniel Jackson,53,Legal,Senior Developer,Miami,107718.38,18266.53,2022-03-15,28,64.8,daniel.jackson@company.com,(852) 524-7122,Active
EMP026374,David,Jones,David Jones,42,IT,Senior Developer,Miami,91113.47,0.0,2023-04-30,17,81.1,david.jones@company.com,(269) 684-4259,Active
EMP026375,Lisa,Brown,Lisa Brown,61,Legal,Manager,New York,133489.18,16847.06,2020-08-29,32,65.6,lisa.brown@company.com,(762) 859-6936,Active
EMP026376,John,Williams,John Williams,61,Engineering,Coordinator,Seattle,121052.88,19954.16,2020-10-04,38,56.5,john.williams@company.com,(863) 512-5762,Active
EMP026377,Jessica,Taylor,Jessica Taylor,43,Operations,Coordinator,Miami,46957.15,5496.7,2022-02-22,17,77.9,jessica.taylor@company.com,(465) 502-5202,Active
EMP026378,Emily,Martinez,Emily Martinez,51,Finance,Associate,Chicago,88362.5,6757.32,2023-01-14,28,60.9,emily.martinez@company.com,(575) 573-7314,Active
EMP026379,Jane,Williams,Jane Williams,56,IT,Manager,Boston,76850.74,2144.06,2023-01-09,27,100.0,jane.williams@company.com,(819) 201-8064,Active
EMP026380,Matthew,Lopez,Matthew Lopez,37,Legal,Senior Developer,San Francisco,100404.51,12498.22,2020-03-29,13,100.0,matthew.lopez@company.com,(905) 494-2844,Active
EMP026381,David,Lopez,David Lopez,38,Engineering,Director,San Francisco,106264.1,9467.1,2023-05-14,12,95.7,david.lopez@company.com,(235) 365-3077,Active
EMP026382,Robert,Garcia,Robert Garcia,49,Finance,Manager,Chicago,116348.43,12485.22,2022-12-12,26,80.0,robert.garcia@company.com,(412) 317-6979,Active
EMP026383,Amanda,Taylor,Amanda Taylor,51,Finance,Senior Developer,Seattle,59867.65,8094.53,2022-08-14,23,79.6,amanda.taylor@company.com,(646) 966-2796,Active
EMP026384,Stephanie,Jones,Stephanie Jones,57,Finance,Specialist,San Francisco,87136.75,4467.63,2021-09-26,33,85.6,stephanie.jones@company.com,(753) 820-6052,Active
EMP026385,Michael,Thomas,Michael Thomas,33,HR,Specialist,Seattle,74076.42,14553.68,2022-02-17,10,78.8,michael.thomas@company.com,(989) 255-5622,Active
EMP026386,Jane,Smith,Jane Smith,64,HR,Coordinator,Austin,81328.93,0.0,2021-12-30,35,99.9,jane.smith@company.com,(433) 388-6397,On Leave
EMP026387,Emily,Martin,Emily Martin,48,Engineering,Director,Boston,92075.98,16734.77,2021-07-15,26,90.4,emily.martin@company.com,(603) 720-7952,Active
EMP026388,Christopher,Johnson,Christopher Johnson,31,Engineering,Specialist,Miami,76473.64,13382.41,2021-07-25,3,53.1,christopher.johnson@company.com,(891) 558-1363,Active
EMP026389,Nicole,Jackson,Nicole Jackson,28,Sales,Lead,Austin,52113.35,5751.29,2023-06-05,5,71.5,nicole.jackson@company.com,(447) 277-2532,Active
EMP026390,Daniel,Hernandez,Daniel Hernandez,49,Engineering,Coordinator,San Francisco,99369.87,13096.87,2021-10-30,20,51.7,daniel.hernandez@company.com,(708) 654-7682,Active
EMP026391,Jane,Davis,Jane Davis,56,Finance,Manager,Los Angeles,86421.99,13373.32,2020-10-08,27,65.7,jane.davis@company.com,(915) 952-5422,Active
EMP026392,David,Thomas,David Thomas,39,Marketing,Specialist,Boston,67231.54,7605.2,2022-04-21,10,100.0,david.thomas@company.com,(284) 447-2417,Active
EMP026393,Matthew,Thomas,Matthew Thomas,58,Finance,Manager,Seattle,98280.81,12419.69,2023-09-24,33,73.4,matthew.thomas@company.com,(226) 903-4646,Active
EMP026394,Melissa,Johnson,Melissa Johnson,42,Finance,Manager,San Francisco,65720.45,5290.63,2023-04-23,16,93.5,melissa.johnson@company.com,(207) 829-9078,Active
EMP026395,Daniel,Williams,Daniel Williams,55,Marketing,Director,New York,104330.65,20389.35,2024-09-15,33,63.2,daniel.williams@company.com,(650) 282-5033,Active
EMP026396,David,Gonzalez,David Gonzalez,64,HR,Senior Developer,Seattle,80817.28,7954.4,2020-01-06,42,66.6,david.gonzalez@company.com,(285) 399-2978,Active
EMP026397,John,Gonzalez,John Gonzalez,32,Legal,Lead,New York,92767.92,11882.3,2024-10-07,8,70.4,john.gonzalez@company.com,(459) 806-1771,Active
EMP026398,Matthew,Brown,Matthew Brown,48,Marketing,Senior Developer,Seattle,76207.43,4515.68,2024-01-06,23,68.1,matthew.brown@company.com,(389) 483-7586,Active
EMP026399,Jane,Jackson,Jane Jackson,43,IT,Specialist,New York,67763.71,6831.99,2023-06-30,16,57.0,jane.jackson@company.com,(417) 377-9954,Active
EMP026400,James,Rodriguez,James Rodriguez,56,Operations,Associate,New York,76716.21,16581.25,2024-11-29,31,52.3,james.rodriguez@company.com,(641) 756-9626,Active
EMP026401,Jane,Anderson,Jane Anderson,55,Operations,Senior Developer,Chicago,74195.53,11199.02,2022-06-26,28,70.9,jane.anderson@company.com,(716) 666-2602,Active
EMP026402,Stephanie,Williams,Stephanie Williams,35,IT,Specialist,Austin,87518.59,7040.41,2024-11-25,8,100.0,stephanie.williams@company.com,(479) 312-5613,Active
EMP026403,John,Lopez,John Lopez,51,HR,Senior Developer,Austin,69504.05,7059.37,2022-10-22,23,75.7,john.lopez@company.com,(964) 813-5772,Active
EMP026404,Nicole,Hernandez,Nicole Hernandez,54,Finance,Analyst,San Francisco,96676.17,9289.18,2024-06-10,28,61.9,nicole.hernandez@company.com,(999) 283-6659,Active
EMP026405,Sarah,Wilson,Sarah Wilson,28,Operations,Analyst,Boston,54948.62,8717.66,2024-09-10,2,73.5,sarah.wilson@company.com,(947) 708-2314,Active
EMP026406,Jane,Johnson,Jane Johnson,39,Marketing,Lead,Seattle,48740.89,5431.0,2022-06-08,15,62.6,jane.johnson@company.com,(271) 370-5123,Active
EMP026407,Stephanie,Jones,Stephanie Jones,24,Sales,Associate,Boston,87739.27,9051.57,2022-05-22,0,55.3,stephanie.jones@company.com,(961) 742-7512,Active
EMP026408,Emily,Brown,Emily Brown,42,Finance,Analyst,Los Angeles,64184.5,4344.33,2024-05-10,14,85.1,emily.brown@company.com,(585) 520-2192,Active
EMP026409,Lisa,Hernandez,Lisa Hernandez,38,HR,Senior Developer,San Francisco,46790.55,5776.78,2023-06-08,9,69.3,lisa.hernandez@company.com,(289) 323-4062,Active
EMP026410,Emily,Jackson,Emily Jackson,53,IT,Associate,Miami,118052.84,7629.1,2020-02-27,26,86.4,emily.jackson@company.com,(933) 266-2588,Active
EMP026411,Amanda,Davis,Amanda Davis,23,Operations,Manager,Seattle,37991.44,5838.31,2024-08-28,0,65.9,amanda.davis@company.com,(534) 816-2551,On Leave
EMP026412,Melissa,Smith,Melissa Smith,30,Engineering,Coordinator,New York,79364.41,3703.95,2024-10-06,1,60.2,melissa.smith@company.com,(990) 723-8582,Active
EMP026413,Anthony,Martin,Anthony Martin,36,Marketing,Senior Developer,Boston,58468.5,2611.34,2021-11-29,14,55.8,anthony.martin@company.com,(430) 957-6158,Active
EMP026414,Sarah,Davis,Sarah Davis,31,Marketing,Associate,New York,56125.57,3570.33,2021-10-30,7,55.2,sarah.davis@company.com,(723) 746-9498,Active
EMP026415,Matthew,Jackson,Matthew Jackson,64,Finance,Associate,Seattle,117288.8,14573.33,2022-08-30,40,95.2,matthew.jackson@company.com,(539) 416-7060,Active
EMP026416,Amanda,Martinez,Amanda Martinez,64,Sales,Manager,San Francisco,123687.03,15354.26,2023-03-15,39,69.3,amanda.martinez@company.com,(921) 361-8612,Active
EMP026417,Emily,Johnson,Emily Johnson,57,Sales,Director,Austin,96272.66,5151.88,2021-03-20,31,77.4,emily.johnson@company.com,(988) 602-2485,Inactive
EMP026418,Christopher,Johnson,Christopher Johnson,44,Operations,Manager,Austin,73929.01,7108.45,2021-02-11,22,48.7,christopher.johnson@company.com,(444) 789-6292,Active
EMP026419,Robert,Jackson,Robert Jackson,29,Legal,Associate,Chicago,77805.34,8851.92,2024-06-14,5,76.9,robert.jackson@company.com,(698) 311-4305,Active
EMP026420,David,Lopez,David Lopez,48,Engineering,Specialist,New York,75674.49,7191.44,2021-08-23,21,56.6,david.lopez@company.com,(965) 676-5191,Active
EMP026421,Amanda,Gonzalez,Amanda Gonzalez,40,Marketing,Lead,Los Angeles,67724.31,9867.54,2020-01-10,18,85.2,amanda.gonzalez@company.com,(804) 934-5691,Active
EMP026422,James,Wilson,James Wilson,29,Finance,Coordinator,Los Angeles,59699.47,6383.24,2022-11-25,4,81.5,james.wilson@company.com,(783) 966-9387,Active
EMP026423,Melissa,Jones,Melissa Jones,36,HR,Manager,Los Angeles,58443.97,2953.49,2021-06-29,11,74.5,melissa.jones@company.com,(783) 322-5876,Active
EMP026424,Nicole,Jones,Nicole Jones,32,Finance,Associate,New York,81778.01,12150.52,2024-04-19,8,76.4,nicole.jones@company.com,(228) 411-2324,Active
EMP026425,Emily,Martinez,Emily Martinez,31,Finance,Manager,Miami,72814.87,7537.39,2022-01-22,8,64.1,emily.martinez@company.com,(940) 430-1242,Active
EMP026426,Ashley,Jackson,Ashley Jackson,57,Engineering,Analyst,Austin,135529.75,12986.82,2023-10-10,31,69.6,ashley.jackson@company.com,(694) 334-7336,Active
EMP026427,Stephanie,Martin,Stephanie Martin,40,Sales,Analyst,San Francisco,81508.25,7358.01,2020-08-08,17,69.4,stephanie.martin@company.com,(209) 675-3015,Active
EMP026428,Sarah,Garcia,Sarah Garcia,30,HR,Director,San Francisco,57259.4,3392.47,2021-11-26,8,76.7,sarah.garcia@company.com,(992) 270-7400,Active
EMP026429,Anthony,Miller,Anthony Miller,32,Legal,Senior Developer,San Francisco,60119.63,4987.5,2021-05-15,4,87.6,anthony.miller@company.com,(476) 291-3621,On Leave
EMP026430,David,Miller,David Miller,64,Sales,Coordinator,Los Angeles,95928.26,0.0,2020-12-25,39,69.2,david.miller@company.com,(725) 404-7316,Active
EMP026431,Melissa,Anderson,Melissa Anderson,53,Finance,Analyst,Seattle,104730.49,12554.3,2021-10-05,25,58.8,melissa.anderson@company.com,(334) 426-3676,Active
EMP026432,Amanda,Thomas,Amanda Thomas,40,IT,Associate,Austin,97189.12,7440.8,2023-09-05,17,72.3,amanda.thomas@company.com,(414) 400-1199,Active
EMP026433,William,Brown,William Brown,60,Operations,Lead,New York,71162.56,2058.46,2020-10-09,33,62.7,william.brown@company.com,(366) 486-1451,Active
EMP026434,Daniel,Martin,Daniel Martin,30,IT,Director,Boston,71698.63,7858.6,2022-08-28,1,64.4,daniel.martin@company.com,(655) 552-3380,Active
EMP026435,Robert,Jackson,Robert Jackson,36,Legal,Analyst,Boston,136490.55,9365.85,2022-02-09,11,77.2,robert.jackson@company.com,(480) 411-9702,Active
EMP026436,Lisa,Williams,Lisa Williams,65,Finance,Coordinator,Los Angeles,92998.45,8367.34,2023-06-22,38,76.6,lisa.williams@company.com,(263) 996-3976,Inactive
EMP026437,Jane,Johnson,Jane Johnson,64,IT,Coordinator,San Francisco,136208.75,27567.46,2023-05-16,37,86.7,jane.johnson@company.com,(481) 467-8772,Active
EMP026438,William,Jackson,William Jackson,60,IT,Associate,Chicago,115273.0,19096.48,2024-02-27,32,97.5,william.jackson@company.com,(613) 225-9932,Active
EMP026439,Amanda,Hernandez,Amanda Hernandez,59,Marketing,Lead,Los Angeles,64907.5,1169.92,2021-06-16,32,73.4,amanda.hernandez@company.com,(212) 597-7198,Active
EMP026440,Lisa,Johnson,Lisa Johnson,29,HR,Analyst,Los Angeles,60801.14,6769.5,2022-05-06,0,59.2,lisa.johnson@company.com,(480) 809-5919,Active
EMP026441,Michael,Garcia,Michael Garcia,49,IT,Director,Austin,80667.55,9952.72,2022-02-11,21,85.6,michael.garcia@company.com,(625) 413-5193,On Leave
EMP026442,Robert,Johnson,Robert Johnson,42,Legal,Manager,Chicago,74666.56,10682.34,2021-04-17,15,39.6,robert.johnson@company.com,(332) 334-2873,Active
EMP026443,Jessica,Wilson,Jessica Wilson,49,IT,Analyst,Boston,114947.89,21599.1,2021-03-22,24,68.7,jessica.wilson@company.com,(967) 616-7521,Active
EMP026444,Amanda,Johnson,Amanda Johnson,25,Sales,Associate,Austin,45935.2,1612.06,2023-01-06,0,56.5,amanda.johnson@company.com,(716) 798-3664,Inactive
EMP026445,Emily,Wilson,Emily Wilson,37,HR,Manager,Miami,49606.3,5061.25,2023-11-10,8,56.2,emily.wilson@company.com,(872) 876-1329,Active
EMP026446,Melissa,Jackson,Melissa Jackson,37,Finance,Coordinator,Chicago,82239.1,5404.47,2022-10-21,10,53.2,melissa.jackson@company.com,(307) 557-5881,Active
EMP026447,Sarah,Brown,Sarah Brown,50,Engineering,Associate,Seattle,139272.66,12199.0,2021-05-09,24,63.0,sarah.brown@company.com,(625) 446-1982,Active
EMP026448,Michael,Moore,Michael Moore,42,Marketing,Director,Los Angeles,76912.97,13764.39,2023-06-15,13,100.0,michael.moore@company.com,(370) 310-2012,On Leave
EMP026449,Nicole,Lopez,Nicole Lopez,56,Marketing,Specialist,Miami,61089.45,6657.59,2022-10-28,31,95.6,nicole.lopez@company.com,(860) 324-1132,Active
EMP026450,Melissa,Smith,Melissa Smith,50,IT,Senior Developer,New York,78045.42,8049.78,2023-04-27,23,61.4,melissa.smith@company.com,(750) 261-5901,Inactive
EMP026451,Nicole,Hernandez,Nicole Hernandez,51,IT,Lead,Boston,130843.6,5799.37,2021-11-30,23,55.9,nicole.hernandez@company.com,(566) 451-6093,Active
EMP026452,Daniel,Taylor,Daniel Taylor,28,Engineering,Associate,New York,80958.74,18243.8,2022-07-26,3,41.6,daniel.taylor@company.com,(396) 975-5535,On Leave
EMP026453,Daniel,Brown,Daniel Brown,49,Operations,Associate,Los Angeles,94443.2,6076.34,2021-12-01,22,84.8,daniel.brown@company.com,(724) 350-8771,Active
EMP026454,Amanda,Jones,Amanda Jones,53,Marketing,Coordinator,Boston,80047.29,9092.98,2022-05-08,24,52.7,amanda.jones@company.com,(758) 667-7799,Active
EMP026455,Daniel,Davis,Daniel Davis,38,Engineering,Senior Developer,Boston,75474.57,933.63,2020-04-09,11,59.0,daniel.davis@company.com,(557) 201-2556,Active
EMP026456,David,Taylor,David Taylor,40,Marketing,Analyst,San Francisco,51893.33,8097.22,2022-12-12,17,66.4,david.taylor@company.com,(721) 976-9966,Active
EMP026457,Matthew,Martin,Matthew Martin,64,Operations,Specialist,Los Angeles,97129.14,14414.63,2022-10-20,39,95.4,matthew.martin@company.com,(210) 250-6117,Active
EMP026458,Amanda,Wilson,Amanda Wilson,36,HR,Analyst,New York,59918.44,4655.12,2024-01-27,9,59.7,amanda.wilson@company.com,(202) 269-2512,Active
EMP026459,Lisa,Gonzalez,Lisa Gonzalez,64,HR,Manager,New York,88652.19,13759.19,2020-11-05,37,73.6,lisa.gonzalez@company.com,(202) 758-7746,Active
EMP026460,David,Jones,David Jones,48,Sales,Director,New York,83745.33,7316.29,2024-10-15,20,73.7,david.jones@company.com,(632) 912-7060,Active
EMP026461,Jessica,Davis,Jessica Davis,39,Finance,Specialist,Los Angeles,115322.73,12552.54,2020-02-06,14,85.4,jessica.davis@company.com,(415) 387-9846,Active
EMP026462,Matthew,Rodriguez,Matthew Rodriguez,43,Sales,Associate,Boston,70784.3,6611.17,2022-01-12,18,89.5,matthew.rodriguez@company.com,(642) 867-7873,Active
EMP026463,Lisa,Wilson,Lisa Wilson,31,Operations,Coordinator,Chicago,76973.45,6616.94,2020-07-14,3,71.9,lisa.wilson@company.com,(604) 456-7867,Active
EMP026464,John,Jones,John Jones,32,Legal,Director,Los Angeles,73151.49,4747.09,2022-09-07,9,53.4,john.jones@company.com,(996) 948-9119,Active
EMP026465,Amanda,Johnson,Amanda Johnson,64,IT,Specialist,Austin,114566.97,13029.44,2022-11-07,38,83.6,amanda.johnson@company.com,(400) 872-4588,Active
EMP026466,David,Anderson,David Anderson,27,IT,Coordinator,Seattle,59201.45,12190.01,2024-08-12,3,81.8,david.anderson@company.com,(360) 648-2826,Active
EMP026467,Melissa,Johnson,Melissa Johnson,42,IT,Senior Developer,Austin,105549.31,12848.65,2023-08-18,19,79.7,melissa.johnson@company.com,(343) 441-8451,Inactive
EMP026468,Christopher,Hernandez,Christopher Hernandez,49,Engineering,Senior Developer,Seattle,70295.13,8228.93,2023-03-12,20,89.2,christopher.hernandez@company.com,(924) 773-7292,Active
EMP026469,Anthony,Taylor,Anthony Taylor,30,HR,Specialist,San Francisco,34927.5,5209.25,2022-07-28,2,67.2,anthony.taylor@company.com,(204) 447-3143,Active
EMP026470,Daniel,Lopez,Daniel Lopez,55,Sales,Specialist,San Francisco,84542.13,3675.34,2024-11-29,28,63.1,daniel.lopez@company.com,(351) 325-1560,Active
EMP026471,Christopher,Moore,Christopher Moore,35,Sales,Specialist,Boston,59978.04,7653.96,2022-11-02,7,58.4,christopher.moore@company.com,(255) 435-1291,Active
EMP026472,Michael,Davis,Michael Davis,36,Operations,Manager,Chicago,64190.53,10446.05,2022-11-11,10,71.1,michael.davis@company.com,(335) 409-8826,Active
EMP026473,Anthony,Johnson,Anthony Johnson,53,Operations,Specialist,Los Angeles,60997.58,7211.53,2020-09-03,24,100.0,anthony.johnson@company.com,(658) 458-7017,Active
EMP026474,Robert,Thomas,Robert Thomas,61,IT,Specialist,Austin,108460.04,11897.11,2023-03-12,35,75.5,robert.thomas@company.com,(458) 341-3794,Active
EMP026475,Lisa,Anderson,Lisa Anderson,52,Legal,Specialist,Seattle,101384.08,10732.19,2020-04-24,30,85.6,lisa.anderson@company.com,(403) 623-2079,Active
EMP026476,Daniel,Gonzalez,Daniel Gonzalez,56,HR,Associate,San Francisco,74105.14,7483.91,2020-12-06,34,90.5,daniel.gonzalez@company.com,(333) 378-2354,Active
EMP026477,Robert,Taylor,Robert Taylor,36,Operations,Specialist,New York,90891.18,6426.65,2021-11-16,7,90.7,robert.taylor@company.com,(912) 651-1444,Active
EMP026478,Ashley,Garcia,Ashley Garcia,64,HR,Senior Developer,Los Angeles,67678.15,9327.91,2022-08-14,41,57.0,ashley.garcia@company.com,(791) 876-4248,Active
EMP026479,Melissa,Davis,Melissa Davis,58,IT,Coordinator,New York,75995.34,10937.53,2020-04-01,29,50.3,melissa.davis@company.com,(649) 423-5435,Active
EMP026480,William,Brown,William Brown,49,Sales,Manager,Austin,102342.12,9469.46,2021-07-10,24,65.4,william.brown@company.com,(975) 496-7493,Active
EMP026481,Anthony,Wilson,Anthony Wilson,59,Legal,Director,Seattle,97346.33,7495.41,2022-10-23,37,64.9,anthony.wilson@company.com,(264) 632-9229,Active
EMP026482,John,Moore,John Moore,57,Legal,Analyst,Chicago,107686.43,13230.76,2024-05-18,32,77.1,john.moore@company.com,(892) 506-9207,Active
EMP026483,Christopher,Martinez,Christopher Martinez,46,Marketing,Senior Developer,New York,80287.28,4697.69,2021-07-22,20,68.3,christopher.martinez@company.com,(798) 453-1676,Active
EMP026484,Daniel,Gonzalez,Daniel Gonzalez,63,Finance,Senior Developer,Miami,95677.21,14338.1,2020-02-24,36,70.1,daniel.gonzalez@company.com,(538) 507-1398,Active
EMP026485,Jessica,Jackson,Jessica Jackson,55,Legal,Analyst,Miami,86317.35,13784.15,2023-10-28,30,60.0,jessica.jackson@company.com,(842) 889-2050,Active
EMP026486,Amanda,Williams,Amanda Williams,46,Engineering,Associate,Seattle,91901.97,2822.38,2021-01-22,17,98.0,amanda.williams@company.com,(533) 306-2267,Active
EMP026487,Ashley,Smith,Ashley Smith,65,Legal,Specialist,Chicago,116101.19,11334.58,2023-05-05,41,83.0,ashley.smith@company.com,(626) 423-7933,Active
EMP026488,Matthew,Jones,Matthew Jones,36,IT,Lead,Seattle,97248.15,7908.33,2020-06-11,10,60.6,matthew.jones@company.com,(540) 961-3310,Active
EMP026489,Sarah,Williams,Sarah Williams,60,IT,Coordinator,Seattle,126659.7,6109.25,2021-12-02,32,73.2,sarah.williams@company.com,(351) 263-6211,Inactive
EMP026490,Sarah,Davis,Sarah Davis,35,Marketing,Associate,Los Angeles,79982.39,7377.97,2020-09-03,12,97.1,sarah.davis@company.com,(812) 783-9567,Active
EMP026491,Jane,Martinez,Jane Martinez,33,Finance,Associate,Seattle,82074.68,9650.42,2024-12-07,10,94.1,jane.martinez@company.com,(443) 647-9455,Active
EMP026492,John,Garcia,John Garcia,64,Marketing,Lead,Miami,65501.34,8087.03,2021-02-05,36,62.0,john.garcia@company.com,(441) 658-6614,On Leave
EMP026493,Michael,Taylor,Michael Taylor,59,Finance,Analyst,Chicago,92617.86,0.0,2023-02-26,32,84.0,michael.taylor@company.com,(594) 494-1629,Active
EMP026494,Daniel,Williams,Daniel Williams,57,Marketing,Associate,Seattle,77104.05,9777.06,2024-08-09,33,57.5,daniel.williams@company.com,(679) 532-6184,Active
EMP026495,John,Johnson,John Johnson,57,Engineering,Associate,Boston,113213.75,21878.95,2021-02-17,29,70.1,john.johnson@company.com,(288) 894-3191,Active
EMP026496,John,Wilson,John Wilson,65,Finance,Senior Developer,Miami,126775.39,879.94,2020-04-08,37,87.4,john.wilson@company.com,(926) 692-2467,Active
EMP026497,William,Anderson,William Anderson,22,IT,Manager,Boston,44833.79,3730.12,2023-02-23,0,84.2,william.anderson@company.com,(259) 799-4292,Inactive
EMP026498,John,Martinez,John Martinez,33,Engineering,Director,San Francisco,110128.6,17003.58,2024-06-21,7,68.4,john.martinez@company.com,(692) 808-5492,Active
EMP026499,Jessica,Jones,Jessica Jones,41,Marketing,Associate,San Francisco,58395.08,5733.83,2022-02-21,13,87.8,jessica.jones@company.com,(489) 295-3060,Active
EMP026500,Lisa,Thomas,Lisa Thomas,57,IT,Specialist,New York,107442.63,7723.52,2021-06-18,35,67.8,lisa.thomas@company.com,(810) 713-3474,Active
EMP026501,John,Rodriguez,John Rodriguez,44,IT,Director,Boston,116118.99,0.0,2021-12-09,20,91.1,john.rodriguez@company.com,(470) 790-3539,Inactive
EMP026502,Anthony,Wilson,Anthony Wilson,61,Legal,Associate,New York,130299.89,18571.36,2024-05-19,37,66.9,anthony.wilson@company.com,(434) 831-6663,Active
EMP026503,John,Anderson,John Anderson,46,Legal,Director,New York,78894.97,9970.95,2024-01-11,23,90.5,john.anderson@company.com,(717) 652-9610,Active
EMP026504,Michael,Moore,Michael Moore,28,Operations,Associate,Miami,63649.58,7692.78,2022-08-10,1,84.7,michael.moore@company.com,(346) 377-6163,Active
EMP026505,James,Martin,James Martin,23,Sales,Coordinator,New York,52099.92,2817.15,2021-12-18,0,78.5,james.martin@company.com,(943) 202-3259,Active
EMP026506,Christopher,Anderson,Christopher Anderson,26,Sales,Coordinator,San Francisco,76321.63,9944.91,2020-09-18,0,70.2,christopher.anderson@company.com,(567) 984-6469,Active
EMP026507,Amanda,Williams,Amanda Williams,27,Marketing,Director,Boston,45353.15,4973.77,2024-09-09,5,77.4,amanda.williams@company.com,(222) 820-3873,Active
EMP026508,Amanda,Jackson,Amanda Jackson,43,Finance,Director,Miami,77772.53,9212.77,2024-05-13,15,94.8,amanda.jackson@company.com,(317) 257-2439,Active
EMP026509,Melissa,Hernandez,Melissa Hernandez,28,Sales,Analyst,Los Angeles,48566.79,4662.43,2020-09-06,3,83.7,melissa.hernandez@company.com,(271) 872-4578,Active
EMP026510,Christopher,Jones,Christopher Jones,28,IT,Lead,New York,67974.5,11662.1,2020-09-26,1,64.3,christopher.jones@company.com,(807) 598-5161,Active
EMP026511,John,Miller,John Miller,53,IT,Lead,Seattle,139894.04,5825.97,2020-06-30,24,84.3,john.miller@company.com,(825) 550-6543,Active
EMP026512,Amanda,Garcia,Amanda Garcia,37,Sales,Director,Miami,74484.41,4733.33,2022-02-13,14,52.9,amanda.garcia@company.com,(896) 557-5197,Active
EMP026513,William,Davis,William Davis,46,Marketing,Associate,San Francisco,93072.09,10978.06,2020-02-10,23,62.5,william.davis@company.com,(389) 438-7832,Active
EMP026514,Sarah,Taylor,Sarah Taylor,26,HR,Associate,Los Angeles,63842.73,9243.58,2022-04-14,0,84.0,sarah.taylor@company.com,(526) 614-8261,On Leave
EMP026515,William,Brown,William Brown,35,Finance,Associate,Seattle,57018.3,2189.42,2024-10-08,9,80.9,william.brown@company.com,(431) 400-5854,Active
EMP026516,John,Johnson,John Johnson,36,Marketing,Manager,Chicago,88687.75,5990.37,2023-05-11,11,62.1,john.johnson@company.com,(835) 907-5891,Active
EMP026517,Sarah,Williams,Sarah Williams,36,IT,Associate,New York,106101.61,18384.03,2021-04-13,8,39.9,sarah.williams@company.com,(745) 257-6378,Active
EMP026518,Michael,Martinez,Michael Martinez,27,Operations,Senior Developer,Seattle,45020.86,4355.06,2022-10-23,0,68.0,michael.martinez@company.com,(980) 237-6173,Active
EMP026519,John,Martin,John Martin,25,IT,Associate,New York,90609.95,6640.43,2024-10-23,1,88.0,john.martin@company.com,(623) 558-1918,Active
EMP026520,Lisa,Miller,Lisa Miller,32,Marketing,Specialist,Los Angeles,31954.88,3596.9,2022-07-05,10,75.9,lisa.miller@company.com,(445) 604-5811,Active
EMP026521,Jessica,Martin,Jessica Martin,28,Legal,Specialist,Miami,102183.5,17116.13,2024-09-30,2,83.8,jessica.martin@company.com,(885) 217-3308,Active
EMP026522,Robert,Jackson,Robert Jackson,34,Engineering,Associate,Austin,73076.87,7663.97,2021-09-22,9,95.1,robert.jackson@company.com,(608) 495-8125,Active
EMP026523,Christopher,Anderson,Christopher Anderson,64,Engineering,Specialist,New York,101632.41,16580.18,2020-03-30,39,49.7,christopher.anderson@company.com,(354) 249-7501,Inactive
EMP026524,John,Martinez,John Martinez,52,Finance,Senior Developer,Seattle,68682.09,7108.98,2023-02-15,30,72.6,john.martinez@company.com,(633) 403-6525,Active
EMP026525,Matthew,Taylor,Matthew Taylor,38,Sales,Coordinator,Miami,54474.21,7516.54,2021-01-05,13,57.3,matthew.taylor@company.com,(332) 219-8254,Active
EMP026526,Matthew,Lopez,Matthew Lopez,23,Operations,Specialist,Austin,64793.56,8786.74,2021-03-30,0,77.9,matthew.lopez@company.com,(485) 911-5724,Active
EMP026527,Lisa,Garcia,Lisa Garcia,41,Operations,Specialist,Austin,62543.39,8854.81,2024-05-22,13,78.1,lisa.garcia@company.com,(656) 566-3151,Active
EMP026528,Ashley,Miller,Ashley Miller,22,HR,Director,New York,50457.39,8679.69,2024-11-04,0,74.7,ashley.miller@company.com,(849) 734-7966,Inactive
EMP026529,Matthew,Davis,Matthew Davis,32,Legal,Senior Developer,San Francisco,124933.08,16840.38,2022-05-12,7,91.1,matthew.davis@company.com,(877) 522-3344,Active
EMP026530,Ashley,Taylor,Ashley Taylor,22,Finance,Coordinator,Boston,62306.58,9664.13,2023-12-29,0,76.0,ashley.taylor@company.com,(942) 955-6255,Inactive
EMP026531,Christopher,Wilson,Christopher Wilson,36,IT,Coordinator,Boston,150154.48,9927.93,2022-11-06,8,100.0,christopher.wilson@company.com,(847) 485-3627,Active
EMP026532,Stephanie,Rodriguez,Stephanie Rodriguez,35,Engineering,Manager,New York,76703.6,10332.39,2023-04-17,6,100.0,stephanie.rodriguez@company.com,(200) 910-3872,Inactive
EMP026533,Melissa,Martinez,Melissa Martinez,33,Operations,Senior Developer,Austin,44192.58,7721.53,2023-06-06,11,75.8,melissa.martinez@company.com,(754) 701-5007,Active
EMP026534,Emily,Rodriguez,Emily Rodriguez,24,Finance,Manager,Los Angeles,80671.06,13974.71,2024-08-24,1,94.3,emily.rodriguez@company.com,(608) 388-4343,Inactive
EMP026535,Matthew,Davis,Matthew Davis,65,Engineering,Analyst,Chicago,129355.28,20796.79,2021-11-12,39,55.0,matthew.davis@company.com,(502) 758-4024,Active
EMP026536,Ashley,Hernandez,Ashley Hernandez,40,Engineering,Associate,Seattle,73118.32,2027.18,2024-05-22,13,63.8,ashley.hernandez@company.com,(758) 859-2652,Inactive
EMP026537,Lisa,Martin,Lisa Martin,35,Marketing,Senior Developer,New York,66726.25,8370.15,2021-12-05,12,87.8,lisa.martin@company.com,(920) 536-4505,Inactive
EMP026538,Nicole,Jones,Nicole Jones,38,Engineering,Associate,Los Angeles,97555.24,8158.3,2024-02-01,14,47.3,nicole.jones@company.com,(380) 259-1057,Active
EMP026539,Stephanie,Davis,Stephanie Davis,27,Marketing,Senior Developer,New York,48750.42,4413.97,2020-07-25,1,76.7,stephanie.davis@company.com,(291) 645-2373,On Leave
EMP026540,David,Gonzalez,David Gonzalez,46,Sales,Manager,Boston,56785.33,12867.94,2020-03-30,18,60.7,david.gonzalez@company.com,(524) 690-2605,Active
EMP026541,Matthew,Wilson,Matthew Wilson,44,Engineering,Manager,Chicago,100691.93,14907.08,2022-05-10,17,60.4,matthew.wilson@company.com,(714) 634-1120,Active
EMP026542,Daniel,Taylor,Daniel Taylor,23,Sales,Lead,Chicago,72572.1,4513.46,2022-04-17,0,98.7,daniel.taylor@company.com,(230) 718-4366,Active
EMP026543,Matthew,Jones,Matthew Jones,28,IT,Manager,Austin,48399.33,4044.36,2021-01-22,2,90.9,matthew.jones@company.com,(261) 584-6884,Active
EMP026544,William,Garcia,William Garcia,25,Legal,Director,Austin,44344.7,3292.27,2023-08-31,0,81.1,william.garcia@company.com,(639) 302-8449,Active
EMP026545,John,Wilson,John Wilson,22,Sales,Manager,Los Angeles,44715.99,6371.21,2020-03-20,0,100.0,john.wilson@company.com,(217) 835-2904,Active
EMP026546,Jessica,Anderson,Jessica Anderson,48,Finance,Lead,New York,76223.08,8891.54,2022-09-14,19,84.0,jessica.anderson@company.com,(985) 819-3216,Active
EMP026547,Amanda,Miller,Amanda Miller,30,Marketing,Manager,Miami,54737.37,4674.0,2024-02-29,8,85.5,amanda.miller@company.com,(352) 352-6498,Active
EMP026548,Christopher,Garcia,Christopher Garcia,37,Finance,Director,Austin,56311.82,4010.43,2023-07-24,12,85.1,christopher.garcia@company.com,(381) 790-2721,Active
EMP026549,James,Miller,James Miller,52,HR,Director,Miami,81873.34,8569.4,2020-05-18,30,70.0,james.miller@company.com,(330) 260-8989,Active
EMP026550,Amanda,Gonzalez,Amanda Gonzalez,25,Marketing,Specialist,Boston,60882.1,8623.68,2022-07-30,3,54.0,amanda.gonzalez@company.com,(978) 702-6467,Active
EMP026551,Michael,Martinez,Michael Martinez,51,Operations,Specialist,Los Angeles,97978.11,14506.5,2023-08-11,25,100.0,michael.martinez@company.com,(708) 645-4391,Active
EMP026552,Ashley,Hernandez,Ashley Hernandez,58,Sales,Senior Developer,Los Angeles,82786.49,12445.29,2022-04-07,36,77.8,ashley.hernandez@company.com,(897) 923-7929,Active
EMP026553,Sarah,Davis,Sarah Davis,59,Engineering,Analyst,San Francisco,91855.75,8994.74,2024-01-25,30,83.7,sarah.davis@company.com,(243) 889-7981,Active
EMP026554,Ashley,Rodriguez,Ashley Rodriguez,33,IT,Lead,Austin,78383.82,12431.7,2020-02-07,5,100.0,ashley.rodriguez@company.com,(433) 206-4755,Active
EMP026555,Robert,Thomas,Robert Thomas,45,Operations,Senior Developer,Chicago,58370.01,3051.95,2024-01-19,17,66.3,robert.thomas@company.com,(429) 302-1871,Inactive
EMP026556,Christopher,Jackson,Christopher Jackson,54,Marketing,Specialist,Boston,74850.92,3958.67,2021-12-31,30,100.0,christopher.jackson@company.com,(675) 665-1197,Active
EMP026557,Anthony,Williams,Anthony Williams,43,Operations,Coordinator,Miami,64266.46,6114.05,2023-03-31,20,39.2,anthony.williams@company.com,(479) 266-7643,Active
EMP026558,John,Miller,John Miller,53,Sales,Senior Developer,Seattle,89816.42,13210.86,2021-04-14,25,59.1,john.miller@company.com,(215) 401-8768,Active
EMP026559,Daniel,Smith,Daniel Smith,38,Legal,Associate,New York,113274.12,10128.78,2020-09-04,11,88.2,daniel.smith@company.com,(432) 537-7770,Active
EMP026560,Sarah,Rodriguez,Sarah Rodriguez,28,Finance,Associate,Seattle,74686.99,5497.29,2021-12-23,2,65.6,sarah.rodriguez@company.com,(617) 351-4259,Active
EMP026561,Jessica,Thomas,Jessica Thomas,31,Operations,Senior Developer,Seattle,39951.44,2737.53,2024-11-10,8,74.9,jessica.thomas@company.com,(978) 562-9343,On Leave
EMP026562,Jane,Brown,Jane Brown,30,Operations,Analyst,Chicago,71867.6,4781.28,2020-11-02,4,83.2,jane.brown@company.com,(447) 533-6582,Active
EMP026563,Jane,Anderson,Jane Anderson,42,Legal,Director,Seattle,124017.88,16548.59,2023-02-11,16,83.4,jane.anderson@company.com,(446) 471-4752,Active
EMP026564,Daniel,Anderson,Daniel Anderson,24,Engineering,Manager,San Francisco,70739.34,4936.28,2022-05-21,0,46.5,daniel.anderson@company.com,(389) 832-1463,Active
EMP026565,Lisa,Martinez,Lisa Martinez,36,Legal,Director,Los Angeles,96661.51,13837.89,2022-08-03,12,68.8,lisa.martinez@company.com,(458) 373-8075,Inactive
EMP026566,Jessica,Williams,Jessica Williams,59,Marketing,Coordinator,Austin,76032.61,3756.5,2023-09-06,36,68.1,jessica.williams@company.com,(860) 388-7667,Active
EMP026567,Emily,Jones,Emily Jones,55,Engineering,Analyst,New York,91904.47,0.0,2021-08-20,29,63.5,emily.jones@company.com,(463) 304-1967,Active
EMP026568,Ashley,Hernandez,Ashley Hernandez,59,Sales,Lead,San Francisco,91860.27,4872.25,2022-05-28,37,87.8,ashley.hernandez@company.com,(592) 837-5705,Active
EMP026569,Michael,Anderson,Michael Anderson,37,Legal,Lead,San Francisco,80926.3,7421.84,2020-06-28,11,85.2,michael.anderson@company.com,(237) 840-3764,Active
EMP026570,Emily,Garcia,Emily Garcia,52,Sales,Analyst,San Francisco,109272.76,6886.04,2023-01-02,28,71.7,emily.garcia@company.com,(395) 870-6172,Active
EMP026571,Jane,Jackson,Jane Jackson,24,Operations,Manager,Chicago,55741.11,3635.21,2022-06-21,0,76.2,jane.jackson@company.com,(915) 413-3611,Active
EMP026572,Jane,Garcia,Jane Garcia,54,Finance,Coordinator,Los Angeles,91644.51,14821.22,2021-02-19,26,100.0,jane.garcia@company.com,(624) 989-9877,Active
EMP026573,Amanda,Miller,Amanda Miller,50,Finance,Coordinator,Seattle,76614.19,9201.66,2024-05-17,27,80.2,amanda.miller@company.com,(779) 918-3151,Active
EMP026574,Emily,Thomas,Emily Thomas,57,Marketing,Analyst,New York,71194.23,5954.61,2024-03-13,29,72.9,emily.thomas@company.com,(945) 339-2796,Active
EMP026575,Melissa,Gonzalez,Melissa Gonzalez,32,IT,Lead,Los Angeles,74072.11,6760.36,2020-05-10,10,62.5,melissa.gonzalez@company.com,(360) 834-7664,Active
EMP026576,Emily,Brown,Emily Brown,62,Marketing,Director,Miami,67100.76,2749.43,2022-02-06,38,72.3,emily.brown@company.com,(708) 492-7738,Active
EMP026577,James,Davis,James Davis,33,Operations,Coordinator,Boston,68460.91,10948.86,2024-08-22,4,75.6,james.davis@company.com,(805) 585-3840,Active
EMP026578,Matthew,Davis,Matthew Davis,50,Marketing,Manager,Seattle,74511.25,9875.57,2023-03-07,22,59.1,matthew.davis@company.com,(214) 572-9344,Active
EMP026579,Sarah,Anderson,Sarah Anderson,32,Engineering,Director,Los Angeles,88737.35,9413.17,2020-03-25,9,93.2,sarah.anderson@company.com,(587) 648-2348,Active
EMP026580,Amanda,Smith,Amanda Smith,64,Finance,Senior Developer,Austin,101928.38,7307.41,2021-09-22,37,87.2,amanda.smith@company.com,(304) 945-7982,Active
EMP026581,Emily,Miller,Emily Miller,47,HR,Specialist,San Francisco,66625.05,8263.69,2023-10-30,19,78.0,emily.miller@company.com,(530) 494-5284,Active
EMP026582,Matthew,Garcia,Matthew Garcia,62,IT,Manager,Chicago,124482.24,0.0,2024-06-20,37,47.8,matthew.garcia@company.com,(280) 524-6592,Active
EMP026583,Emily,Rodriguez,Emily Rodriguez,53,Marketing,Analyst,San Francisco,94273.98,0.0,2022-10-28,26,86.7,emily.rodriguez@company.com,(937) 964-5839,Active
EMP026584,Anthony,Gonzalez,Anthony Gonzalez,48,Operations,Associate,San Francisco,51106.99,4913.88,2020-04-20,22,67.4,anthony.gonzalez@company.com,(303) 309-4940,Active
EMP026585,David,Taylor,David Taylor,46,Marketing,Lead,Boston,91012.58,14877.18,2024-05-05,24,81.5,david.taylor@company.com,(757) 906-4733,Active
EMP026586,Lisa,Johnson,Lisa Johnson,47,Legal,Manager,San Francisco,66898.56,9471.78,2022-12-08,23,74.9,lisa.johnson@company.com,(992) 235-2811,On Leave
EMP026587,Matthew,Garcia,Matthew Garcia,41,Legal,Coordinator,Seattle,85301.25,11565.66,2021-05-09,16,78.4,matthew.garcia@company.com,(774) 771-9514,Active
EMP026588,Sarah,Miller,Sarah Miller,49,Operations,Associate,Seattle,64731.77,9161.71,2020-08-03,26,50.8,sarah.miller@company.com,(540) 847-2982,Inactive
EMP026589,Christopher,Wilson,Christopher Wilson,30,Sales,Lead,Boston,61371.7,2737.58,2022-09-14,8,80.5,christopher.wilson@company.com,(350) 297-2771,Active
EMP026590,John,Davis,John Davis,48,Engineering,Associate,Boston,75400.02,4248.06,2022-05-16,26,78.1,john.davis@company.com,(363) 850-6948,Active
EMP026591,Ashley,Johnson,Ashley Johnson,63,Marketing,Lead,San Francisco,75452.36,9093.22,2023-03-03,40,88.0,ashley.johnson@company.com,(601) 353-9653,Active
EMP026592,Daniel,Smith,Daniel Smith,37,Sales,Manager,Seattle,62480.86,9843.38,2021-10-28,13,77.9,daniel.smith@company.com,(444) 567-7589,Active
EMP026593,Ashley,Lopez,Ashley Lopez,48,Engineering,Coordinator,Seattle,92683.23,10747.31,2023-01-31,22,100.0,ashley.lopez@company.com,(295) 838-5721,On Leave
EMP026594,John,Hernandez,John Hernandez,41,Engineering,Lead,Los Angeles,103196.6,7819.28,2023-09-28,15,74.2,john.hernandez@company.com,(916) 928-7025,Active
EMP026595,Anthony,Wilson,Anthony Wilson,49,Finance,Manager,Austin,89546.67,9405.16,2022-12-06,22,73.7,anthony.wilson@company.com,(688) 660-8037,Active
EMP026596,Stephanie,Martinez,Stephanie Martinez,55,Marketing,Specialist,Los Angeles,92414.68,13662.61,2020-05-05,31,83.8,stephanie.martinez@company.com,(726) 528-9391,Active
EMP026597,Anthony,Martinez,Anthony Martinez,59,IT,Manager,San Francisco,101317.42,13797.55,2022-10-23,31,85.9,anthony.martinez@company.com,(546) 768-2907,Active
EMP026598,Ashley,Martin,Ashley Martin,59,Operations,Specialist,Boston,86626.83,10882.9,2024-12-11,35,73.0,ashley.martin@company.com,(505) 215-3681,Active
EMP026599,Matthew,Rodriguez,Matthew Rodriguez,59,Legal,Associate,Austin,116022.8,16905.2,2020-07-16,30,55.5,matthew.rodriguez@company.com,(622) 322-9204,Active
EMP026600,Michael,Martinez,Michael Martinez,31,Legal,Manager,Seattle,73455.09,5627.91,2024-01-25,8,88.5,michael.martinez@company.com,(919) 800-7781,Active
EMP026601,Christopher,Moore,Christopher Moore,37,Legal,Analyst,New York,113844.69,3057.49,2020-09-22,11,63.1,christopher.moore@company.com,(709) 538-4498,Active
EMP026602,Jane,Martin,Jane Martin,26,Operations,Coordinator,San Francisco,41952.39,5949.81,2020-09-20,4,56.9,jane.martin@company.com,(362) 566-3909,Active
EMP026603,Robert,Davis,Robert Davis,58,IT,Coordinator,Austin,122936.48,5443.9,2022-01-10,31,75.4,robert.davis@company.com,(484) 872-8357,Active
EMP026604,Melissa,Williams,Melissa Williams,24,HR,Associate,Boston,59096.98,6293.42,2020-01-23,0,58.5,melissa.williams@company.com,(575) 786-9733,On Leave
EMP026605,Sarah,Gonzalez,Sarah Gonzalez,42,Operations,Manager,Seattle,64721.28,10337.59,2020-10-13,15,90.6,sarah.gonzalez@company.com,(827) 516-5731,Active
EMP026606,David,Gonzalez,David Gonzalez,42,Operations,Manager,Los Angeles,68013.05,4704.64,2021-07-25,16,83.5,david.gonzalez@company.com,(587) 666-5422,Active
EMP026607,Michael,Rodriguez,Michael Rodriguez,36,Sales,Associate,New York,62438.28,7457.5,2020-03-18,12,57.1,michael.rodriguez@company.com,(993) 937-6504,Inactive
EMP026608,Amanda,Garcia,Amanda Garcia,53,Legal,Director,Boston,82549.43,11321.74,2022-02-21,24,91.5,amanda.garcia@company.com,(655) 329-5374,Active
EMP026609,Sarah,Williams,Sarah Williams,42,HR,Associate,Boston,85778.3,11320.11,2021-03-02,18,42.2,sarah.williams@company.com,(334) 883-8387,Active
EMP026610,Christopher,Lopez,Christopher Lopez,35,Legal,Senior Developer,Boston,74791.55,6577.49,2022-01-29,13,74.3,christopher.lopez@company.com,(235) 719-5854,Active
EMP026611,Emily,Garcia,Emily Garcia,49,IT,Manager,Austin,118256.43,21424.48,2020-01-22,26,79.6,emily.garcia@company.com,(216) 324-2030,Active
EMP026612,Nicole,Wilson,Nicole Wilson,25,Finance,Associate,New York,42726.14,4083.76,2024-09-20,0,97.8,nicole.wilson@company.com,(377) 372-6481,Active
EMP026613,David,Rodriguez,David Rodriguez,50,Marketing,Lead,Austin,67724.59,7309.92,2020-07-25,23,75.8,david.rodriguez@company.com,(614) 346-8940,Active
EMP026614,Jessica,Smith,Jessica Smith,65,Marketing,Associate,Austin,77523.5,11876.08,2022-05-16,36,75.5,jessica.smith@company.com,(466) 960-9024,Active
EMP026615,William,Davis,William Davis,26,Operations,Coordinator,Boston,56998.16,7545.12,2023-11-12,1,53.4,william.davis@company.com,(201) 924-9383,Active
EMP026616,Jane,Jackson,Jane Jackson,51,Marketing,Manager,New York,99399.67,19022.3,2024-06-01,25,68.4,jane.jackson@company.com,(518) 721-9603,Active
EMP026617,Lisa,Moore,Lisa Moore,59,HR,Manager,Los Angeles,77144.71,15503.72,2020-11-15,37,80.6,lisa.moore@company.com,(891) 642-9533,Active
EMP026618,Jessica,Rodriguez,Jessica Rodriguez,37,Operations,Coordinator,Los Angeles,53490.46,5526.01,2023-07-12,12,85.1,jessica.rodriguez@company.com,(543) 212-9781,Active
EMP026619,Anthony,Brown,Anthony Brown,58,Sales,Associate,San Francisco,88475.53,11290.13,2022-10-03,36,61.9,anthony.brown@company.com,(623) 733-9687,Active
EMP026620,Jane,Lopez,Jane Lopez,31,Engineering,Senior Developer,Austin,83701.24,4049.58,2021-05-05,6,91.0,jane.lopez@company.com,(697) 367-8111,Active
EMP026621,Matthew,Taylor,Matthew Taylor,39,Legal,Analyst,Austin,88188.34,16423.72,2022-02-01,14,59.2,matthew.taylor@company.com,(669) 732-4645,Active
EMP026622,Matthew,Anderson,Matthew Anderson,60,Legal,Associate,Los Angeles,143273.48,10108.25,2021-03-03,33,76.8,matthew.anderson@company.com,(915) 368-3741,Active
EMP026623,Ashley,Smith,Ashley Smith,31,Operations,Lead,New York,70207.56,10802.84,2023-07-27,5,97.6,ashley.smith@company.com,(838) 692-9861,Active
EMP026624,David,Hernandez,David Hernandez,36,Legal,Analyst,Miami,91413.5,8276.56,2022-05-25,8,76.5,david.hernandez@company.com,(293) 900-3162,Active
EMP026625,Jane,Johnson,Jane Johnson,65,HR,Associate,Seattle,83120.49,7344.01,2024-05-16,38,80.6,jane.johnson@company.com,(852) 265-2967,Active
EMP026626,Daniel,Hernandez,Daniel Hernandez,52,Finance,Specialist,Miami,73615.4,10201.78,2021-12-29,24,57.5,daniel.hernandez@company.com,(762) 643-6837,Inactive
EMP026627,Jessica,Thomas,Jessica Thomas,60,Legal,Director,Seattle,116051.51,5867.87,2022-07-24,32,78.5,jessica.thomas@company.com,(455) 779-5580,Active
EMP026628,Jessica,Miller,Jessica Miller,56,Finance,Associate,Boston,128064.93,22013.36,2024-07-05,32,63.5,jessica.miller@company.com,(305) 501-5183,On Leave
EMP026629,Christopher,Davis,Christopher Davis,37,HR,Associate,Los Angeles,88595.5,8852.8,2023-01-14,8,84.3,christopher.davis@company.com,(499) 728-2687,Active
EMP026630,David,Davis,David Davis,47,Marketing,Associate,Los Angeles,69622.56,5890.04,2024-11-04,22,74.7,david.davis@company.com,(398) 330-2594,Active
EMP026631,John,Martinez,John Martinez,35,IT,Director,Miami,67316.92,7471.4,2020-07-18,7,79.0,john.martinez@company.com,(516) 830-2127,Active
EMP026632,Lisa,Garcia,Lisa Garcia,46,Operations,Senior Developer,Seattle,59313.22,6399.3,2024-04-01,22,84.8,lisa.garcia@company.com,(560) 588-3881,Active
EMP026633,Michael,Williams,Michael Williams,32,Marketing,Senior Developer,Miami,59124.34,11090.65,2022-08-19,5,82.0,michael.williams@company.com,(588) 744-6945,Active
EMP026634,Nicole,Martin,Nicole Martin,47,Legal,Analyst,San Francisco,127189.56,10623.81,2022-08-01,21,62.5,nicole.martin@company.com,(263) 931-9592,Active
EMP026635,David,Williams,David Williams,46,HR,Lead,New York,87323.85,13194.23,2022-07-07,24,31.2,david.williams@company.com,(808) 490-9046,Active
EMP026636,Michael,Gonzalez,Michael Gonzalez,25,IT,Analyst,Boston,92291.66,5021.5,2024-08-17,3,100.0,michael.gonzalez@company.com,(888) 300-6307,Active
EMP026637,Ashley,Gonzalez,Ashley Gonzalez,64,Finance,Coordinator,Seattle,92406.44,14738.46,2023-01-13,36,86.0,ashley.gonzalez@company.com,(240) 423-6018,Inactive
EMP026638,Jessica,Taylor,Jessica Taylor,57,Engineering,Analyst,Boston,82630.86,493.96,2020-12-20,28,54.2,jessica.taylor@company.com,(594) 845-1722,Active
EMP026639,Nicole,Gonzalez,Nicole Gonzalez,46,Operations,Manager,Los Angeles,89362.97,12205.65,2021-03-07,17,86.1,nicole.gonzalez@company.com,(984) 771-8752,Active
EMP026640,Christopher,Gonzalez,Christopher Gonzalez,42,Finance,Associate,San Francisco,64066.0,5786.23,2022-11-13,15,100.0,christopher.gonzalez@company.com,(799) 911-6651,Active
EMP026641,Lisa,Lopez,Lisa Lopez,30,Sales,Specialist,Miami,60035.95,14560.62,2021-01-19,8,96.4,lisa.lopez@company.com,(994) 750-7470,Active
EMP026642,Anthony,Jones,Anthony Jones,33,Sales,Manager,New York,31534.22,3384.56,2022-10-09,4,77.1,anthony.jones@company.com,(800) 614-5054,Active
EMP026643,Stephanie,Johnson,Stephanie Johnson,30,Marketing,Coordinator,San Francisco,72720.25,7694.4,2021-04-14,3,93.8,stephanie.johnson@company.com,(953) 431-3347,Active
EMP026644,Christopher,Brown,Christopher Brown,55,Operations,Associate,New York,68939.97,14612.12,2021-06-30,32,70.6,christopher.brown@company.com,(378) 895-1559,Inactive
EMP026645,Stephanie,Rodriguez,Stephanie Rodriguez,64,Operations,Senior Developer,Boston,81806.16,9243.0,2023-08-19,41,67.0,stephanie.rodriguez@company.com,(880) 987-2358,Active
EMP026646,Christopher,Jones,Christopher Jones,39,Sales,Lead,New York,69668.62,836.24,2023-11-28,15,70.0,christopher.jones@company.com,(753) 207-7735,Active
EMP026647,Christopher,Smith,Christopher Smith,39,Marketing,Director,Seattle,45046.21,5669.66,2024-03-09,15,84.6,christopher.smith@company.com,(706) 379-2407,Active
EMP026648,Melissa,Thomas,Melissa Thomas,65,IT,Senior Developer,Austin,122006.06,15637.09,2022-01-19,38,45.5,melissa.thomas@company.com,(666) 660-1375,Active
EMP026649,Stephanie,Williams,Stephanie Williams,58,Marketing,Manager,Miami,63956.02,527.77,2021-11-25,35,71.8,stephanie.williams@company.com,(724) 492-1459,Active
EMP026650,Stephanie,Gonzalez,Stephanie Gonzalez,65,Legal,Analyst,Miami,134685.73,7645.48,2021-05-11,38,58.4,stephanie.gonzalez@company.com,(237) 830-8641,Active
EMP026651,Robert,Johnson,Robert Johnson,42,Sales,Specialist,Austin,65006.24,6178.4,2021-05-04,16,82.2,robert.johnson@company.com,(468) 431-9231,Active
EMP026652,William,Jones,William Jones,48,Legal,Analyst,Boston,78704.09,4758.76,2021-08-18,26,54.5,william.jones@company.com,(560) 717-8003,Active
EMP026653,Matthew,Brown,Matthew Brown,27,Marketing,Associate,Boston,67233.24,9646.37,2021-01-29,4,91.3,matthew.brown@company.com,(737) 751-4338,Active
EMP026654,Stephanie,Taylor,Stephanie Taylor,46,Operations,Associate,Chicago,53650.12,4864.82,2020-07-27,21,94.0,stephanie.taylor@company.com,(719) 670-6427,Active
EMP026655,Melissa,Williams,Melissa Williams,34,Marketing,Associate,Chicago,88265.45,6495.19,2021-03-05,12,61.3,melissa.williams@company.com,(726) 391-2144,Inactive
EMP026656,Matthew,Anderson,Matthew Anderson,27,Operations,Specialist,Los Angeles,43574.19,2062.06,2021-11-23,5,100.0,matthew.anderson@company.com,(524) 231-3727,Active
EMP026657,Michael,Jones,Michael Jones,58,Sales,Specialist,Seattle,78734.88,7300.7,2024-03-30,35,85.7,michael.jones@company.com,(412) 730-8640,Active
EMP026658,Melissa,Martin,Melissa Martin,36,Engineering,Associate,Boston,99980.67,7616.42,2022-10-23,7,90.3,melissa.martin@company.com,(835) 947-6673,Active
EMP026659,Michael,Jones,Michael Jones,58,HR,Manager,Los Angeles,95123.47,9460.84,2024-03-12,35,69.1,michael.jones@company.com,(526) 456-3056,Active
EMP026660,Ashley,Martin,Ashley Martin,51,Engineering,Lead,Chicago,95706.51,16876.79,2024-03-02,28,81.1,ashley.martin@company.com,(578) 465-6507,Active
EMP026661,Jane,Davis,Jane Davis,33,Finance,Analyst,Chicago,76477.99,3564.97,2021-02-24,5,79.7,jane.davis@company.com,(486) 524-5361,Active
EMP026662,Stephanie,Rodriguez,Stephanie Rodriguez,59,Marketing,Senior Developer,New York,78217.99,8127.27,2021-02-12,31,83.5,stephanie.rodriguez@company.com,(953) 235-2398,Active
EMP026663,Anthony,Martinez,Anthony Martinez,37,Engineering,Manager,Seattle,63507.17,7343.93,2021-11-24,8,88.4,anthony.martinez@company.com,(758) 943-2462,Active
EMP026664,Christopher,Martin,Christopher Martin,49,IT,Coordinator,New York,112450.94,4562.0,2024-04-09,24,85.6,christopher.martin@company.com,(815) 377-9956,On Leave
EMP026665,John,Davis,John Davis,40,Marketing,Specialist,Los Angeles,65851.66,9595.94,2023-05-01,18,100.0,john.davis@company.com,(375) 998-2689,Active
EMP026666,Sarah,Wilson,Sarah Wilson,31,IT,Specialist,Boston,58287.07,3824.25,2022-10-30,8,83.8,sarah.wilson@company.com,(285) 491-5057,Active
EMP026667,Jessica,Martinez,Jessica Martinez,25,Engineering,Specialist,Miami,86427.03,12568.15,2023-08-30,3,65.5,jessica.martinez@company.com,(704) 867-1888,Active
EMP026668,Robert,Davis,Robert Davis,28,Marketing,Senior Developer,Seattle,67569.73,3080.42,2023-12-20,3,68.1,robert.davis@company.com,(600) 729-1906,Active
EMP026669,Sarah,Martinez,Sarah Martinez,45,Operations,Coordinator,Boston,48062.68,8001.0,2022-08-30,21,75.8,sarah.martinez@company.com,(820) 727-1278,Active
EMP026670,Robert,Thomas,Robert Thomas,29,HR,Associate,New York,55175.22,6747.35,2020-11-22,2,52.9,robert.thomas@company.com,(621) 565-4569,Active
EMP026671,Robert,Miller,Robert Miller,31,Operations,Director,Boston,32458.52,5830.98,2024-09-03,5,77.8,robert.miller@company.com,(234) 309-2513,Active
EMP026672,Melissa,Garcia,Melissa Garcia,55,Finance,Analyst,San Francisco,106057.7,6965.59,2023-09-15,26,79.9,melissa.garcia@company.com,(656) 327-6602,Active
EMP026673,Michael,Gonzalez,Michael Gonzalez,43,Engineering,Director,San Francisco,96404.63,18120.96,2021-10-02,19,48.2,michael.gonzalez@company.com,(810) 978-7215,Inactive
EMP026674,Amanda,Taylor,Amanda Taylor,57,Sales,Senior Developer,Miami,109832.3,18770.33,2022-07-18,34,56.5,amanda.taylor@company.com,(502) 483-6637,Active
EMP026675,Emily,Jones,Emily Jones,57,Sales,Manager,San Francisco,82573.5,9281.05,2021-12-20,29,65.8,emily.jones@company.com,(748) 939-8093,Active
EMP026676,John,Davis,John Davis,49,Operations,Specialist,Austin,71087.78,9514.78,2020-04-23,22,70.1,john.davis@company.com,(796) 403-7157,Active
EMP026677,Daniel,Martinez,Daniel Martinez,54,Finance,Coordinator,Austin,106796.39,9543.35,2024-06-26,29,60.3,daniel.martinez@company.com,(982) 524-6711,Active
EMP026678,Michael,Davis,Michael Davis,65,Finance,Senior Developer,New York,116230.75,7429.45,2024-09-06,36,88.2,michael.davis@company.com,(215) 637-4685,Inactive
EMP026679,Daniel,Gonzalez,Daniel Gonzalez,47,Finance,Specialist,Seattle,78468.98,14606.68,2020-07-01,25,81.1,daniel.gonzalez@company.com,(691) 778-5355,Active
EMP026680,Sarah,Moore,Sarah Moore,28,HR,Associate,Chicago,50733.07,5869.2,2024-02-23,0,62.7,sarah.moore@company.com,(754) 666-2341,Active
EMP026681,Sarah,Davis,Sarah Davis,33,IT,Coordinator,Seattle,68881.84,7175.61,2021-03-17,5,70.1,sarah.davis@company.com,(502) 589-7817,Active
EMP026682,Amanda,Davis,Amanda Davis,23,Finance,Coordinator,New York,51306.4,6338.82,2024-08-23,0,41.3,amanda.davis@company.com,(529) 455-3104,Active
EMP026683,Robert,Gonzalez,Robert Gonzalez,52,Operations,Specialist,Boston,47934.15,6467.91,2022-07-18,29,88.8,robert.gonzalez@company.com,(704) 314-2752,Inactive
EMP026684,Anthony,Jones,Anthony Jones,46,Engineering,Analyst,Chicago,104022.17,6569.99,2020-10-17,17,100.0,anthony.jones@company.com,(687) 470-1389,Inactive
EMP026685,Emily,Gonzalez,Emily Gonzalez,51,IT,Director,Austin,65880.28,608.39,2022-11-14,23,74.1,emily.gonzalez@company.com,(521) 688-3327,Active
EMP026686,Matthew,Martin,Matthew Martin,32,Finance,Manager,Boston,33000.0,3173.89,2020-11-04,9,69.8,matthew.martin@company.com,(655) 478-7214,Active
EMP026687,Jane,Garcia,Jane Garcia,56,Operations,Specialist,San Francisco,78084.76,4601.16,2022-04-10,32,84.1,jane.garcia@company.com,(938) 413-1624,Active
EMP026688,Nicole,Smith,Nicole Smith,26,Finance,Associate,Seattle,66530.07,11010.87,2023-04-27,4,68.8,nicole.smith@company.com,(650) 287-9853,Active
EMP026689,David,Anderson,David Anderson,65,HR,Lead,New York,91189.08,10719.96,2024-02-10,37,40.9,david.anderson@company.com,(653) 398-8965,Active
EMP026690,Daniel,Thomas,Daniel Thomas,22,Operations,Manager,Boston,64239.85,5514.46,2023-05-24,0,96.0,daniel.thomas@company.com,(903) 434-9063,Active
EMP026691,John,Lopez,John Lopez,23,Operations,Coordinator,San Francisco,25500.0,3602.22,2021-01-13,0,66.2,john.lopez@company.com,(436) 276-8292,Active
EMP026692,John,Jones,John Jones,53,Engineering,Manager,Boston,106446.72,15825.5,2021-03-07,25,73.2,john.jones@company.com,(367) 655-4486,Active
EMP026693,Ashley,Williams,Ashley Williams,43,Legal,Specialist,Chicago,96374.59,5813.66,2023-05-05,19,61.5,ashley.williams@company.com,(679) 649-7069,Inactive
EMP026694,Sarah,Wilson,Sarah Wilson,46,Marketing,Manager,Miami,54234.52,4816.34,2020-09-03,20,75.0,sarah.wilson@company.com,(460) 324-4795,Active
EMP026695,James,Gonzalez,James Gonzalez,44,Finance,Lead,Miami,82073.11,13662.93,2024-01-17,15,83.0,james.gonzalez@company.com,(286) 233-7993,Active
EMP026696,Matthew,Taylor,Matthew Taylor,48,Sales,Coordinator,Austin,53857.26,11313.34,2024-11-13,22,78.4,matthew.taylor@company.com,(700) 223-3516,Active
EMP026697,Robert,Jones,Robert Jones,37,HR,Director,San Francisco,55719.46,5271.2,2022-09-05,10,100.0,robert.jones@company.com,(826) 511-6023,Active
EMP026698,Nicole,Martin,Nicole Martin,26,Operations,Lead,San Francisco,36032.25,4397.96,2024-11-14,4,71.1,nicole.martin@company.com,(720) 569-4742,Active
EMP026699,Lisa,Garcia,Lisa Garcia,44,IT,Senior Developer,New York,98159.71,6435.26,2023-03-01,18,97.3,lisa.garcia@company.com,(664) 386-3432,Active
EMP026700,Robert,Jones,Robert Jones,63,Engineering,Specialist,Chicago,107846.08,9020.01,2021-04-25,38,72.3,robert.jones@company.com,(369) 628-1473,Active
EMP026701,Christopher,Taylor,Christopher Taylor,43,Engineering,Senior Developer,Seattle,127937.81,2648.59,2020-11-26,17,93.3,christopher.taylor@company.com,(331) 515-3242,Active
EMP026702,James,Garcia,James Garcia,25,Operations,Director,New York,25500.0,1550.45,2021-01-17,0,74.3,james.garcia@company.com,(340) 510-4961,Active
EMP026703,Nicole,Wilson,Nicole Wilson,61,IT,Manager,Austin,95238.8,4709.38,2024-09-20,38,78.9,nicole.wilson@company.com,(280) 412-7536,Active
EMP026704,Melissa,Gonzalez,Melissa Gonzalez,55,Finance,Associate,Austin,114928.21,5389.69,2020-07-18,26,96.6,melissa.gonzalez@company.com,(380) 302-4301,Active
EMP026705,Nicole,Johnson,Nicole Johnson,46,HR,Associate,Los Angeles,71968.03,9675.28,2024-02-11,24,87.0,nicole.johnson@company.com,(902) 453-9342,Active
EMP026706,Anthony,Thomas,Anthony Thomas,55,IT,Lead,Austin,86221.42,3189.79,2024-03-28,33,70.0,anthony.thomas@company.com,(917) 985-9675,Active
EMP026707,James,Martin,James Martin,39,Marketing,Associate,Chicago,57476.64,8204.56,2022-11-03,12,78.8,james.martin@company.com,(509) 319-7433,Active
EMP026708,Michael,Davis,Michael Davis,37,Marketing,Director,New York,67559.51,5080.75,2020-05-04,8,80.7,michael.davis@company.com,(515) 804-7421,Active
EMP026709,Jane,Anderson,Jane Anderson,49,Engineering,Lead,Miami,97498.89,11601.75,2023-08-16,22,83.2,jane.anderson@company.com,(312) 491-5029,Active
EMP026710,Christopher,Gonzalez,Christopher Gonzalez,43,Sales,Associate,New York,75639.31,5061.8,2020-03-29,18,74.8,christopher.gonzalez@company.com,(382) 360-6956,Active
EMP026711,Jane,Lopez,Jane Lopez,24,Engineering,Specialist,New York,59867.98,0.0,2024-03-11,2,100.0,jane.lopez@company.com,(535) 765-9281,Inactive
EMP026712,Ashley,Martin,Ashley Martin,41,Sales,Analyst,New York,57128.82,5771.07,2022-04-09,17,74.6,ashley.martin@company.com,(684) 398-5521,Inactive
EMP026713,William,Garcia,William Garcia,56,Operations,Senior Developer,New York,97847.38,11978.07,2022-07-03,27,60.0,william.garcia@company.com,(647) 452-4879,Active
EMP026714,John,Rodriguez,John Rodriguez,52,Operations,Senior Developer,Boston,72492.96,421.01,2023-07-21,27,84.6,john.rodriguez@company.com,(775) 695-1366,Active
EMP026715,Robert,Smith,Robert Smith,35,Engineering,Specialist,San Francisco,85324.72,8904.67,2024-07-06,9,72.8,robert.smith@company.com,(708) 376-4280,Active
EMP026716,Emily,Davis,Emily Davis,43,Marketing,Senior Developer,Boston,49999.18,804.1,2023-12-11,20,40.5,emily.davis@company.com,(599) 615-5547,Active
EMP026717,Jessica,Garcia,Jessica Garcia,47,Engineering,Associate,Austin,107464.29,10144.17,2023-04-27,18,67.3,jessica.garcia@company.com,(461) 575-2034,Inactive
EMP026718,Amanda,Miller,Amanda Miller,32,Engineering,Lead,Chicago,108483.99,12923.31,2024-12-17,3,83.7,amanda.miller@company.com,(433) 964-5757,Active
EMP026719,Melissa,Anderson,Melissa Anderson,44,Sales,Manager,Seattle,76749.01,3240.74,2024-04-01,17,71.5,melissa.anderson@company.com,(289) 441-7275,Active
EMP026720,Stephanie,Moore,Stephanie Moore,51,IT,Analyst,Los Angeles,116408.13,9404.9,2024-10-27,24,78.9,stephanie.moore@company.com,(833) 842-8310,Active
EMP026721,Matthew,Anderson,Matthew Anderson,49,IT,Analyst,Chicago,78080.51,1177.57,2023-04-20,27,64.0,matthew.anderson@company.com,(869) 397-9157,Active
EMP026722,Christopher,Hernandez,Christopher Hernandez,40,Sales,Senior Developer,Austin,96744.59,4214.01,2020-05-07,14,77.7,christopher.hernandez@company.com,(457) 341-1854,Active
EMP026723,David,Rodriguez,David Rodriguez,53,Legal,Coordinator,Miami,99699.55,10236.48,2023-07-08,26,72.0,david.rodriguez@company.com,(482) 290-7868,Active
EMP026724,Emily,Garcia,Emily Garcia,56,Sales,Lead,San Francisco,98736.04,6424.03,2023-02-12,30,69.4,emily.garcia@company.com,(665) 871-9304,Active
EMP026725,William,Rodriguez,William Rodriguez,50,Engineering,Director,New York,102680.46,12721.71,2021-06-14,28,100.0,william.rodriguez@company.com,(347) 536-5423,Active
EMP026726,James,Jones,James Jones,41,Legal,Specialist,Los Angeles,84644.98,15136.09,2024-08-22,16,81.9,james.jones@company.com,(922) 661-9829,Active
EMP026727,Michael,Hernandez,Michael Hernandez,40,Legal,Manager,San Francisco,68693.64,6016.99,2024-11-30,12,71.2,michael.hernandez@company.com,(261) 859-8479,Active
EMP026728,Jessica,Lopez,Jessica Lopez,49,Marketing,Specialist,Miami,57530.55,6038.47,2023-12-18,23,100.0,jessica.lopez@company.com,(283) 392-9447,Active
EMP026729,Nicole,Garcia,Nicole Garcia,35,Sales,Lead,Austin,68246.54,3825.93,2021-10-15,8,76.8,nicole.garcia@company.com,(662) 765-5236,Active
EMP026730,Robert,Martinez,Robert Martinez,50,IT,Analyst,New York,100293.98,4032.05,2023-08-19,21,40.3,robert.martinez@company.com,(236) 599-3479,Active
EMP026731,James,Martin,James Martin,55,IT,Associate,Austin,90865.61,11696.11,2023-11-06,29,86.3,james.martin@company.com,(414) 551-1012,Active
EMP026732,Melissa,Gonzalez,Melissa Gonzalez,27,IT,Manager,Los Angeles,67149.46,12695.81,2021-01-11,5,92.8,melissa.gonzalez@company.com,(901) 809-9373,Active
EMP026733,David,Hernandez,David Hernandez,41,Sales,Senior Developer,Boston,98461.97,14393.77,2022-12-07,17,68.9,david.hernandez@company.com,(502) 399-5250,Inactive
EMP026734,Daniel,Brown,Daniel Brown,32,Legal,Associate,Los Angeles,91346.36,1066.65,2022-01-07,7,84.1,daniel.brown@company.com,(342) 843-1045,Active
EMP026735,Jessica,Lopez,Jessica Lopez,61,Sales,Specialist,Seattle,105129.79,10190.32,2023-07-20,39,90.7,jessica.lopez@company.com,(823) 325-1882,Inactive
EMP026736,Melissa,Davis,Melissa Davis,64,Sales,Manager,New York,94856.23,3659.69,2024-12-21,41,63.2,melissa.davis@company.com,(848) 657-7774,Inactive
EMP026737,Lisa,Johnson,Lisa Johnson,62,Operations,Director,New York,75719.2,11859.25,2020-11-02,35,60.7,lisa.johnson@company.com,(604) 750-7976,Active
EMP026738,Jane,Garcia,Jane Garcia,37,Operations,Analyst,San Francisco,44202.5,6678.67,2022-04-04,14,91.5,jane.garcia@company.com,(211) 243-8358,Active
EMP026739,Emily,Davis,Emily Davis,63,Legal,Coordinator,San Francisco,107630.57,5808.75,2024-03-23,41,62.2,emily.davis@company.com,(907) 476-6195,Active
EMP026740,Matthew,Brown,Matthew Brown,51,Finance,Director,New York,62890.17,9129.56,2021-11-23,25,66.1,matthew.brown@company.com,(522) 333-8497,Active
EMP026741,James,Brown,James Brown,65,Operations,Senior Developer,Seattle,71714.5,12200.4,2020-07-08,36,96.3,james.brown@company.com,(835) 727-4069,Active
EMP026742,John,Lopez,John Lopez,54,IT,Lead,Miami,74290.39,4225.87,2020-08-15,30,92.1,john.lopez@company.com,(704) 488-5698,Active
EMP026743,Melissa,Thomas,Melissa Thomas,24,Sales,Senior Developer,San Francisco,95677.95,8725.91,2021-12-17,0,75.9,melissa.thomas@company.com,(753) 924-9168,Active
EMP026744,Melissa,Wilson,Melissa Wilson,58,Legal,Coordinator,San Francisco,107273.47,14782.04,2023-12-07,30,84.5,melissa.wilson@company.com,(460) 630-9920,Active
EMP026745,Nicole,Moore,Nicole Moore,60,Engineering,Associate,Austin,117017.85,24612.76,2023-01-07,33,73.3,nicole.moore@company.com,(620) 236-6258,Active
EMP026746,Melissa,Anderson,Melissa Anderson,30,Marketing,Lead,Los Angeles,71020.43,13360.15,2021-02-25,2,83.5,melissa.anderson@company.com,(590) 423-3071,Active
EMP026747,David,Martinez,David Martinez,36,Engineering,Specialist,Austin,100289.11,12602.26,2023-08-21,9,72.7,david.martinez@company.com,(288) 385-1513,Inactive
EMP026748,Anthony,Gonzalez,Anthony Gonzalez,22,IT,Analyst,Austin,63707.22,10723.22,2022-10-07,0,90.3,anthony.gonzalez@company.com,(404) 379-4749,Active
EMP026749,Emily,Martinez,Emily Martinez,53,Finance,Coordinator,Boston,106245.84,16877.44,2022-04-30,31,86.9,emily.martinez@company.com,(283) 351-5048,Active
EMP026750,David,Jackson,David Jackson,28,Sales,Associate,Los Angeles,46003.53,2985.91,2020-08-29,5,49.1,david.jackson@company.com,(809) 223-8137,Active
EMP026751,Lisa,Taylor,Lisa Taylor,29,HR,Coordinator,Boston,81161.72,9990.48,2020-02-15,7,61.1,lisa.taylor@company.com,(279) 979-6503,Active
EMP026752,Michael,Rodriguez,Michael Rodriguez,63,Finance,Specialist,San Francisco,109365.52,12294.29,2020-05-25,38,60.5,michael.rodriguez@company.com,(671) 562-1816,On Leave
EMP026753,Daniel,Wilson,Daniel Wilson,45,HR,Specialist,San Francisco,66537.1,5482.55,2021-08-10,17,100.0,daniel.wilson@company.com,(692) 353-5219,Active
EMP026754,Amanda,Martin,Amanda Martin,36,Sales,Senior Developer,Chicago,72634.98,8125.56,2022-02-15,7,83.8,amanda.martin@company.com,(733) 391-3320,Active
EMP026755,Robert,Miller,Robert Miller,61,IT,Senior Developer,New York,107893.41,2530.16,2022-10-13,33,99.4,robert.miller@company.com,(421) 263-5419,Active
EMP026756,Amanda,Jackson,Amanda Jackson,65,Operations,Lead,New York,62129.29,6832.48,2024-06-26,40,86.3,amanda.jackson@company.com,(268) 536-2526,Active
EMP026757,Matthew,Williams,Matthew Williams,58,HR,Analyst,San Francisco,54634.54,1205.07,2020-05-07,30,56.0,matthew.williams@company.com,(275) 359-4631,Active
EMP026758,Jane,Martinez,Jane Martinez,32,Operations,Lead,New York,41354.56,1758.48,2021-04-08,3,66.4,jane.martinez@company.com,(502) 980-3235,Active
EMP026759,Daniel,Davis,Daniel Davis,28,Legal,Lead,Miami,60014.01,12388.85,2023-03-23,6,54.8,daniel.davis@company.com,(549) 214-6916,Active
EMP026760,Melissa,Williams,Melissa Williams,30,Sales,Associate,Chicago,33371.3,4166.27,2024-05-16,3,63.9,melissa.williams@company.com,(599) 600-4153,Inactive
EMP026761,Jessica,Thomas,Jessica Thomas,29,Engineering,Coordinator,Austin,59579.52,5920.7,2023-10-21,0,62.5,jessica.thomas@company.com,(595) 741-6997,Active
EMP026762,Matthew,Martin,Matthew Martin,60,Operations,Analyst,Seattle,79860.33,9456.89,2021-01-20,34,62.5,matthew.martin@company.com,(959) 998-1915,Active
EMP026763,Jessica,Martinez,Jessica Martinez,36,Operations,Analyst,Austin,67396.22,14537.18,2022-05-07,8,64.8,jessica.martinez@company.com,(254) 871-3421,Active
EMP026764,Robert,Miller,Robert Miller,45,Sales,Analyst,San Francisco,72397.69,5926.94,2023-04-19,17,89.2,robert.miller@company.com,(829) 869-4640,Active
EMP026765,Anthony,Moore,Anthony Moore,23,HR,Coordinator,Miami,44190.91,4327.96,2023-10-06,0,61.7,anthony.moore@company.com,(300) 268-5491,Active
EMP026766,Robert,Moore,Robert Moore,56,IT,Director,Seattle,107453.31,5344.79,2024-11-10,34,75.7,robert.moore@company.com,(615) 876-3204,Active
EMP026767,Amanda,Rodriguez,Amanda Rodriguez,57,Legal,Analyst,Seattle,97296.33,8654.64,2020-02-10,29,90.0,amanda.rodriguez@company.com,(966) 473-7463,Active
EMP026768,John,Rodriguez,John Rodriguez,53,Legal,Director,Austin,86506.3,7329.06,2020-09-29,24,86.8,john.rodriguez@company.com,(234) 584-1391,Active
EMP026769,David,Martinez,David Martinez,44,Marketing,Specialist,Boston,74162.05,11507.09,2020-07-09,18,64.8,david.martinez@company.com,(745) 959-7176,Active
EMP026770,Amanda,Davis,Amanda Davis,63,IT,Manager,New York,104824.27,10344.94,2022-08-06,41,88.2,amanda.davis@company.com,(978) 712-4485,Active
EMP026771,John,Wilson,John Wilson,42,Engineering,Senior Developer,Austin,109860.02,16742.83,2020-01-14,16,71.2,john.wilson@company.com,(549) 977-2398,Active
EMP026772,Michael,Johnson,Michael Johnson,31,Finance,Lead,Los Angeles,66252.26,9332.16,2024-04-16,2,54.6,michael.johnson@company.com,(798) 275-7473,Inactive
EMP026773,Jane,Taylor,Jane Taylor,34,Sales,Associate,Chicago,51928.47,3510.97,2020-05-17,12,75.3,jane.taylor@company.com,(302) 513-9003,Active
EMP026774,Lisa,Wilson,Lisa Wilson,27,IT,Associate,Seattle,116647.8,11825.86,2021-09-10,1,55.9,lisa.wilson@company.com,(800) 230-2602,Active
EMP026775,John,Jackson,John Jackson,56,HR,Senior Developer,Austin,66241.59,7033.08,2022-11-22,31,89.4,john.jackson@company.com,(724) 981-3751,Active
EMP026776,Matthew,Rodriguez,Matthew Rodriguez,59,HR,Coordinator,New York,75098.22,6251.65,2021-06-05,34,72.1,matthew.rodriguez@company.com,(394) 761-1151,Active
EMP026777,Amanda,Moore,Amanda Moore,37,Marketing,Manager,Miami,81762.26,6647.84,2020-10-19,10,60.3,amanda.moore@company.com,(787) 959-7643,Active
EMP026778,Sarah,Rodriguez,Sarah Rodriguez,41,Marketing,Coordinator,Chicago,61630.55,4925.96,2022-10-03,15,63.1,sarah.rodriguez@company.com,(450) 683-1184,Active
EMP026779,William,Smith,William Smith,65,Marketing,Analyst,Chicago,85121.2,1723.46,2023-07-01,40,100.0,william.smith@company.com,(593) 530-8251,Active
EMP026780,Christopher,Thomas,Christopher Thomas,62,Legal,Director,Austin,116847.66,9936.36,2023-02-06,36,74.5,christopher.thomas@company.com,(335) 440-5624,Active
EMP026781,Anthony,Moore,Anthony Moore,30,Legal,Associate,New York,83676.83,11264.34,2022-12-06,3,85.2,anthony.moore@company.com,(503) 451-5347,Active
EMP026782,Emily,Martin,Emily Martin,26,Finance,Associate,San Francisco,76678.84,3026.41,2022-03-22,3,93.1,emily.martin@company.com,(610) 917-9085,Active
EMP026783,Anthony,Taylor,Anthony Taylor,43,Marketing,Manager,San Francisco,70991.69,3996.98,2024-07-30,14,100.0,anthony.taylor@company.com,(951) 915-8060,Active
EMP026784,Amanda,Rodriguez,Amanda Rodriguez,53,Legal,Specialist,Seattle,64375.3,6690.82,2022-12-28,28,86.9,amanda.rodriguez@company.com,(278) 401-2151,Active
EMP026785,John,Miller,John Miller,39,Sales,Director,Miami,97062.61,11844.09,2020-12-21,15,70.7,john.miller@company.com,(726) 696-5514,Active
EMP026786,James,Thomas,James Thomas,32,IT,Analyst,Chicago,73853.71,1359.86,2024-08-22,3,62.6,james.thomas@company.com,(729) 803-3637,On Leave
EMP026787,Matthew,Garcia,Matthew Garcia,63,Engineering,Director,New York,119905.26,20795.22,2020-06-15,41,64.3,matthew.garcia@company.com,(276) 264-7361,Inactive
EMP026788,Michael,Smith,Michael Smith,56,Finance,Manager,Miami,70467.42,11493.91,2022-07-10,27,52.4,michael.smith@company.com,(456) 374-8149,Active
EMP026789,Ashley,Williams,Ashley Williams,64,Operations,Coordinator,Los Angeles,72661.74,7842.71,2024-04-14,35,68.2,ashley.williams@company.com,(968) 504-6272,Active
EMP026790,Emily,Thomas,Emily Thomas,59,HR,Manager,New York,76831.86,8142.83,2022-05-12,34,96.5,emily.thomas@company.com,(658) 555-7417,Active
EMP026791,Stephanie,Gonzalez,Stephanie Gonzalez,26,Operations,Specialist,Los Angeles,63781.12,0.0,2024-09-15,2,58.1,stephanie.gonzalez@company.com,(561) 949-5316,Active
EMP026792,David,Williams,David Williams,22,Finance,Director,Miami,38184.71,4587.03,2023-10-01,0,73.5,david.williams@company.com,(216) 598-6928,Active
EMP026793,Nicole,Rodriguez,Nicole Rodriguez,29,IT,Lead,Chicago,68015.38,5410.9,2023-12-15,0,83.4,nicole.rodriguez@company.com,(621) 670-2985,Active
EMP026794,James,Smith,James Smith,62,Marketing,Analyst,Chicago,84153.17,6885.14,2020-04-10,39,57.6,james.smith@company.com,(317) 420-9813,Active
EMP026795,Robert,Garcia,Robert Garcia,35,Sales,Lead,New York,71372.53,7260.51,2021-06-15,13,72.0,robert.garcia@company.com,(770) 538-4162,Active
EMP026796,John,Martinez,John Martinez,28,IT,Analyst,New York,69113.01,8763.18,2024-11-08,2,89.8,john.martinez@company.com,(211) 779-3296,Active
EMP026797,Ashley,Anderson,Ashley Anderson,62,Sales,Manager,Austin,89656.33,13416.87,2023-01-02,35,64.1,ashley.anderson@company.com,(954) 292-4118,Active
EMP026798,Christopher,Davis,Christopher Davis,26,Engineering,Manager,Boston,69281.58,6329.54,2022-01-07,0,77.6,christopher.davis@company.com,(847) 441-4164,Active
EMP026799,Melissa,Miller,Melissa Miller,32,Legal,Analyst,Los Angeles,56551.4,6908.92,2023-01-15,10,70.4,melissa.miller@company.com,(733) 651-4174,Active
EMP026800,Matthew,Rodriguez,Matthew Rodriguez,36,IT,Director,Austin,83631.68,7113.73,2022-11-18,7,67.2,matthew.rodriguez@company.com,(707) 392-8095,Active
EMP026801,Robert,Martin,Robert Martin,56,Engineering,Specialist,San Francisco,111522.17,12065.01,2024-08-07,27,81.5,robert.martin@company.com,(244) 826-3349,Active
EMP026802,Amanda,Lopez,Amanda Lopez,45,Finance,Manager,Miami,73681.97,4454.84,2021-06-19,20,88.0,amanda.lopez@company.com,(685) 446-4480,Active
EMP026803,Melissa,Miller,Melissa Miller,25,HR,Analyst,Boston,55617.91,7757.88,2024-08-21,0,52.9,melissa.miller@company.com,(804) 902-3788,Inactive
EMP026804,Michael,Martinez,Michael Martinez,65,Engineering,Coordinator,Seattle,106643.1,2882.75,2021-08-29,43,68.9,michael.martinez@company.com,(923) 530-8387,Active
EMP026805,Melissa,Martin,Melissa Martin,55,Sales,Senior Developer,Boston,82695.61,12211.5,2022-11-04,29,95.9,melissa.martin@company.com,(382) 348-1241,Active
EMP026806,David,Anderson,David Anderson,22,Finance,Analyst,New York,70581.28,4171.85,2021-01-15,0,80.2,david.anderson@company.com,(828) 658-7078,Active
EMP026807,Nicole,Martinez,Nicole Martinez,53,Marketing,Associate,Austin,67155.18,3688.23,2020-08-11,27,59.3,nicole.martinez@company.com,(264) 784-3135,Active
EMP026808,John,Davis,John Davis,22,Engineering,Coordinator,Chicago,99841.61,14048.81,2021-07-01,0,87.2,john.davis@company.com,(434) 854-3877,Active
EMP026809,Michael,Johnson,Michael Johnson,50,Marketing,Associate,Boston,68969.5,7620.02,2020-03-25,28,80.3,michael.johnson@company.com,(720) 235-6508,Active
EMP026810,Ashley,Martinez,Ashley Martinez,53,Engineering,Coordinator,Seattle,93837.52,11629.73,2021-09-05,30,66.8,ashley.martinez@company.com,(253) 385-7520,Active
EMP026811,Jessica,Martinez,Jessica Martinez,32,Finance,Analyst,Los Angeles,71377.89,5599.58,2020-10-15,9,52.7,jessica.martinez@company.com,(236) 200-7335,Inactive
EMP026812,Lisa,Lopez,Lisa Lopez,52,Sales,Manager,Los Angeles,65752.79,7733.89,2020-07-06,27,62.7,lisa.lopez@company.com,(831) 673-6498,Active
EMP026813,Lisa,Garcia,Lisa Garcia,22,Sales,Manager,Miami,55039.34,4599.59,2020-05-07,0,79.3,lisa.garcia@company.com,(829) 812-5779,Active
EMP026814,Michael,Garcia,Michael Garcia,39,Legal,Director,Los Angeles,112714.98,14155.5,2020-01-16,16,66.4,michael.garcia@company.com,(764) 727-6386,Inactive
EMP026815,Jane,Jones,Jane Jones,29,Operations,Director,Miami,45590.96,2717.81,2022-12-18,7,60.8,jane.jones@company.com,(380) 826-5056,Active
EMP026816,Christopher,Anderson,Christopher Anderson,37,Operations,Manager,Boston,55387.84,2914.78,2021-01-17,15,78.0,christopher.anderson@company.com,(540) 628-1801,Active
EMP026817,Melissa,Martinez,Melissa Martinez,44,Legal,Director,Miami,112238.75,15646.34,2023-01-16,20,90.8,melissa.martinez@company.com,(677) 635-9656,On Leave
EMP026818,Jane,Moore,Jane Moore,27,Sales,Coordinator,Los Angeles,71150.12,6682.58,2021-01-15,3,59.8,jane.moore@company.com,(869) 710-8917,Inactive
EMP026819,Robert,Garcia,Robert Garcia,44,Engineering,Specialist,Miami,98420.22,12417.86,2022-11-10,18,100.0,robert.garcia@company.com,(246) 414-4761,Active
EMP026820,William,Thomas,William Thomas,28,Operations,Senior Developer,Miami,46272.54,476.92,2021-07-15,0,63.8,william.thomas@company.com,(688) 447-9371,Active
EMP026821,Amanda,Smith,Amanda Smith,32,Legal,Manager,San Francisco,80717.13,8924.03,2023-04-18,7,69.8,amanda.smith@company.com,(342) 444-6133,On Leave
EMP026822,Michael,Hernandez,Michael Hernandez,46,IT,Coordinator,Los Angeles,104898.3,13956.3,2024-01-06,22,65.9,michael.hernandez@company.com,(670) 987-8401,Active
EMP026823,Robert,Garcia,Robert Garcia,35,Engineering,Senior Developer,Chicago,87078.34,10652.6,2022-01-24,11,95.2,robert.garcia@company.com,(290) 500-9755,Active
EMP026824,John,Anderson,John Anderson,47,Legal,Coordinator,San Francisco,100856.49,16427.35,2024-03-01,24,52.6,john.anderson@company.com,(228) 571-5983,Inactive
EMP026825,Nicole,Wilson,Nicole Wilson,63,Legal,Analyst,Austin,101944.73,15209.62,2024-03-26,34,71.6,nicole.wilson@company.com,(342) 279-8710,Active
EMP026826,Stephanie,Rodriguez,Stephanie Rodriguez,42,Legal,Manager,Los Angeles,75715.08,6396.28,2022-12-26,15,66.2,stephanie.rodriguez@company.com,(628) 623-6675,Inactive
EMP026827,Lisa,Brown,Lisa Brown,60,Operations,Analyst,Seattle,102801.79,601.21,2021-01-31,38,98.7,lisa.brown@company.com,(289) 213-7525,Active
EMP026828,Robert,Taylor,Robert Taylor,39,IT,Manager,Austin,85624.23,11463.15,2022-08-16,11,63.5,robert.taylor@company.com,(483) 202-7574,Active
EMP026829,Jane,Taylor,Jane Taylor,35,IT,Specialist,New York,83706.88,8626.78,2023-02-14,10,78.4,jane.taylor@company.com,(930) 354-5327,Active
EMP026830,Stephanie,Wilson,Stephanie Wilson,24,Engineering,Senior Developer,New York,39000.0,2935.08,2021-09-05,0,68.7,stephanie.wilson@company.com,(530) 984-6384,Active
EMP026831,Michael,Lopez,Michael Lopez,63,Engineering,Manager,Seattle,113469.33,11801.69,2022-07-28,41,64.5,michael.lopez@company.com,(910) 623-4199,Active
EMP026832,Sarah,Lopez,Sarah Lopez,28,IT,Manager,Boston,84643.42,9740.28,2022-07-27,0,89.2,sarah.lopez@company.com,(402) 775-8146,Active
EMP026833,Robert,Rodriguez,Robert Rodriguez,49,HR,Coordinator,New York,86712.66,14704.0,2023-08-30,21,89.7,robert.rodriguez@company.com,(597) 756-4416,Inactive
EMP026834,Amanda,Wilson,Amanda Wilson,35,Marketing,Associate,Boston,60702.9,1785.99,2023-01-31,12,60.1,amanda.wilson@company.com,(465) 375-4942,Active
EMP026835,Jane,Moore,Jane Moore,59,Marketing,Analyst,Boston,70619.59,5024.59,2023-03-07,32,96.3,jane.moore@company.com,(723) 592-7951,On Leave
EMP026836,Jessica,Johnson,Jessica Johnson,62,Legal,Associate,San Francisco,128120.84,17108.93,2023-06-15,36,69.7,jessica.johnson@company.com,(884) 429-3454,Active
EMP026837,Matthew,Williams,Matthew Williams,53,Operations,Lead,Los Angeles,77413.59,15020.78,2020-02-09,24,63.9,matthew.williams@company.com,(819) 786-7766,Active
EMP026838,James,Lopez,James Lopez,26,Marketing,Senior Developer,Los Angeles,64372.01,6128.62,2024-08-03,1,79.8,james.lopez@company.com,(365) 372-3866,Active
EMP026839,Ashley,Smith,Ashley Smith,34,Finance,Coordinator,Austin,55753.54,2512.43,2023-06-11,8,93.8,ashley.smith@company.com,(692) 414-7380,Inactive
EMP026840,Robert,Anderson,Robert Anderson,39,Marketing,Senior Developer,New York,82931.6,5003.09,2023-08-05,12,48.6,robert.anderson@company.com,(378) 225-2796,Inactive
EMP026841,Melissa,Miller,Melissa Miller,62,Finance,Coordinator,San Francisco,104272.31,11638.62,2021-05-29,37,63.6,melissa.miller@company.com,(466) 937-8349,Active
EMP026842,John,Williams,John Williams,48,Operations,Coordinator,San Francisco,62825.59,0.0,2020-01-16,25,78.3,john.williams@company.com,(836) 560-4469,Active
EMP026843,Michael,Hernandez,Michael Hernandez,22,Engineering,Senior Developer,San Francisco,69016.84,6225.26,2023-03-11,0,70.0,michael.hernandez@company.com,(639) 296-3646,Active
EMP026844,Jane,Davis,Jane Davis,25,Finance,Coordinator,Los Angeles,54310.54,5504.8,2020-02-06,0,83.8,jane.davis@company.com,(683) 557-5614,Active
EMP026845,Matthew,Johnson,Matthew Johnson,56,Finance,Coordinator,Chicago,96252.67,12553.84,2020-01-30,27,78.9,matthew.johnson@company.com,(863) 850-2881,Active
EMP026846,Anthony,Jones,Anthony Jones,24,Marketing,Associate,Boston,41017.34,4138.39,2021-07-07,0,71.9,anthony.jones@company.com,(698) 434-9932,Inactive
EMP026847,Daniel,Martinez,Daniel Martinez,26,Legal,Manager,Chicago,105734.41,15534.87,2024-07-28,2,58.1,daniel.martinez@company.com,(676) 511-1261,Inactive
EMP026848,Michael,Hernandez,Michael Hernandez,39,IT,Manager,Chicago,87691.71,8743.0,2022-02-20,14,76.6,michael.hernandez@company.com,(225) 903-6136,Active
EMP026849,James,Jones,James Jones,47,Sales,Senior Developer,San Francisco,91948.73,15687.88,2023-02-10,19,95.7,james.jones@company.com,(871) 953-7525,Inactive
EMP026850,Ashley,Williams,Ashley Williams,65,Sales,Analyst,Chicago,76513.25,9090.14,2023-05-23,43,100.0,ashley.williams@company.com,(857) 312-1599,Active
EMP026851,Christopher,Jackson,Christopher Jackson,36,HR,Analyst,San Francisco,68194.73,4604.66,2021-08-10,10,72.1,christopher.jackson@company.com,(427) 580-4943,Active
EMP026852,Melissa,Moore,Melissa Moore,52,HR,Manager,New York,61917.73,7542.12,2023-03-01,23,90.1,melissa.moore@company.com,(334) 680-7487,Active
EMP026853,Michael,Hernandez,Michael Hernandez,39,Finance,Analyst,Los Angeles,69967.75,7532.16,2022-04-05,14,54.0,michael.hernandez@company.com,(964) 401-1123,Active
EMP026854,David,Moore,David Moore,48,IT,Coordinator,Chicago,89473.21,9336.58,2020-02-19,21,93.7,david.moore@company.com,(480) 663-9071,Active
EMP026855,Anthony,Taylor,Anthony Taylor,40,Engineering,Coordinator,Austin,74307.8,11370.03,2021-11-29,12,72.3,anthony.taylor@company.com,(631) 904-9586,Active
EMP026856,Robert,Jackson,Robert Jackson,56,HR,Director,Boston,91045.1,4308.39,2023-07-03,30,55.4,robert.jackson@company.com,(560) 369-8141,Active
EMP026857,Sarah,Martin,Sarah Martin,45,Marketing,Manager,Chicago,64795.01,2408.36,2022-07-08,21,56.6,sarah.martin@company.com,(266) 733-1114,Active
EMP026858,William,Garcia,William Garcia,26,Finance,Specialist,Austin,60698.71,6444.33,2024-03-11,0,63.4,william.garcia@company.com,(525) 563-7684,Active
EMP026859,Robert,Lopez,Robert Lopez,40,Engineering,Manager,Chicago,105664.19,6834.66,2022-11-30,14,87.5,robert.lopez@company.com,(571) 224-4044,Active
EMP026860,Jessica,Garcia,Jessica Garcia,41,Marketing,Analyst,Miami,69589.88,8597.94,2020-05-24,15,56.3,jessica.garcia@company.com,(556) 761-2725,Active
EMP026861,Melissa,Moore,Melissa Moore,29,Marketing,Coordinator,Los Angeles,61869.43,8011.49,2024-04-19,6,49.7,melissa.moore@company.com,(292) 322-7340,Active
EMP026862,Matthew,Gonzalez,Matthew Gonzalez,62,Sales,Associate,Austin,96321.29,8678.31,2023-05-10,36,71.6,matthew.gonzalez@company.com,(604) 875-7678,Active
EMP026863,Christopher,Thomas,Christopher Thomas,46,Finance,Manager,Chicago,73001.2,9166.08,2022-06-05,20,81.4,christopher.thomas@company.com,(744) 793-6390,Active
EMP026864,Emily,Martin,Emily Martin,42,Sales,Manager,San Francisco,77631.09,2548.07,2023-03-25,20,74.6,emily.martin@company.com,(593) 343-6634,Active
EMP026865,Stephanie,Miller,Stephanie Miller,47,Operations,Lead,Chicago,74451.24,6228.26,2023-10-23,22,77.9,stephanie.miller@company.com,(774) 676-7830,Active
EMP026866,Daniel,Garcia,Daniel Garcia,64,Marketing,Director,New York,68278.32,7344.25,2023-07-11,38,67.4,daniel.garcia@company.com,(395) 865-3901,Active
EMP026867,Jessica,Anderson,Jessica Anderson,24,Marketing,Lead,Chicago,54358.97,11780.23,2022-03-04,2,87.7,jessica.anderson@company.com,(298) 430-9186,Active
EMP026868,Nicole,Wilson,Nicole Wilson,43,Legal,Director,San Francisco,110059.16,12255.67,2023-11-19,16,76.0,nicole.wilson@company.com,(784) 775-3334,Active
EMP026869,Stephanie,Wilson,Stephanie Wilson,41,Sales,Specialist,Miami,55913.24,9600.26,2022-01-21,17,82.5,stephanie.wilson@company.com,(697) 514-5626,Active
EMP026870,Robert,Jones,Robert Jones,61,IT,Analyst,Seattle,107134.55,11879.07,2023-08-24,32,85.5,robert.jones@company.com,(312) 914-3012,Inactive
EMP026871,Ashley,Hernandez,Ashley Hernandez,44,Finance,Lead,New York,96076.54,17709.84,2022-12-08,22,99.5,ashley.hernandez@company.com,(590) 438-5445,Active
EMP026872,Sarah,Smith,Sarah Smith,54,Engineering,Associate,Miami,119049.62,4989.15,2021-11-09,30,75.5,sarah.smith@company.com,(569) 783-2522,Active
EMP026873,James,Thomas,James Thomas,65,HR,Director,Chicago,65148.77,4415.92,2023-08-26,43,68.0,james.thomas@company.com,(771) 739-1069,Active
EMP026874,Christopher,Rodriguez,Christopher Rodriguez,58,HR,Associate,New York,97505.21,7756.23,2023-12-31,35,72.3,christopher.rodriguez@company.com,(533) 791-1448,Active
EMP026875,Melissa,Jones,Melissa Jones,39,Engineering,Lead,San Francisco,105189.39,5569.75,2021-11-25,15,70.0,melissa.jones@company.com,(591) 990-5963,Active
EMP026876,Lisa,Williams,Lisa Williams,52,Finance,Analyst,Chicago,75975.5,1771.1,2020-12-08,29,68.5,lisa.williams@company.com,(728) 462-7521,Active
EMP026877,Lisa,Jones,Lisa Jones,51,Marketing,Lead,Miami,73852.66,5839.96,2024-09-25,23,100.0,lisa.jones@company.com,(358) 489-6375,Active
EMP026878,William,Moore,William Moore,39,Engineering,Specialist,Miami,57850.09,5902.27,2020-06-08,10,81.2,william.moore@company.com,(718) 326-7001,Active
EMP026879,Stephanie,Miller,Stephanie Miller,65,Operations,Analyst,Chicago,71135.96,15625.71,2021-08-12,39,67.6,stephanie.miller@company.com,(333) 798-1491,Inactive
EMP026880,Emily,Rodriguez,Emily Rodriguez,60,Marketing,Senior Developer,Austin,77627.5,5594.17,2024-09-21,35,99.9,emily.rodriguez@company.com,(488) 592-5130,Active
EMP026881,Matthew,Thomas,Matthew Thomas,59,Marketing,Manager,Los Angeles,68376.09,10406.52,2020-07-12,31,96.4,matthew.thomas@company.com,(350) 340-8948,On Leave
EMP026882,Lisa,Thomas,Lisa Thomas,40,Finance,Lead,Seattle,63660.15,4753.0,2020-09-11,15,100.0,lisa.thomas@company.com,(931) 661-7720,Active
EMP026883,Ashley,Taylor,Ashley Taylor,63,HR,Lead,New York,82524.66,3856.71,2021-10-17,39,80.8,ashley.taylor@company.com,(886) 360-6074,Active
EMP026884,John,Johnson,John Johnson,58,Marketing,Associate,New York,93480.56,47.29,2022-07-18,36,82.7,john.johnson@company.com,(391) 674-2212,Active
EMP026885,Matthew,Brown,Matthew Brown,26,Engineering,Associate,Chicago,101635.52,10971.71,2021-08-03,2,87.0,matthew.brown@company.com,(452) 400-9596,Active
EMP026886,Anthony,Lopez,Anthony Lopez,53,IT,Analyst,Austin,107628.74,11990.8,2021-01-22,26,65.8,anthony.lopez@company.com,(321) 575-5603,Active
EMP026887,Amanda,Garcia,Amanda Garcia,59,IT,Associate,Austin,121484.03,11949.14,2023-07-09,35,58.7,amanda.garcia@company.com,(700) 757-5354,Active
EMP026888,Sarah,Rodriguez,Sarah Rodriguez,26,IT,Manager,Miami,80728.08,0.0,2022-06-07,0,96.0,sarah.rodriguez@company.com,(919) 794-1142,Active
EMP026889,William,Moore,William Moore,59,Finance,Senior Developer,Miami,121664.51,9706.59,2023-06-13,32,68.0,william.moore@company.com,(891) 916-8878,Active
EMP026890,Matthew,Jones,Matthew Jones,61,Marketing,Coordinator,Seattle,61704.99,6360.41,2022-03-12,38,54.9,matthew.jones@company.com,(421) 581-9941,Active
EMP026891,Jane,Taylor,Jane Taylor,35,IT,Specialist,Chicago,82766.14,12147.43,2021-12-30,8,77.9,jane.taylor@company.com,(351) 461-2952,Active
EMP026892,Emily,Wilson,Emily Wilson,27,Marketing,Associate,Boston,50827.42,6059.37,2024-12-13,0,82.4,emily.wilson@company.com,(718) 981-3153,Active
EMP026893,Emily,Martin,Emily Martin,51,Marketing,Director,Los Angeles,83397.83,7563.15,2024-01-05,28,98.4,emily.martin@company.com,(718) 700-6445,Inactive
EMP026894,Jane,Martin,Jane Martin,40,Engineering,Analyst,Chicago,115982.34,14366.09,2023-11-17,13,66.5,jane.martin@company.com,(784) 996-3761,Active
EMP026895,Melissa,Jackson,Melissa Jackson,33,HR,Specialist,Los Angeles,74731.1,7986.62,2020-12-15,6,67.4,melissa.jackson@company.com,(587) 863-1201,Active
EMP026896,Matthew,Johnson,Matthew Johnson,40,Marketing,Lead,Boston,39017.71,6077.04,2023-10-04,16,96.4,matthew.johnson@company.com,(931) 453-4899,Active
EMP026897,Stephanie,Martinez,Stephanie Martinez,38,Sales,Director,Austin,69848.57,4613.35,2024-03-16,15,71.4,stephanie.martinez@company.com,(873) 959-9984,Active
EMP026898,Sarah,Garcia,Sarah Garcia,24,Operations,Lead,Chicago,44471.21,2268.3,2023-09-24,0,84.1,sarah.garcia@company.com,(222) 206-7920,Active
EMP026899,William,Martin,William Martin,44,Engineering,Specialist,Los Angeles,66951.41,9007.4,2020-06-30,21,65.7,william.martin@company.com,(966) 941-6379,Active
EMP026900,Robert,Wilson,Robert Wilson,45,Finance,Director,San Francisco,98548.97,11620.76,2024-10-01,16,74.9,robert.wilson@company.com,(875) 255-3591,Active
EMP026901,David,Martinez,David Martinez,63,Sales,Senior Developer,Austin,92858.54,6652.62,2020-02-28,34,70.2,david.martinez@company.com,(731) 820-3224,Active
EMP026902,Stephanie,Johnson,Stephanie Johnson,40,IT,Lead,San Francisco,81096.21,4167.84,2023-05-07,13,94.4,stephanie.johnson@company.com,(274) 965-8791,On Leave
EMP026903,Jessica,Moore,Jessica Moore,43,Engineering,Specialist,Seattle,114078.03,6731.83,2021-11-24,14,70.7,jessica.moore@company.com,(213) 996-1123,Active
EMP026904,Emily,Thomas,Emily Thomas,23,Legal,Specialist,Seattle,52129.26,8153.42,2021-10-31,0,94.6,emily.thomas@company.com,(849) 326-5921,Active
EMP026905,Robert,Johnson,Robert Johnson,57,Sales,Lead,Austin,105221.01,20962.91,2024-07-30,34,74.2,robert.johnson@company.com,(715) 507-8287,Active
EMP026906,John,Williams,John Williams,41,IT,Manager,Austin,122445.99,2404.61,2023-01-22,13,60.5,john.williams@company.com,(473) 436-5192,Inactive
EMP026907,Melissa,Martin,Melissa Martin,54,Finance,Associate,Seattle,94456.07,8732.98,2020-06-28,25,66.2,melissa.martin@company.com,(816) 849-8639,Active
EMP026908,Emily,Hernandez,Emily Hernandez,56,Operations,Specialist,Boston,85251.41,14095.54,2022-08-27,33,93.7,emily.hernandez@company.com,(504) 756-9172,Active
EMP026909,William,Martinez,William Martinez,25,Legal,Lead,San Francisco,85580.7,8626.19,2024-08-11,0,68.5,william.martinez@company.com,(918) 673-2052,Inactive
EMP026910,Robert,Hernandez,Robert Hernandez,27,Finance,Analyst,San Francisco,67996.49,5518.28,2024-11-20,0,75.2,robert.hernandez@company.com,(516) 730-6566,Active
EMP026911,William,Lopez,William Lopez,29,HR,Coordinator,San Francisco,56941.63,9751.71,2023-09-23,6,86.1,william.lopez@company.com,(786) 742-8554,Active
EMP026912,William,Martinez,William Martinez,58,Finance,Manager,New York,88400.15,5373.42,2022-12-03,32,100.0,william.martinez@company.com,(366) 920-2462,Active
EMP026913,Sarah,Rodriguez,Sarah Rodriguez,31,Finance,Coordinator,New York,98918.16,14432.93,2021-08-08,2,99.2,sarah.rodriguez@company.com,(735) 261-4706,Active
EMP026914,Nicole,Martin,Nicole Martin,60,HR,Director,Boston,58088.98,4017.61,2022-06-25,36,54.5,nicole.martin@company.com,(712) 924-4145,Active
EMP026915,Jessica,Miller,Jessica Miller,48,Sales,Specialist,San Francisco,89661.01,9643.49,2022-09-07,22,86.5,jessica.miller@company.com,(569) 565-8474,Active
EMP026916,William,Johnson,William Johnson,38,Operations,Director,Los Angeles,58858.92,5801.95,2021-12-17,16,77.2,william.johnson@company.com,(914) 799-9900,Active
EMP026917,Michael,Lopez,Michael Lopez,37,Operations,Analyst,Seattle,67275.58,8081.17,2023-10-23,10,90.5,michael.lopez@company.com,(204) 244-5192,On Leave
EMP026918,Jessica,Rodriguez,Jessica Rodriguez,44,Marketing,Analyst,Boston,81781.49,9397.69,2024-04-28,20,83.8,jessica.rodriguez@company.com,(565) 481-1754,Active
EMP026919,Lisa,Davis,Lisa Davis,38,IT,Lead,Austin,89682.39,2753.42,2022-02-03,16,67.0,lisa.davis@company.com,(440) 445-4509,Active
EMP026920,Daniel,Williams,Daniel Williams,37,HR,Specialist,Boston,51324.49,7333.97,2023-05-21,13,75.2,daniel.williams@company.com,(251) 560-4751,Active
EMP026921,Jane,Rodriguez,Jane Rodriguez,45,IT,Associate,Austin,81036.33,9528.53,2022-09-01,21,88.8,jane.rodriguez@company.com,(715) 382-3901,Active
EMP026922,Robert,Brown,Robert Brown,42,Marketing,Lead,Seattle,75971.63,12222.68,2022-03-06,14,84.2,robert.brown@company.com,(477) 780-6463,Active
EMP026923,Stephanie,Davis,Stephanie Davis,44,Finance,Manager,Boston,66553.56,5809.73,2022-01-06,19,46.8,stephanie.davis@company.com,(422) 414-2338,Active
EMP026924,Daniel,Garcia,Daniel Garcia,33,Legal,Director,Seattle,106066.22,6854.07,2021-02-08,11,60.7,daniel.garcia@company.com,(231) 823-1743,On Leave
EMP026925,Ashley,Johnson,Ashley Johnson,45,Marketing,Director,Chicago,52288.84,6062.28,2023-12-27,16,82.6,ashley.johnson@company.com,(264) 202-1443,Active
EMP026926,Christopher,Martinez,Christopher Martinez,64,IT,Coordinator,Seattle,80749.93,8983.16,2024-08-02,42,83.4,christopher.martinez@company.com,(992) 864-6870,Active
EMP026927,Amanda,Brown,Amanda Brown,44,Marketing,Coordinator,New York,84554.42,14866.89,2022-03-08,19,72.6,amanda.brown@company.com,(521) 935-3613,On Leave
EMP026928,John,Martinez,John Martinez,36,Legal,Analyst,San Francisco,62147.01,2653.52,2022-09-11,13,39.9,john.martinez@company.com,(286) 461-2323,Active
EMP026929,Amanda,Martin,Amanda Martin,65,Legal,Director,San Francisco,129855.57,6694.55,2024-02-14,37,72.5,amanda.martin@company.com,(991) 569-4094,Active
EMP026930,Sarah,Martin,Sarah Martin,27,Operations,Associate,Austin,44736.05,5955.11,2023-01-03,0,76.3,sarah.martin@company.com,(409) 410-9509,Active
EMP026931,John,Miller,John Miller,47,Finance,Director,Seattle,71754.14,5844.1,2020-12-29,20,69.2,john.miller@company.com,(766) 414-7884,Active
EMP026932,Robert,Martinez,Robert Martinez,63,Engineering,Analyst,Chicago,117987.84,6904.74,2024-07-08,35,75.2,robert.martinez@company.com,(644) 551-9757,Active
EMP026933,Jessica,Moore,Jessica Moore,56,Finance,Analyst,Austin,85359.91,15335.8,2020-08-15,30,100.0,jessica.moore@company.com,(256) 967-3063,Active
EMP026934,Jessica,Anderson,Jessica Anderson,38,Legal,Senior Developer,Boston,84982.06,10837.31,2020-09-06,13,93.4,jessica.anderson@company.com,(666) 923-1795,Active
EMP026935,Sarah,Smith,Sarah Smith,58,Legal,Coordinator,Seattle,128438.74,7340.01,2022-05-12,31,76.1,sarah.smith@company.com,(810) 717-5987,Active
EMP026936,Jessica,Lopez,Jessica Lopez,41,IT,Specialist,Austin,87897.39,11654.29,2023-04-23,17,54.6,jessica.lopez@company.com,(400) 221-4234,Inactive
EMP026937,Daniel,Williams,Daniel Williams,28,IT,Coordinator,Miami,67215.4,9849.49,2020-03-11,5,87.1,daniel.williams@company.com,(254) 248-2615,Active
EMP026938,David,Martinez,David Martinez,62,Finance,Senior Developer,Los Angeles,100693.57,6103.21,2024-06-02,39,93.8,david.martinez@company.com,(327) 840-8970,Active
EMP026939,James,Jones,James Jones,44,Legal,Senior Developer,Seattle,80281.8,9434.55,2022-09-25,17,72.4,james.jones@company.com,(569) 640-9516,Active
EMP026940,Jane,Davis,Jane Davis,38,Engineering,Associate,Miami,81663.58,10249.31,2023-09-29,15,64.9,jane.davis@company.com,(807) 550-1673,Active
EMP026941,Sarah,Wilson,Sarah Wilson,35,Sales,Coordinator,Seattle,87175.7,11472.97,2020-10-17,10,63.0,sarah.wilson@company.com,(704) 640-4454,Active
EMP026942,Amanda,Thomas,Amanda Thomas,43,IT,Lead,Seattle,81753.52,8445.8,2020-07-17,14,71.3,amanda.thomas@company.com,(630) 251-9008,Active
EMP026943,Anthony,Smith,Anthony Smith,54,HR,Senior Developer,Chicago,87528.45,6476.77,2023-07-19,30,97.7,anthony.smith@company.com,(815) 987-1706,Active
EMP026944,Christopher,Brown,Christopher Brown,46,Engineering,Associate,Boston,106663.55,7939.49,2024-02-09,18,52.3,christopher.brown@company.com,(809) 451-2309,Active
EMP026945,Matthew,Miller,Matthew Miller,42,Sales,Manager,New York,99948.96,12246.74,2021-08-24,13,77.2,matthew.miller@company.com,(722) 890-8166,Active
EMP026946,Sarah,Miller,Sarah Miller,48,IT,Associate,Miami,89967.32,5116.14,2021-07-10,20,65.1,sarah.miller@company.com,(556) 334-2685,Active
EMP026947,Matthew,Hernandez,Matthew Hernandez,40,Marketing,Coordinator,Austin,65723.16,0.0,2023-10-31,11,94.1,matthew.hernandez@company.com,(809) 478-5635,Active
EMP026948,William,Anderson,William Anderson,47,Finance,Analyst,Boston,62057.52,6891.24,2020-06-16,21,69.7,william.anderson@company.com,(450) 282-3587,Active
EMP026949,John,Gonzalez,John Gonzalez,62,HR,Coordinator,Austin,79310.27,6116.38,2023-05-25,33,77.3,john.gonzalez@company.com,(967) 420-3991,Active
EMP026950,Sarah,Miller,Sarah Miller,41,Sales,Coordinator,Seattle,66473.71,8600.04,2020-03-28,17,67.8,sarah.miller@company.com,(491) 620-3368,Active
EMP026951,Anthony,Lopez,Anthony Lopez,43,Sales,Director,Seattle,76380.68,10301.89,2020-07-06,14,71.5,anthony.lopez@company.com,(711) 430-9041,Active
EMP026952,David,Taylor,David Taylor,56,IT,Associate,San Francisco,86910.35,5467.17,2022-11-14,27,72.5,david.taylor@company.com,(797) 518-7743,Active
EMP026953,Jessica,Taylor,Jessica Taylor,55,HR,Manager,Los Angeles,75050.29,3605.91,2020-10-10,32,83.7,jessica.taylor@company.com,(612) 991-9686,Active
EMP026954,Michael,Johnson,Michael Johnson,60,Sales,Lead,Chicago,68129.72,11640.24,2021-09-05,38,71.9,michael.johnson@company.com,(451) 619-4379,Active
EMP026955,Nicole,Miller,Nicole Miller,26,Sales,Associate,New York,71393.84,5867.2,2024-03-03,1,75.2,nicole.miller@company.com,(478) 567-6851,Active
EMP026956,Michael,Lopez,Michael Lopez,51,IT,Specialist,Seattle,89657.23,12714.06,2024-02-01,24,77.8,michael.lopez@company.com,(389) 333-9442,Active
EMP026957,William,Miller,William Miller,38,Engineering,Coordinator,Miami,72223.08,5733.5,2022-08-10,16,74.4,william.miller@company.com,(821) 823-6222,Active
EMP026958,Matthew,Davis,Matthew Davis,45,IT,Manager,Austin,109942.43,19534.66,2022-02-04,21,50.6,matthew.davis@company.com,(626) 707-7469,Inactive
EMP026959,Amanda,Garcia,Amanda Garcia,64,HR,Lead,Austin,69165.88,5787.06,2020-07-03,41,100.0,amanda.garcia@company.com,(535) 765-7622,Active
EMP026960,William,Davis,William Davis,36,Marketing,Manager,Los Angeles,50764.24,5543.72,2022-06-09,13,80.7,william.davis@company.com,(300) 254-9009,Active
EMP026961,James,Moore,James Moore,52,Sales,Director,San Francisco,91949.28,6908.7,2021-08-14,25,74.2,james.moore@company.com,(720) 242-7252,Active
EMP026962,Sarah,Moore,Sarah Moore,44,Operations,Analyst,Miami,72599.37,4421.89,2023-02-09,21,69.2,sarah.moore@company.com,(716) 902-9805,Active
EMP026963,Robert,Moore,Robert Moore,26,Sales,Director,Seattle,66459.21,8207.1,2022-01-02,3,85.1,robert.moore@company.com,(672) 677-1279,Inactive
EMP026964,Lisa,Smith,Lisa Smith,61,Sales,Lead,Miami,76380.31,4080.12,2023-03-16,33,73.7,lisa.smith@company.com,(756) 880-2465,Active
EMP026965,Robert,Wilson,Robert Wilson,42,Operations,Senior Developer,Austin,68113.12,3482.72,2023-02-04,13,72.9,robert.wilson@company.com,(277) 795-2838,Inactive
EMP026966,Matthew,Johnson,Matthew Johnson,37,Sales,Senior Developer,San Francisco,52556.38,6401.07,2020-06-03,15,74.5,matthew.johnson@company.com,(760) 990-9188,Active
EMP026967,Matthew,Wilson,Matthew Wilson,54,Marketing,Coordinator,Seattle,62373.73,9003.03,2023-09-08,30,83.3,matthew.wilson@company.com,(671) 801-1121,Active
EMP026968,Jessica,Taylor,Jessica Taylor,56,Engineering,Associate,New York,132783.37,12053.55,2024-08-14,29,66.5,jessica.taylor@company.com,(429) 847-5911,Active
EMP026969,Christopher,Miller,Christopher Miller,44,Engineering,Senior Developer,Chicago,139857.92,17393.68,2022-05-17,16,61.8,christopher.miller@company.com,(473) 295-6745,Inactive
EMP026970,James,Rodriguez,James Rodriguez,65,Engineering,Analyst,Los Angeles,117834.8,10289.1,2022-05-17,39,78.5,james.rodriguez@company.com,(920) 793-8357,Active
EMP026971,Amanda,Thomas,Amanda Thomas,29,Marketing,Coordinator,Chicago,66042.98,6294.6,2022-01-03,4,93.9,amanda.thomas@company.com,(264) 629-2534,Active
EMP026972,Stephanie,Taylor,Stephanie Taylor,25,Sales,Lead,New York,51946.99,1846.05,2022-01-29,0,77.5,stephanie.taylor@company.com,(956) 209-4377,Active
EMP026973,Lisa,Brown,Lisa Brown,58,Engineering,Analyst,Austin,115982.05,11317.41,2020-02-04,36,95.2,lisa.brown@company.com,(205) 218-5438,Active
EMP026974,Melissa,Jackson,Melissa Jackson,27,HR,Lead,Miami,50952.32,4701.32,2024-03-27,1,61.4,melissa.jackson@company.com,(709) 354-3834,Active
EMP026975,Melissa,Martin,Melissa Martin,63,IT,Analyst,Los Angeles,80473.41,5755.94,2024-03-29,35,61.2,melissa.martin@company.com,(400) 925-8084,Active
EMP026976,John,Johnson,John Johnson,47,Engineering,Specialist,Chicago,148430.1,17494.4,2024-01-26,21,65.2,john.johnson@company.com,(694) 268-2476,Active
EMP026977,Amanda,Hernandez,Amanda Hernandez,46,Legal,Analyst,Seattle,57060.67,5053.71,2020-01-11,20,83.5,amanda.hernandez@company.com,(991) 388-9327,Active
EMP026978,Melissa,Smith,Melissa Smith,37,Engineering,Senior Developer,Miami,108100.47,12320.85,2023-08-16,12,78.2,melissa.smith@company.com,(301) 746-3186,Active
EMP026979,Michael,Smith,Michael Smith,43,Sales,Senior Developer,Seattle,87877.18,9693.91,2024-04-16,21,89.7,michael.smith@company.com,(616) 817-8246,Inactive
EMP026980,Sarah,Rodriguez,Sarah Rodriguez,30,IT,Senior Developer,San Francisco,61140.82,8289.54,2023-12-09,7,77.5,sarah.rodriguez@company.com,(667) 345-5248,Active
EMP026981,Michael,Jones,Michael Jones,45,Marketing,Specialist,Los Angeles,80810.15,8933.65,2023-01-06,23,58.9,michael.jones@company.com,(606) 703-1064,Active
EMP026982,Christopher,Johnson,Christopher Johnson,65,Marketing,Analyst,San Francisco,90330.08,1839.78,2020-04-08,42,84.5,christopher.johnson@company.com,(476) 431-6579,Active
EMP026983,Jessica,Anderson,Jessica Anderson,56,HR,Manager,Los Angeles,89027.6,5140.15,2023-04-13,33,74.5,jessica.anderson@company.com,(628) 796-8728,On Leave
EMP026984,Melissa,Miller,Melissa Miller,57,Sales,Analyst,Seattle,90236.21,5119.71,2024-11-07,35,74.9,melissa.miller@company.com,(614) 969-9813,Active
EMP026985,Stephanie,Moore,Stephanie Moore,55,Finance,Lead,Miami,83484.66,8904.25,2023-01-15,28,60.2,stephanie.moore@company.com,(278) 652-6036,Active
EMP026986,Lisa,Hernandez,Lisa Hernandez,51,IT,Manager,Austin,110629.95,654.41,2023-05-23,27,100.0,lisa.hernandez@company.com,(671) 985-2233,Active
EMP026987,Anthony,Smith,Anthony Smith,22,Sales,Specialist,San Francisco,69498.93,8647.8,2022-01-16,0,74.2,anthony.smith@company.com,(958) 689-2524,Active
EMP026988,Lisa,Williams,Lisa Williams,35,Sales,Coordinator,Boston,72690.35,6459.36,2020-05-28,13,88.5,lisa.williams@company.com,(537) 703-7208,Inactive
EMP026989,Lisa,Miller,Lisa Miller,42,Legal,Specialist,Chicago,78310.81,9535.96,2024-03-04,15,70.1,lisa.miller@company.com,(243) 387-6319,Active
EMP026990,David,Martin,David Martin,38,Operations,Lead,New York,43350.69,2996.64,2021-08-27,14,20.7,david.martin@company.com,(733) 863-2289,Active
EMP026991,Amanda,Jones,Amanda Jones,39,Legal,Specialist,New York,63587.14,6520.45,2020-06-13,11,69.7,amanda.jones@company.com,(649) 617-9813,Active
EMP026992,Anthony,Rodriguez,Anthony Rodriguez,46,IT,Senior Developer,Seattle,84599.19,6635.66,2023-11-01,19,65.6,anthony.rodriguez@company.com,(908) 784-1152,Active
EMP026993,Stephanie,Jones,Stephanie Jones,39,Legal,Associate,Chicago,98249.54,9947.4,2020-02-09,15,92.8,stephanie.jones@company.com,(372) 251-4890,Active
EMP026994,Amanda,Anderson,Amanda Anderson,59,Engineering,Associate,New York,88539.68,6638.8,2024-04-19,36,74.7,amanda.anderson@company.com,(812) 800-5911,Active
EMP026995,Robert,Jones,Robert Jones,41,Sales,Analyst,Seattle,74185.89,8467.68,2024-01-03,13,85.6,robert.jones@company.com,(668) 750-5785,Active
EMP026996,James,Martin,James Martin,22,Operations,Associate,San Francisco,53326.92,8350.07,2021-07-01,0,80.6,james.martin@company.com,(350) 462-5835,Active
EMP026997,Sarah,Taylor,Sarah Taylor,34,HR,Senior Developer,Miami,42108.38,5126.97,2024-03-14,11,61.2,sarah.taylor@company.com,(558) 888-2237,Active
EMP026998,James,Taylor,James Taylor,23,Operations,Coordinator,Boston,50501.3,11433.12,2021-07-29,0,89.8,james.taylor@company.com,(748) 305-2574,Active
EMP026999,Nicole,Martinez,Nicole Martinez,44,Finance,Analyst,Austin,74401.04,10704.89,2021-05-04,20,84.0,nicole.martinez@company.com,(353) 508-1719,Active
EMP027000,Emily,Taylor,Emily Taylor,55,Finance,Lead,Chicago,84805.08,10983.62,2022-10-02,28,65.0,emily.taylor@company.com,(988) 887-8425,Active
EMP027001,Jane,Moore,Jane Moore,53,Marketing,Lead,San Francisco,64070.51,4263.17,2023-11-22,25,71.5,jane.moore@company.com,(792) 787-9273,Active
EMP027002,Matthew,Miller,Matthew Miller,56,Sales,Coordinator,San Francisco,92976.98,1302.13,2024-12-30,31,60.0,matthew.miller@company.com,(314) 225-4285,Active
EMP027003,Jane,Rodriguez,Jane Rodriguez,26,Finance,Lead,New York,78903.08,7561.98,2023-08-09,2,79.2,jane.rodriguez@company.com,(709) 986-2716,Active
EMP027004,Amanda,Martin,Amanda Martin,58,Sales,Associate,Boston,83405.31,932.97,2020-09-03,30,90.2,amanda.martin@company.com,(881) 796-8824,Active
EMP027005,Jessica,Brown,Jessica Brown,23,Engineering,Associate,Miami,70730.77,2775.64,2022-02-02,1,82.9,jessica.brown@company.com,(734) 250-1941,Active
EMP027006,Michael,Smith,Michael Smith,59,Marketing,Lead,San Francisco,75395.92,6956.36,2024-04-14,37,77.4,michael.smith@company.com,(398) 457-7194,Active
EMP027007,Stephanie,Williams,Stephanie Williams,39,Legal,Lead,Miami,86471.21,13614.53,2024-07-21,10,67.5,stephanie.williams@company.com,(213) 434-8042,Active
EMP027008,James,Williams,James Williams,59,Legal,Associate,Los Angeles,148883.56,20095.72,2021-03-03,32,100.0,james.williams@company.com,(406) 234-3902,Active
EMP027009,Jessica,Garcia,Jessica Garcia,64,Operations,Lead,New York,99052.29,8506.08,2022-08-18,42,62.8,jessica.garcia@company.com,(775) 280-3683,Active
EMP027010,David,Miller,David Miller,63,IT,Specialist,Austin,118253.47,11990.29,2020-10-08,38,71.1,david.miller@company.com,(254) 562-7995,Inactive
EMP027011,Matthew,Garcia,Matthew Garcia,55,IT,Manager,Los Angeles,120997.32,9480.33,2021-08-24,29,31.9,matthew.garcia@company.com,(738) 748-3036,Active
EMP027012,Ashley,Hernandez,Ashley Hernandez,35,Marketing,Senior Developer,Chicago,87430.28,13316.34,2023-10-20,11,79.2,ashley.hernandez@company.com,(553) 431-4472,Active
EMP027013,Stephanie,Jones,Stephanie Jones,63,Legal,Coordinator,New York,113111.69,0.0,2022-04-22,39,78.3,stephanie.jones@company.com,(732) 514-7639,Active
EMP027014,Stephanie,Moore,Stephanie Moore,35,Engineering,Associate,Boston,92221.04,16107.89,2020-05-27,10,70.4,stephanie.moore@company.com,(945) 437-9339,Active
EMP027015,Lisa,Smith,Lisa Smith,27,Legal,Director,Miami,69279.23,8949.51,2020-04-22,0,47.5,lisa.smith@company.com,(437) 696-4995,Active
EMP027016,Stephanie,Garcia,Stephanie Garcia,65,Sales,Analyst,Los Angeles,93701.49,9600.53,2021-02-18,43,83.2,stephanie.garcia@company.com,(717) 602-3742,Inactive
EMP027017,Melissa,Moore,Melissa Moore,65,Operations,Lead,Austin,70580.28,7027.65,2021-09-06,40,87.2,melissa.moore@company.com,(870) 671-5836,Inactive
EMP027018,John,Jackson,John Jackson,55,HR,Senior Developer,Chicago,105034.56,0.0,2023-09-29,26,80.8,john.jackson@company.com,(590) 563-1391,Active
EMP027019,Jane,Williams,Jane Williams,30,Marketing,Manager,Seattle,49702.6,5173.93,2020-01-15,8,100.0,jane.williams@company.com,(261) 374-8832,Active
EMP027020,Daniel,Jackson,Daniel Jackson,48,Engineering,Senior Developer,San Francisco,110175.41,14086.63,2020-07-16,26,77.1,daniel.jackson@company.com,(402) 836-6545,Active
EMP027021,William,Johnson,William Johnson,65,Engineering,Lead,Los Angeles,85590.53,10723.48,2021-03-01,43,99.8,william.johnson@company.com,(953) 435-9846,Active
EMP027022,John,Martin,John Martin,55,IT,Manager,Chicago,70131.73,11077.77,2021-12-16,32,77.0,john.martin@company.com,(666) 628-3547,Active
EMP027023,Jane,Davis,Jane Davis,55,Legal,Analyst,Boston,83493.79,0.0,2022-12-01,27,89.5,jane.davis@company.com,(577) 534-5485,Active
EMP027024,Stephanie,Wilson,Stephanie Wilson,58,Legal,Associate,Austin,110509.1,4425.71,2022-09-06,32,77.1,stephanie.wilson@company.com,(237) 285-9271,Active
EMP027025,John,Williams,John Williams,26,Legal,Specialist,San Francisco,109876.29,9210.11,2022-02-28,0,70.1,john.williams@company.com,(470) 826-1245,On Leave
EMP027026,Lisa,Anderson,Lisa Anderson,49,IT,Senior Developer,Chicago,90229.41,7819.2,2023-07-26,22,49.2,lisa.anderson@company.com,(492) 738-9899,Active
EMP027027,Michael,Williams,Michael Williams,36,Engineering,Director,New York,84177.45,6200.15,2024-09-04,7,72.6,michael.williams@company.com,(328) 361-2307,Active
EMP027028,Ashley,Moore,Ashley Moore,29,IT,Analyst,San Francisco,77910.58,11263.72,2020-07-07,1,100.0,ashley.moore@company.com,(542) 689-7464,Active
EMP027029,Sarah,Hernandez,Sarah Hernandez,33,Engineering,Lead,Seattle,74304.97,6180.69,2020-09-23,9,79.7,sarah.hernandez@company.com,(673) 944-6512,Active
EMP027030,Emily,Gonzalez,Emily Gonzalez,29,HR,Coordinator,Seattle,49067.51,9004.82,2023-03-02,4,66.3,emily.gonzalez@company.com,(278) 472-3628,Active
EMP027031,Jane,Brown,Jane Brown,37,Operations,Lead,New York,59068.43,4939.95,2024-08-17,10,64.6,jane.brown@company.com,(306) 211-3543,Active
EMP027032,John,Williams,John Williams,58,IT,Manager,Miami,120135.49,8787.79,2022-03-25,32,72.5,john.williams@company.com,(887) 620-3390,Active
EMP027033,John,Lopez,John Lopez,58,Marketing,Lead,Chicago,71042.08,0.0,2020-01-10,31,69.7,john.lopez@company.com,(233) 676-4942,Active
EMP027034,Nicole,Jackson,Nicole Jackson,26,Marketing,Manager,New York,63408.09,5431.1,2020-01-23,3,85.6,nicole.jackson@company.com,(263) 334-3197,Active
EMP027035,Stephanie,Johnson,Stephanie Johnson,28,Finance,Senior Developer,San Francisco,53585.84,4870.71,2022-01-15,2,67.6,stephanie.johnson@company.com,(885) 979-1968,On Leave
EMP027036,Emily,Davis,Emily Davis,33,HR,Associate,Austin,66507.1,5399.0,2021-07-06,6,77.9,emily.davis@company.com,(352) 961-5725,Active
EMP027037,Christopher,Martin,Christopher Martin,59,Sales,Lead,San Francisco,93571.47,6657.76,2023-03-08,37,95.2,christopher.martin@company.com,(683) 848-2027,Active
EMP027038,Jane,Thomas,Jane Thomas,36,IT,Lead,Boston,106253.95,9561.64,2024-09-24,10,55.4,jane.thomas@company.com,(790) 758-7707,Active
EMP027039,Melissa,Hernandez,Melissa Hernandez,33,HR,Coordinator,Chicago,45861.07,2399.82,2020-01-13,5,100.0,melissa.hernandez@company.com,(457) 818-5979,On Leave
EMP027040,Jessica,Moore,Jessica Moore,23,Sales,Analyst,Miami,54658.69,8242.02,2020-05-12,1,80.0,jessica.moore@company.com,(732) 343-6878,Active
EMP027041,Michael,Garcia,Michael Garcia,24,IT,Specialist,Los Angeles,74094.7,3535.89,2024-10-05,0,97.6,michael.garcia@company.com,(474) 722-3139,Inactive
EMP027042,Lisa,Martinez,Lisa Martinez,53,Finance,Specialist,San Francisco,119692.19,6769.34,2022-06-30,26,95.4,lisa.martinez@company.com,(731) 769-2651,Inactive
EMP027043,Jane,Jackson,Jane Jackson,24,Operations,Specialist,New York,48917.17,6119.69,2023-07-19,2,58.0,jane.jackson@company.com,(792) 751-4707,Active
EMP027044,Christopher,Anderson,Christopher Anderson,34,IT,Director,Austin,73771.16,7328.54,2020-06-04,6,79.6,christopher.anderson@company.com,(370) 762-1344,Active
EMP027045,David,Hernandez,David Hernandez,26,Engineering,Manager,New York,119430.81,7268.35,2023-05-08,2,97.6,david.hernandez@company.com,(767) 868-7131,Active
EMP027046,John,Jackson,John Jackson,54,Sales,Director,Seattle,75846.65,12770.37,2022-02-06,25,50.4,john.jackson@company.com,(699) 249-5905,Active
EMP027047,Amanda,Taylor,Amanda Taylor,51,Sales,Director,Chicago,58706.41,3138.79,2024-03-27,24,89.3,amanda.taylor@company.com,(674) 702-3488,Active
EMP027048,Stephanie,Martinez,Stephanie Martinez,56,Operations,Specialist,Seattle,59077.29,5347.16,2022-09-12,34,65.7,stephanie.martinez@company.com,(847) 334-1889,Active
EMP027049,Anthony,Williams,Anthony Williams,42,Legal,Associate,Austin,91312.48,838.34,2023-10-17,17,96.5,anthony.williams@company.com,(548) 892-3402,Inactive
EMP027050,Anthony,Martin,Anthony Martin,23,Operations,Lead,Austin,51415.74,4667.95,2024-05-03,1,64.9,anthony.martin@company.com,(431) 224-8829,Active
EMP027051,Nicole,Thomas,Nicole Thomas,23,Marketing,Manager,Miami,52426.76,7595.84,2022-02-15,0,58.4,nicole.thomas@company.com,(399) 418-6507,Active
EMP027052,Melissa,Thomas,Melissa Thomas,65,Legal,Manager,Seattle,116363.09,11036.93,2021-09-03,39,66.3,melissa.thomas@company.com,(316) 858-1263,Active
EMP027053,Matthew,Jones,Matthew Jones,36,Marketing,Coordinator,Austin,48933.6,4218.11,2020-05-30,14,70.3,matthew.jones@company.com,(981) 599-6418,Active
EMP027054,Stephanie,Lopez,Stephanie Lopez,39,Operations,Director,Seattle,45946.34,5739.7,2023-09-26,11,74.5,stephanie.lopez@company.com,(578) 859-3747,Active
EMP027055,James,Thomas,James Thomas,25,Finance,Coordinator,San Francisco,52013.88,0.0,2023-04-13,0,100.0,james.thomas@company.com,(367) 570-9655,Active
EMP027056,Matthew,Gonzalez,Matthew Gonzalez,56,Finance,Manager,Boston,70467.73,4684.65,2023-08-05,34,89.4,matthew.gonzalez@company.com,(341) 881-8065,Active
EMP027057,Robert,Thomas,Robert Thomas,48,Operations,Analyst,Austin,50797.53,3475.32,2023-08-26,22,100.0,robert.thomas@company.com,(964) 289-9670,On Leave
EMP027058,Matthew,Rodriguez,Matthew Rodriguez,56,Sales,Specialist,Los Angeles,76799.02,0.0,2024-05-30,29,79.4,matthew.rodriguez@company.com,(925) 438-1961,Active
EMP027059,Christopher,Garcia,Christopher Garcia,37,Operations,Analyst,San Francisco,72923.98,6939.3,2023-03-08,11,63.2,christopher.garcia@company.com,(959) 702-4597,Active
EMP027060,Lisa,Rodriguez,Lisa Rodriguez,50,IT,Director,Austin,114949.37,8577.23,2024-04-11,23,53.7,lisa.rodriguez@company.com,(959) 240-7384,Active
EMP027061,Jessica,Taylor,Jessica Taylor,48,Legal,Specialist,Boston,75466.35,7032.83,2022-03-21,25,70.1,jessica.taylor@company.com,(803) 411-8682,Inactive
EMP027062,Nicole,Martinez,Nicole Martinez,27,Sales,Coordinator,Los Angeles,63879.47,3311.86,2021-01-14,4,92.8,nicole.martinez@company.com,(787) 674-2409,On Leave
EMP027063,Nicole,Moore,Nicole Moore,57,IT,Director,Chicago,86745.65,4131.52,2022-07-31,29,82.2,nicole.moore@company.com,(640) 712-5351,Active
EMP027064,David,Gonzalez,David Gonzalez,61,Finance,Manager,Miami,85404.59,6657.35,2020-07-30,33,87.1,david.gonzalez@company.com,(767) 846-7523,Active
EMP027065,Anthony,Williams,Anthony Williams,43,Marketing,Specialist,Miami,71032.74,12930.62,2020-12-20,15,86.2,anthony.williams@company.com,(233) 380-9842,Active
EMP027066,Robert,Rodriguez,Robert Rodriguez,42,Sales,Senior Developer,San Francisco,69883.3,4404.94,2024-07-13,14,74.6,robert.rodriguez@company.com,(290) 721-4606,Inactive
EMP027067,Sarah,Gonzalez,Sarah Gonzalez,56,Operations,Senior Developer,San Francisco,95300.56,7793.12,2021-03-02,27,65.8,sarah.gonzalez@company.com,(857) 524-5517,Inactive
EMP027068,Michael,Davis,Michael Davis,50,Finance,Senior Developer,Chicago,48190.92,9302.84,2021-02-28,28,48.1,michael.davis@company.com,(285) 695-7343,Active
EMP027069,Sarah,Wilson,Sarah Wilson,45,Operations,Director,New York,52799.2,11906.62,2021-05-22,21,82.9,sarah.wilson@company.com,(395) 361-3446,Active
EMP027070,William,Anderson,William Anderson,40,Finance,Manager,Seattle,76078.3,14432.73,2023-05-27,13,71.0,william.anderson@company.com,(334) 820-1699,Active
EMP027071,James,Gonzalez,James Gonzalez,39,Legal,Specialist,New York,93811.42,7359.5,2020-03-11,11,79.8,james.gonzalez@company.com,(763) 803-3749,Active
EMP027072,Amanda,Lopez,Amanda Lopez,52,HR,Director,Seattle,42637.88,3400.62,2020-02-18,26,59.6,amanda.lopez@company.com,(297) 940-6313,Active
EMP027073,Stephanie,Hernandez,Stephanie Hernandez,59,Finance,Analyst,Seattle,102093.31,9943.28,2022-09-25,35,44.2,stephanie.hernandez@company.com,(357) 345-7464,Active
EMP027074,Lisa,Gonzalez,Lisa Gonzalez,43,HR,Specialist,New York,60524.1,2478.43,2020-01-26,19,72.4,lisa.gonzalez@company.com,(771) 355-1603,On Leave
EMP027075,Daniel,Jones,Daniel Jones,22,Finance,Specialist,New York,92099.96,13142.06,2020-09-25,0,68.9,daniel.jones@company.com,(729) 778-2740,On Leave
EMP027076,Robert,Miller,Robert Miller,59,Engineering,Lead,San Francisco,138809.62,11035.29,2022-12-23,36,85.6,robert.miller@company.com,(770) 525-3592,Active
EMP027077,Melissa,Williams,Melissa Williams,28,IT,Lead,Miami,102436.76,8936.33,2020-04-29,3,67.7,melissa.williams@company.com,(863) 721-6361,Active
EMP027078,Matthew,Anderson,Matthew Anderson,52,IT,Associate,Austin,113864.79,4742.13,2024-02-17,29,80.6,matthew.anderson@company.com,(886) 234-2625,Active
EMP027079,David,Brown,David Brown,22,Finance,Analyst,Seattle,60402.84,524.58,2023-02-01,0,77.6,david.brown@company.com,(632) 604-2614,Active
EMP027080,Ashley,Smith,Ashley Smith,24,HR,Associate,Austin,75766.88,9903.01,2024-01-11,0,100.0,ashley.smith@company.com,(909) 329-8113,Active
EMP027081,William,Martin,William Martin,58,Marketing,Director,Los Angeles,101279.42,16959.08,2020-09-14,34,68.1,william.martin@company.com,(554) 290-4052,Active
EMP027082,Robert,Davis,Robert Davis,39,Finance,Coordinator,Miami,69387.93,855.11,2023-01-25,11,53.6,robert.davis@company.com,(494) 517-7244,Active
EMP027083,John,Rodriguez,John Rodriguez,50,Legal,Director,Seattle,93272.83,8630.95,2021-05-18,22,90.4,john.rodriguez@company.com,(545) 331-4069,Active
EMP027084,Matthew,Moore,Matthew Moore,27,Engineering,Director,San Francisco,78533.98,2043.66,2023-12-10,0,78.3,matthew.moore@company.com,(304) 861-7588,Active
EMP027085,Melissa,Thomas,Melissa Thomas,38,HR,Specialist,Boston,52644.37,2079.81,2022-11-01,11,66.4,melissa.thomas@company.com,(678) 565-8158,Inactive
EMP027086,William,Williams,William Williams,65,Legal,Specialist,Boston,144492.25,8429.3,2023-08-28,40,95.7,william.williams@company.com,(323) 293-4683,Active
EMP027087,Daniel,Martin,Daniel Martin,58,Marketing,Analyst,New York,73753.63,10467.9,2023-04-24,31,62.4,daniel.martin@company.com,(610) 535-8544,Active
EMP027088,James,Rodriguez,James Rodriguez,63,Engineering,Associate,Los Angeles,134940.05,10358.05,2021-02-15,36,93.5,james.rodriguez@company.com,(609) 248-6199,Active
EMP027089,Daniel,Johnson,Daniel Johnson,59,Marketing,Specialist,Miami,79994.91,5118.93,2020-05-11,30,86.2,daniel.johnson@company.com,(272) 714-4816,Active
EMP027090,James,Johnson,James Johnson,24,Sales,Coordinator,Chicago,79201.77,4553.38,2022-09-06,0,65.0,james.johnson@company.com,(876) 487-3500,Inactive
EMP027091,Daniel,Hernandez,Daniel Hernandez,53,Marketing,Associate,Chicago,75383.96,5288.5,2022-09-01,26,100.0,daniel.hernandez@company.com,(300) 573-4768,Inactive
EMP027092,Stephanie,Gonzalez,Stephanie Gonzalez,29,HR,Senior Developer,San Francisco,74905.24,4801.28,2020-02-19,2,56.1,stephanie.gonzalez@company.com,(616) 675-4734,Active
EMP027093,Sarah,Smith,Sarah Smith,61,Marketing,Coordinator,Los Angeles,69552.61,10015.68,2024-03-17,38,82.8,sarah.smith@company.com,(261) 695-5232,Active
EMP027094,Amanda,Williams,Amanda Williams,58,Operations,Specialist,Los Angeles,72012.35,4077.45,2021-03-29,31,72.0,amanda.williams@company.com,(730) 233-9263,Active
EMP027095,James,Martin,James Martin,35,Operations,Associate,Miami,43176.09,4035.04,2024-05-30,10,100.0,james.martin@company.com,(346) 919-5033,Active
EMP027096,Jessica,Martin,Jessica Martin,64,HR,Coordinator,Miami,81989.72,7937.24,2023-02-25,42,82.4,jessica.martin@company.com,(974) 970-1620,Active
EMP027097,Christopher,Jackson,Christopher Jackson,23,Finance,Analyst,Boston,59901.86,5203.23,2022-07-08,0,83.2,christopher.jackson@company.com,(755) 629-8116,Active
EMP027098,Matthew,Anderson,Matthew Anderson,45,Sales,Senior Developer,Austin,64740.33,4708.3,2022-10-02,17,79.0,matthew.anderson@company.com,(710) 844-6398,Active
EMP027099,Matthew,Wilson,Matthew Wilson,51,HR,Director,Los Angeles,47667.59,3814.58,2020-03-31,26,92.7,matthew.wilson@company.com,(608) 447-5315,Active
EMP027100,Michael,Williams,Michael Williams,39,HR,Senior Developer,Boston,68415.0,8860.93,2021-04-08,14,64.5,michael.williams@company.com,(302) 438-7319,Active
EMP027101,James,Smith,James Smith,58,Sales,Analyst,Los Angeles,52639.78,5877.2,2020-01-25,36,72.1,james.smith@company.com,(792) 734-2726,Active
EMP027102,Melissa,Taylor,Melissa Taylor,54,IT,Director,Seattle,126960.54,20694.31,2020-10-26,25,82.9,melissa.taylor@company.com,(251) 423-5271,Active
EMP027103,Jane,Lopez,Jane Lopez,40,Sales,Analyst,Seattle,67486.4,7868.97,2022-09-22,17,67.7,jane.lopez@company.com,(984) 808-6349,Active
EMP027104,Michael,Hernandez,Michael Hernandez,63,Legal,Analyst,New York,75413.86,4834.85,2022-12-18,35,75.4,michael.hernandez@company.com,(312) 478-4698,Active
EMP027105,Jessica,Davis,Jessica Davis,65,Finance,Senior Developer,Boston,82572.26,0.0,2024-02-20,36,75.8,jessica.davis@company.com,(707) 981-4031,Active
EMP027106,Daniel,Smith,Daniel Smith,55,IT,Senior Developer,Chicago,74781.98,5759.8,2023-06-01,32,100.0,daniel.smith@company.com,(792) 610-8911,Active
EMP027107,Ashley,Miller,Ashley Miller,46,Legal,Manager,Los Angeles,81467.96,1056.47,2023-12-14,21,51.2,ashley.miller@company.com,(393) 667-3238,Active
EMP027108,Jane,Lopez,Jane Lopez,28,Legal,Senior Developer,San Francisco,76264.01,9489.83,2023-09-27,5,70.3,jane.lopez@company.com,(735) 669-1573,Active
EMP027109,Robert,Garcia,Robert Garcia,61,Legal,Coordinator,Chicago,103207.85,1615.93,2024-05-16,34,99.9,robert.garcia@company.com,(546) 407-7061,Active
EMP027110,Michael,Moore,Michael Moore,30,Finance,Analyst,Los Angeles,75238.21,5363.83,2021-12-06,6,57.9,michael.moore@company.com,(986) 306-4993,On Leave
EMP027111,Lisa,Hernandez,Lisa Hernandez,28,IT,Analyst,Boston,60695.69,2531.47,2020-08-27,0,81.5,lisa.hernandez@company.com,(498) 975-5193,On Leave
EMP027112,Melissa,Hernandez,Melissa Hernandez,57,HR,Coordinator,Los Angeles,81186.52,0.0,2020-05-05,31,84.0,melissa.hernandez@company.com,(877) 367-9632,Active
EMP027113,Christopher,Smith,Christopher Smith,28,HR,Senior Developer,Miami,59754.65,4735.13,2023-08-10,2,58.7,christopher.smith@company.com,(659) 302-8104,Active
EMP027114,Michael,Smith,Michael Smith,26,Engineering,Associate,Boston,79495.42,10730.8,2021-06-21,2,88.3,michael.smith@company.com,(216) 599-4783,Active
EMP027115,William,Davis,William Davis,63,Sales,Lead,Miami,108916.59,18840.97,2022-08-15,41,73.8,william.davis@company.com,(777) 603-7602,Active
EMP027116,Lisa,Garcia,Lisa Garcia,58,Operations,Associate,Boston,46783.04,1602.56,2021-04-29,35,79.1,lisa.garcia@company.com,(996) 921-1254,Active
EMP027117,Christopher,Smith,Christopher Smith,30,Engineering,Analyst,San Francisco,81816.27,3790.76,2024-03-31,5,58.4,christopher.smith@company.com,(620) 487-2593,Inactive
EMP027118,Michael,Jackson,Michael Jackson,42,Sales,Coordinator,San Francisco,72626.41,9496.98,2021-03-11,14,51.6,michael.jackson@company.com,(610) 667-8989,Inactive
EMP027119,David,Thomas,David Thomas,58,Finance,Analyst,Seattle,106674.86,2526.22,2022-04-07,34,100.0,david.thomas@company.com,(757) 568-4961,Active
EMP027120,David,Jones,David Jones,36,Finance,Associate,Los Angeles,71345.27,7538.68,2020-04-12,10,75.8,david.jones@company.com,(531) 301-9079,Active
EMP027121,Lisa,Davis,Lisa Davis,26,Legal,Manager,Austin,37500.0,6483.8,2023-09-19,4,66.2,lisa.davis@company.com,(626) 954-6323,Active
EMP027122,Sarah,Martin,Sarah Martin,51,Operations,Lead,Boston,73226.01,7299.82,2020-08-02,25,56.2,sarah.martin@company.com,(497) 301-9737,Active
EMP027123,Anthony,Anderson,Anthony Anderson,64,Sales,Manager,Miami,88090.69,10712.32,2023-06-15,35,74.9,anthony.anderson@company.com,(281) 801-8958,Active
EMP027124,Amanda,Moore,Amanda Moore,33,HR,Lead,Boston,70218.08,10267.83,2021-03-11,7,67.9,amanda.moore@company.com,(629) 936-9854,Active
EMP027125,Daniel,Jones,Daniel Jones,31,Legal,Coordinator,Austin,95043.72,19861.36,2022-02-10,2,46.5,daniel.jones@company.com,(609) 255-6254,Active
EMP027126,Matthew,Martinez,Matthew Martinez,28,Operations,Senior Developer,Boston,79214.78,6851.78,2021-10-18,5,82.0,matthew.martinez@company.com,(714) 373-3714,Active
EMP027127,Christopher,Martinez,Christopher Martinez,54,Legal,Specialist,Los Angeles,75690.11,8285.95,2024-04-27,27,91.6,christopher.martinez@company.com,(597) 620-1012,Active
EMP027128,Emily,Thomas,Emily Thomas,40,HR,Lead,Miami,53897.02,7204.3,2020-04-03,12,65.5,emily.thomas@company.com,(559) 598-8068,Active
EMP027129,Robert,Martin,Robert Martin,49,Sales,Director,Los Angeles,72149.69,2246.53,2023-01-02,22,97.4,robert.martin@company.com,(689) 605-1828,Active
EMP027130,Ashley,Martin,Ashley Martin,59,Finance,Analyst,Seattle,98815.27,7685.4,2023-03-22,31,57.6,ashley.martin@company.com,(935) 995-2193,Active
EMP027131,Christopher,Jones,Christopher Jones,27,Finance,Lead,Los Angeles,56088.42,7740.23,2024-09-19,4,86.2,christopher.jones@company.com,(599) 363-4933,Active
EMP027132,Stephanie,Anderson,Stephanie Anderson,55,IT,Analyst,New York,110478.53,13579.33,2020-10-30,27,79.9,stephanie.anderson@company.com,(821) 738-2426,Active
EMP027133,Nicole,Davis,Nicole Davis,59,Operations,Senior Developer,Austin,84088.07,6006.83,2023-08-14,37,83.2,nicole.davis@company.com,(490) 348-7916,Active
EMP027134,Sarah,Johnson,Sarah Johnson,65,Operations,Analyst,Miami,82929.15,12727.33,2023-06-04,39,53.0,sarah.johnson@company.com,(934) 820-4318,Inactive
EMP027135,Nicole,Martinez,Nicole Martinez,40,Operations,Specialist,Miami,66989.3,8750.98,2022-07-16,15,62.5,nicole.martinez@company.com,(242) 334-1772,Active
EMP027136,Christopher,Rodriguez,Christopher Rodriguez,44,Marketing,Director,Chicago,86733.21,4714.28,2020-04-11,19,79.8,christopher.rodriguez@company.com,(734) 708-4565,Active
EMP027137,Stephanie,Jones,Stephanie Jones,51,Finance,Associate,Boston,51168.53,8980.62,2023-08-07,29,100.0,stephanie.jones@company.com,(495) 318-3780,Inactive
EMP027138,William,Jones,William Jones,59,Sales,Senior Developer,Boston,97252.61,21214.46,2021-07-08,34,61.7,william.jones@company.com,(311) 255-6196,Active
EMP027139,Ashley,Martinez,Ashley Martinez,64,Sales,Coordinator,Seattle,70288.88,7131.37,2021-03-04,36,92.4,ashley.martinez@company.com,(811) 689-6692,On Leave
EMP027140,William,Anderson,William Anderson,24,HR,Coordinator,Chicago,80359.0,10902.16,2024-01-08,0,71.0,william.anderson@company.com,(590) 721-8678,Active
EMP027141,Anthony,Garcia,Anthony Garcia,47,Engineering,Manager,Miami,89661.57,4584.75,2020-04-04,18,75.1,anthony.garcia@company.com,(675) 297-3416,Active
EMP027142,Emily,Anderson,Emily Anderson,23,Finance,Lead,Los Angeles,84148.85,4635.07,2023-02-09,0,67.5,emily.anderson@company.com,(778) 600-9685,Active
EMP027143,Jessica,Garcia,Jessica Garcia,37,IT,Specialist,San Francisco,104498.96,3092.02,2022-01-25,9,82.2,jessica.garcia@company.com,(669) 225-9611,Active
EMP027144,James,Jackson,James Jackson,46,HR,Specialist,San Francisco,53721.51,7215.14,2023-01-09,22,61.1,james.jackson@company.com,(568) 447-6021,Active
EMP027145,James,Rodriguez,James Rodriguez,31,Legal,Coordinator,Boston,112511.74,17987.93,2023-06-04,9,94.5,james.rodriguez@company.com,(438) 440-4144,Active
EMP027146,Matthew,Garcia,Matthew Garcia,33,Legal,Analyst,Boston,60291.71,11598.91,2024-04-01,7,66.8,matthew.garcia@company.com,(789) 286-2306,Active
EMP027147,Jessica,Wilson,Jessica Wilson,24,Sales,Analyst,New York,90567.02,13890.14,2023-02-16,1,69.8,jessica.wilson@company.com,(233) 978-8801,Inactive
EMP027148,Sarah,Rodriguez,Sarah Rodriguez,28,Finance,Senior Developer,Los Angeles,56509.77,3662.24,2022-08-30,1,76.8,sarah.rodriguez@company.com,(253) 753-1842,Inactive
EMP027149,Melissa,Brown,Melissa Brown,49,Engineering,Lead,San Francisco,132453.53,7805.34,2021-09-24,20,82.1,melissa.brown@company.com,(348) 859-4510,Active
EMP027150,Anthony,Miller,Anthony Miller,24,HR,Specialist,Los Angeles,51480.32,3779.57,2020-11-06,0,85.7,anthony.miller@company.com,(702) 859-2295,Active
EMP027151,Daniel,Smith,Daniel Smith,50,Operations,Coordinator,Los Angeles,65293.95,3155.45,2024-09-30,23,58.1,daniel.smith@company.com,(347) 900-4708,Inactive
EMP027152,Matthew,Jones,Matthew Jones,39,Sales,Associate,Miami,93141.43,6851.45,2023-11-24,15,79.0,matthew.jones@company.com,(912) 460-6464,Active
EMP027153,Emily,Brown,Emily Brown,50,Marketing,Associate,Miami,82487.31,8804.85,2022-11-20,23,70.8,emily.brown@company.com,(431) 381-3215,Active
EMP027154,Robert,Brown,Robert Brown,49,Finance,Lead,Miami,123139.86,11297.92,2021-08-13,20,68.1,robert.brown@company.com,(568) 240-1071,Active
EMP027155,James,Johnson,James Johnson,36,IT,Senior Developer,Chicago,50467.48,8946.35,2023-02-20,9,73.9,james.johnson@company.com,(902) 961-4783,Active
EMP027156,John,Moore,John Moore,61,Operations,Coordinator,Seattle,58633.04,2558.79,2023-04-10,37,57.4,john.moore@company.com,(716) 870-8199,Active
EMP027157,Amanda,Taylor,Amanda Taylor,45,Sales,Director,San Francisco,99063.58,2869.98,2022-12-23,16,100.0,amanda.taylor@company.com,(519) 307-6269,Active
EMP027158,Emily,Hernandez,Emily Hernandez,31,Engineering,Manager,Seattle,103005.97,14204.85,2020-07-01,3,72.6,emily.hernandez@company.com,(571) 965-6997,Active
EMP027159,Stephanie,Smith,Stephanie Smith,33,Operations,Analyst,Seattle,67127.09,9539.51,2023-09-18,10,100.0,stephanie.smith@company.com,(245) 581-7632,Active
EMP027160,James,Jones,James Jones,45,IT,Analyst,Los Angeles,85132.37,11912.37,2023-09-16,23,75.1,james.jones@company.com,(810) 917-1362,Active
EMP027161,Melissa,Wilson,Melissa Wilson,52,Marketing,Manager,Chicago,70082.2,9577.97,2024-03-24,27,61.8,melissa.wilson@company.com,(948) 533-6149,Inactive
EMP027162,Michael,Moore,Michael Moore,30,Finance,Manager,New York,62921.79,8220.79,2020-06-20,2,76.9,michael.moore@company.com,(343) 529-6155,Active
EMP027163,William,Miller,William Miller,51,HR,Senior Developer,Austin,92031.73,14461.27,2021-08-16,29,85.6,william.miller@company.com,(937) 763-2786,Active
EMP027164,William,Wilson,William Wilson,24,Engineering,Coordinator,New York,82477.28,10361.33,2021-10-13,0,69.2,william.wilson@company.com,(512) 322-9679,Active
EMP027165,Sarah,Gonzalez,Sarah Gonzalez,51,Sales,Coordinator,Chicago,64416.03,13335.16,2020-01-06,22,72.6,sarah.gonzalez@company.com,(620) 719-6065,Active
EMP027166,Christopher,Lopez,Christopher Lopez,52,Operations,Analyst,Los Angeles,48200.72,4588.76,2022-03-23,24,84.8,christopher.lopez@company.com,(852) 554-1439,Active
EMP027167,John,Taylor,John Taylor,23,Finance,Director,Chicago,60054.18,8759.82,2020-03-23,1,65.0,john.taylor@company.com,(320) 850-6317,Active
EMP027168,Daniel,Wilson,Daniel Wilson,39,Sales,Coordinator,Miami,74226.22,9506.73,2021-06-29,10,66.7,daniel.wilson@company.com,(759) 605-6656,Active
EMP027169,Jane,Anderson,Jane Anderson,54,Legal,Director,Austin,102300.27,11375.26,2024-10-19,30,56.7,jane.anderson@company.com,(940) 897-9866,Active
EMP027170,Amanda,Taylor,Amanda Taylor,40,Operations,Coordinator,Miami,65352.4,10074.28,2021-05-21,12,57.8,amanda.taylor@company.com,(715) 230-8642,Active
EMP027171,Michael,Smith,Michael Smith,59,Engineering,Specialist,Miami,111294.04,4270.81,2021-07-02,31,66.6,michael.smith@company.com,(489) 628-6979,On Leave
EMP027172,John,Johnson,John Johnson,40,Operations,Senior Developer,Seattle,45044.23,4130.33,2022-12-03,14,76.5,john.johnson@company.com,(674) 716-1562,Active
EMP027173,Amanda,Smith,Amanda Smith,58,IT,Manager,Seattle,98551.63,3525.56,2020-07-29,34,73.7,amanda.smith@company.com,(488) 488-9352,Inactive
EMP027174,Nicole,Hernandez,Nicole Hernandez,45,Marketing,Manager,Los Angeles,78887.56,2382.54,2020-07-13,20,100.0,nicole.hernandez@company.com,(835) 540-7957,Active
EMP027175,Michael,Moore,Michael Moore,54,Operations,Director,Boston,62998.62,4161.25,2022-01-12,26,77.6,michael.moore@company.com,(366) 767-3070,Active
EMP027176,Sarah,Lopez,Sarah Lopez,43,HR,Lead,Seattle,67947.74,6952.13,2022-10-13,14,83.8,sarah.lopez@company.com,(637) 858-8290,Active
EMP027177,Robert,Williams,Robert Williams,44,Engineering,Director,San Francisco,106809.99,14675.04,2024-01-16,22,100.0,robert.williams@company.com,(791) 431-7859,Inactive
EMP027178,Jessica,Williams,Jessica Williams,43,HR,Lead,San Francisco,85618.58,5992.98,2022-11-19,15,68.8,jessica.williams@company.com,(415) 333-7068,Active
EMP027179,James,Rodriguez,James Rodriguez,27,Sales,Specialist,Chicago,54131.02,7909.13,2020-11-05,4,58.7,james.rodriguez@company.com,(929) 827-5924,Active
EMP027180,Daniel,Taylor,Daniel Taylor,64,Operations,Lead,New York,77192.03,5033.19,2021-05-27,38,100.0,daniel.taylor@company.com,(663) 266-4002,Inactive
EMP027181,William,Rodriguez,William Rodriguez,33,Finance,Director,Chicago,66550.83,1276.65,2020-08-15,8,82.2,william.rodriguez@company.com,(875) 663-5166,Active
EMP027182,Nicole,Taylor,Nicole Taylor,42,Marketing,Specialist,Chicago,72281.71,6480.41,2020-08-22,16,83.3,nicole.taylor@company.com,(780) 398-4051,Active
EMP027183,James,Johnson,James Johnson,60,Finance,Senior Developer,New York,115562.26,12466.84,2021-06-17,33,85.0,james.johnson@company.com,(335) 319-1465,Active
EMP027184,Jessica,Williams,Jessica Williams,64,Marketing,Director,New York,109170.61,22041.58,2022-08-07,38,72.2,jessica.williams@company.com,(299) 405-5890,On Leave
EMP027185,Stephanie,Lopez,Stephanie Lopez,33,HR,Specialist,Seattle,53174.67,6546.88,2023-10-05,6,70.4,stephanie.lopez@company.com,(342) 931-3654,Active
EMP027186,Daniel,Martinez,Daniel Martinez,42,Operations,Director,Chicago,73791.0,4736.82,2022-02-13,19,72.7,daniel.martinez@company.com,(752) 657-8073,Active
EMP027187,Stephanie,Lopez,Stephanie Lopez,38,Sales,Senior Developer,Austin,66876.37,10165.37,2024-08-14,16,76.4,stephanie.lopez@company.com,(528) 814-8406,Active
EMP027188,Jane,Martinez,Jane Martinez,59,Legal,Lead,San Francisco,103701.89,10135.58,2023-02-15,32,76.0,jane.martinez@company.com,(677) 879-2387,Active
EMP027189,Lisa,Wilson,Lisa Wilson,26,HR,Lead,Chicago,40479.39,5141.65,2020-12-27,0,71.4,lisa.wilson@company.com,(576) 251-7946,On Leave
EMP027190,Nicole,Lopez,Nicole Lopez,45,Legal,Specialist,Austin,94054.1,14698.81,2021-09-06,18,53.4,nicole.lopez@company.com,(604) 484-9418,On Leave
EMP027191,Jessica,Thomas,Jessica Thomas,22,IT,Specialist,San Francisco,69046.99,3328.25,2024-06-08,0,81.6,jessica.thomas@company.com,(680) 847-4280,Active
EMP027192,John,Smith,John Smith,23,Legal,Manager,New York,55452.97,1508.68,2021-07-07,0,70.0,john.smith@company.com,(566) 843-4265,Active
EMP027193,Emily,Rodriguez,Emily Rodriguez,63,IT,Lead,Boston,117355.15,6200.02,2020-01-21,38,66.3,emily.rodriguez@company.com,(529) 970-4469,Active
EMP027194,James,Anderson,James Anderson,50,Finance,Manager,Boston,84857.59,3331.81,2020-08-26,27,50.2,james.anderson@company.com,(403) 486-9614,Active
EMP027195,Daniel,Jones,Daniel Jones,24,Engineering,Lead,New York,78801.32,2907.65,2020-07-13,0,99.3,daniel.jones@company.com,(840) 494-4653,Active
EMP027196,John,Martin,John Martin,61,HR,Lead,Seattle,75293.92,2747.85,2024-01-18,39,96.6,john.martin@company.com,(575) 396-6978,Active
EMP027197,Ashley,Rodriguez,Ashley Rodriguez,62,Sales,Associate,Miami,102181.64,1881.66,2022-02-26,40,64.0,ashley.rodriguez@company.com,(703) 796-3152,Active
EMP027198,Lisa,Smith,Lisa Smith,64,Operations,Director,Seattle,79532.71,3789.71,2021-11-08,41,69.8,lisa.smith@company.com,(215) 245-9241,Inactive
EMP027199,John,Martin,John Martin,31,Finance,Senior Developer,Boston,87745.66,16017.77,2022-12-16,5,59.7,john.martin@company.com,(459) 880-9959,Active
EMP027200,Daniel,Brown,Daniel Brown,35,IT,Analyst,Miami,64769.74,11081.96,2022-06-25,8,100.0,daniel.brown@company.com,(869) 671-9835,Active
EMP027201,Daniel,Brown,Daniel Brown,22,Operations,Associate,Los Angeles,40899.1,6220.76,2022-09-21,0,74.3,daniel.brown@company.com,(323) 480-1155,Active
EMP027202,David,Martin,David Martin,45,Finance,Manager,Seattle,87567.85,6555.51,2024-07-27,16,72.4,david.martin@company.com,(971) 838-5309,Active
EMP027203,William,Jackson,William Jackson,25,Sales,Lead,Los Angeles,64329.15,8143.69,2023-03-02,2,69.9,william.jackson@company.com,(334) 210-5546,Active
EMP027204,Stephanie,Taylor,Stephanie Taylor,59,Operations,Associate,Chicago,52872.68,0.0,2020-10-24,36,92.7,stephanie.taylor@company.com,(260) 576-2855,Active
EMP027205,Robert,Rodriguez,Robert Rodriguez,46,Finance,Manager,Miami,108358.55,3013.05,2021-06-22,24,44.8,robert.rodriguez@company.com,(992) 516-6908,On Leave
EMP027206,Emily,Williams,Emily Williams,32,Marketing,Lead,Seattle,60058.89,2623.15,2023-02-03,10,67.8,emily.williams@company.com,(677) 370-2344,Active
EMP027207,David,Jones,David Jones,60,Engineering,Manager,Austin,119239.71,5445.85,2024-09-09,32,85.4,david.jones@company.com,(245) 441-9356,Active
EMP027208,Lisa,Jackson,Lisa Jackson,65,Sales,Lead,Boston,97753.31,13811.05,2023-07-24,43,88.6,lisa.jackson@company.com,(227) 344-3000,Active
EMP027209,Christopher,Johnson,Christopher Johnson,33,Marketing,Specialist,Miami,66237.67,5958.67,2022-11-26,11,95.1,christopher.johnson@company.com,(892) 917-4762,Active
EMP027210,Ashley,Miller,Ashley Miller,33,HR,Director,New York,62469.76,7756.12,2024-01-20,6,56.4,ashley.miller@company.com,(308) 907-8416,Active
EMP027211,Anthony,Moore,Anthony Moore,51,IT,Senior Developer,Miami,61066.87,6626.18,2023-02-12,26,74.1,anthony.moore@company.com,(698) 646-7325,Active
EMP027212,Melissa,Thomas,Melissa Thomas,39,Marketing,Lead,Los Angeles,31643.15,4306.17,2022-07-16,13,88.9,melissa.thomas@company.com,(518) 335-6510,Active
EMP027213,Ashley,Jones,Ashley Jones,52,Finance,Specialist,Austin,65234.4,8127.76,2024-05-27,27,57.9,ashley.jones@company.com,(908) 395-5457,Active
EMP027214,John,Anderson,John Anderson,23,Operations,Analyst,Miami,63614.64,6281.61,2022-10-28,0,79.4,john.anderson@company.com,(712) 675-6745,Active
EMP027215,Michael,Davis,Michael Davis,60,Engineering,Associate,Chicago,118943.46,9550.88,2022-07-31,38,79.0,michael.davis@company.com,(774) 434-4407,On Leave
EMP027216,Robert,Taylor,Robert Taylor,44,Legal,Analyst,Boston,114675.08,18677.35,2020-02-19,16,61.7,robert.taylor@company.com,(581) 345-3399,Active
EMP027217,Melissa,Lopez,Melissa Lopez,40,IT,Manager,Boston,76215.88,10050.8,2022-08-24,16,93.6,melissa.lopez@company.com,(215) 693-1480,Active
EMP027218,Anthony,Lopez,Anthony Lopez,30,HR,Lead,Chicago,27000.0,4506.48,2021-09-23,2,65.7,anthony.lopez@company.com,(598) 322-5529,Active
EMP027219,Stephanie,Johnson,Stephanie Johnson,23,Operations,Associate,Chicago,29385.21,4195.06,2022-12-04,0,80.4,stephanie.johnson@company.com,(275) 939-9593,Active
EMP027220,Melissa,Hernandez,Melissa Hernandez,57,Engineering,Coordinator,Seattle,99118.33,17568.18,2021-09-11,30,71.9,melissa.hernandez@company.com,(909) 628-2427,On Leave
EMP027221,Melissa,Moore,Melissa Moore,51,HR,Associate,San Francisco,86263.82,4901.59,2023-10-14,27,67.6,melissa.moore@company.com,(805) 915-8214,Active
EMP027222,Ashley,Rodriguez,Ashley Rodriguez,62,Operations,Director,San Francisco,94748.28,8095.33,2023-10-06,38,80.3,ashley.rodriguez@company.com,(671) 835-7837,Active
EMP027223,Robert,Jackson,Robert Jackson,32,Legal,Senior Developer,New York,81290.23,8351.78,2021-11-17,9,76.3,robert.jackson@company.com,(767) 250-4388,Active
EMP027224,Daniel,Taylor,Daniel Taylor,34,Sales,Director,Seattle,85195.85,7261.77,2020-07-05,11,77.2,daniel.taylor@company.com,(259) 570-5127,Active
EMP027225,Anthony,Rodriguez,Anthony Rodriguez,36,HR,Associate,Miami,73678.95,12136.99,2020-08-28,9,85.7,anthony.rodriguez@company.com,(275) 663-5388,Active
EMP027226,Nicole,Martinez,Nicole Martinez,55,HR,Analyst,Los Angeles,79055.44,7458.8,2022-11-16,28,81.1,nicole.martinez@company.com,(373) 738-4970,Active
EMP027227,Michael,Moore,Michael Moore,55,Sales,Associate,Austin,96868.44,12230.87,2022-07-30,27,71.5,michael.moore@company.com,(299) 235-7774,On Leave
EMP027228,Amanda,Garcia,Amanda Garcia,45,Finance,Manager,Miami,71238.28,8251.81,2022-10-18,18,68.5,amanda.garcia@company.com,(697) 747-7158,Active
EMP027229,Amanda,Lopez,Amanda Lopez,49,Sales,Specialist,Los Angeles,57620.94,3289.78,2024-12-16,22,58.5,amanda.lopez@company.com,(845) 447-5253,Inactive
EMP027230,Jane,Hernandez,Jane Hernandez,55,IT,Analyst,San Francisco,103719.02,8676.74,2022-03-29,31,65.1,jane.hernandez@company.com,(558) 730-7312,Active
EMP027231,Jane,Martinez,Jane Martinez,63,Engineering,Director,Los Angeles,111489.56,15407.73,2023-11-30,40,68.5,jane.martinez@company.com,(533) 868-2576,Active
EMP027232,Amanda,Johnson,Amanda Johnson,29,Finance,Analyst,Miami,69758.87,11697.87,2021-10-04,7,60.3,amanda.johnson@company.com,(898) 815-1292,Active
EMP027233,Michael,Brown,Michael Brown,40,Marketing,Analyst,Seattle,88524.67,6880.06,2020-12-05,18,73.0,michael.brown@company.com,(453) 225-1920,Active
EMP027234,Christopher,Martinez,Christopher Martinez,30,Operations,Analyst,San Francisco,39092.36,6455.4,2022-10-15,6,74.4,christopher.martinez@company.com,(707) 829-3219,Active
EMP027235,Ashley,Gonzalez,Ashley Gonzalez,41,Finance,Specialist,San Francisco,62195.69,4298.33,2024-06-05,18,65.0,ashley.gonzalez@company.com,(778) 854-3252,Active
EMP027236,Matthew,Moore,Matthew Moore,35,Marketing,Specialist,San Francisco,48052.44,4508.68,2022-04-16,13,85.7,matthew.moore@company.com,(876) 785-5713,Active
EMP027237,Jessica,Thomas,Jessica Thomas,44,Legal,Lead,Austin,81923.83,17694.94,2022-11-10,15,75.0,jessica.thomas@company.com,(299) 791-5781,Active
EMP027238,Amanda,Jones,Amanda Jones,46,Marketing,Senior Developer,Chicago,75042.56,1945.39,2023-12-05,22,72.5,amanda.jones@company.com,(240) 267-9741,Active
EMP027239,Melissa,Martin,Melissa Martin,36,IT,Lead,Miami,104861.89,6995.49,2020-10-11,9,86.7,melissa.martin@company.com,(620) 628-8605,Inactive
EMP027240,Nicole,Rodriguez,Nicole Rodriguez,33,IT,Coordinator,Austin,63275.32,11986.1,2024-01-28,8,73.9,nicole.rodriguez@company.com,(391) 777-4216,Active
EMP027241,Sarah,Davis,Sarah Davis,40,Sales,Director,Chicago,78946.4,3315.66,2023-06-03,12,75.9,sarah.davis@company.com,(902) 858-9319,Active
EMP027242,Stephanie,Martinez,Stephanie Martinez,35,IT,Director,New York,98601.55,10332.01,2021-09-13,9,31.0,stephanie.martinez@company.com,(978) 690-7349,Active
EMP027243,James,Anderson,James Anderson,59,Finance,Lead,San Francisco,83370.71,1013.92,2022-11-07,36,84.0,james.anderson@company.com,(493) 831-4088,Active
EMP027244,Michael,Anderson,Michael Anderson,31,Finance,Senior Developer,Boston,54530.68,4836.45,2020-05-17,8,86.3,michael.anderson@company.com,(736) 268-2472,Active
EMP027245,James,Williams,James Williams,32,Legal,Specialist,Miami,101930.22,7648.85,2021-10-13,3,63.8,james.williams@company.com,(814) 344-7306,Active
EMP027246,Michael,Davis,Michael Davis,30,IT,Manager,Seattle,81515.29,6088.16,2023-07-31,7,73.1,michael.davis@company.com,(580) 673-8247,Active
EMP027247,David,Brown,David Brown,38,IT,Associate,Miami,85615.05,14712.1,2023-09-11,14,76.0,david.brown@company.com,(847) 723-4378,Active
EMP027248,John,Smith,John Smith,58,HR,Analyst,Austin,71897.87,12514.34,2024-11-20,32,83.9,john.smith@company.com,(476) 802-9509,Active
EMP027249,David,Lopez,David Lopez,34,Finance,Lead,New York,51888.21,6753.37,2021-09-19,9,88.5,david.lopez@company.com,(572) 623-3247,Inactive
EMP027250,Melissa,Garcia,Melissa Garcia,43,Engineering,Coordinator,San Francisco,105740.54,4599.61,2024-10-24,15,100.0,melissa.garcia@company.com,(898) 595-5455,Active
EMP027251,Sarah,Martin,Sarah Martin,50,Legal,Associate,Boston,87902.66,15561.81,2022-01-06,26,74.8,sarah.martin@company.com,(652) 849-1243,Active
EMP027252,William,Martinez,William Martinez,38,Sales,Lead,Austin,68554.7,12093.41,2020-08-26,13,89.3,william.martinez@company.com,(468) 331-9842,Active
EMP027253,Amanda,Rodriguez,Amanda Rodriguez,47,Finance,Manager,Austin,91175.11,13669.68,2021-07-01,18,62.2,amanda.rodriguez@company.com,(880) 609-3672,Inactive
EMP027254,David,Jones,David Jones,44,Finance,Analyst,Chicago,90523.56,2978.26,2021-12-26,18,100.0,david.jones@company.com,(865) 545-4050,On Leave
EMP027255,Jessica,Williams,Jessica Williams,38,Operations,Manager,San Francisco,57700.65,11674.39,2023-07-20,14,93.5,jessica.williams@company.com,(477) 638-5907,Active
EMP027256,Melissa,Thomas,Melissa Thomas,49,Sales,Manager,San Francisco,76529.49,4780.61,2020-07-02,20,82.3,melissa.thomas@company.com,(709) 631-7360,Active
EMP027257,Ashley,Davis,Ashley Davis,28,Sales,Analyst,New York,54041.85,8310.35,2020-03-11,6,83.1,ashley.davis@company.com,(626) 821-7384,Active
EMP027258,Melissa,Martin,Melissa Martin,65,HR,Senior Developer,Boston,107940.33,6872.81,2024-06-15,37,74.2,melissa.martin@company.com,(628) 648-5065,On Leave
EMP027259,Amanda,Smith,Amanda Smith,37,Finance,Manager,Los Angeles,78989.47,5378.14,2020-07-16,11,81.5,amanda.smith@company.com,(431) 219-3648,Active
EMP027260,Emily,Thomas,Emily Thomas,65,Sales,Associate,Austin,84153.86,4326.04,2021-07-26,37,95.2,emily.thomas@company.com,(546) 940-1389,Active
EMP027261,Robert,Moore,Robert Moore,56,Marketing,Manager,Miami,88266.92,17938.69,2020-08-05,30,100.0,robert.moore@company.com,(795) 266-3539,Active
EMP027262,Amanda,Davis,Amanda Davis,64,Sales,Analyst,New York,86342.23,9700.14,2024-04-25,38,93.5,amanda.davis@company.com,(277) 835-4423,Inactive
EMP027263,John,Brown,John Brown,48,Marketing,Lead,Miami,65285.09,8531.6,2022-03-06,25,82.9,john.brown@company.com,(467) 536-7841,Active
EMP027264,Stephanie,Hernandez,Stephanie Hernandez,35,Legal,Coordinator,Chicago,70980.6,10833.8,2021-05-07,7,61.9,stephanie.hernandez@company.com,(677) 665-9693,Active
EMP027265,Nicole,Gonzalez,Nicole Gonzalez,59,Engineering,Lead,San Francisco,115667.12,5993.6,2024-09-10,36,75.7,nicole.gonzalez@company.com,(738) 312-6932,Active
EMP027266,Michael,Rodriguez,Michael Rodriguez,64,Legal,Lead,Los Angeles,117231.39,14834.33,2023-11-05,35,39.8,michael.rodriguez@company.com,(699) 779-6223,Active
EMP027267,Lisa,Lopez,Lisa Lopez,49,Legal,Manager,San Francisco,131011.55,14413.08,2023-03-22,24,90.2,lisa.lopez@company.com,(438) 958-5716,On Leave
EMP027268,Lisa,Lopez,Lisa Lopez,59,Operations,Director,Austin,92074.73,3582.71,2023-02-18,36,82.5,lisa.lopez@company.com,(889) 306-5596,Active
EMP027269,William,Garcia,William Garcia,54,Legal,Associate,Los Angeles,89685.14,11188.67,2023-11-16,25,53.0,william.garcia@company.com,(570) 378-7253,Active
EMP027270,Amanda,Martin,Amanda Martin,60,Operations,Specialist,Miami,59118.77,8611.34,2023-11-02,33,67.6,amanda.martin@company.com,(958) 230-9290,Inactive
EMP027271,Anthony,Wilson,Anthony Wilson,58,Marketing,Analyst,New York,74199.13,6428.22,2021-05-25,36,85.5,anthony.wilson@company.com,(614) 538-2562,Active
EMP027272,Anthony,Davis,Anthony Davis,34,Legal,Manager,New York,100453.65,8956.27,2024-04-02,8,69.9,anthony.davis@company.com,(289) 526-4006,Active
EMP027273,Robert,Garcia,Robert Garcia,45,Sales,Manager,Boston,75221.22,4810.01,2020-07-14,20,64.5,robert.garcia@company.com,(371) 611-9198,Active
EMP027274,Jessica,Rodriguez,Jessica Rodriguez,48,Finance,Analyst,New York,92814.44,3403.49,2022-10-08,25,89.1,jessica.rodriguez@company.com,(563) 881-9125,Active
EMP027275,David,Wilson,David Wilson,27,Legal,Specialist,Boston,77690.37,4798.15,2020-09-06,0,60.4,david.wilson@company.com,(358) 283-8808,Active
EMP027276,Nicole,Smith,Nicole Smith,55,Engineering,Analyst,Austin,136575.42,8150.66,2023-03-13,32,76.9,nicole.smith@company.com,(602) 710-9456,Active
EMP027277,Michael,Martinez,Michael Martinez,50,HR,Associate,Chicago,88459.47,6646.59,2024-08-17,24,58.8,michael.martinez@company.com,(364) 603-3114,Active
EMP027278,Amanda,Smith,Amanda Smith,34,HR,Lead,Chicago,68390.33,14650.18,2021-02-16,6,72.4,amanda.smith@company.com,(201) 589-7028,Active
EMP027279,James,Jones,James Jones,23,Sales,Analyst,Boston,41337.17,3846.44,2023-11-27,1,96.1,james.jones@company.com,(482) 668-4876,Active
EMP027280,Christopher,Jackson,Christopher Jackson,45,HR,Associate,New York,56426.72,7077.66,2020-02-21,22,72.6,christopher.jackson@company.com,(340) 326-7294,Active
EMP027281,Nicole,Gonzalez,Nicole Gonzalez,44,Engineering,Analyst,Chicago,123929.3,11705.49,2024-04-04,15,78.5,nicole.gonzalez@company.com,(898) 628-6361,Active
EMP027282,Emily,Smith,Emily Smith,59,Legal,Director,Chicago,151324.29,11446.75,2022-01-17,36,79.6,emily.smith@company.com,(907) 390-6927,Active
EMP027283,Lisa,Johnson,Lisa Johnson,41,IT,Senior Developer,Boston,111535.69,19727.66,2024-03-15,13,41.5,lisa.johnson@company.com,(877) 544-1784,Active
EMP027284,James,Taylor,James Taylor,65,Operations,Associate,San Francisco,63813.66,8495.38,2020-05-21,43,44.4,james.taylor@company.com,(301) 821-5871,Inactive
EMP027285,James,Davis,James Davis,51,Marketing,Specialist,Boston,77872.07,3043.41,2020-01-25,23,67.8,james.davis@company.com,(211) 358-2096,Active
EMP027286,Robert,Taylor,Robert Taylor,33,Sales,Analyst,Chicago,87037.87,7677.01,2022-04-20,5,81.7,robert.taylor@company.com,(295) 723-8846,Inactive
EMP027287,David,Gonzalez,David Gonzalez,36,Sales,Analyst,Seattle,54860.68,5441.83,2024-08-16,9,63.2,david.gonzalez@company.com,(844) 862-6339,Active
EMP027288,Emily,Rodriguez,Emily Rodriguez,39,IT,Senior Developer,New York,104983.15,12596.08,2024-05-30,16,86.3,emily.rodriguez@company.com,(357) 765-1087,Active
EMP027289,Lisa,Hernandez,Lisa Hernandez,45,Finance,Specialist,Seattle,105095.15,10442.11,2023-06-04,18,61.2,lisa.hernandez@company.com,(240) 832-2255,Active
EMP027290,David,Wilson,David Wilson,48,IT,Coordinator,New York,85343.24,7371.54,2022-09-26,21,80.8,david.wilson@company.com,(563) 529-3743,Active
EMP027291,Michael,Wilson,Michael Wilson,63,Finance,Lead,Miami,114773.54,24103.86,2022-05-21,38,92.8,michael.wilson@company.com,(341) 244-5770,Active
EMP027292,Nicole,Martinez,Nicole Martinez,45,Marketing,Director,Boston,97804.59,1206.03,2020-03-23,22,64.1,nicole.martinez@company.com,(367) 955-3885,Inactive
EMP027293,Ashley,Moore,Ashley Moore,56,Finance,Associate,San Francisco,87648.34,8157.62,2021-08-23,32,100.0,ashley.moore@company.com,(431) 259-6939,Active
EMP027294,Melissa,Gonzalez,Melissa Gonzalez,57,Marketing,Specialist,Boston,88042.48,11782.94,2021-08-04,30,37.2,melissa.gonzalez@company.com,(260) 434-1122,Active
EMP027295,Lisa,Williams,Lisa Williams,25,Operations,Lead,Miami,33140.96,4840.82,2020-11-07,2,90.7,lisa.williams@company.com,(830) 317-4839,Active
EMP027296,David,Miller,David Miller,38,Engineering,Specialist,San Francisco,80690.16,7377.84,2024-01-03,11,100.0,david.miller@company.com,(910) 498-3714,Active
EMP027297,Melissa,Anderson,Melissa Anderson,43,Finance,Manager,Seattle,74945.95,12193.34,2022-04-12,21,70.4,melissa.anderson@company.com,(759) 704-3996,Active
EMP027298,Nicole,Martin,Nicole Martin,29,HR,Associate,Austin,52861.97,6337.15,2022-10-18,0,74.5,nicole.martin@company.com,(954) 637-5890,Active
EMP027299,Ashley,Johnson,Ashley Johnson,50,Engineering,Specialist,Austin,100420.32,13993.87,2021-10-02,26,86.5,ashley.johnson@company.com,(339) 300-6640,Active
EMP027300,Michael,Lopez,Michael Lopez,39,Sales,Lead,Miami,51559.32,5199.65,2020-10-24,15,71.0,michael.lopez@company.com,(304) 280-7771,Active
EMP027301,Christopher,Brown,Christopher Brown,30,Finance,Manager,Seattle,63188.0,2279.04,2024-06-14,4,76.3,christopher.brown@company.com,(491) 626-2797,Active
EMP027302,Jessica,Hernandez,Jessica Hernandez,54,Finance,Specialist,Los Angeles,89431.41,11388.54,2020-06-05,25,97.7,jessica.hernandez@company.com,(231) 308-4725,Inactive
EMP027303,Anthony,Wilson,Anthony Wilson,23,Finance,Specialist,San Francisco,33000.0,1918.72,2024-01-11,0,63.8,anthony.wilson@company.com,(859) 326-9847,Active
EMP027304,Amanda,Smith,Amanda Smith,63,Sales,Director,Austin,81324.63,11105.41,2022-01-20,37,82.7,amanda.smith@company.com,(849) 210-4375,Active
EMP027305,Anthony,Jackson,Anthony Jackson,63,HR,Specialist,Chicago,66746.4,6064.55,2021-04-16,39,45.0,anthony.jackson@company.com,(662) 547-4339,Active
EMP027306,Jane,Davis,Jane Davis,31,Finance,Senior Developer,New York,84578.04,11872.18,2023-09-08,9,63.2,jane.davis@company.com,(253) 212-8320,Active
EMP027307,John,Johnson,John Johnson,46,IT,Analyst,Seattle,95565.97,11336.35,2024-11-21,20,85.3,john.johnson@company.com,(393) 224-8606,Active
EMP027308,Christopher,Garcia,Christopher Garcia,35,Marketing,Associate,San Francisco,63493.25,12766.17,2021-12-14,13,82.1,christopher.garcia@company.com,(849) 710-6077,Inactive
EMP027309,William,Brown,William Brown,54,Sales,Analyst,Austin,96450.04,13103.31,2022-03-04,27,68.9,william.brown@company.com,(933) 510-6686,Active
EMP027310,Jane,Brown,Jane Brown,46,IT,Associate,Boston,70132.01,0.0,2022-06-17,18,89.1,jane.brown@company.com,(241) 642-7784,Active
EMP027311,Jessica,Garcia,Jessica Garcia,60,Legal,Associate,Chicago,93543.99,10522.2,2020-10-21,35,64.9,jessica.garcia@company.com,(415) 698-5562,On Leave
EMP027312,Sarah,Jones,Sarah Jones,58,Sales,Senior Developer,San Francisco,77184.26,7631.65,2023-11-13,33,72.2,sarah.jones@company.com,(990) 648-3533,Active
EMP027313,Lisa,Lopez,Lisa Lopez,42,Finance,Coordinator,San Francisco,86588.89,19205.22,2024-05-11,13,100.0,lisa.lopez@company.com,(660) 805-9139,Active
EMP027314,Jessica,Hernandez,Jessica Hernandez,26,Sales,Specialist,Chicago,69816.36,8878.43,2023-12-24,1,90.0,jessica.hernandez@company.com,(572) 899-9184,Inactive
EMP027315,Amanda,Moore,Amanda Moore,23,Engineering,Director,Boston,87117.49,6093.31,2022-09-27,0,80.2,amanda.moore@company.com,(398) 334-1050,Active
EMP027316,Jessica,Johnson,Jessica Johnson,58,Legal,Senior Developer,Miami,126138.63,15483.43,2024-05-24,34,91.5,jessica.johnson@company.com,(593) 984-1636,Active
EMP027317,Stephanie,Johnson,Stephanie Johnson,37,IT,Coordinator,San Francisco,47182.02,3065.49,2021-07-05,15,88.4,stephanie.johnson@company.com,(519) 588-8493,On Leave
EMP027318,Stephanie,Wilson,Stephanie Wilson,43,HR,Senior Developer,San Francisco,56752.92,5045.79,2020-05-31,14,57.8,stephanie.wilson@company.com,(631) 391-9646,Inactive
EMP027319,William,Davis,William Davis,44,Legal,Director,Los Angeles,80775.61,9694.5,2024-10-22,19,96.1,william.davis@company.com,(291) 443-8816,Active
EMP027320,Stephanie,Moore,Stephanie Moore,37,Legal,Specialist,New York,86339.38,3734.65,2024-12-08,13,55.5,stephanie.moore@company.com,(626) 629-7235,Active
EMP027321,Robert,Wilson,Robert Wilson,23,IT,Lead,New York,63063.51,3468.96,2023-01-25,0,85.0,robert.wilson@company.com,(584) 637-3180,Active
EMP027322,Stephanie,Hernandez,Stephanie Hernandez,43,Sales,Director,Austin,63898.58,8353.36,2020-02-08,21,71.9,stephanie.hernandez@company.com,(275) 754-7022,On Leave
EMP027323,Jane,Miller,Jane Miller,39,IT,Director,Austin,80099.22,4706.93,2024-06-25,14,57.5,jane.miller@company.com,(205) 650-5266,Active
EMP027324,Lisa,Moore,Lisa Moore,34,Legal,Associate,Austin,124638.0,10046.28,2021-01-18,7,55.8,lisa.moore@company.com,(571) 635-1200,Active
EMP027325,Robert,Anderson,Robert Anderson,38,Marketing,Coordinator,Chicago,44187.02,7110.75,2021-06-29,10,56.7,robert.anderson@company.com,(680) 704-2758,Active
EMP027326,Jane,Johnson,Jane Johnson,24,HR,Senior Developer,Boston,78931.44,16707.0,2021-07-17,0,50.3,jane.johnson@company.com,(984) 909-1911,Active
EMP027327,Christopher,Davis,Christopher Davis,58,Finance,Associate,San Francisco,108103.48,4870.22,2021-10-02,35,83.4,christopher.davis@company.com,(820) 441-6011,Active
EMP027328,James,Johnson,James Johnson,65,HR,Director,Seattle,99437.06,8513.09,2022-04-13,38,69.0,james.johnson@company.com,(492) 601-8265,Inactive
EMP027329,David,Brown,David Brown,65,Legal,Associate,Miami,150936.38,11103.91,2023-11-08,39,60.9,david.brown@company.com,(706) 276-1703,Active
EMP027330,Lisa,Garcia,Lisa Garcia,45,Finance,Manager,Miami,109914.05,6082.96,2022-08-24,18,90.5,lisa.garcia@company.com,(680) 837-9106,Inactive
EMP027331,Christopher,Anderson,Christopher Anderson,53,Sales,Associate,Los Angeles,105924.35,5928.01,2020-03-12,29,97.6,christopher.anderson@company.com,(298) 936-1992,Active
EMP027332,James,Martin,James Martin,28,Marketing,Manager,Chicago,76584.9,0.0,2020-10-04,2,92.9,james.martin@company.com,(439) 648-9478,Active
EMP027333,Ashley,Lopez,Ashley Lopez,47,HR,Director,Seattle,66297.84,11218.78,2023-10-20,21,63.7,ashley.lopez@company.com,(377) 799-5455,Active
EMP027334,Daniel,Martin,Daniel Martin,50,Legal,Lead,New York,77988.95,5039.94,2022-01-11,21,71.7,daniel.martin@company.com,(541) 588-3328,Active
EMP027335,David,Lopez,David Lopez,30,Engineering,Associate,Boston,69220.39,2246.46,2022-03-22,7,53.6,david.lopez@company.com,(769) 304-6602,Active
EMP027336,David,Hernandez,David Hernandez,42,IT,Lead,Los Angeles,100358.34,4718.04,2023-03-05,20,68.2,david.hernandez@company.com,(547) 353-1088,Active
EMP027337,Jessica,Moore,Jessica Moore,47,IT,Lead,Seattle,103575.81,4452.44,2024-10-17,20,67.2,jessica.moore@company.com,(425) 356-6210,Active
EMP027338,Daniel,Hernandez,Daniel Hernandez,62,Marketing,Analyst,San Francisco,77798.11,10164.88,2020-12-31,39,86.7,daniel.hernandez@company.com,(464) 629-6238,Active
EMP027339,Christopher,Davis,Christopher Davis,49,Operations,Coordinator,Boston,75352.27,5606.28,2023-07-04,27,100.0,christopher.davis@company.com,(761) 796-4298,Active
EMP027340,Sarah,Brown,Sarah Brown,45,Engineering,Manager,New York,85220.11,11062.1,2020-03-25,22,91.6,sarah.brown@company.com,(961) 293-8790,Active
EMP027341,Jane,Hernandez,Jane Hernandez,53,Marketing,Senior Developer,New York,80518.39,4544.6,2023-02-14,28,62.0,jane.hernandez@company.com,(203) 566-6648,Active
EMP027342,Emily,Thomas,Emily Thomas,43,Marketing,Lead,Chicago,52087.92,6836.15,2022-03-23,16,67.7,emily.thomas@company.com,(600) 430-8432,Active
EMP027343,Jane,Gonzalez,Jane Gonzalez,44,Engineering,Senior Developer,Miami,115596.26,12836.66,2020-04-04,17,88.4,jane.gonzalez@company.com,(340) 906-1355,Active
EMP027344,Ashley,Martinez,Ashley Martinez,52,Legal,Senior Developer,Miami,118883.83,18458.8,2022-09-05,25,71.2,ashley.martinez@company.com,(515) 776-9307,Active
EMP027345,John,Hernandez,John Hernandez,52,IT,Analyst,Austin,101537.65,6059.49,2023-07-06,29,91.1,john.hernandez@company.com,(573) 572-6360,Active
EMP027346,Daniel,Johnson,Daniel Johnson,51,Marketing,Associate,Miami,88744.54,7357.37,2021-12-21,28,96.9,daniel.johnson@company.com,(226) 500-5078,Active
EMP027347,Robert,Anderson,Robert Anderson,52,Sales,Specialist,Seattle,96665.32,2162.07,2023-08-31,25,57.8,robert.anderson@company.com,(930) 831-1416,Active
EMP027348,John,Jones,John Jones,49,Marketing,Lead,Seattle,87586.05,13478.7,2020-06-01,22,57.7,john.jones@company.com,(824) 876-1681,Active
EMP027349,Christopher,Rodriguez,Christopher Rodriguez,44,Operations,Lead,New York,72617.01,12452.2,2021-08-09,17,82.5,christopher.rodriguez@company.com,(427) 637-6769,Inactive
EMP027350,Robert,Jackson,Robert Jackson,27,Operations,Senior Developer,Miami,28710.03,4717.32,2022-11-28,2,88.8,robert.jackson@company.com,(353) 514-2917,On Leave
EMP027351,William,Hernandez,William Hernandez,31,Marketing,Analyst,Los Angeles,61205.75,6358.55,2024-03-06,5,80.5,william.hernandez@company.com,(761) 441-6508,Active
EMP027352,Stephanie,Martin,Stephanie Martin,60,Sales,Analyst,Chicago,94143.17,9515.98,2022-03-09,33,50.8,stephanie.martin@company.com,(235) 895-8550,Active
EMP027353,Anthony,Rodriguez,Anthony Rodriguez,34,Operations,Lead,Boston,57968.39,1767.0,2023-03-16,9,66.6,anthony.rodriguez@company.com,(568) 585-8143,Active
EMP027354,Emily,Hernandez,Emily Hernandez,60,Legal,Director,Austin,123083.59,19052.0,2020-08-18,31,74.3,emily.hernandez@company.com,(235) 962-4733,Active
EMP027355,Anthony,Jones,Anthony Jones,56,Engineering,Analyst,Miami,81609.43,6079.12,2021-04-19,28,82.4,anthony.jones@company.com,(861) 776-3938,Active
EMP027356,Daniel,Martinez,Daniel Martinez,29,IT,Director,Boston,87771.6,6064.28,2022-07-07,3,57.7,daniel.martinez@company.com,(512) 929-3548,Active
EMP027357,Stephanie,Moore,Stephanie Moore,54,Marketing,Senior Developer,San Francisco,82385.42,8264.36,2022-09-05,29,81.0,stephanie.moore@company.com,(945) 737-3047,Active
EMP027358,Sarah,Martinez,Sarah Martinez,52,Marketing,Analyst,San Francisco,90104.02,4877.98,2022-06-18,24,63.7,sarah.martinez@company.com,(781) 654-8075,Active
EMP027359,Melissa,Taylor,Melissa Taylor,53,Marketing,Analyst,Chicago,84464.1,11923.48,2024-12-17,30,100.0,melissa.taylor@company.com,(405) 394-5990,Active
EMP027360,Anthony,Smith,Anthony Smith,58,Legal,Senior Developer,Chicago,88684.52,9037.03,2022-11-15,36,83.5,anthony.smith@company.com,(455) 603-9377,Active
EMP027361,Robert,Thomas,Robert Thomas,63,Operations,Specialist,Seattle,82105.82,14095.76,2020-01-12,40,75.6,robert.thomas@company.com,(720) 714-1620,Active
EMP027362,Anthony,Jackson,Anthony Jackson,65,HR,Specialist,Chicago,82773.2,4820.26,2023-03-04,40,75.4,anthony.jackson@company.com,(993) 862-7177,Active
EMP027363,Matthew,Jones,Matthew Jones,57,IT,Director,Chicago,122966.89,5395.71,2024-03-06,30,50.1,matthew.jones@company.com,(457) 308-8466,Active
EMP027364,John,Hernandez,John Hernandez,64,Legal,Manager,Los Angeles,120344.74,5944.09,2024-04-23,36,70.6,john.hernandez@company.com,(575) 877-5877,Active
EMP027365,Lisa,Taylor,Lisa Taylor,24,Operations,Coordinator,Austin,46904.87,3989.87,2022-10-06,0,86.0,lisa.taylor@company.com,(533) 289-9774,Active
EMP027366,Michael,Davis,Michael Davis,26,Marketing,Coordinator,San Francisco,60913.25,5611.24,2024-12-30,0,75.3,michael.davis@company.com,(566) 394-5848,Active
EMP027367,David,Lopez,David Lopez,24,Legal,Associate,San Francisco,86227.48,7273.0,2021-02-03,2,66.1,david.lopez@company.com,(473) 482-9053,Active
EMP027368,Stephanie,Gonzalez,Stephanie Gonzalez,23,IT,Director,New York,82926.33,9242.7,2023-11-27,0,65.8,stephanie.gonzalez@company.com,(903) 677-6373,Active
EMP027369,Amanda,Rodriguez,Amanda Rodriguez,47,Marketing,Specialist,Boston,77652.11,9639.02,2023-03-22,23,68.2,amanda.rodriguez@company.com,(663) 547-8694,Active
EMP027370,Anthony,Williams,Anthony Williams,62,Marketing,Manager,Austin,77606.26,11182.24,2020-10-11,38,87.2,anthony.williams@company.com,(273) 913-2713,Inactive
EMP027371,Robert,Williams,Robert Williams,48,Engineering,Coordinator,San Francisco,111746.97,9590.14,2020-11-26,20,100.0,robert.williams@company.com,(878) 394-9761,Active
EMP027372,Michael,Brown,Michael Brown,60,Operations,Analyst,Los Angeles,99431.55,9541.52,2023-06-18,33,66.6,michael.brown@company.com,(799) 591-1718,Active
EMP027373,Emily,Johnson,Emily Johnson,63,Operations,Associate,San Francisco,65262.09,8048.99,2024-02-21,37,88.1,emily.johnson@company.com,(720) 347-2939,Active
EMP027374,Melissa,Anderson,Melissa Anderson,33,Operations,Associate,San Francisco,41159.04,5673.32,2024-06-13,4,70.0,melissa.anderson@company.com,(272) 376-3829,Active
EMP027375,Ashley,Martinez,Ashley Martinez,65,HR,Analyst,Seattle,70223.22,3185.2,2023-06-04,41,77.9,ashley.martinez@company.com,(608) 669-4537,Active
EMP027376,John,Taylor,John Taylor,49,Operations,Specialist,Boston,74364.78,4742.78,2024-10-15,22,100.0,john.taylor@company.com,(852) 787-8855,Active
EMP027377,Melissa,Garcia,Melissa Garcia,61,Marketing,Manager,Los Angeles,65799.04,6873.87,2021-01-16,34,68.7,melissa.garcia@company.com,(235) 436-7880,Active
EMP027378,Stephanie,Jones,Stephanie Jones,58,Marketing,Associate,Boston,92224.3,3200.72,2022-11-19,32,62.7,stephanie.jones@company.com,(347) 902-7112,Active
EMP027379,Sarah,Brown,Sarah Brown,56,Operations,Analyst,New York,70824.77,8575.69,2022-05-05,28,92.6,sarah.brown@company.com,(477) 435-8607,Active
EMP027380,Christopher,Jackson,Christopher Jackson,51,Legal,Manager,Chicago,71187.24,8042.1,2023-02-07,26,100.0,christopher.jackson@company.com,(826) 359-3396,Active
EMP027381,Ashley,Lopez,Ashley Lopez,26,Marketing,Director,Chicago,59299.25,5032.39,2020-12-12,0,88.3,ashley.lopez@company.com,(328) 951-5679,Active
EMP027382,Emily,Jones,Emily Jones,58,Engineering,Lead,New York,101243.33,8021.68,2024-01-18,36,50.8,emily.jones@company.com,(563) 842-2179,Inactive
EMP027383,Robert,Gonzalez,Robert Gonzalez,65,HR,Coordinator,Boston,87821.36,3075.69,2024-06-22,42,76.8,robert.gonzalez@company.com,(660) 497-9736,Active
EMP027384,Matthew,Taylor,Matthew Taylor,65,Engineering,Specialist,New York,99732.14,12818.85,2020-06-13,39,94.2,matthew.taylor@company.com,(341) 228-9871,Active
EMP027385,Lisa,Moore,Lisa Moore,38,Marketing,Senior Developer,Chicago,61047.29,4043.67,2021-04-09,16,67.0,lisa.moore@company.com,(907) 981-2039,Active
EMP027386,Lisa,Wilson,Lisa Wilson,37,IT,Associate,San Francisco,64055.56,2064.52,2022-03-17,10,75.0,lisa.wilson@company.com,(537) 536-8708,Active
EMP027387,William,Wilson,William Wilson,40,Legal,Coordinator,Austin,40798.85,8100.68,2023-08-29,17,71.9,william.wilson@company.com,(799) 245-8975,Active
EMP027388,James,Jackson,James Jackson,31,Sales,Associate,Seattle,59346.48,8188.09,2024-01-18,2,84.9,james.jackson@company.com,(623) 855-3108,Active
EMP027389,James,Johnson,James Johnson,37,Legal,Specialist,San Francisco,83617.32,6240.66,2024-06-01,11,90.0,james.johnson@company.com,(780) 309-1766,Active
EMP027390,Jane,Jones,Jane Jones,24,Marketing,Lead,Seattle,33670.45,4935.83,2020-10-03,1,56.1,jane.jones@company.com,(331) 881-9639,Active
EMP027391,John,Davis,John Davis,58,Legal,Analyst,Boston,132004.05,7348.46,2021-06-03,35,60.6,john.davis@company.com,(642) 629-3973,Active
EMP027392,Matthew,Williams,Matthew Williams,46,Legal,Specialist,Boston,79683.56,5440.33,2022-10-25,23,29.5,matthew.williams@company.com,(269) 376-4770,On Leave
EMP027393,Christopher,Wilson,Christopher Wilson,31,Legal,Senior Developer,Los Angeles,81869.23,11197.59,2020-07-30,2,82.6,christopher.wilson@company.com,(761) 932-3129,Active
EMP027394,Michael,Martinez,Michael Martinez,38,Engineering,Manager,San Francisco,110965.37,14327.36,2020-03-29,11,67.7,michael.martinez@company.com,(740) 726-9706,Active
EMP027395,David,Johnson,David Johnson,38,IT,Analyst,Austin,94047.6,4104.21,2023-03-31,15,83.2,david.johnson@company.com,(585) 649-7523,Active
EMP027396,Ashley,Miller,Ashley Miller,37,Legal,Lead,Austin,65304.11,12633.85,2020-04-09,11,72.0,ashley.miller@company.com,(365) 591-8786,Active
EMP027397,Amanda,Hernandez,Amanda Hernandez,51,Marketing,Senior Developer,San Francisco,85340.92,5401.7,2024-02-04,23,74.3,amanda.hernandez@company.com,(617) 209-6999,Active
EMP027398,Matthew,Hernandez,Matthew Hernandez,22,IT,Senior Developer,San Francisco,84909.71,7379.48,2024-05-16,0,90.0,matthew.hernandez@company.com,(943) 901-6752,Active
EMP027399,John,Smith,John Smith,34,Engineering,Manager,New York,67955.61,5039.25,2021-04-01,7,75.7,john.smith@company.com,(722) 328-5971,Active
EMP027400,Amanda,Taylor,Amanda Taylor,46,Finance,Manager,San Francisco,76149.41,5399.29,2024-09-03,23,40.4,amanda.taylor@company.com,(971) 214-2950,Active
EMP027401,William,Martin,William Martin,23,Engineering,Senior Developer,Seattle,85118.66,8723.39,2023-12-02,1,47.6,william.martin@company.com,(866) 629-9668,Active
EMP027402,Sarah,Davis,Sarah Davis,25,Sales,Coordinator,Seattle,62220.98,7214.38,2024-07-01,1,43.9,sarah.davis@company.com,(419) 880-6525,Active
EMP027403,John,Taylor,John Taylor,41,IT,Manager,Austin,70747.41,4141.51,2023-10-15,18,62.0,john.taylor@company.com,(853) 791-8223,Active
EMP027404,Michael,Johnson,Michael Johnson,27,Engineering,Coordinator,Miami,90428.64,18423.82,2021-12-08,0,80.7,michael.johnson@company.com,(932) 830-4584,Active
EMP027405,James,Garcia,James Garcia,24,Sales,Lead,Los Angeles,49193.27,2106.36,2020-07-29,1,93.9,james.garcia@company.com,(442) 798-7281,On Leave
EMP027406,James,Jackson,James Jackson,29,Legal,Associate,San Francisco,84052.58,7459.0,2024-10-28,7,69.3,james.jackson@company.com,(284) 648-6294,Active
EMP027407,Christopher,Johnson,Christopher Johnson,30,Engineering,Associate,Boston,57439.72,6509.3,2024-01-17,2,79.4,christopher.johnson@company.com,(284) 401-2751,Active
EMP027408,James,Williams,James Williams,63,Legal,Lead,Seattle,116861.71,1681.8,2024-06-07,38,96.1,james.williams@company.com,(760) 702-6754,Active
EMP027409,David,Brown,David Brown,62,Finance,Lead,Chicago,97459.49,8749.55,2022-02-02,34,74.7,david.brown@company.com,(832) 698-7658,On Leave
EMP027410,Anthony,Taylor,Anthony Taylor,40,Operations,Associate,Austin,65081.8,6749.46,2024-04-09,18,77.3,anthony.taylor@company.com,(405) 263-4568,Active
EMP027411,Stephanie,Jones,Stephanie Jones,58,Legal,Lead,Seattle,107907.15,18075.81,2024-08-09,32,80.6,stephanie.jones@company.com,(324) 535-6825,Inactive
EMP027412,Michael,Garcia,Michael Garcia,41,IT,Manager,Austin,67177.59,7389.09,2023-11-03,14,74.6,michael.garcia@company.com,(312) 823-8806,Active
EMP027413,Christopher,Jackson,Christopher Jackson,46,IT,Manager,Chicago,53889.9,7201.89,2022-11-25,24,61.0,christopher.jackson@company.com,(734) 676-7453,Active
EMP027414,Matthew,Wilson,Matthew Wilson,49,Finance,Specialist,New York,79390.43,11053.35,2021-08-06,25,58.9,matthew.wilson@company.com,(629) 609-2327,Active
EMP027415,John,Moore,John Moore,39,Operations,Analyst,Chicago,66994.4,5231.55,2020-07-06,13,78.3,john.moore@company.com,(470) 882-2324,On Leave
EMP027416,Melissa,Martin,Melissa Martin,29,IT,Associate,Miami,68761.78,5119.33,2023-04-15,6,85.6,melissa.martin@company.com,(669) 849-2629,Active
EMP027417,William,Lopez,William Lopez,61,Finance,Associate,Los Angeles,86097.06,13167.84,2024-07-10,38,99.6,william.lopez@company.com,(292) 734-6496,Active
EMP027418,Ashley,Moore,Ashley Moore,44,Engineering,Associate,Austin,95964.82,9469.75,2024-12-31,15,79.4,ashley.moore@company.com,(449) 998-6813,Inactive
EMP027419,Lisa,Thomas,Lisa Thomas,51,HR,Director,San Francisco,78520.71,13790.02,2022-05-17,29,63.3,lisa.thomas@company.com,(759) 251-8998,Active
EMP027420,Amanda,Jackson,Amanda Jackson,57,IT,Analyst,San Francisco,96494.35,3534.69,2023-12-13,31,75.3,amanda.jackson@company.com,(891) 528-7922,Active
EMP027421,Anthony,Smith,Anthony Smith,58,Finance,Lead,New York,114512.54,14349.2,2021-05-09,29,77.0,anthony.smith@company.com,(716) 844-3865,Inactive
EMP027422,Amanda,Wilson,Amanda Wilson,51,Sales,Manager,Boston,83997.65,4609.82,2020-02-09,27,65.9,amanda.wilson@company.com,(278) 932-9664,Inactive
EMP027423,Emily,Williams,Emily Williams,50,Engineering,Senior Developer,Los Angeles,146079.05,15597.12,2020-05-12,26,67.5,emily.williams@company.com,(921) 859-4007,Active
EMP027424,Lisa,Anderson,Lisa Anderson,62,Engineering,Analyst,Los Angeles,122308.21,975.26,2024-08-10,35,63.6,lisa.anderson@company.com,(677) 602-4560,Active
EMP027425,Daniel,Moore,Daniel Moore,51,Marketing,Manager,Boston,65760.99,4122.41,2020-07-07,26,82.4,daniel.moore@company.com,(880) 533-4208,Inactive
EMP027426,Ashley,Martinez,Ashley Martinez,46,HR,Senior Developer,Miami,79729.49,9289.86,2022-11-04,17,60.0,ashley.martinez@company.com,(692) 617-3651,Active
EMP027427,Robert,Garcia,Robert Garcia,44,IT,Specialist,San Francisco,100375.24,5158.0,2023-05-08,20,100.0,robert.garcia@company.com,(267) 390-2360,Active
EMP027428,Christopher,Davis,Christopher Davis,41,Engineering,Manager,Miami,74888.45,3074.32,2023-10-31,18,89.9,christopher.davis@company.com,(983) 768-6323,Active
EMP027429,William,Miller,William Miller,63,Operations,Associate,Austin,64853.64,5021.25,2023-12-10,35,79.5,william.miller@company.com,(830) 690-7970,Inactive
EMP027430,Anthony,Gonzalez,Anthony Gonzalez,41,Legal,Senior Developer,Seattle,94293.86,10751.45,2021-10-30,15,62.7,anthony.gonzalez@company.com,(949) 587-3027,Active
EMP027431,Matthew,Taylor,Matthew Taylor,42,Marketing,Lead,New York,78422.04,6463.86,2024-11-02,16,52.7,matthew.taylor@company.com,(632) 813-6845,Active
EMP027432,Christopher,Martin,Christopher Martin,25,Finance,Associate,New York,67165.01,11895.64,2020-02-06,0,78.3,christopher.martin@company.com,(525) 346-9530,Active
EMP027433,David,Martin,David Martin,55,Operations,Coordinator,New York,88728.28,11082.32,2024-02-11,29,100.0,david.martin@company.com,(839) 694-9974,Active
EMP027434,Emily,Wilson,Emily Wilson,54,Marketing,Manager,San Francisco,92057.92,4412.23,2023-07-10,30,55.0,emily.wilson@company.com,(904) 505-9038,Active
EMP027435,Melissa,Martinez,Melissa Martinez,27,IT,Lead,Los Angeles,85923.35,10867.57,2021-02-28,0,61.8,melissa.martinez@company.com,(741) 785-8448,Active
EMP027436,Sarah,Thomas,Sarah Thomas,55,IT,Lead,Austin,96756.18,12294.25,2020-10-02,26,75.2,sarah.thomas@company.com,(524) 837-2546,Active
EMP027437,James,Davis,James Davis,47,HR,Associate,Boston,80177.62,13111.03,2021-07-13,24,82.4,james.davis@company.com,(255) 312-9776,Active
EMP027438,Sarah,Smith,Sarah Smith,30,HR,Director,San Francisco,52143.67,3274.54,2020-05-05,8,68.9,sarah.smith@company.com,(705) 935-3797,Active
EMP027439,Anthony,Gonzalez,Anthony Gonzalez,64,Engineering,Director,Miami,92931.11,1307.39,2024-10-02,39,68.8,anthony.gonzalez@company.com,(418) 639-5654,Active
EMP027440,Anthony,Johnson,Anthony Johnson,48,Sales,Associate,Austin,96096.86,2292.29,2020-12-11,19,58.2,anthony.johnson@company.com,(568) 383-1688,Active
EMP027441,John,Anderson,John Anderson,28,Marketing,Manager,Boston,39006.02,2953.99,2023-08-02,4,69.8,john.anderson@company.com,(835) 528-6370,Active
EMP027442,Ashley,Jones,Ashley Jones,37,IT,Specialist,San Francisco,73125.24,7843.79,2023-04-09,13,77.9,ashley.jones@company.com,(619) 899-3129,On Leave
EMP027443,Jane,Martin,Jane Martin,53,Engineering,Director,Los Angeles,92655.52,8572.17,2021-10-17,28,77.2,jane.martin@company.com,(464) 724-9986,Active
EMP027444,Robert,Jones,Robert Jones,45,HR,Analyst,Austin,51365.9,2525.47,2020-10-10,22,65.1,robert.jones@company.com,(838) 827-4189,Active
EMP027445,Michael,Martin,Michael Martin,59,Operations,Director,Austin,72378.73,7018.84,2021-09-27,32,63.1,michael.martin@company.com,(799) 299-3823,Active
EMP027446,Lisa,Williams,Lisa Williams,42,IT,Coordinator,Austin,67745.72,7966.7,2024-10-02,18,72.3,lisa.williams@company.com,(897) 240-4417,Active
EMP027447,Robert,Hernandez,Robert Hernandez,40,Operations,Director,Boston,67237.25,12949.78,2020-11-15,16,75.0,robert.hernandez@company.com,(714) 606-2626,Active
EMP027448,Jessica,Rodriguez,Jessica Rodriguez,47,Finance,Associate,Seattle,74255.75,10177.61,2024-03-08,18,100.0,jessica.rodriguez@company.com,(400) 847-9932,Active
EMP027449,John,Garcia,John Garcia,23,HR,Senior Developer,Austin,44616.82,6021.69,2020-08-15,0,72.9,john.garcia@company.com,(724) 644-5389,Active
EMP027450,Amanda,Jackson,Amanda Jackson,48,Finance,Lead,Austin,82113.65,10772.98,2020-07-05,20,62.1,amanda.jackson@company.com,(583) 502-6985,Active
EMP027451,Jane,Martin,Jane Martin,58,HR,Lead,Boston,74092.4,1535.82,2020-04-15,34,65.9,jane.martin@company.com,(268) 477-1022,Active
EMP027452,Amanda,Thomas,Amanda Thomas,27,Sales,Manager,Austin,68647.49,6616.34,2021-05-02,5,44.1,amanda.thomas@company.com,(859) 981-1196,Active
EMP027453,Anthony,Martinez,Anthony Martinez,48,Finance,Lead,New York,105411.53,2223.59,2024-04-26,20,75.8,anthony.martinez@company.com,(459) 341-9498,Active
EMP027454,Nicole,Rodriguez,Nicole Rodriguez,62,Finance,Senior Developer,Boston,86918.85,10356.06,2022-01-25,39,54.9,nicole.rodriguez@company.com,(482) 425-4295,On Leave
EMP027455,Michael,Davis,Michael Davis,40,Marketing,Associate,San Francisco,76399.43,9044.88,2022-09-13,17,84.9,michael.davis@company.com,(405) 317-1414,Active
EMP027456,John,Miller,John Miller,44,IT,Director,Los Angeles,64030.56,9791.78,2023-07-15,21,65.3,john.miller@company.com,(532) 697-9047,Active
EMP027457,Michael,Williams,Michael Williams,40,Operations,Lead,New York,74467.6,15737.04,2021-04-12,15,69.1,michael.williams@company.com,(455) 429-8811,Active
EMP027458,James,Smith,James Smith,46,HR,Lead,Chicago,69579.03,12065.94,2023-09-09,22,62.1,james.smith@company.com,(245) 715-8527,Active
EMP027459,Jessica,Thomas,Jessica Thomas,63,IT,Associate,Miami,104163.59,6266.2,2023-01-07,37,86.1,jessica.thomas@company.com,(340) 532-4355,Active
EMP027460,Stephanie,Gonzalez,Stephanie Gonzalez,26,Engineering,Specialist,Miami,84109.94,2418.51,2024-05-28,2,99.5,stephanie.gonzalez@company.com,(785) 275-9743,Active
EMP027461,Daniel,Jones,Daniel Jones,32,Sales,Senior Developer,New York,70868.98,9190.81,2022-09-10,3,66.1,daniel.jones@company.com,(948) 552-1879,Active
EMP027462,Amanda,Lopez,Amanda Lopez,49,IT,Associate,Austin,61306.41,8533.57,2024-12-18,22,49.5,amanda.lopez@company.com,(745) 827-8277,Inactive
EMP027463,John,Rodriguez,John Rodriguez,28,Sales,Associate,Los Angeles,86163.8,6178.37,2024-03-07,0,68.9,john.rodriguez@company.com,(752) 653-7233,Active
EMP027464,William,Moore,William Moore,40,Operations,Senior Developer,Miami,57239.58,5651.42,2024-04-13,13,94.5,william.moore@company.com,(844) 373-1064,Active
EMP027465,Amanda,Miller,Amanda Miller,55,Finance,Analyst,Chicago,122245.0,0.0,2020-02-20,26,89.2,amanda.miller@company.com,(236) 851-3566,Active
EMP027466,Michael,Davis,Michael Davis,55,Marketing,Analyst,Austin,79852.2,0.0,2020-02-05,28,42.7,michael.davis@company.com,(251) 612-7395,Active
EMP027467,William,Brown,William Brown,33,HR,Coordinator,San Francisco,72422.42,4202.39,2022-07-18,6,89.4,william.brown@company.com,(584) 815-7543,On Leave
EMP027468,Emily,Miller,Emily Miller,38,Engineering,Manager,San Francisco,82006.58,19937.8,2022-07-16,13,63.5,emily.miller@company.com,(569) 296-9668,Active
EMP027469,James,Taylor,James Taylor,54,IT,Specialist,San Francisco,93725.82,14710.36,2024-10-16,29,86.1,james.taylor@company.com,(289) 593-5068,Active
EMP027470,Jessica,Williams,Jessica Williams,33,Marketing,Coordinator,Austin,42735.82,5962.44,2022-11-25,5,70.9,jessica.williams@company.com,(450) 614-8947,Active
EMP027471,Jessica,Martin,Jessica Martin,36,IT,Manager,Seattle,81660.46,8604.15,2023-02-26,7,76.1,jessica.martin@company.com,(450) 655-1276,Active
EMP027472,Jessica,Williams,Jessica Williams,56,Sales,Associate,Boston,114008.57,16964.14,2021-03-16,33,59.3,jessica.williams@company.com,(324) 213-1118,Active
EMP027473,Anthony,Hernandez,Anthony Hernandez,31,Engineering,Associate,Chicago,85618.56,7379.64,2023-08-16,7,83.4,anthony.hernandez@company.com,(626) 639-2919,Inactive
EMP027474,Jane,Brown,Jane Brown,60,Finance,Director,Los Angeles,81362.88,4069.06,2020-06-26,36,81.5,jane.brown@company.com,(255) 803-2021,Active
EMP027475,Jessica,Martin,Jessica Martin,59,Marketing,Manager,Boston,76574.9,6156.09,2021-10-25,36,83.9,jessica.martin@company.com,(749) 662-9867,Inactive
EMP027476,Lisa,Anderson,Lisa Anderson,60,HR,Associate,New York,62207.44,6705.74,2024-04-22,34,69.3,lisa.anderson@company.com,(329) 711-7386,Active
EMP027477,Sarah,Smith,Sarah Smith,46,Operations,Senior Developer,New York,67514.65,2945.64,2020-06-14,21,82.9,sarah.smith@company.com,(473) 978-2031,Active
EMP027478,Nicole,Wilson,Nicole Wilson,46,Marketing,Director,Chicago,77462.69,5120.69,2022-11-02,21,75.0,nicole.wilson@company.com,(809) 351-7115,On Leave
EMP027479,Anthony,Williams,Anthony Williams,39,Sales,Coordinator,New York,81316.4,0.0,2023-09-12,12,83.9,anthony.williams@company.com,(777) 945-5059,Active
EMP027480,Michael,Anderson,Michael Anderson,25,Engineering,Senior Developer,Seattle,62292.81,6707.16,2023-09-15,0,82.8,michael.anderson@company.com,(805) 330-5701,Active
EMP027481,Matthew,Anderson,Matthew Anderson,65,HR,Analyst,Los Angeles,102042.14,5296.27,2020-04-12,37,60.9,matthew.anderson@company.com,(532) 906-8943,Inactive
EMP027482,Robert,Brown,Robert Brown,41,Legal,Manager,Chicago,71154.95,8891.85,2020-01-28,12,93.1,robert.brown@company.com,(728) 713-5655,Active
EMP027483,Daniel,Miller,Daniel Miller,24,Marketing,Manager,Boston,58101.19,4566.2,2020-07-15,0,52.7,daniel.miller@company.com,(610) 738-3725,Active
EMP027484,Sarah,Wilson,Sarah Wilson,58,Operations,Specialist,Miami,75076.28,8482.48,2023-10-24,30,39.6,sarah.wilson@company.com,(545) 588-8221,Active
EMP027485,Sarah,Rodriguez,Sarah Rodriguez,22,Legal,Lead,San Francisco,98713.55,4406.97,2024-05-09,0,79.4,sarah.rodriguez@company.com,(932) 944-6988,Active
EMP027486,Daniel,Martinez,Daniel Martinez,28,Legal,Lead,Boston,84042.48,3813.28,2024-01-13,2,88.1,daniel.martinez@company.com,(739) 764-7298,Active
EMP027487,Melissa,Williams,Melissa Williams,64,Engineering,Coordinator,Miami,149090.45,13432.33,2021-01-18,42,95.1,melissa.williams@company.com,(725) 437-4562,Active
EMP027488,Melissa,Martinez,Melissa Martinez,64,Engineering,Analyst,New York,118163.06,6618.45,2023-06-30,40,93.8,melissa.martinez@company.com,(486) 392-2239,Active
EMP027489,James,Rodriguez,James Rodriguez,48,Legal,Senior Developer,New York,84432.99,20086.98,2020-11-01,26,95.8,james.rodriguez@company.com,(676) 354-8955,Active
EMP027490,Matthew,Taylor,Matthew Taylor,45,Legal,Lead,Los Angeles,84967.35,7827.42,2021-03-13,16,68.5,matthew.taylor@company.com,(951) 938-8918,Active
EMP027491,Jessica,Thomas,Jessica Thomas,39,Finance,Lead,Miami,91915.85,13551.48,2024-08-11,14,82.9,jessica.thomas@company.com,(666) 363-2038,Active
EMP027492,Christopher,Martinez,Christopher Martinez,54,IT,Specialist,New York,78856.94,7008.88,2023-09-25,25,77.3,christopher.martinez@company.com,(847) 913-8055,Active
EMP027493,Nicole,Smith,Nicole Smith,41,Finance,Director,Miami,80272.95,3685.32,2021-02-17,12,75.1,nicole.smith@company.com,(665) 908-3940,On Leave
EMP027494,Melissa,Gonzalez,Melissa Gonzalez,40,HR,Analyst,Boston,44084.76,8013.95,2022-07-03,14,67.5,melissa.gonzalez@company.com,(212) 628-6749,Active
EMP027495,Sarah,Jones,Sarah Jones,40,Finance,Lead,New York,73715.75,8735.52,2023-02-23,17,90.9,sarah.jones@company.com,(528) 862-9811,Active
EMP027496,Daniel,Brown,Daniel Brown,44,Legal,Analyst,San Francisco,86444.17,8705.62,2021-10-16,20,99.6,daniel.brown@company.com,(253) 720-8684,Active
EMP027497,Lisa,Martinez,Lisa Martinez,46,Sales,Senior Developer,Chicago,72107.5,15896.48,2023-07-17,22,78.4,lisa.martinez@company.com,(526) 550-7175,Active
EMP027498,Lisa,Rodriguez,Lisa Rodriguez,34,Operations,Director,Boston,68360.02,2769.63,2023-01-14,10,81.5,lisa.rodriguez@company.com,(339) 338-7656,Active
EMP027499,James,Thomas,James Thomas,33,Operations,Specialist,Seattle,47994.09,5872.18,2023-09-08,4,40.0,james.thomas@company.com,(996) 615-4144,Active
EMP027500,James,Hernandez,James Hernandez,23,Sales,Specialist,Miami,51019.36,7174.26,2020-11-22,0,84.1,james.hernandez@company.com,(840) 261-3327,Inactive
EMP027501,David,Williams,David Williams,48,Operations,Lead,Boston,77358.08,9309.6,2021-05-24,22,79.6,david.williams@company.com,(277) 268-4497,Active
EMP027502,Christopher,Jackson,Christopher Jackson,41,Finance,Lead,Austin,86930.26,6653.3,2022-07-03,16,63.8,christopher.jackson@company.com,(784) 389-3624,Active
EMP027503,Emily,Garcia,Emily Garcia,49,Operations,Manager,Los Angeles,70922.21,10409.45,2020-03-29,20,100.0,emily.garcia@company.com,(845) 565-6072,Active
EMP027504,Robert,Miller,Robert Miller,31,IT,Lead,Austin,71743.9,15558.84,2020-06-07,7,52.9,robert.miller@company.com,(924) 556-3935,Active
EMP027505,Emily,Jones,Emily Jones,30,Finance,Lead,Miami,40469.32,6202.89,2020-08-27,7,77.6,emily.jones@company.com,(850) 737-6622,On Leave
EMP027506,Nicole,Moore,Nicole Moore,58,Operations,Associate,Chicago,76108.4,7618.29,2020-06-14,29,63.5,nicole.moore@company.com,(595) 790-8945,Inactive
EMP027507,John,Lopez,John Lopez,62,IT,Director,Miami,110774.81,17184.81,2020-08-01,40,74.8,john.lopez@company.com,(893) 709-7495,Active
EMP027508,Daniel,Gonzalez,Daniel Gonzalez,60,HR,Lead,San Francisco,75639.74,15803.53,2021-07-17,33,82.4,daniel.gonzalez@company.com,(357) 810-6594,Active
EMP027509,Anthony,Rodriguez,Anthony Rodriguez,44,Engineering,Manager,Seattle,74638.45,1415.3,2024-03-29,21,71.6,anthony.rodriguez@company.com,(460) 254-1787,Active
EMP027510,Amanda,Jones,Amanda Jones,62,IT,Manager,Chicago,94370.96,3005.92,2020-02-27,34,55.4,amanda.jones@company.com,(654) 517-9799,Active
EMP027511,Michael,Johnson,Michael Johnson,22,HR,Manager,Austin,44798.73,7263.76,2023-06-14,0,79.1,michael.johnson@company.com,(414) 836-9768,Active
EMP027512,Emily,Martinez,Emily Martinez,53,Marketing,Lead,Seattle,64454.17,1965.19,2023-07-24,30,75.0,emily.martinez@company.com,(699) 860-4660,Active
EMP027513,Ashley,Anderson,Ashley Anderson,25,HR,Coordinator,Boston,65121.54,6295.33,2022-04-12,3,57.4,ashley.anderson@company.com,(564) 421-4107,Active
EMP027514,Nicole,Lopez,Nicole Lopez,29,Finance,Associate,Seattle,86810.75,14071.09,2024-03-27,6,77.4,nicole.lopez@company.com,(557) 538-4213,Active
EMP027515,Robert,Thomas,Robert Thomas,50,IT,Manager,Austin,118398.05,19661.75,2020-10-13,24,77.1,robert.thomas@company.com,(965) 896-8189,Active
EMP027516,David,Hernandez,David Hernandez,23,Engineering,Analyst,San Francisco,75463.84,6625.02,2023-10-05,0,93.9,david.hernandez@company.com,(947) 972-1370,Active
EMP027517,William,Brown,William Brown,33,Engineering,Director,San Francisco,84561.91,9225.43,2024-05-01,10,71.7,william.brown@company.com,(954) 422-3261,Active
EMP027518,William,Jackson,William Jackson,42,Operations,Senior Developer,New York,63812.51,8720.95,2024-09-05,17,67.3,william.jackson@company.com,(953) 262-4616,Active
EMP027519,Christopher,Moore,Christopher Moore,40,HR,Coordinator,San Francisco,74737.92,4862.09,2021-06-12,14,71.2,christopher.moore@company.com,(536) 565-2872,Active
EMP027520,David,Martin,David Martin,40,Legal,Manager,San Francisco,132545.95,12060.76,2024-05-07,14,54.4,david.martin@company.com,(214) 218-1040,Active
EMP027521,John,Anderson,John Anderson,37,Legal,Coordinator,Miami,70161.81,0.0,2022-03-20,8,80.1,john.anderson@company.com,(704) 334-2211,Active
EMP027522,Daniel,Garcia,Daniel Garcia,49,HR,Director,Chicago,81482.87,4460.21,2021-07-07,22,77.2,daniel.garcia@company.com,(660) 911-8591,Active
EMP027523,James,Davis,James Davis,41,Operations,Coordinator,New York,60049.22,5552.56,2020-10-10,15,64.3,james.davis@company.com,(223) 480-1331,Active
EMP027524,Jane,Smith,Jane Smith,49,Operations,Lead,Los Angeles,54053.95,6558.35,2020-05-28,21,42.2,jane.smith@company.com,(476) 787-9177,On Leave
EMP027525,Ashley,Johnson,Ashley Johnson,42,Sales,Director,Seattle,78664.3,7016.2,2021-10-16,16,69.1,ashley.johnson@company.com,(618) 801-9641,Active
EMP027526,Lisa,Taylor,Lisa Taylor,33,Marketing,Specialist,Seattle,53153.38,6262.1,2023-11-29,5,59.7,lisa.taylor@company.com,(820) 711-8213,Active
EMP027527,Jessica,Johnson,Jessica Johnson,31,Legal,Manager,San Francisco,78938.48,4267.16,2022-03-24,2,48.2,jessica.johnson@company.com,(654) 549-5491,Active
EMP027528,Nicole,Lopez,Nicole Lopez,27,Legal,Analyst,New York,65077.99,3670.69,2020-07-26,4,89.0,nicole.lopez@company.com,(701) 715-5517,Inactive
EMP027529,Amanda,Williams,Amanda Williams,42,HR,Lead,Boston,59900.83,6078.65,2021-08-22,18,72.5,amanda.williams@company.com,(698) 695-5254,Active
EMP027530,Robert,Brown,Robert Brown,41,IT,Director,Austin,73067.78,8260.06,2020-12-01,19,90.0,robert.brown@company.com,(790) 804-4822,Active
EMP027531,Daniel,Miller,Daniel Miller,56,IT,Analyst,Los Angeles,123131.87,14005.14,2024-10-14,30,85.8,daniel.miller@company.com,(652) 537-9734,Active
EMP027532,Lisa,Smith,Lisa Smith,27,Engineering,Coordinator,San Francisco,81833.49,10362.07,2020-11-08,0,84.4,lisa.smith@company.com,(301) 909-8041,Active
EMP027533,Christopher,Smith,Christopher Smith,45,HR,Manager,Los Angeles,60529.05,3035.92,2022-04-17,19,81.4,christopher.smith@company.com,(827) 343-8072,Active
EMP027534,Sarah,Martin,Sarah Martin,58,IT,Director,Austin,105238.31,10910.03,2024-07-28,30,94.0,sarah.martin@company.com,(910) 562-1100,Inactive
EMP027535,Anthony,Brown,Anthony Brown,62,Finance,Senior Developer,Seattle,85593.11,12207.57,2023-09-11,38,71.7,anthony.brown@company.com,(490) 620-6528,Active
EMP027536,Ashley,Garcia,Ashley Garcia,51,Operations,Director,Seattle,61564.86,6326.73,2022-02-15,25,59.2,ashley.garcia@company.com,(882) 517-9901,Active
EMP027537,Ashley,Taylor,Ashley Taylor,55,Operations,Analyst,New York,67155.61,6827.79,2020-07-06,30,67.5,ashley.taylor@company.com,(255) 463-1214,Active
EMP027538,Emily,Brown,Emily Brown,37,Legal,Associate,San Francisco,83045.5,11669.22,2023-06-02,8,63.8,emily.brown@company.com,(552) 711-4804,Active
EMP027539,Anthony,Martinez,Anthony Martinez,24,Engineering,Director,Los Angeles,78550.48,4646.71,2022-12-03,0,46.0,anthony.martinez@company.com,(880) 460-3420,Active
EMP027540,Stephanie,Jones,Stephanie Jones,29,Engineering,Analyst,San Francisco,93377.3,8023.18,2021-01-25,7,92.8,stephanie.jones@company.com,(376) 263-8360,Active
EMP027541,James,Martinez,James Martinez,49,Legal,Associate,Seattle,110965.67,14705.55,2023-06-12,24,64.5,james.martinez@company.com,(739) 693-7740,Active
EMP027542,Ashley,Rodriguez,Ashley Rodriguez,27,Operations,Manager,Boston,44708.19,5004.63,2024-12-06,5,61.2,ashley.rodriguez@company.com,(846) 795-5701,Active
EMP027543,John,Jackson,John Jackson,42,Finance,Director,Boston,78894.18,10879.22,2023-11-24,16,47.8,john.jackson@company.com,(311) 641-3706,Active
EMP027544,Matthew,Williams,Matthew Williams,28,IT,Specialist,Austin,80978.3,6067.52,2020-02-05,4,100.0,matthew.williams@company.com,(287) 679-3305,Active
EMP027545,James,Thomas,James Thomas,37,Marketing,Senior Developer,Boston,70470.6,8349.32,2020-11-23,15,77.3,james.thomas@company.com,(407) 730-3264,Inactive
EMP027546,James,Brown,James Brown,64,Finance,Director,Los Angeles,80513.04,9668.0,2024-10-09,42,100.0,james.brown@company.com,(379) 377-3130,Active
EMP027547,Melissa,Davis,Melissa Davis,41,Marketing,Analyst,Los Angeles,80430.46,6686.46,2021-12-24,13,74.5,melissa.davis@company.com,(770) 891-3258,Active
EMP027548,Stephanie,Garcia,Stephanie Garcia,62,Sales,Specialist,Austin,74226.72,14221.03,2020-08-19,40,64.2,stephanie.garcia@company.com,(858) 261-9598,Inactive
EMP027549,David,Anderson,David Anderson,26,Finance,Specialist,Chicago,61816.41,4736.72,2021-06-27,4,80.9,david.anderson@company.com,(494) 303-8154,Inactive
EMP027550,Anthony,Martin,Anthony Martin,35,Legal,Coordinator,Miami,111975.8,15530.35,2020-10-15,8,68.3,anthony.martin@company.com,(201) 417-2893,Active
EMP027551,John,Gonzalez,John Gonzalez,40,Sales,Specialist,San Francisco,72758.54,9289.16,2021-02-22,15,100.0,john.gonzalez@company.com,(255) 697-4978,Active
EMP027552,Emily,Garcia,Emily Garcia,52,Operations,Coordinator,Chicago,55011.89,2843.97,2024-08-10,26,66.0,emily.garcia@company.com,(443) 429-4668,Active
EMP027553,Anthony,Wilson,Anthony Wilson,65,Marketing,Manager,Seattle,98452.95,11264.04,2024-07-28,43,82.4,anthony.wilson@company.com,(419) 847-2614,Active
EMP027554,Christopher,Garcia,Christopher Garcia,36,Sales,Director,Boston,64189.09,9852.8,2021-03-21,11,70.5,christopher.garcia@company.com,(210) 760-4125,Active
EMP027555,Jessica,Rodriguez,Jessica Rodriguez,54,IT,Coordinator,Seattle,94503.28,8571.35,2022-10-08,31,75.2,jessica.rodriguez@company.com,(757) 705-8196,Inactive
EMP027556,Amanda,Brown,Amanda Brown,23,Sales,Manager,Chicago,48647.49,3576.88,2021-05-29,0,88.1,amanda.brown@company.com,(929) 757-5660,Active
EMP027557,Anthony,Martinez,Anthony Martinez,46,Sales,Director,Miami,91661.24,12598.8,2023-08-03,22,57.6,anthony.martinez@company.com,(488) 725-4248,Active
EMP027558,Robert,Garcia,Robert Garcia,31,Engineering,Associate,Boston,108845.62,5939.81,2024-01-03,7,87.2,robert.garcia@company.com,(557) 762-3995,Active
EMP027559,Jessica,Rodriguez,Jessica Rodriguez,37,Legal,Associate,New York,75844.08,3267.35,2022-07-09,13,94.5,jessica.rodriguez@company.com,(909) 555-1694,Active
EMP027560,William,Johnson,William Johnson,45,Finance,Coordinator,Chicago,81906.53,4258.16,2021-05-05,22,92.9,william.johnson@company.com,(566) 307-1456,Active
EMP027561,Amanda,Hernandez,Amanda Hernandez,30,Operations,Director,Miami,49989.92,8139.91,2022-08-05,7,81.3,amanda.hernandez@company.com,(968) 550-7589,Active
EMP027562,David,Miller,David Miller,48,HR,Specialist,Boston,67970.6,9330.86,2021-07-01,24,95.0,david.miller@company.com,(910) 873-3212,Active
EMP027563,Daniel,Jones,Daniel Jones,51,Sales,Associate,San Francisco,71593.15,2819.36,2022-06-14,26,80.2,daniel.jones@company.com,(265) 226-1652,Active
EMP027564,John,Smith,John Smith,61,IT,Analyst,Chicago,113373.89,11121.58,2020-04-04,34,66.1,john.smith@company.com,(959) 609-8929,Inactive
EMP027565,David,Garcia,David Garcia,58,Operations,Senior Developer,San Francisco,81275.69,5409.74,2020-11-08,30,100.0,david.garcia@company.com,(297) 582-4830,Inactive
EMP027566,Jane,Smith,Jane Smith,59,Marketing,Analyst,San Francisco,49758.34,5825.64,2024-12-11,33,52.0,jane.smith@company.com,(629) 847-5316,Active
EMP027567,Christopher,Miller,Christopher Miller,64,IT,Senior Developer,Boston,101392.04,12495.06,2022-12-03,38,61.9,christopher.miller@company.com,(844) 347-2070,Active
EMP027568,Jane,Thomas,Jane Thomas,27,Engineering,Lead,New York,117162.43,8671.02,2023-07-14,1,84.4,jane.thomas@company.com,(717) 723-4769,Active
EMP027569,Lisa,Martin,Lisa Martin,58,Operations,Manager,Boston,79178.76,5551.16,2024-09-13,34,76.7,lisa.martin@company.com,(274) 323-6996,Active
EMP027570,David,Jackson,David Jackson,30,Marketing,Director,Seattle,63382.63,7843.81,2024-06-21,1,84.8,david.jackson@company.com,(966) 538-1012,Active
EMP027571,James,Garcia,James Garcia,27,Finance,Manager,New York,92715.92,7305.71,2023-09-15,0,60.3,james.garcia@company.com,(933) 246-8087,Active
EMP027572,Sarah,Williams,Sarah Williams,39,Legal,Associate,Los Angeles,127822.27,18717.24,2022-03-05,12,83.7,sarah.williams@company.com,(314) 847-8552,Active
EMP027573,Ashley,Williams,Ashley Williams,61,IT,Director,Austin,67194.2,10109.67,2024-12-27,38,69.6,ashley.williams@company.com,(323) 614-5518,Active
EMP027574,Michael,Hernandez,Michael Hernandez,33,Marketing,Senior Developer,Chicago,42458.86,2582.93,2023-03-09,6,99.0,michael.hernandez@company.com,(696) 277-3225,Active
EMP027575,Jane,Johnson,Jane Johnson,64,Operations,Senior Developer,Boston,59571.79,4679.71,2021-05-18,42,80.5,jane.johnson@company.com,(795) 634-9095,Active
EMP027576,Melissa,Miller,Melissa Miller,62,Engineering,Specialist,Austin,132088.95,13187.17,2022-01-11,39,81.9,melissa.miller@company.com,(864) 799-5632,Inactive
EMP027577,Jane,Brown,Jane Brown,44,Finance,Coordinator,San Francisco,62469.4,2966.15,2020-01-04,21,82.9,jane.brown@company.com,(883) 213-1099,Active
EMP027578,Lisa,Garcia,Lisa Garcia,63,Operations,Specialist,Los Angeles,91357.33,20085.69,2023-11-09,36,90.6,lisa.garcia@company.com,(691) 492-4178,Active
EMP027579,Daniel,Johnson,Daniel Johnson,60,Operations,Senior Developer,San Francisco,71263.88,11476.14,2020-11-27,32,72.8,daniel.johnson@company.com,(466) 434-9944,On Leave
EMP027580,Christopher,Garcia,Christopher Garcia,39,Engineering,Senior Developer,San Francisco,87442.39,5351.51,2024-06-19,12,53.8,christopher.garcia@company.com,(825) 812-6675,Active
EMP027581,Christopher,Thomas,Christopher Thomas,48,HR,Coordinator,Los Angeles,63738.39,13918.9,2023-12-14,24,67.4,christopher.thomas@company.com,(416) 429-1242,Active
EMP027582,Matthew,Johnson,Matthew Johnson,53,Legal,Lead,San Francisco,80571.98,2309.97,2021-10-27,30,83.4,matthew.johnson@company.com,(974) 911-8623,Active
EMP027583,David,Jackson,David Jackson,45,Sales,Coordinator,Chicago,97143.33,0.0,2021-09-22,16,74.4,david.jackson@company.com,(697) 395-4057,Inactive
EMP027584,Ashley,Anderson,Ashley Anderson,54,Sales,Director,Boston,96054.1,11357.4,2020-11-12,28,75.4,ashley.anderson@company.com,(882) 862-4437,Active
EMP027585,James,Brown,James Brown,42,Sales,Senior Developer,Boston,63600.68,2923.65,2022-02-11,13,64.7,james.brown@company.com,(257) 615-1058,Active
EMP027586,Matthew,Gonzalez,Matthew Gonzalez,55,Operations,Analyst,Seattle,72787.86,1798.66,2022-08-24,27,74.3,matthew.gonzalez@company.com,(476) 459-4286,Active
EMP027587,Emily,Thomas,Emily Thomas,41,Finance,Coordinator,Miami,58018.82,2257.69,2020-09-09,16,78.6,emily.thomas@company.com,(520) 316-4407,Active
EMP027588,William,Martin,William Martin,61,IT,Manager,Boston,136404.23,14921.08,2024-06-21,33,87.0,william.martin@company.com,(944) 658-2362,Active
EMP027589,Jessica,Lopez,Jessica Lopez,51,Sales,Lead,San Francisco,93936.21,2767.53,2020-11-13,26,84.2,jessica.lopez@company.com,(207) 434-9189,Active
EMP027590,Melissa,Miller,Melissa Miller,22,Finance,Associate,Miami,33000.0,2674.26,2022-07-12,0,100.0,melissa.miller@company.com,(864) 687-6915,Active
EMP027591,Emily,Taylor,Emily Taylor,54,Engineering,Associate,Boston,96710.32,4409.12,2022-09-18,32,70.5,emily.taylor@company.com,(661) 386-7202,Active
EMP027592,Emily,Miller,Emily Miller,29,Marketing,Coordinator,Boston,56316.08,7195.82,2023-06-18,7,87.1,emily.miller@company.com,(782) 204-9869,Active
EMP027593,Jessica,Martinez,Jessica Martinez,50,Operations,Lead,Austin,68523.24,9733.39,2022-05-15,23,78.4,jessica.martinez@company.com,(515) 356-9464,Inactive
EMP027594,James,Taylor,James Taylor,35,IT,Director,Boston,106862.42,15369.46,2022-10-11,7,91.6,james.taylor@company.com,(332) 698-6565,Active
EMP027595,Stephanie,Anderson,Stephanie Anderson,30,Marketing,Lead,Seattle,82144.62,16844.72,2020-07-09,2,80.4,stephanie.anderson@company.com,(791) 746-7570,Active
EMP027596,James,Johnson,James Johnson,39,Finance,Director,Miami,103834.01,3848.67,2021-07-11,11,46.0,james.johnson@company.com,(558) 620-5043,Active
EMP027597,David,Williams,David Williams,49,Marketing,Coordinator,San Francisco,52659.82,4831.79,2022-05-20,26,77.7,david.williams@company.com,(650) 344-4289,Active
EMP027598,Ashley,Moore,Ashley Moore,62,Sales,Lead,Los Angeles,100630.58,13367.57,2020-05-29,34,74.1,ashley.moore@company.com,(423) 407-2333,Active
EMP027599,Emily,Wilson,Emily Wilson,57,HR,Specialist,Miami,79114.29,3848.88,2022-05-01,31,58.4,emily.wilson@company.com,(266) 501-8334,Active
EMP027600,Jane,Martin,Jane Martin,44,Operations,Associate,Seattle,77967.78,5392.19,2024-01-26,17,70.6,jane.martin@company.com,(924) 633-8959,Active
EMP027601,Lisa,Davis,Lisa Davis,37,HR,Lead,San Francisco,49731.58,5336.15,2021-09-19,9,90.1,lisa.davis@company.com,(894) 861-8783,Active
EMP027602,Ashley,Rodriguez,Ashley Rodriguez,52,Sales,Coordinator,New York,77345.96,12439.94,2023-10-14,25,62.0,ashley.rodriguez@company.com,(769) 475-5143,Active
EMP027603,Christopher,Rodriguez,Christopher Rodriguez,51,Engineering,Associate,Miami,118390.46,15339.95,2022-11-11,24,63.7,christopher.rodriguez@company.com,(339) 596-3050,Active
EMP027604,Jessica,Wilson,Jessica Wilson,33,Operations,Senior Developer,Miami,52891.4,5020.39,2020-07-14,4,92.1,jessica.wilson@company.com,(479) 569-1038,Active
EMP027605,Nicole,Lopez,Nicole Lopez,64,HR,Specialist,Los Angeles,64055.96,13495.17,2021-03-30,40,67.9,nicole.lopez@company.com,(942) 740-3508,On Leave
EMP027606,Amanda,Anderson,Amanda Anderson,37,IT,Director,Seattle,100897.87,18696.54,2023-08-10,9,60.4,amanda.anderson@company.com,(809) 920-6291,Active
EMP027607,John,Johnson,John Johnson,44,IT,Director,Miami,111107.19,17165.81,2020-12-22,19,64.5,john.johnson@company.com,(638) 569-3403,Inactive
EMP027608,William,Miller,William Miller,61,Legal,Lead,Chicago,104421.82,12076.86,2023-10-12,36,56.0,william.miller@company.com,(619) 517-4874,Active
EMP027609,Stephanie,Smith,Stephanie Smith,64,Marketing,Associate,New York,71876.94,10769.96,2020-03-31,40,100.0,stephanie.smith@company.com,(555) 943-6331,Active
EMP027610,Stephanie,Brown,Stephanie Brown,30,Operations,Director,Chicago,46488.66,8116.53,2021-02-12,8,79.3,stephanie.brown@company.com,(789) 852-3471,Active
EMP027611,John,Martinez,John Martinez,43,Legal,Associate,Los Angeles,77662.36,8893.71,2023-01-22,21,85.7,john.martinez@company.com,(469) 648-3860,Active
EMP027612,William,Williams,William Williams,30,Sales,Analyst,Miami,37970.62,4503.04,2023-07-19,3,84.3,william.williams@company.com,(553) 280-4340,Inactive
EMP027613,Daniel,Martinez,Daniel Martinez,27,HR,Director,San Francisco,50153.17,5488.25,2021-03-25,0,51.5,daniel.martinez@company.com,(834) 325-6071,Active
EMP027614,Melissa,Gonzalez,Melissa Gonzalez,25,Operations,Associate,Seattle,39921.05,5380.67,2021-03-29,1,100.0,melissa.gonzalez@company.com,(218) 907-5414,Active
EMP027615,Jessica,Jackson,Jessica Jackson,27,Finance,Specialist,Miami,53040.41,3499.14,2024-12-21,1,68.7,jessica.jackson@company.com,(463) 591-9292,Active
EMP027616,Amanda,Anderson,Amanda Anderson,54,Engineering,Specialist,San Francisco,136082.25,7125.34,2024-07-27,29,70.7,amanda.anderson@company.com,(319) 648-5383,Active
EMP027617,Sarah,Jones,Sarah Jones,44,Marketing,Senior Developer,Los Angeles,63791.46,5141.21,2020-02-03,20,84.3,sarah.jones@company.com,(360) 831-5884,Active
EMP027618,Robert,Williams,Robert Williams,53,Legal,Director,Seattle,105906.62,18043.27,2024-11-08,26,72.4,robert.williams@company.com,(931) 972-2103,Active
EMP027619,Robert,Wilson,Robert Wilson,51,Engineering,Analyst,New York,101766.55,13535.63,2021-08-01,26,68.0,robert.wilson@company.com,(297) 706-3058,On Leave
EMP027620,Amanda,Taylor,Amanda Taylor,26,Marketing,Coordinator,Boston,58201.89,8421.67,2020-12-15,0,61.1,amanda.taylor@company.com,(897) 733-1008,Active
EMP027621,Matthew,Smith,Matthew Smith,30,Finance,Coordinator,Los Angeles,56175.77,6960.98,2022-04-12,6,100.0,matthew.smith@company.com,(442) 330-4576,Active
EMP027622,Nicole,Garcia,Nicole Garcia,62,Operations,Manager,Los Angeles,109721.72,17674.81,2022-06-22,39,54.8,nicole.garcia@company.com,(630) 406-6403,Active
EMP027623,Jane,Thomas,Jane Thomas,40,Legal,Analyst,San Francisco,86939.14,2685.21,2022-04-25,13,90.2,jane.thomas@company.com,(534) 557-2142,Active
EMP027624,James,Anderson,James Anderson,64,Engineering,Director,Seattle,139366.27,5408.26,2024-09-11,38,76.7,james.anderson@company.com,(636) 976-7793,Active
EMP027625,William,Davis,William Davis,65,IT,Analyst,Chicago,115252.48,14700.36,2021-02-08,41,80.2,william.davis@company.com,(702) 753-5080,Active
EMP027626,William,Taylor,William Taylor,51,Finance,Lead,Los Angeles,91483.25,9744.71,2020-08-21,29,37.2,william.taylor@company.com,(342) 693-5630,Inactive
EMP027627,Jessica,Martinez,Jessica Martinez,52,Engineering,Manager,Chicago,87836.26,4235.52,2022-01-11,30,63.2,jessica.martinez@company.com,(732) 370-8283,Active
EMP027628,John,Wilson,John Wilson,34,HR,Lead,New York,75782.7,3279.42,2022-05-16,5,70.2,john.wilson@company.com,(541) 955-7713,Active
EMP027629,Robert,Rodriguez,Robert Rodriguez,50,HR,Associate,Boston,81694.23,13111.58,2022-02-20,26,100.0,robert.rodriguez@company.com,(508) 298-2032,Active
EMP027630,William,Lopez,William Lopez,27,Finance,Manager,New York,80089.28,10269.0,2024-01-07,4,51.9,william.lopez@company.com,(651) 729-7449,Active
EMP027631,Nicole,Davis,Nicole Davis,35,Finance,Senior Developer,New York,67745.14,4611.54,2024-09-30,9,83.3,nicole.davis@company.com,(307) 991-6211,Active
EMP027632,Lisa,Martin,Lisa Martin,52,Engineering,Specialist,Boston,109774.93,15365.48,2021-02-18,24,61.6,lisa.martin@company.com,(766) 636-4763,On Leave
EMP027633,Stephanie,Garcia,Stephanie Garcia,37,Finance,Manager,Seattle,67766.19,5619.03,2023-04-11,8,75.5,stephanie.garcia@company.com,(690) 501-2072,Active
EMP027634,Matthew,Garcia,Matthew Garcia,38,Marketing,Lead,San Francisco,55414.05,10210.71,2023-10-12,16,60.4,matthew.garcia@company.com,(560) 523-7290,Active
EMP027635,Jane,Davis,Jane Davis,30,Finance,Lead,Austin,91671.55,17484.09,2021-03-24,3,75.6,jane.davis@company.com,(662) 445-2940,Inactive
EMP027636,David,Hernandez,David Hernandez,42,IT,Senior Developer,New York,95271.95,10669.01,2020-09-26,14,72.3,david.hernandez@company.com,(283) 274-9461,Active
EMP027637,Lisa,Wilson,Lisa Wilson,27,Engineering,Senior Developer,Boston,62163.22,1368.82,2024-05-30,3,77.5,lisa.wilson@company.com,(953) 429-4683,Active
EMP027638,Michael,Davis,Michael Davis,33,Finance,Senior Developer,Los Angeles,35331.93,4952.51,2024-08-01,4,63.6,michael.davis@company.com,(866) 802-7258,Active
EMP027639,Melissa,Gonzalez,Melissa Gonzalez,39,Finance,Associate,Boston,106896.69,14448.06,2023-03-09,15,73.6,melissa.gonzalez@company.com,(284) 761-8174,Active
EMP027640,Ashley,Rodriguez,Ashley Rodriguez,59,Sales,Associate,New York,65899.25,9151.85,2023-01-01,31,82.7,ashley.rodriguez@company.com,(762) 992-8026,Active
EMP027641,Nicole,Hernandez,Nicole Hernandez,55,Finance,Coordinator,Miami,75196.53,4099.54,2024-06-04,27,83.7,nicole.hernandez@company.com,(971) 288-9411,Active
EMP027642,Daniel,Smith,Daniel Smith,40,Marketing,Manager,Boston,78906.21,5561.77,2021-04-11,11,68.1,daniel.smith@company.com,(327) 588-8512,Active
EMP027643,Sarah,Jackson,Sarah Jackson,31,Engineering,Analyst,Miami,84219.26,3607.22,2024-07-09,8,79.9,sarah.jackson@company.com,(698) 562-4827,Active
EMP027644,Stephanie,Gonzalez,Stephanie Gonzalez,54,Legal,Lead,Chicago,105837.13,19637.33,2021-09-24,26,76.9,stephanie.gonzalez@company.com,(206) 643-4000,Active
EMP027645,Nicole,Jones,Nicole Jones,39,Finance,Analyst,Chicago,55007.87,5641.38,2021-04-01,12,51.3,nicole.jones@company.com,(809) 703-9367,Active
EMP027646,Jessica,Wilson,Jessica Wilson,24,IT,Manager,Los Angeles,52008.31,7034.67,2023-06-24,0,67.6,jessica.wilson@company.com,(239) 329-1931,Active
EMP027647,Ashley,Rodriguez,Ashley Rodriguez,39,Marketing,Senior Developer,Miami,38007.21,7995.1,2024-08-12,15,70.4,ashley.rodriguez@company.com,(259) 359-8725,Active
EMP027648,Nicole,Jackson,Nicole Jackson,58,Operations,Director,Boston,64181.84,3826.62,2020-03-13,36,67.5,nicole.jackson@company.com,(824) 776-2294,Active
EMP027649,Robert,Jackson,Robert Jackson,37,Legal,Specialist,Miami,76985.98,7755.24,2020-12-24,14,18.3,robert.jackson@company.com,(486) 834-2029,Inactive
EMP027650,Ashley,Brown,Ashley Brown,28,IT,Senior Developer,Boston,52380.1,5492.52,2024-06-27,1,82.7,ashley.brown@company.com,(707) 240-9574,Active
EMP027651,Anthony,Wilson,Anthony Wilson,50,Finance,Lead,Los Angeles,66798.95,10495.77,2021-12-10,22,100.0,anthony.wilson@company.com,(609) 613-5897,Inactive
EMP027652,Anthony,Hernandez,Anthony Hernandez,36,Marketing,Senior Developer,Miami,50871.76,5729.41,2022-09-20,13,79.4,anthony.hernandez@company.com,(560) 832-8420,Active
EMP027653,James,Jones,James Jones,52,Marketing,Lead,San Francisco,64016.99,6827.41,2023-10-31,28,71.7,james.jones@company.com,(550) 911-8859,Active
EMP027654,Daniel,Gonzalez,Daniel Gonzalez,30,HR,Specialist,Seattle,67973.45,3192.76,2020-09-19,3,99.6,daniel.gonzalez@company.com,(736) 268-8541,Active
EMP027655,Christopher,Jones,Christopher Jones,51,Engineering,Analyst,New York,84670.93,5365.78,2020-05-23,29,76.7,christopher.jones@company.com,(553) 271-1662,Active
EMP027656,Robert,Lopez,Robert Lopez,30,Marketing,Coordinator,New York,58362.08,8654.93,2021-01-08,5,62.6,robert.lopez@company.com,(223) 771-1332,Active
EMP027657,John,Rodriguez,John Rodriguez,44,IT,Coordinator,Chicago,94399.18,11275.88,2023-09-14,21,65.2,john.rodriguez@company.com,(465) 288-2047,Active
EMP027658,Jessica,Lopez,Jessica Lopez,61,Marketing,Director,Seattle,110507.39,7785.42,2022-02-22,37,91.3,jessica.lopez@company.com,(859) 359-8027,Active
EMP027659,James,Garcia,James Garcia,57,IT,Analyst,Los Angeles,96136.22,15406.59,2020-09-12,28,78.3,james.garcia@company.com,(738) 427-9735,Active
EMP027660,Nicole,Martinez,Nicole Martinez,50,HR,Specialist,Chicago,119562.39,699.47,2020-05-26,26,55.5,nicole.martinez@company.com,(971) 475-5904,Active
EMP027661,James,Brown,James Brown,52,Engineering,Director,Seattle,98675.51,12693.19,2023-11-25,23,60.1,james.brown@company.com,(888) 809-3273,Active
EMP027662,David,Johnson,David Johnson,55,HR,Senior Developer,Austin,65942.31,4493.35,2020-12-08,27,68.5,david.johnson@company.com,(595) 916-1481,Active
EMP027663,Ashley,Hernandez,Ashley Hernandez,34,Operations,Specialist,San Francisco,59175.02,5488.49,2022-07-12,11,60.2,ashley.hernandez@company.com,(921) 585-3833,Active
EMP027664,Robert,Jackson,Robert Jackson,33,Operations,Lead,Miami,41513.3,5112.48,2020-11-06,6,71.5,robert.jackson@company.com,(930) 429-6403,Active
EMP027665,Sarah,Williams,Sarah Williams,44,IT,Manager,New York,119932.01,11138.19,2024-09-13,16,53.1,sarah.williams@company.com,(499) 736-5046,Active
EMP027666,Christopher,Rodriguez,Christopher Rodriguez,42,Legal,Manager,San Francisco,103324.32,16117.06,2020-07-20,15,67.4,christopher.rodriguez@company.com,(839) 619-4485,Active
EMP027667,Nicole,Williams,Nicole Williams,36,IT,Lead,Miami,109797.78,9569.67,2024-05-14,7,65.1,nicole.williams@company.com,(565) 263-6895,Active
EMP027668,Jessica,Miller,Jessica Miller,56,Legal,Associate,Seattle,135538.39,21356.48,2022-08-19,29,59.0,jessica.miller@company.com,(214) 707-8478,Active
EMP027669,Emily,Moore,Emily Moore,37,Marketing,Director,Miami,64305.88,7200.75,2024-03-22,8,78.8,emily.moore@company.com,(826) 745-7106,Active
EMP027670,Sarah,Gonzalez,Sarah Gonzalez,52,Marketing,Specialist,Seattle,65378.72,2460.27,2022-09-03,26,65.4,sarah.gonzalez@company.com,(563) 558-8584,Active
EMP027671,Daniel,Rodriguez,Daniel Rodriguez,37,Sales,Director,San Francisco,46532.88,5602.34,2021-09-06,8,56.7,daniel.rodriguez@company.com,(748) 943-6245,Active
EMP027672,Michael,Williams,Michael Williams,36,Sales,Senior Developer,Seattle,73870.44,5975.44,2020-07-22,14,43.8,michael.williams@company.com,(568) 742-9640,Active
EMP027673,Michael,Wilson,Michael Wilson,59,Sales,Analyst,Miami,96498.64,1342.44,2020-12-16,36,79.0,michael.wilson@company.com,(403) 454-6081,Active
EMP027674,John,Davis,John Davis,41,Operations,Senior Developer,Seattle,49915.75,8745.12,2021-08-31,15,73.1,john.davis@company.com,(830) 441-4404,Inactive
EMP027675,Matthew,Gonzalez,Matthew Gonzalez,29,Engineering,Associate,New York,76463.42,5048.9,2024-05-16,5,100.0,matthew.gonzalez@company.com,(398) 933-6321,Inactive
EMP027676,Emily,Johnson,Emily Johnson,31,Engineering,Director,Boston,105442.12,9230.52,2021-03-04,5,100.0,emily.johnson@company.com,(281) 461-2053,Active
EMP027677,Ashley,Moore,Ashley Moore,64,Finance,Director,New York,85669.54,10115.57,2024-02-09,41,52.1,ashley.moore@company.com,(993) 203-6136,Active
EMP027678,Jessica,Brown,Jessica Brown,50,Legal,Associate,New York,108654.98,9420.03,2021-12-15,21,89.8,jessica.brown@company.com,(916) 221-5687,Active
EMP027679,Amanda,Brown,Amanda Brown,27,HR,Lead,Los Angeles,42132.54,3527.06,2024-02-22,2,63.6,amanda.brown@company.com,(279) 306-8960,Active
EMP027680,Stephanie,Hernandez,Stephanie Hernandez,28,Operations,Analyst,Austin,48788.06,6739.95,2020-10-28,6,83.4,stephanie.hernandez@company.com,(219) 749-5313,Active
EMP027681,John,Jackson,John Jackson,62,Legal,Senior Developer,Chicago,143481.26,7466.73,2020-07-13,36,85.1,john.jackson@company.com,(748) 507-2594,Active
EMP027682,James,Martin,James Martin,28,Sales,Associate,San Francisco,47090.82,6080.42,2023-07-03,1,100.0,james.martin@company.com,(781) 316-4339,Active
EMP027683,James,Brown,James Brown,46,Marketing,Director,Los Angeles,50040.05,4004.13,2024-02-11,20,58.6,james.brown@company.com,(540) 667-1383,Active
EMP027684,Melissa,Anderson,Melissa Anderson,26,IT,Director,Miami,56800.27,6142.22,2024-06-21,3,80.1,melissa.anderson@company.com,(449) 825-4757,Active
EMP027685,Robert,Anderson,Robert Anderson,47,Marketing,Lead,Austin,66004.22,8398.28,2024-08-07,23,88.3,robert.anderson@company.com,(817) 860-1431,Active
EMP027686,Emily,Jackson,Emily Jackson,35,Sales,Associate,Los Angeles,78512.45,9908.31,2022-01-06,13,74.7,emily.jackson@company.com,(865) 960-3721,Inactive
EMP027687,David,Martinez,David Martinez,27,Finance,Analyst,Los Angeles,47915.52,3121.81,2020-02-17,2,100.0,david.martinez@company.com,(300) 803-4090,Active
EMP027688,Ashley,Miller,Ashley Miller,32,Engineering,Senior Developer,Austin,78853.46,10324.45,2021-01-25,10,92.1,ashley.miller@company.com,(545) 602-6894,Active
EMP027689,John,Davis,John Davis,44,HR,Coordinator,Austin,62988.36,0.0,2023-02-02,19,97.5,john.davis@company.com,(275) 837-8811,Active
EMP027690,Ashley,Brown,Ashley Brown,23,IT,Director,Los Angeles,72151.46,3163.32,2024-10-16,0,84.6,ashley.brown@company.com,(906) 999-5795,Active
EMP027691,David,Taylor,David Taylor,41,HR,Director,New York,65562.47,10342.7,2021-12-17,14,98.3,david.taylor@company.com,(277) 555-2221,Active
EMP027692,Jessica,Moore,Jessica Moore,26,Engineering,Lead,Los Angeles,84640.29,7795.78,2022-07-01,1,56.0,jessica.moore@company.com,(630) 843-5302,Active
EMP027693,Matthew,Lopez,Matthew Lopez,30,Marketing,Specialist,Chicago,61376.03,6636.6,2021-12-24,7,77.7,matthew.lopez@company.com,(400) 660-9364,Inactive
EMP027694,Sarah,Jackson,Sarah Jackson,32,HR,Specialist,Austin,92355.11,7845.64,2023-11-22,5,51.8,sarah.jackson@company.com,(516) 832-3925,Active
EMP027695,Emily,Wilson,Emily Wilson,30,Legal,Lead,Seattle,63927.27,4049.14,2023-04-18,8,70.9,emily.wilson@company.com,(339) 498-4453,Active
EMP027696,Lisa,Johnson,Lisa Johnson,54,Engineering,Manager,New York,81318.61,2745.18,2024-09-18,31,77.4,lisa.johnson@company.com,(364) 973-4228,Active
EMP027697,Jessica,Moore,Jessica Moore,52,Finance,Director,Seattle,118301.86,5580.6,2021-09-04,25,71.3,jessica.moore@company.com,(936) 609-7200,Active
EMP027698,Sarah,Taylor,Sarah Taylor,28,Marketing,Manager,Seattle,59453.56,2111.69,2020-06-26,6,92.0,sarah.taylor@company.com,(718) 766-1756,Active
EMP027699,William,Lopez,William Lopez,39,Operations,Analyst,Boston,45919.65,7416.75,2021-09-19,16,35.4,william.lopez@company.com,(709) 679-3197,Active
EMP027700,John,Garcia,John Garcia,37,Finance,Lead,San Francisco,82995.99,10055.86,2022-05-14,14,63.4,john.garcia@company.com,(561) 899-8848,Active
EMP027701,Nicole,Garcia,Nicole Garcia,62,Finance,Manager,Austin,90933.64,6851.76,2022-06-29,37,83.0,nicole.garcia@company.com,(344) 568-9380,Active
EMP027702,John,Lopez,John Lopez,55,HR,Specialist,Seattle,78988.28,7472.63,2022-12-22,33,100.0,john.lopez@company.com,(644) 785-6804,Active
EMP027703,Jessica,Lopez,Jessica Lopez,54,Finance,Associate,Seattle,89881.34,0.0,2022-08-13,26,91.1,jessica.lopez@company.com,(287) 779-4313,Active
EMP027704,Stephanie,Williams,Stephanie Williams,36,Engineering,Director,Seattle,75836.66,1934.02,2022-05-30,7,87.2,stephanie.williams@company.com,(376) 634-3699,Active
EMP027705,Matthew,Wilson,Matthew Wilson,22,Legal,Analyst,Miami,65283.79,4465.4,2022-02-14,0,72.1,matthew.wilson@company.com,(358) 313-2558,Active
EMP027706,Matthew,Lopez,Matthew Lopez,28,Operations,Coordinator,Los Angeles,71287.27,12859.91,2023-01-12,2,73.9,matthew.lopez@company.com,(218) 930-1756,Active
EMP027707,John,Hernandez,John Hernandez,40,Finance,Coordinator,Chicago,56724.92,8622.78,2022-07-06,17,70.5,john.hernandez@company.com,(454) 872-5956,Active
EMP027708,Matthew,Jones,Matthew Jones,57,Engineering,Senior Developer,Boston,126693.32,17945.13,2023-05-25,33,53.6,matthew.jones@company.com,(817) 395-6163,Active
EMP027709,William,Lopez,William Lopez,64,IT,Manager,Boston,117840.18,8726.74,2022-07-05,36,96.4,william.lopez@company.com,(245) 598-5095,Active
EMP027710,Christopher,Rodriguez,Christopher Rodriguez,60,Legal,Associate,Los Angeles,88520.82,10254.59,2023-10-14,38,86.8,christopher.rodriguez@company.com,(845) 350-5632,Active
EMP027711,Daniel,Jackson,Daniel Jackson,25,IT,Analyst,New York,85197.44,12199.45,2020-03-02,0,92.4,daniel.jackson@company.com,(913) 544-9962,Active
EMP027712,Christopher,Wilson,Christopher Wilson,35,Marketing,Associate,Seattle,58947.29,7800.51,2023-05-22,8,67.7,christopher.wilson@company.com,(857) 316-1505,Active
EMP027713,Melissa,Wilson,Melissa Wilson,65,Operations,Specialist,Boston,55887.7,4906.8,2020-10-08,40,77.0,melissa.wilson@company.com,(401) 322-6901,Active
EMP027714,Emily,Johnson,Emily Johnson,36,Marketing,Associate,Los Angeles,49544.02,9237.27,2024-04-25,8,78.4,emily.johnson@company.com,(297) 991-4827,Active
EMP027715,Ashley,Lopez,Ashley Lopez,56,Finance,Lead,Austin,97226.32,7123.26,2020-04-03,31,68.8,ashley.lopez@company.com,(379) 943-5160,Active
EMP027716,Lisa,Miller,Lisa Miller,49,IT,Senior Developer,Los Angeles,70509.42,11535.48,2021-04-21,26,71.9,lisa.miller@company.com,(703) 850-6491,Active
EMP027717,Michael,Martinez,Michael Martinez,36,Legal,Coordinator,Miami,74524.99,6279.7,2023-06-14,11,81.6,michael.martinez@company.com,(311) 482-8192,Active
EMP027718,Amanda,Williams,Amanda Williams,25,Engineering,Specialist,Boston,114630.75,10164.29,2022-08-01,0,53.2,amanda.williams@company.com,(269) 872-8960,Active
EMP027719,Ashley,Wilson,Ashley Wilson,64,IT,Coordinator,Austin,67096.26,5604.26,2023-02-08,38,100.0,ashley.wilson@company.com,(913) 742-3749,Active
EMP027720,Robert,Wilson,Robert Wilson,32,HR,Coordinator,Boston,43233.52,4789.96,2020-11-10,8,86.4,robert.wilson@company.com,(714) 308-3889,Active
EMP027721,John,Rodriguez,John Rodriguez,43,Engineering,Lead,Seattle,116046.2,17695.06,2020-06-11,18,80.9,john.rodriguez@company.com,(563) 929-8418,Active
EMP027722,Anthony,Jackson,Anthony Jackson,25,Sales,Specialist,Chicago,64588.16,4304.15,2021-09-26,0,79.5,anthony.jackson@company.com,(780) 572-5100,Active
EMP027723,James,Jones,James Jones,56,Legal,Specialist,Austin,88594.95,11294.48,2024-04-15,30,46.6,james.jones@company.com,(508) 283-3944,Active
EMP027724,James,Williams,James Williams,32,IT,Analyst,Seattle,68667.64,5869.6,2021-12-26,6,67.6,james.williams@company.com,(352) 447-9589,Active
EMP027725,Christopher,Johnson,Christopher Johnson,45,Operations,Coordinator,Austin,64379.71,3747.07,2023-07-21,22,91.5,christopher.johnson@company.com,(738) 660-4981,Active
EMP027726,Robert,Garcia,Robert Garcia,33,Engineering,Associate,Los Angeles,69940.41,10768.01,2023-09-26,5,62.6,robert.garcia@company.com,(742) 500-6936,Inactive
EMP027727,William,Rodriguez,William Rodriguez,41,Finance,Manager,San Francisco,96689.3,7649.98,2021-06-05,14,78.1,william.rodriguez@company.com,(665) 468-7003,Active
EMP027728,James,Gonzalez,James Gonzalez,63,Marketing,Analyst,Chicago,90139.15,2847.75,2021-04-11,38,92.1,james.gonzalez@company.com,(501) 607-6779,Active
EMP027729,Lisa,Wilson,Lisa Wilson,60,Engineering,Manager,Seattle,150767.02,32057.02,2021-10-31,34,80.5,lisa.wilson@company.com,(608) 977-6703,Active
EMP027730,Christopher,Gonzalez,Christopher Gonzalez,31,Finance,Specialist,Seattle,100016.28,25457.02,2020-05-23,4,76.8,christopher.gonzalez@company.com,(417) 679-9949,Active
EMP027731,Michael,Hernandez,Michael Hernandez,37,Operations,Specialist,Chicago,77327.56,7139.01,2021-09-21,10,71.9,michael.hernandez@company.com,(574) 882-7575,Active
EMP027732,Amanda,Miller,Amanda Miller,46,IT,Analyst,Seattle,89155.18,10237.56,2022-10-07,20,67.6,amanda.miller@company.com,(835) 636-6864,Active
EMP027733,Jane,Brown,Jane Brown,36,Engineering,Specialist,Chicago,71690.23,10780.18,2022-02-26,14,92.8,jane.brown@company.com,(633) 315-1900,Active
EMP027734,Jane,Moore,Jane Moore,28,Finance,Coordinator,Austin,92281.52,9966.99,2023-05-10,3,70.1,jane.moore@company.com,(310) 469-4221,Active
EMP027735,William,Anderson,William Anderson,43,Finance,Specialist,Los Angeles,108028.4,15433.21,2021-09-23,14,65.7,william.anderson@company.com,(299) 341-8683,On Leave
EMP027736,Nicole,Martin,Nicole Martin,47,Operations,Director,Chicago,76207.72,8260.97,2021-06-18,18,68.3,nicole.martin@company.com,(818) 811-3231,Active
EMP027737,Amanda,Brown,Amanda Brown,27,IT,Analyst,Boston,46191.37,452.92,2021-08-19,0,70.7,amanda.brown@company.com,(633) 922-5195,Active
EMP027738,Robert,Williams,Robert Williams,28,Engineering,Specialist,Seattle,82740.65,9865.8,2023-06-08,5,88.3,robert.williams@company.com,(699) 458-6575,Active
EMP027739,Michael,Garcia,Michael Garcia,64,Sales,Manager,Austin,102879.04,9684.78,2024-07-11,37,78.5,michael.garcia@company.com,(683) 338-7642,Active
EMP027740,Michael,Anderson,Michael Anderson,39,Marketing,Coordinator,Chicago,80131.43,11009.41,2021-05-17,12,65.4,michael.anderson@company.com,(231) 219-7819,Active
EMP027741,Lisa,Garcia,Lisa Garcia,51,Sales,Senior Developer,Chicago,96298.58,4942.21,2020-03-14,23,84.3,lisa.garcia@company.com,(706) 521-9507,Active
EMP027742,Melissa,Williams,Melissa Williams,59,Legal,Lead,Los Angeles,110560.15,20246.71,2024-06-22,30,84.4,melissa.williams@company.com,(952) 757-3599,Active
EMP027743,James,Garcia,James Garcia,49,HR,Manager,Chicago,61637.31,8831.75,2024-12-21,26,80.3,james.garcia@company.com,(767) 317-9601,Active
EMP027744,Sarah,Johnson,Sarah Johnson,52,Finance,Analyst,Austin,93421.72,12428.4,2023-11-13,24,60.9,sarah.johnson@company.com,(607) 687-9531,On Leave
EMP027745,David,Johnson,David Johnson,37,Operations,Specialist,Chicago,70805.77,5059.93,2022-06-05,14,75.6,david.johnson@company.com,(794) 367-7237,Active
EMP027746,Melissa,Wilson,Melissa Wilson,63,Finance,Senior Developer,San Francisco,135643.33,31604.56,2022-03-13,38,66.2,melissa.wilson@company.com,(494) 646-1362,Active
EMP027747,Amanda,Gonzalez,Amanda Gonzalez,49,Engineering,Associate,San Francisco,82218.76,5850.29,2021-03-16,22,66.5,amanda.gonzalez@company.com,(437) 539-5264,On Leave
EMP027748,Michael,Davis,Michael Davis,40,Finance,Lead,San Francisco,75769.21,4241.28,2023-09-14,14,76.0,michael.davis@company.com,(348) 961-8040,Inactive
EMP027749,Stephanie,Hernandez,Stephanie Hernandez,44,Engineering,Director,Boston,85720.46,7385.56,2023-11-16,19,78.7,stephanie.hernandez@company.com,(508) 890-5375,Active
EMP027750,Ashley,Taylor,Ashley Taylor,52,Legal,Director,Los Angeles,89723.34,14078.44,2024-11-10,29,66.6,ashley.taylor@company.com,(718) 581-5253,Active
EMP027751,John,Hernandez,John Hernandez,38,Operations,Director,Austin,25500.0,2641.76,2023-08-16,13,100.0,john.hernandez@company.com,(822) 346-6160,Active
EMP027752,Sarah,Garcia,Sarah Garcia,29,HR,Specialist,Seattle,75412.62,9549.22,2021-10-25,7,55.9,sarah.garcia@company.com,(524) 333-4593,Active
EMP027753,Melissa,Gonzalez,Melissa Gonzalez,27,IT,Analyst,Austin,96248.45,6085.72,2022-08-21,0,82.2,melissa.gonzalez@company.com,(813) 429-3042,Active
EMP027754,David,Garcia,David Garcia,44,Marketing,Coordinator,Miami,54486.8,8726.82,2024-11-15,15,79.6,david.garcia@company.com,(728) 388-8173,Active
EMP027755,Christopher,Hernandez,Christopher Hernandez,41,IT,Senior Developer,San Francisco,66076.28,10744.1,2020-08-30,12,52.5,christopher.hernandez@company.com,(664) 996-9639,Active
EMP027756,Michael,Moore,Michael Moore,46,Legal,Director,San Francisco,109535.1,9905.0,2020-06-26,22,78.3,michael.moore@company.com,(730) 571-4876,Active
EMP027757,Nicole,Martin,Nicole Martin,22,IT,Lead,Boston,58388.5,6549.92,2022-01-30,0,81.0,nicole.martin@company.com,(342) 477-4003,Active
EMP027758,John,Jackson,John Jackson,57,Marketing,Specialist,Los Angeles,89468.32,16741.76,2022-01-03,32,75.9,john.jackson@company.com,(293) 572-7324,Active
EMP027759,Lisa,Gonzalez,Lisa Gonzalez,54,Sales,Lead,Boston,67088.93,5779.0,2023-10-22,32,65.0,lisa.gonzalez@company.com,(215) 862-7660,Active
EMP027760,Emily,Wilson,Emily Wilson,61,Legal,Associate,Chicago,93794.25,8790.36,2024-08-11,34,67.9,emily.wilson@company.com,(358) 705-8055,Active
EMP027761,Daniel,Wilson,Daniel Wilson,39,IT,Senior Developer,Miami,80573.18,3522.57,2022-02-13,14,67.7,daniel.wilson@company.com,(596) 470-1788,Inactive
EMP027762,Amanda,Martinez,Amanda Martinez,63,Operations,Manager,Miami,76374.37,6854.0,2021-03-13,36,86.6,amanda.martinez@company.com,(512) 776-8991,Active
EMP027763,John,Johnson,John Johnson,62,HR,Associate,Seattle,103035.74,3819.97,2024-09-08,38,57.8,john.johnson@company.com,(433) 806-8030,Active
EMP027764,Lisa,Johnson,Lisa Johnson,56,Marketing,Lead,San Francisco,86966.74,4516.98,2021-12-29,33,75.1,lisa.johnson@company.com,(648) 292-6037,Active
EMP027765,Emily,Martinez,Emily Martinez,27,Legal,Analyst,San Francisco,87474.69,6876.47,2021-07-29,0,94.9,emily.martinez@company.com,(723) 279-8195,Active
EMP027766,Christopher,Moore,Christopher Moore,24,IT,Coordinator,Austin,97046.31,14991.22,2023-08-18,0,62.6,christopher.moore@company.com,(562) 907-4791,Active
EMP027767,Nicole,Lopez,Nicole Lopez,53,Sales,Associate,Miami,60059.21,3854.48,2022-04-03,31,55.4,nicole.lopez@company.com,(564) 942-8582,Active
EMP027768,Stephanie,Garcia,Stephanie Garcia,50,Sales,Manager,Los Angeles,71332.67,9620.35,2023-06-22,25,53.3,stephanie.garcia@company.com,(969) 730-3182,Inactive
EMP027769,Anthony,Thomas,Anthony Thomas,47,IT,Specialist,Austin,95938.85,5084.86,2020-09-17,23,72.1,anthony.thomas@company.com,(262) 721-2420,Inactive
EMP027770,Christopher,Martinez,Christopher Martinez,56,Legal,Analyst,Los Angeles,132214.18,18688.45,2023-07-04,28,76.1,christopher.martinez@company.com,(273) 811-9726,Active
EMP027771,Daniel,Jones,Daniel Jones,47,Engineering,Associate,San Francisco,106065.45,18122.9,2022-09-19,25,66.1,daniel.jones@company.com,(649) 695-1154,Active
EMP027772,Amanda,Wilson,Amanda Wilson,31,IT,Associate,Los Angeles,65275.37,6049.99,2021-12-11,6,83.4,amanda.wilson@company.com,(548) 412-4214,Active
EMP027773,Anthony,Anderson,Anthony Anderson,44,Sales,Specialist,Seattle,76023.87,6233.3,2023-05-17,15,86.5,anthony.anderson@company.com,(721) 941-8440,Active
EMP027774,Melissa,Martinez,Melissa Martinez,36,HR,Lead,Los Angeles,66782.02,7411.89,2022-05-17,9,63.6,melissa.martinez@company.com,(478) 305-9550,Active
EMP027775,Emily,Taylor,Emily Taylor,65,Legal,Director,Austin,121942.92,13404.52,2022-03-06,43,78.2,emily.taylor@company.com,(944) 223-3964,On Leave
EMP027776,James,Miller,James Miller,47,Legal,Analyst,Seattle,97203.66,15617.09,2021-03-13,23,79.6,james.miller@company.com,(235) 745-6724,Active
EMP027777,John,Anderson,John Anderson,38,Sales,Senior Developer,Boston,68940.41,13197.51,2020-06-03,9,68.7,john.anderson@company.com,(356) 701-3660,Active
EMP027778,Amanda,Williams,Amanda Williams,50,IT,Lead,Austin,96384.28,4735.67,2021-03-26,27,86.2,amanda.williams@company.com,(398) 529-5636,Active
EMP027779,Lisa,Taylor,Lisa Taylor,25,Sales,Associate,Chicago,88333.8,12971.54,2021-02-03,0,96.7,lisa.taylor@company.com,(930) 232-7479,Active
EMP027780,Jessica,Thomas,Jessica Thomas,65,Marketing,Director,Austin,65814.62,8161.99,2024-06-13,38,93.5,jessica.thomas@company.com,(910) 334-2506,Active
EMP027781,Anthony,Jackson,Anthony Jackson,40,HR,Manager,Chicago,68305.88,7936.25,2024-09-05,12,61.4,anthony.jackson@company.com,(663) 950-7624,Active
EMP027782,James,Davis,James Davis,64,Legal,Coordinator,San Francisco,122664.06,12431.18,2020-08-22,40,67.5,james.davis@company.com,(833) 962-7827,Active
EMP027783,Stephanie,Johnson,Stephanie Johnson,63,Finance,Coordinator,Los Angeles,110417.73,13114.11,2022-04-10,36,62.2,stephanie.johnson@company.com,(486) 992-2201,Active
EMP027784,Sarah,Rodriguez,Sarah Rodriguez,55,Marketing,Associate,San Francisco,72538.23,1936.58,2022-10-22,33,73.2,sarah.rodriguez@company.com,(365) 916-6693,Active
EMP027785,Melissa,Garcia,Melissa Garcia,39,Engineering,Senior Developer,Austin,78550.62,13271.5,2021-08-12,10,82.2,melissa.garcia@company.com,(912) 330-4199,Active
EMP027786,Sarah,Smith,Sarah Smith,50,IT,Director,San Francisco,80989.72,15310.78,2023-09-17,25,74.0,sarah.smith@company.com,(836) 758-7238,Active
EMP027787,Michael,Rodriguez,Michael Rodriguez,23,Legal,Lead,Los Angeles,82228.83,2594.99,2021-03-18,0,96.1,michael.rodriguez@company.com,(702) 874-8225,Active
EMP027788,William,Davis,William Davis,42,Operations,Director,Chicago,52895.62,3522.11,2024-11-14,16,76.6,william.davis@company.com,(714) 514-1761,Active
EMP027789,Christopher,Martin,Christopher Martin,37,Legal,Lead,Chicago,102978.54,7487.26,2020-12-21,11,51.4,christopher.martin@company.com,(705) 726-6515,On Leave
EMP027790,Matthew,Smith,Matthew Smith,27,HR,Senior Developer,Seattle,58350.59,6606.35,2021-01-23,5,73.4,matthew.smith@company.com,(686) 869-7529,Active
EMP027791,Jane,Lopez,Jane Lopez,41,Operations,Lead,San Francisco,57685.48,6331.87,2023-08-07,13,60.2,jane.lopez@company.com,(492) 286-2578,Active
EMP027792,Nicole,Garcia,Nicole Garcia,57,HR,Analyst,San Francisco,57465.22,4709.83,2021-01-28,28,100.0,nicole.garcia@company.com,(917) 644-6904,Active
EMP027793,Melissa,Jackson,Melissa Jackson,54,Legal,Specialist,San Francisco,77590.8,545.66,2020-02-18,26,52.8,melissa.jackson@company.com,(256) 300-6731,Active
EMP027794,Daniel,Miller,Daniel Miller,58,Operations,Lead,Miami,61159.88,5554.6,2024-10-24,32,63.7,daniel.miller@company.com,(457) 336-4382,Active
EMP027795,Michael,Hernandez,Michael Hernandez,25,HR,Senior Developer,Seattle,48755.43,3658.52,2020-10-27,0,72.4,michael.hernandez@company.com,(359) 974-3745,Active
EMP027796,Amanda,Davis,Amanda Davis,63,IT,Manager,Los Angeles,112536.71,16603.78,2020-12-22,35,62.5,amanda.davis@company.com,(857) 617-7483,Active
EMP027797,Michael,Johnson,Michael Johnson,61,Sales,Director,Los Angeles,76389.7,7060.14,2022-10-04,32,68.0,michael.johnson@company.com,(489) 390-1955,Active
EMP027798,Amanda,Garcia,Amanda Garcia,42,Sales,Director,Miami,99993.3,9933.97,2023-08-21,15,73.2,amanda.garcia@company.com,(651) 458-4559,Active
EMP027799,David,Jones,David Jones,39,Finance,Manager,Miami,100326.12,10010.62,2021-10-02,10,99.8,david.jones@company.com,(546) 477-9450,On Leave
EMP027800,Amanda,Moore,Amanda Moore,49,Sales,Manager,San Francisco,111824.07,12325.15,2020-12-03,22,56.8,amanda.moore@company.com,(571) 504-7418,Active
EMP027801,Sarah,Gonzalez,Sarah Gonzalez,65,Operations,Lead,Austin,70288.5,6256.34,2021-07-10,38,86.4,sarah.gonzalez@company.com,(551) 240-8448,Active
EMP027802,Daniel,Martinez,Daniel Martinez,28,Finance,Specialist,Chicago,48750.79,10297.9,2020-11-21,0,45.4,daniel.martinez@company.com,(830) 478-9252,Active
EMP027803,Robert,Martinez,Robert Martinez,54,HR,Lead,Miami,63921.55,5898.36,2021-11-17,31,69.8,robert.martinez@company.com,(767) 342-6610,Active
EMP027804,Daniel,Jackson,Daniel Jackson,40,Sales,Senior Developer,Boston,67020.19,11161.89,2020-03-08,13,75.8,daniel.jackson@company.com,(966) 591-7714,Active
EMP027805,Amanda,Moore,Amanda Moore,28,HR,Director,Miami,40894.6,413.04,2024-02-29,0,79.3,amanda.moore@company.com,(689) 317-3956,Active
EMP027806,Melissa,Smith,Melissa Smith,41,IT,Analyst,Seattle,105976.94,15895.21,2022-08-11,17,62.3,melissa.smith@company.com,(544) 708-9075,Active
EMP027807,William,Johnson,William Johnson,55,Finance,Director,Seattle,112572.96,10889.18,2021-01-17,27,76.2,william.johnson@company.com,(239) 751-3725,Active
EMP027808,Stephanie,Miller,Stephanie Miller,28,HR,Specialist,Chicago,60966.01,8300.62,2023-04-12,6,70.1,stephanie.miller@company.com,(203) 802-2389,Inactive
EMP027809,John,Johnson,John Johnson,30,IT,Analyst,San Francisco,66077.66,9762.22,2021-10-05,6,60.2,john.johnson@company.com,(514) 462-6537,Active
EMP027810,Jessica,Anderson,Jessica Anderson,23,HR,Coordinator,Boston,67353.29,11991.64,2021-03-29,0,56.0,jessica.anderson@company.com,(338) 744-7437,Active
EMP027811,Lisa,Johnson,Lisa Johnson,31,Sales,Lead,Seattle,69509.67,7192.4,2023-03-22,6,66.1,lisa.johnson@company.com,(462) 508-3693,Active
EMP027812,Anthony,Smith,Anthony Smith,37,HR,Manager,Miami,38965.71,3575.69,2024-09-21,11,41.4,anthony.smith@company.com,(814) 448-4121,Active
EMP027813,Melissa,Lopez,Melissa Lopez,48,Finance,Senior Developer,Los Angeles,79139.51,13866.58,2022-07-30,21,91.2,melissa.lopez@company.com,(318) 437-1855,Inactive
EMP027814,William,Gonzalez,William Gonzalez,29,Operations,Analyst,Miami,54658.61,1909.14,2020-12-04,2,78.6,william.gonzalez@company.com,(234) 828-9304,Active
EMP027815,Ashley,Miller,Ashley Miller,49,Finance,Coordinator,Seattle,67617.77,6886.1,2020-03-26,25,62.9,ashley.miller@company.com,(992) 236-3459,Active
EMP027816,Daniel,Wilson,Daniel Wilson,34,IT,Analyst,New York,57332.39,5489.13,2022-10-14,9,79.0,daniel.wilson@company.com,(573) 699-7707,On Leave
EMP027817,Robert,Jones,Robert Jones,52,HR,Manager,Seattle,64961.68,9312.08,2020-10-19,28,82.1,robert.jones@company.com,(503) 460-5525,Active
EMP027818,John,Williams,John Williams,38,Sales,Analyst,New York,58923.52,2529.75,2020-10-30,13,93.4,john.williams@company.com,(484) 581-6473,Active
EMP027819,Daniel,Davis,Daniel Davis,65,HR,Coordinator,Miami,74583.82,2687.1,2024-02-14,37,82.3,daniel.davis@company.com,(803) 251-6579,Active
EMP027820,Jane,Jackson,Jane Jackson,52,IT,Director,Chicago,121034.42,8539.58,2023-07-09,30,93.3,jane.jackson@company.com,(302) 471-2662,Active
EMP027821,William,Jones,William Jones,46,HR,Coordinator,Miami,81013.67,6399.42,2024-03-14,19,100.0,william.jones@company.com,(286) 340-1634,Active
EMP027822,Amanda,Miller,Amanda Miller,64,Engineering,Senior Developer,New York,131375.06,17809.75,2021-04-14,42,99.5,amanda.miller@company.com,(536) 582-5304,Active
EMP027823,Jane,Martin,Jane Martin,32,Finance,Director,San Francisco,75651.94,9017.53,2022-01-07,10,75.6,jane.martin@company.com,(206) 966-9941,Active
EMP027824,Amanda,Anderson,Amanda Anderson,57,Legal,Senior Developer,Chicago,95652.43,6807.72,2020-01-05,34,74.4,amanda.anderson@company.com,(384) 975-8009,Active
EMP027825,Anthony,Jones,Anthony Jones,43,Operations,Lead,Miami,98995.24,907.12,2023-08-08,18,41.8,anthony.jones@company.com,(497) 315-3607,Active
EMP027826,David,Smith,David Smith,58,Finance,Director,Boston,83866.45,6711.53,2024-10-03,29,66.9,david.smith@company.com,(862) 355-3465,Active
EMP027827,William,Moore,William Moore,59,Engineering,Specialist,Miami,114923.67,10847.0,2020-10-30,34,76.5,william.moore@company.com,(413) 901-5355,Active
EMP027828,John,Rodriguez,John Rodriguez,65,IT,Specialist,Chicago,103149.64,9057.3,2024-11-07,36,82.5,john.rodriguez@company.com,(668) 886-1977,Active
EMP027829,Ashley,Williams,Ashley Williams,42,Legal,Lead,Boston,88518.87,6849.23,2022-06-28,20,79.3,ashley.williams@company.com,(715) 217-1805,Active
EMP027830,John,Martin,John Martin,24,Finance,Specialist,Los Angeles,51622.08,6850.64,2022-09-24,0,64.3,john.martin@company.com,(886) 756-3768,Active
EMP027831,John,Moore,John Moore,46,Operations,Specialist,Boston,32703.94,4355.13,2021-10-11,24,71.5,john.moore@company.com,(507) 483-7151,On Leave
EMP027832,Michael,Jackson,Michael Jackson,41,Legal,Senior Developer,New York,102682.61,7031.87,2020-09-16,19,80.1,michael.jackson@company.com,(923) 769-2002,Active
EMP027833,Melissa,Martinez,Melissa Martinez,59,Finance,Lead,Miami,55218.55,5532.48,2020-04-07,36,74.3,melissa.martinez@company.com,(854) 491-2404,On Leave
EMP027834,Christopher,Johnson,Christopher Johnson,23,Sales,Senior Developer,Boston,83137.78,14743.95,2021-02-20,0,100.0,christopher.johnson@company.com,(452) 810-1145,Active
EMP027835,Daniel,Moore,Daniel Moore,42,Finance,Manager,Austin,64510.74,12289.79,2023-12-03,16,58.8,daniel.moore@company.com,(617) 922-2285,Active
EMP027836,Amanda,Williams,Amanda Williams,28,Engineering,Lead,San Francisco,95981.24,14105.71,2022-04-01,3,74.5,amanda.williams@company.com,(496) 879-4678,On Leave
EMP027837,Sarah,Jones,Sarah Jones,22,IT,Manager,Austin,91468.73,9013.56,2024-01-16,0,90.2,sarah.jones@company.com,(896) 461-5898,Active
EMP027838,James,Jackson,James Jackson,43,Engineering,Coordinator,Austin,92282.57,6229.83,2023-05-21,20,73.7,james.jackson@company.com,(989) 838-6509,Active
EMP027839,Melissa,Johnson,Melissa Johnson,54,Marketing,Lead,Miami,104095.33,8748.45,2021-12-21,30,73.1,melissa.johnson@company.com,(687) 597-2020,Active
EMP027840,Emily,Martin,Emily Martin,44,Sales,Associate,Chicago,40334.7,6652.81,2020-03-16,22,63.7,emily.martin@company.com,(551) 574-5820,Active
EMP027841,John,Gonzalez,John Gonzalez,49,Sales,Coordinator,Austin,96884.07,14360.4,2023-08-29,21,90.6,john.gonzalez@company.com,(680) 797-2007,Active
EMP027842,Matthew,Thomas,Matthew Thomas,22,Legal,Director,Los Angeles,94742.75,16672.48,2024-10-22,0,81.3,matthew.thomas@company.com,(426) 404-1496,Active
EMP027843,Michael,Brown,Michael Brown,42,Legal,Associate,Los Angeles,92550.93,9738.81,2021-02-02,17,64.0,michael.brown@company.com,(954) 584-3357,Active
EMP027844,Robert,Smith,Robert Smith,27,Finance,Analyst,Los Angeles,68408.09,596.15,2024-12-02,2,86.0,robert.smith@company.com,(523) 571-8300,Active
EMP027845,Melissa,Garcia,Melissa Garcia,47,Engineering,Associate,Los Angeles,88336.86,8862.99,2022-02-02,19,71.2,melissa.garcia@company.com,(395) 588-2231,Active
EMP027846,Amanda,Moore,Amanda Moore,29,Engineering,Director,Austin,94754.14,8167.62,2021-12-05,5,91.6,amanda.moore@company.com,(254) 271-6347,Active
EMP027847,Ashley,Brown,Ashley Brown,58,Engineering,Lead,Boston,103787.88,10841.99,2024-02-15,34,77.1,ashley.brown@company.com,(213) 703-3377,Active
EMP027848,Ashley,Taylor,Ashley Taylor,42,Finance,Senior Developer,Austin,91648.33,14521.71,2022-12-16,16,100.0,ashley.taylor@company.com,(773) 663-9839,Active
EMP027849,Emily,Moore,Emily Moore,27,Finance,Associate,Chicago,83390.33,8194.08,2022-12-14,3,100.0,emily.moore@company.com,(556) 944-2790,Active
EMP027850,Robert,Smith,Robert Smith,50,HR,Specialist,Miami,72990.7,6918.02,2021-06-03,26,73.2,robert.smith@company.com,(922) 885-4835,Active
EMP027851,Daniel,Martinez,Daniel Martinez,51,Engineering,Lead,Boston,112719.22,14732.71,2021-10-15,28,87.7,daniel.martinez@company.com,(775) 715-7237,Active
EMP027852,Sarah,Wilson,Sarah Wilson,38,Marketing,Associate,Miami,77724.25,9317.51,2020-06-06,10,92.5,sarah.wilson@company.com,(671) 823-5980,Active
EMP027853,Daniel,Jackson,Daniel Jackson,43,Finance,Associate,Miami,72913.7,4351.04,2021-11-30,16,71.2,daniel.jackson@company.com,(922) 919-1823,Inactive
EMP027854,Emily,Anderson,Emily Anderson,62,Operations,Senior Developer,Boston,61651.72,8091.74,2021-08-23,38,92.0,emily.anderson@company.com,(843) 861-9682,Active
EMP027855,Christopher,Jones,Christopher Jones,56,Legal,Analyst,Seattle,84804.41,8699.43,2022-09-04,33,91.0,christopher.jones@company.com,(255) 416-9860,Active
EMP027856,Jane,Brown,Jane Brown,59,Engineering,Specialist,Austin,96273.32,9033.71,2024-04-28,35,81.8,jane.brown@company.com,(384) 416-3147,Active
EMP027857,David,Jackson,David Jackson,53,Engineering,Senior Developer,Los Angeles,127960.62,26711.26,2023-02-24,31,69.9,david.jackson@company.com,(539) 312-1692,Active
EMP027858,John,Hernandez,John Hernandez,62,Legal,Coordinator,Miami,132594.35,12976.39,2022-08-14,34,69.9,john.hernandez@company.com,(554) 576-4458,Active
EMP027859,Christopher,Anderson,Christopher Anderson,38,Finance,Associate,New York,81565.74,8979.9,2023-02-27,16,57.2,christopher.anderson@company.com,(925) 639-8371,Active
EMP027860,Daniel,Lopez,Daniel Lopez,57,Marketing,Analyst,Seattle,77667.75,9462.32,2024-05-28,31,100.0,daniel.lopez@company.com,(290) 238-4889,Active
EMP027861,Jane,Johnson,Jane Johnson,48,Marketing,Specialist,Seattle,91182.38,16945.65,2024-12-11,25,74.9,jane.johnson@company.com,(962) 712-6973,Active
EMP027862,Jessica,Martin,Jessica Martin,56,Operations,Senior Developer,Boston,44745.53,0.0,2024-03-22,30,63.9,jessica.martin@company.com,(585) 637-9563,Active
EMP027863,Melissa,Lopez,Melissa Lopez,43,Marketing,Director,Seattle,70142.78,6754.64,2020-11-28,20,92.5,melissa.lopez@company.com,(926) 456-2348,Active
EMP027864,Jessica,Garcia,Jessica Garcia,47,HR,Director,San Francisco,71223.51,10979.71,2023-12-25,22,66.2,jessica.garcia@company.com,(721) 262-4055,Active
EMP027865,Nicole,Jones,Nicole Jones,43,Legal,Senior Developer,Seattle,94044.04,10836.65,2021-02-26,14,68.2,nicole.jones@company.com,(380) 411-2646,Active
EMP027866,Ashley,Martin,Ashley Martin,64,Marketing,Director,Seattle,79847.08,7401.92,2020-05-23,41,47.8,ashley.martin@company.com,(409) 800-9741,Active
EMP027867,David,Moore,David Moore,35,Engineering,Manager,Boston,124152.35,8078.38,2023-07-09,7,76.9,david.moore@company.com,(460) 223-1954,Active
EMP027868,John,Brown,John Brown,31,IT,Manager,Miami,63081.87,10680.2,2021-04-02,7,68.5,john.brown@company.com,(686) 292-1166,Active
EMP027869,Melissa,Brown,Melissa Brown,39,Operations,Specialist,Boston,52252.84,1443.86,2023-01-08,14,64.5,melissa.brown@company.com,(843) 872-6147,Inactive
EMP027870,David,Lopez,David Lopez,58,Sales,Coordinator,Austin,79177.81,14451.23,2023-02-02,33,58.2,david.lopez@company.com,(315) 837-5778,Active
EMP027871,Amanda,Taylor,Amanda Taylor,36,Sales,Analyst,Chicago,48051.68,6973.54,2022-07-13,8,54.9,amanda.taylor@company.com,(892) 710-8035,Active
EMP027872,William,Thomas,William Thomas,49,Legal,Lead,New York,101119.9,7562.8,2022-08-25,23,78.9,william.thomas@company.com,(696) 670-7380,Active
EMP027873,Daniel,Taylor,Daniel Taylor,54,Sales,Coordinator,Los Angeles,84696.13,11947.92,2020-09-03,32,41.2,daniel.taylor@company.com,(414) 644-8248,Active
EMP027874,Stephanie,Williams,Stephanie Williams,24,Marketing,Senior Developer,Miami,61042.13,3238.92,2023-05-17,0,76.8,stephanie.williams@company.com,(768) 582-7106,Inactive
EMP027875,Stephanie,Lopez,Stephanie Lopez,56,Operations,Analyst,Los Angeles,67715.01,5890.84,2020-06-20,30,61.5,stephanie.lopez@company.com,(205) 727-2959,Active
EMP027876,Melissa,Johnson,Melissa Johnson,51,Marketing,Associate,Boston,45153.79,4066.94,2024-07-14,23,56.2,melissa.johnson@company.com,(270) 672-2359,On Leave
EMP027877,Michael,Smith,Michael Smith,50,IT,Director,Chicago,76487.45,6266.03,2021-06-21,26,48.9,michael.smith@company.com,(817) 350-4509,Active
EMP027878,Lisa,Lopez,Lisa Lopez,65,Operations,Coordinator,Miami,71917.13,13814.98,2023-04-28,42,63.9,lisa.lopez@company.com,(320) 253-7725,Active
EMP027879,Matthew,Garcia,Matthew Garcia,50,HR,Associate,Miami,79812.43,11067.39,2021-02-04,28,65.5,matthew.garcia@company.com,(341) 518-5156,Active
EMP027880,James,Smith,James Smith,57,Finance,Analyst,San Francisco,99466.14,8914.1,2021-11-12,33,86.8,james.smith@company.com,(531) 911-1259,Active
EMP027881,Jane,Williams,Jane Williams,26,HR,Senior Developer,Seattle,67738.69,10375.45,2021-04-04,0,75.7,jane.williams@company.com,(918) 478-8621,Active
EMP027882,Christopher,Garcia,Christopher Garcia,40,Sales,Analyst,Chicago,85904.75,4928.24,2021-01-22,18,58.5,christopher.garcia@company.com,(388) 859-9493,Active
EMP027883,Matthew,Martinez,Matthew Martinez,58,HR,Associate,Boston,66979.76,14898.77,2021-04-14,30,61.8,matthew.martinez@company.com,(230) 566-7190,Active
EMP027884,Amanda,Taylor,Amanda Taylor,32,Finance,Specialist,San Francisco,69445.07,8601.25,2024-10-19,10,77.5,amanda.taylor@company.com,(753) 905-1940,Active
EMP027885,Robert,Gonzalez,Robert Gonzalez,52,Engineering,Specialist,Chicago,130505.87,10397.03,2021-10-12,25,68.7,robert.gonzalez@company.com,(422) 641-3350,Active
EMP027886,Daniel,Brown,Daniel Brown,27,IT,Manager,New York,85096.5,12698.86,2024-10-16,5,87.1,daniel.brown@company.com,(203) 539-8852,Active
EMP027887,Ashley,Lopez,Ashley Lopez,54,IT,Associate,Austin,73592.36,8819.77,2023-03-30,31,65.7,ashley.lopez@company.com,(239) 274-7827,Active
EMP027888,Sarah,Anderson,Sarah Anderson,39,Operations,Senior Developer,San Francisco,58713.55,8894.33,2024-05-24,10,96.9,sarah.anderson@company.com,(222) 222-3663,Active
EMP027889,Nicole,Johnson,Nicole Johnson,33,Engineering,Senior Developer,Seattle,66957.04,6296.42,2022-07-27,8,76.4,nicole.johnson@company.com,(812) 604-2087,Active
EMP027890,Lisa,Brown,Lisa Brown,46,Operations,Director,San Francisco,79977.62,9199.56,2022-03-15,18,75.7,lisa.brown@company.com,(513) 495-3289,Active
EMP027891,Jane,Williams,Jane Williams,57,Sales,Director,San Francisco,64013.96,7805.71,2020-04-20,34,100.0,jane.williams@company.com,(291) 861-2524,Active
EMP027892,James,Anderson,James Anderson,37,Sales,Specialist,San Francisco,66609.7,9196.92,2023-07-29,11,100.0,james.anderson@company.com,(292) 776-9220,Active
EMP027893,Robert,Lopez,Robert Lopez,28,Marketing,Associate,Miami,72874.17,3376.02,2024-07-15,4,82.9,robert.lopez@company.com,(454) 706-5920,Active
EMP027894,Melissa,Martinez,Melissa Martinez,41,Engineering,Manager,Austin,89621.8,9695.22,2022-12-22,17,82.1,melissa.martinez@company.com,(744) 870-9143,Active
EMP027895,Anthony,Rodriguez,Anthony Rodriguez,63,Operations,Coordinator,Austin,72806.09,5509.0,2021-11-15,39,76.2,anthony.rodriguez@company.com,(268) 664-6607,On Leave
EMP027896,Ashley,Gonzalez,Ashley Gonzalez,25,IT,Associate,Los Angeles,70783.88,11486.49,2021-01-04,3,72.2,ashley.gonzalez@company.com,(793) 608-5034,Inactive
EMP027897,Sarah,Moore,Sarah Moore,33,Sales,Coordinator,Seattle,76716.72,7720.29,2022-01-28,11,74.4,sarah.moore@company.com,(698) 408-4121,Active
EMP027898,Jessica,Jones,Jessica Jones,53,IT,Manager,Boston,128969.78,17443.65,2021-12-20,27,64.8,jessica.jones@company.com,(985) 668-8708,Active
EMP027899,David,Miller,David Miller,22,Sales,Lead,New York,63413.79,587.64,2020-04-08,0,71.3,david.miller@company.com,(396) 578-7876,Inactive
EMP027900,John,Davis,John Davis,26,Finance,Associate,Austin,68951.52,9401.76,2020-12-28,0,82.9,john.davis@company.com,(813) 517-3060,Active
EMP027901,Sarah,Davis,Sarah Davis,44,Legal,Director,New York,89327.7,11541.49,2023-05-16,20,80.3,sarah.davis@company.com,(626) 997-7200,Active
EMP027902,Matthew,Taylor,Matthew Taylor,55,Finance,Director,Los Angeles,73905.63,13709.5,2021-01-23,30,75.2,matthew.taylor@company.com,(675) 719-2317,On Leave
EMP027903,Matthew,Garcia,Matthew Garcia,42,Sales,Associate,Miami,64701.49,7969.71,2023-08-12,13,82.8,matthew.garcia@company.com,(937) 510-1740,Active
EMP027904,William,Martinez,William Martinez,60,Sales,Associate,Chicago,92924.11,6398.01,2021-08-25,31,66.8,william.martinez@company.com,(700) 444-8289,Active
EMP027905,Ashley,Davis,Ashley Davis,53,Operations,Manager,Seattle,64988.88,8221.81,2022-06-28,27,82.3,ashley.davis@company.com,(931) 503-4484,Active
EMP027906,John,Martinez,John Martinez,33,HR,Senior Developer,New York,48076.03,4844.8,2023-03-22,4,55.6,john.martinez@company.com,(767) 954-4857,Active
EMP027907,James,Taylor,James Taylor,49,Engineering,Coordinator,Miami,96861.53,4804.11,2020-05-19,23,73.2,james.taylor@company.com,(379) 259-6639,On Leave
EMP027908,Daniel,Hernandez,Daniel Hernandez,57,Marketing,Director,Boston,97465.4,18445.62,2023-08-06,29,65.8,daniel.hernandez@company.com,(400) 383-9728,Active
EMP027909,Christopher,Lopez,Christopher Lopez,24,Marketing,Associate,Miami,73658.86,12354.77,2022-11-26,0,73.3,christopher.lopez@company.com,(534) 273-3437,Active
EMP027910,Jane,Wilson,Jane Wilson,32,Engineering,Senior Developer,New York,92872.24,6942.96,2022-08-08,7,84.0,jane.wilson@company.com,(684) 619-7228,Active
EMP027911,Stephanie,Miller,Stephanie Miller,54,Legal,Director,San Francisco,80930.66,7674.83,2020-01-03,31,81.6,stephanie.miller@company.com,(695) 878-7611,Active
EMP027912,James,Anderson,James Anderson,47,Operations,Senior Developer,San Francisco,75982.14,7294.88,2020-10-15,25,82.6,james.anderson@company.com,(508) 646-9619,Active
EMP027913,John,Martin,John Martin,51,HR,Director,Seattle,59404.26,12492.39,2023-07-12,25,84.2,john.martin@company.com,(619) 262-9537,Active
EMP027914,Amanda,Thomas,Amanda Thomas,64,Engineering,Manager,Austin,110155.7,8218.57,2020-09-15,39,99.8,amanda.thomas@company.com,(452) 952-7880,Active
EMP027915,James,Anderson,James Anderson,38,Marketing,Specialist,Chicago,85517.56,12741.27,2020-04-17,14,62.7,james.anderson@company.com,(858) 492-4428,Inactive
EMP027916,Christopher,Thomas,Christopher Thomas,32,Sales,Director,Miami,91142.06,11883.86,2020-11-23,7,66.7,christopher.thomas@company.com,(856) 551-4855,Active
EMP027917,Christopher,Moore,Christopher Moore,25,Sales,Coordinator,Seattle,68686.99,9972.05,2021-06-13,0,85.1,christopher.moore@company.com,(308) 579-3758,Active
EMP027918,Ashley,Brown,Ashley Brown,42,Finance,Manager,Miami,65716.58,0.0,2020-10-03,15,81.7,ashley.brown@company.com,(532) 865-4927,Active
EMP027919,Jessica,Garcia,Jessica Garcia,42,Sales,Specialist,New York,51692.11,0.0,2022-07-07,15,66.5,jessica.garcia@company.com,(367) 502-6707,Active
EMP027920,Christopher,Smith,Christopher Smith,36,IT,Manager,Miami,84203.71,10687.73,2023-11-23,9,64.3,christopher.smith@company.com,(380) 779-4446,Active
EMP027921,Lisa,Hernandez,Lisa Hernandez,37,Operations,Director,Miami,61707.73,4681.45,2021-11-25,12,74.5,lisa.hernandez@company.com,(308) 537-1435,Active
EMP027922,Emily,Gonzalez,Emily Gonzalez,57,Marketing,Analyst,Chicago,95695.1,8028.38,2021-04-06,32,70.4,emily.gonzalez@company.com,(529) 334-1843,Active
EMP027923,William,Lopez,William Lopez,45,Operations,Analyst,Seattle,48255.96,6900.57,2022-02-24,16,76.6,william.lopez@company.com,(891) 833-3216,Active
EMP027924,Jane,Martinez,Jane Martinez,35,Sales,Analyst,San Francisco,72853.21,5950.58,2023-03-05,8,62.1,jane.martinez@company.com,(936) 287-6340,Active
EMP027925,Nicole,Miller,Nicole Miller,30,Finance,Specialist,Miami,88236.36,8627.65,2022-07-25,4,71.5,nicole.miller@company.com,(919) 377-6666,Active
EMP027926,Emily,Smith,Emily Smith,51,Engineering,Associate,New York,103608.07,17469.39,2024-08-01,28,87.5,emily.smith@company.com,(470) 303-1540,Active
EMP027927,Melissa,Jackson,Melissa Jackson,37,Engineering,Director,New York,87557.14,1039.67,2023-08-24,13,82.0,melissa.jackson@company.com,(547) 248-4010,Active
EMP027928,John,Johnson,John Johnson,31,Finance,Lead,New York,61997.63,4617.04,2020-07-02,5,95.5,john.johnson@company.com,(677) 680-4295,Active
EMP027929,Amanda,Taylor,Amanda Taylor,44,Finance,Associate,Los Angeles,87622.88,3548.86,2021-12-16,15,55.8,amanda.taylor@company.com,(705) 583-4846,Active
EMP027930,Jessica,Jones,Jessica Jones,45,HR,Coordinator,San Francisco,52549.65,6711.07,2024-11-16,20,54.2,jessica.jones@company.com,(671) 973-4516,Active
EMP027931,Daniel,Moore,Daniel Moore,34,HR,Senior Developer,Miami,63713.1,758.29,2022-09-07,11,88.1,daniel.moore@company.com,(813) 848-7215,Active
EMP027932,Christopher,Martin,Christopher Martin,36,Legal,Director,New York,102845.04,7909.4,2020-07-14,7,66.0,christopher.martin@company.com,(211) 430-7823,Active
EMP027933,Ashley,Anderson,Ashley Anderson,26,Sales,Analyst,Miami,71306.47,5946.52,2020-09-20,1,69.1,ashley.anderson@company.com,(664) 996-9976,Active
EMP027934,Matthew,Jones,Matthew Jones,36,Legal,Lead,Boston,87064.48,15830.72,2022-11-25,7,76.3,matthew.jones@company.com,(742) 243-1948,Active
EMP027935,Sarah,Taylor,Sarah Taylor,25,Sales,Specialist,Chicago,57139.74,6354.45,2023-02-11,2,56.6,sarah.taylor@company.com,(557) 891-9919,Active
EMP027936,Melissa,Brown,Melissa Brown,49,Legal,Associate,Chicago,109026.52,10077.43,2021-12-03,27,82.2,melissa.brown@company.com,(656) 417-5414,Active
EMP027937,Nicole,Miller,Nicole Miller,42,IT,Analyst,New York,128078.27,2836.82,2022-07-22,17,86.4,nicole.miller@company.com,(925) 414-6684,Active
EMP027938,Ashley,Jackson,Ashley Jackson,45,Operations,Director,San Francisco,49674.12,2739.97,2024-01-19,22,73.4,ashley.jackson@company.com,(686) 540-5243,Active
EMP027939,James,Davis,James Davis,37,IT,Manager,Chicago,102453.01,8502.08,2022-08-23,14,66.5,james.davis@company.com,(485) 912-9097,Active
EMP027940,Emily,Taylor,Emily Taylor,62,Marketing,Specialist,Seattle,66849.08,4529.01,2022-04-23,35,76.9,emily.taylor@company.com,(253) 605-5978,Active
EMP027941,Stephanie,Jackson,Stephanie Jackson,24,Legal,Manager,Austin,46906.53,4908.41,2022-11-24,1,51.4,stephanie.jackson@company.com,(539) 652-4250,Active
EMP027942,Robert,Anderson,Robert Anderson,60,HR,Director,Seattle,75150.96,10868.05,2023-01-15,37,67.0,robert.anderson@company.com,(954) 265-9650,Active
EMP027943,William,Rodriguez,William Rodriguez,34,Engineering,Associate,Boston,95719.72,5461.34,2023-12-28,9,83.9,william.rodriguez@company.com,(897) 947-8162,Active
EMP027944,Anthony,Martin,Anthony Martin,45,HR,Lead,Miami,73379.69,10535.38,2021-01-17,23,100.0,anthony.martin@company.com,(216) 761-4083,Active
EMP027945,Jessica,Moore,Jessica Moore,64,Engineering,Lead,Chicago,137772.46,407.59,2024-06-11,39,57.4,jessica.moore@company.com,(572) 420-8454,Active
EMP027946,Christopher,Rodriguez,Christopher Rodriguez,61,Marketing,Lead,Chicago,128661.78,0.0,2024-06-08,33,64.2,christopher.rodriguez@company.com,(689) 335-9494,Active
EMP027947,Stephanie,Jackson,Stephanie Jackson,39,IT,Manager,Boston,116671.82,9036.86,2023-09-16,13,73.8,stephanie.jackson@company.com,(717) 710-7994,Active
EMP027948,Anthony,Martin,Anthony Martin,43,Operations,Lead,New York,72829.87,11421.42,2021-03-09,18,87.5,anthony.martin@company.com,(276) 799-8663,Active
EMP027949,David,Hernandez,David Hernandez,46,Marketing,Specialist,San Francisco,67268.33,10604.69,2024-02-24,19,79.8,david.hernandez@company.com,(483) 516-1455,Active
EMP027950,Nicole,Hernandez,Nicole Hernandez,60,Legal,Lead,Boston,130356.25,13765.74,2021-09-23,37,58.6,nicole.hernandez@company.com,(838) 207-4629,Active
EMP027951,Melissa,Jones,Melissa Jones,29,Marketing,Director,Seattle,75537.47,10861.71,2021-01-24,2,83.4,melissa.jones@company.com,(582) 748-8787,Active
EMP027952,William,Thomas,William Thomas,35,Operations,Specialist,Seattle,38808.99,0.0,2024-10-25,9,69.3,william.thomas@company.com,(815) 953-1518,Active
EMP027953,Anthony,Smith,Anthony Smith,50,HR,Director,Chicago,66290.97,10727.23,2020-07-26,23,60.1,anthony.smith@company.com,(916) 359-6611,Active
EMP027954,Michael,Jones,Michael Jones,40,Marketing,Senior Developer,Seattle,73088.37,7636.16,2023-11-26,16,46.4,michael.jones@company.com,(818) 970-3928,Active
EMP027955,William,Jones,William Jones,51,Finance,Specialist,Austin,83483.66,4011.84,2020-05-15,24,89.2,william.jones@company.com,(451) 534-2534,Inactive
EMP027956,John,Taylor,John Taylor,54,Engineering,Manager,San Francisco,140604.11,4338.23,2022-03-21,31,54.8,john.taylor@company.com,(895) 228-5588,Inactive
EMP027957,William,Miller,William Miller,22,HR,Specialist,Austin,61239.64,312.9,2023-11-13,0,75.7,william.miller@company.com,(980) 633-7734,Active
EMP027958,David,Miller,David Miller,48,HR,Lead,Chicago,50457.58,6123.64,2021-10-27,20,78.1,david.miller@company.com,(852) 891-6130,Active
EMP027959,William,Garcia,William Garcia,51,Sales,Associate,Chicago,69861.81,4615.45,2020-05-18,22,56.1,william.garcia@company.com,(659) 846-6921,On Leave
EMP027960,Jessica,Davis,Jessica Davis,57,Finance,Director,Chicago,104619.65,15501.32,2022-10-19,29,52.7,jessica.davis@company.com,(626) 813-3311,Active
EMP027961,Robert,Moore,Robert Moore,27,HR,Coordinator,Chicago,62934.26,6532.66,2023-11-09,2,99.7,robert.moore@company.com,(556) 957-2654,Active
EMP027962,Robert,Jackson,Robert Jackson,62,HR,Associate,Chicago,65232.1,0.0,2024-11-13,38,95.3,robert.jackson@company.com,(929) 605-7968,Active
EMP027963,James,Martin,James Martin,47,Finance,Associate,Miami,88673.89,14331.62,2020-09-11,22,64.3,james.martin@company.com,(526) 447-6473,Inactive
EMP027964,Sarah,Moore,Sarah Moore,61,Operations,Senior Developer,Austin,79330.91,8109.37,2023-06-09,34,85.4,sarah.moore@company.com,(984) 777-4007,Active
EMP027965,Nicole,Garcia,Nicole Garcia,23,Engineering,Specialist,New York,93369.26,7384.05,2022-01-07,0,67.9,nicole.garcia@company.com,(466) 649-9155,Active
EMP027966,Ashley,Martinez,Ashley Martinez,37,Operations,Coordinator,Boston,44234.68,5221.62,2024-09-01,8,83.4,ashley.martinez@company.com,(742) 369-9849,Active
EMP027967,Lisa,Williams,Lisa Williams,23,HR,Associate,Austin,49255.34,63.27,2021-02-18,0,66.4,lisa.williams@company.com,(385) 486-4591,Active
EMP027968,Michael,Anderson,Michael Anderson,29,Operations,Manager,Boston,31607.97,2586.34,2024-01-16,0,60.9,michael.anderson@company.com,(332) 261-3053,Active
EMP027969,Christopher,Hernandez,Christopher Hernandez,31,Marketing,Lead,Boston,63940.71,2538.37,2022-06-12,6,91.5,christopher.hernandez@company.com,(679) 785-5500,On Leave
EMP027970,John,Brown,John Brown,53,IT,Specialist,San Francisco,114971.55,8517.76,2023-12-11,29,83.7,john.brown@company.com,(563) 569-9928,Inactive
EMP027971,Daniel,Lopez,Daniel Lopez,30,HR,Director,Los Angeles,27000.0,4928.12,2022-09-05,8,42.1,daniel.lopez@company.com,(730) 628-6349,Active
EMP027972,Ashley,Thomas,Ashley Thomas,47,HR,Lead,Miami,64898.78,7426.5,2023-10-10,22,69.0,ashley.thomas@company.com,(572) 506-2969,Active
EMP027973,Daniel,Garcia,Daniel Garcia,30,Legal,Manager,Austin,49939.06,6088.14,2022-08-29,6,71.6,daniel.garcia@company.com,(252) 929-1537,Active
EMP027974,Nicole,Williams,Nicole Williams,50,Finance,Senior Developer,Los Angeles,99500.54,5839.82,2022-03-17,26,85.5,nicole.williams@company.com,(660) 763-8755,Active
EMP027975,Jane,Thomas,Jane Thomas,49,Marketing,Associate,Los Angeles,53436.9,9516.31,2022-12-11,26,74.8,jane.thomas@company.com,(873) 210-2478,Inactive
EMP027976,Stephanie,Smith,Stephanie Smith,52,Operations,Lead,San Francisco,67316.4,4763.4,2022-05-08,29,75.0,stephanie.smith@company.com,(304) 278-6673,Active
EMP027977,James,Hernandez,James Hernandez,38,IT,Director,Los Angeles,59233.27,3062.09,2023-10-24,13,49.1,james.hernandez@company.com,(775) 247-2677,On Leave
EMP027978,Stephanie,Wilson,Stephanie Wilson,34,Engineering,Coordinator,San Francisco,107646.38,9505.84,2021-06-02,9,87.7,stephanie.wilson@company.com,(357) 514-7431,Active
EMP027979,Amanda,Martin,Amanda Martin,26,Sales,Manager,Chicago,58037.3,10290.47,2020-07-20,0,100.0,amanda.martin@company.com,(907) 700-2756,Active
EMP027980,David,Martinez,David Martinez,37,Finance,Specialist,Chicago,68347.69,0.0,2022-04-06,15,79.4,david.martinez@company.com,(502) 506-9236,Active
EMP027981,Matthew,Davis,Matthew Davis,52,HR,Senior Developer,Los Angeles,62113.86,8698.79,2021-11-11,27,75.2,matthew.davis@company.com,(710) 929-3939,Active
EMP027982,Emily,Lopez,Emily Lopez,49,Sales,Director,New York,95727.66,6093.33,2021-08-13,22,49.4,emily.lopez@company.com,(904) 419-9582,Active
EMP027983,Sarah,Anderson,Sarah Anderson,24,Finance,Coordinator,Los Angeles,39306.05,4176.62,2022-04-16,2,86.8,sarah.anderson@company.com,(934) 728-5208,Active
EMP027984,Stephanie,Miller,Stephanie Miller,42,Operations,Associate,Chicago,50567.52,6262.27,2024-08-23,14,80.5,stephanie.miller@company.com,(641) 210-2234,Active
EMP027985,Lisa,Rodriguez,Lisa Rodriguez,39,HR,Director,Seattle,60035.63,4079.27,2024-07-20,17,78.3,lisa.rodriguez@company.com,(381) 320-6673,Active
EMP027986,John,Brown,John Brown,62,Legal,Associate,Chicago,132479.85,19149.88,2022-08-13,34,77.3,john.brown@company.com,(625) 940-8176,Active
EMP027987,Michael,Davis,Michael Davis,38,Sales,Coordinator,New York,68078.13,9539.55,2020-08-22,16,57.7,michael.davis@company.com,(494) 970-6660,Active
EMP027988,Anthony,Taylor,Anthony Taylor,25,Sales,Director,San Francisco,83194.78,1536.11,2020-11-09,2,65.4,anthony.taylor@company.com,(815) 974-5639,On Leave
EMP027989,Jane,Hernandez,Jane Hernandez,64,Engineering,Specialist,Miami,110843.87,15234.94,2020-12-11,42,100.0,jane.hernandez@company.com,(874) 245-8521,Active
EMP027990,Jane,Gonzalez,Jane Gonzalez,36,HR,Specialist,Seattle,51321.7,2304.36,2024-05-01,13,81.6,jane.gonzalez@company.com,(589) 408-6034,Active
EMP027991,Matthew,Moore,Matthew Moore,61,Marketing,Associate,Boston,50386.25,11256.92,2022-01-27,39,78.1,matthew.moore@company.com,(457) 668-8139,Active
EMP027992,Amanda,Johnson,Amanda Johnson,48,Sales,Analyst,Los Angeles,87186.58,10148.9,2022-09-01,19,84.3,amanda.johnson@company.com,(363) 692-8874,Active
EMP027993,Stephanie,Anderson,Stephanie Anderson,50,Sales,Specialist,Seattle,74168.51,7308.35,2023-02-27,22,80.3,stephanie.anderson@company.com,(863) 639-7000,On Leave
EMP027994,Matthew,Johnson,Matthew Johnson,42,Operations,Lead,Chicago,91242.94,7267.06,2023-12-31,15,62.5,matthew.johnson@company.com,(985) 282-6397,Inactive
EMP027995,David,Anderson,David Anderson,29,Sales,Senior Developer,Austin,98887.14,11984.81,2020-03-21,0,50.3,david.anderson@company.com,(666) 944-3341,Inactive
EMP027996,Michael,Thomas,Michael Thomas,22,Operations,Senior Developer,Seattle,48089.6,3288.89,2024-04-26,0,85.2,michael.thomas@company.com,(317) 528-5986,Active
EMP027997,William,Thomas,William Thomas,53,IT,Coordinator,Boston,102773.6,5370.92,2022-01-28,24,86.5,william.thomas@company.com,(850) 852-8274,Active
EMP027998,Jane,Jackson,Jane Jackson,46,HR,Specialist,San Francisco,72422.18,7095.41,2023-03-09,20,80.6,jane.jackson@company.com,(960) 369-6700,Active
EMP027999,Daniel,Brown,Daniel Brown,30,IT,Manager,Chicago,70772.75,5884.91,2021-03-24,1,97.3,daniel.brown@company.com,(794) 354-4392,Inactive
EMP028000,Jessica,Garcia,Jessica Garcia,41,Marketing,Coordinator,Los Angeles,75644.38,9422.79,2020-03-27,19,63.4,jessica.garcia@company.com,(222) 679-9197,Active
EMP028001,Jane,Brown,Jane Brown,42,Sales,Manager,Boston,71552.39,5779.79,2021-08-11,19,82.7,jane.brown@company.com,(922) 447-3606,Active
EMP028002,Robert,Moore,Robert Moore,35,Sales,Analyst,Boston,66739.01,8663.32,2022-06-22,11,80.7,robert.moore@company.com,(380) 931-1774,Active
EMP028003,James,Garcia,James Garcia,45,HR,Specialist,Los Angeles,30139.41,3477.74,2024-01-03,23,97.2,james.garcia@company.com,(762) 327-6418,Active
EMP028004,William,Thomas,William Thomas,47,Legal,Analyst,New York,100489.38,3700.73,2020-10-13,25,84.7,william.thomas@company.com,(233) 872-5274,Active
EMP028005,Emily,Lopez,Emily Lopez,23,Marketing,Coordinator,Boston,28500.0,2838.94,2020-05-05,0,78.9,emily.lopez@company.com,(884) 590-1593,Active
EMP028006,Christopher,Gonzalez,Christopher Gonzalez,42,HR,Specialist,New York,81413.5,13789.42,2022-02-09,14,75.1,christopher.gonzalez@company.com,(272) 485-3911,Active
EMP028007,Ashley,Johnson,Ashley Johnson,43,Operations,Lead,Austin,72697.5,0.0,2021-03-23,14,96.1,ashley.johnson@company.com,(652) 720-2696,Active
EMP028008,Sarah,Garcia,Sarah Garcia,56,HR,Manager,San Francisco,50679.79,7746.7,2024-03-24,27,61.8,sarah.garcia@company.com,(661) 762-7126,Active
EMP028009,Emily,Williams,Emily Williams,64,IT,Lead,New York,118399.39,19031.37,2024-04-10,41,66.4,emily.williams@company.com,(392) 991-1874,Active
EMP028010,Michael,Taylor,Michael Taylor,46,Sales,Manager,New York,69718.57,6563.67,2022-10-09,18,47.8,michael.taylor@company.com,(448) 974-4297,Active
EMP028011,John,Anderson,John Anderson,32,Legal,Specialist,Chicago,108550.66,14312.42,2023-09-13,4,83.6,john.anderson@company.com,(281) 951-8872,Active
EMP028012,Jessica,Martinez,Jessica Martinez,44,Sales,Lead,San Francisco,67255.74,11329.48,2024-08-04,20,83.7,jessica.martinez@company.com,(817) 927-9071,Active
EMP028013,Amanda,Thomas,Amanda Thomas,45,HR,Associate,Chicago,86306.51,5977.88,2021-08-03,18,94.5,amanda.thomas@company.com,(282) 731-9843,Active
EMP028014,Robert,Johnson,Robert Johnson,33,Engineering,Analyst,Austin,76713.52,4141.06,2024-12-19,9,88.2,robert.johnson@company.com,(868) 754-2582,Active
EMP028015,Daniel,Johnson,Daniel Johnson,63,Finance,Director,Austin,118064.75,17589.83,2021-10-18,37,73.0,daniel.johnson@company.com,(626) 353-2540,Active
EMP028016,Christopher,Thomas,Christopher Thomas,35,Sales,Manager,Miami,47278.76,5389.4,2020-08-15,12,76.3,christopher.thomas@company.com,(787) 330-4054,Active
EMP028017,Robert,Lopez,Robert Lopez,61,Operations,Specialist,San Francisco,64825.0,2174.46,2021-07-02,35,67.7,robert.lopez@company.com,(275) 569-1098,Active
EMP028018,Robert,Thomas,Robert Thomas,24,Legal,Senior Developer,San Francisco,70685.65,0.0,2021-09-07,0,80.7,robert.thomas@company.com,(600) 538-3057,Inactive
EMP028019,William,Martinez,William Martinez,59,Sales,Associate,Seattle,66468.65,2837.74,2024-08-08,34,100.0,william.martinez@company.com,(879) 951-7392,Active
EMP028020,William,Lopez,William Lopez,40,Marketing,Analyst,Seattle,90834.9,9896.5,2021-06-13,18,78.6,william.lopez@company.com,(561) 962-1267,Active
EMP028021,Amanda,Miller,Amanda Miller,57,HR,Analyst,Boston,86840.35,4552.07,2024-05-29,34,98.5,amanda.miller@company.com,(790) 593-3916,Active
EMP028022,Matthew,Taylor,Matthew Taylor,46,Engineering,Specialist,San Francisco,112194.47,13344.43,2021-06-29,18,76.3,matthew.taylor@company.com,(657) 256-9437,Active
EMP028023,Nicole,Smith,Nicole Smith,29,Finance,Analyst,Austin,42665.02,4219.96,2020-10-14,6,56.7,nicole.smith@company.com,(982) 776-7957,Inactive
EMP028024,John,Hernandez,John Hernandez,42,IT,Senior Developer,Austin,118252.54,13373.09,2021-10-19,15,81.4,john.hernandez@company.com,(432) 378-9802,Active
EMP028025,Sarah,Thomas,Sarah Thomas,26,Marketing,Analyst,Miami,63319.83,8891.57,2021-09-26,3,52.8,sarah.thomas@company.com,(722) 340-7897,Active
EMP028026,Amanda,Moore,Amanda Moore,46,Engineering,Specialist,San Francisco,83088.24,4541.09,2023-06-12,17,49.7,amanda.moore@company.com,(743) 844-7790,On Leave
EMP028027,Anthony,Hernandez,Anthony Hernandez,30,Operations,Lead,New York,48830.07,3005.59,2022-11-27,8,93.6,anthony.hernandez@company.com,(941) 263-2911,Active
EMP028028,James,Gonzalez,James Gonzalez,22,Finance,Manager,Seattle,82703.44,10239.25,2024-01-20,0,93.2,james.gonzalez@company.com,(212) 982-3212,Active
EMP028029,James,Taylor,James Taylor,44,Legal,Director,Seattle,61344.99,10304.69,2021-08-04,22,53.1,james.taylor@company.com,(854) 724-8011,Active
EMP028030,Nicole,Rodriguez,Nicole Rodriguez,29,HR,Lead,Austin,47009.6,5186.77,2023-03-31,3,77.8,nicole.rodriguez@company.com,(257) 594-6203,Active
EMP028031,Stephanie,Martinez,Stephanie Martinez,36,Finance,Associate,Boston,68601.43,7699.92,2022-08-14,8,71.9,stephanie.martinez@company.com,(840) 531-9892,Active
EMP028032,Jessica,Jones,Jessica Jones,25,Legal,Analyst,New York,69501.42,10120.07,2021-09-29,0,82.6,jessica.jones@company.com,(481) 688-1174,Active
EMP028033,Lisa,Gonzalez,Lisa Gonzalez,60,Operations,Senior Developer,Austin,91656.79,5208.61,2020-02-24,33,93.7,lisa.gonzalez@company.com,(406) 988-5863,Active
EMP028034,Jessica,Wilson,Jessica Wilson,49,Legal,Director,Miami,78629.65,10657.01,2022-07-22,25,78.4,jessica.wilson@company.com,(525) 363-3319,Active
EMP028035,Lisa,Martin,Lisa Martin,30,Marketing,Coordinator,Los Angeles,75967.56,3711.57,2023-03-18,5,41.8,lisa.martin@company.com,(483) 985-7803,Active
EMP028036,David,Williams,David Williams,40,Operations,Analyst,New York,71822.98,6088.49,2024-07-28,14,77.0,david.williams@company.com,(671) 640-1916,Active
EMP028037,Daniel,Brown,Daniel Brown,52,Operations,Senior Developer,San Francisco,78899.82,3867.68,2024-12-02,24,85.9,daniel.brown@company.com,(591) 547-6202,Active
EMP028038,John,Rodriguez,John Rodriguez,35,Legal,Senior Developer,Miami,93580.02,14038.98,2020-12-02,13,78.2,john.rodriguez@company.com,(643) 492-2495,Inactive
EMP028039,Daniel,Miller,Daniel Miller,52,Legal,Analyst,Austin,127512.86,13569.53,2021-05-02,28,76.0,daniel.miller@company.com,(364) 786-4601,On Leave
EMP028040,Melissa,Rodriguez,Melissa Rodriguez,63,IT,Senior Developer,Seattle,132014.83,19816.87,2024-11-01,41,51.1,melissa.rodriguez@company.com,(772) 397-7962,Active
EMP028041,Jane,Johnson,Jane Johnson,28,Marketing,Lead,San Francisco,45723.9,7109.8,2023-09-20,3,67.1,jane.johnson@company.com,(679) 259-7916,Active
EMP028042,Daniel,Taylor,Daniel Taylor,23,IT,Manager,New York,87799.1,15375.46,2022-06-16,0,86.3,daniel.taylor@company.com,(724) 828-9431,Active
EMP028043,Sarah,Brown,Sarah Brown,50,HR,Director,Boston,78055.85,7562.09,2024-06-17,23,92.5,sarah.brown@company.com,(763) 498-1984,Active
EMP028044,John,Jackson,John Jackson,59,Marketing,Director,San Francisco,78420.81,14745.8,2024-06-27,33,66.2,john.jackson@company.com,(501) 597-8962,Active
EMP028045,Melissa,Jackson,Melissa Jackson,30,Engineering,Coordinator,Austin,48919.37,1779.57,2020-11-29,5,68.5,melissa.jackson@company.com,(338) 402-8704,On Leave
EMP028046,Nicole,Brown,Nicole Brown,26,Marketing,Manager,Chicago,64552.69,12638.26,2023-12-01,1,75.5,nicole.brown@company.com,(502) 524-2416,Inactive
EMP028047,Daniel,Jones,Daniel Jones,43,Engineering,Senior Developer,New York,82174.47,11341.2,2023-08-24,20,75.3,daniel.jones@company.com,(931) 511-4559,On Leave
EMP028048,Emily,Anderson,Emily Anderson,31,IT,Analyst,San Francisco,57596.76,6367.66,2022-07-26,9,70.7,emily.anderson@company.com,(885) 281-3675,Inactive
EMP028049,Melissa,Taylor,Melissa Taylor,55,Operations,Associate,Seattle,73321.38,5669.72,2021-07-02,32,77.0,melissa.taylor@company.com,(493) 465-7094,Active
EMP028050,Jessica,Johnson,Jessica Johnson,61,Legal,Director,Los Angeles,91466.14,16613.25,2022-12-02,32,46.2,jessica.johnson@company.com,(690) 837-4114,Active
EMP028051,James,Williams,James Williams,22,Engineering,Coordinator,Chicago,47771.16,2225.86,2023-01-18,0,84.4,james.williams@company.com,(234) 853-5315,Active
EMP028052,Michael,Johnson,Michael Johnson,56,Engineering,Analyst,Boston,125078.94,8958.35,2020-01-19,34,68.4,michael.johnson@company.com,(779) 282-7621,Active
EMP028053,Melissa,Gonzalez,Melissa Gonzalez,49,Marketing,Specialist,New York,75275.41,8173.28,2024-01-22,25,76.5,melissa.gonzalez@company.com,(456) 349-4287,Inactive
EMP028054,William,Johnson,William Johnson,39,HR,Associate,Seattle,70238.9,7470.04,2021-06-05,11,90.2,william.johnson@company.com,(778) 811-2035,Active
EMP028055,Jane,Lopez,Jane Lopez,27,Finance,Director,Los Angeles,93460.31,17694.84,2020-10-16,0,58.4,jane.lopez@company.com,(811) 915-9124,Active
EMP028056,Matthew,Lopez,Matthew Lopez,30,IT,Associate,Austin,71509.85,5004.53,2021-05-18,1,72.5,matthew.lopez@company.com,(595) 292-9509,Active
EMP028057,Sarah,Jackson,Sarah Jackson,52,IT,Lead,Chicago,95373.03,14034.06,2022-08-21,24,100.0,sarah.jackson@company.com,(724) 659-2930,Active
EMP028058,Christopher,Jones,Christopher Jones,56,Legal,Lead,Austin,126340.62,16056.17,2020-09-11,29,58.3,christopher.jones@company.com,(742) 704-8142,Active
EMP028059,Jessica,Martin,Jessica Martin,36,Legal,Specialist,San Francisco,81170.37,5225.27,2023-10-05,11,74.7,jessica.martin@company.com,(349) 534-9099,Active
EMP028060,Sarah,Thomas,Sarah Thomas,25,Marketing,Analyst,San Francisco,69646.32,8782.68,2023-01-05,0,69.0,sarah.thomas@company.com,(981) 773-6380,Inactive
EMP028061,Sarah,Garcia,Sarah Garcia,65,Engineering,Director,New York,79539.37,6325.6,2021-08-04,38,86.9,sarah.garcia@company.com,(342) 321-8688,Inactive
EMP028062,Stephanie,Jones,Stephanie Jones,62,Finance,Manager,Los Angeles,93604.48,13842.7,2021-10-11,36,45.7,stephanie.jones@company.com,(500) 772-6824,Active
EMP028063,James,Jackson,James Jackson,55,Legal,Manager,Austin,154519.31,19026.44,2023-08-23,32,70.1,james.jackson@company.com,(839) 820-1717,Active
EMP028064,Melissa,Davis,Melissa Davis,27,Legal,Director,Miami,85659.3,9765.29,2021-06-08,5,66.8,melissa.davis@company.com,(993) 647-1348,Inactive
EMP028065,Amanda,Lopez,Amanda Lopez,49,Sales,Analyst,Chicago,66058.26,2888.69,2020-02-20,27,91.3,amanda.lopez@company.com,(340) 862-3090,Inactive
EMP028066,Daniel,Thomas,Daniel Thomas,32,IT,Associate,New York,83085.15,16331.82,2024-09-10,4,64.1,daniel.thomas@company.com,(369) 685-8597,Active
EMP028067,Nicole,Jackson,Nicole Jackson,54,Legal,Coordinator,Los Angeles,123620.96,13418.47,2024-11-05,29,64.8,nicole.jackson@company.com,(743) 260-9660,Active
EMP028068,Michael,Jackson,Michael Jackson,57,Engineering,Director,Chicago,102272.14,10554.13,2020-11-10,28,93.2,michael.jackson@company.com,(598) 913-5409,Inactive
EMP028069,Christopher,Williams,Christopher Williams,29,Finance,Coordinator,San Francisco,70705.64,7410.6,2023-06-26,5,84.7,christopher.williams@company.com,(973) 342-2733,Inactive
EMP028070,Michael,Moore,Michael Moore,65,Engineering,Director,Chicago,121821.39,16304.27,2022-11-04,42,90.0,michael.moore@company.com,(849) 745-9577,Active
EMP028071,Anthony,Martinez,Anthony Martinez,30,Marketing,Senior Developer,Chicago,72136.08,8744.58,2022-12-29,4,94.6,anthony.martinez@company.com,(538) 288-3631,Active
EMP028072,David,Brown,David Brown,45,IT,Coordinator,Austin,43529.69,39.2,2022-06-01,23,92.8,david.brown@company.com,(814) 460-3873,Active
EMP028073,Emily,Jackson,Emily Jackson,24,HR,Analyst,San Francisco,44814.81,5298.27,2020-06-03,0,62.3,emily.jackson@company.com,(232) 952-3864,On Leave
EMP028074,Emily,Smith,Emily Smith,36,Marketing,Manager,Los Angeles,58629.41,6715.5,2022-12-19,11,77.5,emily.smith@company.com,(223) 912-9524,Active
EMP028075,Jane,Hernandez,Jane Hernandez,53,Legal,Coordinator,New York,125991.87,32989.52,2020-11-14,29,49.7,jane.hernandez@company.com,(209) 910-3457,Inactive
EMP028076,John,Moore,John Moore,34,Finance,Manager,Seattle,82193.06,10891.61,2020-10-02,11,71.7,john.moore@company.com,(327) 967-3424,Active
EMP028077,Melissa,Moore,Melissa Moore,53,HR,Analyst,New York,56101.87,5185.55,2020-05-25,27,63.8,melissa.moore@company.com,(781) 226-1730,Active
EMP028078,Sarah,Davis,Sarah Davis,46,Marketing,Senior Developer,Austin,62854.69,5694.09,2022-08-01,21,92.5,sarah.davis@company.com,(791) 757-2593,Inactive
EMP028079,Lisa,Jackson,Lisa Jackson,45,Sales,Analyst,Los Angeles,96686.07,14428.36,2023-01-09,22,77.1,lisa.jackson@company.com,(734) 408-2598,Active
EMP028080,Nicole,Gonzalez,Nicole Gonzalez,48,Legal,Director,Los Angeles,73727.74,11490.01,2022-07-17,20,90.6,nicole.gonzalez@company.com,(503) 998-2838,Active
EMP028081,James,Jackson,James Jackson,30,HR,Associate,Boston,67776.45,8481.32,2021-04-18,1,81.4,james.jackson@company.com,(570) 581-7117,Active
EMP028082,Stephanie,Martinez,Stephanie Martinez,35,Marketing,Director,Boston,39217.94,2866.3,2022-04-12,9,83.5,stephanie.martinez@company.com,(457) 922-5898,Inactive
EMP028083,David,Jackson,David Jackson,26,Finance,Specialist,Austin,71493.88,5771.23,2022-07-23,4,58.9,david.jackson@company.com,(827) 853-7095,Active
EMP028084,Nicole,Lopez,Nicole Lopez,28,IT,Lead,Chicago,84922.48,7281.3,2023-03-13,0,58.7,nicole.lopez@company.com,(545) 912-1246,Inactive
EMP028085,Stephanie,Martin,Stephanie Martin,40,Finance,Manager,Los Angeles,95586.82,17927.92,2022-12-23,17,83.6,stephanie.martin@company.com,(766) 533-9343,Active
EMP028086,Robert,Williams,Robert Williams,64,Engineering,Specialist,Seattle,109055.15,14627.01,2024-04-15,36,63.6,robert.williams@company.com,(466) 255-2075,Active
EMP028087,Lisa,Miller,Lisa Miller,53,IT,Director,San Francisco,102309.49,6524.06,2024-07-25,24,81.9,lisa.miller@company.com,(312) 414-6294,Active
EMP028088,Nicole,Lopez,Nicole Lopez,37,Legal,Manager,Austin,85548.48,10919.55,2022-11-14,15,91.0,nicole.lopez@company.com,(963) 294-2236,Active
EMP028089,John,Davis,John Davis,35,Marketing,Specialist,Chicago,77460.66,9273.73,2023-03-31,12,73.9,john.davis@company.com,(634) 941-7414,Active
EMP028090,William,Jackson,William Jackson,35,Engineering,Lead,Boston,109990.59,11954.34,2023-02-19,8,54.3,william.jackson@company.com,(286) 316-8832,Active
EMP028091,Emily,Lopez,Emily Lopez,34,Engineering,Manager,San Francisco,89612.5,10826.23,2024-02-15,7,69.5,emily.lopez@company.com,(619) 443-7727,Inactive
EMP028092,Daniel,Lopez,Daniel Lopez,24,Marketing,Lead,New York,48777.19,7656.63,2022-06-23,0,74.9,daniel.lopez@company.com,(952) 332-9865,Active
EMP028093,Jane,Brown,Jane Brown,48,Engineering,Manager,Boston,121175.71,7104.73,2022-02-23,19,98.7,jane.brown@company.com,(712) 304-8563,Active
EMP028094,Anthony,Smith,Anthony Smith,24,Engineering,Associate,Seattle,102617.99,10163.96,2024-08-11,1,85.4,anthony.smith@company.com,(222) 787-5935,Active
EMP028095,Nicole,Martin,Nicole Martin,23,Finance,Director,Austin,79316.72,4196.92,2024-03-24,1,57.4,nicole.martin@company.com,(579) 734-1738,Active
EMP028096,Robert,Moore,Robert Moore,29,IT,Coordinator,San Francisco,81636.98,4770.29,2021-06-13,3,86.6,robert.moore@company.com,(607) 896-6013,Active
EMP028097,John,Lopez,John Lopez,36,Marketing,Coordinator,Chicago,51338.11,2544.57,2024-01-02,7,72.4,john.lopez@company.com,(608) 273-8432,Inactive
EMP028098,Melissa,Smith,Melissa Smith,34,Operations,Associate,Chicago,76739.68,5388.55,2021-07-22,6,75.3,melissa.smith@company.com,(366) 866-9196,Active
EMP028099,Melissa,Williams,Melissa Williams,55,Finance,Lead,New York,93265.52,15265.16,2024-06-12,31,86.9,melissa.williams@company.com,(675) 219-1254,Active
EMP028100,Matthew,Martinez,Matthew Martinez,26,HR,Senior Developer,Los Angeles,83921.14,9889.8,2023-07-22,0,56.5,matthew.martinez@company.com,(656) 816-9629,Active
EMP028101,William,Hernandez,William Hernandez,35,Finance,Lead,New York,83940.58,4744.82,2021-08-21,13,71.5,william.hernandez@company.com,(757) 557-9677,Active
EMP028102,Jane,Taylor,Jane Taylor,36,Finance,Analyst,Miami,83145.98,9995.7,2023-03-20,7,91.0,jane.taylor@company.com,(611) 658-7022,On Leave
EMP028103,Jessica,Smith,Jessica Smith,59,Sales,Coordinator,Chicago,84620.48,3599.48,2020-02-05,36,60.2,jessica.smith@company.com,(942) 950-9996,Active
EMP028104,James,Davis,James Davis,23,Legal,Associate,Miami,84427.13,5026.4,2022-08-06,0,79.8,james.davis@company.com,(730) 226-1352,On Leave
EMP028105,Jessica,Thomas,Jessica Thomas,28,Legal,Lead,Miami,53710.72,9045.7,2020-11-19,1,78.0,jessica.thomas@company.com,(271) 367-5771,Active
EMP028106,Ashley,Wilson,Ashley Wilson,32,Marketing,Lead,San Francisco,46440.7,245.2,2024-06-07,7,58.6,ashley.wilson@company.com,(933) 428-1164,Active
EMP028107,John,Martinez,John Martinez,44,IT,Lead,Los Angeles,78643.79,821.86,2023-12-09,22,78.9,john.martinez@company.com,(571) 237-4996,Active
EMP028108,Lisa,Johnson,Lisa Johnson,46,HR,Associate,Miami,73758.57,5351.74,2021-02-28,19,78.5,lisa.johnson@company.com,(861) 303-7178,Active
EMP028109,Sarah,Martin,Sarah Martin,25,Engineering,Senior Developer,Miami,64631.19,6062.68,2021-03-10,0,61.7,sarah.martin@company.com,(594) 406-7933,Active
EMP028110,Daniel,Lopez,Daniel Lopez,39,Sales,Analyst,Seattle,42039.42,3571.48,2023-07-28,16,69.4,daniel.lopez@company.com,(984) 821-4037,Active
EMP028111,Christopher,Smith,Christopher Smith,52,Operations,Director,Seattle,71780.94,9444.81,2024-04-02,30,92.8,christopher.smith@company.com,(298) 855-6001,Active
EMP028112,Christopher,Thomas,Christopher Thomas,23,Finance,Senior Developer,San Francisco,38872.15,1466.11,2020-08-17,0,82.1,christopher.thomas@company.com,(218) 657-2239,Active
EMP028113,Sarah,Smith,Sarah Smith,61,Engineering,Lead,Los Angeles,95143.52,8434.76,2021-03-19,35,65.9,sarah.smith@company.com,(244) 314-8409,Active
EMP028114,Matthew,Hernandez,Matthew Hernandez,25,Operations,Specialist,Boston,52631.46,9244.73,2021-12-30,0,89.0,matthew.hernandez@company.com,(970) 329-6727,Inactive
EMP028115,Nicole,Miller,Nicole Miller,37,IT,Associate,Chicago,96437.5,5109.74,2021-11-25,12,34.6,nicole.miller@company.com,(771) 288-4914,Active
EMP028116,David,Rodriguez,David Rodriguez,36,Finance,Analyst,New York,62884.22,5377.51,2022-02-12,8,73.3,david.rodriguez@company.com,(226) 909-7889,Active
EMP028117,Daniel,Martinez,Daniel Martinez,25,Finance,Specialist,San Francisco,74699.52,7145.34,2024-10-03,0,68.0,daniel.martinez@company.com,(686) 946-4270,Active
EMP028118,Jessica,Miller,Jessica Miller,36,HR,Associate,Seattle,48920.34,6067.21,2020-07-03,10,83.7,jessica.miller@company.com,(896) 886-7552,Active
EMP028119,Robert,Thomas,Robert Thomas,57,Marketing,Coordinator,Seattle,85933.69,6537.63,2022-05-30,31,68.6,robert.thomas@company.com,(905) 307-5637,Active
EMP028120,Robert,Rodriguez,Robert Rodriguez,51,IT,Manager,Miami,110054.36,23881.92,2024-08-09,28,69.9,robert.rodriguez@company.com,(902) 392-6388,Active
EMP028121,Nicole,Hernandez,Nicole Hernandez,43,Sales,Coordinator,Chicago,66964.33,10961.6,2021-01-06,16,84.3,nicole.hernandez@company.com,(518) 206-3282,Active
EMP028122,Anthony,Johnson,Anthony Johnson,47,HR,Lead,San Francisco,80798.77,10313.8,2024-04-16,25,61.5,anthony.johnson@company.com,(384) 369-4681,On Leave
EMP028123,Ashley,Gonzalez,Ashley Gonzalez,32,Engineering,Associate,Miami,70883.86,3177.94,2020-01-02,4,77.6,ashley.gonzalez@company.com,(825) 380-8898,Active
EMP028124,Emily,Wilson,Emily Wilson,28,Engineering,Associate,Los Angeles,69727.42,5097.01,2023-12-18,4,69.4,emily.wilson@company.com,(482) 760-2340,Active
EMP028125,Daniel,Lopez,Daniel Lopez,61,Operations,Specialist,Chicago,73412.39,11417.45,2024-05-08,38,73.0,daniel.lopez@company.com,(775) 933-1422,Inactive
EMP028126,Jane,Lopez,Jane Lopez,57,Operations,Director,Chicago,68607.38,10459.71,2020-03-31,33,49.6,jane.lopez@company.com,(380) 789-9418,Active
EMP028127,Nicole,Wilson,Nicole Wilson,39,Operations,Manager,Austin,59626.18,11877.4,2021-09-07,11,74.2,nicole.wilson@company.com,(410) 375-7915,Active
EMP028128,Christopher,Moore,Christopher Moore,60,HR,Senior Developer,Seattle,77199.29,9821.79,2022-02-17,36,87.9,christopher.moore@company.com,(810) 232-4214,Active
EMP028129,Christopher,Davis,Christopher Davis,61,Sales,Senior Developer,Austin,90515.91,11373.16,2023-09-07,36,96.3,christopher.davis@company.com,(470) 391-5617,Active
EMP028130,Sarah,Garcia,Sarah Garcia,35,Finance,Manager,Chicago,83823.61,5448.17,2024-12-29,9,63.6,sarah.garcia@company.com,(967) 474-2547,Inactive
EMP028131,Lisa,Williams,Lisa Williams,48,HR,Coordinator,Chicago,72543.2,8413.93,2023-10-25,25,58.6,lisa.williams@company.com,(290) 465-2673,Active
EMP028132,David,Martin,David Martin,60,Legal,Coordinator,Austin,112980.58,0.0,2022-03-14,35,63.0,david.martin@company.com,(600) 983-7368,Active
EMP028133,Nicole,Garcia,Nicole Garcia,35,Sales,Specialist,San Francisco,75623.89,10887.5,2020-08-07,10,60.9,nicole.garcia@company.com,(643) 529-1350,Active
EMP028134,John,Taylor,John Taylor,32,Legal,Coordinator,Chicago,87634.57,7959.61,2021-11-17,5,71.8,john.taylor@company.com,(500) 966-9448,Active
EMP028135,Emily,Jackson,Emily Jackson,63,Sales,Manager,San Francisco,107394.9,8773.13,2024-02-26,40,93.5,emily.jackson@company.com,(839) 872-9703,Active
EMP028136,John,Miller,John Miller,59,Marketing,Senior Developer,Boston,64542.67,7428.92,2021-01-31,35,57.1,john.miller@company.com,(536) 726-9579,Active
EMP028137,William,Rodriguez,William Rodriguez,46,Sales,Associate,Los Angeles,77845.56,9589.73,2023-02-02,21,78.9,william.rodriguez@company.com,(500) 224-6391,Active
EMP028138,Jane,Brown,Jane Brown,44,Operations,Lead,Chicago,66054.0,2766.98,2024-06-16,22,65.4,jane.brown@company.com,(752) 488-8754,On Leave
EMP028139,Anthony,Thomas,Anthony Thomas,63,Legal,Analyst,Chicago,78505.64,1675.22,2023-04-04,38,61.9,anthony.thomas@company.com,(531) 617-7372,Active
EMP028140,Jane,Jackson,Jane Jackson,57,Marketing,Associate,Chicago,83936.18,12848.92,2023-01-10,33,76.3,jane.jackson@company.com,(534) 854-4064,Active
EMP028141,Michael,Smith,Michael Smith,62,Legal,Manager,Boston,108726.73,3438.89,2021-06-15,35,93.5,michael.smith@company.com,(813) 385-2789,Active
EMP028142,Jane,Gonzalez,Jane Gonzalez,37,IT,Lead,Miami,73132.8,3630.94,2021-12-29,13,84.9,jane.gonzalez@company.com,(219) 307-7755,Inactive
EMP028143,Christopher,Martinez,Christopher Martinez,50,Sales,Coordinator,Austin,76405.29,3587.6,2023-02-06,21,60.5,christopher.martinez@company.com,(288) 482-8434,Active
EMP028144,David,Martin,David Martin,30,HR,Associate,San Francisco,48658.88,5542.8,2020-10-09,2,71.7,david.martin@company.com,(289) 730-6706,Active
EMP028145,Lisa,Brown,Lisa Brown,38,HR,Specialist,Seattle,63956.78,3784.62,2023-10-31,15,92.9,lisa.brown@company.com,(823) 806-8178,Active
EMP028146,Nicole,Johnson,Nicole Johnson,27,Legal,Analyst,New York,54281.44,2761.86,2024-02-03,0,70.9,nicole.johnson@company.com,(829) 962-6222,Active
EMP028147,Sarah,Gonzalez,Sarah Gonzalez,54,Finance,Lead,Boston,87042.84,10566.62,2020-03-08,29,66.1,sarah.gonzalez@company.com,(584) 998-7963,Active
EMP028148,Stephanie,Jackson,Stephanie Jackson,27,HR,Analyst,Seattle,41152.75,3218.61,2021-09-17,4,59.3,stephanie.jackson@company.com,(490) 538-7115,Active
EMP028149,Melissa,Brown,Melissa Brown,61,Engineering,Analyst,Miami,113734.71,15267.26,2024-11-27,35,52.5,melissa.brown@company.com,(514) 251-2087,Active
EMP028150,James,Thomas,James Thomas,48,IT,Senior Developer,New York,78505.41,6498.58,2020-11-26,20,57.5,james.thomas@company.com,(743) 433-6322,Active
EMP028151,Matthew,Brown,Matthew Brown,30,Marketing,Lead,Austin,41311.34,1187.14,2021-05-06,5,55.7,matthew.brown@company.com,(865) 678-2190,Active
EMP028152,Robert,Johnson,Robert Johnson,45,Engineering,Coordinator,Seattle,84742.28,1267.77,2020-09-14,19,49.9,robert.johnson@company.com,(217) 350-9996,Active
EMP028153,Nicole,Jones,Nicole Jones,61,Sales,Lead,Seattle,64544.01,6524.81,2021-01-06,32,90.9,nicole.jones@company.com,(243) 407-6093,Active
EMP028154,Emily,Martin,Emily Martin,50,IT,Manager,Miami,103639.82,6862.98,2024-09-23,21,79.6,emily.martin@company.com,(372) 662-9533,On Leave
EMP028155,Ashley,Anderson,Ashley Anderson,22,Operations,Specialist,Austin,58777.8,2587.99,2022-10-31,0,72.5,ashley.anderson@company.com,(795) 744-6630,Active
EMP028156,Ashley,Martin,Ashley Martin,48,Marketing,Analyst,Miami,67007.81,4686.58,2022-08-29,21,69.8,ashley.martin@company.com,(742) 607-8147,Active
EMP028157,Matthew,Gonzalez,Matthew Gonzalez,22,HR,Director,Austin,61648.99,6151.57,2021-08-21,0,76.4,matthew.gonzalez@company.com,(391) 267-9161,Active
EMP028158,Lisa,Moore,Lisa Moore,63,Operations,Analyst,San Francisco,60932.3,3090.39,2024-09-07,41,85.0,lisa.moore@company.com,(960) 387-6386,Active
EMP028159,Robert,Wilson,Robert Wilson,40,Legal,Director,Seattle,82322.16,3601.77,2022-03-15,14,100.0,robert.wilson@company.com,(983) 543-7559,Active
EMP028160,Anthony,Martin,Anthony Martin,51,Finance,Lead,Seattle,87698.33,11730.54,2024-12-14,25,76.0,anthony.martin@company.com,(318) 895-4892,Active
EMP028161,James,Rodriguez,James Rodriguez,34,Legal,Senior Developer,Chicago,96567.46,9388.84,2020-11-01,8,78.2,james.rodriguez@company.com,(909) 781-5071,Inactive
EMP028162,Stephanie,Miller,Stephanie Miller,57,Engineering,Analyst,San Francisco,122551.41,8557.85,2022-08-03,34,73.0,stephanie.miller@company.com,(714) 780-1411,Active
EMP028163,Christopher,Rodriguez,Christopher Rodriguez,64,Marketing,Lead,Austin,97262.46,12425.26,2024-07-17,40,64.4,christopher.rodriguez@company.com,(988) 305-3365,Inactive
EMP028164,John,Jackson,John Jackson,28,Engineering,Analyst,New York,119571.11,4855.53,2024-01-12,5,71.2,john.jackson@company.com,(935) 787-7610,Active
EMP028165,Christopher,Williams,Christopher Williams,50,Operations,Analyst,Chicago,57065.28,5849.32,2022-02-28,21,50.7,christopher.williams@company.com,(849) 251-6079,Active
EMP028166,Matthew,Davis,Matthew Davis,65,Marketing,Director,Chicago,85222.8,8213.84,2020-11-17,39,79.5,matthew.davis@company.com,(905) 785-2901,Active
EMP028167,Lisa,Jackson,Lisa Jackson,41,Marketing,Associate,Austin,100099.5,6834.41,2020-05-30,18,100.0,lisa.jackson@company.com,(776) 866-6874,Active
EMP028168,John,Hernandez,John Hernandez,34,IT,Coordinator,San Francisco,86848.31,10259.57,2022-10-07,10,83.6,john.hernandez@company.com,(752) 581-1340,Active
EMP028169,Daniel,Lopez,Daniel Lopez,27,Sales,Associate,Austin,87574.25,2208.61,2021-08-28,1,76.5,daniel.lopez@company.com,(306) 768-5328,Active
EMP028170,John,Miller,John Miller,33,Operations,Coordinator,Miami,52097.54,2092.52,2023-08-10,11,88.4,john.miller@company.com,(285) 511-2970,Inactive
EMP028171,Matthew,Taylor,Matthew Taylor,49,IT,Senior Developer,Miami,110152.0,11078.11,2023-07-30,24,95.4,matthew.taylor@company.com,(748) 334-7398,Active
EMP028172,James,Lopez,James Lopez,43,Finance,Analyst,San Francisco,76977.87,9567.9,2024-03-17,20,62.7,james.lopez@company.com,(931) 312-6981,Inactive
EMP028173,Sarah,Lopez,Sarah Lopez,40,Operations,Manager,New York,42679.11,3617.19,2023-09-08,17,69.5,sarah.lopez@company.com,(588) 959-5140,On Leave
EMP028174,David,Johnson,David Johnson,53,Finance,Lead,Chicago,101425.51,8942.94,2022-07-13,24,73.8,david.johnson@company.com,(206) 335-2537,Inactive
EMP028175,Melissa,Miller,Melissa Miller,44,Marketing,Coordinator,Miami,69499.27,6416.98,2024-11-11,20,90.5,melissa.miller@company.com,(828) 827-7680,Active
EMP028176,David,Taylor,David Taylor,55,HR,Manager,New York,73765.29,0.0,2024-06-12,31,66.8,david.taylor@company.com,(516) 773-2452,On Leave
EMP028177,James,Jones,James Jones,50,Finance,Specialist,Miami,72457.88,12515.55,2023-08-22,24,78.8,james.jones@company.com,(206) 772-6926,Active
EMP028178,John,Hernandez,John Hernandez,63,Sales,Manager,Austin,99184.35,12484.57,2023-04-16,39,67.7,john.hernandez@company.com,(385) 515-3385,On Leave
EMP028179,Michael,Smith,Michael Smith,33,Legal,Coordinator,San Francisco,80369.78,5912.39,2023-05-09,9,91.4,michael.smith@company.com,(955) 409-5372,Active
EMP028180,John,Anderson,John Anderson,32,Sales,Senior Developer,New York,57698.66,8207.32,2021-03-17,5,76.2,john.anderson@company.com,(889) 316-6196,Active
EMP028181,Ashley,Williams,Ashley Williams,24,HR,Lead,Los Angeles,67084.19,6548.77,2021-10-16,0,41.3,ashley.williams@company.com,(586) 641-8119,Active
EMP028182,Sarah,Johnson,Sarah Johnson,52,Marketing,Specialist,Chicago,89530.2,8694.34,2023-11-14,28,92.5,sarah.johnson@company.com,(684) 512-8485,Active
EMP028183,Amanda,Jackson,Amanda Jackson,30,Operations,Analyst,New York,53161.3,3126.27,2022-08-01,5,90.3,amanda.jackson@company.com,(892) 659-3598,Active
EMP028184,Jessica,Moore,Jessica Moore,63,Legal,Lead,Chicago,129368.56,11714.32,2023-07-23,35,72.3,jessica.moore@company.com,(870) 722-6864,Inactive
EMP028185,Jessica,Wilson,Jessica Wilson,63,Legal,Coordinator,Austin,103013.64,8337.83,2020-09-15,37,53.3,jessica.wilson@company.com,(539) 518-4580,Active
EMP028186,Lisa,Martin,Lisa Martin,31,Legal,Director,Los Angeles,79925.34,3501.17,2020-05-25,5,71.9,lisa.martin@company.com,(683) 578-6425,Active
EMP028187,William,Lopez,William Lopez,38,Engineering,Coordinator,Austin,99448.61,10214.98,2022-07-23,16,51.6,william.lopez@company.com,(860) 742-6491,Active
EMP028188,Matthew,Lopez,Matthew Lopez,54,Finance,Lead,Seattle,118964.91,189.85,2022-07-22,30,68.3,matthew.lopez@company.com,(775) 865-4233,On Leave
EMP028189,Matthew,Lopez,Matthew Lopez,26,Operations,Specialist,Austin,48326.78,4802.25,2021-06-21,1,81.0,matthew.lopez@company.com,(674) 933-1431,Active
EMP028190,Ashley,Gonzalez,Ashley Gonzalez,54,Sales,Associate,Boston,103677.79,23843.54,2024-05-26,26,77.1,ashley.gonzalez@company.com,(545) 360-5361,Active
EMP028191,Daniel,Jones,Daniel Jones,60,Finance,Director,Boston,113199.06,18484.33,2020-04-02,32,76.8,daniel.jones@company.com,(481) 579-5459,Active
EMP028192,James,Rodriguez,James Rodriguez,61,Engineering,Specialist,Los Angeles,104566.37,7285.72,2020-08-26,35,83.0,james.rodriguez@company.com,(485) 671-5034,Inactive
EMP028193,William,Wilson,William Wilson,47,Finance,Lead,Chicago,98778.95,7716.61,2020-03-11,19,90.5,william.wilson@company.com,(792) 680-1555,Active
EMP028194,Anthony,Martinez,Anthony Martinez,31,Finance,Coordinator,Austin,55968.49,7982.0,2020-05-16,8,53.3,anthony.martinez@company.com,(964) 539-1623,Active
EMP028195,Jane,Smith,Jane Smith,32,HR,Lead,Boston,68817.89,7362.89,2020-05-17,5,93.1,jane.smith@company.com,(283) 303-9726,Active
EMP028196,Ashley,Garcia,Ashley Garcia,47,Legal,Specialist,Austin,98897.2,14321.1,2024-12-20,25,77.1,ashley.garcia@company.com,(836) 830-2039,Active
EMP028197,Melissa,Brown,Melissa Brown,46,Operations,Associate,Seattle,73653.48,5801.48,2021-07-13,19,90.8,melissa.brown@company.com,(385) 442-9926,Inactive
EMP028198,John,Miller,John Miller,26,Marketing,Coordinator,Seattle,39199.44,2154.28,2024-04-22,0,68.0,john.miller@company.com,(561) 222-9575,Active
EMP028199,Daniel,Wilson,Daniel Wilson,58,Legal,Director,Seattle,89599.06,8508.25,2020-06-25,35,65.0,daniel.wilson@company.com,(364) 290-3537,Active
EMP028200,Daniel,Lopez,Daniel Lopez,29,Legal,Analyst,San Francisco,71257.32,5163.77,2022-11-14,5,95.5,daniel.lopez@company.com,(933) 224-9032,Active
EMP028201,Lisa,Garcia,Lisa Garcia,55,Legal,Manager,Chicago,87125.42,11343.54,2023-08-16,32,100.0,lisa.garcia@company.com,(308) 558-1939,Active
EMP028202,Anthony,Rodriguez,Anthony Rodriguez,28,Finance,Specialist,San Francisco,63720.9,9777.23,2020-03-13,2,81.6,anthony.rodriguez@company.com,(469) 443-3984,Active
EMP028203,Jessica,Thomas,Jessica Thomas,60,IT,Lead,Miami,120820.76,9122.12,2020-05-08,33,86.9,jessica.thomas@company.com,(309) 572-6985,Active
EMP028204,Michael,Garcia,Michael Garcia,42,IT,Analyst,Austin,103136.44,5541.89,2022-06-23,15,58.6,michael.garcia@company.com,(956) 435-6922,Active
EMP028205,Matthew,Martin,Matthew Martin,26,Sales,Associate,Miami,60524.63,8283.71,2022-07-06,0,56.7,matthew.martin@company.com,(637) 372-2504,Inactive
EMP028206,Sarah,Miller,Sarah Miller,42,HR,Manager,Seattle,68704.99,7602.68,2020-12-12,19,58.2,sarah.miller@company.com,(426) 632-2277,Inactive
EMP028207,Jane,Lopez,Jane Lopez,23,Engineering,Director,Chicago,67004.69,7174.67,2024-02-12,0,86.9,jane.lopez@company.com,(776) 450-6530,Inactive
EMP028208,Sarah,Jackson,Sarah Jackson,61,Finance,Director,San Francisco,102323.01,10926.16,2020-09-30,39,83.8,sarah.jackson@company.com,(818) 868-3609,Active
EMP028209,Emily,Williams,Emily Williams,42,Finance,Manager,Boston,85475.47,4051.19,2024-04-15,15,44.6,emily.williams@company.com,(697) 986-1220,Active
EMP028210,Robert,Lopez,Robert Lopez,48,Sales,Coordinator,Los Angeles,74376.32,6310.28,2023-06-23,20,64.7,robert.lopez@company.com,(821) 879-1944,Active
EMP028211,Amanda,Taylor,Amanda Taylor,32,Legal,Specialist,Boston,81955.07,8549.36,2020-07-10,9,81.4,amanda.taylor@company.com,(769) 284-5557,Active
EMP028212,Amanda,Smith,Amanda Smith,31,IT,Lead,San Francisco,51925.58,7124.62,2024-12-14,2,60.0,amanda.smith@company.com,(263) 618-9287,Active
EMP028213,Amanda,Wilson,Amanda Wilson,23,IT,Senior Developer,Miami,79344.74,0.0,2021-10-11,0,61.9,amanda.wilson@company.com,(867) 833-6339,Active
EMP028214,Jessica,Smith,Jessica Smith,35,HR,Associate,San Francisco,47659.78,4911.33,2023-01-26,7,87.8,jessica.smith@company.com,(652) 418-4102,Active
EMP028215,Jane,Jones,Jane Jones,34,Sales,Analyst,San Francisco,52430.1,8450.38,2023-03-18,7,62.0,jane.jones@company.com,(693) 854-1422,Active
EMP028216,William,Hernandez,William Hernandez,50,Engineering,Director,Austin,103324.38,19850.96,2021-09-18,27,74.5,william.hernandez@company.com,(213) 390-5070,Active
EMP028217,Stephanie,Miller,Stephanie Miller,58,IT,Director,Boston,97836.28,2370.6,2024-10-22,33,75.2,stephanie.miller@company.com,(519) 769-6486,Active
EMP028218,Robert,Miller,Robert Miller,64,Legal,Specialist,Seattle,100578.23,6663.25,2024-11-21,35,67.1,robert.miller@company.com,(724) 616-9916,Active
EMP028219,Stephanie,Hernandez,Stephanie Hernandez,50,Finance,Lead,New York,92150.63,10767.54,2020-05-03,25,81.7,stephanie.hernandez@company.com,(967) 499-1827,Inactive
EMP028220,Robert,Taylor,Robert Taylor,27,Legal,Lead,Los Angeles,76536.4,16826.33,2021-04-13,3,81.1,robert.taylor@company.com,(666) 419-8883,Active
EMP028221,Michael,Martin,Michael Martin,43,Finance,Director,San Francisco,83816.13,13421.48,2023-11-09,17,69.6,michael.martin@company.com,(915) 965-4949,Active
EMP028222,Melissa,Martinez,Melissa Martinez,64,HR,Analyst,New York,113528.31,7791.95,2020-12-26,40,60.8,melissa.martinez@company.com,(204) 625-9392,Active
EMP028223,John,Martinez,John Martinez,24,Marketing,Analyst,Seattle,57590.24,7907.4,2020-07-08,0,89.4,john.martinez@company.com,(363) 514-4855,Active
EMP028224,Sarah,Wilson,Sarah Wilson,50,Sales,Manager,Chicago,79808.12,13502.67,2024-08-13,26,89.3,sarah.wilson@company.com,(921) 930-3749,Inactive
EMP028225,Christopher,Moore,Christopher Moore,65,Operations,Coordinator,Seattle,88081.66,4615.78,2023-12-04,42,97.7,christopher.moore@company.com,(798) 914-8565,Active
EMP028226,Emily,Moore,Emily Moore,60,HR,Manager,Austin,81120.4,0.0,2021-04-30,37,47.4,emily.moore@company.com,(724) 388-9068,Inactive
EMP028227,David,Miller,David Miller,59,HR,Senior Developer,Miami,50756.03,0.0,2024-08-10,32,92.6,david.miller@company.com,(620) 386-1330,Inactive
EMP028228,Christopher,Anderson,Christopher Anderson,64,Finance,Associate,Chicago,109998.67,5759.07,2024-03-20,41,84.6,christopher.anderson@company.com,(310) 629-9837,Active
EMP028229,Amanda,Moore,Amanda Moore,34,Finance,Analyst,Seattle,107698.48,14834.01,2022-05-17,6,74.7,amanda.moore@company.com,(333) 724-9668,Active
EMP028230,Matthew,Miller,Matthew Miller,41,HR,Director,Seattle,56196.46,2934.43,2020-05-02,14,84.5,matthew.miller@company.com,(807) 782-7789,Active
EMP028231,Emily,Jones,Emily Jones,40,Engineering,Analyst,Boston,87468.85,15376.52,2023-09-28,13,72.5,emily.jones@company.com,(575) 650-8032,Active
EMP028232,Sarah,Brown,Sarah Brown,57,IT,Director,Seattle,127756.21,6879.2,2021-06-16,33,91.2,sarah.brown@company.com,(807) 844-6303,Active
EMP028233,Jessica,Davis,Jessica Davis,57,Finance,Director,Seattle,95571.74,7779.05,2020-07-24,33,69.4,jessica.davis@company.com,(889) 760-4017,Active
EMP028234,Christopher,Davis,Christopher Davis,61,Engineering,Manager,Boston,134822.01,15840.35,2023-09-04,32,96.6,christopher.davis@company.com,(873) 231-4620,Active
EMP028235,William,Lopez,William Lopez,52,Sales,Analyst,San Francisco,85873.57,14260.0,2021-01-11,29,76.5,william.lopez@company.com,(397) 697-9264,Active
EMP028236,Amanda,Johnson,Amanda Johnson,54,Marketing,Coordinator,Los Angeles,77079.23,6485.09,2020-03-02,27,62.4,amanda.johnson@company.com,(662) 890-3317,Active
EMP028237,Lisa,Lopez,Lisa Lopez,39,Finance,Analyst,Boston,73171.92,4888.41,2021-07-29,14,87.6,lisa.lopez@company.com,(348) 464-9668,Active
EMP028238,James,Brown,James Brown,31,HR,Director,New York,70304.69,9737.17,2024-10-03,4,54.3,james.brown@company.com,(855) 368-8505,Active
EMP028239,William,Davis,William Davis,57,IT,Director,San Francisco,107492.29,7637.14,2020-03-01,33,63.1,william.davis@company.com,(994) 238-4612,Active
EMP028240,John,Miller,John Miller,38,IT,Analyst,Los Angeles,97892.77,8187.94,2022-02-13,15,95.9,john.miller@company.com,(387) 272-7576,Active
EMP028241,Emily,Jones,Emily Jones,25,Engineering,Manager,Boston,73230.67,3140.31,2020-04-09,0,77.0,emily.jones@company.com,(268) 236-8162,Active
EMP028242,Ashley,Moore,Ashley Moore,43,Marketing,Specialist,Boston,69232.83,3067.83,2021-10-20,19,52.9,ashley.moore@company.com,(217) 257-4834,Active
EMP028243,Amanda,Davis,Amanda Davis,22,IT,Manager,Chicago,56886.14,7175.63,2021-09-08,0,48.8,amanda.davis@company.com,(934) 876-8518,Inactive
EMP028244,Michael,Wilson,Michael Wilson,44,Marketing,Director,Austin,69653.09,6376.47,2020-07-03,15,84.3,michael.wilson@company.com,(936) 782-5196,Active
EMP028245,James,Jackson,James Jackson,28,Operations,Specialist,Seattle,56583.32,8569.07,2023-06-26,0,73.0,james.jackson@company.com,(556) 681-2600,Active
EMP028246,William,Brown,William Brown,33,Operations,Lead,San Francisco,48572.7,6517.11,2023-01-09,9,91.8,william.brown@company.com,(766) 602-4546,Active
EMP028247,Anthony,Moore,Anthony Moore,25,Marketing,Analyst,Miami,83927.27,13593.98,2021-07-17,0,51.1,anthony.moore@company.com,(874) 372-5123,Active
EMP028248,Matthew,Martin,Matthew Martin,39,Engineering,Director,San Francisco,110667.63,5050.35,2023-04-04,15,89.2,matthew.martin@company.com,(917) 863-7667,Active
EMP028249,Anthony,Lopez,Anthony Lopez,57,HR,Manager,New York,90447.26,6481.89,2022-01-10,30,90.4,anthony.lopez@company.com,(924) 314-8140,Active
EMP028250,Jessica,Lopez,Jessica Lopez,29,Legal,Coordinator,Miami,64188.62,3776.78,2020-01-12,3,72.6,jessica.lopez@company.com,(731) 589-2438,Active
EMP028251,Melissa,Smith,Melissa Smith,43,Sales,Specialist,San Francisco,93267.32,10402.3,2024-07-04,18,54.2,melissa.smith@company.com,(345) 227-7154,Active
EMP028252,Ashley,Jones,Ashley Jones,34,HR,Lead,Seattle,50605.2,5891.05,2021-10-26,10,74.5,ashley.jones@company.com,(385) 440-6151,Active
EMP028253,Lisa,Johnson,Lisa Johnson,29,Engineering,Lead,San Francisco,84572.51,12574.0,2022-07-22,4,67.8,lisa.johnson@company.com,(564) 713-1242,Inactive
EMP028254,Lisa,Rodriguez,Lisa Rodriguez,38,Engineering,Analyst,Seattle,57607.46,3448.72,2022-01-26,10,100.0,lisa.rodriguez@company.com,(320) 737-6224,Active
EMP028255,Ashley,Williams,Ashley Williams,37,Operations,Coordinator,New York,56110.41,6452.1,2021-08-21,11,75.6,ashley.williams@company.com,(492) 635-5767,Active
EMP028256,Ashley,Moore,Ashley Moore,39,Finance,Coordinator,San Francisco,88086.29,10800.52,2020-07-02,17,62.6,ashley.moore@company.com,(577) 517-1337,Active
EMP028257,William,Taylor,William Taylor,57,Sales,Director,Boston,92021.76,4581.2,2020-01-10,35,79.0,william.taylor@company.com,(397) 956-2643,Active
EMP028258,William,Miller,William Miller,28,Finance,Senior Developer,Seattle,86045.7,4562.47,2023-06-06,3,48.2,william.miller@company.com,(701) 784-3725,Active
EMP028259,Daniel,Garcia,Daniel Garcia,26,IT,Lead,Seattle,58778.74,8032.17,2023-10-02,4,71.3,daniel.garcia@company.com,(848) 732-1969,Active
EMP028260,Amanda,Rodriguez,Amanda Rodriguez,35,Marketing,Associate,Miami,73469.32,7473.78,2024-03-08,8,60.5,amanda.rodriguez@company.com,(721) 563-7761,Active
EMP028261,Jessica,Williams,Jessica Williams,65,Marketing,Manager,Boston,86366.52,2086.86,2024-12-31,40,74.6,jessica.williams@company.com,(720) 662-7029,Active
EMP028262,Anthony,Miller,Anthony Miller,48,Sales,Associate,Boston,68186.14,9256.03,2020-07-17,24,81.0,anthony.miller@company.com,(346) 757-4498,Active
EMP028263,David,Martin,David Martin,56,Marketing,Associate,Miami,86160.48,6042.72,2020-09-27,27,59.8,david.martin@company.com,(248) 699-3454,Active
EMP028264,Ashley,Taylor,Ashley Taylor,54,Finance,Lead,Boston,91305.1,6382.74,2020-04-01,25,77.0,ashley.taylor@company.com,(255) 490-8519,Active
EMP028265,Melissa,Martin,Melissa Martin,49,HR,Senior Developer,Boston,71319.19,8304.51,2023-11-04,22,60.9,melissa.martin@company.com,(351) 552-1539,Active
EMP028266,Lisa,Moore,Lisa Moore,53,Operations,Manager,Seattle,75459.07,8835.69,2024-04-09,24,61.1,lisa.moore@company.com,(584) 999-5926,Inactive
EMP028267,Christopher,Gonzalez,Christopher Gonzalez,53,HR,Senior Developer,Miami,72588.79,8094.43,2022-09-22,25,68.9,christopher.gonzalez@company.com,(627) 954-8627,Active
EMP028268,Sarah,Thomas,Sarah Thomas,34,Finance,Lead,San Francisco,39086.67,0.0,2021-08-07,5,96.5,sarah.thomas@company.com,(628) 779-1279,On Leave
EMP028269,Lisa,Wilson,Lisa Wilson,26,Marketing,Coordinator,San Francisco,50712.98,7771.84,2023-12-01,2,76.9,lisa.wilson@company.com,(230) 857-3186,Active
EMP028270,David,Davis,David Davis,40,Finance,Analyst,New York,82934.19,9313.16,2022-01-30,13,65.9,david.davis@company.com,(933) 242-1700,Active
EMP028271,Matthew,Thomas,Matthew Thomas,37,Operations,Coordinator,San Francisco,45064.06,4007.38,2024-09-06,14,65.4,matthew.thomas@company.com,(314) 873-1327,Active
EMP028272,James,Williams,James Williams,23,Legal,Manager,New York,85752.27,11307.92,2023-11-16,0,54.4,james.williams@company.com,(347) 595-6678,Active
EMP028273,Stephanie,Thomas,Stephanie Thomas,58,Sales,Director,Austin,101218.19,12685.47,2020-03-02,35,70.4,stephanie.thomas@company.com,(964) 431-2070,Active
EMP028274,James,Martin,James Martin,49,IT,Senior Developer,San Francisco,112470.38,376.7,2023-05-21,20,67.7,james.martin@company.com,(563) 285-5902,Active
EMP028275,Nicole,Jackson,Nicole Jackson,41,Sales,Analyst,Chicago,83100.58,4797.24,2022-04-29,19,66.4,nicole.jackson@company.com,(905) 525-3983,Active
EMP028276,David,Taylor,David Taylor,45,Finance,Lead,Miami,69776.46,10088.36,2023-06-09,20,58.3,david.taylor@company.com,(428) 814-3244,On Leave
EMP028277,Melissa,Smith,Melissa Smith,39,HR,Senior Developer,San Francisco,61013.72,12036.68,2021-10-16,11,52.8,melissa.smith@company.com,(632) 752-3623,Active
EMP028278,Nicole,Rodriguez,Nicole Rodriguez,44,Sales,Lead,Boston,66325.66,2655.01,2020-10-22,16,71.1,nicole.rodriguez@company.com,(355) 220-3257,Active
EMP028279,James,Garcia,James Garcia,51,Operations,Lead,Miami,89752.64,9942.41,2022-05-17,24,72.5,james.garcia@company.com,(490) 630-6001,Active
EMP028280,James,Moore,James Moore,50,Engineering,Manager,Los Angeles,63784.35,11560.15,2023-01-26,26,82.4,james.moore@company.com,(342) 632-9818,Active
EMP028281,Lisa,Smith,Lisa Smith,51,Engineering,Specialist,Seattle,135208.62,7196.23,2024-08-23,25,43.3,lisa.smith@company.com,(292) 502-6402,Active
EMP028282,Robert,Garcia,Robert Garcia,49,Operations,Coordinator,San Francisco,57159.09,6845.93,2024-11-21,27,99.2,robert.garcia@company.com,(239) 937-2629,Active
EMP028283,John,Jackson,John Jackson,33,HR,Senior Developer,Austin,59563.52,3726.62,2021-06-29,6,62.7,john.jackson@company.com,(691) 630-8322,Active
EMP028284,Matthew,Martin,Matthew Martin,45,Legal,Senior Developer,Austin,77169.2,13298.28,2022-07-09,18,75.9,matthew.martin@company.com,(861) 318-7218,Active
EMP028285,Christopher,Miller,Christopher Miller,43,Finance,Senior Developer,Boston,90328.71,16734.26,2022-07-12,16,64.2,christopher.miller@company.com,(967) 513-4538,Active
EMP028286,Anthony,Lopez,Anthony Lopez,60,HR,Coordinator,Chicago,84531.99,9102.13,2023-05-16,37,83.9,anthony.lopez@company.com,(554) 262-1796,Active
EMP028287,James,Moore,James Moore,53,IT,Specialist,New York,124291.15,12476.44,2020-06-22,28,60.2,james.moore@company.com,(866) 509-6599,Inactive
EMP028288,David,Jones,David Jones,25,Finance,Coordinator,Austin,42373.11,865.39,2024-01-12,3,44.8,david.jones@company.com,(285) 429-4489,Active
EMP028289,Christopher,Anderson,Christopher Anderson,46,Finance,Lead,Los Angeles,63679.8,0.0,2021-09-05,22,87.7,christopher.anderson@company.com,(954) 299-5371,Active
EMP028290,Christopher,Brown,Christopher Brown,40,IT,Analyst,Boston,72914.36,9222.59,2020-03-10,12,71.6,christopher.brown@company.com,(696) 332-1653,Active
EMP028291,Anthony,Gonzalez,Anthony Gonzalez,30,Legal,Lead,New York,77236.81,9673.52,2020-09-07,8,69.3,anthony.gonzalez@company.com,(854) 983-3674,Active
EMP028292,Jessica,Williams,Jessica Williams,28,Sales,Specialist,Seattle,60115.89,3220.8,2023-05-24,5,84.9,jessica.williams@company.com,(545) 426-9329,Inactive
EMP028293,Emily,Gonzalez,Emily Gonzalez,49,Marketing,Senior Developer,Miami,65161.03,7575.8,2023-06-11,27,53.3,emily.gonzalez@company.com,(679) 884-4873,Active
EMP028294,Jessica,Miller,Jessica Miller,58,Finance,Lead,Chicago,115797.93,13388.7,2020-05-13,30,100.0,jessica.miller@company.com,(297) 530-2161,Active
EMP028295,Robert,Johnson,Robert Johnson,29,HR,Associate,Boston,84317.55,14244.85,2022-08-24,4,65.3,robert.johnson@company.com,(743) 509-3863,Inactive
EMP028296,Nicole,Rodriguez,Nicole Rodriguez,22,Sales,Director,Miami,63717.92,4617.91,2024-11-19,0,100.0,nicole.rodriguez@company.com,(580) 932-4349,Active
EMP028297,Stephanie,Davis,Stephanie Davis,53,Legal,Senior Developer,New York,113024.89,12676.94,2020-03-03,30,77.5,stephanie.davis@company.com,(586) 633-4199,Inactive
EMP028298,Sarah,Williams,Sarah Williams,28,Engineering,Lead,Miami,48322.29,322.54,2022-01-01,0,55.4,sarah.williams@company.com,(353) 258-5691,Active
EMP028299,Amanda,Thomas,Amanda Thomas,65,Legal,Specialist,San Francisco,103111.79,9966.24,2024-08-31,43,72.2,amanda.thomas@company.com,(276) 662-3624,Active
EMP028300,Ashley,Williams,Ashley Williams,41,Operations,Analyst,Los Angeles,58174.56,2343.87,2024-12-27,16,88.6,ashley.williams@company.com,(625) 468-3927,Active
EMP028301,Lisa,Gonzalez,Lisa Gonzalez,33,Engineering,Coordinator,New York,84510.25,4116.87,2020-09-01,5,45.0,lisa.gonzalez@company.com,(471) 823-8297,Active
EMP028302,Daniel,Jackson,Daniel Jackson,24,Marketing,Senior Developer,Austin,55932.57,7010.66,2023-12-31,0,100.0,daniel.jackson@company.com,(705) 395-6661,Active
EMP028303,Lisa,Taylor,Lisa Taylor,29,IT,Associate,Chicago,70954.56,2700.85,2022-12-04,1,69.3,lisa.taylor@company.com,(659) 849-2552,Active
EMP028304,Christopher,Lopez,Christopher Lopez,38,Finance,Analyst,New York,65985.16,2849.37,2020-06-16,13,74.0,christopher.lopez@company.com,(838) 481-2992,Active
EMP028305,Robert,Garcia,Robert Garcia,43,Operations,Manager,Miami,79964.08,7300.66,2022-04-18,15,65.5,robert.garcia@company.com,(619) 488-9618,Active
EMP028306,Ashley,Smith,Ashley Smith,56,Sales,Lead,Chicago,84029.06,4141.93,2021-02-07,29,61.4,ashley.smith@company.com,(436) 898-2684,Active
EMP028307,William,Moore,William Moore,43,Marketing,Specialist,Seattle,68739.14,8753.04,2023-12-01,14,89.4,william.moore@company.com,(706) 952-2884,Active
EMP028308,Lisa,Miller,Lisa Miller,29,IT,Senior Developer,New York,78067.87,8805.72,2023-10-28,1,82.1,lisa.miller@company.com,(232) 618-9776,On Leave
EMP028309,Ashley,Moore,Ashley Moore,39,Operations,Director,Seattle,50597.91,3633.54,2021-12-03,17,86.8,ashley.moore@company.com,(564) 226-9227,Inactive
EMP028310,William,Taylor,William Taylor,31,Engineering,Senior Developer,Chicago,90346.95,4935.38,2022-04-28,2,71.4,william.taylor@company.com,(473) 997-6500,Active
EMP028311,Jessica,Thomas,Jessica Thomas,39,Legal,Manager,Los Angeles,109836.2,16924.52,2022-06-20,15,75.3,jessica.thomas@company.com,(699) 531-6134,Active
EMP028312,Robert,Thomas,Robert Thomas,39,Finance,Manager,Seattle,68526.38,1007.84,2022-03-18,11,51.9,robert.thomas@company.com,(426) 578-5035,Active
EMP028313,Emily,Wilson,Emily Wilson,48,Operations,Coordinator,Seattle,63140.11,9989.08,2023-03-27,25,76.9,emily.wilson@company.com,(985) 219-8449,Active
EMP028314,Jessica,Taylor,Jessica Taylor,64,Engineering,Manager,Seattle,127790.0,9820.31,2021-09-07,41,58.5,jessica.taylor@company.com,(627) 297-2513,Active
EMP028315,Ashley,Miller,Ashley Miller,33,Operations,Coordinator,Los Angeles,57970.23,8672.3,2022-05-25,11,49.7,ashley.miller@company.com,(536) 884-8568,On Leave
EMP028316,John,Brown,John Brown,23,HR,Specialist,Chicago,58063.13,5677.63,2022-02-10,0,67.3,john.brown@company.com,(971) 675-9386,Active
EMP028317,Daniel,Davis,Daniel Davis,61,IT,Lead,San Francisco,115289.41,3774.6,2021-06-20,34,90.7,daniel.davis@company.com,(649) 905-5102,Active
EMP028318,Daniel,Rodriguez,Daniel Rodriguez,34,Engineering,Analyst,Miami,92039.42,12868.49,2021-06-09,8,80.2,daniel.rodriguez@company.com,(515) 650-3431,Active
EMP028319,Stephanie,Jones,Stephanie Jones,35,Engineering,Analyst,Boston,132211.41,13097.34,2020-11-12,13,48.2,stephanie.jones@company.com,(792) 773-4725,Inactive
EMP028320,Amanda,Brown,Amanda Brown,33,IT,Lead,Boston,79986.61,7750.47,2021-06-18,7,61.4,amanda.brown@company.com,(674) 372-5515,Active
EMP028321,Stephanie,Smith,Stephanie Smith,56,Engineering,Director,San Francisco,97879.53,11124.87,2020-12-18,32,66.1,stephanie.smith@company.com,(230) 671-9414,Active
EMP028322,Melissa,Brown,Melissa Brown,37,HR,Analyst,Chicago,64792.01,7526.97,2022-08-27,10,90.1,melissa.brown@company.com,(879) 972-2954,Active
EMP028323,William,Williams,William Williams,41,Legal,Lead,Seattle,80183.82,8701.0,2022-11-09,17,96.3,william.williams@company.com,(399) 544-5676,Active
EMP028324,Lisa,Taylor,Lisa Taylor,37,Marketing,Manager,Boston,65436.02,6998.84,2023-04-22,9,51.8,lisa.taylor@company.com,(521) 578-9620,Inactive
EMP028325,Emily,Jackson,Emily Jackson,48,Engineering,Specialist,New York,66242.79,7540.58,2023-05-31,23,55.8,emily.jackson@company.com,(751) 694-2435,Active
EMP028326,William,Johnson,William Johnson,51,HR,Coordinator,Los Angeles,54375.33,7401.96,2022-05-30,27,64.7,william.johnson@company.com,(327) 301-9986,Active
EMP028327,Daniel,Taylor,Daniel Taylor,29,Operations,Associate,Los Angeles,53653.82,4953.69,2023-07-18,6,88.1,daniel.taylor@company.com,(818) 979-7327,Active
EMP028328,Michael,Taylor,Michael Taylor,29,Legal,Lead,New York,88550.09,15864.86,2023-07-30,4,100.0,michael.taylor@company.com,(283) 875-6278,Active
EMP028329,Matthew,Jackson,Matthew Jackson,52,Marketing,Analyst,Seattle,77008.34,10610.41,2020-12-07,28,73.4,matthew.jackson@company.com,(698) 317-2482,Active
EMP028330,Jessica,Miller,Jessica Miller,58,Legal,Director,Miami,75125.98,6372.18,2022-07-10,32,65.2,jessica.miller@company.com,(470) 233-1403,Active
EMP028331,Jane,Martin,Jane Martin,43,Engineering,Lead,Chicago,101785.43,2852.05,2023-01-09,14,73.6,jane.martin@company.com,(832) 961-7002,Active
EMP028332,David,Martinez,David Martinez,43,Engineering,Manager,Miami,104717.41,13949.87,2024-03-10,21,49.0,david.martinez@company.com,(398) 622-1144,Active
EMP028333,Daniel,Rodriguez,Daniel Rodriguez,23,Legal,Lead,Seattle,90627.98,6840.26,2021-12-07,0,86.3,daniel.rodriguez@company.com,(436) 676-5621,Active
EMP028334,Sarah,Jackson,Sarah Jackson,40,Finance,Associate,Boston,70179.72,10697.63,2021-02-11,16,87.0,sarah.jackson@company.com,(536) 502-3211,Active
EMP028335,Michael,Davis,Michael Davis,56,Marketing,Analyst,Los Angeles,102091.15,14194.76,2020-09-11,27,100.0,michael.davis@company.com,(549) 993-1608,Active
EMP028336,David,Anderson,David Anderson,38,Marketing,Manager,Austin,61196.9,3966.15,2021-05-27,13,95.0,david.anderson@company.com,(727) 554-4230,Active
EMP028337,John,Davis,John Davis,35,Marketing,Associate,Los Angeles,56243.21,6278.46,2023-02-12,13,63.2,john.davis@company.com,(213) 673-7302,Active
EMP028338,Christopher,Jones,Christopher Jones,34,Legal,Manager,Austin,81355.51,10931.97,2020-01-07,8,100.0,christopher.jones@company.com,(306) 645-1413,Active
EMP028339,Stephanie,Jones,Stephanie Jones,35,Legal,Analyst,Austin,90832.23,10040.61,2023-12-19,6,70.0,stephanie.jones@company.com,(853) 319-6552,Active
EMP028340,John,Taylor,John Taylor,57,HR,Senior Developer,Austin,75252.95,5092.41,2023-05-04,33,82.1,john.taylor@company.com,(355) 876-5724,Active
EMP028341,Emily,Davis,Emily Davis,60,Marketing,Lead,Austin,75596.92,6475.69,2023-02-10,32,76.4,emily.davis@company.com,(316) 897-2388,Inactive
EMP028342,John,Johnson,John Johnson,39,Sales,Specialist,Seattle,70288.11,10623.89,2020-02-12,16,53.4,john.johnson@company.com,(437) 523-1271,Active
EMP028343,John,Moore,John Moore,64,Operations,Senior Developer,Los Angeles,74596.56,5139.26,2023-05-18,36,85.6,john.moore@company.com,(355) 429-9887,Active
EMP028344,Nicole,Rodriguez,Nicole Rodriguez,49,IT,Specialist,San Francisco,78379.73,14366.45,2020-06-20,22,67.5,nicole.rodriguez@company.com,(438) 498-3384,Active
EMP028345,Lisa,Davis,Lisa Davis,28,Operations,Lead,San Francisco,58363.22,8093.34,2023-01-19,6,56.9,lisa.davis@company.com,(813) 205-4930,Active
EMP028346,Sarah,Brown,Sarah Brown,25,Sales,Manager,New York,47865.51,5781.01,2021-12-06,3,67.8,sarah.brown@company.com,(548) 820-5716,Inactive
EMP028347,Anthony,Anderson,Anthony Anderson,46,Sales,Director,New York,66625.6,12063.56,2021-12-12,18,81.1,anthony.anderson@company.com,(984) 757-7956,Active
EMP028348,Emily,Martin,Emily Martin,28,Legal,Senior Developer,San Francisco,67866.13,6316.41,2020-03-07,5,72.5,emily.martin@company.com,(938) 849-1499,Active
EMP028349,Michael,Martinez,Michael Martinez,36,Marketing,Specialist,San Francisco,55823.61,6452.65,2023-03-09,8,51.0,michael.martinez@company.com,(389) 898-6350,Active
EMP028350,Ashley,Martin,Ashley Martin,40,Finance,Director,Miami,93810.15,7302.61,2023-11-04,12,79.3,ashley.martin@company.com,(614) 300-7911,Active
EMP028351,Lisa,Davis,Lisa Davis,56,Engineering,Senior Developer,Los Angeles,116334.51,26135.12,2024-03-23,27,77.0,lisa.davis@company.com,(260) 917-1501,Active
EMP028352,Michael,Davis,Michael Davis,29,Operations,Coordinator,Los Angeles,70579.82,13854.98,2024-02-27,7,72.5,michael.davis@company.com,(527) 325-5193,Active
EMP028353,Stephanie,Martin,Stephanie Martin,63,Legal,Manager,Boston,91747.23,6999.84,2022-05-23,34,79.2,stephanie.martin@company.com,(270) 974-4217,Inactive
EMP028354,Emily,Garcia,Emily Garcia,23,Engineering,Senior Developer,Seattle,66900.71,4754.44,2023-04-02,0,71.8,emily.garcia@company.com,(560) 383-2438,Active
EMP028355,Anthony,Smith,Anthony Smith,32,IT,Director,New York,101196.02,9557.84,2024-10-01,8,46.2,anthony.smith@company.com,(274) 737-8072,Active
EMP028356,Michael,Davis,Michael Davis,56,HR,Analyst,Los Angeles,47128.84,6710.39,2024-01-21,32,76.0,michael.davis@company.com,(260) 540-9701,Active
EMP028357,Matthew,Thomas,Matthew Thomas,41,Sales,Director,Austin,58645.63,9065.5,2022-07-02,13,54.1,matthew.thomas@company.com,(483) 384-8092,Active
EMP028358,William,Smith,William Smith,63,Engineering,Manager,San Francisco,131022.38,5181.33,2021-03-31,35,84.0,william.smith@company.com,(285) 334-5222,Inactive
EMP028359,Michael,Smith,Michael Smith,27,Legal,Analyst,Chicago,60594.53,8725.65,2022-09-30,0,85.9,michael.smith@company.com,(432) 553-4766,Active
EMP028360,David,Davis,David Davis,36,Legal,Analyst,Boston,77955.43,13752.24,2024-02-24,13,34.8,david.davis@company.com,(600) 904-8775,Active
EMP028361,Jessica,Lopez,Jessica Lopez,41,Engineering,Manager,Chicago,90483.14,6650.36,2024-10-14,16,70.3,jessica.lopez@company.com,(246) 374-1981,On Leave
EMP028362,Michael,Thomas,Michael Thomas,57,HR,Lead,Los Angeles,99004.32,3177.73,2020-07-02,28,57.3,michael.thomas@company.com,(315) 882-2590,Active
EMP028363,Emily,Smith,Emily Smith,53,Legal,Analyst,Boston,105124.0,10556.02,2022-04-06,29,72.9,emily.smith@company.com,(926) 701-7571,Active
EMP028364,David,Johnson,David Johnson,54,Legal,Director,Austin,117707.25,27307.78,2022-03-25,25,82.1,david.johnson@company.com,(216) 977-2019,Active
EMP028365,Sarah,Miller,Sarah Miller,40,Sales,Associate,Miami,96243.3,15784.81,2022-11-07,12,87.6,sarah.miller@company.com,(616) 998-3157,Active
EMP028366,James,Davis,James Davis,25,Marketing,Analyst,Boston,53469.55,3879.61,2020-10-11,3,100.0,james.davis@company.com,(249) 330-1945,Active
EMP028367,Lisa,Brown,Lisa Brown,47,Legal,Coordinator,Austin,78943.41,6740.19,2021-12-02,24,84.1,lisa.brown@company.com,(652) 727-9250,Active
EMP028368,Matthew,Davis,Matthew Davis,30,HR,Coordinator,San Francisco,57830.5,9324.24,2023-12-30,6,79.4,matthew.davis@company.com,(341) 961-5327,On Leave
EMP028369,Nicole,Brown,Nicole Brown,31,Operations,Coordinator,San Francisco,54996.29,6475.1,2024-04-05,6,67.9,nicole.brown@company.com,(825) 665-4915,Active
EMP028370,John,Martin,John Martin,62,Sales,Manager,Seattle,96934.22,9672.52,2023-04-06,39,45.8,john.martin@company.com,(945) 865-3143,Active
EMP028371,John,Lopez,John Lopez,50,HR,Coordinator,San Francisco,77745.79,5233.38,2024-11-15,28,49.1,john.lopez@company.com,(734) 386-6695,Active
EMP028372,Emily,Lopez,Emily Lopez,48,Legal,Coordinator,Austin,85884.28,7660.33,2024-05-21,22,65.5,emily.lopez@company.com,(929) 536-7771,Active
EMP028373,Emily,Thomas,Emily Thomas,60,HR,Associate,Los Angeles,69516.54,4852.02,2020-07-13,33,74.2,emily.thomas@company.com,(902) 640-4654,Active
EMP028374,Jane,Rodriguez,Jane Rodriguez,47,HR,Analyst,New York,60431.4,6590.28,2020-02-23,25,71.3,jane.rodriguez@company.com,(280) 236-2620,Active
EMP028375,Daniel,Williams,Daniel Williams,60,HR,Manager,Boston,72899.7,7367.91,2020-11-23,37,63.9,daniel.williams@company.com,(366) 497-2518,Active
EMP028376,Ashley,Smith,Ashley Smith,57,HR,Manager,Boston,75111.34,11477.24,2021-09-12,33,71.8,ashley.smith@company.com,(535) 433-9002,Active
EMP028377,Ashley,Miller,Ashley Miller,63,Finance,Associate,Los Angeles,82976.44,6086.77,2023-07-19,38,72.3,ashley.miller@company.com,(286) 233-8310,Active
EMP028378,James,Gonzalez,James Gonzalez,56,Legal,Manager,Los Angeles,109569.96,14646.15,2020-11-07,29,94.2,james.gonzalez@company.com,(321) 872-8093,Active
EMP028379,William,Moore,William Moore,35,IT,Associate,Chicago,110241.0,10843.87,2020-01-08,13,88.8,william.moore@company.com,(596) 556-1148,Inactive
EMP028380,Jessica,Johnson,Jessica Johnson,58,Legal,Senior Developer,Boston,107164.16,14777.65,2020-02-09,36,82.0,jessica.johnson@company.com,(881) 273-5766,Active
EMP028381,James,Jackson,James Jackson,49,Engineering,Specialist,New York,92194.37,12713.14,2023-10-13,20,59.2,james.jackson@company.com,(351) 887-9893,On Leave
EMP028382,Amanda,Garcia,Amanda Garcia,39,Engineering,Specialist,New York,105700.06,17252.99,2020-04-25,11,58.7,amanda.garcia@company.com,(272) 880-2709,Inactive
EMP028383,Robert,Wilson,Robert Wilson,32,Marketing,Associate,Los Angeles,89560.92,14114.71,2022-09-22,6,73.7,robert.wilson@company.com,(417) 967-2419,Active
EMP028384,Jessica,Anderson,Jessica Anderson,27,Legal,Manager,San Francisco,77542.79,12795.39,2024-08-02,0,63.3,jessica.anderson@company.com,(469) 709-6058,Active
EMP028385,William,Hernandez,William Hernandez,60,IT,Senior Developer,New York,104649.21,11821.32,2020-07-26,37,72.4,william.hernandez@company.com,(331) 842-9442,Active
EMP028386,Stephanie,Hernandez,Stephanie Hernandez,26,IT,Lead,Chicago,88385.4,10706.51,2024-01-14,0,76.5,stephanie.hernandez@company.com,(445) 297-3302,Active
EMP028387,William,Lopez,William Lopez,29,Marketing,Senior Developer,San Francisco,52717.31,5023.59,2024-09-19,7,94.6,william.lopez@company.com,(220) 264-2766,Active
EMP028388,John,Johnson,John Johnson,59,IT,Analyst,Chicago,96215.43,4270.35,2020-02-07,30,71.9,john.johnson@company.com,(910) 851-3224,Active
EMP028389,John,Anderson,John Anderson,34,Marketing,Associate,Seattle,52409.07,7329.15,2023-02-08,10,91.2,john.anderson@company.com,(643) 250-8047,Active
EMP028390,James,Brown,James Brown,59,Finance,Director,Boston,99604.69,8172.82,2023-02-25,33,56.7,james.brown@company.com,(514) 418-6758,Active
EMP028391,James,Jackson,James Jackson,48,Engineering,Coordinator,Boston,116966.94,13065.8,2023-03-07,23,68.9,james.jackson@company.com,(275) 376-7957,Active
EMP028392,Emily,Davis,Emily Davis,28,Sales,Director,Miami,58674.88,4861.68,2024-11-22,1,81.0,emily.davis@company.com,(565) 480-4336,Active
EMP028393,Lisa,Rodriguez,Lisa Rodriguez,24,IT,Analyst,San Francisco,66972.69,4512.42,2023-05-06,0,67.2,lisa.rodriguez@company.com,(540) 647-7348,Active
EMP028394,Lisa,Johnson,Lisa Johnson,52,IT,Specialist,Los Angeles,65746.26,10990.05,2022-12-15,23,83.5,lisa.johnson@company.com,(391) 953-7804,Active
EMP028395,Daniel,Anderson,Daniel Anderson,26,IT,Lead,Chicago,60718.37,3478.1,2022-05-09,2,82.9,daniel.anderson@company.com,(419) 891-3397,Active
EMP028396,William,Johnson,William Johnson,57,Legal,Director,New York,81066.68,8276.58,2021-08-23,32,79.6,william.johnson@company.com,(373) 324-3666,Active
EMP028397,Nicole,Smith,Nicole Smith,40,Legal,Manager,New York,103117.52,15757.94,2022-01-02,16,89.1,nicole.smith@company.com,(232) 743-7788,Active
EMP028398,Ashley,Brown,Ashley Brown,52,Operations,Coordinator,Miami,74329.72,10459.9,2020-04-06,25,89.4,ashley.brown@company.com,(755) 781-1934,On Leave
EMP028399,Daniel,Williams,Daniel Williams,64,Legal,Director,Miami,117977.67,17108.46,2020-01-12,42,59.8,daniel.williams@company.com,(868) 585-6173,Active
EMP028400,James,Williams,James Williams,28,Legal,Manager,San Francisco,85689.54,1438.52,2024-08-04,4,75.8,james.williams@company.com,(779) 870-2366,Active
EMP028401,Anthony,Martinez,Anthony Martinez,33,Sales,Analyst,New York,65570.7,9929.08,2024-04-20,11,78.4,anthony.martinez@company.com,(955) 289-2095,Active
EMP028402,Amanda,Wilson,Amanda Wilson,49,Marketing,Specialist,Chicago,61576.33,7302.06,2021-12-21,22,71.2,amanda.wilson@company.com,(262) 605-5391,Active
EMP028403,Daniel,Davis,Daniel Davis,65,HR,Analyst,Boston,84153.26,3258.15,2023-07-15,37,59.7,daniel.davis@company.com,(612) 235-1841,Active
EMP028404,Anthony,Brown,Anthony Brown,31,Operations,Director,Boston,64227.4,5191.86,2020-02-05,9,81.0,anthony.brown@company.com,(689) 229-8128,Active
EMP028405,Emily,Wilson,Emily Wilson,40,Engineering,Coordinator,New York,73452.32,14435.07,2022-07-20,16,78.2,emily.wilson@company.com,(946) 712-2073,Active
EMP028406,Christopher,Jones,Christopher Jones,31,Sales,Director,Seattle,68599.48,7428.73,2023-03-02,7,63.0,christopher.jones@company.com,(337) 896-5839,Active
EMP028407,Jane,Taylor,Jane Taylor,31,Legal,Senior Developer,Chicago,105998.56,11700.2,2022-11-18,6,91.7,jane.taylor@company.com,(298) 514-6821,Active
EMP028408,Sarah,Moore,Sarah Moore,65,Engineering,Analyst,Miami,145759.45,19170.16,2020-01-17,36,82.2,sarah.moore@company.com,(614) 983-2466,Active
EMP028409,Jessica,Hernandez,Jessica Hernandez,46,Marketing,Associate,Austin,66627.18,3897.11,2024-03-18,24,94.2,jessica.hernandez@company.com,(248) 459-6350,Active
EMP028410,Jessica,Thomas,Jessica Thomas,27,Engineering,Senior Developer,New York,49325.33,1364.49,2021-11-01,0,65.9,jessica.thomas@company.com,(459) 346-6755,Active
EMP028411,John,Rodriguez,John Rodriguez,61,IT,Senior Developer,Seattle,79229.31,1919.82,2020-11-18,33,88.9,john.rodriguez@company.com,(910) 861-5551,Active
EMP028412,Ashley,Martin,Ashley Martin,28,Marketing,Director,New York,55950.59,1109.63,2022-03-12,1,100.0,ashley.martin@company.com,(747) 797-6751,Active
EMP028413,Daniel,Jackson,Daniel Jackson,22,Sales,Director,Austin,91480.1,14312.78,2022-05-27,0,57.2,daniel.jackson@company.com,(579) 377-5719,Active
EMP028414,William,Martinez,William Martinez,26,Engineering,Associate,Chicago,107090.48,12461.38,2022-09-10,0,50.0,william.martinez@company.com,(299) 724-8644,Active
EMP028415,Stephanie,Lopez,Stephanie Lopez,32,Marketing,Specialist,Seattle,84586.0,5451.33,2021-06-18,5,86.0,stephanie.lopez@company.com,(797) 750-2181,Active
EMP028416,Melissa,Brown,Melissa Brown,34,IT,Associate,Boston,95100.08,14186.77,2022-06-23,7,79.8,melissa.brown@company.com,(412) 803-5651,On Leave
EMP028417,William,Thomas,William Thomas,54,IT,Specialist,Austin,95317.97,6769.65,2020-03-27,27,67.1,william.thomas@company.com,(336) 365-6772,Active
EMP028418,Daniel,Garcia,Daniel Garcia,33,Engineering,Coordinator,New York,95067.62,12674.87,2022-09-03,9,70.8,daniel.garcia@company.com,(599) 647-8866,Active
EMP028419,David,Miller,David Miller,40,Sales,Associate,San Francisco,69957.06,0.0,2023-10-14,18,95.5,david.miller@company.com,(553) 520-4044,Inactive
EMP028420,Christopher,Williams,Christopher Williams,42,Finance,Coordinator,Austin,50212.83,746.46,2023-10-30,14,62.0,christopher.williams@company.com,(672) 789-2226,Active
EMP028421,Michael,Brown,Michael Brown,44,HR,Director,Los Angeles,66080.45,565.4,2022-01-13,18,90.5,michael.brown@company.com,(250) 720-6011,Active
EMP028422,Matthew,Gonzalez,Matthew Gonzalez,34,Engineering,Senior Developer,Los Angeles,67181.75,9595.11,2020-02-14,9,81.7,matthew.gonzalez@company.com,(375) 821-3261,Active
EMP028423,Christopher,Lopez,Christopher Lopez,59,Finance,Coordinator,Los Angeles,101800.07,7167.53,2023-06-17,34,76.4,christopher.lopez@company.com,(289) 900-6866,Active
EMP028424,Robert,Johnson,Robert Johnson,44,Engineering,Associate,Los Angeles,91884.82,8396.91,2021-06-26,21,68.9,robert.johnson@company.com,(701) 543-4894,Active
EMP028425,Robert,Smith,Robert Smith,53,HR,Manager,Miami,61804.31,2320.9,2022-11-28,28,58.5,robert.smith@company.com,(304) 847-1158,Active
EMP028426,Robert,Rodriguez,Robert Rodriguez,55,Engineering,Analyst,Boston,116853.12,19148.74,2022-03-18,32,44.8,robert.rodriguez@company.com,(585) 901-3915,Active
EMP028427,Lisa,Jones,Lisa Jones,26,Engineering,Coordinator,Miami,88192.74,13709.55,2021-08-06,0,96.1,lisa.jones@company.com,(283) 646-5045,Active
EMP028428,John,Miller,John Miller,58,Legal,Associate,Austin,112914.75,8399.12,2023-06-02,36,71.7,john.miller@company.com,(321) 755-1584,Active
EMP028429,James,Taylor,James Taylor,57,Sales,Coordinator,Chicago,74777.1,4275.52,2020-11-12,33,78.9,james.taylor@company.com,(585) 258-4841,Active
EMP028430,Daniel,Johnson,Daniel Johnson,23,Operations,Director,Austin,50464.35,4980.32,2022-07-04,0,95.6,daniel.johnson@company.com,(352) 593-1295,Active
EMP028431,Anthony,Lopez,Anthony Lopez,36,Legal,Associate,Chicago,85055.05,7544.91,2022-01-16,9,93.0,anthony.lopez@company.com,(467) 537-6669,Active
EMP028432,Daniel,Lopez,Daniel Lopez,22,Sales,Specialist,Miami,46831.02,6143.96,2022-04-16,0,66.6,daniel.lopez@company.com,(730) 616-5731,Active
EMP028433,James,Garcia,James Garcia,41,Operations,Director,Boston,67018.73,1909.05,2022-11-10,15,87.0,james.garcia@company.com,(425) 718-6613,Active
EMP028434,Emily,Lopez,Emily Lopez,49,Engineering,Lead,New York,64096.99,6217.82,2021-04-30,23,60.3,emily.lopez@company.com,(807) 730-6042,Active
EMP028435,Anthony,Jackson,Anthony Jackson,28,Finance,Manager,Seattle,77083.64,8647.68,2020-10-14,5,74.9,anthony.jackson@company.com,(313) 889-7257,Active
EMP028436,James,Moore,James Moore,57,Finance,Director,New York,106897.44,9767.93,2021-01-31,35,52.7,james.moore@company.com,(221) 588-2267,Active
EMP028437,Amanda,Johnson,Amanda Johnson,29,Legal,Coordinator,New York,103049.91,14906.63,2022-04-12,3,63.5,amanda.johnson@company.com,(559) 836-1892,Active
EMP028438,William,Garcia,William Garcia,52,Finance,Associate,Austin,114793.88,17999.02,2021-05-12,25,69.1,william.garcia@company.com,(925) 460-9339,Active
EMP028439,Ashley,Johnson,Ashley Johnson,26,Finance,Analyst,Seattle,38020.61,4196.34,2021-02-09,0,64.4,ashley.johnson@company.com,(710) 902-9426,Active
EMP028440,Lisa,Wilson,Lisa Wilson,59,HR,Manager,Chicago,58373.63,4361.94,2020-02-23,32,75.6,lisa.wilson@company.com,(615) 368-9786,Active
EMP028441,William,Davis,William Davis,32,Engineering,Senior Developer,Los Angeles,104593.34,20638.4,2023-09-23,4,84.1,william.davis@company.com,(667) 705-5511,Active
EMP028442,Amanda,Moore,Amanda Moore,31,Finance,Manager,Boston,72968.01,10899.16,2022-10-10,5,100.0,amanda.moore@company.com,(992) 247-4111,Inactive
EMP028443,Daniel,Moore,Daniel Moore,37,Operations,Director,Los Angeles,74523.24,3737.41,2021-12-29,10,58.8,daniel.moore@company.com,(746) 465-9603,Active
EMP028444,Jane,Jackson,Jane Jackson,64,IT,Analyst,Seattle,97936.41,16835.61,2021-08-21,41,73.5,jane.jackson@company.com,(761) 788-2496,Active
EMP028445,John,Davis,John Davis,53,Marketing,Analyst,San Francisco,86644.25,13418.81,2021-03-13,26,92.4,john.davis@company.com,(393) 997-4392,Active
EMP028446,Nicole,Martinez,Nicole Martinez,31,Finance,Manager,Boston,76503.8,12406.57,2021-08-17,4,62.7,nicole.martinez@company.com,(603) 393-4480,Active
EMP028447,Melissa,Jackson,Melissa Jackson,31,IT,Director,Los Angeles,54477.12,5515.64,2022-12-02,9,72.3,melissa.jackson@company.com,(471) 895-6882,Inactive
EMP028448,Amanda,Thomas,Amanda Thomas,29,Finance,Associate,Los Angeles,81784.5,10694.46,2022-06-30,6,92.0,amanda.thomas@company.com,(246) 479-9122,Active
EMP028449,Ashley,Johnson,Ashley Johnson,32,HR,Lead,Miami,59504.64,6437.21,2023-02-01,6,77.8,ashley.johnson@company.com,(539) 540-4111,Inactive
EMP028450,Lisa,Jackson,Lisa Jackson,31,Legal,Associate,Seattle,97721.17,9287.32,2021-09-05,2,43.9,lisa.jackson@company.com,(207) 214-1055,Active
EMP028451,Amanda,Wilson,Amanda Wilson,30,IT,Specialist,New York,77853.59,304.41,2022-11-02,6,94.6,amanda.wilson@company.com,(710) 407-9686,Active
EMP028452,Christopher,Thomas,Christopher Thomas,29,IT,Director,Boston,100839.02,11633.56,2023-01-22,2,86.1,christopher.thomas@company.com,(761) 474-8291,Active
EMP028453,Daniel,Brown,Daniel Brown,33,Operations,Coordinator,Miami,39576.82,4181.74,2021-02-01,7,75.9,daniel.brown@company.com,(291) 792-3418,Active
EMP028454,David,Williams,David Williams,64,Finance,Director,Austin,85026.85,9219.99,2022-08-26,40,71.8,david.williams@company.com,(297) 807-4133,Inactive
EMP028455,Stephanie,Williams,Stephanie Williams,39,IT,Associate,Boston,61159.7,6283.66,2020-12-18,15,58.4,stephanie.williams@company.com,(679) 876-3057,Active
EMP028456,Michael,Miller,Michael Miller,36,Marketing,Lead,Seattle,58392.08,5773.99,2024-05-24,10,70.6,michael.miller@company.com,(670) 568-3570,Active
EMP028457,Nicole,Smith,Nicole Smith,33,Engineering,Senior Developer,Miami,127344.2,5931.03,2022-02-21,6,76.3,nicole.smith@company.com,(245) 248-7643,Active
EMP028458,Christopher,Jones,Christopher Jones,39,Operations,Coordinator,New York,71620.66,12553.16,2023-05-16,11,86.9,christopher.jones@company.com,(523) 236-9506,Active
EMP028459,Melissa,Williams,Melissa Williams,31,Engineering,Lead,Los Angeles,90592.42,11083.6,2020-02-28,2,53.8,melissa.williams@company.com,(506) 411-8388,Active
EMP028460,James,Gonzalez,James Gonzalez,57,Marketing,Lead,Los Angeles,54393.47,7526.08,2023-05-02,29,70.4,james.gonzalez@company.com,(323) 948-5033,Active
EMP028461,David,Smith,David Smith,43,Legal,Coordinator,Los Angeles,136410.47,16105.41,2022-04-28,18,68.1,david.smith@company.com,(720) 544-7290,Active
EMP028462,Stephanie,Hernandez,Stephanie Hernandez,23,Marketing,Analyst,Los Angeles,61742.06,6270.17,2020-03-13,0,88.5,stephanie.hernandez@company.com,(673) 866-3948,Active
EMP028463,William,Jackson,William Jackson,31,HR,Director,Miami,41916.62,4896.34,2020-12-12,5,91.9,william.jackson@company.com,(550) 617-9871,Inactive
EMP028464,Robert,Thomas,Robert Thomas,22,IT,Analyst,Austin,49696.24,8166.4,2023-12-21,0,88.8,robert.thomas@company.com,(260) 590-7758,Active
EMP028465,Michael,Hernandez,Michael Hernandez,46,HR,Manager,Boston,51987.2,7154.47,2023-08-21,18,70.7,michael.hernandez@company.com,(336) 347-9265,Active
EMP028466,John,Miller,John Miller,62,Engineering,Specialist,San Francisco,107845.09,13340.66,2022-01-03,38,99.8,john.miller@company.com,(842) 623-8813,Active
EMP028467,James,Johnson,James Johnson,32,HR,Lead,Miami,67039.85,6358.33,2024-08-21,10,63.7,james.johnson@company.com,(497) 384-5060,Inactive
EMP028468,Lisa,Martinez,Lisa Martinez,44,Finance,Coordinator,Los Angeles,87715.89,8487.33,2021-04-10,18,93.7,lisa.martinez@company.com,(842) 315-4911,Active
EMP028469,Jane,Gonzalez,Jane Gonzalez,24,HR,Specialist,Seattle,56418.48,3783.54,2021-12-02,0,79.4,jane.gonzalez@company.com,(753) 257-5913,Inactive
EMP028470,Robert,Moore,Robert Moore,32,IT,Specialist,Chicago,67851.09,1062.31,2021-08-12,10,94.7,robert.moore@company.com,(475) 529-5334,On Leave
EMP028471,William,Gonzalez,William Gonzalez,44,HR,Manager,Los Angeles,74224.74,9318.1,2023-02-19,19,83.5,william.gonzalez@company.com,(967) 645-7759,Active
EMP028472,John,Hernandez,John Hernandez,26,Engineering,Director,Austin,80567.17,10182.51,2021-09-01,1,74.2,john.hernandez@company.com,(470) 684-1369,Active
EMP028473,Melissa,Brown,Melissa Brown,52,IT,Analyst,Miami,108870.33,8769.02,2024-02-13,26,60.9,melissa.brown@company.com,(226) 692-9861,Active
EMP028474,Sarah,Davis,Sarah Davis,50,Sales,Senior Developer,New York,71800.49,8656.89,2021-05-05,28,74.9,sarah.davis@company.com,(329) 543-4618,Active
EMP028475,Jane,Taylor,Jane Taylor,32,Sales,Director,Los Angeles,75410.4,5554.73,2020-11-25,6,85.2,jane.taylor@company.com,(701) 376-9742,Active
EMP028476,Lisa,Williams,Lisa Williams,26,Legal,Lead,New York,57914.77,5092.39,2023-11-18,4,69.2,lisa.williams@company.com,(777) 580-4205,Active
EMP028477,James,Martin,James Martin,28,IT,Director,Seattle,90687.01,16026.25,2024-01-21,0,88.8,james.martin@company.com,(493) 640-5834,On Leave
EMP028478,Christopher,Williams,Christopher Williams,37,Operations,Analyst,Los Angeles,57881.82,2007.04,2023-07-15,9,82.5,christopher.williams@company.com,(613) 378-4201,Active
EMP028479,Emily,Anderson,Emily Anderson,23,Operations,Coordinator,Chicago,55296.61,4976.5,2020-12-21,0,67.2,emily.anderson@company.com,(569) 838-2062,Inactive
EMP028480,Daniel,Thomas,Daniel Thomas,60,Finance,Associate,San Francisco,120404.52,13211.12,2020-01-05,34,77.4,daniel.thomas@company.com,(690) 345-6360,Active
EMP028481,James,Smith,James Smith,60,Legal,Senior Developer,Seattle,133327.6,0.0,2024-02-28,37,63.7,james.smith@company.com,(432) 496-3980,Active
EMP028482,Emily,Johnson,Emily Johnson,25,HR,Manager,Chicago,42339.53,4174.85,2020-12-12,0,72.9,emily.johnson@company.com,(591) 705-5025,Active
EMP028483,Matthew,Johnson,Matthew Johnson,32,Operations,Lead,Austin,52620.75,8252.0,2021-08-06,10,86.4,matthew.johnson@company.com,(725) 602-9815,Active
EMP028484,Melissa,Wilson,Melissa Wilson,55,Finance,Associate,San Francisco,98607.82,4987.7,2020-10-17,33,84.3,melissa.wilson@company.com,(784) 496-2004,Active
EMP028485,Jane,Smith,Jane Smith,35,Finance,Analyst,Austin,72134.48,6350.94,2024-07-05,8,100.0,jane.smith@company.com,(446) 731-5330,Active
EMP028486,Emily,Lopez,Emily Lopez,44,Marketing,Analyst,Austin,90062.81,11663.89,2024-08-27,20,93.9,emily.lopez@company.com,(838) 274-5631,Active
EMP028487,Stephanie,Taylor,Stephanie Taylor,57,HR,Associate,Chicago,66884.36,10606.15,2023-07-15,28,89.6,stephanie.taylor@company.com,(727) 532-6070,Active
EMP028488,Sarah,Davis,Sarah Davis,31,IT,Associate,Austin,47006.99,4414.24,2024-03-03,7,38.2,sarah.davis@company.com,(569) 861-3308,Active
EMP028489,Matthew,Martin,Matthew Martin,26,Legal,Director,Boston,58456.39,7489.84,2022-08-23,0,71.6,matthew.martin@company.com,(475) 420-1731,Active
EMP028490,Stephanie,Taylor,Stephanie Taylor,42,Operations,Coordinator,San Francisco,65608.66,14222.68,2023-09-04,20,86.2,stephanie.taylor@company.com,(852) 758-8344,Active
EMP028491,Christopher,Moore,Christopher Moore,50,IT,Manager,New York,48733.7,9049.78,2023-01-08,23,76.6,christopher.moore@company.com,(631) 819-3558,Active
EMP028492,Matthew,Martin,Matthew Martin,60,HR,Coordinator,Boston,70554.01,7260.1,2021-07-23,33,75.3,matthew.martin@company.com,(394) 257-6768,On Leave
EMP028493,Matthew,Gonzalez,Matthew Gonzalez,46,Sales,Coordinator,Chicago,80580.28,10391.07,2020-10-23,21,72.9,matthew.gonzalez@company.com,(571) 975-4149,Active
EMP028494,Nicole,Wilson,Nicole Wilson,50,Legal,Lead,New York,98060.85,4419.8,2022-10-27,23,76.3,nicole.wilson@company.com,(875) 801-7323,Active
EMP028495,Sarah,Jones,Sarah Jones,30,Legal,Director,Chicago,74448.26,5404.82,2020-06-15,8,88.0,sarah.jones@company.com,(989) 315-9933,Active
EMP028496,Anthony,Hernandez,Anthony Hernandez,44,Engineering,Manager,Boston,110230.2,12382.22,2023-11-11,21,60.9,anthony.hernandez@company.com,(392) 572-9225,Active
EMP028497,Jessica,Davis,Jessica Davis,51,IT,Lead,Seattle,97192.38,11784.49,2021-12-02,23,47.1,jessica.davis@company.com,(853) 974-1543,Active
EMP028498,Michael,Rodriguez,Michael Rodriguez,29,Operations,Manager,Seattle,72337.0,7856.44,2021-06-07,2,68.5,michael.rodriguez@company.com,(631) 200-6837,Active
EMP028499,Michael,Wilson,Michael Wilson,24,HR,Manager,Los Angeles,56113.31,6073.6,2024-10-17,2,56.4,michael.wilson@company.com,(746) 818-3116,Active
EMP028500,Matthew,Jackson,Matthew Jackson,36,IT,Lead,Austin,85221.53,2453.56,2022-02-13,10,95.4,matthew.jackson@company.com,(778) 927-7723,Active
EMP028501,Sarah,Jones,Sarah Jones,51,HR,Coordinator,Chicago,51884.65,5796.82,2024-04-18,26,60.0,sarah.jones@company.com,(899) 230-4183,Active
EMP028502,Jessica,Jackson,Jessica Jackson,38,Finance,Specialist,Seattle,99098.55,12547.18,2020-05-13,9,61.7,jessica.jackson@company.com,(513) 213-8248,Active
EMP028503,Matthew,Miller,Matthew Miller,45,IT,Director,Los Angeles,128131.57,4843.52,2024-10-03,17,66.2,matthew.miller@company.com,(347) 943-3604,Active
EMP028504,Michael,Johnson,Michael Johnson,39,Sales,Manager,Miami,70076.08,400.29,2024-09-22,14,85.9,michael.johnson@company.com,(359) 547-5419,Active
EMP028505,Ashley,Garcia,Ashley Garcia,33,IT,Senior Developer,Seattle,69601.98,10602.28,2022-09-21,4,93.4,ashley.garcia@company.com,(762) 548-3701,Active
EMP028506,John,Moore,John Moore,60,Engineering,Manager,Chicago,100404.74,10088.66,2020-06-12,37,63.7,john.moore@company.com,(765) 900-3004,Active
EMP028507,Matthew,Anderson,Matthew Anderson,44,Legal,Lead,Los Angeles,105721.58,6762.56,2022-04-03,15,66.0,matthew.anderson@company.com,(385) 914-9571,Active
EMP028508,William,Brown,William Brown,23,Operations,Analyst,Austin,65419.26,9287.35,2022-06-02,0,59.9,william.brown@company.com,(711) 855-3883,Active
EMP028509,Sarah,Martin,Sarah Martin,54,Marketing,Senior Developer,Los Angeles,73060.7,10358.72,2022-07-06,25,86.0,sarah.martin@company.com,(207) 463-5908,Active
EMP028510,Jessica,Garcia,Jessica Garcia,53,Legal,Associate,Miami,116083.32,4506.95,2023-12-16,27,99.8,jessica.garcia@company.com,(797) 350-3311,Active
EMP028511,Nicole,Thomas,Nicole Thomas,60,Engineering,Associate,Miami,90379.86,12023.98,2021-02-07,34,55.5,nicole.thomas@company.com,(823) 750-5209,Active
EMP028512,Jane,Lopez,Jane Lopez,54,Engineering,Manager,New York,127385.41,12594.32,2020-09-04,29,91.7,jane.lopez@company.com,(848) 985-9402,Active
EMP028513,David,Miller,David Miller,35,Finance,Associate,Los Angeles,69597.21,8033.02,2024-07-31,10,79.4,david.miller@company.com,(870) 832-7222,On Leave
EMP028514,William,Jones,William Jones,53,Sales,Lead,Seattle,90062.44,10042.24,2024-03-21,27,78.9,william.jones@company.com,(315) 803-3977,Active
EMP028515,William,Jones,William Jones,47,IT,Analyst,San Francisco,81945.53,9952.73,2021-07-06,24,86.7,william.jones@company.com,(435) 568-1763,Active
EMP028516,William,Rodriguez,William Rodriguez,22,HR,Coordinator,Boston,54302.85,5946.5,2022-02-16,0,89.5,william.rodriguez@company.com,(734) 569-2293,Inactive
EMP028517,Robert,Wilson,Robert Wilson,34,IT,Senior Developer,New York,61910.16,1187.86,2024-12-18,12,67.7,robert.wilson@company.com,(587) 393-6961,Active
EMP028518,James,Jackson,James Jackson,25,Finance,Associate,Austin,58577.87,4605.32,2022-02-12,3,82.6,james.jackson@company.com,(203) 238-2539,Active
EMP028519,Jane,Moore,Jane Moore,55,Marketing,Associate,Los Angeles,88199.14,7263.02,2022-01-31,28,50.9,jane.moore@company.com,(854) 436-2838,Active
EMP028520,Jessica,Johnson,Jessica Johnson,50,Marketing,Senior Developer,Austin,55297.0,6713.49,2023-09-15,21,75.3,jessica.johnson@company.com,(302) 584-6997,Active
EMP028521,John,Thomas,John Thomas,31,IT,Specialist,Miami,68405.0,8071.19,2023-09-16,5,75.3,john.thomas@company.com,(836) 285-6329,Active
EMP028522,Anthony,Jones,Anthony Jones,65,Finance,Director,Miami,105194.05,14211.89,2024-06-24,37,62.0,anthony.jones@company.com,(536) 771-2546,Active
EMP028523,Stephanie,Davis,Stephanie Davis,65,HR,Director,Los Angeles,81184.43,4552.33,2023-02-23,41,59.2,stephanie.davis@company.com,(600) 683-7300,Active
EMP028524,Amanda,Miller,Amanda Miller,44,Sales,Analyst,Austin,91046.57,10186.98,2020-04-01,16,46.3,amanda.miller@company.com,(964) 429-3241,Active
EMP028525,Jessica,Lopez,Jessica Lopez,27,HR,Analyst,Miami,32775.55,4796.56,2020-11-13,3,79.3,jessica.lopez@company.com,(937) 686-7836,Active
EMP028526,Jessica,Brown,Jessica Brown,40,Engineering,Manager,Los Angeles,94428.5,12609.03,2023-12-04,14,73.6,jessica.brown@company.com,(424) 480-9911,Inactive
EMP028527,Daniel,Johnson,Daniel Johnson,57,HR,Manager,Seattle,67941.43,5037.46,2020-10-29,32,85.9,daniel.johnson@company.com,(332) 552-5026,Inactive
EMP028528,Matthew,Jackson,Matthew Jackson,52,Marketing,Specialist,Boston,89383.99,9171.29,2023-02-03,28,86.0,matthew.jackson@company.com,(484) 387-2528,Active
EMP028529,Jessica,Anderson,Jessica Anderson,46,Sales,Manager,Chicago,89967.72,7494.45,2023-06-24,19,63.4,jessica.anderson@company.com,(350) 860-6950,Active
EMP028530,Daniel,Martin,Daniel Martin,60,Legal,Specialist,Seattle,96825.31,15517.68,2021-10-03,36,70.4,daniel.martin@company.com,(238) 894-7608,Active
EMP028531,Daniel,Brown,Daniel Brown,62,Finance,Lead,San Francisco,84956.9,5139.08,2020-04-18,33,75.5,daniel.brown@company.com,(308) 918-8613,Inactive
EMP028532,Jessica,Hernandez,Jessica Hernandez,30,IT,Director,Miami,81153.15,5094.57,2024-05-29,2,54.9,jessica.hernandez@company.com,(636) 448-2686,Active
EMP028533,Jessica,Rodriguez,Jessica Rodriguez,34,Marketing,Associate,New York,74934.27,10916.64,2021-06-26,8,94.9,jessica.rodriguez@company.com,(837) 229-1024,Active
EMP028534,Lisa,Miller,Lisa Miller,52,Marketing,Specialist,Seattle,58218.73,0.0,2020-12-17,30,69.2,lisa.miller@company.com,(817) 969-4281,Active
EMP028535,Robert,Hernandez,Robert Hernandez,34,Sales,Director,Seattle,69636.23,6380.17,2024-04-25,8,79.1,robert.hernandez@company.com,(657) 384-2366,Active
EMP028536,John,Brown,John Brown,62,Engineering,Analyst,Los Angeles,109276.78,8238.76,2023-10-11,35,80.5,john.brown@company.com,(295) 634-5431,Active
EMP028537,Stephanie,Smith,Stephanie Smith,64,Marketing,Lead,Austin,96021.24,9621.37,2021-06-19,35,84.3,stephanie.smith@company.com,(584) 437-2212,Active
EMP028538,Anthony,Johnson,Anthony Johnson,23,HR,Analyst,Miami,76798.03,8964.16,2023-06-16,0,63.4,anthony.johnson@company.com,(236) 584-6403,Active
EMP028539,William,Anderson,William Anderson,27,IT,Analyst,Miami,56256.41,6930.24,2024-11-02,4,93.7,william.anderson@company.com,(656) 277-2007,Active
EMP028540,Amanda,Davis,Amanda Davis,36,Engineering,Manager,San Francisco,82739.67,10694.37,2023-07-25,10,77.1,amanda.davis@company.com,(719) 931-7838,Active
EMP028541,James,Smith,James Smith,48,Engineering,Manager,Seattle,100299.19,11274.52,2023-04-15,24,100.0,james.smith@company.com,(519) 702-1824,Active
EMP028542,Sarah,Jackson,Sarah Jackson,24,Engineering,Lead,New York,46377.18,2959.11,2023-06-01,0,78.8,sarah.jackson@company.com,(507) 947-8540,Active
EMP028543,Anthony,Jones,Anthony Jones,63,Sales,Associate,New York,80006.39,7686.37,2024-06-21,40,67.7,anthony.jones@company.com,(685) 202-5027,Active
EMP028544,Anthony,Miller,Anthony Miller,27,Marketing,Senior Developer,Chicago,66988.88,8456.25,2024-05-25,1,79.9,anthony.miller@company.com,(642) 458-7085,Active
EMP028545,Christopher,Taylor,Christopher Taylor,65,Marketing,Manager,New York,119300.21,20105.26,2020-09-11,37,65.9,christopher.taylor@company.com,(285) 784-9212,Active
EMP028546,James,Thomas,James Thomas,37,Sales,Lead,New York,57686.83,9045.77,2024-08-07,12,90.1,james.thomas@company.com,(261) 202-7874,Active
EMP028547,Lisa,Miller,Lisa Miller,36,Legal,Associate,Boston,65776.26,7097.99,2020-11-23,11,43.3,lisa.miller@company.com,(924) 600-4511,Active
EMP028548,William,Taylor,William Taylor,34,Finance,Director,Miami,50011.54,8004.22,2024-08-20,10,100.0,william.taylor@company.com,(992) 816-1945,Active
EMP028549,Stephanie,Wilson,Stephanie Wilson,52,Operations,Senior Developer,Los Angeles,78680.72,6628.24,2024-10-31,25,69.1,stephanie.wilson@company.com,(766) 240-7867,Active
EMP028550,Daniel,Johnson,Daniel Johnson,55,IT,Coordinator,Miami,109733.03,16455.74,2021-08-27,32,92.7,daniel.johnson@company.com,(399) 759-6443,Active
EMP028551,Emily,Miller,Emily Miller,35,Sales,Associate,Miami,58982.29,4383.19,2021-02-26,8,54.2,emily.miller@company.com,(510) 250-5877,Active
EMP028552,Michael,Johnson,Michael Johnson,36,Operations,Specialist,Seattle,54667.02,4746.74,2024-05-24,11,83.7,michael.johnson@company.com,(291) 906-5071,On Leave
EMP028553,John,Moore,John Moore,34,Marketing,Lead,New York,64160.28,6621.52,2021-01-27,6,73.4,john.moore@company.com,(666) 953-4791,Active
EMP028554,Robert,Davis,Robert Davis,41,Finance,Coordinator,New York,81304.78,0.0,2021-05-16,12,85.1,robert.davis@company.com,(204) 391-3935,Active
EMP028555,Ashley,Martinez,Ashley Martinez,43,Finance,Manager,Boston,70182.3,2582.17,2021-09-15,15,71.7,ashley.martinez@company.com,(369) 205-3035,Active
EMP028556,Michael,Martin,Michael Martin,55,IT,Senior Developer,New York,115501.98,11870.87,2021-10-03,29,70.5,michael.martin@company.com,(527) 689-1546,Active
EMP028557,Daniel,Rodriguez,Daniel Rodriguez,56,Engineering,Director,Chicago,77403.52,10501.3,2021-12-21,28,50.9,daniel.rodriguez@company.com,(223) 504-7308,Active
EMP028558,Matthew,Brown,Matthew Brown,27,Marketing,Manager,Austin,52083.61,6036.11,2023-04-19,2,65.4,matthew.brown@company.com,(877) 693-2847,Inactive
EMP028559,Stephanie,Smith,Stephanie Smith,31,HR,Associate,Los Angeles,67521.85,10571.8,2024-03-16,8,89.9,stephanie.smith@company.com,(406) 205-9474,Active
EMP028560,Jessica,Martin,Jessica Martin,48,Sales,Analyst,Miami,84986.78,16169.76,2022-12-14,25,88.4,jessica.martin@company.com,(609) 441-5334,Active
EMP028561,Daniel,Martin,Daniel Martin,46,Operations,Director,Boston,85178.76,6908.06,2022-09-19,20,100.0,daniel.martin@company.com,(350) 280-3345,Inactive
EMP028562,Matthew,Brown,Matthew Brown,52,HR,Associate,Seattle,84220.99,3343.67,2023-09-23,25,86.3,matthew.brown@company.com,(671) 622-8570,Inactive
EMP028563,Matthew,Brown,Matthew Brown,36,HR,Lead,Chicago,47467.86,0.0,2020-01-07,7,52.3,matthew.brown@company.com,(918) 533-1964,On Leave
EMP028564,Matthew,Martin,Matthew Martin,41,IT,Manager,Boston,79777.3,10784.99,2024-02-28,18,100.0,matthew.martin@company.com,(648) 375-8347,Active
EMP028565,Stephanie,Taylor,Stephanie Taylor,50,Finance,Manager,San Francisco,67036.4,7343.53,2020-12-20,24,60.3,stephanie.taylor@company.com,(446) 379-2857,Active
EMP028566,Melissa,Wilson,Melissa Wilson,45,Operations,Associate,Boston,69449.85,3576.55,2022-06-26,23,82.9,melissa.wilson@company.com,(352) 865-3852,Active
EMP028567,Jane,Anderson,Jane Anderson,56,Finance,Associate,Los Angeles,81410.2,7161.14,2021-04-29,31,72.4,jane.anderson@company.com,(243) 544-2409,Active
EMP028568,Ashley,Williams,Ashley Williams,64,Engineering,Analyst,Miami,134796.98,7294.39,2020-09-30,35,64.3,ashley.williams@company.com,(785) 719-5417,Active
EMP028569,David,Williams,David Williams,54,HR,Director,San Francisco,65580.09,11632.42,2022-03-16,29,61.1,david.williams@company.com,(516) 362-1836,Active
EMP028570,John,Martinez,John Martinez,47,Finance,Associate,San Francisco,73253.66,11729.73,2023-05-15,22,81.5,john.martinez@company.com,(903) 642-4845,Active
EMP028571,Christopher,Lopez,Christopher Lopez,26,Engineering,Senior Developer,New York,66240.12,7724.35,2023-10-19,0,82.9,christopher.lopez@company.com,(802) 497-6172,Active
EMP028572,Christopher,Miller,Christopher Miller,40,Marketing,Director,Miami,73675.96,10105.82,2020-04-10,18,94.3,christopher.miller@company.com,(872) 707-5863,Active
EMP028573,Lisa,Williams,Lisa Williams,24,Operations,Senior Developer,Austin,33871.63,2931.06,2020-07-23,2,33.5,lisa.williams@company.com,(666) 678-9670,Active
EMP028574,Anthony,Williams,Anthony Williams,40,Operations,Coordinator,Miami,45517.84,5534.15,2021-07-27,15,100.0,anthony.williams@company.com,(894) 534-3874,On Leave
EMP028575,John,Thomas,John Thomas,31,Finance,Director,San Francisco,55136.0,4486.87,2024-01-31,9,73.6,john.thomas@company.com,(273) 483-2282,Active
EMP028576,Ashley,Rodriguez,Ashley Rodriguez,57,Operations,Associate,Chicago,75027.96,7188.3,2023-05-28,31,50.2,ashley.rodriguez@company.com,(416) 627-7080,Active
EMP028577,Jane,Jones,Jane Jones,42,IT,Director,Los Angeles,94161.34,9785.73,2022-05-13,20,72.1,jane.jones@company.com,(938) 800-7525,On Leave
EMP028578,Anthony,Brown,Anthony Brown,56,Finance,Senior Developer,Austin,88261.2,14265.25,2021-07-12,33,55.8,anthony.brown@company.com,(658) 429-8322,Active
EMP028579,Michael,Martinez,Michael Martinez,60,IT,Analyst,San Francisco,103591.96,10333.67,2020-11-18,32,71.4,michael.martinez@company.com,(467) 637-7081,Active
EMP028580,Jessica,Lopez,Jessica Lopez,38,Sales,Manager,San Francisco,65862.51,1553.75,2023-05-14,9,78.6,jessica.lopez@company.com,(703) 848-4111,On Leave
EMP028581,Matthew,Hernandez,Matthew Hernandez,30,Operations,Specialist,Austin,62929.03,4275.59,2020-10-23,3,72.0,matthew.hernandez@company.com,(332) 419-9308,On Leave
EMP028582,Robert,Martin,Robert Martin,23,Legal,Director,Boston,43441.84,4165.26,2020-12-05,0,46.8,robert.martin@company.com,(462) 860-2505,Active
EMP028583,William,Gonzalez,William Gonzalez,31,Finance,Analyst,Seattle,63638.44,4279.3,2024-08-22,3,100.0,william.gonzalez@company.com,(436) 415-5845,Active
EMP028584,Jessica,Thomas,Jessica Thomas,45,Engineering,Lead,Seattle,108234.18,11684.02,2023-06-21,16,69.7,jessica.thomas@company.com,(622) 424-3628,Inactive
EMP028585,Sarah,Jackson,Sarah Jackson,34,Finance,Director,Chicago,72141.78,17006.75,2022-04-16,9,93.6,sarah.jackson@company.com,(876) 372-8082,Active
EMP028586,Melissa,Taylor,Melissa Taylor,49,HR,Analyst,Seattle,91775.84,28.76,2021-06-20,24,76.8,melissa.taylor@company.com,(720) 790-5601,Active
EMP028587,Anthony,Brown,Anthony Brown,24,Legal,Manager,Los Angeles,71275.58,1658.34,2020-03-20,2,76.2,anthony.brown@company.com,(870) 893-2727,Active
EMP028588,Daniel,Rodriguez,Daniel Rodriguez,29,IT,Associate,San Francisco,67434.0,6901.33,2022-01-25,4,28.6,daniel.rodriguez@company.com,(921) 813-3462,Inactive
EMP028589,Robert,Taylor,Robert Taylor,38,Finance,Analyst,Chicago,104095.38,13304.79,2023-06-08,14,57.8,robert.taylor@company.com,(464) 246-2760,Active
EMP028590,Michael,Williams,Michael Williams,39,Legal,Analyst,Los Angeles,77502.36,1907.15,2023-03-18,11,82.2,michael.williams@company.com,(463) 740-3375,Inactive
EMP028591,Christopher,Wilson,Christopher Wilson,62,Marketing,Manager,New York,55355.41,2722.75,2021-06-09,38,71.0,christopher.wilson@company.com,(378) 432-4524,Active
EMP028592,Daniel,Gonzalez,Daniel Gonzalez,62,Engineering,Analyst,Seattle,104978.69,5170.97,2024-01-16,39,80.3,daniel.gonzalez@company.com,(880) 340-2776,Active
EMP028593,Jessica,Johnson,Jessica Johnson,36,Operations,Coordinator,Seattle,49149.16,9925.01,2020-07-25,12,69.9,jessica.johnson@company.com,(221) 260-9478,Active
EMP028594,Michael,Williams,Michael Williams,27,IT,Associate,Boston,98779.63,18814.31,2024-11-13,3,80.3,michael.williams@company.com,(859) 981-2070,Active
EMP028595,William,Martinez,William Martinez,62,Legal,Senior Developer,Boston,103714.6,13615.09,2023-08-19,35,70.9,william.martinez@company.com,(948) 711-7747,Active
EMP028596,James,Moore,James Moore,26,Legal,Manager,Los Angeles,68078.3,8151.24,2020-07-02,2,73.8,james.moore@company.com,(572) 902-2668,On Leave
EMP028597,Nicole,Hernandez,Nicole Hernandez,63,Operations,Coordinator,Chicago,83810.84,9738.72,2021-07-12,36,89.1,nicole.hernandez@company.com,(267) 553-8246,Active
EMP028598,Amanda,Brown,Amanda Brown,65,Sales,Coordinator,New York,97224.12,7079.85,2020-05-28,38,68.9,amanda.brown@company.com,(830) 758-6157,Active
EMP028599,Matthew,Jones,Matthew Jones,31,IT,Associate,San Francisco,48560.07,3634.8,2021-04-14,5,47.0,matthew.jones@company.com,(973) 382-5782,Active
EMP028600,Stephanie,Lopez,Stephanie Lopez,37,IT,Specialist,Boston,82489.11,5033.07,2021-10-24,11,78.7,stephanie.lopez@company.com,(439) 590-7418,Active
EMP028601,Matthew,Anderson,Matthew Anderson,65,IT,Manager,Chicago,95944.4,9290.2,2022-12-04,38,88.7,matthew.anderson@company.com,(218) 812-6127,On Leave
EMP028602,Jane,Martin,Jane Martin,44,Engineering,Associate,Seattle,129116.91,14096.96,2020-12-05,19,67.6,jane.martin@company.com,(589) 622-2380,Active
EMP028603,Nicole,Jones,Nicole Jones,34,Operations,Senior Developer,San Francisco,62493.28,3010.38,2024-11-19,6,85.4,nicole.jones@company.com,(476) 757-2576,Inactive
EMP028604,Daniel,Anderson,Daniel Anderson,30,Sales,Director,San Francisco,85508.98,5184.39,2023-08-05,4,78.3,daniel.anderson@company.com,(880) 708-1332,Active
EMP028605,Robert,Jackson,Robert Jackson,65,Finance,Associate,New York,98412.93,15552.96,2021-01-20,38,100.0,robert.jackson@company.com,(481) 257-8544,Active
EMP028606,Lisa,Smith,Lisa Smith,41,IT,Associate,New York,87934.55,9768.66,2020-01-25,17,93.4,lisa.smith@company.com,(947) 249-6366,Active
EMP028607,Amanda,Garcia,Amanda Garcia,48,Operations,Specialist,Austin,48360.88,5606.26,2022-07-20,23,90.3,amanda.garcia@company.com,(435) 258-6280,Active
EMP028608,Christopher,Davis,Christopher Davis,57,Finance,Manager,New York,108210.35,11202.89,2021-01-06,33,57.9,christopher.davis@company.com,(351) 582-5276,Active
EMP028609,Jessica,Smith,Jessica Smith,40,Marketing,Specialist,Los Angeles,54386.35,8136.91,2020-03-16,15,67.7,jessica.smith@company.com,(620) 574-6426,Active
EMP028610,Christopher,Johnson,Christopher Johnson,52,Engineering,Associate,Boston,106935.24,6941.56,2022-06-28,28,95.5,christopher.johnson@company.com,(963) 630-1633,Active
EMP028611,David,Williams,David Williams,63,HR,Senior Developer,Boston,71876.4,7988.25,2023-08-14,41,83.9,david.williams@company.com,(490) 906-3750,Active
EMP028612,Daniel,Thomas,Daniel Thomas,22,Sales,Manager,Seattle,76922.0,3209.91,2023-02-01,0,74.7,daniel.thomas@company.com,(436) 692-3868,Active
EMP028613,John,Jones,John Jones,52,Finance,Specialist,San Francisco,97274.84,5064.08,2024-07-19,28,86.6,john.jones@company.com,(398) 430-1914,Active
EMP028614,Sarah,Williams,Sarah Williams,64,Operations,Analyst,New York,81967.07,3987.03,2024-02-28,40,93.8,sarah.williams@company.com,(252) 631-5098,Active
EMP028615,Melissa,Wilson,Melissa Wilson,61,Legal,Senior Developer,San Francisco,70409.32,5498.44,2021-11-04,32,72.3,melissa.wilson@company.com,(598) 312-8286,Active
EMP028616,Jessica,Hernandez,Jessica Hernandez,31,Legal,Analyst,New York,69421.19,11440.61,2022-03-24,9,83.1,jessica.hernandez@company.com,(641) 578-8202,Active
EMP028617,Stephanie,Hernandez,Stephanie Hernandez,58,HR,Associate,Seattle,71216.92,13258.57,2020-01-22,29,78.4,stephanie.hernandez@company.com,(494) 597-2104,Active
EMP028618,Melissa,Garcia,Melissa Garcia,43,Marketing,Specialist,Chicago,80742.81,4597.74,2021-12-03,15,72.9,melissa.garcia@company.com,(407) 934-3887,Active
EMP028619,Jessica,Lopez,Jessica Lopez,30,Sales,Senior Developer,Los Angeles,67212.5,3259.76,2024-03-05,2,76.3,jessica.lopez@company.com,(536) 928-8938,Active
EMP028620,Amanda,Brown,Amanda Brown,54,Legal,Coordinator,New York,115758.0,12423.38,2020-07-26,27,88.4,amanda.brown@company.com,(769) 638-2476,On Leave
EMP028621,Robert,Moore,Robert Moore,54,Sales,Senior Developer,Miami,75870.43,13523.36,2023-06-23,25,100.0,robert.moore@company.com,(526) 273-1617,Active
EMP028622,Amanda,Lopez,Amanda Lopez,49,HR,Specialist,Austin,88789.12,11649.82,2022-09-04,25,70.3,amanda.lopez@company.com,(885) 365-5856,Active
EMP028623,Jessica,Miller,Jessica Miller,32,Marketing,Director,Los Angeles,72445.49,10625.67,2023-12-11,7,61.6,jessica.miller@company.com,(474) 934-4831,On Leave
EMP028624,Michael,Jones,Michael Jones,45,HR,Senior Developer,San Francisco,56934.9,8936.8,2020-12-25,20,62.2,michael.jones@company.com,(811) 816-8563,Inactive
EMP028625,James,Anderson,James Anderson,53,HR,Coordinator,Chicago,70273.93,10366.52,2024-10-10,31,82.5,james.anderson@company.com,(893) 383-5824,On Leave
EMP028626,Michael,Martinez,Michael Martinez,47,Marketing,Analyst,Austin,85290.38,15563.65,2021-07-11,25,59.2,michael.martinez@company.com,(279) 897-8267,Active
EMP028627,Michael,Moore,Michael Moore,55,Legal,Associate,Boston,115967.83,13642.21,2020-02-22,32,75.3,michael.moore@company.com,(489) 283-5242,Active
EMP028628,John,Hernandez,John Hernandez,61,IT,Manager,Miami,85954.31,16380.63,2020-02-04,38,100.0,john.hernandez@company.com,(335) 428-4926,Inactive
EMP028629,Anthony,Thomas,Anthony Thomas,50,Engineering,Lead,Austin,120579.44,13541.32,2020-11-28,25,73.7,anthony.thomas@company.com,(346) 857-6105,Active
EMP028630,Jane,Williams,Jane Williams,28,IT,Senior Developer,San Francisco,93615.36,7789.42,2022-08-12,0,76.3,jane.williams@company.com,(937) 955-2981,Inactive
EMP028631,Michael,Rodriguez,Michael Rodriguez,23,Engineering,Specialist,Los Angeles,39000.0,6008.78,2022-06-30,0,89.7,michael.rodriguez@company.com,(332) 671-3721,Active
EMP028632,William,Williams,William Williams,25,Engineering,Lead,Seattle,68335.73,6752.99,2022-06-04,3,69.1,william.williams@company.com,(343) 398-7005,Inactive
EMP028633,Stephanie,Taylor,Stephanie Taylor,34,Operations,Manager,Miami,44922.99,3900.65,2024-08-02,9,87.7,stephanie.taylor@company.com,(439) 414-8668,Active
EMP028634,Lisa,Brown,Lisa Brown,63,Marketing,Coordinator,Austin,72977.94,14882.87,2020-12-05,36,86.7,lisa.brown@company.com,(227) 524-4247,Active
EMP028635,Christopher,Moore,Christopher Moore,57,HR,Director,New York,94069.38,6895.05,2024-02-28,33,76.6,christopher.moore@company.com,(842) 728-9712,Active
EMP028636,Christopher,Miller,Christopher Miller,31,IT,Senior Developer,Boston,36453.39,4490.1,2020-08-30,9,78.7,christopher.miller@company.com,(720) 430-8941,Active
EMP028637,Lisa,Miller,Lisa Miller,49,Engineering,Manager,Austin,85532.33,7138.08,2023-03-29,26,100.0,lisa.miller@company.com,(316) 690-5353,Active
EMP028638,Jessica,Lopez,Jessica Lopez,49,Sales,Manager,New York,78702.77,2759.98,2023-12-20,25,59.6,jessica.lopez@company.com,(404) 203-1409,Active
EMP028639,William,Wilson,William Wilson,57,Legal,Director,Chicago,91568.68,8111.14,2021-04-20,31,58.4,william.wilson@company.com,(440) 278-4275,Active
EMP028640,David,Anderson,David Anderson,64,Marketing,Associate,Boston,70917.24,10365.68,2021-05-02,42,100.0,david.anderson@company.com,(260) 355-4272,Active
EMP028641,Matthew,Lopez,Matthew Lopez,32,Legal,Manager,New York,90190.77,2009.76,2022-07-12,9,80.2,matthew.lopez@company.com,(403) 262-2949,Active
EMP028642,Michael,Martin,Michael Martin,40,Operations,Senior Developer,New York,88038.98,1360.28,2023-08-10,17,66.1,michael.martin@company.com,(760) 303-8981,Active
EMP028643,Daniel,Lopez,Daniel Lopez,29,Finance,Analyst,Miami,58407.17,7833.72,2023-05-26,3,89.1,daniel.lopez@company.com,(496) 775-7996,Active
EMP028644,Amanda,Brown,Amanda Brown,24,Engineering,Lead,Austin,49157.54,7925.97,2022-12-08,0,67.0,amanda.brown@company.com,(435) 352-2218,Active
EMP028645,Robert,Williams,Robert Williams,43,HR,Analyst,San Francisco,65179.91,4049.36,2022-06-12,14,60.8,robert.williams@company.com,(267) 238-8152,Active
EMP028646,Daniel,Martin,Daniel Martin,62,Legal,Manager,Austin,118561.47,19583.18,2023-07-09,39,63.8,daniel.martin@company.com,(317) 716-6317,Active
EMP028647,James,Miller,James Miller,37,Finance,Director,Austin,62751.34,9633.99,2023-06-10,11,64.7,james.miller@company.com,(614) 835-5028,Active
EMP028648,Stephanie,Thomas,Stephanie Thomas,55,Engineering,Manager,Miami,99906.2,8563.38,2020-06-14,26,59.4,stephanie.thomas@company.com,(769) 543-9170,Active
EMP028649,Stephanie,Jackson,Stephanie Jackson,53,Legal,Coordinator,Miami,119814.91,10374.71,2021-04-29,28,73.9,stephanie.jackson@company.com,(758) 749-8241,Inactive
EMP028650,Lisa,Gonzalez,Lisa Gonzalez,60,IT,Senior Developer,Los Angeles,133338.55,1674.94,2022-02-27,36,67.5,lisa.gonzalez@company.com,(839) 412-9246,Active
EMP028651,Jessica,Johnson,Jessica Johnson,40,Sales,Director,Seattle,62691.94,15134.33,2023-03-03,14,37.6,jessica.johnson@company.com,(905) 953-2763,Active
EMP028652,Daniel,Martinez,Daniel Martinez,27,Engineering,Associate,Chicago,107029.59,1288.72,2024-09-11,0,93.2,daniel.martinez@company.com,(837) 203-8408,Active
EMP028653,Amanda,Smith,Amanda Smith,41,Legal,Associate,Chicago,100751.66,12264.68,2023-07-28,17,79.1,amanda.smith@company.com,(465) 494-8680,Active
EMP028654,Michael,Gonzalez,Michael Gonzalez,42,IT,Associate,Boston,55158.09,4339.84,2021-10-27,13,67.0,michael.gonzalez@company.com,(275) 847-9421,Active
EMP028655,Michael,Martin,Michael Martin,34,Marketing,Director,Seattle,51254.62,5954.04,2021-11-06,9,61.5,michael.martin@company.com,(391) 897-8179,Active
EMP028656,Lisa,Rodriguez,Lisa Rodriguez,36,Marketing,Director,Chicago,69336.62,6788.44,2020-05-05,7,100.0,lisa.rodriguez@company.com,(986) 882-9455,On Leave
EMP028657,Amanda,Rodriguez,Amanda Rodriguez,25,Marketing,Senior Developer,Chicago,49657.0,6753.8,2022-03-16,1,34.9,amanda.rodriguez@company.com,(441) 269-7886,On Leave
EMP028658,Lisa,Williams,Lisa Williams,49,Sales,Manager,Austin,69205.08,6072.29,2020-07-26,23,100.0,lisa.williams@company.com,(330) 383-7683,Active
EMP028659,Ashley,Smith,Ashley Smith,48,IT,Manager,San Francisco,90987.16,7525.95,2022-06-07,26,94.5,ashley.smith@company.com,(675) 947-3983,Active
EMP028660,Daniel,Williams,Daniel Williams,26,Sales,Associate,Seattle,82810.58,15492.0,2024-11-18,0,95.8,daniel.williams@company.com,(328) 783-9958,Active
EMP028661,Matthew,Jones,Matthew Jones,26,Sales,Senior Developer,Seattle,72282.75,6471.35,2020-10-26,0,76.9,matthew.jones@company.com,(342) 749-4016,Inactive
EMP028662,James,Wilson,James Wilson,33,Operations,Lead,New York,56893.87,6871.85,2022-02-11,6,77.4,james.wilson@company.com,(294) 219-1582,Active
EMP028663,James,Brown,James Brown,24,Sales,Associate,Seattle,52475.03,5773.51,2021-05-30,1,89.4,james.brown@company.com,(624) 943-1505,Active
EMP028664,David,Lopez,David Lopez,37,Operations,Lead,Austin,53474.24,1811.7,2023-08-27,11,100.0,david.lopez@company.com,(485) 231-9708,Active
EMP028665,William,Rodriguez,William Rodriguez,45,Operations,Lead,Seattle,32010.17,5474.54,2021-07-10,19,41.2,william.rodriguez@company.com,(280) 319-3002,Active
EMP028666,Lisa,Anderson,Lisa Anderson,52,Engineering,Lead,New York,156769.54,6367.61,2022-04-29,24,77.4,lisa.anderson@company.com,(651) 835-3828,Active
EMP028667,Ashley,Wilson,Ashley Wilson,59,Finance,Coordinator,Los Angeles,115087.46,7410.97,2021-09-06,31,84.3,ashley.wilson@company.com,(259) 306-8474,Active
EMP028668,William,Taylor,William Taylor,56,Engineering,Associate,Austin,111295.81,7832.55,2024-02-11,27,74.7,william.taylor@company.com,(743) 855-6085,Active
EMP028669,Amanda,Brown,Amanda Brown,42,Operations,Lead,Miami,42899.17,7435.57,2024-12-03,19,59.4,amanda.brown@company.com,(463) 325-7312,Active
EMP028670,Sarah,Davis,Sarah Davis,61,Finance,Director,Boston,126889.12,1821.67,2024-11-10,35,95.5,sarah.davis@company.com,(991) 374-4430,Active
EMP028671,Stephanie,Johnson,Stephanie Johnson,31,Sales,Coordinator,Los Angeles,72634.56,9982.08,2022-06-19,2,52.6,stephanie.johnson@company.com,(765) 956-7540,Active
EMP028672,Jessica,Smith,Jessica Smith,35,Finance,Director,Boston,121092.11,4273.44,2022-04-02,6,64.5,jessica.smith@company.com,(794) 798-2680,Active
EMP028673,Anthony,Taylor,Anthony Taylor,52,Operations,Associate,Austin,73337.61,13142.4,2024-02-04,27,69.8,anthony.taylor@company.com,(222) 500-9786,Active
EMP028674,William,Davis,William Davis,32,HR,Manager,Boston,91808.07,12129.48,2020-10-05,8,91.4,william.davis@company.com,(392) 418-9158,Inactive
EMP028675,Robert,Anderson,Robert Anderson,56,HR,Coordinator,Boston,52555.91,8594.97,2021-02-27,34,86.4,robert.anderson@company.com,(630) 340-9545,Active
EMP028676,Melissa,Smith,Melissa Smith,37,Marketing,Specialist,New York,46876.99,9453.13,2020-03-09,15,60.3,melissa.smith@company.com,(482) 651-9848,Active
EMP028677,Stephanie,Garcia,Stephanie Garcia,35,Finance,Associate,Austin,57211.24,7801.23,2021-06-17,11,65.8,stephanie.garcia@company.com,(820) 214-8535,Active
EMP028678,Lisa,Jones,Lisa Jones,59,Legal,Analyst,New York,99462.05,9440.7,2021-12-13,31,52.0,lisa.jones@company.com,(848) 401-6652,Inactive
EMP028679,Ashley,Smith,Ashley Smith,64,Legal,Specialist,Seattle,120587.41,15630.3,2023-12-27,40,100.0,ashley.smith@company.com,(987) 978-6517,Active
EMP028680,Jessica,Garcia,Jessica Garcia,30,Legal,Specialist,Los Angeles,71188.04,4264.48,2022-11-03,1,44.6,jessica.garcia@company.com,(496) 881-7273,Active
EMP028681,Christopher,Smith,Christopher Smith,47,Legal,Analyst,Chicago,104473.45,10568.72,2021-07-13,21,64.2,christopher.smith@company.com,(233) 527-6017,Active
EMP028682,Melissa,Anderson,Melissa Anderson,59,IT,Lead,Boston,119654.62,14279.17,2020-10-12,33,85.9,melissa.anderson@company.com,(287) 790-4474,Active
EMP028683,John,Wilson,John Wilson,29,HR,Coordinator,Miami,60391.29,9297.56,2022-12-05,2,77.5,john.wilson@company.com,(803) 279-5814,Active
EMP028684,Stephanie,Lopez,Stephanie Lopez,61,Marketing,Manager,Seattle,66760.92,2218.43,2022-08-19,39,69.9,stephanie.lopez@company.com,(889) 893-4529,Active
EMP028685,Michael,Smith,Michael Smith,54,Marketing,Senior Developer,San Francisco,78669.55,8994.41,2022-02-15,32,84.5,michael.smith@company.com,(401) 704-5509,Active
EMP028686,Emily,Anderson,Emily Anderson,35,Legal,Manager,San Francisco,62856.28,6924.93,2023-09-25,7,100.0,emily.anderson@company.com,(381) 994-2659,Active
EMP028687,Emily,Brown,Emily Brown,44,Marketing,Associate,San Francisco,89035.41,10482.8,2023-08-20,18,57.4,emily.brown@company.com,(334) 504-2118,Active
EMP028688,Michael,Gonzalez,Michael Gonzalez,26,Finance,Specialist,New York,57938.64,3075.34,2022-12-05,0,72.3,michael.gonzalez@company.com,(718) 462-9942,Active
EMP028689,Jessica,Jones,Jessica Jones,22,Finance,Coordinator,New York,63508.34,4221.28,2022-08-30,0,93.0,jessica.jones@company.com,(410) 730-7961,Active
EMP028690,Emily,Garcia,Emily Garcia,45,Finance,Director,Miami,90938.49,2624.92,2021-02-06,22,69.5,emily.garcia@company.com,(651) 974-1970,Active
EMP028691,Lisa,Garcia,Lisa Garcia,41,Legal,Director,Austin,96537.26,7767.63,2024-02-11,15,74.7,lisa.garcia@company.com,(554) 824-3271,Active
EMP028692,Ashley,Johnson,Ashley Johnson,61,Legal,Director,San Francisco,114878.45,8991.3,2021-11-11,39,83.2,ashley.johnson@company.com,(232) 588-1398,Active
EMP028693,Lisa,Moore,Lisa Moore,46,Operations,Specialist,Austin,56145.86,8476.64,2023-04-09,17,84.7,lisa.moore@company.com,(622) 779-7434,Active
EMP028694,Stephanie,Johnson,Stephanie Johnson,65,HR,Analyst,San Francisco,86414.61,10732.18,2022-10-02,40,91.8,stephanie.johnson@company.com,(579) 425-1487,Active
EMP028695,Sarah,Johnson,Sarah Johnson,51,Operations,Lead,New York,59320.55,8017.6,2021-02-23,25,64.4,sarah.johnson@company.com,(329) 497-2930,Active
EMP028696,Stephanie,Taylor,Stephanie Taylor,38,Marketing,Senior Developer,Chicago,51273.58,5677.92,2024-03-09,14,89.5,stephanie.taylor@company.com,(263) 696-6024,Active
EMP028697,Robert,Hernandez,Robert Hernandez,42,Operations,Lead,Boston,44019.77,1866.0,2020-05-09,20,66.9,robert.hernandez@company.com,(676) 782-1279,On Leave
EMP028698,Lisa,Miller,Lisa Miller,29,Finance,Coordinator,New York,59840.82,830.91,2022-04-13,4,85.9,lisa.miller@company.com,(963) 612-2185,Active
EMP028699,Jane,Taylor,Jane Taylor,63,Operations,Lead,New York,86541.77,7507.66,2020-04-14,38,76.2,jane.taylor@company.com,(934) 936-5735,On Leave
EMP028700,Matthew,Jackson,Matthew Jackson,43,Finance,Analyst,Los Angeles,67098.23,6345.41,2021-10-12,14,84.9,matthew.jackson@company.com,(296) 851-7200,Active
EMP028701,Christopher,Hernandez,Christopher Hernandez,64,HR,Senior Developer,Chicago,79534.9,12327.69,2021-06-12,36,61.2,christopher.hernandez@company.com,(977) 992-8482,Active
EMP028702,John,Wilson,John Wilson,26,HR,Senior Developer,Chicago,42762.08,3416.9,2024-02-09,1,61.9,john.wilson@company.com,(768) 452-2346,Active
EMP028703,David,Williams,David Williams,27,Sales,Specialist,New York,67040.93,7155.49,2022-09-11,3,63.2,david.williams@company.com,(915) 202-9466,Active
EMP028704,Sarah,Miller,Sarah Miller,27,Marketing,Specialist,Austin,50769.46,5945.73,2024-06-17,4,81.9,sarah.miller@company.com,(611) 811-4667,Active
EMP028705,John,Gonzalez,John Gonzalez,51,Finance,Specialist,Boston,112166.75,5315.64,2022-10-03,29,59.4,john.gonzalez@company.com,(201) 894-7733,Active
EMP028706,William,Rodriguez,William Rodriguez,57,Operations,Lead,Seattle,74579.8,9163.93,2023-08-30,31,85.0,william.rodriguez@company.com,(277) 650-9341,Active
EMP028707,David,Lopez,David Lopez,24,Engineering,Coordinator,New York,73398.55,9178.23,2021-01-24,0,89.5,david.lopez@company.com,(929) 774-4294,Active
EMP028708,John,Jones,John Jones,53,Finance,Associate,Boston,113232.37,6977.99,2020-08-25,31,81.4,john.jones@company.com,(345) 549-5798,Active
EMP028709,Daniel,Rodriguez,Daniel Rodriguez,45,Legal,Lead,Miami,112129.66,12658.81,2021-07-29,23,72.0,daniel.rodriguez@company.com,(674) 606-1090,Active
EMP028710,Amanda,Williams,Amanda Williams,42,Finance,Lead,Boston,73089.52,8256.45,2022-07-16,13,85.7,amanda.williams@company.com,(859) 994-7846,Active
EMP028711,Amanda,Lopez,Amanda Lopez,35,Legal,Coordinator,Seattle,66654.07,9146.03,2023-06-18,7,98.3,amanda.lopez@company.com,(413) 544-7181,Active
EMP028712,Stephanie,Rodriguez,Stephanie Rodriguez,23,HR,Specialist,Austin,53815.0,8365.71,2022-03-17,0,88.5,stephanie.rodriguez@company.com,(674) 268-3032,Active
EMP028713,Stephanie,Moore,Stephanie Moore,36,Engineering,Associate,Los Angeles,79875.91,17192.92,2020-09-13,8,81.0,stephanie.moore@company.com,(925) 776-4021,Active
EMP028714,David,Jones,David Jones,38,HR,Manager,Boston,52180.0,4780.06,2022-12-09,11,71.9,david.jones@company.com,(448) 202-5575,Active
EMP028715,Christopher,Miller,Christopher Miller,35,Marketing,Lead,New York,51057.78,6811.45,2023-04-28,9,100.0,christopher.miller@company.com,(374) 545-8543,Inactive
EMP028716,Jane,Williams,Jane Williams,33,Engineering,Lead,Los Angeles,99266.02,11615.54,2021-11-28,5,50.4,jane.williams@company.com,(821) 410-9439,Active
EMP028717,Stephanie,Moore,Stephanie Moore,58,IT,Analyst,Chicago,120095.28,6680.58,2022-08-22,33,92.6,stephanie.moore@company.com,(670) 358-7345,Active
EMP028718,James,Brown,James Brown,53,IT,Associate,San Francisco,119071.15,15327.01,2023-08-11,27,100.0,james.brown@company.com,(842) 434-3393,Active
EMP028719,Lisa,Thomas,Lisa Thomas,54,IT,Specialist,Seattle,120687.67,15600.37,2021-05-02,27,79.9,lisa.thomas@company.com,(872) 551-8065,Active
EMP028720,Amanda,Jones,Amanda Jones,61,Sales,Lead,Los Angeles,83810.85,9962.01,2023-07-14,34,66.4,amanda.jones@company.com,(297) 459-9721,Active
EMP028721,Sarah,Rodriguez,Sarah Rodriguez,52,Legal,Senior Developer,Austin,110089.64,0.0,2021-01-13,27,45.5,sarah.rodriguez@company.com,(637) 924-2917,Active
EMP028722,Jessica,Taylor,Jessica Taylor,40,Legal,Specialist,Chicago,105269.69,9844.19,2020-09-25,16,69.7,jessica.taylor@company.com,(609) 788-9055,On Leave
EMP028723,Lisa,Moore,Lisa Moore,35,Sales,Director,Boston,46917.35,1448.4,2024-10-01,8,64.1,lisa.moore@company.com,(922) 581-2827,Active
EMP028724,Stephanie,Brown,Stephanie Brown,28,Operations,Manager,Miami,68027.14,6440.16,2022-06-10,3,64.9,stephanie.brown@company.com,(641) 330-4155,Active
EMP028725,Christopher,Williams,Christopher Williams,46,Engineering,Manager,New York,113989.19,4885.95,2020-05-19,19,84.8,christopher.williams@company.com,(774) 435-8111,Active
EMP028726,David,Jones,David Jones,61,Marketing,Director,Austin,75775.95,10600.88,2023-03-25,38,74.3,david.jones@company.com,(659) 365-6687,Active
EMP028727,Jane,Davis,Jane Davis,63,Marketing,Specialist,San Francisco,80429.83,11243.87,2023-08-17,35,100.0,jane.davis@company.com,(424) 880-9239,Active
EMP028728,Amanda,Hernandez,Amanda Hernandez,62,Engineering,Specialist,New York,100195.09,8017.19,2024-09-26,40,58.5,amanda.hernandez@company.com,(332) 277-6660,Active
EMP028729,Christopher,Taylor,Christopher Taylor,58,Finance,Lead,Miami,92233.58,11212.69,2022-02-13,35,82.0,christopher.taylor@company.com,(456) 583-8927,Active
EMP028730,James,Martinez,James Martinez,27,Legal,Senior Developer,Seattle,66142.47,8764.25,2021-03-01,0,95.8,james.martinez@company.com,(712) 433-6216,Active
EMP028731,Matthew,Williams,Matthew Williams,25,Finance,Manager,Miami,82826.92,11353.68,2024-07-21,1,49.5,matthew.williams@company.com,(314) 786-8615,Active
EMP028732,Melissa,Martinez,Melissa Martinez,53,HR,Director,New York,54728.95,8647.28,2023-07-21,27,87.9,melissa.martinez@company.com,(613) 724-2497,Active
EMP028733,Christopher,Wilson,Christopher Wilson,51,Marketing,Coordinator,San Francisco,79254.37,8158.01,2021-04-24,28,58.1,christopher.wilson@company.com,(929) 207-7174,Inactive
EMP028734,David,Jackson,David Jackson,28,Legal,Lead,Miami,63103.34,8923.22,2020-11-04,3,97.0,david.jackson@company.com,(699) 768-4898,Active
EMP028735,Anthony,Davis,Anthony Davis,56,Operations,Analyst,Seattle,88237.28,13201.82,2024-01-17,29,75.1,anthony.davis@company.com,(223) 846-9158,Inactive
EMP028736,Stephanie,Martinez,Stephanie Martinez,58,Sales,Analyst,New York,107321.49,18009.22,2021-10-28,33,82.6,stephanie.martinez@company.com,(533) 670-5177,Active
EMP028737,David,Jackson,David Jackson,54,HR,Manager,San Francisco,70970.01,7487.74,2020-04-27,26,82.1,david.jackson@company.com,(679) 506-3728,Active
EMP028738,William,Johnson,William Johnson,55,Finance,Associate,Chicago,77555.09,12609.3,2021-05-05,28,49.2,william.johnson@company.com,(708) 895-2526,Active
EMP028739,Melissa,Wilson,Melissa Wilson,26,IT,Specialist,Chicago,110707.63,7686.98,2022-12-17,4,56.1,melissa.wilson@company.com,(326) 690-1435,Active
EMP028740,Jane,Martin,Jane Martin,59,Legal,Lead,Miami,114240.29,13343.96,2022-12-23,35,90.7,jane.martin@company.com,(977) 678-4552,On Leave
EMP028741,Christopher,Martin,Christopher Martin,58,Finance,Analyst,San Francisco,120626.82,15037.44,2021-05-02,32,80.4,christopher.martin@company.com,(862) 876-7048,Active
EMP028742,David,Taylor,David Taylor,23,Engineering,Lead,Austin,85156.95,9123.2,2022-04-07,1,76.6,david.taylor@company.com,(802) 519-4831,Active
EMP028743,James,Jackson,James Jackson,34,Legal,Lead,San Francisco,58161.68,7450.91,2021-07-15,11,86.8,james.jackson@company.com,(374) 777-2071,On Leave
EMP028744,James,Gonzalez,James Gonzalez,52,HR,Senior Developer,Miami,70356.47,8385.71,2020-03-10,23,60.1,james.gonzalez@company.com,(918) 563-1233,Active
EMP028745,Robert,Brown,Robert Brown,39,Operations,Director,Miami,49090.5,6742.65,2021-06-14,15,83.9,robert.brown@company.com,(836) 823-2154,Active
EMP028746,David,Hernandez,David Hernandez,29,Engineering,Associate,Chicago,67299.81,4003.72,2021-03-10,1,78.1,david.hernandez@company.com,(672) 845-5426,Active
EMP028747,Anthony,Brown,Anthony Brown,56,Legal,Senior Developer,Austin,100656.1,11471.18,2020-06-17,33,71.3,anthony.brown@company.com,(266) 515-7145,Active
EMP028748,Emily,Williams,Emily Williams,27,Engineering,Senior Developer,Boston,105295.83,8264.28,2023-02-09,0,49.1,emily.williams@company.com,(461) 402-6699,Active
EMP028749,Robert,Gonzalez,Robert Gonzalez,48,Operations,Senior Developer,New York,90771.72,11720.59,2020-07-02,25,64.8,robert.gonzalez@company.com,(718) 789-8453,Active
EMP028750,Jessica,Martinez,Jessica Martinez,46,Engineering,Senior Developer,New York,112570.92,9543.72,2023-11-06,23,83.7,jessica.martinez@company.com,(541) 482-7313,Active
EMP028751,Robert,Davis,Robert Davis,26,Legal,Coordinator,Boston,115976.83,17106.62,2022-08-30,0,41.1,robert.davis@company.com,(475) 749-1763,Active
EMP028752,James,Taylor,James Taylor,50,IT,Specialist,Seattle,56374.54,9522.32,2022-01-08,27,77.0,james.taylor@company.com,(618) 782-3467,Active
EMP028753,Ashley,Johnson,Ashley Johnson,56,Marketing,Associate,Los Angeles,75922.64,12758.49,2022-06-05,32,67.9,ashley.johnson@company.com,(769) 521-4361,Active
EMP028754,Matthew,Williams,Matthew Williams,32,Finance,Associate,New York,99819.03,8243.96,2024-10-01,8,83.6,matthew.williams@company.com,(911) 349-6140,On Leave
EMP028755,Anthony,Brown,Anthony Brown,58,HR,Coordinator,Miami,68298.01,5953.17,2023-05-12,30,83.9,anthony.brown@company.com,(390) 200-9395,Inactive
EMP028756,Jane,Davis,Jane Davis,40,Engineering,Senior Developer,New York,106452.83,19780.71,2023-12-10,16,63.2,jane.davis@company.com,(399) 487-9367,Active
EMP028757,Jessica,Gonzalez,Jessica Gonzalez,27,Marketing,Manager,New York,69513.33,4364.06,2024-02-25,0,78.7,jessica.gonzalez@company.com,(262) 685-4448,Active
EMP028758,William,Thomas,William Thomas,27,Sales,Analyst,Miami,73816.05,7230.83,2022-01-18,0,45.6,william.thomas@company.com,(288) 301-3251,Active
EMP028759,Jane,Jones,Jane Jones,52,IT,Coordinator,Chicago,111708.09,16053.93,2022-11-10,26,82.5,jane.jones@company.com,(232) 901-9975,Active
EMP028760,Nicole,Garcia,Nicole Garcia,45,Engineering,Specialist,Los Angeles,134933.45,12774.15,2020-05-14,22,77.4,nicole.garcia@company.com,(511) 409-3388,Active
EMP028761,John,Smith,John Smith,38,Sales,Manager,Austin,53972.46,8162.57,2021-06-12,11,72.2,john.smith@company.com,(771) 506-8861,Inactive
EMP028762,Anthony,Thomas,Anthony Thomas,23,Sales,Associate,Los Angeles,52681.7,7407.78,2022-07-08,0,73.4,anthony.thomas@company.com,(599) 998-4225,Active
EMP028763,Daniel,Gonzalez,Daniel Gonzalez,64,Sales,Manager,Los Angeles,85322.63,6435.4,2022-10-24,37,100.0,daniel.gonzalez@company.com,(810) 818-7039,Active
EMP028764,Jane,Gonzalez,Jane Gonzalez,31,Legal,Lead,Austin,115364.61,15780.86,2021-06-15,8,60.4,jane.gonzalez@company.com,(942) 796-2658,Active
EMP028765,Stephanie,Taylor,Stephanie Taylor,22,IT,Manager,New York,51699.39,2263.16,2022-07-27,0,82.8,stephanie.taylor@company.com,(780) 332-8508,Active
EMP028766,Michael,Johnson,Michael Johnson,56,HR,Director,Chicago,86973.28,13621.46,2020-12-05,30,59.5,michael.johnson@company.com,(741) 696-2679,Active
EMP028767,Amanda,Martinez,Amanda Martinez,26,HR,Senior Developer,Chicago,72948.94,10826.47,2022-04-09,0,78.7,amanda.martinez@company.com,(290) 499-6342,Active
EMP028768,Daniel,Thomas,Daniel Thomas,24,HR,Senior Developer,Austin,56142.34,2564.6,2020-09-19,2,63.7,daniel.thomas@company.com,(315) 441-7711,Active
EMP028769,John,Williams,John Williams,55,Finance,Manager,San Francisco,105753.44,6346.69,2023-10-02,33,93.8,john.williams@company.com,(935) 505-6447,Active
EMP028770,Jane,Lopez,Jane Lopez,26,IT,Manager,Boston,59504.61,9909.84,2021-02-03,0,76.2,jane.lopez@company.com,(274) 655-1991,Active
EMP028771,Nicole,Jackson,Nicole Jackson,54,Sales,Specialist,San Francisco,111189.49,15594.36,2023-11-06,32,54.4,nicole.jackson@company.com,(516) 367-5192,Active
EMP028772,Ashley,Wilson,Ashley Wilson,29,Sales,Associate,Seattle,68228.58,14900.93,2020-02-17,7,98.7,ashley.wilson@company.com,(256) 449-3643,Active
EMP028773,Amanda,Garcia,Amanda Garcia,56,Sales,Specialist,Boston,107938.34,3004.23,2024-06-05,28,50.0,amanda.garcia@company.com,(718) 919-1623,Active
EMP028774,John,Williams,John Williams,24,Sales,Analyst,Los Angeles,71396.06,9407.73,2023-12-10,0,63.2,john.williams@company.com,(402) 429-2123,Active
EMP028775,Jessica,Davis,Jessica Davis,60,Engineering,Lead,San Francisco,101894.58,7294.63,2021-09-10,34,77.2,jessica.davis@company.com,(932) 210-9863,Active
EMP028776,Jane,Martin,Jane Martin,24,HR,Coordinator,New York,52591.44,5320.8,2020-05-19,0,94.9,jane.martin@company.com,(400) 966-9536,On Leave
EMP028777,David,Williams,David Williams,46,Sales,Coordinator,Seattle,67675.37,9054.32,2021-11-05,22,60.7,david.williams@company.com,(325) 855-3318,Active
EMP028778,Jessica,Brown,Jessica Brown,55,Operations,Coordinator,Chicago,66422.69,5569.71,2023-02-23,31,56.9,jessica.brown@company.com,(877) 829-1925,Active
EMP028779,Lisa,Rodriguez,Lisa Rodriguez,42,Finance,Senior Developer,New York,70549.83,2158.91,2020-08-28,19,58.6,lisa.rodriguez@company.com,(530) 525-1789,Active
EMP028780,Jane,Hernandez,Jane Hernandez,40,Engineering,Manager,Boston,89013.21,5490.38,2021-08-25,18,66.2,jane.hernandez@company.com,(901) 546-3501,Inactive
EMP028781,Melissa,Martin,Melissa Martin,49,Legal,Specialist,Seattle,96474.03,5389.62,2020-01-05,21,91.7,melissa.martin@company.com,(225) 332-1649,Active
EMP028782,Nicole,Miller,Nicole Miller,42,Operations,Lead,Austin,55014.52,2484.49,2024-09-08,14,86.1,nicole.miller@company.com,(306) 418-8975,Active
EMP028783,William,Taylor,William Taylor,38,Sales,Manager,Miami,89602.6,6342.51,2021-08-01,9,58.8,william.taylor@company.com,(248) 646-7153,Active
EMP028784,John,Hernandez,John Hernandez,61,Operations,Senior Developer,Los Angeles,84830.19,14862.49,2020-03-17,39,64.3,john.hernandez@company.com,(649) 740-5468,Active
EMP028785,Emily,Rodriguez,Emily Rodriguez,59,Sales,Associate,Seattle,67737.42,4427.65,2024-03-23,31,88.5,emily.rodriguez@company.com,(358) 668-4807,Active
EMP028786,Christopher,Brown,Christopher Brown,51,Marketing,Director,New York,49799.87,5024.05,2020-04-28,26,65.9,christopher.brown@company.com,(762) 617-6936,Active
EMP028787,Anthony,Jones,Anthony Jones,24,Engineering,Director,Miami,119740.05,16762.04,2024-01-11,0,95.7,anthony.jones@company.com,(425) 659-6025,Active
EMP028788,Daniel,Moore,Daniel Moore,32,Sales,Analyst,San Francisco,43977.77,2519.87,2020-06-18,7,67.5,daniel.moore@company.com,(789) 706-7533,Active
EMP028789,Robert,Rodriguez,Robert Rodriguez,57,Engineering,Analyst,Seattle,90539.54,4461.32,2022-10-30,32,44.5,robert.rodriguez@company.com,(291) 618-4903,Active
EMP028790,Anthony,Taylor,Anthony Taylor,39,HR,Associate,Chicago,56693.55,790.45,2023-12-29,15,69.6,anthony.taylor@company.com,(997) 708-6981,Active
EMP028791,Matthew,Thomas,Matthew Thomas,44,Engineering,Lead,New York,80987.74,4860.66,2021-01-22,22,74.1,matthew.thomas@company.com,(598) 323-7964,Active
EMP028792,Michael,Martinez,Michael Martinez,53,Marketing,Associate,Austin,79587.31,12014.37,2024-08-29,31,67.0,michael.martinez@company.com,(367) 251-8014,Active
EMP028793,Nicole,Lopez,Nicole Lopez,50,Legal,Coordinator,Miami,101705.16,0.0,2022-04-16,25,72.7,nicole.lopez@company.com,(830) 291-3819,Active
EMP028794,Stephanie,Martin,Stephanie Martin,53,Finance,Specialist,Boston,104462.37,2411.95,2024-07-05,31,58.5,stephanie.martin@company.com,(828) 203-8776,Active
EMP028795,Jessica,Martin,Jessica Martin,53,Marketing,Analyst,Chicago,97865.84,3631.08,2020-08-16,26,72.0,jessica.martin@company.com,(393) 372-8016,Active
EMP028796,Amanda,Miller,Amanda Miller,42,Sales,Lead,New York,65044.37,7392.67,2023-09-12,18,90.0,amanda.miller@company.com,(979) 893-5398,Active
EMP028797,Daniel,Gonzalez,Daniel Gonzalez,43,Marketing,Specialist,Boston,60751.48,9125.63,2020-11-03,19,70.3,daniel.gonzalez@company.com,(613) 273-6622,Active
EMP028798,Amanda,Davis,Amanda Davis,30,Engineering,Director,New York,59740.42,3403.63,2024-04-22,3,72.6,amanda.davis@company.com,(882) 637-9814,On Leave
EMP028799,Nicole,Lopez,Nicole Lopez,51,Operations,Coordinator,Chicago,67137.11,12850.55,2021-12-09,23,94.0,nicole.lopez@company.com,(721) 903-1800,On Leave
EMP028800,Matthew,Anderson,Matthew Anderson,27,Finance,Lead,Chicago,53502.34,1824.33,2022-04-17,3,87.6,matthew.anderson@company.com,(304) 727-3710,Active
EMP028801,Michael,Moore,Michael Moore,60,Finance,Specialist,New York,64754.18,5328.46,2024-11-14,36,67.3,michael.moore@company.com,(222) 689-8849,Active
EMP028802,Robert,Anderson,Robert Anderson,29,HR,Senior Developer,Seattle,56175.98,7530.45,2023-12-03,7,67.7,robert.anderson@company.com,(770) 581-7380,Active
EMP028803,Jane,Martinez,Jane Martinez,38,Finance,Manager,Seattle,72776.83,12058.65,2022-01-19,13,87.1,jane.martinez@company.com,(988) 404-9671,Active
EMP028804,Daniel,Wilson,Daniel Wilson,27,Engineering,Manager,Los Angeles,56882.18,46.49,2020-03-03,5,78.0,daniel.wilson@company.com,(816) 574-2699,Active
EMP028805,William,Williams,William Williams,35,Finance,Senior Developer,Chicago,75417.17,6905.93,2024-08-21,10,81.0,william.williams@company.com,(948) 702-4607,Active
EMP028806,Jessica,Taylor,Jessica Taylor,62,Finance,Director,Austin,75741.23,4784.44,2022-08-17,35,66.1,jessica.taylor@company.com,(246) 689-4109,Active
EMP028807,Melissa,Williams,Melissa Williams,31,Operations,Director,Seattle,49927.44,4836.98,2024-02-16,5,93.3,melissa.williams@company.com,(605) 742-2452,Active
EMP028808,James,Martin,James Martin,58,Engineering,Coordinator,Los Angeles,119704.81,15764.76,2024-09-14,31,79.6,james.martin@company.com,(914) 743-7733,On Leave
EMP028809,Matthew,Brown,Matthew Brown,30,Finance,Senior Developer,Miami,53052.14,8734.39,2021-05-11,5,85.6,matthew.brown@company.com,(396) 814-4488,Active
EMP028810,David,Thomas,David Thomas,62,Operations,Coordinator,San Francisco,73802.66,10130.17,2024-01-27,37,60.6,david.thomas@company.com,(776) 694-5863,Active
EMP028811,Ashley,Hernandez,Ashley Hernandez,60,Legal,Associate,Chicago,108751.88,13932.19,2021-09-06,31,89.4,ashley.hernandez@company.com,(821) 966-4235,Active
EMP028812,James,Anderson,James Anderson,49,Finance,Senior Developer,Los Angeles,82623.87,12204.23,2022-08-19,21,41.3,james.anderson@company.com,(909) 460-9763,Active
EMP028813,Christopher,Jackson,Christopher Jackson,56,Sales,Lead,New York,82693.33,9735.61,2021-08-28,33,52.5,christopher.jackson@company.com,(932) 839-9236,Active
EMP028814,Christopher,Thomas,Christopher Thomas,59,IT,Senior Developer,Miami,103575.5,10666.15,2023-11-22,33,58.7,christopher.thomas@company.com,(379) 891-6580,Active
EMP028815,Sarah,Williams,Sarah Williams,27,Sales,Associate,Seattle,53364.26,3708.36,2021-01-15,1,100.0,sarah.williams@company.com,(311) 478-4155,Active
EMP028816,Jessica,Jones,Jessica Jones,32,Sales,Director,Miami,62366.51,7593.1,2022-06-22,3,72.4,jessica.jones@company.com,(621) 767-3999,Active
EMP028817,Amanda,Johnson,Amanda Johnson,56,IT,Specialist,Los Angeles,100888.13,12084.17,2021-01-18,29,77.1,amanda.johnson@company.com,(808) 976-7791,Active
EMP028818,William,Rodriguez,William Rodriguez,50,Marketing,Manager,New York,77435.72,18982.77,2024-08-03,21,73.5,william.rodriguez@company.com,(251) 481-5906,Active
EMP028819,Matthew,Davis,Matthew Davis,46,Sales,Director,San Francisco,51706.61,3560.29,2022-07-01,19,61.0,matthew.davis@company.com,(742) 607-7034,On Leave
EMP028820,Lisa,Smith,Lisa Smith,28,Sales,Analyst,Miami,58738.55,4605.65,2024-09-08,5,84.6,lisa.smith@company.com,(275) 325-3480,Active
EMP028821,John,Jackson,John Jackson,35,Legal,Director,Los Angeles,65375.38,2088.02,2022-06-24,9,85.2,john.jackson@company.com,(216) 776-1720,Active
EMP028822,Lisa,Williams,Lisa Williams,38,Finance,Director,Austin,71449.65,3785.82,2020-08-21,11,100.0,lisa.williams@company.com,(587) 974-6575,On Leave
EMP028823,Emily,Miller,Emily Miller,28,HR,Coordinator,Miami,62259.18,6268.63,2021-11-03,1,26.8,emily.miller@company.com,(643) 289-9929,Active
EMP028824,Amanda,Anderson,Amanda Anderson,28,HR,Lead,Los Angeles,64332.07,9837.33,2022-06-14,3,75.9,amanda.anderson@company.com,(371) 670-4942,Active
EMP028825,John,Martin,John Martin,24,IT,Manager,New York,82993.77,3984.1,2021-02-04,0,55.8,john.martin@company.com,(354) 774-4662,Active
EMP028826,Jessica,Anderson,Jessica Anderson,50,Legal,Specialist,Miami,104540.84,11166.69,2020-06-04,27,80.7,jessica.anderson@company.com,(783) 554-6702,Active
EMP028827,Sarah,Gonzalez,Sarah Gonzalez,48,Legal,Coordinator,San Francisco,105744.35,5826.93,2022-12-16,21,100.0,sarah.gonzalez@company.com,(919) 997-4103,Active
EMP028828,Michael,Wilson,Michael Wilson,25,Finance,Associate,Seattle,46681.31,9919.4,2023-09-21,0,69.6,michael.wilson@company.com,(454) 227-6290,Active
EMP028829,Christopher,Brown,Christopher Brown,39,IT,Specialist,Boston,89096.71,6743.89,2023-11-07,14,88.3,christopher.brown@company.com,(340) 871-8377,Active
EMP028830,Christopher,Williams,Christopher Williams,52,Finance,Senior Developer,San Francisco,79380.14,4505.61,2023-02-17,26,65.7,christopher.williams@company.com,(386) 578-2544,Active
EMP028831,Jessica,Anderson,Jessica Anderson,43,IT,Coordinator,Seattle,120365.41,13908.4,2022-12-11,14,51.7,jessica.anderson@company.com,(975) 637-4318,Inactive
EMP028832,Robert,Williams,Robert Williams,24,Operations,Associate,Los Angeles,41558.33,9234.81,2021-08-17,1,69.5,robert.williams@company.com,(343) 379-9564,Active
EMP028833,Lisa,Smith,Lisa Smith,35,Engineering,Coordinator,Chicago,39000.0,2824.23,2024-09-21,6,79.2,lisa.smith@company.com,(718) 405-1900,Active
EMP028834,Amanda,Wilson,Amanda Wilson,51,Marketing,Lead,Los Angeles,59991.76,9256.31,2024-10-04,24,75.9,amanda.wilson@company.com,(970) 659-6073,Inactive
EMP028835,Jane,Anderson,Jane Anderson,33,IT,Manager,Los Angeles,70567.61,5132.53,2020-05-14,10,70.0,jane.anderson@company.com,(381) 766-5502,Active
EMP028836,Stephanie,Lopez,Stephanie Lopez,59,HR,Coordinator,Austin,67412.72,9562.43,2023-04-04,30,56.8,stephanie.lopez@company.com,(483) 204-4832,Active
EMP028837,Lisa,Davis,Lisa Davis,23,Finance,Coordinator,Chicago,45717.91,4687.3,2022-12-24,0,100.0,lisa.davis@company.com,(215) 755-1606,Active
EMP028838,Nicole,Anderson,Nicole Anderson,37,Sales,Associate,New York,77591.51,13957.14,2023-08-11,8,61.9,nicole.anderson@company.com,(250) 511-6117,Active
EMP028839,Daniel,Wilson,Daniel Wilson,31,HR,Manager,Austin,60502.3,7238.87,2023-04-08,7,67.8,daniel.wilson@company.com,(739) 991-3325,Active
EMP028840,Ashley,Lopez,Ashley Lopez,41,Engineering,Lead,New York,111118.56,13947.02,2020-05-07,12,57.1,ashley.lopez@company.com,(742) 595-7856,Active
EMP028841,Stephanie,Williams,Stephanie Williams,31,Operations,Associate,Chicago,50085.53,5659.71,2021-04-18,8,63.9,stephanie.williams@company.com,(861) 934-5968,Active
EMP028842,Jane,Hernandez,Jane Hernandez,23,Finance,Director,Seattle,51751.98,4312.21,2024-10-12,0,73.2,jane.hernandez@company.com,(946) 878-5408,Active
EMP028843,Robert,Anderson,Robert Anderson,47,IT,Lead,New York,86105.56,10085.15,2021-07-02,21,80.3,robert.anderson@company.com,(876) 700-5312,Active
EMP028844,Ashley,Rodriguez,Ashley Rodriguez,36,IT,Senior Developer,San Francisco,79231.72,5315.36,2024-04-25,11,68.5,ashley.rodriguez@company.com,(662) 606-4341,Active
EMP028845,Daniel,Garcia,Daniel Garcia,44,Engineering,Director,New York,92595.65,8545.24,2023-08-29,15,100.0,daniel.garcia@company.com,(897) 503-1901,Active
EMP028846,Sarah,Johnson,Sarah Johnson,61,Sales,Analyst,Los Angeles,88243.09,9857.65,2022-02-10,36,69.7,sarah.johnson@company.com,(755) 858-2011,Active
EMP028847,Anthony,Martinez,Anthony Martinez,25,Engineering,Manager,Seattle,73446.65,12009.33,2020-02-18,0,73.1,anthony.martinez@company.com,(824) 370-4237,Active
EMP028848,Jane,Rodriguez,Jane Rodriguez,33,Legal,Coordinator,Austin,76741.99,7745.11,2021-06-09,9,94.7,jane.rodriguez@company.com,(752) 946-8142,Active
EMP028849,John,Garcia,John Garcia,65,Engineering,Senior Developer,Austin,93439.71,13451.34,2021-04-18,39,74.6,john.garcia@company.com,(226) 476-1859,Active
EMP028850,Amanda,Anderson,Amanda Anderson,49,Legal,Lead,San Francisco,83197.36,10358.03,2022-02-06,27,76.9,amanda.anderson@company.com,(839) 299-9847,Active
EMP028851,William,Miller,William Miller,65,IT,Director,New York,75424.79,9178.13,2020-02-09,38,76.5,william.miller@company.com,(790) 631-1330,Active
EMP028852,David,Miller,David Miller,35,Operations,Lead,Chicago,55762.39,5945.58,2020-12-25,7,49.4,david.miller@company.com,(674) 520-6462,Active
EMP028853,Jessica,Wilson,Jessica Wilson,53,IT,Analyst,Chicago,105137.46,16092.44,2024-11-17,27,64.5,jessica.wilson@company.com,(487) 796-7742,Active
EMP028854,Nicole,Gonzalez,Nicole Gonzalez,62,Finance,Director,Chicago,99222.75,9737.1,2020-03-22,37,69.1,nicole.gonzalez@company.com,(279) 899-9224,Active
EMP028855,Stephanie,Jackson,Stephanie Jackson,30,HR,Manager,Seattle,56996.09,3861.46,2022-08-07,3,85.4,stephanie.jackson@company.com,(608) 831-9973,Active
EMP028856,Stephanie,Smith,Stephanie Smith,42,Finance,Associate,Miami,55674.07,2338.61,2022-12-10,20,80.1,stephanie.smith@company.com,(888) 835-7127,Active
EMP028857,John,Taylor,John Taylor,49,Marketing,Manager,Miami,59089.48,3259.57,2021-03-28,20,63.8,john.taylor@company.com,(914) 734-2331,Active
EMP028858,Jessica,Moore,Jessica Moore,56,HR,Analyst,New York,89149.83,6655.44,2021-09-27,28,64.7,jessica.moore@company.com,(662) 993-7948,Active
EMP028859,James,Jackson,James Jackson,65,Legal,Associate,Miami,128205.35,14989.87,2022-04-01,36,74.8,james.jackson@company.com,(755) 962-3343,Active
EMP028860,Michael,Taylor,Michael Taylor,46,Finance,Analyst,Los Angeles,94311.43,4256.79,2022-11-29,18,62.4,michael.taylor@company.com,(705) 518-8649,Active
EMP028861,Ashley,Anderson,Ashley Anderson,30,Engineering,Associate,New York,92595.69,15184.38,2023-12-17,3,100.0,ashley.anderson@company.com,(940) 519-3785,Inactive
EMP028862,Robert,Jackson,Robert Jackson,56,Operations,Associate,San Francisco,52400.24,5384.47,2023-10-14,34,92.0,robert.jackson@company.com,(708) 572-4798,Active
EMP028863,Jane,Hernandez,Jane Hernandez,63,Marketing,Manager,Seattle,81552.14,8095.55,2021-12-04,36,65.1,jane.hernandez@company.com,(688) 257-6792,Inactive
EMP028864,Ashley,Hernandez,Ashley Hernandez,26,HR,Director,Miami,45791.1,4668.59,2022-01-04,0,71.9,ashley.hernandez@company.com,(743) 594-6190,On Leave
EMP028865,Matthew,Williams,Matthew Williams,41,Legal,Lead,Los Angeles,97006.33,8767.31,2021-05-12,19,100.0,matthew.williams@company.com,(661) 322-2278,Active
EMP028866,Sarah,Rodriguez,Sarah Rodriguez,55,HR,Analyst,San Francisco,84724.39,10348.68,2021-10-22,33,33.6,sarah.rodriguez@company.com,(684) 435-8347,Active
EMP028867,Michael,Johnson,Michael Johnson,55,Marketing,Specialist,San Francisco,95380.0,12964.92,2022-10-16,27,60.5,michael.johnson@company.com,(202) 517-7890,Active
EMP028868,Anthony,Martin,Anthony Martin,65,Engineering,Manager,San Francisco,121758.81,19362.69,2021-04-25,40,64.4,anthony.martin@company.com,(557) 554-7292,Active
EMP028869,William,Williams,William Williams,58,IT,Coordinator,New York,131150.26,21074.25,2022-12-10,36,62.1,william.williams@company.com,(344) 540-9259,Active
EMP028870,Amanda,Wilson,Amanda Wilson,43,Operations,Specialist,Austin,77190.62,8447.46,2020-10-07,16,86.1,amanda.wilson@company.com,(908) 819-4226,Active
EMP028871,Sarah,Taylor,Sarah Taylor,31,Operations,Senior Developer,San Francisco,62476.94,4621.16,2021-12-17,9,58.2,sarah.taylor@company.com,(639) 218-5470,Inactive
EMP028872,Robert,Jones,Robert Jones,27,IT,Analyst,Seattle,78787.95,11981.34,2024-01-16,5,81.4,robert.jones@company.com,(954) 863-1280,Active
EMP028873,Jane,Garcia,Jane Garcia,40,Marketing,Director,Chicago,60695.76,3643.97,2023-01-08,16,72.2,jane.garcia@company.com,(467) 869-7454,Active
EMP028874,Matthew,Hernandez,Matthew Hernandez,28,Operations,Specialist,Boston,59520.89,2925.07,2023-11-27,6,59.8,matthew.hernandez@company.com,(533) 777-7349,Active
EMP028875,Anthony,Brown,Anthony Brown,25,Legal,Associate,San Francisco,50985.54,5495.49,2021-05-07,1,86.9,anthony.brown@company.com,(566) 247-9437,Active
EMP028876,Christopher,Lopez,Christopher Lopez,31,HR,Analyst,Miami,58504.95,4818.93,2020-03-29,9,90.8,christopher.lopez@company.com,(628) 920-2875,Inactive
EMP028877,Stephanie,Moore,Stephanie Moore,48,Engineering,Specialist,Los Angeles,110067.36,13206.64,2022-04-06,25,79.7,stephanie.moore@company.com,(225) 457-9754,Active
EMP028878,David,Williams,David Williams,41,Marketing,Analyst,San Francisco,66461.17,7115.81,2022-08-01,16,86.2,david.williams@company.com,(549) 233-5706,Active
EMP028879,Stephanie,Jones,Stephanie Jones,65,Legal,Lead,Miami,111261.11,2431.59,2021-06-25,40,83.9,stephanie.jones@company.com,(258) 483-2128,Active
EMP028880,Daniel,Hernandez,Daniel Hernandez,46,Sales,Director,New York,95341.47,6019.92,2021-11-04,19,55.7,daniel.hernandez@company.com,(394) 659-5474,Active
EMP028881,Daniel,Martin,Daniel Martin,59,Finance,Associate,San Francisco,105222.68,14042.96,2023-06-19,37,91.1,daniel.martin@company.com,(650) 730-1292,Active
EMP028882,Sarah,Hernandez,Sarah Hernandez,53,Finance,Associate,Miami,94377.42,20454.11,2023-06-19,27,57.1,sarah.hernandez@company.com,(868) 644-6781,Active
EMP028883,David,Gonzalez,David Gonzalez,30,HR,Director,San Francisco,61998.16,3611.08,2021-03-18,6,82.7,david.gonzalez@company.com,(552) 625-8220,Inactive
EMP028884,James,Garcia,James Garcia,42,Sales,Analyst,Chicago,81782.27,8548.97,2021-12-24,18,62.7,james.garcia@company.com,(472) 635-4970,Active
EMP028885,Christopher,Williams,Christopher Williams,44,HR,Analyst,Los Angeles,53376.42,9063.15,2021-03-14,15,93.5,christopher.williams@company.com,(833) 682-8298,Active
EMP028886,Ashley,Johnson,Ashley Johnson,33,Operations,Senior Developer,Austin,41836.01,7592.46,2021-04-09,11,100.0,ashley.johnson@company.com,(412) 701-6289,Active
EMP028887,David,Taylor,David Taylor,56,Finance,Coordinator,Chicago,108933.06,10174.71,2022-04-22,34,68.9,david.taylor@company.com,(784) 862-5076,Active
EMP028888,William,Martin,William Martin,43,Engineering,Coordinator,San Francisco,88918.73,15751.39,2022-05-22,18,71.9,william.martin@company.com,(579) 566-2109,Active
EMP028889,Robert,Smith,Robert Smith,43,Operations,Manager,San Francisco,52013.74,6937.25,2020-01-10,15,68.6,robert.smith@company.com,(705) 385-6363,Active
EMP028890,Amanda,Brown,Amanda Brown,45,Engineering,Director,New York,94559.78,7477.91,2022-11-01,18,58.4,amanda.brown@company.com,(836) 385-8062,Active
EMP028891,Robert,Jackson,Robert Jackson,49,IT,Analyst,New York,113476.71,7163.85,2021-09-24,24,70.3,robert.jackson@company.com,(354) 749-9142,Active
EMP028892,Emily,Rodriguez,Emily Rodriguez,43,Legal,Lead,Miami,100706.42,7244.53,2022-01-08,20,100.0,emily.rodriguez@company.com,(892) 862-3243,Active
EMP028893,James,Jackson,James Jackson,34,IT,Lead,Los Angeles,90632.21,11116.59,2021-06-02,9,77.2,james.jackson@company.com,(792) 256-9285,Active
EMP028894,Ashley,Jones,Ashley Jones,40,Finance,Lead,Miami,84604.98,12052.76,2021-03-30,11,46.0,ashley.jones@company.com,(481) 217-3738,Active
EMP028895,Emily,Hernandez,Emily Hernandez,30,Sales,Analyst,Boston,68542.19,3511.9,2024-04-09,5,60.8,emily.hernandez@company.com,(509) 377-3780,Active
EMP028896,James,Garcia,James Garcia,53,Sales,Associate,Los Angeles,74002.36,7982.49,2021-07-08,29,85.9,james.garcia@company.com,(690) 265-5352,Active
EMP028897,Robert,Jones,Robert Jones,23,Finance,Specialist,Chicago,63302.89,4020.92,2021-11-15,0,65.6,robert.jones@company.com,(320) 812-9487,Active
EMP028898,James,Taylor,James Taylor,27,Operations,Senior Developer,Seattle,72193.43,7286.12,2020-01-29,3,58.8,james.taylor@company.com,(468) 639-9537,Active
EMP028899,Matthew,Taylor,Matthew Taylor,35,Operations,Analyst,Austin,63205.83,5967.98,2021-06-05,10,68.9,matthew.taylor@company.com,(758) 664-6239,Active
EMP028900,James,Brown,James Brown,61,Marketing,Associate,Seattle,80871.36,13072.38,2022-03-06,39,89.6,james.brown@company.com,(523) 794-4187,Active
EMP028901,Christopher,Martinez,Christopher Martinez,55,IT,Analyst,Chicago,108788.02,10330.53,2022-10-11,29,74.7,christopher.martinez@company.com,(307) 865-3841,Active
EMP028902,John,Taylor,John Taylor,51,IT,Lead,Chicago,97016.08,9526.32,2022-02-28,27,79.1,john.taylor@company.com,(236) 237-2366,Inactive
EMP028903,Michael,Garcia,Michael Garcia,50,Legal,Director,Austin,63403.99,7448.52,2023-12-26,23,66.3,michael.garcia@company.com,(832) 723-2697,Active
EMP028904,Amanda,Johnson,Amanda Johnson,43,Finance,Manager,San Francisco,100127.39,7936.66,2022-01-17,21,80.5,amanda.johnson@company.com,(493) 398-5206,Active
EMP028905,Daniel,Jackson,Daniel Jackson,49,HR,Director,Seattle,63726.53,3783.52,2022-07-29,27,87.0,daniel.jackson@company.com,(621) 546-7067,Active
EMP028906,Nicole,Rodriguez,Nicole Rodriguez,61,HR,Coordinator,Austin,92231.53,12744.29,2024-10-31,35,94.6,nicole.rodriguez@company.com,(896) 396-1426,Inactive
EMP028907,Robert,Lopez,Robert Lopez,42,Finance,Coordinator,Seattle,91790.37,15943.55,2023-01-28,16,71.8,robert.lopez@company.com,(294) 424-1640,On Leave
EMP028908,Anthony,Garcia,Anthony Garcia,43,Finance,Manager,New York,81445.63,2401.18,2021-11-17,16,86.7,anthony.garcia@company.com,(280) 799-9099,Active
EMP028909,Jane,Brown,Jane Brown,32,Engineering,Specialist,New York,89328.63,4879.27,2024-07-17,8,83.9,jane.brown@company.com,(805) 591-2323,Active
EMP028910,Amanda,Gonzalez,Amanda Gonzalez,56,Finance,Coordinator,Austin,98717.63,8327.54,2024-01-28,33,83.2,amanda.gonzalez@company.com,(983) 417-2428,Active
EMP028911,Jane,Martinez,Jane Martinez,55,Marketing,Manager,Boston,94111.07,6819.84,2024-02-25,32,96.1,jane.martinez@company.com,(910) 929-9297,Active
EMP028912,Ashley,Martin,Ashley Martin,32,Sales,Senior Developer,Los Angeles,62912.79,4531.2,2020-02-01,9,65.6,ashley.martin@company.com,(546) 342-9423,Active
EMP028913,Jane,Hernandez,Jane Hernandez,52,Finance,Coordinator,San Francisco,114111.9,18433.61,2020-04-17,26,67.6,jane.hernandez@company.com,(706) 413-3614,Active
EMP028914,Jessica,Johnson,Jessica Johnson,60,Engineering,Lead,Miami,96164.34,16706.05,2024-07-15,32,67.1,jessica.johnson@company.com,(408) 213-7148,Active
EMP028915,James,Williams,James Williams,26,Marketing,Manager,Boston,59662.22,7160.14,2023-01-24,4,70.0,james.williams@company.com,(690) 660-8435,Active
EMP028916,Amanda,Moore,Amanda Moore,34,Operations,Analyst,San Francisco,82438.34,7134.5,2020-12-07,7,57.7,amanda.moore@company.com,(401) 459-5910,Active
EMP028917,Daniel,Anderson,Daniel Anderson,49,Finance,Coordinator,Austin,89765.79,3846.45,2024-04-11,27,86.4,daniel.anderson@company.com,(587) 467-5919,Active
EMP028918,Michael,Anderson,Michael Anderson,30,IT,Senior Developer,Austin,74333.2,5590.86,2024-12-10,8,91.4,michael.anderson@company.com,(836) 341-5543,Active
EMP028919,Stephanie,Martin,Stephanie Martin,63,Marketing,Associate,Los Angeles,89745.67,11144.43,2020-10-23,38,82.1,stephanie.martin@company.com,(385) 503-3166,Active
EMP028920,Daniel,Miller,Daniel Miller,28,Sales,Director,Chicago,59227.95,5329.97,2023-04-22,0,78.9,daniel.miller@company.com,(408) 294-3921,Active
EMP028921,James,Brown,James Brown,44,Engineering,Senior Developer,Austin,104704.15,1293.75,2021-02-05,22,97.2,james.brown@company.com,(459) 333-7556,Active
EMP028922,Matthew,Brown,Matthew Brown,34,Engineering,Specialist,New York,54076.33,4520.18,2020-08-17,10,49.9,matthew.brown@company.com,(850) 490-2289,Active
EMP028923,Christopher,Brown,Christopher Brown,32,Engineering,Lead,Boston,89966.19,11176.45,2023-04-02,8,83.3,christopher.brown@company.com,(268) 682-1952,Active
EMP028924,James,Anderson,James Anderson,40,Marketing,Manager,Austin,76710.47,12484.58,2020-09-03,16,34.3,james.anderson@company.com,(559) 637-6515,Active
EMP028925,Matthew,Martinez,Matthew Martinez,24,Legal,Lead,Seattle,86426.51,8411.7,2024-10-10,0,78.9,matthew.martinez@company.com,(833) 996-4201,Active
EMP028926,David,Jones,David Jones,47,HR,Director,San Francisco,67555.26,6382.78,2022-01-03,25,66.1,david.jones@company.com,(270) 454-3546,Active
EMP028927,Daniel,Williams,Daniel Williams,28,Marketing,Analyst,Miami,68777.86,12464.56,2023-01-21,5,75.2,daniel.williams@company.com,(273) 246-4163,Active
EMP028928,John,Jones,John Jones,65,Legal,Specialist,Los Angeles,114096.71,9261.77,2023-01-21,36,62.4,john.jones@company.com,(796) 496-5374,Inactive
EMP028929,John,Moore,John Moore,31,IT,Senior Developer,Austin,78045.32,11363.7,2023-10-13,5,91.8,john.moore@company.com,(332) 458-7918,Active
EMP028930,Stephanie,Jackson,Stephanie Jackson,61,Finance,Senior Developer,Miami,103398.18,6203.69,2024-06-30,39,100.0,stephanie.jackson@company.com,(252) 548-1681,Inactive
EMP028931,William,Miller,William Miller,40,Operations,Lead,New York,57366.47,7477.44,2023-01-06,11,100.0,william.miller@company.com,(484) 422-5366,Active
EMP028932,David,Brown,David Brown,65,IT,Associate,New York,126769.24,14991.3,2023-08-15,38,78.9,david.brown@company.com,(499) 797-7826,Active
EMP028933,Melissa,Anderson,Melissa Anderson,63,IT,Lead,Los Angeles,105275.14,10261.51,2022-05-29,37,74.7,melissa.anderson@company.com,(684) 640-6000,Active
EMP028934,David,Lopez,David Lopez,45,Operations,Manager,Austin,52011.47,3893.74,2020-05-10,23,60.3,david.lopez@company.com,(541) 622-8874,Inactive
EMP028935,Christopher,Miller,Christopher Miller,56,Engineering,Analyst,Chicago,130409.66,14734.82,2024-05-20,29,83.8,christopher.miller@company.com,(567) 994-8899,Active
EMP028936,Stephanie,Thomas,Stephanie Thomas,63,Marketing,Senior Developer,Los Angeles,56526.66,6708.75,2023-06-11,35,82.3,stephanie.thomas@company.com,(719) 820-5390,Active
EMP028937,Stephanie,Thomas,Stephanie Thomas,48,Sales,Coordinator,Miami,79563.09,11777.99,2022-06-12,22,72.7,stephanie.thomas@company.com,(959) 898-9922,Inactive
EMP028938,Melissa,Martinez,Melissa Martinez,51,Finance,Manager,New York,95204.84,10355.78,2021-01-07,23,89.2,melissa.martinez@company.com,(510) 813-5215,Active
EMP028939,Lisa,Williams,Lisa Williams,61,Finance,Manager,Austin,79933.68,5221.56,2024-09-12,32,65.7,lisa.williams@company.com,(778) 368-6046,Active
EMP028940,James,Smith,James Smith,47,Marketing,Specialist,Chicago,94107.91,13391.73,2022-08-19,20,89.6,james.smith@company.com,(680) 451-2317,Active
EMP028941,Jessica,Taylor,Jessica Taylor,42,Finance,Director,Los Angeles,94650.34,12322.54,2023-04-15,19,81.2,jessica.taylor@company.com,(600) 205-2258,Active
EMP028942,John,Jackson,John Jackson,35,Sales,Coordinator,New York,72827.62,13893.65,2024-09-05,10,66.3,john.jackson@company.com,(227) 915-5478,Active
EMP028943,Robert,Anderson,Robert Anderson,56,Legal,Coordinator,San Francisco,102351.86,13531.3,2024-02-17,28,58.2,robert.anderson@company.com,(370) 263-9182,Active
EMP028944,Stephanie,Rodriguez,Stephanie Rodriguez,30,Operations,Analyst,New York,46761.4,4442.72,2021-02-18,8,76.9,stephanie.rodriguez@company.com,(633) 497-7151,Active
EMP028945,Sarah,Johnson,Sarah Johnson,33,IT,Manager,New York,58467.69,1832.91,2021-03-23,10,78.0,sarah.johnson@company.com,(509) 482-2871,Active
EMP028946,Ashley,Martin,Ashley Martin,35,Sales,Associate,San Francisco,65031.04,1457.84,2021-04-22,13,78.2,ashley.martin@company.com,(936) 701-6290,On Leave
EMP028947,Ashley,Miller,Ashley Miller,63,IT,Director,New York,90123.16,10162.6,2022-08-03,34,68.3,ashley.miller@company.com,(354) 462-7582,Active
EMP028948,Jane,Johnson,Jane Johnson,57,Marketing,Manager,Austin,73696.61,8908.97,2023-08-24,34,71.8,jane.johnson@company.com,(374) 795-4721,Active
EMP028949,Sarah,Jackson,Sarah Jackson,43,IT,Specialist,Los Angeles,82863.84,11391.0,2021-06-06,19,68.3,sarah.jackson@company.com,(425) 467-9913,Active
EMP028950,Stephanie,Hernandez,Stephanie Hernandez,42,Operations,Coordinator,New York,83445.08,18787.86,2021-08-09,13,100.0,stephanie.hernandez@company.com,(232) 650-3199,Active
EMP028951,John,Jackson,John Jackson,24,Legal,Coordinator,Boston,51575.36,2432.32,2024-10-31,1,77.3,john.jackson@company.com,(225) 707-9048,Active
EMP028952,Lisa,Gonzalez,Lisa Gonzalez,65,HR,Senior Developer,Los Angeles,75050.87,7009.23,2024-05-19,37,82.2,lisa.gonzalez@company.com,(740) 586-1460,Active
EMP028953,Nicole,Rodriguez,Nicole Rodriguez,62,IT,Director,New York,124060.45,22420.89,2023-12-29,39,75.7,nicole.rodriguez@company.com,(345) 598-9386,Active
EMP028954,John,Hernandez,John Hernandez,47,Operations,Specialist,Miami,72202.89,6328.58,2020-04-29,19,100.0,john.hernandez@company.com,(414) 998-6048,Active
EMP028955,William,Martinez,William Martinez,56,Operations,Coordinator,Los Angeles,65922.08,7563.51,2020-12-26,34,61.6,william.martinez@company.com,(873) 519-2218,Active
EMP028956,Anthony,Davis,Anthony Davis,32,Marketing,Lead,Chicago,54184.01,9581.91,2020-03-24,4,81.5,anthony.davis@company.com,(372) 466-2279,Active
EMP028957,Daniel,Smith,Daniel Smith,26,Engineering,Senior Developer,New York,64024.65,2578.11,2020-12-24,3,57.7,daniel.smith@company.com,(500) 839-9215,Active
EMP028958,Daniel,Hernandez,Daniel Hernandez,42,Finance,Director,Miami,71742.46,7581.75,2022-11-18,16,71.2,daniel.hernandez@company.com,(967) 422-9309,Active
EMP028959,Michael,Johnson,Michael Johnson,41,Operations,Associate,Chicago,55220.6,6504.85,2022-08-10,16,99.4,michael.johnson@company.com,(748) 279-6198,Active
EMP028960,William,Brown,William Brown,57,Legal,Director,Miami,93005.14,19038.56,2024-08-21,28,66.3,william.brown@company.com,(307) 453-4516,Active
EMP028961,David,Rodriguez,David Rodriguez,30,HR,Director,Seattle,68658.13,5648.52,2020-12-07,4,62.0,david.rodriguez@company.com,(442) 278-2361,Active
EMP028962,Lisa,Moore,Lisa Moore,27,Operations,Lead,Boston,69517.03,6593.65,2022-12-08,5,74.5,lisa.moore@company.com,(921) 793-6782,Active
EMP028963,Melissa,Rodriguez,Melissa Rodriguez,54,Operations,Senior Developer,Los Angeles,69348.94,3341.82,2023-09-25,25,62.7,melissa.rodriguez@company.com,(879) 814-1841,Active
EMP028964,Daniel,Wilson,Daniel Wilson,26,Legal,Coordinator,Austin,76030.16,9905.61,2022-06-30,1,100.0,daniel.wilson@company.com,(298) 771-5897,Active
EMP028965,Melissa,Hernandez,Melissa Hernandez,56,Engineering,Coordinator,New York,93865.22,4446.6,2022-12-01,27,88.2,melissa.hernandez@company.com,(680) 912-1602,Active
EMP028966,Jessica,Williams,Jessica Williams,59,HR,Director,Miami,83080.69,8971.91,2022-10-29,36,63.1,jessica.williams@company.com,(642) 517-9340,Active
EMP028967,Michael,Moore,Michael Moore,30,Finance,Analyst,San Francisco,69697.49,9665.06,2023-06-28,6,77.7,michael.moore@company.com,(799) 495-7350,Active
EMP028968,Amanda,Jones,Amanda Jones,27,Marketing,Coordinator,Chicago,68058.0,6988.41,2021-07-07,3,89.6,amanda.jones@company.com,(374) 463-6348,On Leave
EMP028969,Amanda,Wilson,Amanda Wilson,55,Legal,Specialist,Los Angeles,67709.86,3978.76,2024-12-08,28,61.9,amanda.wilson@company.com,(778) 807-2430,Active
EMP028970,William,Taylor,William Taylor,47,Marketing,Analyst,Miami,65025.58,4462.64,2024-01-26,22,82.8,william.taylor@company.com,(257) 699-6036,Active
EMP028971,James,Anderson,James Anderson,58,Legal,Senior Developer,New York,131220.45,14740.91,2020-10-10,33,45.2,james.anderson@company.com,(449) 577-6066,Active
EMP028972,Anthony,Williams,Anthony Williams,52,Sales,Coordinator,Seattle,77393.61,5886.61,2022-05-30,30,74.0,anthony.williams@company.com,(381) 774-4124,Inactive
EMP028973,Emily,Gonzalez,Emily Gonzalez,24,IT,Coordinator,Los Angeles,68269.72,4893.01,2021-12-18,0,76.7,emily.gonzalez@company.com,(651) 210-6098,Inactive
EMP028974,Amanda,Taylor,Amanda Taylor,36,Legal,Associate,Miami,76393.45,13313.77,2024-12-04,12,84.5,amanda.taylor@company.com,(617) 427-4096,Active
EMP028975,Nicole,Thomas,Nicole Thomas,30,Engineering,Senior Developer,Chicago,63363.42,0.0,2022-02-04,7,96.7,nicole.thomas@company.com,(689) 645-4480,Active
EMP028976,Emily,Miller,Emily Miller,44,HR,Coordinator,Seattle,74659.83,753.57,2020-03-22,15,63.1,emily.miller@company.com,(309) 531-8423,Inactive
EMP028977,Ashley,Thomas,Ashley Thomas,32,IT,Analyst,New York,66466.28,1813.53,2020-06-12,5,72.9,ashley.thomas@company.com,(984) 710-9644,Active
EMP028978,James,Hernandez,James Hernandez,52,HR,Manager,Los Angeles,60771.88,9553.48,2020-04-24,23,80.3,james.hernandez@company.com,(935) 743-1058,Active
EMP028979,Melissa,Lopez,Melissa Lopez,30,Marketing,Analyst,New York,90082.91,16973.0,2021-03-26,7,68.9,melissa.lopez@company.com,(883) 284-2292,Active
EMP028980,Matthew,Taylor,Matthew Taylor,48,HR,Lead,Boston,76872.2,8039.29,2021-02-26,25,74.1,matthew.taylor@company.com,(229) 696-3889,Inactive
EMP028981,Sarah,Lopez,Sarah Lopez,40,Engineering,Director,Austin,97692.79,5746.83,2024-04-03,17,83.8,sarah.lopez@company.com,(240) 561-6969,Active
EMP028982,Emily,Smith,Emily Smith,56,Marketing,Lead,Los Angeles,91335.5,12032.07,2020-12-21,27,71.4,emily.smith@company.com,(586) 372-5500,Active
EMP028983,Jane,Jackson,Jane Jackson,56,Marketing,Associate,Chicago,69284.51,10508.82,2023-03-18,31,88.2,jane.jackson@company.com,(397) 995-1587,Active
EMP028984,Melissa,Wilson,Melissa Wilson,58,Engineering,Associate,Los Angeles,114601.27,19591.84,2022-07-18,31,100.0,melissa.wilson@company.com,(763) 901-4328,Active
EMP028985,David,Williams,David Williams,35,Engineering,Analyst,Chicago,103948.36,5942.85,2020-06-09,11,62.4,david.williams@company.com,(429) 785-7674,Active
EMP028986,Christopher,Garcia,Christopher Garcia,58,HR,Lead,Miami,72675.8,0.0,2020-06-19,35,80.0,christopher.garcia@company.com,(212) 740-6803,Active
EMP028987,Lisa,Thomas,Lisa Thomas,55,Engineering,Associate,Los Angeles,86399.12,12458.77,2023-12-21,33,73.3,lisa.thomas@company.com,(258) 902-4764,Active
EMP028988,Melissa,Wilson,Melissa Wilson,36,Sales,Director,Chicago,44843.35,5104.76,2023-06-14,11,58.0,melissa.wilson@company.com,(863) 568-1920,Active
EMP028989,Daniel,Anderson,Daniel Anderson,56,IT,Senior Developer,New York,72691.36,4507.53,2022-04-24,30,68.6,daniel.anderson@company.com,(477) 732-9216,Active
EMP028990,Jane,Rodriguez,Jane Rodriguez,46,HR,Coordinator,Boston,61437.54,4433.95,2024-06-02,17,59.9,jane.rodriguez@company.com,(716) 861-7228,Active
EMP028991,John,Jones,John Jones,28,HR,Manager,San Francisco,56857.66,9633.77,2021-01-02,4,71.1,john.jones@company.com,(224) 239-3045,Active
EMP028992,James,Martin,James Martin,25,Legal,Director,Seattle,63749.68,7790.44,2022-10-10,3,93.0,james.martin@company.com,(997) 743-7848,Active
EMP028993,Christopher,Thomas,Christopher Thomas,53,Engineering,Senior Developer,Chicago,135562.22,9166.52,2024-03-25,30,84.6,christopher.thomas@company.com,(498) 837-9086,Active
EMP028994,Ashley,Lopez,Ashley Lopez,31,Sales,Associate,Miami,48439.24,3758.36,2024-08-31,9,56.0,ashley.lopez@company.com,(354) 478-7375,Active
EMP028995,Sarah,Davis,Sarah Davis,58,Engineering,Lead,Austin,114614.88,8914.58,2021-02-05,36,70.2,sarah.davis@company.com,(269) 659-9597,On Leave
EMP028996,Christopher,Garcia,Christopher Garcia,28,Operations,Director,Chicago,43646.36,2790.35,2024-12-26,5,79.5,christopher.garcia@company.com,(691) 594-7980,Active
EMP028997,Daniel,Martinez,Daniel Martinez,53,Operations,Analyst,Miami,71513.72,13371.44,2022-02-10,27,77.7,daniel.martinez@company.com,(288) 217-1039,Active
EMP028998,Sarah,Jones,Sarah Jones,51,Sales,Coordinator,San Francisco,85372.42,14077.14,2022-11-29,25,74.8,sarah.jones@company.com,(661) 316-3937,Active
EMP028999,James,Jones,James Jones,36,Operations,Director,Miami,86485.7,3504.63,2023-02-10,7,94.5,james.jones@company.com,(376) 419-3631,Active
EMP029000,Nicole,Jackson,Nicole Jackson,39,IT,Manager,Chicago,100087.2,4291.63,2023-11-15,14,89.6,nicole.jackson@company.com,(606) 243-8551,Active
EMP029001,Daniel,Taylor,Daniel Taylor,57,Marketing,Manager,Miami,79076.74,6021.44,2022-03-24,29,63.6,daniel.taylor@company.com,(218) 205-1556,Active
EMP029002,William,Jones,William Jones,25,Marketing,Manager,New York,55835.95,9162.44,2020-10-18,2,49.3,william.jones@company.com,(654) 908-4031,Active
EMP029003,Daniel,Rodriguez,Daniel Rodriguez,47,Marketing,Specialist,Seattle,76305.74,5711.22,2020-12-07,19,59.9,daniel.rodriguez@company.com,(995) 364-3007,Inactive
EMP029004,Melissa,Hernandez,Melissa Hernandez,56,IT,Senior Developer,Austin,114268.02,10960.46,2024-01-20,28,76.9,melissa.hernandez@company.com,(358) 378-4792,Active
EMP029005,Melissa,Garcia,Melissa Garcia,23,IT,Lead,Austin,105064.3,2042.41,2021-06-19,0,58.7,melissa.garcia@company.com,(767) 233-2374,Active
EMP029006,David,Williams,David Williams,54,Engineering,Manager,Austin,81704.9,16958.41,2021-03-18,27,69.8,david.williams@company.com,(753) 799-7735,Active
EMP029007,Jessica,Smith,Jessica Smith,44,Finance,Coordinator,San Francisco,66870.62,3062.81,2024-10-28,15,81.9,jessica.smith@company.com,(650) 971-1104,Active
EMP029008,Daniel,Gonzalez,Daniel Gonzalez,48,HR,Coordinator,San Francisco,77213.64,13134.14,2020-12-13,24,87.6,daniel.gonzalez@company.com,(727) 756-9132,Active
EMP029009,Christopher,Hernandez,Christopher Hernandez,57,Operations,Specialist,Austin,66734.19,4670.6,2020-04-25,30,73.0,christopher.hernandez@company.com,(757) 992-5994,Active
EMP029010,Anthony,Smith,Anthony Smith,49,Engineering,Director,Chicago,71039.84,7957.76,2024-06-21,21,62.0,anthony.smith@company.com,(450) 324-5703,Active
EMP029011,Emily,Moore,Emily Moore,37,Sales,Director,Seattle,63953.57,769.76,2024-07-12,11,59.7,emily.moore@company.com,(576) 901-7302,Active
EMP029012,James,Thomas,James Thomas,26,HR,Director,Boston,68226.15,9413.07,2021-08-24,0,79.9,james.thomas@company.com,(745) 424-8706,Active
EMP029013,Matthew,Miller,Matthew Miller,56,Marketing,Director,Los Angeles,86856.57,7016.92,2022-09-20,33,72.0,matthew.miller@company.com,(890) 877-6042,Active
EMP029014,Robert,Miller,Robert Miller,22,Operations,Manager,Los Angeles,44308.97,3912.03,2021-06-21,0,40.8,robert.miller@company.com,(431) 650-2490,Active
EMP029015,John,Thomas,John Thomas,60,Finance,Lead,San Francisco,70692.86,9920.89,2021-12-30,37,90.0,john.thomas@company.com,(243) 924-3170,Active
EMP029016,Stephanie,Hernandez,Stephanie Hernandez,32,Sales,Director,Miami,72855.22,2158.33,2021-08-16,4,58.6,stephanie.hernandez@company.com,(916) 241-5520,Active
EMP029017,Matthew,Jones,Matthew Jones,30,Operations,Coordinator,Seattle,53015.89,7786.08,2020-05-28,5,81.6,matthew.jones@company.com,(743) 455-2924,Active
EMP029018,Ashley,Miller,Ashley Miller,41,Finance,Analyst,New York,80334.37,3707.39,2023-11-01,13,58.8,ashley.miller@company.com,(944) 997-9080,Active
EMP029019,James,Martinez,James Martinez,25,IT,Associate,New York,79851.78,16628.25,2021-08-04,0,77.0,james.martinez@company.com,(658) 401-8817,Active
EMP029020,Daniel,Johnson,Daniel Johnson,41,Finance,Senior Developer,New York,85917.91,3451.21,2023-03-23,12,100.0,daniel.johnson@company.com,(953) 289-1356,Active
EMP029021,Amanda,Martin,Amanda Martin,37,Engineering,Senior Developer,New York,78154.85,10316.06,2024-08-14,8,79.4,amanda.martin@company.com,(934) 672-7604,Active
EMP029022,Ashley,Johnson,Ashley Johnson,46,Marketing,Analyst,Los Angeles,88779.97,11833.36,2022-06-28,22,85.3,ashley.johnson@company.com,(447) 202-1073,Active
EMP029023,Daniel,Wilson,Daniel Wilson,59,IT,Coordinator,Miami,106318.46,14470.49,2020-03-24,31,73.8,daniel.wilson@company.com,(896) 594-7406,Active
EMP029024,Michael,Thomas,Michael Thomas,33,Finance,Coordinator,New York,61151.69,5036.15,2021-05-28,5,81.3,michael.thomas@company.com,(754) 440-5029,Active
EMP029025,Lisa,Martinez,Lisa Martinez,28,Engineering,Manager,San Francisco,58156.75,10807.21,2024-02-09,6,69.7,lisa.martinez@company.com,(679) 727-6996,Active
EMP029026,Stephanie,Garcia,Stephanie Garcia,57,Finance,Lead,Miami,99984.62,11168.63,2023-04-29,31,97.2,stephanie.garcia@company.com,(603) 227-4656,Active
EMP029027,Ashley,Wilson,Ashley Wilson,63,IT,Senior Developer,Austin,112119.5,25843.08,2020-12-23,38,75.3,ashley.wilson@company.com,(949) 693-9306,Active
EMP029028,Anthony,Wilson,Anthony Wilson,38,Engineering,Manager,Austin,67764.44,9788.77,2021-02-22,13,82.7,anthony.wilson@company.com,(249) 727-6867,Active
EMP029029,William,Johnson,William Johnson,37,Legal,Specialist,Austin,101732.94,14591.32,2020-03-24,11,41.6,william.johnson@company.com,(719) 304-5163,Inactive
EMP029030,William,Lopez,William Lopez,38,Engineering,Specialist,Boston,92559.41,16836.04,2020-08-04,15,99.8,william.lopez@company.com,(302) 856-9635,Active
EMP029031,Emily,Lopez,Emily Lopez,58,Legal,Analyst,Los Angeles,112924.27,14406.68,2023-02-07,31,72.9,emily.lopez@company.com,(354) 534-9034,Active
EMP029032,Jane,Martinez,Jane Martinez,45,Engineering,Lead,New York,112490.37,15092.72,2021-04-19,22,72.7,jane.martinez@company.com,(342) 667-4853,Inactive
EMP029033,Jane,Martinez,Jane Martinez,55,Finance,Lead,Seattle,100392.96,10804.86,2021-08-08,26,82.5,jane.martinez@company.com,(212) 794-7935,Active
EMP029034,Daniel,Wilson,Daniel Wilson,62,Engineering,Senior Developer,Boston,112897.04,6373.6,2021-07-29,34,70.1,daniel.wilson@company.com,(221) 995-8170,Active
EMP029035,Nicole,Thomas,Nicole Thomas,35,Sales,Coordinator,New York,80754.77,12095.25,2022-07-26,13,63.9,nicole.thomas@company.com,(958) 356-8369,Inactive
EMP029036,Jessica,Wilson,Jessica Wilson,46,IT,Director,Boston,84020.26,12193.82,2024-04-19,20,85.6,jessica.wilson@company.com,(603) 592-3403,Active
EMP029037,Amanda,Martinez,Amanda Martinez,26,Sales,Coordinator,Chicago,39267.8,3146.98,2022-04-16,1,97.8,amanda.martinez@company.com,(564) 960-6185,Active
EMP029038,James,Rodriguez,James Rodriguez,64,Finance,Coordinator,Chicago,96305.36,16175.93,2020-11-13,39,100.0,james.rodriguez@company.com,(667) 209-5801,Active
EMP029039,Emily,Wilson,Emily Wilson,37,Sales,Lead,Chicago,80092.6,7648.51,2022-12-09,8,56.3,emily.wilson@company.com,(329) 821-3896,Active
EMP029040,Christopher,Johnson,Christopher Johnson,27,IT,Analyst,Los Angeles,76284.71,4778.36,2023-08-09,0,77.2,christopher.johnson@company.com,(888) 950-7902,Active
EMP029041,Daniel,Jackson,Daniel Jackson,44,IT,Coordinator,Miami,90074.17,20595.44,2021-09-01,18,71.7,daniel.jackson@company.com,(346) 738-3358,Active
EMP029042,David,Jones,David Jones,55,Finance,Manager,Austin,71711.16,9478.39,2020-04-12,28,93.1,david.jones@company.com,(240) 902-5100,Active
EMP029043,John,Garcia,John Garcia,55,Finance,Manager,Austin,74133.26,5236.17,2024-09-04,30,71.3,john.garcia@company.com,(299) 888-3642,Active
EMP029044,Daniel,Jackson,Daniel Jackson,61,Sales,Lead,Seattle,80803.33,7002.77,2024-12-31,34,76.4,daniel.jackson@company.com,(518) 259-9007,On Leave
EMP029045,William,Martinez,William Martinez,56,Operations,Director,Austin,76103.5,4271.22,2023-02-06,33,55.6,william.martinez@company.com,(563) 229-7776,Inactive
EMP029046,David,Miller,David Miller,41,Engineering,Analyst,Miami,94619.83,7281.89,2022-09-29,18,87.2,david.miller@company.com,(394) 881-1963,Active
EMP029047,Jessica,Thomas,Jessica Thomas,61,HR,Manager,Austin,73437.69,7781.84,2022-01-03,37,75.9,jessica.thomas@company.com,(830) 913-9322,Active
EMP029048,Michael,Hernandez,Michael Hernandez,37,HR,Senior Developer,Boston,59451.17,4261.94,2020-02-22,14,83.7,michael.hernandez@company.com,(739) 894-7946,Active
EMP029049,Emily,Moore,Emily Moore,51,Finance,Lead,Los Angeles,85698.22,5418.54,2020-01-04,26,72.3,emily.moore@company.com,(273) 533-2365,Active
EMP029050,Melissa,Smith,Melissa Smith,45,Finance,Director,Boston,64142.97,7285.13,2022-10-29,16,56.2,melissa.smith@company.com,(928) 221-9770,Active
EMP029051,Anthony,Taylor,Anthony Taylor,65,Sales,Associate,Chicago,115343.79,12340.69,2022-02-28,37,50.1,anthony.taylor@company.com,(237) 727-5112,Inactive
EMP029052,William,Williams,William Williams,53,Operations,Analyst,Los Angeles,42154.61,6281.52,2021-08-23,26,100.0,william.williams@company.com,(507) 597-6442,Active
EMP029053,Melissa,Brown,Melissa Brown,51,IT,Lead,Miami,124122.29,14599.45,2021-04-06,28,44.0,melissa.brown@company.com,(378) 472-4655,Active
EMP029054,James,Jones,James Jones,55,Operations,Director,Seattle,71089.1,7140.58,2023-09-27,26,98.9,james.jones@company.com,(372) 642-8806,Active
EMP029055,Lisa,Johnson,Lisa Johnson,36,Sales,Director,San Francisco,79704.28,7552.07,2022-05-25,9,77.2,lisa.johnson@company.com,(744) 455-8859,Inactive
EMP029056,Melissa,Rodriguez,Melissa Rodriguez,61,Legal,Manager,Los Angeles,139948.03,4593.03,2023-08-25,32,87.8,melissa.rodriguez@company.com,(608) 574-4557,Active
EMP029057,Amanda,Martinez,Amanda Martinez,52,IT,Manager,San Francisco,55025.29,8518.98,2022-06-16,30,74.2,amanda.martinez@company.com,(357) 779-3870,Active
EMP029058,Matthew,Moore,Matthew Moore,45,Marketing,Senior Developer,Seattle,79431.57,8344.21,2021-03-16,16,84.9,matthew.moore@company.com,(753) 768-4657,Active
EMP029059,John,Jones,John Jones,58,Legal,Analyst,Los Angeles,93596.71,10498.31,2022-08-23,33,74.6,john.jones@company.com,(977) 742-8340,On Leave
EMP029060,Ashley,Williams,Ashley Williams,60,IT,Associate,San Francisco,117256.55,16552.19,2022-04-19,35,72.8,ashley.williams@company.com,(368) 905-5376,Active
EMP029061,David,Jones,David Jones,43,IT,Lead,Seattle,95889.68,267.98,2024-03-03,20,59.7,david.jones@company.com,(523) 397-2854,Active
EMP029062,Stephanie,Rodriguez,Stephanie Rodriguez,60,Legal,Analyst,Chicago,111498.17,8322.54,2024-09-30,37,60.5,stephanie.rodriguez@company.com,(499) 670-1671,Active
EMP029063,Nicole,Taylor,Nicole Taylor,47,Operations,Coordinator,Austin,70042.58,7778.02,2024-06-27,22,65.5,nicole.taylor@company.com,(516) 466-8092,Active
EMP029064,Ashley,Anderson,Ashley Anderson,23,Operations,Director,San Francisco,32183.91,2355.81,2021-12-03,0,73.6,ashley.anderson@company.com,(436) 803-3683,Active
EMP029065,Daniel,Smith,Daniel Smith,23,IT,Analyst,Austin,71912.88,10406.23,2022-10-10,1,42.2,daniel.smith@company.com,(323) 543-7196,Active
EMP029066,Christopher,Hernandez,Christopher Hernandez,32,Sales,Associate,Boston,60686.5,4853.83,2023-11-28,9,79.5,christopher.hernandez@company.com,(630) 266-1592,On Leave
EMP029067,Jessica,Lopez,Jessica Lopez,54,IT,Senior Developer,Austin,93588.89,11740.42,2020-07-16,25,65.8,jessica.lopez@company.com,(707) 580-4154,Active
EMP029068,Jessica,Johnson,Jessica Johnson,22,Legal,Lead,Austin,80016.75,6578.29,2023-05-21,0,82.5,jessica.johnson@company.com,(808) 920-4418,Active
EMP029069,Matthew,Johnson,Matthew Johnson,60,Operations,Manager,Boston,96720.18,10538.93,2024-07-24,32,59.1,matthew.johnson@company.com,(925) 795-1014,Active
EMP029070,Robert,Jones,Robert Jones,52,Sales,Lead,Seattle,86116.33,10077.62,2023-07-15,30,77.2,robert.jones@company.com,(981) 485-3829,Active
EMP029071,Anthony,Rodriguez,Anthony Rodriguez,59,Finance,Specialist,Boston,55131.68,5629.22,2021-06-01,35,93.8,anthony.rodriguez@company.com,(905) 604-8326,Active
EMP029072,Amanda,Wilson,Amanda Wilson,58,Marketing,Coordinator,Austin,112704.76,7176.26,2023-03-22,35,100.0,amanda.wilson@company.com,(319) 711-9670,Active
EMP029073,Lisa,Lopez,Lisa Lopez,50,Sales,Lead,New York,93345.66,9602.07,2020-05-11,24,70.3,lisa.lopez@company.com,(239) 722-3568,Active
EMP029074,Sarah,Miller,Sarah Miller,61,Legal,Coordinator,Chicago,122575.08,10066.53,2022-09-18,33,70.7,sarah.miller@company.com,(206) 616-2038,Active
EMP029075,Matthew,Davis,Matthew Davis,34,IT,Director,San Francisco,75513.09,4266.76,2023-04-22,12,83.3,matthew.davis@company.com,(971) 740-6313,Active
EMP029076,Jane,Martin,Jane Martin,53,HR,Specialist,Chicago,61318.65,5869.4,2024-01-03,27,84.3,jane.martin@company.com,(886) 683-5365,Active
EMP029077,Matthew,Lopez,Matthew Lopez,57,Legal,Analyst,Boston,125219.24,20723.22,2020-04-24,34,57.2,matthew.lopez@company.com,(202) 876-4143,Active
EMP029078,Daniel,Jones,Daniel Jones,58,Sales,Specialist,Boston,67543.31,5191.11,2023-11-24,30,81.9,daniel.jones@company.com,(382) 933-1097,Active
EMP029079,Stephanie,Taylor,Stephanie Taylor,63,IT,Specialist,San Francisco,152779.62,15487.89,2021-10-31,40,57.1,stephanie.taylor@company.com,(432) 917-4909,Active
EMP029080,Melissa,Miller,Melissa Miller,59,IT,Manager,San Francisco,114538.79,23444.08,2022-05-08,33,91.3,melissa.miller@company.com,(372) 941-2996,Active
EMP029081,Lisa,Johnson,Lisa Johnson,59,IT,Specialist,New York,91082.24,5140.43,2020-11-10,35,85.9,lisa.johnson@company.com,(986) 490-5399,Active
EMP029082,William,Brown,William Brown,57,Finance,Analyst,Boston,93417.09,14627.57,2021-09-17,29,62.3,william.brown@company.com,(985) 654-1263,Active
EMP029083,Amanda,Martinez,Amanda Martinez,29,HR,Analyst,Miami,31538.86,2999.86,2021-09-19,1,50.4,amanda.martinez@company.com,(846) 786-1866,Active
EMP029084,John,Hernandez,John Hernandez,29,Sales,Analyst,Chicago,69882.12,12012.93,2020-06-29,4,72.6,john.hernandez@company.com,(464) 790-1445,Active
EMP029085,William,Miller,William Miller,32,IT,Manager,San Francisco,77075.06,7883.89,2021-08-31,7,78.9,william.miller@company.com,(571) 907-3919,Active
EMP029086,Daniel,Anderson,Daniel Anderson,64,Marketing,Manager,Chicago,90212.47,10686.56,2024-05-24,42,72.9,daniel.anderson@company.com,(963) 451-4914,Active
EMP029087,William,Martinez,William Martinez,41,Marketing,Associate,Austin,49426.86,1284.41,2022-09-10,18,92.8,william.martinez@company.com,(418) 304-2515,Inactive
EMP029088,Stephanie,Taylor,Stephanie Taylor,51,Legal,Analyst,Austin,118981.74,7143.36,2022-09-03,25,88.9,stephanie.taylor@company.com,(607) 452-8638,Active
EMP029089,John,Martinez,John Martinez,54,Operations,Director,San Francisco,77126.63,9399.67,2020-12-29,26,49.5,john.martinez@company.com,(589) 765-3533,Active
EMP029090,Stephanie,Gonzalez,Stephanie Gonzalez,28,Operations,Coordinator,Seattle,41004.68,650.13,2023-01-18,0,53.5,stephanie.gonzalez@company.com,(848) 641-2302,Active
EMP029091,Michael,Davis,Michael Davis,54,Marketing,Analyst,Austin,86660.89,5340.34,2023-09-14,29,68.4,michael.davis@company.com,(327) 787-8364,Active
EMP029092,Jessica,Lopez,Jessica Lopez,60,Operations,Specialist,Miami,47354.7,8361.77,2024-04-24,38,87.2,jessica.lopez@company.com,(822) 872-3936,Active
EMP029093,William,Anderson,William Anderson,27,Sales,Associate,San Francisco,79908.55,6622.25,2020-05-31,0,60.8,william.anderson@company.com,(306) 381-4878,Active
EMP029094,James,Davis,James Davis,42,Marketing,Coordinator,Austin,68272.01,4288.26,2023-11-09,18,68.1,james.davis@company.com,(624) 717-4784,Inactive
EMP029095,Nicole,Martinez,Nicole Martinez,36,Finance,Coordinator,Seattle,75638.61,12037.87,2023-01-03,11,62.3,nicole.martinez@company.com,(708) 459-5802,Active
EMP029096,William,Williams,William Williams,27,Operations,Associate,San Francisco,38273.15,2442.42,2021-05-07,0,68.3,william.williams@company.com,(339) 221-3120,Active
EMP029097,Amanda,Taylor,Amanda Taylor,59,Finance,Specialist,San Francisco,82110.15,7705.47,2022-03-29,35,80.1,amanda.taylor@company.com,(719) 971-7325,Inactive
EMP029098,Jane,Jones,Jane Jones,51,Legal,Manager,Austin,70726.77,5654.19,2024-01-12,28,59.0,jane.jones@company.com,(980) 396-4874,Active
EMP029099,Amanda,Williams,Amanda Williams,27,Finance,Coordinator,Miami,50841.15,8497.0,2024-07-25,0,54.0,amanda.williams@company.com,(815) 940-9269,Active
EMP029100,Jessica,Miller,Jessica Miller,60,Engineering,Associate,Miami,149434.53,14750.41,2023-11-30,38,86.7,jessica.miller@company.com,(259) 644-6172,Inactive
EMP029101,Matthew,Davis,Matthew Davis,40,Sales,Specialist,San Francisco,54465.54,4868.51,2021-07-02,11,68.6,matthew.davis@company.com,(965) 759-8059,Active
EMP029102,Melissa,Rodriguez,Melissa Rodriguez,35,Engineering,Senior Developer,Seattle,89114.58,15516.8,2023-09-30,9,66.4,melissa.rodriguez@company.com,(898) 697-2599,Active
EMP029103,Jessica,Garcia,Jessica Garcia,53,Engineering,Manager,Miami,119297.22,10099.33,2023-07-24,25,92.4,jessica.garcia@company.com,(703) 708-5071,Active
EMP029104,David,Davis,David Davis,35,HR,Associate,San Francisco,43241.49,3363.98,2022-03-02,8,86.6,david.davis@company.com,(894) 648-7209,Active
EMP029105,Jessica,Miller,Jessica Miller,53,IT,Senior Developer,San Francisco,107397.31,3676.44,2023-08-19,29,64.7,jessica.miller@company.com,(312) 430-4960,On Leave
EMP029106,Lisa,Martin,Lisa Martin,47,Sales,Director,New York,84043.04,7087.21,2024-07-18,23,68.8,lisa.martin@company.com,(351) 738-5576,Active
EMP029107,Matthew,Williams,Matthew Williams,53,Sales,Lead,New York,82017.76,6988.93,2023-08-14,26,80.1,matthew.williams@company.com,(521) 538-1503,Inactive
EMP029108,Jessica,Gonzalez,Jessica Gonzalez,58,HR,Director,Miami,84185.67,5751.45,2021-07-30,35,76.5,jessica.gonzalez@company.com,(692) 900-9250,Active
EMP029109,Jessica,Taylor,Jessica Taylor,54,Engineering,Associate,San Francisco,89185.37,9607.25,2023-01-01,27,61.8,jessica.taylor@company.com,(833) 562-4295,Active
EMP029110,Michael,Davis,Michael Davis,28,HR,Lead,Austin,61130.05,6068.86,2020-12-06,3,64.8,michael.davis@company.com,(970) 706-4887,Active
EMP029111,James,Moore,James Moore,59,Legal,Senior Developer,Los Angeles,120439.45,16120.19,2022-11-23,30,84.1,james.moore@company.com,(838) 905-3390,On Leave
EMP029112,Lisa,Smith,Lisa Smith,53,Legal,Manager,Seattle,97473.37,7155.8,2024-09-15,26,44.0,lisa.smith@company.com,(540) 407-1565,Inactive
EMP029113,Robert,Anderson,Robert Anderson,37,Engineering,Analyst,Seattle,75173.93,5923.08,2020-07-22,8,56.6,robert.anderson@company.com,(370) 785-1394,Active
EMP029114,Ashley,Miller,Ashley Miller,42,IT,Coordinator,New York,96859.96,9692.17,2020-11-21,18,70.9,ashley.miller@company.com,(359) 289-9138,Active
EMP029115,Stephanie,Martin,Stephanie Martin,40,HR,Coordinator,Miami,62082.17,5532.27,2020-08-09,16,93.5,stephanie.martin@company.com,(870) 439-2771,Active
EMP029116,John,Martinez,John Martinez,23,Sales,Senior Developer,San Francisco,37958.2,3810.99,2021-07-17,0,66.2,john.martinez@company.com,(227) 553-9543,Active
EMP029117,Michael,Martin,Michael Martin,54,Sales,Lead,New York,88935.88,4646.58,2022-05-19,25,59.4,michael.martin@company.com,(265) 586-1903,Active
EMP029118,Michael,Lopez,Michael Lopez,39,Finance,Director,Austin,63461.97,7525.75,2023-02-15,13,81.7,michael.lopez@company.com,(637) 875-1285,Active
EMP029119,Amanda,Rodriguez,Amanda Rodriguez,26,IT,Manager,New York,99542.14,12111.57,2020-07-22,3,100.0,amanda.rodriguez@company.com,(278) 500-1555,Active
EMP029120,James,Garcia,James Garcia,44,Operations,Analyst,Boston,90075.85,6823.35,2021-12-07,22,51.3,james.garcia@company.com,(727) 737-4057,Inactive
EMP029121,Ashley,Martinez,Ashley Martinez,64,HR,Lead,Boston,85188.59,0.0,2022-05-09,40,60.0,ashley.martinez@company.com,(951) 983-5896,Active
EMP029122,Amanda,Wilson,Amanda Wilson,42,Legal,Analyst,Seattle,51732.24,4765.86,2020-06-23,15,70.8,amanda.wilson@company.com,(339) 875-7029,Active
EMP029123,Jane,Jones,Jane Jones,50,Marketing,Lead,Seattle,75983.67,13564.2,2020-12-15,24,67.0,jane.jones@company.com,(350) 567-4805,Active
EMP029124,Lisa,Anderson,Lisa Anderson,49,Finance,Coordinator,Chicago,94060.07,3814.59,2021-10-29,27,84.3,lisa.anderson@company.com,(297) 945-5584,Active
EMP029125,Anthony,Taylor,Anthony Taylor,35,Marketing,Director,San Francisco,71156.43,9982.76,2021-05-20,11,100.0,anthony.taylor@company.com,(420) 568-3035,Active
EMP029126,Ashley,Miller,Ashley Miller,54,Marketing,Senior Developer,San Francisco,90667.78,12002.58,2020-08-30,26,69.6,ashley.miller@company.com,(341) 636-6668,Active
EMP029127,Emily,Miller,Emily Miller,30,Sales,Associate,San Francisco,61044.55,5511.07,2021-02-05,2,84.0,emily.miller@company.com,(325) 777-2536,Inactive
EMP029128,Matthew,Hernandez,Matthew Hernandez,60,Finance,Senior Developer,Los Angeles,88946.93,9556.14,2021-01-20,33,86.0,matthew.hernandez@company.com,(796) 401-3087,Active
EMP029129,William,Moore,William Moore,36,IT,Analyst,New York,64759.69,361.42,2023-05-24,10,91.2,william.moore@company.com,(912) 983-7747,Active
EMP029130,John,Taylor,John Taylor,55,Marketing,Director,Los Angeles,85346.52,6916.32,2022-01-01,33,87.5,john.taylor@company.com,(350) 532-5767,Inactive
EMP029131,Daniel,Martinez,Daniel Martinez,25,Operations,Specialist,Miami,51611.91,6419.29,2022-05-16,0,74.3,daniel.martinez@company.com,(917) 817-6903,Active
EMP029132,Stephanie,Jackson,Stephanie Jackson,40,Operations,Specialist,Boston,66445.01,7130.49,2024-09-27,14,91.2,stephanie.jackson@company.com,(213) 659-3221,Active
EMP029133,Emily,Martinez,Emily Martinez,54,Sales,Associate,Seattle,70053.15,5724.98,2023-11-09,31,78.7,emily.martinez@company.com,(962) 449-5737,Active
EMP029134,Jessica,Williams,Jessica Williams,33,IT,Director,Austin,99106.41,2795.47,2024-05-10,10,78.3,jessica.williams@company.com,(936) 605-6283,Active
EMP029135,Jane,Martin,Jane Martin,59,Finance,Lead,Chicago,87467.55,9566.9,2022-10-22,36,87.8,jane.martin@company.com,(309) 766-2496,Inactive
EMP029136,Christopher,Hernandez,Christopher Hernandez,25,Sales,Lead,Boston,73995.36,3605.38,2021-03-26,0,100.0,christopher.hernandez@company.com,(512) 470-4251,Active
EMP029137,Michael,Martin,Michael Martin,61,Finance,Manager,Boston,104800.56,11864.71,2022-11-14,35,43.3,michael.martin@company.com,(420) 577-5647,Active
EMP029138,Daniel,Brown,Daniel Brown,59,Operations,Director,Seattle,106173.64,10234.39,2020-03-27,37,63.2,daniel.brown@company.com,(337) 657-7987,Active
EMP029139,James,Smith,James Smith,57,HR,Lead,New York,96438.99,7096.14,2022-02-27,33,74.5,james.smith@company.com,(468) 526-5287,Active
EMP029140,Jessica,Rodriguez,Jessica Rodriguez,30,Operations,Specialist,Austin,61344.72,6288.63,2023-04-16,6,88.1,jessica.rodriguez@company.com,(573) 565-7044,Active
EMP029141,Stephanie,Lopez,Stephanie Lopez,61,IT,Director,Austin,106340.86,7858.5,2023-04-04,37,86.7,stephanie.lopez@company.com,(313) 993-8863,Active
EMP029142,Christopher,Martin,Christopher Martin,63,HR,Analyst,San Francisco,97031.77,18849.03,2021-12-26,40,77.0,christopher.martin@company.com,(218) 586-5128,Active
EMP029143,Daniel,Smith,Daniel Smith,29,Finance,Manager,Los Angeles,67880.37,5937.39,2022-09-17,2,74.1,daniel.smith@company.com,(834) 566-2705,Active
EMP029144,David,Martinez,David Martinez,62,IT,Associate,New York,102831.84,17159.79,2022-02-17,36,75.7,david.martinez@company.com,(813) 390-7923,Active
EMP029145,Daniel,Hernandez,Daniel Hernandez,43,Finance,Specialist,New York,91447.83,3087.99,2024-02-24,16,81.7,daniel.hernandez@company.com,(829) 720-1519,Active
EMP029146,Christopher,Martin,Christopher Martin,42,Legal,Manager,Miami,137870.51,11462.5,2020-10-27,15,81.1,christopher.martin@company.com,(227) 463-2321,Active
EMP029147,James,Johnson,James Johnson,59,Sales,Manager,Boston,73471.73,7662.2,2022-06-19,35,63.7,james.johnson@company.com,(618) 391-3558,Active
EMP029148,Jessica,Gonzalez,Jessica Gonzalez,36,Marketing,Analyst,Miami,97118.54,10358.54,2023-05-21,7,47.2,jessica.gonzalez@company.com,(415) 209-3762,Active
EMP029149,Nicole,Davis,Nicole Davis,44,Engineering,Specialist,Chicago,100378.04,10664.71,2024-07-14,15,66.4,nicole.davis@company.com,(300) 790-9566,Active
EMP029150,Michael,Martinez,Michael Martinez,56,Operations,Manager,New York,52139.35,1030.63,2020-03-18,33,66.7,michael.martinez@company.com,(634) 203-1596,Active
EMP029151,Emily,Garcia,Emily Garcia,22,Marketing,Director,Boston,58342.71,7956.19,2024-03-29,0,74.3,emily.garcia@company.com,(818) 624-6522,Active
EMP029152,Anthony,Smith,Anthony Smith,39,HR,Manager,Miami,54765.73,7427.25,2021-12-31,13,71.9,anthony.smith@company.com,(227) 415-1732,Active
EMP029153,Amanda,Rodriguez,Amanda Rodriguez,35,Finance,Coordinator,New York,61685.42,1788.18,2020-04-05,12,91.9,amanda.rodriguez@company.com,(847) 819-1612,On Leave
EMP029154,Robert,Wilson,Robert Wilson,37,Engineering,Coordinator,Boston,98800.36,6825.29,2024-09-17,13,80.0,robert.wilson@company.com,(602) 766-7890,Active
EMP029155,Amanda,Anderson,Amanda Anderson,25,Legal,Lead,Boston,62440.08,5707.35,2024-06-18,0,87.0,amanda.anderson@company.com,(557) 819-9270,Active
EMP029156,David,Miller,David Miller,30,Marketing,Manager,San Francisco,56100.02,277.44,2021-08-21,4,88.6,david.miller@company.com,(502) 224-4468,Active
EMP029157,Ashley,Garcia,Ashley Garcia,38,HR,Lead,New York,73747.91,1964.19,2021-11-06,14,54.3,ashley.garcia@company.com,(700) 326-3776,Active
EMP029158,Jessica,Miller,Jessica Miller,43,Legal,Associate,Los Angeles,100652.9,12748.15,2022-07-24,18,94.9,jessica.miller@company.com,(302) 575-6738,Active
EMP029159,Sarah,Garcia,Sarah Garcia,64,HR,Lead,New York,79887.51,8698.69,2023-02-02,42,92.0,sarah.garcia@company.com,(752) 714-9026,On Leave
EMP029160,Melissa,Thomas,Melissa Thomas,64,Sales,Senior Developer,Miami,100321.7,7138.15,2020-09-04,41,50.3,melissa.thomas@company.com,(978) 452-7490,Active
EMP029161,William,Martinez,William Martinez,40,Marketing,Specialist,Miami,68593.91,3373.71,2023-04-04,15,67.1,william.martinez@company.com,(422) 463-7295,Active
EMP029162,Stephanie,Taylor,Stephanie Taylor,42,Engineering,Associate,Boston,106118.78,15130.07,2023-02-03,19,93.6,stephanie.taylor@company.com,(468) 785-7829,Active
EMP029163,Jane,Brown,Jane Brown,35,Sales,Specialist,New York,54199.5,10829.72,2020-07-26,11,59.3,jane.brown@company.com,(559) 877-9822,Active
EMP029164,Jane,Rodriguez,Jane Rodriguez,62,Operations,Director,New York,59247.8,10200.77,2024-11-01,37,83.1,jane.rodriguez@company.com,(371) 587-2817,Active
EMP029165,Ashley,Smith,Ashley Smith,46,Operations,Senior Developer,Seattle,49651.21,2756.18,2020-02-05,17,57.7,ashley.smith@company.com,(209) 678-4104,Active
EMP029166,William,Taylor,William Taylor,64,Sales,Manager,San Francisco,75734.93,6791.11,2024-09-05,37,88.9,william.taylor@company.com,(479) 916-9250,Active
EMP029167,Stephanie,Martinez,Stephanie Martinez,50,Engineering,Manager,Chicago,128857.88,17349.63,2022-02-25,23,68.2,stephanie.martinez@company.com,(619) 258-6306,Active
EMP029168,Melissa,Thomas,Melissa Thomas,65,Marketing,Associate,Chicago,71196.62,3138.04,2020-07-24,42,100.0,melissa.thomas@company.com,(860) 526-1801,Active
EMP029169,Jessica,Thomas,Jessica Thomas,37,HR,Lead,Chicago,59038.83,9804.46,2020-06-21,9,69.0,jessica.thomas@company.com,(774) 697-4682,Active
EMP029170,William,Gonzalez,William Gonzalez,25,Marketing,Associate,San Francisco,42809.67,4071.9,2022-06-15,3,89.0,william.gonzalez@company.com,(314) 284-1439,Active
EMP029171,Sarah,Jones,Sarah Jones,47,Finance,Manager,Chicago,95417.08,4098.32,2024-06-18,18,57.8,sarah.jones@company.com,(692) 267-2067,Active
EMP029172,Jessica,Garcia,Jessica Garcia,30,Finance,Lead,San Francisco,77749.7,5516.9,2023-01-16,3,67.9,jessica.garcia@company.com,(753) 333-9107,Active
EMP029173,David,Jackson,David Jackson,34,Finance,Specialist,New York,94072.98,10844.12,2020-11-29,8,83.9,david.jackson@company.com,(914) 323-7286,Active
EMP029174,Stephanie,Anderson,Stephanie Anderson,43,Marketing,Coordinator,Miami,67861.62,6985.39,2020-05-28,19,58.0,stephanie.anderson@company.com,(350) 579-5092,Active
EMP029175,Nicole,Brown,Nicole Brown,45,IT,Specialist,Boston,71414.16,11705.94,2021-09-07,17,91.6,nicole.brown@company.com,(494) 973-3990,Active
EMP029176,Sarah,Wilson,Sarah Wilson,50,IT,Specialist,Chicago,100928.79,15642.69,2023-06-06,22,100.0,sarah.wilson@company.com,(250) 627-3766,Active
EMP029177,Jane,Williams,Jane Williams,22,HR,Lead,Miami,38342.78,4766.49,2022-07-17,0,79.8,jane.williams@company.com,(386) 782-1933,Active
EMP029178,David,Jackson,David Jackson,35,Marketing,Specialist,Boston,38689.28,7040.31,2022-06-26,7,64.5,david.jackson@company.com,(471) 324-1953,Active
EMP029179,Jane,Garcia,Jane Garcia,36,IT,Lead,San Francisco,62873.75,2558.18,2020-01-22,8,62.6,jane.garcia@company.com,(643) 731-2001,Active
EMP029180,Christopher,Martin,Christopher Martin,65,HR,Director,Austin,80411.37,2471.46,2023-09-05,38,54.8,christopher.martin@company.com,(222) 766-9655,Active
EMP029181,Stephanie,Brown,Stephanie Brown,65,Marketing,Lead,Austin,96092.7,11108.77,2020-06-29,42,58.7,stephanie.brown@company.com,(451) 243-9978,Active
EMP029182,Matthew,Thomas,Matthew Thomas,65,HR,Senior Developer,Austin,77540.29,7473.69,2022-09-18,40,72.8,matthew.thomas@company.com,(683) 330-3328,Active
EMP029183,Matthew,Garcia,Matthew Garcia,36,Legal,Senior Developer,Austin,115822.02,20267.13,2022-09-11,12,80.8,matthew.garcia@company.com,(568) 819-1633,Active
EMP029184,Nicole,Thomas,Nicole Thomas,24,Legal,Manager,Miami,103880.66,1556.69,2020-10-21,1,36.5,nicole.thomas@company.com,(769) 956-6660,Active
EMP029185,Matthew,Garcia,Matthew Garcia,26,Engineering,Senior Developer,Seattle,57526.44,2679.9,2023-10-29,1,84.8,matthew.garcia@company.com,(239) 385-6717,Active
EMP029186,Stephanie,Wilson,Stephanie Wilson,52,IT,Analyst,Chicago,84518.79,11479.32,2024-02-24,26,86.1,stephanie.wilson@company.com,(625) 544-5277,Inactive
EMP029187,Melissa,Wilson,Melissa Wilson,34,HR,Senior Developer,Chicago,56178.5,10589.02,2024-05-24,5,78.9,melissa.wilson@company.com,(639) 999-6676,Active
EMP029188,Christopher,Thomas,Christopher Thomas,31,Engineering,Director,Miami,109137.7,15947.16,2022-08-16,7,92.1,christopher.thomas@company.com,(775) 885-8587,Active
EMP029189,Sarah,Taylor,Sarah Taylor,29,Operations,Associate,Miami,61125.62,347.88,2024-09-07,4,84.1,sarah.taylor@company.com,(421) 528-6477,Active
EMP029190,Jane,Miller,Jane Miller,53,Sales,Specialist,Seattle,80237.71,3842.14,2020-05-22,31,61.4,jane.miller@company.com,(491) 457-5358,Active
EMP029191,Nicole,Martin,Nicole Martin,33,Operations,Associate,Seattle,48975.6,2481.19,2021-08-27,8,39.6,nicole.martin@company.com,(866) 855-7685,Active
EMP029192,Michael,Smith,Michael Smith,32,Marketing,Specialist,Austin,81734.27,3492.16,2022-07-15,4,75.1,michael.smith@company.com,(517) 795-4176,On Leave
EMP029193,Robert,Taylor,Robert Taylor,54,Finance,Specialist,Boston,113464.73,3892.87,2023-06-21,32,100.0,robert.taylor@company.com,(770) 844-8624,Active
EMP029194,Matthew,Lopez,Matthew Lopez,60,Finance,Specialist,Chicago,111702.6,9482.36,2024-07-12,34,91.5,matthew.lopez@company.com,(644) 301-7662,Active
EMP029195,Jessica,Williams,Jessica Williams,42,Sales,Manager,Seattle,56834.04,5214.9,2022-02-18,15,91.3,jessica.williams@company.com,(930) 374-7442,Inactive
EMP029196,James,Davis,James Davis,41,Sales,Analyst,Chicago,47678.81,6783.78,2020-09-18,14,94.9,james.davis@company.com,(974) 599-9507,Active
EMP029197,Daniel,Rodriguez,Daniel Rodriguez,44,HR,Coordinator,Seattle,72847.39,5580.85,2021-04-05,18,85.1,daniel.rodriguez@company.com,(660) 990-6349,Active
EMP029198,Melissa,Miller,Melissa Miller,43,HR,Director,Chicago,64006.23,6073.18,2022-04-29,14,77.8,melissa.miller@company.com,(345) 378-8597,Active
EMP029199,John,Jackson,John Jackson,29,Legal,Lead,Chicago,50355.26,3871.01,2022-01-04,4,58.1,john.jackson@company.com,(781) 960-6066,Active
EMP029200,Sarah,Jones,Sarah Jones,46,IT,Manager,Chicago,105910.62,9192.0,2023-10-30,19,87.8,sarah.jones@company.com,(588) 570-7502,Inactive
EMP029201,Robert,Miller,Robert Miller,63,Finance,Specialist,Los Angeles,113285.83,11782.59,2022-04-02,41,84.1,robert.miller@company.com,(463) 402-7424,Active
EMP029202,Anthony,Garcia,Anthony Garcia,32,IT,Director,New York,99900.78,14437.29,2023-10-10,7,99.8,anthony.garcia@company.com,(314) 863-5709,Active
EMP029203,William,Miller,William Miller,30,HR,Specialist,Los Angeles,33723.15,2226.69,2021-10-28,6,72.1,william.miller@company.com,(945) 690-1180,Active
EMP029204,Lisa,Martinez,Lisa Martinez,56,IT,Analyst,New York,106476.14,16521.37,2024-09-14,28,55.7,lisa.martinez@company.com,(630) 825-5512,Inactive
EMP029205,David,Martin,David Martin,44,Engineering,Manager,Boston,97544.26,0.0,2024-05-15,20,85.7,david.martin@company.com,(906) 962-5026,Active
EMP029206,Jane,Johnson,Jane Johnson,59,Sales,Associate,New York,66682.36,10749.13,2022-01-01,32,82.0,jane.johnson@company.com,(716) 656-4816,Active
EMP029207,Daniel,Lopez,Daniel Lopez,53,Legal,Lead,Seattle,90167.97,14388.11,2020-02-25,26,77.3,daniel.lopez@company.com,(436) 438-5927,Active
EMP029208,Jane,Martin,Jane Martin,37,Marketing,Manager,Miami,66426.44,7259.46,2020-11-22,15,88.2,jane.martin@company.com,(438) 360-7051,Active
EMP029209,James,Garcia,James Garcia,49,Marketing,Analyst,Los Angeles,64636.25,4612.42,2024-03-08,21,82.6,james.garcia@company.com,(296) 304-2407,Active
EMP029210,William,Moore,William Moore,40,IT,Director,New York,101219.33,13335.19,2023-09-04,11,72.3,william.moore@company.com,(358) 772-5041,Active
EMP029211,Amanda,Brown,Amanda Brown,52,Engineering,Director,Los Angeles,142072.84,8261.69,2024-09-20,28,84.2,amanda.brown@company.com,(957) 289-7256,Active
EMP029212,Nicole,Moore,Nicole Moore,56,Finance,Analyst,Chicago,97402.47,4044.52,2024-10-26,28,61.8,nicole.moore@company.com,(893) 904-4382,Inactive
EMP029213,John,Rodriguez,John Rodriguez,47,Finance,Lead,Boston,112430.91,14558.69,2020-04-17,20,81.4,john.rodriguez@company.com,(310) 235-2771,Active
EMP029214,Daniel,Davis,Daniel Davis,52,Marketing,Director,San Francisco,97217.48,11047.94,2020-11-04,25,67.8,daniel.davis@company.com,(469) 766-4923,Active
EMP029215,Christopher,Rodriguez,Christopher Rodriguez,59,Engineering,Senior Developer,Austin,64839.85,4839.19,2020-01-27,32,70.9,christopher.rodriguez@company.com,(414) 550-2407,Active
EMP029216,David,Thomas,David Thomas,23,Legal,Coordinator,Chicago,73315.6,9098.51,2021-11-26,1,30.4,david.thomas@company.com,(705) 202-5694,Active
EMP029217,Lisa,Martin,Lisa Martin,54,Engineering,Director,Chicago,132584.09,18393.16,2022-09-22,28,73.5,lisa.martin@company.com,(930) 343-6183,Active
EMP029218,Lisa,Martinez,Lisa Martinez,48,Marketing,Coordinator,Austin,70665.19,5815.15,2024-12-22,23,76.3,lisa.martinez@company.com,(991) 736-1696,Active
EMP029219,Jessica,Brown,Jessica Brown,65,Engineering,Coordinator,Chicago,115861.3,14127.44,2024-05-17,37,80.1,jessica.brown@company.com,(668) 740-5456,Active
EMP029220,James,Rodriguez,James Rodriguez,42,Sales,Senior Developer,Los Angeles,85194.15,3946.21,2021-02-18,13,54.2,james.rodriguez@company.com,(835) 236-9863,Inactive
EMP029221,Melissa,Rodriguez,Melissa Rodriguez,42,HR,Director,Los Angeles,71898.14,7359.87,2022-11-10,15,72.4,melissa.rodriguez@company.com,(557) 604-7201,Active
EMP029222,Anthony,Lopez,Anthony Lopez,31,HR,Senior Developer,Boston,30347.22,3098.58,2023-05-11,3,73.1,anthony.lopez@company.com,(441) 501-8747,Active
EMP029223,James,Smith,James Smith,48,IT,Associate,Boston,100832.33,3892.56,2023-10-14,23,78.6,james.smith@company.com,(805) 962-3213,Active
EMP029224,Anthony,Hernandez,Anthony Hernandez,27,Marketing,Director,Miami,56815.9,4133.56,2020-04-12,5,73.8,anthony.hernandez@company.com,(464) 481-2249,Active
EMP029225,James,Thomas,James Thomas,58,Sales,Director,New York,103610.02,19420.58,2024-05-24,32,72.2,james.thomas@company.com,(937) 745-2362,Active
EMP029226,Amanda,Gonzalez,Amanda Gonzalez,34,IT,Coordinator,Miami,84383.03,4849.97,2022-12-04,9,57.2,amanda.gonzalez@company.com,(366) 227-9557,Active
EMP029227,Lisa,Jackson,Lisa Jackson,49,Marketing,Director,Seattle,86320.75,8495.51,2022-08-13,27,62.9,lisa.jackson@company.com,(492) 830-3080,Active
EMP029228,Matthew,Wilson,Matthew Wilson,62,Operations,Associate,San Francisco,93276.41,11193.68,2020-02-28,36,87.9,matthew.wilson@company.com,(453) 819-3900,Active
EMP029229,Anthony,Jones,Anthony Jones,26,Legal,Coordinator,Miami,57238.85,7938.64,2022-02-10,2,66.9,anthony.jones@company.com,(376) 825-5108,Active
EMP029230,Matthew,Taylor,Matthew Taylor,25,Marketing,Associate,Boston,60267.95,2198.92,2021-02-09,0,73.6,matthew.taylor@company.com,(631) 823-6143,Active
EMP029231,Stephanie,Wilson,Stephanie Wilson,52,HR,Specialist,San Francisco,56608.25,0.0,2021-05-22,30,89.2,stephanie.wilson@company.com,(645) 854-3819,Active
EMP029232,John,Williams,John Williams,51,Operations,Senior Developer,Miami,68437.34,7972.1,2024-09-28,29,75.5,john.williams@company.com,(297) 254-1191,Active
EMP029233,Ashley,Brown,Ashley Brown,27,IT,Coordinator,Chicago,62689.87,5191.41,2021-11-27,4,51.3,ashley.brown@company.com,(455) 319-5434,Active
EMP029234,Amanda,Brown,Amanda Brown,29,Finance,Lead,Austin,71150.75,6107.07,2021-06-07,1,61.0,amanda.brown@company.com,(861) 799-6387,Active
EMP029235,Stephanie,Miller,Stephanie Miller,54,Legal,Specialist,Chicago,125769.3,21389.86,2023-09-07,29,68.1,stephanie.miller@company.com,(361) 674-7780,Active
EMP029236,Anthony,Jackson,Anthony Jackson,64,Operations,Senior Developer,New York,94080.73,10148.69,2021-12-01,36,69.4,anthony.jackson@company.com,(303) 473-8265,Active
EMP029237,Ashley,Davis,Ashley Davis,54,Operations,Lead,Seattle,57158.85,5034.83,2021-12-27,25,44.8,ashley.davis@company.com,(792) 661-8551,Active
EMP029238,Jane,Garcia,Jane Garcia,35,HR,Coordinator,New York,43596.73,4239.84,2021-05-08,6,70.2,jane.garcia@company.com,(724) 921-5335,Active
EMP029239,Nicole,Johnson,Nicole Johnson,28,Finance,Manager,San Francisco,69132.29,7436.11,2023-08-02,6,100.0,nicole.johnson@company.com,(314) 606-1963,Active
EMP029240,Lisa,Williams,Lisa Williams,62,Legal,Director,Miami,73043.21,14053.85,2024-12-17,34,56.7,lisa.williams@company.com,(909) 214-9916,Inactive
EMP029241,Emily,Hernandez,Emily Hernandez,31,Sales,Lead,Chicago,63774.68,9768.12,2022-01-31,9,69.8,emily.hernandez@company.com,(604) 563-6967,Active
EMP029242,Christopher,Lopez,Christopher Lopez,33,Operations,Manager,Chicago,50302.87,4607.31,2024-04-07,8,79.4,christopher.lopez@company.com,(244) 500-4919,Active
EMP029243,James,Martinez,James Martinez,47,IT,Specialist,Los Angeles,82668.63,12756.57,2023-04-13,23,68.5,james.martinez@company.com,(876) 516-1638,Active
EMP029244,Emily,Garcia,Emily Garcia,24,IT,Senior Developer,Boston,78154.25,7144.88,2021-07-11,0,100.0,emily.garcia@company.com,(528) 518-2432,Active
EMP029245,Jane,Martin,Jane Martin,55,Engineering,Coordinator,Miami,105153.32,4442.67,2023-04-02,26,69.0,jane.martin@company.com,(665) 433-9835,Active
EMP029246,Stephanie,Garcia,Stephanie Garcia,52,Sales,Coordinator,San Francisco,92158.17,3969.06,2024-03-12,23,74.2,stephanie.garcia@company.com,(494) 956-2310,Active
EMP029247,Christopher,Smith,Christopher Smith,49,IT,Analyst,Austin,106614.14,7615.26,2020-01-05,25,58.5,christopher.smith@company.com,(863) 868-7655,Inactive
EMP029248,William,Moore,William Moore,50,Marketing,Manager,New York,54726.75,6087.82,2023-12-05,25,80.7,william.moore@company.com,(635) 737-9093,On Leave
EMP029249,Ashley,Taylor,Ashley Taylor,40,IT,Senior Developer,Miami,120910.99,7756.75,2022-09-14,12,55.0,ashley.taylor@company.com,(861) 456-4490,Inactive
EMP029250,Melissa,Martin,Melissa Martin,32,Legal,Coordinator,San Francisco,67158.99,10027.22,2023-11-09,10,92.0,melissa.martin@company.com,(333) 485-8854,Active
EMP029251,Jessica,Wilson,Jessica Wilson,45,Finance,Senior Developer,Austin,83803.16,5588.66,2022-05-20,22,80.3,jessica.wilson@company.com,(786) 434-7469,Active
EMP029252,Michael,Anderson,Michael Anderson,46,Operations,Coordinator,San Francisco,83365.5,8632.34,2023-12-13,23,78.5,michael.anderson@company.com,(953) 344-3924,Inactive
EMP029253,James,Miller,James Miller,29,Legal,Associate,Boston,113715.51,13871.71,2022-01-27,3,79.5,james.miller@company.com,(901) 552-9202,Active
EMP029254,Stephanie,Miller,Stephanie Miller,25,Finance,Director,New York,88134.15,8182.99,2023-02-03,0,54.8,stephanie.miller@company.com,(973) 257-1204,Inactive
EMP029255,Jane,Gonzalez,Jane Gonzalez,61,Operations,Director,Chicago,89753.1,5219.67,2023-03-01,35,91.0,jane.gonzalez@company.com,(556) 557-4422,Inactive
EMP029256,Stephanie,Wilson,Stephanie Wilson,57,IT,Senior Developer,Austin,103826.58,2379.24,2022-09-18,32,70.9,stephanie.wilson@company.com,(547) 864-9393,Active
EMP029257,John,Anderson,John Anderson,64,Engineering,Senior Developer,Miami,107851.17,8486.85,2020-06-20,35,88.8,john.anderson@company.com,(610) 644-4798,Active
EMP029258,Sarah,Wilson,Sarah Wilson,46,HR,Manager,San Francisco,67312.11,7138.0,2020-02-04,18,76.4,sarah.wilson@company.com,(588) 878-7601,Active
EMP029259,David,Davis,David Davis,52,Engineering,Coordinator,Boston,93902.76,9422.62,2021-04-10,25,68.9,david.davis@company.com,(414) 776-8440,Active
EMP029260,Ashley,Martin,Ashley Martin,59,HR,Manager,Austin,73897.82,11729.39,2020-10-16,36,87.5,ashley.martin@company.com,(925) 230-7749,Active
EMP029261,James,Anderson,James Anderson,44,HR,Coordinator,Boston,61066.15,6997.87,2020-07-02,19,66.3,james.anderson@company.com,(825) 692-3974,Inactive
EMP029262,Christopher,Brown,Christopher Brown,27,Marketing,Associate,Miami,60390.08,5620.23,2024-04-11,3,87.8,christopher.brown@company.com,(256) 898-7237,Active
EMP029263,Nicole,Moore,Nicole Moore,48,Legal,Associate,Miami,113660.56,4477.75,2022-07-01,22,70.4,nicole.moore@company.com,(335) 417-4207,Active
EMP029264,Matthew,Lopez,Matthew Lopez,44,IT,Coordinator,Boston,76213.91,0.0,2023-11-08,20,62.9,matthew.lopez@company.com,(202) 557-1228,Active
EMP029265,John,Jones,John Jones,56,Legal,Manager,Los Angeles,97662.68,18334.01,2023-10-20,28,79.6,john.jones@company.com,(293) 997-2654,Active
EMP029266,Ashley,Anderson,Ashley Anderson,36,HR,Director,Los Angeles,47474.18,6574.41,2022-06-08,11,91.6,ashley.anderson@company.com,(738) 848-5928,Active
EMP029267,Stephanie,Smith,Stephanie Smith,22,Finance,Specialist,Chicago,73678.17,14723.44,2021-02-10,0,83.9,stephanie.smith@company.com,(379) 274-9968,Active
EMP029268,Jane,Williams,Jane Williams,62,Finance,Lead,Los Angeles,101305.66,18089.66,2021-09-18,37,71.6,jane.williams@company.com,(736) 886-7892,Active
EMP029269,Amanda,Gonzalez,Amanda Gonzalez,40,Marketing,Analyst,Miami,57669.86,9106.1,2024-07-22,14,63.5,amanda.gonzalez@company.com,(970) 772-7929,Inactive
EMP029270,Amanda,Gonzalez,Amanda Gonzalez,49,Legal,Analyst,Miami,130733.67,6710.06,2024-03-04,25,47.9,amanda.gonzalez@company.com,(539) 379-7973,Active
EMP029271,Ashley,Brown,Ashley Brown,26,IT,Associate,Austin,67332.01,2388.23,2023-04-16,0,100.0,ashley.brown@company.com,(894) 790-4258,Active
EMP029272,Emily,Garcia,Emily Garcia,65,Marketing,Manager,Seattle,79149.76,6745.31,2023-10-22,41,71.3,emily.garcia@company.com,(676) 901-4837,Active
EMP029273,Amanda,Davis,Amanda Davis,47,Engineering,Lead,Boston,143500.73,17206.5,2021-12-05,23,60.2,amanda.davis@company.com,(346) 948-8396,Inactive
EMP029274,David,Wilson,David Wilson,51,HR,Director,Miami,91015.81,0.0,2022-02-25,28,79.5,david.wilson@company.com,(612) 509-4177,Active
EMP029275,Sarah,Wilson,Sarah Wilson,58,Sales,Director,Chicago,98530.79,3090.47,2024-02-19,30,73.4,sarah.wilson@company.com,(955) 855-7756,Active
EMP029276,Ashley,Johnson,Ashley Johnson,23,Sales,Lead,Austin,63756.6,4427.61,2023-11-05,0,58.0,ashley.johnson@company.com,(258) 560-9870,Active
EMP029277,William,Gonzalez,William Gonzalez,24,Finance,Senior Developer,New York,58655.07,1559.55,2024-03-24,0,68.6,william.gonzalez@company.com,(868) 849-5056,Active
EMP029278,Anthony,Taylor,Anthony Taylor,28,Legal,Associate,Chicago,70502.7,10417.6,2021-08-24,1,76.5,anthony.taylor@company.com,(673) 975-9366,Active
EMP029279,Ashley,Davis,Ashley Davis,22,Engineering,Manager,Boston,108383.3,17383.87,2020-02-25,0,65.4,ashley.davis@company.com,(396) 509-6784,Active
EMP029280,James,Brown,James Brown,42,Operations,Director,San Francisco,52261.74,2452.29,2024-06-14,20,76.8,james.brown@company.com,(405) 674-6663,Active
EMP029281,Nicole,Rodriguez,Nicole Rodriguez,64,Finance,Lead,Chicago,119830.05,7581.69,2021-08-20,35,83.8,nicole.rodriguez@company.com,(226) 749-3694,Active
EMP029282,Matthew,Anderson,Matthew Anderson,32,Engineering,Senior Developer,Seattle,77451.4,7828.68,2022-10-07,5,82.3,matthew.anderson@company.com,(353) 868-2306,Active
EMP029283,Emily,Brown,Emily Brown,55,HR,Senior Developer,Austin,73599.88,12575.17,2024-01-03,33,64.6,emily.brown@company.com,(949) 915-5329,Active
EMP029284,Matthew,Rodriguez,Matthew Rodriguez,37,Operations,Specialist,Chicago,75924.99,9825.26,2023-07-14,14,60.8,matthew.rodriguez@company.com,(934) 942-5979,Active
EMP029285,John,Taylor,John Taylor,41,Marketing,Analyst,Miami,72337.67,4862.01,2023-02-02,12,77.8,john.taylor@company.com,(987) 396-1490,Active
EMP029286,James,Jones,James Jones,23,HR,Manager,Chicago,48246.77,2352.28,2024-11-20,0,58.8,james.jones@company.com,(260) 775-2366,Active
EMP029287,Matthew,Smith,Matthew Smith,33,Marketing,Analyst,San Francisco,48135.24,6610.15,2021-02-01,4,100.0,matthew.smith@company.com,(809) 813-8152,Inactive
EMP029288,David,Anderson,David Anderson,37,Finance,Lead,Chicago,69293.91,9049.69,2021-01-04,14,78.3,david.anderson@company.com,(814) 707-2971,Active
EMP029289,Anthony,Gonzalez,Anthony Gonzalez,58,Sales,Director,New York,75212.96,13025.45,2023-04-11,35,68.9,anthony.gonzalez@company.com,(612) 283-5775,Active
EMP029290,Jessica,Lopez,Jessica Lopez,48,HR,Lead,Chicago,100868.26,5437.96,2022-08-05,23,80.6,jessica.lopez@company.com,(842) 266-3065,Active
EMP029291,William,Taylor,William Taylor,57,Operations,Lead,Miami,80844.3,6599.26,2022-07-09,32,100.0,william.taylor@company.com,(766) 896-4522,Active
EMP029292,John,Gonzalez,John Gonzalez,30,Operations,Specialist,Austin,60252.77,3896.73,2021-04-15,2,65.6,john.gonzalez@company.com,(316) 969-6206,Active
EMP029293,Jane,Jones,Jane Jones,31,Finance,Specialist,San Francisco,58202.8,2218.75,2023-12-27,7,79.1,jane.jones@company.com,(371) 606-9944,Active
EMP029294,Ashley,Anderson,Ashley Anderson,39,Engineering,Director,Austin,96851.87,2687.49,2024-01-24,10,87.9,ashley.anderson@company.com,(580) 348-7357,Active
EMP029295,Lisa,Taylor,Lisa Taylor,46,Sales,Analyst,Chicago,82089.48,8735.64,2024-08-14,24,74.1,lisa.taylor@company.com,(802) 886-1130,Active
EMP029296,Lisa,Brown,Lisa Brown,29,Engineering,Lead,New York,81455.37,8777.17,2022-07-16,2,50.2,lisa.brown@company.com,(370) 260-3891,Active
EMP029297,Matthew,Smith,Matthew Smith,24,IT,Director,Miami,92889.19,6807.32,2023-11-30,0,75.8,matthew.smith@company.com,(764) 401-7531,Active
EMP029298,Daniel,Martinez,Daniel Martinez,34,HR,Manager,Los Angeles,47521.58,4729.04,2020-09-20,10,96.0,daniel.martinez@company.com,(363) 910-8055,Active
EMP029299,Sarah,Jones,Sarah Jones,41,Legal,Lead,Boston,85654.18,14736.79,2023-07-22,15,77.0,sarah.jones@company.com,(879) 354-6066,Active
EMP029300,Lisa,Moore,Lisa Moore,29,Marketing,Specialist,Los Angeles,37975.5,1051.48,2024-04-07,2,65.1,lisa.moore@company.com,(484) 261-4655,Active
EMP029301,Michael,Smith,Michael Smith,53,Finance,Director,Boston,92390.54,10507.44,2022-11-07,28,96.8,michael.smith@company.com,(247) 280-1667,Active
EMP029302,Jane,Hernandez,Jane Hernandez,48,Operations,Analyst,Seattle,77532.34,4368.83,2023-12-15,20,83.8,jane.hernandez@company.com,(216) 686-1242,Active
EMP029303,Emily,Gonzalez,Emily Gonzalez,45,Legal,Manager,Boston,99628.28,15310.08,2020-06-01,16,70.1,emily.gonzalez@company.com,(807) 220-1906,Active
EMP029304,Jessica,Johnson,Jessica Johnson,50,Legal,Analyst,New York,72483.52,13327.72,2021-12-01,21,63.9,jessica.johnson@company.com,(850) 466-5349,Active
EMP029305,Stephanie,Lopez,Stephanie Lopez,59,Legal,Director,Seattle,122043.4,16857.62,2020-04-28,36,74.7,stephanie.lopez@company.com,(677) 447-3884,Active
EMP029306,Anthony,Johnson,Anthony Johnson,30,Legal,Manager,Seattle,63889.92,12404.55,2024-04-18,4,75.5,anthony.johnson@company.com,(258) 714-6678,Active
EMP029307,Lisa,Gonzalez,Lisa Gonzalez,56,Sales,Specialist,Austin,79619.25,6151.99,2023-02-25,28,80.4,lisa.gonzalez@company.com,(254) 632-9485,Active
EMP029308,Lisa,Jackson,Lisa Jackson,34,Legal,Manager,San Francisco,76438.86,13092.5,2022-07-29,12,87.0,lisa.jackson@company.com,(933) 501-4026,On Leave
EMP029309,Melissa,Miller,Melissa Miller,27,Operations,Coordinator,Chicago,56516.57,4751.0,2022-05-24,3,73.6,melissa.miller@company.com,(687) 602-6185,Active
EMP029310,Daniel,Jackson,Daniel Jackson,25,Legal,Director,Seattle,53045.54,1389.66,2023-05-26,1,48.8,daniel.jackson@company.com,(918) 468-8067,Active
EMP029311,Ashley,Martinez,Ashley Martinez,52,Sales,Senior Developer,Los Angeles,83926.63,15928.16,2022-03-22,30,77.2,ashley.martinez@company.com,(929) 595-9840,On Leave
EMP029312,Robert,Jackson,Robert Jackson,55,HR,Senior Developer,Boston,65185.79,7868.39,2024-07-14,33,61.8,robert.jackson@company.com,(778) 856-1818,Active
EMP029313,John,Williams,John Williams,28,Engineering,Director,Boston,78051.1,9553.37,2022-08-19,1,74.0,john.williams@company.com,(762) 614-7192,Active
EMP029314,William,Jones,William Jones,22,Sales,Lead,Boston,52897.97,6640.67,2020-09-08,0,76.2,william.jones@company.com,(481) 248-9269,Active
EMP029315,William,Anderson,William Anderson,62,Finance,Lead,New York,91830.01,7611.81,2024-10-07,38,69.5,william.anderson@company.com,(691) 906-4646,Active
EMP029316,David,Jones,David Jones,26,Sales,Senior Developer,Miami,94956.47,7430.37,2022-09-29,0,74.4,david.jones@company.com,(355) 791-4090,Active
EMP029317,Anthony,Rodriguez,Anthony Rodriguez,37,HR,Director,Los Angeles,68703.1,12360.05,2023-12-22,15,91.7,anthony.rodriguez@company.com,(323) 260-9953,Active
EMP029318,Anthony,Martin,Anthony Martin,22,Engineering,Associate,San Francisco,65675.05,4593.53,2020-03-19,0,71.7,anthony.martin@company.com,(793) 867-3667,Active
EMP029319,Sarah,Moore,Sarah Moore,65,HR,Associate,Seattle,73042.7,1196.74,2022-09-06,39,98.2,sarah.moore@company.com,(597) 503-2793,Active
EMP029320,Nicole,Wilson,Nicole Wilson,39,IT,Director,Austin,101104.89,14148.5,2021-09-02,16,75.9,nicole.wilson@company.com,(604) 236-5119,Active
EMP029321,William,Martinez,William Martinez,25,IT,Director,Boston,76830.06,7400.57,2024-03-26,0,62.8,william.martinez@company.com,(266) 481-9012,Active
EMP029322,Jane,Jones,Jane Jones,58,Legal,Lead,New York,94364.56,4852.09,2024-03-01,30,100.0,jane.jones@company.com,(886) 386-3862,Active
EMP029323,Sarah,Johnson,Sarah Johnson,24,IT,Coordinator,New York,50147.48,4485.68,2020-04-06,0,72.8,sarah.johnson@company.com,(848) 998-9030,Inactive
EMP029324,Melissa,Lopez,Melissa Lopez,38,Sales,Director,San Francisco,61458.0,3351.14,2022-11-13,13,65.1,melissa.lopez@company.com,(752) 798-3404,On Leave
EMP029325,Jessica,Rodriguez,Jessica Rodriguez,64,Finance,Lead,Los Angeles,122196.18,18839.83,2021-11-10,37,54.8,jessica.rodriguez@company.com,(223) 780-4349,Active
EMP029326,Emily,Johnson,Emily Johnson,48,Operations,Associate,San Francisco,64575.23,3405.86,2021-03-14,25,88.2,emily.johnson@company.com,(252) 320-3835,Active
EMP029327,Amanda,Williams,Amanda Williams,43,Operations,Analyst,New York,64231.83,5879.8,2022-04-07,16,73.0,amanda.williams@company.com,(353) 493-2474,Active
EMP029328,William,Hernandez,William Hernandez,36,Engineering,Director,Miami,80281.99,6585.27,2020-10-01,14,88.1,william.hernandez@company.com,(211) 788-6595,Active
EMP029329,Emily,Miller,Emily Miller,28,Finance,Lead,Miami,42250.46,2168.21,2020-04-30,0,74.0,emily.miller@company.com,(327) 624-1380,Active
EMP029330,James,Jackson,James Jackson,65,Finance,Coordinator,New York,79252.31,5591.87,2024-06-13,42,47.1,james.jackson@company.com,(702) 237-7501,Active
EMP029331,Michael,Johnson,Michael Johnson,59,Engineering,Coordinator,Chicago,129431.22,7030.34,2023-06-23,30,67.4,michael.johnson@company.com,(562) 591-9043,Active
EMP029332,Jessica,Wilson,Jessica Wilson,40,Engineering,Director,New York,93089.22,9578.98,2022-03-27,15,76.7,jessica.wilson@company.com,(356) 782-9498,Active
EMP029333,Amanda,Jones,Amanda Jones,27,HR,Associate,New York,60191.2,4235.8,2020-08-24,0,63.6,amanda.jones@company.com,(288) 533-4402,Active
EMP029334,Matthew,Johnson,Matthew Johnson,37,HR,Associate,New York,64815.05,8227.98,2023-04-12,8,69.5,matthew.johnson@company.com,(510) 600-2049,Active
EMP029335,Stephanie,Jackson,Stephanie Jackson,30,Legal,Senior Developer,New York,59241.89,4707.01,2021-09-23,8,74.4,stephanie.jackson@company.com,(942) 614-4318,Active
EMP029336,Michael,Jones,Michael Jones,39,Marketing,Coordinator,Los Angeles,60972.82,9234.17,2024-02-17,14,70.9,michael.jones@company.com,(479) 912-5675,Active
EMP029337,Stephanie,Johnson,Stephanie Johnson,59,Marketing,Coordinator,Los Angeles,81872.06,8962.85,2021-09-30,30,66.3,stephanie.johnson@company.com,(317) 288-3219,Active
EMP029338,Sarah,Anderson,Sarah Anderson,58,Marketing,Senior Developer,Chicago,66525.18,6089.92,2024-09-28,35,97.1,sarah.anderson@company.com,(493) 403-9309,Active
EMP029339,Nicole,Smith,Nicole Smith,35,Sales,Manager,San Francisco,70524.46,76.16,2024-10-01,9,79.0,nicole.smith@company.com,(259) 962-7763,Active
EMP029340,James,Wilson,James Wilson,43,Operations,Coordinator,New York,62454.44,3096.61,2024-07-14,14,49.3,james.wilson@company.com,(305) 365-8643,Active
EMP029341,Nicole,Martin,Nicole Martin,47,Finance,Senior Developer,San Francisco,76990.98,0.0,2022-04-24,18,85.6,nicole.martin@company.com,(601) 573-3948,Active
EMP029342,Jessica,Brown,Jessica Brown,25,Finance,Specialist,Miami,53651.99,6346.2,2024-08-03,0,73.1,jessica.brown@company.com,(434) 921-8387,On Leave
EMP029343,Anthony,Williams,Anthony Williams,47,Operations,Analyst,Miami,78518.61,0.0,2020-08-23,20,97.8,anthony.williams@company.com,(578) 317-4560,Active
EMP029344,James,Martinez,James Martinez,34,Sales,Analyst,New York,48444.76,1751.54,2021-11-19,7,59.6,james.martinez@company.com,(413) 352-8856,Active
EMP029345,James,Anderson,James Anderson,60,Engineering,Analyst,San Francisco,104185.12,18442.65,2024-05-30,33,50.5,james.anderson@company.com,(944) 980-7653,Active
EMP029346,David,Johnson,David Johnson,64,Engineering,Lead,Miami,108333.51,7221.82,2022-05-09,35,72.0,david.johnson@company.com,(820) 881-6492,Active
EMP029347,Jessica,Wilson,Jessica Wilson,60,Sales,Senior Developer,Austin,95955.69,7390.0,2020-05-04,34,81.9,jessica.wilson@company.com,(956) 914-8553,Active
EMP029348,James,Miller,James Miller,51,Engineering,Analyst,Boston,98979.13,2370.65,2022-01-09,25,54.7,james.miller@company.com,(760) 806-4563,Active
EMP029349,Emily,Taylor,Emily Taylor,59,HR,Specialist,Boston,105658.31,10140.47,2022-12-23,35,80.4,emily.taylor@company.com,(514) 334-9293,Active
EMP029350,Michael,Brown,Michael Brown,32,Engineering,Lead,Chicago,101497.4,7938.25,2022-04-01,9,75.8,michael.brown@company.com,(826) 757-2312,Active
EMP029351,Ashley,Taylor,Ashley Taylor,55,Engineering,Manager,Chicago,112833.21,14827.04,2021-09-19,32,100.0,ashley.taylor@company.com,(205) 963-2250,Active
EMP029352,Matthew,Hernandez,Matthew Hernandez,56,Marketing,Manager,Boston,76268.2,8143.39,2020-05-02,29,93.7,matthew.hernandez@company.com,(649) 790-4321,Active
EMP029353,Christopher,Smith,Christopher Smith,59,Operations,Senior Developer,Seattle,54045.9,2571.21,2020-11-21,31,63.8,christopher.smith@company.com,(320) 841-5970,Inactive
EMP029354,Amanda,Jones,Amanda Jones,37,Operations,Lead,Boston,47215.88,6061.46,2022-04-19,8,72.7,amanda.jones@company.com,(950) 778-6716,On Leave
EMP029355,Daniel,Wilson,Daniel Wilson,43,Finance,Specialist,Chicago,83561.67,10410.28,2024-10-11,16,69.6,daniel.wilson@company.com,(300) 529-2941,Active
EMP029356,Ashley,Hernandez,Ashley Hernandez,30,Sales,Coordinator,New York,68863.23,9467.84,2021-08-13,2,90.9,ashley.hernandez@company.com,(404) 269-8125,Active
EMP029357,James,Moore,James Moore,47,Finance,Coordinator,Seattle,116666.53,8518.17,2022-10-01,25,62.7,james.moore@company.com,(270) 790-6970,Inactive
EMP029358,Michael,Wilson,Michael Wilson,53,IT,Analyst,Austin,93744.41,5117.07,2023-01-06,30,61.4,michael.wilson@company.com,(346) 916-5381,Active
EMP029359,Lisa,Jones,Lisa Jones,53,Legal,Analyst,Boston,100317.39,12966.59,2024-01-07,25,83.7,lisa.jones@company.com,(240) 583-4620,Active
EMP029360,Lisa,Lopez,Lisa Lopez,23,Sales,Lead,Seattle,73781.31,5980.31,2021-02-23,0,83.2,lisa.lopez@company.com,(341) 563-1132,Active
EMP029361,Anthony,Wilson,Anthony Wilson,44,Legal,Lead,New York,83468.3,12143.98,2020-11-23,19,93.4,anthony.wilson@company.com,(251) 431-7708,On Leave
EMP029362,Amanda,Wilson,Amanda Wilson,31,Engineering,Coordinator,Seattle,121767.37,19173.28,2022-04-20,8,69.2,amanda.wilson@company.com,(706) 425-8839,Active
EMP029363,Christopher,Jones,Christopher Jones,35,Sales,Associate,New York,78574.53,7031.8,2023-06-27,9,61.8,christopher.jones@company.com,(635) 204-2916,Active
EMP029364,Sarah,Taylor,Sarah Taylor,65,HR,Analyst,Los Angeles,85123.81,15665.0,2021-05-20,43,100.0,sarah.taylor@company.com,(329) 889-9425,Active
EMP029365,Jessica,Anderson,Jessica Anderson,59,Finance,Lead,Boston,82794.88,9602.59,2021-10-04,33,27.0,jessica.anderson@company.com,(979) 932-8072,Active
EMP029366,William,Lopez,William Lopez,50,Sales,Senior Developer,Los Angeles,65308.81,4276.65,2024-02-19,25,43.5,william.lopez@company.com,(400) 919-4512,Active
EMP029367,Ashley,Martinez,Ashley Martinez,65,HR,Director,San Francisco,84537.68,10156.93,2021-10-11,38,68.7,ashley.martinez@company.com,(338) 323-2971,Active
EMP029368,Melissa,Anderson,Melissa Anderson,53,Sales,Associate,Austin,90760.79,11794.36,2022-07-22,30,74.1,melissa.anderson@company.com,(986) 613-1398,Active
EMP029369,Christopher,Garcia,Christopher Garcia,25,Engineering,Manager,Miami,95791.5,10828.49,2022-12-21,0,66.2,christopher.garcia@company.com,(594) 715-8318,Active
EMP029370,Sarah,Williams,Sarah Williams,61,Marketing,Lead,Boston,94625.73,12435.36,2022-09-29,36,54.6,sarah.williams@company.com,(254) 862-8086,Active
EMP029371,Jane,Wilson,Jane Wilson,26,Engineering,Coordinator,Seattle,90987.78,3263.96,2024-08-10,1,49.1,jane.wilson@company.com,(303) 634-1263,Active
EMP029372,William,Taylor,William Taylor,46,Legal,Senior Developer,San Francisco,86733.32,8595.06,2024-07-27,17,59.4,william.taylor@company.com,(654) 247-1227,Active
EMP029373,Anthony,Rodriguez,Anthony Rodriguez,61,Finance,Director,Boston,79933.8,12908.02,2024-03-03,39,37.0,anthony.rodriguez@company.com,(533) 416-9350,Active
EMP029374,Christopher,Davis,Christopher Davis,51,Operations,Specialist,San Francisco,49554.33,6816.51,2021-05-25,27,87.2,christopher.davis@company.com,(908) 621-3925,Active
EMP029375,Jane,Taylor,Jane Taylor,23,Operations,Senior Developer,Austin,46300.58,8268.71,2022-04-03,0,67.4,jane.taylor@company.com,(227) 304-3089,On Leave
EMP029376,Sarah,Hernandez,Sarah Hernandez,59,Operations,Lead,New York,70103.93,5983.95,2024-04-10,32,68.7,sarah.hernandez@company.com,(333) 304-2836,Inactive
EMP029377,James,Gonzalez,James Gonzalez,30,Marketing,Associate,Seattle,29059.94,2192.8,2022-07-30,6,51.7,james.gonzalez@company.com,(819) 888-7764,Inactive
EMP029378,Lisa,Wilson,Lisa Wilson,39,Sales,Director,Chicago,80155.99,10456.68,2023-06-24,17,71.3,lisa.wilson@company.com,(582) 779-6793,Active
EMP029379,Daniel,Jackson,Daniel Jackson,43,IT,Specialist,Seattle,55580.76,4548.04,2023-06-28,17,78.0,daniel.jackson@company.com,(912) 598-1518,Active
EMP029380,Lisa,Rodriguez,Lisa Rodriguez,65,Legal,Manager,Chicago,121216.2,24878.63,2022-07-11,37,82.0,lisa.rodriguez@company.com,(680) 341-5827,Active
EMP029381,Anthony,Wilson,Anthony Wilson,27,Finance,Associate,San Francisco,69914.76,5509.2,2021-03-03,0,82.8,anthony.wilson@company.com,(778) 620-9749,Active
EMP029382,Ashley,Gonzalez,Ashley Gonzalez,60,Finance,Associate,Los Angeles,105361.67,15500.82,2020-05-02,31,73.7,ashley.gonzalez@company.com,(966) 342-3195,Active
EMP029383,Nicole,Brown,Nicole Brown,51,IT,Manager,San Francisco,88465.86,10087.48,2020-07-30,29,80.2,nicole.brown@company.com,(668) 343-6920,Active
EMP029384,Daniel,Martinez,Daniel Martinez,35,Operations,Analyst,Los Angeles,69957.04,3889.97,2023-12-03,9,82.1,daniel.martinez@company.com,(636) 690-6990,Active
EMP029385,Stephanie,Thomas,Stephanie Thomas,47,Marketing,Analyst,Boston,99412.66,7738.68,2020-07-29,18,63.4,stephanie.thomas@company.com,(623) 861-1031,Active
EMP029386,Melissa,Hernandez,Melissa Hernandez,41,Finance,Manager,New York,92674.96,14818.57,2020-06-09,12,77.8,melissa.hernandez@company.com,(858) 256-6484,Active
EMP029387,Lisa,Garcia,Lisa Garcia,40,Finance,Associate,New York,62996.33,6089.44,2023-06-02,13,97.5,lisa.garcia@company.com,(449) 858-5271,Active
EMP029388,Jessica,Williams,Jessica Williams,57,IT,Specialist,Austin,112170.24,9311.21,2023-01-04,28,55.8,jessica.williams@company.com,(849) 439-3599,Active
EMP029389,Melissa,Brown,Melissa Brown,29,Marketing,Lead,Los Angeles,63318.4,4806.25,2021-08-28,7,78.4,melissa.brown@company.com,(413) 806-1395,Active
EMP029390,Michael,Gonzalez,Michael Gonzalez,58,Marketing,Senior Developer,San Francisco,92962.87,2722.24,2020-07-23,32,81.1,michael.gonzalez@company.com,(681) 330-2612,Active
EMP029391,Melissa,Brown,Melissa Brown,33,HR,Coordinator,Miami,69300.85,9035.71,2021-05-22,4,65.4,melissa.brown@company.com,(840) 742-6012,Active
EMP029392,Jane,Martin,Jane Martin,28,Marketing,Analyst,Boston,66592.86,5786.28,2024-07-28,2,56.0,jane.martin@company.com,(903) 543-5672,Active
EMP029393,Matthew,Jackson,Matthew Jackson,54,Finance,Associate,Austin,104698.77,11787.18,2021-09-27,30,89.1,matthew.jackson@company.com,(265) 583-9776,Active
EMP029394,James,Hernandez,James Hernandez,38,Finance,Senior Developer,Los Angeles,89941.92,3896.22,2022-07-04,10,97.5,james.hernandez@company.com,(859) 588-4800,Active
EMP029395,Michael,Lopez,Michael Lopez,40,Operations,Senior Developer,Miami,75249.13,5477.43,2023-04-13,12,76.4,michael.lopez@company.com,(221) 805-1165,Active
EMP029396,Anthony,Garcia,Anthony Garcia,40,Engineering,Analyst,San Francisco,111951.86,18833.21,2022-12-25,14,66.0,anthony.garcia@company.com,(619) 707-9816,Active
EMP029397,Lisa,Davis,Lisa Davis,65,Operations,Senior Developer,Miami,68006.57,8798.33,2023-08-26,36,53.1,lisa.davis@company.com,(528) 244-8270,Active
EMP029398,Ashley,Hernandez,Ashley Hernandez,27,Sales,Analyst,Seattle,83147.61,12314.97,2020-08-17,5,63.5,ashley.hernandez@company.com,(585) 377-1450,Inactive
EMP029399,Michael,Thomas,Michael Thomas,44,Engineering,Associate,Los Angeles,113941.59,19483.62,2023-09-08,21,65.5,michael.thomas@company.com,(961) 742-7328,Active
EMP029400,Nicole,Garcia,Nicole Garcia,26,Marketing,Specialist,Miami,53422.69,8277.48,2023-10-22,4,68.5,nicole.garcia@company.com,(874) 405-3327,Active
EMP029401,Anthony,Williams,Anthony Williams,32,Finance,Senior Developer,Miami,89929.18,9904.07,2022-08-17,9,72.6,anthony.williams@company.com,(552) 379-2166,Active
EMP029402,Melissa,Johnson,Melissa Johnson,50,Finance,Manager,Austin,84151.88,10299.22,2021-01-05,24,74.6,melissa.johnson@company.com,(888) 677-2018,Active
EMP029403,Ashley,Lopez,Ashley Lopez,37,Engineering,Coordinator,Los Angeles,89381.66,9953.37,2022-08-16,12,81.0,ashley.lopez@company.com,(528) 899-7129,On Leave
EMP029404,Ashley,Brown,Ashley Brown,57,Finance,Senior Developer,Chicago,106992.14,7812.96,2024-07-10,33,68.8,ashley.brown@company.com,(256) 369-6121,Active
EMP029405,Christopher,Brown,Christopher Brown,51,Finance,Director,Miami,85225.49,0.0,2023-08-10,24,83.3,christopher.brown@company.com,(517) 872-8409,Active
EMP029406,David,Miller,David Miller,56,Legal,Director,Chicago,85269.29,8088.3,2022-09-11,32,88.8,david.miller@company.com,(275) 496-3710,On Leave
EMP029407,Melissa,Johnson,Melissa Johnson,38,Finance,Manager,Miami,83020.67,7004.92,2021-10-13,16,74.0,melissa.johnson@company.com,(912) 711-9047,Active
EMP029408,Stephanie,Wilson,Stephanie Wilson,53,Operations,Coordinator,Miami,48831.43,5503.27,2023-04-18,25,77.2,stephanie.wilson@company.com,(934) 774-4169,Active
EMP029409,Michael,Williams,Michael Williams,32,HR,Specialist,Boston,50249.78,4703.43,2020-12-15,10,91.2,michael.williams@company.com,(484) 492-3494,Inactive
EMP029410,Lisa,Taylor,Lisa Taylor,61,Marketing,Associate,Los Angeles,71759.28,8740.5,2021-10-20,32,76.9,lisa.taylor@company.com,(285) 882-9981,Active
EMP029411,Emily,Moore,Emily Moore,22,Marketing,Lead,Los Angeles,55340.0,5916.66,2024-10-05,0,90.0,emily.moore@company.com,(829) 381-9746,Active
EMP029412,Jane,Brown,Jane Brown,38,Operations,Manager,Austin,47979.95,4444.63,2021-10-01,12,52.9,jane.brown@company.com,(480) 419-9657,Active
EMP029413,Stephanie,Taylor,Stephanie Taylor,32,HR,Manager,San Francisco,52230.37,1779.6,2023-02-05,7,72.4,stephanie.taylor@company.com,(379) 275-1836,Active
EMP029414,Lisa,Taylor,Lisa Taylor,62,Marketing,Specialist,San Francisco,80189.19,6528.21,2020-10-17,39,73.1,lisa.taylor@company.com,(272) 761-3932,Active
EMP029415,Daniel,Martinez,Daniel Martinez,42,Sales,Manager,Austin,85617.4,3121.28,2021-06-30,20,52.1,daniel.martinez@company.com,(971) 278-3681,Active
EMP029416,Michael,Davis,Michael Davis,40,Marketing,Lead,Austin,100140.56,4610.11,2023-07-28,17,80.6,michael.davis@company.com,(903) 282-4731,Active
EMP029417,David,Miller,David Miller,52,Engineering,Lead,Austin,77134.97,2889.34,2023-02-05,24,67.2,david.miller@company.com,(342) 507-1450,Active
EMP029418,James,Hernandez,James Hernandez,30,Operations,Director,New York,39249.86,6221.74,2020-03-11,3,75.5,james.hernandez@company.com,(869) 835-6221,Active
EMP029419,Matthew,Davis,Matthew Davis,25,Engineering,Senior Developer,San Francisco,82224.94,19336.89,2023-06-03,1,62.9,matthew.davis@company.com,(410) 475-5598,Active
EMP029420,Emily,Wilson,Emily Wilson,32,HR,Coordinator,Seattle,52206.06,2813.27,2023-08-07,8,79.3,emily.wilson@company.com,(892) 388-4977,Active
EMP029421,James,Anderson,James Anderson,25,Operations,Director,San Francisco,37252.62,2913.66,2023-02-11,0,100.0,james.anderson@company.com,(627) 866-9772,Inactive
EMP029422,Stephanie,Martinez,Stephanie Martinez,42,HR,Specialist,Austin,67583.55,4488.79,2021-04-14,16,71.6,stephanie.martinez@company.com,(245) 406-3854,Active
EMP029423,Sarah,Thomas,Sarah Thomas,32,Legal,Specialist,Austin,81861.85,12374.49,2021-08-04,10,75.2,sarah.thomas@company.com,(550) 897-8586,Inactive
EMP029424,Lisa,Jackson,Lisa Jackson,50,Legal,Lead,New York,94543.25,16681.42,2023-06-14,28,75.0,lisa.jackson@company.com,(413) 334-2308,Active
EMP029425,John,Martinez,John Martinez,54,Marketing,Lead,Los Angeles,93872.77,8270.29,2022-05-24,32,90.7,john.martinez@company.com,(344) 867-7031,Active
EMP029426,Michael,Jackson,Michael Jackson,41,Sales,Senior Developer,Austin,118691.5,18423.04,2021-07-08,19,95.3,michael.jackson@company.com,(555) 985-2762,On Leave
EMP029427,Amanda,Miller,Amanda Miller,53,IT,Manager,Chicago,97966.94,5005.74,2023-09-02,26,77.5,amanda.miller@company.com,(735) 913-5093,Inactive
EMP029428,Christopher,Brown,Christopher Brown,25,Finance,Director,Los Angeles,39473.25,976.16,2020-01-16,3,84.4,christopher.brown@company.com,(291) 831-5396,Active
EMP029429,Sarah,Hernandez,Sarah Hernandez,47,Operations,Senior Developer,Seattle,83107.1,11552.12,2023-03-02,22,74.5,sarah.hernandez@company.com,(538) 772-7519,Active
EMP029430,Robert,Garcia,Robert Garcia,65,HR,Lead,New York,106448.47,9998.6,2022-12-23,38,83.2,robert.garcia@company.com,(219) 994-3636,Active
EMP029431,Christopher,Martinez,Christopher Martinez,59,HR,Analyst,Los Angeles,92678.09,5455.03,2020-02-29,35,71.4,christopher.martinez@company.com,(800) 759-7539,Active
EMP029432,David,Anderson,David Anderson,55,Engineering,Director,San Francisco,109164.96,20845.74,2024-05-16,28,44.1,david.anderson@company.com,(505) 647-1504,Active
EMP029433,Michael,Hernandez,Michael Hernandez,22,HR,Specialist,New York,50163.46,0.0,2023-09-21,0,90.0,michael.hernandez@company.com,(827) 957-2525,Active
EMP029434,William,Wilson,William Wilson,48,Sales,Senior Developer,San Francisco,78830.15,11510.29,2021-10-16,24,62.0,william.wilson@company.com,(849) 981-2795,Active
EMP029435,Lisa,Brown,Lisa Brown,45,HR,Lead,San Francisco,58946.44,0.0,2023-02-08,20,89.1,lisa.brown@company.com,(773) 911-1023,Active
EMP029436,Matthew,Brown,Matthew Brown,31,Finance,Specialist,San Francisco,72521.9,8402.81,2024-12-31,4,84.7,matthew.brown@company.com,(490) 814-6824,Active
EMP029437,Ashley,Johnson,Ashley Johnson,39,HR,Coordinator,Chicago,69048.88,3824.49,2022-10-11,14,86.9,ashley.johnson@company.com,(472) 372-6353,Active
EMP029438,Melissa,Lopez,Melissa Lopez,58,Finance,Director,Los Angeles,64105.12,6694.0,2022-08-20,31,70.1,melissa.lopez@company.com,(750) 423-7335,Inactive
EMP029439,Emily,Jackson,Emily Jackson,65,Finance,Director,Boston,104045.81,14576.76,2021-10-22,40,90.3,emily.jackson@company.com,(313) 973-8289,Inactive
EMP029440,Jessica,Anderson,Jessica Anderson,31,Marketing,Director,San Francisco,50823.75,1843.37,2023-01-15,7,90.0,jessica.anderson@company.com,(577) 770-8746,Active
EMP029441,Michael,Miller,Michael Miller,43,Finance,Manager,Seattle,86572.81,5289.18,2021-07-27,20,77.8,michael.miller@company.com,(790) 704-2928,Active
EMP029442,Nicole,Garcia,Nicole Garcia,48,Finance,Coordinator,Miami,97475.72,11011.6,2021-07-25,25,77.0,nicole.garcia@company.com,(376) 699-3377,Active
EMP029443,Christopher,Martin,Christopher Martin,35,Marketing,Director,Boston,69275.24,7034.85,2023-08-15,9,68.7,christopher.martin@company.com,(343) 812-2814,Active
EMP029444,Robert,Martinez,Robert Martinez,26,Operations,Manager,San Francisco,55437.54,6747.44,2022-10-06,3,84.8,robert.martinez@company.com,(590) 420-4274,Active
EMP029445,Christopher,Martin,Christopher Martin,30,Operations,Analyst,San Francisco,57422.01,4701.58,2023-09-25,4,77.8,christopher.martin@company.com,(742) 646-9140,Active
EMP029446,Anthony,Wilson,Anthony Wilson,37,HR,Manager,San Francisco,39238.19,2309.45,2021-11-09,8,76.5,anthony.wilson@company.com,(647) 766-9343,Active
EMP029447,James,Gonzalez,James Gonzalez,42,Marketing,Coordinator,Miami,83867.3,12069.96,2020-09-16,14,74.5,james.gonzalez@company.com,(904) 399-3285,Active
EMP029448,Daniel,Lopez,Daniel Lopez,50,Sales,Director,Austin,99527.93,9641.09,2021-09-18,25,58.9,daniel.lopez@company.com,(241) 930-9453,Active
EMP029449,Amanda,Davis,Amanda Davis,56,Sales,Analyst,New York,88540.88,11323.11,2021-05-22,29,76.6,amanda.davis@company.com,(474) 824-7245,Active
EMP029450,James,Thomas,James Thomas,55,Operations,Associate,Boston,76506.12,7507.0,2020-08-31,27,78.2,james.thomas@company.com,(659) 505-9114,Active
EMP029451,Stephanie,Gonzalez,Stephanie Gonzalez,31,HR,Director,Miami,85468.34,10345.31,2021-08-11,7,95.7,stephanie.gonzalez@company.com,(226) 685-1602,Active
EMP029452,Michael,Gonzalez,Michael Gonzalez,41,Finance,Lead,Seattle,72466.31,6327.9,2023-12-09,18,54.7,michael.gonzalez@company.com,(567) 729-1439,Inactive
EMP029453,Jessica,Garcia,Jessica Garcia,38,Operations,Lead,Los Angeles,78401.59,11634.46,2024-04-29,9,82.9,jessica.garcia@company.com,(784) 721-8534,Active
EMP029454,Stephanie,Davis,Stephanie Davis,42,Finance,Analyst,Chicago,98478.5,9045.27,2021-08-13,15,42.1,stephanie.davis@company.com,(440) 954-9839,Active
EMP029455,Emily,Gonzalez,Emily Gonzalez,54,Sales,Coordinator,Boston,84202.34,8170.19,2024-11-20,31,94.7,emily.gonzalez@company.com,(624) 830-6709,Active
EMP029456,William,Martinez,William Martinez,45,Legal,Manager,Austin,79171.17,9946.84,2021-09-25,21,88.0,william.martinez@company.com,(211) 593-9172,Active
EMP029457,Jane,Rodriguez,Jane Rodriguez,25,IT,Director,New York,90224.5,8963.81,2024-04-29,0,66.1,jane.rodriguez@company.com,(339) 746-7541,Active
EMP029458,Emily,Smith,Emily Smith,43,Legal,Associate,San Francisco,118808.34,4060.49,2024-03-02,18,97.8,emily.smith@company.com,(736) 427-2402,Active
EMP029459,Emily,Wilson,Emily Wilson,50,Legal,Manager,New York,64563.09,948.25,2021-01-30,27,76.2,emily.wilson@company.com,(807) 745-8081,Inactive
EMP029460,Michael,Gonzalez,Michael Gonzalez,23,Sales,Coordinator,Miami,58658.37,4829.51,2021-05-09,1,73.6,michael.gonzalez@company.com,(819) 647-4010,Active
EMP029461,Jane,Hernandez,Jane Hernandez,34,HR,Associate,Boston,82596.17,11725.03,2021-03-22,10,52.2,jane.hernandez@company.com,(523) 540-6088,Active
EMP029462,Emily,Garcia,Emily Garcia,63,Engineering,Manager,Chicago,122677.28,17689.54,2022-01-01,34,71.0,emily.garcia@company.com,(464) 239-9678,Active
EMP029463,Lisa,Johnson,Lisa Johnson,60,Finance,Associate,Boston,102122.47,18727.74,2023-07-31,33,77.2,lisa.johnson@company.com,(306) 530-2543,Active
EMP029464,Ashley,Brown,Ashley Brown,58,Marketing,Senior Developer,Los Angeles,80264.06,9035.11,2022-07-06,31,71.8,ashley.brown@company.com,(219) 380-7723,Active
EMP029465,Lisa,Johnson,Lisa Johnson,53,Finance,Specialist,Los Angeles,94744.29,10701.95,2021-11-01,27,83.8,lisa.johnson@company.com,(774) 488-4129,Active
EMP029466,Stephanie,Anderson,Stephanie Anderson,33,HR,Manager,Austin,69639.31,9893.27,2024-01-26,9,80.6,stephanie.anderson@company.com,(578) 969-5951,Active
EMP029467,James,Martin,James Martin,38,Legal,Lead,Seattle,64431.83,6949.4,2021-01-08,11,79.0,james.martin@company.com,(535) 793-9609,Active
EMP029468,Emily,Miller,Emily Miller,28,HR,Lead,San Francisco,54223.74,4668.14,2024-01-11,4,87.7,emily.miller@company.com,(608) 556-3323,Active
EMP029469,Lisa,Thomas,Lisa Thomas,48,HR,Coordinator,Austin,74578.76,2756.33,2024-05-03,23,96.6,lisa.thomas@company.com,(362) 448-2526,Active
EMP029470,William,Rodriguez,William Rodriguez,54,HR,Analyst,Boston,86376.78,7690.31,2024-02-21,31,86.3,william.rodriguez@company.com,(474) 735-1947,Active
EMP029471,Nicole,Smith,Nicole Smith,35,HR,Director,Austin,64031.5,883.65,2021-02-28,10,84.7,nicole.smith@company.com,(478) 280-4690,Active
EMP029472,Stephanie,Martin,Stephanie Martin,29,Sales,Associate,Seattle,69669.73,7526.82,2023-07-13,2,71.0,stephanie.martin@company.com,(767) 568-2152,Active
EMP029473,Stephanie,Jones,Stephanie Jones,49,IT,Coordinator,New York,67245.3,9018.51,2021-08-09,20,64.6,stephanie.jones@company.com,(228) 479-9196,Active
EMP029474,David,Thomas,David Thomas,45,HR,Analyst,Miami,56172.01,5649.71,2020-12-29,23,81.1,david.thomas@company.com,(419) 647-8150,Active
EMP029475,Ashley,Jackson,Ashley Jackson,65,Marketing,Senior Developer,Seattle,96112.02,6755.33,2023-11-24,36,58.1,ashley.jackson@company.com,(654) 657-6957,Active
EMP029476,Amanda,Williams,Amanda Williams,59,HR,Director,San Francisco,77333.47,6517.45,2020-06-10,31,47.3,amanda.williams@company.com,(722) 337-8817,Active
EMP029477,Melissa,Jackson,Melissa Jackson,58,Marketing,Associate,Chicago,73103.61,1909.53,2023-10-02,32,71.4,melissa.jackson@company.com,(776) 380-6347,Active
EMP029478,Lisa,Hernandez,Lisa Hernandez,42,Marketing,Lead,Miami,93621.48,15847.46,2024-03-21,15,71.0,lisa.hernandez@company.com,(949) 489-3223,Active
EMP029479,Christopher,Taylor,Christopher Taylor,57,HR,Director,Los Angeles,62151.1,8230.31,2024-07-10,28,85.9,christopher.taylor@company.com,(209) 750-3936,Active
EMP029480,Matthew,Thomas,Matthew Thomas,39,Engineering,Senior Developer,Miami,128231.16,19664.77,2021-04-22,10,70.8,matthew.thomas@company.com,(644) 896-7052,Inactive
EMP029481,Amanda,Miller,Amanda Miller,44,Legal,Analyst,Seattle,82287.84,8126.2,2023-04-06,18,64.6,amanda.miller@company.com,(424) 785-3106,Active
EMP029482,Melissa,Hernandez,Melissa Hernandez,65,Marketing,Director,Austin,85204.77,11117.53,2021-07-02,39,87.9,melissa.hernandez@company.com,(917) 307-9230,Active
EMP029483,Emily,Jones,Emily Jones,60,Finance,Analyst,Boston,99833.47,3135.59,2024-01-05,31,65.6,emily.jones@company.com,(323) 786-7658,Active
EMP029484,Daniel,Wilson,Daniel Wilson,22,HR,Associate,Boston,47436.6,3537.2,2023-06-15,0,69.0,daniel.wilson@company.com,(420) 682-9720,Active
EMP029485,David,Jones,David Jones,50,Engineering,Analyst,New York,57235.7,7230.82,2022-08-27,25,79.6,david.jones@company.com,(952) 809-1869,Active
EMP029486,Lisa,Johnson,Lisa Johnson,53,Finance,Analyst,Miami,117502.77,17118.48,2022-10-30,29,69.9,lisa.johnson@company.com,(666) 925-5042,Inactive
EMP029487,Michael,Jackson,Michael Jackson,50,IT,Director,Miami,79641.09,9736.37,2023-02-17,24,75.4,michael.jackson@company.com,(820) 852-1472,Active
EMP029488,Lisa,Taylor,Lisa Taylor,54,Marketing,Manager,Chicago,93045.73,10201.09,2022-08-25,30,66.8,lisa.taylor@company.com,(570) 247-4009,Active
EMP029489,Ashley,Williams,Ashley Williams,56,Sales,Director,Chicago,98427.46,7145.34,2022-06-09,32,84.6,ashley.williams@company.com,(871) 870-9495,Active
EMP029490,Michael,Jackson,Michael Jackson,37,HR,Associate,San Francisco,43842.4,6896.39,2020-08-05,15,87.9,michael.jackson@company.com,(601) 415-1630,Active
EMP029491,Christopher,Hernandez,Christopher Hernandez,62,HR,Senior Developer,Chicago,91775.09,15466.06,2021-08-16,37,73.1,christopher.hernandez@company.com,(390) 288-6560,Inactive
EMP029492,William,Anderson,William Anderson,41,Sales,Senior Developer,Los Angeles,74328.94,11077.85,2021-06-17,15,79.4,william.anderson@company.com,(880) 397-4526,Active
EMP029493,Lisa,Martin,Lisa Martin,46,Marketing,Director,Miami,89233.01,8047.09,2023-07-06,22,81.4,lisa.martin@company.com,(674) 714-8197,Active
EMP029494,Daniel,Moore,Daniel Moore,50,Finance,Lead,Chicago,112347.18,19645.41,2024-02-29,25,75.3,daniel.moore@company.com,(988) 886-4732,Active
EMP029495,Melissa,Rodriguez,Melissa Rodriguez,65,HR,Associate,San Francisco,78425.38,7820.86,2021-08-31,41,89.3,melissa.rodriguez@company.com,(995) 465-5531,Active
EMP029496,Daniel,Taylor,Daniel Taylor,22,Operations,Analyst,Miami,46048.77,6487.04,2021-05-10,0,48.7,daniel.taylor@company.com,(402) 728-8414,Active
EMP029497,Anthony,Jones,Anthony Jones,42,HR,Senior Developer,New York,65584.88,10600.71,2021-10-30,16,82.2,anthony.jones@company.com,(231) 943-7005,Active
EMP029498,Jessica,Johnson,Jessica Johnson,34,Operations,Manager,Austin,62215.61,4410.78,2024-03-10,7,74.9,jessica.johnson@company.com,(709) 514-9756,Active
EMP029499,Ashley,Taylor,Ashley Taylor,34,Marketing,Specialist,New York,31716.87,1520.76,2022-10-13,6,77.7,ashley.taylor@company.com,(547) 275-8413,Active
EMP029500,Matthew,Jones,Matthew Jones,58,IT,Senior Developer,Seattle,75742.61,11895.29,2021-01-02,35,75.5,matthew.jones@company.com,(706) 487-8509,Active
EMP029501,Sarah,Davis,Sarah Davis,58,Finance,Manager,Austin,81267.69,5502.4,2020-05-22,29,79.4,sarah.davis@company.com,(683) 634-6430,Active
EMP029502,Emily,Garcia,Emily Garcia,39,IT,Coordinator,Seattle,95539.82,8747.21,2023-03-05,11,92.9,emily.garcia@company.com,(436) 785-3115,Active
EMP029503,Anthony,Rodriguez,Anthony Rodriguez,63,Engineering,Director,Los Angeles,91060.26,12566.16,2024-02-25,38,71.6,anthony.rodriguez@company.com,(678) 334-8465,Active
EMP029504,Matthew,Williams,Matthew Williams,47,Legal,Manager,New York,77015.34,13018.31,2021-09-10,25,59.6,matthew.williams@company.com,(206) 228-4778,On Leave
EMP029505,Jane,Jackson,Jane Jackson,24,Operations,Manager,Chicago,62051.66,9172.79,2024-05-29,0,62.4,jane.jackson@company.com,(667) 720-8855,Active
EMP029506,Michael,Williams,Michael Williams,57,Finance,Specialist,Austin,107404.85,9204.96,2024-09-25,28,77.5,michael.williams@company.com,(629) 763-3444,Active
EMP029507,Lisa,Davis,Lisa Davis,45,Finance,Analyst,San Francisco,53434.91,2273.65,2021-03-01,23,94.1,lisa.davis@company.com,(328) 711-2123,Active
EMP029508,Lisa,Anderson,Lisa Anderson,65,Finance,Specialist,San Francisco,114479.86,7548.68,2024-03-10,37,67.9,lisa.anderson@company.com,(945) 689-6728,Active
EMP029509,Jane,Taylor,Jane Taylor,35,Engineering,Associate,San Francisco,95103.4,9604.86,2023-04-26,12,77.1,jane.taylor@company.com,(844) 801-3820,Active
EMP029510,Emily,Gonzalez,Emily Gonzalez,43,Engineering,Associate,Miami,106298.59,13252.94,2021-04-20,15,78.6,emily.gonzalez@company.com,(785) 836-7981,Active
EMP029511,John,Taylor,John Taylor,32,IT,Analyst,Chicago,114733.76,18805.1,2023-10-06,9,90.2,john.taylor@company.com,(623) 370-2822,Active
EMP029512,Lisa,Johnson,Lisa Johnson,36,IT,Analyst,Boston,77386.8,11739.48,2020-06-08,7,83.7,lisa.johnson@company.com,(313) 872-1414,Active
EMP029513,Matthew,Williams,Matthew Williams,35,Operations,Manager,Miami,66360.67,7291.06,2024-08-16,8,44.1,matthew.williams@company.com,(498) 288-3202,Active
EMP029514,Matthew,Gonzalez,Matthew Gonzalez,61,Legal,Analyst,Miami,125383.01,9737.02,2023-12-17,37,75.9,matthew.gonzalez@company.com,(502) 365-4778,Active
EMP029515,John,Garcia,John Garcia,24,Finance,Associate,Los Angeles,33000.0,3693.16,2023-06-05,0,82.9,john.garcia@company.com,(607) 973-7777,Active
EMP029516,John,Garcia,John Garcia,55,IT,Senior Developer,Chicago,111710.51,14354.2,2021-05-28,32,64.1,john.garcia@company.com,(496) 420-6598,Active
EMP029517,Matthew,Brown,Matthew Brown,43,IT,Manager,Boston,88203.75,11764.04,2021-10-04,20,73.2,matthew.brown@company.com,(211) 686-7094,Active
EMP029518,Jessica,Davis,Jessica Davis,39,Engineering,Analyst,Seattle,114608.14,17259.6,2024-08-27,11,96.8,jessica.davis@company.com,(697) 591-2783,On Leave
EMP029519,Jane,Moore,Jane Moore,54,HR,Associate,Chicago,78132.39,7007.59,2023-10-24,30,70.7,jane.moore@company.com,(267) 355-9140,Active
EMP029520,Matthew,Martin,Matthew Martin,64,Finance,Specialist,Los Angeles,99627.91,10306.63,2023-09-30,39,74.5,matthew.martin@company.com,(348) 798-5807,Active
EMP029521,Anthony,Smith,Anthony Smith,33,Sales,Senior Developer,Los Angeles,65180.35,7821.96,2022-07-11,8,88.5,anthony.smith@company.com,(318) 881-2010,Active
EMP029522,Matthew,Wilson,Matthew Wilson,35,HR,Associate,New York,86078.33,11862.31,2022-02-09,12,75.4,matthew.wilson@company.com,(366) 331-6831,Active
EMP029523,John,Wilson,John Wilson,53,Finance,Coordinator,Seattle,62065.06,7307.22,2021-02-28,27,73.1,john.wilson@company.com,(970) 932-9412,Active
EMP029524,Amanda,Jackson,Amanda Jackson,28,Marketing,Coordinator,New York,62806.57,12357.19,2022-05-24,0,73.0,amanda.jackson@company.com,(466) 683-9473,On Leave
EMP029525,Melissa,Martinez,Melissa Martinez,42,Marketing,Associate,Seattle,74329.93,6886.06,2024-10-12,13,68.3,melissa.martinez@company.com,(950) 238-2293,Active
EMP029526,Robert,Martin,Robert Martin,32,Legal,Director,Austin,83871.2,7594.73,2023-08-26,8,78.0,robert.martin@company.com,(928) 616-6665,Active
EMP029527,Sarah,Brown,Sarah Brown,63,Engineering,Lead,New York,131895.09,1566.5,2024-01-11,40,70.4,sarah.brown@company.com,(704) 736-1766,Inactive
EMP029528,Ashley,Wilson,Ashley Wilson,43,Sales,Lead,Boston,53129.14,6535.66,2021-07-08,15,100.0,ashley.wilson@company.com,(724) 672-4629,Active
EMP029529,Robert,Moore,Robert Moore,29,Finance,Director,Chicago,103954.1,12231.66,2020-02-15,3,78.2,robert.moore@company.com,(789) 529-5448,On Leave
EMP029530,Daniel,Thomas,Daniel Thomas,56,Engineering,Associate,San Francisco,97797.47,6855.39,2023-09-20,32,99.1,daniel.thomas@company.com,(240) 544-5110,Active
EMP029531,Ashley,Brown,Ashley Brown,50,Finance,Coordinator,Miami,56567.21,8161.24,2021-11-12,28,87.1,ashley.brown@company.com,(345) 509-8913,Active
EMP029532,David,Garcia,David Garcia,38,Legal,Associate,San Francisco,123995.84,6345.97,2020-08-16,16,92.6,david.garcia@company.com,(592) 325-6066,Active
EMP029533,Jessica,Hernandez,Jessica Hernandez,35,Marketing,Lead,Los Angeles,73071.01,14200.3,2023-08-11,9,59.7,jessica.hernandez@company.com,(391) 218-1270,Active
EMP029534,Amanda,Hernandez,Amanda Hernandez,30,Finance,Specialist,Los Angeles,71387.96,1800.96,2024-07-15,5,51.8,amanda.hernandez@company.com,(237) 213-4640,Active
EMP029535,Matthew,Thomas,Matthew Thomas,42,HR,Associate,Seattle,82548.57,14839.75,2023-06-10,15,80.4,matthew.thomas@company.com,(903) 990-9905,Active
EMP029536,John,Martinez,John Martinez,60,Sales,Manager,San Francisco,90219.49,6101.5,2024-07-18,37,85.3,john.martinez@company.com,(297) 292-2700,Active
EMP029537,Matthew,Taylor,Matthew Taylor,56,Sales,Specialist,Chicago,103841.58,9454.63,2021-04-29,34,79.0,matthew.taylor@company.com,(363) 872-6549,Active
EMP029538,Amanda,Gonzalez,Amanda Gonzalez,52,HR,Coordinator,Boston,74287.99,3554.24,2020-03-24,28,68.0,amanda.gonzalez@company.com,(853) 321-5627,Active
EMP029539,Ashley,Brown,Ashley Brown,32,Marketing,Specialist,Seattle,33910.19,2730.04,2020-04-02,4,46.3,ashley.brown@company.com,(568) 276-4923,Active
EMP029540,David,Moore,David Moore,46,Marketing,Specialist,Chicago,76121.87,7135.8,2021-02-01,18,76.2,david.moore@company.com,(961) 919-7085,Active
EMP029541,Amanda,Brown,Amanda Brown,48,Sales,Coordinator,Austin,83719.13,14277.67,2023-02-01,22,100.0,amanda.brown@company.com,(458) 865-9786,Active
EMP029542,Matthew,Hernandez,Matthew Hernandez,50,Legal,Director,Austin,51346.02,4274.78,2024-01-16,27,87.2,matthew.hernandez@company.com,(297) 723-1552,Active
EMP029543,Amanda,Hernandez,Amanda Hernandez,47,HR,Lead,Seattle,70457.41,4228.26,2022-01-13,25,59.5,amanda.hernandez@company.com,(922) 848-9041,Active
EMP029544,Jessica,Davis,Jessica Davis,22,HR,Coordinator,Austin,52711.73,8526.35,2020-12-04,0,81.8,jessica.davis@company.com,(335) 438-6950,Active
EMP029545,Stephanie,Brown,Stephanie Brown,56,Engineering,Analyst,New York,132967.65,30241.1,2022-12-17,27,70.1,stephanie.brown@company.com,(716) 860-3295,Active
EMP029546,Michael,Williams,Michael Williams,23,Finance,Senior Developer,San Francisco,78397.1,8617.67,2024-08-26,0,87.3,michael.williams@company.com,(463) 758-6710,Active
EMP029547,David,Taylor,David Taylor,64,Operations,Senior Developer,New York,85821.77,6847.34,2024-11-06,42,83.7,david.taylor@company.com,(923) 755-9909,Active
EMP029548,Lisa,Martin,Lisa Martin,36,Operations,Associate,Seattle,76947.63,0.0,2022-10-14,11,58.3,lisa.martin@company.com,(607) 362-9688,Active
EMP029549,Melissa,Jackson,Melissa Jackson,26,Sales,Manager,Miami,44412.92,7018.74,2023-07-03,0,78.4,melissa.jackson@company.com,(623) 798-6254,Active
EMP029550,Anthony,Garcia,Anthony Garcia,22,HR,Associate,Los Angeles,41406.27,2320.1,2020-10-10,0,60.5,anthony.garcia@company.com,(532) 209-8908,Active
EMP029551,Ashley,Hernandez,Ashley Hernandez,37,IT,Director,Boston,74173.69,6256.58,2023-01-08,9,88.8,ashley.hernandez@company.com,(262) 915-1193,Active
EMP029552,Stephanie,Thomas,Stephanie Thomas,51,HR,Analyst,Chicago,72270.02,4107.73,2023-01-30,22,100.0,stephanie.thomas@company.com,(586) 597-3123,Active
EMP029553,Nicole,Miller,Nicole Miller,28,Finance,Lead,Austin,64867.44,11299.28,2023-04-08,4,90.7,nicole.miller@company.com,(212) 814-8482,Active
EMP029554,Michael,Taylor,Michael Taylor,51,IT,Associate,Boston,106018.09,15979.85,2023-11-02,28,52.1,michael.taylor@company.com,(416) 631-5209,Active
EMP029555,Robert,Smith,Robert Smith,49,Sales,Associate,Boston,62911.72,7078.82,2020-10-28,27,71.2,robert.smith@company.com,(447) 491-6539,Active
EMP029556,Michael,Davis,Michael Davis,58,HR,Manager,Los Angeles,68033.94,10795.05,2020-12-05,29,66.3,michael.davis@company.com,(993) 262-8455,On Leave
EMP029557,Melissa,Thomas,Melissa Thomas,38,HR,Manager,Miami,47669.54,4012.26,2021-06-08,9,100.0,melissa.thomas@company.com,(269) 862-1062,Active
EMP029558,Anthony,Gonzalez,Anthony Gonzalez,24,Operations,Analyst,New York,59194.34,621.48,2021-02-08,1,48.1,anthony.gonzalez@company.com,(991) 580-8986,Active
EMP029559,Melissa,Wilson,Melissa Wilson,62,HR,Associate,Seattle,95634.08,17714.87,2024-03-20,39,59.9,melissa.wilson@company.com,(388) 588-6895,On Leave
EMP029560,Christopher,Lopez,Christopher Lopez,38,Sales,Coordinator,San Francisco,63198.29,5245.85,2021-10-17,14,80.1,christopher.lopez@company.com,(576) 502-9564,Inactive
EMP029561,William,Moore,William Moore,32,Sales,Associate,Miami,70711.05,12081.4,2022-04-23,5,75.0,william.moore@company.com,(639) 528-7948,Active
EMP029562,Melissa,Miller,Melissa Miller,44,Engineering,Coordinator,Miami,94684.9,13081.34,2023-05-29,16,74.1,melissa.miller@company.com,(984) 921-2268,Active
EMP029563,Matthew,Miller,Matthew Miller,60,Engineering,Specialist,San Francisco,119063.45,15671.67,2024-08-08,36,92.2,matthew.miller@company.com,(525) 825-2276,Active
EMP029564,John,Thomas,John Thomas,22,Marketing,Director,Seattle,50581.85,4446.91,2023-02-04,0,57.8,john.thomas@company.com,(372) 962-5349,Active
EMP029565,Ashley,Garcia,Ashley Garcia,39,Legal,Specialist,Chicago,108991.78,19120.42,2022-04-22,11,56.1,ashley.garcia@company.com,(551) 390-3467,Active
EMP029566,Sarah,Moore,Sarah Moore,48,Sales,Lead,Miami,89715.65,14355.04,2021-03-08,20,73.1,sarah.moore@company.com,(817) 356-4042,Active
EMP029567,Amanda,Moore,Amanda Moore,29,Legal,Associate,Austin,58437.77,4675.42,2021-07-24,2,97.1,amanda.moore@company.com,(532) 935-9472,Active
EMP029568,Jessica,Gonzalez,Jessica Gonzalez,56,Marketing,Lead,Seattle,70838.97,12734.06,2023-08-17,31,98.2,jessica.gonzalez@company.com,(998) 305-5979,Active
EMP029569,Daniel,Wilson,Daniel Wilson,58,HR,Analyst,Austin,58139.2,6405.57,2023-08-27,29,86.4,daniel.wilson@company.com,(429) 935-6574,Active
EMP029570,David,Brown,David Brown,65,IT,Senior Developer,Chicago,94407.18,3791.54,2023-01-07,42,66.6,david.brown@company.com,(716) 902-2419,Inactive
EMP029571,Matthew,Williams,Matthew Williams,24,Operations,Associate,New York,34017.97,3640.53,2022-07-06,0,73.5,matthew.williams@company.com,(366) 805-8614,On Leave
EMP029572,Jane,Thomas,Jane Thomas,39,Sales,Director,Boston,73659.06,5723.26,2024-03-17,17,65.7,jane.thomas@company.com,(723) 233-6861,Active
EMP029573,Stephanie,Brown,Stephanie Brown,55,Engineering,Coordinator,New York,94500.3,8470.27,2024-02-20,26,100.0,stephanie.brown@company.com,(816) 438-5095,Active
EMP029574,Michael,Davis,Michael Davis,59,Marketing,Director,Austin,93405.19,11472.19,2022-08-25,30,79.7,michael.davis@company.com,(559) 830-8043,Active
EMP029575,Melissa,Gonzalez,Melissa Gonzalez,59,HR,Director,Austin,63453.74,4938.05,2023-04-02,33,76.8,melissa.gonzalez@company.com,(548) 502-6495,Active
EMP029576,William,Johnson,William Johnson,33,Engineering,Specialist,Miami,113030.99,13687.84,2021-06-25,5,89.3,william.johnson@company.com,(802) 425-7127,Active
EMP029577,William,Martinez,William Martinez,28,Engineering,Lead,Miami,91886.77,6316.6,2022-06-30,5,92.7,william.martinez@company.com,(448) 271-6161,Inactive
EMP029578,James,Martinez,James Martinez,57,Marketing,Associate,Seattle,84519.97,7864.56,2022-08-29,28,96.0,james.martinez@company.com,(924) 240-9409,Active
EMP029579,Anthony,Martin,Anthony Martin,52,Engineering,Analyst,Seattle,97197.79,10590.43,2021-12-06,29,83.0,anthony.martin@company.com,(691) 907-1697,Active
EMP029580,Amanda,Jones,Amanda Jones,35,HR,Senior Developer,Seattle,74428.21,7747.5,2022-12-14,11,81.8,amanda.jones@company.com,(285) 246-9352,Active
EMP029581,John,Martin,John Martin,22,IT,Coordinator,Austin,65767.91,4560.39,2024-01-21,0,70.8,john.martin@company.com,(925) 808-5076,Active
EMP029582,Jessica,Anderson,Jessica Anderson,43,Engineering,Coordinator,Los Angeles,101277.88,7889.79,2020-02-18,19,98.5,jessica.anderson@company.com,(837) 725-3805,Active
EMP029583,John,Anderson,John Anderson,39,Operations,Specialist,San Francisco,48519.95,2460.88,2021-03-11,16,79.0,john.anderson@company.com,(607) 397-7896,On Leave
EMP029584,Robert,Anderson,Robert Anderson,23,Legal,Analyst,Miami,61401.91,5302.93,2024-01-09,0,71.6,robert.anderson@company.com,(790) 662-8303,Active
EMP029585,Daniel,Lopez,Daniel Lopez,29,IT,Manager,Boston,45427.94,6166.63,2022-01-15,3,81.7,daniel.lopez@company.com,(685) 592-2598,Inactive
EMP029586,Jessica,Jackson,Jessica Jackson,62,IT,Analyst,Miami,112227.82,15469.67,2022-09-13,39,58.6,jessica.jackson@company.com,(505) 589-5795,Active
EMP029587,William,Miller,William Miller,64,Finance,Specialist,Boston,80150.41,8612.49,2020-06-29,36,85.0,william.miller@company.com,(215) 597-8820,Active
EMP029588,Jane,Johnson,Jane Johnson,40,Operations,Senior Developer,Boston,49876.95,4340.02,2021-09-07,13,71.2,jane.johnson@company.com,(646) 576-3285,Inactive
EMP029589,Matthew,Martin,Matthew Martin,29,Engineering,Director,Chicago,78188.38,5097.31,2022-03-25,6,92.6,matthew.martin@company.com,(925) 364-3725,Active
EMP029590,Anthony,Gonzalez,Anthony Gonzalez,27,Engineering,Lead,Chicago,72457.13,4639.08,2020-08-08,1,82.4,anthony.gonzalez@company.com,(437) 757-8726,Active
EMP029591,Robert,Smith,Robert Smith,59,Finance,Coordinator,Chicago,97680.58,9406.6,2023-08-28,30,56.6,robert.smith@company.com,(583) 759-2521,Active
EMP029592,Lisa,Gonzalez,Lisa Gonzalez,48,Engineering,Coordinator,Chicago,102777.66,14823.21,2024-10-30,26,50.1,lisa.gonzalez@company.com,(420) 762-2710,Active
EMP029593,Anthony,Johnson,Anthony Johnson,49,Marketing,Manager,New York,98870.01,10600.97,2020-04-02,24,100.0,anthony.johnson@company.com,(939) 484-5944,Active
EMP029594,Anthony,Moore,Anthony Moore,37,HR,Director,Seattle,59661.13,6373.87,2023-03-14,10,100.0,anthony.moore@company.com,(921) 313-4979,Active
EMP029595,Melissa,Garcia,Melissa Garcia,33,Operations,Analyst,Chicago,67793.96,4153.3,2022-10-28,9,54.2,melissa.garcia@company.com,(562) 433-1056,Active
EMP029596,Lisa,Jones,Lisa Jones,23,Operations,Associate,Miami,51424.42,4006.3,2024-09-04,0,43.8,lisa.jones@company.com,(861) 960-6135,Active
EMP029597,James,Davis,James Davis,51,Legal,Associate,Chicago,113090.4,19486.6,2022-12-09,22,82.2,james.davis@company.com,(811) 455-9578,Active
EMP029598,Daniel,Rodriguez,Daniel Rodriguez,59,Operations,Coordinator,Seattle,80604.18,16274.23,2024-12-04,32,79.0,daniel.rodriguez@company.com,(272) 834-2675,Active
EMP029599,Nicole,Lopez,Nicole Lopez,38,Legal,Associate,Chicago,80441.65,14982.32,2020-04-25,13,81.6,nicole.lopez@company.com,(615) 754-5562,Active
EMP029600,Emily,Taylor,Emily Taylor,28,HR,Lead,Los Angeles,42522.55,5916.28,2023-12-02,2,80.3,emily.taylor@company.com,(955) 355-9869,Active
EMP029601,Nicole,Rodriguez,Nicole Rodriguez,51,Engineering,Manager,Miami,106791.21,23608.73,2024-06-04,28,54.9,nicole.rodriguez@company.com,(870) 314-9983,Active
EMP029602,James,Martinez,James Martinez,60,Operations,Associate,New York,70748.11,6151.04,2022-10-10,38,47.4,james.martinez@company.com,(645) 278-4703,Inactive
EMP029603,John,Wilson,John Wilson,40,Finance,Director,Miami,65716.18,1294.24,2023-12-26,16,51.7,john.wilson@company.com,(737) 856-9963,Active
EMP029604,William,Anderson,William Anderson,59,IT,Associate,Austin,135568.28,7813.11,2020-07-15,31,61.5,william.anderson@company.com,(502) 229-1935,Active
EMP029605,James,Brown,James Brown,43,IT,Senior Developer,Seattle,69750.91,7674.31,2022-07-20,21,71.0,james.brown@company.com,(264) 475-2650,Active
EMP029606,Jessica,Gonzalez,Jessica Gonzalez,45,Operations,Coordinator,New York,71302.78,3033.06,2021-04-28,19,68.4,jessica.gonzalez@company.com,(540) 501-7749,Active
EMP029607,David,Davis,David Davis,29,Finance,Specialist,New York,74002.33,5860.43,2021-04-30,2,91.8,david.davis@company.com,(808) 759-7797,Inactive
EMP029608,Sarah,Garcia,Sarah Garcia,47,Legal,Analyst,Boston,90596.38,16165.07,2020-01-26,18,70.1,sarah.garcia@company.com,(342) 875-6339,Inactive
EMP029609,Michael,Taylor,Michael Taylor,42,IT,Senior Developer,Seattle,90520.38,0.0,2021-08-27,16,68.1,michael.taylor@company.com,(998) 872-9175,Active
EMP029610,Sarah,Brown,Sarah Brown,64,Sales,Coordinator,Miami,103559.57,9922.27,2021-07-17,38,84.2,sarah.brown@company.com,(997) 517-3006,Active
EMP029611,Robert,Brown,Robert Brown,34,Legal,Lead,Los Angeles,89093.04,7756.22,2022-10-10,6,97.1,robert.brown@company.com,(513) 840-5486,Active
EMP029612,Matthew,Taylor,Matthew Taylor,58,IT,Associate,San Francisco,104274.11,12698.42,2022-10-23,29,80.8,matthew.taylor@company.com,(997) 993-8577,Active
EMP029613,Jessica,Lopez,Jessica Lopez,58,Operations,Manager,Los Angeles,84826.32,8288.34,2023-07-29,36,100.0,jessica.lopez@company.com,(996) 488-6095,Active
EMP029614,Daniel,Wilson,Daniel Wilson,59,Finance,Lead,New York,83388.8,12525.55,2023-08-09,30,67.1,daniel.wilson@company.com,(797) 920-7098,Active
EMP029615,Melissa,Anderson,Melissa Anderson,55,Legal,Senior Developer,Los Angeles,108048.22,8266.24,2022-10-07,33,72.7,melissa.anderson@company.com,(490) 419-7492,Active
EMP029616,John,Hernandez,John Hernandez,37,Operations,Senior Developer,Seattle,71508.57,9615.9,2021-06-17,13,48.0,john.hernandez@company.com,(293) 551-1499,Active
EMP029617,Anthony,Taylor,Anthony Taylor,64,HR,Senior Developer,New York,89113.74,7824.91,2024-07-24,35,77.7,anthony.taylor@company.com,(270) 957-5926,Active
EMP029618,Robert,Davis,Robert Davis,37,Operations,Manager,Miami,31911.7,4582.88,2020-09-11,15,75.7,robert.davis@company.com,(386) 557-2777,Active
EMP029619,Christopher,Jackson,Christopher Jackson,22,Sales,Manager,Austin,70842.71,5994.63,2024-02-23,0,85.4,christopher.jackson@company.com,(644) 289-5206,Active
EMP029620,Matthew,Martin,Matthew Martin,28,Legal,Lead,Austin,37500.0,801.52,2021-03-20,3,72.7,matthew.martin@company.com,(604) 436-5962,On Leave
EMP029621,Emily,Taylor,Emily Taylor,32,Engineering,Senior Developer,Austin,93904.78,6466.5,2022-02-23,9,86.8,emily.taylor@company.com,(851) 461-5551,On Leave
EMP029622,Amanda,Williams,Amanda Williams,37,Sales,Director,Austin,79733.57,876.92,2020-07-01,15,48.7,amanda.williams@company.com,(627) 368-7174,Active
EMP029623,David,Thomas,David Thomas,32,Engineering,Director,Austin,78108.25,10704.1,2020-01-07,6,69.8,david.thomas@company.com,(931) 871-6000,Active
EMP029624,Melissa,Lopez,Melissa Lopez,39,Finance,Senior Developer,San Francisco,66924.29,4102.81,2023-07-12,16,60.2,melissa.lopez@company.com,(633) 481-4133,Active
EMP029625,Matthew,Gonzalez,Matthew Gonzalez,46,Legal,Associate,New York,102239.31,4840.23,2020-06-21,23,69.2,matthew.gonzalez@company.com,(261) 949-7198,On Leave
EMP029626,Christopher,Davis,Christopher Davis,65,Operations,Specialist,Austin,90279.44,17106.35,2024-02-27,38,60.0,christopher.davis@company.com,(669) 780-7410,Active
EMP029627,Jane,Martin,Jane Martin,57,Engineering,Manager,Seattle,122234.41,12826.55,2020-03-28,34,96.3,jane.martin@company.com,(227) 672-3441,Active
EMP029628,Melissa,Garcia,Melissa Garcia,24,Operations,Manager,Los Angeles,35348.51,3010.01,2021-11-14,0,50.3,melissa.garcia@company.com,(516) 510-2936,Active
EMP029629,Lisa,Gonzalez,Lisa Gonzalez,57,Legal,Senior Developer,Miami,72741.12,10882.55,2021-03-22,32,90.5,lisa.gonzalez@company.com,(792) 512-7623,Active
EMP029630,Sarah,Garcia,Sarah Garcia,53,Finance,Director,Los Angeles,86278.41,8568.0,2024-01-12,27,72.3,sarah.garcia@company.com,(923) 970-1105,Active
EMP029631,David,Lopez,David Lopez,55,Sales,Senior Developer,Chicago,86607.13,5466.28,2023-09-01,30,61.3,david.lopez@company.com,(236) 583-9869,Active
EMP029632,Jessica,Johnson,Jessica Johnson,34,Legal,Analyst,Austin,37500.0,4521.67,2020-12-24,8,72.6,jessica.johnson@company.com,(625) 695-8400,On Leave
EMP029633,Jane,Rodriguez,Jane Rodriguez,27,Sales,Analyst,Boston,48598.8,5489.81,2020-07-12,0,85.7,jane.rodriguez@company.com,(931) 590-9723,Active
EMP029634,John,Hernandez,John Hernandez,54,Finance,Specialist,Boston,70310.41,8958.92,2020-07-23,30,73.5,john.hernandez@company.com,(892) 747-1756,Active
EMP029635,Jane,Anderson,Jane Anderson,57,HR,Associate,Boston,94310.78,16630.58,2022-09-19,32,72.6,jane.anderson@company.com,(805) 818-5640,Active
EMP029636,James,Rodriguez,James Rodriguez,33,Finance,Director,New York,75490.7,13017.24,2022-08-09,7,100.0,james.rodriguez@company.com,(964) 323-2457,Active
EMP029637,Nicole,Lopez,Nicole Lopez,30,Legal,Coordinator,San Francisco,74161.07,11618.19,2022-11-14,7,58.6,nicole.lopez@company.com,(521) 587-2331,Active
EMP029638,Amanda,Lopez,Amanda Lopez,25,Finance,Manager,Los Angeles,64456.28,3907.63,2022-01-25,0,62.5,amanda.lopez@company.com,(318) 287-3266,Active
EMP029639,Robert,Smith,Robert Smith,49,Sales,Specialist,New York,86734.19,7112.26,2023-11-04,20,86.1,robert.smith@company.com,(260) 842-7625,Active
EMP029640,Sarah,Garcia,Sarah Garcia,65,Finance,Associate,Miami,101353.81,5058.8,2021-04-05,40,62.1,sarah.garcia@company.com,(227) 415-3455,Inactive
EMP029641,John,Martinez,John Martinez,51,Operations,Senior Developer,Los Angeles,75052.55,11424.76,2021-11-18,23,78.3,john.martinez@company.com,(656) 300-1019,Active
EMP029642,Lisa,Rodriguez,Lisa Rodriguez,44,HR,Director,Seattle,66160.74,10650.66,2022-08-17,20,81.5,lisa.rodriguez@company.com,(805) 397-2408,On Leave
EMP029643,Amanda,Taylor,Amanda Taylor,31,Engineering,Senior Developer,San Francisco,103871.59,24837.6,2021-10-31,7,93.2,amanda.taylor@company.com,(326) 297-6399,Active
EMP029644,Jessica,Johnson,Jessica Johnson,40,Legal,Manager,New York,105718.54,15552.18,2023-08-18,11,86.5,jessica.johnson@company.com,(447) 736-6181,Active
EMP029645,Ashley,Anderson,Ashley Anderson,37,Finance,Associate,Boston,37411.01,1488.08,2023-12-09,13,54.0,ashley.anderson@company.com,(400) 572-6660,On Leave
EMP029646,Jessica,Rodriguez,Jessica Rodriguez,43,Sales,Specialist,Los Angeles,98461.57,7191.08,2024-11-12,19,63.7,jessica.rodriguez@company.com,(819) 685-7530,Active
EMP029647,Sarah,Wilson,Sarah Wilson,46,Marketing,Lead,San Francisco,55641.9,6587.12,2022-12-24,22,68.4,sarah.wilson@company.com,(606) 333-8660,Active
EMP029648,Daniel,Lopez,Daniel Lopez,56,Finance,Senior Developer,Miami,95401.35,4152.0,2023-06-13,31,62.7,daniel.lopez@company.com,(675) 842-2230,On Leave
EMP029649,Jessica,Anderson,Jessica Anderson,43,Operations,Coordinator,Chicago,73443.48,4797.58,2020-03-29,15,70.4,jessica.anderson@company.com,(774) 519-2738,Active
EMP029650,Michael,Thomas,Michael Thomas,34,Marketing,Analyst,New York,73022.36,8440.27,2020-08-12,11,65.9,michael.thomas@company.com,(609) 457-4358,Active
EMP029651,Matthew,Johnson,Matthew Johnson,51,Engineering,Lead,Miami,89580.02,8441.86,2020-09-08,22,75.4,matthew.johnson@company.com,(649) 310-7492,On Leave
EMP029652,William,Wilson,William Wilson,55,Engineering,Associate,Seattle,105278.22,10087.95,2024-02-07,31,55.3,william.wilson@company.com,(601) 437-4474,Active
EMP029653,Christopher,Gonzalez,Christopher Gonzalez,58,Engineering,Associate,New York,143531.97,20220.73,2022-05-04,34,87.4,christopher.gonzalez@company.com,(315) 357-8746,Active
EMP029654,Amanda,Jackson,Amanda Jackson,61,Engineering,Coordinator,Boston,107770.87,14593.84,2022-07-09,33,98.2,amanda.jackson@company.com,(825) 573-6887,Active
EMP029655,Ashley,Jones,Ashley Jones,42,HR,Associate,Los Angeles,68170.24,623.22,2020-12-12,19,88.6,ashley.jones@company.com,(638) 239-6659,Active
EMP029656,Lisa,Brown,Lisa Brown,33,Legal,Senior Developer,Miami,68594.2,0.0,2023-07-31,8,47.7,lisa.brown@company.com,(397) 595-2787,Active
EMP029657,William,Moore,William Moore,37,Finance,Lead,Boston,98960.02,8892.79,2024-02-20,15,76.6,william.moore@company.com,(580) 328-2586,Active
EMP029658,Sarah,Miller,Sarah Miller,39,IT,Director,Los Angeles,79842.15,8620.25,2024-06-17,16,80.8,sarah.miller@company.com,(375) 325-3995,Active
EMP029659,Robert,Taylor,Robert Taylor,40,Operations,Manager,Boston,58781.82,8187.0,2022-10-25,13,95.4,robert.taylor@company.com,(446) 586-5689,Active
EMP029660,David,Rodriguez,David Rodriguez,58,IT,Senior Developer,Miami,81142.61,9205.79,2020-05-09,34,100.0,david.rodriguez@company.com,(743) 350-6481,Active
EMP029661,Amanda,Jackson,Amanda Jackson,56,IT,Lead,Austin,88050.45,13613.93,2020-06-28,29,71.7,amanda.jackson@company.com,(984) 263-7116,Active
EMP029662,James,Wilson,James Wilson,58,HR,Coordinator,Austin,77629.11,11629.97,2024-02-29,36,45.8,james.wilson@company.com,(389) 547-7471,Active
EMP029663,Emily,Anderson,Emily Anderson,37,Engineering,Director,Seattle,84696.03,4963.79,2022-09-21,14,57.7,emily.anderson@company.com,(786) 879-9593,Active
EMP029664,William,Davis,William Davis,55,HR,Coordinator,San Francisco,82283.39,5968.54,2022-01-11,33,44.9,william.davis@company.com,(392) 662-7729,Active
EMP029665,John,Taylor,John Taylor,23,Finance,Manager,Boston,107812.44,7660.35,2023-06-15,0,77.6,john.taylor@company.com,(576) 580-9431,Active
EMP029666,Amanda,Taylor,Amanda Taylor,28,Engineering,Associate,Boston,115391.89,16343.32,2020-02-12,1,69.1,amanda.taylor@company.com,(295) 793-5699,Active
EMP029667,Matthew,Williams,Matthew Williams,36,Legal,Analyst,Austin,92118.58,13322.32,2024-09-14,12,76.3,matthew.williams@company.com,(633) 671-1449,Active
EMP029668,Robert,Jackson,Robert Jackson,45,Finance,Specialist,Los Angeles,65450.27,7050.74,2023-01-15,21,90.4,robert.jackson@company.com,(234) 706-3843,Active
EMP029669,David,Rodriguez,David Rodriguez,50,Engineering,Coordinator,San Francisco,129463.28,10589.83,2021-03-30,27,66.0,david.rodriguez@company.com,(919) 668-3536,On Leave
EMP029670,Nicole,Hernandez,Nicole Hernandez,61,Legal,Analyst,Austin,96159.08,9209.76,2024-10-09,38,69.5,nicole.hernandez@company.com,(652) 490-8931,Active
EMP029671,Lisa,Rodriguez,Lisa Rodriguez,48,Engineering,Senior Developer,New York,128231.87,18392.12,2020-12-15,22,68.4,lisa.rodriguez@company.com,(798) 630-5558,Active
EMP029672,Stephanie,Anderson,Stephanie Anderson,58,Finance,Associate,San Francisco,92402.28,7868.55,2024-10-16,29,43.4,stephanie.anderson@company.com,(989) 246-4113,Active
EMP029673,Christopher,Wilson,Christopher Wilson,43,Operations,Manager,Los Angeles,55859.27,7802.24,2024-09-30,15,85.3,christopher.wilson@company.com,(223) 647-3785,Active
EMP029674,David,Gonzalez,David Gonzalez,50,Marketing,Analyst,Austin,56406.87,0.0,2024-02-18,23,91.6,david.gonzalez@company.com,(935) 690-1912,Active
EMP029675,William,Gonzalez,William Gonzalez,47,Operations,Manager,Miami,60563.08,7450.71,2023-10-13,20,60.9,william.gonzalez@company.com,(320) 805-9812,Active
EMP029676,Christopher,Hernandez,Christopher Hernandez,35,IT,Manager,Austin,79338.2,11594.69,2021-05-07,13,87.4,christopher.hernandez@company.com,(304) 358-4365,Active
EMP029677,Christopher,Gonzalez,Christopher Gonzalez,52,Finance,Lead,San Francisco,86386.94,10039.43,2020-07-17,24,88.1,christopher.gonzalez@company.com,(678) 905-5408,Active
EMP029678,James,Wilson,James Wilson,46,Operations,Senior Developer,Austin,58279.35,4659.62,2023-01-12,19,62.8,james.wilson@company.com,(664) 711-9698,Active
EMP029679,William,Anderson,William Anderson,58,Marketing,Analyst,Los Angeles,84018.24,0.0,2023-07-12,35,84.0,william.anderson@company.com,(456) 340-6354,Active
EMP029680,William,Miller,William Miller,57,Engineering,Coordinator,San Francisco,124962.09,25780.38,2020-07-08,35,79.7,william.miller@company.com,(465) 560-5266,Active
EMP029681,Sarah,Taylor,Sarah Taylor,47,Marketing,Director,Boston,66026.77,12234.13,2022-10-27,19,74.9,sarah.taylor@company.com,(268) 918-3307,Active
EMP029682,Melissa,Anderson,Melissa Anderson,31,Legal,Analyst,Los Angeles,61005.48,5945.55,2022-10-19,6,83.0,melissa.anderson@company.com,(454) 619-7946,Active
EMP029683,Melissa,Brown,Melissa Brown,34,Legal,Specialist,Austin,106765.0,8205.15,2023-04-24,9,86.0,melissa.brown@company.com,(587) 598-3975,Active
EMP029684,Melissa,Johnson,Melissa Johnson,34,Marketing,Senior Developer,New York,71800.22,1495.04,2021-04-13,10,79.3,melissa.johnson@company.com,(369) 588-8041,Active
EMP029685,Stephanie,Martin,Stephanie Martin,28,Marketing,Analyst,Boston,51365.51,2165.99,2024-08-18,3,66.1,stephanie.martin@company.com,(847) 371-8827,Active
EMP029686,Emily,Jones,Emily Jones,58,Engineering,Senior Developer,New York,86748.6,0.0,2023-03-20,31,53.0,emily.jones@company.com,(324) 600-6634,Active
EMP029687,James,Hernandez,James Hernandez,44,Sales,Analyst,Los Angeles,79419.5,14962.15,2020-07-11,15,79.8,james.hernandez@company.com,(400) 483-4765,Active
EMP029688,Christopher,Taylor,Christopher Taylor,50,Finance,Lead,Seattle,93563.49,10948.84,2022-08-23,21,43.6,christopher.taylor@company.com,(668) 580-4150,Active
EMP029689,Jessica,Taylor,Jessica Taylor,40,Engineering,Director,Chicago,95652.05,9407.88,2021-04-05,15,87.6,jessica.taylor@company.com,(572) 778-3325,Active
EMP029690,Ashley,Johnson,Ashley Johnson,50,Finance,Director,Miami,86596.02,7880.65,2022-10-22,22,78.9,ashley.johnson@company.com,(725) 766-1961,Active
EMP029691,Michael,Jones,Michael Jones,38,Legal,Lead,Los Angeles,106294.8,15755.59,2020-01-05,13,91.7,michael.jones@company.com,(632) 979-1243,Active
EMP029692,James,Miller,James Miller,33,Sales,Coordinator,Seattle,89959.73,4213.26,2024-06-11,11,75.9,james.miller@company.com,(293) 951-9474,On Leave
EMP029693,Sarah,Martin,Sarah Martin,62,Finance,Senior Developer,Boston,122419.04,6829.37,2020-08-29,37,47.8,sarah.martin@company.com,(424) 405-9696,Active
EMP029694,Christopher,Taylor,Christopher Taylor,49,Finance,Manager,Miami,84908.85,16734.37,2023-12-14,24,91.0,christopher.taylor@company.com,(613) 794-2633,Active
EMP029695,Jessica,Lopez,Jessica Lopez,45,Engineering,Lead,Los Angeles,117643.9,9943.65,2024-09-17,23,70.3,jessica.lopez@company.com,(218) 318-6355,Active
EMP029696,Amanda,Thomas,Amanda Thomas,39,IT,Manager,New York,82225.21,8203.02,2021-07-13,17,82.4,amanda.thomas@company.com,(474) 671-9176,Active
EMP029697,Michael,Williams,Michael Williams,28,IT,Senior Developer,Boston,86473.88,12044.15,2024-12-10,6,91.5,michael.williams@company.com,(494) 312-8404,Active
EMP029698,John,Rodriguez,John Rodriguez,54,Sales,Lead,Los Angeles,56995.44,11019.7,2020-11-24,30,88.8,john.rodriguez@company.com,(835) 773-4422,Active
EMP029699,Stephanie,Gonzalez,Stephanie Gonzalez,26,Operations,Manager,Austin,42882.9,1440.87,2021-12-30,3,58.7,stephanie.gonzalez@company.com,(707) 603-2354,On Leave
EMP029700,Lisa,Taylor,Lisa Taylor,60,Finance,Manager,Boston,115952.89,22575.0,2024-12-12,33,87.0,lisa.taylor@company.com,(626) 420-9168,Active
EMP029701,David,Wilson,David Wilson,60,IT,Coordinator,Boston,95226.89,11289.4,2022-07-04,33,82.3,david.wilson@company.com,(208) 652-3871,Active
EMP029702,Matthew,Davis,Matthew Davis,34,Finance,Specialist,Chicago,38494.21,3783.53,2020-08-10,8,68.7,matthew.davis@company.com,(340) 832-1110,Active
EMP029703,Christopher,Martin,Christopher Martin,55,Operations,Associate,New York,99303.27,15391.97,2023-04-06,30,66.6,christopher.martin@company.com,(294) 420-3346,Active
EMP029704,Nicole,Lopez,Nicole Lopez,28,IT,Coordinator,Los Angeles,39717.58,5242.54,2024-08-30,4,39.2,nicole.lopez@company.com,(585) 818-8109,Active
EMP029705,James,Smith,James Smith,62,HR,Associate,Los Angeles,67428.81,6718.13,2022-02-08,34,78.4,james.smith@company.com,(902) 239-3211,Active
EMP029706,William,Brown,William Brown,37,Marketing,Director,Boston,99647.73,12873.4,2020-03-12,11,78.7,william.brown@company.com,(619) 622-1826,Active
EMP029707,James,Rodriguez,James Rodriguez,37,HR,Analyst,Seattle,70953.5,7473.22,2020-11-17,10,80.5,james.rodriguez@company.com,(346) 301-9055,Active
EMP029708,Matthew,Thomas,Matthew Thomas,43,Marketing,Director,New York,62121.28,7771.38,2020-07-27,20,56.5,matthew.thomas@company.com,(423) 722-5840,Active
EMP029709,Anthony,Gonzalez,Anthony Gonzalez,22,Legal,Manager,Seattle,73893.72,7496.49,2020-12-23,0,83.8,anthony.gonzalez@company.com,(373) 647-6602,Active
EMP029710,Anthony,Taylor,Anthony Taylor,51,IT,Analyst,Boston,100096.16,5940.92,2022-04-19,22,59.0,anthony.taylor@company.com,(975) 930-5895,Active
EMP029711,James,Moore,James Moore,37,Marketing,Associate,Los Angeles,52324.67,1847.47,2020-07-26,14,92.0,james.moore@company.com,(691) 321-2118,Active
EMP029712,Jane,Moore,Jane Moore,23,Finance,Manager,Miami,66496.66,7680.44,2022-08-12,0,53.7,jane.moore@company.com,(395) 532-7153,Active
EMP029713,Anthony,Jackson,Anthony Jackson,26,Sales,Senior Developer,Chicago,56416.76,0.0,2024-05-10,0,70.3,anthony.jackson@company.com,(892) 414-4987,Active
EMP029714,Melissa,Lopez,Melissa Lopez,58,Marketing,Director,Austin,73841.74,7810.48,2021-08-28,31,68.9,melissa.lopez@company.com,(362) 386-7928,Active
EMP029715,Nicole,Gonzalez,Nicole Gonzalez,26,Marketing,Lead,Austin,57427.86,6172.35,2023-10-04,3,75.6,nicole.gonzalez@company.com,(729) 741-3812,Active
EMP029716,Nicole,Smith,Nicole Smith,23,IT,Coordinator,Seattle,75094.11,12855.12,2024-10-08,0,61.2,nicole.smith@company.com,(297) 822-9653,Active
EMP029717,Matthew,Miller,Matthew Miller,42,HR,Director,Austin,48788.49,2646.75,2023-12-15,15,68.5,matthew.miller@company.com,(328) 812-8345,On Leave
EMP029718,Stephanie,Miller,Stephanie Miller,25,Finance,Analyst,Chicago,87472.39,12557.2,2023-05-26,1,83.6,stephanie.miller@company.com,(883) 902-3633,Active
EMP029719,Emily,Gonzalez,Emily Gonzalez,31,IT,Specialist,Los Angeles,73598.42,6916.26,2023-11-30,4,86.5,emily.gonzalez@company.com,(665) 997-8459,Active
EMP029720,Anthony,Jackson,Anthony Jackson,58,Operations,Manager,Seattle,68642.75,12854.46,2024-10-21,32,61.8,anthony.jackson@company.com,(854) 719-9790,Active
EMP029721,Michael,Hernandez,Michael Hernandez,46,Operations,Lead,Seattle,69055.61,5675.92,2021-03-30,21,74.5,michael.hernandez@company.com,(657) 544-7638,Active
EMP029722,Melissa,Smith,Melissa Smith,23,Legal,Manager,Austin,68934.96,4294.4,2022-05-08,0,76.5,melissa.smith@company.com,(371) 511-9983,Active
EMP029723,Amanda,Hernandez,Amanda Hernandez,23,Engineering,Director,Miami,78096.13,9471.15,2022-10-09,0,80.0,amanda.hernandez@company.com,(293) 414-9781,Active
EMP029724,Jessica,Hernandez,Jessica Hernandez,50,Engineering,Lead,Boston,88573.28,9162.86,2024-12-02,25,64.5,jessica.hernandez@company.com,(464) 883-7652,Active
EMP029725,Emily,Garcia,Emily Garcia,23,Sales,Coordinator,San Francisco,72111.92,6618.53,2020-12-22,0,50.7,emily.garcia@company.com,(581) 212-3400,Active
EMP029726,Michael,Anderson,Michael Anderson,64,IT,Specialist,Boston,105048.08,8758.31,2024-03-12,38,65.3,michael.anderson@company.com,(346) 292-2433,Inactive
EMP029727,Melissa,Martin,Melissa Martin,23,Operations,Senior Developer,Miami,25500.0,3167.03,2023-11-04,0,59.6,melissa.martin@company.com,(889) 297-2090,Active
EMP029728,Robert,Gonzalez,Robert Gonzalez,49,Marketing,Director,New York,87401.97,11908.2,2020-12-03,27,58.4,robert.gonzalez@company.com,(860) 794-3241,On Leave
EMP029729,Jane,Williams,Jane Williams,49,HR,Associate,Miami,63089.27,5192.0,2022-07-06,24,64.7,jane.williams@company.com,(457) 546-6325,Active
EMP029730,David,Jones,David Jones,29,Sales,Director,Austin,74737.85,20342.66,2022-05-04,5,30.2,david.jones@company.com,(967) 933-4859,Active
EMP029731,Emily,Garcia,Emily Garcia,46,IT,Analyst,Los Angeles,106422.65,7271.91,2020-04-05,20,63.9,emily.garcia@company.com,(545) 955-5075,On Leave
EMP029732,Lisa,Martinez,Lisa Martinez,44,Sales,Specialist,Miami,75584.89,13127.53,2021-01-03,19,65.6,lisa.martinez@company.com,(717) 803-4092,Active
EMP029733,Christopher,Lopez,Christopher Lopez,36,Engineering,Director,Austin,63503.32,7436.57,2024-10-24,8,60.5,christopher.lopez@company.com,(229) 710-1479,Active
EMP029734,Daniel,Brown,Daniel Brown,39,Legal,Associate,San Francisco,98845.05,18186.5,2023-12-18,11,92.4,daniel.brown@company.com,(506) 586-3885,On Leave
EMP029735,Christopher,Gonzalez,Christopher Gonzalez,47,Marketing,Lead,Miami,68017.02,6219.1,2024-06-02,19,79.8,christopher.gonzalez@company.com,(595) 542-8920,Inactive
EMP029736,Ashley,Hernandez,Ashley Hernandez,22,Sales,Manager,Boston,53677.04,10445.77,2024-05-09,0,97.9,ashley.hernandez@company.com,(837) 970-8996,Active
EMP029737,Jane,Williams,Jane Williams,25,Finance,Manager,Seattle,46588.93,391.52,2022-09-11,1,74.1,jane.williams@company.com,(753) 732-5560,Active
EMP029738,Melissa,Davis,Melissa Davis,61,Legal,Coordinator,San Francisco,111795.64,17189.45,2024-01-23,37,90.3,melissa.davis@company.com,(655) 758-2406,Inactive
EMP029739,Ashley,Wilson,Ashley Wilson,22,Sales,Senior Developer,Austin,30000.0,851.54,2020-03-14,0,91.8,ashley.wilson@company.com,(488) 975-7565,Inactive
EMP029740,Ashley,Jackson,Ashley Jackson,50,Finance,Coordinator,Austin,96100.76,10724.83,2022-10-11,23,58.1,ashley.jackson@company.com,(552) 330-8545,Active
EMP029741,Jessica,Thomas,Jessica Thomas,30,Engineering,Director,Chicago,96290.75,18567.81,2020-01-29,4,74.7,jessica.thomas@company.com,(302) 761-5656,Active
EMP029742,Christopher,Johnson,Christopher Johnson,36,HR,Lead,Miami,73911.66,3324.08,2024-10-10,7,68.0,christopher.johnson@company.com,(611) 482-9520,Active
EMP029743,James,Wilson,James Wilson,50,Sales,Specialist,San Francisco,89681.02,9829.09,2021-11-25,23,94.3,james.wilson@company.com,(424) 201-6482,Active
EMP029744,Sarah,Martinez,Sarah Martinez,53,Marketing,Coordinator,Seattle,68723.33,4687.06,2021-03-20,26,65.9,sarah.martinez@company.com,(996) 855-8872,Inactive
EMP029745,William,Hernandez,William Hernandez,60,IT,Manager,Boston,116340.3,5456.38,2022-08-28,37,83.5,william.hernandez@company.com,(585) 646-6917,Active
EMP029746,Sarah,Wilson,Sarah Wilson,38,Operations,Analyst,Miami,88444.36,8254.45,2020-08-20,16,78.9,sarah.wilson@company.com,(811) 639-5606,Active
EMP029747,Lisa,Davis,Lisa Davis,60,IT,Analyst,Los Angeles,105373.17,14364.33,2023-10-04,31,67.9,lisa.davis@company.com,(684) 259-7244,Active
EMP029748,Lisa,Davis,Lisa Davis,32,Finance,Analyst,Chicago,86649.14,5999.16,2021-04-24,7,59.6,lisa.davis@company.com,(766) 203-1249,Active
EMP029749,Daniel,Jackson,Daniel Jackson,56,Marketing,Specialist,Miami,89450.45,12323.03,2020-11-11,33,84.9,daniel.jackson@company.com,(617) 515-7088,Active
EMP029750,Robert,Lopez,Robert Lopez,51,HR,Analyst,Seattle,51640.8,4047.14,2023-07-11,28,100.0,robert.lopez@company.com,(934) 706-4813,Active
EMP029751,Jane,Miller,Jane Miller,65,Legal,Manager,Seattle,155519.87,9986.8,2022-09-27,37,96.1,jane.miller@company.com,(820) 993-1047,Active
EMP029752,David,Thomas,David Thomas,26,IT,Lead,Chicago,74010.71,5903.51,2022-03-26,0,36.3,david.thomas@company.com,(522) 909-8684,On Leave
EMP029753,Jessica,Wilson,Jessica Wilson,51,Legal,Director,New York,94619.08,15589.14,2020-04-07,26,54.9,jessica.wilson@company.com,(651) 690-7767,Active
EMP029754,Emily,Martin,Emily Martin,64,Marketing,Coordinator,Austin,83584.64,5062.6,2020-08-24,35,88.0,emily.martin@company.com,(518) 874-4565,Active
EMP029755,James,Williams,James Williams,50,Operations,Coordinator,Chicago,59020.41,7521.29,2020-09-03,25,100.0,james.williams@company.com,(549) 826-6149,Active
EMP029756,Stephanie,Thomas,Stephanie Thomas,41,Legal,Manager,Chicago,89265.71,13068.84,2024-11-14,17,74.3,stephanie.thomas@company.com,(590) 445-8723,Active
EMP029757,Nicole,Anderson,Nicole Anderson,45,IT,Manager,New York,94957.68,6798.25,2022-11-13,18,76.7,nicole.anderson@company.com,(909) 823-9333,Active
EMP029758,James,Hernandez,James Hernandez,60,Operations,Specialist,Chicago,76145.64,9769.29,2024-03-20,32,73.3,james.hernandez@company.com,(625) 337-6862,Active
EMP029759,Sarah,Martin,Sarah Martin,58,IT,Director,San Francisco,135643.19,15187.02,2023-05-10,29,61.3,sarah.martin@company.com,(310) 663-5675,Active
EMP029760,Sarah,Rodriguez,Sarah Rodriguez,61,Finance,Senior Developer,Los Angeles,99628.44,2895.27,2021-07-18,33,75.7,sarah.rodriguez@company.com,(795) 919-9124,Active
EMP029761,Stephanie,Davis,Stephanie Davis,63,Legal,Analyst,Los Angeles,122344.15,11974.4,2021-09-23,41,89.9,stephanie.davis@company.com,(561) 672-7024,Active
EMP029762,Lisa,Thomas,Lisa Thomas,44,Operations,Manager,Miami,35131.33,1851.63,2023-03-06,17,100.0,lisa.thomas@company.com,(304) 579-3850,Active
EMP029763,Jane,Martinez,Jane Martinez,38,IT,Director,Boston,66836.09,7560.33,2024-11-17,10,56.6,jane.martinez@company.com,(865) 948-2370,Active
EMP029764,James,Smith,James Smith,60,IT,Manager,Los Angeles,104953.96,15591.75,2022-01-17,32,51.9,james.smith@company.com,(988) 271-3155,Active
EMP029765,Anthony,Taylor,Anthony Taylor,51,Marketing,Specialist,Austin,53248.59,831.15,2024-06-12,26,77.3,anthony.taylor@company.com,(695) 804-9700,Active
EMP029766,John,Smith,John Smith,36,Finance,Director,Boston,66635.07,9775.82,2023-04-04,14,80.9,john.smith@company.com,(374) 273-9164,Active
EMP029767,James,Williams,James Williams,39,Marketing,Specialist,Boston,72801.99,7767.28,2020-05-27,14,76.0,james.williams@company.com,(763) 751-6643,Active
EMP029768,Emily,Smith,Emily Smith,30,Sales,Lead,Seattle,53814.02,7431.79,2021-05-29,5,70.8,emily.smith@company.com,(867) 779-2934,Active
EMP029769,Lisa,Gonzalez,Lisa Gonzalez,34,HR,Director,Seattle,38131.22,3199.27,2022-09-18,7,100.0,lisa.gonzalez@company.com,(699) 561-3511,Active
EMP029770,David,Miller,David Miller,63,IT,Senior Developer,Chicago,94634.69,5045.52,2022-07-30,39,70.6,david.miller@company.com,(576) 807-3681,On Leave
EMP029771,Stephanie,Smith,Stephanie Smith,63,Legal,Lead,Austin,112750.21,13246.9,2024-12-07,41,54.2,stephanie.smith@company.com,(449) 630-8747,Active
EMP029772,Jane,Hernandez,Jane Hernandez,61,IT,Senior Developer,Chicago,93403.47,7658.75,2020-02-29,33,81.7,jane.hernandez@company.com,(302) 300-9399,Inactive
EMP029773,James,Lopez,James Lopez,41,HR,Associate,Miami,78680.36,12377.46,2024-07-12,12,74.2,james.lopez@company.com,(979) 503-6836,Active
EMP029774,Matthew,Miller,Matthew Miller,65,Sales,Associate,New York,101253.85,4503.67,2023-05-08,37,54.3,matthew.miller@company.com,(222) 630-3781,Active
EMP029775,David,Lopez,David Lopez,33,Marketing,Specialist,Chicago,73629.57,0.0,2024-04-25,6,80.5,david.lopez@company.com,(467) 347-2403,Active
EMP029776,Anthony,Brown,Anthony Brown,42,Sales,Director,New York,59082.41,1232.92,2022-04-03,14,46.8,anthony.brown@company.com,(674) 229-5729,Active
EMP029777,Emily,Williams,Emily Williams,47,Finance,Senior Developer,New York,50181.85,0.0,2023-03-07,22,75.6,emily.williams@company.com,(365) 819-4941,Active
EMP029778,Daniel,Johnson,Daniel Johnson,45,Sales,Director,Austin,111682.35,7608.95,2020-03-12,18,81.9,daniel.johnson@company.com,(340) 975-5015,Active
EMP029779,David,Wilson,David Wilson,46,Marketing,Manager,Boston,53759.63,7010.92,2020-09-13,19,76.6,david.wilson@company.com,(797) 965-6776,Active
EMP029780,Michael,Lopez,Michael Lopez,27,IT,Specialist,Chicago,90991.44,7063.01,2021-08-03,5,66.2,michael.lopez@company.com,(953) 440-4234,Active
EMP029781,Matthew,Lopez,Matthew Lopez,64,Sales,Specialist,Los Angeles,83627.49,10709.44,2020-05-18,35,85.4,matthew.lopez@company.com,(477) 553-9981,Active
EMP029782,James,Gonzalez,James Gonzalez,50,Finance,Specialist,Seattle,61397.77,7794.98,2024-12-21,23,59.4,james.gonzalez@company.com,(632) 488-4850,Inactive
EMP029783,Emily,Gonzalez,Emily Gonzalez,58,IT,Specialist,Los Angeles,112675.31,20061.87,2020-12-24,35,54.0,emily.gonzalez@company.com,(821) 983-2688,Active
EMP029784,Anthony,Martin,Anthony Martin,43,Legal,Senior Developer,San Francisco,72974.43,4526.11,2020-03-14,17,57.6,anthony.martin@company.com,(224) 523-7704,Inactive
EMP029785,Stephanie,Martin,Stephanie Martin,38,IT,Senior Developer,Austin,98982.26,7628.56,2021-10-02,12,100.0,stephanie.martin@company.com,(904) 566-8851,Active
EMP029786,Christopher,Williams,Christopher Williams,64,Engineering,Director,Los Angeles,115939.69,11257.84,2024-12-22,40,73.0,christopher.williams@company.com,(955) 907-8217,Active
EMP029787,Melissa,Martinez,Melissa Martinez,25,Sales,Director,Los Angeles,47590.02,3511.81,2021-12-10,2,85.3,melissa.martinez@company.com,(709) 377-4410,Active
EMP029788,Amanda,Anderson,Amanda Anderson,32,IT,Lead,Boston,71732.26,3422.73,2021-03-27,3,70.3,amanda.anderson@company.com,(415) 788-7821,Inactive
EMP029789,Lisa,Garcia,Lisa Garcia,61,IT,Analyst,San Francisco,109459.13,9849.54,2023-09-30,36,68.3,lisa.garcia@company.com,(419) 370-9035,Active
EMP029790,Michael,Miller,Michael Miller,37,Operations,Director,Miami,40280.88,6305.27,2024-05-15,8,69.2,michael.miller@company.com,(522) 976-9639,Active
EMP029791,Stephanie,Lopez,Stephanie Lopez,58,Sales,Senior Developer,Chicago,64769.61,1129.45,2023-07-14,33,75.1,stephanie.lopez@company.com,(481) 487-8221,Active
EMP029792,Michael,Martin,Michael Martin,49,Sales,Manager,New York,87567.36,19185.01,2021-12-13,22,63.1,michael.martin@company.com,(268) 282-5239,Active
EMP029793,Robert,Anderson,Robert Anderson,41,HR,Associate,Los Angeles,70100.54,11608.71,2021-08-19,12,71.9,robert.anderson@company.com,(584) 650-3857,Active
EMP029794,Emily,Martin,Emily Martin,33,IT,Lead,Seattle,137129.84,7329.91,2022-06-30,5,72.5,emily.martin@company.com,(640) 548-2953,Active
EMP029795,William,Taylor,William Taylor,36,HR,Senior Developer,Boston,42701.99,7009.74,2021-12-22,8,80.1,william.taylor@company.com,(344) 816-1390,Active
EMP029796,Nicole,Davis,Nicole Davis,60,Finance,Analyst,Miami,88705.14,12587.55,2022-07-16,35,60.2,nicole.davis@company.com,(291) 359-5647,On Leave
EMP029797,Jane,Rodriguez,Jane Rodriguez,43,Operations,Lead,Austin,66427.65,10213.97,2023-08-26,17,65.4,jane.rodriguez@company.com,(799) 590-6696,Active
EMP029798,Lisa,Martin,Lisa Martin,24,Operations,Senior Developer,Miami,62743.28,5680.08,2021-12-21,0,43.8,lisa.martin@company.com,(235) 431-6603,Active
EMP029799,Lisa,Hernandez,Lisa Hernandez,28,Legal,Senior Developer,Austin,92867.49,14332.1,2024-01-16,5,85.9,lisa.hernandez@company.com,(727) 584-2865,Active
EMP029800,Stephanie,Rodriguez,Stephanie Rodriguez,63,Engineering,Manager,Miami,148991.93,13362.56,2024-04-18,36,82.7,stephanie.rodriguez@company.com,(203) 928-1002,Active
EMP029801,John,Smith,John Smith,30,Engineering,Director,Seattle,119671.89,3231.42,2022-09-22,7,74.8,john.smith@company.com,(760) 263-4599,Active
EMP029802,Stephanie,Jones,Stephanie Jones,22,HR,Senior Developer,Austin,66871.7,10323.97,2022-12-04,0,100.0,stephanie.jones@company.com,(889) 662-3678,Active
EMP029803,Ashley,Smith,Ashley Smith,36,Sales,Coordinator,New York,62491.77,4843.47,2021-08-27,11,77.3,ashley.smith@company.com,(683) 368-8950,Active
EMP029804,Amanda,Thomas,Amanda Thomas,28,HR,Lead,Seattle,64221.65,7509.23,2021-06-19,3,59.3,amanda.thomas@company.com,(308) 464-5706,Active
EMP029805,David,Rodriguez,David Rodriguez,28,Finance,Associate,Los Angeles,60998.05,9944.68,2020-06-04,4,86.6,david.rodriguez@company.com,(824) 327-8707,Active
EMP029806,Jane,Williams,Jane Williams,33,Sales,Lead,Los Angeles,64803.39,5004.19,2020-02-08,9,71.9,jane.williams@company.com,(333) 572-3574,Active
EMP029807,Daniel,Rodriguez,Daniel Rodriguez,63,Legal,Manager,Los Angeles,85983.15,12095.18,2020-12-05,41,80.6,daniel.rodriguez@company.com,(864) 566-3267,Active
EMP029808,Nicole,Brown,Nicole Brown,39,Engineering,Manager,Los Angeles,87023.88,9472.25,2021-12-06,17,74.3,nicole.brown@company.com,(884) 490-3242,Active
EMP029809,Amanda,Anderson,Amanda Anderson,38,Marketing,Director,Los Angeles,54105.77,9432.4,2023-06-30,10,82.4,amanda.anderson@company.com,(586) 809-5126,Inactive
EMP029810,Christopher,Wilson,Christopher Wilson,62,IT,Senior Developer,New York,94468.82,5800.65,2024-09-21,36,65.3,christopher.wilson@company.com,(460) 703-6038,Active
EMP029811,Robert,Taylor,Robert Taylor,25,Marketing,Specialist,Seattle,38391.92,2717.02,2023-07-19,0,84.0,robert.taylor@company.com,(795) 452-5608,Inactive
EMP029812,Matthew,Wilson,Matthew Wilson,56,Finance,Senior Developer,Miami,105965.05,11547.75,2023-05-14,31,90.2,matthew.wilson@company.com,(290) 386-5426,On Leave
EMP029813,Anthony,Johnson,Anthony Johnson,41,Marketing,Analyst,Boston,53279.99,8100.38,2024-03-30,14,71.6,anthony.johnson@company.com,(426) 217-1077,Active
EMP029814,John,Moore,John Moore,47,Legal,Specialist,Austin,72697.79,13153.61,2021-02-28,19,100.0,john.moore@company.com,(200) 408-5756,Active
EMP029815,Daniel,Smith,Daniel Smith,49,Legal,Analyst,San Francisco,106721.96,9540.02,2022-08-30,20,69.2,daniel.smith@company.com,(742) 258-6177,Active
EMP029816,Robert,Taylor,Robert Taylor,50,Finance,Associate,Los Angeles,91050.21,15608.51,2021-09-04,24,95.0,robert.taylor@company.com,(791) 480-2977,Inactive
EMP029817,William,Rodriguez,William Rodriguez,55,Legal,Associate,Miami,97870.12,10951.63,2020-02-06,30,76.1,william.rodriguez@company.com,(504) 270-1510,Active
EMP029818,Sarah,Johnson,Sarah Johnson,36,Legal,Lead,Seattle,64736.44,1954.78,2020-01-13,13,82.5,sarah.johnson@company.com,(845) 970-2614,Active
EMP029819,Robert,Rodriguez,Robert Rodriguez,62,Sales,Lead,Los Angeles,76112.25,10744.02,2023-07-20,36,97.2,robert.rodriguez@company.com,(605) 923-3499,Active
EMP029820,Melissa,Johnson,Melissa Johnson,22,HR,Associate,Boston,48603.07,6813.8,2024-09-03,0,85.8,melissa.johnson@company.com,(342) 388-3086,Active
EMP029821,David,Moore,David Moore,38,HR,Specialist,Miami,78324.56,7250.83,2020-08-02,16,74.1,david.moore@company.com,(404) 553-6980,Active
EMP029822,Amanda,Jones,Amanda Jones,31,HR,Specialist,Los Angeles,56069.76,6228.33,2022-09-07,5,80.3,amanda.jones@company.com,(638) 283-5670,Active
EMP029823,William,Garcia,William Garcia,56,Engineering,Associate,Chicago,119204.93,10225.66,2024-07-13,34,67.6,william.garcia@company.com,(418) 774-5141,Active
EMP029824,Anthony,Hernandez,Anthony Hernandez,55,Engineering,Senior Developer,Seattle,122083.4,7043.72,2021-01-11,33,78.0,anthony.hernandez@company.com,(749) 406-5161,Active
EMP029825,Robert,Gonzalez,Robert Gonzalez,33,Marketing,Associate,Austin,99063.37,4434.62,2020-08-13,6,70.9,robert.gonzalez@company.com,(368) 610-9708,Inactive
EMP029826,Michael,Taylor,Michael Taylor,53,Operations,Specialist,Chicago,61696.97,5765.72,2024-04-16,29,100.0,michael.taylor@company.com,(669) 614-5326,Active
EMP029827,Matthew,Garcia,Matthew Garcia,49,Legal,Lead,San Francisco,101899.39,5979.61,2021-11-28,21,76.0,matthew.garcia@company.com,(331) 851-6679,Active
EMP029828,Emily,Thomas,Emily Thomas,41,Engineering,Senior Developer,Miami,93613.41,10410.97,2021-06-15,18,74.7,emily.thomas@company.com,(404) 659-6270,Active
EMP029829,Stephanie,Garcia,Stephanie Garcia,55,Marketing,Associate,Chicago,92617.13,13899.45,2021-10-30,33,71.8,stephanie.garcia@company.com,(413) 957-2669,Active
EMP029830,Ashley,Jones,Ashley Jones,60,Operations,Analyst,Los Angeles,90605.83,12224.03,2021-02-06,33,74.6,ashley.jones@company.com,(376) 530-2188,Active
EMP029831,Amanda,Rodriguez,Amanda Rodriguez,48,Sales,Manager,Boston,78286.1,15836.76,2023-04-11,19,60.3,amanda.rodriguez@company.com,(249) 246-7351,On Leave
EMP029832,Michael,Lopez,Michael Lopez,54,HR,Analyst,New York,81467.69,11047.52,2020-06-10,32,72.4,michael.lopez@company.com,(317) 641-7785,Active
EMP029833,James,Miller,James Miller,46,Engineering,Lead,Austin,112266.35,14198.19,2023-07-11,23,86.2,james.miller@company.com,(743) 893-1739,Active
EMP029834,Michael,Taylor,Michael Taylor,59,Sales,Specialist,Seattle,85681.7,12886.43,2022-12-18,33,70.4,michael.taylor@company.com,(738) 252-3979,Active
EMP029835,Christopher,Martinez,Christopher Martinez,51,Marketing,Manager,Boston,81899.37,3898.97,2020-03-14,22,82.8,christopher.martinez@company.com,(368) 603-4625,Active
EMP029836,James,Taylor,James Taylor,25,Engineering,Manager,San Francisco,66766.77,5651.74,2021-02-19,2,84.4,james.taylor@company.com,(969) 288-9831,Active
EMP029837,William,Taylor,William Taylor,30,Engineering,Manager,Miami,77107.1,4403.92,2024-07-09,6,75.0,william.taylor@company.com,(604) 614-6761,On Leave
EMP029838,Michael,Williams,Michael Williams,59,Engineering,Manager,Seattle,102582.83,10880.23,2022-07-21,36,65.1,michael.williams@company.com,(845) 502-2553,Active
EMP029839,Christopher,Martinez,Christopher Martinez,28,Marketing,Specialist,Seattle,31414.05,3452.41,2020-08-17,2,81.2,christopher.martinez@company.com,(344) 921-2438,Active
EMP029840,Melissa,Jones,Melissa Jones,32,Legal,Specialist,San Francisco,79487.76,12492.46,2024-04-24,7,49.6,melissa.jones@company.com,(559) 933-6919,Active
EMP029841,Stephanie,Garcia,Stephanie Garcia,60,Operations,Manager,Los Angeles,59198.63,3863.0,2024-07-02,35,78.6,stephanie.garcia@company.com,(699) 365-4447,Active
EMP029842,Sarah,Johnson,Sarah Johnson,36,Finance,Analyst,Boston,80753.59,11248.36,2021-06-24,13,67.7,sarah.johnson@company.com,(824) 558-2997,Active
EMP029843,Ashley,Jones,Ashley Jones,52,Engineering,Specialist,New York,103697.79,7477.3,2020-08-08,29,92.1,ashley.jones@company.com,(491) 908-7653,Active
EMP029844,Melissa,Rodriguez,Melissa Rodriguez,24,Marketing,Lead,Austin,62756.05,0.0,2020-03-12,0,60.7,melissa.rodriguez@company.com,(881) 787-7614,Active
EMP029845,Amanda,Moore,Amanda Moore,28,Legal,Specialist,Austin,77225.29,12265.43,2020-07-17,4,69.1,amanda.moore@company.com,(511) 616-8545,Active
EMP029846,Lisa,Hernandez,Lisa Hernandez,52,Finance,Director,San Francisco,86023.68,7616.9,2024-05-07,24,44.7,lisa.hernandez@company.com,(444) 721-6422,Inactive
EMP029847,Stephanie,Brown,Stephanie Brown,55,IT,Associate,Miami,111537.96,17081.39,2024-04-14,31,70.9,stephanie.brown@company.com,(515) 394-2469,On Leave
EMP029848,Nicole,Anderson,Nicole Anderson,27,Finance,Specialist,San Francisco,70565.16,5294.34,2022-10-03,4,87.3,nicole.anderson@company.com,(873) 343-9400,Active
EMP029849,Ashley,Jones,Ashley Jones,61,Engineering,Coordinator,Chicago,138199.11,16204.1,2023-08-24,37,78.4,ashley.jones@company.com,(784) 805-5625,Active
EMP029850,Amanda,Hernandez,Amanda Hernandez,47,Marketing,Specialist,San Francisco,64190.83,5625.66,2022-12-25,24,86.5,amanda.hernandez@company.com,(944) 750-8114,Active
EMP029851,Robert,Williams,Robert Williams,34,IT,Coordinator,Austin,73231.52,9543.43,2022-08-09,5,72.7,robert.williams@company.com,(672) 410-2970,Active
EMP029852,Ashley,Davis,Ashley Davis,54,Sales,Coordinator,Miami,122632.22,15079.88,2022-06-08,25,75.8,ashley.davis@company.com,(927) 365-6760,Active
EMP029853,Nicole,Miller,Nicole Miller,48,Finance,Senior Developer,Austin,113941.33,14756.23,2024-01-04,24,93.5,nicole.miller@company.com,(673) 561-2866,Inactive
EMP029854,William,Miller,William Miller,62,Marketing,Analyst,San Francisco,91116.42,10408.67,2023-07-19,37,79.1,william.miller@company.com,(608) 564-5080,Active
EMP029855,Amanda,Taylor,Amanda Taylor,54,Marketing,Coordinator,New York,105126.23,13739.9,2023-12-01,26,69.6,amanda.taylor@company.com,(874) 963-9759,Active
EMP029856,Amanda,Taylor,Amanda Taylor,34,Operations,Associate,Miami,59581.73,4476.36,2024-08-07,9,61.1,amanda.taylor@company.com,(200) 460-1104,Active
EMP029857,John,Miller,John Miller,33,Finance,Lead,Boston,43118.3,6526.93,2021-04-20,11,77.2,john.miller@company.com,(425) 696-2842,Active
EMP029858,Melissa,Williams,Melissa Williams,28,Finance,Manager,Austin,52925.58,4630.77,2023-05-04,2,54.9,melissa.williams@company.com,(440) 643-5042,Active
EMP029859,Jane,Wilson,Jane Wilson,63,Operations,Manager,Los Angeles,80255.0,4302.04,2024-03-29,40,100.0,jane.wilson@company.com,(864) 593-9162,Inactive
EMP029860,Emily,Brown,Emily Brown,28,IT,Director,Miami,67506.95,11927.32,2024-08-22,3,54.9,emily.brown@company.com,(665) 229-2631,Inactive
EMP029861,Ashley,Moore,Ashley Moore,31,IT,Analyst,New York,103482.64,6712.07,2020-07-29,4,62.3,ashley.moore@company.com,(452) 530-7287,Active
EMP029862,Robert,Moore,Robert Moore,50,Legal,Analyst,San Francisco,91167.68,5984.82,2022-01-21,27,82.9,robert.moore@company.com,(872) 590-3255,Active
EMP029863,William,Brown,William Brown,27,Finance,Specialist,Chicago,79346.91,7224.69,2021-12-09,0,60.2,william.brown@company.com,(757) 960-1139,Active
EMP029864,Michael,Martin,Michael Martin,47,Operations,Analyst,Chicago,59913.01,8837.22,2024-12-16,18,65.7,michael.martin@company.com,(216) 269-2794,Active
EMP029865,Nicole,Rodriguez,Nicole Rodriguez,65,Sales,Coordinator,Chicago,88636.07,7699.66,2024-04-18,39,55.8,nicole.rodriguez@company.com,(602) 523-7706,Active
EMP029866,Matthew,Anderson,Matthew Anderson,56,IT,Coordinator,Austin,125886.83,6955.1,2023-06-03,28,83.5,matthew.anderson@company.com,(329) 256-4674,Inactive
EMP029867,Jessica,Moore,Jessica Moore,26,Legal,Specialist,Los Angeles,67014.81,12361.34,2020-10-09,0,100.0,jessica.moore@company.com,(547) 473-3057,Active
EMP029868,John,Moore,John Moore,43,Sales,Associate,Chicago,82485.62,12175.67,2022-01-06,16,91.1,john.moore@company.com,(914) 641-4245,Active
EMP029869,Sarah,Hernandez,Sarah Hernandez,40,Operations,Senior Developer,Austin,71405.63,7295.84,2024-06-24,18,50.0,sarah.hernandez@company.com,(452) 697-5163,Active
EMP029870,Nicole,Gonzalez,Nicole Gonzalez,35,Legal,Associate,San Francisco,100804.06,20992.8,2023-04-07,13,95.5,nicole.gonzalez@company.com,(841) 324-4239,Active
EMP029871,Michael,Williams,Michael Williams,28,Finance,Manager,New York,55530.51,1306.55,2022-06-15,0,85.2,michael.williams@company.com,(207) 284-2851,Active
EMP029872,Jane,Davis,Jane Davis,61,HR,Specialist,Seattle,53954.22,4175.88,2023-07-04,34,83.7,jane.davis@company.com,(639) 726-6857,Active
EMP029873,Ashley,Miller,Ashley Miller,38,Operations,Specialist,Los Angeles,40487.65,2423.62,2024-09-19,16,69.3,ashley.miller@company.com,(823) 361-9979,Active
EMP029874,Daniel,Martinez,Daniel Martinez,23,Legal,Director,Chicago,56684.84,2310.13,2023-08-25,0,49.2,daniel.martinez@company.com,(410) 419-8173,Active
EMP029875,Ashley,Martin,Ashley Martin,64,Legal,Lead,Miami,89089.33,6013.13,2024-04-19,35,78.6,ashley.martin@company.com,(490) 938-5464,Active
EMP029876,Matthew,Thomas,Matthew Thomas,23,Marketing,Specialist,Seattle,51456.92,6784.77,2023-08-26,0,72.4,matthew.thomas@company.com,(227) 324-9091,Active
EMP029877,Melissa,Martinez,Melissa Martinez,53,Legal,Senior Developer,Austin,115884.48,6143.42,2024-10-11,26,81.6,melissa.martinez@company.com,(996) 944-3954,Active
EMP029878,Robert,Gonzalez,Robert Gonzalez,64,Finance,Manager,Los Angeles,87805.47,7943.29,2023-10-31,38,77.5,robert.gonzalez@company.com,(515) 858-4044,Active
EMP029879,Michael,Jackson,Michael Jackson,63,Operations,Specialist,Boston,81694.68,6458.38,2021-09-17,41,45.0,michael.jackson@company.com,(779) 799-7917,Active
EMP029880,Christopher,Smith,Christopher Smith,31,Legal,Coordinator,Seattle,70420.01,9179.7,2023-12-22,3,74.9,christopher.smith@company.com,(967) 611-9734,Active
EMP029881,Matthew,Garcia,Matthew Garcia,39,Legal,Director,Miami,78941.41,626.61,2020-06-18,11,74.3,matthew.garcia@company.com,(416) 419-8613,Active
EMP029882,Sarah,Martinez,Sarah Martinez,53,IT,Coordinator,San Francisco,103396.8,12031.25,2020-10-05,30,80.4,sarah.martinez@company.com,(856) 510-5363,On Leave
EMP029883,Christopher,Wilson,Christopher Wilson,29,IT,Analyst,New York,43584.33,2512.28,2024-01-25,0,74.6,christopher.wilson@company.com,(684) 307-9626,Active
EMP029884,Sarah,Anderson,Sarah Anderson,51,Operations,Manager,New York,75149.32,0.0,2023-04-10,23,94.6,sarah.anderson@company.com,(380) 604-2659,Active
EMP029885,Nicole,Lopez,Nicole Lopez,42,Sales,Lead,San Francisco,73831.14,8432.22,2023-06-23,16,70.4,nicole.lopez@company.com,(766) 852-8222,Inactive
EMP029886,Jane,Thomas,Jane Thomas,59,Engineering,Director,Miami,121348.63,4968.41,2024-11-04,34,84.0,jane.thomas@company.com,(314) 457-8863,Inactive
EMP029887,Amanda,Martin,Amanda Martin,26,Engineering,Lead,New York,64649.92,7870.36,2024-10-26,3,84.4,amanda.martin@company.com,(298) 932-9648,Active
EMP029888,Emily,Martinez,Emily Martinez,44,HR,Director,Miami,57052.96,3366.26,2021-06-09,21,59.5,emily.martinez@company.com,(996) 517-8478,Active
EMP029889,Sarah,Johnson,Sarah Johnson,46,Marketing,Director,Seattle,74881.49,12163.17,2020-08-30,20,79.2,sarah.johnson@company.com,(965) 216-9868,Active
EMP029890,Stephanie,Taylor,Stephanie Taylor,27,Finance,Specialist,San Francisco,80392.48,15945.93,2021-11-05,0,64.6,stephanie.taylor@company.com,(817) 277-8164,Active
EMP029891,Jessica,Brown,Jessica Brown,38,HR,Manager,Boston,74259.7,10430.66,2020-03-15,13,44.7,jessica.brown@company.com,(884) 479-4609,Active
EMP029892,Anthony,Smith,Anthony Smith,60,Marketing,Specialist,Chicago,81642.06,7126.15,2021-10-31,38,91.4,anthony.smith@company.com,(582) 792-6267,Active
EMP029893,John,Davis,John Davis,53,Legal,Analyst,New York,120106.09,12008.74,2024-04-02,27,57.0,john.davis@company.com,(538) 205-9048,Active
EMP029894,Jessica,Wilson,Jessica Wilson,51,Operations,Senior Developer,Seattle,71095.15,15162.85,2022-04-06,28,52.7,jessica.wilson@company.com,(766) 683-9196,Active
EMP029895,Melissa,Gonzalez,Melissa Gonzalez,54,Engineering,Associate,Chicago,123579.17,8265.16,2023-12-26,29,56.5,melissa.gonzalez@company.com,(599) 940-4806,Active
EMP029896,Matthew,Garcia,Matthew Garcia,23,Finance,Director,New York,61242.54,2990.14,2023-07-03,0,87.5,matthew.garcia@company.com,(529) 530-8982,Active
EMP029897,Daniel,Johnson,Daniel Johnson,23,Finance,Director,New York,65622.65,2751.42,2024-07-17,0,90.0,daniel.johnson@company.com,(765) 668-9355,Active
EMP029898,Matthew,Thomas,Matthew Thomas,52,HR,Analyst,Los Angeles,80737.98,10749.05,2023-06-05,28,71.5,matthew.thomas@company.com,(327) 388-6160,Active
EMP029899,James,Brown,James Brown,62,Legal,Lead,Los Angeles,106837.96,4323.88,2020-07-06,39,65.9,james.brown@company.com,(881) 843-5986,On Leave
EMP029900,Anthony,Anderson,Anthony Anderson,49,Legal,Specialist,Austin,125698.57,6337.01,2020-04-13,22,81.5,anthony.anderson@company.com,(378) 244-5291,Active
EMP029901,Christopher,Martinez,Christopher Martinez,31,Legal,Specialist,Austin,62869.45,12150.78,2024-05-25,5,73.5,christopher.martinez@company.com,(858) 275-5939,Inactive
EMP029902,Daniel,Martinez,Daniel Martinez,42,IT,Specialist,Seattle,50736.44,6911.53,2024-08-30,16,66.9,daniel.martinez@company.com,(689) 754-2565,Active
EMP029903,John,Miller,John Miller,61,Finance,Analyst,Austin,90175.14,12403.02,2021-03-11,34,62.7,john.miller@company.com,(901) 219-7799,On Leave
EMP029904,Anthony,Martinez,Anthony Martinez,60,IT,Lead,Seattle,115119.11,17783.55,2023-03-30,33,78.7,anthony.martinez@company.com,(683) 749-4859,Active
EMP029905,Jane,Garcia,Jane Garcia,32,IT,Senior Developer,New York,55262.86,6794.08,2023-08-25,9,87.5,jane.garcia@company.com,(412) 967-6181,Active
EMP029906,Michael,Garcia,Michael Garcia,22,Operations,Analyst,Miami,25500.0,2868.66,2024-11-29,0,72.6,michael.garcia@company.com,(287) 474-1713,Active
EMP029907,Jane,Davis,Jane Davis,53,HR,Manager,Boston,68583.26,6915.95,2023-04-30,28,89.0,jane.davis@company.com,(970) 687-1655,Active
EMP029908,David,Moore,David Moore,24,Marketing,Coordinator,New York,67403.55,7748.78,2021-07-22,2,61.6,david.moore@company.com,(319) 868-3806,Active
EMP029909,Stephanie,Wilson,Stephanie Wilson,29,Finance,Associate,Miami,89433.78,13272.73,2022-06-27,2,82.7,stephanie.wilson@company.com,(259) 677-3902,Active
EMP029910,Matthew,Moore,Matthew Moore,61,Marketing,Associate,New York,97321.04,4397.8,2020-04-18,37,72.2,matthew.moore@company.com,(885) 865-4573,Active
EMP029911,Emily,Rodriguez,Emily Rodriguez,31,Legal,Senior Developer,New York,77979.08,7311.46,2022-04-28,2,77.4,emily.rodriguez@company.com,(477) 752-7866,Active
EMP029912,David,Lopez,David Lopez,53,Finance,Director,Chicago,84987.92,6144.26,2021-03-30,27,57.2,david.lopez@company.com,(970) 657-4613,Active
EMP029913,Sarah,Rodriguez,Sarah Rodriguez,37,Legal,Coordinator,Boston,87551.2,4874.83,2021-11-06,12,88.0,sarah.rodriguez@company.com,(200) 484-7390,Active
EMP029914,John,Martinez,John Martinez,47,Sales,Analyst,New York,100376.92,8244.67,2023-06-29,23,82.6,john.martinez@company.com,(616) 277-5086,Active
EMP029915,Michael,Brown,Michael Brown,53,Engineering,Associate,Austin,135869.4,1395.02,2024-10-07,27,83.5,michael.brown@company.com,(379) 400-9168,Active
EMP029916,David,Williams,David Williams,43,Engineering,Coordinator,San Francisco,85533.66,3904.99,2021-01-20,20,64.4,david.williams@company.com,(958) 536-2116,Inactive
EMP029917,Anthony,Thomas,Anthony Thomas,54,Marketing,Lead,Chicago,91523.79,11707.02,2023-03-14,30,70.7,anthony.thomas@company.com,(784) 985-5985,Active
EMP029918,Lisa,Smith,Lisa Smith,64,Finance,Manager,Los Angeles,116958.51,5197.91,2021-12-10,35,79.7,lisa.smith@company.com,(348) 683-7698,Inactive
EMP029919,Daniel,Garcia,Daniel Garcia,52,Operations,Senior Developer,San Francisco,81946.43,0.0,2024-10-28,29,80.0,daniel.garcia@company.com,(258) 579-6177,Active
EMP029920,Anthony,Wilson,Anthony Wilson,24,Marketing,Analyst,Chicago,60257.71,5774.77,2020-02-11,0,78.3,anthony.wilson@company.com,(490) 369-3685,Inactive
EMP029921,Jane,Thomas,Jane Thomas,44,IT,Associate,Los Angeles,85550.54,138.63,2024-07-09,15,68.3,jane.thomas@company.com,(226) 942-6793,Active
EMP029922,Stephanie,Rodriguez,Stephanie Rodriguez,34,Marketing,Lead,Austin,66081.46,9484.16,2022-02-09,9,76.0,stephanie.rodriguez@company.com,(374) 666-3487,Active
EMP029923,Nicole,Thomas,Nicole Thomas,29,Engineering,Specialist,San Francisco,86199.36,10343.51,2023-01-28,7,70.9,nicole.thomas@company.com,(586) 954-9533,Active
EMP029924,Lisa,Williams,Lisa Williams,31,Engineering,Specialist,Boston,87004.27,9240.68,2020-07-29,7,87.6,lisa.williams@company.com,(912) 801-7963,On Leave
EMP029925,Melissa,Hernandez,Melissa Hernandez,26,Finance,Senior Developer,Austin,53078.97,6159.15,2021-01-30,2,63.3,melissa.hernandez@company.com,(291) 237-8330,Active
EMP029926,Amanda,Miller,Amanda Miller,33,IT,Specialist,Boston,99911.04,12866.28,2024-07-23,9,61.4,amanda.miller@company.com,(284) 942-8200,Active
EMP029927,Lisa,Moore,Lisa Moore,64,Legal,Director,Miami,102061.79,6602.9,2023-04-08,41,62.3,lisa.moore@company.com,(419) 473-8507,Active
EMP029928,William,Hernandez,William Hernandez,57,Legal,Coordinator,Austin,105826.42,6238.31,2023-05-18,28,51.0,william.hernandez@company.com,(394) 296-2862,Active
EMP029929,Michael,Thomas,Michael Thomas,30,Marketing,Lead,San Francisco,51317.83,4595.97,2020-11-26,1,69.3,michael.thomas@company.com,(532) 889-5867,Active
EMP029930,Robert,Davis,Robert Davis,39,Sales,Manager,Seattle,81263.51,17950.93,2022-06-17,17,74.7,robert.davis@company.com,(263) 833-9697,Inactive
EMP029931,David,Davis,David Davis,29,Operations,Lead,New York,38795.04,2106.0,2022-07-15,6,97.7,david.davis@company.com,(290) 829-4322,Inactive
EMP029932,Sarah,Williams,Sarah Williams,62,Engineering,Analyst,Chicago,141889.76,27362.04,2023-12-10,40,73.0,sarah.williams@company.com,(484) 915-1826,Active
EMP029933,Amanda,Martin,Amanda Martin,39,Operations,Manager,Boston,71598.1,3954.11,2021-12-13,16,64.5,amanda.martin@company.com,(281) 494-5580,Active
EMP029934,Christopher,Taylor,Christopher Taylor,53,Operations,Senior Developer,Boston,71859.31,4042.11,2023-01-23,30,55.4,christopher.taylor@company.com,(812) 549-3526,Active
EMP029935,Sarah,Anderson,Sarah Anderson,24,Sales,Associate,San Francisco,42916.79,0.0,2020-01-07,0,82.4,sarah.anderson@company.com,(711) 723-7393,Active
EMP029936,Christopher,Smith,Christopher Smith,45,Legal,Lead,Austin,101921.62,17481.58,2023-07-06,17,57.0,christopher.smith@company.com,(823) 472-1406,Active
EMP029937,John,Davis,John Davis,39,HR,Coordinator,Los Angeles,53679.19,8381.91,2022-08-26,13,61.2,john.davis@company.com,(430) 432-6381,Active
EMP029938,Jane,Wilson,Jane Wilson,40,Legal,Director,Seattle,87506.8,9347.42,2022-08-11,18,63.2,jane.wilson@company.com,(477) 407-2998,Active
EMP029939,William,Taylor,William Taylor,60,HR,Senior Developer,Seattle,91107.82,167.6,2024-06-25,38,68.9,william.taylor@company.com,(314) 468-4897,Active
EMP029940,Lisa,Johnson,Lisa Johnson,46,Marketing,Analyst,Austin,77111.5,7254.58,2022-01-07,19,62.7,lisa.johnson@company.com,(849) 903-3337,Active
EMP029941,John,Smith,John Smith,56,Operations,Associate,Boston,65100.13,3444.18,2020-07-27,32,73.1,john.smith@company.com,(291) 644-7823,Active
EMP029942,Sarah,Martinez,Sarah Martinez,63,Engineering,Lead,Los Angeles,119918.83,4318.57,2024-10-10,35,69.0,sarah.martinez@company.com,(821) 845-3792,Active
EMP029943,Michael,Lopez,Michael Lopez,60,Legal,Analyst,Miami,106171.75,3212.63,2022-03-24,38,99.5,michael.lopez@company.com,(517) 911-2973,Active
EMP029944,James,Taylor,James Taylor,26,Marketing,Specialist,Austin,83607.99,4421.78,2023-10-04,2,67.0,james.taylor@company.com,(305) 727-9547,Active
EMP029945,Sarah,Gonzalez,Sarah Gonzalez,51,HR,Manager,New York,60580.55,5093.91,2023-09-26,22,67.2,sarah.gonzalez@company.com,(597) 450-5598,Active
EMP029946,Jane,Brown,Jane Brown,44,Legal,Analyst,Chicago,132836.66,23123.95,2021-02-01,20,82.3,jane.brown@company.com,(294) 389-1639,Active
EMP029947,William,Rodriguez,William Rodriguez,63,Operations,Director,San Francisco,67880.51,12404.42,2020-03-13,36,63.5,william.rodriguez@company.com,(918) 241-9585,Active
EMP029948,Melissa,Jones,Melissa Jones,39,Finance,Director,Miami,81141.73,18211.61,2020-02-05,11,71.7,melissa.jones@company.com,(496) 828-1797,Active
EMP029949,Jessica,Moore,Jessica Moore,53,Marketing,Specialist,Austin,76012.13,11874.58,2022-01-20,26,87.1,jessica.moore@company.com,(368) 637-7409,Active
EMP029950,Sarah,Davis,Sarah Davis,22,Sales,Manager,Miami,56227.76,3474.91,2024-09-28,0,73.0,sarah.davis@company.com,(836) 629-6952,Active
EMP029951,Stephanie,Moore,Stephanie Moore,26,HR,Manager,New York,36003.13,4602.28,2021-05-23,0,73.6,stephanie.moore@company.com,(405) 924-6144,Active
EMP029952,Sarah,Smith,Sarah Smith,46,HR,Specialist,Austin,57502.42,8878.34,2024-03-16,19,85.7,sarah.smith@company.com,(499) 710-6779,Active
EMP029953,Ashley,Hernandez,Ashley Hernandez,35,Legal,Senior Developer,Los Angeles,89835.88,13537.42,2024-11-11,6,64.1,ashley.hernandez@company.com,(231) 657-5223,Active
EMP029954,Christopher,Rodriguez,Christopher Rodriguez,51,Marketing,Analyst,Miami,77271.3,3779.62,2024-01-12,25,91.6,christopher.rodriguez@company.com,(592) 225-3022,Active
EMP029955,Robert,Garcia,Robert Garcia,48,Engineering,Senior Developer,Los Angeles,137187.62,16289.01,2021-09-21,26,75.5,robert.garcia@company.com,(270) 282-9614,Active
EMP029956,Daniel,Davis,Daniel Davis,28,Marketing,Director,Los Angeles,35222.51,4615.2,2020-03-22,5,39.2,daniel.davis@company.com,(966) 863-8796,Active
EMP029957,Lisa,Hernandez,Lisa Hernandez,58,Engineering,Associate,Los Angeles,139855.77,8458.02,2024-02-09,35,81.9,lisa.hernandez@company.com,(376) 831-8835,Active
EMP029958,Sarah,Martin,Sarah Martin,28,Engineering,Senior Developer,Seattle,77043.06,10471.07,2020-03-04,0,75.8,sarah.martin@company.com,(844) 216-3573,Active
EMP029959,Sarah,Jones,Sarah Jones,29,Finance,Associate,New York,71969.39,8482.79,2023-12-12,2,71.4,sarah.jones@company.com,(731) 645-7182,Inactive
EMP029960,Daniel,Brown,Daniel Brown,41,Sales,Analyst,Boston,116987.72,15599.17,2024-06-17,12,81.1,daniel.brown@company.com,(475) 851-7152,Active
EMP029961,John,Moore,John Moore,35,Sales,Specialist,Seattle,86216.76,23231.57,2022-06-30,13,92.6,john.moore@company.com,(792) 440-4004,Active
EMP029962,Daniel,Lopez,Daniel Lopez,52,Marketing,Manager,Miami,93702.54,13042.78,2024-12-23,26,71.6,daniel.lopez@company.com,(690) 502-5234,Active
EMP029963,Amanda,Martinez,Amanda Martinez,24,Operations,Director,Chicago,56062.98,4463.18,2022-10-11,0,85.9,amanda.martinez@company.com,(864) 947-6286,Active
EMP029964,Lisa,Brown,Lisa Brown,32,Sales,Lead,New York,62987.67,6633.91,2020-11-13,10,86.2,lisa.brown@company.com,(245) 208-9249,Active
EMP029965,Jessica,Rodriguez,Jessica Rodriguez,57,Sales,Specialist,Los Angeles,107684.1,7550.15,2022-09-15,32,60.7,jessica.rodriguez@company.com,(394) 897-8704,Active
EMP029966,Amanda,Johnson,Amanda Johnson,56,Finance,Director,Los Angeles,100996.77,18204.88,2023-10-11,30,69.0,amanda.johnson@company.com,(576) 683-9504,On Leave
EMP029967,Michael,Gonzalez,Michael Gonzalez,31,Engineering,Associate,Boston,70207.57,6313.97,2023-03-25,6,77.9,michael.gonzalez@company.com,(901) 700-7616,Active
EMP029968,Stephanie,Taylor,Stephanie Taylor,42,Finance,Senior Developer,Boston,86915.84,3164.41,2020-10-14,14,54.7,stephanie.taylor@company.com,(230) 599-8823,Active
EMP029969,Amanda,Johnson,Amanda Johnson,41,Operations,Manager,San Francisco,69921.82,8088.43,2020-08-25,14,78.6,amanda.johnson@company.com,(275) 930-9384,Active
EMP029970,Jane,Williams,Jane Williams,43,HR,Director,Boston,63673.75,1993.73,2020-05-05,20,86.9,jane.williams@company.com,(928) 732-8897,Active
EMP029971,John,Wilson,John Wilson,53,Marketing,Lead,Boston,84807.32,5186.82,2024-04-23,26,57.9,john.wilson@company.com,(610) 595-7974,Active
EMP029972,Anthony,Johnson,Anthony Johnson,28,Finance,Analyst,Seattle,85644.22,16584.13,2021-03-31,0,74.1,anthony.johnson@company.com,(649) 523-6187,Active
EMP029973,Emily,Jackson,Emily Jackson,35,IT,Manager,Seattle,58187.25,6670.82,2021-05-20,9,65.5,emily.jackson@company.com,(372) 330-2859,Active
EMP029974,Sarah,Martinez,Sarah Martinez,63,Legal,Specialist,New York,105461.26,13971.5,2022-04-10,36,65.3,sarah.martinez@company.com,(452) 490-9602,Active
EMP029975,Anthony,Hernandez,Anthony Hernandez,43,HR,Specialist,Austin,38857.04,3224.04,2021-10-12,14,65.9,anthony.hernandez@company.com,(685) 925-6320,Active
EMP029976,Stephanie,Johnson,Stephanie Johnson,42,IT,Manager,Los Angeles,70558.57,8097.02,2021-01-15,17,82.0,stephanie.johnson@company.com,(519) 331-1327,Active
EMP029977,David,Johnson,David Johnson,48,Marketing,Lead,Austin,58161.63,8591.73,2022-05-26,21,100.0,david.johnson@company.com,(629) 743-6870,Active
EMP029978,Daniel,Brown,Daniel Brown,40,Engineering,Lead,Chicago,107573.15,10365.53,2022-12-01,16,91.6,daniel.brown@company.com,(728) 334-9329,Active
EMP029979,Anthony,Garcia,Anthony Garcia,54,Operations,Analyst,Boston,83700.48,11408.82,2023-09-24,27,56.1,anthony.garcia@company.com,(779) 561-1353,Active
EMP029980,Matthew,Moore,Matthew Moore,25,Operations,Lead,Seattle,38093.71,6222.41,2024-08-17,0,93.5,matthew.moore@company.com,(917) 472-9956,Active
EMP029981,Stephanie,Miller,Stephanie Miller,36,Sales,Manager,Los Angeles,86761.49,13255.3,2023-12-31,12,78.4,stephanie.miller@company.com,(386) 232-4457,Active
EMP029982,Michael,Brown,Michael Brown,35,Finance,Analyst,Boston,69270.2,8506.22,2020-08-16,6,57.7,michael.brown@company.com,(723) 446-3205,Inactive
EMP029983,Jessica,Wilson,Jessica Wilson,58,Legal,Senior Developer,Los Angeles,136117.7,18543.53,2020-05-29,35,67.4,jessica.wilson@company.com,(989) 540-7004,Active
EMP029984,Nicole,Thomas,Nicole Thomas,64,Marketing,Director,Chicago,66515.89,1167.97,2023-11-09,37,67.3,nicole.thomas@company.com,(979) 480-5917,Active
EMP029985,Melissa,Martinez,Melissa Martinez,32,Finance,Associate,Chicago,42949.05,501.17,2020-08-08,9,62.5,melissa.martinez@company.com,(717) 601-2771,Active
EMP029986,James,Davis,James Davis,45,Sales,Coordinator,Austin,71398.86,6193.2,2023-07-06,21,55.1,james.davis@company.com,(294) 248-2065,Active
EMP029987,Anthony,Hernandez,Anthony Hernandez,59,Engineering,Specialist,Chicago,101344.3,6151.97,2020-11-23,36,47.4,anthony.hernandez@company.com,(414) 270-1203,Active
EMP029988,Melissa,Anderson,Melissa Anderson,22,Sales,Associate,Miami,30337.32,2391.48,2021-09-27,0,71.3,melissa.anderson@company.com,(469) 700-3083,Inactive
EMP029989,Daniel,Garcia,Daniel Garcia,43,HR,Specialist,Seattle,78120.68,9565.51,2021-11-30,14,75.1,daniel.garcia@company.com,(971) 636-2308,Active
EMP029990,Melissa,Williams,Melissa Williams,61,Operations,Manager,Austin,72538.74,5627.91,2024-07-27,36,78.7,melissa.williams@company.com,(818) 710-9524,Active
EMP029991,Daniel,Smith,Daniel Smith,38,Marketing,Analyst,Seattle,69645.7,5324.31,2022-03-24,15,73.1,daniel.smith@company.com,(832) 899-2161,Active
EMP029992,Jane,Jackson,Jane Jackson,64,Legal,Lead,Los Angeles,118836.82,11906.64,2023-09-30,40,84.9,jane.jackson@company.com,(542) 830-7719,Active
EMP029993,David,Gonzalez,David Gonzalez,52,Engineering,Manager,Miami,112972.59,15983.85,2020-11-27,27,89.8,david.gonzalez@company.com,(223) 798-3409,Active
EMP029994,Robert,Smith,Robert Smith,51,Finance,Senior Developer,Miami,101600.14,6495.62,2022-03-19,24,91.2,robert.smith@company.com,(866) 354-8502,On Leave
EMP029995,Sarah,Miller,Sarah Miller,24,Finance,Associate,Chicago,35994.85,6236.5,2022-02-23,0,100.0,sarah.miller@company.com,(283) 381-9573,Active
EMP029996,Christopher,Hernandez,Christopher Hernandez,62,Operations,Lead,Los Angeles,93972.23,8759.1,2024-02-24,36,72.8,christopher.hernandez@company.com,(808) 362-2277,Active
EMP029997,Christopher,Jones,Christopher Jones,61,Engineering,Specialist,Austin,139489.31,20511.53,2020-04-28,36,86.2,christopher.jones@company.com,(669) 614-6542,Inactive
EMP029998,Emily,Brown,Emily Brown,25,Legal,Associate,Seattle,90232.32,13173.5,2022-03-18,0,73.0,emily.brown@company.com,(915) 981-1607,Active
EMP029999,Amanda,Thomas,Amanda Thomas,28,Sales,Coordinator,Austin,66999.89,6937.0,2024-06-17,0,59.3,amanda.thomas@company.com,(229) 531-7224,Active
EMP030000,Lisa,Smith,Lisa Smith,54,Sales,Coordinator,San Francisco,105721.61,10710.94,2022-07-10,30,97.5,lisa.smith@company.com,(338) 733-9616,Active
EMP030001,William,Jackson,William Jackson,60,Operations,Senior Developer,San Francisco,60654.0,9227.59,2020-01-13,35,67.6,william.jackson@company.com,(718) 589-5949,Active
EMP030002,Ashley,Taylor,Ashley Taylor,37,IT,Director,San Francisco,91783.05,5017.62,2020-05-30,14,86.5,ashley.taylor@company.com,(790) 207-8728,Active
EMP030003,William,Martin,William Martin,37,Marketing,Coordinator,Miami,36768.1,2253.08,2022-11-18,14,78.6,william.martin@company.com,(899) 236-4201,Active
EMP030004,Daniel,Rodriguez,Daniel Rodriguez,48,IT,Coordinator,San Francisco,85873.37,11015.15,2020-10-07,23,50.8,daniel.rodriguez@company.com,(656) 485-9373,Active
EMP030005,Matthew,Garcia,Matthew Garcia,31,Marketing,Manager,Austin,56194.01,5376.73,2020-02-01,5,76.8,matthew.garcia@company.com,(709) 441-6299,Active
EMP030006,Sarah,Davis,Sarah Davis,47,Finance,Coordinator,Miami,54998.67,6536.6,2023-06-03,18,62.6,sarah.davis@company.com,(467) 607-2959,Active
EMP030007,Matthew,Thomas,Matthew Thomas,60,Legal,Manager,Chicago,113675.71,4426.65,2022-11-17,33,62.6,matthew.thomas@company.com,(389) 875-4473,Active
EMP030008,William,Johnson,William Johnson,50,IT,Director,Los Angeles,86293.04,4474.94,2024-02-09,28,76.6,william.johnson@company.com,(763) 269-6689,Active
EMP030009,Melissa,Wilson,Melissa Wilson,51,Engineering,Specialist,San Francisco,88212.2,11211.85,2024-01-17,25,59.0,melissa.wilson@company.com,(469) 409-6804,Inactive
EMP030010,Emily,Thomas,Emily Thomas,27,Legal,Coordinator,Austin,85015.96,12050.16,2021-09-17,2,58.4,emily.thomas@company.com,(780) 626-7779,Active
EMP030011,Melissa,Martin,Melissa Martin,26,Operations,Analyst,New York,61796.08,2629.46,2022-03-09,0,74.8,melissa.martin@company.com,(469) 624-7323,Active
EMP030012,Christopher,Rodriguez,Christopher Rodriguez,60,IT,Associate,Austin,129307.8,19157.57,2020-02-16,32,81.4,christopher.rodriguez@company.com,(573) 367-6977,Active
EMP030013,David,Jackson,David Jackson,37,Sales,Director,Miami,75517.46,14035.5,2021-12-09,9,82.1,david.jackson@company.com,(812) 567-7675,Inactive
EMP030014,Stephanie,Taylor,Stephanie Taylor,64,Marketing,Senior Developer,Los Angeles,90606.69,4160.38,2020-09-05,41,83.9,stephanie.taylor@company.com,(963) 398-9190,Active
EMP030015,James,Garcia,James Garcia,63,Sales,Specialist,New York,84396.71,10522.01,2023-11-23,39,75.2,james.garcia@company.com,(795) 487-3020,Active
EMP030016,Jane,Garcia,Jane Garcia,54,Marketing,Associate,Los Angeles,74323.13,2967.72,2021-11-17,29,75.4,jane.garcia@company.com,(880) 658-9073,Active
EMP030017,Anthony,Rodriguez,Anthony Rodriguez,60,Finance,Senior Developer,Boston,90600.54,5909.46,2021-08-21,31,100.0,anthony.rodriguez@company.com,(608) 744-8278,Inactive
EMP030018,Jane,Garcia,Jane Garcia,48,HR,Coordinator,Miami,66373.07,11286.31,2024-08-28,25,96.5,jane.garcia@company.com,(336) 242-5659,Active
EMP030019,David,Brown,David Brown,56,IT,Associate,Boston,106405.54,12651.37,2021-01-01,29,66.5,david.brown@company.com,(784) 560-5381,Active
EMP030020,Ashley,Davis,Ashley Davis,28,HR,Manager,New York,52078.78,8764.72,2020-05-17,0,71.2,ashley.davis@company.com,(410) 923-3664,Active
EMP030021,Lisa,Davis,Lisa Davis,34,Legal,Coordinator,New York,112069.9,10707.31,2023-08-10,7,75.7,lisa.davis@company.com,(573) 403-7196,Active
EMP030022,Daniel,Garcia,Daniel Garcia,23,Engineering,Director,San Francisco,71873.12,11446.7,2020-05-29,0,64.5,daniel.garcia@company.com,(290) 811-2358,Active
EMP030023,Emily,Davis,Emily Davis,57,Engineering,Specialist,Miami,92103.67,11858.97,2020-07-18,29,100.0,emily.davis@company.com,(763) 319-2790,Active
EMP030024,Sarah,Williams,Sarah Williams,22,Legal,Specialist,New York,115836.88,22541.55,2021-11-25,0,73.5,sarah.williams@company.com,(731) 744-4953,Active
EMP030025,James,Taylor,James Taylor,29,Marketing,Director,Seattle,62159.53,7872.71,2023-09-01,1,80.6,james.taylor@company.com,(650) 395-8692,Active
EMP030026,Christopher,Davis,Christopher Davis,25,Legal,Senior Developer,Seattle,83381.4,9652.68,2023-11-14,2,100.0,christopher.davis@company.com,(821) 261-5277,Active
EMP030027,Matthew,Lopez,Matthew Lopez,49,Finance,Analyst,Los Angeles,78470.67,6422.18,2022-07-11,24,100.0,matthew.lopez@company.com,(723) 600-5381,Inactive
EMP030028,James,Johnson,James Johnson,29,Sales,Associate,Seattle,53057.37,5884.9,2023-07-16,6,63.6,james.johnson@company.com,(211) 989-7103,Active
EMP030029,Ashley,Martinez,Ashley Martinez,22,Engineering,Director,Miami,87752.73,9767.75,2020-02-25,0,72.7,ashley.martinez@company.com,(610) 811-2225,Active
EMP030030,Lisa,Anderson,Lisa Anderson,53,Engineering,Associate,Los Angeles,130151.38,14873.83,2021-09-19,24,64.0,lisa.anderson@company.com,(913) 850-4536,Active
EMP030031,Christopher,Martinez,Christopher Martinez,31,Finance,Coordinator,Miami,48108.66,6113.34,2020-01-28,4,68.7,christopher.martinez@company.com,(499) 668-7701,Active
EMP030032,David,Miller,David Miller,47,Operations,Senior Developer,Boston,48091.73,6753.36,2021-03-09,18,78.7,david.miller@company.com,(942) 264-7788,Active
EMP030033,Sarah,Anderson,Sarah Anderson,23,Operations,Associate,Seattle,67048.79,4423.76,2022-03-16,0,91.6,sarah.anderson@company.com,(954) 897-5816,Active
EMP030034,Lisa,Gonzalez,Lisa Gonzalez,63,Operations,Director,Seattle,64113.04,8940.53,2023-01-14,38,64.4,lisa.gonzalez@company.com,(727) 715-6559,Active
EMP030035,Daniel,Brown,Daniel Brown,43,Engineering,Manager,Los Angeles,105448.92,6993.41,2024-06-19,16,80.9,daniel.brown@company.com,(285) 620-1762,Active
EMP030036,James,Miller,James Miller,39,Operations,Lead,Seattle,74170.86,11572.79,2024-05-12,13,73.0,james.miller@company.com,(855) 755-7237,Active
EMP030037,John,Thomas,John Thomas,42,HR,Senior Developer,New York,98132.88,5011.47,2022-02-18,14,90.6,john.thomas@company.com,(806) 343-5369,Active
EMP030038,Michael,Martinez,Michael Martinez,60,Operations,Coordinator,New York,97234.4,7040.35,2022-04-21,33,92.1,michael.martinez@company.com,(419) 981-8498,Active
EMP030039,Ashley,Lopez,Ashley Lopez,37,Operations,Senior Developer,Miami,59512.89,0.0,2022-07-29,10,72.0,ashley.lopez@company.com,(459) 563-3029,Active
EMP030040,Jane,Miller,Jane Miller,36,Legal,Coordinator,Austin,115992.5,10079.47,2021-06-09,12,69.0,jane.miller@company.com,(234) 909-3644,Active
EMP030041,Sarah,Taylor,Sarah Taylor,64,Finance,Analyst,Austin,78615.88,13711.03,2023-10-17,35,83.4,sarah.taylor@company.com,(556) 927-6119,Inactive
EMP030042,Stephanie,Wilson,Stephanie Wilson,58,HR,Lead,San Francisco,65557.98,9736.99,2024-07-27,31,88.9,stephanie.wilson@company.com,(253) 866-5586,Active
EMP030043,Sarah,Garcia,Sarah Garcia,24,HR,Associate,Boston,46115.33,4097.31,2022-05-19,0,67.9,sarah.garcia@company.com,(848) 722-5159,Active
EMP030044,Ashley,Moore,Ashley Moore,40,Operations,Analyst,New York,48777.46,3587.92,2023-08-26,12,56.0,ashley.moore@company.com,(916) 799-2961,Active
EMP030045,Christopher,Miller,Christopher Miller,54,HR,Analyst,Miami,83832.59,9019.69,2024-04-14,30,71.4,christopher.miller@company.com,(915) 685-4514,Active
EMP030046,Nicole,Gonzalez,Nicole Gonzalez,47,Legal,Director,San Francisco,105486.65,15168.86,2024-01-11,25,70.4,nicole.gonzalez@company.com,(770) 311-3026,Active
EMP030047,Anthony,Moore,Anthony Moore,44,Engineering,Lead,Seattle,100385.22,5074.23,2023-10-04,22,51.2,anthony.moore@company.com,(276) 893-4234,Active
EMP030048,Jane,Lopez,Jane Lopez,25,IT,Senior Developer,New York,70054.46,2773.07,2023-10-12,3,73.4,jane.lopez@company.com,(282) 807-6372,Active
EMP030049,Amanda,Johnson,Amanda Johnson,30,IT,Specialist,Chicago,77390.88,8607.1,2023-03-16,8,70.9,amanda.johnson@company.com,(976) 635-1188,Inactive
EMP030050,Robert,Anderson,Robert Anderson,54,Finance,Senior Developer,Seattle,105217.39,10693.28,2022-12-07,29,66.9,robert.anderson@company.com,(944) 244-5380,Active
EMP030051,Christopher,Martinez,Christopher Martinez,50,Operations,Director,Chicago,82300.44,4190.79,2022-07-18,28,74.0,christopher.martinez@company.com,(907) 335-4945,Active
EMP030052,Jessica,Brown,Jessica Brown,56,Engineering,Director,Chicago,121448.7,20635.08,2022-02-28,27,85.0,jessica.brown@company.com,(928) 698-3463,Active
EMP030053,Michael,Martin,Michael Martin,41,IT,Lead,Miami,110856.74,15784.79,2022-05-31,18,75.2,michael.martin@company.com,(533) 667-3796,Active
EMP030054,William,Martin,William Martin,42,Operations,Coordinator,Boston,66877.31,2881.81,2022-02-07,14,82.2,william.martin@company.com,(306) 633-9166,Inactive
EMP030055,Nicole,Miller,Nicole Miller,57,Finance,Analyst,Chicago,90402.12,8978.43,2021-01-14,32,62.0,nicole.miller@company.com,(910) 348-6216,Active
EMP030056,Nicole,Martin,Nicole Martin,25,Marketing,Associate,Chicago,64165.48,8966.24,2024-07-03,0,72.2,nicole.martin@company.com,(706) 674-9555,Inactive
EMP030057,Amanda,Wilson,Amanda Wilson,44,Legal,Specialist,Los Angeles,71462.01,6571.32,2023-12-03,21,94.1,amanda.wilson@company.com,(982) 369-3788,Active
EMP030058,James,Lopez,James Lopez,28,IT,Specialist,Los Angeles,70040.21,3004.55,2023-04-06,4,92.6,james.lopez@company.com,(477) 978-2090,Active
EMP030059,Michael,Wilson,Michael Wilson,60,Finance,Lead,Miami,61682.47,8525.85,2020-07-31,35,100.0,michael.wilson@company.com,(213) 870-9196,Active
EMP030060,Daniel,Hernandez,Daniel Hernandez,38,Sales,Lead,Los Angeles,68625.97,8675.97,2023-09-27,14,65.4,daniel.hernandez@company.com,(324) 529-1996,Active
EMP030061,Melissa,Williams,Melissa Williams,64,IT,Associate,Miami,110620.55,9897.32,2022-06-01,42,95.6,melissa.williams@company.com,(949) 954-9870,Active
EMP030062,Daniel,Jackson,Daniel Jackson,33,HR,Lead,Miami,48041.91,4628.09,2021-06-04,9,56.7,daniel.jackson@company.com,(586) 735-1367,Active
EMP030063,Matthew,Brown,Matthew Brown,36,HR,Lead,Los Angeles,63474.08,3951.06,2020-05-24,11,67.0,matthew.brown@company.com,(486) 386-7480,Active
EMP030064,Robert,Hernandez,Robert Hernandez,35,Finance,Senior Developer,Los Angeles,99559.62,5997.02,2023-10-25,6,87.9,robert.hernandez@company.com,(368) 427-5043,Active
EMP030065,William,Thomas,William Thomas,65,Operations,Lead,Miami,79546.52,5423.94,2020-09-24,36,71.9,william.thomas@company.com,(355) 402-1985,Active
EMP030066,James,Williams,James Williams,59,Marketing,Specialist,Los Angeles,67872.55,4332.63,2021-11-29,31,92.7,james.williams@company.com,(713) 434-5995,Active
EMP030067,William,Lopez,William Lopez,29,Legal,Senior Developer,Boston,83591.02,8027.31,2024-05-06,2,59.4,william.lopez@company.com,(866) 773-3607,Active
EMP030068,Jane,Wilson,Jane Wilson,47,Sales,Associate,Los Angeles,83715.12,13339.96,2023-03-03,21,75.3,jane.wilson@company.com,(736) 724-1424,Active
EMP030069,James,Brown,James Brown,22,Marketing,Director,Boston,47170.37,3914.44,2021-10-24,0,86.6,james.brown@company.com,(700) 308-2933,Active
EMP030070,James,Anderson,James Anderson,46,Finance,Specialist,San Francisco,86410.97,2999.35,2022-09-02,22,73.4,james.anderson@company.com,(498) 808-2633,Active
EMP030071,Nicole,Smith,Nicole Smith,46,IT,Lead,San Francisco,85848.76,9340.13,2022-11-14,20,66.9,nicole.smith@company.com,(538) 221-7800,Active
EMP030072,David,Johnson,David Johnson,54,Engineering,Specialist,Miami,119451.01,10932.5,2024-08-27,32,77.8,david.johnson@company.com,(592) 329-2674,Active
EMP030073,Matthew,Anderson,Matthew Anderson,35,Operations,Manager,San Francisco,62704.48,4680.96,2023-01-04,13,79.2,matthew.anderson@company.com,(840) 454-4885,Active
EMP030074,William,Rodriguez,William Rodriguez,58,Engineering,Director,Los Angeles,126060.95,15736.44,2024-06-06,33,44.6,william.rodriguez@company.com,(716) 980-8804,Inactive
EMP030075,James,Martin,James Martin,33,Marketing,Coordinator,Boston,57088.44,8229.9,2021-05-14,4,59.0,james.martin@company.com,(279) 909-9591,Active
EMP030076,Amanda,Davis,Amanda Davis,44,Operations,Senior Developer,San Francisco,61639.44,5649.61,2023-05-07,18,66.4,amanda.davis@company.com,(507) 871-9820,Active
EMP030077,Amanda,Wilson,Amanda Wilson,64,HR,Lead,Seattle,98522.49,5019.62,2021-08-12,37,98.7,amanda.wilson@company.com,(785) 647-1671,Active
EMP030078,Jane,Thomas,Jane Thomas,33,Sales,Director,Chicago,43248.88,3306.93,2022-01-11,5,64.5,jane.thomas@company.com,(898) 333-7037,Active
EMP030079,Amanda,Rodriguez,Amanda Rodriguez,59,Marketing,Senior Developer,Miami,70772.05,10578.25,2021-09-14,31,77.3,amanda.rodriguez@company.com,(764) 640-4934,Active
EMP030080,Amanda,Williams,Amanda Williams,53,IT,Director,Chicago,99083.64,1871.1,2022-06-13,27,97.7,amanda.williams@company.com,(269) 916-2140,Active
EMP030081,Melissa,Johnson,Melissa Johnson,58,IT,Analyst,Miami,106823.85,11701.29,2020-09-11,32,69.1,melissa.johnson@company.com,(934) 677-6214,Active
EMP030082,Melissa,Thomas,Melissa Thomas,42,IT,Analyst,Chicago,65069.67,5821.74,2021-11-02,17,93.6,melissa.thomas@company.com,(781) 851-3346,Active
EMP030083,David,Lopez,David Lopez,26,Marketing,Analyst,Miami,61064.92,4695.56,2020-11-09,0,93.7,david.lopez@company.com,(843) 588-5387,Active
EMP030084,Matthew,Jones,Matthew Jones,32,IT,Analyst,Boston,56255.49,4006.67,2021-11-08,10,64.8,matthew.jones@company.com,(946) 266-2075,Active
EMP030085,Ashley,Martin,Ashley Martin,51,Operations,Manager,Miami,68931.9,5122.9,2021-04-13,23,82.3,ashley.martin@company.com,(617) 815-3080,Active
EMP030086,Amanda,Jackson,Amanda Jackson,32,Sales,Specialist,Los Angeles,70965.19,2289.31,2020-04-09,8,84.4,amanda.jackson@company.com,(800) 210-1272,Active
EMP030087,William,Taylor,William Taylor,31,Engineering,Coordinator,Chicago,48012.01,8558.45,2021-02-03,3,83.2,william.taylor@company.com,(771) 983-4879,Active
EMP030088,Amanda,Davis,Amanda Davis,60,Marketing,Specialist,Boston,61696.01,5425.77,2021-08-26,38,90.4,amanda.davis@company.com,(885) 988-4126,Active
EMP030089,James,Rodriguez,James Rodriguez,60,Sales,Senior Developer,Seattle,79996.47,13153.92,2024-04-13,33,98.8,james.rodriguez@company.com,(499) 261-5884,Inactive
EMP030090,William,Smith,William Smith,49,Engineering,Manager,San Francisco,150205.83,11883.56,2024-06-04,25,89.4,william.smith@company.com,(294) 220-7264,Active
EMP030091,Daniel,Johnson,Daniel Johnson,55,IT,Specialist,Chicago,91892.52,14707.16,2023-03-25,30,100.0,daniel.johnson@company.com,(236) 807-6106,Active
EMP030092,William,Martin,William Martin,28,Finance,Coordinator,Chicago,48378.2,8942.51,2020-08-16,1,66.7,william.martin@company.com,(775) 753-6912,Active
EMP030093,Matthew,Jackson,Matthew Jackson,60,Legal,Director,Seattle,119728.48,10721.93,2024-03-02,33,76.7,matthew.jackson@company.com,(551) 434-4127,Active
EMP030094,Emily,Gonzalez,Emily Gonzalez,36,Marketing,Senior Developer,Chicago,102711.94,16913.69,2024-07-10,9,85.6,emily.gonzalez@company.com,(719) 545-5308,Active
EMP030095,Nicole,Williams,Nicole Williams,41,Engineering,Analyst,Miami,77907.12,5343.37,2023-02-17,16,88.6,nicole.williams@company.com,(933) 851-3441,Active
EMP030096,Daniel,Moore,Daniel Moore,27,Sales,Analyst,Boston,45498.72,1071.04,2024-09-09,3,75.0,daniel.moore@company.com,(355) 550-9071,Active
EMP030097,Ashley,Martin,Ashley Martin,37,IT,Senior Developer,Austin,55142.69,2798.04,2024-11-10,13,39.6,ashley.martin@company.com,(779) 335-2251,Inactive
EMP030098,Jane,Martinez,Jane Martinez,32,Finance,Senior Developer,Los Angeles,73211.31,5695.06,2020-09-03,7,100.0,jane.martinez@company.com,(318) 748-3812,Active
EMP030099,Robert,Wilson,Robert Wilson,63,IT,Coordinator,Chicago,97863.78,9413.71,2021-03-31,39,58.1,robert.wilson@company.com,(987) 871-5490,Active
EMP030100,Emily,Hernandez,Emily Hernandez,59,Legal,Analyst,Chicago,91570.41,4861.76,2022-06-23,37,87.6,emily.hernandez@company.com,(360) 936-6373,Active
EMP030101,Matthew,Anderson,Matthew Anderson,39,Operations,Coordinator,San Francisco,81867.04,8685.37,2024-07-29,14,78.1,matthew.anderson@company.com,(463) 311-5475,Active
EMP030102,Christopher,Martin,Christopher Martin,29,Engineering,Associate,Los Angeles,64311.06,8064.58,2022-04-01,6,81.9,christopher.martin@company.com,(722) 948-2654,Active
EMP030103,Sarah,Johnson,Sarah Johnson,61,Finance,Senior Developer,New York,133311.45,14285.14,2024-06-05,33,71.2,sarah.johnson@company.com,(623) 796-8519,Active
EMP030104,Robert,Brown,Robert Brown,58,Marketing,Manager,Chicago,79721.26,6678.82,2024-09-15,35,78.1,robert.brown@company.com,(258) 776-3822,Active
EMP030105,Emily,Jones,Emily Jones,32,Engineering,Associate,Miami,80301.88,13332.48,2023-02-07,6,92.4,emily.jones@company.com,(688) 901-5245,Active
EMP030106,William,Garcia,William Garcia,42,IT,Coordinator,Chicago,93304.55,7877.49,2024-10-18,17,96.2,william.garcia@company.com,(324) 379-6601,Active
EMP030107,Emily,Moore,Emily Moore,48,Engineering,Specialist,Miami,82071.68,4185.96,2024-02-16,23,72.9,emily.moore@company.com,(906) 840-3455,Active
EMP030108,James,Jackson,James Jackson,48,Operations,Analyst,San Francisco,57925.15,5199.19,2021-02-05,21,46.7,james.jackson@company.com,(279) 722-8458,Active
EMP030109,Ashley,Rodriguez,Ashley Rodriguez,24,HR,Manager,Chicago,81155.06,4191.12,2021-11-20,2,100.0,ashley.rodriguez@company.com,(481) 723-1965,Active
EMP030110,Lisa,Williams,Lisa Williams,57,IT,Associate,New York,65191.08,4734.37,2024-10-01,31,57.9,lisa.williams@company.com,(471) 246-2179,Active
EMP030111,William,Davis,William Davis,56,IT,Associate,Boston,91041.96,14836.97,2021-04-17,29,76.1,william.davis@company.com,(999) 644-5609,On Leave
EMP030112,Melissa,Jones,Melissa Jones,42,Legal,Specialist,Seattle,96359.95,14189.35,2024-07-06,16,74.9,melissa.jones@company.com,(469) 576-2070,Active
EMP030113,Jessica,Thomas,Jessica Thomas,28,Engineering,Coordinator,Austin,58171.31,4520.5,2021-10-31,2,68.8,jessica.thomas@company.com,(723) 965-6553,Active
EMP030114,Anthony,Anderson,Anthony Anderson,44,Engineering,Manager,San Francisco,39000.0,4333.17,2024-08-29,20,68.0,anthony.anderson@company.com,(882) 825-9706,Inactive
EMP030115,Stephanie,Davis,Stephanie Davis,31,Sales,Lead,Chicago,88089.92,6596.21,2022-03-27,4,57.7,stephanie.davis@company.com,(455) 633-7433,Active
EMP030116,William,Johnson,William Johnson,65,IT,Specialist,Boston,82122.06,3058.53,2023-08-22,39,87.8,william.johnson@company.com,(790) 249-9299,Active
EMP030117,William,Thomas,William Thomas,35,Sales,Lead,San Francisco,63598.53,9951.33,2022-09-04,12,98.1,william.thomas@company.com,(619) 903-6124,Active
EMP030118,Matthew,Rodriguez,Matthew Rodriguez,43,Marketing,Senior Developer,Boston,56517.0,4787.22,2022-10-16,20,71.5,matthew.rodriguez@company.com,(981) 329-8619,Active
EMP030119,Christopher,Williams,Christopher Williams,38,Marketing,Manager,Austin,66891.56,959.45,2024-11-09,15,48.5,christopher.williams@company.com,(663) 859-5704,Active
EMP030120,Nicole,Garcia,Nicole Garcia,29,Marketing,Coordinator,Boston,60082.24,7080.8,2023-08-12,6,84.1,nicole.garcia@company.com,(626) 755-6010,Active
EMP030121,Matthew,Wilson,Matthew Wilson,40,Marketing,Manager,Los Angeles,73227.62,12308.17,2021-07-17,16,93.4,matthew.wilson@company.com,(348) 359-9879,Inactive
EMP030122,Amanda,Williams,Amanda Williams,27,Legal,Director,New York,68005.67,8947.08,2021-01-22,2,64.0,amanda.williams@company.com,(754) 452-1892,Active
EMP030123,Michael,Hernandez,Michael Hernandez,25,Sales,Senior Developer,San Francisco,86275.99,21768.99,2022-02-15,0,89.8,michael.hernandez@company.com,(855) 806-6110,Active
EMP030124,Ashley,Martin,Ashley Martin,47,Finance,Lead,New York,81057.92,7754.68,2024-08-01,22,65.6,ashley.martin@company.com,(596) 395-3741,Active
EMP030125,Lisa,Garcia,Lisa Garcia,43,HR,Senior Developer,Chicago,46267.45,5315.62,2021-07-14,14,58.6,lisa.garcia@company.com,(843) 320-2807,On Leave
EMP030126,Lisa,Moore,Lisa Moore,44,HR,Specialist,Boston,74946.73,8110.19,2023-03-11,22,87.4,lisa.moore@company.com,(538) 685-7408,Active
EMP030127,Michael,Williams,Michael Williams,36,Operations,Analyst,Austin,70660.91,5723.3,2021-09-17,8,86.9,michael.williams@company.com,(204) 546-3850,Active
EMP030128,Ashley,Brown,Ashley Brown,53,Finance,Specialist,San Francisco,93084.82,7940.54,2021-03-22,25,71.5,ashley.brown@company.com,(766) 905-4853,On Leave
EMP030129,David,Garcia,David Garcia,64,Operations,Associate,New York,84672.95,11049.55,2023-10-15,35,85.9,david.garcia@company.com,(577) 368-1176,Active
EMP030130,Ashley,Jackson,Ashley Jackson,42,Engineering,Associate,San Francisco,116216.19,29756.59,2020-05-18,17,74.3,ashley.jackson@company.com,(813) 623-2916,On Leave
EMP030131,Jane,Williams,Jane Williams,46,Engineering,Senior Developer,New York,113881.51,7844.21,2020-10-08,19,34.8,jane.williams@company.com,(245) 489-9477,Active
EMP030132,Amanda,Miller,Amanda Miller,64,Sales,Coordinator,Austin,104357.4,13307.32,2022-02-24,39,71.1,amanda.miller@company.com,(735) 555-9744,Inactive
EMP030133,David,Williams,David Williams,26,Sales,Manager,Austin,56623.25,3640.9,2020-09-30,2,63.2,david.williams@company.com,(376) 491-8988,Active
EMP030134,Emily,Thomas,Emily Thomas,52,HR,Specialist,Seattle,63600.98,4656.72,2020-12-14,24,75.8,emily.thomas@company.com,(317) 312-8673,Active
EMP030135,Michael,Lopez,Michael Lopez,24,Sales,Specialist,Seattle,63599.23,8414.92,2023-03-02,0,77.0,michael.lopez@company.com,(376) 491-9753,Active
EMP030136,Ashley,Johnson,Ashley Johnson,45,Operations,Senior Developer,San Francisco,84484.67,9029.4,2023-09-19,22,55.4,ashley.johnson@company.com,(708) 680-5768,Active
EMP030137,Robert,Brown,Robert Brown,23,IT,Senior Developer,Seattle,61978.31,7462.38,2022-12-12,0,100.0,robert.brown@company.com,(682) 947-1433,Active
EMP030138,Nicole,Hernandez,Nicole Hernandez,55,Marketing,Specialist,Austin,70446.92,0.0,2021-12-18,30,90.6,nicole.hernandez@company.com,(617) 459-2566,Active
EMP030139,James,Gonzalez,James Gonzalez,57,IT,Specialist,Chicago,81090.61,7585.64,2021-11-21,29,61.8,james.gonzalez@company.com,(789) 530-8164,Active
EMP030140,Jane,Hernandez,Jane Hernandez,46,Marketing,Manager,Chicago,83663.64,8615.75,2022-04-03,20,51.4,jane.hernandez@company.com,(221) 978-1768,Active
EMP030141,Nicole,Gonzalez,Nicole Gonzalez,61,IT,Director,Seattle,112761.26,9476.01,2020-07-01,33,57.5,nicole.gonzalez@company.com,(344) 773-9346,Active
EMP030142,Melissa,Moore,Melissa Moore,63,IT,Lead,Boston,128031.09,0.0,2022-03-21,38,62.3,melissa.moore@company.com,(223) 323-9843,Active
EMP030143,Stephanie,Jackson,Stephanie Jackson,32,Finance,Lead,New York,59990.54,1482.29,2024-01-26,5,52.8,stephanie.jackson@company.com,(862) 719-4396,Inactive
EMP030144,Emily,Johnson,Emily Johnson,49,Engineering,Manager,Austin,84191.62,7242.83,2020-08-20,23,76.7,emily.johnson@company.com,(381) 314-7007,Active
EMP030145,Michael,Martin,Michael Martin,49,Marketing,Coordinator,San Francisco,84329.01,9961.64,2022-05-11,22,92.1,michael.martin@company.com,(396) 251-6714,Active
EMP030146,Christopher,Martinez,Christopher Martinez,58,Engineering,Specialist,Miami,107871.94,17577.93,2021-06-08,30,66.4,christopher.martinez@company.com,(560) 730-3726,Active
EMP030147,Daniel,Jackson,Daniel Jackson,62,Engineering,Manager,Chicago,104827.37,9478.09,2020-10-10,38,68.9,daniel.jackson@company.com,(443) 510-3961,Active
EMP030148,James,Wilson,James Wilson,62,Sales,Analyst,Austin,62679.97,7282.17,2023-11-20,33,71.7,james.wilson@company.com,(789) 359-2684,Active
EMP030149,Anthony,Gonzalez,Anthony Gonzalez,36,Sales,Analyst,Austin,95010.56,7700.3,2022-07-27,14,74.8,anthony.gonzalez@company.com,(681) 514-2940,Inactive
EMP030150,Emily,Garcia,Emily Garcia,33,Operations,Lead,Boston,41920.12,4874.94,2023-02-09,8,100.0,emily.garcia@company.com,(502) 360-4123,Active
EMP030151,Nicole,Moore,Nicole Moore,41,Engineering,Manager,Boston,95856.86,9333.98,2023-04-04,13,76.5,nicole.moore@company.com,(444) 783-7005,Active
EMP030152,Emily,Wilson,Emily Wilson,37,Engineering,Lead,Chicago,94542.32,8005.04,2024-06-23,8,84.6,emily.wilson@company.com,(929) 883-1739,Active
EMP030153,Lisa,Martinez,Lisa Martinez,56,Engineering,Lead,Boston,85038.85,5231.91,2020-10-27,29,89.9,lisa.martinez@company.com,(802) 888-6819,Active
EMP030154,Melissa,Williams,Melissa Williams,38,Operations,Specialist,Boston,65313.1,4285.16,2020-11-23,10,57.9,melissa.williams@company.com,(821) 855-1282,Active
EMP030155,David,Hernandez,David Hernandez,39,Legal,Director,San Francisco,73264.7,6313.14,2024-02-08,15,78.1,david.hernandez@company.com,(819) 215-3674,Inactive
EMP030156,Christopher,Jones,Christopher Jones,34,HR,Manager,Miami,55253.06,3886.25,2021-07-19,7,64.8,christopher.jones@company.com,(610) 297-6617,Active
EMP030157,Stephanie,Wilson,Stephanie Wilson,36,IT,Analyst,Austin,71036.67,1473.22,2021-01-17,11,72.5,stephanie.wilson@company.com,(402) 639-2782,Active
EMP030158,Daniel,Hernandez,Daniel Hernandez,31,Legal,Director,San Francisco,60210.33,1313.93,2024-02-20,8,100.0,daniel.hernandez@company.com,(646) 701-4411,On Leave
EMP030159,Anthony,Taylor,Anthony Taylor,28,Operations,Associate,Miami,31074.35,3552.11,2024-02-21,2,68.7,anthony.taylor@company.com,(815) 200-6481,Inactive
EMP030160,James,Jones,James Jones,38,Marketing,Specialist,Chicago,45725.3,5022.63,2024-10-23,9,99.9,james.jones@company.com,(688) 896-2856,Active
EMP030161,Christopher,Jackson,Christopher Jackson,39,IT,Senior Developer,Boston,83574.08,8793.37,2020-09-25,16,80.9,christopher.jackson@company.com,(823) 917-8989,Active
EMP030162,Lisa,Miller,Lisa Miller,53,Sales,Associate,Los Angeles,82900.68,3402.54,2020-06-05,26,77.6,lisa.miller@company.com,(566) 793-7335,Active
EMP030163,Michael,Anderson,Michael Anderson,45,Engineering,Manager,Seattle,116356.44,6614.86,2022-06-01,20,83.7,michael.anderson@company.com,(589) 536-3396,Active
EMP030164,Jane,Rodriguez,Jane Rodriguez,62,Engineering,Manager,Seattle,119163.08,21819.79,2021-11-13,37,77.4,jane.rodriguez@company.com,(487) 551-1237,Active
EMP030165,Anthony,Jackson,Anthony Jackson,47,HR,Lead,Los Angeles,73449.8,2281.77,2024-01-18,21,61.0,anthony.jackson@company.com,(978) 593-1020,Active
EMP030166,Melissa,Hernandez,Melissa Hernandez,55,IT,Specialist,Boston,81260.06,8394.82,2020-11-09,29,60.9,melissa.hernandez@company.com,(244) 798-7553,Active
EMP030167,Lisa,Davis,Lisa Davis,40,Operations,Manager,New York,75214.42,12561.39,2021-03-02,11,62.2,lisa.davis@company.com,(764) 777-4049,Active
EMP030168,Matthew,Smith,Matthew Smith,58,Marketing,Coordinator,San Francisco,83064.71,7825.94,2020-04-12,33,65.5,matthew.smith@company.com,(970) 979-4790,Active
EMP030169,Daniel,Rodriguez,Daniel Rodriguez,24,Engineering,Lead,Miami,92201.8,12720.57,2023-11-22,0,64.7,daniel.rodriguez@company.com,(914) 360-6939,Active
EMP030170,Matthew,Rodriguez,Matthew Rodriguez,48,Operations,Analyst,Chicago,55101.15,2301.48,2020-09-15,22,81.3,matthew.rodriguez@company.com,(934) 271-3933,Active
EMP030171,Emily,Wilson,Emily Wilson,45,Engineering,Specialist,Chicago,105391.39,10418.84,2023-07-25,22,98.4,emily.wilson@company.com,(818) 867-9151,Active
EMP030172,Daniel,Davis,Daniel Davis,45,Sales,Director,Austin,80289.29,9065.84,2022-03-20,17,57.6,daniel.davis@company.com,(935) 337-7331,Active
EMP030173,Sarah,Martinez,Sarah Martinez,54,Legal,Associate,Miami,114084.76,14694.89,2021-03-09,25,100.0,sarah.martinez@company.com,(732) 525-3821,Active
EMP030174,Matthew,Wilson,Matthew Wilson,24,HR,Director,Austin,54578.94,4453.69,2020-07-21,1,45.2,matthew.wilson@company.com,(746) 251-1156,Active
EMP030175,Jessica,Miller,Jessica Miller,43,Legal,Analyst,Austin,65993.28,5010.52,2021-08-20,15,74.1,jessica.miller@company.com,(397) 542-9951,On Leave
EMP030176,Sarah,Anderson,Sarah Anderson,28,Sales,Lead,Miami,69461.49,5968.53,2023-07-24,2,71.6,sarah.anderson@company.com,(888) 761-9994,Active
EMP030177,John,Miller,John Miller,59,HR,Specialist,New York,62138.27,4296.08,2021-08-21,34,31.8,john.miller@company.com,(406) 683-6343,Active
EMP030178,Michael,Moore,Michael Moore,37,Operations,Specialist,San Francisco,40029.02,2237.43,2021-08-23,12,73.3,michael.moore@company.com,(265) 928-1712,Active
EMP030179,John,Hernandez,John Hernandez,42,Operations,Lead,Austin,74076.85,8985.29,2024-10-02,15,79.6,john.hernandez@company.com,(344) 230-5171,Active
EMP030180,Amanda,Gonzalez,Amanda Gonzalez,44,Sales,Lead,Chicago,72946.5,2750.6,2022-08-27,15,77.8,amanda.gonzalez@company.com,(539) 476-1739,Active
EMP030181,Ashley,Wilson,Ashley Wilson,44,IT,Specialist,Chicago,84369.1,8637.72,2020-12-26,17,82.7,ashley.wilson@company.com,(663) 323-8482,Active
EMP030182,Lisa,Garcia,Lisa Garcia,62,Sales,Associate,Austin,79902.5,3642.72,2020-02-26,37,62.2,lisa.garcia@company.com,(907) 225-4498,Active
EMP030183,Jessica,Rodriguez,Jessica Rodriguez,64,Sales,Lead,Boston,100351.81,6230.71,2021-03-16,41,78.3,jessica.rodriguez@company.com,(857) 823-8066,On Leave
EMP030184,James,Miller,James Miller,40,Finance,Senior Developer,Los Angeles,78187.62,15021.47,2021-04-26,17,62.3,james.miller@company.com,(444) 340-2931,Active
EMP030185,Ashley,Williams,Ashley Williams,46,Marketing,Director,New York,79370.11,16518.09,2021-01-30,23,77.5,ashley.williams@company.com,(879) 511-5425,Active
EMP030186,William,Moore,William Moore,35,Legal,Director,Los Angeles,117123.78,16569.52,2021-12-20,11,76.0,william.moore@company.com,(404) 930-6130,Active
EMP030187,Melissa,Lopez,Melissa Lopez,48,Engineering,Coordinator,Miami,129219.95,23744.19,2024-06-19,19,74.6,melissa.lopez@company.com,(767) 862-6491,Active
EMP030188,Nicole,Miller,Nicole Miller,29,Finance,Associate,San Francisco,76937.68,4755.11,2020-03-15,2,63.8,nicole.miller@company.com,(855) 228-3577,Inactive
EMP030189,Sarah,Brown,Sarah Brown,63,IT,Analyst,San Francisco,135022.92,15499.05,2020-09-18,39,81.7,sarah.brown@company.com,(534) 664-2733,Active
EMP030190,Ashley,Miller,Ashley Miller,65,Operations,Specialist,San Francisco,87778.28,13936.1,2020-06-02,37,57.8,ashley.miller@company.com,(519) 260-2501,Active
EMP030191,Christopher,Martin,Christopher Martin,39,Finance,Manager,Miami,111495.07,6181.66,2024-09-11,14,78.7,christopher.martin@company.com,(398) 386-3891,Active
EMP030192,Emily,Wilson,Emily Wilson,31,HR,Lead,Chicago,39389.44,3911.14,2023-06-01,2,78.9,emily.wilson@company.com,(576) 414-2162,Active
EMP030193,James,Garcia,James Garcia,35,IT,Associate,Austin,74527.9,7131.22,2021-03-14,10,92.2,james.garcia@company.com,(894) 756-5267,Active
EMP030194,Anthony,Gonzalez,Anthony Gonzalez,59,Legal,Lead,Boston,103278.89,9413.81,2023-05-16,32,58.1,anthony.gonzalez@company.com,(764) 877-3076,Active
EMP030195,Emily,Martin,Emily Martin,64,IT,Analyst,Austin,84050.08,2253.88,2021-07-31,35,76.9,emily.martin@company.com,(924) 942-1742,Active
EMP030196,David,Lopez,David Lopez,31,HR,Director,Los Angeles,54948.81,6049.14,2024-07-04,6,84.5,david.lopez@company.com,(714) 563-4196,Inactive
EMP030197,Amanda,Thomas,Amanda Thomas,31,Operations,Coordinator,Seattle,58054.21,12024.44,2023-11-04,8,57.3,amanda.thomas@company.com,(211) 319-1206,Active
EMP030198,Jessica,Smith,Jessica Smith,58,Operations,Senior Developer,Los Angeles,63322.83,9161.26,2023-01-26,31,65.0,jessica.smith@company.com,(769) 513-4108,Active
EMP030199,Stephanie,Williams,Stephanie Williams,47,HR,Senior Developer,San Francisco,76164.32,0.0,2023-04-10,18,81.5,stephanie.williams@company.com,(725) 901-3385,Active
EMP030200,Matthew,Miller,Matthew Miller,54,Engineering,Associate,Seattle,150596.81,26358.09,2024-04-09,29,99.8,matthew.miller@company.com,(553) 336-8959,Active
EMP030201,Jessica,Martinez,Jessica Martinez,59,Operations,Manager,San Francisco,72253.94,0.0,2020-04-06,37,68.7,jessica.martinez@company.com,(500) 718-6216,Active
EMP030202,Ashley,Smith,Ashley Smith,31,Sales,Coordinator,Austin,51024.37,6889.18,2021-08-03,6,72.0,ashley.smith@company.com,(227) 207-5802,Active
EMP030203,Jessica,Lopez,Jessica Lopez,64,Engineering,Director,New York,110698.12,6738.88,2022-02-23,39,54.1,jessica.lopez@company.com,(224) 713-3392,Active
EMP030204,Christopher,Williams,Christopher Williams,40,Legal,Specialist,Chicago,85104.36,7633.89,2022-05-10,16,78.5,christopher.williams@company.com,(436) 280-2627,Active
EMP030205,Anthony,Gonzalez,Anthony Gonzalez,47,Finance,Analyst,San Francisco,65532.82,7439.48,2022-07-15,18,71.4,anthony.gonzalez@company.com,(422) 821-9870,Active
EMP030206,Nicole,Rodriguez,Nicole Rodriguez,34,IT,Associate,New York,77672.84,6869.2,2022-03-13,11,65.9,nicole.rodriguez@company.com,(829) 566-8544,Active
EMP030207,Lisa,Brown,Lisa Brown,57,Finance,Coordinator,Seattle,98883.46,0.0,2020-04-05,28,83.3,lisa.brown@company.com,(747) 205-9753,Active
EMP030208,Amanda,Hernandez,Amanda Hernandez,56,Operations,Lead,Los Angeles,48844.23,2304.59,2023-01-17,28,68.7,amanda.hernandez@company.com,(441) 998-5784,Active
EMP030209,Stephanie,Jackson,Stephanie Jackson,65,Legal,Director,Austin,140559.2,17249.51,2023-11-06,41,67.4,stephanie.jackson@company.com,(959) 637-7953,Active
EMP030210,Melissa,Rodriguez,Melissa Rodriguez,26,Finance,Associate,San Francisco,80928.15,8431.95,2020-10-28,0,98.5,melissa.rodriguez@company.com,(334) 869-5630,Active
EMP030211,Matthew,Gonzalez,Matthew Gonzalez,22,Finance,Specialist,New York,72634.99,7568.79,2023-07-02,0,72.3,matthew.gonzalez@company.com,(872) 337-5048,On Leave
EMP030212,Sarah,Jackson,Sarah Jackson,29,Finance,Specialist,Austin,40006.08,7334.33,2020-09-27,2,66.3,sarah.jackson@company.com,(768) 565-1190,Active
EMP030213,Christopher,Rodriguez,Christopher Rodriguez,49,Marketing,Analyst,Los Angeles,68055.77,8384.47,2022-05-27,22,62.9,christopher.rodriguez@company.com,(666) 761-1259,Active
EMP030214,William,Gonzalez,William Gonzalez,22,Marketing,Manager,Austin,49273.65,4720.08,2021-12-20,0,82.7,william.gonzalez@company.com,(945) 700-6082,Active
EMP030215,Robert,Martin,Robert Martin,57,Marketing,Director,Seattle,100685.07,8947.56,2023-07-21,28,91.0,robert.martin@company.com,(978) 863-7221,Active
EMP030216,Christopher,Martinez,Christopher Martinez,34,Operations,Associate,Chicago,80460.75,4669.75,2020-03-30,7,82.0,christopher.martinez@company.com,(347) 537-9486,Active
EMP030217,Sarah,Wilson,Sarah Wilson,48,Operations,Manager,Chicago,71109.41,12182.46,2021-04-05,25,71.9,sarah.wilson@company.com,(388) 417-6429,Active
EMP030218,Matthew,Anderson,Matthew Anderson,50,Operations,Coordinator,Los Angeles,80594.86,2904.54,2023-03-14,26,71.5,matthew.anderson@company.com,(675) 596-8516,Active
EMP030219,Robert,Martin,Robert Martin,28,HR,Associate,Miami,60348.88,4672.74,2022-01-18,0,74.5,robert.martin@company.com,(802) 845-8351,Active
EMP030220,Emily,Moore,Emily Moore,28,Engineering,Manager,Miami,66030.17,10645.14,2020-02-21,0,74.7,emily.moore@company.com,(624) 328-9642,Active
EMP030221,William,Moore,William Moore,23,IT,Analyst,Seattle,99575.87,11576.9,2022-11-17,0,63.5,william.moore@company.com,(837) 540-3045,Active
EMP030222,Daniel,Gonzalez,Daniel Gonzalez,46,Legal,Specialist,Seattle,112084.69,10038.02,2022-01-27,20,89.3,daniel.gonzalez@company.com,(792) 525-7779,Active
EMP030223,James,Jones,James Jones,48,Legal,Analyst,Seattle,107678.28,8539.58,2020-08-16,19,91.4,james.jones@company.com,(573) 962-7716,Inactive
EMP030224,Stephanie,Williams,Stephanie Williams,27,Sales,Senior Developer,Miami,66986.94,6722.35,2024-05-13,0,77.8,stephanie.williams@company.com,(533) 612-6219,Inactive
EMP030225,Anthony,Brown,Anthony Brown,39,Finance,Associate,Austin,74151.18,7166.41,2022-09-28,16,86.5,anthony.brown@company.com,(447) 415-7038,Active
EMP030226,David,Martinez,David Martinez,45,IT,Manager,Los Angeles,62640.83,10327.23,2020-10-31,18,39.5,david.martinez@company.com,(306) 709-7572,Active
EMP030227,Christopher,Garcia,Christopher Garcia,60,HR,Senior Developer,Los Angeles,71416.66,4546.29,2023-12-02,36,73.8,christopher.garcia@company.com,(227) 233-1443,Active
EMP030228,Jessica,Jones,Jessica Jones,36,IT,Lead,Miami,77453.68,11619.06,2024-10-07,12,61.3,jessica.jones@company.com,(728) 574-5977,Active
EMP030229,William,Gonzalez,William Gonzalez,48,Marketing,Manager,Los Angeles,75086.82,4034.68,2023-01-25,20,55.2,william.gonzalez@company.com,(897) 228-3494,Active
EMP030230,Amanda,Williams,Amanda Williams,35,Marketing,Coordinator,Boston,56479.37,4363.15,2024-05-15,11,90.2,amanda.williams@company.com,(694) 490-4655,Active
EMP030231,Robert,Moore,Robert Moore,28,Legal,Lead,Los Angeles,48173.05,4148.03,2021-04-27,3,64.8,robert.moore@company.com,(298) 970-5868,Active
EMP030232,William,Smith,William Smith,42,Sales,Analyst,Boston,58681.9,8413.01,2022-05-16,20,72.1,william.smith@company.com,(491) 211-9663,Active
EMP030233,James,Jackson,James Jackson,65,Legal,Manager,Miami,108897.6,9612.1,2021-12-25,39,71.9,james.jackson@company.com,(941) 879-1890,Active
EMP030234,Nicole,Lopez,Nicole Lopez,25,HR,Coordinator,Chicago,54782.4,3956.28,2023-10-24,3,62.9,nicole.lopez@company.com,(231) 753-9079,Active
EMP030235,Jessica,Taylor,Jessica Taylor,25,Operations,Specialist,Chicago,65267.03,9906.5,2021-08-21,1,41.5,jessica.taylor@company.com,(872) 279-6330,Active
EMP030236,Robert,Taylor,Robert Taylor,33,IT,Associate,Chicago,104617.08,19556.41,2023-04-04,5,76.7,robert.taylor@company.com,(843) 684-9061,Active
EMP030237,Lisa,Lopez,Lisa Lopez,52,Legal,Specialist,Boston,124590.18,10162.97,2020-06-05,29,68.5,lisa.lopez@company.com,(997) 246-5513,Active
EMP030238,Nicole,Lopez,Nicole Lopez,63,Sales,Analyst,New York,85330.46,9300.54,2023-07-06,34,86.0,nicole.lopez@company.com,(342) 587-2349,Active
EMP030239,Daniel,Johnson,Daniel Johnson,37,Operations,Director,Seattle,66584.26,7681.8,2023-04-08,11,67.0,daniel.johnson@company.com,(484) 635-2565,Active
EMP030240,William,Gonzalez,William Gonzalez,24,Marketing,Associate,Seattle,41185.47,4502.71,2022-03-30,0,82.2,william.gonzalez@company.com,(383) 733-7111,Active
EMP030241,Sarah,Jones,Sarah Jones,61,HR,Associate,Chicago,72247.62,5895.86,2023-10-03,33,71.9,sarah.jones@company.com,(317) 529-5423,Active
EMP030242,Jessica,Wilson,Jessica Wilson,63,Sales,Analyst,San Francisco,94892.73,2166.39,2020-02-24,35,83.9,jessica.wilson@company.com,(498) 623-1815,Active
EMP030243,Christopher,Thomas,Christopher Thomas,25,Finance,Coordinator,Miami,85926.44,798.37,2024-04-05,0,55.5,christopher.thomas@company.com,(338) 741-2026,On Leave
EMP030244,James,Hernandez,James Hernandez,35,HR,Senior Developer,Chicago,72677.46,11004.27,2024-03-20,7,83.0,james.hernandez@company.com,(220) 876-7338,Active
EMP030245,Michael,Taylor,Michael Taylor,24,Marketing,Analyst,Seattle,62979.82,6721.74,2021-07-11,0,100.0,michael.taylor@company.com,(861) 408-1163,Active
EMP030246,Jane,Smith,Jane Smith,41,Sales,Associate,Boston,72950.68,3979.1,2023-08-09,17,56.1,jane.smith@company.com,(444) 880-2285,Active
EMP030247,Stephanie,Brown,Stephanie Brown,60,Marketing,Lead,Miami,113644.68,14730.91,2024-05-08,35,73.7,stephanie.brown@company.com,(955) 450-8971,Active
EMP030248,Emily,Gonzalez,Emily Gonzalez,23,Legal,Analyst,Chicago,78918.05,4690.33,2021-01-25,0,81.3,emily.gonzalez@company.com,(610) 764-1559,Active
EMP030249,Michael,Hernandez,Michael Hernandez,46,Operations,Specialist,Miami,54617.17,6753.85,2023-10-01,23,65.4,michael.hernandez@company.com,(834) 390-8031,Active
EMP030250,James,Gonzalez,James Gonzalez,47,Operations,Manager,New York,72947.84,10570.98,2024-05-02,21,48.9,james.gonzalez@company.com,(217) 441-4890,Active
EMP030251,Amanda,Miller,Amanda Miller,59,Sales,Coordinator,Chicago,95633.48,331.86,2022-09-27,32,66.7,amanda.miller@company.com,(665) 605-8902,Active
EMP030252,David,Rodriguez,David Rodriguez,23,Legal,Analyst,Los Angeles,71077.8,12026.43,2021-07-28,0,46.0,david.rodriguez@company.com,(766) 563-6606,Active
EMP030253,James,Jackson,James Jackson,50,Finance,Senior Developer,Boston,70496.39,4828.29,2021-01-29,21,83.8,james.jackson@company.com,(541) 725-8959,Active
EMP030254,William,Anderson,William Anderson,51,IT,Director,Los Angeles,143353.45,8461.47,2022-06-05,23,58.9,william.anderson@company.com,(489) 251-1373,Active
EMP030255,Christopher,Wilson,Christopher Wilson,24,Operations,Coordinator,Miami,61450.93,3520.49,2024-06-02,0,79.3,christopher.wilson@company.com,(431) 698-2145,Active
EMP030256,Jessica,Jackson,Jessica Jackson,37,Engineering,Analyst,Austin,74453.2,13435.01,2023-08-08,14,68.8,jessica.jackson@company.com,(234) 203-4033,Active
EMP030257,Anthony,Martin,Anthony Martin,24,HR,Analyst,San Francisco,65369.68,8986.78,2022-01-15,0,56.8,anthony.martin@company.com,(833) 879-9648,Active
EMP030258,Sarah,Jackson,Sarah Jackson,63,HR,Analyst,Seattle,72790.44,8415.67,2020-12-22,39,92.1,sarah.jackson@company.com,(490) 868-5978,Active
EMP030259,Jessica,Taylor,Jessica Taylor,55,Engineering,Analyst,Miami,102211.64,11250.78,2021-02-05,28,64.0,jessica.taylor@company.com,(384) 813-3889,Inactive
EMP030260,Daniel,Johnson,Daniel Johnson,31,Sales,Specialist,Seattle,59643.53,6500.42,2023-12-22,8,72.8,daniel.johnson@company.com,(283) 787-2714,Active
EMP030261,Matthew,Rodriguez,Matthew Rodriguez,61,Legal,Director,Miami,138600.19,18540.23,2020-05-21,34,75.7,matthew.rodriguez@company.com,(985) 927-9004,Active
EMP030262,Daniel,Jackson,Daniel Jackson,39,HR,Specialist,Boston,51545.99,6840.29,2024-05-28,12,75.2,daniel.jackson@company.com,(783) 468-6703,Active
EMP030263,Amanda,Lopez,Amanda Lopez,31,Legal,Senior Developer,Los Angeles,99404.63,18008.26,2023-12-08,2,76.3,amanda.lopez@company.com,(611) 695-2366,Active
EMP030264,Sarah,Rodriguez,Sarah Rodriguez,56,Operations,Coordinator,Los Angeles,78251.42,2473.15,2020-02-12,33,84.2,sarah.rodriguez@company.com,(270) 874-6653,Active
EMP030265,Jane,Davis,Jane Davis,59,Finance,Coordinator,San Francisco,87716.8,1348.98,2020-05-28,34,76.0,jane.davis@company.com,(896) 526-6571,Active
EMP030266,Anthony,Wilson,Anthony Wilson,37,Operations,Coordinator,Los Angeles,68752.65,7366.82,2024-06-16,8,50.7,anthony.wilson@company.com,(623) 335-5573,Inactive
EMP030267,Lisa,Jones,Lisa Jones,63,Legal,Associate,Seattle,128189.56,17416.27,2020-05-11,41,100.0,lisa.jones@company.com,(817) 563-6296,Active
EMP030268,Jessica,Smith,Jessica Smith,57,Engineering,Coordinator,San Francisco,109703.1,14387.13,2020-08-28,35,46.0,jessica.smith@company.com,(712) 578-5219,Active
EMP030269,Melissa,Thomas,Melissa Thomas,29,Engineering,Specialist,Chicago,49160.39,4759.89,2020-03-03,3,95.4,melissa.thomas@company.com,(305) 844-3390,Active
EMP030270,Matthew,Miller,Matthew Miller,58,Finance,Associate,New York,102373.45,18100.01,2020-09-04,30,60.6,matthew.miller@company.com,(641) 509-7893,Inactive
EMP030271,Anthony,Miller,Anthony Miller,55,Engineering,Associate,Chicago,109521.58,16590.54,2023-03-17,30,69.9,anthony.miller@company.com,(559) 700-4634,Active
EMP030272,Stephanie,Martinez,Stephanie Martinez,32,Engineering,Specialist,San Francisco,78826.14,9156.07,2022-10-31,6,92.3,stephanie.martinez@company.com,(305) 823-8772,Active
EMP030273,Robert,Anderson,Robert Anderson,60,HR,Director,San Francisco,79867.54,9124.09,2023-06-03,31,58.7,robert.anderson@company.com,(226) 322-3164,Active
EMP030274,Ashley,Moore,Ashley Moore,27,Sales,Lead,Chicago,78180.59,8345.13,2023-09-20,1,73.9,ashley.moore@company.com,(724) 851-9948,Inactive
EMP030275,Ashley,Thomas,Ashley Thomas,55,IT,Coordinator,Boston,65679.57,6737.13,2023-08-01,28,86.0,ashley.thomas@company.com,(902) 620-7396,Active
EMP030276,Emily,Rodriguez,Emily Rodriguez,31,Finance,Director,Los Angeles,78931.75,6567.44,2022-09-19,3,68.0,emily.rodriguez@company.com,(868) 616-7539,Inactive
EMP030277,Jessica,Wilson,Jessica Wilson,58,Operations,Coordinator,San Francisco,49893.05,59.1,2022-08-03,30,55.7,jessica.wilson@company.com,(682) 681-2226,Inactive
EMP030278,James,Anderson,James Anderson,64,IT,Senior Developer,San Francisco,128269.44,5464.35,2021-01-24,38,77.9,james.anderson@company.com,(739) 772-3267,Active
EMP030279,David,Rodriguez,David Rodriguez,39,IT,Analyst,Los Angeles,93871.29,12251.2,2024-12-05,14,86.7,david.rodriguez@company.com,(275) 294-7908,Active
EMP030280,Stephanie,Jackson,Stephanie Jackson,27,Sales,Analyst,Austin,73929.05,6725.59,2020-10-09,0,78.3,stephanie.jackson@company.com,(483) 781-3118,Active
EMP030281,Melissa,Wilson,Melissa Wilson,46,Sales,Lead,Seattle,81690.81,9444.11,2024-11-30,20,28.4,melissa.wilson@company.com,(454) 777-9462,Active
EMP030282,Amanda,Wilson,Amanda Wilson,26,HR,Associate,New York,39602.16,4369.15,2024-10-02,0,78.7,amanda.wilson@company.com,(381) 907-1750,Active
EMP030283,Jessica,Smith,Jessica Smith,56,HR,Coordinator,New York,59722.08,4358.76,2020-07-29,32,85.2,jessica.smith@company.com,(328) 439-1430,Inactive
EMP030284,Jane,Johnson,Jane Johnson,51,Operations,Manager,Seattle,59781.73,6280.52,2023-12-01,29,69.3,jane.johnson@company.com,(296) 924-2586,On Leave
EMP030285,Emily,Wilson,Emily Wilson,41,Legal,Senior Developer,New York,79351.12,12930.0,2021-12-26,17,76.1,emily.wilson@company.com,(982) 908-3444,Active
EMP030286,Jessica,Hernandez,Jessica Hernandez,37,Marketing,Analyst,Los Angeles,51256.48,7434.03,2021-05-04,12,80.4,jessica.hernandez@company.com,(621) 238-9490,Inactive
EMP030287,Ashley,Jones,Ashley Jones,41,IT,Coordinator,San Francisco,90809.15,13784.64,2021-12-04,19,76.7,ashley.jones@company.com,(357) 803-5509,Active
EMP030288,William,Rodriguez,William Rodriguez,34,IT,Manager,San Francisco,107920.58,17679.44,2024-03-26,6,54.1,william.rodriguez@company.com,(303) 200-4721,Active
EMP030289,Robert,Jones,Robert Jones,29,IT,Coordinator,Miami,97176.4,5416.68,2021-09-07,4,87.4,robert.jones@company.com,(808) 634-1640,Active
EMP030290,Stephanie,Miller,Stephanie Miller,25,IT,Coordinator,Austin,62098.27,9301.3,2020-01-28,0,55.0,stephanie.miller@company.com,(508) 912-7552,Active
EMP030291,John,Martinez,John Martinez,32,Operations,Analyst,New York,70431.18,8261.9,2023-07-12,8,92.7,john.martinez@company.com,(252) 380-5800,Active
EMP030292,Stephanie,Taylor,Stephanie Taylor,25,Finance,Senior Developer,New York,52525.8,3411.93,2023-07-30,1,78.5,stephanie.taylor@company.com,(724) 705-9438,Active
EMP030293,David,Williams,David Williams,30,Finance,Coordinator,New York,71792.72,2559.31,2024-02-15,1,65.5,david.williams@company.com,(655) 790-7105,Active
EMP030294,Nicole,Martinez,Nicole Martinez,42,IT,Manager,Austin,110592.34,7551.36,2023-04-29,13,80.0,nicole.martinez@company.com,(859) 931-6630,Active
EMP030295,Melissa,Hernandez,Melissa Hernandez,47,Finance,Manager,Chicago,71994.99,0.0,2022-09-21,20,93.4,melissa.hernandez@company.com,(484) 853-6436,Active
EMP030296,Emily,Miller,Emily Miller,64,IT,Analyst,Austin,88849.17,9493.58,2024-11-22,40,99.4,emily.miller@company.com,(577) 937-7538,Active
EMP030297,Stephanie,Martin,Stephanie Martin,45,Operations,Lead,Miami,66418.83,4036.43,2020-08-13,17,83.6,stephanie.martin@company.com,(559) 894-2428,Active
EMP030298,William,Williams,William Williams,35,Sales,Manager,Chicago,70730.93,12895.99,2023-04-25,6,63.9,william.williams@company.com,(621) 979-3179,Active
EMP030299,Ashley,Martinez,Ashley Martinez,32,IT,Analyst,San Francisco,85641.53,8084.48,2023-07-24,10,50.9,ashley.martinez@company.com,(360) 868-6318,On Leave
EMP030300,Matthew,Davis,Matthew Davis,54,HR,Director,Chicago,87355.67,11250.96,2023-09-28,27,63.6,matthew.davis@company.com,(995) 323-5597,Active
EMP030301,Daniel,Smith,Daniel Smith,25,Legal,Coordinator,Chicago,95424.43,11403.16,2020-12-07,0,74.8,daniel.smith@company.com,(210) 700-2795,Active
EMP030302,Michael,Anderson,Michael Anderson,38,HR,Coordinator,Boston,53233.35,2752.67,2021-11-10,10,89.3,michael.anderson@company.com,(876) 693-7637,Active
EMP030303,Sarah,Gonzalez,Sarah Gonzalez,25,Operations,Coordinator,Chicago,81971.54,11509.68,2023-10-16,2,48.4,sarah.gonzalez@company.com,(808) 665-5438,Active
EMP030304,Sarah,Johnson,Sarah Johnson,58,Sales,Lead,San Francisco,87158.58,9321.82,2024-05-25,33,82.9,sarah.johnson@company.com,(930) 262-4073,Active
EMP030305,Nicole,Taylor,Nicole Taylor,34,Legal,Senior Developer,Boston,78025.06,8961.5,2024-08-22,12,73.1,nicole.taylor@company.com,(411) 962-7386,Inactive
EMP030306,Emily,Moore,Emily Moore,52,Finance,Lead,Austin,81421.1,16602.57,2024-03-25,27,100.0,emily.moore@company.com,(850) 458-1598,Active
EMP030307,John,Gonzalez,John Gonzalez,63,Engineering,Senior Developer,Boston,97587.24,5517.84,2020-06-21,36,70.1,john.gonzalez@company.com,(629) 206-2644,Active
EMP030308,Jane,Thomas,Jane Thomas,65,IT,Coordinator,Austin,103867.66,15663.07,2023-09-21,40,88.8,jane.thomas@company.com,(701) 577-8123,Active
EMP030309,Michael,Martin,Michael Martin,46,Sales,Senior Developer,Seattle,70745.82,12220.19,2023-08-02,18,85.1,michael.martin@company.com,(857) 269-7884,Active
EMP030310,Jane,Smith,Jane Smith,62,Marketing,Specialist,Chicago,99901.77,10446.79,2020-03-02,35,85.8,jane.smith@company.com,(436) 695-1726,Active
EMP030311,Anthony,Rodriguez,Anthony Rodriguez,32,Operations,Associate,Boston,78514.38,18955.69,2021-03-22,8,56.5,anthony.rodriguez@company.com,(629) 449-4938,Active
EMP030312,Emily,Moore,Emily Moore,60,Operations,Director,Boston,86391.87,10963.59,2024-08-26,32,96.3,emily.moore@company.com,(568) 250-6500,Active
EMP030313,John,Miller,John Miller,61,Operations,Lead,New York,63674.72,5972.53,2020-09-02,35,79.6,john.miller@company.com,(858) 998-3107,Active
EMP030314,Emily,Taylor,Emily Taylor,24,Sales,Coordinator,Los Angeles,41012.26,4542.51,2023-09-29,0,80.8,emily.taylor@company.com,(373) 517-5685,Active
EMP030315,David,Davis,David Davis,33,HR,Manager,Boston,61744.54,4494.04,2020-03-28,4,73.1,david.davis@company.com,(225) 969-8941,Active
EMP030316,Nicole,Johnson,Nicole Johnson,57,Engineering,Specialist,Seattle,91846.51,7862.4,2024-08-10,28,54.3,nicole.johnson@company.com,(278) 967-1509,Active
EMP030317,Lisa,Wilson,Lisa Wilson,30,Engineering,Lead,Los Angeles,103855.54,9216.97,2020-06-23,6,66.7,lisa.wilson@company.com,(795) 272-1237,Inactive
EMP030318,William,Martin,William Martin,24,IT,Associate,Miami,41696.9,3796.31,2023-05-15,0,76.1,william.martin@company.com,(677) 844-7478,Active
EMP030319,Melissa,Lopez,Melissa Lopez,50,Marketing,Coordinator,Austin,93612.56,5417.41,2022-01-06,25,65.1,melissa.lopez@company.com,(522) 982-6322,Active
EMP030320,Amanda,Taylor,Amanda Taylor,62,Marketing,Coordinator,Chicago,91282.13,5523.6,2023-08-18,33,95.1,amanda.taylor@company.com,(606) 691-7744,Active
EMP030321,Melissa,Williams,Melissa Williams,47,Marketing,Director,Miami,66364.21,7295.22,2023-03-14,24,62.0,melissa.williams@company.com,(918) 320-5339,Active
EMP030322,Stephanie,Rodriguez,Stephanie Rodriguez,35,Finance,Specialist,Austin,85613.82,4997.54,2021-04-12,8,76.6,stephanie.rodriguez@company.com,(889) 959-9108,Active
EMP030323,Amanda,Smith,Amanda Smith,24,Finance,Director,Chicago,78879.86,0.0,2022-11-28,0,100.0,amanda.smith@company.com,(853) 630-3743,Active
EMP030324,Daniel,Gonzalez,Daniel Gonzalez,57,Engineering,Coordinator,Austin,102808.5,9049.52,2023-10-31,29,73.2,daniel.gonzalez@company.com,(476) 406-1024,Active
EMP030325,Christopher,Rodriguez,Christopher Rodriguez,25,Finance,Senior Developer,Miami,60231.39,7819.95,2023-08-03,0,78.8,christopher.rodriguez@company.com,(831) 323-4286,Inactive
EMP030326,Anthony,Hernandez,Anthony Hernandez,25,Sales,Lead,Seattle,77893.26,9893.84,2020-01-20,0,89.4,anthony.hernandez@company.com,(834) 913-8299,Inactive
EMP030327,Ashley,Miller,Ashley Miller,58,HR,Manager,Seattle,77374.32,7388.05,2021-03-02,35,79.1,ashley.miller@company.com,(357) 781-5895,Active
EMP030328,Jane,Miller,Jane Miller,32,Finance,Senior Developer,Miami,49291.23,2176.08,2020-08-15,8,77.5,jane.miller@company.com,(755) 839-2995,Active
EMP030329,Melissa,Davis,Melissa Davis,26,Engineering,Coordinator,New York,80759.32,7164.67,2022-06-21,1,72.3,melissa.davis@company.com,(916) 763-6462,Active
EMP030330,Christopher,Davis,Christopher Davis,31,Marketing,Manager,Miami,44802.01,5667.85,2022-12-18,7,62.2,christopher.davis@company.com,(314) 920-3952,Active
EMP030331,Jessica,Gonzalez,Jessica Gonzalez,28,Operations,Lead,Miami,60578.76,0.0,2023-09-10,0,61.7,jessica.gonzalez@company.com,(316) 745-9300,Active
EMP030332,Sarah,Lopez,Sarah Lopez,55,Operations,Lead,New York,50953.68,733.6,2022-09-09,27,100.0,sarah.lopez@company.com,(292) 720-1684,On Leave
EMP030333,Ashley,Lopez,Ashley Lopez,65,Legal,Manager,Boston,126211.66,15310.58,2021-10-20,41,85.7,ashley.lopez@company.com,(652) 506-9368,Active
EMP030334,Emily,Davis,Emily Davis,49,Marketing,Coordinator,Chicago,73028.66,7078.36,2024-08-16,20,67.6,emily.davis@company.com,(473) 786-6700,Active
EMP030335,Emily,Johnson,Emily Johnson,59,HR,Specialist,Miami,69848.75,4811.77,2024-08-01,33,66.2,emily.johnson@company.com,(342) 567-2302,Active
EMP030336,Melissa,Taylor,Melissa Taylor,62,Operations,Manager,New York,54690.84,8480.15,2024-04-08,39,61.4,melissa.taylor@company.com,(202) 255-1544,Active
EMP030337,Michael,Moore,Michael Moore,44,HR,Senior Developer,San Francisco,64400.75,7514.85,2023-05-05,17,100.0,michael.moore@company.com,(546) 546-2917,Active
EMP030338,Sarah,Johnson,Sarah Johnson,43,Engineering,Senior Developer,Los Angeles,97285.39,7711.96,2024-04-04,17,67.5,sarah.johnson@company.com,(739) 290-3431,Active
EMP030339,David,Miller,David Miller,47,Marketing,Manager,Chicago,82060.02,8410.78,2023-05-31,23,79.4,david.miller@company.com,(436) 877-9958,Active
EMP030340,Anthony,Hernandez,Anthony Hernandez,51,Operations,Specialist,Boston,48532.5,4734.25,2021-07-20,22,81.5,anthony.hernandez@company.com,(771) 279-7056,Active
EMP030341,Christopher,Martinez,Christopher Martinez,49,Sales,Lead,San Francisco,88170.9,10841.18,2022-06-30,26,83.4,christopher.martinez@company.com,(553) 409-3385,Inactive
EMP030342,Daniel,Johnson,Daniel Johnson,60,Finance,Director,Los Angeles,70558.34,6336.37,2023-11-23,32,94.9,daniel.johnson@company.com,(616) 785-4717,Active
EMP030343,James,Moore,James Moore,63,Marketing,Senior Developer,Seattle,95335.77,3226.99,2021-08-12,38,79.8,james.moore@company.com,(851) 358-1880,Active
EMP030344,Amanda,Jackson,Amanda Jackson,57,Operations,Lead,San Francisco,84096.2,11172.22,2024-11-25,35,100.0,amanda.jackson@company.com,(367) 574-8619,Active
EMP030345,Christopher,Gonzalez,Christopher Gonzalez,49,Operations,Manager,Chicago,62682.42,0.0,2022-10-28,22,72.4,christopher.gonzalez@company.com,(341) 540-6095,Active
EMP030346,Sarah,Martinez,Sarah Martinez,26,Operations,Coordinator,Seattle,50421.72,3674.53,2021-08-10,1,70.0,sarah.martinez@company.com,(759) 348-2013,Active
EMP030347,William,Smith,William Smith,52,Engineering,Analyst,Chicago,111696.19,12264.03,2021-03-22,28,91.1,william.smith@company.com,(827) 661-8497,Active
EMP030348,Stephanie,Martin,Stephanie Martin,61,Legal,Manager,Seattle,124430.92,10546.24,2023-09-20,34,89.8,stephanie.martin@company.com,(433) 657-8232,Active
EMP030349,Sarah,Anderson,Sarah Anderson,59,Finance,Senior Developer,Miami,83720.07,3360.86,2023-12-06,34,68.5,sarah.anderson@company.com,(657) 667-2711,Inactive
EMP030350,Melissa,Davis,Melissa Davis,47,HR,Specialist,San Francisco,70751.43,4012.95,2024-11-24,25,63.0,melissa.davis@company.com,(466) 824-2007,Active
EMP030351,Daniel,Garcia,Daniel Garcia,44,HR,Associate,Los Angeles,76202.51,10768.06,2023-01-11,18,66.8,daniel.garcia@company.com,(367) 593-9396,Active
EMP030352,Amanda,Williams,Amanda Williams,46,Sales,Lead,Seattle,62671.46,8092.65,2021-07-20,22,97.0,amanda.williams@company.com,(981) 326-8328,Active
EMP030353,Emily,Hernandez,Emily Hernandez,27,Engineering,Analyst,San Francisco,96576.34,6849.46,2020-06-18,0,61.2,emily.hernandez@company.com,(603) 627-8519,On Leave
EMP030354,William,Hernandez,William Hernandez,55,HR,Analyst,San Francisco,97678.39,1531.77,2020-09-02,26,100.0,william.hernandez@company.com,(977) 341-3934,Active
EMP030355,Melissa,Smith,Melissa Smith,27,Finance,Lead,Miami,74976.72,7671.3,2024-06-11,0,61.2,melissa.smith@company.com,(240) 744-7629,Active
EMP030356,Jane,Moore,Jane Moore,32,IT,Coordinator,San Francisco,44455.65,960.06,2023-08-10,8,100.0,jane.moore@company.com,(746) 678-8356,Active
EMP030357,Michael,Miller,Michael Miller,54,Finance,Analyst,San Francisco,98435.2,13469.69,2020-11-25,31,78.2,michael.miller@company.com,(711) 446-9417,Active
EMP030358,Lisa,Lopez,Lisa Lopez,65,Marketing,Specialist,Chicago,86417.58,2529.54,2022-11-16,37,91.2,lisa.lopez@company.com,(572) 963-4165,Active
EMP030359,Nicole,Wilson,Nicole Wilson,48,HR,Specialist,New York,74080.89,10462.49,2021-04-23,25,75.7,nicole.wilson@company.com,(258) 641-7732,Active
EMP030360,Melissa,Gonzalez,Melissa Gonzalez,55,HR,Analyst,Boston,52523.08,5783.5,2022-09-30,28,73.4,melissa.gonzalez@company.com,(262) 713-5648,Active
EMP030361,Robert,Taylor,Robert Taylor,59,Finance,Associate,Austin,69711.45,8724.23,2022-03-11,32,94.8,robert.taylor@company.com,(885) 264-9755,Active
EMP030362,Robert,Martinez,Robert Martinez,30,IT,Director,Boston,101951.42,9805.66,2020-07-02,1,67.8,robert.martinez@company.com,(635) 708-7449,Active
EMP030363,Melissa,Rodriguez,Melissa Rodriguez,48,HR,Director,Seattle,64441.18,11067.32,2024-09-22,23,83.0,melissa.rodriguez@company.com,(292) 545-1920,Active
EMP030364,Melissa,Davis,Melissa Davis,55,Legal,Analyst,Boston,91223.05,10740.54,2023-09-17,30,71.8,melissa.davis@company.com,(428) 423-9352,Active
EMP030365,Michael,Williams,Michael Williams,57,Operations,Specialist,New York,75854.69,9965.33,2021-01-14,33,79.8,michael.williams@company.com,(815) 620-8477,Inactive
EMP030366,Christopher,Lopez,Christopher Lopez,56,Operations,Manager,San Francisco,91571.83,4338.79,2023-03-30,33,77.1,christopher.lopez@company.com,(841) 220-1276,Active
EMP030367,Robert,Thomas,Robert Thomas,53,HR,Analyst,New York,78521.85,7666.17,2023-08-05,28,65.5,robert.thomas@company.com,(540) 737-6755,Active
EMP030368,John,Rodriguez,John Rodriguez,55,HR,Analyst,Austin,65235.58,4662.68,2022-03-16,33,97.3,john.rodriguez@company.com,(934) 990-6814,Active
EMP030369,Sarah,Taylor,Sarah Taylor,32,IT,Manager,Los Angeles,88472.41,6204.63,2020-06-05,8,83.5,sarah.taylor@company.com,(375) 664-3492,Inactive
EMP030370,Sarah,Lopez,Sarah Lopez,23,IT,Senior Developer,New York,101790.13,7541.78,2023-09-29,0,81.6,sarah.lopez@company.com,(282) 923-3676,Active
EMP030371,Michael,Lopez,Michael Lopez,28,Operations,Specialist,Austin,70269.31,2237.79,2021-06-01,4,88.0,michael.lopez@company.com,(952) 597-5680,Active
EMP030372,Nicole,Hernandez,Nicole Hernandez,43,Finance,Senior Developer,Miami,33000.0,3836.75,2024-06-23,14,91.2,nicole.hernandez@company.com,(275) 523-9227,Active
EMP030373,James,Martinez,James Martinez,48,Engineering,Coordinator,Austin,95142.29,10193.44,2024-07-24,21,64.6,james.martinez@company.com,(289) 638-5642,Active
EMP030374,Emily,Johnson,Emily Johnson,49,HR,Manager,Boston,63362.25,5990.44,2021-10-14,21,54.6,emily.johnson@company.com,(555) 826-3180,Active
EMP030375,Lisa,Jackson,Lisa Jackson,42,Engineering,Analyst,New York,111617.26,16635.69,2024-03-20,20,78.4,lisa.jackson@company.com,(763) 711-2952,Active
EMP030376,William,Rodriguez,William Rodriguez,40,Engineering,Coordinator,San Francisco,74925.43,10095.13,2023-02-28,13,100.0,william.rodriguez@company.com,(686) 848-3280,Active
EMP030377,Amanda,Martinez,Amanda Martinez,34,Sales,Coordinator,New York,53044.09,3105.07,2022-05-03,7,84.3,amanda.martinez@company.com,(590) 767-6772,Active
EMP030378,Lisa,Miller,Lisa Miller,63,IT,Manager,Miami,100319.2,15743.59,2022-02-19,37,89.6,lisa.miller@company.com,(611) 388-5590,Active
EMP030379,Nicole,Lopez,Nicole Lopez,63,IT,Senior Developer,Miami,122404.89,7409.86,2023-05-15,36,77.0,nicole.lopez@company.com,(677) 980-8471,Active
EMP030380,Stephanie,Rodriguez,Stephanie Rodriguez,49,Legal,Analyst,Austin,114121.66,13333.74,2024-11-12,24,59.4,stephanie.rodriguez@company.com,(730) 347-3609,Active
EMP030381,Ashley,Lopez,Ashley Lopez,41,Finance,Analyst,Boston,83157.38,2441.1,2023-08-13,12,52.4,ashley.lopez@company.com,(477) 559-3626,Active
EMP030382,John,Rodriguez,John Rodriguez,62,HR,Lead,Los Angeles,97282.72,13693.93,2020-08-03,34,62.8,john.rodriguez@company.com,(337) 416-2898,Active
EMP030383,Daniel,Taylor,Daniel Taylor,43,Marketing,Manager,Austin,71348.6,4979.73,2022-04-02,14,53.1,daniel.taylor@company.com,(305) 351-1592,Inactive
EMP030384,John,Taylor,John Taylor,49,Operations,Senior Developer,New York,59393.32,1830.96,2023-03-23,27,68.0,john.taylor@company.com,(417) 428-8764,Active
EMP030385,William,Martinez,William Martinez,51,IT,Associate,Miami,97116.22,13014.63,2021-09-25,25,100.0,william.martinez@company.com,(722) 241-6186,Active
EMP030386,Nicole,Johnson,Nicole Johnson,50,Legal,Director,Boston,121266.55,17276.48,2021-11-04,27,64.1,nicole.johnson@company.com,(816) 923-9712,Active
EMP030387,Jessica,Lopez,Jessica Lopez,41,Legal,Analyst,San Francisco,102464.27,14863.29,2020-11-07,16,85.9,jessica.lopez@company.com,(552) 298-4481,Active
EMP030388,Jessica,Lopez,Jessica Lopez,54,Legal,Analyst,Austin,105243.6,4539.8,2023-06-08,29,65.2,jessica.lopez@company.com,(457) 441-9014,Active
EMP030389,Amanda,Garcia,Amanda Garcia,35,Finance,Director,Boston,71860.06,4966.69,2024-01-13,10,68.8,amanda.garcia@company.com,(226) 813-6415,Active
EMP030390,Sarah,Anderson,Sarah Anderson,58,Sales,Manager,New York,101129.67,8072.46,2021-03-19,32,96.5,sarah.anderson@company.com,(442) 253-9913,Active
EMP030391,Christopher,Jackson,Christopher Jackson,26,Legal,Senior Developer,Austin,72722.48,7416.76,2024-01-11,0,95.0,christopher.jackson@company.com,(961) 261-9259,Inactive
EMP030392,John,Garcia,John Garcia,31,HR,Analyst,Boston,50649.21,4035.16,2023-03-05,5,73.3,john.garcia@company.com,(546) 612-2184,On Leave
EMP030393,Daniel,Wilson,Daniel Wilson,60,HR,Lead,Boston,90994.93,7189.0,2022-08-28,33,49.3,daniel.wilson@company.com,(531) 698-3992,Active
EMP030394,Sarah,Thomas,Sarah Thomas,42,Finance,Analyst,Seattle,65105.61,4784.0,2021-07-10,15,80.4,sarah.thomas@company.com,(809) 456-4217,Active
EMP030395,David,Jones,David Jones,65,Engineering,Coordinator,Boston,107881.15,14597.93,2023-07-30,36,99.0,david.jones@company.com,(259) 221-8422,Active
EMP030396,Stephanie,Garcia,Stephanie Garcia,50,Legal,Associate,Austin,69567.25,544.99,2024-07-21,23,79.3,stephanie.garcia@company.com,(468) 717-9290,Active
EMP030397,David,Martin,David Martin,34,HR,Specialist,Austin,70216.04,4841.99,2023-01-12,10,100.0,david.martin@company.com,(438) 258-2137,Active
EMP030398,Matthew,Gonzalez,Matthew Gonzalez,36,IT,Senior Developer,Seattle,82425.95,4880.81,2021-05-29,12,97.0,matthew.gonzalez@company.com,(925) 730-1990,Active
EMP030399,Jane,Johnson,Jane Johnson,49,Finance,Manager,Austin,79705.13,4096.56,2021-03-26,26,76.3,jane.johnson@company.com,(947) 455-1700,Active
EMP030400,David,Gonzalez,David Gonzalez,63,HR,Senior Developer,Los Angeles,67930.85,4209.41,2020-07-08,35,92.7,david.gonzalez@company.com,(971) 240-4549,Active
EMP030401,James,Williams,James Williams,62,Sales,Senior Developer,Boston,81960.4,7463.48,2023-11-22,39,85.9,james.williams@company.com,(931) 697-4156,Active
EMP030402,Stephanie,Williams,Stephanie Williams,61,Engineering,Analyst,Chicago,124150.07,16432.67,2024-03-26,36,87.7,stephanie.williams@company.com,(784) 875-8465,Active
EMP030403,Emily,Lopez,Emily Lopez,33,Sales,Analyst,San Francisco,71154.69,11638.89,2024-10-10,8,62.7,emily.lopez@company.com,(428) 662-5999,Active
EMP030404,Stephanie,Gonzalez,Stephanie Gonzalez,61,HR,Lead,New York,82426.1,8621.22,2022-06-16,36,49.4,stephanie.gonzalez@company.com,(579) 759-4480,Active
EMP030405,Nicole,Gonzalez,Nicole Gonzalez,28,Marketing,Senior Developer,Boston,60381.97,10684.32,2022-05-14,0,80.6,nicole.gonzalez@company.com,(304) 252-7086,Active
EMP030406,William,Martinez,William Martinez,32,Operations,Lead,Austin,55181.34,7977.81,2024-11-05,3,79.1,william.martinez@company.com,(757) 252-8404,Active
EMP030407,Robert,Lopez,Robert Lopez,39,Legal,Senior Developer,Austin,110886.7,16540.85,2022-01-07,14,71.6,robert.lopez@company.com,(548) 234-1116,Active
EMP030408,Matthew,Williams,Matthew Williams,25,HR,Director,Miami,48850.79,3441.8,2023-02-04,0,83.1,matthew.williams@company.com,(819) 777-7452,Active
EMP030409,John,Garcia,John Garcia,56,Marketing,Specialist,Boston,99144.65,15587.8,2021-08-01,33,58.6,john.garcia@company.com,(232) 700-6231,Active
EMP030410,David,Moore,David Moore,63,Sales,Senior Developer,Austin,69211.44,3920.78,2021-05-26,40,71.1,david.moore@company.com,(248) 232-3822,Active
EMP030411,David,Wilson,David Wilson,59,Sales,Analyst,Boston,81180.09,8423.97,2024-11-28,35,80.4,david.wilson@company.com,(281) 692-8089,Active
EMP030412,Melissa,Taylor,Melissa Taylor,34,Operations,Lead,Miami,53072.49,4579.78,2023-08-04,6,78.7,melissa.taylor@company.com,(720) 337-9964,Active
EMP030413,William,Miller,William Miller,43,Engineering,Analyst,Los Angeles,129224.48,10592.83,2022-11-27,20,44.4,william.miller@company.com,(732) 830-1236,Active
EMP030414,Ashley,Anderson,Ashley Anderson,59,Marketing,Associate,Chicago,80041.74,16087.01,2020-01-08,32,99.1,ashley.anderson@company.com,(978) 423-3697,Active
EMP030415,David,Moore,David Moore,36,Operations,Manager,Austin,52017.08,1635.52,2021-09-13,13,81.3,david.moore@company.com,(210) 976-7648,Active
EMP030416,Sarah,Davis,Sarah Davis,49,Finance,Lead,Miami,73077.4,8281.76,2021-10-21,21,77.0,sarah.davis@company.com,(259) 326-7383,Active
EMP030417,Nicole,Taylor,Nicole Taylor,33,Engineering,Senior Developer,Boston,92824.47,12578.71,2023-05-20,8,62.9,nicole.taylor@company.com,(846) 797-9366,Inactive
EMP030418,Stephanie,Hernandez,Stephanie Hernandez,31,Legal,Senior Developer,Los Angeles,65127.79,2726.3,2023-06-24,2,100.0,stephanie.hernandez@company.com,(454) 971-1930,Active
EMP030419,Anthony,Anderson,Anthony Anderson,58,Marketing,Manager,Chicago,98550.93,5013.48,2024-02-28,34,61.4,anthony.anderson@company.com,(419) 651-9490,Active
EMP030420,Lisa,Johnson,Lisa Johnson,39,Sales,Specialist,Austin,88594.01,12625.3,2024-05-17,17,100.0,lisa.johnson@company.com,(501) 769-5823,Inactive
EMP030421,Amanda,Wilson,Amanda Wilson,39,Operations,Manager,Los Angeles,62757.72,3053.91,2021-06-13,15,64.8,amanda.wilson@company.com,(917) 993-7969,Active
EMP030422,Matthew,Jones,Matthew Jones,27,Sales,Lead,Seattle,59630.08,5067.72,2023-04-05,0,56.1,matthew.jones@company.com,(995) 689-7131,Active
EMP030423,Jessica,Garcia,Jessica Garcia,29,HR,Associate,Los Angeles,76765.2,9689.33,2024-08-27,4,52.5,jessica.garcia@company.com,(774) 627-1903,Active
EMP030424,Emily,Wilson,Emily Wilson,22,Operations,Associate,Seattle,89062.07,11012.24,2020-09-04,0,70.3,emily.wilson@company.com,(823) 699-3828,Active
EMP030425,David,Johnson,David Johnson,31,IT,Director,Boston,51122.16,8678.02,2024-08-30,8,58.8,david.johnson@company.com,(856) 371-7599,Active
EMP030426,Ashley,Jackson,Ashley Jackson,44,Operations,Manager,Seattle,64488.45,0.0,2021-08-17,21,58.9,ashley.jackson@company.com,(818) 367-7021,Inactive
EMP030427,Jessica,Johnson,Jessica Johnson,41,HR,Director,Los Angeles,49234.45,4990.66,2024-12-17,18,59.0,jessica.johnson@company.com,(986) 640-8351,Inactive
EMP030428,Jane,Garcia,Jane Garcia,48,HR,Associate,Seattle,61250.13,5744.97,2022-11-20,23,74.9,jane.garcia@company.com,(565) 225-5315,Active
EMP030429,Ashley,Smith,Ashley Smith,34,HR,Senior Developer,Austin,58816.45,3100.12,2020-03-07,9,80.6,ashley.smith@company.com,(688) 228-9762,Active
EMP030430,Emily,Davis,Emily Davis,62,IT,Manager,San Francisco,99136.71,8342.21,2022-06-13,33,91.4,emily.davis@company.com,(366) 667-1124,Active
EMP030431,Anthony,Johnson,Anthony Johnson,25,Sales,Specialist,Los Angeles,57239.39,2154.0,2023-05-16,0,53.6,anthony.johnson@company.com,(551) 311-1074,On Leave
EMP030432,Melissa,Taylor,Melissa Taylor,36,IT,Analyst,Miami,80144.98,0.0,2021-06-04,10,59.6,melissa.taylor@company.com,(489) 967-5121,Active
EMP030433,Anthony,Rodriguez,Anthony Rodriguez,29,IT,Associate,New York,79456.85,4968.04,2022-08-02,7,63.4,anthony.rodriguez@company.com,(771) 262-1016,Active
EMP030434,William,Anderson,William Anderson,56,Legal,Senior Developer,Boston,111639.5,21520.56,2020-06-02,33,87.1,william.anderson@company.com,(764) 735-3060,Active
EMP030435,Jessica,Miller,Jessica Miller,43,Operations,Coordinator,New York,85324.28,3543.4,2022-08-13,14,64.7,jessica.miller@company.com,(757) 820-5583,Active
EMP030436,Anthony,Davis,Anthony Davis,63,Marketing,Manager,Seattle,78014.32,8559.72,2022-11-05,39,70.4,anthony.davis@company.com,(446) 924-9703,Inactive
EMP030437,Jessica,Davis,Jessica Davis,33,Legal,Coordinator,San Francisco,60463.43,4621.56,2023-04-25,6,58.1,jessica.davis@company.com,(864) 443-6835,Inactive
EMP030438,Lisa,Davis,Lisa Davis,31,Engineering,Specialist,Seattle,61807.38,10072.28,2021-07-25,8,79.8,lisa.davis@company.com,(312) 646-6401,Active
EMP030439,Christopher,Smith,Christopher Smith,28,Operations,Associate,San Francisco,62662.01,5985.0,2021-04-12,0,62.3,christopher.smith@company.com,(830) 632-8240,Active
EMP030440,Stephanie,Anderson,Stephanie Anderson,53,Engineering,Associate,Los Angeles,131136.57,9914.84,2024-02-16,29,100.0,stephanie.anderson@company.com,(622) 698-8456,Active
EMP030441,Lisa,Anderson,Lisa Anderson,36,HR,Coordinator,Chicago,38515.67,2577.94,2020-12-28,13,62.6,lisa.anderson@company.com,(312) 547-6434,Active
EMP030442,Jane,Taylor,Jane Taylor,61,Legal,Senior Developer,San Francisco,142735.07,26176.17,2021-01-20,35,74.5,jane.taylor@company.com,(698) 867-2382,Active
EMP030443,Ashley,Gonzalez,Ashley Gonzalez,57,Marketing,Analyst,Chicago,66096.49,7123.46,2020-01-24,29,51.8,ashley.gonzalez@company.com,(311) 411-4975,Active
EMP030444,Robert,Anderson,Robert Anderson,22,IT,Director,Miami,77216.91,10183.84,2024-01-19,0,62.9,robert.anderson@company.com,(865) 563-7741,Active
EMP030445,Stephanie,Anderson,Stephanie Anderson,25,Finance,Specialist,Boston,73840.5,7656.23,2021-12-30,0,79.1,stephanie.anderson@company.com,(370) 463-1618,Active
EMP030446,William,Martinez,William Martinez,40,Finance,Senior Developer,Miami,94847.86,9815.26,2024-09-14,13,92.9,william.martinez@company.com,(263) 584-6070,Active
EMP030447,Melissa,Miller,Melissa Miller,22,Legal,Director,New York,49233.34,3199.07,2022-04-22,0,48.9,melissa.miller@company.com,(259) 549-9380,Active
EMP030448,Emily,Miller,Emily Miller,46,Marketing,Senior Developer,Austin,49973.39,5908.67,2023-11-15,23,98.3,emily.miller@company.com,(315) 453-5916,Active
EMP030449,Amanda,Smith,Amanda Smith,22,IT,Director,New York,70380.43,12000.24,2023-04-16,0,65.6,amanda.smith@company.com,(479) 839-1836,Active
EMP030450,Michael,Lopez,Michael Lopez,64,HR,Lead,Chicago,97874.47,9987.78,2024-05-12,42,55.8,michael.lopez@company.com,(339) 907-4299,Inactive
EMP030451,Jane,Williams,Jane Williams,43,IT,Lead,Miami,84846.15,5372.78,2020-08-11,16,58.4,jane.williams@company.com,(688) 439-3590,Inactive
EMP030452,Emily,Anderson,Emily Anderson,27,Marketing,Associate,Seattle,56098.84,4688.22,2020-06-11,3,66.8,emily.anderson@company.com,(679) 622-7926,Active
EMP030453,Jane,Thomas,Jane Thomas,56,Legal,Specialist,Miami,95196.63,19655.52,2021-02-07,34,68.8,jane.thomas@company.com,(592) 245-2245,Active
EMP030454,Daniel,Martinez,Daniel Martinez,45,HR,Senior Developer,New York,66003.1,8760.7,2020-07-12,22,84.1,daniel.martinez@company.com,(375) 942-1716,Active
EMP030455,Melissa,Jackson,Melissa Jackson,54,Legal,Lead,Chicago,106131.69,552.73,2024-05-13,29,85.0,melissa.jackson@company.com,(373) 879-3662,Active
EMP030456,Christopher,Smith,Christopher Smith,38,Finance,Specialist,Miami,48394.36,377.45,2024-02-26,10,84.1,christopher.smith@company.com,(866) 373-8029,Active
EMP030457,Melissa,Wilson,Melissa Wilson,31,Operations,Specialist,Miami,66682.84,2368.67,2022-09-16,6,87.4,melissa.wilson@company.com,(253) 577-6530,Active
EMP030458,Michael,Taylor,Michael Taylor,40,Operations,Director,Austin,63997.41,7053.27,2024-09-13,15,70.4,michael.taylor@company.com,(325) 877-1430,Inactive
EMP030459,Amanda,Moore,Amanda Moore,46,IT,Lead,Austin,83061.94,8653.36,2020-04-22,20,86.3,amanda.moore@company.com,(660) 709-3656,Active
EMP030460,Melissa,Miller,Melissa Miller,59,Sales,Lead,Boston,63058.61,13167.34,2020-02-26,34,80.3,melissa.miller@company.com,(336) 668-8935,Active
EMP030461,David,Anderson,David Anderson,25,Operations,Analyst,Austin,53304.48,4478.19,2023-11-03,0,66.2,david.anderson@company.com,(692) 640-1500,Active
EMP030462,John,Hernandez,John Hernandez,38,Sales,Lead,Chicago,55118.33,6936.92,2022-03-02,15,67.4,john.hernandez@company.com,(988) 854-6213,Active
EMP030463,Anthony,Williams,Anthony Williams,26,Operations,Analyst,San Francisco,55390.71,6227.23,2024-08-02,4,70.2,anthony.williams@company.com,(645) 526-4795,Active
EMP030464,Sarah,Martin,Sarah Martin,62,Operations,Director,Boston,82261.69,4672.26,2022-12-14,39,72.8,sarah.martin@company.com,(439) 333-7146,Active
EMP030465,Stephanie,Jones,Stephanie Jones,34,Operations,Senior Developer,Boston,60869.67,0.0,2022-01-07,12,55.6,stephanie.jones@company.com,(759) 672-5839,Inactive
EMP030466,James,Wilson,James Wilson,65,Legal,Analyst,Seattle,110921.24,11661.96,2022-12-18,40,58.2,james.wilson@company.com,(738) 318-8099,Active
EMP030467,Matthew,Jones,Matthew Jones,53,HR,Analyst,Chicago,81565.52,6550.78,2023-08-04,27,100.0,matthew.jones@company.com,(726) 654-4923,Active
EMP030468,Nicole,Miller,Nicole Miller,50,Legal,Director,Seattle,119097.84,11130.65,2020-06-24,26,83.6,nicole.miller@company.com,(715) 898-4941,Active
EMP030469,Emily,Gonzalez,Emily Gonzalez,34,Marketing,Lead,San Francisco,54229.66,6459.66,2023-04-29,12,74.5,emily.gonzalez@company.com,(874) 647-9834,Active
EMP030470,Nicole,Hernandez,Nicole Hernandez,47,Operations,Specialist,Los Angeles,70209.2,785.51,2022-02-27,22,66.7,nicole.hernandez@company.com,(411) 473-9313,Active
EMP030471,Michael,Rodriguez,Michael Rodriguez,62,IT,Coordinator,San Francisco,106185.63,16322.44,2023-07-23,35,77.0,michael.rodriguez@company.com,(292) 955-1395,Active
EMP030472,David,Martin,David Martin,28,Legal,Coordinator,New York,76203.29,8951.47,2021-08-21,0,81.1,david.martin@company.com,(532) 726-5447,Active
EMP030473,Jessica,Martin,Jessica Martin,61,HR,Specialist,San Francisco,82346.58,3256.93,2023-02-06,37,76.7,jessica.martin@company.com,(927) 550-6107,Active
EMP030474,Matthew,Smith,Matthew Smith,41,Finance,Associate,Miami,73448.92,8721.02,2024-04-13,19,47.0,matthew.smith@company.com,(765) 710-7140,Active
EMP030475,Michael,Garcia,Michael Garcia,53,Sales,Analyst,Boston,73513.55,4446.87,2021-01-14,30,83.8,michael.garcia@company.com,(754) 257-6431,Active
EMP030476,Daniel,Martinez,Daniel Martinez,42,IT,Senior Developer,Miami,89687.29,14602.5,2023-07-18,17,73.2,daniel.martinez@company.com,(515) 794-2277,Active
EMP030477,Stephanie,Wilson,Stephanie Wilson,48,Marketing,Senior Developer,Seattle,59608.29,6891.2,2022-09-09,24,81.9,stephanie.wilson@company.com,(473) 258-8739,On Leave
EMP030478,Stephanie,Jackson,Stephanie Jackson,32,IT,Senior Developer,New York,86259.24,12376.66,2020-04-21,4,74.5,stephanie.jackson@company.com,(908) 905-9494,Active
EMP030479,Christopher,Taylor,Christopher Taylor,41,Finance,Specialist,Miami,94597.2,14470.17,2021-11-09,14,46.5,christopher.taylor@company.com,(855) 958-8145,Active
EMP030480,Amanda,Johnson,Amanda Johnson,61,Finance,Specialist,Miami,107378.85,21448.16,2022-12-16,37,63.4,amanda.johnson@company.com,(744) 218-8487,Inactive
EMP030481,Michael,Moore,Michael Moore,43,Marketing,Specialist,Los Angeles,51629.6,2577.09,2021-07-07,16,43.8,michael.moore@company.com,(823) 516-9046,Active
EMP030482,Nicole,Brown,Nicole Brown,33,Sales,Director,Los Angeles,73676.73,8568.07,2020-04-13,6,79.3,nicole.brown@company.com,(607) 369-6613,Active
EMP030483,Amanda,Anderson,Amanda Anderson,57,Engineering,Director,San Francisco,137048.46,21473.01,2023-03-07,28,82.1,amanda.anderson@company.com,(613) 529-4618,Active
EMP030484,Matthew,Smith,Matthew Smith,57,Marketing,Lead,Miami,83958.94,7162.73,2024-10-19,33,81.2,matthew.smith@company.com,(379) 659-4191,Active
EMP030485,Jessica,Davis,Jessica Davis,32,Marketing,Specialist,Boston,66110.77,2858.52,2020-10-28,5,83.2,jessica.davis@company.com,(768) 626-4518,Active
EMP030486,Melissa,Rodriguez,Melissa Rodriguez,29,Finance,Analyst,Los Angeles,57318.72,6667.55,2024-12-21,4,49.8,melissa.rodriguez@company.com,(491) 942-1340,Active
EMP030487,Jessica,Anderson,Jessica Anderson,46,Marketing,Coordinator,San Francisco,58281.53,8086.15,2021-11-07,17,70.4,jessica.anderson@company.com,(529) 451-2643,Active
EMP030488,Anthony,Wilson,Anthony Wilson,48,Finance,Manager,Austin,65031.21,784.79,2023-05-20,19,95.8,anthony.wilson@company.com,(820) 234-6626,Active
EMP030489,Michael,Rodriguez,Michael Rodriguez,28,Operations,Specialist,Los Angeles,63569.72,5013.23,2023-06-29,5,96.9,michael.rodriguez@company.com,(859) 248-6186,Active
EMP030490,Christopher,Brown,Christopher Brown,36,Finance,Coordinator,Seattle,74502.4,5016.05,2020-02-16,14,91.5,christopher.brown@company.com,(219) 655-7396,On Leave
EMP030491,Matthew,Miller,Matthew Miller,34,Engineering,Coordinator,Seattle,83176.74,10856.69,2024-06-16,7,74.2,matthew.miller@company.com,(242) 880-6049,Active
EMP030492,Robert,Martinez,Robert Martinez,65,HR,Lead,Miami,80910.47,9452.28,2024-10-02,39,64.7,robert.martinez@company.com,(606) 443-6254,Active
EMP030493,Melissa,Martin,Melissa Martin,24,Operations,Director,Seattle,53005.09,5010.9,2020-05-13,0,100.0,melissa.martin@company.com,(976) 940-7646,Active
EMP030494,Emily,Moore,Emily Moore,62,HR,Lead,Seattle,83481.94,10445.02,2023-05-19,35,78.2,emily.moore@company.com,(736) 438-5212,Active
EMP030495,Michael,Lopez,Michael Lopez,32,HR,Coordinator,Los Angeles,60015.21,7175.41,2022-02-23,9,88.2,michael.lopez@company.com,(201) 274-8757,Active
EMP030496,Lisa,Martin,Lisa Martin,27,Legal,Lead,Boston,83806.25,6474.04,2021-02-26,0,95.5,lisa.martin@company.com,(596) 388-2753,Active
EMP030497,Amanda,Martinez,Amanda Martinez,28,Legal,Associate,Miami,100224.18,12956.4,2023-02-27,3,91.4,amanda.martinez@company.com,(489) 370-4028,Active
EMP030498,Michael,Lopez,Michael Lopez,39,IT,Lead,New York,85151.56,13358.34,2023-10-13,12,53.8,michael.lopez@company.com,(920) 802-9221,Active
EMP030499,Jane,Brown,Jane Brown,52,Engineering,Manager,Seattle,99965.11,14975.66,2021-09-10,27,73.0,jane.brown@company.com,(432) 235-8422,Active
EMP030500,Anthony,Moore,Anthony Moore,42,Engineering,Analyst,Seattle,73217.62,9204.18,2022-05-09,20,87.2,anthony.moore@company.com,(766) 212-3143,Inactive
EMP030501,Christopher,Williams,Christopher Williams,27,Marketing,Analyst,Chicago,56279.44,0.0,2022-03-25,0,47.0,christopher.williams@company.com,(693) 466-3108,Active
EMP030502,Matthew,Martin,Matthew Martin,22,HR,Analyst,Miami,48884.02,4667.44,2020-04-30,0,97.7,matthew.martin@company.com,(349) 293-4906,Active
EMP030503,Sarah,Wilson,Sarah Wilson,38,HR,Analyst,Chicago,61715.9,9326.19,2023-12-10,13,77.5,sarah.wilson@company.com,(561) 839-9692,Active
EMP030504,Amanda,Hernandez,Amanda Hernandez,49,Finance,Coordinator,San Francisco,86855.25,10367.75,2023-12-01,25,83.0,amanda.hernandez@company.com,(888) 635-1936,Active
EMP030505,David,Thomas,David Thomas,27,Finance,Lead,San Francisco,86637.25,3687.9,2020-02-02,2,80.3,david.thomas@company.com,(583) 857-9152,Inactive
EMP030506,Matthew,Williams,Matthew Williams,41,Legal,Director,Miami,87838.19,4686.25,2021-10-13,15,89.6,matthew.williams@company.com,(734) 360-9725,Inactive
EMP030507,Sarah,Rodriguez,Sarah Rodriguez,26,Operations,Coordinator,Austin,46244.55,2249.86,2021-01-29,1,91.3,sarah.rodriguez@company.com,(979) 544-9952,Inactive
EMP030508,William,Davis,William Davis,38,IT,Manager,Seattle,80702.23,13296.54,2024-01-26,11,65.2,william.davis@company.com,(402) 557-3110,Inactive
EMP030509,Michael,Jackson,Michael Jackson,59,IT,Director,Los Angeles,94403.48,6594.45,2024-08-15,31,63.5,michael.jackson@company.com,(888) 834-2062,Active
EMP030510,Matthew,Davis,Matthew Davis,33,HR,Coordinator,Miami,52273.91,11396.19,2021-05-31,8,70.2,matthew.davis@company.com,(952) 594-7236,Active
EMP030511,Stephanie,Moore,Stephanie Moore,43,Sales,Senior Developer,Chicago,58201.6,12661.82,2023-08-20,16,100.0,stephanie.moore@company.com,(893) 393-2912,Active
EMP030512,Melissa,Smith,Melissa Smith,40,Operations,Coordinator,New York,54089.64,5397.66,2021-03-19,15,74.0,melissa.smith@company.com,(673) 633-6745,Active
EMP030513,Christopher,Williams,Christopher Williams,61,Marketing,Director,Austin,97762.77,13340.25,2022-01-03,39,68.5,christopher.williams@company.com,(687) 510-4643,Active
EMP030514,John,Williams,John Williams,24,Sales,Analyst,Seattle,66413.25,0.0,2023-12-01,0,86.2,john.williams@company.com,(521) 944-1715,Active
EMP030515,Stephanie,Martinez,Stephanie Martinez,55,Finance,Associate,Los Angeles,81957.14,10175.77,2023-07-27,32,73.7,stephanie.martinez@company.com,(844) 502-7507,Active
EMP030516,Jane,Miller,Jane Miller,65,IT,Director,San Francisco,102305.49,2543.69,2023-01-07,41,84.5,jane.miller@company.com,(226) 421-4872,Inactive
EMP030517,James,Taylor,James Taylor,27,Engineering,Director,Chicago,80830.2,2669.7,2020-01-13,1,84.4,james.taylor@company.com,(823) 498-1479,Active
EMP030518,Ashley,Taylor,Ashley Taylor,36,IT,Specialist,Seattle,73419.94,8331.33,2023-02-14,14,61.2,ashley.taylor@company.com,(483) 937-4124,Active
EMP030519,Matthew,Anderson,Matthew Anderson,64,HR,Specialist,San Francisco,84153.9,13578.51,2023-05-19,35,41.2,matthew.anderson@company.com,(506) 239-9078,Active
EMP030520,James,Rodriguez,James Rodriguez,56,Legal,Senior Developer,Miami,63084.93,3777.33,2024-01-08,29,49.9,james.rodriguez@company.com,(888) 484-7063,On Leave
EMP030521,James,Hernandez,James Hernandez,47,Operations,Associate,Austin,60284.58,6513.4,2022-09-29,22,76.1,james.hernandez@company.com,(498) 874-2046,Active
EMP030522,Stephanie,Martinez,Stephanie Martinez,48,Marketing,Associate,New York,58588.58,9362.42,2020-04-14,25,71.6,stephanie.martinez@company.com,(695) 346-1268,Active
EMP030523,Amanda,Davis,Amanda Davis,45,Finance,Senior Developer,Chicago,91750.31,9493.31,2023-01-27,17,67.0,amanda.davis@company.com,(431) 443-4468,Active
EMP030524,Nicole,Jackson,Nicole Jackson,26,Finance,Manager,Austin,33000.0,4558.24,2023-06-12,0,73.1,nicole.jackson@company.com,(593) 967-6269,Active
EMP030525,Ashley,Miller,Ashley Miller,41,IT,Lead,Boston,64102.07,5680.54,2023-05-17,16,56.9,ashley.miller@company.com,(751) 218-8347,Inactive
EMP030526,David,Martin,David Martin,40,Engineering,Coordinator,San Francisco,99680.74,5037.3,2022-07-07,15,100.0,david.martin@company.com,(509) 633-3996,On Leave
EMP030527,Sarah,Johnson,Sarah Johnson,25,Legal,Lead,Austin,79727.34,7610.96,2024-12-13,0,71.4,sarah.johnson@company.com,(564) 813-7818,Active
EMP030528,Amanda,Williams,Amanda Williams,24,Sales,Coordinator,Chicago,63963.9,5516.52,2023-06-07,0,61.9,amanda.williams@company.com,(428) 729-7288,Active
EMP030529,Nicole,Thomas,Nicole Thomas,51,Engineering,Lead,Chicago,84909.34,2248.87,2024-07-31,28,87.2,nicole.thomas@company.com,(562) 615-2870,Active
EMP030530,Amanda,Hernandez,Amanda Hernandez,35,Engineering,Analyst,Austin,60280.28,6061.71,2022-02-01,12,71.9,amanda.hernandez@company.com,(458) 648-4177,Active
EMP030531,William,Garcia,William Garcia,39,Marketing,Associate,Seattle,64760.97,4208.77,2021-11-11,11,82.2,william.garcia@company.com,(202) 573-4618,Active
EMP030532,Matthew,Johnson,Matthew Johnson,55,Finance,Specialist,San Francisco,105165.72,7027.11,2024-08-30,28,72.4,matthew.johnson@company.com,(959) 611-4242,Active
EMP030533,Emily,Jones,Emily Jones,40,Operations,Associate,Seattle,50910.74,8171.37,2023-07-21,18,86.6,emily.jones@company.com,(628) 245-2379,Active
EMP030534,Amanda,Gonzalez,Amanda Gonzalez,50,Engineering,Specialist,Austin,120487.13,12080.63,2024-04-09,21,74.0,amanda.gonzalez@company.com,(332) 744-9205,Active
EMP030535,Michael,Miller,Michael Miller,61,Sales,Manager,New York,122358.67,6868.05,2023-05-18,39,37.9,michael.miller@company.com,(215) 386-3830,On Leave
EMP030536,Jessica,Miller,Jessica Miller,38,Sales,Lead,Seattle,57152.28,4245.23,2023-01-11,14,39.9,jessica.miller@company.com,(548) 847-5872,Active
EMP030537,James,Anderson,James Anderson,60,Engineering,Lead,Boston,120285.58,7421.43,2022-07-09,33,87.8,james.anderson@company.com,(808) 695-5974,Active
EMP030538,Amanda,Thomas,Amanda Thomas,38,Marketing,Manager,Seattle,57520.28,0.0,2020-03-18,9,71.5,amanda.thomas@company.com,(968) 363-6561,Active
EMP030539,Melissa,Gonzalez,Melissa Gonzalez,60,Finance,Lead,New York,83318.91,9554.79,2021-02-23,33,79.1,melissa.gonzalez@company.com,(827) 579-6292,Active
EMP030540,Matthew,Wilson,Matthew Wilson,63,Finance,Manager,Austin,108954.94,16089.59,2024-01-19,35,76.2,matthew.wilson@company.com,(450) 985-5425,On Leave
EMP030541,William,Smith,William Smith,51,HR,Senior Developer,Boston,64242.13,10476.26,2020-11-03,24,74.7,william.smith@company.com,(427) 212-3643,Active
EMP030542,Stephanie,Gonzalez,Stephanie Gonzalez,36,Marketing,Associate,Boston,49233.54,2176.13,2023-12-15,11,98.1,stephanie.gonzalez@company.com,(292) 241-5343,Active
EMP030543,Melissa,Anderson,Melissa Anderson,49,Engineering,Senior Developer,Chicago,112857.13,16884.26,2022-11-07,24,94.6,melissa.anderson@company.com,(948) 638-1474,Active
EMP030544,Daniel,Hernandez,Daniel Hernandez,50,Sales,Lead,San Francisco,80226.91,6272.83,2024-07-16,22,57.5,daniel.hernandez@company.com,(924) 213-5703,Active
EMP030545,David,Garcia,David Garcia,22,Sales,Associate,Miami,58169.9,4265.13,2021-10-23,0,87.3,david.garcia@company.com,(626) 381-9624,Active
EMP030546,Daniel,Thomas,Daniel Thomas,41,Marketing,Analyst,San Francisco,71710.87,10640.22,2023-12-29,17,69.5,daniel.thomas@company.com,(563) 858-4635,Active
EMP030547,David,Moore,David Moore,60,Finance,Senior Developer,San Francisco,97482.4,13748.1,2023-10-04,34,66.3,david.moore@company.com,(507) 216-1062,Active
EMP030548,Amanda,Rodriguez,Amanda Rodriguez,27,Marketing,Director,Los Angeles,55217.59,7725.79,2022-07-28,3,81.5,amanda.rodriguez@company.com,(349) 785-3196,Inactive
EMP030549,Christopher,Thomas,Christopher Thomas,47,IT,Coordinator,San Francisco,97007.62,19644.44,2021-02-01,24,60.1,christopher.thomas@company.com,(311) 960-4216,On Leave
EMP030550,James,Gonzalez,James Gonzalez,37,HR,Analyst,Miami,27000.0,4634.2,2024-04-25,9,79.4,james.gonzalez@company.com,(556) 961-6510,Inactive
EMP030551,Ashley,Lopez,Ashley Lopez,57,Legal,Senior Developer,Los Angeles,95523.78,10297.4,2020-08-12,35,40.3,ashley.lopez@company.com,(524) 335-1974,Active
EMP030552,Sarah,Thomas,Sarah Thomas,35,Operations,Specialist,Boston,57805.25,9443.23,2021-07-22,8,97.1,sarah.thomas@company.com,(522) 798-1624,Active
EMP030553,Jessica,Anderson,Jessica Anderson,34,Marketing,Specialist,Chicago,68244.42,8075.58,2024-11-01,7,63.6,jessica.anderson@company.com,(920) 608-6372,Active
EMP030554,Ashley,Wilson,Ashley Wilson,60,Legal,Lead,Los Angeles,118035.49,3141.27,2021-12-08,33,69.2,ashley.wilson@company.com,(598) 587-6041,Active
EMP030555,Daniel,Martin,Daniel Martin,45,Engineering,Associate,Austin,123735.44,5325.9,2021-02-01,22,95.2,daniel.martin@company.com,(964) 968-2752,Active
EMP030556,William,Johnson,William Johnson,27,IT,Analyst,Boston,76852.49,4734.08,2024-06-26,3,52.5,william.johnson@company.com,(206) 513-8598,Active
EMP030557,Christopher,Garcia,Christopher Garcia,49,HR,Manager,San Francisco,81277.41,5904.76,2020-11-23,20,54.3,christopher.garcia@company.com,(724) 671-4022,Active
EMP030558,Emily,Jones,Emily Jones,33,Finance,Analyst,New York,103039.0,11869.24,2024-11-22,6,50.8,emily.jones@company.com,(540) 319-4834,Active
EMP030559,Lisa,Anderson,Lisa Anderson,50,Engineering,Analyst,Miami,108839.91,18815.38,2020-12-09,21,67.5,lisa.anderson@company.com,(553) 203-1449,Active
EMP030560,Jessica,Jones,Jessica Jones,48,HR,Associate,Chicago,63173.08,10945.71,2020-12-22,19,64.5,jessica.jones@company.com,(228) 673-2696,Active
EMP030561,Robert,Gonzalez,Robert Gonzalez,55,Marketing,Lead,Chicago,89303.44,11547.84,2022-11-13,30,77.6,robert.gonzalez@company.com,(251) 341-2488,Active
EMP030562,Lisa,Jones,Lisa Jones,29,IT,Associate,San Francisco,53223.85,6121.46,2023-11-25,7,78.4,lisa.jones@company.com,(454) 811-8036,On Leave
EMP030563,Ashley,Anderson,Ashley Anderson,40,Marketing,Specialist,New York,69533.25,4089.73,2020-10-10,15,78.5,ashley.anderson@company.com,(907) 478-1657,Active
EMP030564,Christopher,Davis,Christopher Davis,35,HR,Associate,Miami,42727.59,4664.55,2024-06-15,6,67.6,christopher.davis@company.com,(875) 297-8143,Active
EMP030565,Melissa,Jones,Melissa Jones,46,Operations,Manager,Chicago,65122.9,15066.84,2021-01-28,21,81.8,melissa.jones@company.com,(710) 802-7903,Active
EMP030566,Ashley,Lopez,Ashley Lopez,45,Marketing,Lead,Miami,51428.72,4589.41,2023-04-15,19,95.5,ashley.lopez@company.com,(819) 961-2787,Active
EMP030567,James,Thomas,James Thomas,59,IT,Director,Seattle,67380.91,3562.41,2023-09-02,33,60.3,james.thomas@company.com,(439) 759-3444,Active
EMP030568,Ashley,Davis,Ashley Davis,35,Marketing,Manager,Los Angeles,78351.61,6252.94,2023-05-23,9,80.3,ashley.davis@company.com,(606) 332-6809,On Leave
EMP030569,William,Brown,William Brown,43,Finance,Associate,Chicago,55333.66,6579.83,2023-08-31,15,86.6,william.brown@company.com,(903) 737-1031,Active
EMP030570,Stephanie,Gonzalez,Stephanie Gonzalez,51,Operations,Associate,San Francisco,79847.85,9396.14,2021-11-23,26,77.9,stephanie.gonzalez@company.com,(230) 373-8923,Active
EMP030571,Nicole,Anderson,Nicole Anderson,38,Engineering,Coordinator,Chicago,80245.74,10945.8,2021-09-12,13,69.4,nicole.anderson@company.com,(590) 435-1530,Active
EMP030572,Stephanie,Johnson,Stephanie Johnson,55,Engineering,Analyst,Boston,103596.39,20000.98,2021-01-11,33,84.6,stephanie.johnson@company.com,(593) 723-4998,Active
EMP030573,Jane,Taylor,Jane Taylor,40,Sales,Senior Developer,San Francisco,42662.18,0.0,2023-04-07,13,82.9,jane.taylor@company.com,(361) 994-4235,Active
EMP030574,Michael,Martinez,Michael Martinez,38,Finance,Coordinator,Los Angeles,84731.02,9774.38,2023-04-15,14,77.6,michael.martinez@company.com,(551) 228-3973,Active
EMP030575,David,Anderson,David Anderson,34,Finance,Lead,San Francisco,64590.56,7102.79,2024-04-27,7,72.1,david.anderson@company.com,(983) 812-9951,Active
EMP030576,Matthew,Martinez,Matthew Martinez,43,Legal,Manager,Boston,84780.57,6040.47,2022-10-17,20,64.9,matthew.martinez@company.com,(834) 359-2553,Active
EMP030577,Sarah,Martin,Sarah Martin,27,IT,Director,Miami,67684.95,10453.46,2020-12-24,2,62.2,sarah.martin@company.com,(402) 605-8197,Active
EMP030578,Jane,Gonzalez,Jane Gonzalez,25,Operations,Lead,San Francisco,50651.85,6767.58,2021-03-27,2,85.0,jane.gonzalez@company.com,(741) 728-7693,Active
EMP030579,Jessica,Gonzalez,Jessica Gonzalez,46,Operations,Analyst,New York,54978.56,8959.83,2022-07-08,20,88.9,jessica.gonzalez@company.com,(746) 957-2540,Active
EMP030580,Matthew,Jackson,Matthew Jackson,38,Operations,Associate,Seattle,59239.92,1782.59,2023-08-13,11,85.3,matthew.jackson@company.com,(524) 433-4861,Active
EMP030581,Jane,Miller,Jane Miller,25,Legal,Specialist,San Francisco,37500.0,6537.39,2023-11-05,0,72.4,jane.miller@company.com,(243) 628-8081,Active
EMP030582,Matthew,Thomas,Matthew Thomas,41,Operations,Coordinator,Boston,46023.13,3903.34,2021-08-06,15,74.0,matthew.thomas@company.com,(395) 530-6483,Active
EMP030583,Matthew,Thomas,Matthew Thomas,43,Finance,Coordinator,San Francisco,61148.29,11762.43,2022-11-09,19,51.9,matthew.thomas@company.com,(801) 813-6554,Active
EMP030584,Michael,Lopez,Michael Lopez,39,Finance,Lead,Boston,74400.7,4372.22,2022-06-20,14,86.8,michael.lopez@company.com,(750) 474-2152,On Leave
EMP030585,Nicole,Moore,Nicole Moore,39,Legal,Lead,New York,59689.14,0.0,2024-10-26,17,59.3,nicole.moore@company.com,(473) 789-2332,Active
EMP030586,James,Lopez,James Lopez,29,HR,Specialist,San Francisco,89890.51,12647.5,2024-02-13,2,60.0,james.lopez@company.com,(653) 947-5211,Active
EMP030587,Emily,Gonzalez,Emily Gonzalez,51,Legal,Coordinator,Boston,101146.47,10600.29,2022-06-13,23,96.9,emily.gonzalez@company.com,(863) 463-3329,Active
EMP030588,David,Rodriguez,David Rodriguez,31,Legal,Manager,Los Angeles,88778.5,6520.74,2022-04-27,3,72.9,david.rodriguez@company.com,(734) 571-6287,Active
EMP030589,James,Jones,James Jones,31,Finance,Senior Developer,Boston,83565.03,12714.29,2024-07-09,8,86.3,james.jones@company.com,(200) 731-5455,Active
EMP030590,Emily,Anderson,Emily Anderson,35,Marketing,Associate,Boston,50022.76,3340.27,2020-11-22,8,86.1,emily.anderson@company.com,(699) 589-6691,Active
EMP030591,Anthony,Brown,Anthony Brown,64,Marketing,Director,Chicago,68484.99,7631.53,2021-10-13,35,77.5,anthony.brown@company.com,(368) 860-7922,Active
EMP030592,Anthony,Moore,Anthony Moore,55,HR,Coordinator,Austin,68775.27,10322.83,2023-05-15,33,62.3,anthony.moore@company.com,(808) 442-5680,Active
EMP030593,Anthony,Smith,Anthony Smith,43,Operations,Senior Developer,Los Angeles,77070.76,9536.14,2024-05-08,18,69.3,anthony.smith@company.com,(908) 576-3926,Active
EMP030594,Daniel,Garcia,Daniel Garcia,26,Engineering,Manager,San Francisco,106271.23,10509.11,2022-07-21,0,78.2,daniel.garcia@company.com,(842) 636-7106,Active
EMP030595,William,Anderson,William Anderson,49,Sales,Coordinator,Los Angeles,112191.67,13286.88,2023-08-30,20,67.6,william.anderson@company.com,(803) 756-3400,Inactive
EMP030596,Jane,Wilson,Jane Wilson,33,Finance,Manager,Seattle,51431.51,4201.81,2023-07-13,6,47.2,jane.wilson@company.com,(800) 590-6542,Active
EMP030597,Michael,Rodriguez,Michael Rodriguez,27,Operations,Senior Developer,Austin,48685.77,2419.51,2022-08-18,0,77.8,michael.rodriguez@company.com,(729) 292-7658,Active
EMP030598,Anthony,Rodriguez,Anthony Rodriguez,23,Operations,Senior Developer,Los Angeles,52234.62,6810.93,2020-01-29,0,66.9,anthony.rodriguez@company.com,(706) 245-5254,Active
EMP030599,Nicole,Gonzalez,Nicole Gonzalez,58,HR,Coordinator,Boston,67865.37,15064.09,2023-01-21,35,72.2,nicole.gonzalez@company.com,(404) 578-9668,Active
EMP030600,Emily,Taylor,Emily Taylor,28,Legal,Analyst,Miami,79665.51,8049.09,2024-08-01,0,63.7,emily.taylor@company.com,(282) 325-7807,Active
EMP030601,Sarah,Lopez,Sarah Lopez,55,Legal,Specialist,Seattle,101458.12,17418.2,2023-03-24,31,84.9,sarah.lopez@company.com,(424) 263-3836,Active
EMP030602,Christopher,Garcia,Christopher Garcia,55,Legal,Senior Developer,Boston,97588.67,1294.9,2021-09-26,26,87.5,christopher.garcia@company.com,(908) 637-3095,Active
EMP030603,David,Wilson,David Wilson,65,Finance,Specialist,Boston,109175.31,4604.99,2020-05-07,43,70.6,david.wilson@company.com,(239) 972-3030,Active
EMP030604,Jessica,Jackson,Jessica Jackson,43,Sales,Associate,Seattle,70752.28,7393.56,2021-04-12,19,90.4,jessica.jackson@company.com,(386) 386-2636,Inactive
EMP030605,Anthony,Miller,Anthony Miller,43,IT,Lead,Miami,122332.5,22864.17,2022-10-19,20,92.5,anthony.miller@company.com,(315) 560-6248,Active
EMP030606,David,Martinez,David Martinez,56,Marketing,Analyst,New York,81742.4,13616.38,2021-10-09,33,100.0,david.martinez@company.com,(561) 499-8292,Inactive
EMP030607,Christopher,Martin,Christopher Martin,62,Operations,Associate,Boston,77220.48,8969.11,2021-09-12,38,72.4,christopher.martin@company.com,(591) 736-3653,Active
EMP030608,Lisa,Jackson,Lisa Jackson,52,Operations,Manager,Seattle,92165.07,10514.93,2022-11-02,25,61.6,lisa.jackson@company.com,(376) 960-4652,Active
EMP030609,Michael,Rodriguez,Michael Rodriguez,30,Engineering,Specialist,Miami,86648.7,0.0,2022-10-01,8,96.0,michael.rodriguez@company.com,(689) 433-2436,Active
EMP030610,Michael,Jackson,Michael Jackson,58,Legal,Coordinator,Seattle,78544.91,5187.94,2020-09-23,34,100.0,michael.jackson@company.com,(824) 798-3456,Active
EMP030611,Nicole,Lopez,Nicole Lopez,22,Legal,Lead,Miami,77287.94,1919.16,2023-02-07,0,82.3,nicole.lopez@company.com,(683) 434-3925,Active
EMP030612,Amanda,Lopez,Amanda Lopez,43,HR,Specialist,Chicago,69085.7,6271.62,2020-12-25,19,72.3,amanda.lopez@company.com,(546) 821-1560,Active
EMP030613,Robert,Gonzalez,Robert Gonzalez,45,IT,Specialist,Chicago,90083.54,2872.71,2020-12-05,20,65.4,robert.gonzalez@company.com,(532) 883-7946,Active
EMP030614,Sarah,Anderson,Sarah Anderson,33,HR,Analyst,Seattle,43922.52,1295.68,2020-11-16,11,74.5,sarah.anderson@company.com,(348) 747-6983,Active
EMP030615,Michael,Miller,Michael Miller,28,Sales,Manager,Miami,72283.57,4493.96,2020-09-06,3,74.8,michael.miller@company.com,(891) 805-2187,Active
EMP030616,Melissa,Johnson,Melissa Johnson,53,Engineering,Manager,Chicago,96782.86,6930.17,2022-04-09,29,100.0,melissa.johnson@company.com,(857) 213-4861,Active
EMP030617,Robert,Garcia,Robert Garcia,27,Finance,Coordinator,Miami,64654.25,1399.8,2020-07-29,4,79.8,robert.garcia@company.com,(541) 577-3109,Active
EMP030618,Matthew,Davis,Matthew Davis,33,Finance,Associate,New York,86075.67,11281.54,2022-03-17,9,65.4,matthew.davis@company.com,(574) 853-1043,Active
EMP030619,Matthew,Martinez,Matthew Martinez,54,Operations,Lead,New York,73446.2,4202.1,2023-03-25,31,58.5,matthew.martinez@company.com,(582) 532-1655,Active
EMP030620,Robert,Miller,Robert Miller,58,Legal,Senior Developer,Chicago,128754.16,18971.14,2022-07-10,30,100.0,robert.miller@company.com,(303) 987-8282,Active
EMP030621,Christopher,Smith,Christopher Smith,38,Operations,Director,Miami,31752.1,4022.21,2022-08-14,9,76.6,christopher.smith@company.com,(511) 268-5119,Active
EMP030622,Ashley,Gonzalez,Ashley Gonzalez,22,Sales,Senior Developer,Boston,80627.48,10613.8,2021-08-06,0,54.9,ashley.gonzalez@company.com,(770) 237-3432,Active
EMP030623,David,Taylor,David Taylor,60,Finance,Coordinator,New York,122310.95,10826.89,2022-05-09,38,69.7,david.taylor@company.com,(903) 552-5793,On Leave
EMP030624,John,Taylor,John Taylor,48,Sales,Director,Austin,77781.7,12209.45,2024-01-05,24,47.4,john.taylor@company.com,(487) 632-7159,Active
EMP030625,Matthew,Martinez,Matthew Martinez,28,HR,Specialist,Boston,58507.54,7903.13,2021-06-25,5,62.6,matthew.martinez@company.com,(385) 629-8127,Active
EMP030626,Stephanie,Jackson,Stephanie Jackson,34,Finance,Director,Miami,74260.22,10259.45,2024-06-20,7,83.6,stephanie.jackson@company.com,(548) 798-4668,Inactive
EMP030627,David,Wilson,David Wilson,27,IT,Analyst,New York,88349.93,2362.31,2020-05-04,4,100.0,david.wilson@company.com,(456) 212-8063,Active
EMP030628,Lisa,Thomas,Lisa Thomas,53,Operations,Senior Developer,New York,80020.86,2556.95,2024-03-16,25,47.3,lisa.thomas@company.com,(562) 512-4386,Active
EMP030629,Melissa,Miller,Melissa Miller,41,Engineering,Analyst,Chicago,76535.63,6074.68,2020-09-18,12,56.5,melissa.miller@company.com,(449) 285-7861,Inactive
EMP030630,Michael,Jones,Michael Jones,50,HR,Director,San Francisco,76824.69,11952.11,2021-11-29,21,68.1,michael.jones@company.com,(713) 392-2446,Active
EMP030631,Christopher,Gonzalez,Christopher Gonzalez,60,Sales,Senior Developer,Austin,82137.6,2548.27,2022-04-10,34,62.2,christopher.gonzalez@company.com,(940) 468-4527,Active
EMP030632,Nicole,Thomas,Nicole Thomas,41,Finance,Director,Miami,62465.01,4425.17,2022-04-21,13,72.3,nicole.thomas@company.com,(277) 496-4697,Active
EMP030633,Nicole,Gonzalez,Nicole Gonzalez,62,Finance,Specialist,New York,75066.32,5401.02,2020-01-10,36,56.3,nicole.gonzalez@company.com,(763) 441-3869,Active
EMP030634,Nicole,Martin,Nicole Martin,23,Finance,Senior Developer,Chicago,60636.03,5790.42,2021-10-14,1,85.1,nicole.martin@company.com,(537) 704-1643,Active
EMP030635,Melissa,Anderson,Melissa Anderson,25,Engineering,Analyst,Austin,99452.82,18027.37,2023-05-07,0,73.7,melissa.anderson@company.com,(692) 251-5678,Active
EMP030636,Christopher,Miller,Christopher Miller,37,HR,Specialist,New York,77901.98,11925.41,2021-12-27,10,72.0,christopher.miller@company.com,(607) 280-8187,On Leave
EMP030637,William,Davis,William Davis,48,Sales,Coordinator,San Francisco,73175.13,6803.56,2022-08-09,21,49.7,william.davis@company.com,(548) 259-9269,Active
EMP030638,John,Brown,John Brown,50,Operations,Analyst,San Francisco,55635.6,4050.13,2023-06-06,23,69.1,john.brown@company.com,(322) 992-9305,Active
EMP030639,David,Taylor,David Taylor,63,Sales,Senior Developer,Boston,82680.48,7493.67,2021-10-21,35,78.7,david.taylor@company.com,(260) 517-8651,Inactive
EMP030640,Daniel,Gonzalez,Daniel Gonzalez,31,HR,Manager,San Francisco,46476.04,4398.1,2023-10-22,9,97.5,daniel.gonzalez@company.com,(679) 529-2959,On Leave
EMP030641,Sarah,Gonzalez,Sarah Gonzalez,29,Engineering,Director,Los Angeles,62886.65,11140.82,2020-01-26,6,72.7,sarah.gonzalez@company.com,(434) 572-6388,Active
EMP030642,Melissa,Smith,Melissa Smith,35,Engineering,Lead,San Francisco,107704.08,768.24,2021-12-31,11,73.7,melissa.smith@company.com,(361) 897-4230,Active
EMP030643,Michael,Taylor,Michael Taylor,57,Finance,Specialist,New York,82615.28,7843.37,2021-04-18,33,77.3,michael.taylor@company.com,(281) 214-4804,Active
EMP030644,James,Lopez,James Lopez,30,Sales,Associate,San Francisco,66033.59,7341.56,2020-11-29,2,73.1,james.lopez@company.com,(854) 571-5612,Active
EMP030645,Michael,Davis,Michael Davis,56,HR,Manager,Austin,85853.39,8295.29,2022-12-02,29,82.6,michael.davis@company.com,(876) 808-2541,Active
EMP030646,James,Williams,James Williams,61,Engineering,Associate,Los Angeles,118493.65,18443.82,2024-06-26,32,59.4,james.williams@company.com,(257) 785-4732,Active
EMP030647,Anthony,Martin,Anthony Martin,34,Operations,Analyst,Boston,41725.63,4189.45,2021-10-18,8,83.2,anthony.martin@company.com,(286) 516-5598,Active
EMP030648,William,Martinez,William Martinez,22,Finance,Senior Developer,Boston,59559.7,8515.01,2021-05-01,0,81.7,william.martinez@company.com,(499) 589-4060,Active
EMP030649,Nicole,Williams,Nicole Williams,56,Legal,Manager,Chicago,73755.79,9230.81,2023-01-20,33,66.4,nicole.williams@company.com,(246) 669-8314,Active
EMP030650,Ashley,Wilson,Ashley Wilson,38,IT,Specialist,San Francisco,99284.76,9186.4,2022-04-09,9,92.8,ashley.wilson@company.com,(773) 937-9024,Active
EMP030651,Daniel,Thomas,Daniel Thomas,26,Legal,Director,Chicago,112802.41,13380.66,2020-01-08,3,84.9,daniel.thomas@company.com,(925) 866-7493,Active
EMP030652,Melissa,Hernandez,Melissa Hernandez,58,Sales,Coordinator,Los Angeles,65913.95,5916.52,2022-12-01,34,69.4,melissa.hernandez@company.com,(229) 524-4647,Active
EMP030653,Amanda,Williams,Amanda Williams,28,Legal,Analyst,Chicago,65120.45,2663.67,2023-10-22,6,68.9,amanda.williams@company.com,(725) 451-1815,Active
EMP030654,Michael,Martin,Michael Martin,45,Sales,Associate,Boston,75349.35,8162.88,2022-07-09,19,82.8,michael.martin@company.com,(433) 380-4001,Active
EMP030655,James,Williams,James Williams,31,Engineering,Coordinator,New York,82873.58,7574.61,2023-08-20,7,55.8,james.williams@company.com,(931) 860-3997,Active
EMP030656,Amanda,Miller,Amanda Miller,52,Legal,Lead,San Francisco,73657.3,8803.06,2023-03-23,23,68.0,amanda.miller@company.com,(201) 276-7996,Active
EMP030657,Nicole,Moore,Nicole Moore,37,Legal,Senior Developer,Chicago,101629.85,13282.66,2023-08-20,12,84.7,nicole.moore@company.com,(599) 909-8990,Active
EMP030658,Matthew,Brown,Matthew Brown,35,Marketing,Senior Developer,San Francisco,50938.21,7894.55,2020-01-03,7,100.0,matthew.brown@company.com,(648) 300-4965,Active
EMP030659,John,Brown,John Brown,58,Sales,Coordinator,San Francisco,80981.65,10649.13,2023-07-24,31,67.8,john.brown@company.com,(626) 354-7979,Active
EMP030660,Robert,Hernandez,Robert Hernandez,64,HR,Director,New York,66468.5,4555.77,2024-06-11,39,51.4,robert.hernandez@company.com,(520) 741-1948,Inactive
EMP030661,Christopher,Hernandez,Christopher Hernandez,38,HR,Manager,New York,85261.07,10751.32,2022-06-06,11,62.0,christopher.hernandez@company.com,(893) 809-1927,Active
EMP030662,Lisa,Martinez,Lisa Martinez,31,HR,Manager,Los Angeles,53438.99,5746.61,2022-10-18,6,58.1,lisa.martinez@company.com,(793) 682-2102,Active
EMP030663,James,Martin,James Martin,27,Finance,Manager,San Francisco,63847.13,8129.15,2024-08-15,4,73.2,james.martin@company.com,(913) 483-9068,Active
EMP030664,Daniel,Jackson,Daniel Jackson,29,IT,Specialist,San Francisco,67977.54,5129.56,2020-04-19,2,58.2,daniel.jackson@company.com,(383) 287-3581,Active
EMP030665,Jessica,Moore,Jessica Moore,57,Marketing,Coordinator,Seattle,71771.75,9162.42,2024-10-29,30,65.5,jessica.moore@company.com,(708) 577-3999,Active
EMP030666,Sarah,Davis,Sarah Davis,62,Finance,Senior Developer,Austin,90119.77,15942.26,2021-12-19,36,73.9,sarah.davis@company.com,(467) 356-3382,Active
EMP030667,Nicole,Jackson,Nicole Jackson,28,Engineering,Manager,San Francisco,61741.37,1983.75,2023-03-27,0,72.1,nicole.jackson@company.com,(486) 465-8230,Active
EMP030668,Christopher,Anderson,Christopher Anderson,41,Sales,Director,Los Angeles,63313.46,5505.05,2021-11-26,16,92.9,christopher.anderson@company.com,(476) 638-3218,Active
EMP030669,Jane,Martinez,Jane Martinez,57,HR,Specialist,San Francisco,58002.18,8597.62,2022-09-28,35,100.0,jane.martinez@company.com,(749) 368-2581,Active
EMP030670,Daniel,Lopez,Daniel Lopez,45,HR,Director,Seattle,87343.01,6550.75,2022-10-07,17,85.7,daniel.lopez@company.com,(649) 812-8444,Active
EMP030671,Matthew,Wilson,Matthew Wilson,35,HR,Senior Developer,Chicago,70705.93,16416.62,2022-12-19,8,59.2,matthew.wilson@company.com,(416) 843-4750,Active
EMP030672,Stephanie,Miller,Stephanie Miller,33,Legal,Manager,Miami,101771.73,10430.01,2023-08-20,9,77.4,stephanie.miller@company.com,(483) 509-4373,Active
EMP030673,Matthew,Smith,Matthew Smith,49,Operations,Coordinator,Seattle,56507.41,8087.03,2023-09-03,23,60.5,matthew.smith@company.com,(233) 876-2547,Active
EMP030674,Sarah,Anderson,Sarah Anderson,52,HR,Analyst,Boston,84051.7,4368.41,2021-08-31,28,64.3,sarah.anderson@company.com,(417) 290-6148,Active
EMP030675,Robert,Brown,Robert Brown,61,Sales,Director,Los Angeles,67662.96,4679.56,2022-04-17,37,83.7,robert.brown@company.com,(838) 976-6524,Active
EMP030676,Stephanie,Hernandez,Stephanie Hernandez,41,Marketing,Manager,San Francisco,70766.38,7327.7,2021-03-11,14,54.9,stephanie.hernandez@company.com,(868) 249-1770,Active
EMP030677,Ashley,Brown,Ashley Brown,62,Finance,Analyst,Miami,89694.41,11909.41,2024-01-11,34,60.3,ashley.brown@company.com,(285) 680-3749,Active
EMP030678,Melissa,Martinez,Melissa Martinez,49,Legal,Coordinator,San Francisco,108533.37,10502.22,2024-01-29,22,62.6,melissa.martinez@company.com,(435) 445-8476,Active
EMP030679,James,Rodriguez,James Rodriguez,30,Sales,Specialist,New York,91933.98,0.0,2021-06-15,2,34.3,james.rodriguez@company.com,(748) 523-6879,Active
EMP030680,Amanda,Anderson,Amanda Anderson,27,Operations,Senior Developer,Miami,50596.22,3327.68,2020-04-08,0,68.1,amanda.anderson@company.com,(517) 237-4010,Inactive
EMP030681,Amanda,Gonzalez,Amanda Gonzalez,28,Engineering,Lead,Chicago,66613.94,5931.88,2024-07-15,2,66.6,amanda.gonzalez@company.com,(708) 899-7616,Active
EMP030682,Ashley,Martin,Ashley Martin,52,Legal,Senior Developer,Chicago,88633.48,6242.53,2023-08-27,28,61.5,ashley.martin@company.com,(629) 593-3213,Active
EMP030683,John,Martin,John Martin,46,Marketing,Lead,Boston,61322.18,7152.98,2023-02-13,17,56.6,john.martin@company.com,(400) 432-8764,Inactive
EMP030684,Stephanie,Wilson,Stephanie Wilson,34,Operations,Manager,Los Angeles,66575.11,5032.23,2021-05-03,7,67.6,stephanie.wilson@company.com,(982) 997-8316,Active
EMP030685,Sarah,Martin,Sarah Martin,61,Marketing,Associate,Boston,78401.31,9582.27,2024-05-16,37,78.4,sarah.martin@company.com,(334) 960-6252,Active
EMP030686,William,Martin,William Martin,24,Marketing,Associate,Austin,83553.05,8918.29,2024-11-16,0,76.2,william.martin@company.com,(303) 260-1517,On Leave
EMP030687,Stephanie,Gonzalez,Stephanie Gonzalez,40,Operations,Analyst,Austin,72770.88,13586.41,2024-11-02,16,65.5,stephanie.gonzalez@company.com,(493) 760-2355,Active
EMP030688,Jessica,Martinez,Jessica Martinez,54,Finance,Manager,Chicago,98540.13,10631.56,2021-11-07,25,79.3,jessica.martinez@company.com,(964) 851-8571,Active
EMP030689,David,Martinez,David Martinez,52,Legal,Manager,Los Angeles,96969.83,4790.21,2024-03-21,26,71.9,david.martinez@company.com,(381) 883-1371,Active
EMP030690,Michael,Brown,Michael Brown,54,HR,Specialist,Miami,105595.56,6154.76,2024-10-13,32,70.6,michael.brown@company.com,(407) 842-4339,Inactive
EMP030691,Amanda,Moore,Amanda Moore,26,HR,Associate,Miami,47436.96,5115.97,2024-03-15,0,94.3,amanda.moore@company.com,(779) 647-2695,Active
EMP030692,Michael,Taylor,Michael Taylor,60,HR,Analyst,Austin,80509.29,6017.83,2020-06-21,33,87.4,michael.taylor@company.com,(583) 933-4876,Active
EMP030693,Michael,Jackson,Michael Jackson,50,Legal,Senior Developer,Chicago,106719.94,13896.95,2022-03-27,28,86.9,michael.jackson@company.com,(778) 498-2043,Inactive
EMP030694,Jane,Anderson,Jane Anderson,26,Engineering,Specialist,Los Angeles,78289.97,15259.76,2021-11-17,2,69.3,jane.anderson@company.com,(403) 861-7717,Active
EMP030695,Ashley,Jackson,Ashley Jackson,45,Finance,Associate,New York,99782.49,7680.54,2020-03-08,17,52.3,ashley.jackson@company.com,(906) 631-5534,Active
EMP030696,Jane,Jackson,Jane Jackson,29,Engineering,Analyst,Los Angeles,89964.43,13958.88,2021-04-12,4,81.4,jane.jackson@company.com,(714) 701-1222,Active
EMP030697,Lisa,Miller,Lisa Miller,64,Legal,Analyst,Seattle,110110.45,15163.41,2022-11-07,40,66.3,lisa.miller@company.com,(553) 770-3214,Active
EMP030698,James,Johnson,James Johnson,58,Operations,Associate,Boston,74415.3,11722.56,2022-07-03,29,70.6,james.johnson@company.com,(318) 698-4660,Active
EMP030699,Daniel,Miller,Daniel Miller,41,Operations,Specialist,Miami,48071.71,8020.55,2022-03-18,17,78.1,daniel.miller@company.com,(688) 664-2072,Active
EMP030700,Michael,Jackson,Michael Jackson,35,Sales,Coordinator,Chicago,73870.81,8409.84,2020-11-16,13,63.6,michael.jackson@company.com,(689) 723-9927,Active
EMP030701,Jane,Davis,Jane Davis,30,Legal,Senior Developer,Boston,69152.13,7592.77,2021-09-28,4,67.1,jane.davis@company.com,(860) 867-9684,Active
EMP030702,Lisa,Johnson,Lisa Johnson,41,Operations,Lead,Seattle,68517.16,4427.11,2024-07-02,17,74.1,lisa.johnson@company.com,(422) 896-5955,Active
EMP030703,Lisa,Lopez,Lisa Lopez,62,Finance,Coordinator,Boston,93531.06,10668.43,2020-01-28,36,89.7,lisa.lopez@company.com,(395) 495-5162,Active
EMP030704,Melissa,Smith,Melissa Smith,58,IT,Associate,Seattle,126035.54,17726.86,2023-04-27,36,84.1,melissa.smith@company.com,(284) 902-8693,Active
EMP030705,William,Smith,William Smith,50,Operations,Specialist,Austin,49025.48,108.75,2021-02-07,26,44.2,william.smith@company.com,(840) 539-7195,Active
EMP030706,John,Thomas,John Thomas,49,Engineering,Specialist,New York,135630.07,10385.49,2020-05-10,27,75.4,john.thomas@company.com,(296) 414-4124,Active
EMP030707,Daniel,Martinez,Daniel Martinez,35,Engineering,Specialist,San Francisco,80799.3,0.0,2021-06-20,6,76.3,daniel.martinez@company.com,(447) 481-6068,Active
EMP030708,Daniel,Taylor,Daniel Taylor,51,Sales,Manager,New York,93452.16,20268.49,2020-09-26,27,76.3,daniel.taylor@company.com,(601) 562-2430,Active
EMP030709,James,Martin,James Martin,28,Sales,Associate,Seattle,60374.07,8477.56,2022-02-06,5,92.0,james.martin@company.com,(347) 986-2705,Active
EMP030710,James,Gonzalez,James Gonzalez,48,HR,Associate,New York,64588.35,10041.54,2023-01-29,24,55.5,james.gonzalez@company.com,(294) 969-8517,Active
EMP030711,James,Wilson,James Wilson,24,IT,Manager,New York,79484.59,4784.47,2020-10-27,0,52.2,james.wilson@company.com,(685) 550-6259,Active
EMP030712,Nicole,Williams,Nicole Williams,36,Sales,Specialist,Austin,76688.94,6771.3,2022-07-12,12,74.0,nicole.williams@company.com,(795) 431-9219,Inactive
EMP030713,Ashley,Moore,Ashley Moore,31,IT,Analyst,Seattle,71735.78,6039.67,2023-07-26,5,75.4,ashley.moore@company.com,(804) 806-2106,Active
EMP030714,William,Davis,William Davis,64,HR,Director,New York,93174.83,8139.4,2020-10-10,36,82.4,william.davis@company.com,(829) 279-4942,Active
EMP030715,Daniel,Smith,Daniel Smith,39,Legal,Associate,Chicago,61813.45,5229.92,2021-08-27,14,84.2,daniel.smith@company.com,(807) 815-9852,Active
EMP030716,Ashley,Garcia,Ashley Garcia,37,Legal,Director,New York,53840.94,4304.2,2021-05-02,10,90.3,ashley.garcia@company.com,(412) 748-6271,Active
EMP030717,Lisa,Taylor,Lisa Taylor,25,Operations,Senior Developer,Seattle,66136.31,6364.61,2021-08-24,2,81.0,lisa.taylor@company.com,(503) 387-7458,Active
EMP030718,Sarah,Thomas,Sarah Thomas,62,Finance,Coordinator,Los Angeles,101718.81,8416.12,2024-05-22,35,66.8,sarah.thomas@company.com,(337) 945-9033,Active
EMP030719,William,Martin,William Martin,63,IT,Analyst,Miami,117492.66,17784.68,2023-01-17,41,62.6,william.martin@company.com,(231) 683-4208,Active
EMP030720,Stephanie,Anderson,Stephanie Anderson,50,HR,Analyst,Los Angeles,68785.9,13067.23,2024-09-29,21,60.5,stephanie.anderson@company.com,(446) 764-4295,Active
EMP030721,Matthew,Moore,Matthew Moore,58,Engineering,Senior Developer,San Francisco,126298.3,6580.46,2022-06-15,29,59.5,matthew.moore@company.com,(250) 772-9697,Active
EMP030722,Nicole,Jackson,Nicole Jackson,47,IT,Lead,Seattle,72797.48,9781.26,2023-10-10,19,88.0,nicole.jackson@company.com,(621) 483-3794,Active
EMP030723,Robert,Davis,Robert Davis,30,Marketing,Coordinator,San Francisco,40919.78,4626.31,2022-04-21,3,88.1,robert.davis@company.com,(692) 568-5296,Active
EMP030724,Sarah,Johnson,Sarah Johnson,56,Sales,Specialist,Seattle,85711.72,8947.53,2022-05-27,27,73.4,sarah.johnson@company.com,(406) 297-1638,Active
EMP030725,Amanda,Martinez,Amanda Martinez,57,Sales,Specialist,Seattle,89299.74,286.11,2021-08-24,33,67.3,amanda.martinez@company.com,(701) 244-2328,Active
EMP030726,Amanda,Gonzalez,Amanda Gonzalez,56,Marketing,Coordinator,Miami,71769.72,8167.33,2024-07-04,27,76.5,amanda.gonzalez@company.com,(701) 791-7028,Active
EMP030727,Anthony,Miller,Anthony Miller,65,Engineering,Specialist,Los Angeles,162888.14,22377.05,2023-09-05,36,78.2,anthony.miller@company.com,(720) 368-6993,On Leave
EMP030728,Ashley,Wilson,Ashley Wilson,64,Finance,Senior Developer,New York,81207.02,6433.21,2021-12-16,35,30.2,ashley.wilson@company.com,(764) 875-2354,Active
EMP030729,Jessica,Davis,Jessica Davis,37,Engineering,Senior Developer,Seattle,72606.35,9700.67,2021-04-07,13,80.1,jessica.davis@company.com,(583) 391-7802,Active
EMP030730,Michael,Martin,Michael Martin,46,Finance,Specialist,Seattle,73966.05,4924.88,2023-06-15,18,83.3,michael.martin@company.com,(529) 321-3399,Active
EMP030731,Matthew,Lopez,Matthew Lopez,37,Legal,Analyst,New York,79441.98,5732.02,2022-12-26,8,68.7,matthew.lopez@company.com,(426) 627-9149,Active
EMP030732,Anthony,Miller,Anthony Miller,48,Legal,Specialist,Seattle,93509.96,8105.21,2022-11-30,19,42.8,anthony.miller@company.com,(543) 783-6762,Active
EMP030733,Christopher,Gonzalez,Christopher Gonzalez,29,Engineering,Specialist,Austin,86674.84,6055.93,2022-09-29,1,72.2,christopher.gonzalez@company.com,(796) 518-2660,Active
EMP030734,Anthony,Johnson,Anthony Johnson,24,Marketing,Associate,Boston,62124.59,5982.83,2023-09-24,0,100.0,anthony.johnson@company.com,(470) 753-5618,Active
EMP030735,Sarah,Anderson,Sarah Anderson,42,Operations,Coordinator,Boston,67120.04,9325.56,2023-12-04,17,83.6,sarah.anderson@company.com,(834) 966-1092,On Leave
EMP030736,Sarah,Jackson,Sarah Jackson,50,Legal,Specialist,Austin,89710.13,9465.3,2023-02-11,28,57.9,sarah.jackson@company.com,(279) 927-3883,Active
EMP030737,Nicole,Williams,Nicole Williams,62,Legal,Analyst,Los Angeles,157206.48,8185.81,2020-11-29,36,47.8,nicole.williams@company.com,(311) 893-2963,Active
EMP030738,Matthew,Miller,Matthew Miller,45,Engineering,Coordinator,Los Angeles,104698.51,10484.35,2021-08-21,18,59.6,matthew.miller@company.com,(404) 792-5258,Active
EMP030739,James,Smith,James Smith,58,Finance,Analyst,Chicago,103526.04,10971.94,2024-04-14,29,45.9,james.smith@company.com,(524) 656-1653,Active
EMP030740,Michael,Lopez,Michael Lopez,32,Marketing,Lead,Los Angeles,58803.59,10897.03,2024-12-30,9,76.9,michael.lopez@company.com,(434) 972-1732,Inactive
EMP030741,Daniel,Jackson,Daniel Jackson,34,Sales,Analyst,San Francisco,73407.05,15671.68,2020-01-03,8,91.1,daniel.jackson@company.com,(699) 692-5781,Active
EMP030742,Lisa,Anderson,Lisa Anderson,34,Operations,Manager,San Francisco,54947.79,6704.04,2020-04-04,6,87.4,lisa.anderson@company.com,(737) 650-8486,Inactive
EMP030743,Melissa,Williams,Melissa Williams,43,IT,Associate,Seattle,95786.48,4445.96,2020-10-20,19,61.1,melissa.williams@company.com,(735) 542-4897,Active
EMP030744,Jane,Taylor,Jane Taylor,29,Sales,Specialist,Miami,95436.93,14228.21,2024-05-23,6,35.5,jane.taylor@company.com,(624) 357-1586,Active
EMP030745,Matthew,Taylor,Matthew Taylor,41,Sales,Coordinator,San Francisco,41853.53,1742.44,2020-06-06,15,75.6,matthew.taylor@company.com,(883) 435-3425,Inactive
EMP030746,Stephanie,Taylor,Stephanie Taylor,63,IT,Lead,Seattle,111867.13,10223.42,2022-11-21,37,77.1,stephanie.taylor@company.com,(247) 704-7318,Active
EMP030747,Sarah,Williams,Sarah Williams,57,Engineering,Coordinator,Chicago,73340.14,4727.64,2023-08-16,29,78.8,sarah.williams@company.com,(687) 524-5120,Active
EMP030748,Michael,Rodriguez,Michael Rodriguez,60,Finance,Senior Developer,New York,103932.12,9040.07,2023-08-05,32,94.7,michael.rodriguez@company.com,(654) 369-6072,Active
EMP030749,Jessica,Hernandez,Jessica Hernandez,42,HR,Analyst,Seattle,66478.74,9964.89,2024-11-10,16,67.0,jessica.hernandez@company.com,(537) 868-6212,On Leave
EMP030750,Robert,Jackson,Robert Jackson,33,IT,Analyst,Austin,102474.13,9137.11,2023-06-17,5,61.2,robert.jackson@company.com,(722) 700-7941,Active
EMP030751,Amanda,Lopez,Amanda Lopez,28,Operations,Associate,San Francisco,48315.11,3889.05,2022-04-08,4,100.0,amanda.lopez@company.com,(812) 449-7493,Active
EMP030752,Sarah,Jones,Sarah Jones,45,Finance,Lead,Los Angeles,97820.36,11638.39,2024-02-20,18,76.6,sarah.jones@company.com,(388) 883-8672,Active
EMP030753,John,Moore,John Moore,33,Legal,Analyst,Chicago,70354.58,0.0,2022-09-16,11,57.4,john.moore@company.com,(460) 856-7069,Active
EMP030754,Nicole,Hernandez,Nicole Hernandez,41,Sales,Manager,New York,69772.35,6873.91,2022-02-07,18,83.9,nicole.hernandez@company.com,(308) 642-3033,Active
EMP030755,Amanda,Gonzalez,Amanda Gonzalez,53,Engineering,Senior Developer,Chicago,127360.89,1863.9,2021-07-21,30,91.6,amanda.gonzalez@company.com,(808) 771-5440,Active
EMP030756,Jessica,Brown,Jessica Brown,50,IT,Manager,Los Angeles,97185.93,4843.43,2022-07-21,24,51.8,jessica.brown@company.com,(594) 368-3717,Active
EMP030757,Emily,Jones,Emily Jones,47,Engineering,Director,Chicago,81399.0,3176.07,2023-08-06,21,77.8,emily.jones@company.com,(623) 424-7599,On Leave
EMP030758,Emily,Anderson,Emily Anderson,45,IT,Manager,Los Angeles,98992.53,12605.7,2024-03-06,17,65.2,emily.anderson@company.com,(756) 972-5874,On Leave
EMP030759,Jessica,Miller,Jessica Miller,30,Operations,Senior Developer,New York,42250.22,3671.21,2021-12-02,1,72.3,jessica.miller@company.com,(216) 759-8978,Active
EMP030760,James,Smith,James Smith,31,Finance,Senior Developer,Seattle,62249.53,2423.53,2021-06-27,8,66.5,james.smith@company.com,(541) 468-4459,Inactive
EMP030761,William,Jones,William Jones,63,Finance,Specialist,San Francisco,101307.8,12118.85,2022-11-27,34,73.1,william.jones@company.com,(662) 816-1151,Active
EMP030762,John,Davis,John Davis,43,Finance,Specialist,Austin,89425.02,9829.02,2024-06-19,15,81.7,john.davis@company.com,(744) 352-6243,Active
EMP030763,Melissa,Thomas,Melissa Thomas,40,Engineering,Senior Developer,Los Angeles,67108.2,7037.29,2021-03-07,17,80.8,melissa.thomas@company.com,(609) 889-6986,Active
EMP030764,Emily,Hernandez,Emily Hernandez,29,IT,Lead,New York,92662.67,6948.17,2021-05-19,6,91.0,emily.hernandez@company.com,(344) 401-5568,Active
EMP030765,Amanda,Anderson,Amanda Anderson,42,IT,Director,Seattle,90034.74,1474.08,2020-08-22,20,62.1,amanda.anderson@company.com,(217) 524-1075,Active
EMP030766,Lisa,Martinez,Lisa Martinez,64,Legal,Analyst,New York,130042.1,17085.0,2024-01-20,42,79.3,lisa.martinez@company.com,(258) 265-8534,Active
EMP030767,Jessica,Rodriguez,Jessica Rodriguez,22,Finance,Director,Miami,89652.71,2192.08,2022-06-12,0,64.7,jessica.rodriguez@company.com,(333) 783-3266,Active
EMP030768,Ashley,Gonzalez,Ashley Gonzalez,42,Marketing,Associate,San Francisco,89490.62,9985.26,2020-12-27,17,51.5,ashley.gonzalez@company.com,(304) 857-4193,Active
EMP030769,Lisa,Johnson,Lisa Johnson,32,Operations,Manager,Los Angeles,64376.47,3538.06,2020-02-01,8,71.0,lisa.johnson@company.com,(835) 411-8639,Active
EMP030770,Michael,Williams,Michael Williams,34,HR,Director,Los Angeles,41957.26,5616.9,2022-11-20,10,88.7,michael.williams@company.com,(701) 703-5990,Active
EMP030771,Christopher,Martin,Christopher Martin,42,Operations,Associate,San Francisco,49000.21,6802.19,2021-01-26,14,76.0,christopher.martin@company.com,(274) 756-5647,Active
EMP030772,Lisa,Lopez,Lisa Lopez,65,HR,Manager,New York,93227.56,7348.34,2024-05-08,37,72.3,lisa.lopez@company.com,(224) 902-5012,Active
EMP030773,John,Wilson,John Wilson,61,Legal,Senior Developer,Chicago,133262.87,23085.83,2021-11-13,37,70.6,john.wilson@company.com,(451) 350-1017,Active
EMP030774,John,Lopez,John Lopez,28,Finance,Analyst,Boston,58640.25,3251.95,2020-02-23,6,57.1,john.lopez@company.com,(400) 937-3228,Active
EMP030775,Amanda,Hernandez,Amanda Hernandez,58,Engineering,Senior Developer,San Francisco,109390.0,13484.47,2023-11-07,29,100.0,amanda.hernandez@company.com,(475) 267-8768,Inactive
EMP030776,Daniel,Moore,Daniel Moore,49,Marketing,Associate,New York,93047.51,12832.67,2024-06-20,20,82.6,daniel.moore@company.com,(571) 686-3480,Active
EMP030777,Jessica,Thomas,Jessica Thomas,32,HR,Manager,San Francisco,50491.91,0.0,2024-07-16,3,69.2,jessica.thomas@company.com,(910) 249-4276,Active
EMP030778,David,Jackson,David Jackson,49,HR,Manager,San Francisco,71769.27,4321.27,2023-03-25,24,69.2,david.jackson@company.com,(638) 492-8868,Active
EMP030779,Emily,Jones,Emily Jones,31,Operations,Specialist,New York,49281.85,4721.16,2022-10-20,8,60.3,emily.jones@company.com,(224) 631-7453,On Leave
EMP030780,Michael,Wilson,Michael Wilson,24,Operations,Director,San Francisco,29496.92,3088.43,2021-10-17,0,75.0,michael.wilson@company.com,(941) 923-7722,Active
EMP030781,Stephanie,Lopez,Stephanie Lopez,51,Legal,Senior Developer,Boston,120159.61,13055.64,2022-05-14,25,91.7,stephanie.lopez@company.com,(569) 645-7249,Active
EMP030782,David,Garcia,David Garcia,29,Legal,Manager,Chicago,49437.69,5419.5,2023-06-22,6,45.0,david.garcia@company.com,(790) 379-5948,On Leave
EMP030783,Stephanie,Garcia,Stephanie Garcia,62,HR,Manager,New York,95811.88,9032.14,2020-12-16,34,96.9,stephanie.garcia@company.com,(220) 718-6620,Active
EMP030784,David,Miller,David Miller,58,Marketing,Coordinator,Boston,76938.87,10154.33,2024-12-03,29,73.5,david.miller@company.com,(270) 229-1850,Active
EMP030785,Jane,Miller,Jane Miller,39,Marketing,Lead,Seattle,50703.86,6253.23,2023-09-01,17,82.1,jane.miller@company.com,(679) 489-8407,Active
EMP030786,Michael,Garcia,Michael Garcia,34,Marketing,Coordinator,Los Angeles,60949.26,12013.45,2020-10-26,12,89.9,michael.garcia@company.com,(842) 942-1832,Active
EMP030787,Emily,Gonzalez,Emily Gonzalez,47,Legal,Director,Austin,99064.2,14465.18,2021-06-06,18,73.7,emily.gonzalez@company.com,(993) 905-6584,Active
EMP030788,James,Williams,James Williams,59,Legal,Coordinator,Austin,105878.97,9663.8,2023-01-17,32,84.0,james.williams@company.com,(804) 355-1208,Active
EMP030789,Sarah,Brown,Sarah Brown,30,IT,Coordinator,Miami,95034.22,12755.62,2023-08-08,6,81.7,sarah.brown@company.com,(602) 669-9700,Active
EMP030790,Anthony,Martinez,Anthony Martinez,50,HR,Coordinator,Austin,64778.34,9221.62,2021-06-09,25,90.5,anthony.martinez@company.com,(727) 549-9240,Active
EMP030791,Robert,Lopez,Robert Lopez,63,Operations,Analyst,Boston,88122.39,8936.07,2023-04-23,34,66.8,robert.lopez@company.com,(365) 364-4392,Inactive
EMP030792,Emily,Taylor,Emily Taylor,48,Marketing,Lead,Los Angeles,79007.19,10210.18,2021-10-11,19,60.9,emily.taylor@company.com,(449) 628-4209,Active
EMP030793,Anthony,Moore,Anthony Moore,50,Sales,Associate,Chicago,78085.14,9180.91,2023-12-04,24,95.2,anthony.moore@company.com,(953) 396-7862,Inactive
EMP030794,Anthony,Garcia,Anthony Garcia,43,Operations,Manager,Boston,57156.7,10759.45,2020-10-17,15,72.3,anthony.garcia@company.com,(877) 760-3777,Active
EMP030795,Michael,Johnson,Michael Johnson,43,Operations,Coordinator,San Francisco,53894.33,7660.18,2020-08-02,17,75.0,michael.johnson@company.com,(548) 417-1003,Active
EMP030796,Emily,Lopez,Emily Lopez,65,HR,Coordinator,New York,92731.22,9489.99,2024-08-29,40,94.2,emily.lopez@company.com,(590) 415-4715,Active
EMP030797,Emily,Davis,Emily Davis,63,IT,Specialist,Seattle,97877.56,13003.42,2022-03-04,40,65.0,emily.davis@company.com,(817) 673-2673,Active
EMP030798,William,Taylor,William Taylor,51,Marketing,Manager,Miami,84606.95,5254.1,2021-05-30,23,99.4,william.taylor@company.com,(283) 254-1400,Active
EMP030799,David,Jones,David Jones,35,Legal,Manager,Boston,86349.09,5540.23,2023-04-22,13,97.8,david.jones@company.com,(285) 862-6629,Active
EMP030800,Melissa,Smith,Melissa Smith,36,HR,Manager,Miami,46550.65,3201.55,2022-01-20,9,47.7,melissa.smith@company.com,(518) 720-4811,Active
EMP030801,Sarah,Moore,Sarah Moore,50,Legal,Lead,Boston,75268.72,11168.41,2024-11-23,25,86.3,sarah.moore@company.com,(870) 556-1076,Inactive
EMP030802,Jessica,Taylor,Jessica Taylor,59,Finance,Director,Los Angeles,103670.81,8851.25,2022-07-31,33,80.8,jessica.taylor@company.com,(821) 260-2159,Active
EMP030803,Matthew,Brown,Matthew Brown,63,Marketing,Senior Developer,New York,112412.82,8443.05,2024-04-01,37,69.4,matthew.brown@company.com,(418) 308-2394,Active
EMP030804,James,Davis,James Davis,39,Legal,Manager,Chicago,52308.97,1754.46,2021-12-16,10,61.7,james.davis@company.com,(201) 946-8269,Active
EMP030805,John,Davis,John Davis,41,Finance,Analyst,Seattle,86716.02,10302.22,2020-11-25,12,43.8,john.davis@company.com,(485) 786-8879,Active
EMP030806,Jessica,Thomas,Jessica Thomas,48,Operations,Director,Seattle,70054.55,6246.82,2024-12-25,24,69.7,jessica.thomas@company.com,(379) 353-2407,Active
EMP030807,William,Garcia,William Garcia,63,Sales,Lead,Chicago,87843.09,16730.84,2020-09-18,35,82.7,william.garcia@company.com,(769) 861-5960,Active
EMP030808,John,Davis,John Davis,49,Finance,Analyst,Boston,100116.22,12411.39,2022-08-12,24,75.3,john.davis@company.com,(398) 602-3979,Inactive
EMP030809,David,Gonzalez,David Gonzalez,57,IT,Manager,Seattle,99978.73,4824.57,2024-01-25,31,78.6,david.gonzalez@company.com,(665) 704-4369,Active
EMP030810,Ashley,Williams,Ashley Williams,57,Finance,Lead,Los Angeles,114911.84,10720.18,2021-10-24,32,68.5,ashley.williams@company.com,(258) 449-8745,Active
EMP030811,John,Lopez,John Lopez,36,Sales,Associate,Miami,55976.53,127.17,2023-11-21,12,84.0,john.lopez@company.com,(687) 859-1882,Inactive
EMP030812,James,Smith,James Smith,22,Operations,Analyst,Los Angeles,47040.49,6608.53,2022-09-09,0,67.3,james.smith@company.com,(681) 505-3116,Active
EMP030813,Christopher,Anderson,Christopher Anderson,23,Marketing,Associate,San Francisco,51706.5,4977.14,2021-11-17,1,79.0,christopher.anderson@company.com,(613) 670-2461,Active
EMP030814,James,Wilson,James Wilson,50,Sales,Specialist,Boston,95080.59,11588.23,2023-11-29,28,81.0,james.wilson@company.com,(204) 922-4436,Active
EMP030815,Nicole,Brown,Nicole Brown,32,Operations,Manager,Seattle,60850.05,5507.27,2022-04-13,5,75.0,nicole.brown@company.com,(484) 778-7690,Active
EMP030816,Sarah,Brown,Sarah Brown,34,Finance,Specialist,Chicago,63724.01,9374.77,2020-06-01,8,74.5,sarah.brown@company.com,(842) 471-7800,Active
EMP030817,Anthony,Jones,Anthony Jones,58,Engineering,Director,Seattle,103447.85,2821.93,2022-04-07,29,83.8,anthony.jones@company.com,(347) 814-5224,Active
EMP030818,Daniel,Thomas,Daniel Thomas,57,HR,Specialist,San Francisco,92354.85,6389.74,2023-12-25,32,81.7,daniel.thomas@company.com,(840) 420-2711,Inactive
EMP030819,Lisa,Williams,Lisa Williams,28,Marketing,Specialist,Boston,45283.28,4802.0,2020-02-06,5,87.7,lisa.williams@company.com,(243) 887-2556,Active
EMP030820,Daniel,Williams,Daniel Williams,51,Legal,Lead,Austin,132645.11,14232.84,2024-12-07,28,58.0,daniel.williams@company.com,(841) 389-4527,Active
EMP030821,Michael,Jackson,Michael Jackson,26,Sales,Director,Austin,63916.32,2790.14,2020-09-24,0,74.4,michael.jackson@company.com,(929) 691-7847,On Leave
EMP030822,Matthew,Miller,Matthew Miller,50,Legal,Associate,Miami,101378.01,8625.62,2022-02-13,21,64.8,matthew.miller@company.com,(526) 308-7366,Active
EMP030823,William,Johnson,William Johnson,62,Engineering,Coordinator,Seattle,116776.39,11204.33,2023-04-22,34,53.5,william.johnson@company.com,(930) 263-9431,Active
EMP030824,Robert,Gonzalez,Robert Gonzalez,31,Legal,Specialist,New York,107671.57,12102.22,2022-07-14,3,85.3,robert.gonzalez@company.com,(695) 734-8946,Active
EMP030825,Nicole,Jones,Nicole Jones,59,Operations,Analyst,New York,60874.78,4015.98,2023-01-10,30,84.1,nicole.jones@company.com,(380) 568-7296,Active
EMP030826,Stephanie,Martin,Stephanie Martin,24,Finance,Coordinator,New York,72197.61,8287.23,2024-05-22,0,66.6,stephanie.martin@company.com,(719) 460-3019,Active
EMP030827,Michael,Rodriguez,Michael Rodriguez,41,Sales,Coordinator,Chicago,68979.86,10362.94,2022-01-21,19,74.5,michael.rodriguez@company.com,(393) 613-3386,Active
EMP030828,Robert,Martinez,Robert Martinez,64,Sales,Senior Developer,Boston,106078.78,13516.33,2022-02-18,41,84.4,robert.martinez@company.com,(595) 805-3481,Active
EMP030829,Christopher,Rodriguez,Christopher Rodriguez,54,HR,Coordinator,Miami,62808.85,13826.91,2021-09-27,29,88.0,christopher.rodriguez@company.com,(571) 693-1779,Active
EMP030830,Emily,Martinez,Emily Martinez,22,Operations,Senior Developer,Chicago,47998.92,2757.47,2021-05-01,0,80.0,emily.martinez@company.com,(224) 631-8066,Active
EMP030831,Jessica,Johnson,Jessica Johnson,43,Engineering,Senior Developer,San Francisco,131978.27,16556.5,2024-11-19,16,51.9,jessica.johnson@company.com,(631) 210-5932,Active
EMP030832,Matthew,Thomas,Matthew Thomas,26,Operations,Lead,Seattle,80238.98,1869.7,2022-04-11,1,77.6,matthew.thomas@company.com,(210) 202-7973,Active
EMP030833,Matthew,Garcia,Matthew Garcia,43,IT,Associate,New York,98717.52,11782.9,2024-02-07,16,56.2,matthew.garcia@company.com,(238) 613-9843,Active
EMP030834,John,Martin,John Martin,49,Operations,Specialist,San Francisco,80705.17,11048.51,2020-03-04,23,100.0,john.martin@company.com,(703) 765-6720,Active
EMP030835,Stephanie,Jackson,Stephanie Jackson,27,Finance,Lead,Austin,63198.72,3579.71,2024-07-21,0,66.5,stephanie.jackson@company.com,(925) 216-5746,Inactive
EMP030836,Nicole,Smith,Nicole Smith,62,Operations,Analyst,Miami,75532.67,7547.05,2021-03-22,39,75.1,nicole.smith@company.com,(507) 747-1992,Active
EMP030837,Sarah,Wilson,Sarah Wilson,26,Finance,Coordinator,Miami,56719.35,13002.99,2020-10-30,0,78.0,sarah.wilson@company.com,(802) 474-2395,Active
EMP030838,Emily,Williams,Emily Williams,29,Legal,Analyst,Miami,90555.59,5852.6,2020-08-14,2,89.2,emily.williams@company.com,(476) 765-6851,Active
EMP030839,William,Martin,William Martin,44,Operations,Senior Developer,Austin,65916.07,5969.98,2021-05-14,17,67.0,william.martin@company.com,(200) 376-2039,Active
EMP030840,William,Garcia,William Garcia,57,IT,Coordinator,Austin,98475.64,6293.53,2023-10-07,33,68.5,william.garcia@company.com,(567) 299-1296,Inactive
EMP030841,Anthony,Garcia,Anthony Garcia,58,HR,Coordinator,Boston,87987.63,7073.91,2022-10-25,33,91.2,anthony.garcia@company.com,(400) 383-3315,Active
EMP030842,Nicole,Martinez,Nicole Martinez,65,Sales,Manager,Austin,96794.98,18964.2,2021-04-09,37,93.3,nicole.martinez@company.com,(294) 743-9577,Active
EMP030843,William,Johnson,William Johnson,65,Operations,Coordinator,Boston,80805.66,11250.22,2023-10-07,38,79.8,william.johnson@company.com,(342) 758-5803,Inactive
EMP030844,Stephanie,Hernandez,Stephanie Hernandez,58,Engineering,Senior Developer,Miami,107777.18,5639.13,2024-08-13,35,57.2,stephanie.hernandez@company.com,(239) 283-9618,Active
EMP030845,Jessica,Jones,Jessica Jones,33,Sales,Senior Developer,Chicago,73092.27,0.0,2023-11-24,5,77.8,jessica.jones@company.com,(798) 898-3893,Active
EMP030846,Stephanie,Martin,Stephanie Martin,56,Finance,Manager,Chicago,77667.75,10638.67,2022-12-10,28,57.5,stephanie.martin@company.com,(747) 208-1890,Active
EMP030847,James,Lopez,James Lopez,56,Finance,Coordinator,Miami,85236.45,13534.63,2021-01-27,27,73.2,james.lopez@company.com,(538) 894-2044,Active
EMP030848,Jane,Gonzalez,Jane Gonzalez,37,Legal,Lead,Austin,120468.14,10111.53,2022-12-09,11,54.8,jane.gonzalez@company.com,(828) 588-9263,Active
EMP030849,William,Miller,William Miller,57,Legal,Senior Developer,Miami,98255.0,16660.16,2024-06-06,32,100.0,william.miller@company.com,(459) 984-8233,Active
EMP030850,Ashley,Taylor,Ashley Taylor,65,Sales,Analyst,Boston,92014.12,17115.24,2024-08-24,36,77.1,ashley.taylor@company.com,(586) 636-8719,Active
EMP030851,Jane,Martinez,Jane Martinez,41,Engineering,Manager,Seattle,75727.2,7635.61,2022-11-02,17,64.2,jane.martinez@company.com,(804) 960-2658,On Leave
EMP030852,Christopher,Hernandez,Christopher Hernandez,30,Marketing,Associate,New York,58143.57,6736.77,2024-08-06,8,78.8,christopher.hernandez@company.com,(670) 547-8637,Active
EMP030853,Emily,Davis,Emily Davis,51,Marketing,Analyst,San Francisco,94779.4,5756.17,2021-09-24,23,86.8,emily.davis@company.com,(789) 518-7111,Active
EMP030854,Ashley,Williams,Ashley Williams,28,Engineering,Analyst,Miami,90783.79,11777.91,2021-06-20,0,55.9,ashley.williams@company.com,(254) 594-1964,Active
EMP030855,Michael,Brown,Michael Brown,34,Marketing,Senior Developer,Boston,67217.1,3744.62,2022-03-08,7,74.4,michael.brown@company.com,(436) 567-1498,Active
EMP030856,Jane,Davis,Jane Davis,43,Sales,Associate,Miami,52358.96,5072.52,2020-10-02,17,85.6,jane.davis@company.com,(912) 237-1115,Active
EMP030857,Sarah,Brown,Sarah Brown,46,HR,Senior Developer,New York,37194.62,7543.3,2023-01-22,17,69.2,sarah.brown@company.com,(588) 381-8757,Active
EMP030858,Amanda,Jones,Amanda Jones,44,Marketing,Manager,Los Angeles,69799.19,9738.24,2021-12-11,21,98.3,amanda.jones@company.com,(990) 692-1052,Active
EMP030859,Nicole,Garcia,Nicole Garcia,22,HR,Lead,New York,65169.54,5297.68,2022-10-04,0,76.4,nicole.garcia@company.com,(205) 830-7933,Active
EMP030860,Nicole,Williams,Nicole Williams,25,HR,Analyst,Miami,42894.45,0.0,2023-09-25,0,87.1,nicole.williams@company.com,(880) 255-7636,Active
EMP030861,Robert,Davis,Robert Davis,54,Engineering,Coordinator,Chicago,125208.41,4175.61,2024-12-06,25,100.0,robert.davis@company.com,(975) 641-9160,Inactive
EMP030862,James,Williams,James Williams,47,Operations,Director,Miami,73451.27,0.0,2023-11-02,19,88.2,james.williams@company.com,(703) 683-6579,Inactive
EMP030863,Lisa,Williams,Lisa Williams,29,Engineering,Coordinator,Austin,58400.58,6737.59,2021-07-26,5,51.9,lisa.williams@company.com,(748) 550-4907,Active
EMP030864,David,Jones,David Jones,47,Marketing,Specialist,Los Angeles,81811.43,9158.14,2020-07-25,23,85.8,david.jones@company.com,(485) 351-9385,Active
EMP030865,Michael,Smith,Michael Smith,38,Finance,Associate,Seattle,76233.26,12731.76,2022-12-08,12,61.7,michael.smith@company.com,(706) 708-8562,Active
EMP030866,Stephanie,Martin,Stephanie Martin,40,HR,Specialist,New York,72060.77,10000.96,2020-06-16,18,71.8,stephanie.martin@company.com,(995) 775-1270,Active
EMP030867,James,Thomas,James Thomas,38,Operations,Analyst,Los Angeles,67462.33,7772.55,2023-04-11,15,63.3,james.thomas@company.com,(323) 872-2015,Active
EMP030868,Matthew,Garcia,Matthew Garcia,63,Engineering,Senior Developer,New York,114732.89,19448.89,2022-10-18,41,76.3,matthew.garcia@company.com,(605) 894-7215,Active
EMP030869,Ashley,Williams,Ashley Williams,29,IT,Lead,Miami,96236.54,2219.74,2023-11-08,7,63.7,ashley.williams@company.com,(364) 723-3916,Active
EMP030870,Robert,Anderson,Robert Anderson,47,HR,Associate,Boston,77757.1,6003.3,2024-02-24,20,68.1,robert.anderson@company.com,(468) 599-2697,Active
EMP030871,James,Jones,James Jones,50,Sales,Director,Chicago,89578.98,3002.42,2020-06-26,22,89.9,james.jones@company.com,(747) 889-1652,Active
EMP030872,William,Williams,William Williams,53,Legal,Senior Developer,Miami,89730.14,14393.9,2020-05-02,30,100.0,william.williams@company.com,(860) 587-1451,Inactive
EMP030873,Nicole,Thomas,Nicole Thomas,29,IT,Analyst,San Francisco,89770.75,7073.64,2020-07-05,1,73.4,nicole.thomas@company.com,(243) 813-6624,Active
EMP030874,Anthony,Wilson,Anthony Wilson,38,Sales,Lead,Austin,101813.49,13610.06,2020-11-17,10,86.0,anthony.wilson@company.com,(491) 537-4405,Active
EMP030875,Jane,Jackson,Jane Jackson,54,Engineering,Lead,Seattle,118753.89,15455.95,2024-10-29,26,56.0,jane.jackson@company.com,(531) 761-5921,Active
EMP030876,John,Garcia,John Garcia,47,HR,Lead,New York,70573.26,11168.2,2022-12-12,21,61.1,john.garcia@company.com,(235) 473-3736,Active
EMP030877,Michael,Smith,Michael Smith,35,Legal,Coordinator,New York,105721.18,5039.94,2023-07-04,7,84.3,michael.smith@company.com,(456) 706-3955,Active
EMP030878,Michael,Thomas,Michael Thomas,23,IT,Coordinator,San Francisco,68864.0,8313.54,2022-10-25,0,85.6,michael.thomas@company.com,(442) 830-6813,Inactive
EMP030879,Sarah,Taylor,Sarah Taylor,57,Engineering,Lead,Chicago,136574.71,9612.93,2023-05-08,35,59.7,sarah.taylor@company.com,(975) 941-8660,Active
EMP030880,Emily,Gonzalez,Emily Gonzalez,53,IT,Specialist,Austin,86099.75,4315.88,2023-11-02,29,64.5,emily.gonzalez@company.com,(986) 300-8238,Inactive
EMP030881,John,Garcia,John Garcia,60,HR,Associate,Miami,71211.77,6664.95,2023-06-11,38,53.8,john.garcia@company.com,(885) 794-6227,On Leave
EMP030882,Nicole,Moore,Nicole Moore,31,IT,Associate,Miami,102016.51,14428.73,2024-07-01,8,100.0,nicole.moore@company.com,(201) 912-2724,On Leave
EMP030883,Melissa,Davis,Melissa Davis,45,Marketing,Analyst,New York,89842.69,4988.27,2022-01-25,22,77.8,melissa.davis@company.com,(796) 795-3780,On Leave
EMP030884,Stephanie,Thomas,Stephanie Thomas,30,Legal,Specialist,Miami,82242.79,4963.08,2024-04-07,2,78.0,stephanie.thomas@company.com,(252) 434-8111,Inactive
EMP030885,Robert,Jackson,Robert Jackson,56,Engineering,Director,Boston,113589.72,7838.47,2021-01-17,28,70.7,robert.jackson@company.com,(624) 310-4457,Active
EMP030886,Jessica,Jones,Jessica Jones,44,Marketing,Manager,New York,52662.82,6309.81,2021-08-25,22,85.3,jessica.jones@company.com,(818) 355-7802,Active
EMP030887,Anthony,Jackson,Anthony Jackson,31,HR,Director,Seattle,48343.1,11133.6,2023-01-08,7,83.9,anthony.jackson@company.com,(498) 302-7286,Active
EMP030888,James,Hernandez,James Hernandez,28,HR,Director,Boston,40732.28,4944.96,2021-09-11,1,84.3,james.hernandez@company.com,(584) 611-6715,Active
EMP030889,Lisa,Johnson,Lisa Johnson,62,Legal,Director,Miami,124701.58,11518.64,2023-09-02,33,71.0,lisa.johnson@company.com,(772) 515-4314,Active
EMP030890,David,Smith,David Smith,55,HR,Analyst,Austin,68632.29,7899.8,2023-04-17,26,72.7,david.smith@company.com,(812) 433-3391,Active
EMP030891,James,Taylor,James Taylor,58,Finance,Lead,Miami,104025.83,9535.52,2021-06-25,29,63.2,james.taylor@company.com,(614) 354-4342,Active
EMP030892,David,Gonzalez,David Gonzalez,50,Legal,Director,Seattle,94283.72,10226.7,2021-05-15,27,77.8,david.gonzalez@company.com,(911) 610-3120,Active
EMP030893,Amanda,Hernandez,Amanda Hernandez,35,Marketing,Lead,Austin,62782.89,2096.66,2024-10-21,6,57.8,amanda.hernandez@company.com,(740) 750-3449,Active
EMP030894,Emily,Wilson,Emily Wilson,62,IT,Senior Developer,New York,128478.13,18812.64,2024-10-01,37,73.5,emily.wilson@company.com,(881) 744-2970,On Leave
EMP030895,Jessica,Rodriguez,Jessica Rodriguez,30,Engineering,Associate,Austin,77766.15,0.0,2023-04-18,6,76.7,jessica.rodriguez@company.com,(804) 354-9366,Active
EMP030896,Melissa,Gonzalez,Melissa Gonzalez,28,HR,Analyst,Boston,63114.81,9788.99,2021-04-15,0,81.3,melissa.gonzalez@company.com,(446) 552-8594,Active
EMP030897,Jessica,Williams,Jessica Williams,62,Operations,Senior Developer,Austin,64885.7,9240.99,2022-08-19,40,76.1,jessica.williams@company.com,(867) 534-3794,Active
EMP030898,Nicole,Garcia,Nicole Garcia,26,IT,Coordinator,San Francisco,69666.01,8632.16,2024-01-16,0,61.6,nicole.garcia@company.com,(505) 342-4394,Active
EMP030899,Anthony,Anderson,Anthony Anderson,58,HR,Senior Developer,Austin,90003.15,6956.02,2020-07-18,29,61.7,anthony.anderson@company.com,(816) 555-4448,Active
EMP030900,Anthony,Garcia,Anthony Garcia,62,Finance,Coordinator,Chicago,91248.32,4098.79,2022-04-25,40,70.9,anthony.garcia@company.com,(865) 357-5302,Active
EMP030901,Sarah,Moore,Sarah Moore,44,IT,Associate,Boston,56564.06,7290.07,2021-02-12,20,91.3,sarah.moore@company.com,(914) 369-1189,Active
EMP030902,Emily,Davis,Emily Davis,40,Legal,Coordinator,San Francisco,111354.79,9792.86,2024-10-15,13,100.0,emily.davis@company.com,(582) 594-9555,Active
EMP030903,Melissa,Anderson,Melissa Anderson,61,Legal,Coordinator,Austin,128603.91,8625.17,2021-09-27,39,82.5,melissa.anderson@company.com,(742) 709-9769,Active
EMP030904,Sarah,Miller,Sarah Miller,38,IT,Manager,Seattle,56878.06,5019.97,2021-10-20,10,84.0,sarah.miller@company.com,(931) 703-3914,Active
EMP030905,Jane,Smith,Jane Smith,56,Legal,Lead,Boston,133490.01,7405.44,2023-09-26,27,69.9,jane.smith@company.com,(562) 793-4617,Active
EMP030906,William,Anderson,William Anderson,57,Finance,Manager,Miami,115730.05,9029.43,2020-04-09,31,69.8,william.anderson@company.com,(881) 295-9727,Active
EMP030907,Daniel,Thomas,Daniel Thomas,53,HR,Senior Developer,Miami,84285.77,14882.5,2024-03-11,28,63.8,daniel.thomas@company.com,(597) 955-6801,Active
EMP030908,Matthew,Taylor,Matthew Taylor,22,Legal,Associate,Boston,72035.32,10808.36,2020-03-20,0,42.8,matthew.taylor@company.com,(387) 967-4798,Active
EMP030909,Matthew,Jones,Matthew Jones,56,IT,Senior Developer,Seattle,134674.47,6687.84,2023-10-10,34,56.8,matthew.jones@company.com,(656) 370-5978,Active
EMP030910,James,Taylor,James Taylor,55,IT,Coordinator,Miami,114967.6,19916.11,2024-11-29,32,64.9,james.taylor@company.com,(292) 350-6682,Active
EMP030911,Michael,Jones,Michael Jones,32,Marketing,Analyst,New York,63039.56,6774.1,2022-02-04,6,74.8,michael.jones@company.com,(942) 906-6132,Active
EMP030912,Melissa,Jackson,Melissa Jackson,28,Legal,Senior Developer,Los Angeles,50031.72,4394.96,2021-10-01,0,78.2,melissa.jackson@company.com,(773) 881-3012,Active
EMP030913,Jessica,Johnson,Jessica Johnson,48,Marketing,Associate,Seattle,82952.59,3852.41,2020-01-13,26,83.8,jessica.johnson@company.com,(648) 409-9867,Active
EMP030914,Michael,Gonzalez,Michael Gonzalez,60,IT,Coordinator,Seattle,107247.69,9036.49,2021-09-20,32,57.2,michael.gonzalez@company.com,(516) 969-6919,Active
EMP030915,Stephanie,Brown,Stephanie Brown,48,IT,Associate,Miami,140337.28,17387.68,2020-02-24,24,86.8,stephanie.brown@company.com,(615) 322-7161,Active
EMP030916,Jane,Thomas,Jane Thomas,36,Finance,Director,San Francisco,90841.21,12117.87,2024-02-19,7,98.7,jane.thomas@company.com,(734) 394-9938,Active
EMP030917,Ashley,Garcia,Ashley Garcia,54,IT,Associate,Miami,94268.67,9567.65,2023-10-19,27,98.9,ashley.garcia@company.com,(371) 683-9437,On Leave
EMP030918,Amanda,Hernandez,Amanda Hernandez,43,Operations,Manager,Chicago,61796.34,9083.91,2021-02-23,17,79.9,amanda.hernandez@company.com,(749) 791-2538,Active
EMP030919,Anthony,Brown,Anthony Brown,48,HR,Specialist,Los Angeles,65683.91,5946.26,2022-06-21,26,69.2,anthony.brown@company.com,(474) 809-4342,Active
EMP030920,Sarah,Brown,Sarah Brown,28,HR,Manager,San Francisco,83855.21,10961.12,2022-03-23,0,87.9,sarah.brown@company.com,(234) 641-6475,Active
EMP030921,Amanda,Rodriguez,Amanda Rodriguez,54,IT,Specialist,Seattle,93421.29,14539.03,2023-07-16,31,78.5,amanda.rodriguez@company.com,(748) 202-1656,Active
EMP030922,Sarah,Gonzalez,Sarah Gonzalez,33,Sales,Lead,Los Angeles,48805.49,924.53,2022-08-03,11,47.5,sarah.gonzalez@company.com,(600) 441-3183,Inactive
EMP030923,Ashley,Martin,Ashley Martin,24,Legal,Analyst,Seattle,77436.84,9612.45,2021-03-06,0,81.4,ashley.martin@company.com,(433) 969-9043,Inactive
EMP030924,Ashley,Garcia,Ashley Garcia,33,Operations,Analyst,Miami,56904.18,2769.7,2024-01-22,9,73.3,ashley.garcia@company.com,(233) 414-6605,Active
EMP030925,Sarah,Smith,Sarah Smith,55,Marketing,Senior Developer,Seattle,86141.8,4972.58,2024-04-01,28,67.3,sarah.smith@company.com,(599) 950-5666,Active
EMP030926,Anthony,Gonzalez,Anthony Gonzalez,60,Engineering,Specialist,Los Angeles,103625.58,12781.45,2023-12-17,35,77.8,anthony.gonzalez@company.com,(893) 254-1205,Active
EMP030927,Nicole,Moore,Nicole Moore,42,Sales,Manager,Miami,96920.51,9856.64,2022-10-10,19,67.0,nicole.moore@company.com,(312) 804-9619,Active
EMP030928,Nicole,Martinez,Nicole Martinez,63,Sales,Associate,Los Angeles,90783.86,1603.66,2022-05-21,36,68.1,nicole.martinez@company.com,(631) 421-4348,Active
EMP030929,Jessica,Jones,Jessica Jones,59,Sales,Coordinator,Chicago,95175.84,9788.22,2022-11-03,34,71.6,jessica.jones@company.com,(769) 278-3261,Active
EMP030930,Michael,Martinez,Michael Martinez,61,IT,Senior Developer,Boston,123362.05,21462.07,2024-06-23,37,82.4,michael.martinez@company.com,(371) 947-8166,Active
EMP030931,Sarah,Thomas,Sarah Thomas,61,Marketing,Senior Developer,Boston,61318.24,9976.92,2023-11-06,38,70.2,sarah.thomas@company.com,(442) 360-8530,Active
EMP030932,Jane,Thomas,Jane Thomas,42,Finance,Manager,Chicago,48455.32,3349.28,2020-04-11,16,66.6,jane.thomas@company.com,(628) 835-9330,Active
EMP030933,Robert,Smith,Robert Smith,57,Sales,Coordinator,New York,41766.88,4784.18,2022-08-12,35,92.0,robert.smith@company.com,(314) 294-1346,Active
EMP030934,Robert,Martin,Robert Martin,27,IT,Lead,Los Angeles,53149.6,8497.24,2022-06-07,0,85.8,robert.martin@company.com,(438) 694-7890,Active
EMP030935,Jessica,Smith,Jessica Smith,44,Engineering,Manager,Chicago,104491.48,20240.44,2023-10-18,15,57.6,jessica.smith@company.com,(468) 751-1425,Inactive
EMP030936,Matthew,Jones,Matthew Jones,46,Finance,Senior Developer,Seattle,84356.6,12777.88,2023-11-18,18,45.4,matthew.jones@company.com,(381) 948-4245,Active
EMP030937,Nicole,Miller,Nicole Miller,36,Sales,Specialist,Seattle,61400.16,8811.22,2022-01-17,9,73.9,nicole.miller@company.com,(549) 323-6754,Active
EMP030938,Matthew,Rodriguez,Matthew Rodriguez,27,IT,Manager,Boston,93530.99,9993.15,2023-01-23,0,88.7,matthew.rodriguez@company.com,(920) 447-2789,Inactive
EMP030939,Daniel,Gonzalez,Daniel Gonzalez,22,Legal,Specialist,New York,57009.99,6563.63,2023-05-01,0,61.6,daniel.gonzalez@company.com,(349) 819-5981,Active
EMP030940,James,Williams,James Williams,26,Marketing,Director,San Francisco,42773.52,3967.96,2024-09-16,3,81.7,james.williams@company.com,(568) 327-5239,Active
EMP030941,Lisa,Miller,Lisa Miller,65,Engineering,Specialist,Miami,105968.76,12401.07,2023-06-19,36,100.0,lisa.miller@company.com,(481) 869-3729,Active
EMP030942,Jane,Garcia,Jane Garcia,22,Finance,Coordinator,Los Angeles,79497.06,4800.03,2021-08-11,0,49.7,jane.garcia@company.com,(445) 341-5395,Active
EMP030943,Christopher,Smith,Christopher Smith,32,Legal,Specialist,Los Angeles,105569.22,1594.82,2022-01-01,10,70.0,christopher.smith@company.com,(715) 833-8185,Active
EMP030944,Robert,Taylor,Robert Taylor,38,Sales,Specialist,New York,59235.64,3363.11,2021-10-29,11,57.5,robert.taylor@company.com,(971) 672-4985,Active
EMP030945,Melissa,Jones,Melissa Jones,39,Finance,Lead,Chicago,102974.46,13504.31,2020-05-30,15,81.5,melissa.jones@company.com,(423) 837-5247,Inactive
EMP030946,Sarah,Miller,Sarah Miller,65,Legal,Senior Developer,Los Angeles,134471.93,14937.65,2022-10-16,38,76.7,sarah.miller@company.com,(631) 814-7218,Active
EMP030947,Michael,Martinez,Michael Martinez,30,Operations,Manager,Miami,46954.47,5595.29,2023-05-31,5,64.0,michael.martinez@company.com,(389) 497-5245,Active
EMP030948,Sarah,Rodriguez,Sarah Rodriguez,25,Engineering,Analyst,Boston,107439.83,19738.29,2024-03-29,0,61.8,sarah.rodriguez@company.com,(787) 435-6548,Active
EMP030949,James,Taylor,James Taylor,39,Marketing,Coordinator,Los Angeles,82237.24,6520.54,2021-12-11,10,79.8,james.taylor@company.com,(327) 957-1411,Active
EMP030950,Sarah,Jones,Sarah Jones,23,Sales,Manager,Austin,51018.08,3456.31,2021-03-04,0,61.6,sarah.jones@company.com,(326) 994-2258,Active
EMP030951,Nicole,Moore,Nicole Moore,58,IT,Senior Developer,San Francisco,107674.41,14581.15,2024-11-28,32,28.1,nicole.moore@company.com,(498) 768-1125,Active
EMP030952,Lisa,Thomas,Lisa Thomas,42,Engineering,Associate,New York,98676.56,17493.18,2023-06-27,13,67.7,lisa.thomas@company.com,(564) 589-6386,Active
EMP030953,Jane,Hernandez,Jane Hernandez,39,Legal,Lead,Los Angeles,97224.28,20269.48,2020-01-03,15,71.4,jane.hernandez@company.com,(498) 576-6033,Active
EMP030954,Daniel,Garcia,Daniel Garcia,57,Marketing,Senior Developer,Miami,96952.37,9934.56,2024-09-17,29,61.2,daniel.garcia@company.com,(203) 523-5535,Active
EMP030955,Sarah,Brown,Sarah Brown,59,Finance,Senior Developer,Boston,88132.56,6662.55,2020-05-04,32,86.3,sarah.brown@company.com,(609) 665-4123,Active
EMP030956,Daniel,Williams,Daniel Williams,65,Marketing,Associate,Chicago,98228.21,9608.19,2022-01-10,43,79.7,daniel.williams@company.com,(690) 545-7914,Inactive
EMP030957,John,Moore,John Moore,57,Engineering,Director,Chicago,110882.76,13963.97,2022-05-03,32,66.9,john.moore@company.com,(355) 479-5536,Active
EMP030958,Nicole,Martinez,Nicole Martinez,43,Engineering,Senior Developer,Chicago,118851.53,4786.49,2024-09-16,18,73.3,nicole.martinez@company.com,(386) 372-2027,Active
EMP030959,Ashley,Johnson,Ashley Johnson,47,Marketing,Analyst,Los Angeles,94076.39,7263.17,2022-07-24,18,82.3,ashley.johnson@company.com,(951) 789-7975,Active
EMP030960,Robert,Gonzalez,Robert Gonzalez,64,Legal,Associate,Miami,97377.05,7096.86,2024-08-14,36,74.5,robert.gonzalez@company.com,(717) 362-1136,Active
EMP030961,Matthew,Gonzalez,Matthew Gonzalez,54,HR,Director,Boston,59910.09,8141.57,2024-10-10,27,79.1,matthew.gonzalez@company.com,(225) 237-2164,Active
EMP030962,Nicole,Hernandez,Nicole Hernandez,44,IT,Specialist,Chicago,93010.33,15799.72,2021-07-07,17,61.8,nicole.hernandez@company.com,(869) 436-6339,Active
EMP030963,Melissa,Williams,Melissa Williams,57,Finance,Manager,Seattle,85026.82,6615.36,2020-07-02,34,69.4,melissa.williams@company.com,(351) 652-1980,Active
EMP030964,Michael,Garcia,Michael Garcia,45,Finance,Senior Developer,Chicago,90824.33,6644.38,2020-05-06,20,75.7,michael.garcia@company.com,(567) 523-2954,Active
EMP030965,Robert,Garcia,Robert Garcia,63,Operations,Lead,Austin,68426.17,7118.19,2022-11-21,38,81.2,robert.garcia@company.com,(807) 491-8450,Active
EMP030966,James,Jones,James Jones,23,Operations,Coordinator,San Francisco,49805.95,3505.7,2022-08-22,0,74.5,james.jones@company.com,(660) 313-6210,Active
EMP030967,Michael,Anderson,Michael Anderson,54,Marketing,Associate,Los Angeles,70470.42,7118.16,2024-05-13,25,74.2,michael.anderson@company.com,(499) 320-5288,Active
EMP030968,Sarah,Lopez,Sarah Lopez,40,Engineering,Specialist,Seattle,99038.08,9808.48,2023-02-13,17,84.8,sarah.lopez@company.com,(307) 589-2855,Active
EMP030969,Michael,Smith,Michael Smith,43,Finance,Director,New York,59242.53,7064.62,2024-09-27,16,81.1,michael.smith@company.com,(686) 777-6679,Active
EMP030970,Christopher,Jones,Christopher Jones,30,Legal,Analyst,Boston,68805.4,6472.39,2024-10-26,6,100.0,christopher.jones@company.com,(613) 618-1811,Active
EMP030971,Lisa,Anderson,Lisa Anderson,63,HR,Lead,Boston,114089.99,18758.1,2022-10-28,35,66.3,lisa.anderson@company.com,(740) 301-1467,On Leave
EMP030972,Amanda,Lopez,Amanda Lopez,38,Marketing,Associate,Los Angeles,94271.1,14177.5,2020-02-28,15,78.2,amanda.lopez@company.com,(919) 665-2879,Inactive
EMP030973,Michael,Davis,Michael Davis,34,Legal,Specialist,San Francisco,111147.43,9183.93,2023-10-27,9,88.7,michael.davis@company.com,(366) 927-1090,Active
EMP030974,William,Johnson,William Johnson,59,IT,Analyst,Chicago,94537.43,6617.61,2020-06-03,35,90.4,william.johnson@company.com,(335) 488-9619,Active
EMP030975,Jane,Hernandez,Jane Hernandez,33,IT,Lead,Boston,79177.84,5004.11,2024-08-20,10,70.9,jane.hernandez@company.com,(607) 348-9236,Active
EMP030976,Lisa,Hernandez,Lisa Hernandez,35,Operations,Manager,Austin,52397.25,9203.5,2023-04-01,6,77.3,lisa.hernandez@company.com,(566) 814-2579,Active
EMP030977,William,Miller,William Miller,43,IT,Coordinator,Miami,91254.99,14108.01,2021-04-25,15,60.9,william.miller@company.com,(296) 240-2730,Active
EMP030978,Matthew,Williams,Matthew Williams,65,Marketing,Specialist,New York,102365.8,13473.25,2023-04-15,42,88.7,matthew.williams@company.com,(917) 697-3610,Active
EMP030979,Daniel,Taylor,Daniel Taylor,26,Operations,Lead,Miami,72525.6,3958.88,2023-10-24,4,80.3,daniel.taylor@company.com,(735) 537-1496,On Leave
EMP030980,Sarah,Lopez,Sarah Lopez,25,Engineering,Manager,Miami,67990.66,854.16,2024-04-26,0,63.1,sarah.lopez@company.com,(610) 643-3802,Active
EMP030981,Amanda,Martin,Amanda Martin,36,HR,Associate,Los Angeles,57406.43,4896.15,2024-03-21,13,53.2,amanda.martin@company.com,(648) 528-8797,Active
EMP030982,Lisa,Wilson,Lisa Wilson,26,Operations,Coordinator,Austin,52259.54,5665.74,2020-05-31,0,80.0,lisa.wilson@company.com,(765) 531-6792,Inactive
EMP030983,Ashley,Gonzalez,Ashley Gonzalez,47,IT,Coordinator,Boston,70653.23,1148.89,2021-11-16,18,52.6,ashley.gonzalez@company.com,(764) 576-1666,Active
EMP030984,Amanda,Lopez,Amanda Lopez,48,Marketing,Analyst,Chicago,82457.88,11453.7,2022-01-27,21,46.5,amanda.lopez@company.com,(259) 342-6889,Active
EMP030985,John,Davis,John Davis,33,Operations,Associate,Miami,82349.9,10745.36,2020-02-13,10,81.1,john.davis@company.com,(439) 629-8453,Active
EMP030986,Ashley,Hernandez,Ashley Hernandez,65,Engineering,Manager,Boston,113724.09,17413.35,2020-05-21,43,49.1,ashley.hernandez@company.com,(501) 566-8600,Active
EMP030987,Amanda,Martin,Amanda Martin,36,Legal,Coordinator,Seattle,91266.49,10296.63,2024-10-21,9,44.1,amanda.martin@company.com,(770) 521-4685,Active
EMP030988,Matthew,Moore,Matthew Moore,22,Engineering,Director,Austin,62761.19,11260.84,2022-07-12,0,64.2,matthew.moore@company.com,(473) 534-3731,Active
EMP030989,Christopher,Thomas,Christopher Thomas,26,Finance,Associate,Los Angeles,33000.0,3501.08,2021-08-08,0,53.8,christopher.thomas@company.com,(816) 372-5090,Active
EMP030990,Sarah,Lopez,Sarah Lopez,40,Marketing,Lead,San Francisco,71691.65,7686.96,2021-07-19,13,74.6,sarah.lopez@company.com,(379) 371-3710,Active
EMP030991,Amanda,Miller,Amanda Miller,29,IT,Director,Austin,84758.48,2430.31,2023-01-04,0,89.8,amanda.miller@company.com,(856) 595-8588,Active
EMP030992,Robert,Jackson,Robert Jackson,61,Finance,Director,Seattle,104996.69,5872.79,2022-06-14,39,78.5,robert.jackson@company.com,(546) 793-7451,Active
EMP030993,Emily,Miller,Emily Miller,60,Finance,Senior Developer,Chicago,104930.29,14880.28,2024-08-20,34,97.9,emily.miller@company.com,(830) 245-1601,Active
EMP030994,Matthew,Martinez,Matthew Martinez,65,IT,Manager,Boston,140534.49,8358.84,2024-10-05,40,56.4,matthew.martinez@company.com,(868) 524-5532,Active
EMP030995,William,Taylor,William Taylor,41,Engineering,Director,Los Angeles,113243.22,17796.49,2024-06-19,13,79.5,william.taylor@company.com,(711) 490-8503,Active
EMP030996,John,Martinez,John Martinez,42,Operations,Analyst,Chicago,66965.24,3794.62,2023-07-30,14,78.8,john.martinez@company.com,(865) 514-3059,Active
EMP030997,Melissa,Rodriguez,Melissa Rodriguez,37,Operations,Director,Miami,53513.99,7680.62,2021-05-29,9,74.1,melissa.rodriguez@company.com,(738) 687-7335,Active
EMP030998,Matthew,Jackson,Matthew Jackson,44,HR,Coordinator,Boston,55616.48,3500.51,2021-11-19,15,84.1,matthew.jackson@company.com,(331) 319-5993,Active
EMP030999,Emily,Miller,Emily Miller,46,Sales,Analyst,Miami,56370.16,4096.44,2020-10-10,23,69.2,emily.miller@company.com,(526) 819-1703,Active
EMP031000,David,Rodriguez,David Rodriguez,60,HR,Director,New York,67087.37,10797.64,2022-12-11,32,67.7,david.rodriguez@company.com,(309) 635-5174,Active
EMP031001,Nicole,Jackson,Nicole Jackson,58,Operations,Coordinator,Los Angeles,78434.32,5689.73,2020-12-18,30,66.6,nicole.jackson@company.com,(747) 299-3146,Inactive
EMP031002,Melissa,Taylor,Melissa Taylor,60,Legal,Associate,Boston,126902.91,12506.39,2021-03-17,37,95.5,melissa.taylor@company.com,(396) 660-4251,Active
EMP031003,Matthew,Miller,Matthew Miller,56,HR,Analyst,New York,66021.52,8905.07,2021-12-10,27,81.8,matthew.miller@company.com,(900) 599-5158,Active
EMP031004,Jessica,Moore,Jessica Moore,49,Finance,Analyst,Austin,71811.71,12976.01,2022-06-08,27,100.0,jessica.moore@company.com,(611) 733-4677,Inactive
EMP031005,John,Williams,John Williams,50,Sales,Manager,New York,82848.05,9816.21,2024-05-08,25,86.8,john.williams@company.com,(443) 960-2162,Active
EMP031006,Stephanie,Rodriguez,Stephanie Rodriguez,54,Marketing,Lead,Seattle,71585.38,9320.23,2020-09-02,27,75.9,stephanie.rodriguez@company.com,(804) 687-3219,Active
EMP031007,Emily,Williams,Emily Williams,63,Legal,Analyst,San Francisco,112576.29,8500.57,2023-06-18,37,76.2,emily.williams@company.com,(323) 845-3907,Active
EMP031008,James,Williams,James Williams,35,Engineering,Associate,Los Angeles,90149.78,11612.12,2021-04-29,13,100.0,james.williams@company.com,(930) 881-3066,Active
EMP031009,James,Johnson,James Johnson,49,Operations,Manager,Los Angeles,73457.74,11985.35,2020-02-02,21,76.4,james.johnson@company.com,(668) 254-4549,On Leave
EMP031010,Nicole,Miller,Nicole Miller,41,IT,Analyst,Boston,114257.94,8035.72,2024-03-17,12,65.9,nicole.miller@company.com,(426) 871-1174,Active
EMP031011,Robert,Miller,Robert Miller,35,Marketing,Lead,Boston,59639.81,3246.57,2020-01-12,10,60.0,robert.miller@company.com,(221) 580-1110,Active
EMP031012,Emily,Jackson,Emily Jackson,43,Marketing,Lead,Seattle,60414.8,4945.46,2022-10-04,16,92.6,emily.jackson@company.com,(332) 753-1051,Inactive
EMP031013,Emily,Gonzalez,Emily Gonzalez,46,IT,Senior Developer,Los Angeles,103467.11,2046.58,2020-10-30,18,48.3,emily.gonzalez@company.com,(495) 237-6231,Active
EMP031014,Lisa,Davis,Lisa Davis,39,Sales,Lead,Seattle,82189.9,13490.87,2020-12-24,11,71.3,lisa.davis@company.com,(811) 889-8780,Active
EMP031015,John,Thomas,John Thomas,24,HR,Coordinator,New York,42410.16,3777.15,2021-01-30,0,73.2,john.thomas@company.com,(628) 914-3491,Active
EMP031016,Daniel,Taylor,Daniel Taylor,55,Operations,Lead,San Francisco,77120.88,10349.81,2023-07-12,31,66.2,daniel.taylor@company.com,(542) 301-2128,Active
EMP031017,David,Taylor,David Taylor,65,Finance,Coordinator,New York,121899.75,5760.76,2020-02-21,43,90.6,david.taylor@company.com,(235) 697-1641,Active
EMP031018,Stephanie,Williams,Stephanie Williams,30,Sales,Senior Developer,New York,70443.25,6176.48,2024-01-13,2,99.5,stephanie.williams@company.com,(992) 726-4500,Inactive
EMP031019,Stephanie,Jackson,Stephanie Jackson,41,Finance,Specialist,Seattle,43212.49,6039.13,2024-08-12,18,65.3,stephanie.jackson@company.com,(668) 667-8428,Inactive
EMP031020,Nicole,Anderson,Nicole Anderson,22,Sales,Coordinator,Boston,59514.65,6108.68,2021-03-16,0,61.3,nicole.anderson@company.com,(791) 283-8440,Active
EMP031021,Stephanie,Taylor,Stephanie Taylor,36,HR,Specialist,Los Angeles,64629.58,8605.93,2023-11-11,8,55.9,stephanie.taylor@company.com,(807) 446-9168,Active
EMP031022,Stephanie,Wilson,Stephanie Wilson,65,Operations,Manager,Austin,81030.77,10775.06,2022-06-08,37,77.3,stephanie.wilson@company.com,(606) 623-1200,Active
EMP031023,Nicole,Williams,Nicole Williams,23,Legal,Director,Austin,85885.77,11209.15,2023-04-10,0,81.1,nicole.williams@company.com,(327) 752-4570,Active
EMP031024,David,Davis,David Davis,23,IT,Associate,Los Angeles,69824.16,13007.53,2023-09-30,1,80.5,david.davis@company.com,(484) 806-7260,Active
EMP031025,William,Martin,William Martin,59,Engineering,Manager,Boston,101960.15,10680.69,2022-01-04,37,76.1,william.martin@company.com,(253) 406-7082,Active
EMP031026,Matthew,Martinez,Matthew Martinez,37,Legal,Analyst,Seattle,99516.14,8849.75,2020-01-14,11,89.2,matthew.martinez@company.com,(980) 212-3399,Active
EMP031027,Michael,Williams,Michael Williams,32,Sales,Lead,San Francisco,57099.21,8244.38,2024-07-21,5,71.3,michael.williams@company.com,(612) 242-6329,Active
EMP031028,William,Gonzalez,William Gonzalez,61,Operations,Manager,Miami,71102.1,6328.12,2024-02-24,39,62.4,william.gonzalez@company.com,(295) 523-2594,Active
EMP031029,Matthew,Jackson,Matthew Jackson,43,Operations,Analyst,Seattle,54240.18,10112.6,2022-09-27,19,100.0,matthew.jackson@company.com,(818) 386-8789,Active
EMP031030,John,Taylor,John Taylor,58,Sales,Manager,Los Angeles,111189.06,6160.1,2023-08-04,30,77.7,john.taylor@company.com,(895) 739-8269,Active
EMP031031,Robert,Jones,Robert Jones,63,Marketing,Manager,Chicago,93600.06,11883.72,2021-02-15,34,64.5,robert.jones@company.com,(988) 884-1893,Active
EMP031032,Michael,Anderson,Michael Anderson,53,Operations,Coordinator,Los Angeles,59964.03,10975.09,2021-06-04,31,72.6,michael.anderson@company.com,(975) 691-1372,Active
EMP031033,Robert,Martin,Robert Martin,64,Marketing,Director,Austin,73388.31,13259.47,2021-12-02,41,61.1,robert.martin@company.com,(514) 387-6275,Active
EMP031034,David,Garcia,David Garcia,30,Marketing,Specialist,Los Angeles,83570.15,7732.09,2020-10-11,3,100.0,david.garcia@company.com,(519) 924-2871,Active
EMP031035,Matthew,Williams,Matthew Williams,31,IT,Specialist,Chicago,51792.39,589.89,2022-08-12,8,70.3,matthew.williams@company.com,(530) 948-5000,Active
EMP031036,Anthony,Martinez,Anthony Martinez,43,IT,Manager,New York,98436.28,7868.23,2023-04-08,15,84.9,anthony.martinez@company.com,(417) 840-6405,On Leave
EMP031037,Jessica,Miller,Jessica Miller,42,HR,Analyst,San Francisco,70200.96,5420.42,2021-05-07,19,82.1,jessica.miller@company.com,(922) 710-6431,Active
EMP031038,Sarah,Williams,Sarah Williams,62,Engineering,Associate,Miami,131935.8,11125.7,2022-11-29,35,50.0,sarah.williams@company.com,(750) 743-5451,Active
EMP031039,William,Wilson,William Wilson,32,Engineering,Senior Developer,Boston,72523.13,12498.75,2022-08-08,7,83.6,william.wilson@company.com,(704) 457-9569,Active
EMP031040,Sarah,Martin,Sarah Martin,32,Marketing,Analyst,Chicago,59332.54,1656.87,2024-01-26,8,69.5,sarah.martin@company.com,(793) 731-9161,Active
EMP031041,Lisa,Jones,Lisa Jones,51,HR,Director,Austin,69219.14,0.0,2024-01-09,23,88.3,lisa.jones@company.com,(731) 697-6555,Active
EMP031042,Melissa,Martin,Melissa Martin,60,Operations,Director,Los Angeles,70957.9,13348.83,2021-11-22,37,71.5,melissa.martin@company.com,(742) 703-3678,Active
EMP031043,Daniel,Rodriguez,Daniel Rodriguez,24,Operations,Analyst,San Francisco,62147.67,4597.4,2023-03-28,2,74.7,daniel.rodriguez@company.com,(366) 708-3719,Active
EMP031044,Lisa,Gonzalez,Lisa Gonzalez,54,Legal,Senior Developer,Austin,120256.49,0.0,2024-03-03,25,95.5,lisa.gonzalez@company.com,(355) 939-1932,Active
EMP031045,Lisa,Thomas,Lisa Thomas,53,Engineering,Specialist,Boston,105524.78,4563.55,2020-04-07,27,100.0,lisa.thomas@company.com,(546) 303-3223,Active
EMP031046,James,Williams,James Williams,49,HR,Analyst,Seattle,86785.59,1363.31,2022-10-03,23,83.1,james.williams@company.com,(321) 903-2819,Active
EMP031047,William,Gonzalez,William Gonzalez,37,Marketing,Manager,New York,41424.68,6402.42,2020-10-25,10,65.1,william.gonzalez@company.com,(426) 727-6904,Active
EMP031048,David,Taylor,David Taylor,34,Sales,Director,Los Angeles,94555.59,15299.04,2022-01-17,10,93.8,david.taylor@company.com,(257) 770-2835,Active
EMP031049,David,Wilson,David Wilson,43,Operations,Specialist,New York,72536.77,13941.43,2022-12-24,20,67.3,david.wilson@company.com,(474) 998-5411,Active
EMP031050,Anthony,Garcia,Anthony Garcia,28,Sales,Analyst,San Francisco,66220.23,6273.46,2020-07-21,0,84.0,anthony.garcia@company.com,(973) 934-7145,On Leave
EMP031051,David,Gonzalez,David Gonzalez,36,Finance,Senior Developer,Austin,66744.4,8689.85,2023-03-13,13,69.5,david.gonzalez@company.com,(482) 644-2309,Active
EMP031052,Robert,Hernandez,Robert Hernandez,57,Finance,Senior Developer,San Francisco,104461.38,11665.04,2022-11-07,34,88.0,robert.hernandez@company.com,(430) 864-5414,Active
EMP031053,Amanda,Moore,Amanda Moore,35,Legal,Associate,Los Angeles,123070.79,16727.07,2023-07-15,8,92.1,amanda.moore@company.com,(709) 922-6083,Active
EMP031054,Nicole,Davis,Nicole Davis,25,Marketing,Coordinator,Seattle,49639.44,9714.64,2023-09-05,1,72.7,nicole.davis@company.com,(245) 259-9505,Active
EMP031055,Emily,Garcia,Emily Garcia,30,HR,Senior Developer,Miami,53248.73,4554.08,2022-02-02,2,83.8,emily.garcia@company.com,(430) 953-9416,Active
EMP031056,Sarah,Brown,Sarah Brown,38,HR,Specialist,Seattle,57881.95,3245.93,2024-09-06,14,86.5,sarah.brown@company.com,(224) 370-5985,Active
EMP031057,Ashley,Moore,Ashley Moore,46,Sales,Associate,Seattle,92992.45,4927.27,2020-09-06,17,64.9,ashley.moore@company.com,(494) 311-7305,On Leave
EMP031058,Ashley,Wilson,Ashley Wilson,61,Operations,Lead,Miami,71499.97,14094.87,2021-11-16,36,83.5,ashley.wilson@company.com,(378) 888-9085,On Leave
EMP031059,Melissa,Gonzalez,Melissa Gonzalez,25,Sales,Associate,Austin,65391.11,2905.47,2022-05-19,0,78.7,melissa.gonzalez@company.com,(238) 243-3856,Active
EMP031060,John,Martinez,John Martinez,38,Operations,Manager,Boston,73219.44,5484.18,2024-01-31,12,93.2,john.martinez@company.com,(625) 931-9680,Active
EMP031061,Anthony,Wilson,Anthony Wilson,63,Legal,Manager,New York,112421.63,22168.18,2020-07-24,38,68.7,anthony.wilson@company.com,(497) 276-5303,Active
EMP031062,Anthony,Brown,Anthony Brown,58,Operations,Specialist,Austin,59592.05,1699.55,2020-03-28,33,89.5,anthony.brown@company.com,(308) 951-2670,Active
EMP031063,John,Davis,John Davis,43,HR,Analyst,New York,86367.41,5850.81,2024-05-03,19,100.0,john.davis@company.com,(819) 623-4531,Active
EMP031064,Ashley,Hernandez,Ashley Hernandez,44,Finance,Coordinator,Boston,97074.84,10754.53,2023-08-23,22,73.1,ashley.hernandez@company.com,(330) 846-3827,On Leave
EMP031065,Lisa,Anderson,Lisa Anderson,36,Operations,Specialist,Los Angeles,90675.97,2078.33,2023-06-18,14,93.9,lisa.anderson@company.com,(413) 775-4979,Active
EMP031066,John,Martinez,John Martinez,24,Legal,Director,Boston,88212.01,9205.63,2022-01-15,2,72.6,john.martinez@company.com,(952) 823-8237,Active
EMP031067,Jessica,Moore,Jessica Moore,54,Finance,Senior Developer,San Francisco,96278.38,3738.99,2022-04-17,32,62.3,jessica.moore@company.com,(688) 236-4161,Inactive
EMP031068,Stephanie,Davis,Stephanie Davis,34,Marketing,Senior Developer,Chicago,43366.66,6589.58,2024-05-09,6,59.7,stephanie.davis@company.com,(976) 270-3208,On Leave
EMP031069,Jane,Martinez,Jane Martinez,65,Finance,Coordinator,Los Angeles,98840.45,2130.9,2024-05-08,37,91.3,jane.martinez@company.com,(445) 682-8485,Inactive
EMP031070,John,Smith,John Smith,29,Finance,Manager,San Francisco,70880.26,8658.27,2024-07-27,0,100.0,john.smith@company.com,(791) 700-7357,Inactive
EMP031071,Lisa,Jones,Lisa Jones,40,Legal,Specialist,Boston,121211.2,16586.41,2023-10-06,17,79.2,lisa.jones@company.com,(630) 647-6825,Active
EMP031072,Melissa,Davis,Melissa Davis,59,Marketing,Coordinator,Chicago,88865.84,8608.99,2022-10-27,30,93.2,melissa.davis@company.com,(406) 992-1926,On Leave
EMP031073,Ashley,Smith,Ashley Smith,23,Marketing,Analyst,New York,63941.02,5922.23,2022-07-16,0,56.7,ashley.smith@company.com,(843) 308-6714,Active
EMP031074,Stephanie,Martinez,Stephanie Martinez,61,Finance,Coordinator,Miami,86726.13,13275.33,2020-10-11,37,70.9,stephanie.martinez@company.com,(414) 745-9013,Active
EMP031075,Anthony,Miller,Anthony Miller,55,Operations,Senior Developer,Boston,74774.95,8025.3,2021-04-19,28,88.8,anthony.miller@company.com,(923) 768-4360,Active
EMP031076,John,Williams,John Williams,36,Finance,Director,Austin,84580.91,8071.62,2023-03-01,10,54.5,john.williams@company.com,(845) 963-1507,Active
EMP031077,Jessica,Rodriguez,Jessica Rodriguez,23,Sales,Lead,New York,53147.4,2048.95,2021-01-25,0,75.6,jessica.rodriguez@company.com,(353) 591-8658,Inactive
EMP031078,Melissa,Jackson,Melissa Jackson,37,HR,Lead,Seattle,54193.51,3825.4,2022-04-10,12,66.0,melissa.jackson@company.com,(371) 364-6097,Active
EMP031079,Melissa,Thomas,Melissa Thomas,51,HR,Specialist,Chicago,83612.98,6657.54,2020-08-17,22,75.0,melissa.thomas@company.com,(282) 836-3377,Active
EMP031080,Stephanie,Johnson,Stephanie Johnson,55,Legal,Associate,Boston,106535.42,6418.24,2023-11-20,27,79.3,stephanie.johnson@company.com,(373) 540-3494,Active
EMP031081,Daniel,Johnson,Daniel Johnson,63,Marketing,Senior Developer,Seattle,94933.82,7933.45,2023-01-17,38,92.2,daniel.johnson@company.com,(247) 578-6958,Active
EMP031082,Nicole,Brown,Nicole Brown,40,Sales,Senior Developer,Seattle,78582.52,10447.26,2021-08-25,15,62.4,nicole.brown@company.com,(551) 469-8608,Active
EMP031083,Lisa,Johnson,Lisa Johnson,62,Marketing,Senior Developer,New York,93198.58,342.4,2023-03-29,39,63.0,lisa.johnson@company.com,(400) 962-7834,Active
EMP031084,Sarah,Hernandez,Sarah Hernandez,48,Operations,Specialist,Seattle,62465.68,6929.77,2020-01-03,22,42.8,sarah.hernandez@company.com,(295) 205-5803,Active
EMP031085,Ashley,Wilson,Ashley Wilson,32,Engineering,Senior Developer,San Francisco,75579.79,4856.67,2020-05-07,9,68.4,ashley.wilson@company.com,(775) 551-5248,Active
EMP031086,Stephanie,Lopez,Stephanie Lopez,40,Marketing,Specialist,Miami,67390.37,5552.72,2021-04-14,17,58.4,stephanie.lopez@company.com,(725) 653-9087,Active
EMP031087,Amanda,Smith,Amanda Smith,51,Sales,Director,Miami,90619.38,4185.04,2024-03-24,26,62.1,amanda.smith@company.com,(709) 444-8302,On Leave
EMP031088,Jessica,Rodriguez,Jessica Rodriguez,33,IT,Lead,Seattle,68974.66,5833.06,2020-01-04,8,87.8,jessica.rodriguez@company.com,(359) 647-9176,Active
EMP031089,Melissa,Thomas,Melissa Thomas,52,Marketing,Analyst,Los Angeles,105618.61,15588.06,2020-06-21,24,90.5,melissa.thomas@company.com,(683) 718-7186,Active
EMP031090,John,Miller,John Miller,51,Legal,Analyst,Chicago,127363.37,23350.71,2021-09-02,29,88.1,john.miller@company.com,(577) 473-3717,Active
EMP031091,Matthew,Jackson,Matthew Jackson,54,Marketing,Coordinator,Los Angeles,65889.6,7090.78,2021-01-13,27,71.2,matthew.jackson@company.com,(350) 489-9880,Active
EMP031092,Anthony,Moore,Anthony Moore,51,Finance,Lead,Los Angeles,108010.15,8797.09,2022-10-12,26,67.6,anthony.moore@company.com,(517) 792-8612,Active
EMP031093,William,Johnson,William Johnson,51,Legal,Senior Developer,Boston,102251.42,1111.41,2020-11-13,23,70.6,william.johnson@company.com,(346) 969-8960,Active
EMP031094,Amanda,Gonzalez,Amanda Gonzalez,48,Engineering,Coordinator,Seattle,66240.96,3571.92,2020-01-17,22,46.6,amanda.gonzalez@company.com,(988) 760-3868,Inactive
EMP031095,Amanda,Martin,Amanda Martin,53,Finance,Director,Chicago,96565.15,11282.06,2022-02-06,24,89.8,amanda.martin@company.com,(365) 623-7870,Active
EMP031096,Matthew,Smith,Matthew Smith,27,Marketing,Senior Developer,Los Angeles,70959.81,4572.78,2021-05-09,0,82.4,matthew.smith@company.com,(269) 707-4160,Active
EMP031097,Stephanie,Williams,Stephanie Williams,65,Sales,Manager,Miami,80423.48,2229.15,2022-10-09,42,65.0,stephanie.williams@company.com,(531) 268-6216,Active
EMP031098,Matthew,Lopez,Matthew Lopez,61,Legal,Coordinator,Miami,67788.1,7290.76,2023-07-15,32,66.0,matthew.lopez@company.com,(648) 542-3690,Active
EMP031099,Amanda,Brown,Amanda Brown,54,Marketing,Lead,New York,85104.2,15115.31,2023-12-27,32,85.6,amanda.brown@company.com,(822) 685-4083,On Leave
EMP031100,Amanda,Smith,Amanda Smith,24,Operations,Coordinator,Chicago,52571.09,4786.26,2021-12-27,0,92.8,amanda.smith@company.com,(609) 269-8605,Active
EMP031101,William,Taylor,William Taylor,47,Sales,Specialist,San Francisco,74304.8,0.0,2022-12-13,19,81.3,william.taylor@company.com,(936) 506-9094,Inactive
EMP031102,John,Davis,John Davis,46,Operations,Manager,Seattle,74666.69,4137.13,2021-10-20,23,98.2,john.davis@company.com,(851) 439-7905,Active
EMP031103,William,Martin,William Martin,34,Legal,Manager,Chicago,71076.83,10137.67,2023-09-24,5,69.3,william.martin@company.com,(236) 283-3456,Active
EMP031104,Daniel,Jackson,Daniel Jackson,25,Legal,Coordinator,San Francisco,84674.45,16416.09,2020-05-31,2,65.4,daniel.jackson@company.com,(698) 959-9831,Active
EMP031105,Jessica,Martin,Jessica Martin,48,Finance,Specialist,Chicago,57500.13,2161.17,2024-05-28,23,54.0,jessica.martin@company.com,(679) 830-3958,Inactive
EMP031106,Nicole,Smith,Nicole Smith,34,Legal,Coordinator,Miami,61187.41,6527.04,2024-08-14,8,71.8,nicole.smith@company.com,(731) 809-5954,Inactive
EMP031107,Ashley,Martin,Ashley Martin,54,HR,Associate,Los Angeles,49933.17,1273.25,2022-10-08,31,57.1,ashley.martin@company.com,(458) 724-9186,Active
EMP031108,Michael,Garcia,Michael Garcia,39,Legal,Associate,San Francisco,93537.37,3923.27,2021-03-03,16,61.8,michael.garcia@company.com,(328) 720-3109,Active
EMP031109,Daniel,Moore,Daniel Moore,57,HR,Analyst,Los Angeles,58986.99,9840.54,2024-03-28,31,54.2,daniel.moore@company.com,(486) 980-6748,Active
EMP031110,Emily,Wilson,Emily Wilson,53,Marketing,Director,Austin,81145.25,8448.02,2024-03-17,26,84.2,emily.wilson@company.com,(412) 458-1077,Inactive
EMP031111,Michael,Thomas,Michael Thomas,62,Operations,Lead,Los Angeles,76670.66,12222.24,2021-10-04,35,78.2,michael.thomas@company.com,(743) 934-3702,Active
EMP031112,Emily,Brown,Emily Brown,59,HR,Director,New York,99569.87,4994.78,2022-09-29,36,93.4,emily.brown@company.com,(585) 398-5746,Active
EMP031113,David,Thomas,David Thomas,63,Marketing,Lead,Miami,91111.38,4406.2,2020-01-17,36,99.7,david.thomas@company.com,(326) 559-8541,Active
EMP031114,William,Lopez,William Lopez,54,Operations,Coordinator,Los Angeles,53201.5,6964.85,2024-01-07,25,88.6,william.lopez@company.com,(722) 603-5356,Active
EMP031115,William,Anderson,William Anderson,47,Sales,Specialist,New York,70190.85,7659.38,2020-06-03,23,92.1,william.anderson@company.com,(768) 622-7602,Active
EMP031116,Daniel,Moore,Daniel Moore,63,Marketing,Lead,Boston,77805.64,3532.56,2021-05-01,40,69.2,daniel.moore@company.com,(849) 940-6336,Active
EMP031117,John,Anderson,John Anderson,63,Marketing,Coordinator,Seattle,104844.52,9087.55,2024-02-28,40,77.9,john.anderson@company.com,(833) 636-7591,Active
EMP031118,Amanda,Martin,Amanda Martin,52,HR,Senior Developer,Seattle,77257.52,7186.16,2022-02-22,24,86.3,amanda.martin@company.com,(304) 481-8530,Active
EMP031119,William,Thomas,William Thomas,26,HR,Lead,Miami,60979.8,5595.56,2024-06-21,0,69.8,william.thomas@company.com,(899) 673-1573,Active
EMP031120,Nicole,Gonzalez,Nicole Gonzalez,24,Finance,Senior Developer,Chicago,54590.72,1855.58,2021-07-29,0,63.9,nicole.gonzalez@company.com,(636) 640-5143,Active
EMP031121,Matthew,Gonzalez,Matthew Gonzalez,62,Operations,Coordinator,Los Angeles,63863.18,6200.66,2023-01-23,37,65.3,matthew.gonzalez@company.com,(780) 744-3056,Active
EMP031122,Lisa,Moore,Lisa Moore,52,Marketing,Associate,Los Angeles,68282.17,2639.49,2020-08-01,28,75.0,lisa.moore@company.com,(680) 330-2884,Active
EMP031123,Ashley,Williams,Ashley Williams,55,Legal,Lead,San Francisco,76725.66,8635.27,2021-04-24,27,67.9,ashley.williams@company.com,(655) 352-1467,Active
EMP031124,David,Jones,David Jones,36,Legal,Analyst,Austin,82253.47,9176.43,2020-09-26,14,69.3,david.jones@company.com,(382) 737-4160,Inactive
EMP031125,Christopher,Hernandez,Christopher Hernandez,44,Marketing,Associate,Los Angeles,91952.96,16580.31,2021-10-25,22,67.3,christopher.hernandez@company.com,(520) 961-6786,Active
EMP031126,Jane,Martinez,Jane Martinez,49,Legal,Coordinator,New York,49066.77,4315.63,2021-05-20,25,99.8,jane.martinez@company.com,(238) 692-8585,Active
EMP031127,Matthew,Lopez,Matthew Lopez,36,Engineering,Manager,Los Angeles,72605.87,8195.94,2021-12-24,13,100.0,matthew.lopez@company.com,(399) 964-8108,Active
EMP031128,Stephanie,Lopez,Stephanie Lopez,47,Legal,Lead,Chicago,88989.77,4605.29,2022-03-03,19,100.0,stephanie.lopez@company.com,(357) 941-5073,Active
EMP031129,Michael,Martinez,Michael Martinez,35,IT,Coordinator,Seattle,103375.6,7809.63,2020-10-11,13,75.3,michael.martinez@company.com,(308) 633-4463,Active
EMP031130,Emily,Williams,Emily Williams,58,Sales,Associate,Austin,80621.42,5851.85,2021-11-25,34,71.1,emily.williams@company.com,(614) 889-5061,Inactive
EMP031131,Daniel,Thomas,Daniel Thomas,22,HR,Manager,Austin,82601.53,9052.4,2022-07-31,0,99.0,daniel.thomas@company.com,(763) 660-7935,Active
EMP031132,Lisa,Taylor,Lisa Taylor,53,IT,Associate,Austin,88108.09,11634.42,2021-04-23,24,62.7,lisa.taylor@company.com,(979) 678-1917,Inactive
EMP031133,Melissa,Anderson,Melissa Anderson,46,Marketing,Specialist,Boston,68788.65,8124.21,2024-09-14,17,90.1,melissa.anderson@company.com,(737) 463-7108,Active
EMP031134,David,Martin,David Martin,39,HR,Analyst,Seattle,47017.15,6367.88,2023-01-08,16,67.2,david.martin@company.com,(699) 966-4193,Active
EMP031135,David,Williams,David Williams,64,Legal,Coordinator,Austin,110173.37,18168.26,2022-06-20,36,87.6,david.williams@company.com,(782) 348-3681,Active
EMP031136,Stephanie,Thomas,Stephanie Thomas,40,Legal,Specialist,Seattle,86356.58,8110.53,2021-09-13,16,72.2,stephanie.thomas@company.com,(350) 533-5855,Active
EMP031137,Jessica,Johnson,Jessica Johnson,33,Engineering,Director,San Francisco,80700.44,8784.12,2021-10-25,6,86.0,jessica.johnson@company.com,(359) 983-7404,Active
EMP031138,Stephanie,Jones,Stephanie Jones,30,Engineering,Senior Developer,Miami,94113.95,17751.4,2024-11-26,5,64.9,stephanie.jones@company.com,(255) 434-6715,Active
EMP031139,Jessica,Miller,Jessica Miller,39,HR,Lead,Seattle,70992.11,5377.04,2022-07-14,14,62.8,jessica.miller@company.com,(312) 610-9757,Active
EMP031140,Emily,Jones,Emily Jones,61,Sales,Specialist,New York,98243.22,12857.2,2021-01-09,34,83.8,emily.jones@company.com,(392) 685-8921,Active
EMP031141,Amanda,Wilson,Amanda Wilson,37,Finance,Director,Austin,64333.09,3876.64,2022-09-27,13,51.4,amanda.wilson@company.com,(387) 937-7119,Active
EMP031142,Daniel,Wilson,Daniel Wilson,62,Sales,Senior Developer,San Francisco,100552.16,9852.27,2022-05-29,38,72.8,daniel.wilson@company.com,(262) 323-4778,Active
EMP031143,Ashley,Brown,Ashley Brown,43,Finance,Director,New York,55659.17,7352.92,2022-08-01,20,79.8,ashley.brown@company.com,(725) 498-8417,Inactive
EMP031144,Matthew,Thomas,Matthew Thomas,22,Finance,Analyst,Austin,63529.43,7329.06,2021-05-26,0,81.5,matthew.thomas@company.com,(416) 660-5330,Active
EMP031145,Robert,Smith,Robert Smith,23,Legal,Specialist,Miami,79895.57,13584.03,2020-10-02,1,62.7,robert.smith@company.com,(836) 954-4827,Active
EMP031146,Christopher,Jackson,Christopher Jackson,48,Legal,Manager,New York,108601.46,8373.03,2023-11-18,25,77.3,christopher.jackson@company.com,(281) 766-2723,Active
EMP031147,David,Johnson,David Johnson,53,Marketing,Manager,Miami,80735.88,3558.44,2020-06-28,31,65.6,david.johnson@company.com,(341) 421-4952,Active
EMP031148,Sarah,Martin,Sarah Martin,37,Marketing,Director,Chicago,56766.49,4301.2,2023-11-06,10,83.8,sarah.martin@company.com,(633) 677-8958,Active
EMP031149,Melissa,Moore,Melissa Moore,46,IT,Lead,Boston,61757.59,4558.0,2021-03-10,21,54.7,melissa.moore@company.com,(250) 991-7696,Inactive
EMP031150,Robert,Lopez,Robert Lopez,27,Operations,Associate,New York,42051.32,5493.94,2021-02-10,3,58.3,robert.lopez@company.com,(814) 351-9856,Active
EMP031151,Nicole,Garcia,Nicole Garcia,65,Engineering,Lead,San Francisco,94521.38,12612.19,2022-07-14,43,75.1,nicole.garcia@company.com,(264) 804-4878,Active
EMP031152,David,Anderson,David Anderson,57,HR,Lead,Los Angeles,80012.98,13711.67,2024-08-08,35,85.6,david.anderson@company.com,(405) 316-3742,Active
EMP031153,William,Anderson,William Anderson,65,Sales,Associate,Chicago,105923.36,6352.6,2020-01-26,39,92.6,william.anderson@company.com,(737) 727-8433,Active
EMP031154,Matthew,Wilson,Matthew Wilson,35,Finance,Analyst,Seattle,76170.38,12299.09,2021-07-12,12,49.2,matthew.wilson@company.com,(873) 683-8583,Inactive
EMP031155,Ashley,Lopez,Ashley Lopez,38,Engineering,Associate,Miami,96111.9,9721.05,2021-04-06,11,100.0,ashley.lopez@company.com,(808) 968-3451,Active
EMP031156,Emily,Wilson,Emily Wilson,43,IT,Lead,Seattle,82040.77,12579.78,2020-09-01,20,71.0,emily.wilson@company.com,(403) 552-2492,Active
EMP031157,Nicole,Rodriguez,Nicole Rodriguez,39,IT,Specialist,Miami,107226.05,782.65,2022-01-04,16,71.6,nicole.rodriguez@company.com,(843) 208-5825,Active
EMP031158,Anthony,Gonzalez,Anthony Gonzalez,37,IT,Director,Austin,120428.36,14815.99,2021-02-09,14,85.7,anthony.gonzalez@company.com,(618) 410-5483,Active
EMP031159,Christopher,Taylor,Christopher Taylor,38,Legal,Specialist,Los Angeles,58989.68,5744.65,2021-03-06,10,82.7,christopher.taylor@company.com,(425) 893-7817,Active
EMP031160,James,Lopez,James Lopez,60,IT,Specialist,Boston,122560.04,2440.53,2020-12-19,37,72.0,james.lopez@company.com,(469) 425-9867,Active
EMP031161,Stephanie,Thomas,Stephanie Thomas,63,Engineering,Analyst,Los Angeles,125093.31,19730.3,2022-01-07,35,81.3,stephanie.thomas@company.com,(790) 603-7578,Active
EMP031162,Lisa,Williams,Lisa Williams,35,Sales,Senior Developer,Austin,82317.69,7257.85,2021-03-01,10,85.2,lisa.williams@company.com,(818) 789-7913,Active
EMP031163,Christopher,Taylor,Christopher Taylor,52,Finance,Coordinator,New York,74083.04,11293.74,2021-02-10,29,43.7,christopher.taylor@company.com,(996) 845-1869,Active
EMP031164,Amanda,Jones,Amanda Jones,28,Sales,Director,Boston,56780.43,8489.58,2022-04-24,5,97.1,amanda.jones@company.com,(491) 761-9002,Active
EMP031165,Jessica,Wilson,Jessica Wilson,61,Legal,Specialist,New York,97881.26,17745.55,2021-03-11,35,49.2,jessica.wilson@company.com,(951) 381-6473,Active
EMP031166,Michael,Rodriguez,Michael Rodriguez,35,Marketing,Director,Seattle,101421.28,11593.99,2022-11-26,9,62.4,michael.rodriguez@company.com,(924) 517-2448,Active
EMP031167,Nicole,Martinez,Nicole Martinez,44,IT,Manager,Chicago,77508.34,11285.57,2020-07-05,18,83.7,nicole.martinez@company.com,(792) 415-2191,Active
EMP031168,Lisa,Taylor,Lisa Taylor,33,HR,Associate,Chicago,29156.63,2813.86,2023-11-28,9,92.3,lisa.taylor@company.com,(620) 638-5772,Active
EMP031169,Nicole,Moore,Nicole Moore,22,Engineering,Director,New York,72611.89,10223.44,2024-03-17,0,73.9,nicole.moore@company.com,(777) 934-9197,Active
EMP031170,Jessica,Martinez,Jessica Martinez,57,Operations,Manager,Boston,63931.2,4890.43,2023-02-26,34,77.9,jessica.martinez@company.com,(295) 754-5758,Active
EMP031171,Lisa,Smith,Lisa Smith,37,Engineering,Coordinator,Seattle,103744.51,6013.43,2021-03-19,10,90.6,lisa.smith@company.com,(549) 940-1097,Active
EMP031172,Stephanie,Taylor,Stephanie Taylor,48,Engineering,Specialist,Los Angeles,121748.44,17131.17,2021-04-08,19,81.7,stephanie.taylor@company.com,(633) 768-5350,Active
EMP031173,Anthony,Johnson,Anthony Johnson,58,Legal,Coordinator,Seattle,99399.0,5313.18,2023-01-06,33,87.2,anthony.johnson@company.com,(808) 911-8153,Active
EMP031174,Christopher,Smith,Christopher Smith,33,Sales,Manager,Seattle,83151.11,3790.76,2022-02-10,9,76.5,christopher.smith@company.com,(616) 418-5948,Active
EMP031175,Christopher,Martin,Christopher Martin,56,Finance,Analyst,Seattle,115670.29,18935.64,2020-09-08,33,56.2,christopher.martin@company.com,(522) 659-1617,Active
EMP031176,Sarah,Miller,Sarah Miller,47,Legal,Coordinator,Los Angeles,72678.64,10028.19,2020-11-25,25,70.8,sarah.miller@company.com,(240) 357-8387,Active
EMP031177,Jane,Anderson,Jane Anderson,43,Sales,Analyst,Los Angeles,108042.99,18292.36,2020-02-27,16,68.4,jane.anderson@company.com,(883) 749-8406,Active
EMP031178,Lisa,Lopez,Lisa Lopez,46,Sales,Specialist,San Francisco,76513.64,12567.67,2020-05-29,20,80.0,lisa.lopez@company.com,(272) 433-4206,Active
EMP031179,Emily,Martinez,Emily Martinez,46,HR,Senior Developer,Miami,80132.41,9555.84,2024-05-02,20,87.5,emily.martinez@company.com,(729) 295-6953,Active
EMP031180,Stephanie,Williams,Stephanie Williams,39,Marketing,Specialist,New York,57559.11,10947.53,2022-02-03,13,65.7,stephanie.williams@company.com,(541) 753-7569,Inactive
EMP031181,Melissa,Williams,Melissa Williams,54,Finance,Manager,Boston,84399.16,6938.01,2022-01-26,26,83.3,melissa.williams@company.com,(846) 844-9851,Inactive
EMP031182,Matthew,Garcia,Matthew Garcia,60,IT,Analyst,New York,54883.22,7468.83,2021-09-17,37,49.6,matthew.garcia@company.com,(576) 262-7453,Active
EMP031183,Jane,Gonzalez,Jane Gonzalez,27,Operations,Analyst,Austin,38719.17,650.33,2021-03-17,4,76.9,jane.gonzalez@company.com,(279) 773-3023,Active
EMP031184,Nicole,Martin,Nicole Martin,48,Legal,Coordinator,Boston,84044.82,9226.39,2022-10-22,25,60.0,nicole.martin@company.com,(677) 266-9429,Active
EMP031185,William,Brown,William Brown,30,Sales,Lead,Miami,67068.51,4253.49,2021-10-13,7,85.4,william.brown@company.com,(570) 599-2336,Active
EMP031186,David,Brown,David Brown,64,Marketing,Specialist,Boston,82442.22,2165.16,2023-03-15,38,77.0,david.brown@company.com,(989) 347-7121,Active
EMP031187,Stephanie,Jackson,Stephanie Jackson,46,HR,Lead,Boston,48969.41,0.0,2023-04-30,21,88.2,stephanie.jackson@company.com,(375) 489-4353,Inactive
EMP031188,Sarah,Moore,Sarah Moore,59,Engineering,Specialist,San Francisco,92822.32,0.0,2020-01-13,37,74.3,sarah.moore@company.com,(312) 317-1003,Active
EMP031189,David,Davis,David Davis,35,Marketing,Coordinator,Los Angeles,49912.42,10.29,2024-09-30,10,71.4,david.davis@company.com,(530) 761-5694,Inactive
EMP031190,Christopher,Hernandez,Christopher Hernandez,23,Operations,Manager,Chicago,54916.37,0.0,2022-09-10,0,76.3,christopher.hernandez@company.com,(892) 628-5321,Active
EMP031191,Jane,Martin,Jane Martin,27,Engineering,Lead,Chicago,89723.5,8834.87,2022-12-30,4,100.0,jane.martin@company.com,(698) 769-9614,Active
EMP031192,Christopher,Gonzalez,Christopher Gonzalez,26,HR,Specialist,Chicago,71254.0,8819.9,2022-11-29,0,66.8,christopher.gonzalez@company.com,(867) 851-7299,Active
EMP031193,Emily,Brown,Emily Brown,45,Sales,Senior Developer,Los Angeles,90358.36,10965.28,2024-07-29,16,85.7,emily.brown@company.com,(341) 959-6874,Active
EMP031194,Lisa,Hernandez,Lisa Hernandez,35,Finance,Lead,Boston,73970.35,10766.73,2022-02-10,9,100.0,lisa.hernandez@company.com,(459) 976-9876,Active
EMP031195,Sarah,Miller,Sarah Miller,43,Operations,Manager,San Francisco,71336.35,6844.41,2021-10-18,14,78.2,sarah.miller@company.com,(412) 560-7838,Active
EMP031196,Lisa,Jackson,Lisa Jackson,30,Sales,Lead,Seattle,79422.58,0.0,2024-10-12,7,56.5,lisa.jackson@company.com,(925) 849-9364,Active
EMP031197,Jane,Moore,Jane Moore,54,IT,Specialist,New York,105938.38,11561.67,2023-01-11,28,69.5,jane.moore@company.com,(507) 953-6832,Inactive
EMP031198,Christopher,Thomas,Christopher Thomas,51,HR,Associate,San Francisco,70426.76,11473.44,2024-05-19,28,53.1,christopher.thomas@company.com,(829) 283-7422,Active
EMP031199,Melissa,Smith,Melissa Smith,22,Legal,Senior Developer,San Francisco,58342.31,4127.5,2021-12-21,0,70.8,melissa.smith@company.com,(473) 707-6618,Active
EMP031200,Robert,Thomas,Robert Thomas,26,Operations,Coordinator,Los Angeles,44596.16,3501.02,2023-11-20,3,68.0,robert.thomas@company.com,(606) 586-7514,Inactive
EMP031201,Emily,Brown,Emily Brown,31,Finance,Lead,Austin,59859.84,5203.13,2023-07-06,2,74.0,emily.brown@company.com,(393) 386-6217,Active
EMP031202,Jessica,Brown,Jessica Brown,60,IT,Specialist,Los Angeles,100687.98,8215.27,2021-07-20,37,77.8,jessica.brown@company.com,(859) 904-4427,Active
EMP031203,Amanda,Taylor,Amanda Taylor,32,Engineering,Specialist,Seattle,71937.74,5949.99,2024-07-23,3,80.2,amanda.taylor@company.com,(283) 914-2212,Active
EMP031204,Lisa,Johnson,Lisa Johnson,27,Finance,Manager,Boston,62285.81,5832.36,2021-01-24,1,76.8,lisa.johnson@company.com,(635) 965-4287,Active
EMP031205,David,Lopez,David Lopez,37,Marketing,Senior Developer,Los Angeles,66838.81,5335.82,2020-06-16,8,72.1,david.lopez@company.com,(691) 944-3908,Active
EMP031206,Jessica,Anderson,Jessica Anderson,36,IT,Analyst,Miami,68660.28,7431.93,2024-06-22,8,56.7,jessica.anderson@company.com,(612) 289-1120,Active
EMP031207,Amanda,Wilson,Amanda Wilson,43,Operations,Specialist,San Francisco,49221.23,4779.43,2022-10-08,18,65.0,amanda.wilson@company.com,(595) 204-5694,Active
EMP031208,Robert,Johnson,Robert Johnson,37,IT,Lead,Seattle,100038.61,3120.05,2024-03-12,9,89.6,robert.johnson@company.com,(550) 652-7534,Active
EMP031209,Amanda,Hernandez,Amanda Hernandez,55,Sales,Manager,Chicago,64562.86,10697.66,2022-12-31,26,77.6,amanda.hernandez@company.com,(820) 491-3743,Active
EMP031210,Matthew,Anderson,Matthew Anderson,41,IT,Lead,San Francisco,117618.91,8784.14,2022-10-24,13,54.1,matthew.anderson@company.com,(573) 634-3195,Active
EMP031211,Daniel,Garcia,Daniel Garcia,39,Legal,Specialist,Chicago,79970.83,3312.51,2020-08-15,17,88.9,daniel.garcia@company.com,(532) 827-4356,Active
EMP031212,Michael,Smith,Michael Smith,24,Finance,Senior Developer,Austin,40842.97,3518.6,2020-03-31,0,72.7,michael.smith@company.com,(624) 959-2008,Inactive
EMP031213,Nicole,Hernandez,Nicole Hernandez,64,IT,Senior Developer,Seattle,131713.16,34228.19,2021-05-30,38,79.2,nicole.hernandez@company.com,(585) 487-6161,Active
EMP031214,Robert,Jones,Robert Jones,42,Sales,Specialist,Los Angeles,60424.15,7751.26,2020-07-02,17,90.2,robert.jones@company.com,(960) 552-1323,Active
EMP031215,Matthew,Brown,Matthew Brown,40,Finance,Director,Miami,87594.32,8188.47,2021-12-02,13,77.4,matthew.brown@company.com,(341) 437-7443,Active
EMP031216,Emily,Brown,Emily Brown,60,Engineering,Analyst,New York,108581.55,9897.25,2023-12-05,32,68.3,emily.brown@company.com,(986) 729-5007,Active
EMP031217,Stephanie,Anderson,Stephanie Anderson,53,Sales,Specialist,Austin,86128.03,19488.48,2024-11-16,28,68.0,stephanie.anderson@company.com,(939) 275-7235,Active
EMP031218,Lisa,Moore,Lisa Moore,52,Marketing,Specialist,Boston,99057.99,11581.58,2021-05-17,24,100.0,lisa.moore@company.com,(790) 595-8591,Active
EMP031219,Sarah,Jackson,Sarah Jackson,33,Engineering,Lead,Seattle,101028.17,11970.21,2023-06-30,8,63.2,sarah.jackson@company.com,(401) 934-9639,Active
EMP031220,Anthony,Williams,Anthony Williams,28,Marketing,Coordinator,Miami,65681.62,6132.6,2022-09-12,2,72.1,anthony.williams@company.com,(837) 535-4173,Active
EMP031221,David,Johnson,David Johnson,27,Legal,Analyst,Miami,91537.75,10371.63,2023-09-10,4,81.6,david.johnson@company.com,(966) 201-8720,Active
EMP031222,John,Martinez,John Martinez,60,Operations,Lead,Seattle,65942.58,5678.37,2020-10-16,33,68.4,john.martinez@company.com,(595) 452-4373,Active
EMP031223,Matthew,Lopez,Matthew Lopez,24,Engineering,Senior Developer,Chicago,46337.47,3644.42,2021-04-16,2,84.7,matthew.lopez@company.com,(221) 799-5958,Inactive
EMP031224,Christopher,Johnson,Christopher Johnson,65,Marketing,Analyst,Los Angeles,94859.43,15228.81,2023-04-02,36,72.5,christopher.johnson@company.com,(930) 651-8359,Active
EMP031225,Christopher,Jackson,Christopher Jackson,57,IT,Associate,Chicago,136336.67,14297.36,2024-01-11,35,53.7,christopher.jackson@company.com,(619) 304-9161,Active
EMP031226,Melissa,Jackson,Melissa Jackson,60,Operations,Associate,San Francisco,80230.67,9664.85,2020-08-19,33,87.7,melissa.jackson@company.com,(599) 276-7740,Active
EMP031227,Melissa,Wilson,Melissa Wilson,29,Operations,Director,Chicago,47302.44,2891.85,2020-08-28,5,100.0,melissa.wilson@company.com,(741) 492-1651,Active
EMP031228,Anthony,Miller,Anthony Miller,25,Sales,Director,New York,78052.05,9466.33,2024-03-21,2,97.4,anthony.miller@company.com,(906) 695-6513,Inactive
EMP031229,Amanda,Jackson,Amanda Jackson,63,Engineering,Manager,Seattle,122296.51,19221.1,2023-07-07,40,68.1,amanda.jackson@company.com,(731) 338-1987,Active
EMP031230,Lisa,Taylor,Lisa Taylor,31,Sales,Associate,Miami,41449.0,3804.63,2023-06-12,4,92.8,lisa.taylor@company.com,(742) 968-7050,Active
EMP031231,Robert,Moore,Robert Moore,26,Finance,Director,Seattle,67345.32,14527.11,2023-03-05,2,66.9,robert.moore@company.com,(224) 646-5046,Active
EMP031232,Christopher,Anderson,Christopher Anderson,62,HR,Specialist,Los Angeles,86475.96,5774.31,2024-05-13,38,63.7,christopher.anderson@company.com,(477) 531-2613,On Leave
EMP031233,Robert,Williams,Robert Williams,61,Operations,Senior Developer,Boston,73914.2,4017.91,2021-12-23,34,88.8,robert.williams@company.com,(478) 883-7935,Active
EMP031234,James,Williams,James Williams,37,IT,Director,Seattle,57411.5,5677.79,2020-09-28,8,91.8,james.williams@company.com,(748) 622-3423,Active
EMP031235,Jessica,Moore,Jessica Moore,30,IT,Director,Miami,103753.8,11691.23,2020-06-29,5,77.1,jessica.moore@company.com,(522) 928-1151,Active
EMP031236,Sarah,Gonzalez,Sarah Gonzalez,51,Legal,Senior Developer,Boston,94758.66,11277.07,2024-09-20,22,82.4,sarah.gonzalez@company.com,(213) 695-3401,Active
EMP031237,Nicole,Wilson,Nicole Wilson,30,Marketing,Analyst,Seattle,68802.77,6397.24,2020-10-22,2,92.1,nicole.wilson@company.com,(222) 879-8413,Active
EMP031238,Robert,Jackson,Robert Jackson,48,Marketing,Senior Developer,Los Angeles,52614.89,9064.86,2023-09-08,23,73.4,robert.jackson@company.com,(590) 815-8210,Active
EMP031239,Sarah,Brown,Sarah Brown,30,Engineering,Coordinator,Austin,83932.09,14692.88,2024-06-28,2,86.9,sarah.brown@company.com,(270) 750-5397,Active
EMP031240,Nicole,Johnson,Nicole Johnson,59,Sales,Director,Austin,59150.06,7512.63,2020-11-10,36,76.1,nicole.johnson@company.com,(622) 356-3399,Active
EMP031241,William,Garcia,William Garcia,22,Legal,Manager,Austin,63946.77,11461.82,2023-07-03,0,96.4,william.garcia@company.com,(349) 236-1230,Active
EMP031242,Matthew,Williams,Matthew Williams,30,Finance,Specialist,New York,38290.19,3055.57,2024-03-23,5,92.5,matthew.williams@company.com,(582) 998-5620,Inactive
EMP031243,Nicole,Brown,Nicole Brown,54,Sales,Analyst,Chicago,96544.83,5788.51,2021-04-18,28,75.0,nicole.brown@company.com,(933) 959-6890,Inactive
EMP031244,Robert,Williams,Robert Williams,28,Operations,Associate,Seattle,69461.34,1066.84,2020-11-23,0,81.1,robert.williams@company.com,(341) 935-5367,Active
EMP031245,Anthony,Taylor,Anthony Taylor,52,HR,Director,San Francisco,68830.02,3443.61,2021-07-15,24,73.7,anthony.taylor@company.com,(257) 383-8474,Active
EMP031246,Robert,Anderson,Robert Anderson,23,Finance,Senior Developer,Los Angeles,65592.94,7630.52,2023-09-27,0,67.5,robert.anderson@company.com,(947) 903-6925,On Leave
EMP031247,Christopher,Taylor,Christopher Taylor,52,Finance,Manager,Los Angeles,73355.59,8745.95,2020-08-23,23,58.8,christopher.taylor@company.com,(573) 590-4704,Active
EMP031248,Lisa,Taylor,Lisa Taylor,28,Engineering,Analyst,Chicago,89661.75,3537.94,2021-11-28,1,57.9,lisa.taylor@company.com,(265) 508-7291,Active
EMP031249,Matthew,Williams,Matthew Williams,39,HR,Manager,Miami,53078.4,5834.36,2022-05-02,15,64.6,matthew.williams@company.com,(627) 341-5851,Active
EMP031250,Ashley,Miller,Ashley Miller,41,Finance,Specialist,Austin,78118.96,9889.8,2022-11-29,13,84.6,ashley.miller@company.com,(643) 498-1020,Active
EMP031251,Christopher,Taylor,Christopher Taylor,50,Sales,Associate,Miami,99741.64,5014.48,2022-04-11,22,95.1,christopher.taylor@company.com,(760) 518-2617,Active
EMP031252,Lisa,Gonzalez,Lisa Gonzalez,55,Finance,Senior Developer,Chicago,92394.18,8900.84,2022-02-11,33,90.3,lisa.gonzalez@company.com,(930) 657-7580,Active
EMP031253,Lisa,Rodriguez,Lisa Rodriguez,64,HR,Analyst,Miami,86888.49,10767.21,2020-05-26,37,79.7,lisa.rodriguez@company.com,(425) 485-6715,Active
EMP031254,Anthony,Martin,Anthony Martin,51,Engineering,Director,Austin,93121.67,7502.6,2023-02-09,24,57.2,anthony.martin@company.com,(760) 855-1541,Active
EMP031255,James,Lopez,James Lopez,63,Operations,Specialist,Austin,69589.59,7228.7,2021-08-01,35,42.7,james.lopez@company.com,(221) 674-1951,Active
EMP031256,Nicole,Garcia,Nicole Garcia,46,Sales,Coordinator,Chicago,74742.72,2575.79,2024-03-03,23,95.5,nicole.garcia@company.com,(487) 662-5329,On Leave
EMP031257,Sarah,Martinez,Sarah Martinez,32,HR,Coordinator,Miami,57984.07,2364.88,2021-04-28,3,59.0,sarah.martinez@company.com,(383) 889-6335,Active
EMP031258,Michael,Hernandez,Michael Hernandez,49,IT,Director,Seattle,103066.94,19176.0,2024-12-15,23,78.6,michael.hernandez@company.com,(410) 532-6876,Active
EMP031259,John,Davis,John Davis,26,Marketing,Analyst,New York,72083.93,0.0,2020-09-14,2,52.0,john.davis@company.com,(536) 521-3219,Active
EMP031260,Sarah,Hernandez,Sarah Hernandez,23,HR,Coordinator,San Francisco,72530.1,4896.86,2021-03-18,0,74.0,sarah.hernandez@company.com,(340) 664-6654,Inactive
EMP031261,Emily,Martin,Emily Martin,62,Marketing,Lead,Los Angeles,83438.91,957.91,2021-04-11,37,77.5,emily.martin@company.com,(476) 722-8512,Active
EMP031262,Anthony,Davis,Anthony Davis,26,Engineering,Associate,Chicago,114203.8,17883.28,2020-03-02,0,97.4,anthony.davis@company.com,(863) 301-5150,Active
EMP031263,Ashley,Jackson,Ashley Jackson,63,Finance,Senior Developer,Boston,122087.74,12919.7,2024-12-26,37,86.2,ashley.jackson@company.com,(820) 525-1934,Active
EMP031264,Sarah,Moore,Sarah Moore,63,IT,Manager,Austin,110901.78,14481.27,2021-11-09,34,80.6,sarah.moore@company.com,(979) 981-8527,Active
EMP031265,Amanda,Thomas,Amanda Thomas,61,Sales,Lead,Miami,104006.27,11086.18,2022-08-24,35,86.8,amanda.thomas@company.com,(280) 461-8748,Active
EMP031266,Daniel,Martinez,Daniel Martinez,44,IT,Coordinator,Boston,88493.27,7483.69,2020-07-09,17,81.9,daniel.martinez@company.com,(921) 938-3671,Inactive
EMP031267,Amanda,Jackson,Amanda Jackson,22,Marketing,Analyst,Austin,35921.57,4489.59,2020-12-23,0,100.0,amanda.jackson@company.com,(439) 309-2663,Active
EMP031268,Jessica,Anderson,Jessica Anderson,41,HR,Senior Developer,Austin,79009.27,403.71,2024-03-18,12,60.8,jessica.anderson@company.com,(829) 577-2723,Active
EMP031269,Emily,Jones,Emily Jones,27,IT,Lead,Chicago,73504.56,3760.02,2022-07-09,3,82.1,emily.jones@company.com,(356) 393-7332,Active
EMP031270,Jane,Brown,Jane Brown,54,Operations,Associate,Los Angeles,58256.4,8704.66,2023-04-28,26,70.3,jane.brown@company.com,(942) 459-8553,Active
EMP031271,David,Lopez,David Lopez,58,Engineering,Analyst,Austin,92269.57,4214.22,2023-07-05,36,66.9,david.lopez@company.com,(440) 362-6074,Inactive
EMP031272,Robert,Gonzalez,Robert Gonzalez,47,IT,Associate,Seattle,83379.73,6037.42,2020-10-19,25,74.0,robert.gonzalez@company.com,(872) 713-7373,Active
EMP031273,Ashley,Jackson,Ashley Jackson,51,Finance,Lead,Los Angeles,78949.88,9805.01,2023-09-09,29,93.9,ashley.jackson@company.com,(875) 344-9183,Active
EMP031274,Matthew,Jones,Matthew Jones,38,Sales,Manager,Los Angeles,112222.16,8172.16,2022-02-05,16,78.6,matthew.jones@company.com,(517) 267-6235,Active
EMP031275,Jessica,Martinez,Jessica Martinez,42,IT,Associate,San Francisco,97998.81,12545.62,2024-10-15,20,81.8,jessica.martinez@company.com,(569) 316-4661,Inactive
EMP031276,Nicole,Thomas,Nicole Thomas,57,Sales,Senior Developer,Austin,90862.22,12017.62,2024-01-03,31,95.6,nicole.thomas@company.com,(765) 949-2263,Active
EMP031277,Nicole,Brown,Nicole Brown,33,Marketing,Director,Austin,70885.92,6376.59,2020-12-17,5,87.3,nicole.brown@company.com,(216) 515-3522,Active
EMP031278,Matthew,Miller,Matthew Miller,22,Marketing,Manager,Los Angeles,65652.89,7575.34,2020-04-09,0,79.2,matthew.miller@company.com,(559) 759-8413,Active
EMP031279,John,Jones,John Jones,43,Engineering,Specialist,Los Angeles,78175.78,15752.32,2023-02-09,19,83.8,john.jones@company.com,(733) 653-8084,Active
EMP031280,Michael,Taylor,Michael Taylor,32,Legal,Associate,New York,58980.98,5342.92,2024-08-29,7,51.8,michael.taylor@company.com,(764) 443-5063,Active
EMP031281,John,Martin,John Martin,48,IT,Manager,Boston,102479.3,4490.98,2024-03-29,25,72.4,john.martin@company.com,(835) 864-5292,Active
EMP031282,Robert,Rodriguez,Robert Rodriguez,28,Marketing,Director,Los Angeles,64795.02,7706.39,2020-04-03,2,82.4,robert.rodriguez@company.com,(548) 624-2854,Active
EMP031283,David,Martin,David Martin,23,Marketing,Analyst,Miami,54194.14,5738.24,2022-04-01,1,70.3,david.martin@company.com,(971) 774-5166,Active
EMP031284,Jane,Hernandez,Jane Hernandez,22,HR,Senior Developer,Chicago,60225.02,3291.4,2023-11-18,0,90.3,jane.hernandez@company.com,(258) 602-5559,Active
EMP031285,Nicole,Johnson,Nicole Johnson,32,HR,Associate,Austin,72293.43,12770.48,2024-11-15,6,48.0,nicole.johnson@company.com,(247) 610-7434,Inactive
EMP031286,William,Smith,William Smith,33,Legal,Manager,Los Angeles,100693.04,14554.12,2023-02-09,11,61.3,william.smith@company.com,(348) 908-9527,Active
EMP031287,Jessica,Lopez,Jessica Lopez,51,Legal,Senior Developer,San Francisco,84118.18,6136.1,2024-12-24,22,72.1,jessica.lopez@company.com,(798) 464-9946,Active
EMP031288,William,Martinez,William Martinez,65,Sales,Analyst,Chicago,90457.58,8844.69,2020-07-08,40,88.5,william.martinez@company.com,(881) 765-3006,Active
EMP031289,Daniel,Thomas,Daniel Thomas,33,Finance,Lead,Chicago,80155.9,5529.49,2021-10-13,7,76.5,daniel.thomas@company.com,(614) 620-7654,Inactive
EMP031290,William,Wilson,William Wilson,49,Legal,Associate,Chicago,116102.09,14756.22,2020-04-15,20,100.0,william.wilson@company.com,(644) 648-2722,Active
EMP031291,Michael,Garcia,Michael Garcia,47,Operations,Lead,New York,82403.54,2017.11,2021-06-02,23,77.8,michael.garcia@company.com,(413) 754-1393,Active
EMP031292,Amanda,Taylor,Amanda Taylor,30,Operations,Manager,New York,45282.52,7938.42,2022-12-14,5,91.0,amanda.taylor@company.com,(264) 823-6510,Active
EMP031293,Christopher,Gonzalez,Christopher Gonzalez,63,Engineering,Director,Austin,107359.55,4972.42,2020-03-13,40,67.9,christopher.gonzalez@company.com,(323) 366-7420,Inactive
EMP031294,John,Anderson,John Anderson,36,Operations,Senior Developer,Seattle,43762.79,4050.03,2023-11-19,11,84.0,john.anderson@company.com,(590) 436-5938,Active
EMP031295,Melissa,Anderson,Melissa Anderson,41,Engineering,Specialist,San Francisco,101469.74,8540.78,2022-12-16,15,84.9,melissa.anderson@company.com,(710) 557-4282,Inactive
EMP031296,William,Lopez,William Lopez,51,Finance,Manager,San Francisco,80115.91,11658.85,2024-09-06,28,87.8,william.lopez@company.com,(962) 550-2200,On Leave
EMP031297,Nicole,Gonzalez,Nicole Gonzalez,53,IT,Associate,Chicago,59508.87,7549.41,2024-05-14,29,67.9,nicole.gonzalez@company.com,(306) 776-3698,Active
EMP031298,Ashley,Rodriguez,Ashley Rodriguez,33,Finance,Specialist,Los Angeles,51675.46,3080.68,2023-10-26,8,85.9,ashley.rodriguez@company.com,(957) 335-4176,Active
EMP031299,Melissa,Rodriguez,Melissa Rodriguez,33,Finance,Analyst,Miami,85496.99,2503.41,2024-04-03,6,78.4,melissa.rodriguez@company.com,(951) 319-9102,Active
EMP031300,Michael,Taylor,Michael Taylor,29,Marketing,Director,Los Angeles,76805.02,9035.21,2020-05-05,1,91.1,michael.taylor@company.com,(201) 658-1775,Active
EMP031301,Nicole,Lopez,Nicole Lopez,38,Operations,Analyst,Austin,61418.47,9430.55,2023-04-02,10,74.2,nicole.lopez@company.com,(778) 349-5307,Active
EMP031302,Sarah,Taylor,Sarah Taylor,51,Engineering,Coordinator,Austin,117050.57,9938.54,2020-09-14,23,57.1,sarah.taylor@company.com,(377) 484-5572,Active
EMP031303,Anthony,Davis,Anthony Davis,48,Finance,Specialist,Miami,86447.16,1255.42,2020-01-09,19,73.4,anthony.davis@company.com,(624) 690-8620,Active
EMP031304,Lisa,Martinez,Lisa Martinez,38,Legal,Analyst,Los Angeles,98105.3,12250.29,2022-02-11,14,66.0,lisa.martinez@company.com,(297) 926-1950,On Leave
EMP031305,Sarah,Lopez,Sarah Lopez,34,Finance,Director,Chicago,102519.75,12149.08,2024-04-14,8,75.4,sarah.lopez@company.com,(641) 722-7560,Inactive
EMP031306,Jane,Miller,Jane Miller,39,Legal,Associate,Austin,117348.41,20476.8,2020-05-02,14,39.2,jane.miller@company.com,(209) 507-1985,Active
EMP031307,Stephanie,Wilson,Stephanie Wilson,42,Legal,Lead,Miami,70667.0,7776.89,2021-07-28,19,64.7,stephanie.wilson@company.com,(329) 248-8354,Active
EMP031308,Jane,Hernandez,Jane Hernandez,63,Legal,Senior Developer,Boston,104414.39,13584.49,2024-08-23,40,91.1,jane.hernandez@company.com,(738) 914-9061,Active
EMP031309,James,Moore,James Moore,33,Marketing,Associate,Los Angeles,74445.85,8144.25,2021-03-08,8,87.9,james.moore@company.com,(908) 645-9499,Active
EMP031310,Daniel,Anderson,Daniel Anderson,44,Legal,Director,New York,88850.35,2522.71,2024-03-21,18,85.9,daniel.anderson@company.com,(423) 970-8160,Inactive
EMP031311,Amanda,Jackson,Amanda Jackson,41,IT,Coordinator,San Francisco,78739.78,6799.87,2024-02-16,15,83.7,amanda.jackson@company.com,(958) 265-7434,Active
EMP031312,Melissa,Anderson,Melissa Anderson,50,Legal,Associate,Chicago,100759.87,16026.28,2020-01-18,22,74.9,melissa.anderson@company.com,(377) 682-1562,Active
EMP031313,David,Gonzalez,David Gonzalez,25,Operations,Associate,Seattle,61152.44,0.0,2020-05-23,0,94.5,david.gonzalez@company.com,(732) 914-6714,Active
EMP031314,Emily,Smith,Emily Smith,65,IT,Specialist,Chicago,89579.27,9214.39,2024-03-18,42,83.2,emily.smith@company.com,(277) 659-5398,Active
EMP031315,David,Miller,David Miller,29,Finance,Manager,Los Angeles,54816.41,4579.3,2022-11-16,5,89.2,david.miller@company.com,(945) 355-6766,On Leave
EMP031316,John,Moore,John Moore,61,Legal,Analyst,Boston,111443.33,17366.03,2023-06-02,38,64.7,john.moore@company.com,(867) 229-8060,Active
EMP031317,Anthony,Martin,Anthony Martin,61,Engineering,Manager,Miami,102671.74,9359.35,2023-08-03,37,51.0,anthony.martin@company.com,(606) 390-2279,Inactive
EMP031318,William,Taylor,William Taylor,28,HR,Analyst,San Francisco,72307.56,8891.25,2023-12-28,0,68.8,william.taylor@company.com,(722) 957-4647,Active
EMP031319,Sarah,Smith,Sarah Smith,37,Operations,Manager,Miami,68788.78,3988.86,2022-01-02,8,77.5,sarah.smith@company.com,(823) 203-4543,Active
EMP031320,Jessica,Williams,Jessica Williams,42,HR,Director,Seattle,80430.83,9508.65,2022-01-22,20,82.5,jessica.williams@company.com,(470) 893-1883,Active
EMP031321,Lisa,Brown,Lisa Brown,44,Legal,Specialist,Austin,76124.25,7844.34,2023-05-31,21,76.5,lisa.brown@company.com,(612) 522-7011,Active
EMP031322,Jane,Jones,Jane Jones,37,HR,Coordinator,Boston,74192.51,8258.34,2023-05-06,13,70.9,jane.jones@company.com,(790) 435-1096,Active
EMP031323,Robert,Smith,Robert Smith,38,Engineering,Specialist,Boston,105879.02,15585.22,2024-12-28,10,73.0,robert.smith@company.com,(789) 542-4477,Active
EMP031324,Jessica,Williams,Jessica Williams,50,Sales,Manager,Miami,75906.75,4660.66,2020-07-26,23,77.0,jessica.williams@company.com,(233) 840-5335,Active
EMP031325,Melissa,Lopez,Melissa Lopez,32,Marketing,Associate,Miami,81719.6,12008.56,2020-11-02,8,80.2,melissa.lopez@company.com,(549) 410-5432,Active
EMP031326,Emily,Lopez,Emily Lopez,37,IT,Specialist,Boston,84413.75,9409.6,2022-06-29,10,100.0,emily.lopez@company.com,(286) 477-3256,Active
EMP031327,Anthony,Garcia,Anthony Garcia,51,Finance,Coordinator,New York,99036.16,7428.96,2023-09-05,28,48.9,anthony.garcia@company.com,(537) 720-8761,Active
EMP031328,Melissa,Thomas,Melissa Thomas,51,IT,Specialist,Seattle,89120.77,2853.78,2024-07-18,25,100.0,melissa.thomas@company.com,(692) 880-3871,Active
EMP031329,William,Williams,William Williams,63,Finance,Associate,San Francisco,106660.18,17500.23,2022-02-15,40,84.8,william.williams@company.com,(461) 807-1566,Active
EMP031330,Sarah,Garcia,Sarah Garcia,57,Sales,Manager,San Francisco,84381.93,4454.83,2022-10-21,31,60.0,sarah.garcia@company.com,(793) 257-3102,Active
EMP031331,John,Jones,John Jones,41,Operations,Manager,New York,79372.73,5990.77,2020-01-19,18,62.7,john.jones@company.com,(838) 316-3654,Inactive
EMP031332,Matthew,Lopez,Matthew Lopez,40,Sales,Manager,Miami,37461.37,5216.93,2022-05-13,13,78.1,matthew.lopez@company.com,(675) 632-7098,Active
EMP031333,Anthony,Jones,Anthony Jones,25,Legal,Lead,Seattle,72196.52,7454.8,2024-12-28,0,84.1,anthony.jones@company.com,(778) 926-5518,Active
EMP031334,Stephanie,Garcia,Stephanie Garcia,28,HR,Analyst,San Francisco,66603.82,6002.03,2024-02-29,4,80.8,stephanie.garcia@company.com,(811) 696-1395,Active
EMP031335,Matthew,Hernandez,Matthew Hernandez,46,Operations,Senior Developer,Chicago,65861.19,6989.8,2023-10-27,23,87.7,matthew.hernandez@company.com,(999) 703-5440,Inactive
EMP031336,Jane,Brown,Jane Brown,46,HR,Coordinator,Chicago,72240.79,7733.13,2022-05-29,20,71.7,jane.brown@company.com,(546) 295-9105,Active
EMP031337,Lisa,Johnson,Lisa Johnson,35,Legal,Associate,Boston,74215.72,9488.51,2021-07-29,6,34.0,lisa.johnson@company.com,(465) 749-5688,Active
EMP031338,Matthew,Johnson,Matthew Johnson,40,Finance,Analyst,Austin,47946.65,6556.25,2024-03-30,13,73.4,matthew.johnson@company.com,(854) 232-9956,Active
EMP031339,Jane,Martin,Jane Martin,22,IT,Manager,Los Angeles,52646.51,4794.87,2024-08-01,0,63.1,jane.martin@company.com,(827) 231-3960,Active
EMP031340,Sarah,Martin,Sarah Martin,54,Legal,Manager,Austin,94040.64,6118.34,2020-06-08,32,83.1,sarah.martin@company.com,(666) 771-8570,Active
EMP031341,Christopher,Davis,Christopher Davis,51,Legal,Associate,Boston,93976.28,6607.93,2021-05-23,27,85.1,christopher.davis@company.com,(421) 982-6913,Active
EMP031342,Ashley,Johnson,Ashley Johnson,50,IT,Coordinator,Seattle,124897.69,13264.85,2021-06-11,28,52.3,ashley.johnson@company.com,(756) 406-2714,Active
EMP031343,Michael,Gonzalez,Michael Gonzalez,60,IT,Associate,Chicago,123482.99,310.09,2021-01-10,35,74.1,michael.gonzalez@company.com,(905) 836-6111,Active
EMP031344,Anthony,Garcia,Anthony Garcia,56,Legal,Analyst,San Francisco,110175.16,10726.73,2020-12-15,28,100.0,anthony.garcia@company.com,(605) 850-7128,Active
EMP031345,Robert,Martinez,Robert Martinez,38,Engineering,Director,Boston,105036.92,7199.74,2021-08-09,13,54.6,robert.martinez@company.com,(692) 282-8369,Active
EMP031346,Melissa,Jackson,Melissa Jackson,63,HR,Director,Seattle,79332.06,9929.76,2022-01-26,38,64.5,melissa.jackson@company.com,(316) 941-9098,Active
EMP031347,Nicole,Martinez,Nicole Martinez,55,Operations,Coordinator,San Francisco,68517.07,6219.24,2022-03-30,28,69.3,nicole.martinez@company.com,(497) 511-6538,Active
EMP031348,James,Jones,James Jones,45,Engineering,Senior Developer,Los Angeles,99092.08,9631.06,2021-02-09,17,63.5,james.jones@company.com,(285) 259-3722,Active
EMP031349,Sarah,Martin,Sarah Martin,44,Legal,Analyst,Chicago,91401.22,6553.64,2022-09-02,22,68.0,sarah.martin@company.com,(487) 353-1795,Active
EMP031350,Matthew,Jones,Matthew Jones,25,Operations,Lead,Chicago,55134.75,5976.19,2020-08-22,0,52.0,matthew.jones@company.com,(340) 494-4499,Active
EMP031351,Nicole,Brown,Nicole Brown,26,Legal,Director,Seattle,45702.02,5281.41,2024-10-08,3,71.9,nicole.brown@company.com,(315) 629-1695,Active
EMP031352,John,Williams,John Williams,61,Sales,Associate,New York,98260.16,14254.13,2023-11-24,33,63.2,john.williams@company.com,(380) 716-6154,Active
EMP031353,Matthew,Rodriguez,Matthew Rodriguez,36,Operations,Lead,Boston,60442.01,5853.61,2022-01-19,10,100.0,matthew.rodriguez@company.com,(253) 586-8182,Active
EMP031354,Jane,Miller,Jane Miller,42,Marketing,Associate,Miami,91697.04,11385.46,2022-01-23,17,94.2,jane.miller@company.com,(829) 655-4315,Active
EMP031355,Melissa,Brown,Melissa Brown,59,Finance,Director,Seattle,95196.0,11627.61,2020-05-18,31,78.0,melissa.brown@company.com,(707) 490-5827,Inactive
EMP031356,Daniel,Davis,Daniel Davis,26,Operations,Senior Developer,Chicago,43994.47,6060.27,2021-12-30,0,83.4,daniel.davis@company.com,(658) 509-5776,Active
EMP031357,James,Martin,James Martin,25,Marketing,Lead,San Francisco,63621.53,5807.58,2022-10-09,0,97.2,james.martin@company.com,(204) 763-7709,Active
EMP031358,Nicole,Rodriguez,Nicole Rodriguez,43,Marketing,Manager,Austin,64027.68,12707.63,2022-03-27,14,69.8,nicole.rodriguez@company.com,(454) 244-2892,Inactive
EMP031359,Christopher,Garcia,Christopher Garcia,24,Finance,Manager,San Francisco,93442.68,4635.16,2021-08-20,0,55.1,christopher.garcia@company.com,(842) 688-8193,Active
EMP031360,Ashley,Thomas,Ashley Thomas,45,Operations,Director,Los Angeles,52392.02,7098.27,2024-10-05,18,42.5,ashley.thomas@company.com,(341) 336-8423,Active
EMP031361,Jessica,Hernandez,Jessica Hernandez,38,HR,Specialist,Miami,65180.39,5981.51,2020-01-10,11,99.1,jessica.hernandez@company.com,(714) 496-5030,Inactive
EMP031362,Daniel,Garcia,Daniel Garcia,25,HR,Manager,Chicago,45867.0,1891.84,2020-07-23,2,82.6,daniel.garcia@company.com,(345) 986-8672,Active
EMP031363,Robert,Smith,Robert Smith,50,Legal,Analyst,New York,96656.09,2715.67,2022-05-03,23,43.9,robert.smith@company.com,(336) 448-1836,Active
EMP031364,Sarah,Williams,Sarah Williams,38,Sales,Specialist,Seattle,61552.08,3982.72,2024-11-16,10,80.9,sarah.williams@company.com,(239) 848-1593,Active
EMP031365,Amanda,Garcia,Amanda Garcia,37,Finance,Lead,Chicago,52393.96,9593.76,2020-07-10,14,68.2,amanda.garcia@company.com,(970) 873-5342,Active
EMP031366,Daniel,Jones,Daniel Jones,56,Operations,Senior Developer,Boston,69302.11,2353.46,2021-12-21,31,75.0,daniel.jones@company.com,(760) 801-9518,Active
EMP031367,Amanda,Rodriguez,Amanda Rodriguez,28,Legal,Director,Chicago,57138.2,9256.41,2024-08-26,2,88.3,amanda.rodriguez@company.com,(237) 571-2275,Active
EMP031368,Robert,Hernandez,Robert Hernandez,52,Sales,Manager,Boston,102151.92,0.0,2022-11-14,23,75.0,robert.hernandez@company.com,(499) 644-2746,Inactive
EMP031369,Daniel,Garcia,Daniel Garcia,63,Marketing,Lead,Seattle,88095.82,16276.75,2024-07-26,40,50.4,daniel.garcia@company.com,(961) 625-2584,Active
EMP031370,Sarah,Lopez,Sarah Lopez,58,IT,Director,Boston,91287.93,15640.66,2020-10-09,35,85.4,sarah.lopez@company.com,(358) 877-9311,Active
EMP031371,Jessica,Miller,Jessica Miller,53,IT,Associate,Boston,89422.48,6496.41,2022-08-16,26,45.1,jessica.miller@company.com,(291) 520-8600,Active
EMP031372,Amanda,Davis,Amanda Davis,58,Finance,Coordinator,Miami,92356.7,11908.45,2024-07-30,34,57.6,amanda.davis@company.com,(347) 727-8035,Active
EMP031373,Christopher,Davis,Christopher Davis,38,HR,Senior Developer,Miami,73410.17,5911.19,2021-12-16,10,61.8,christopher.davis@company.com,(320) 431-9845,Active
EMP031374,Amanda,Davis,Amanda Davis,29,Marketing,Manager,Los Angeles,60600.34,5247.74,2023-07-21,7,86.0,amanda.davis@company.com,(347) 788-9577,Active
EMP031375,William,Jackson,William Jackson,41,Marketing,Coordinator,Miami,87343.35,7744.89,2022-07-30,18,69.7,william.jackson@company.com,(679) 704-9068,Inactive
EMP031376,Jessica,Taylor,Jessica Taylor,53,IT,Manager,Seattle,83402.31,5719.84,2023-03-26,27,77.0,jessica.taylor@company.com,(937) 744-8108,Active
EMP031377,Christopher,Wilson,Christopher Wilson,50,Marketing,Senior Developer,Miami,56965.94,2638.36,2024-09-01,22,53.1,christopher.wilson@company.com,(945) 591-9525,Active
EMP031378,Christopher,Johnson,Christopher Johnson,47,Operations,Lead,New York,69821.27,2822.19,2023-12-09,22,64.7,christopher.johnson@company.com,(760) 654-9774,Active
EMP031379,Emily,Johnson,Emily Johnson,56,Marketing,Director,Seattle,67540.72,12610.05,2023-01-04,27,91.2,emily.johnson@company.com,(582) 209-9601,Active
EMP031380,Lisa,Jones,Lisa Jones,65,HR,Lead,San Francisco,83865.81,9383.68,2022-01-23,41,88.0,lisa.jones@company.com,(982) 543-3201,Active
EMP031381,Lisa,Martin,Lisa Martin,42,Legal,Analyst,Boston,88132.76,3205.61,2023-08-29,15,88.0,lisa.martin@company.com,(786) 489-1273,Active
EMP031382,Ashley,Hernandez,Ashley Hernandez,55,Marketing,Coordinator,New York,102426.45,4686.65,2023-11-27,27,92.7,ashley.hernandez@company.com,(675) 554-9041,On Leave
EMP031383,Christopher,Rodriguez,Christopher Rodriguez,47,Marketing,Lead,Los Angeles,42198.62,0.0,2023-01-21,21,75.2,christopher.rodriguez@company.com,(541) 814-9643,Inactive
EMP031384,Jessica,Martin,Jessica Martin,27,Operations,Senior Developer,Miami,46869.37,6214.5,2023-08-01,0,73.5,jessica.martin@company.com,(689) 691-8915,Inactive
EMP031385,Melissa,Johnson,Melissa Johnson,58,Operations,Associate,New York,69403.34,9460.26,2021-01-24,31,75.4,melissa.johnson@company.com,(613) 604-5173,Inactive
EMP031386,Sarah,Brown,Sarah Brown,23,Marketing,Lead,Boston,56128.04,3461.74,2023-06-06,0,40.2,sarah.brown@company.com,(322) 662-2666,Inactive
EMP031387,Melissa,Johnson,Melissa Johnson,54,Legal,Coordinator,Chicago,119527.04,15932.96,2024-06-05,26,75.5,melissa.johnson@company.com,(700) 447-3299,Active
EMP031388,Michael,Johnson,Michael Johnson,38,Finance,Coordinator,Los Angeles,95386.09,3513.86,2022-11-28,12,65.7,michael.johnson@company.com,(685) 531-1171,Inactive
EMP031389,Anthony,Thomas,Anthony Thomas,53,Finance,Specialist,Los Angeles,74567.17,10642.98,2021-02-24,27,100.0,anthony.thomas@company.com,(567) 961-8654,Active
EMP031390,Anthony,Anderson,Anthony Anderson,37,HR,Director,Miami,41368.54,2.87,2024-04-26,13,88.4,anthony.anderson@company.com,(925) 803-6476,Active
EMP031391,James,Davis,James Davis,24,Finance,Senior Developer,Boston,91070.93,7069.03,2020-03-14,0,53.2,james.davis@company.com,(836) 531-5309,Active
EMP031392,Stephanie,Brown,Stephanie Brown,52,HR,Associate,Chicago,88702.26,7603.63,2023-12-17,28,51.8,stephanie.brown@company.com,(467) 569-6588,Active
EMP031393,William,Martinez,William Martinez,31,IT,Director,Boston,67642.62,8502.75,2023-10-26,7,67.2,william.martinez@company.com,(214) 356-8197,Active
EMP031394,Michael,Moore,Michael Moore,22,Engineering,Lead,Austin,70317.25,8224.56,2022-07-12,0,72.6,michael.moore@company.com,(979) 922-8865,Active
EMP031395,Christopher,Miller,Christopher Miller,63,Operations,Lead,Chicago,77443.28,6912.34,2024-05-25,41,66.1,christopher.miller@company.com,(709) 352-2822,Active
EMP031396,James,Smith,James Smith,65,Marketing,Coordinator,San Francisco,77185.71,9214.25,2021-10-25,42,66.6,james.smith@company.com,(201) 711-2254,Active
EMP031397,Jessica,Davis,Jessica Davis,62,HR,Associate,Los Angeles,110499.63,0.0,2023-12-14,35,48.5,jessica.davis@company.com,(270) 304-5903,Active
EMP031398,Stephanie,Miller,Stephanie Miller,29,Marketing,Coordinator,Miami,64664.4,3347.73,2024-11-14,4,61.7,stephanie.miller@company.com,(366) 357-5620,Active
EMP031399,Jane,Hernandez,Jane Hernandez,36,Marketing,Director,New York,73801.72,10249.17,2021-11-21,8,87.2,jane.hernandez@company.com,(790) 744-2765,Active
EMP031400,Melissa,Davis,Melissa Davis,36,Marketing,Analyst,Austin,67104.0,4688.13,2021-01-19,8,90.2,melissa.davis@company.com,(285) 858-1836,Inactive
EMP031401,Anthony,Williams,Anthony Williams,33,Marketing,Analyst,Austin,47254.37,3419.01,2021-11-15,7,100.0,anthony.williams@company.com,(450) 779-3339,Active
EMP031402,David,Anderson,David Anderson,24,Finance,Analyst,New York,47907.52,2670.13,2021-02-05,1,68.5,david.anderson@company.com,(470) 664-1971,Active
EMP031403,Daniel,Lopez,Daniel Lopez,30,Engineering,Associate,Miami,71765.59,9062.09,2024-01-18,1,86.6,daniel.lopez@company.com,(567) 522-4872,Active
EMP031404,William,Martin,William Martin,52,Sales,Senior Developer,Miami,69558.31,4394.56,2024-09-18,25,82.4,william.martin@company.com,(754) 949-2135,Active
EMP031405,John,Wilson,John Wilson,23,Marketing,Coordinator,Boston,56188.28,9198.23,2024-10-22,0,74.3,john.wilson@company.com,(677) 595-3002,Active
EMP031406,Stephanie,Hernandez,Stephanie Hernandez,23,HR,Associate,Los Angeles,61256.79,8006.8,2024-01-06,0,68.9,stephanie.hernandez@company.com,(272) 893-8091,Active
EMP031407,Lisa,Brown,Lisa Brown,23,Marketing,Lead,Los Angeles,48958.62,10062.16,2023-09-21,0,83.3,lisa.brown@company.com,(885) 447-2504,Active
EMP031408,Anthony,Taylor,Anthony Taylor,25,Sales,Director,Chicago,74425.48,2841.9,2022-10-23,0,70.4,anthony.taylor@company.com,(429) 859-9394,On Leave
EMP031409,Michael,Martinez,Michael Martinez,26,Engineering,Manager,Chicago,84798.62,6086.26,2023-01-13,0,73.2,michael.martinez@company.com,(670) 386-2019,Active
EMP031410,Anthony,Jackson,Anthony Jackson,46,Legal,Senior Developer,Los Angeles,97645.11,9535.1,2020-12-09,24,78.0,anthony.jackson@company.com,(702) 378-2136,Active
EMP031411,Sarah,Martin,Sarah Martin,28,IT,Analyst,Los Angeles,49610.67,9171.35,2024-01-10,4,97.4,sarah.martin@company.com,(325) 452-7230,On Leave
EMP031412,Ashley,Williams,Ashley Williams,59,HR,Associate,New York,79263.52,9550.37,2024-08-30,34,69.7,ashley.williams@company.com,(299) 332-9007,On Leave
EMP031413,Ashley,Miller,Ashley Miller,39,Finance,Director,Miami,79650.52,15678.34,2022-02-10,14,58.1,ashley.miller@company.com,(696) 373-5736,Active
EMP031414,Lisa,Thomas,Lisa Thomas,35,Operations,Director,Seattle,90175.91,10578.62,2022-12-14,9,87.3,lisa.thomas@company.com,(759) 706-8328,Active
EMP031415,James,Jones,James Jones,65,Marketing,Director,Boston,106122.74,20119.24,2022-05-13,43,99.9,james.jones@company.com,(372) 317-3818,Active
EMP031416,Melissa,Brown,Melissa Brown,54,Engineering,Director,New York,130458.87,23400.12,2024-11-15,29,52.9,melissa.brown@company.com,(982) 735-5159,Active
EMP031417,Matthew,Smith,Matthew Smith,22,Legal,Manager,Seattle,87894.55,16345.99,2020-10-29,0,100.0,matthew.smith@company.com,(999) 543-9618,Active
EMP031418,Christopher,Taylor,Christopher Taylor,62,Engineering,Specialist,Los Angeles,51660.49,4533.69,2024-02-10,39,77.2,christopher.taylor@company.com,(251) 461-1741,Active
EMP031419,Sarah,Wilson,Sarah Wilson,26,Finance,Analyst,Seattle,77944.06,4652.1,2020-04-13,4,100.0,sarah.wilson@company.com,(225) 922-3408,Active
EMP031420,Jessica,Rodriguez,Jessica Rodriguez,49,HR,Senior Developer,Boston,57972.53,3385.27,2024-01-31,27,90.9,jessica.rodriguez@company.com,(387) 419-2266,Active
EMP031421,Sarah,Moore,Sarah Moore,55,IT,Senior Developer,Boston,145877.52,13654.11,2023-04-06,32,62.7,sarah.moore@company.com,(945) 894-8895,Active
EMP031422,Michael,Lopez,Michael Lopez,32,Legal,Coordinator,Los Angeles,63687.43,5426.32,2020-11-27,6,87.4,michael.lopez@company.com,(394) 941-9974,Active
EMP031423,Daniel,Miller,Daniel Miller,58,Finance,Analyst,Austin,88889.95,9768.58,2022-09-13,31,95.4,daniel.miller@company.com,(511) 595-7063,Active
EMP031424,Emily,Thomas,Emily Thomas,45,Sales,Associate,Chicago,88342.92,6957.85,2024-07-26,22,67.8,emily.thomas@company.com,(873) 783-1402,Active
EMP031425,Emily,Garcia,Emily Garcia,37,Marketing,Manager,New York,56086.28,7669.57,2023-02-01,13,79.2,emily.garcia@company.com,(828) 815-9487,Inactive
EMP031426,Ashley,Lopez,Ashley Lopez,44,Legal,Senior Developer,San Francisco,133075.9,0.0,2021-02-16,19,60.7,ashley.lopez@company.com,(959) 477-8658,Active
EMP031427,James,Thomas,James Thomas,29,Sales,Analyst,Seattle,78225.59,6145.31,2023-04-16,1,60.8,james.thomas@company.com,(727) 921-4412,Active
EMP031428,Ashley,Brown,Ashley Brown,45,IT,Senior Developer,Seattle,85385.39,7106.33,2022-04-11,17,50.2,ashley.brown@company.com,(518) 886-7800,Active
EMP031429,Melissa,Martin,Melissa Martin,62,Engineering,Senior Developer,Seattle,97098.51,8783.0,2021-01-07,37,100.0,melissa.martin@company.com,(705) 682-3180,Active
EMP031430,William,Martinez,William Martinez,26,HR,Senior Developer,Boston,74319.82,12105.05,2020-08-17,4,77.8,william.martinez@company.com,(399) 443-7043,Active
EMP031431,Sarah,Gonzalez,Sarah Gonzalez,47,HR,Manager,Seattle,32919.61,3661.12,2024-04-28,22,93.5,sarah.gonzalez@company.com,(398) 296-4237,Active
EMP031432,Emily,Taylor,Emily Taylor,30,Finance,Director,New York,82247.86,2695.35,2022-02-28,8,81.1,emily.taylor@company.com,(977) 240-1795,Active
EMP031433,John,Martin,John Martin,60,Legal,Specialist,Boston,107787.9,16676.85,2024-12-02,35,52.0,john.martin@company.com,(302) 873-8635,Active
EMP031434,Stephanie,Taylor,Stephanie Taylor,40,Operations,Coordinator,San Francisco,47413.02,6082.45,2023-11-15,17,62.1,stephanie.taylor@company.com,(829) 401-3741,Active
EMP031435,Daniel,Moore,Daniel Moore,50,Marketing,Lead,San Francisco,79461.53,8276.09,2024-06-30,26,72.3,daniel.moore@company.com,(449) 877-8856,Active
EMP031436,Ashley,Garcia,Ashley Garcia,53,IT,Senior Developer,Chicago,95701.85,7336.75,2021-07-09,30,92.8,ashley.garcia@company.com,(346) 817-1973,Active
EMP031437,Christopher,Williams,Christopher Williams,41,Sales,Coordinator,San Francisco,57517.59,13081.12,2020-07-09,15,77.6,christopher.williams@company.com,(877) 424-5910,Active
EMP031438,Matthew,Moore,Matthew Moore,62,IT,Associate,Austin,119136.07,16890.51,2023-08-08,33,79.0,matthew.moore@company.com,(662) 930-1669,Inactive
EMP031439,Amanda,Anderson,Amanda Anderson,65,HR,Analyst,Boston,86004.55,4276.87,2024-05-25,39,86.2,amanda.anderson@company.com,(596) 818-7535,On Leave
EMP031440,Daniel,Williams,Daniel Williams,58,Operations,Lead,Los Angeles,74052.72,6076.89,2020-05-25,33,74.5,daniel.williams@company.com,(967) 555-6803,On Leave
EMP031441,Michael,Garcia,Michael Garcia,40,Finance,Director,San Francisco,83571.4,17534.13,2021-08-01,13,60.6,michael.garcia@company.com,(331) 337-5317,Active
EMP031442,Sarah,Hernandez,Sarah Hernandez,54,Operations,Director,Chicago,71873.54,10599.3,2022-09-22,30,93.2,sarah.hernandez@company.com,(247) 675-2452,Active
EMP031443,Christopher,Jones,Christopher Jones,57,Marketing,Coordinator,San Francisco,92218.76,7998.95,2022-12-06,30,82.8,christopher.jones@company.com,(967) 479-7425,Active
EMP031444,Michael,Moore,Michael Moore,42,Operations,Specialist,Seattle,42446.71,6205.19,2022-07-31,18,88.0,michael.moore@company.com,(740) 747-6528,Active
EMP031445,James,Hernandez,James Hernandez,64,Legal,Specialist,Miami,128437.87,12922.86,2021-06-18,37,75.5,james.hernandez@company.com,(295) 861-6969,Active
EMP031446,Anthony,Garcia,Anthony Garcia,52,HR,Senior Developer,Seattle,64723.38,2733.07,2023-09-03,25,100.0,anthony.garcia@company.com,(367) 407-3229,Active
EMP031447,James,Miller,James Miller,53,Marketing,Coordinator,San Francisco,89343.39,9344.09,2023-10-31,29,79.6,james.miller@company.com,(680) 575-2454,Inactive
EMP031448,Robert,Jackson,Robert Jackson,35,Finance,Specialist,Los Angeles,44041.19,3416.42,2024-02-02,12,68.2,robert.jackson@company.com,(347) 388-4270,Active
EMP031449,Jane,Martinez,Jane Martinez,30,Sales,Analyst,Austin,54662.47,7555.09,2024-01-24,2,84.0,jane.martinez@company.com,(488) 440-2084,Inactive
EMP031450,Sarah,Moore,Sarah Moore,29,Operations,Lead,Los Angeles,34169.41,328.89,2024-09-04,0,92.5,sarah.moore@company.com,(641) 986-4630,Active
EMP031451,Amanda,Miller,Amanda Miller,52,Marketing,Manager,Boston,79267.77,1997.27,2023-08-01,23,43.0,amanda.miller@company.com,(347) 736-2391,Active
EMP031452,Christopher,Wilson,Christopher Wilson,31,Engineering,Specialist,Los Angeles,68164.73,5030.48,2023-12-17,7,39.4,christopher.wilson@company.com,(901) 986-2511,Active
EMP031453,Sarah,Garcia,Sarah Garcia,58,IT,Analyst,Seattle,84151.75,1496.71,2024-11-06,30,67.1,sarah.garcia@company.com,(980) 452-4536,Active
EMP031454,Jessica,Rodriguez,Jessica Rodriguez,46,Engineering,Senior Developer,Boston,103169.9,8298.71,2022-10-27,21,62.6,jessica.rodriguez@company.com,(305) 820-5318,Active
EMP031455,Jessica,Garcia,Jessica Garcia,23,HR,Senior Developer,Chicago,56358.78,2277.59,2023-06-10,0,87.4,jessica.garcia@company.com,(213) 928-6918,Active
EMP031456,Melissa,Martinez,Melissa Martinez,23,Finance,Senior Developer,Boston,57503.51,6703.76,2024-11-20,0,77.4,melissa.martinez@company.com,(260) 907-1519,Active
EMP031457,Jane,Anderson,Jane Anderson,38,HR,Associate,Boston,49293.25,5637.2,2022-01-27,15,60.8,jane.anderson@company.com,(656) 664-1978,Active
EMP031458,Ashley,Davis,Ashley Davis,26,Finance,Coordinator,Seattle,47088.46,3659.55,2021-05-20,0,80.3,ashley.davis@company.com,(388) 825-8377,Active
EMP031459,Amanda,Jackson,Amanda Jackson,29,Finance,Specialist,Chicago,68255.84,10384.45,2020-02-18,5,77.6,amanda.jackson@company.com,(521) 402-1281,Active
EMP031460,Jane,Davis,Jane Davis,26,Finance,Manager,Chicago,73645.88,8178.34,2021-05-30,1,69.3,jane.davis@company.com,(446) 677-1891,Active
EMP031461,Sarah,Johnson,Sarah Johnson,64,Engineering,Lead,Miami,114381.94,8089.6,2021-09-14,38,60.3,sarah.johnson@company.com,(623) 844-1396,Active
EMP031462,Stephanie,Miller,Stephanie Miller,30,Finance,Analyst,Austin,81850.44,9851.0,2021-06-08,4,83.0,stephanie.miller@company.com,(633) 297-1742,Inactive
EMP031463,David,Miller,David Miller,64,Finance,Associate,Los Angeles,107939.03,6959.89,2021-07-29,40,74.0,david.miller@company.com,(457) 277-9161,Active
EMP031464,Daniel,Jackson,Daniel Jackson,33,Engineering,Specialist,San Francisco,98044.06,9170.27,2024-06-09,4,76.2,daniel.jackson@company.com,(413) 246-1502,On Leave
EMP031465,Christopher,Johnson,Christopher Johnson,56,Finance,Analyst,Los Angeles,102790.64,14260.3,2020-04-12,34,67.2,christopher.johnson@company.com,(399) 389-9497,On Leave
EMP031466,Amanda,Thomas,Amanda Thomas,54,Legal,Manager,New York,86903.34,12591.03,2021-04-02,31,85.1,amanda.thomas@company.com,(433) 811-3023,Active
EMP031467,Michael,Jones,Michael Jones,26,Operations,Lead,San Francisco,31268.51,4270.9,2024-05-08,1,82.3,michael.jones@company.com,(777) 760-9524,Active
EMP031468,Stephanie,Gonzalez,Stephanie Gonzalez,44,IT,Analyst,New York,76930.64,11381.72,2021-11-12,15,76.0,stephanie.gonzalez@company.com,(943) 989-4557,Active
EMP031469,Jane,Anderson,Jane Anderson,35,Legal,Senior Developer,San Francisco,115070.54,12693.38,2023-05-24,8,92.8,jane.anderson@company.com,(365) 593-6976,Inactive
EMP031470,Stephanie,Moore,Stephanie Moore,51,Finance,Director,San Francisco,83987.91,8741.42,2023-04-05,26,80.9,stephanie.moore@company.com,(376) 526-4760,Active
EMP031471,Ashley,Smith,Ashley Smith,43,Sales,Director,New York,82857.21,9669.74,2021-07-11,15,86.7,ashley.smith@company.com,(506) 916-7692,Active
EMP031472,Matthew,Wilson,Matthew Wilson,49,Engineering,Analyst,Chicago,127752.74,10603.06,2021-07-25,24,60.3,matthew.wilson@company.com,(404) 623-4149,Active
EMP031473,Sarah,Jackson,Sarah Jackson,58,HR,Specialist,Miami,69237.9,6812.7,2023-03-24,31,98.8,sarah.jackson@company.com,(440) 671-2453,Active
EMP031474,James,Jones,James Jones,34,Operations,Director,Seattle,61024.42,8122.7,2020-12-24,8,75.1,james.jones@company.com,(366) 925-2053,Active
EMP031475,Melissa,Martinez,Melissa Martinez,63,Legal,Manager,Los Angeles,77893.88,4069.51,2021-02-24,41,96.6,melissa.martinez@company.com,(900) 246-3643,Active
EMP031476,Daniel,Rodriguez,Daniel Rodriguez,57,Legal,Analyst,Austin,86987.58,9640.4,2021-05-30,35,78.6,daniel.rodriguez@company.com,(329) 874-5434,On Leave
EMP031477,Lisa,Lopez,Lisa Lopez,34,Engineering,Lead,Los Angeles,73560.49,12129.9,2023-12-05,6,76.5,lisa.lopez@company.com,(555) 528-3036,Active
EMP031478,Anthony,Williams,Anthony Williams,44,Legal,Senior Developer,San Francisco,97915.75,8502.25,2021-06-26,20,80.0,anthony.williams@company.com,(772) 959-2303,Active
EMP031479,William,Johnson,William Johnson,40,Legal,Specialist,San Francisco,62786.24,3260.51,2020-12-05,15,83.4,william.johnson@company.com,(479) 959-6774,Active
EMP031480,Nicole,Martinez,Nicole Martinez,45,Engineering,Senior Developer,Chicago,85880.24,9813.43,2024-04-04,21,86.1,nicole.martinez@company.com,(345) 521-3858,Active
EMP031481,David,Jackson,David Jackson,35,IT,Director,Boston,83357.03,0.0,2021-03-22,13,63.5,david.jackson@company.com,(832) 631-4565,Active
EMP031482,Amanda,Garcia,Amanda Garcia,43,HR,Analyst,Seattle,69668.96,7406.9,2022-09-06,20,68.4,amanda.garcia@company.com,(512) 235-2793,Active
EMP031483,Emily,Smith,Emily Smith,37,Marketing,Associate,Chicago,64696.61,4739.43,2021-12-13,10,57.4,emily.smith@company.com,(636) 727-9469,Inactive
EMP031484,Matthew,Hernandez,Matthew Hernandez,29,IT,Manager,Seattle,98816.85,18664.11,2023-03-14,4,93.5,matthew.hernandez@company.com,(837) 278-4164,Active
EMP031485,William,Garcia,William Garcia,58,IT,Coordinator,Miami,93713.08,5836.19,2023-07-10,36,50.8,william.garcia@company.com,(512) 228-5331,Active
EMP031486,Christopher,Jones,Christopher Jones,33,Sales,Coordinator,New York,33321.24,2107.16,2023-02-23,9,84.3,christopher.jones@company.com,(359) 743-2491,Active
EMP031487,Emily,Moore,Emily Moore,26,IT,Manager,New York,66187.77,286.92,2024-04-05,4,85.6,emily.moore@company.com,(498) 316-3860,Active
EMP031488,David,Taylor,David Taylor,65,Finance,Lead,Austin,98785.85,8424.67,2024-12-02,39,60.0,david.taylor@company.com,(896) 662-7717,Active
EMP031489,Michael,Davis,Michael Davis,23,Legal,Senior Developer,San Francisco,68592.32,5899.5,2023-04-12,1,79.5,michael.davis@company.com,(406) 702-1615,On Leave
EMP031490,Michael,Williams,Michael Williams,32,HR,Senior Developer,Seattle,47750.56,3232.93,2020-06-26,10,96.6,michael.williams@company.com,(407) 918-3675,Active
EMP031491,John,Wilson,John Wilson,34,Finance,Coordinator,Seattle,57823.18,12436.74,2021-05-24,9,65.4,john.wilson@company.com,(454) 813-7510,Active
EMP031492,Melissa,Gonzalez,Melissa Gonzalez,65,Marketing,Manager,San Francisco,79195.86,8480.25,2022-06-21,40,62.3,melissa.gonzalez@company.com,(217) 914-8937,Active
EMP031493,Stephanie,Johnson,Stephanie Johnson,24,Finance,Analyst,Los Angeles,57984.29,4123.81,2020-10-01,0,92.4,stephanie.johnson@company.com,(427) 446-7736,Active
EMP031494,Melissa,Martinez,Melissa Martinez,32,Finance,Analyst,Seattle,65580.01,12098.57,2022-12-25,3,79.2,melissa.martinez@company.com,(842) 226-7073,Active
EMP031495,Anthony,Moore,Anthony Moore,40,Finance,Senior Developer,Boston,91580.65,16164.66,2021-09-07,12,57.0,anthony.moore@company.com,(901) 544-1500,Active
EMP031496,Stephanie,Thomas,Stephanie Thomas,53,Marketing,Director,Seattle,87047.08,7578.65,2020-11-03,26,90.5,stephanie.thomas@company.com,(724) 384-4802,Active
EMP031497,Robert,Brown,Robert Brown,35,Marketing,Analyst,Los Angeles,69448.97,9657.71,2023-04-19,11,59.1,robert.brown@company.com,(323) 555-1856,Active
EMP031498,Jessica,Miller,Jessica Miller,51,Operations,Senior Developer,Chicago,60050.0,10544.19,2022-07-09,24,77.4,jessica.miller@company.com,(704) 983-5913,Active
EMP031499,Amanda,Anderson,Amanda Anderson,29,HR,Associate,New York,52569.74,5161.34,2021-02-03,4,82.5,amanda.anderson@company.com,(527) 265-9190,Active
EMP031500,Ashley,Rodriguez,Ashley Rodriguez,43,Legal,Associate,Boston,102120.68,17880.15,2024-12-27,18,69.3,ashley.rodriguez@company.com,(775) 895-2261,Active
EMP031501,Emily,Anderson,Emily Anderson,45,Engineering,Specialist,San Francisco,100554.08,6437.36,2022-12-27,22,67.4,emily.anderson@company.com,(923) 546-1939,Active
EMP031502,Melissa,Gonzalez,Melissa Gonzalez,24,Legal,Lead,Chicago,74596.79,8015.91,2020-07-07,0,85.5,melissa.gonzalez@company.com,(316) 922-6338,Active
EMP031503,James,Moore,James Moore,43,Sales,Director,San Francisco,67726.17,10818.12,2021-02-21,16,54.7,james.moore@company.com,(815) 628-8132,Active
EMP031504,Michael,Hernandez,Michael Hernandez,50,Legal,Coordinator,San Francisco,72549.8,0.0,2023-06-12,28,87.1,michael.hernandez@company.com,(992) 805-4425,Inactive
EMP031505,David,Thomas,David Thomas,22,Operations,Manager,New York,44507.2,1815.01,2023-12-17,0,60.9,david.thomas@company.com,(832) 329-6048,Active
EMP031506,Melissa,Jackson,Melissa Jackson,23,Finance,Associate,San Francisco,71278.08,2418.46,2021-04-08,0,41.6,melissa.jackson@company.com,(228) 709-4508,Active
EMP031507,Sarah,Miller,Sarah Miller,22,Operations,Analyst,Austin,64581.93,0.0,2022-06-10,0,74.7,sarah.miller@company.com,(913) 494-7663,Active
EMP031508,David,Hernandez,David Hernandez,26,Legal,Analyst,Austin,78801.01,9418.65,2020-11-28,3,100.0,david.hernandez@company.com,(779) 683-1466,Active
EMP031509,Christopher,Smith,Christopher Smith,48,HR,Coordinator,Boston,76998.23,11423.19,2023-01-05,26,92.6,christopher.smith@company.com,(850) 215-8262,Active
EMP031510,Anthony,Garcia,Anthony Garcia,30,IT,Lead,Los Angeles,65687.72,8729.6,2020-01-09,3,81.6,anthony.garcia@company.com,(914) 467-9122,Active
EMP031511,Robert,Miller,Robert Miller,43,Legal,Associate,Chicago,73243.61,10146.89,2022-09-16,21,87.2,robert.miller@company.com,(514) 421-9932,Active
EMP031512,Lisa,Lopez,Lisa Lopez,52,HR,Specialist,Chicago,27000.0,2955.11,2023-05-12,25,71.4,lisa.lopez@company.com,(510) 842-3195,Active
EMP031513,Michael,Hernandez,Michael Hernandez,53,Marketing,Associate,Miami,67867.94,15618.93,2022-05-13,29,77.8,michael.hernandez@company.com,(701) 510-1151,Inactive
EMP031514,Amanda,Martin,Amanda Martin,27,HR,Manager,New York,65071.84,13791.53,2021-05-17,0,81.1,amanda.martin@company.com,(525) 617-5512,On Leave
EMP031515,Nicole,Miller,Nicole Miller,64,Marketing,Senior Developer,San Francisco,66461.36,10977.34,2022-01-23,39,41.1,nicole.miller@company.com,(608) 294-8559,Active
EMP031516,Lisa,Williams,Lisa Williams,65,HR,Senior Developer,San Francisco,70967.49,12031.1,2024-10-13,41,88.5,lisa.williams@company.com,(991) 729-8836,Active
EMP031517,Daniel,Hernandez,Daniel Hernandez,49,Finance,Senior Developer,Boston,78194.1,2257.8,2023-12-15,21,90.8,daniel.hernandez@company.com,(600) 297-1003,Active
EMP031518,Jane,Wilson,Jane Wilson,62,Finance,Lead,Boston,96269.13,15222.94,2021-07-13,33,60.6,jane.wilson@company.com,(922) 608-5397,Active
EMP031519,James,Davis,James Davis,28,Marketing,Associate,Seattle,50906.43,2741.73,2021-10-15,3,64.4,james.davis@company.com,(512) 473-9804,Active
EMP031520,Michael,Hernandez,Michael Hernandez,63,Legal,Specialist,Los Angeles,138499.08,17481.39,2021-12-26,37,63.9,michael.hernandez@company.com,(754) 548-4651,Active
EMP031521,Jessica,Williams,Jessica Williams,55,Legal,Manager,Los Angeles,105377.9,12823.87,2020-07-11,31,84.6,jessica.williams@company.com,(696) 607-1719,Active
EMP031522,William,Wilson,William Wilson,22,Legal,Analyst,Los Angeles,47305.62,3784.5,2024-02-18,0,89.3,william.wilson@company.com,(755) 559-8156,Inactive
EMP031523,David,Taylor,David Taylor,22,Marketing,Coordinator,San Francisco,59695.82,7171.35,2024-04-09,0,71.4,david.taylor@company.com,(663) 530-1016,Active
EMP031524,Jane,Gonzalez,Jane Gonzalez,61,Engineering,Analyst,Chicago,100407.78,11004.22,2023-10-13,34,76.2,jane.gonzalez@company.com,(951) 479-4949,Active
EMP031525,Robert,Wilson,Robert Wilson,64,HR,Manager,Boston,91188.7,5488.14,2021-05-08,35,52.0,robert.wilson@company.com,(691) 636-4934,Active
EMP031526,Amanda,Jones,Amanda Jones,64,Marketing,Associate,Los Angeles,89922.74,15528.86,2024-08-21,35,35.0,amanda.jones@company.com,(786) 438-6731,Active
EMP031527,Melissa,Davis,Melissa Davis,58,Marketing,Director,Austin,77312.12,9166.79,2024-08-18,30,48.8,melissa.davis@company.com,(671) 377-8299,Active
EMP031528,Amanda,Johnson,Amanda Johnson,46,Marketing,Lead,Miami,58464.14,1629.41,2023-11-29,21,73.6,amanda.johnson@company.com,(748) 277-4234,Active
EMP031529,Matthew,Rodriguez,Matthew Rodriguez,28,Operations,Analyst,Seattle,68586.38,4628.85,2021-02-19,5,60.2,matthew.rodriguez@company.com,(324) 237-6968,Active
EMP031530,Emily,Martinez,Emily Martinez,40,Engineering,Senior Developer,New York,87643.36,8646.64,2020-02-17,13,83.3,emily.martinez@company.com,(959) 336-7108,Active
EMP031531,James,Davis,James Davis,29,HR,Coordinator,Miami,71602.35,11985.07,2023-06-04,7,70.7,james.davis@company.com,(790) 984-2001,Active
EMP031532,Jessica,Lopez,Jessica Lopez,65,Operations,Specialist,Los Angeles,91908.57,17304.97,2020-06-09,42,44.2,jessica.lopez@company.com,(910) 517-6024,Active
EMP031533,David,Garcia,David Garcia,43,Legal,Lead,Seattle,41440.59,4339.88,2023-08-06,20,70.4,david.garcia@company.com,(872) 454-3720,Inactive
EMP031534,Anthony,Williams,Anthony Williams,23,Operations,Associate,Boston,36544.39,2138.41,2024-12-08,0,100.0,anthony.williams@company.com,(630) 966-9956,Active
EMP031535,Ashley,Martinez,Ashley Martinez,25,Legal,Associate,Los Angeles,90728.99,6473.65,2020-08-09,2,76.0,ashley.martinez@company.com,(522) 959-8578,Active
EMP031536,Christopher,Gonzalez,Christopher Gonzalez,50,Legal,Director,Los Angeles,106598.09,16953.13,2022-09-09,26,80.6,christopher.gonzalez@company.com,(398) 987-7846,Active
EMP031537,John,Lopez,John Lopez,65,Engineering,Lead,San Francisco,127509.57,3062.61,2022-06-19,43,65.3,john.lopez@company.com,(201) 355-5283,Inactive
EMP031538,Daniel,Smith,Daniel Smith,63,Marketing,Analyst,Miami,87081.42,14484.22,2020-09-19,40,59.0,daniel.smith@company.com,(714) 248-1329,Inactive
EMP031539,Melissa,Moore,Melissa Moore,27,Finance,Analyst,Los Angeles,33000.0,6513.4,2020-08-04,5,75.7,melissa.moore@company.com,(323) 873-7676,On Leave
EMP031540,Amanda,Martin,Amanda Martin,42,IT,Senior Developer,Austin,78348.89,4811.72,2022-05-20,19,62.8,amanda.martin@company.com,(689) 408-8752,Active
EMP031541,James,Taylor,James Taylor,53,IT,Coordinator,Seattle,111831.61,213.3,2023-02-17,30,79.2,james.taylor@company.com,(542) 538-9356,Active
EMP031542,Stephanie,Lopez,Stephanie Lopez,39,IT,Lead,Chicago,105232.04,12178.88,2024-12-04,12,97.8,stephanie.lopez@company.com,(393) 271-1591,Active
EMP031543,Robert,Hernandez,Robert Hernandez,50,Operations,Manager,San Francisco,72088.88,4839.82,2021-12-26,24,81.8,robert.hernandez@company.com,(983) 879-1789,Active
EMP031544,Ashley,Williams,Ashley Williams,32,HR,Lead,New York,54017.49,3740.67,2022-12-03,4,77.9,ashley.williams@company.com,(281) 200-3879,Inactive
EMP031545,John,Miller,John Miller,40,Engineering,Associate,Los Angeles,100656.51,12927.24,2024-11-04,13,33.7,john.miller@company.com,(851) 976-7465,Active
EMP031546,Amanda,Martinez,Amanda Martinez,34,Finance,Coordinator,Miami,80904.48,3001.93,2020-02-28,5,78.8,amanda.martinez@company.com,(558) 442-4305,Active
EMP031547,Robert,Rodriguez,Robert Rodriguez,41,IT,Specialist,New York,80273.58,6301.53,2024-03-17,14,73.2,robert.rodriguez@company.com,(925) 788-7811,Active
EMP031548,Lisa,Williams,Lisa Williams,51,Legal,Associate,Seattle,82916.7,14250.88,2020-04-04,26,81.5,lisa.williams@company.com,(542) 969-2043,Active
EMP031549,William,Martinez,William Martinez,31,Operations,Senior Developer,Los Angeles,60655.91,8250.55,2020-10-10,6,82.4,william.martinez@company.com,(829) 732-9806,On Leave
EMP031550,Sarah,Miller,Sarah Miller,39,Finance,Associate,New York,71798.53,8420.8,2023-08-29,13,74.8,sarah.miller@company.com,(522) 951-4744,Inactive
EMP031551,William,Wilson,William Wilson,36,IT,Director,Seattle,69529.95,5132.47,2021-10-01,7,100.0,william.wilson@company.com,(385) 445-8162,Active
EMP031552,Anthony,Martin,Anthony Martin,42,Finance,Lead,Austin,67403.55,8504.68,2021-01-11,14,78.8,anthony.martin@company.com,(672) 455-7400,Active
EMP031553,Ashley,Anderson,Ashley Anderson,34,Finance,Lead,Miami,70927.17,7129.95,2023-06-17,6,59.8,ashley.anderson@company.com,(541) 457-9498,Active
EMP031554,Stephanie,Thomas,Stephanie Thomas,49,Engineering,Analyst,Chicago,113430.53,13310.42,2020-05-04,21,81.8,stephanie.thomas@company.com,(242) 491-5743,Active
EMP031555,John,Hernandez,John Hernandez,52,Legal,Specialist,San Francisco,122975.46,5144.56,2024-01-30,26,71.5,john.hernandez@company.com,(681) 666-4334,Active
EMP031556,Emily,Gonzalez,Emily Gonzalez,45,Legal,Lead,Seattle,121123.79,12653.23,2023-09-09,17,68.1,emily.gonzalez@company.com,(827) 584-1875,Active
EMP031557,Anthony,Anderson,Anthony Anderson,44,Legal,Director,Miami,109151.41,9119.31,2022-07-05,21,98.0,anthony.anderson@company.com,(430) 204-8626,On Leave
EMP031558,William,Garcia,William Garcia,45,Engineering,Senior Developer,Los Angeles,120670.6,14397.09,2022-10-26,19,50.8,william.garcia@company.com,(566) 925-7633,Active
EMP031559,Robert,Martinez,Robert Martinez,38,Engineering,Senior Developer,Miami,79229.46,8207.4,2020-03-19,12,41.3,robert.martinez@company.com,(674) 394-3790,Active
EMP031560,David,Brown,David Brown,31,IT,Associate,Miami,91077.99,13105.05,2021-08-23,8,79.7,david.brown@company.com,(810) 343-5557,Active
EMP031561,Sarah,Wilson,Sarah Wilson,31,Marketing,Coordinator,San Francisco,43343.35,4018.92,2024-01-06,7,60.9,sarah.wilson@company.com,(202) 993-2568,Active
EMP031562,Stephanie,Davis,Stephanie Davis,27,Finance,Coordinator,Los Angeles,70425.77,4955.91,2021-06-21,4,78.8,stephanie.davis@company.com,(340) 547-1765,Active
EMP031563,David,Smith,David Smith,31,Finance,Director,San Francisco,78489.72,6490.89,2023-01-30,7,91.7,david.smith@company.com,(622) 362-8633,Active
EMP031564,Lisa,Taylor,Lisa Taylor,58,Marketing,Lead,Austin,62728.58,10942.9,2023-11-18,29,81.2,lisa.taylor@company.com,(270) 832-9031,Active
EMP031565,Robert,Jackson,Robert Jackson,26,Finance,Senior Developer,Miami,71845.79,1896.65,2024-09-12,0,70.5,robert.jackson@company.com,(494) 478-2879,Active
EMP031566,Lisa,Brown,Lisa Brown,28,Legal,Manager,Austin,71732.34,5394.52,2021-05-10,5,88.5,lisa.brown@company.com,(410) 332-5098,Active
EMP031567,Sarah,Jackson,Sarah Jackson,48,Legal,Analyst,Miami,95063.15,8877.17,2021-06-14,26,66.3,sarah.jackson@company.com,(743) 388-2622,Active
EMP031568,John,Gonzalez,John Gonzalez,31,Marketing,Director,Miami,59962.86,484.3,2022-09-17,2,75.8,john.gonzalez@company.com,(960) 379-1915,On Leave
EMP031569,Emily,Wilson,Emily Wilson,41,HR,Specialist,Los Angeles,65207.26,11383.08,2021-03-24,14,85.6,emily.wilson@company.com,(919) 339-2781,On Leave
EMP031570,Jessica,Martinez,Jessica Martinez,24,Legal,Analyst,Chicago,93315.84,16872.92,2020-01-26,0,80.6,jessica.martinez@company.com,(544) 373-2712,Active
EMP031571,Melissa,Johnson,Melissa Johnson,38,Marketing,Coordinator,New York,45147.86,4508.39,2022-12-02,16,68.8,melissa.johnson@company.com,(933) 200-1942,Active
EMP031572,Nicole,Taylor,Nicole Taylor,50,Operations,Coordinator,San Francisco,61949.97,9189.14,2022-04-25,24,88.0,nicole.taylor@company.com,(953) 762-6625,Active
EMP031573,Michael,Hernandez,Michael Hernandez,42,Marketing,Manager,Boston,87837.08,8478.5,2024-05-19,15,68.3,michael.hernandez@company.com,(417) 245-5094,Active
EMP031574,Lisa,Brown,Lisa Brown,52,Finance,Lead,Chicago,67339.05,13431.44,2021-08-05,27,71.8,lisa.brown@company.com,(751) 233-5839,Active
EMP031575,Melissa,Rodriguez,Melissa Rodriguez,63,Marketing,Director,Seattle,75119.16,7397.59,2020-05-21,39,61.7,melissa.rodriguez@company.com,(976) 374-6766,Active
EMP031576,Emily,Smith,Emily Smith,48,Operations,Manager,Los Angeles,67144.56,6375.02,2023-05-12,26,70.0,emily.smith@company.com,(527) 734-6066,Active
EMP031577,James,Williams,James Williams,61,Operations,Lead,New York,60103.36,1258.84,2022-03-18,36,63.0,james.williams@company.com,(832) 868-7209,Active
EMP031578,William,Wilson,William Wilson,26,Legal,Analyst,Boston,40119.15,3413.53,2023-12-07,0,100.0,william.wilson@company.com,(763) 228-5301,Active
EMP031579,Nicole,Hernandez,Nicole Hernandez,55,Sales,Coordinator,Austin,114843.47,14325.04,2024-01-11,27,72.9,nicole.hernandez@company.com,(696) 834-4639,Active
EMP031580,Matthew,Garcia,Matthew Garcia,32,Marketing,Senior Developer,Los Angeles,38731.42,3987.41,2021-08-18,5,57.6,matthew.garcia@company.com,(881) 648-4717,Active
EMP031581,Christopher,Brown,Christopher Brown,51,Legal,Specialist,Chicago,99789.42,3894.7,2023-10-27,27,78.6,christopher.brown@company.com,(458) 881-9476,Active
EMP031582,Christopher,Gonzalez,Christopher Gonzalez,40,Marketing,Manager,Los Angeles,61125.11,10072.13,2022-07-16,17,100.0,christopher.gonzalez@company.com,(955) 587-9069,Active
EMP031583,Stephanie,Jones,Stephanie Jones,36,Operations,Senior Developer,Los Angeles,54013.72,5008.51,2022-11-17,14,59.2,stephanie.jones@company.com,(758) 827-3805,Active
EMP031584,Anthony,Johnson,Anthony Johnson,33,Sales,Specialist,Chicago,39535.0,4006.19,2023-12-10,5,79.7,anthony.johnson@company.com,(939) 567-4787,Active
EMP031585,John,Jackson,John Jackson,50,Legal,Analyst,Austin,89206.42,6484.87,2021-12-21,27,81.5,john.jackson@company.com,(972) 767-2623,Active
EMP031586,David,Williams,David Williams,50,Legal,Associate,Seattle,116144.16,2397.9,2020-08-07,28,66.1,david.williams@company.com,(919) 552-9166,Active
EMP031587,Sarah,Taylor,Sarah Taylor,59,IT,Lead,Boston,67090.42,11081.44,2023-07-21,35,47.4,sarah.taylor@company.com,(563) 644-4783,Active
EMP031588,Melissa,Wilson,Melissa Wilson,45,Sales,Senior Developer,New York,90315.71,6936.71,2023-11-13,20,66.1,melissa.wilson@company.com,(813) 872-8682,On Leave
EMP031589,Melissa,Taylor,Melissa Taylor,37,Sales,Specialist,Boston,93551.63,9997.42,2021-10-20,8,72.5,melissa.taylor@company.com,(322) 916-1500,Active
EMP031590,Nicole,Taylor,Nicole Taylor,46,Legal,Senior Developer,Boston,94704.47,13560.42,2020-10-12,17,73.5,nicole.taylor@company.com,(481) 648-5847,Active
EMP031591,John,Lopez,John Lopez,26,Engineering,Analyst,Chicago,74133.47,6067.32,2021-08-17,1,46.6,john.lopez@company.com,(300) 365-9325,Active
EMP031592,Nicole,Davis,Nicole Davis,56,Engineering,Specialist,Seattle,152193.44,14643.66,2023-03-08,30,70.8,nicole.davis@company.com,(473) 802-8837,Active
EMP031593,Jane,Thomas,Jane Thomas,54,IT,Associate,New York,98894.92,11404.17,2022-09-26,30,73.4,jane.thomas@company.com,(934) 745-4800,Active
EMP031594,Sarah,Thomas,Sarah Thomas,60,Finance,Specialist,San Francisco,115512.8,14787.27,2024-06-06,36,80.9,sarah.thomas@company.com,(374) 951-3970,Active
EMP031595,Robert,Davis,Robert Davis,22,Finance,Senior Developer,Boston,66784.72,10521.02,2023-07-19,0,93.3,robert.davis@company.com,(977) 806-4332,Active
EMP031596,William,Thomas,William Thomas,50,Sales,Associate,Boston,94597.42,5799.95,2022-04-06,28,90.8,william.thomas@company.com,(482) 987-9773,Active
EMP031597,Sarah,Smith,Sarah Smith,30,Marketing,Lead,Miami,58247.7,5316.86,2023-03-30,1,81.8,sarah.smith@company.com,(807) 985-7215,Inactive
EMP031598,William,Garcia,William Garcia,42,Finance,Manager,Austin,64594.28,2020.46,2023-01-17,20,44.5,william.garcia@company.com,(746) 242-9758,Active
EMP031599,Michael,Hernandez,Michael Hernandez,49,Operations,Specialist,Austin,77863.43,11819.19,2024-05-04,25,83.5,michael.hernandez@company.com,(695) 692-8769,Active
EMP031600,James,Lopez,James Lopez,27,Finance,Analyst,Miami,70319.12,9164.87,2022-11-13,2,83.3,james.lopez@company.com,(396) 236-4641,Active
EMP031601,Nicole,Martin,Nicole Martin,62,Finance,Director,Austin,118483.84,19389.2,2023-01-06,38,81.0,nicole.martin@company.com,(812) 324-2390,Active
EMP031602,Amanda,Thomas,Amanda Thomas,53,Finance,Lead,Los Angeles,110952.34,9254.96,2022-03-27,26,77.1,amanda.thomas@company.com,(465) 738-9432,On Leave
EMP031603,Michael,Miller,Michael Miller,63,Finance,Specialist,Boston,101834.76,4912.26,2023-02-19,37,78.9,michael.miller@company.com,(338) 611-1355,Active
EMP031604,Amanda,Martin,Amanda Martin,60,IT,Senior Developer,Boston,119720.52,6677.72,2022-02-28,36,73.1,amanda.martin@company.com,(248) 324-2492,Active
EMP031605,Michael,Davis,Michael Davis,32,Sales,Manager,San Francisco,60013.47,5738.92,2023-03-07,6,68.6,michael.davis@company.com,(226) 567-6170,Inactive
EMP031606,David,Rodriguez,David Rodriguez,62,Finance,Senior Developer,Chicago,82545.44,7247.8,2022-02-25,39,57.9,david.rodriguez@company.com,(580) 855-7346,Active
EMP031607,Michael,Moore,Michael Moore,61,Operations,Director,San Francisco,74762.55,11210.69,2024-12-16,34,72.5,michael.moore@company.com,(725) 710-6097,Active
EMP031608,Christopher,Moore,Christopher Moore,40,Sales,Director,Chicago,82873.85,5793.28,2023-01-11,18,66.1,christopher.moore@company.com,(209) 222-5542,Active
EMP031609,Michael,Smith,Michael Smith,51,Engineering,Associate,Chicago,79676.19,4881.22,2020-12-05,27,41.4,michael.smith@company.com,(316) 854-1290,Active
EMP031610,Michael,Martin,Michael Martin,48,Legal,Associate,Chicago,115042.45,10551.66,2024-11-25,22,72.4,michael.martin@company.com,(495) 355-7813,Active
EMP031611,Michael,Williams,Michael Williams,26,Marketing,Specialist,Los Angeles,76256.88,3136.35,2021-04-02,4,78.9,michael.williams@company.com,(313) 499-7909,Active
EMP031612,Lisa,Wilson,Lisa Wilson,61,HR,Coordinator,Miami,55300.89,4104.97,2020-06-14,34,66.3,lisa.wilson@company.com,(378) 301-1887,Active
EMP031613,Jessica,Miller,Jessica Miller,29,Legal,Specialist,Boston,77358.81,12242.82,2022-08-24,5,80.6,jessica.miller@company.com,(774) 492-2795,Active
EMP031614,Lisa,Williams,Lisa Williams,31,Sales,Lead,Chicago,47958.9,5680.1,2022-10-27,9,60.5,lisa.williams@company.com,(522) 823-6212,Active
EMP031615,Daniel,Williams,Daniel Williams,59,Operations,Coordinator,Seattle,83854.03,2036.8,2020-03-06,37,57.8,daniel.williams@company.com,(537) 377-7297,Active
EMP031616,Ashley,Johnson,Ashley Johnson,56,Operations,Coordinator,Los Angeles,43304.35,4827.5,2024-08-20,27,77.6,ashley.johnson@company.com,(405) 988-2469,Active
EMP031617,James,Moore,James Moore,33,Finance,Analyst,Chicago,76482.16,4861.43,2020-05-26,11,72.4,james.moore@company.com,(248) 770-4123,On Leave
EMP031618,Ashley,Gonzalez,Ashley Gonzalez,32,Marketing,Director,Los Angeles,76614.44,13252.52,2023-10-04,4,89.7,ashley.gonzalez@company.com,(692) 400-3392,Active
EMP031619,James,Wilson,James Wilson,38,Finance,Lead,Chicago,67732.54,9536.94,2023-10-18,11,79.5,james.wilson@company.com,(212) 771-8024,Active
EMP031620,Jane,Martinez,Jane Martinez,24,Operations,Analyst,Miami,37011.07,7226.07,2024-04-27,0,65.9,jane.martinez@company.com,(860) 997-2076,Active
EMP031621,Jane,Gonzalez,Jane Gonzalez,61,Finance,Senior Developer,Seattle,81985.7,12030.33,2023-06-10,34,51.5,jane.gonzalez@company.com,(234) 700-2934,Active
EMP031622,Christopher,Wilson,Christopher Wilson,50,Engineering,Analyst,Seattle,110202.19,6289.54,2020-02-03,22,82.6,christopher.wilson@company.com,(907) 373-6139,On Leave
EMP031623,Amanda,Williams,Amanda Williams,62,Legal,Coordinator,New York,133323.48,1296.43,2023-07-08,39,100.0,amanda.williams@company.com,(696) 251-4096,Active
EMP031624,Nicole,Wilson,Nicole Wilson,28,Finance,Specialist,Los Angeles,58038.99,7925.12,2022-01-21,6,46.0,nicole.wilson@company.com,(441) 590-2691,Active
EMP031625,Ashley,Thomas,Ashley Thomas,49,Sales,Director,Los Angeles,48233.39,5155.59,2022-09-22,25,100.0,ashley.thomas@company.com,(748) 669-2214,Active
EMP031626,Sarah,Wilson,Sarah Wilson,61,Sales,Manager,Boston,93516.43,8888.97,2023-05-11,34,80.7,sarah.wilson@company.com,(458) 656-6535,Active
EMP031627,Nicole,Lopez,Nicole Lopez,40,HR,Coordinator,Seattle,61272.18,1693.51,2022-08-15,17,55.7,nicole.lopez@company.com,(931) 682-7868,Active
EMP031628,Nicole,Jackson,Nicole Jackson,65,Legal,Lead,Austin,121737.71,9572.15,2024-05-25,42,86.6,nicole.jackson@company.com,(878) 301-3335,Active
EMP031629,Anthony,Martin,Anthony Martin,47,Sales,Director,San Francisco,78491.86,0.0,2023-10-05,24,54.5,anthony.martin@company.com,(434) 519-7821,Active
EMP031630,John,Anderson,John Anderson,50,Finance,Analyst,Chicago,81112.24,6321.11,2021-05-23,22,61.0,john.anderson@company.com,(576) 983-9583,Active
EMP031631,Christopher,Davis,Christopher Davis,64,HR,Lead,Los Angeles,98959.63,4835.43,2020-02-27,39,65.0,christopher.davis@company.com,(379) 483-3826,Inactive
EMP031632,Amanda,Gonzalez,Amanda Gonzalez,25,Sales,Specialist,Miami,56726.02,3936.62,2021-10-23,0,64.1,amanda.gonzalez@company.com,(442) 695-4870,Active
EMP031633,Daniel,Anderson,Daniel Anderson,51,Finance,Associate,New York,95691.45,12385.96,2024-06-08,22,65.6,daniel.anderson@company.com,(222) 359-3004,Active
EMP031634,Lisa,Williams,Lisa Williams,51,IT,Specialist,New York,90783.13,8456.88,2023-06-18,29,65.6,lisa.williams@company.com,(380) 761-4098,Active
EMP031635,James,Jones,James Jones,24,Sales,Specialist,Seattle,71034.18,3909.74,2022-02-10,0,62.6,james.jones@company.com,(404) 618-9884,Inactive
EMP031636,Nicole,Martin,Nicole Martin,24,Operations,Lead,Seattle,45800.11,3385.84,2023-01-05,1,85.6,nicole.martin@company.com,(221) 714-3928,Active
EMP031637,Robert,Lopez,Robert Lopez,47,Marketing,Analyst,Chicago,70316.21,12339.85,2023-09-16,19,66.1,robert.lopez@company.com,(383) 693-3175,Active
EMP031638,Jane,Garcia,Jane Garcia,41,Marketing,Associate,Seattle,53049.93,4656.51,2020-09-20,19,100.0,jane.garcia@company.com,(398) 689-6992,Active
EMP031639,Robert,Garcia,Robert Garcia,22,Finance,Lead,Miami,66107.3,11254.78,2023-04-09,0,63.1,robert.garcia@company.com,(739) 209-9145,Active
EMP031640,Melissa,Miller,Melissa Miller,36,Marketing,Specialist,Austin,61452.69,9049.4,2023-11-25,13,63.2,melissa.miller@company.com,(846) 209-8059,Active
EMP031641,Jane,Gonzalez,Jane Gonzalez,40,Operations,Director,Seattle,56933.98,5535.3,2020-09-10,15,67.7,jane.gonzalez@company.com,(930) 808-1721,Active
EMP031642,Nicole,Thomas,Nicole Thomas,27,IT,Manager,Miami,72151.58,12443.51,2021-01-23,3,83.4,nicole.thomas@company.com,(334) 356-8663,Active
EMP031643,Jessica,Davis,Jessica Davis,31,HR,Lead,New York,63656.78,3987.21,2023-11-04,5,84.2,jessica.davis@company.com,(875) 762-8968,Active
EMP031644,David,Brown,David Brown,36,HR,Coordinator,Chicago,48128.51,10078.05,2024-07-17,7,71.7,david.brown@company.com,(745) 232-5075,Active
EMP031645,William,Jones,William Jones,44,Engineering,Lead,Austin,82636.07,6817.49,2021-01-06,16,100.0,william.jones@company.com,(907) 767-8390,Active
EMP031646,Anthony,Gonzalez,Anthony Gonzalez,57,Legal,Analyst,Austin,98252.44,7296.05,2024-07-29,29,75.7,anthony.gonzalez@company.com,(807) 664-2312,On Leave
EMP031647,David,Davis,David Davis,60,Finance,Analyst,New York,141250.33,5211.26,2024-04-13,34,71.9,david.davis@company.com,(959) 405-3565,Active
EMP031648,David,Martinez,David Martinez,29,HR,Associate,New York,72507.69,6586.51,2024-04-10,6,55.2,david.martinez@company.com,(792) 898-1991,Inactive
EMP031649,James,Hernandez,James Hernandez,27,Sales,Associate,San Francisco,57263.22,7985.29,2022-02-22,1,83.7,james.hernandez@company.com,(535) 503-6677,Active
EMP031650,Jane,Garcia,Jane Garcia,30,Finance,Senior Developer,San Francisco,74706.48,7436.59,2024-03-04,1,90.2,jane.garcia@company.com,(515) 795-9159,Active
EMP031651,Emily,Anderson,Emily Anderson,32,Finance,Associate,Chicago,86762.92,9896.1,2022-04-17,6,74.0,emily.anderson@company.com,(730) 502-8809,Active
EMP031652,Anthony,Davis,Anthony Davis,49,Finance,Manager,New York,106555.86,8393.45,2020-06-01,25,40.1,anthony.davis@company.com,(213) 678-1905,Active
EMP031653,Ashley,Miller,Ashley Miller,57,Finance,Analyst,New York,99273.01,5591.02,2023-02-17,29,89.5,ashley.miller@company.com,(530) 737-4989,Active
EMP031654,Jessica,Williams,Jessica Williams,37,Finance,Analyst,Los Angeles,62106.79,8606.01,2022-02-15,11,88.5,jessica.williams@company.com,(357) 422-7519,On Leave
EMP031655,James,Johnson,James Johnson,39,Marketing,Director,Los Angeles,97112.29,5318.85,2021-04-24,11,89.1,james.johnson@company.com,(795) 775-3417,Active
EMP031656,Stephanie,Smith,Stephanie Smith,26,Sales,Senior Developer,New York,61175.09,3816.04,2023-04-14,1,97.2,stephanie.smith@company.com,(484) 798-8083,Inactive
EMP031657,Emily,Johnson,Emily Johnson,35,IT,Associate,Austin,83272.53,2130.27,2021-11-25,9,46.8,emily.johnson@company.com,(641) 894-2047,Active
EMP031658,Sarah,Taylor,Sarah Taylor,58,Engineering,Coordinator,Chicago,87856.58,11354.39,2022-08-12,32,67.6,sarah.taylor@company.com,(688) 762-8496,Inactive
EMP031659,Melissa,Jackson,Melissa Jackson,46,Engineering,Senior Developer,Austin,82791.67,9610.95,2021-12-22,24,55.0,melissa.jackson@company.com,(392) 886-3643,Active
EMP031660,Michael,Thomas,Michael Thomas,62,Sales,Associate,New York,108762.26,13222.65,2021-10-26,40,94.2,michael.thomas@company.com,(635) 262-1959,Active
EMP031661,Sarah,Johnson,Sarah Johnson,47,IT,Coordinator,Seattle,76864.93,3748.18,2022-12-27,25,59.4,sarah.johnson@company.com,(864) 695-2587,Active
EMP031662,David,Gonzalez,David Gonzalez,60,Finance,Manager,New York,108937.6,12250.85,2024-02-25,38,36.6,david.gonzalez@company.com,(378) 365-3559,Active
EMP031663,James,Garcia,James Garcia,50,Operations,Associate,Miami,50525.22,2225.68,2022-04-13,24,67.3,james.garcia@company.com,(271) 502-6465,Active
EMP031664,Anthony,Anderson,Anthony Anderson,60,Operations,Lead,Los Angeles,90563.41,18432.84,2024-08-30,34,95.3,anthony.anderson@company.com,(567) 923-1265,Active
EMP031665,Christopher,Anderson,Christopher Anderson,49,Marketing,Associate,Austin,91804.83,5190.14,2022-06-10,23,72.5,christopher.anderson@company.com,(513) 216-8030,Active
EMP031666,Sarah,Taylor,Sarah Taylor,31,Sales,Associate,Austin,86458.89,6029.52,2022-08-15,9,71.2,sarah.taylor@company.com,(886) 868-4801,Active
EMP031667,David,Jackson,David Jackson,38,Sales,Analyst,Chicago,55005.39,3618.87,2021-10-08,10,72.0,david.jackson@company.com,(748) 880-6944,On Leave
EMP031668,Ashley,Hernandez,Ashley Hernandez,50,Finance,Senior Developer,San Francisco,73299.79,5725.71,2024-03-20,21,98.0,ashley.hernandez@company.com,(452) 314-1107,Active
EMP031669,William,Anderson,William Anderson,22,IT,Director,Seattle,99712.14,4967.64,2020-12-18,0,60.2,william.anderson@company.com,(785) 717-5279,On Leave
EMP031670,Amanda,Hernandez,Amanda Hernandez,61,HR,Manager,Boston,103176.42,10494.62,2020-08-15,38,86.6,amanda.hernandez@company.com,(783) 527-5651,On Leave
EMP031671,Jessica,Hernandez,Jessica Hernandez,29,Engineering,Coordinator,Seattle,75851.08,10543.39,2023-08-19,4,76.5,jessica.hernandez@company.com,(229) 825-5702,On Leave
EMP031672,Daniel,Wilson,Daniel Wilson,50,Marketing,Lead,Seattle,107395.55,2845.07,2023-06-18,25,92.8,daniel.wilson@company.com,(527) 594-6446,Inactive
EMP031673,Jane,Gonzalez,Jane Gonzalez,45,Operations,Lead,New York,77459.03,2258.44,2022-11-25,20,88.5,jane.gonzalez@company.com,(632) 242-1346,Active
EMP031674,Emily,Davis,Emily Davis,22,Operations,Analyst,Austin,34460.45,4254.06,2024-09-23,0,50.0,emily.davis@company.com,(939) 946-9638,Active
EMP031675,Sarah,Jones,Sarah Jones,22,Marketing,Analyst,Chicago,54055.42,3669.63,2023-01-16,0,63.6,sarah.jones@company.com,(394) 300-7905,Active
EMP031676,Anthony,Thomas,Anthony Thomas,35,HR,Coordinator,Seattle,59230.29,7958.0,2021-11-03,12,78.2,anthony.thomas@company.com,(594) 997-5573,Active
EMP031677,Jessica,Lopez,Jessica Lopez,47,Marketing,Lead,New York,74451.17,7360.63,2021-02-01,19,54.5,jessica.lopez@company.com,(345) 613-8713,Active
EMP031678,Jane,Jones,Jane Jones,53,Finance,Coordinator,Boston,77603.55,8135.09,2021-06-25,29,64.5,jane.jones@company.com,(640) 617-1004,Active
EMP031679,Christopher,Brown,Christopher Brown,27,IT,Manager,Austin,63897.15,5806.91,2022-05-19,0,33.4,christopher.brown@company.com,(536) 715-1955,Active
EMP031680,Michael,Martinez,Michael Martinez,49,Operations,Analyst,San Francisco,62852.3,0.0,2022-05-20,25,81.2,michael.martinez@company.com,(680) 242-7707,Active
EMP031681,Ashley,Williams,Ashley Williams,37,Operations,Director,Miami,59821.5,5723.41,2023-04-23,14,74.7,ashley.williams@company.com,(968) 468-4106,Active
EMP031682,David,Miller,David Miller,25,Finance,Lead,Boston,65036.93,11125.18,2021-04-02,3,74.7,david.miller@company.com,(296) 760-7220,Active
EMP031683,Stephanie,Jackson,Stephanie Jackson,56,Legal,Associate,Chicago,115490.94,1204.81,2020-08-14,29,77.6,stephanie.jackson@company.com,(367) 670-6723,Active
EMP031684,William,Jackson,William Jackson,23,Legal,Director,San Francisco,89801.32,2179.18,2022-08-16,0,63.6,william.jackson@company.com,(592) 463-5401,Inactive
EMP031685,William,Jackson,William Jackson,43,Marketing,Analyst,Boston,48545.18,5627.5,2021-09-08,15,69.2,william.jackson@company.com,(497) 662-3235,On Leave
EMP031686,William,Jackson,William Jackson,59,HR,Manager,San Francisco,74511.48,7397.48,2020-11-23,31,68.0,william.jackson@company.com,(426) 567-2152,Active
EMP031687,Sarah,Rodriguez,Sarah Rodriguez,37,IT,Associate,San Francisco,116621.65,12765.71,2021-11-17,10,76.7,sarah.rodriguez@company.com,(239) 464-1613,Active
EMP031688,Michael,Hernandez,Michael Hernandez,45,Engineering,Manager,Boston,97487.11,11246.63,2024-12-08,23,93.7,michael.hernandez@company.com,(852) 331-9135,Active
EMP031689,Anthony,Martinez,Anthony Martinez,63,Engineering,Manager,Boston,120670.04,0.0,2021-10-28,38,60.3,anthony.martinez@company.com,(721) 549-5990,Active
EMP031690,Nicole,Miller,Nicole Miller,49,Engineering,Associate,New York,113339.68,10813.06,2021-05-16,23,95.1,nicole.miller@company.com,(727) 936-4412,Active
EMP031691,Michael,Hernandez,Michael Hernandez,39,Legal,Director,Chicago,91500.06,15207.02,2021-05-08,16,100.0,michael.hernandez@company.com,(915) 286-6425,Active
EMP031692,Jessica,Anderson,Jessica Anderson,52,HR,Specialist,San Francisco,88441.26,9358.84,2023-06-03,26,93.4,jessica.anderson@company.com,(539) 941-9723,Inactive
EMP031693,Emily,Davis,Emily Davis,60,Engineering,Associate,New York,126502.05,16117.79,2024-02-04,38,81.0,emily.davis@company.com,(876) 462-5247,Inactive
EMP031694,Matthew,Brown,Matthew Brown,35,Operations,Specialist,Los Angeles,59434.33,8934.34,2023-11-02,6,95.6,matthew.brown@company.com,(366) 578-8672,Active
EMP031695,Nicole,Anderson,Nicole Anderson,27,HR,Associate,Los Angeles,74069.5,9762.57,2023-03-02,1,54.9,nicole.anderson@company.com,(786) 570-4968,Active
EMP031696,David,Smith,David Smith,50,Finance,Senior Developer,Chicago,78516.04,11109.4,2020-08-02,24,60.5,david.smith@company.com,(422) 347-9735,Active
EMP031697,Jessica,Miller,Jessica Miller,57,Marketing,Director,Austin,96801.69,4322.34,2020-10-20,35,76.2,jessica.miller@company.com,(580) 782-2861,Inactive
EMP031698,Robert,Thomas,Robert Thomas,35,Operations,Coordinator,Austin,35868.57,4510.15,2021-09-19,8,75.9,robert.thomas@company.com,(609) 535-4259,Active
EMP031699,Melissa,Garcia,Melissa Garcia,24,Marketing,Lead,San Francisco,61038.37,3962.56,2020-03-02,0,96.4,melissa.garcia@company.com,(931) 759-6819,Inactive
EMP031700,Ashley,Smith,Ashley Smith,41,Sales,Lead,Boston,91918.86,8626.72,2022-10-24,16,66.4,ashley.smith@company.com,(924) 470-1968,Inactive
EMP031701,Matthew,Anderson,Matthew Anderson,31,Legal,Associate,Boston,60771.08,2995.92,2021-07-08,9,58.3,matthew.anderson@company.com,(960) 310-4771,Active
EMP031702,Nicole,Jackson,Nicole Jackson,39,Sales,Associate,Austin,73546.28,7391.86,2023-11-20,14,93.3,nicole.jackson@company.com,(619) 938-3865,Inactive
EMP031703,Sarah,Anderson,Sarah Anderson,47,Operations,Coordinator,Miami,68259.11,284.39,2022-01-11,21,74.8,sarah.anderson@company.com,(213) 957-7341,Active
EMP031704,Stephanie,Johnson,Stephanie Johnson,38,Marketing,Lead,New York,58918.69,9905.27,2023-06-04,12,63.1,stephanie.johnson@company.com,(697) 878-2801,Active
EMP031705,Jane,Wilson,Jane Wilson,48,IT,Manager,Los Angeles,119847.28,231.59,2023-03-14,23,79.2,jane.wilson@company.com,(380) 893-7410,Active
EMP031706,Anthony,Thomas,Anthony Thomas,58,Engineering,Manager,San Francisco,114841.69,4799.99,2023-11-04,34,78.8,anthony.thomas@company.com,(240) 769-9828,Inactive
EMP031707,Amanda,Taylor,Amanda Taylor,38,Engineering,Lead,Chicago,103823.75,13295.98,2020-11-22,12,64.4,amanda.taylor@company.com,(360) 822-8107,Active
EMP031708,Christopher,Thomas,Christopher Thomas,37,Finance,Coordinator,Chicago,47714.19,6891.65,2024-08-06,9,73.2,christopher.thomas@company.com,(648) 908-9399,Active
EMP031709,Nicole,Taylor,Nicole Taylor,52,Sales,Senior Developer,Seattle,88365.36,13249.03,2024-02-08,25,68.6,nicole.taylor@company.com,(433) 525-2082,Active
EMP031710,Jessica,Jones,Jessica Jones,46,Legal,Manager,Chicago,87363.06,7687.46,2020-09-30,19,87.0,jessica.jones@company.com,(570) 708-4401,Active
EMP031711,Lisa,Martin,Lisa Martin,42,HR,Lead,Austin,54471.07,10263.12,2024-01-06,19,68.6,lisa.martin@company.com,(624) 710-9844,Active
EMP031712,Amanda,Martin,Amanda Martin,47,Marketing,Lead,Los Angeles,75475.22,13026.92,2021-12-19,20,57.2,amanda.martin@company.com,(749) 624-5532,Active
EMP031713,Emily,Davis,Emily Davis,32,IT,Coordinator,San Francisco,77507.75,9408.33,2021-12-30,6,97.9,emily.davis@company.com,(301) 641-1351,Active
EMP031714,Amanda,Wilson,Amanda Wilson,62,Operations,Senior Developer,New York,80729.82,10228.22,2023-08-27,36,71.2,amanda.wilson@company.com,(757) 347-1061,Inactive
EMP031715,Amanda,Williams,Amanda Williams,27,Marketing,Specialist,Chicago,65392.75,2272.74,2021-02-05,0,100.0,amanda.williams@company.com,(879) 846-1211,Active
EMP031716,Nicole,Gonzalez,Nicole Gonzalez,34,Finance,Director,Austin,65190.61,7395.7,2021-05-14,10,82.6,nicole.gonzalez@company.com,(340) 962-6941,Active
EMP031717,John,Jackson,John Jackson,33,Operations,Associate,New York,59903.83,7722.42,2023-03-29,11,66.4,john.jackson@company.com,(985) 888-4456,Active
EMP031718,Jessica,Gonzalez,Jessica Gonzalez,39,Operations,Associate,San Francisco,56210.69,9334.35,2023-04-10,17,94.4,jessica.gonzalez@company.com,(979) 481-8240,Active
EMP031719,John,Taylor,John Taylor,48,HR,Associate,New York,56388.34,7261.49,2024-01-26,25,78.3,john.taylor@company.com,(993) 619-7028,Active
EMP031720,Sarah,Taylor,Sarah Taylor,43,Finance,Senior Developer,Boston,98066.4,8937.62,2023-10-15,14,83.1,sarah.taylor@company.com,(265) 467-1803,Active
EMP031721,Amanda,Wilson,Amanda Wilson,52,IT,Senior Developer,Austin,101254.15,6642.38,2022-10-18,24,43.4,amanda.wilson@company.com,(528) 337-5653,Active
EMP031722,Sarah,Taylor,Sarah Taylor,55,Sales,Associate,New York,113484.67,15672.13,2023-06-08,31,75.4,sarah.taylor@company.com,(411) 784-6416,Active
EMP031723,William,Taylor,William Taylor,26,Finance,Manager,San Francisco,41466.3,3923.19,2021-06-09,2,87.5,william.taylor@company.com,(527) 879-4514,Inactive
EMP031724,Anthony,Johnson,Anthony Johnson,57,Sales,Director,San Francisco,80609.03,12230.99,2020-10-15,31,50.6,anthony.johnson@company.com,(382) 742-9858,Active
EMP031725,Nicole,Brown,Nicole Brown,64,Operations,Lead,Seattle,59073.63,7116.16,2023-05-06,39,98.2,nicole.brown@company.com,(733) 395-2073,Active
EMP031726,Sarah,Davis,Sarah Davis,52,Legal,Analyst,New York,121908.24,10425.34,2020-12-18,30,54.0,sarah.davis@company.com,(722) 463-4174,Active
EMP031727,Robert,Garcia,Robert Garcia,22,Legal,Analyst,Austin,79421.14,5046.18,2022-06-18,0,95.6,robert.garcia@company.com,(333) 959-4034,Active
EMP031728,Amanda,Lopez,Amanda Lopez,31,Engineering,Specialist,Austin,85155.25,13376.77,2020-05-16,9,92.7,amanda.lopez@company.com,(223) 541-5266,Active
EMP031729,Lisa,Williams,Lisa Williams,40,HR,Director,Chicago,83313.5,7232.65,2022-12-30,17,100.0,lisa.williams@company.com,(841) 566-1521,On Leave
EMP031730,Christopher,Smith,Christopher Smith,41,HR,Specialist,San Francisco,66189.15,1846.81,2020-04-08,14,60.7,christopher.smith@company.com,(281) 954-6561,Active
EMP031731,Stephanie,Johnson,Stephanie Johnson,62,Engineering,Coordinator,Boston,151238.53,12002.16,2022-05-30,33,57.5,stephanie.johnson@company.com,(858) 998-5410,Active
EMP031732,Michael,Wilson,Michael Wilson,33,Operations,Specialist,Chicago,78112.87,11650.17,2023-10-06,9,100.0,michael.wilson@company.com,(795) 838-8707,Active
EMP031733,David,Hernandez,David Hernandez,33,Operations,Coordinator,Boston,35038.75,6507.16,2024-01-27,8,40.1,david.hernandez@company.com,(827) 908-8308,Active
EMP031734,Stephanie,Williams,Stephanie Williams,40,HR,Analyst,Boston,43927.33,7740.81,2021-06-23,13,49.2,stephanie.williams@company.com,(864) 734-2818,Active
EMP031735,James,Rodriguez,James Rodriguez,61,Legal,Lead,Miami,147197.27,5550.7,2023-08-02,38,60.5,james.rodriguez@company.com,(463) 390-8109,Active
EMP031736,Daniel,Martinez,Daniel Martinez,40,HR,Manager,Miami,52942.24,3690.13,2020-04-24,16,88.1,daniel.martinez@company.com,(201) 215-8546,Active
EMP031737,James,Martin,James Martin,26,Engineering,Coordinator,Miami,94597.32,11269.31,2022-05-26,0,71.6,james.martin@company.com,(292) 310-3711,Active
EMP031738,Jessica,Wilson,Jessica Wilson,54,Sales,Director,Chicago,86452.87,9444.11,2022-09-08,28,82.4,jessica.wilson@company.com,(321) 582-1265,Active
EMP031739,Stephanie,Rodriguez,Stephanie Rodriguez,61,Operations,Manager,New York,86590.95,10917.59,2024-01-17,32,50.7,stephanie.rodriguez@company.com,(660) 677-9174,Active
EMP031740,James,Hernandez,James Hernandez,37,Sales,Coordinator,Miami,89779.65,7379.1,2020-01-10,9,66.5,james.hernandez@company.com,(862) 952-7041,Active
EMP031741,Sarah,Lopez,Sarah Lopez,55,Legal,Analyst,San Francisco,107114.61,9847.64,2021-04-24,31,46.0,sarah.lopez@company.com,(646) 251-6083,Active
EMP031742,Jessica,Smith,Jessica Smith,41,Operations,Coordinator,Seattle,57340.7,6727.37,2022-09-25,13,71.4,jessica.smith@company.com,(385) 944-8239,Active
EMP031743,William,Miller,William Miller,38,Operations,Associate,Los Angeles,86751.31,10249.87,2021-04-26,12,68.2,william.miller@company.com,(489) 539-9766,Active
EMP031744,Melissa,Martin,Melissa Martin,38,Finance,Lead,New York,59184.95,7737.42,2020-01-08,14,67.9,melissa.martin@company.com,(754) 663-7232,Active
EMP031745,Robert,Garcia,Robert Garcia,32,Legal,Lead,Boston,75931.83,12938.57,2020-11-04,8,82.2,robert.garcia@company.com,(932) 388-4461,Active
EMP031746,John,Jackson,John Jackson,35,Finance,Coordinator,San Francisco,79267.82,8498.5,2023-07-21,7,44.0,john.jackson@company.com,(955) 962-1105,Active
EMP031747,Sarah,Taylor,Sarah Taylor,60,Legal,Manager,New York,130675.92,5918.09,2023-06-17,32,97.5,sarah.taylor@company.com,(246) 444-2771,Active
EMP031748,Stephanie,Smith,Stephanie Smith,23,Legal,Specialist,Chicago,49642.47,3948.67,2022-12-21,0,49.0,stephanie.smith@company.com,(374) 230-4233,Inactive
EMP031749,Michael,Jones,Michael Jones,22,Finance,Specialist,Seattle,88119.98,6783.81,2023-10-17,0,93.3,michael.jones@company.com,(611) 701-3645,On Leave
EMP031750,Sarah,Jackson,Sarah Jackson,60,Marketing,Director,Miami,96497.4,7279.23,2024-07-24,37,83.1,sarah.jackson@company.com,(852) 638-1709,Active
EMP031751,Melissa,Jackson,Melissa Jackson,46,Finance,Lead,San Francisco,97030.14,10987.94,2020-02-02,23,94.9,melissa.jackson@company.com,(823) 239-6294,Active
EMP031752,Emily,Rodriguez,Emily Rodriguez,49,IT,Coordinator,Austin,65855.91,4072.15,2024-10-20,25,57.8,emily.rodriguez@company.com,(402) 837-8218,Active
EMP031753,David,Garcia,David Garcia,62,Legal,Analyst,Austin,107267.24,14118.74,2021-10-23,39,100.0,david.garcia@company.com,(778) 667-6558,Active
EMP031754,Jane,Martin,Jane Martin,46,Finance,Associate,Miami,96512.23,3359.78,2020-02-12,24,93.4,jane.martin@company.com,(507) 562-6753,Active
EMP031755,David,Brown,David Brown,62,Sales,Senior Developer,New York,78417.02,7678.13,2024-06-11,38,92.1,david.brown@company.com,(429) 908-3389,Active
EMP031756,Michael,Wilson,Michael Wilson,42,HR,Lead,Los Angeles,72450.15,11128.79,2020-02-22,17,64.2,michael.wilson@company.com,(479) 327-6849,Active
EMP031757,Stephanie,Rodriguez,Stephanie Rodriguez,33,Sales,Associate,Boston,54506.76,5455.13,2020-09-30,7,68.1,stephanie.rodriguez@company.com,(876) 641-9669,Active
EMP031758,Melissa,Brown,Melissa Brown,53,Operations,Director,San Francisco,79603.51,12984.0,2023-11-20,26,76.9,melissa.brown@company.com,(692) 781-5719,Active
EMP031759,Amanda,Davis,Amanda Davis,55,Marketing,Associate,Los Angeles,91298.43,3355.74,2024-03-03,29,83.1,amanda.davis@company.com,(270) 366-3678,Active
EMP031760,Jane,Lopez,Jane Lopez,61,Engineering,Analyst,Los Angeles,65889.88,6503.88,2021-03-13,32,75.2,jane.lopez@company.com,(547) 609-3179,Active
EMP031761,Stephanie,Gonzalez,Stephanie Gonzalez,22,Finance,Associate,San Francisco,39965.48,5357.48,2024-12-08,0,62.7,stephanie.gonzalez@company.com,(478) 984-8865,Active
EMP031762,Robert,Miller,Robert Miller,22,IT,Coordinator,Miami,49217.14,1511.03,2021-01-24,0,68.0,robert.miller@company.com,(808) 426-8381,Active
EMP031763,Jessica,Johnson,Jessica Johnson,43,Operations,Associate,Los Angeles,53148.52,6166.82,2021-05-23,14,85.1,jessica.johnson@company.com,(800) 562-9950,On Leave
EMP031764,Lisa,Johnson,Lisa Johnson,22,Operations,Analyst,Seattle,60362.32,4999.51,2023-10-25,0,80.0,lisa.johnson@company.com,(924) 778-1078,Active
EMP031765,Melissa,Martin,Melissa Martin,58,Engineering,Senior Developer,Austin,100897.03,2509.07,2021-04-02,35,70.5,melissa.martin@company.com,(444) 249-8786,Active
EMP031766,Matthew,Davis,Matthew Davis,47,IT,Lead,Chicago,91536.57,18264.85,2021-10-23,22,100.0,matthew.davis@company.com,(339) 941-5237,Active
EMP031767,Stephanie,Garcia,Stephanie Garcia,56,Operations,Specialist,Austin,107091.87,6635.51,2020-02-12,27,91.2,stephanie.garcia@company.com,(255) 860-2562,Active
EMP031768,Matthew,Wilson,Matthew Wilson,63,HR,Senior Developer,Seattle,83944.43,3910.1,2020-03-26,41,60.7,matthew.wilson@company.com,(471) 946-6515,Active
EMP031769,Amanda,Taylor,Amanda Taylor,61,Sales,Associate,Boston,84451.49,9777.08,2023-08-16,33,58.8,amanda.taylor@company.com,(274) 330-7786,Active
EMP031770,Anthony,Garcia,Anthony Garcia,35,Marketing,Lead,Los Angeles,86475.33,11597.35,2020-04-08,10,82.5,anthony.garcia@company.com,(257) 901-2857,Active
EMP031771,Daniel,Wilson,Daniel Wilson,54,HR,Analyst,Austin,91871.48,10774.67,2024-07-13,28,69.5,daniel.wilson@company.com,(253) 445-1879,Active
EMP031772,Christopher,Rodriguez,Christopher Rodriguez,25,Sales,Associate,Boston,37884.84,2470.86,2021-01-10,0,97.9,christopher.rodriguez@company.com,(448) 725-6368,Active
EMP031773,David,Davis,David Davis,28,HR,Senior Developer,New York,42647.49,7493.61,2023-02-11,6,59.3,david.davis@company.com,(521) 999-4104,Active
EMP031774,Ashley,Taylor,Ashley Taylor,54,Operations,Associate,Miami,84944.52,5148.73,2021-01-07,28,69.8,ashley.taylor@company.com,(818) 900-3570,Active
EMP031775,David,Anderson,David Anderson,60,Operations,Senior Developer,Seattle,75835.46,6083.76,2021-01-17,36,78.1,david.anderson@company.com,(787) 576-3480,On Leave
EMP031776,Ashley,Brown,Ashley Brown,41,Legal,Manager,Austin,87025.27,6077.97,2022-12-11,19,95.9,ashley.brown@company.com,(808) 382-2265,Active
EMP031777,Matthew,Jones,Matthew Jones,23,Legal,Manager,Boston,78196.08,4667.12,2023-09-17,0,65.5,matthew.jones@company.com,(822) 547-7654,Active
EMP031778,Stephanie,Smith,Stephanie Smith,62,Marketing,Associate,Miami,94136.01,17923.96,2022-05-04,39,78.3,stephanie.smith@company.com,(529) 674-6384,Active
EMP031779,Robert,Hernandez,Robert Hernandez,23,Finance,Senior Developer,San Francisco,71705.42,0.0,2022-04-07,0,65.6,robert.hernandez@company.com,(533) 880-3533,Active
EMP031780,Michael,Williams,Michael Williams,37,Sales,Coordinator,New York,77740.34,4782.29,2020-02-08,13,75.1,michael.williams@company.com,(651) 535-8947,Active
EMP031781,John,Smith,John Smith,62,Sales,Specialist,Seattle,105643.37,13885.92,2023-09-04,34,84.8,john.smith@company.com,(825) 352-1127,Inactive
EMP031782,John,Brown,John Brown,58,Sales,Associate,San Francisco,81389.95,12515.07,2021-08-09,36,72.6,john.brown@company.com,(507) 229-2144,Inactive
EMP031783,Anthony,Jackson,Anthony Jackson,48,IT,Analyst,Chicago,99875.05,8746.86,2020-08-23,26,66.6,anthony.jackson@company.com,(542) 670-8226,Inactive
EMP031784,Sarah,Martinez,Sarah Martinez,33,Sales,Manager,Austin,66748.64,4929.71,2020-10-13,11,89.7,sarah.martinez@company.com,(728) 945-9247,Active
EMP031785,John,Jones,John Jones,49,Operations,Coordinator,Los Angeles,64623.77,6751.13,2023-09-27,25,78.7,john.jones@company.com,(262) 243-4927,Active
EMP031786,Amanda,Moore,Amanda Moore,49,Finance,Associate,Austin,70340.38,8323.3,2023-09-06,21,78.1,amanda.moore@company.com,(964) 653-6264,Active
EMP031787,William,Jones,William Jones,65,Finance,Analyst,Los Angeles,88341.3,4565.94,2022-07-28,42,88.1,william.jones@company.com,(342) 428-7625,Active
EMP031788,Jessica,Martin,Jessica Martin,30,HR,Manager,New York,59678.49,15629.58,2020-06-25,3,74.9,jessica.martin@company.com,(531) 503-6840,Active
EMP031789,Stephanie,Taylor,Stephanie Taylor,32,Operations,Lead,Chicago,56738.44,6986.54,2023-06-13,10,65.3,stephanie.taylor@company.com,(638) 653-9856,Active
EMP031790,Melissa,Williams,Melissa Williams,25,Finance,Lead,Austin,52210.47,10024.5,2020-04-03,2,67.6,melissa.williams@company.com,(217) 729-5529,Active
EMP031791,Anthony,Rodriguez,Anthony Rodriguez,64,Finance,Senior Developer,San Francisco,119913.89,24747.27,2020-08-10,39,58.6,anthony.rodriguez@company.com,(367) 616-9860,Active
EMP031792,James,Johnson,James Johnson,57,Legal,Analyst,Miami,92008.65,9218.46,2022-12-01,34,60.1,james.johnson@company.com,(261) 586-2636,Active
EMP031793,Melissa,Thomas,Melissa Thomas,29,Finance,Senior Developer,Chicago,70239.96,9406.86,2020-12-22,5,79.6,melissa.thomas@company.com,(627) 230-5317,Active
EMP031794,Anthony,Rodriguez,Anthony Rodriguez,36,Operations,Director,New York,31886.3,3724.83,2021-03-22,12,79.3,anthony.rodriguez@company.com,(953) 439-1314,Active
EMP031795,Amanda,Davis,Amanda Davis,42,HR,Manager,San Francisco,79829.25,10501.92,2020-06-17,17,88.0,amanda.davis@company.com,(928) 377-9765,Active
EMP031796,Melissa,Williams,Melissa Williams,37,Sales,Coordinator,San Francisco,53596.61,6745.44,2024-01-05,14,73.1,melissa.williams@company.com,(302) 948-7335,Active
EMP031797,Lisa,Johnson,Lisa Johnson,48,Marketing,Specialist,Austin,69384.58,9328.12,2021-02-19,25,81.4,lisa.johnson@company.com,(455) 261-7380,Active
EMP031798,David,Thomas,David Thomas,54,Sales,Director,Austin,77032.39,2919.26,2021-01-10,28,60.6,david.thomas@company.com,(684) 249-9817,Active
EMP031799,Stephanie,Wilson,Stephanie Wilson,41,Sales,Associate,Boston,79692.59,7896.66,2021-11-14,12,61.5,stephanie.wilson@company.com,(729) 666-2419,Inactive
EMP031800,Christopher,Lopez,Christopher Lopez,49,Finance,Analyst,Miami,85074.52,17090.54,2021-11-22,23,94.4,christopher.lopez@company.com,(237) 389-4857,Active
EMP031801,Stephanie,Gonzalez,Stephanie Gonzalez,37,Finance,Manager,Austin,72955.6,4667.8,2020-05-25,12,76.4,stephanie.gonzalez@company.com,(598) 562-1513,Active
EMP031802,William,Miller,William Miller,55,Operations,Analyst,Chicago,78756.51,11709.17,2020-06-22,32,91.7,william.miller@company.com,(447) 311-8566,Active
EMP031803,David,Martin,David Martin,59,Engineering,Coordinator,Miami,106711.01,13104.24,2020-08-03,32,64.1,david.martin@company.com,(458) 925-2785,Active
EMP031804,Jane,Wilson,Jane Wilson,55,Operations,Associate,Boston,77459.69,9350.14,2020-01-14,31,78.2,jane.wilson@company.com,(985) 678-5833,On Leave
EMP031805,Stephanie,Martinez,Stephanie Martinez,32,Sales,Associate,Chicago,41123.03,867.79,2021-08-11,10,86.8,stephanie.martinez@company.com,(746) 465-3606,Active
EMP031806,Melissa,Hernandez,Melissa Hernandez,30,Sales,Manager,Miami,87749.22,3011.54,2021-01-08,4,44.6,melissa.hernandez@company.com,(585) 539-3260,Active
EMP031807,Lisa,Jackson,Lisa Jackson,45,Legal,Analyst,New York,91058.85,6126.51,2023-01-14,21,81.5,lisa.jackson@company.com,(832) 571-1468,Active
EMP031808,John,Jackson,John Jackson,64,Finance,Senior Developer,Los Angeles,90304.61,11540.39,2021-02-24,35,60.0,john.jackson@company.com,(802) 534-4217,Active
EMP031809,John,Lopez,John Lopez,31,Operations,Specialist,Boston,75937.48,5074.8,2023-03-31,6,68.9,john.lopez@company.com,(387) 413-3720,Active
EMP031810,Nicole,Williams,Nicole Williams,37,Operations,Associate,Miami,53356.46,4137.09,2024-06-27,14,43.7,nicole.williams@company.com,(510) 869-1519,Active
EMP031811,Anthony,Anderson,Anthony Anderson,52,Marketing,Director,Miami,96932.75,9434.53,2024-06-15,26,72.3,anthony.anderson@company.com,(773) 571-8078,Active
EMP031812,Robert,Williams,Robert Williams,28,Operations,Manager,Chicago,43753.16,4111.41,2023-10-23,6,77.6,robert.williams@company.com,(629) 633-1109,Active
EMP031813,James,Taylor,James Taylor,30,Legal,Senior Developer,Miami,85670.59,13847.47,2024-11-04,1,71.3,james.taylor@company.com,(750) 728-5266,Active
EMP031814,James,Davis,James Davis,55,Operations,Analyst,San Francisco,80803.71,8291.04,2022-08-17,28,71.4,james.davis@company.com,(383) 544-2779,On Leave
EMP031815,Lisa,Martin,Lisa Martin,44,HR,Specialist,Austin,81044.49,3826.15,2023-05-10,19,71.5,lisa.martin@company.com,(596) 548-6393,Active
EMP031816,Jane,Williams,Jane Williams,65,Sales,Coordinator,Chicago,104859.47,9114.68,2022-05-12,39,100.0,jane.williams@company.com,(368) 817-6597,On Leave
EMP031817,Amanda,Martinez,Amanda Martinez,41,Engineering,Director,San Francisco,120308.89,13612.44,2023-12-23,19,99.7,amanda.martinez@company.com,(998) 752-9717,Active
EMP031818,Stephanie,Taylor,Stephanie Taylor,42,Sales,Director,Los Angeles,56210.1,11970.41,2021-06-04,15,58.5,stephanie.taylor@company.com,(921) 369-8427,Active
EMP031819,David,Jackson,David Jackson,33,HR,Specialist,New York,54461.0,3144.02,2022-08-21,8,91.5,david.jackson@company.com,(743) 576-2350,Active
EMP031820,Anthony,Martin,Anthony Martin,50,Engineering,Specialist,San Francisco,86443.74,16886.0,2021-11-25,24,67.7,anthony.martin@company.com,(815) 319-2431,Active
EMP031821,Lisa,Davis,Lisa Davis,41,Sales,Analyst,Austin,62583.29,2234.83,2024-04-13,17,84.8,lisa.davis@company.com,(333) 573-3784,Active
EMP031822,Ashley,Brown,Ashley Brown,34,IT,Senior Developer,Seattle,91261.04,9313.57,2024-01-10,12,65.1,ashley.brown@company.com,(202) 881-2478,Active
EMP031823,Christopher,Miller,Christopher Miller,55,Legal,Manager,Seattle,71437.63,7168.12,2021-05-13,30,32.6,christopher.miller@company.com,(422) 457-4631,Active
EMP031824,Anthony,Jones,Anthony Jones,30,IT,Specialist,Boston,56073.23,7908.19,2024-09-04,7,72.2,anthony.jones@company.com,(452) 771-2366,Active
EMP031825,Nicole,Jones,Nicole Jones,60,IT,Associate,Los Angeles,87485.92,11619.78,2020-06-20,37,77.2,nicole.jones@company.com,(638) 202-3212,Inactive
EMP031826,Melissa,Martin,Melissa Martin,37,Sales,Director,New York,92135.13,10191.31,2020-09-27,13,80.5,melissa.martin@company.com,(876) 883-5058,Active
EMP031827,David,Williams,David Williams,24,Finance,Director,Miami,70619.91,7269.44,2022-12-07,0,63.9,david.williams@company.com,(545) 307-2713,Active
EMP031828,Melissa,Jackson,Melissa Jackson,59,Finance,Director,Chicago,104460.45,13480.7,2020-12-11,33,60.0,melissa.jackson@company.com,(913) 419-8665,Active
EMP031829,Melissa,Martinez,Melissa Martinez,46,Marketing,Specialist,Miami,64937.24,4911.18,2022-01-10,23,94.2,melissa.martinez@company.com,(924) 775-6112,Active
EMP031830,William,Anderson,William Anderson,27,Operations,Director,Austin,40732.72,4413.88,2023-12-07,0,84.5,william.anderson@company.com,(252) 312-8240,Active
EMP031831,William,Thomas,William Thomas,60,IT,Associate,New York,124052.78,11349.79,2021-07-22,35,84.9,william.thomas@company.com,(452) 336-4004,Active
EMP031832,Ashley,Davis,Ashley Davis,62,IT,Senior Developer,Los Angeles,111170.27,16303.16,2022-03-20,35,82.5,ashley.davis@company.com,(457) 649-4276,Active
EMP031833,Stephanie,Wilson,Stephanie Wilson,44,Engineering,Manager,San Francisco,131012.29,9542.26,2023-12-25,15,90.2,stephanie.wilson@company.com,(265) 235-5469,Active
EMP031834,Jessica,Williams,Jessica Williams,32,Finance,Analyst,Austin,97927.47,10208.39,2021-10-12,9,99.0,jessica.williams@company.com,(544) 454-2928,Active
EMP031835,Ashley,Rodriguez,Ashley Rodriguez,48,Sales,Specialist,Los Angeles,68082.16,7023.29,2021-12-31,22,95.3,ashley.rodriguez@company.com,(319) 259-3059,Active
EMP031836,Sarah,Jackson,Sarah Jackson,48,IT,Manager,Austin,86022.97,4507.25,2023-03-21,25,93.0,sarah.jackson@company.com,(949) 951-3655,Active
EMP031837,Melissa,Wilson,Melissa Wilson,64,Operations,Director,Austin,80326.51,5107.78,2021-09-21,38,85.2,melissa.wilson@company.com,(208) 482-4034,Active
EMP031838,David,Rodriguez,David Rodriguez,34,Operations,Coordinator,Austin,47783.31,3611.06,2021-01-30,6,68.4,david.rodriguez@company.com,(861) 394-4878,Active
EMP031839,Anthony,Lopez,Anthony Lopez,33,Finance,Associate,Chicago,33000.0,2529.18,2020-09-01,8,72.4,anthony.lopez@company.com,(898) 488-7157,Active
EMP031840,James,Davis,James Davis,57,Sales,Lead,Seattle,79955.45,4324.56,2023-06-03,28,64.8,james.davis@company.com,(781) 334-7170,Active
EMP031841,Michael,Rodriguez,Michael Rodriguez,63,Engineering,Senior Developer,Los Angeles,118422.58,9447.84,2023-01-22,38,86.7,michael.rodriguez@company.com,(364) 589-7597,Active
EMP031842,Sarah,Rodriguez,Sarah Rodriguez,57,HR,Senior Developer,Miami,99171.18,6400.14,2021-04-20,34,82.2,sarah.rodriguez@company.com,(314) 589-7983,Active
EMP031843,Melissa,Gonzalez,Melissa Gonzalez,33,IT,Analyst,New York,75830.67,6315.16,2020-09-27,4,70.7,melissa.gonzalez@company.com,(335) 673-1393,Active
EMP031844,Christopher,Miller,Christopher Miller,58,Sales,Director,Boston,84602.01,12813.92,2024-08-27,35,53.7,christopher.miller@company.com,(235) 735-5635,Active
EMP031845,David,Smith,David Smith,30,Marketing,Lead,Los Angeles,46292.79,5122.22,2022-05-06,2,69.1,david.smith@company.com,(322) 864-5017,Active
EMP031846,David,Martin,David Martin,32,HR,Manager,Chicago,58889.46,7062.69,2023-04-21,3,58.2,david.martin@company.com,(809) 545-2798,Active
EMP031847,Jessica,Rodriguez,Jessica Rodriguez,52,Finance,Lead,Los Angeles,82423.97,3145.66,2022-10-12,29,82.1,jessica.rodriguez@company.com,(990) 496-4797,Active
EMP031848,Amanda,Gonzalez,Amanda Gonzalez,41,Sales,Lead,Los Angeles,61331.59,5737.25,2020-06-12,19,62.2,amanda.gonzalez@company.com,(826) 664-7349,Active
EMP031849,Anthony,Jones,Anthony Jones,44,Marketing,Manager,Chicago,73921.41,6437.26,2024-10-31,18,55.3,anthony.jones@company.com,(310) 703-7570,Active
EMP031850,Emily,Smith,Emily Smith,40,Sales,Coordinator,Chicago,71452.31,4171.57,2020-08-29,17,83.4,emily.smith@company.com,(262) 785-7787,On Leave
EMP031851,James,Miller,James Miller,41,Finance,Analyst,New York,62949.54,4971.61,2022-04-21,13,73.6,james.miller@company.com,(884) 983-4082,Active
EMP031852,David,Jones,David Jones,35,Engineering,Specialist,Chicago,123287.6,12430.78,2021-09-28,12,52.2,david.jones@company.com,(634) 551-7218,Active
EMP031853,Jessica,Gonzalez,Jessica Gonzalez,60,Operations,Coordinator,Chicago,71386.53,7923.54,2022-09-16,38,84.6,jessica.gonzalez@company.com,(289) 702-7968,Active
EMP031854,Robert,Brown,Robert Brown,51,HR,Lead,Seattle,76254.56,10595.72,2023-04-05,26,68.6,robert.brown@company.com,(609) 204-5776,Active
EMP031855,Jessica,Taylor,Jessica Taylor,22,Legal,Manager,Boston,83033.05,10389.04,2020-05-09,0,46.0,jessica.taylor@company.com,(864) 512-8866,Active
EMP031856,John,Gonzalez,John Gonzalez,48,HR,Specialist,Miami,86210.08,910.5,2021-01-18,24,58.8,john.gonzalez@company.com,(812) 775-2712,Active
EMP031857,Jane,Moore,Jane Moore,34,Legal,Director,Boston,88715.4,12601.42,2023-04-23,11,95.6,jane.moore@company.com,(945) 564-1968,Active
EMP031858,Stephanie,Jackson,Stephanie Jackson,53,HR,Specialist,Austin,50026.88,5326.62,2023-05-29,30,70.9,stephanie.jackson@company.com,(414) 493-1176,Active
EMP031859,William,Lopez,William Lopez,25,Marketing,Coordinator,Boston,55436.06,0.0,2020-03-07,1,70.3,william.lopez@company.com,(384) 894-9314,Inactive
EMP031860,Sarah,Garcia,Sarah Garcia,35,IT,Associate,Miami,36000.0,3640.05,2021-10-15,8,44.0,sarah.garcia@company.com,(208) 608-8400,Active
EMP031861,Amanda,Miller,Amanda Miller,24,Engineering,Associate,Miami,54550.96,6361.53,2022-01-31,0,90.0,amanda.miller@company.com,(604) 579-2710,Active
EMP031862,Christopher,Johnson,Christopher Johnson,60,Engineering,Manager,Seattle,134535.9,16456.98,2024-01-01,32,93.8,christopher.johnson@company.com,(232) 611-4827,Active
EMP031863,Stephanie,Lopez,Stephanie Lopez,32,Engineering,Manager,Boston,91609.33,13078.5,2024-06-18,5,100.0,stephanie.lopez@company.com,(257) 554-5650,Active
EMP031864,Jessica,Anderson,Jessica Anderson,47,Sales,Specialist,New York,99946.03,13273.55,2020-08-06,24,88.8,jessica.anderson@company.com,(931) 388-5200,Active
EMP031865,Sarah,Anderson,Sarah Anderson,31,Marketing,Analyst,San Francisco,82722.32,7387.64,2023-07-06,7,79.3,sarah.anderson@company.com,(967) 729-5812,On Leave
EMP031866,Sarah,Johnson,Sarah Johnson,41,Marketing,Associate,Chicago,69498.77,13911.38,2021-06-27,13,84.2,sarah.johnson@company.com,(299) 401-3762,Active
EMP031867,Jane,Thomas,Jane Thomas,31,Sales,Associate,Los Angeles,67520.67,4622.62,2024-09-30,5,78.3,jane.thomas@company.com,(833) 701-1499,Active
EMP031868,David,Williams,David Williams,41,IT,Senior Developer,New York,52070.27,0.0,2022-03-13,16,72.7,david.williams@company.com,(472) 957-6562,Active
EMP031869,Nicole,Smith,Nicole Smith,33,Engineering,Lead,Los Angeles,94716.6,910.61,2023-10-26,6,78.4,nicole.smith@company.com,(883) 692-2862,Active
EMP031870,Emily,Lopez,Emily Lopez,55,HR,Specialist,New York,87520.32,0.0,2024-12-15,31,43.2,emily.lopez@company.com,(569) 603-5649,Active
EMP031871,William,Garcia,William Garcia,63,Sales,Senior Developer,Miami,107944.53,11474.82,2020-09-20,38,67.4,william.garcia@company.com,(626) 992-3411,Active
EMP031872,Anthony,Martin,Anthony Martin,31,Marketing,Specialist,Austin,70931.52,1857.75,2020-08-25,2,65.9,anthony.martin@company.com,(659) 255-8677,Active
EMP031873,Sarah,Miller,Sarah Miller,44,Finance,Director,New York,80607.62,8565.58,2022-07-24,21,78.1,sarah.miller@company.com,(522) 339-9621,Active
EMP031874,Anthony,Martin,Anthony Martin,59,HR,Specialist,San Francisco,81945.8,1291.25,2021-08-14,30,63.5,anthony.martin@company.com,(700) 669-4965,Active
EMP031875,Daniel,Johnson,Daniel Johnson,23,Marketing,Associate,Austin,34274.9,3657.39,2020-02-17,0,47.8,daniel.johnson@company.com,(268) 423-7651,Active
EMP031876,Anthony,Lopez,Anthony Lopez,49,IT,Specialist,Boston,75730.57,4299.4,2020-01-23,22,49.6,anthony.lopez@company.com,(763) 561-6440,Active
EMP031877,Stephanie,Miller,Stephanie Miller,51,Engineering,Senior Developer,San Francisco,125281.9,4559.6,2022-02-01,24,52.2,stephanie.miller@company.com,(525) 988-1267,Active
EMP031878,Michael,Thomas,Michael Thomas,30,Legal,Manager,Chicago,88838.47,16683.32,2024-07-05,7,64.5,michael.thomas@company.com,(356) 948-3028,Active
EMP031879,Sarah,Martin,Sarah Martin,52,Engineering,Director,Los Angeles,114158.5,8223.32,2023-08-24,25,95.9,sarah.martin@company.com,(591) 953-3384,Active
EMP031880,Lisa,Hernandez,Lisa Hernandez,53,Sales,Coordinator,San Francisco,106500.52,12603.93,2020-09-23,31,61.7,lisa.hernandez@company.com,(602) 552-7233,Active
EMP031881,Jane,Johnson,Jane Johnson,29,HR,Associate,Austin,66604.52,6655.74,2022-05-11,7,80.9,jane.johnson@company.com,(737) 890-6339,Active
EMP031882,Emily,Thomas,Emily Thomas,23,Engineering,Specialist,Austin,39000.0,3034.81,2024-04-30,0,65.6,emily.thomas@company.com,(668) 723-9615,Active
EMP031883,Emily,Johnson,Emily Johnson,34,Finance,Director,Boston,70591.42,9065.99,2021-10-16,8,59.1,emily.johnson@company.com,(344) 469-1388,Inactive
EMP031884,Jessica,Martin,Jessica Martin,27,Marketing,Manager,Miami,67840.5,2016.43,2020-02-25,0,86.0,jessica.martin@company.com,(325) 839-1869,Active
EMP031885,Anthony,Lopez,Anthony Lopez,51,Legal,Associate,Chicago,113423.86,9770.75,2020-05-10,29,86.9,anthony.lopez@company.com,(480) 710-9048,Active
EMP031886,David,Smith,David Smith,62,HR,Lead,Seattle,115545.31,9517.33,2024-04-08,35,62.3,david.smith@company.com,(930) 718-9870,Active
EMP031887,Lisa,Martin,Lisa Martin,22,Engineering,Coordinator,Chicago,116380.08,9321.59,2021-12-17,0,45.1,lisa.martin@company.com,(572) 238-7817,Active
EMP031888,Ashley,Gonzalez,Ashley Gonzalez,55,IT,Analyst,New York,104448.05,14879.64,2022-11-27,30,58.2,ashley.gonzalez@company.com,(411) 871-4854,Active
EMP031889,Emily,Jones,Emily Jones,50,HR,Lead,Austin,70432.35,8438.84,2023-10-01,27,57.5,emily.jones@company.com,(460) 242-7316,Active
EMP031890,Anthony,Martinez,Anthony Martinez,39,Engineering,Lead,Chicago,138962.4,23747.26,2021-02-11,15,82.5,anthony.martinez@company.com,(642) 202-8698,Inactive
EMP031891,Christopher,Jones,Christopher Jones,43,Marketing,Lead,Chicago,49313.9,0.0,2021-08-30,16,63.0,christopher.jones@company.com,(600) 347-8800,Active
EMP031892,Stephanie,Brown,Stephanie Brown,35,Marketing,Analyst,Seattle,66839.16,3713.45,2021-07-18,7,56.5,stephanie.brown@company.com,(263) 955-8308,Active
EMP031893,Ashley,Jackson,Ashley Jackson,28,IT,Lead,Boston,60604.77,2915.12,2024-03-09,0,84.1,ashley.jackson@company.com,(239) 784-3199,Active
EMP031894,Jane,Wilson,Jane Wilson,25,Engineering,Lead,San Francisco,59360.48,7896.62,2024-12-02,2,44.6,jane.wilson@company.com,(328) 448-8250,Active
EMP031895,Ashley,Jones,Ashley Jones,44,Operations,Analyst,Los Angeles,57791.04,14474.53,2022-07-28,15,73.2,ashley.jones@company.com,(282) 742-3042,Active
EMP031896,Christopher,Miller,Christopher Miller,61,Marketing,Lead,San Francisco,97674.7,9406.04,2023-08-16,37,83.9,christopher.miller@company.com,(253) 331-9353,Active
EMP031897,Lisa,Jones,Lisa Jones,31,Marketing,Manager,Austin,78582.0,8912.23,2022-01-15,5,71.6,lisa.jones@company.com,(831) 752-4115,Active
EMP031898,Jessica,Wilson,Jessica Wilson,25,Finance,Senior Developer,New York,81577.98,4302.44,2021-05-21,1,74.9,jessica.wilson@company.com,(388) 275-1247,Active
EMP031899,Michael,Johnson,Michael Johnson,29,Legal,Coordinator,San Francisco,81503.0,7978.71,2020-08-11,4,46.4,michael.johnson@company.com,(994) 352-8611,Active
EMP031900,Matthew,Lopez,Matthew Lopez,32,HR,Senior Developer,Seattle,48890.55,3084.26,2021-01-15,6,76.9,matthew.lopez@company.com,(397) 946-3783,Active
EMP031901,Stephanie,Williams,Stephanie Williams,36,Finance,Manager,Miami,55226.98,3754.15,2023-11-19,12,77.5,stephanie.williams@company.com,(216) 366-6337,Active
EMP031902,Sarah,Smith,Sarah Smith,29,Legal,Specialist,New York,76537.62,5307.7,2022-05-14,4,78.9,sarah.smith@company.com,(411) 560-1769,Active
EMP031903,John,Davis,John Davis,52,IT,Senior Developer,New York,75849.17,3897.2,2023-01-18,26,59.1,john.davis@company.com,(901) 301-3555,Active
EMP031904,James,Garcia,James Garcia,50,Operations,Senior Developer,Los Angeles,42755.25,5854.5,2024-10-17,28,95.7,james.garcia@company.com,(426) 636-7706,Active
EMP031905,Christopher,Garcia,Christopher Garcia,27,Sales,Lead,Boston,56404.2,7378.08,2023-12-12,3,54.1,christopher.garcia@company.com,(947) 922-6806,Inactive
EMP031906,Stephanie,Moore,Stephanie Moore,29,HR,Senior Developer,Chicago,70153.8,1725.55,2022-11-01,5,100.0,stephanie.moore@company.com,(250) 474-9090,Inactive
EMP031907,Emily,Wilson,Emily Wilson,50,HR,Analyst,Boston,68650.49,7507.11,2021-10-18,28,79.3,emily.wilson@company.com,(603) 549-8886,Active
EMP031908,Jessica,Taylor,Jessica Taylor,33,HR,Manager,New York,51846.1,6207.86,2024-02-22,7,70.5,jessica.taylor@company.com,(876) 662-1984,Active
EMP031909,Christopher,Garcia,Christopher Garcia,61,Sales,Coordinator,Boston,111991.76,15682.13,2023-05-06,36,69.9,christopher.garcia@company.com,(754) 936-5965,Active
EMP031910,Anthony,Anderson,Anthony Anderson,37,IT,Lead,Chicago,86997.74,12141.74,2024-07-24,14,71.4,anthony.anderson@company.com,(606) 227-3638,Active
EMP031911,John,Smith,John Smith,64,Marketing,Manager,San Francisco,80283.05,1123.9,2024-11-18,42,49.1,john.smith@company.com,(298) 965-3787,Active
EMP031912,Sarah,Martinez,Sarah Martinez,64,IT,Associate,Miami,118058.09,11073.43,2024-02-14,35,92.6,sarah.martinez@company.com,(205) 291-5587,Active
EMP031913,Lisa,Gonzalez,Lisa Gonzalez,45,Operations,Analyst,Los Angeles,83197.14,5737.81,2023-03-07,18,100.0,lisa.gonzalez@company.com,(916) 506-9717,Active
EMP031914,Christopher,Gonzalez,Christopher Gonzalez,62,Operations,Director,New York,63411.89,6343.65,2020-01-29,40,68.3,christopher.gonzalez@company.com,(403) 548-6255,Active
EMP031915,Stephanie,Johnson,Stephanie Johnson,31,Marketing,Lead,New York,63245.3,6917.3,2023-10-30,7,77.1,stephanie.johnson@company.com,(732) 970-9345,Active
EMP031916,William,Hernandez,William Hernandez,33,IT,Lead,Miami,39383.23,3381.75,2022-05-24,5,59.3,william.hernandez@company.com,(540) 917-5496,Active
EMP031917,Sarah,Johnson,Sarah Johnson,62,Operations,Manager,Chicago,82083.0,1924.71,2021-05-21,36,74.6,sarah.johnson@company.com,(674) 517-2056,Active
EMP031918,Matthew,Martinez,Matthew Martinez,65,IT,Specialist,Chicago,125707.98,27067.97,2022-02-03,42,84.9,matthew.martinez@company.com,(372) 260-6473,Active
EMP031919,Ashley,Johnson,Ashley Johnson,51,IT,Manager,Seattle,112700.07,8381.07,2020-04-06,23,76.6,ashley.johnson@company.com,(307) 570-7962,Active
EMP031920,William,Wilson,William Wilson,45,Operations,Analyst,Chicago,72419.56,13813.8,2024-11-14,21,89.8,william.wilson@company.com,(247) 623-3572,Inactive
EMP031921,Melissa,Martin,Melissa Martin,62,Sales,Coordinator,Miami,81072.97,17139.24,2022-11-12,33,75.5,melissa.martin@company.com,(574) 950-7556,Active
EMP031922,Sarah,Johnson,Sarah Johnson,60,Legal,Senior Developer,San Francisco,99201.53,13448.21,2024-06-03,32,65.0,sarah.johnson@company.com,(210) 784-4620,Active
EMP031923,Sarah,Jones,Sarah Jones,27,Operations,Coordinator,Seattle,54047.04,4114.26,2020-09-21,0,69.6,sarah.jones@company.com,(291) 516-8351,Active
EMP031924,Michael,Lopez,Michael Lopez,64,Finance,Senior Developer,Austin,123153.83,16800.43,2023-01-22,35,78.9,michael.lopez@company.com,(314) 917-8056,Active
EMP031925,Jane,Garcia,Jane Garcia,55,Engineering,Coordinator,San Francisco,131224.28,2059.21,2020-05-08,26,59.3,jane.garcia@company.com,(884) 665-5063,Active
EMP031926,Michael,Williams,Michael Williams,57,Engineering,Specialist,Seattle,120757.15,14440.05,2022-10-04,30,56.2,michael.williams@company.com,(652) 502-3564,Active
EMP031927,Lisa,Johnson,Lisa Johnson,60,IT,Analyst,Los Angeles,114400.04,20798.89,2022-01-17,34,61.1,lisa.johnson@company.com,(663) 777-9362,Active
EMP031928,Sarah,Jones,Sarah Jones,53,Sales,Senior Developer,New York,75361.26,12795.1,2024-09-23,29,84.2,sarah.jones@company.com,(451) 445-1190,Inactive
EMP031929,William,Smith,William Smith,26,Operations,Director,Los Angeles,28407.88,2028.07,2024-12-19,1,95.1,william.smith@company.com,(290) 511-9957,Active
EMP031930,Christopher,Taylor,Christopher Taylor,57,Marketing,Lead,Chicago,72032.74,6038.9,2023-02-05,30,63.3,christopher.taylor@company.com,(859) 447-3397,Inactive
EMP031931,Lisa,Gonzalez,Lisa Gonzalez,37,Legal,Specialist,Miami,74144.11,11264.02,2022-12-30,8,81.3,lisa.gonzalez@company.com,(820) 289-7956,Active
EMP031932,Melissa,Jackson,Melissa Jackson,39,Finance,Associate,Boston,117001.44,4159.62,2024-05-31,11,74.6,melissa.jackson@company.com,(631) 852-1171,Active
EMP031933,Christopher,Gonzalez,Christopher Gonzalez,33,Operations,Manager,Chicago,28047.74,3480.11,2021-11-26,5,96.6,christopher.gonzalez@company.com,(591) 324-2016,Active
EMP031934,Anthony,Davis,Anthony Davis,27,Marketing,Associate,Chicago,65089.1,0.0,2021-02-22,0,60.8,anthony.davis@company.com,(476) 791-7737,Active
EMP031935,David,Taylor,David Taylor,42,Sales,Director,Boston,54760.63,8313.7,2023-10-25,15,78.8,david.taylor@company.com,(884) 358-5486,Active
EMP031936,William,Martinez,William Martinez,54,Sales,Manager,Boston,99818.92,891.29,2022-01-18,29,64.2,william.martinez@company.com,(969) 867-7337,Active
EMP031937,Robert,Anderson,Robert Anderson,56,IT,Director,Boston,91863.81,12065.58,2021-03-23,31,80.6,robert.anderson@company.com,(528) 418-6157,Active
EMP031938,Jessica,Anderson,Jessica Anderson,35,HR,Lead,San Francisco,48651.32,4698.96,2023-09-26,9,73.5,jessica.anderson@company.com,(253) 277-8886,Active
EMP031939,David,Smith,David Smith,24,Engineering,Senior Developer,Miami,95656.64,20132.67,2021-11-06,0,73.6,david.smith@company.com,(784) 980-8463,Active
EMP031940,Robert,Gonzalez,Robert Gonzalez,38,IT,Director,Boston,53712.92,728.82,2024-08-21,11,89.6,robert.gonzalez@company.com,(765) 911-6555,Active
EMP031941,Nicole,Wilson,Nicole Wilson,45,Finance,Analyst,Boston,81100.9,9999.51,2020-11-01,20,79.4,nicole.wilson@company.com,(508) 869-3606,Active
EMP031942,Amanda,Miller,Amanda Miller,25,HR,Senior Developer,Seattle,52837.23,899.56,2020-09-11,1,55.7,amanda.miller@company.com,(980) 752-5919,Active
EMP031943,Daniel,Lopez,Daniel Lopez,32,IT,Associate,Los Angeles,75752.11,6105.29,2020-06-19,9,85.4,daniel.lopez@company.com,(238) 791-1261,Inactive
EMP031944,James,Jones,James Jones,28,HR,Manager,Boston,64863.42,5695.01,2023-01-30,3,92.9,james.jones@company.com,(319) 559-9634,Active
EMP031945,Anthony,Taylor,Anthony Taylor,49,Marketing,Lead,San Francisco,66463.47,4426.25,2021-01-04,21,68.7,anthony.taylor@company.com,(267) 357-5691,Active
EMP031946,Daniel,Garcia,Daniel Garcia,65,Legal,Director,Seattle,125750.13,8670.96,2023-01-31,39,73.4,daniel.garcia@company.com,(912) 759-5210,Active
EMP031947,David,Davis,David Davis,41,IT,Director,San Francisco,124804.33,6754.33,2024-10-06,12,83.3,david.davis@company.com,(227) 968-4530,Active
EMP031948,Stephanie,Miller,Stephanie Miller,30,Operations,Specialist,San Francisco,58890.66,2055.48,2022-02-25,6,69.1,stephanie.miller@company.com,(815) 308-9099,Active
EMP031949,Emily,Jones,Emily Jones,26,Operations,Coordinator,San Francisco,67370.01,7040.18,2022-01-05,0,53.6,emily.jones@company.com,(982) 895-2598,Active
EMP031950,Amanda,Moore,Amanda Moore,48,Legal,Director,San Francisco,104054.55,7413.68,2023-07-28,23,83.5,amanda.moore@company.com,(298) 942-2056,Active
EMP031951,Lisa,Martin,Lisa Martin,35,Engineering,Manager,New York,93923.48,14249.99,2022-12-23,9,36.3,lisa.martin@company.com,(405) 268-3471,Active
EMP031952,Matthew,Smith,Matthew Smith,56,Legal,Lead,Miami,129980.98,17611.31,2020-05-09,33,87.4,matthew.smith@company.com,(923) 379-6457,Active
EMP031953,Lisa,Martinez,Lisa Martinez,37,Operations,Coordinator,Miami,77686.38,10266.98,2021-07-08,13,68.1,lisa.martinez@company.com,(825) 569-7719,Active
EMP031954,Jane,Wilson,Jane Wilson,57,Engineering,Lead,Seattle,109422.2,10627.08,2021-01-17,33,73.3,jane.wilson@company.com,(520) 508-1395,Active
EMP031955,Stephanie,Lopez,Stephanie Lopez,64,Engineering,Lead,Boston,88648.28,6992.18,2024-07-10,39,70.3,stephanie.lopez@company.com,(240) 903-4261,Active
EMP031956,Christopher,Martin,Christopher Martin,59,Legal,Senior Developer,Chicago,127323.52,12036.98,2021-07-20,34,100.0,christopher.martin@company.com,(932) 972-5092,Active
EMP031957,David,Garcia,David Garcia,63,Engineering,Analyst,Chicago,138694.36,17134.8,2022-04-05,34,58.3,david.garcia@company.com,(901) 307-2754,Active
EMP031958,Stephanie,Rodriguez,Stephanie Rodriguez,23,Marketing,Associate,Los Angeles,60979.22,8246.36,2021-10-29,0,75.5,stephanie.rodriguez@company.com,(526) 377-7788,Active
EMP031959,Jessica,Brown,Jessica Brown,43,HR,Lead,Miami,58232.31,5530.24,2022-04-12,21,81.8,jessica.brown@company.com,(949) 286-8506,On Leave
EMP031960,James,Davis,James Davis,57,Operations,Coordinator,San Francisco,62361.69,8191.73,2020-07-26,29,90.6,james.davis@company.com,(252) 749-3935,Inactive
EMP031961,Robert,Martin,Robert Martin,39,Finance,Senior Developer,Austin,78584.38,7530.05,2024-09-21,11,73.1,robert.martin@company.com,(702) 678-3881,Active
EMP031962,Jessica,Moore,Jessica Moore,43,Engineering,Associate,Boston,76661.55,4552.77,2021-08-20,16,59.2,jessica.moore@company.com,(220) 530-9799,Active
EMP031963,Nicole,Jackson,Nicole Jackson,24,Sales,Manager,Austin,53072.36,4801.41,2023-08-14,0,68.5,nicole.jackson@company.com,(931) 329-9588,Active
EMP031964,John,Thomas,John Thomas,32,Operations,Analyst,Austin,44913.19,2620.36,2020-07-14,5,62.5,john.thomas@company.com,(336) 213-8224,Active
EMP031965,Nicole,Jones,Nicole Jones,61,IT,Senior Developer,Seattle,92270.63,14797.65,2023-01-01,36,77.9,nicole.jones@company.com,(410) 872-6775,Active
EMP031966,James,Wilson,James Wilson,25,Marketing,Specialist,New York,43437.67,1829.03,2022-07-03,0,84.8,james.wilson@company.com,(362) 829-4031,Active
EMP031967,Ashley,Taylor,Ashley Taylor,34,Marketing,Lead,San Francisco,57737.01,9157.82,2024-08-19,11,76.3,ashley.taylor@company.com,(408) 369-2045,Active
EMP031968,Christopher,Martinez,Christopher Martinez,57,HR,Lead,San Francisco,76315.73,9198.2,2022-04-17,29,33.6,christopher.martinez@company.com,(220) 295-6893,Active
EMP031969,William,Moore,William Moore,56,Engineering,Senior Developer,Seattle,117947.22,9306.83,2021-01-04,34,100.0,william.moore@company.com,(942) 988-3890,Active
EMP031970,Sarah,Lopez,Sarah Lopez,47,Marketing,Specialist,Boston,78449.2,2238.29,2024-04-10,25,67.2,sarah.lopez@company.com,(275) 606-7108,Active
EMP031971,James,Davis,James Davis,39,Operations,Manager,New York,64807.53,9123.16,2022-09-05,16,65.8,james.davis@company.com,(919) 377-9019,On Leave
EMP031972,Amanda,Lopez,Amanda Lopez,40,Marketing,Coordinator,San Francisco,59145.41,8583.06,2023-01-10,14,72.9,amanda.lopez@company.com,(908) 599-7754,Active
EMP031973,Ashley,Martin,Ashley Martin,36,Marketing,Director,Seattle,53285.33,3247.79,2021-06-02,13,65.7,ashley.martin@company.com,(973) 684-9103,Active
EMP031974,Matthew,Davis,Matthew Davis,62,HR,Senior Developer,Los Angeles,97344.93,9408.7,2021-12-20,33,61.3,matthew.davis@company.com,(273) 715-8755,Active
EMP031975,Michael,Miller,Michael Miller,60,Marketing,Analyst,Los Angeles,74284.87,10290.78,2020-10-06,35,68.4,michael.miller@company.com,(538) 226-7200,Active
EMP031976,Anthony,Taylor,Anthony Taylor,61,Engineering,Coordinator,Boston,129264.5,13381.7,2021-03-25,36,77.0,anthony.taylor@company.com,(627) 230-1093,Active
EMP031977,David,Brown,David Brown,55,Marketing,Analyst,Miami,93101.2,14217.2,2024-03-04,30,77.7,david.brown@company.com,(662) 385-4396,Active
EMP031978,Sarah,Lopez,Sarah Lopez,56,HR,Coordinator,New York,80565.99,12980.01,2021-10-30,34,88.5,sarah.lopez@company.com,(850) 517-2468,Active
EMP031979,Robert,Hernandez,Robert Hernandez,48,Legal,Associate,Boston,62104.29,8651.83,2024-12-19,22,54.6,robert.hernandez@company.com,(738) 703-6447,Active
EMP031980,Ashley,Gonzalez,Ashley Gonzalez,36,Operations,Director,Los Angeles,57455.24,6300.15,2020-09-17,12,72.3,ashley.gonzalez@company.com,(586) 726-4934,Active
EMP031981,Daniel,Rodriguez,Daniel Rodriguez,37,Sales,Director,Boston,66424.83,9147.78,2021-04-04,9,86.5,daniel.rodriguez@company.com,(222) 460-3084,Active
EMP031982,Stephanie,Jones,Stephanie Jones,41,Finance,Senior Developer,Austin,81239.43,11443.83,2021-11-25,17,84.4,stephanie.jones@company.com,(596) 905-3118,Active
EMP031983,John,Smith,John Smith,52,Engineering,Associate,Seattle,106522.76,3642.74,2020-08-19,28,77.7,john.smith@company.com,(865) 800-1913,Inactive
EMP031984,Melissa,Thomas,Melissa Thomas,51,Engineering,Manager,Austin,95692.14,5724.93,2023-06-01,25,40.8,melissa.thomas@company.com,(204) 869-9444,Active
EMP031985,Melissa,Hernandez,Melissa Hernandez,43,Sales,Senior Developer,San Francisco,61428.66,2994.48,2024-10-19,19,60.0,melissa.hernandez@company.com,(764) 446-6824,Inactive
EMP031986,William,Thomas,William Thomas,60,Legal,Associate,Chicago,120217.19,32.36,2023-03-17,35,70.4,william.thomas@company.com,(384) 666-8272,Active
EMP031987,Sarah,Jones,Sarah Jones,25,Sales,Lead,Seattle,59762.13,8636.51,2022-02-16,0,66.7,sarah.jones@company.com,(345) 363-8153,On Leave
EMP031988,Matthew,Anderson,Matthew Anderson,54,Legal,Lead,New York,99964.03,11133.93,2023-07-12,28,63.2,matthew.anderson@company.com,(878) 916-4899,Active
EMP031989,Robert,Rodriguez,Robert Rodriguez,46,Finance,Associate,Los Angeles,70241.3,2656.14,2023-12-01,20,97.7,robert.rodriguez@company.com,(383) 691-3712,Active
EMP031990,Amanda,Jones,Amanda Jones,25,IT,Director,Chicago,95102.33,5835.78,2022-05-23,0,90.6,amanda.jones@company.com,(502) 267-8747,Active
EMP031991,Daniel,Thomas,Daniel Thomas,54,HR,Director,Los Angeles,49207.65,5401.49,2022-12-13,28,72.4,daniel.thomas@company.com,(651) 414-1193,Active
EMP031992,Michael,Gonzalez,Michael Gonzalez,47,Engineering,Manager,San Francisco,108780.77,6108.92,2021-04-24,25,84.1,michael.gonzalez@company.com,(415) 276-5796,Active
EMP031993,Jane,Smith,Jane Smith,41,Operations,Analyst,Los Angeles,64076.74,8916.69,2021-11-22,12,70.6,jane.smith@company.com,(856) 425-1522,Active
EMP031994,Stephanie,Thomas,Stephanie Thomas,38,Sales,Coordinator,Chicago,79053.03,14057.17,2024-05-10,13,64.1,stephanie.thomas@company.com,(857) 434-8506,Active
EMP031995,Anthony,Wilson,Anthony Wilson,39,HR,Specialist,Seattle,53666.66,4880.54,2023-05-10,12,66.2,anthony.wilson@company.com,(463) 952-6968,Active
EMP031996,Michael,Anderson,Michael Anderson,35,Finance,Analyst,San Francisco,82406.61,14628.37,2021-03-17,11,69.7,michael.anderson@company.com,(625) 618-1964,Active
EMP031997,Michael,Davis,Michael Davis,23,Finance,Associate,Seattle,65074.05,7150.23,2023-11-26,0,53.5,michael.davis@company.com,(551) 804-9607,Active
EMP031998,David,Martinez,David Martinez,26,Marketing,Lead,New York,46344.23,1700.5,2020-10-22,0,68.9,david.martinez@company.com,(726) 807-6530,Active
EMP031999,Matthew,Martinez,Matthew Martinez,27,Marketing,Director,New York,66817.67,4656.52,2021-06-05,2,64.2,matthew.martinez@company.com,(213) 739-7019,Active
EMP032000,David,Miller,David Miller,43,Legal,Specialist,Seattle,78744.13,8524.45,2021-02-20,16,90.5,david.miller@company.com,(307) 660-6586,Active
EMP032001,Christopher,Martinez,Christopher Martinez,31,Marketing,Manager,Miami,81470.69,8308.15,2021-02-10,5,60.8,christopher.martinez@company.com,(369) 750-5787,Active
EMP032002,James,Miller,James Miller,22,HR,Coordinator,Austin,61977.66,4545.99,2022-04-12,0,87.1,james.miller@company.com,(226) 275-1019,Active
EMP032003,Emily,Anderson,Emily Anderson,55,IT,Associate,Los Angeles,118247.57,15425.55,2022-06-01,29,83.9,emily.anderson@company.com,(775) 655-2242,Active
EMP032004,Matthew,Brown,Matthew Brown,51,Operations,Senior Developer,Chicago,91887.56,8358.84,2023-04-07,26,89.8,matthew.brown@company.com,(882) 716-8264,Active
EMP032005,James,Johnson,James Johnson,63,Legal,Lead,Miami,71423.41,7734.24,2021-12-24,39,82.4,james.johnson@company.com,(599) 590-7768,Active
EMP032006,Anthony,Williams,Anthony Williams,60,Finance,Specialist,Miami,84100.71,7034.57,2024-03-03,33,96.8,anthony.williams@company.com,(869) 339-2832,Active
EMP032007,Robert,Williams,Robert Williams,48,HR,Analyst,Chicago,75126.34,5312.25,2021-05-11,24,66.6,robert.williams@company.com,(722) 507-3066,Active
EMP032008,Matthew,Davis,Matthew Davis,40,IT,Director,Chicago,105333.18,11438.86,2023-08-06,17,76.8,matthew.davis@company.com,(341) 909-9643,Active
EMP032009,Jessica,Hernandez,Jessica Hernandez,51,Finance,Specialist,Chicago,89352.52,4307.81,2021-07-26,23,83.3,jessica.hernandez@company.com,(645) 664-1635,Active
EMP032010,Amanda,Jackson,Amanda Jackson,46,Marketing,Associate,Chicago,61627.88,7361.83,2023-10-31,24,75.3,amanda.jackson@company.com,(213) 712-8634,Inactive
EMP032011,Anthony,Smith,Anthony Smith,58,Legal,Director,Los Angeles,120860.61,8101.56,2021-09-28,34,67.5,anthony.smith@company.com,(722) 242-6416,Active
EMP032012,Jane,Rodriguez,Jane Rodriguez,44,Sales,Coordinator,Miami,89374.18,17176.03,2024-07-18,22,61.4,jane.rodriguez@company.com,(398) 751-7910,Active
EMP032013,John,Lopez,John Lopez,49,HR,Director,Chicago,52166.1,1858.05,2023-08-29,24,53.0,john.lopez@company.com,(896) 247-4522,Active
EMP032014,James,Garcia,James Garcia,53,Engineering,Senior Developer,Boston,102672.2,0.0,2020-08-22,29,100.0,james.garcia@company.com,(385) 721-6649,Active
EMP032015,David,Martin,David Martin,52,IT,Coordinator,San Francisco,92717.23,6900.83,2024-01-03,27,88.6,david.martin@company.com,(805) 893-2080,On Leave
EMP032016,Melissa,Taylor,Melissa Taylor,40,Sales,Associate,Boston,60112.11,6824.56,2023-08-23,14,67.6,melissa.taylor@company.com,(922) 470-8537,Inactive
EMP032017,Anthony,Moore,Anthony Moore,28,IT,Associate,New York,41249.87,4500.4,2024-10-10,5,100.0,anthony.moore@company.com,(815) 239-7840,Active
EMP032018,Anthony,Thomas,Anthony Thomas,54,Finance,Associate,Seattle,75857.93,6532.99,2020-06-24,28,65.6,anthony.thomas@company.com,(496) 630-6575,Active
EMP032019,David,Moore,David Moore,30,Finance,Analyst,New York,48255.9,6443.44,2022-04-29,5,70.4,david.moore@company.com,(539) 995-7414,Active
EMP032020,Michael,Taylor,Michael Taylor,29,Operations,Coordinator,Miami,25500.0,3723.05,2023-08-31,4,83.9,michael.taylor@company.com,(205) 770-1767,Active
EMP032021,Emily,Hernandez,Emily Hernandez,45,IT,Senior Developer,Los Angeles,101269.85,7674.68,2023-02-24,20,64.2,emily.hernandez@company.com,(433) 878-1678,Active
EMP032022,Melissa,Smith,Melissa Smith,39,HR,Senior Developer,Boston,73918.24,8941.64,2021-08-21,17,100.0,melissa.smith@company.com,(335) 278-8015,Active
EMP032023,Anthony,Williams,Anthony Williams,52,Operations,Associate,Boston,64262.05,11845.47,2022-01-29,26,91.0,anthony.williams@company.com,(865) 403-8471,Inactive
EMP032024,Nicole,Brown,Nicole Brown,31,Finance,Senior Developer,Los Angeles,53474.07,8028.28,2021-01-05,5,71.9,nicole.brown@company.com,(618) 831-3153,Active
EMP032025,Anthony,Martin,Anthony Martin,44,Finance,Coordinator,San Francisco,74293.28,10421.92,2023-02-24,22,62.8,anthony.martin@company.com,(850) 264-8038,Active
EMP032026,Ashley,Miller,Ashley Miller,65,Sales,Coordinator,Los Angeles,92180.02,7234.41,2020-11-24,37,87.3,ashley.miller@company.com,(258) 490-6156,Active
EMP032027,Christopher,Thomas,Christopher Thomas,42,Engineering,Senior Developer,San Francisco,70003.41,11185.7,2024-08-28,18,62.7,christopher.thomas@company.com,(802) 835-1711,Active
EMP032028,Jane,Miller,Jane Miller,43,HR,Director,New York,68924.69,3873.3,2020-11-22,20,97.1,jane.miller@company.com,(657) 841-4238,Active
EMP032029,David,Garcia,David Garcia,33,Operations,Lead,New York,82717.97,8271.05,2020-12-08,5,70.4,david.garcia@company.com,(463) 405-6743,Active
EMP032030,Emily,Johnson,Emily Johnson,39,Sales,Manager,San Francisco,60796.68,3900.52,2021-11-05,11,97.2,emily.johnson@company.com,(822) 541-3749,Active
EMP032031,Melissa,Johnson,Melissa Johnson,53,IT,Senior Developer,New York,139597.34,17315.12,2024-06-09,29,37.8,melissa.johnson@company.com,(692) 356-7581,Active
EMP032032,Melissa,Williams,Melissa Williams,37,HR,Associate,Los Angeles,36793.12,6625.79,2023-05-24,12,62.4,melissa.williams@company.com,(337) 689-2061,Inactive
EMP032033,David,Rodriguez,David Rodriguez,59,IT,Senior Developer,Miami,125887.3,7743.48,2021-10-31,32,66.6,david.rodriguez@company.com,(589) 290-5726,Active
EMP032034,Melissa,Davis,Melissa Davis,34,IT,Coordinator,Chicago,36000.0,6883.99,2024-03-05,7,28.9,melissa.davis@company.com,(403) 669-1875,Active
EMP032035,Ashley,Garcia,Ashley Garcia,50,Engineering,Director,Boston,153181.9,20157.88,2024-09-03,27,54.5,ashley.garcia@company.com,(721) 771-4798,Active
EMP032036,Sarah,Martinez,Sarah Martinez,38,HR,Manager,Boston,57959.81,6881.27,2023-12-24,11,60.9,sarah.martinez@company.com,(218) 710-5921,Active
EMP032037,James,Martinez,James Martinez,38,Sales,Specialist,Miami,97721.86,9155.83,2020-04-25,10,74.1,james.martinez@company.com,(688) 762-4723,Active
EMP032038,Christopher,Brown,Christopher Brown,28,Finance,Director,San Francisco,80751.02,11006.55,2023-03-24,6,90.7,christopher.brown@company.com,(915) 803-2541,Active
EMP032039,William,Miller,William Miller,24,Finance,Director,San Francisco,65479.2,5629.65,2020-06-11,0,65.3,william.miller@company.com,(678) 250-4790,Active
EMP032040,David,Martin,David Martin,45,HR,Associate,Austin,80760.51,7287.65,2023-12-12,19,100.0,david.martin@company.com,(510) 771-4312,Active
EMP032041,Amanda,Thomas,Amanda Thomas,26,Marketing,Lead,Seattle,47143.13,4958.88,2021-03-22,0,100.0,amanda.thomas@company.com,(869) 562-5079,Active
EMP032042,Daniel,Moore,Daniel Moore,56,Marketing,Director,Austin,101447.69,9544.99,2021-08-14,30,77.8,daniel.moore@company.com,(739) 811-8534,On Leave
EMP032043,Anthony,Brown,Anthony Brown,64,IT,Manager,Chicago,94008.6,8528.12,2021-04-20,42,100.0,anthony.brown@company.com,(832) 776-2917,Active
EMP032044,Emily,Garcia,Emily Garcia,22,Marketing,Manager,Austin,65700.56,6697.55,2020-05-05,0,87.1,emily.garcia@company.com,(970) 469-9316,Inactive
EMP032045,David,Thomas,David Thomas,65,Engineering,Specialist,Chicago,123264.74,6638.03,2022-08-02,36,77.4,david.thomas@company.com,(491) 810-2073,Active
EMP032046,Melissa,Davis,Melissa Davis,48,Sales,Specialist,Seattle,95764.73,5974.45,2023-04-29,23,100.0,melissa.davis@company.com,(455) 479-6290,Active
EMP032047,Stephanie,Rodriguez,Stephanie Rodriguez,60,Finance,Coordinator,Los Angeles,85900.42,7457.82,2023-08-30,31,90.8,stephanie.rodriguez@company.com,(670) 752-2423,Active
EMP032048,Jessica,Hernandez,Jessica Hernandez,34,HR,Director,Boston,77450.88,8175.61,2020-05-26,5,78.2,jessica.hernandez@company.com,(976) 302-8018,Active
EMP032049,Matthew,Hernandez,Matthew Hernandez,35,Operations,Specialist,Los Angeles,47942.4,2275.98,2020-05-06,13,83.8,matthew.hernandez@company.com,(246) 805-6277,Active
EMP032050,Robert,Jones,Robert Jones,61,Finance,Senior Developer,Los Angeles,84443.64,9014.71,2022-09-13,39,100.0,robert.jones@company.com,(974) 998-6144,Active
EMP032051,Michael,Jackson,Michael Jackson,35,Engineering,Senior Developer,Los Angeles,74822.92,6931.77,2020-01-06,7,61.1,michael.jackson@company.com,(740) 241-2169,Active
EMP032052,Amanda,Martin,Amanda Martin,42,Finance,Lead,Austin,73118.84,9320.94,2024-04-09,17,84.4,amanda.martin@company.com,(316) 562-4910,On Leave
EMP032053,Michael,Thomas,Michael Thomas,53,HR,Coordinator,Boston,105258.24,7777.67,2022-12-02,29,57.2,michael.thomas@company.com,(690) 292-8021,Active
EMP032054,Emily,Garcia,Emily Garcia,25,Sales,Coordinator,Seattle,68501.56,898.17,2023-09-10,0,81.0,emily.garcia@company.com,(800) 353-6248,Active
EMP032055,Christopher,Garcia,Christopher Garcia,58,Engineering,Senior Developer,San Francisco,112714.22,13582.49,2021-07-21,30,92.8,christopher.garcia@company.com,(500) 289-6273,Active
EMP032056,Jessica,Jones,Jessica Jones,58,Marketing,Coordinator,Los Angeles,72778.12,6185.34,2022-08-20,33,92.1,jessica.jones@company.com,(200) 777-3723,Active
EMP032057,Nicole,Smith,Nicole Smith,32,Finance,Associate,Boston,108479.88,17562.29,2024-01-15,5,91.3,nicole.smith@company.com,(608) 428-9957,On Leave
EMP032058,Anthony,Thomas,Anthony Thomas,61,Finance,Lead,Chicago,130560.96,14592.35,2020-02-14,32,89.1,anthony.thomas@company.com,(777) 784-9391,Active
EMP032059,Emily,Taylor,Emily Taylor,47,Finance,Senior Developer,Chicago,114234.2,14721.11,2024-09-26,18,47.8,emily.taylor@company.com,(289) 978-5429,Active
EMP032060,Daniel,Garcia,Daniel Garcia,41,IT,Lead,Chicago,107217.17,18057.44,2021-11-29,19,77.5,daniel.garcia@company.com,(408) 520-4599,Inactive
EMP032061,Michael,Taylor,Michael Taylor,47,IT,Manager,Boston,80940.27,10524.41,2021-07-23,21,72.3,michael.taylor@company.com,(960) 250-9124,Active
EMP032062,Matthew,Williams,Matthew Williams,50,HR,Senior Developer,San Francisco,68279.92,964.12,2023-05-16,21,96.0,matthew.williams@company.com,(569) 838-2689,Active
EMP032063,Lisa,Jones,Lisa Jones,54,Legal,Lead,Chicago,65683.86,17198.65,2024-09-07,27,100.0,lisa.jones@company.com,(685) 358-6660,Inactive
EMP032064,Melissa,Garcia,Melissa Garcia,63,Legal,Lead,San Francisco,123933.48,6893.44,2022-01-16,35,70.2,melissa.garcia@company.com,(379) 579-3505,Active
EMP032065,Amanda,Gonzalez,Amanda Gonzalez,59,Marketing,Specialist,San Francisco,92119.08,12370.87,2020-10-23,30,90.7,amanda.gonzalez@company.com,(455) 337-8881,Active
EMP032066,John,Hernandez,John Hernandez,23,IT,Coordinator,Los Angeles,66846.18,10018.12,2022-10-17,0,91.2,john.hernandez@company.com,(430) 413-2462,Active
EMP032067,Melissa,Lopez,Melissa Lopez,34,Operations,Associate,Chicago,53589.46,4255.49,2020-05-08,6,80.5,melissa.lopez@company.com,(358) 238-4386,Active
EMP032068,Nicole,Hernandez,Nicole Hernandez,56,Marketing,Senior Developer,Chicago,70253.46,9641.63,2023-11-27,32,84.1,nicole.hernandez@company.com,(232) 421-7668,Active
EMP032069,Anthony,Wilson,Anthony Wilson,30,IT,Lead,New York,74090.31,7901.43,2021-01-05,8,92.7,anthony.wilson@company.com,(688) 712-8028,Active
EMP032070,Robert,Lopez,Robert Lopez,44,IT,Director,New York,40754.98,3104.87,2022-05-13,16,85.9,robert.lopez@company.com,(485) 621-2391,Active
EMP032071,Ashley,Wilson,Ashley Wilson,23,Engineering,Specialist,Chicago,90546.71,3337.47,2023-03-12,1,95.3,ashley.wilson@company.com,(460) 266-2786,Active
EMP032072,Melissa,Moore,Melissa Moore,31,IT,Manager,Boston,70070.83,2641.99,2022-07-31,8,100.0,melissa.moore@company.com,(687) 904-2405,Active
EMP032073,Jane,Taylor,Jane Taylor,60,Finance,Coordinator,Miami,120191.93,6617.94,2021-11-02,33,72.9,jane.taylor@company.com,(599) 982-2854,Active
EMP032074,Michael,Jones,Michael Jones,35,IT,Senior Developer,San Francisco,62124.56,13904.74,2021-09-02,7,76.7,michael.jones@company.com,(795) 500-3258,Active
EMP032075,David,Taylor,David Taylor,24,Legal,Coordinator,Seattle,67565.16,4224.53,2021-03-20,0,59.0,david.taylor@company.com,(273) 562-8934,Active
EMP032076,Lisa,Brown,Lisa Brown,31,Engineering,Specialist,San Francisco,83770.06,3799.39,2023-11-05,6,53.1,lisa.brown@company.com,(976) 559-7349,Active
EMP032077,William,Lopez,William Lopez,25,Finance,Analyst,New York,86713.1,16222.17,2023-03-10,0,78.2,william.lopez@company.com,(205) 739-6064,Active
EMP032078,Christopher,Rodriguez,Christopher Rodriguez,52,Engineering,Manager,Chicago,118718.38,10522.4,2023-02-13,25,86.8,christopher.rodriguez@company.com,(423) 878-4867,Active
EMP032079,Stephanie,Hernandez,Stephanie Hernandez,32,Engineering,Specialist,Seattle,123576.23,10294.59,2024-12-20,3,62.6,stephanie.hernandez@company.com,(742) 674-4575,Inactive
EMP032080,Stephanie,Garcia,Stephanie Garcia,23,Marketing,Manager,Boston,39772.99,4705.6,2024-03-23,0,80.4,stephanie.garcia@company.com,(896) 542-5090,Active
EMP032081,Daniel,Taylor,Daniel Taylor,29,IT,Associate,Miami,77834.36,4959.11,2022-03-24,2,76.4,daniel.taylor@company.com,(900) 537-8410,Active
EMP032082,Anthony,Brown,Anthony Brown,59,HR,Associate,Chicago,98362.7,9222.13,2022-04-24,34,74.9,anthony.brown@company.com,(974) 509-3583,Active
EMP032083,Michael,Anderson,Michael Anderson,35,Sales,Senior Developer,Chicago,82001.27,11396.28,2021-01-19,11,79.1,michael.anderson@company.com,(728) 237-8607,Active
EMP032084,Robert,Johnson,Robert Johnson,48,Sales,Coordinator,Chicago,97929.76,5120.94,2022-01-02,23,52.8,robert.johnson@company.com,(424) 398-4888,Active
EMP032085,Anthony,Jones,Anthony Jones,33,IT,Manager,San Francisco,70289.32,7178.08,2024-09-29,5,38.9,anthony.jones@company.com,(628) 409-2347,Active
EMP032086,David,Anderson,David Anderson,47,IT,Senior Developer,Austin,114075.9,5106.44,2023-04-09,25,81.3,david.anderson@company.com,(729) 997-4875,Active
EMP032087,Robert,Jones,Robert Jones,41,Engineering,Manager,Seattle,98195.04,0.0,2024-07-09,16,59.4,robert.jones@company.com,(707) 992-7908,Active
EMP032088,Robert,Garcia,Robert Garcia,48,Marketing,Manager,Miami,84244.66,6932.61,2023-11-28,24,60.1,robert.garcia@company.com,(427) 791-5825,Active
EMP032089,Lisa,Martin,Lisa Martin,25,IT,Specialist,San Francisco,72898.71,2738.73,2023-05-21,0,74.8,lisa.martin@company.com,(369) 812-3153,Inactive
EMP032090,Anthony,Thomas,Anthony Thomas,23,Operations,Senior Developer,Seattle,64717.18,6080.48,2021-01-18,0,76.3,anthony.thomas@company.com,(860) 871-7226,Active
EMP032091,Robert,Martin,Robert Martin,26,Engineering,Lead,Los Angeles,39000.0,3120.11,2020-06-09,2,78.5,robert.martin@company.com,(288) 359-8302,Active
EMP032092,Daniel,Rodriguez,Daniel Rodriguez,33,IT,Senior Developer,San Francisco,82102.36,10408.68,2023-09-29,5,86.1,daniel.rodriguez@company.com,(718) 601-5834,Active
EMP032093,Sarah,Martin,Sarah Martin,40,Marketing,Director,Miami,82252.46,11772.55,2023-02-11,15,68.7,sarah.martin@company.com,(506) 447-5298,Inactive
EMP032094,Ashley,Wilson,Ashley Wilson,55,Sales,Lead,New York,92160.28,17276.91,2022-05-15,31,88.2,ashley.wilson@company.com,(552) 252-1428,Active
EMP032095,John,Williams,John Williams,23,Sales,Senior Developer,New York,77547.65,1974.85,2022-09-10,0,85.6,john.williams@company.com,(832) 461-1913,Active
EMP032096,Amanda,Jones,Amanda Jones,55,Sales,Senior Developer,Boston,106536.03,9146.71,2021-07-20,29,98.3,amanda.jones@company.com,(243) 908-2255,Active
EMP032097,Michael,Williams,Michael Williams,62,Finance,Lead,Boston,91525.35,8755.59,2024-02-01,36,65.2,michael.williams@company.com,(659) 297-8537,Active
EMP032098,David,Miller,David Miller,62,Operations,Lead,San Francisco,80360.79,11820.49,2021-12-14,37,100.0,david.miller@company.com,(481) 981-3291,Inactive
EMP032099,Amanda,Johnson,Amanda Johnson,38,IT,Lead,Boston,115326.27,13986.61,2023-10-28,11,59.8,amanda.johnson@company.com,(960) 574-2385,Active
EMP032100,Sarah,Garcia,Sarah Garcia,44,IT,Senior Developer,Boston,107174.67,10641.52,2024-03-19,20,74.8,sarah.garcia@company.com,(533) 256-5743,Active
EMP032101,Ashley,Hernandez,Ashley Hernandez,48,Sales,Specialist,Miami,87175.13,3923.74,2023-03-04,21,93.2,ashley.hernandez@company.com,(445) 380-7153,Active
EMP032102,John,Martin,John Martin,45,Marketing,Analyst,New York,51321.59,5054.96,2020-02-16,18,85.4,john.martin@company.com,(546) 942-7539,Active
EMP032103,Melissa,Martin,Melissa Martin,64,Engineering,Specialist,Chicago,169445.86,148.27,2024-10-11,41,71.5,melissa.martin@company.com,(679) 999-4534,Active
EMP032104,Sarah,Lopez,Sarah Lopez,30,Finance,Senior Developer,Los Angeles,73680.3,6701.38,2020-12-15,5,69.7,sarah.lopez@company.com,(995) 413-4618,Active
EMP032105,David,Gonzalez,David Gonzalez,43,Sales,Lead,Miami,75308.84,5848.43,2020-12-22,17,70.0,david.gonzalez@company.com,(239) 843-9720,Active
EMP032106,John,Jackson,John Jackson,63,Engineering,Manager,Boston,96779.92,7759.52,2021-05-11,41,76.3,john.jackson@company.com,(729) 429-2288,Active
EMP032107,Michael,Wilson,Michael Wilson,48,Sales,Coordinator,New York,89984.49,16025.1,2023-04-21,23,83.3,michael.wilson@company.com,(270) 931-8170,Active
EMP032108,Michael,Rodriguez,Michael Rodriguez,41,HR,Specialist,Miami,76747.01,6568.14,2023-08-12,19,87.0,michael.rodriguez@company.com,(395) 770-5764,Active
EMP032109,David,Brown,David Brown,65,HR,Director,San Francisco,79656.52,7047.96,2023-08-19,40,100.0,david.brown@company.com,(262) 357-4348,Inactive
EMP032110,Jane,Lopez,Jane Lopez,32,Finance,Specialist,Boston,89717.59,9087.03,2022-05-05,8,65.5,jane.lopez@company.com,(753) 482-9222,Active
EMP032111,Ashley,Davis,Ashley Davis,62,Sales,Associate,Miami,83264.02,9397.61,2020-07-25,34,73.3,ashley.davis@company.com,(783) 385-1639,Active
EMP032112,Jane,Hernandez,Jane Hernandez,53,HR,Associate,Seattle,89044.9,7075.01,2022-11-18,28,79.2,jane.hernandez@company.com,(898) 510-8675,Active
EMP032113,Lisa,Rodriguez,Lisa Rodriguez,54,Legal,Associate,Boston,82353.61,7507.18,2023-06-19,29,47.3,lisa.rodriguez@company.com,(502) 876-2840,Active
EMP032114,Matthew,Moore,Matthew Moore,36,Operations,Senior Developer,New York,47376.1,4111.93,2024-03-18,9,65.5,matthew.moore@company.com,(755) 732-7738,Active
EMP032115,Anthony,Martin,Anthony Martin,52,Finance,Manager,Seattle,74914.05,1105.71,2020-01-27,30,94.6,anthony.martin@company.com,(473) 467-8476,Active
EMP032116,Amanda,Davis,Amanda Davis,63,Marketing,Senior Developer,San Francisco,84717.71,6452.82,2021-06-23,41,50.1,amanda.davis@company.com,(865) 513-2406,Active
EMP032117,Lisa,Garcia,Lisa Garcia,52,Finance,Director,Los Angeles,103106.4,12239.62,2020-07-10,28,53.4,lisa.garcia@company.com,(333) 780-3313,Active
EMP032118,James,Wilson,James Wilson,43,Engineering,Analyst,Los Angeles,102799.13,11132.83,2023-10-30,14,90.9,james.wilson@company.com,(714) 806-9308,Active
EMP032119,Matthew,Rodriguez,Matthew Rodriguez,35,Legal,Coordinator,New York,66510.27,10760.77,2020-10-20,10,71.3,matthew.rodriguez@company.com,(464) 640-6151,Active
EMP032120,Christopher,Hernandez,Christopher Hernandez,33,Sales,Director,Boston,71185.57,6658.04,2023-07-17,4,66.0,christopher.hernandez@company.com,(432) 569-2978,Inactive
EMP032121,Christopher,Martin,Christopher Martin,53,HR,Coordinator,New York,68558.84,2593.76,2021-09-15,30,74.2,christopher.martin@company.com,(564) 723-7440,Active
EMP032122,William,Martinez,William Martinez,55,Sales,Senior Developer,Chicago,92494.27,6131.35,2024-12-10,33,63.5,william.martinez@company.com,(447) 988-9114,Active
EMP032123,Amanda,Brown,Amanda Brown,33,Finance,Senior Developer,Los Angeles,73419.78,4605.85,2020-09-08,10,85.8,amanda.brown@company.com,(839) 933-5934,Active
EMP032124,Melissa,Garcia,Melissa Garcia,57,HR,Senior Developer,Los Angeles,63827.18,4675.46,2022-01-02,32,100.0,melissa.garcia@company.com,(344) 995-2668,Active
EMP032125,Anthony,Lopez,Anthony Lopez,33,Finance,Coordinator,Seattle,53252.18,5011.13,2022-11-08,8,81.6,anthony.lopez@company.com,(948) 585-9653,Active
EMP032126,Michael,Williams,Michael Williams,60,Marketing,Specialist,Austin,77992.76,3805.27,2024-08-27,34,73.9,michael.williams@company.com,(897) 261-9884,Active
EMP032127,Stephanie,Williams,Stephanie Williams,50,Finance,Specialist,Seattle,112380.14,11813.44,2020-03-23,28,82.2,stephanie.williams@company.com,(849) 749-6232,Active
EMP032128,Michael,Gonzalez,Michael Gonzalez,50,Operations,Senior Developer,Austin,68639.26,0.0,2022-08-10,25,98.9,michael.gonzalez@company.com,(245) 815-7998,Active
EMP032129,Christopher,Anderson,Christopher Anderson,63,Legal,Analyst,Austin,106113.28,11804.0,2024-08-20,38,86.9,christopher.anderson@company.com,(849) 823-9168,Active
EMP032130,Jane,Hernandez,Jane Hernandez,53,Marketing,Analyst,Austin,70035.94,2586.76,2024-04-30,24,48.7,jane.hernandez@company.com,(332) 294-6505,Active
EMP032131,Melissa,Martin,Melissa Martin,56,HR,Analyst,Chicago,67742.87,12023.11,2024-09-10,28,46.2,melissa.martin@company.com,(870) 730-1986,On Leave
EMP032132,Daniel,Davis,Daniel Davis,38,Sales,Director,Chicago,49852.15,2703.22,2021-05-27,9,62.9,daniel.davis@company.com,(467) 348-3880,Active
EMP032133,Lisa,Smith,Lisa Smith,56,Operations,Coordinator,Austin,71757.52,8394.29,2024-09-09,33,70.5,lisa.smith@company.com,(921) 994-6154,Inactive
EMP032134,Christopher,Gonzalez,Christopher Gonzalez,22,HR,Lead,Austin,54396.74,0.0,2022-10-05,0,64.6,christopher.gonzalez@company.com,(710) 306-5837,Active
EMP032135,Jessica,Johnson,Jessica Johnson,50,Engineering,Associate,Boston,117205.04,7143.49,2024-12-10,21,74.0,jessica.johnson@company.com,(913) 362-5584,Active
EMP032136,John,Anderson,John Anderson,40,Sales,Analyst,Miami,55209.58,5480.22,2021-11-28,12,58.3,john.anderson@company.com,(665) 639-1402,Active
EMP032137,Jessica,Wilson,Jessica Wilson,45,Legal,Specialist,New York,72303.48,1480.39,2024-08-28,22,72.0,jessica.wilson@company.com,(472) 591-6845,Active
EMP032138,Melissa,Martin,Melissa Martin,29,IT,Lead,Miami,84605.04,6951.85,2023-09-25,2,79.7,melissa.martin@company.com,(497) 884-9683,Active
EMP032139,Christopher,Taylor,Christopher Taylor,24,IT,Specialist,Chicago,79415.27,9685.3,2020-06-20,0,54.9,christopher.taylor@company.com,(547) 750-2306,Inactive
EMP032140,Emily,Gonzalez,Emily Gonzalez,46,Engineering,Specialist,San Francisco,102836.51,14729.44,2023-04-16,23,79.5,emily.gonzalez@company.com,(922) 530-8303,Active
EMP032141,Stephanie,Martinez,Stephanie Martinez,59,Marketing,Senior Developer,Seattle,70275.99,10648.77,2024-11-29,31,69.6,stephanie.martinez@company.com,(318) 728-8439,Active
EMP032142,Anthony,Williams,Anthony Williams,52,Engineering,Senior Developer,New York,130302.17,9881.11,2022-05-25,27,74.3,anthony.williams@company.com,(424) 559-7232,Active
EMP032143,Jane,Lopez,Jane Lopez,34,Operations,Specialist,New York,57279.84,8184.99,2020-01-15,9,71.9,jane.lopez@company.com,(868) 843-6758,Active
EMP032144,Stephanie,Smith,Stephanie Smith,42,Operations,Specialist,Seattle,64695.79,8661.46,2022-03-23,13,71.6,stephanie.smith@company.com,(468) 961-3525,Active
EMP032145,Matthew,Lopez,Matthew Lopez,39,HR,Associate,Los Angeles,70582.56,5600.79,2024-10-26,13,59.2,matthew.lopez@company.com,(701) 953-9018,Active
EMP032146,Ashley,Miller,Ashley Miller,60,Marketing,Manager,San Francisco,88331.38,11256.59,2022-03-06,31,74.9,ashley.miller@company.com,(887) 527-8803,Active
EMP032147,William,Garcia,William Garcia,43,Operations,Director,Seattle,79617.63,5488.19,2024-03-30,20,60.9,william.garcia@company.com,(868) 417-4579,Inactive
EMP032148,William,Garcia,William Garcia,44,Marketing,Lead,Miami,92184.15,4587.58,2022-06-15,20,92.9,william.garcia@company.com,(267) 666-4209,Active
EMP032149,Amanda,Rodriguez,Amanda Rodriguez,38,HR,Director,Boston,64046.15,9270.2,2023-03-15,12,96.5,amanda.rodriguez@company.com,(219) 201-7619,Active
EMP032150,Stephanie,Anderson,Stephanie Anderson,63,Legal,Senior Developer,Austin,119491.13,12289.55,2021-09-22,39,66.8,stephanie.anderson@company.com,(556) 741-3501,Active
EMP032151,Ashley,Johnson,Ashley Johnson,30,Finance,Lead,Austin,61636.42,0.0,2021-11-21,6,66.0,ashley.johnson@company.com,(488) 516-3744,Active
EMP032152,Jane,Moore,Jane Moore,38,HR,Coordinator,Austin,41226.8,2757.72,2023-08-11,15,73.0,jane.moore@company.com,(437) 220-5875,Active
EMP032153,Christopher,Hernandez,Christopher Hernandez,59,IT,Senior Developer,San Francisco,99388.97,9144.17,2022-06-29,33,77.3,christopher.hernandez@company.com,(997) 879-3490,Active
EMP032154,Amanda,Williams,Amanda Williams,38,Marketing,Associate,Austin,76020.55,9799.1,2021-01-29,16,75.5,amanda.williams@company.com,(831) 525-6641,Active
EMP032155,Robert,Miller,Robert Miller,49,Sales,Associate,Austin,89614.54,12416.69,2024-11-11,24,93.6,robert.miller@company.com,(820) 222-6213,Active
EMP032156,William,Martinez,William Martinez,48,Legal,Associate,Chicago,95396.73,2411.77,2021-09-09,22,52.6,william.martinez@company.com,(676) 693-2291,Active
EMP032157,Nicole,Martinez,Nicole Martinez,63,HR,Director,San Francisco,79590.44,4432.64,2024-04-26,38,66.8,nicole.martinez@company.com,(764) 644-4577,Active
EMP032158,Anthony,Anderson,Anthony Anderson,50,Operations,Coordinator,Boston,81947.2,12066.18,2024-06-11,28,96.1,anthony.anderson@company.com,(898) 419-3363,Inactive
EMP032159,John,Taylor,John Taylor,38,Sales,Specialist,Los Angeles,59896.75,2915.99,2022-08-28,9,80.5,john.taylor@company.com,(203) 248-9663,Active
EMP032160,Robert,Thomas,Robert Thomas,54,Sales,Senior Developer,Miami,107706.19,7432.25,2023-01-21,30,84.0,robert.thomas@company.com,(464) 339-4340,Active
EMP032161,Sarah,Davis,Sarah Davis,62,Sales,Associate,New York,111837.45,7293.21,2024-02-15,39,69.5,sarah.davis@company.com,(731) 506-2741,Active
EMP032162,Melissa,Martin,Melissa Martin,37,Legal,Manager,Austin,74594.74,7746.43,2022-10-20,13,78.5,melissa.martin@company.com,(309) 912-8705,Active
EMP032163,Matthew,Martin,Matthew Martin,46,Marketing,Analyst,Los Angeles,38688.53,3195.15,2021-05-06,23,100.0,matthew.martin@company.com,(475) 455-6524,Active
EMP032164,Matthew,Anderson,Matthew Anderson,39,IT,Lead,San Francisco,65560.51,6175.36,2022-04-01,14,81.1,matthew.anderson@company.com,(618) 694-1210,Active
EMP032165,Anthony,Jackson,Anthony Jackson,26,Engineering,Specialist,San Francisco,91046.95,13669.56,2021-03-09,0,82.7,anthony.jackson@company.com,(958) 323-9005,Active
EMP032166,Anthony,Martinez,Anthony Martinez,65,Sales,Lead,San Francisco,131758.59,9065.62,2022-10-01,43,68.2,anthony.martinez@company.com,(650) 417-3026,Active
EMP032167,James,Smith,James Smith,38,IT,Analyst,Chicago,78046.78,12201.1,2022-09-02,15,62.4,james.smith@company.com,(479) 927-1225,Active
EMP032168,Jane,Hernandez,Jane Hernandez,39,Operations,Director,Los Angeles,58854.14,1795.31,2022-11-04,14,52.6,jane.hernandez@company.com,(712) 399-8772,Active
EMP032169,Anthony,Miller,Anthony Miller,52,Finance,Analyst,Boston,115212.32,26023.39,2020-02-03,28,62.7,anthony.miller@company.com,(754) 857-2588,Active
EMP032170,Matthew,Williams,Matthew Williams,41,IT,Lead,New York,78504.42,4161.24,2023-05-10,19,89.1,matthew.williams@company.com,(382) 205-1977,Active
EMP032171,Sarah,Garcia,Sarah Garcia,30,IT,Director,Boston,86429.43,4231.79,2020-12-13,7,59.1,sarah.garcia@company.com,(443) 230-3524,Active
EMP032172,Amanda,Jones,Amanda Jones,45,Engineering,Lead,Chicago,76966.77,4250.73,2020-01-12,17,82.0,amanda.jones@company.com,(634) 471-2984,Active
EMP032173,Michael,Rodriguez,Michael Rodriguez,49,Operations,Director,Los Angeles,65744.83,8581.88,2024-05-18,22,55.7,michael.rodriguez@company.com,(995) 556-9038,Active
EMP032174,Michael,Thomas,Michael Thomas,29,Finance,Director,New York,75503.32,1176.55,2022-10-11,3,58.5,michael.thomas@company.com,(744) 627-6880,Active
EMP032175,Lisa,Gonzalez,Lisa Gonzalez,38,Operations,Associate,San Francisco,86175.62,7882.89,2020-10-19,15,87.2,lisa.gonzalez@company.com,(750) 589-8632,Active
EMP032176,Nicole,Garcia,Nicole Garcia,56,Engineering,Associate,Boston,109365.64,9867.45,2020-02-16,30,36.9,nicole.garcia@company.com,(246) 880-2118,Active
EMP032177,Emily,Jackson,Emily Jackson,44,Operations,Coordinator,Seattle,71088.93,912.15,2021-05-25,17,69.2,emily.jackson@company.com,(757) 523-2899,Active
EMP032178,Melissa,Davis,Melissa Davis,53,IT,Senior Developer,Miami,90301.77,8003.7,2020-03-15,29,74.3,melissa.davis@company.com,(713) 504-3487,On Leave
EMP032179,Matthew,Anderson,Matthew Anderson,22,Legal,Senior Developer,Seattle,37500.0,536.27,2023-06-16,0,89.1,matthew.anderson@company.com,(897) 928-7614,Active
EMP032180,Lisa,Jackson,Lisa Jackson,34,Sales,Coordinator,Austin,95428.82,10476.7,2020-11-25,6,56.5,lisa.jackson@company.com,(349) 407-1007,Active
EMP032181,Christopher,Moore,Christopher Moore,34,Marketing,Director,Seattle,84345.56,10184.16,2021-10-14,6,84.7,christopher.moore@company.com,(816) 841-2256,Inactive
EMP032182,Nicole,Gonzalez,Nicole Gonzalez,25,Finance,Analyst,Los Angeles,57154.79,7300.48,2023-06-25,2,66.6,nicole.gonzalez@company.com,(507) 639-8663,Active
EMP032183,David,Hernandez,David Hernandez,41,Marketing,Director,Chicago,84031.98,10320.93,2023-08-02,12,75.2,david.hernandez@company.com,(634) 406-9841,Active
EMP032184,Jane,Anderson,Jane Anderson,45,HR,Analyst,San Francisco,101081.42,12560.83,2023-06-19,16,68.8,jane.anderson@company.com,(505) 503-9564,Active
EMP032185,John,Thomas,John Thomas,58,Engineering,Lead,Los Angeles,123527.32,20339.63,2021-08-22,35,100.0,john.thomas@company.com,(592) 368-6970,Active
EMP032186,Matthew,Davis,Matthew Davis,65,Sales,Senior Developer,Chicago,99377.95,2929.17,2020-01-10,43,66.5,matthew.davis@company.com,(659) 496-6116,Active
EMP032187,Michael,Martinez,Michael Martinez,40,Engineering,Lead,Austin,109538.95,1584.34,2022-04-29,13,78.3,michael.martinez@company.com,(215) 572-5362,Inactive
EMP032188,James,Taylor,James Taylor,24,Sales,Director,New York,69946.66,5920.27,2022-01-18,0,80.1,james.taylor@company.com,(501) 700-9967,Active
EMP032189,Matthew,Miller,Matthew Miller,37,Operations,Lead,Miami,57283.12,3341.87,2020-01-27,11,79.8,matthew.miller@company.com,(993) 368-4860,Active
EMP032190,Stephanie,Johnson,Stephanie Johnson,43,Sales,Coordinator,Boston,72133.67,3121.4,2021-06-29,18,67.1,stephanie.johnson@company.com,(728) 973-1723,Active
EMP032191,Stephanie,Gonzalez,Stephanie Gonzalez,63,IT,Lead,New York,104817.65,9775.92,2023-02-15,40,66.8,stephanie.gonzalez@company.com,(208) 467-5126,Active
EMP032192,Sarah,Anderson,Sarah Anderson,60,IT,Senior Developer,New York,84732.68,18356.91,2023-08-20,35,45.1,sarah.anderson@company.com,(870) 673-5494,Active
EMP032193,Ashley,Johnson,Ashley Johnson,59,Marketing,Specialist,Miami,65056.6,5226.43,2022-10-31,34,51.6,ashley.johnson@company.com,(850) 326-8265,Active
EMP032194,Nicole,Miller,Nicole Miller,52,Engineering,Associate,Chicago,116380.69,14262.75,2024-09-11,27,76.3,nicole.miller@company.com,(911) 786-7404,Active
EMP032195,Jessica,Brown,Jessica Brown,48,Legal,Associate,Seattle,74788.95,10293.97,2021-05-08,23,68.1,jessica.brown@company.com,(229) 837-4299,Inactive
EMP032196,John,Martinez,John Martinez,45,HR,Lead,San Francisco,57727.13,3789.06,2020-01-22,22,86.0,john.martinez@company.com,(348) 650-2692,Active
EMP032197,Jane,Anderson,Jane Anderson,57,Marketing,Director,Austin,99202.98,6542.22,2024-08-13,28,67.3,jane.anderson@company.com,(865) 857-9475,Active
EMP032198,Lisa,Williams,Lisa Williams,60,HR,Lead,San Francisco,65368.35,3829.97,2023-05-10,35,67.7,lisa.williams@company.com,(604) 979-4407,Active
EMP032199,David,Wilson,David Wilson,58,Engineering,Senior Developer,Seattle,87549.52,5691.46,2023-01-22,35,43.7,david.wilson@company.com,(965) 423-4723,Active
EMP032200,David,Hernandez,David Hernandez,35,IT,Associate,San Francisco,73894.4,3331.87,2022-07-12,10,91.1,david.hernandez@company.com,(662) 985-1537,Active
EMP032201,William,Taylor,William Taylor,22,Legal,Director,Los Angeles,57708.09,5117.06,2024-05-13,0,89.9,william.taylor@company.com,(941) 852-1197,Active
EMP032202,Ashley,Lopez,Ashley Lopez,30,Finance,Manager,Los Angeles,90031.96,12942.57,2022-02-08,5,68.9,ashley.lopez@company.com,(856) 450-9722,Active
EMP032203,Daniel,Williams,Daniel Williams,40,Legal,Analyst,San Francisco,114773.31,7152.33,2023-08-08,18,74.1,daniel.williams@company.com,(531) 519-9039,Active
EMP032204,Emily,Thomas,Emily Thomas,37,Marketing,Senior Developer,New York,76894.5,8743.37,2024-09-25,12,66.7,emily.thomas@company.com,(588) 316-1221,Active
EMP032205,Emily,Smith,Emily Smith,26,IT,Specialist,New York,73863.17,10681.84,2022-03-09,3,75.8,emily.smith@company.com,(341) 569-6198,Inactive
EMP032206,Lisa,Taylor,Lisa Taylor,57,Legal,Coordinator,Austin,89667.87,4271.96,2022-02-21,34,89.0,lisa.taylor@company.com,(429) 526-3269,Active
EMP032207,Stephanie,Lopez,Stephanie Lopez,22,IT,Specialist,Chicago,73010.47,4288.1,2024-11-19,0,76.4,stephanie.lopez@company.com,(543) 583-6750,Active
EMP032208,Sarah,Moore,Sarah Moore,43,Finance,Coordinator,Chicago,78552.6,1698.25,2022-08-09,15,63.4,sarah.moore@company.com,(776) 958-6120,Active
EMP032209,Christopher,Anderson,Christopher Anderson,37,Finance,Director,Miami,64298.99,1336.09,2020-12-04,12,81.5,christopher.anderson@company.com,(461) 887-9267,Active
EMP032210,Melissa,Miller,Melissa Miller,38,Operations,Manager,Austin,52773.74,7053.84,2020-05-09,16,100.0,melissa.miller@company.com,(330) 772-4866,Active
EMP032211,James,Wilson,James Wilson,64,Marketing,Coordinator,Miami,60195.43,9442.34,2023-03-15,36,95.6,james.wilson@company.com,(639) 299-4497,Active
EMP032212,John,Hernandez,John Hernandez,23,Marketing,Senior Developer,Boston,32343.89,3120.48,2021-01-14,0,67.8,john.hernandez@company.com,(714) 885-6710,Active
EMP032213,Emily,Williams,Emily Williams,47,IT,Analyst,San Francisco,116789.31,13862.4,2024-12-07,21,91.6,emily.williams@company.com,(452) 578-6564,Active
EMP032214,Jane,Moore,Jane Moore,46,Sales,Coordinator,Miami,92856.33,10700.47,2021-09-12,24,74.8,jane.moore@company.com,(411) 814-7973,Active
EMP032215,Amanda,Smith,Amanda Smith,34,Legal,Coordinator,Chicago,87847.36,609.59,2023-07-27,11,78.8,amanda.smith@company.com,(679) 268-4798,Active
EMP032216,Sarah,Gonzalez,Sarah Gonzalez,56,Operations,Associate,Miami,55100.04,6286.62,2023-12-14,30,98.0,sarah.gonzalez@company.com,(256) 294-5687,Active
EMP032217,Anthony,Davis,Anthony Davis,27,Finance,Director,Boston,51404.08,0.0,2024-10-06,4,54.1,anthony.davis@company.com,(290) 858-4292,On Leave
EMP032218,Ashley,Hernandez,Ashley Hernandez,41,Legal,Manager,Miami,82813.59,5475.98,2020-10-23,16,71.7,ashley.hernandez@company.com,(738) 802-7419,Active
EMP032219,Stephanie,Hernandez,Stephanie Hernandez,36,Legal,Senior Developer,Austin,79195.88,9887.09,2021-05-24,10,74.4,stephanie.hernandez@company.com,(999) 276-4941,Inactive
EMP032220,Michael,Taylor,Michael Taylor,29,IT,Analyst,Seattle,53461.09,1269.06,2022-06-15,2,78.7,michael.taylor@company.com,(355) 346-4985,Active
EMP032221,Jessica,Martin,Jessica Martin,24,Operations,Associate,New York,55237.79,5592.96,2020-01-21,0,92.3,jessica.martin@company.com,(819) 839-9166,Inactive
EMP032222,Amanda,Moore,Amanda Moore,46,Finance,Specialist,Seattle,69254.65,8760.08,2020-01-25,17,100.0,amanda.moore@company.com,(487) 482-3731,Active
EMP032223,John,Miller,John Miller,42,Marketing,Analyst,San Francisco,61021.96,15115.39,2020-05-14,19,77.8,john.miller@company.com,(256) 870-6199,Active
EMP032224,Lisa,Davis,Lisa Davis,45,Marketing,Coordinator,Miami,83321.34,8102.57,2020-10-17,23,94.7,lisa.davis@company.com,(655) 969-2192,Active
EMP032225,Anthony,Garcia,Anthony Garcia,63,IT,Analyst,Miami,121847.0,10842.01,2021-11-08,41,93.5,anthony.garcia@company.com,(728) 480-7089,Active
EMP032226,David,Hernandez,David Hernandez,29,HR,Coordinator,San Francisco,75909.25,7776.33,2024-10-27,4,88.7,david.hernandez@company.com,(261) 618-3513,Active
EMP032227,James,Gonzalez,James Gonzalez,53,Engineering,Associate,New York,118757.86,15050.0,2020-07-16,28,69.3,james.gonzalez@company.com,(880) 267-9809,Active
EMP032228,Robert,Martinez,Robert Martinez,62,Operations,Lead,New York,76582.4,8168.0,2023-05-21,36,89.1,robert.martinez@company.com,(764) 984-7773,Active
EMP032229,Jessica,Brown,Jessica Brown,24,Finance,Lead,Seattle,68611.64,9491.44,2023-08-26,0,77.2,jessica.brown@company.com,(892) 391-4301,Active
EMP032230,Jane,Johnson,Jane Johnson,29,Sales,Specialist,Austin,57677.74,10730.01,2020-01-02,3,100.0,jane.johnson@company.com,(320) 435-3763,Active
EMP032231,William,Moore,William Moore,57,Sales,Coordinator,Boston,80715.15,3072.47,2020-11-25,31,54.2,william.moore@company.com,(742) 553-2588,Active
EMP032232,Anthony,Brown,Anthony Brown,33,IT,Manager,Boston,65782.84,8918.19,2022-12-18,8,94.9,anthony.brown@company.com,(275) 675-7562,Active
EMP032233,Sarah,Lopez,Sarah Lopez,64,Operations,Lead,Miami,81995.12,5683.26,2024-02-01,38,61.8,sarah.lopez@company.com,(499) 243-2614,On Leave
EMP032234,Lisa,Williams,Lisa Williams,31,Operations,Director,Los Angeles,52115.63,4004.58,2023-10-09,9,58.4,lisa.williams@company.com,(891) 222-6458,Active
EMP032235,Anthony,Jones,Anthony Jones,26,Marketing,Coordinator,San Francisco,42174.9,1770.24,2022-05-17,0,88.2,anthony.jones@company.com,(906) 687-9790,Active
EMP032236,Christopher,Williams,Christopher Williams,33,Marketing,Lead,Miami,61129.86,9486.17,2024-05-31,6,57.9,christopher.williams@company.com,(522) 718-5569,Active
EMP032237,Christopher,Brown,Christopher Brown,37,Engineering,Lead,New York,96736.67,12215.67,2021-10-05,11,100.0,christopher.brown@company.com,(463) 716-7771,Active
EMP032238,William,Johnson,William Johnson,53,Finance,Specialist,Seattle,70549.91,0.0,2023-08-20,28,63.2,william.johnson@company.com,(469) 282-5180,Active
EMP032239,Sarah,Smith,Sarah Smith,23,Sales,Analyst,Boston,80953.78,7994.56,2022-09-24,0,83.5,sarah.smith@company.com,(954) 255-2207,Active
EMP032240,Emily,Thomas,Emily Thomas,50,Finance,Manager,Los Angeles,63257.37,5233.72,2024-08-21,22,87.7,emily.thomas@company.com,(539) 293-1588,Active
EMP032241,Anthony,Rodriguez,Anthony Rodriguez,29,Legal,Director,Los Angeles,82625.43,374.97,2021-01-28,6,87.8,anthony.rodriguez@company.com,(464) 211-9809,Active
EMP032242,Nicole,Taylor,Nicole Taylor,46,Legal,Analyst,Austin,66468.58,6854.15,2021-10-01,22,72.1,nicole.taylor@company.com,(427) 282-1514,Active
EMP032243,John,Smith,John Smith,56,Sales,Coordinator,Chicago,72764.12,3780.64,2024-07-25,30,73.0,john.smith@company.com,(453) 952-6710,Inactive
EMP032244,Amanda,Jackson,Amanda Jackson,50,IT,Specialist,Miami,78086.0,7944.77,2021-02-18,25,85.4,amanda.jackson@company.com,(818) 936-7246,Inactive
EMP032245,John,Anderson,John Anderson,37,Engineering,Manager,Austin,112852.12,13528.81,2021-04-09,8,83.2,john.anderson@company.com,(672) 750-8823,Active
EMP032246,Sarah,Hernandez,Sarah Hernandez,52,Marketing,Coordinator,Austin,62428.22,5539.1,2024-12-28,29,73.1,sarah.hernandez@company.com,(783) 966-8162,Active
EMP032247,Ashley,Rodriguez,Ashley Rodriguez,30,Engineering,Associate,Boston,75924.32,6842.05,2024-05-11,2,40.4,ashley.rodriguez@company.com,(922) 218-6500,On Leave
EMP032248,Lisa,Martinez,Lisa Martinez,57,Sales,Analyst,New York,107964.23,5783.6,2024-02-08,33,80.7,lisa.martinez@company.com,(465) 425-9062,Active
EMP032249,Stephanie,Smith,Stephanie Smith,46,Legal,Specialist,Austin,71846.73,10525.09,2024-12-24,24,73.3,stephanie.smith@company.com,(912) 985-8029,Active
EMP032250,Anthony,Williams,Anthony Williams,54,Sales,Coordinator,New York,69519.61,6910.17,2024-05-03,28,81.7,anthony.williams@company.com,(764) 402-9967,Active
EMP032251,Robert,Gonzalez,Robert Gonzalez,60,Engineering,Associate,Seattle,92564.69,8695.34,2020-02-08,33,66.2,robert.gonzalez@company.com,(969) 743-3353,Active
EMP032252,Melissa,Garcia,Melissa Garcia,26,Sales,Analyst,Seattle,76149.14,6158.11,2020-12-28,3,100.0,melissa.garcia@company.com,(901) 971-1167,Active
EMP032253,Sarah,Johnson,Sarah Johnson,45,Legal,Specialist,San Francisco,76665.2,3235.23,2023-02-23,17,59.7,sarah.johnson@company.com,(369) 781-4411,Active
EMP032254,Robert,Taylor,Robert Taylor,45,Finance,Analyst,Seattle,50478.74,3965.66,2020-12-08,20,58.6,robert.taylor@company.com,(351) 698-5277,Active
EMP032255,Melissa,Miller,Melissa Miller,47,Operations,Analyst,Chicago,57232.94,5580.61,2024-02-25,24,95.7,melissa.miller@company.com,(295) 480-5080,Active
EMP032256,Stephanie,Moore,Stephanie Moore,49,Engineering,Manager,New York,119333.18,12131.19,2022-06-09,27,79.8,stephanie.moore@company.com,(526) 752-8157,On Leave
EMP032257,David,Davis,David Davis,36,Sales,Manager,San Francisco,61729.87,10085.03,2023-06-09,14,79.7,david.davis@company.com,(829) 870-6824,Active
EMP032258,Jessica,Taylor,Jessica Taylor,38,Legal,Director,Los Angeles,88392.21,3854.95,2024-06-06,11,64.4,jessica.taylor@company.com,(563) 661-7269,Active
EMP032259,Nicole,Brown,Nicole Brown,58,IT,Senior Developer,New York,116189.0,9360.44,2020-11-03,33,68.6,nicole.brown@company.com,(698) 999-9905,Active
EMP032260,Ashley,Davis,Ashley Davis,30,Engineering,Manager,Seattle,69032.98,11232.93,2021-03-17,2,74.3,ashley.davis@company.com,(992) 291-6150,Active
EMP032261,David,Jones,David Jones,58,Operations,Manager,Chicago,81338.71,8405.47,2022-12-15,29,75.2,david.jones@company.com,(817) 952-3860,Active
EMP032262,Christopher,Davis,Christopher Davis,39,Marketing,Manager,New York,74196.99,5554.89,2021-03-06,17,60.2,christopher.davis@company.com,(743) 282-3795,Active
EMP032263,Melissa,Johnson,Melissa Johnson,61,Marketing,Specialist,Miami,91045.99,0.0,2024-06-02,36,78.1,melissa.johnson@company.com,(277) 637-7803,Active
EMP032264,Robert,Hernandez,Robert Hernandez,36,HR,Manager,San Francisco,53294.16,3654.65,2022-09-30,13,96.3,robert.hernandez@company.com,(789) 521-5391,Active
EMP032265,Stephanie,Jones,Stephanie Jones,36,Sales,Director,San Francisco,62798.93,9978.22,2023-03-23,11,71.1,stephanie.jones@company.com,(774) 849-1432,Active
EMP032266,Melissa,Williams,Melissa Williams,43,Finance,Manager,New York,82828.9,8492.29,2022-09-29,18,62.8,melissa.williams@company.com,(663) 273-4723,Active
EMP032267,Daniel,Thomas,Daniel Thomas,26,Legal,Associate,San Francisco,78002.71,8562.39,2021-05-12,3,94.9,daniel.thomas@company.com,(354) 966-2573,Active
EMP032268,Ashley,Anderson,Ashley Anderson,45,Marketing,Lead,Chicago,62975.5,6261.09,2021-02-12,22,75.2,ashley.anderson@company.com,(828) 398-5988,Active
EMP032269,Lisa,Moore,Lisa Moore,64,HR,Director,New York,84763.11,4318.74,2022-06-29,38,64.5,lisa.moore@company.com,(670) 630-1092,On Leave
EMP032270,Melissa,Rodriguez,Melissa Rodriguez,33,Engineering,Director,Los Angeles,110991.66,10317.24,2021-06-02,10,86.6,melissa.rodriguez@company.com,(681) 310-8024,Active
EMP032271,Michael,Gonzalez,Michael Gonzalez,52,Legal,Analyst,Chicago,106572.35,9370.55,2022-05-25,24,62.9,michael.gonzalez@company.com,(369) 848-8671,Active
EMP032272,William,Moore,William Moore,39,Legal,Associate,San Francisco,59665.94,3761.2,2022-11-24,10,88.1,william.moore@company.com,(856) 985-6347,Active
EMP032273,Christopher,Anderson,Christopher Anderson,46,Sales,Manager,Seattle,55157.62,2719.07,2020-03-14,24,77.8,christopher.anderson@company.com,(486) 340-9758,Active
EMP032274,Melissa,Martin,Melissa Martin,51,Sales,Senior Developer,Los Angeles,55863.06,8009.83,2021-05-15,22,89.4,melissa.martin@company.com,(624) 919-7743,On Leave
EMP032275,William,Jones,William Jones,64,Finance,Senior Developer,New York,120019.67,287.59,2021-04-28,37,79.9,william.jones@company.com,(729) 497-4550,Active
EMP032276,Daniel,Gonzalez,Daniel Gonzalez,59,Marketing,Coordinator,Los Angeles,77292.49,4371.32,2022-03-13,32,71.8,daniel.gonzalez@company.com,(789) 947-2112,Active
EMP032277,Emily,Johnson,Emily Johnson,64,HR,Manager,Boston,96987.77,0.0,2020-12-26,36,62.0,emily.johnson@company.com,(788) 997-6701,Active
EMP032278,Robert,Gonzalez,Robert Gonzalez,40,Marketing,Coordinator,Miami,67371.72,4913.35,2023-04-07,11,76.8,robert.gonzalez@company.com,(926) 604-9027,On Leave
EMP032279,Lisa,Davis,Lisa Davis,29,Legal,Analyst,Boston,82112.26,8009.25,2020-10-31,1,75.9,lisa.davis@company.com,(858) 786-7207,Active
EMP032280,Matthew,Davis,Matthew Davis,48,Operations,Associate,Austin,83736.53,2866.01,2023-11-09,22,87.6,matthew.davis@company.com,(346) 658-4053,Inactive
EMP032281,David,Garcia,David Garcia,23,Engineering,Lead,Los Angeles,75734.05,9926.75,2024-12-29,0,68.3,david.garcia@company.com,(600) 731-8198,Active
EMP032282,Amanda,Martinez,Amanda Martinez,42,Marketing,Specialist,Miami,54909.05,2643.41,2022-12-23,19,90.2,amanda.martinez@company.com,(221) 752-5666,Inactive
EMP032283,Melissa,Thomas,Melissa Thomas,59,HR,Lead,San Francisco,76020.52,7597.43,2024-02-23,33,80.0,melissa.thomas@company.com,(672) 423-5247,Active
EMP032284,Amanda,Garcia,Amanda Garcia,38,Finance,Director,Seattle,91996.67,14869.64,2024-10-06,12,100.0,amanda.garcia@company.com,(495) 303-2260,Active
EMP032285,Daniel,Lopez,Daniel Lopez,39,Operations,Manager,Austin,69961.94,5681.11,2020-10-20,14,82.1,daniel.lopez@company.com,(316) 869-4131,Active
EMP032286,Melissa,Moore,Melissa Moore,27,IT,Manager,Los Angeles,43938.58,7810.1,2020-07-03,1,93.7,melissa.moore@company.com,(914) 979-7745,Active
EMP032287,Robert,Jackson,Robert Jackson,54,Finance,Lead,Austin,85700.42,5861.15,2021-08-07,30,71.4,robert.jackson@company.com,(397) 786-3482,Active
EMP032288,Anthony,Thomas,Anthony Thomas,32,HR,Director,Los Angeles,78766.23,8403.05,2022-10-15,3,54.8,anthony.thomas@company.com,(396) 411-8352,Inactive
EMP032289,Nicole,Anderson,Nicole Anderson,27,Engineering,Lead,New York,83174.32,10337.87,2023-03-10,0,61.7,nicole.anderson@company.com,(294) 273-3778,Active
EMP032290,Anthony,Anderson,Anthony Anderson,52,Finance,Senior Developer,San Francisco,117297.41,16604.86,2020-09-26,30,55.3,anthony.anderson@company.com,(526) 357-9115,Active
EMP032291,Lisa,Anderson,Lisa Anderson,62,Finance,Specialist,Austin,81388.71,8414.26,2023-03-28,34,89.4,lisa.anderson@company.com,(458) 822-4626,Active
EMP032292,Stephanie,Gonzalez,Stephanie Gonzalez,62,HR,Lead,San Francisco,79774.69,5262.21,2020-04-21,33,59.2,stephanie.gonzalez@company.com,(676) 721-5010,Active
EMP032293,Matthew,Wilson,Matthew Wilson,35,Finance,Specialist,San Francisco,60825.82,8299.97,2022-12-09,13,68.1,matthew.wilson@company.com,(423) 811-1779,Active
EMP032294,Jessica,Rodriguez,Jessica Rodriguez,46,Sales,Coordinator,Chicago,103628.61,11352.64,2022-10-03,22,74.3,jessica.rodriguez@company.com,(253) 785-6865,Active
EMP032295,William,Anderson,William Anderson,61,Finance,Manager,Austin,87464.66,11586.66,2022-11-13,39,62.3,william.anderson@company.com,(639) 349-7978,Active
EMP032296,Emily,Johnson,Emily Johnson,59,Finance,Manager,Miami,50895.13,4782.74,2020-07-14,34,59.6,emily.johnson@company.com,(302) 615-2633,Active
EMP032297,Christopher,Davis,Christopher Davis,65,Legal,Coordinator,Los Angeles,138583.31,13416.79,2023-03-12,39,60.1,christopher.davis@company.com,(728) 851-5686,Active
EMP032298,Jessica,Moore,Jessica Moore,23,Operations,Coordinator,San Francisco,39566.45,3402.43,2024-12-14,0,85.6,jessica.moore@company.com,(346) 246-9285,Active
EMP032299,Melissa,Williams,Melissa Williams,47,HR,Director,Boston,88630.98,3776.74,2024-12-17,25,62.2,melissa.williams@company.com,(235) 848-2196,On Leave
EMP032300,Melissa,Lopez,Melissa Lopez,42,Operations,Associate,San Francisco,48313.62,5569.48,2020-11-14,14,77.8,melissa.lopez@company.com,(582) 555-9703,Active
EMP032301,Matthew,Hernandez,Matthew Hernandez,52,Legal,Specialist,Los Angeles,108347.01,21512.94,2024-06-09,25,56.2,matthew.hernandez@company.com,(741) 689-4954,Active
EMP032302,Melissa,Wilson,Melissa Wilson,41,IT,Associate,Austin,80623.6,6720.11,2021-02-05,19,74.3,melissa.wilson@company.com,(208) 301-9067,Active
EMP032303,Michael,Martin,Michael Martin,36,Engineering,Specialist,Los Angeles,111524.36,2267.8,2022-05-18,8,93.5,michael.martin@company.com,(873) 395-5689,Active
EMP032304,Michael,Brown,Michael Brown,61,Sales,Analyst,San Francisco,92191.51,2129.23,2020-05-02,33,69.3,michael.brown@company.com,(831) 607-6079,Active
EMP032305,James,Lopez,James Lopez,55,HR,Manager,Austin,98785.56,5079.18,2023-12-08,33,93.3,james.lopez@company.com,(585) 923-9639,Active
EMP032306,Sarah,Wilson,Sarah Wilson,31,Marketing,Lead,Miami,54418.52,2738.67,2023-03-17,8,51.4,sarah.wilson@company.com,(699) 987-8609,Active
EMP032307,Amanda,Rodriguez,Amanda Rodriguez,39,Operations,Associate,New York,46559.33,2925.98,2023-07-06,14,68.2,amanda.rodriguez@company.com,(542) 368-6512,Active
EMP032308,Emily,Moore,Emily Moore,25,IT,Specialist,Seattle,78168.96,10270.06,2022-05-31,0,60.3,emily.moore@company.com,(645) 328-2308,Active
EMP032309,Matthew,Hernandez,Matthew Hernandez,39,HR,Director,San Francisco,77877.22,3659.89,2022-01-26,15,69.6,matthew.hernandez@company.com,(233) 346-2039,Active
EMP032310,Amanda,Thomas,Amanda Thomas,57,IT,Manager,Miami,101088.61,8264.55,2022-09-02,29,72.1,amanda.thomas@company.com,(247) 585-5914,Active
EMP032311,James,Wilson,James Wilson,38,HR,Manager,Chicago,71241.87,1166.37,2023-10-22,16,69.1,james.wilson@company.com,(869) 714-2117,Active
EMP032312,Jane,Davis,Jane Davis,64,Finance,Associate,New York,90214.46,13477.85,2021-05-04,42,49.8,jane.davis@company.com,(892) 896-5677,Active
EMP032313,Jessica,Jones,Jessica Jones,64,HR,Senior Developer,San Francisco,55419.42,7607.64,2024-08-19,35,73.4,jessica.jones@company.com,(395) 883-2774,Active
EMP032314,William,Martin,William Martin,43,HR,Director,New York,51989.25,9892.48,2023-03-21,17,38.6,william.martin@company.com,(596) 266-4776,Active
EMP032315,Robert,Moore,Robert Moore,42,HR,Lead,San Francisco,99818.56,10790.24,2020-07-17,16,53.9,robert.moore@company.com,(513) 339-5333,Active
EMP032316,Robert,Anderson,Robert Anderson,50,Legal,Lead,Austin,129870.16,5231.35,2022-07-03,26,86.5,robert.anderson@company.com,(299) 452-2171,Active
EMP032317,David,Johnson,David Johnson,48,Sales,Associate,Boston,87012.51,15432.02,2021-03-06,19,78.1,david.johnson@company.com,(997) 721-2803,Active
EMP032318,Amanda,Gonzalez,Amanda Gonzalez,56,Finance,Lead,Chicago,95200.3,0.0,2020-08-25,33,75.4,amanda.gonzalez@company.com,(514) 984-6512,Inactive
EMP032319,Sarah,Wilson,Sarah Wilson,27,Legal,Associate,Chicago,65690.27,5316.89,2023-08-13,0,100.0,sarah.wilson@company.com,(781) 243-5789,Inactive
EMP032320,Melissa,Brown,Melissa Brown,54,Legal,Analyst,Boston,90758.53,14653.43,2020-10-20,27,75.9,melissa.brown@company.com,(630) 456-5978,Active
EMP032321,James,Taylor,James Taylor,29,Engineering,Senior Developer,Chicago,104851.16,3797.31,2020-07-02,0,62.6,james.taylor@company.com,(972) 687-1930,Active
EMP032322,James,Lopez,James Lopez,57,Engineering,Lead,New York,115271.32,13709.45,2023-04-08,32,63.0,james.lopez@company.com,(581) 857-4603,On Leave
EMP032323,Michael,Taylor,Michael Taylor,65,Legal,Specialist,Boston,122293.73,5172.27,2022-09-29,43,74.8,michael.taylor@company.com,(917) 360-7220,Active
EMP032324,Lisa,Wilson,Lisa Wilson,30,Operations,Associate,New York,29355.04,1321.28,2020-07-15,4,100.0,lisa.wilson@company.com,(747) 434-5158,Active
EMP032325,Daniel,Thomas,Daniel Thomas,52,Operations,Manager,Chicago,59092.55,4845.3,2024-04-27,24,94.8,daniel.thomas@company.com,(778) 567-4788,Active
EMP032326,David,Jones,David Jones,24,HR,Manager,Seattle,44787.73,6531.52,2020-10-15,0,85.4,david.jones@company.com,(682) 558-6201,Active
EMP032327,Christopher,Jones,Christopher Jones,31,Sales,Director,Boston,68814.68,7181.39,2024-09-23,4,99.0,christopher.jones@company.com,(247) 923-5414,Active
EMP032328,Christopher,Gonzalez,Christopher Gonzalez,46,Engineering,Manager,San Francisco,89475.58,2987.54,2021-02-04,17,76.3,christopher.gonzalez@company.com,(869) 587-5117,On Leave
EMP032329,Michael,Jones,Michael Jones,55,Legal,Associate,Chicago,116394.88,11657.55,2024-08-16,33,82.2,michael.jones@company.com,(810) 958-8228,Active
EMP032330,Stephanie,Davis,Stephanie Davis,45,Operations,Manager,New York,72591.8,8158.41,2020-07-07,16,57.2,stephanie.davis@company.com,(613) 969-8664,Active
EMP032331,Jessica,Williams,Jessica Williams,65,HR,Manager,Los Angeles,97733.17,7961.41,2022-02-17,41,66.0,jessica.williams@company.com,(283) 694-9703,On Leave
EMP032332,Lisa,Smith,Lisa Smith,47,Finance,Manager,New York,77175.08,6172.25,2024-12-21,19,67.7,lisa.smith@company.com,(754) 267-5512,Active
EMP032333,Sarah,Rodriguez,Sarah Rodriguez,33,Sales,Coordinator,Boston,76150.99,4194.5,2024-01-22,7,75.1,sarah.rodriguez@company.com,(334) 958-9243,Active
EMP032334,Daniel,Smith,Daniel Smith,28,HR,Senior Developer,San Francisco,60391.76,2313.06,2022-02-09,4,82.6,daniel.smith@company.com,(678) 899-5279,Active
EMP032335,Stephanie,Taylor,Stephanie Taylor,35,Engineering,Senior Developer,Los Angeles,83124.32,9413.78,2024-11-17,6,90.2,stephanie.taylor@company.com,(283) 752-2823,Active
EMP032336,Sarah,Davis,Sarah Davis,27,Marketing,Director,New York,68063.33,10647.18,2021-09-17,1,54.8,sarah.davis@company.com,(729) 738-5940,Active
EMP032337,Sarah,Wilson,Sarah Wilson,44,Engineering,Analyst,Austin,123858.45,17599.49,2022-06-15,17,93.9,sarah.wilson@company.com,(988) 770-9836,Active
EMP032338,Robert,Garcia,Robert Garcia,35,Sales,Coordinator,Austin,79748.12,9064.2,2021-10-14,9,54.8,robert.garcia@company.com,(780) 616-6650,Inactive
EMP032339,William,Smith,William Smith,50,Engineering,Lead,Los Angeles,106032.11,6057.28,2020-03-21,21,83.6,william.smith@company.com,(933) 588-8134,Active
EMP032340,James,Davis,James Davis,56,HR,Manager,Boston,84486.51,6120.56,2024-08-21,31,85.9,james.davis@company.com,(745) 730-7509,Active
EMP032341,Jane,Smith,Jane Smith,50,Legal,Associate,Chicago,91483.1,10405.1,2022-03-09,21,80.0,jane.smith@company.com,(233) 682-2777,Active
EMP032342,Emily,Hernandez,Emily Hernandez,27,IT,Analyst,Seattle,78398.45,11363.15,2020-10-11,2,76.4,emily.hernandez@company.com,(861) 906-3997,Active
EMP032343,Anthony,Smith,Anthony Smith,34,IT,Senior Developer,Chicago,99437.24,8877.78,2021-07-14,5,85.6,anthony.smith@company.com,(797) 596-2267,Active
EMP032344,Robert,Smith,Robert Smith,48,Marketing,Senior Developer,Seattle,73792.94,5273.02,2024-02-17,25,56.9,robert.smith@company.com,(457) 339-4567,On Leave
EMP032345,Daniel,Moore,Daniel Moore,33,Engineering,Specialist,Seattle,84140.81,9664.06,2023-03-13,4,74.5,daniel.moore@company.com,(819) 782-7970,Active
EMP032346,Melissa,Williams,Melissa Williams,59,Sales,Coordinator,Miami,87399.42,11136.36,2022-12-16,30,77.1,melissa.williams@company.com,(377) 978-1094,Active
EMP032347,Jessica,Smith,Jessica Smith,42,Operations,Lead,Miami,73704.08,11491.65,2023-02-24,18,86.7,jessica.smith@company.com,(449) 632-6994,Active
EMP032348,Jessica,Lopez,Jessica Lopez,55,Legal,Specialist,New York,111679.66,5617.04,2024-06-06,26,82.3,jessica.lopez@company.com,(904) 930-4173,Active
EMP032349,Sarah,Anderson,Sarah Anderson,40,Engineering,Associate,New York,96293.37,9376.93,2020-11-14,17,80.4,sarah.anderson@company.com,(508) 289-9156,Active
EMP032350,Matthew,Taylor,Matthew Taylor,49,Marketing,Manager,Austin,97231.32,4685.74,2020-08-20,22,65.7,matthew.taylor@company.com,(278) 929-6867,Active
EMP032351,Lisa,Garcia,Lisa Garcia,46,IT,Analyst,Seattle,80630.73,11978.9,2020-09-05,22,54.1,lisa.garcia@company.com,(260) 807-7263,Active
EMP032352,Jessica,Miller,Jessica Miller,59,Sales,Analyst,Chicago,92147.75,6750.08,2022-10-15,37,78.0,jessica.miller@company.com,(516) 595-8326,Active
EMP032353,Amanda,Wilson,Amanda Wilson,65,HR,Analyst,San Francisco,74296.89,3209.82,2022-12-13,43,59.2,amanda.wilson@company.com,(539) 808-9281,Active
EMP032354,William,Lopez,William Lopez,54,Operations,Analyst,Miami,85934.15,7393.85,2024-02-20,31,74.2,william.lopez@company.com,(571) 947-5348,Inactive
EMP032355,Matthew,Martin,Matthew Martin,59,Operations,Analyst,Los Angeles,60723.12,10742.28,2024-07-25,34,76.4,matthew.martin@company.com,(906) 473-4410,Active
EMP032356,Christopher,Johnson,Christopher Johnson,44,HR,Specialist,Seattle,63404.89,3698.24,2023-06-23,15,100.0,christopher.johnson@company.com,(538) 590-1833,Inactive
EMP032357,Melissa,Garcia,Melissa Garcia,28,Finance,Director,Seattle,57360.03,3384.71,2024-12-03,5,99.0,melissa.garcia@company.com,(251) 232-9514,Active
EMP032358,Jane,Thomas,Jane Thomas,33,Marketing,Specialist,Chicago,80833.91,3236.76,2024-01-09,7,65.4,jane.thomas@company.com,(443) 442-1032,Active
EMP032359,Emily,Garcia,Emily Garcia,37,Operations,Associate,New York,60074.58,8774.08,2024-05-14,11,90.8,emily.garcia@company.com,(635) 697-2296,Active
EMP032360,William,Miller,William Miller,59,Operations,Director,San Francisco,69331.5,1815.46,2023-06-09,35,56.5,william.miller@company.com,(693) 881-2566,Active
EMP032361,Anthony,Lopez,Anthony Lopez,43,Marketing,Director,Miami,61580.54,2285.64,2022-05-14,21,73.7,anthony.lopez@company.com,(373) 665-4772,Active
EMP032362,Anthony,Rodriguez,Anthony Rodriguez,52,HR,Director,New York,79515.09,11254.95,2020-09-07,25,100.0,anthony.rodriguez@company.com,(866) 789-5601,Active
EMP032363,Jane,Davis,Jane Davis,55,Operations,Lead,Austin,57605.17,3015.0,2022-10-12,27,87.9,jane.davis@company.com,(472) 293-5655,Active
EMP032364,Nicole,Smith,Nicole Smith,46,Legal,Senior Developer,Austin,95643.24,6062.94,2021-05-17,18,57.0,nicole.smith@company.com,(608) 423-5813,Active
EMP032365,David,Garcia,David Garcia,43,Legal,Director,Boston,70261.18,3222.41,2022-01-16,17,83.4,david.garcia@company.com,(446) 914-1880,Active
EMP032366,Anthony,Martin,Anthony Martin,48,HR,Specialist,San Francisco,67390.31,7748.55,2021-01-09,20,87.0,anthony.martin@company.com,(218) 226-1085,Active
EMP032367,Melissa,Jackson,Melissa Jackson,56,Sales,Coordinator,Chicago,88209.78,15485.96,2020-06-20,31,98.6,melissa.jackson@company.com,(420) 722-1942,Active
EMP032368,Jane,Taylor,Jane Taylor,28,HR,Director,Chicago,53051.05,3791.53,2020-12-31,3,77.3,jane.taylor@company.com,(737) 491-8609,Active
EMP032369,Christopher,Garcia,Christopher Garcia,38,Finance,Senior Developer,Seattle,64557.98,6404.15,2021-04-22,14,83.9,christopher.garcia@company.com,(786) 400-1315,Active
EMP032370,Anthony,Jackson,Anthony Jackson,26,Marketing,Director,Boston,60671.81,10013.74,2021-01-23,0,68.5,anthony.jackson@company.com,(567) 206-1662,Active
EMP032371,Christopher,Rodriguez,Christopher Rodriguez,43,Finance,Specialist,Chicago,67691.44,3970.09,2021-05-10,17,68.5,christopher.rodriguez@company.com,(332) 492-4471,Active
EMP032372,Robert,Jackson,Robert Jackson,33,IT,Associate,Boston,77646.98,6069.4,2024-05-05,5,83.3,robert.jackson@company.com,(762) 696-8520,Active
EMP032373,Amanda,Johnson,Amanda Johnson,55,Engineering,Manager,Chicago,145624.6,17011.12,2023-12-07,31,84.7,amanda.johnson@company.com,(874) 761-3038,Active
EMP032374,Sarah,Wilson,Sarah Wilson,33,IT,Coordinator,New York,81847.89,11939.83,2023-05-01,7,81.8,sarah.wilson@company.com,(686) 449-8860,Active
EMP032375,John,Rodriguez,John Rodriguez,31,Operations,Lead,Miami,45829.14,1674.54,2022-07-18,6,59.8,john.rodriguez@company.com,(525) 562-9240,Active
EMP032376,David,Anderson,David Anderson,36,IT,Coordinator,Austin,107662.72,10127.16,2023-09-16,10,55.8,david.anderson@company.com,(683) 898-4629,Active
EMP032377,Jane,Rodriguez,Jane Rodriguez,62,Marketing,Director,Chicago,94709.57,9815.7,2021-09-12,35,81.3,jane.rodriguez@company.com,(699) 502-5116,Active
EMP032378,Daniel,Rodriguez,Daniel Rodriguez,36,Sales,Specialist,Boston,71148.21,6828.88,2022-10-21,12,52.7,daniel.rodriguez@company.com,(754) 958-6688,Active
EMP032379,Anthony,Gonzalez,Anthony Gonzalez,39,Operations,Coordinator,Miami,44471.29,6299.59,2022-12-12,12,49.8,anthony.gonzalez@company.com,(238) 994-2568,Active
EMP032380,Robert,Jones,Robert Jones,43,Legal,Coordinator,New York,73676.01,8778.63,2021-10-12,21,76.1,robert.jones@company.com,(871) 790-9515,Active
EMP032381,James,Martinez,James Martinez,40,IT,Specialist,Boston,92927.21,10501.35,2023-07-26,12,83.8,james.martinez@company.com,(508) 302-4354,Active
EMP032382,Daniel,Miller,Daniel Miller,63,Marketing,Lead,New York,72077.53,6074.57,2021-11-12,35,87.3,daniel.miller@company.com,(367) 779-3910,Active
EMP032383,Daniel,Anderson,Daniel Anderson,59,Sales,Associate,New York,84749.96,12460.22,2020-07-12,33,73.2,daniel.anderson@company.com,(517) 453-7299,Active
EMP032384,Jessica,Smith,Jessica Smith,48,Engineering,Manager,Chicago,91088.76,5000.37,2021-01-26,19,74.4,jessica.smith@company.com,(652) 594-5721,Active
EMP032385,Nicole,Hernandez,Nicole Hernandez,36,Sales,Senior Developer,San Francisco,54201.74,5878.81,2024-08-25,14,71.6,nicole.hernandez@company.com,(354) 518-9743,Active
EMP032386,Lisa,Taylor,Lisa Taylor,33,HR,Coordinator,New York,50502.68,2729.79,2023-12-06,7,78.6,lisa.taylor@company.com,(265) 835-1121,Active
EMP032387,Daniel,Rodriguez,Daniel Rodriguez,35,Engineering,Senior Developer,Boston,133251.51,8695.86,2024-08-18,8,72.5,daniel.rodriguez@company.com,(347) 920-7030,Inactive
EMP032388,Melissa,Gonzalez,Melissa Gonzalez,54,Marketing,Senior Developer,Austin,101171.87,14139.84,2021-09-02,26,88.0,melissa.gonzalez@company.com,(969) 567-6444,Inactive
EMP032389,Jane,Martinez,Jane Martinez,42,Engineering,Associate,Boston,70911.34,9261.7,2023-05-28,20,67.3,jane.martinez@company.com,(444) 768-1174,Inactive
EMP032390,William,Gonzalez,William Gonzalez,35,Finance,Manager,Los Angeles,78594.19,6591.27,2020-03-06,11,51.7,william.gonzalez@company.com,(992) 776-7932,Active
EMP032391,Amanda,Garcia,Amanda Garcia,22,Operations,Director,Boston,56437.7,3713.25,2020-10-08,0,57.0,amanda.garcia@company.com,(409) 336-3240,Active
EMP032392,Emily,Davis,Emily Davis,50,IT,Specialist,New York,112515.65,4749.67,2022-06-24,23,68.6,emily.davis@company.com,(971) 416-9320,Active
EMP032393,James,Davis,James Davis,65,Marketing,Manager,Austin,83106.31,3409.35,2022-09-26,39,69.2,james.davis@company.com,(795) 603-8663,Active
EMP032394,Stephanie,Martinez,Stephanie Martinez,33,Finance,Manager,New York,50957.03,3131.26,2020-09-21,8,67.7,stephanie.martinez@company.com,(647) 614-6777,Active
EMP032395,Amanda,Johnson,Amanda Johnson,36,Engineering,Coordinator,Miami,107741.23,15412.0,2023-12-31,7,42.8,amanda.johnson@company.com,(607) 767-9853,Active
EMP032396,Jane,Moore,Jane Moore,45,Engineering,Lead,New York,100305.5,0.0,2022-10-12,16,65.5,jane.moore@company.com,(979) 996-4238,Active
EMP032397,Sarah,Wilson,Sarah Wilson,42,Legal,Specialist,San Francisco,119728.28,19990.41,2022-05-28,18,96.3,sarah.wilson@company.com,(262) 630-3666,Inactive
EMP032398,Sarah,Wilson,Sarah Wilson,62,Engineering,Senior Developer,Los Angeles,121276.7,11958.06,2024-03-27,39,86.1,sarah.wilson@company.com,(589) 956-9800,Active
EMP032399,James,Smith,James Smith,35,Sales,Lead,San Francisco,96350.77,5064.46,2021-12-07,12,58.9,james.smith@company.com,(893) 485-4798,Active
EMP032400,Matthew,Hernandez,Matthew Hernandez,26,IT,Specialist,Austin,75938.82,4380.8,2021-08-13,0,90.2,matthew.hernandez@company.com,(744) 455-4916,Inactive
EMP032401,Daniel,Williams,Daniel Williams,34,Finance,Associate,Boston,100253.73,11580.76,2020-08-25,10,76.3,daniel.williams@company.com,(878) 293-6791,Active
EMP032402,William,Smith,William Smith,29,Legal,Coordinator,Chicago,91774.58,7057.17,2021-06-30,1,60.5,william.smith@company.com,(375) 970-1045,Active
EMP032403,Amanda,Miller,Amanda Miller,50,Finance,Associate,Los Angeles,88061.18,16861.37,2023-11-02,23,69.3,amanda.miller@company.com,(700) 756-3102,Active
EMP032404,Emily,Gonzalez,Emily Gonzalez,34,Marketing,Lead,Miami,67369.13,7250.9,2022-02-21,6,78.8,emily.gonzalez@company.com,(876) 227-1427,Active
EMP032405,John,Garcia,John Garcia,58,Operations,Director,San Francisco,73685.17,9730.65,2022-07-17,33,59.6,john.garcia@company.com,(697) 684-9119,Active
EMP032406,William,Davis,William Davis,46,IT,Manager,Los Angeles,94418.29,6640.31,2024-11-17,20,79.8,william.davis@company.com,(963) 433-6200,Active
EMP032407,Michael,Garcia,Michael Garcia,49,Finance,Specialist,Boston,60839.9,12585.98,2022-09-08,20,74.5,michael.garcia@company.com,(676) 757-3367,Active
EMP032408,Daniel,Brown,Daniel Brown,30,Finance,Senior Developer,New York,51776.37,7998.78,2021-03-06,1,94.1,daniel.brown@company.com,(885) 688-5534,Active
EMP032409,William,Thomas,William Thomas,55,Marketing,Manager,Boston,85546.67,290.31,2023-05-19,28,66.1,william.thomas@company.com,(930) 376-8119,Active
EMP032410,Emily,Miller,Emily Miller,43,IT,Analyst,San Francisco,114460.35,16292.93,2024-08-09,20,65.8,emily.miller@company.com,(280) 383-1941,Active
EMP032411,David,Anderson,David Anderson,33,Marketing,Associate,Austin,79854.72,10136.33,2021-08-27,6,57.9,david.anderson@company.com,(865) 579-2710,Active
EMP032412,Ashley,Johnson,Ashley Johnson,25,HR,Analyst,Boston,79015.34,4281.24,2020-11-26,0,79.7,ashley.johnson@company.com,(465) 268-7887,Active
EMP032413,Amanda,Gonzalez,Amanda Gonzalez,52,Operations,Analyst,Chicago,64041.17,1927.13,2021-05-19,29,72.6,amanda.gonzalez@company.com,(563) 665-5337,Active
EMP032414,Christopher,Miller,Christopher Miller,43,Marketing,Associate,Los Angeles,60209.18,6655.79,2020-07-29,17,89.0,christopher.miller@company.com,(953) 852-1092,Inactive
EMP032415,Jessica,Taylor,Jessica Taylor,34,Legal,Specialist,Chicago,45220.16,5728.8,2023-04-29,10,70.1,jessica.taylor@company.com,(337) 293-9653,Active
EMP032416,James,Taylor,James Taylor,29,Operations,Lead,Los Angeles,61698.26,8944.32,2020-06-30,6,71.9,james.taylor@company.com,(629) 274-8453,Active
EMP032417,Ashley,Taylor,Ashley Taylor,47,Engineering,Coordinator,Austin,97247.19,6322.18,2021-08-12,22,49.9,ashley.taylor@company.com,(891) 326-1253,Active
EMP032418,Stephanie,Brown,Stephanie Brown,53,Marketing,Analyst,Boston,90246.75,5406.89,2024-12-24,29,92.9,stephanie.brown@company.com,(267) 997-6682,Active
EMP032419,Ashley,Taylor,Ashley Taylor,56,Finance,Senior Developer,Boston,106300.92,13876.84,2021-03-26,27,86.5,ashley.taylor@company.com,(373) 775-4116,Inactive
EMP032420,Nicole,Martin,Nicole Martin,58,Legal,Manager,Los Angeles,122129.06,16335.37,2024-02-24,29,82.6,nicole.martin@company.com,(478) 918-9626,Inactive
EMP032421,David,Thomas,David Thomas,61,Operations,Manager,Boston,63807.04,3580.36,2021-12-08,38,76.4,david.thomas@company.com,(602) 485-7019,Inactive
EMP032422,Daniel,Taylor,Daniel Taylor,62,Marketing,Associate,Boston,89818.78,17756.57,2022-01-05,36,69.5,daniel.taylor@company.com,(821) 466-5991,Active
EMP032423,Ashley,Taylor,Ashley Taylor,43,Finance,Coordinator,San Francisco,89221.8,10557.13,2024-11-26,21,59.4,ashley.taylor@company.com,(696) 835-4288,Active
EMP032424,Sarah,Jackson,Sarah Jackson,60,Sales,Analyst,New York,101621.36,4260.27,2020-05-31,37,100.0,sarah.jackson@company.com,(417) 401-8361,Active
EMP032425,Stephanie,Taylor,Stephanie Taylor,29,Engineering,Analyst,Miami,96642.62,13386.2,2022-10-20,5,83.8,stephanie.taylor@company.com,(963) 265-6201,Active
EMP032426,Amanda,Johnson,Amanda Johnson,54,Finance,Coordinator,Austin,111019.02,10332.34,2021-10-06,32,49.3,amanda.johnson@company.com,(842) 437-9272,Active
EMP032427,Jane,Taylor,Jane Taylor,47,Finance,Specialist,Miami,106659.31,3627.36,2020-03-25,23,60.4,jane.taylor@company.com,(478) 995-4696,Active
EMP032428,Jessica,Gonzalez,Jessica Gonzalez,55,Engineering,Specialist,Seattle,104857.11,4388.66,2020-11-10,26,66.5,jessica.gonzalez@company.com,(580) 955-1904,Inactive
EMP032429,Jessica,Jackson,Jessica Jackson,40,Operations,Senior Developer,Miami,69104.58,9831.0,2021-11-09,15,84.8,jessica.jackson@company.com,(849) 712-8052,Active
EMP032430,Stephanie,Wilson,Stephanie Wilson,39,Legal,Specialist,Austin,93773.4,18769.3,2023-07-12,11,72.2,stephanie.wilson@company.com,(268) 497-8498,Active
EMP032431,Jane,Thomas,Jane Thomas,23,Legal,Manager,Boston,63800.2,8592.24,2020-03-01,0,60.3,jane.thomas@company.com,(809) 806-8567,Active
EMP032432,Nicole,Jackson,Nicole Jackson,33,IT,Coordinator,Boston,108999.33,5571.28,2020-07-17,5,58.7,nicole.jackson@company.com,(374) 411-6035,Active
EMP032433,Amanda,Jones,Amanda Jones,60,Legal,Analyst,Miami,100099.7,0.0,2022-08-21,31,73.7,amanda.jones@company.com,(371) 984-2774,Active
EMP032434,Sarah,Williams,Sarah Williams,59,Finance,Specialist,San Francisco,91554.2,12671.58,2024-11-19,34,70.5,sarah.williams@company.com,(334) 483-4312,Active
EMP032435,Christopher,Davis,Christopher Davis,53,IT,Manager,Austin,95503.64,9661.17,2022-10-14,26,92.0,christopher.davis@company.com,(354) 977-8671,Active
EMP032436,Lisa,Rodriguez,Lisa Rodriguez,46,Finance,Director,New York,75853.76,6447.97,2022-09-08,17,68.6,lisa.rodriguez@company.com,(257) 924-3324,Active
EMP032437,Amanda,Taylor,Amanda Taylor,62,HR,Director,New York,93223.33,17823.56,2023-11-24,36,86.5,amanda.taylor@company.com,(829) 364-6176,Active
EMP032438,Robert,Brown,Robert Brown,42,Marketing,Coordinator,Los Angeles,74821.06,5882.81,2021-04-25,19,81.5,robert.brown@company.com,(270) 357-1509,Inactive
EMP032439,Sarah,Jackson,Sarah Jackson,26,Sales,Director,Miami,63797.58,3789.83,2024-09-19,0,78.5,sarah.jackson@company.com,(842) 528-5518,Active
EMP032440,Michael,Martin,Michael Martin,55,Finance,Coordinator,Chicago,86401.83,14261.86,2024-02-09,26,88.1,michael.martin@company.com,(574) 522-6384,Active
EMP032441,Stephanie,Hernandez,Stephanie Hernandez,62,Sales,Specialist,Los Angeles,106692.56,18373.48,2022-04-16,40,80.4,stephanie.hernandez@company.com,(963) 285-2708,Active
EMP032442,Stephanie,Rodriguez,Stephanie Rodriguez,51,IT,Coordinator,San Francisco,111844.55,6898.79,2021-10-10,23,57.4,stephanie.rodriguez@company.com,(468) 705-4580,Active
EMP032443,Anthony,Hernandez,Anthony Hernandez,60,Legal,Associate,Austin,117722.58,5484.05,2021-03-10,32,77.2,anthony.hernandez@company.com,(876) 372-8112,Active
EMP032444,Emily,Taylor,Emily Taylor,52,Marketing,Senior Developer,Boston,64985.2,10668.05,2022-08-03,27,55.4,emily.taylor@company.com,(868) 776-1196,Active
EMP032445,John,Anderson,John Anderson,47,HR,Analyst,San Francisco,87217.74,6972.19,2020-10-07,18,100.0,john.anderson@company.com,(364) 704-6274,Active
EMP032446,Robert,Smith,Robert Smith,24,Sales,Director,New York,41544.53,7378.93,2021-03-28,0,97.9,robert.smith@company.com,(641) 500-1699,Active
EMP032447,David,Gonzalez,David Gonzalez,38,Finance,Associate,Miami,70292.94,5765.56,2023-11-26,15,100.0,david.gonzalez@company.com,(918) 721-2435,Active
EMP032448,Nicole,Garcia,Nicole Garcia,24,Engineering,Director,Los Angeles,51447.55,4990.23,2021-09-07,0,90.3,nicole.garcia@company.com,(217) 373-5994,Active
EMP032449,Jane,Jones,Jane Jones,28,Operations,Director,Austin,42593.21,3429.65,2024-03-08,1,93.8,jane.jones@company.com,(340) 434-4247,Active
EMP032450,Jessica,Jones,Jessica Jones,34,Sales,Manager,Miami,84755.89,9651.68,2024-06-06,8,93.5,jessica.jones@company.com,(614) 414-8408,Active
EMP032451,Sarah,Thomas,Sarah Thomas,26,Marketing,Senior Developer,Miami,78343.36,924.36,2022-11-08,0,56.7,sarah.thomas@company.com,(974) 237-4255,Active
EMP032452,Jessica,Jackson,Jessica Jackson,36,Finance,Lead,Los Angeles,76612.21,4413.38,2021-09-23,12,53.9,jessica.jackson@company.com,(467) 328-4827,Active
EMP032453,William,Davis,William Davis,36,HR,Lead,Los Angeles,57506.34,5815.83,2023-08-02,8,68.3,william.davis@company.com,(209) 443-4728,Active
EMP032454,Stephanie,Martin,Stephanie Martin,62,Marketing,Associate,Los Angeles,97058.42,9651.83,2023-05-20,35,69.1,stephanie.martin@company.com,(749) 835-8665,Active
EMP032455,Jessica,Lopez,Jessica Lopez,49,Operations,Director,Los Angeles,49765.26,2506.51,2021-01-14,27,99.0,jessica.lopez@company.com,(680) 634-1752,On Leave
EMP032456,Amanda,Taylor,Amanda Taylor,57,Sales,Coordinator,Seattle,79318.63,13410.76,2024-10-07,30,67.6,amanda.taylor@company.com,(567) 415-8697,Active
EMP032457,Ashley,Thomas,Ashley Thomas,44,Marketing,Coordinator,Seattle,90872.59,9825.14,2023-04-16,21,73.5,ashley.thomas@company.com,(489) 305-4344,Active
EMP032458,John,Miller,John Miller,41,IT,Associate,Austin,124901.33,8508.67,2021-12-29,19,74.7,john.miller@company.com,(288) 835-9891,Active
EMP032459,Ashley,Martin,Ashley Martin,45,HR,Senior Developer,Boston,62017.19,9669.4,2020-04-18,16,64.7,ashley.martin@company.com,(930) 286-2078,Active
EMP032460,William,Williams,William Williams,61,Sales,Director,Los Angeles,104179.08,6004.74,2024-01-05,39,53.2,william.williams@company.com,(940) 841-4910,Active
EMP032461,Ashley,Taylor,Ashley Taylor,64,HR,Specialist,Miami,77628.61,4249.77,2020-06-08,35,98.2,ashley.taylor@company.com,(308) 348-6170,Active
EMP032462,Jane,Garcia,Jane Garcia,32,IT,Lead,Boston,65948.6,5750.51,2021-05-30,6,85.9,jane.garcia@company.com,(287) 553-5956,Inactive
EMP032463,Ashley,Jones,Ashley Jones,58,Sales,Coordinator,Boston,100512.69,13362.78,2022-04-09,35,48.4,ashley.jones@company.com,(854) 316-5415,Active
EMP032464,Robert,Davis,Robert Davis,51,HR,Analyst,Boston,67198.89,8070.08,2023-07-25,25,92.2,robert.davis@company.com,(250) 258-4427,Active
EMP032465,Sarah,Rodriguez,Sarah Rodriguez,28,Engineering,Associate,San Francisco,110279.26,11499.27,2023-08-02,1,63.7,sarah.rodriguez@company.com,(202) 894-5702,Active
EMP032466,Anthony,Miller,Anthony Miller,60,IT,Lead,Chicago,100919.07,4252.94,2023-09-16,34,94.5,anthony.miller@company.com,(702) 759-3185,Active
EMP032467,Sarah,Miller,Sarah Miller,49,IT,Associate,Austin,90394.12,6534.29,2021-12-19,22,78.2,sarah.miller@company.com,(707) 210-3633,Active
EMP032468,Michael,Davis,Michael Davis,52,Finance,Associate,San Francisco,65733.87,4804.18,2021-12-31,25,89.0,michael.davis@company.com,(411) 777-6548,Active
EMP032469,Anthony,Rodriguez,Anthony Rodriguez,24,Operations,Specialist,Miami,53649.04,4920.36,2020-09-09,0,39.6,anthony.rodriguez@company.com,(203) 725-4739,Active
EMP032470,Melissa,Johnson,Melissa Johnson,23,IT,Associate,Los Angeles,83048.76,12105.37,2023-09-03,0,63.9,melissa.johnson@company.com,(642) 961-6998,Active
EMP032471,Anthony,Rodriguez,Anthony Rodriguez,52,Finance,Associate,Los Angeles,88317.43,2393.07,2024-05-08,27,73.4,anthony.rodriguez@company.com,(296) 397-9544,Active
EMP032472,James,Martinez,James Martinez,40,Sales,Manager,Seattle,70867.28,9025.95,2024-05-08,17,100.0,james.martinez@company.com,(948) 870-2299,Active
EMP032473,Michael,Moore,Michael Moore,42,Finance,Specialist,Los Angeles,92787.91,15850.59,2023-04-25,14,76.8,michael.moore@company.com,(514) 727-5889,Active
EMP032474,Christopher,Hernandez,Christopher Hernandez,49,HR,Associate,Austin,86466.61,18283.53,2024-02-14,23,74.6,christopher.hernandez@company.com,(788) 425-1563,Active
EMP032475,Emily,Anderson,Emily Anderson,35,Sales,Lead,San Francisco,65142.01,9810.1,2021-05-27,12,64.7,emily.anderson@company.com,(233) 622-7638,Active
EMP032476,Anthony,Jones,Anthony Jones,44,Operations,Lead,Seattle,46864.84,1810.45,2021-03-01,22,67.1,anthony.jones@company.com,(517) 281-9689,Inactive
EMP032477,Emily,Davis,Emily Davis,39,Marketing,Senior Developer,New York,50676.21,2562.23,2021-04-07,17,76.8,emily.davis@company.com,(250) 373-8316,Inactive
EMP032478,Amanda,Johnson,Amanda Johnson,25,HR,Analyst,Austin,51812.34,1769.72,2022-11-06,0,71.6,amanda.johnson@company.com,(567) 269-1731,Active
EMP032479,Anthony,Davis,Anthony Davis,44,Finance,Senior Developer,Boston,96438.72,10290.75,2021-06-04,16,67.5,anthony.davis@company.com,(332) 995-8666,Active
EMP032480,Melissa,Jackson,Melissa Jackson,58,Operations,Specialist,San Francisco,67217.59,5782.63,2024-05-06,33,78.6,melissa.jackson@company.com,(767) 394-2628,Active
EMP032481,Christopher,Gonzalez,Christopher Gonzalez,27,IT,Associate,Miami,60103.58,1936.25,2021-08-16,0,77.9,christopher.gonzalez@company.com,(392) 852-5868,Active
EMP032482,Ashley,Garcia,Ashley Garcia,58,HR,Manager,Chicago,103011.54,10509.86,2024-05-09,36,70.5,ashley.garcia@company.com,(519) 922-2070,Active
EMP032483,James,Williams,James Williams,64,Operations,Associate,Austin,66504.86,6307.52,2020-05-17,40,74.5,james.williams@company.com,(230) 331-8088,Active
EMP032484,Christopher,Hernandez,Christopher Hernandez,34,Marketing,Coordinator,Austin,34975.03,4579.76,2020-06-30,10,64.2,christopher.hernandez@company.com,(777) 472-8759,Active
EMP032485,Anthony,Jones,Anthony Jones,46,HR,Specialist,Chicago,74601.57,6807.7,2020-10-06,18,51.2,anthony.jones@company.com,(201) 453-7131,Active
EMP032486,David,Gonzalez,David Gonzalez,61,Sales,Coordinator,San Francisco,101942.24,2444.59,2022-12-28,33,72.2,david.gonzalez@company.com,(881) 585-1483,Active
EMP032487,Ashley,Martin,Ashley Martin,38,Sales,Coordinator,New York,85329.91,5361.92,2024-04-29,15,57.6,ashley.martin@company.com,(631) 432-1053,Active
EMP032488,William,Taylor,William Taylor,54,Sales,Senior Developer,Seattle,94486.88,3717.66,2023-07-16,26,96.0,william.taylor@company.com,(647) 793-9548,Active
EMP032489,David,Gonzalez,David Gonzalez,25,IT,Manager,New York,60438.65,4374.48,2022-07-19,3,68.8,david.gonzalez@company.com,(858) 645-7849,Active
EMP032490,Robert,Garcia,Robert Garcia,44,Sales,Coordinator,Los Angeles,69078.76,6348.13,2024-11-12,21,99.5,robert.garcia@company.com,(409) 245-4570,Active
EMP032491,Jane,Anderson,Jane Anderson,51,HR,Coordinator,Los Angeles,49670.35,6568.04,2020-07-21,28,75.7,jane.anderson@company.com,(301) 547-8115,Active
EMP032492,Michael,Gonzalez,Michael Gonzalez,53,Finance,Senior Developer,San Francisco,99594.94,5637.75,2020-09-14,26,74.5,michael.gonzalez@company.com,(664) 682-5852,Active
EMP032493,Sarah,Lopez,Sarah Lopez,24,Engineering,Analyst,Austin,64695.03,1789.35,2023-07-29,0,77.8,sarah.lopez@company.com,(529) 818-5997,Active
EMP032494,Stephanie,Martinez,Stephanie Martinez,25,Legal,Coordinator,Seattle,103372.43,18851.76,2022-11-05,0,55.6,stephanie.martinez@company.com,(361) 481-8271,On Leave
EMP032495,Ashley,Miller,Ashley Miller,55,IT,Director,Austin,79393.9,11178.05,2023-02-07,26,60.4,ashley.miller@company.com,(903) 370-1778,Active
EMP032496,Amanda,Miller,Amanda Miller,43,Operations,Manager,Los Angeles,74035.56,10009.65,2021-11-14,18,58.6,amanda.miller@company.com,(214) 802-2775,Active
EMP032497,Nicole,Moore,Nicole Moore,25,Sales,Senior Developer,Los Angeles,62092.38,9288.82,2022-10-27,2,91.8,nicole.moore@company.com,(325) 267-1348,Active
EMP032498,Michael,Miller,Michael Miller,62,Marketing,Director,Boston,77762.56,13676.82,2023-06-02,37,64.2,michael.miller@company.com,(371) 770-9177,Active
EMP032499,Matthew,Taylor,Matthew Taylor,61,Engineering,Manager,Boston,129874.34,14111.18,2021-11-13,38,100.0,matthew.taylor@company.com,(837) 334-4475,Inactive
EMP032500,Stephanie,Lopez,Stephanie Lopez,50,Legal,Lead,Los Angeles,101813.25,2201.67,2024-08-15,21,100.0,stephanie.lopez@company.com,(547) 746-5236,Active
EMP032501,Jane,Garcia,Jane Garcia,50,Finance,Manager,Miami,70509.71,10802.77,2022-11-29,22,60.1,jane.garcia@company.com,(960) 400-4908,Active
EMP032502,Daniel,Jones,Daniel Jones,37,HR,Lead,Los Angeles,45716.2,2805.52,2021-05-24,9,71.1,daniel.jones@company.com,(324) 265-8595,Active
EMP032503,Emily,Gonzalez,Emily Gonzalez,62,Engineering,Analyst,Miami,117543.76,4709.11,2023-10-06,35,87.7,emily.gonzalez@company.com,(662) 553-1299,Active
EMP032504,Sarah,Rodriguez,Sarah Rodriguez,23,IT,Coordinator,San Francisco,66716.04,13040.14,2021-10-08,0,86.8,sarah.rodriguez@company.com,(793) 359-4638,Active
EMP032505,Michael,Lopez,Michael Lopez,28,Sales,Manager,Chicago,73662.47,4159.6,2023-06-11,6,99.1,michael.lopez@company.com,(652) 568-4837,Active
EMP032506,William,Smith,William Smith,65,Engineering,Specialist,San Francisco,155626.08,26641.75,2021-09-21,36,84.1,william.smith@company.com,(752) 366-9534,Inactive
EMP032507,James,Davis,James Davis,30,Operations,Specialist,Miami,64986.37,6199.55,2021-05-17,7,82.3,james.davis@company.com,(639) 770-2407,Inactive
EMP032508,Lisa,Gonzalez,Lisa Gonzalez,32,HR,Senior Developer,New York,75894.35,1439.88,2021-10-13,3,62.0,lisa.gonzalez@company.com,(506) 808-4253,Active
EMP032509,Sarah,Miller,Sarah Miller,58,Legal,Analyst,Miami,151162.51,21931.41,2023-12-14,35,70.4,sarah.miller@company.com,(959) 856-8145,Active
EMP032510,David,Brown,David Brown,37,Finance,Director,Chicago,90176.87,1834.72,2023-10-13,14,80.9,david.brown@company.com,(325) 264-9758,Active
EMP032511,Jane,Martinez,Jane Martinez,44,Legal,Senior Developer,Austin,83814.49,9554.92,2023-07-27,20,45.0,jane.martinez@company.com,(299) 426-7016,Active
EMP032512,Stephanie,Martinez,Stephanie Martinez,58,Finance,Associate,Miami,64464.98,426.75,2024-04-05,30,73.6,stephanie.martinez@company.com,(397) 790-6474,On Leave
EMP032513,Matthew,Williams,Matthew Williams,57,Marketing,Lead,Boston,85180.22,8234.07,2023-11-30,35,57.0,matthew.williams@company.com,(713) 352-2014,Active
EMP032514,Ashley,Rodriguez,Ashley Rodriguez,52,Legal,Director,Miami,115601.49,2351.67,2020-08-08,28,85.8,ashley.rodriguez@company.com,(793) 458-1215,Active
EMP032515,Melissa,Anderson,Melissa Anderson,62,Sales,Associate,Chicago,58782.08,7231.29,2020-08-25,37,86.9,melissa.anderson@company.com,(588) 647-5106,Active
EMP032516,David,Thomas,David Thomas,36,Legal,Senior Developer,Miami,90827.04,11026.5,2023-07-24,12,79.3,david.thomas@company.com,(430) 781-9261,Active
EMP032517,Melissa,Garcia,Melissa Garcia,53,Legal,Specialist,Chicago,109135.63,9120.0,2021-05-06,30,68.3,melissa.garcia@company.com,(619) 564-2788,On Leave
EMP032518,William,Brown,William Brown,47,Sales,Coordinator,New York,84029.37,4040.33,2021-02-18,25,55.1,william.brown@company.com,(393) 323-8688,Active
EMP032519,Michael,Brown,Michael Brown,50,Operations,Lead,Los Angeles,71587.0,2507.03,2023-10-07,26,49.1,michael.brown@company.com,(918) 888-6992,Active
EMP032520,Matthew,Anderson,Matthew Anderson,27,Engineering,Manager,San Francisco,75595.44,7435.76,2023-09-03,5,64.0,matthew.anderson@company.com,(922) 777-9128,Active
EMP032521,Anthony,Smith,Anthony Smith,40,HR,Associate,Seattle,52585.59,3326.42,2022-02-02,11,96.2,anthony.smith@company.com,(916) 495-8717,Active
EMP032522,Robert,Martinez,Robert Martinez,45,Legal,Senior Developer,Boston,90987.43,10200.71,2023-04-28,18,84.8,robert.martinez@company.com,(212) 959-8133,Active
EMP032523,Jessica,Martinez,Jessica Martinez,27,HR,Manager,San Francisco,61503.81,3393.65,2022-01-16,0,86.8,jessica.martinez@company.com,(227) 668-8413,Active
EMP032524,Christopher,Davis,Christopher Davis,44,Engineering,Analyst,Austin,133069.58,12532.6,2021-09-09,15,44.1,christopher.davis@company.com,(233) 885-5093,Active
EMP032525,Nicole,Lopez,Nicole Lopez,48,Finance,Analyst,Boston,98372.51,12615.35,2021-05-21,22,60.7,nicole.lopez@company.com,(662) 976-3528,Inactive
EMP032526,Stephanie,Garcia,Stephanie Garcia,56,Sales,Associate,New York,77129.92,5462.12,2022-08-18,32,67.3,stephanie.garcia@company.com,(601) 364-6696,Inactive
EMP032527,Nicole,Garcia,Nicole Garcia,60,Sales,Specialist,Chicago,112653.2,10005.38,2020-04-20,35,68.6,nicole.garcia@company.com,(771) 252-2900,Active
EMP032528,David,Lopez,David Lopez,33,Marketing,Associate,Chicago,36725.69,4503.73,2020-07-31,5,84.4,david.lopez@company.com,(862) 236-7464,Active
EMP032529,Anthony,Gonzalez,Anthony Gonzalez,55,IT,Senior Developer,New York,107228.21,28995.93,2024-07-09,31,67.3,anthony.gonzalez@company.com,(640) 370-1193,Inactive
EMP032530,Matthew,Thomas,Matthew Thomas,41,IT,Senior Developer,Austin,115324.07,5890.77,2022-08-01,18,82.8,matthew.thomas@company.com,(900) 715-4006,Active
EMP032531,David,Anderson,David Anderson,23,Operations,Coordinator,Miami,55265.92,6545.78,2021-02-25,0,99.2,david.anderson@company.com,(742) 531-4254,Active
EMP032532,James,Gonzalez,James Gonzalez,64,Engineering,Analyst,Austin,98155.52,7990.46,2024-06-09,38,97.5,james.gonzalez@company.com,(877) 447-9984,Active
EMP032533,Christopher,Martin,Christopher Martin,62,Legal,Associate,Boston,109106.43,17479.78,2020-07-21,40,68.7,christopher.martin@company.com,(352) 353-7459,Active
EMP032534,Robert,Smith,Robert Smith,62,IT,Lead,New York,107324.67,9360.35,2020-02-27,34,93.1,robert.smith@company.com,(784) 665-9668,Active
EMP032535,Jane,Jones,Jane Jones,65,Finance,Senior Developer,Miami,85632.3,8395.49,2021-04-24,42,72.1,jane.jones@company.com,(288) 536-4166,Active
EMP032536,John,Jones,John Jones,34,Legal,Coordinator,Los Angeles,61476.41,1219.74,2021-08-13,12,93.3,john.jones@company.com,(382) 552-3003,Active
EMP032537,Robert,Taylor,Robert Taylor,53,Sales,Analyst,Boston,101401.84,16606.18,2023-03-17,31,65.6,robert.taylor@company.com,(913) 538-4770,Active
EMP032538,Daniel,Brown,Daniel Brown,51,Finance,Coordinator,Boston,105648.31,9346.47,2023-08-26,25,78.8,daniel.brown@company.com,(942) 473-3322,Active
EMP032539,Anthony,Jones,Anthony Jones,37,IT,Senior Developer,Boston,79266.03,2520.63,2024-02-01,10,71.3,anthony.jones@company.com,(621) 767-8461,Active
EMP032540,Sarah,Rodriguez,Sarah Rodriguez,61,Engineering,Director,New York,81267.44,9889.85,2020-12-14,34,84.3,sarah.rodriguez@company.com,(613) 744-1582,Active
EMP032541,James,Miller,James Miller,46,Finance,Lead,New York,78790.47,7634.44,2024-09-28,18,56.7,james.miller@company.com,(699) 646-1966,Active
EMP032542,Robert,Jones,Robert Jones,22,Operations,Manager,San Francisco,49709.19,4446.4,2022-02-12,0,77.4,robert.jones@company.com,(738) 859-8477,Active
EMP032543,Lisa,Thomas,Lisa Thomas,54,Finance,Lead,Chicago,126639.33,8123.98,2020-07-03,27,69.7,lisa.thomas@company.com,(671) 972-3400,Active
EMP032544,Anthony,Lopez,Anthony Lopez,53,Engineering,Specialist,Miami,128894.35,17515.76,2023-10-17,31,78.4,anthony.lopez@company.com,(834) 841-4608,Active
EMP032545,Jane,Miller,Jane Miller,40,IT,Senior Developer,Miami,89720.52,16514.3,2021-01-31,15,52.7,jane.miller@company.com,(721) 456-3449,Active
EMP032546,John,Miller,John Miller,41,Marketing,Specialist,Los Angeles,53854.6,5250.31,2021-08-10,14,57.6,john.miller@company.com,(894) 605-8518,Active
EMP032547,Michael,Brown,Michael Brown,48,Finance,Coordinator,Los Angeles,75361.24,10769.13,2023-02-07,21,78.8,michael.brown@company.com,(804) 762-8612,Active
EMP032548,Jane,Smith,Jane Smith,46,IT,Manager,Chicago,108565.01,11012.78,2022-12-22,24,63.2,jane.smith@company.com,(785) 280-2296,Active
EMP032549,Emily,Lopez,Emily Lopez,53,Finance,Analyst,Los Angeles,86201.41,3261.69,2021-02-27,31,78.5,emily.lopez@company.com,(283) 784-2982,Active
EMP032550,Nicole,Miller,Nicole Miller,22,Marketing,Lead,New York,64197.35,6468.68,2024-07-29,0,73.0,nicole.miller@company.com,(389) 648-9267,Active
EMP032551,Lisa,Jackson,Lisa Jackson,24,Legal,Specialist,Boston,91179.41,10504.73,2024-01-02,0,82.9,lisa.jackson@company.com,(622) 777-1953,Inactive
EMP032552,Anthony,Moore,Anthony Moore,54,Sales,Associate,Boston,79982.53,9124.85,2021-02-21,32,59.5,anthony.moore@company.com,(542) 684-9800,Active
EMP032553,John,Hernandez,John Hernandez,60,Sales,Coordinator,Chicago,95428.42,7171.35,2020-08-31,37,82.9,john.hernandez@company.com,(297) 246-6466,Active
EMP032554,Ashley,Miller,Ashley Miller,61,Engineering,Lead,San Francisco,103203.62,8943.76,2021-06-11,39,62.7,ashley.miller@company.com,(214) 905-9948,Active
EMP032555,Daniel,Taylor,Daniel Taylor,34,Finance,Specialist,San Francisco,33000.0,92.09,2022-03-05,8,68.2,daniel.taylor@company.com,(748) 368-8658,Active
EMP032556,Michael,Smith,Michael Smith,36,Sales,Lead,New York,33470.57,4362.65,2021-03-11,13,83.8,michael.smith@company.com,(823) 634-9667,Active
EMP032557,Stephanie,Lopez,Stephanie Lopez,27,Finance,Lead,Seattle,47132.17,6096.01,2024-04-03,0,76.0,stephanie.lopez@company.com,(302) 705-9707,On Leave
EMP032558,Anthony,Moore,Anthony Moore,48,Finance,Senior Developer,San Francisco,104785.57,5629.75,2024-04-13,19,70.1,anthony.moore@company.com,(634) 886-9985,Active
EMP032559,Christopher,Taylor,Christopher Taylor,50,Legal,Coordinator,Boston,82045.63,12130.07,2023-08-09,26,73.8,christopher.taylor@company.com,(886) 613-5070,Active
EMP032560,Stephanie,Thomas,Stephanie Thomas,43,Marketing,Associate,Chicago,35111.76,2947.63,2023-12-16,15,90.2,stephanie.thomas@company.com,(473) 904-4394,Inactive
EMP032561,Anthony,Jackson,Anthony Jackson,50,Finance,Coordinator,Los Angeles,111021.95,14129.39,2024-09-15,25,81.8,anthony.jackson@company.com,(370) 402-3635,Active
EMP032562,William,Anderson,William Anderson,50,HR,Senior Developer,Seattle,82187.4,13740.78,2024-03-22,23,67.5,william.anderson@company.com,(482) 663-8167,Active
EMP032563,Stephanie,Johnson,Stephanie Johnson,47,Operations,Specialist,Los Angeles,56865.2,6498.75,2022-05-11,22,74.9,stephanie.johnson@company.com,(227) 208-5831,Active
EMP032564,Lisa,Lopez,Lisa Lopez,27,Marketing,Director,San Francisco,54248.5,12183.62,2021-07-07,0,80.9,lisa.lopez@company.com,(536) 261-2776,Active
EMP032565,John,Lopez,John Lopez,30,Operations,Senior Developer,New York,53195.76,0.0,2021-02-07,4,88.9,john.lopez@company.com,(253) 561-7768,Active
EMP032566,Sarah,Miller,Sarah Miller,40,Operations,Coordinator,Austin,59652.38,10252.23,2024-06-11,14,81.5,sarah.miller@company.com,(465) 337-7093,Inactive
EMP032567,Nicole,Rodriguez,Nicole Rodriguez,44,Sales,Lead,Seattle,68929.29,5570.62,2022-03-01,22,83.4,nicole.rodriguez@company.com,(467) 489-4946,Active
EMP032568,Amanda,Davis,Amanda Davis,37,Operations,Director,Boston,68040.08,8254.3,2022-02-09,12,71.7,amanda.davis@company.com,(794) 248-1192,Active
EMP032569,Jane,Johnson,Jane Johnson,29,Engineering,Analyst,Miami,77339.92,0.0,2024-11-26,5,66.4,jane.johnson@company.com,(596) 278-6288,Inactive
EMP032570,Emily,Miller,Emily Miller,33,Finance,Associate,San Francisco,93378.56,5656.41,2022-01-06,9,52.0,emily.miller@company.com,(816) 936-2387,Active
EMP032571,Amanda,Thomas,Amanda Thomas,40,Engineering,Director,Austin,106481.72,5003.56,2021-08-11,17,79.1,amanda.thomas@company.com,(423) 342-1821,Active
EMP032572,John,Williams,John Williams,27,IT,Coordinator,San Francisco,84926.53,5755.12,2022-02-09,1,81.5,john.williams@company.com,(495) 808-3635,Active
EMP032573,Anthony,Anderson,Anthony Anderson,55,Sales,Manager,San Francisco,91323.12,4152.69,2020-03-09,28,73.6,anthony.anderson@company.com,(639) 227-6024,Active
EMP032574,Jane,Moore,Jane Moore,33,Engineering,Specialist,San Francisco,99410.54,6169.02,2022-07-01,10,84.6,jane.moore@company.com,(588) 555-8486,Active
EMP032575,Robert,Rodriguez,Robert Rodriguez,31,Marketing,Specialist,Chicago,54594.46,1151.98,2024-05-27,7,56.8,robert.rodriguez@company.com,(854) 698-7023,Active
EMP032576,Michael,Taylor,Michael Taylor,38,Sales,Senior Developer,New York,93255.22,17359.41,2024-06-17,9,99.3,michael.taylor@company.com,(697) 659-8207,Active
EMP032577,Michael,Anderson,Michael Anderson,32,Finance,Analyst,Chicago,75557.09,2496.2,2022-04-17,10,65.6,michael.anderson@company.com,(962) 663-5849,Active
EMP032578,John,Garcia,John Garcia,44,Sales,Analyst,New York,93894.76,16489.57,2021-11-17,19,84.6,john.garcia@company.com,(597) 204-7640,Active
EMP032579,William,Garcia,William Garcia,57,Operations,Analyst,Miami,85217.5,2730.22,2022-03-29,30,54.7,william.garcia@company.com,(955) 535-9257,Active
EMP032580,William,Wilson,William Wilson,27,Engineering,Senior Developer,New York,73595.74,4959.42,2024-01-29,1,79.4,william.wilson@company.com,(585) 218-2943,Active
EMP032581,Stephanie,Martinez,Stephanie Martinez,23,Sales,Lead,Boston,67554.88,3841.49,2022-04-15,1,66.1,stephanie.martinez@company.com,(911) 238-2107,Active
EMP032582,Melissa,Gonzalez,Melissa Gonzalez,25,Engineering,Analyst,Los Angeles,72409.08,11570.57,2020-03-10,0,63.7,melissa.gonzalez@company.com,(955) 470-7983,Active
EMP032583,Melissa,Thomas,Melissa Thomas,39,Marketing,Analyst,Austin,50523.77,4047.57,2022-07-19,15,69.3,melissa.thomas@company.com,(984) 205-5539,Active
EMP032584,James,Anderson,James Anderson,45,IT,Lead,Miami,91806.45,17535.99,2020-03-11,22,86.2,james.anderson@company.com,(769) 297-6043,Inactive
EMP032585,Christopher,Garcia,Christopher Garcia,22,Legal,Specialist,Chicago,60454.2,5645.62,2021-08-02,0,69.2,christopher.garcia@company.com,(949) 780-6315,Active
EMP032586,Sarah,Taylor,Sarah Taylor,22,Sales,Analyst,Miami,30000.0,3488.77,2023-12-03,0,73.1,sarah.taylor@company.com,(850) 923-7989,Active
EMP032587,William,Thomas,William Thomas,56,HR,Analyst,Miami,64200.37,12363.31,2023-05-05,30,76.6,william.thomas@company.com,(231) 958-9019,Active
EMP032588,Ashley,Jones,Ashley Jones,33,IT,Associate,New York,67728.3,9232.79,2023-10-29,7,77.0,ashley.jones@company.com,(734) 398-6947,Active
EMP032589,Matthew,Rodriguez,Matthew Rodriguez,34,Engineering,Analyst,New York,99234.94,4977.13,2020-03-20,11,74.1,matthew.rodriguez@company.com,(292) 824-4671,Active
EMP032590,Matthew,Gonzalez,Matthew Gonzalez,51,HR,Coordinator,Miami,72807.36,5953.23,2021-05-13,24,83.9,matthew.gonzalez@company.com,(425) 748-2290,Active
EMP032591,Emily,Smith,Emily Smith,64,IT,Coordinator,San Francisco,128803.61,17844.62,2024-01-22,41,61.8,emily.smith@company.com,(368) 565-7634,Active
EMP032592,Christopher,Johnson,Christopher Johnson,49,HR,Senior Developer,Chicago,84852.43,10242.85,2023-09-01,24,81.5,christopher.johnson@company.com,(913) 236-8807,Active
EMP032593,Jessica,Smith,Jessica Smith,24,Sales,Senior Developer,Chicago,44065.06,5562.32,2023-02-06,0,62.8,jessica.smith@company.com,(370) 352-3899,Active
EMP032594,Matthew,Miller,Matthew Miller,37,Sales,Associate,Chicago,76731.49,6686.37,2022-06-09,13,80.7,matthew.miller@company.com,(448) 493-2009,Active
EMP032595,Daniel,Davis,Daniel Davis,28,Legal,Director,Los Angeles,58907.66,9893.84,2022-12-01,0,82.7,daniel.davis@company.com,(733) 400-9838,Active
EMP032596,Lisa,Taylor,Lisa Taylor,30,IT,Director,Boston,88747.32,1825.0,2021-11-01,6,42.4,lisa.taylor@company.com,(443) 814-8287,Active
EMP032597,Stephanie,Miller,Stephanie Miller,34,Operations,Coordinator,New York,57139.13,8132.73,2021-01-04,10,59.2,stephanie.miller@company.com,(388) 291-3138,Active
EMP032598,Stephanie,Williams,Stephanie Williams,28,Engineering,Associate,Miami,90605.21,8584.78,2024-01-25,2,92.4,stephanie.williams@company.com,(557) 329-9185,Active
EMP032599,Daniel,Hernandez,Daniel Hernandez,25,Operations,Associate,Boston,45531.38,2880.66,2023-10-18,0,61.5,daniel.hernandez@company.com,(421) 656-2118,Active
EMP032600,Daniel,Thomas,Daniel Thomas,27,Sales,Senior Developer,Chicago,72581.17,7725.44,2021-08-21,0,68.9,daniel.thomas@company.com,(277) 649-9843,Active
EMP032601,Emily,Smith,Emily Smith,50,Operations,Analyst,Miami,65267.2,526.67,2020-11-19,23,77.3,emily.smith@company.com,(603) 310-8556,Active
EMP032602,Stephanie,Taylor,Stephanie Taylor,63,Sales,Senior Developer,Boston,83554.19,14263.01,2024-06-14,35,59.5,stephanie.taylor@company.com,(806) 609-9565,Active
EMP032603,Christopher,Brown,Christopher Brown,49,IT,Senior Developer,Los Angeles,96623.23,2884.08,2021-07-12,20,73.6,christopher.brown@company.com,(206) 225-2443,Active
EMP032604,William,Moore,William Moore,59,Operations,Director,Seattle,95764.9,11473.09,2023-01-04,37,79.2,william.moore@company.com,(489) 539-6465,Active
EMP032605,Nicole,Davis,Nicole Davis,60,IT,Manager,Chicago,108758.9,12859.45,2022-04-12,32,62.0,nicole.davis@company.com,(789) 317-5701,On Leave
EMP032606,Ashley,Martin,Ashley Martin,58,HR,Manager,Seattle,95067.25,4699.52,2020-01-12,35,69.9,ashley.martin@company.com,(272) 485-5500,Inactive
EMP032607,Daniel,Smith,Daniel Smith,64,Finance,Associate,Los Angeles,91064.83,12704.97,2024-02-23,38,100.0,daniel.smith@company.com,(319) 666-9252,Inactive
EMP032608,Matthew,Martin,Matthew Martin,33,IT,Associate,Los Angeles,75566.46,7696.39,2023-07-25,7,94.9,matthew.martin@company.com,(215) 342-8221,Inactive
EMP032609,Jessica,Martinez,Jessica Martinez,41,Engineering,Manager,Seattle,93098.59,0.0,2023-07-15,17,88.5,jessica.martinez@company.com,(205) 237-7831,Active
EMP032610,William,Martinez,William Martinez,48,Marketing,Lead,Austin,87972.07,13257.22,2020-02-11,23,35.9,william.martinez@company.com,(833) 533-4009,Active
EMP032611,Melissa,Lopez,Melissa Lopez,44,HR,Analyst,Los Angeles,69633.66,6852.72,2024-08-15,22,66.8,melissa.lopez@company.com,(872) 446-2013,Active
EMP032612,Michael,Jones,Michael Jones,35,Sales,Director,New York,78089.88,9451.46,2021-07-11,12,100.0,michael.jones@company.com,(875) 274-5161,Active
EMP032613,Christopher,Taylor,Christopher Taylor,33,Operations,Associate,Chicago,69689.15,12956.29,2023-10-22,4,74.6,christopher.taylor@company.com,(841) 515-1882,Active
EMP032614,Amanda,Garcia,Amanda Garcia,43,Engineering,Specialist,Austin,94503.47,9578.61,2023-08-02,18,86.4,amanda.garcia@company.com,(368) 437-3799,Active
EMP032615,William,Lopez,William Lopez,56,Marketing,Lead,San Francisco,60338.25,7021.02,2022-04-01,31,78.0,william.lopez@company.com,(996) 311-3688,Active
EMP032616,Stephanie,Martinez,Stephanie Martinez,50,Marketing,Director,Seattle,88191.24,15672.59,2023-05-20,23,56.2,stephanie.martinez@company.com,(223) 948-4918,Active
EMP032617,Emily,Smith,Emily Smith,28,Finance,Senior Developer,Austin,92842.48,17086.82,2020-03-04,0,51.3,emily.smith@company.com,(628) 852-6621,Active
EMP032618,James,Wilson,James Wilson,59,Engineering,Lead,San Francisco,100888.24,7680.76,2023-09-18,33,75.9,james.wilson@company.com,(557) 285-5396,Active
EMP032619,Jane,Davis,Jane Davis,22,HR,Specialist,Austin,66243.73,0.0,2020-07-21,0,73.8,jane.davis@company.com,(779) 369-6461,Active
EMP032620,Michael,Thomas,Michael Thomas,33,Finance,Specialist,Chicago,93234.48,7465.98,2021-10-31,4,100.0,michael.thomas@company.com,(790) 946-1956,Active
EMP032621,Nicole,Hernandez,Nicole Hernandez,38,Sales,Analyst,Los Angeles,85885.65,9642.97,2023-07-04,10,64.8,nicole.hernandez@company.com,(229) 458-9497,Active
EMP032622,James,Wilson,James Wilson,51,Engineering,Associate,San Francisco,120741.52,19265.28,2023-09-30,26,95.2,james.wilson@company.com,(601) 856-8731,On Leave
EMP032623,Robert,Wilson,Robert Wilson,60,IT,Director,San Francisco,80587.79,1820.35,2024-10-19,33,60.9,robert.wilson@company.com,(891) 266-7193,Active
EMP032624,Jane,Williams,Jane Williams,31,Sales,Associate,Boston,53728.32,5066.83,2022-11-16,7,61.5,jane.williams@company.com,(636) 604-1239,Active
EMP032625,Ashley,Smith,Ashley Smith,44,HR,Associate,Los Angeles,64025.92,7609.57,2023-03-20,15,89.6,ashley.smith@company.com,(725) 327-9918,On Leave
EMP032626,Lisa,Williams,Lisa Williams,33,HR,Senior Developer,San Francisco,44991.19,5255.94,2021-10-20,9,69.9,lisa.williams@company.com,(425) 843-7006,On Leave
EMP032627,Robert,Lopez,Robert Lopez,26,Engineering,Specialist,Los Angeles,71940.14,6252.85,2020-05-01,0,87.8,robert.lopez@company.com,(274) 242-2717,Active
EMP032628,Lisa,Lopez,Lisa Lopez,63,Finance,Manager,Los Angeles,61187.34,7150.64,2024-12-12,40,59.6,lisa.lopez@company.com,(833) 919-6635,Active
EMP032629,Christopher,Jackson,Christopher Jackson,26,Legal,Coordinator,New York,72101.24,9825.49,2021-11-25,2,70.6,christopher.jackson@company.com,(893) 726-1171,Active
EMP032630,Daniel,Smith,Daniel Smith,40,Legal,Lead,New York,79108.76,13680.36,2024-09-09,14,71.5,daniel.smith@company.com,(532) 682-3154,Active
EMP032631,Amanda,Martin,Amanda Martin,34,Operations,Associate,Miami,61084.99,8424.69,2020-02-08,10,87.0,amanda.martin@company.com,(450) 550-3579,Active
EMP032632,Lisa,Davis,Lisa Davis,35,Sales,Manager,Los Angeles,80778.01,12439.37,2021-07-08,7,87.4,lisa.davis@company.com,(959) 258-4292,Inactive
EMP032633,Ashley,Williams,Ashley Williams,48,Sales,Analyst,San Francisco,77904.65,952.95,2023-04-30,24,65.9,ashley.williams@company.com,(840) 285-4768,Active
EMP032634,Ashley,Garcia,Ashley Garcia,61,HR,Specialist,Miami,65456.61,5148.35,2022-01-22,33,75.4,ashley.garcia@company.com,(439) 623-9090,Active
EMP032635,Christopher,Brown,Christopher Brown,22,Finance,Lead,Los Angeles,43055.38,5383.91,2020-06-05,0,57.6,christopher.brown@company.com,(564) 718-2281,Active
EMP032636,Sarah,Jackson,Sarah Jackson,62,Engineering,Director,New York,104779.33,5837.24,2023-08-19,36,58.3,sarah.jackson@company.com,(432) 200-7748,Active
EMP032637,Amanda,Martin,Amanda Martin,29,Marketing,Senior Developer,Austin,70141.03,0.0,2022-06-21,7,88.5,amanda.martin@company.com,(594) 997-1739,Active
EMP032638,Ashley,Garcia,Ashley Garcia,31,Engineering,Lead,Austin,85679.91,6519.69,2023-05-31,3,74.6,ashley.garcia@company.com,(443) 525-9181,Active
EMP032639,Nicole,Gonzalez,Nicole Gonzalez,58,HR,Manager,San Francisco,88390.01,12508.62,2023-07-11,29,58.7,nicole.gonzalez@company.com,(728) 414-8951,Active
EMP032640,Melissa,Gonzalez,Melissa Gonzalez,42,Legal,Manager,Austin,132475.64,11738.98,2022-09-09,20,71.9,melissa.gonzalez@company.com,(434) 779-5641,Active
EMP032641,William,Garcia,William Garcia,40,Sales,Coordinator,New York,57987.02,4900.22,2024-07-30,15,61.7,william.garcia@company.com,(431) 694-2956,Inactive
EMP032642,Lisa,Moore,Lisa Moore,46,HR,Director,Chicago,69330.81,11232.7,2022-11-01,17,90.3,lisa.moore@company.com,(945) 409-8440,Active
EMP032643,Ashley,Jackson,Ashley Jackson,39,Legal,Analyst,San Francisco,92089.82,0.0,2022-02-08,13,100.0,ashley.jackson@company.com,(571) 769-1492,Active
EMP032644,Anthony,Lopez,Anthony Lopez,24,Marketing,Analyst,New York,51162.34,5909.93,2023-03-07,0,49.8,anthony.lopez@company.com,(341) 376-3096,Active
EMP032645,Jessica,Miller,Jessica Miller,45,Legal,Director,New York,99435.07,13124.89,2020-01-03,22,54.4,jessica.miller@company.com,(738) 451-9727,Active
EMP032646,Christopher,Thomas,Christopher Thomas,24,Legal,Specialist,New York,78581.07,10214.44,2020-08-01,0,73.5,christopher.thomas@company.com,(503) 850-8751,Active
EMP032647,Melissa,Anderson,Melissa Anderson,58,HR,Coordinator,Miami,79490.45,6848.7,2024-07-13,34,51.4,melissa.anderson@company.com,(831) 804-2718,Active
EMP032648,Matthew,Jones,Matthew Jones,42,Finance,Manager,Los Angeles,79698.1,0.0,2021-03-30,18,77.4,matthew.jones@company.com,(578) 911-6312,Active
EMP032649,Matthew,Gonzalez,Matthew Gonzalez,65,Finance,Coordinator,New York,102244.17,8014.55,2021-10-31,40,67.4,matthew.gonzalez@company.com,(707) 670-3333,Active
EMP032650,Christopher,Jackson,Christopher Jackson,52,Legal,Lead,New York,122716.32,17952.45,2023-05-07,25,55.8,christopher.jackson@company.com,(330) 584-1982,Active
EMP032651,Matthew,Hernandez,Matthew Hernandez,23,Operations,Lead,New York,31270.27,3532.35,2021-08-18,0,60.0,matthew.hernandez@company.com,(552) 758-4475,On Leave
EMP032652,William,Brown,William Brown,44,Sales,Director,Boston,116719.23,12540.1,2023-01-03,16,100.0,william.brown@company.com,(710) 414-9162,On Leave
EMP032653,Amanda,Hernandez,Amanda Hernandez,58,Operations,Coordinator,Miami,75279.56,13405.09,2024-07-04,32,48.1,amanda.hernandez@company.com,(857) 708-1027,Active
EMP032654,Sarah,Hernandez,Sarah Hernandez,27,Marketing,Senior Developer,New York,47731.55,903.44,2022-07-19,5,90.1,sarah.hernandez@company.com,(345) 305-1300,Active
EMP032655,Ashley,Miller,Ashley Miller,35,Legal,Analyst,Los Angeles,97689.57,10001.29,2024-09-11,8,84.7,ashley.miller@company.com,(597) 683-1511,Active
EMP032656,Anthony,Wilson,Anthony Wilson,38,Finance,Director,Miami,59102.93,5527.75,2024-03-02,14,70.0,anthony.wilson@company.com,(389) 594-6192,Active
EMP032657,William,Martin,William Martin,54,IT,Specialist,Boston,126181.45,10764.29,2023-01-14,25,49.2,william.martin@company.com,(598) 990-6886,Active
EMP032658,Christopher,Wilson,Christopher Wilson,31,Engineering,Senior Developer,Seattle,111067.11,14664.81,2022-02-15,9,78.4,christopher.wilson@company.com,(895) 280-7725,Active
EMP032659,David,Hernandez,David Hernandez,57,IT,Lead,Chicago,90901.12,8734.49,2024-10-13,28,80.9,david.hernandez@company.com,(296) 824-6306,Inactive
EMP032660,Nicole,Brown,Nicole Brown,32,Operations,Specialist,New York,52008.19,4936.09,2020-08-10,5,86.7,nicole.brown@company.com,(802) 712-7558,Active
EMP032661,John,Thomas,John Thomas,40,Legal,Manager,Seattle,80882.25,7635.05,2024-11-21,18,59.1,john.thomas@company.com,(898) 912-6362,Active
EMP032662,Michael,Martin,Michael Martin,59,Legal,Senior Developer,Boston,106761.6,14664.4,2022-06-27,35,99.3,michael.martin@company.com,(720) 583-2932,Active
EMP032663,Sarah,Taylor,Sarah Taylor,25,Finance,Manager,Chicago,69887.71,6609.85,2021-08-07,0,94.9,sarah.taylor@company.com,(738) 806-9202,Active
EMP032664,Jessica,Williams,Jessica Williams,29,HR,Associate,Chicago,47619.01,5884.57,2023-10-11,5,68.1,jessica.williams@company.com,(915) 244-6766,Active
EMP032665,William,Smith,William Smith,28,Operations,Director,Los Angeles,56425.17,9411.28,2021-02-12,5,82.5,william.smith@company.com,(210) 757-2993,Active
EMP032666,Matthew,Martinez,Matthew Martinez,37,Operations,Associate,Chicago,52628.11,7161.96,2020-04-18,9,63.5,matthew.martinez@company.com,(926) 569-2238,Active
EMP032667,Melissa,Jones,Melissa Jones,22,Sales,Manager,Austin,66762.94,8914.39,2020-09-07,0,85.2,melissa.jones@company.com,(340) 613-1551,On Leave
EMP032668,Jane,Brown,Jane Brown,46,Marketing,Manager,Miami,87261.21,7502.9,2020-04-27,20,91.7,jane.brown@company.com,(310) 279-1552,Active
EMP032669,Anthony,Thomas,Anthony Thomas,29,Engineering,Associate,New York,73195.04,5786.36,2024-03-13,2,94.3,anthony.thomas@company.com,(615) 507-7589,Active
EMP032670,Emily,Taylor,Emily Taylor,39,Operations,Manager,Boston,62671.41,3289.15,2020-09-08,14,82.7,emily.taylor@company.com,(940) 517-5474,Inactive
EMP032671,Sarah,Williams,Sarah Williams,43,Operations,Director,Seattle,48045.0,5743.38,2022-07-14,17,68.0,sarah.williams@company.com,(660) 908-2484,Active
EMP032672,David,Lopez,David Lopez,40,HR,Manager,Miami,41671.15,4486.32,2023-10-05,12,69.6,david.lopez@company.com,(464) 323-4969,Active
EMP032673,Lisa,Williams,Lisa Williams,38,Sales,Coordinator,Miami,64091.94,694.52,2020-10-02,9,45.6,lisa.williams@company.com,(205) 831-3077,Active
EMP032674,John,Jones,John Jones,37,Sales,Analyst,New York,78031.14,9649.56,2021-04-29,13,44.4,john.jones@company.com,(865) 337-9081,Active
EMP032675,Jessica,Miller,Jessica Miller,65,Marketing,Coordinator,Seattle,72028.33,9286.91,2024-01-01,37,56.9,jessica.miller@company.com,(285) 939-8172,Active
EMP032676,Michael,Hernandez,Michael Hernandez,63,Finance,Associate,Los Angeles,73230.7,9173.79,2022-04-19,34,47.5,michael.hernandez@company.com,(423) 633-5690,Active
EMP032677,William,Martin,William Martin,53,Legal,Director,Austin,72658.53,4827.57,2023-03-01,26,70.5,william.martin@company.com,(921) 918-7672,Inactive
EMP032678,Jane,Miller,Jane Miller,59,Marketing,Specialist,Chicago,92640.54,6387.51,2020-01-28,37,63.9,jane.miller@company.com,(392) 841-5395,Active
EMP032679,Emily,Gonzalez,Emily Gonzalez,26,Legal,Director,Los Angeles,106339.67,11461.7,2024-03-22,0,93.6,emily.gonzalez@company.com,(353) 963-7176,On Leave
EMP032680,Stephanie,Davis,Stephanie Davis,22,Marketing,Associate,Seattle,48182.9,3851.95,2023-08-24,0,71.6,stephanie.davis@company.com,(626) 689-2486,Active
EMP032681,Lisa,Hernandez,Lisa Hernandez,56,Operations,Analyst,Seattle,104258.2,13166.06,2021-12-29,28,74.8,lisa.hernandez@company.com,(428) 718-1715,Inactive
EMP032682,Christopher,Davis,Christopher Davis,55,Sales,Director,Boston,85827.82,6892.6,2023-02-10,28,73.5,christopher.davis@company.com,(575) 739-9077,Active
EMP032683,Christopher,Rodriguez,Christopher Rodriguez,28,Marketing,Manager,Chicago,70957.01,2685.9,2022-08-02,0,78.8,christopher.rodriguez@company.com,(310) 478-3463,Active
EMP032684,Jane,Gonzalez,Jane Gonzalez,60,Legal,Analyst,New York,145625.82,13189.43,2021-11-07,38,82.8,jane.gonzalez@company.com,(234) 923-3283,Active
EMP032685,Christopher,Anderson,Christopher Anderson,48,Marketing,Analyst,Chicago,52296.62,6701.57,2023-01-07,22,71.6,christopher.anderson@company.com,(862) 976-1486,Active
EMP032686,Robert,Smith,Robert Smith,44,HR,Associate,San Francisco,65360.23,8897.24,2020-05-16,21,67.4,robert.smith@company.com,(956) 204-8128,Active
EMP032687,Michael,Hernandez,Michael Hernandez,39,Sales,Lead,Austin,78893.24,12528.46,2021-03-26,16,79.5,michael.hernandez@company.com,(369) 896-1335,Active
EMP032688,Emily,Wilson,Emily Wilson,23,Sales,Manager,New York,58456.54,12832.14,2020-06-01,0,69.2,emily.wilson@company.com,(338) 202-8058,On Leave
EMP032689,Matthew,Brown,Matthew Brown,36,Legal,Senior Developer,Austin,37500.0,4194.03,2020-02-03,8,85.0,matthew.brown@company.com,(324) 939-9942,Active
EMP032690,Jane,Hernandez,Jane Hernandez,42,Engineering,Coordinator,Boston,76863.89,2066.33,2022-06-06,18,79.5,jane.hernandez@company.com,(915) 758-8830,Active
EMP032691,Melissa,Rodriguez,Melissa Rodriguez,35,Marketing,Director,Chicago,86427.68,13502.37,2022-06-11,11,98.4,melissa.rodriguez@company.com,(895) 284-8614,Active
EMP032692,David,Martin,David Martin,41,Operations,Associate,Austin,80441.69,9093.44,2020-08-02,15,88.8,david.martin@company.com,(394) 771-1311,Active
EMP032693,Anthony,Wilson,Anthony Wilson,52,Legal,Manager,San Francisco,123498.26,7721.34,2023-03-20,23,100.0,anthony.wilson@company.com,(932) 568-7831,Active
EMP032694,Ashley,Lopez,Ashley Lopez,36,Engineering,Senior Developer,Los Angeles,62923.82,7903.48,2020-03-12,8,91.1,ashley.lopez@company.com,(346) 493-5341,Active
EMP032695,Nicole,Smith,Nicole Smith,59,Operations,Specialist,Los Angeles,70785.97,2062.03,2024-02-15,30,75.1,nicole.smith@company.com,(527) 344-1081,Active
EMP032696,Stephanie,Williams,Stephanie Williams,55,Operations,Coordinator,Los Angeles,83856.89,6885.74,2022-11-24,29,73.2,stephanie.williams@company.com,(530) 950-2461,Active
EMP032697,Ashley,Gonzalez,Ashley Gonzalez,57,Sales,Analyst,Austin,90026.0,0.0,2021-03-11,29,96.5,ashley.gonzalez@company.com,(335) 306-2302,Active
EMP032698,Matthew,Anderson,Matthew Anderson,26,Marketing,Director,Los Angeles,73033.41,7578.44,2020-09-03,0,69.9,matthew.anderson@company.com,(779) 641-6934,Active
EMP032699,Melissa,Brown,Melissa Brown,49,Sales,Associate,Miami,68442.94,10059.39,2024-05-24,24,47.5,melissa.brown@company.com,(947) 252-3783,Active
EMP032700,Nicole,Wilson,Nicole Wilson,51,Engineering,Coordinator,Boston,132584.13,13814.4,2022-10-08,26,95.7,nicole.wilson@company.com,(649) 922-8128,Active
EMP032701,Amanda,Brown,Amanda Brown,39,Marketing,Senior Developer,Austin,48612.08,6024.81,2022-01-22,17,51.6,amanda.brown@company.com,(229) 785-2621,Active
EMP032702,Ashley,Smith,Ashley Smith,32,Finance,Analyst,Seattle,73928.39,0.0,2024-02-26,3,85.4,ashley.smith@company.com,(702) 433-9619,Active
EMP032703,Matthew,Davis,Matthew Davis,62,Engineering,Lead,San Francisco,139365.28,17584.51,2024-06-15,33,59.0,matthew.davis@company.com,(923) 638-5074,Active
EMP032704,Emily,Garcia,Emily Garcia,57,HR,Lead,San Francisco,83205.89,11815.89,2024-01-22,33,80.4,emily.garcia@company.com,(504) 437-7531,On Leave
EMP032705,James,Thomas,James Thomas,25,Marketing,Coordinator,San Francisco,49777.3,10210.3,2022-01-01,0,83.8,james.thomas@company.com,(307) 762-3578,Active
EMP032706,Nicole,Martinez,Nicole Martinez,60,Sales,Coordinator,Austin,63792.83,8301.44,2023-05-19,33,54.0,nicole.martinez@company.com,(990) 933-5335,Active
EMP032707,Michael,Martinez,Michael Martinez,43,Marketing,Specialist,Los Angeles,79511.5,8931.92,2022-05-12,18,89.8,michael.martinez@company.com,(651) 756-6429,Active
EMP032708,Melissa,Martinez,Melissa Martinez,23,Marketing,Coordinator,Los Angeles,34198.41,2807.51,2023-08-15,0,58.5,melissa.martinez@company.com,(461) 801-4064,Active
EMP032709,Sarah,Garcia,Sarah Garcia,35,Sales,Associate,Austin,75569.4,16614.65,2024-08-16,12,80.3,sarah.garcia@company.com,(324) 830-6162,Inactive
EMP032710,Nicole,Rodriguez,Nicole Rodriguez,63,Sales,Coordinator,Austin,77969.11,8966.16,2024-05-31,38,72.9,nicole.rodriguez@company.com,(699) 769-5847,Active
EMP032711,Jane,Martinez,Jane Martinez,30,Operations,Lead,Chicago,62552.29,6350.47,2020-09-26,5,53.9,jane.martinez@company.com,(621) 488-1624,Active
EMP032712,Daniel,Gonzalez,Daniel Gonzalez,28,HR,Associate,San Francisco,61781.22,2961.83,2024-06-19,3,84.7,daniel.gonzalez@company.com,(370) 971-5425,Active
EMP032713,Anthony,Garcia,Anthony Garcia,51,Legal,Lead,Seattle,96698.23,7338.3,2020-04-09,28,63.5,anthony.garcia@company.com,(318) 299-4204,Active
EMP032714,Amanda,Garcia,Amanda Garcia,51,Engineering,Analyst,Los Angeles,136734.76,10297.78,2020-11-19,27,59.6,amanda.garcia@company.com,(689) 439-3601,Active
EMP032715,Jane,Wilson,Jane Wilson,46,IT,Associate,San Francisco,75423.13,14673.78,2024-05-11,19,86.8,jane.wilson@company.com,(403) 596-9091,Active
EMP032716,Jane,Moore,Jane Moore,37,Operations,Senior Developer,Chicago,57935.81,9496.96,2020-08-09,13,60.3,jane.moore@company.com,(747) 312-5341,Active
EMP032717,John,Martin,John Martin,22,Engineering,Associate,New York,77590.36,9777.59,2021-07-11,0,61.0,john.martin@company.com,(217) 575-3620,Inactive
EMP032718,Nicole,Rodriguez,Nicole Rodriguez,63,IT,Manager,San Francisco,96545.72,15205.88,2021-01-12,37,62.7,nicole.rodriguez@company.com,(554) 745-9308,Active
EMP032719,Anthony,Thomas,Anthony Thomas,57,Marketing,Associate,Boston,85597.12,7431.05,2024-10-28,31,100.0,anthony.thomas@company.com,(568) 469-8124,Active
EMP032720,Stephanie,Garcia,Stephanie Garcia,24,Marketing,Analyst,Los Angeles,47826.18,0.0,2021-10-14,0,58.2,stephanie.garcia@company.com,(833) 502-4468,Active
EMP032721,Anthony,Wilson,Anthony Wilson,47,Engineering,Analyst,Boston,101417.44,7495.02,2022-08-27,24,73.6,anthony.wilson@company.com,(893) 723-7212,Active
EMP032722,Stephanie,Davis,Stephanie Davis,25,Legal,Director,Seattle,72882.62,7096.15,2020-05-24,0,57.9,stephanie.davis@company.com,(545) 250-4413,Active
EMP032723,Anthony,Anderson,Anthony Anderson,41,Marketing,Specialist,Miami,77118.23,11270.64,2022-07-09,16,80.0,anthony.anderson@company.com,(694) 848-9128,Active
EMP032724,Anthony,Martin,Anthony Martin,26,Engineering,Senior Developer,Seattle,103856.33,11966.04,2024-02-10,4,87.5,anthony.martin@company.com,(589) 465-4882,Active
EMP032725,Jessica,Smith,Jessica Smith,43,Legal,Director,Miami,93082.79,19710.68,2020-12-07,16,100.0,jessica.smith@company.com,(839) 965-7265,Active
EMP032726,Jane,Miller,Jane Miller,38,Engineering,Associate,Miami,56859.5,9585.66,2022-09-13,16,67.8,jane.miller@company.com,(458) 286-2720,Active
EMP032727,William,Johnson,William Johnson,48,Operations,Director,New York,25500.0,268.6,2021-04-15,23,74.2,william.johnson@company.com,(605) 854-4832,Active
EMP032728,Robert,Jones,Robert Jones,37,Operations,Director,Miami,72666.22,0.0,2023-05-02,8,85.1,robert.jones@company.com,(805) 257-1718,Active
EMP032729,Emily,Wilson,Emily Wilson,49,Marketing,Director,Boston,86309.75,3101.56,2021-10-29,21,71.3,emily.wilson@company.com,(215) 697-3303,Active
EMP032730,Matthew,Williams,Matthew Williams,29,Legal,Director,Miami,73817.83,9243.94,2024-10-18,0,86.6,matthew.williams@company.com,(981) 461-2438,Active
EMP032731,Lisa,Moore,Lisa Moore,56,Engineering,Associate,Austin,112288.03,11769.43,2023-12-29,30,100.0,lisa.moore@company.com,(770) 500-9434,Active
EMP032732,Lisa,Taylor,Lisa Taylor,35,Operations,Senior Developer,Seattle,64276.35,2148.3,2021-08-28,11,100.0,lisa.taylor@company.com,(680) 855-7269,Active
EMP032733,Ashley,Davis,Ashley Davis,63,IT,Manager,Seattle,102315.46,4172.98,2022-11-14,41,100.0,ashley.davis@company.com,(233) 245-1157,Active
EMP032734,Jessica,Garcia,Jessica Garcia,48,Finance,Lead,New York,77323.78,10772.92,2024-03-22,26,78.2,jessica.garcia@company.com,(364) 565-9969,Active
EMP032735,Amanda,Jones,Amanda Jones,33,Sales,Director,Seattle,78575.65,6460.92,2021-09-10,8,80.1,amanda.jones@company.com,(488) 692-1369,Active
EMP032736,William,Martinez,William Martinez,44,IT,Coordinator,Miami,64323.88,5944.53,2022-09-25,20,88.8,william.martinez@company.com,(641) 736-3648,Active
EMP032737,Ashley,Rodriguez,Ashley Rodriguez,46,Operations,Lead,Boston,50673.47,3922.79,2022-05-23,18,65.5,ashley.rodriguez@company.com,(275) 997-7345,Active
EMP032738,Anthony,Moore,Anthony Moore,34,IT,Specialist,Austin,109697.45,17828.49,2023-09-23,6,62.3,anthony.moore@company.com,(328) 946-2414,Active
EMP032739,Michael,Anderson,Michael Anderson,54,Engineering,Analyst,Los Angeles,104314.09,16298.67,2023-02-01,29,97.5,michael.anderson@company.com,(861) 570-5954,Active
EMP032740,Melissa,Wilson,Melissa Wilson,65,Operations,Coordinator,Seattle,76400.62,12224.25,2024-08-16,41,83.6,melissa.wilson@company.com,(974) 667-5200,Active
EMP032741,Amanda,Garcia,Amanda Garcia,37,Marketing,Specialist,Chicago,70558.6,4805.42,2020-06-24,13,67.7,amanda.garcia@company.com,(445) 225-5827,Active
EMP032742,William,Jones,William Jones,31,Finance,Analyst,Seattle,83904.79,11500.87,2022-01-24,3,70.7,william.jones@company.com,(405) 425-6281,Active
EMP032743,Melissa,Smith,Melissa Smith,44,HR,Manager,New York,83393.81,10965.76,2022-07-26,20,45.4,melissa.smith@company.com,(621) 925-1070,Active
EMP032744,Emily,Garcia,Emily Garcia,58,Operations,Lead,San Francisco,85229.92,4166.67,2024-08-06,32,76.5,emily.garcia@company.com,(396) 533-4334,Active
EMP032745,Michael,Miller,Michael Miller,50,HR,Analyst,Seattle,107128.43,13633.42,2022-10-10,24,100.0,michael.miller@company.com,(276) 772-2638,On Leave
EMP032746,Christopher,Jones,Christopher Jones,60,HR,Associate,Chicago,74121.36,3782.52,2022-06-14,31,88.0,christopher.jones@company.com,(535) 270-6767,Active
EMP032747,David,Gonzalez,David Gonzalez,29,Operations,Director,Boston,47575.75,3462.73,2023-02-24,2,96.7,david.gonzalez@company.com,(737) 647-8897,Active
EMP032748,Anthony,Williams,Anthony Williams,60,Sales,Manager,Seattle,103549.86,4777.11,2020-05-08,35,52.4,anthony.williams@company.com,(491) 223-9036,Active
EMP032749,Christopher,Lopez,Christopher Lopez,35,Marketing,Director,Miami,60218.9,9423.51,2021-04-08,6,73.5,christopher.lopez@company.com,(537) 365-7139,Active
EMP032750,John,Johnson,John Johnson,59,Sales,Lead,San Francisco,101900.4,18347.92,2022-12-02,34,72.2,john.johnson@company.com,(985) 344-8319,Active
EMP032751,William,Taylor,William Taylor,36,HR,Director,Miami,63375.12,3166.68,2022-01-10,13,79.2,william.taylor@company.com,(920) 698-6062,Inactive
EMP032752,Stephanie,Hernandez,Stephanie Hernandez,27,Sales,Senior Developer,New York,50081.89,4158.98,2020-08-05,5,75.3,stephanie.hernandez@company.com,(903) 751-2497,Active
EMP032753,Emily,Hernandez,Emily Hernandez,40,Legal,Associate,New York,73602.85,8332.13,2024-05-13,18,70.9,emily.hernandez@company.com,(922) 340-9295,Active
EMP032754,James,Garcia,James Garcia,29,Sales,Associate,Los Angeles,63530.4,6006.76,2023-08-12,4,56.9,james.garcia@company.com,(518) 672-2289,Active
EMP032755,Matthew,Davis,Matthew Davis,23,Operations,Associate,Seattle,58833.69,5849.77,2020-06-11,0,48.2,matthew.davis@company.com,(440) 635-8805,Inactive
EMP032756,Jane,Jones,Jane Jones,55,Engineering,Director,San Francisco,93304.02,3914.27,2022-11-27,28,65.1,jane.jones@company.com,(690) 804-6526,Active
EMP032757,Ashley,Miller,Ashley Miller,42,Finance,Director,Los Angeles,76680.82,6936.62,2023-06-08,14,85.2,ashley.miller@company.com,(658) 398-9125,Active
EMP032758,Robert,Anderson,Robert Anderson,36,Legal,Coordinator,Los Angeles,91464.83,0.0,2023-12-15,11,90.1,robert.anderson@company.com,(829) 936-3024,Active
EMP032759,Emily,Smith,Emily Smith,65,Marketing,Specialist,Los Angeles,101188.33,5021.58,2021-06-09,43,69.1,emily.smith@company.com,(924) 500-3067,Active
EMP032760,Nicole,Brown,Nicole Brown,30,Legal,Coordinator,Miami,79460.81,14806.71,2022-02-12,5,72.4,nicole.brown@company.com,(391) 584-1327,Active
EMP032761,Amanda,Davis,Amanda Davis,60,Sales,Associate,Miami,99409.02,4717.11,2022-05-26,31,100.0,amanda.davis@company.com,(228) 916-8481,Active
EMP032762,James,Smith,James Smith,40,Sales,Manager,Boston,60002.33,11147.33,2023-07-06,17,65.3,james.smith@company.com,(880) 509-7817,Active
EMP032763,Ashley,Anderson,Ashley Anderson,59,HR,Director,Los Angeles,46538.6,6280.23,2022-07-21,37,67.6,ashley.anderson@company.com,(562) 383-4966,Inactive
EMP032764,Anthony,Gonzalez,Anthony Gonzalez,63,Engineering,Director,Austin,107572.66,4935.09,2020-11-09,36,58.4,anthony.gonzalez@company.com,(695) 449-2252,Active
EMP032765,David,Rodriguez,David Rodriguez,36,HR,Director,Los Angeles,60812.09,5023.18,2021-12-28,8,68.3,david.rodriguez@company.com,(701) 820-9364,Inactive
EMP032766,Jane,Miller,Jane Miller,40,IT,Director,Boston,132696.73,17993.43,2023-03-06,16,74.1,jane.miller@company.com,(423) 931-2283,Active
EMP032767,Matthew,Lopez,Matthew Lopez,38,Marketing,Coordinator,Miami,97098.32,3512.67,2023-09-11,16,79.4,matthew.lopez@company.com,(322) 589-8886,Active
EMP032768,Ashley,Lopez,Ashley Lopez,62,Finance,Manager,Boston,106597.74,13165.23,2021-10-28,38,71.1,ashley.lopez@company.com,(986) 898-7848,Active
EMP032769,Stephanie,Taylor,Stephanie Taylor,44,Legal,Manager,Austin,100053.29,11025.6,2020-12-05,19,63.9,stephanie.taylor@company.com,(356) 864-3023,Active
EMP032770,William,Miller,William Miller,35,IT,Coordinator,San Francisco,84423.57,5471.7,2023-03-27,11,60.8,william.miller@company.com,(473) 836-3000,Active
EMP032771,Amanda,Smith,Amanda Smith,26,Operations,Director,Los Angeles,33663.81,1492.33,2023-12-19,3,69.3,amanda.smith@company.com,(918) 325-7222,Active
EMP032772,Michael,Thomas,Michael Thomas,62,Operations,Manager,Miami,93258.4,0.0,2022-12-09,35,85.2,michael.thomas@company.com,(302) 739-4891,Inactive
EMP032773,Anthony,Garcia,Anthony Garcia,53,Finance,Specialist,Los Angeles,89333.1,4662.91,2024-10-22,31,50.9,anthony.garcia@company.com,(379) 367-4251,Active
EMP032774,Robert,Anderson,Robert Anderson,24,HR,Analyst,Los Angeles,60571.99,6890.39,2023-06-10,0,84.8,robert.anderson@company.com,(371) 878-1224,Active
EMP032775,Melissa,Martin,Melissa Martin,36,Marketing,Specialist,Austin,56447.76,7385.84,2021-07-16,13,85.5,melissa.martin@company.com,(338) 342-7730,Active
EMP032776,Melissa,Martinez,Melissa Martinez,65,IT,Lead,Seattle,139359.14,10027.07,2024-06-23,36,97.4,melissa.martinez@company.com,(529) 806-9930,Active
EMP032777,Jessica,Taylor,Jessica Taylor,28,Legal,Analyst,Los Angeles,86921.95,7478.62,2024-10-19,2,100.0,jessica.taylor@company.com,(214) 463-9646,Active
EMP032778,David,Taylor,David Taylor,37,HR,Senior Developer,Miami,53276.67,3849.08,2021-03-29,10,41.4,david.taylor@company.com,(763) 787-6005,Active
EMP032779,Amanda,Rodriguez,Amanda Rodriguez,61,Legal,Lead,New York,93533.49,17830.21,2023-12-26,39,84.7,amanda.rodriguez@company.com,(727) 870-9751,Active
EMP032780,Robert,Martinez,Robert Martinez,32,IT,Senior Developer,New York,74003.35,8149.44,2024-07-02,10,60.7,robert.martinez@company.com,(713) 634-1429,Active
EMP032781,Amanda,Rodriguez,Amanda Rodriguez,39,Finance,Director,San Francisco,87314.67,10410.04,2021-12-22,12,59.3,amanda.rodriguez@company.com,(255) 732-7717,Inactive
EMP032782,Nicole,Hernandez,Nicole Hernandez,28,Sales,Coordinator,Chicago,44312.86,3473.25,2024-07-27,0,79.5,nicole.hernandez@company.com,(275) 643-2600,Active
EMP032783,Lisa,Jackson,Lisa Jackson,62,Marketing,Lead,Chicago,93186.72,12652.66,2023-11-07,38,78.1,lisa.jackson@company.com,(772) 734-7935,Active
EMP032784,Melissa,Smith,Melissa Smith,60,Sales,Associate,San Francisco,94736.31,1427.46,2022-10-27,33,78.0,melissa.smith@company.com,(248) 632-5174,Active
EMP032785,Stephanie,Wilson,Stephanie Wilson,47,IT,Director,Seattle,112460.45,10543.96,2024-02-07,21,90.2,stephanie.wilson@company.com,(246) 412-2398,Active
EMP032786,Amanda,Hernandez,Amanda Hernandez,52,IT,Senior Developer,Austin,94068.7,1604.45,2022-10-01,24,76.1,amanda.hernandez@company.com,(697) 973-8007,Active
EMP032787,Nicole,Williams,Nicole Williams,58,Legal,Lead,Miami,112880.57,7572.16,2020-06-01,30,84.1,nicole.williams@company.com,(252) 300-8064,Inactive
EMP032788,Daniel,Martin,Daniel Martin,22,IT,Analyst,Miami,69408.55,7187.62,2023-10-28,0,72.1,daniel.martin@company.com,(999) 323-7756,Active
EMP032789,Christopher,Anderson,Christopher Anderson,63,HR,Director,San Francisco,71613.59,7856.09,2020-09-01,40,82.8,christopher.anderson@company.com,(228) 798-3353,Inactive
EMP032790,Anthony,Gonzalez,Anthony Gonzalez,36,Finance,Director,Los Angeles,75813.99,4737.14,2020-04-01,9,73.7,anthony.gonzalez@company.com,(512) 537-7995,Active
EMP032791,Stephanie,Martin,Stephanie Martin,42,Finance,Analyst,New York,106725.43,14758.68,2024-12-18,17,77.2,stephanie.martin@company.com,(866) 281-1288,Active
EMP032792,Melissa,Gonzalez,Melissa Gonzalez,36,Engineering,Lead,New York,81943.58,6917.16,2022-04-09,12,84.2,melissa.gonzalez@company.com,(221) 760-8364,Active
EMP032793,Lisa,Wilson,Lisa Wilson,41,Operations,Coordinator,Miami,51053.23,1721.21,2024-02-01,17,67.9,lisa.wilson@company.com,(513) 272-6608,Active
EMP032794,Robert,Brown,Robert Brown,30,Legal,Lead,Boston,91454.05,16865.42,2021-02-05,6,63.1,robert.brown@company.com,(304) 230-4488,Active
EMP032795,Emily,Thomas,Emily Thomas,51,Sales,Director,Boston,89438.74,10600.92,2021-11-05,28,84.4,emily.thomas@company.com,(869) 768-5613,Active
EMP032796,Ashley,Garcia,Ashley Garcia,47,IT,Senior Developer,Miami,89387.2,12826.39,2020-11-22,18,75.8,ashley.garcia@company.com,(726) 814-9359,Active
EMP032797,Anthony,Johnson,Anthony Johnson,39,Sales,Coordinator,Seattle,69023.23,7774.37,2022-02-03,10,84.9,anthony.johnson@company.com,(242) 789-8260,Active
EMP032798,David,Johnson,David Johnson,48,Finance,Manager,Miami,91509.91,5471.76,2020-06-18,22,72.3,david.johnson@company.com,(622) 643-4822,Active
EMP032799,Melissa,Miller,Melissa Miller,64,IT,Director,Los Angeles,121533.14,14934.84,2022-08-19,42,76.4,melissa.miller@company.com,(218) 604-5836,Active
EMP032800,Matthew,Martin,Matthew Martin,59,HR,Lead,Los Angeles,101961.05,8710.04,2020-03-15,33,32.8,matthew.martin@company.com,(562) 856-5718,Active
EMP032801,Lisa,Lopez,Lisa Lopez,24,Marketing,Lead,Chicago,68069.44,7119.8,2020-06-01,0,67.9,lisa.lopez@company.com,(462) 634-1491,Active
EMP032802,John,Williams,John Williams,25,HR,Senior Developer,Miami,40319.21,4867.88,2020-07-06,2,86.5,john.williams@company.com,(989) 560-1323,Active
EMP032803,Sarah,Garcia,Sarah Garcia,48,Legal,Specialist,New York,72632.7,4230.29,2022-07-12,26,71.9,sarah.garcia@company.com,(707) 898-2357,Active
EMP032804,Daniel,Davis,Daniel Davis,26,Operations,Coordinator,Boston,58711.98,3158.28,2024-01-23,0,56.3,daniel.davis@company.com,(943) 207-8144,Active
EMP032805,Daniel,Martinez,Daniel Martinez,30,IT,Lead,Seattle,85532.92,10520.08,2021-06-06,2,48.4,daniel.martinez@company.com,(465) 306-1185,Active
EMP032806,Daniel,Gonzalez,Daniel Gonzalez,44,IT,Director,Boston,88366.51,9557.84,2023-12-31,15,65.0,daniel.gonzalez@company.com,(573) 529-2550,Active
EMP032807,Sarah,Taylor,Sarah Taylor,55,Legal,Manager,Boston,99650.08,10165.81,2021-03-02,27,98.7,sarah.taylor@company.com,(568) 344-5798,Active
EMP032808,Matthew,Rodriguez,Matthew Rodriguez,42,Finance,Director,Seattle,82484.38,8483.88,2020-01-23,15,57.3,matthew.rodriguez@company.com,(366) 782-9015,Active
EMP032809,James,Davis,James Davis,24,Finance,Specialist,Los Angeles,64333.77,7300.18,2023-03-02,0,64.3,james.davis@company.com,(881) 496-6983,Active
EMP032810,Emily,Anderson,Emily Anderson,53,Legal,Manager,Los Angeles,98657.81,10896.96,2024-03-20,30,81.3,emily.anderson@company.com,(398) 812-8667,Active
EMP032811,Michael,Johnson,Michael Johnson,27,Finance,Coordinator,Miami,87523.71,9734.36,2023-05-31,1,89.9,michael.johnson@company.com,(766) 632-4778,Active
EMP032812,Nicole,Taylor,Nicole Taylor,22,Marketing,Coordinator,Chicago,55378.89,2475.26,2024-05-25,0,84.8,nicole.taylor@company.com,(430) 545-2145,Inactive
EMP032813,Sarah,Wilson,Sarah Wilson,45,Operations,Director,Miami,78077.01,9715.31,2022-01-10,17,83.6,sarah.wilson@company.com,(701) 593-3748,Active
EMP032814,Melissa,Rodriguez,Melissa Rodriguez,62,Finance,Specialist,Seattle,75552.69,15304.62,2020-09-16,40,59.8,melissa.rodriguez@company.com,(296) 790-4389,Active
EMP032815,Nicole,Lopez,Nicole Lopez,55,Finance,Associate,Boston,109352.35,13980.25,2020-01-11,26,54.5,nicole.lopez@company.com,(271) 382-9880,Active
EMP032816,Emily,Jones,Emily Jones,49,Operations,Director,Boston,68452.9,6863.36,2021-06-12,23,66.4,emily.jones@company.com,(585) 294-6311,On Leave
EMP032817,Matthew,Taylor,Matthew Taylor,38,Operations,Director,Seattle,84658.13,184.33,2023-12-26,13,90.2,matthew.taylor@company.com,(878) 584-9062,Active
EMP032818,Emily,Lopez,Emily Lopez,32,Sales,Coordinator,Chicago,30000.0,2285.01,2020-06-04,8,88.8,emily.lopez@company.com,(485) 491-7922,Active
EMP032819,John,Brown,John Brown,49,Operations,Analyst,Miami,70117.17,8939.71,2023-12-01,23,92.7,john.brown@company.com,(615) 772-9317,Active
EMP032820,Ashley,Jackson,Ashley Jackson,33,Engineering,Specialist,Seattle,64372.11,7940.77,2022-11-28,9,82.2,ashley.jackson@company.com,(202) 818-1333,Active
EMP032821,Amanda,Wilson,Amanda Wilson,63,Finance,Director,San Francisco,80818.42,4567.11,2023-05-22,39,82.3,amanda.wilson@company.com,(972) 903-7679,Active
EMP032822,Matthew,Hernandez,Matthew Hernandez,32,Finance,Director,New York,65149.5,9834.92,2021-01-24,10,76.9,matthew.hernandez@company.com,(460) 792-2836,Inactive
EMP032823,Christopher,Wilson,Christopher Wilson,58,Legal,Associate,Chicago,143363.66,12456.35,2021-06-21,34,80.4,christopher.wilson@company.com,(339) 481-1100,Inactive
EMP032824,Nicole,Williams,Nicole Williams,24,Operations,Senior Developer,Chicago,39301.44,0.0,2021-06-23,1,55.7,nicole.williams@company.com,(466) 740-5316,Inactive
EMP032825,Lisa,Moore,Lisa Moore,41,HR,Director,Los Angeles,83895.27,0.0,2020-04-06,13,100.0,lisa.moore@company.com,(869) 619-9403,Active
EMP032826,Nicole,Lopez,Nicole Lopez,58,Engineering,Director,Austin,106242.13,2910.1,2022-11-15,33,89.1,nicole.lopez@company.com,(674) 836-1773,Inactive
EMP032827,Michael,Jackson,Michael Jackson,65,Finance,Senior Developer,Austin,119222.28,3861.28,2021-01-15,42,82.0,michael.jackson@company.com,(961) 461-9581,Active
EMP032828,James,Smith,James Smith,55,Marketing,Specialist,Seattle,96920.94,4131.95,2020-03-29,29,85.6,james.smith@company.com,(700) 935-8391,Active
EMP032829,Lisa,Jones,Lisa Jones,22,Legal,Director,Austin,67338.95,3249.5,2020-11-20,0,39.4,lisa.jones@company.com,(842) 422-2888,Active
EMP032830,William,Smith,William Smith,54,Marketing,Senior Developer,San Francisco,82576.19,16962.32,2024-09-26,27,100.0,william.smith@company.com,(758) 644-1356,Active
EMP032831,Stephanie,Anderson,Stephanie Anderson,60,Operations,Lead,San Francisco,72395.35,2148.1,2024-06-28,35,61.2,stephanie.anderson@company.com,(654) 856-8834,Active
EMP032832,Jessica,Garcia,Jessica Garcia,36,Marketing,Director,Los Angeles,35856.42,4381.33,2021-09-21,12,88.7,jessica.garcia@company.com,(377) 403-3218,Active
EMP032833,Lisa,Hernandez,Lisa Hernandez,44,Finance,Analyst,New York,86944.79,8861.01,2021-11-04,20,53.3,lisa.hernandez@company.com,(639) 719-6665,Active
EMP032834,David,Lopez,David Lopez,56,Sales,Senior Developer,New York,88098.75,10619.9,2023-10-19,31,57.4,david.lopez@company.com,(739) 605-2653,Active
EMP032835,Nicole,Martinez,Nicole Martinez,33,Marketing,Manager,Austin,55797.69,8774.31,2020-11-07,7,56.2,nicole.martinez@company.com,(791) 666-3501,Active
EMP032836,Sarah,Martinez,Sarah Martinez,41,Sales,Director,Miami,79759.45,9419.92,2020-12-31,18,66.4,sarah.martinez@company.com,(397) 720-7996,Active
EMP032837,Sarah,Davis,Sarah Davis,64,Sales,Specialist,Boston,80946.74,0.0,2022-11-11,40,53.7,sarah.davis@company.com,(442) 717-9432,Active
EMP032838,David,Smith,David Smith,61,Engineering,Lead,Austin,99949.39,6160.39,2022-12-07,34,69.0,david.smith@company.com,(355) 487-5358,Active
EMP032839,Christopher,Wilson,Christopher Wilson,38,Engineering,Coordinator,New York,86821.54,5812.08,2023-01-21,10,85.1,christopher.wilson@company.com,(991) 702-7522,Active
EMP032840,Anthony,Lopez,Anthony Lopez,50,IT,Specialist,Miami,109291.63,7487.38,2023-02-01,24,69.0,anthony.lopez@company.com,(870) 318-2733,Active
EMP032841,William,Wilson,William Wilson,62,IT,Manager,Chicago,131179.39,16596.24,2020-01-13,40,76.6,william.wilson@company.com,(877) 683-4623,Active
EMP032842,William,Moore,William Moore,47,HR,Manager,Boston,91192.0,10929.54,2023-05-05,22,59.4,william.moore@company.com,(883) 460-1224,Active
EMP032843,Sarah,Martinez,Sarah Martinez,46,Sales,Manager,New York,72954.3,5953.91,2024-07-24,22,61.6,sarah.martinez@company.com,(931) 355-4489,Active
EMP032844,Robert,Johnson,Robert Johnson,22,Finance,Specialist,New York,58641.38,11420.64,2024-02-01,0,79.5,robert.johnson@company.com,(363) 798-3173,Active
EMP032845,Lisa,Jones,Lisa Jones,60,Marketing,Associate,New York,94787.42,17026.25,2020-01-13,32,56.2,lisa.jones@company.com,(854) 304-9964,Active
EMP032846,Amanda,Smith,Amanda Smith,52,Finance,Analyst,Chicago,95546.71,3683.7,2020-09-05,27,68.3,amanda.smith@company.com,(892) 777-4676,Active
EMP032847,William,Jackson,William Jackson,23,Sales,Manager,Boston,72845.62,5905.59,2024-05-28,0,78.6,william.jackson@company.com,(565) 898-2302,Active
EMP032848,Jessica,Williams,Jessica Williams,40,HR,Specialist,New York,89306.85,17369.31,2022-11-12,17,60.7,jessica.williams@company.com,(383) 404-7022,Active
EMP032849,Stephanie,Johnson,Stephanie Johnson,39,Finance,Associate,Boston,65682.83,6095.75,2024-09-11,10,63.0,stephanie.johnson@company.com,(691) 723-2859,Active
EMP032850,Michael,Lopez,Michael Lopez,49,Legal,Coordinator,San Francisco,109388.78,13943.48,2022-03-22,22,86.4,michael.lopez@company.com,(805) 716-5135,Active
EMP032851,Sarah,Jones,Sarah Jones,48,Operations,Specialist,Austin,84253.5,5920.06,2023-11-23,25,69.8,sarah.jones@company.com,(576) 556-2638,Inactive
EMP032852,William,Gonzalez,William Gonzalez,24,IT,Senior Developer,Los Angeles,78296.49,5174.61,2023-05-23,0,51.7,william.gonzalez@company.com,(941) 300-4578,Active
EMP032853,Lisa,Taylor,Lisa Taylor,60,Sales,Associate,Seattle,83801.19,10346.27,2022-10-20,38,91.0,lisa.taylor@company.com,(228) 905-2064,Active
EMP032854,John,Rodriguez,John Rodriguez,56,Finance,Senior Developer,Austin,95669.78,1686.47,2022-11-21,28,96.8,john.rodriguez@company.com,(691) 730-2561,Active
EMP032855,Matthew,Martinez,Matthew Martinez,51,Marketing,Associate,San Francisco,81209.29,8136.39,2024-04-30,27,78.9,matthew.martinez@company.com,(298) 429-5624,Inactive
EMP032856,William,Jackson,William Jackson,30,Legal,Manager,Boston,87390.69,2768.87,2021-09-04,4,59.9,william.jackson@company.com,(921) 220-1957,Active
EMP032857,Matthew,Martinez,Matthew Martinez,44,Sales,Analyst,San Francisco,86246.39,12359.94,2020-10-22,21,73.8,matthew.martinez@company.com,(779) 647-8093,On Leave
EMP032858,Jane,Brown,Jane Brown,57,Legal,Analyst,Seattle,92713.19,9587.58,2020-12-22,31,74.6,jane.brown@company.com,(240) 267-7607,Inactive
EMP032859,Christopher,Smith,Christopher Smith,65,Marketing,Analyst,Boston,94715.19,5455.92,2023-06-09,41,61.2,christopher.smith@company.com,(331) 294-2408,Active
EMP032860,Daniel,Martin,Daniel Martin,58,Marketing,Manager,Austin,83289.09,8259.15,2023-02-03,32,69.1,daniel.martin@company.com,(490) 527-2232,Active
EMP032861,Sarah,Taylor,Sarah Taylor,32,Engineering,Manager,Miami,92206.65,10965.82,2020-09-25,3,58.0,sarah.taylor@company.com,(999) 482-4753,Active
EMP032862,Matthew,Anderson,Matthew Anderson,27,IT,Lead,Seattle,87437.16,12634.48,2024-09-04,2,100.0,matthew.anderson@company.com,(475) 527-7934,Active
EMP032863,Lisa,Jackson,Lisa Jackson,25,IT,Associate,Seattle,80582.52,14041.9,2022-05-15,3,80.3,lisa.jackson@company.com,(996) 722-9010,Inactive
EMP032864,Anthony,Jones,Anthony Jones,32,Operations,Coordinator,Boston,64922.03,5798.98,2021-08-26,8,86.5,anthony.jones@company.com,(667) 438-4445,Active
EMP032865,Anthony,Rodriguez,Anthony Rodriguez,62,Operations,Coordinator,Seattle,77249.7,9622.78,2023-06-04,39,88.3,anthony.rodriguez@company.com,(991) 553-3651,On Leave
EMP032866,Michael,Moore,Michael Moore,59,Finance,Manager,New York,99536.64,8982.27,2021-05-22,32,46.1,michael.moore@company.com,(494) 855-9720,Active
EMP032867,John,Davis,John Davis,48,IT,Manager,Chicago,86800.9,2469.97,2021-08-30,24,75.3,john.davis@company.com,(473) 352-6083,Active
EMP032868,Amanda,Anderson,Amanda Anderson,59,IT,Lead,Los Angeles,81978.33,11635.02,2020-02-17,34,97.7,amanda.anderson@company.com,(411) 504-3891,Active
EMP032869,William,Martinez,William Martinez,23,Marketing,Coordinator,Seattle,64013.69,11133.61,2021-04-21,0,82.3,william.martinez@company.com,(890) 534-1769,On Leave
EMP032870,Stephanie,Moore,Stephanie Moore,54,Finance,Senior Developer,Austin,101940.93,8717.88,2021-02-03,29,60.4,stephanie.moore@company.com,(875) 458-4523,Active
EMP032871,Emily,Davis,Emily Davis,32,Finance,Director,Miami,65783.69,2463.76,2020-12-15,8,86.6,emily.davis@company.com,(910) 601-6505,Active
EMP032872,David,Moore,David Moore,42,HR,Lead,Los Angeles,66953.66,9050.5,2021-04-08,13,84.1,david.moore@company.com,(443) 362-6767,Active
EMP032873,Melissa,Johnson,Melissa Johnson,60,Sales,Specialist,San Francisco,79732.89,3485.05,2020-11-15,37,80.1,melissa.johnson@company.com,(910) 260-9486,Active
EMP032874,Melissa,Hernandez,Melissa Hernandez,24,HR,Senior Developer,Seattle,46246.91,4037.35,2021-12-06,0,69.2,melissa.hernandez@company.com,(328) 564-7347,Active
EMP032875,David,Smith,David Smith,54,Operations,Associate,Chicago,62703.09,7903.84,2022-06-15,28,91.9,david.smith@company.com,(225) 510-2819,Active
EMP032876,Lisa,Taylor,Lisa Taylor,65,HR,Director,Chicago,82255.92,9067.88,2020-06-01,38,92.8,lisa.taylor@company.com,(406) 433-5248,Active
EMP032877,Nicole,Wilson,Nicole Wilson,42,Marketing,Senior Developer,Seattle,76287.85,10763.44,2022-05-28,14,77.1,nicole.wilson@company.com,(367) 340-6138,Inactive
EMP032878,James,Garcia,James Garcia,22,Finance,Manager,Chicago,77833.6,9572.16,2024-09-02,0,75.8,james.garcia@company.com,(231) 803-9842,Active
EMP032879,Robert,Martinez,Robert Martinez,62,Marketing,Senior Developer,Boston,86144.71,8215.45,2020-04-03,38,94.8,robert.martinez@company.com,(864) 388-6749,Active
EMP032880,Daniel,Gonzalez,Daniel Gonzalez,41,Finance,Manager,San Francisco,85393.8,6982.57,2022-10-04,17,79.5,daniel.gonzalez@company.com,(252) 428-6272,Active
EMP032881,Anthony,Martin,Anthony Martin,52,IT,Specialist,New York,104806.22,16886.44,2022-05-09,28,53.3,anthony.martin@company.com,(791) 942-7045,Active
EMP032882,Ashley,Moore,Ashley Moore,45,Marketing,Director,New York,87661.38,0.0,2020-11-06,18,55.9,ashley.moore@company.com,(774) 769-9165,Active
EMP032883,Daniel,Hernandez,Daniel Hernandez,33,HR,Lead,Seattle,88398.6,7672.89,2021-08-05,9,90.6,daniel.hernandez@company.com,(781) 936-2486,Active
EMP032884,Ashley,Moore,Ashley Moore,28,Marketing,Senior Developer,Chicago,67123.68,9681.78,2021-09-12,3,74.1,ashley.moore@company.com,(929) 385-7466,On Leave
EMP032885,Jane,Moore,Jane Moore,26,HR,Specialist,New York,57426.43,2510.07,2023-03-14,0,39.4,jane.moore@company.com,(536) 812-5252,Active
EMP032886,David,Johnson,David Johnson,51,Finance,Manager,Miami,80432.15,3139.21,2023-02-18,26,57.4,david.johnson@company.com,(233) 510-8667,Active
EMP032887,Christopher,Brown,Christopher Brown,31,Operations,Analyst,Seattle,60355.03,2755.79,2022-01-15,8,80.0,christopher.brown@company.com,(728) 735-9046,Active
EMP032888,Lisa,Brown,Lisa Brown,35,Marketing,Director,Miami,50452.14,3377.46,2024-05-30,10,81.9,lisa.brown@company.com,(523) 476-5072,Active
EMP032889,Nicole,Moore,Nicole Moore,25,Legal,Coordinator,Los Angeles,77721.88,11796.35,2023-05-26,0,71.5,nicole.moore@company.com,(519) 985-3822,Active
EMP032890,James,Gonzalez,James Gonzalez,44,Legal,Coordinator,Austin,112875.79,15466.48,2021-11-22,15,88.3,james.gonzalez@company.com,(537) 739-5465,Active
EMP032891,Michael,Martinez,Michael Martinez,33,Finance,Manager,Seattle,55883.32,10933.74,2022-07-06,7,81.0,michael.martinez@company.com,(944) 589-6579,Active
EMP032892,Matthew,Gonzalez,Matthew Gonzalez,54,IT,Analyst,Seattle,109927.37,26503.78,2020-06-21,32,74.5,matthew.gonzalez@company.com,(235) 216-5247,Active
EMP032893,James,Hernandez,James Hernandez,47,Operations,Associate,Chicago,82201.0,8066.79,2022-10-01,21,76.4,james.hernandez@company.com,(429) 541-8207,Active
EMP032894,James,Martinez,James Martinez,40,Sales,Coordinator,Miami,71738.22,10233.57,2023-03-22,16,60.2,james.martinez@company.com,(947) 968-9035,Active
EMP032895,William,Smith,William Smith,35,Marketing,Director,Boston,55559.68,4793.48,2023-11-27,7,80.4,william.smith@company.com,(983) 840-1522,Active
EMP032896,Amanda,Williams,Amanda Williams,60,HR,Director,Chicago,76029.27,7875.98,2022-11-18,35,30.9,amanda.williams@company.com,(963) 663-9065,Active
EMP032897,Lisa,Martinez,Lisa Martinez,45,Engineering,Coordinator,Seattle,90618.91,11975.48,2022-08-11,19,91.0,lisa.martinez@company.com,(870) 634-1250,Active
EMP032898,Robert,Thomas,Robert Thomas,58,Legal,Director,San Francisco,107624.79,11576.88,2020-08-27,33,92.4,robert.thomas@company.com,(994) 426-3350,Active
EMP032899,Daniel,Anderson,Daniel Anderson,61,Sales,Analyst,Seattle,119843.85,4617.68,2022-07-28,33,59.6,daniel.anderson@company.com,(864) 879-3829,Active
EMP032900,Stephanie,Thomas,Stephanie Thomas,61,Legal,Director,Austin,112843.84,12226.23,2021-08-15,34,78.4,stephanie.thomas@company.com,(325) 708-5228,Active
EMP032901,Daniel,Taylor,Daniel Taylor,29,Marketing,Analyst,New York,71243.53,7637.5,2020-06-26,3,91.8,daniel.taylor@company.com,(340) 870-9845,Active
EMP032902,Christopher,Martin,Christopher Martin,48,HR,Coordinator,Miami,66612.12,5168.88,2024-07-17,25,79.9,christopher.martin@company.com,(695) 745-6079,Active
EMP032903,James,Davis,James Davis,60,Engineering,Lead,Austin,100008.4,3317.28,2024-04-19,33,81.0,james.davis@company.com,(255) 678-4238,Active
EMP032904,Sarah,Williams,Sarah Williams,46,HR,Associate,Seattle,54447.4,6566.49,2024-12-06,20,75.1,sarah.williams@company.com,(894) 875-6440,Active
EMP032905,Daniel,Jones,Daniel Jones,62,HR,Analyst,Boston,70474.98,5031.79,2023-02-22,39,85.7,daniel.jones@company.com,(517) 471-9125,Active
EMP032906,Anthony,Martinez,Anthony Martinez,41,HR,Associate,New York,60359.38,5320.36,2021-08-24,14,63.7,anthony.martinez@company.com,(611) 257-6804,Active
EMP032907,Jessica,Garcia,Jessica Garcia,52,Marketing,Specialist,San Francisco,64860.49,7209.67,2024-03-27,27,65.7,jessica.garcia@company.com,(984) 744-3601,Active
EMP032908,Sarah,Jones,Sarah Jones,26,Engineering,Specialist,Boston,86668.5,4793.98,2023-12-17,2,70.4,sarah.jones@company.com,(309) 303-1737,Inactive
EMP032909,James,Davis,James Davis,40,IT,Manager,San Francisco,89037.52,1759.45,2021-03-27,18,56.8,james.davis@company.com,(257) 498-9035,Active
EMP032910,Anthony,Anderson,Anthony Anderson,40,Marketing,Coordinator,Miami,82348.86,14121.87,2024-09-04,13,51.2,anthony.anderson@company.com,(845) 901-8025,Active
EMP032911,Lisa,Martin,Lisa Martin,27,IT,Associate,San Francisco,80500.93,10530.03,2020-01-06,0,53.2,lisa.martin@company.com,(342) 825-4071,Active
EMP032912,Stephanie,Garcia,Stephanie Garcia,37,Legal,Coordinator,San Francisco,51969.55,2669.19,2020-03-27,9,81.7,stephanie.garcia@company.com,(668) 657-2985,Active
EMP032913,Christopher,Johnson,Christopher Johnson,58,Marketing,Specialist,Los Angeles,80109.04,5293.14,2024-10-29,34,50.4,christopher.johnson@company.com,(810) 224-4040,Active
EMP032914,Robert,Lopez,Robert Lopez,60,Sales,Director,Seattle,77474.61,11803.81,2021-09-29,34,87.5,robert.lopez@company.com,(853) 566-7212,Active
EMP032915,Lisa,Williams,Lisa Williams,55,Finance,Senior Developer,Seattle,79105.54,8358.02,2024-08-15,26,80.6,lisa.williams@company.com,(917) 403-1242,Active
EMP032916,Jessica,Wilson,Jessica Wilson,47,Finance,Analyst,Los Angeles,60345.83,8578.21,2021-10-11,20,62.9,jessica.wilson@company.com,(536) 563-3119,Active
EMP032917,Christopher,Davis,Christopher Davis,64,Operations,Director,Chicago,89190.66,256.09,2023-03-21,38,66.8,christopher.davis@company.com,(809) 236-6557,Active
EMP032918,Anthony,Jackson,Anthony Jackson,63,Sales,Analyst,Boston,86737.01,12243.06,2020-04-28,36,80.7,anthony.jackson@company.com,(661) 381-9430,Active
EMP032919,Christopher,Lopez,Christopher Lopez,49,Engineering,Director,New York,98418.8,5391.01,2020-06-09,22,70.2,christopher.lopez@company.com,(309) 787-2717,Active
EMP032920,Melissa,Moore,Melissa Moore,26,Engineering,Coordinator,New York,68220.9,2162.25,2022-10-29,1,75.8,melissa.moore@company.com,(394) 341-2940,Active
EMP032921,Melissa,Taylor,Melissa Taylor,23,Operations,Director,New York,82415.41,8143.37,2024-11-08,1,80.7,melissa.taylor@company.com,(875) 443-7955,Active
EMP032922,William,Moore,William Moore,35,Legal,Senior Developer,Los Angeles,95910.02,9622.23,2022-02-13,9,93.8,william.moore@company.com,(997) 580-9649,Active
EMP032923,Jessica,Lopez,Jessica Lopez,26,Legal,Coordinator,Chicago,45066.67,5592.58,2023-04-10,1,64.3,jessica.lopez@company.com,(298) 373-3593,Active
EMP032924,Matthew,Taylor,Matthew Taylor,27,IT,Analyst,Miami,81899.59,9445.42,2020-09-01,1,62.6,matthew.taylor@company.com,(354) 293-6514,Active
EMP032925,Jane,Hernandez,Jane Hernandez,49,Finance,Senior Developer,New York,83132.48,7331.77,2021-12-27,26,89.7,jane.hernandez@company.com,(603) 685-1060,Active
EMP032926,Sarah,Hernandez,Sarah Hernandez,55,HR,Senior Developer,New York,65489.9,7121.93,2022-01-13,28,51.3,sarah.hernandez@company.com,(541) 838-5040,Active
EMP032927,Melissa,Johnson,Melissa Johnson,37,Legal,Coordinator,Austin,121764.22,16116.58,2023-07-16,8,38.8,melissa.johnson@company.com,(791) 956-6360,Active
EMP032928,Jane,Williams,Jane Williams,23,IT,Director,New York,77910.99,8552.98,2020-07-22,1,90.4,jane.williams@company.com,(934) 509-6962,Active
EMP032929,Jessica,Jones,Jessica Jones,45,Marketing,Analyst,Chicago,38216.67,4739.62,2021-07-26,18,40.8,jessica.jones@company.com,(491) 649-1850,Inactive
EMP032930,Emily,Smith,Emily Smith,52,Engineering,Associate,New York,87739.59,7393.48,2024-06-24,28,85.5,emily.smith@company.com,(325) 599-3544,Active
EMP032931,Melissa,Hernandez,Melissa Hernandez,36,Operations,Associate,Austin,67598.37,0.0,2021-12-26,7,99.8,melissa.hernandez@company.com,(233) 644-9144,Active
EMP032932,William,Jones,William Jones,53,IT,Analyst,Seattle,67589.7,8171.06,2024-04-18,29,74.5,william.jones@company.com,(903) 922-8345,Active
EMP032933,Robert,Smith,Robert Smith,25,Operations,Senior Developer,New York,56737.46,10614.4,2023-05-24,3,65.3,robert.smith@company.com,(441) 545-5788,Active
EMP032934,Ashley,Davis,Ashley Davis,50,Sales,Associate,Miami,88013.71,7623.51,2023-01-30,28,82.2,ashley.davis@company.com,(947) 669-2999,Active
EMP032935,Melissa,Lopez,Melissa Lopez,22,Operations,Manager,Seattle,49384.15,4269.8,2020-12-09,0,71.1,melissa.lopez@company.com,(402) 881-5016,Active
EMP032936,Emily,Hernandez,Emily Hernandez,40,Legal,Senior Developer,Seattle,99536.83,19575.94,2021-06-26,12,56.1,emily.hernandez@company.com,(804) 985-6144,Active
EMP032937,John,Martinez,John Martinez,26,IT,Lead,New York,89996.64,3205.25,2021-02-17,0,86.6,john.martinez@company.com,(651) 952-6499,Active
EMP032938,Emily,Miller,Emily Miller,58,IT,Associate,Miami,87623.19,8401.93,2020-09-30,29,81.4,emily.miller@company.com,(532) 746-7344,Active
EMP032939,Melissa,Johnson,Melissa Johnson,62,Legal,Analyst,Miami,116518.09,21280.23,2022-04-27,35,82.9,melissa.johnson@company.com,(252) 915-6090,Active
EMP032940,Lisa,Taylor,Lisa Taylor,35,Operations,Senior Developer,Los Angeles,41622.52,6277.89,2023-06-21,12,54.6,lisa.taylor@company.com,(814) 618-1407,Active
EMP032941,David,Anderson,David Anderson,53,Sales,Coordinator,San Francisco,90804.05,12499.15,2021-01-25,25,74.8,david.anderson@company.com,(922) 374-5969,Active
EMP032942,Michael,Smith,Michael Smith,52,IT,Lead,New York,104438.23,13864.08,2022-04-23,29,80.5,michael.smith@company.com,(987) 650-8017,On Leave
EMP032943,William,Garcia,William Garcia,46,Finance,Senior Developer,San Francisco,51383.2,6255.42,2022-04-07,22,84.8,william.garcia@company.com,(290) 697-9593,Active
EMP032944,Sarah,Martin,Sarah Martin,36,Operations,Specialist,New York,58631.76,4989.4,2023-06-28,7,83.2,sarah.martin@company.com,(438) 232-1109,Active
EMP032945,Michael,Williams,Michael Williams,56,Sales,Lead,Los Angeles,95787.34,16440.14,2023-04-09,33,80.9,michael.williams@company.com,(697) 782-5833,Active
EMP032946,Sarah,Hernandez,Sarah Hernandez,51,Legal,Director,Los Angeles,86432.63,1548.01,2024-01-14,25,100.0,sarah.hernandez@company.com,(951) 768-8204,Active
EMP032947,Amanda,Martin,Amanda Martin,47,Finance,Specialist,Boston,95249.41,13338.04,2023-08-21,19,83.2,amanda.martin@company.com,(405) 295-2030,Active
EMP032948,Amanda,Gonzalez,Amanda Gonzalez,46,Sales,Associate,Austin,92408.02,19082.37,2020-12-26,21,72.5,amanda.gonzalez@company.com,(744) 610-4536,Active
EMP032949,Jane,Brown,Jane Brown,22,Operations,Specialist,Austin,41206.66,6443.06,2023-02-08,0,56.9,jane.brown@company.com,(478) 711-5195,Active
EMP032950,David,Jackson,David Jackson,28,Engineering,Associate,Chicago,84419.6,5264.81,2020-06-13,1,95.9,david.jackson@company.com,(631) 331-2970,Active
EMP032951,David,Hernandez,David Hernandez,58,Engineering,Senior Developer,Los Angeles,124549.0,27594.28,2020-09-19,34,71.7,david.hernandez@company.com,(288) 422-1062,Active
EMP032952,Anthony,Jackson,Anthony Jackson,25,Legal,Analyst,Seattle,62858.19,3978.18,2022-02-06,3,63.8,anthony.jackson@company.com,(213) 705-3503,Active
EMP032953,Christopher,Garcia,Christopher Garcia,40,HR,Specialist,Seattle,44944.59,402.54,2024-08-24,17,97.9,christopher.garcia@company.com,(440) 494-8155,Active
EMP032954,Jane,Johnson,Jane Johnson,23,Marketing,Analyst,Los Angeles,37422.48,3370.58,2023-05-21,0,77.8,jane.johnson@company.com,(293) 358-6878,Active
EMP032955,Amanda,Wilson,Amanda Wilson,63,HR,Associate,Miami,102090.23,17105.29,2022-04-08,40,60.9,amanda.wilson@company.com,(659) 970-1393,Active
EMP032956,Jane,Williams,Jane Williams,63,HR,Lead,Boston,79907.57,4625.44,2024-03-20,35,100.0,jane.williams@company.com,(658) 978-5442,Active
EMP032957,Daniel,Martin,Daniel Martin,44,Engineering,Director,Chicago,131147.56,5443.69,2020-04-15,20,81.3,daniel.martin@company.com,(512) 873-5764,Active
EMP032958,Stephanie,Jones,Stephanie Jones,44,Legal,Specialist,San Francisco,87560.71,15194.35,2023-10-24,20,86.9,stephanie.jones@company.com,(735) 918-8285,Active
EMP032959,Matthew,Brown,Matthew Brown,45,Engineering,Director,Chicago,119853.3,21339.16,2021-02-04,21,61.5,matthew.brown@company.com,(301) 956-1239,Inactive
EMP032960,Jessica,Moore,Jessica Moore,30,Sales,Senior Developer,Seattle,45736.87,1735.83,2020-09-12,7,75.3,jessica.moore@company.com,(893) 632-5829,Active
EMP032961,Melissa,Thomas,Melissa Thomas,48,Finance,Director,New York,53191.49,7623.14,2024-11-18,19,90.4,melissa.thomas@company.com,(497) 692-3768,Active
EMP032962,James,Hernandez,James Hernandez,24,Operations,Analyst,Austin,43283.46,4671.04,2022-12-03,1,46.5,james.hernandez@company.com,(728) 449-2846,Active
EMP032963,Stephanie,Miller,Stephanie Miller,62,Marketing,Senior Developer,Boston,97343.75,2422.01,2024-10-09,37,69.7,stephanie.miller@company.com,(519) 718-8100,On Leave
EMP032964,Sarah,Davis,Sarah Davis,32,HR,Coordinator,Boston,80718.12,5979.38,2021-08-10,10,89.3,sarah.davis@company.com,(458) 650-3931,Active
EMP032965,James,Johnson,James Johnson,36,Legal,Coordinator,Austin,74926.07,7554.49,2023-08-04,12,81.6,james.johnson@company.com,(702) 520-9439,Active
EMP032966,William,Rodriguez,William Rodriguez,63,Legal,Director,Seattle,116532.95,9868.83,2022-11-21,37,84.5,william.rodriguez@company.com,(423) 234-1020,Active
EMP032967,Emily,Johnson,Emily Johnson,41,Sales,Analyst,Los Angeles,74738.37,6919.14,2020-03-27,12,85.2,emily.johnson@company.com,(404) 886-7131,Active
EMP032968,Jane,Thomas,Jane Thomas,56,Marketing,Specialist,San Francisco,86173.18,10958.97,2020-09-25,27,71.7,jane.thomas@company.com,(583) 773-4841,Active
EMP032969,Lisa,Johnson,Lisa Johnson,49,Marketing,Senior Developer,Los Angeles,96222.18,6700.0,2020-09-09,26,90.5,lisa.johnson@company.com,(607) 403-8576,Active
EMP032970,Christopher,Jackson,Christopher Jackson,38,Engineering,Coordinator,Austin,116551.7,9893.83,2022-01-30,13,56.5,christopher.jackson@company.com,(685) 931-1089,Active
EMP032971,John,Garcia,John Garcia,48,Operations,Director,Los Angeles,80677.84,9109.49,2024-08-29,24,50.6,john.garcia@company.com,(345) 922-7749,Active
EMP032972,Ashley,Williams,Ashley Williams,31,Operations,Manager,Seattle,53130.83,2353.42,2021-04-10,4,65.3,ashley.williams@company.com,(891) 431-7102,On Leave
EMP032973,Stephanie,Johnson,Stephanie Johnson,62,Legal,Associate,San Francisco,92515.88,13197.34,2022-05-10,36,78.2,stephanie.johnson@company.com,(505) 487-8752,Active
EMP032974,James,Smith,James Smith,65,Marketing,Lead,San Francisco,75219.68,3843.73,2022-03-15,40,70.6,james.smith@company.com,(332) 240-1962,On Leave
EMP032975,Amanda,Jackson,Amanda Jackson,23,HR,Specialist,New York,56754.04,6770.64,2023-06-17,0,92.8,amanda.jackson@company.com,(674) 286-8564,Active
EMP032976,Robert,Johnson,Robert Johnson,64,Legal,Manager,Los Angeles,124463.22,11602.06,2023-08-30,38,90.6,robert.johnson@company.com,(777) 717-1087,Active
EMP032977,James,Miller,James Miller,43,Engineering,Senior Developer,Chicago,106692.17,1595.41,2021-06-22,18,92.9,james.miller@company.com,(759) 426-6469,Active
EMP032978,Christopher,Gonzalez,Christopher Gonzalez,58,Marketing,Lead,Seattle,99560.93,2164.08,2020-04-04,32,80.7,christopher.gonzalez@company.com,(252) 492-6030,Active
EMP032979,Stephanie,Martinez,Stephanie Martinez,44,Engineering,Director,Austin,88616.49,6633.63,2022-11-27,21,69.3,stephanie.martinez@company.com,(854) 454-9868,Active
EMP032980,Ashley,Davis,Ashley Davis,56,IT,Lead,Miami,76544.53,3309.76,2023-02-25,29,84.8,ashley.davis@company.com,(506) 827-1576,Active
EMP032981,Matthew,Martinez,Matthew Martinez,59,HR,Manager,Seattle,91729.81,8862.65,2024-12-28,35,74.2,matthew.martinez@company.com,(389) 329-7077,Active
EMP032982,James,Thomas,James Thomas,46,Legal,Manager,San Francisco,56406.48,9357.05,2021-10-14,23,82.9,james.thomas@company.com,(397) 901-9405,Active
EMP032983,Lisa,Taylor,Lisa Taylor,56,Finance,Coordinator,Los Angeles,96663.63,8595.87,2023-01-21,27,82.1,lisa.taylor@company.com,(813) 558-6690,Active
EMP032984,William,Anderson,William Anderson,41,Engineering,Specialist,New York,98000.45,5.95,2022-02-09,16,66.0,william.anderson@company.com,(415) 934-6900,Active
EMP032985,John,Jackson,John Jackson,56,Legal,Manager,New York,70628.31,1473.78,2021-09-18,34,71.8,john.jackson@company.com,(787) 484-1623,Active
EMP032986,Jane,Davis,Jane Davis,28,Operations,Associate,Seattle,42807.36,2757.68,2020-11-12,5,75.7,jane.davis@company.com,(804) 297-5577,Active
EMP032987,Robert,Martin,Robert Martin,52,Sales,Manager,Seattle,98830.98,11308.91,2023-08-24,24,74.1,robert.martin@company.com,(906) 370-7337,Active
EMP032988,Melissa,Johnson,Melissa Johnson,23,Engineering,Lead,New York,40716.42,3259.51,2023-11-28,0,93.0,melissa.johnson@company.com,(434) 602-6015,Active
EMP032989,Matthew,Miller,Matthew Miller,59,Sales,Lead,Boston,68829.38,4106.63,2023-05-25,34,40.1,matthew.miller@company.com,(302) 643-2304,On Leave
EMP032990,Ashley,Martinez,Ashley Martinez,38,Engineering,Senior Developer,San Francisco,102637.83,3136.33,2021-02-04,10,79.0,ashley.martinez@company.com,(634) 805-4848,Active
EMP032991,Ashley,Miller,Ashley Miller,22,IT,Director,Chicago,75265.49,1248.94,2022-09-14,0,78.1,ashley.miller@company.com,(763) 212-2414,Active
EMP032992,Sarah,Thomas,Sarah Thomas,42,IT,Manager,Seattle,70070.55,7097.09,2020-03-11,20,73.8,sarah.thomas@company.com,(618) 879-3431,Active
EMP032993,Jane,Rodriguez,Jane Rodriguez,52,Finance,Specialist,Los Angeles,104530.72,12431.64,2023-10-29,28,59.8,jane.rodriguez@company.com,(740) 779-6619,Active
EMP032994,Amanda,Jackson,Amanda Jackson,40,Legal,Coordinator,Seattle,83392.46,15976.93,2023-06-19,11,40.5,amanda.jackson@company.com,(850) 355-8584,Active
EMP032995,Lisa,Rodriguez,Lisa Rodriguez,31,Engineering,Analyst,Miami,82273.61,9774.93,2020-02-22,9,59.8,lisa.rodriguez@company.com,(439) 308-5975,Active
EMP032996,Anthony,Taylor,Anthony Taylor,54,Sales,Coordinator,New York,62341.68,547.98,2024-08-30,27,94.0,anthony.taylor@company.com,(734) 344-7028,Active
EMP032997,Nicole,Wilson,Nicole Wilson,57,IT,Specialist,Austin,113489.47,9903.8,2020-04-29,31,70.6,nicole.wilson@company.com,(324) 493-6228,Active
EMP032998,Jessica,Wilson,Jessica Wilson,37,Finance,Associate,Los Angeles,91848.32,7370.9,2020-04-23,10,100.0,jessica.wilson@company.com,(396) 209-5948,Active
EMP032999,Stephanie,Miller,Stephanie Miller,42,Operations,Senior Developer,San Francisco,63437.83,7901.94,2021-04-17,14,86.8,stephanie.miller@company.com,(748) 957-7004,Active
EMP033000,David,Moore,David Moore,24,Marketing,Analyst,Austin,64326.84,8791.17,2021-05-20,2,69.9,david.moore@company.com,(366) 346-1615,Active
EMP033001,James,Jackson,James Jackson,57,IT,Specialist,Seattle,83510.56,7097.89,2024-06-13,28,86.1,james.jackson@company.com,(546) 797-1838,Active
EMP033002,Melissa,Brown,Melissa Brown,23,Finance,Analyst,San Francisco,53481.34,6715.53,2024-04-08,0,53.7,melissa.brown@company.com,(859) 875-5278,Active
EMP033003,Jane,Taylor,Jane Taylor,34,Legal,Director,Los Angeles,62387.37,2263.38,2023-05-02,11,60.8,jane.taylor@company.com,(260) 942-1198,Inactive
EMP033004,Ashley,Smith,Ashley Smith,64,Sales,Analyst,Los Angeles,77529.72,2212.75,2023-01-21,36,73.7,ashley.smith@company.com,(355) 778-7873,Active
EMP033005,Stephanie,Rodriguez,Stephanie Rodriguez,33,Operations,Director,San Francisco,56319.61,8130.97,2022-03-05,9,81.8,stephanie.rodriguez@company.com,(685) 765-8447,Active
EMP033006,Lisa,Rodriguez,Lisa Rodriguez,27,Legal,Coordinator,Miami,59498.76,4242.68,2024-07-24,5,89.0,lisa.rodriguez@company.com,(623) 514-5467,Active
EMP033007,Stephanie,Brown,Stephanie Brown,29,Marketing,Coordinator,San Francisco,47226.52,2871.05,2022-04-23,4,59.9,stephanie.brown@company.com,(485) 834-9831,Active
EMP033008,William,Johnson,William Johnson,25,Marketing,Lead,Chicago,41510.99,2180.24,2023-08-20,0,69.2,william.johnson@company.com,(726) 428-7572,On Leave
EMP033009,James,Taylor,James Taylor,56,Legal,Lead,Austin,93106.34,11449.49,2023-12-17,32,78.8,james.taylor@company.com,(725) 843-2971,Active
EMP033010,William,Anderson,William Anderson,49,Engineering,Manager,Chicago,63927.53,6737.57,2024-08-18,20,62.0,william.anderson@company.com,(362) 217-9294,Active
EMP033011,Lisa,Johnson,Lisa Johnson,60,HR,Associate,Los Angeles,71738.33,9841.75,2023-08-12,33,63.8,lisa.johnson@company.com,(974) 698-6617,Active
EMP033012,Sarah,Garcia,Sarah Garcia,37,HR,Manager,New York,74055.47,14272.06,2024-07-15,13,100.0,sarah.garcia@company.com,(567) 306-4885,On Leave
EMP033013,Robert,Jackson,Robert Jackson,27,Marketing,Specialist,Seattle,37992.82,5439.87,2021-05-18,2,60.6,robert.jackson@company.com,(688) 325-5658,Active
EMP033014,John,Martinez,John Martinez,65,HR,Analyst,Chicago,122146.84,9891.32,2022-11-05,41,48.8,john.martinez@company.com,(670) 559-9544,Active
EMP033015,Christopher,Moore,Christopher Moore,32,IT,Coordinator,New York,53852.36,8166.75,2022-05-02,10,78.1,christopher.moore@company.com,(943) 809-6387,Active
EMP033016,Lisa,Anderson,Lisa Anderson,35,Finance,Coordinator,New York,70476.87,10001.41,2024-05-18,6,76.7,lisa.anderson@company.com,(960) 416-4174,Inactive
EMP033017,Christopher,Taylor,Christopher Taylor,46,Operations,Director,New York,53448.85,7519.65,2023-01-09,17,61.8,christopher.taylor@company.com,(800) 384-3140,Active
EMP033018,Christopher,Moore,Christopher Moore,30,IT,Analyst,Austin,62741.56,4513.17,2020-02-10,2,44.1,christopher.moore@company.com,(710) 220-8263,Active
EMP033019,Jane,Davis,Jane Davis,41,Sales,Director,New York,70324.61,11107.05,2021-02-01,16,84.0,jane.davis@company.com,(378) 751-1795,Active
EMP033020,Robert,Martinez,Robert Martinez,34,Sales,Analyst,Chicago,67661.49,9266.77,2022-03-06,9,83.5,robert.martinez@company.com,(750) 735-9604,Active
EMP033021,William,Gonzalez,William Gonzalez,39,IT,Analyst,Los Angeles,85629.32,1577.08,2022-07-22,11,77.2,william.gonzalez@company.com,(316) 893-8393,Active
EMP033022,William,Lopez,William Lopez,55,Operations,Coordinator,Chicago,67185.63,9422.72,2023-04-27,26,65.7,william.lopez@company.com,(760) 478-8631,Active
EMP033023,Nicole,Davis,Nicole Davis,23,Operations,Lead,Los Angeles,41736.16,3756.39,2024-01-01,1,68.5,nicole.davis@company.com,(501) 304-6881,Active
EMP033024,Matthew,Moore,Matthew Moore,57,Marketing,Specialist,Chicago,65771.95,8264.0,2020-06-21,28,57.9,matthew.moore@company.com,(215) 454-7044,Active
EMP033025,Melissa,Miller,Melissa Miller,46,Legal,Senior Developer,New York,85050.91,6478.66,2021-10-14,17,66.9,melissa.miller@company.com,(345) 764-4558,Active
EMP033026,David,Hernandez,David Hernandez,36,IT,Analyst,Los Angeles,98700.25,10194.65,2024-11-15,13,83.7,david.hernandez@company.com,(258) 889-3654,On Leave
EMP033027,John,Garcia,John Garcia,24,IT,Manager,Miami,56194.05,5821.5,2024-12-28,0,84.4,john.garcia@company.com,(712) 305-2140,Active
EMP033028,William,Anderson,William Anderson,27,IT,Manager,Los Angeles,77584.32,13631.27,2023-12-18,3,75.5,william.anderson@company.com,(538) 312-8658,Active
EMP033029,James,Johnson,James Johnson,33,Marketing,Manager,San Francisco,64693.34,7294.34,2023-01-19,9,100.0,james.johnson@company.com,(416) 888-9848,Active
EMP033030,Daniel,Williams,Daniel Williams,48,IT,Director,San Francisco,77727.85,7688.05,2021-07-21,26,82.6,daniel.williams@company.com,(844) 687-7898,Active
EMP033031,Sarah,Rodriguez,Sarah Rodriguez,28,Marketing,Lead,Chicago,74612.72,12718.11,2020-04-25,1,75.1,sarah.rodriguez@company.com,(657) 954-6538,Active
EMP033032,Amanda,Anderson,Amanda Anderson,57,Marketing,Analyst,Miami,90144.35,4873.38,2023-02-02,35,95.4,amanda.anderson@company.com,(378) 552-4592,Active
EMP033033,Jane,Thomas,Jane Thomas,48,Marketing,Associate,Miami,51009.9,5227.55,2020-04-05,19,100.0,jane.thomas@company.com,(572) 657-4270,Active
EMP033034,Matthew,Martin,Matthew Martin,60,Legal,Specialist,Austin,87273.29,9512.07,2023-05-29,35,63.3,matthew.martin@company.com,(913) 905-2684,Inactive
EMP033035,Amanda,Martinez,Amanda Martinez,56,IT,Lead,Miami,134125.67,15345.98,2020-06-29,32,58.2,amanda.martinez@company.com,(564) 713-2186,Active
EMP033036,Michael,Jackson,Michael Jackson,62,IT,Senior Developer,Boston,69064.26,9314.46,2020-02-06,36,58.5,michael.jackson@company.com,(315) 415-1289,Active
EMP033037,Robert,Taylor,Robert Taylor,58,Engineering,Analyst,New York,87015.99,4839.95,2023-02-05,29,80.3,robert.taylor@company.com,(789) 812-6216,Active
EMP033038,Anthony,Jones,Anthony Jones,46,Finance,Manager,Miami,83676.09,8743.35,2024-09-09,23,93.6,anthony.jones@company.com,(574) 697-7285,Active
EMP033039,Michael,Williams,Michael Williams,28,Legal,Senior Developer,Boston,65661.79,0.0,2024-11-24,6,50.1,michael.williams@company.com,(207) 245-1828,Active
EMP033040,Daniel,Jackson,Daniel Jackson,52,IT,Senior Developer,Boston,101084.25,9716.62,2024-11-16,29,85.8,daniel.jackson@company.com,(814) 416-3814,Active
EMP033041,James,Thomas,James Thomas,24,Engineering,Lead,Chicago,47079.91,1725.55,2022-11-28,0,82.2,james.thomas@company.com,(964) 230-2275,Active
EMP033042,William,Martinez,William Martinez,26,Finance,Senior Developer,Miami,81556.32,11901.85,2021-01-01,0,52.7,william.martinez@company.com,(329) 289-1888,Active
EMP033043,Stephanie,Thomas,Stephanie Thomas,34,Marketing,Coordinator,Chicago,64759.32,3318.81,2020-10-28,8,70.0,stephanie.thomas@company.com,(831) 986-4693,Active
EMP033044,Melissa,Miller,Melissa Miller,55,IT,Analyst,Miami,83084.5,11924.0,2020-06-04,30,89.4,melissa.miller@company.com,(817) 853-9862,Active
EMP033045,Stephanie,Hernandez,Stephanie Hernandez,32,Legal,Senior Developer,Austin,96414.78,4952.31,2020-06-14,5,67.9,stephanie.hernandez@company.com,(225) 592-6588,Active
EMP033046,Melissa,Hernandez,Melissa Hernandez,28,Sales,Associate,Austin,62858.38,7227.92,2023-06-27,1,78.6,melissa.hernandez@company.com,(253) 287-8438,Active
EMP033047,Nicole,Gonzalez,Nicole Gonzalez,40,IT,Senior Developer,New York,85590.7,6562.61,2020-12-23,18,68.3,nicole.gonzalez@company.com,(399) 874-3640,Inactive
EMP033048,Jane,Johnson,Jane Johnson,48,Sales,Analyst,San Francisco,75588.51,13063.53,2024-06-06,23,61.3,jane.johnson@company.com,(927) 598-5611,Active
EMP033049,Lisa,Taylor,Lisa Taylor,58,Sales,Senior Developer,New York,96694.82,6699.73,2022-07-17,34,70.6,lisa.taylor@company.com,(440) 542-4511,Active
EMP033050,William,Moore,William Moore,26,HR,Analyst,Boston,61177.97,7571.82,2024-04-15,2,57.9,william.moore@company.com,(250) 233-5293,Active
EMP033051,Daniel,Smith,Daniel Smith,32,Operations,Director,Seattle,62740.29,6800.95,2022-04-22,5,63.7,daniel.smith@company.com,(476) 807-1814,Active
EMP033052,Amanda,Anderson,Amanda Anderson,59,Marketing,Analyst,Los Angeles,94914.26,5016.83,2022-03-17,30,82.3,amanda.anderson@company.com,(528) 377-5642,Active
EMP033053,Ashley,Johnson,Ashley Johnson,62,Engineering,Analyst,Miami,112227.12,16390.37,2021-08-05,33,68.4,ashley.johnson@company.com,(847) 917-6461,Active
EMP033054,Amanda,Garcia,Amanda Garcia,33,Finance,Coordinator,San Francisco,79763.92,10099.59,2020-10-06,7,52.4,amanda.garcia@company.com,(528) 990-9336,Active
EMP033055,Nicole,Johnson,Nicole Johnson,22,Engineering,Director,Boston,52177.56,5142.94,2020-06-08,0,70.8,nicole.johnson@company.com,(457) 644-3873,Inactive
EMP033056,Anthony,Williams,Anthony Williams,38,Sales,Manager,Los Angeles,79768.25,11242.36,2023-03-28,12,60.3,anthony.williams@company.com,(403) 656-4799,Active
EMP033057,Michael,Martin,Michael Martin,28,Engineering,Manager,Austin,113350.29,7207.6,2024-12-15,6,84.7,michael.martin@company.com,(599) 301-6824,Active
EMP033058,Lisa,Hernandez,Lisa Hernandez,58,Marketing,Analyst,Miami,81671.09,11410.92,2024-04-30,33,79.1,lisa.hernandez@company.com,(608) 912-3352,Active
EMP033059,Michael,Jackson,Michael Jackson,39,Marketing,Director,Miami,78931.82,17355.29,2023-03-12,15,62.7,michael.jackson@company.com,(605) 791-5129,Active
EMP033060,Michael,Miller,Michael Miller,39,IT,Coordinator,Boston,61618.31,7130.82,2020-09-16,12,93.8,michael.miller@company.com,(583) 530-3995,Active
EMP033061,Emily,Anderson,Emily Anderson,30,Marketing,Manager,Chicago,36688.19,4333.22,2020-06-09,3,65.4,emily.anderson@company.com,(787) 282-7150,Inactive
EMP033062,Michael,Gonzalez,Michael Gonzalez,59,Marketing,Analyst,Boston,97276.77,13002.39,2024-08-19,36,84.5,michael.gonzalez@company.com,(366) 380-4744,Inactive
EMP033063,Lisa,Smith,Lisa Smith,46,IT,Lead,Los Angeles,105944.96,12268.87,2024-10-01,19,79.8,lisa.smith@company.com,(422) 938-3055,Active
EMP033064,Michael,Davis,Michael Davis,48,Finance,Director,Seattle,92614.83,13619.76,2024-12-04,22,74.1,michael.davis@company.com,(890) 749-9173,Inactive
EMP033065,James,Garcia,James Garcia,54,HR,Analyst,Austin,51220.18,5265.22,2022-02-17,31,93.9,james.garcia@company.com,(993) 714-9812,Active
EMP033066,Sarah,Jackson,Sarah Jackson,44,Marketing,Associate,New York,58856.17,4178.69,2020-04-20,19,83.5,sarah.jackson@company.com,(400) 734-6112,Active
EMP033067,Anthony,Jones,Anthony Jones,60,Operations,Senior Developer,Miami,74365.37,9645.38,2022-09-21,34,55.6,anthony.jones@company.com,(255) 226-2544,Active
EMP033068,Amanda,Moore,Amanda Moore,60,Engineering,Senior Developer,Los Angeles,131636.02,17072.45,2020-11-29,35,82.1,amanda.moore@company.com,(819) 653-1589,Active
EMP033069,William,Davis,William Davis,40,Engineering,Manager,Chicago,97053.73,11952.44,2023-09-30,14,61.6,william.davis@company.com,(504) 392-6901,Active
EMP033070,Emily,Thomas,Emily Thomas,56,Legal,Lead,Austin,102829.01,8850.99,2021-02-02,33,65.6,emily.thomas@company.com,(827) 345-8315,Inactive
EMP033071,Robert,Jackson,Robert Jackson,39,Operations,Director,Seattle,71081.21,10460.28,2022-09-13,16,70.7,robert.jackson@company.com,(609) 263-3633,Active
EMP033072,Stephanie,Anderson,Stephanie Anderson,65,IT,Coordinator,Miami,78033.71,6074.97,2023-07-10,41,92.7,stephanie.anderson@company.com,(663) 883-7073,Active
EMP033073,Emily,Moore,Emily Moore,42,Engineering,Lead,Seattle,76501.88,5542.17,2020-01-01,15,100.0,emily.moore@company.com,(875) 849-9787,Active
EMP033074,Jane,Jones,Jane Jones,42,Marketing,Senior Developer,Chicago,66219.07,7673.79,2021-08-01,15,54.9,jane.jones@company.com,(251) 546-6133,Active
EMP033075,Nicole,Hernandez,Nicole Hernandez,29,HR,Manager,Austin,29072.84,2789.84,2020-11-04,4,67.9,nicole.hernandez@company.com,(737) 214-8828,Active
EMP033076,John,Miller,John Miller,33,Operations,Manager,Chicago,56762.41,4967.14,2024-08-16,8,45.8,john.miller@company.com,(212) 386-6569,Active
EMP033077,Christopher,Johnson,Christopher Johnson,47,IT,Specialist,Los Angeles,85587.02,6470.27,2020-01-27,25,59.0,christopher.johnson@company.com,(754) 221-8640,Active
EMP033078,Stephanie,Moore,Stephanie Moore,63,Marketing,Senior Developer,Chicago,72667.64,1561.99,2024-12-16,37,90.5,stephanie.moore@company.com,(591) 393-1941,Active
EMP033079,Sarah,Garcia,Sarah Garcia,25,Operations,Manager,Seattle,58566.34,0.0,2020-04-24,0,46.6,sarah.garcia@company.com,(652) 260-9493,Active
EMP033080,Daniel,Davis,Daniel Davis,59,Sales,Director,Chicago,107311.61,0.0,2022-09-07,36,68.7,daniel.davis@company.com,(207) 922-1894,Inactive
EMP033081,Emily,Lopez,Emily Lopez,40,Legal,Associate,Miami,79404.56,6498.36,2024-01-02,18,78.0,emily.lopez@company.com,(215) 608-4934,On Leave
EMP033082,Robert,Rodriguez,Robert Rodriguez,31,Marketing,Manager,Seattle,45339.33,3328.6,2024-03-03,4,78.7,robert.rodriguez@company.com,(379) 385-7546,Active
EMP033083,Jessica,Hernandez,Jessica Hernandez,57,Engineering,Manager,San Francisco,119569.65,8946.44,2022-10-29,35,60.9,jessica.hernandez@company.com,(341) 218-2496,Active
EMP033084,Christopher,Anderson,Christopher Anderson,47,Marketing,Director,Austin,75418.83,9020.59,2020-08-20,23,78.3,christopher.anderson@company.com,(252) 308-8383,Active
EMP033085,John,Brown,John Brown,30,Sales,Specialist,Los Angeles,57070.97,3269.65,2023-07-29,2,48.3,john.brown@company.com,(792) 854-3169,Active
EMP033086,Emily,Martin,Emily Martin,39,HR,Associate,Miami,84593.7,8609.24,2021-09-27,17,81.9,emily.martin@company.com,(826) 717-1029,Active
EMP033087,Anthony,Jones,Anthony Jones,40,IT,Manager,Chicago,95632.89,8379.73,2021-06-24,13,100.0,anthony.jones@company.com,(598) 308-1818,Active
EMP033088,Emily,Williams,Emily Williams,64,Marketing,Associate,Seattle,101921.46,23317.51,2020-10-11,38,78.3,emily.williams@company.com,(911) 672-1571,Active
EMP033089,Daniel,Jones,Daniel Jones,51,Finance,Associate,Chicago,98954.99,12645.5,2024-11-01,28,82.4,daniel.jones@company.com,(399) 945-7975,On Leave
EMP033090,Stephanie,Martinez,Stephanie Martinez,59,Sales,Lead,Seattle,109260.55,10414.24,2021-02-24,34,98.5,stephanie.martinez@company.com,(284) 301-8117,On Leave
EMP033091,Jane,Garcia,Jane Garcia,46,IT,Director,Miami,74307.42,9807.94,2020-07-27,21,71.3,jane.garcia@company.com,(834) 628-9874,Inactive
EMP033092,Emily,Taylor,Emily Taylor,52,HR,Lead,New York,48698.07,0.0,2023-01-30,28,94.6,emily.taylor@company.com,(276) 228-4192,Active
EMP033093,Sarah,Brown,Sarah Brown,61,Operations,Analyst,Boston,62738.73,2181.97,2020-11-01,38,72.0,sarah.brown@company.com,(204) 572-6111,Active
EMP033094,Christopher,Jackson,Christopher Jackson,51,Legal,Coordinator,San Francisco,83268.45,11078.36,2023-02-21,29,58.7,christopher.jackson@company.com,(261) 224-3567,Inactive
EMP033095,Nicole,Gonzalez,Nicole Gonzalez,33,IT,Specialist,Seattle,93378.26,5278.71,2023-06-03,5,56.9,nicole.gonzalez@company.com,(200) 868-8285,Active
EMP033096,Emily,Moore,Emily Moore,41,Marketing,Analyst,Chicago,75330.11,1943.86,2024-08-22,18,60.7,emily.moore@company.com,(679) 375-4429,Active
EMP033097,Lisa,Davis,Lisa Davis,25,IT,Senior Developer,Los Angeles,69246.43,10228.76,2024-01-03,2,67.0,lisa.davis@company.com,(904) 680-2515,Active
EMP033098,William,Anderson,William Anderson,39,Legal,Coordinator,New York,82772.4,6661.19,2021-08-06,16,67.1,william.anderson@company.com,(942) 736-3137,Active
EMP033099,Jessica,Martinez,Jessica Martinez,32,Operations,Senior Developer,Miami,55821.28,4910.41,2020-12-15,4,66.6,jessica.martinez@company.com,(275) 833-9979,Active
EMP033100,Lisa,Gonzalez,Lisa Gonzalez,48,Engineering,Analyst,Los Angeles,70032.12,8191.63,2022-08-25,19,63.3,lisa.gonzalez@company.com,(295) 514-8679,Active
EMP033101,Nicole,Moore,Nicole Moore,30,Engineering,Analyst,Chicago,109540.44,13347.13,2023-02-10,3,75.0,nicole.moore@company.com,(360) 884-9616,Inactive
EMP033102,Robert,Jones,Robert Jones,32,HR,Manager,New York,82021.67,631.03,2020-07-17,5,48.0,robert.jones@company.com,(579) 687-2548,Active
EMP033103,Melissa,Smith,Melissa Smith,48,Sales,Director,Austin,102662.84,11193.29,2024-03-07,22,72.9,melissa.smith@company.com,(946) 639-7250,Active
EMP033104,Daniel,Garcia,Daniel Garcia,60,Marketing,Lead,New York,75729.77,7149.75,2021-11-04,37,78.2,daniel.garcia@company.com,(253) 898-6073,Inactive
EMP033105,Ashley,Williams,Ashley Williams,58,Legal,Coordinator,Los Angeles,70485.63,7565.47,2021-12-27,30,75.3,ashley.williams@company.com,(228) 797-4800,Active
EMP033106,Lisa,Brown,Lisa Brown,36,Legal,Manager,Austin,55084.98,1409.1,2023-02-09,9,76.1,lisa.brown@company.com,(938) 730-5210,Active
EMP033107,Daniel,Anderson,Daniel Anderson,62,Marketing,Director,San Francisco,68124.29,7294.61,2022-08-09,34,71.6,daniel.anderson@company.com,(550) 781-8504,Active
EMP033108,James,Davis,James Davis,62,Operations,Director,San Francisco,82915.55,8677.96,2024-06-09,36,76.8,james.davis@company.com,(765) 589-1087,Active
EMP033109,Melissa,Johnson,Melissa Johnson,45,Engineering,Senior Developer,Miami,110108.41,18843.94,2021-08-20,17,60.5,melissa.johnson@company.com,(411) 797-1676,Active
EMP033110,Christopher,Davis,Christopher Davis,31,IT,Lead,New York,94952.85,17988.04,2022-10-19,7,89.6,christopher.davis@company.com,(372) 228-8579,Active
EMP033111,Anthony,Davis,Anthony Davis,34,Operations,Specialist,Los Angeles,46482.9,4253.92,2021-10-28,9,85.4,anthony.davis@company.com,(453) 859-8468,Active
EMP033112,David,Miller,David Miller,22,IT,Lead,New York,77062.53,9649.79,2020-04-16,0,86.5,david.miller@company.com,(567) 479-2145,Inactive
EMP033113,Emily,Martin,Emily Martin,30,Sales,Lead,Los Angeles,67126.46,8203.56,2020-09-25,8,72.2,emily.martin@company.com,(612) 684-4181,Active
EMP033114,Amanda,Moore,Amanda Moore,37,Legal,Associate,New York,106317.18,6083.19,2021-05-10,13,81.9,amanda.moore@company.com,(606) 456-4038,Active
EMP033115,Anthony,Jackson,Anthony Jackson,56,Legal,Coordinator,Seattle,116561.56,4918.3,2020-09-24,29,61.4,anthony.jackson@company.com,(687) 584-8266,Active
EMP033116,Christopher,Martinez,Christopher Martinez,30,Engineering,Specialist,Austin,64289.34,3487.78,2021-01-23,1,67.4,christopher.martinez@company.com,(386) 969-3212,Active
EMP033117,Nicole,Garcia,Nicole Garcia,27,HR,Senior Developer,Austin,59758.52,6440.28,2022-11-03,3,89.4,nicole.garcia@company.com,(798) 478-9466,Active
EMP033118,Ashley,Gonzalez,Ashley Gonzalez,22,Legal,Specialist,Los Angeles,63982.91,5791.03,2023-10-30,0,83.1,ashley.gonzalez@company.com,(567) 897-3475,Inactive
EMP033119,Amanda,Martin,Amanda Martin,63,Finance,Associate,Miami,91760.44,8517.37,2020-07-05,41,55.8,amanda.martin@company.com,(319) 850-8168,On Leave
EMP033120,Melissa,Martin,Melissa Martin,64,Operations,Lead,Austin,81757.89,13677.5,2024-01-27,36,100.0,melissa.martin@company.com,(807) 785-3377,Active
EMP033121,Lisa,Garcia,Lisa Garcia,59,IT,Lead,Los Angeles,93858.23,11773.3,2020-12-29,30,100.0,lisa.garcia@company.com,(818) 667-4934,Active
EMP033122,Jessica,Hernandez,Jessica Hernandez,59,Sales,Coordinator,New York,55872.58,8412.56,2024-09-23,31,92.6,jessica.hernandez@company.com,(602) 817-5120,Active
EMP033123,Sarah,Rodriguez,Sarah Rodriguez,58,Engineering,Coordinator,Boston,112748.51,9996.58,2020-02-03,36,59.0,sarah.rodriguez@company.com,(381) 438-8992,Active
EMP033124,Sarah,Jones,Sarah Jones,58,Marketing,Director,Miami,85042.61,16125.17,2022-11-04,29,83.4,sarah.jones@company.com,(273) 643-8377,Active
EMP033125,Lisa,Brown,Lisa Brown,52,IT,Manager,San Francisco,95549.8,10114.97,2024-02-21,24,69.4,lisa.brown@company.com,(695) 641-9455,Active
EMP033126,Emily,Gonzalez,Emily Gonzalez,33,Engineering,Analyst,San Francisco,92187.15,13102.56,2024-05-29,10,97.5,emily.gonzalez@company.com,(318) 580-6730,Active
EMP033127,Amanda,Miller,Amanda Miller,44,Marketing,Analyst,Miami,63913.18,12096.75,2023-11-05,17,87.6,amanda.miller@company.com,(748) 395-3266,Active
EMP033128,Jessica,Gonzalez,Jessica Gonzalez,58,Sales,Manager,Austin,81633.98,16289.15,2020-06-15,32,60.8,jessica.gonzalez@company.com,(878) 596-2833,On Leave
EMP033129,Lisa,Jackson,Lisa Jackson,47,IT,Manager,San Francisco,75494.2,556.87,2021-02-25,23,97.4,lisa.jackson@company.com,(265) 769-6429,Active
EMP033130,Michael,Jones,Michael Jones,25,Finance,Specialist,Boston,61948.99,7599.09,2024-01-28,0,65.4,michael.jones@company.com,(947) 422-9219,Active
EMP033131,Sarah,Taylor,Sarah Taylor,54,Legal,Manager,Seattle,111384.4,12667.75,2024-01-30,26,85.0,sarah.taylor@company.com,(988) 254-2652,Active
EMP033132,Ashley,Anderson,Ashley Anderson,53,Sales,Associate,Miami,94314.99,6991.18,2023-06-13,29,49.5,ashley.anderson@company.com,(819) 548-6719,Active
EMP033133,Sarah,Martinez,Sarah Martinez,45,Legal,Lead,Miami,111844.7,12965.81,2024-02-11,19,72.8,sarah.martinez@company.com,(673) 919-6806,Active
EMP033134,David,Hernandez,David Hernandez,48,IT,Coordinator,Boston,86967.73,3828.17,2023-04-05,24,86.6,david.hernandez@company.com,(987) 307-5925,Inactive
EMP033135,Stephanie,Wilson,Stephanie Wilson,23,Legal,Associate,Austin,82159.53,10367.03,2021-09-17,0,75.0,stephanie.wilson@company.com,(379) 669-9647,Active
EMP033136,Jessica,Lopez,Jessica Lopez,53,Engineering,Associate,New York,69465.8,8146.53,2021-07-17,27,86.5,jessica.lopez@company.com,(514) 449-6398,Active
EMP033137,Ashley,Miller,Ashley Miller,47,Engineering,Specialist,Austin,113074.41,15905.79,2020-01-25,21,98.6,ashley.miller@company.com,(525) 565-9533,Active
EMP033138,Anthony,Thomas,Anthony Thomas,26,Finance,Manager,Austin,48919.93,348.24,2023-12-13,0,89.4,anthony.thomas@company.com,(865) 942-9877,Active
EMP033139,John,Wilson,John Wilson,50,Operations,Director,Miami,56188.29,9024.74,2020-08-03,28,80.7,john.wilson@company.com,(546) 312-4629,Active
EMP033140,Stephanie,Garcia,Stephanie Garcia,37,Operations,Senior Developer,San Francisco,65503.99,8989.05,2023-05-28,13,70.0,stephanie.garcia@company.com,(615) 595-3636,Inactive
EMP033141,Ashley,Moore,Ashley Moore,26,Finance,Analyst,New York,56084.21,9010.79,2020-07-28,4,68.2,ashley.moore@company.com,(429) 646-7262,Active
EMP033142,Anthony,Miller,Anthony Miller,47,Legal,Analyst,Miami,104749.74,344.39,2020-03-12,18,100.0,anthony.miller@company.com,(866) 214-8246,Active
EMP033143,Lisa,Davis,Lisa Davis,62,Operations,Senior Developer,Austin,87013.29,9319.62,2020-12-09,39,67.4,lisa.davis@company.com,(326) 346-4842,Active
EMP033144,Christopher,Davis,Christopher Davis,28,Legal,Lead,Seattle,93678.82,8990.75,2024-05-24,4,37.8,christopher.davis@company.com,(287) 803-6834,Active
EMP033145,John,Johnson,John Johnson,29,HR,Analyst,San Francisco,59746.96,3276.44,2020-04-03,1,76.3,john.johnson@company.com,(958) 810-5574,Active
EMP033146,Jane,Johnson,Jane Johnson,59,Sales,Associate,Seattle,87136.9,14255.29,2023-01-30,37,66.5,jane.johnson@company.com,(745) 265-7475,Active
EMP033147,Ashley,Garcia,Ashley Garcia,31,Legal,Analyst,San Francisco,88879.16,3857.62,2022-05-18,8,71.2,ashley.garcia@company.com,(378) 359-8739,Active
EMP033148,Melissa,Wilson,Melissa Wilson,41,Engineering,Manager,Seattle,71886.08,8059.56,2024-03-16,18,89.3,melissa.wilson@company.com,(548) 755-5588,Active
EMP033149,Stephanie,Williams,Stephanie Williams,27,HR,Director,Boston,43017.2,6981.21,2024-11-02,0,92.1,stephanie.williams@company.com,(535) 554-7478,Active
EMP033150,Lisa,Garcia,Lisa Garcia,51,Finance,Analyst,Los Angeles,84802.22,4066.73,2024-11-26,24,74.8,lisa.garcia@company.com,(887) 834-8925,Active
EMP033151,Melissa,Thomas,Melissa Thomas,42,IT,Coordinator,San Francisco,77530.34,5949.47,2022-01-24,13,69.5,melissa.thomas@company.com,(726) 264-9753,Inactive
EMP033152,Jane,Thomas,Jane Thomas,60,Engineering,Specialist,San Francisco,115010.18,3406.38,2024-08-24,36,84.6,jane.thomas@company.com,(725) 301-2513,Active
EMP033153,Jessica,Garcia,Jessica Garcia,25,IT,Director,Miami,88491.83,7569.0,2021-10-06,0,50.5,jessica.garcia@company.com,(340) 610-6283,Active
EMP033154,Lisa,Johnson,Lisa Johnson,40,Operations,Coordinator,Chicago,42621.09,3004.39,2023-03-04,12,97.2,lisa.johnson@company.com,(546) 295-7288,Active
EMP033155,Anthony,Johnson,Anthony Johnson,54,Sales,Director,Boston,81273.28,7931.57,2021-05-08,25,81.7,anthony.johnson@company.com,(345) 649-4451,Active
EMP033156,Daniel,Smith,Daniel Smith,50,Engineering,Associate,San Francisco,123999.18,18315.69,2024-03-12,25,100.0,daniel.smith@company.com,(274) 727-1178,Active
EMP033157,Amanda,Wilson,Amanda Wilson,40,Sales,Manager,Seattle,76392.6,7684.27,2021-07-09,16,74.9,amanda.wilson@company.com,(951) 883-5297,Active
EMP033158,Matthew,Smith,Matthew Smith,45,HR,Specialist,Miami,74950.21,3638.25,2023-09-02,23,80.2,matthew.smith@company.com,(558) 690-3649,Active
EMP033159,Stephanie,Taylor,Stephanie Taylor,64,Engineering,Analyst,Los Angeles,109359.67,4125.25,2023-11-03,41,64.0,stephanie.taylor@company.com,(654) 826-4746,Inactive
EMP033160,John,Martin,John Martin,61,Legal,Senior Developer,New York,138532.4,25648.48,2021-09-30,33,62.5,john.martin@company.com,(580) 225-5196,Inactive
EMP033161,Jessica,Brown,Jessica Brown,53,Sales,Specialist,Austin,50190.24,1391.12,2022-09-04,30,58.1,jessica.brown@company.com,(885) 919-3941,On Leave
EMP033162,Anthony,Miller,Anthony Miller,44,Marketing,Lead,Miami,69965.18,5525.72,2020-07-16,18,89.0,anthony.miller@company.com,(224) 416-8210,Active
EMP033163,Emily,Moore,Emily Moore,50,Finance,Specialist,Austin,109179.73,17007.17,2022-11-10,25,56.2,emily.moore@company.com,(624) 753-6580,Active
EMP033164,Anthony,Moore,Anthony Moore,34,Finance,Associate,Los Angeles,56261.94,1844.29,2021-03-11,8,100.0,anthony.moore@company.com,(699) 663-8480,Active
EMP033165,Stephanie,Moore,Stephanie Moore,51,IT,Director,Austin,105090.26,9002.77,2024-06-06,25,69.0,stephanie.moore@company.com,(340) 644-6329,Active
EMP033166,Nicole,Martinez,Nicole Martinez,57,Marketing,Lead,Miami,51813.2,5134.36,2023-06-03,34,52.0,nicole.martinez@company.com,(463) 798-3804,Active
EMP033167,William,Williams,William Williams,38,Marketing,Director,Chicago,67102.88,455.95,2022-12-29,12,68.8,william.williams@company.com,(535) 713-6661,Active
EMP033168,Matthew,Jones,Matthew Jones,32,Legal,Analyst,Austin,73188.48,5275.56,2022-12-18,8,92.8,matthew.jones@company.com,(396) 374-2385,Active
EMP033169,Michael,Martin,Michael Martin,59,Finance,Senior Developer,Chicago,119013.16,22064.03,2020-07-23,37,56.6,michael.martin@company.com,(266) 361-8258,Active
EMP033170,Stephanie,Martin,Stephanie Martin,23,Marketing,Lead,Austin,53800.84,9608.78,2020-10-03,0,52.2,stephanie.martin@company.com,(609) 826-2743,Active
EMP033171,Amanda,Lopez,Amanda Lopez,43,Operations,Specialist,New York,60914.75,7507.35,2024-02-08,16,85.1,amanda.lopez@company.com,(781) 380-2328,Active
EMP033172,Melissa,Jackson,Melissa Jackson,60,Operations,Manager,New York,84715.65,9836.79,2020-03-17,34,75.6,melissa.jackson@company.com,(895) 835-7522,Active
EMP033173,William,Moore,William Moore,32,Legal,Manager,Miami,85562.33,2899.12,2024-09-24,8,54.3,william.moore@company.com,(546) 569-7657,On Leave
EMP033174,Ashley,Johnson,Ashley Johnson,58,HR,Lead,Austin,70504.86,4906.03,2024-04-13,36,73.9,ashley.johnson@company.com,(772) 973-4697,Active
EMP033175,Emily,Gonzalez,Emily Gonzalez,42,Marketing,Director,New York,75531.07,12638.69,2022-05-24,18,94.4,emily.gonzalez@company.com,(686) 608-3978,Active
EMP033176,Sarah,Lopez,Sarah Lopez,25,Legal,Senior Developer,Chicago,69654.26,8354.94,2021-07-21,0,81.3,sarah.lopez@company.com,(703) 809-5694,Active
EMP033177,Jane,Miller,Jane Miller,59,Finance,Director,Miami,96906.47,8824.8,2024-03-20,31,77.9,jane.miller@company.com,(844) 575-7115,Inactive
EMP033178,Jane,Anderson,Jane Anderson,46,Sales,Specialist,Austin,103274.38,12787.79,2024-08-14,20,97.4,jane.anderson@company.com,(799) 723-2350,Active
EMP033179,Stephanie,Davis,Stephanie Davis,51,HR,Associate,Boston,79721.94,7336.52,2020-11-19,27,80.2,stephanie.davis@company.com,(938) 555-1010,Active
EMP033180,Ashley,Davis,Ashley Davis,40,Sales,Senior Developer,Boston,50902.31,3430.1,2020-02-06,12,68.6,ashley.davis@company.com,(510) 745-9266,Active
EMP033181,Jessica,Wilson,Jessica Wilson,39,Legal,Analyst,San Francisco,76127.68,3678.35,2020-02-24,10,64.2,jessica.wilson@company.com,(565) 611-7192,Active
EMP033182,Anthony,Wilson,Anthony Wilson,41,Engineering,Director,Seattle,79212.73,5815.34,2023-05-28,18,70.1,anthony.wilson@company.com,(254) 993-9187,Active
EMP033183,Lisa,Lopez,Lisa Lopez,37,Legal,Coordinator,Austin,68694.19,2255.63,2024-07-22,15,75.0,lisa.lopez@company.com,(783) 513-2380,Inactive
EMP033184,Ashley,Jones,Ashley Jones,32,Finance,Director,Seattle,52027.3,8950.37,2023-12-10,5,71.8,ashley.jones@company.com,(590) 760-6648,Active
EMP033185,David,Garcia,David Garcia,48,Legal,Analyst,Chicago,105045.45,2224.1,2020-12-05,19,83.6,david.garcia@company.com,(506) 702-8884,Active
EMP033186,Daniel,Miller,Daniel Miller,33,Sales,Specialist,Los Angeles,40076.24,521.86,2022-07-24,8,88.9,daniel.miller@company.com,(409) 526-7763,Inactive
EMP033187,Jane,Lopez,Jane Lopez,53,Sales,Specialist,San Francisco,72263.0,9513.34,2023-01-06,24,39.8,jane.lopez@company.com,(969) 392-9974,Active
EMP033188,Sarah,Martinez,Sarah Martinez,22,Operations,Specialist,Austin,55362.42,1939.75,2024-02-11,0,86.4,sarah.martinez@company.com,(578) 733-2703,Active
EMP033189,Emily,Martin,Emily Martin,55,Sales,Manager,Los Angeles,90648.75,13082.86,2020-12-31,27,75.5,emily.martin@company.com,(424) 250-1775,Active
EMP033190,Jessica,Miller,Jessica Miller,48,Operations,Director,San Francisco,77967.51,11095.1,2021-02-20,22,81.7,jessica.miller@company.com,(205) 764-2941,Inactive
EMP033191,Christopher,Gonzalez,Christopher Gonzalez,29,Finance,Senior Developer,Miami,90732.68,16314.51,2024-01-23,7,80.6,christopher.gonzalez@company.com,(335) 452-4727,Active
EMP033192,John,Martin,John Martin,40,Finance,Director,Miami,130827.35,25405.64,2022-11-17,15,48.5,john.martin@company.com,(555) 577-8838,Active
EMP033193,Stephanie,Davis,Stephanie Davis,30,Finance,Coordinator,Miami,72910.58,401.92,2020-06-29,2,74.2,stephanie.davis@company.com,(749) 571-5201,Inactive
EMP033194,Sarah,Martin,Sarah Martin,22,Finance,Senior Developer,Chicago,54981.53,5765.76,2023-10-14,0,79.8,sarah.martin@company.com,(847) 592-1104,Active
EMP033195,Sarah,Williams,Sarah Williams,62,IT,Specialist,Miami,116656.94,6558.55,2023-12-30,34,94.4,sarah.williams@company.com,(227) 256-3959,Active
EMP033196,David,Miller,David Miller,63,Finance,Specialist,Seattle,92907.78,0.0,2023-01-12,35,83.4,david.miller@company.com,(921) 862-2690,Active
EMP033197,Stephanie,Smith,Stephanie Smith,49,HR,Lead,Chicago,65104.94,2674.09,2020-07-05,25,46.6,stephanie.smith@company.com,(517) 880-7733,Active
EMP033198,James,Gonzalez,James Gonzalez,23,Sales,Specialist,Austin,51302.2,6013.59,2021-04-30,0,97.3,james.gonzalez@company.com,(658) 671-9404,Active
EMP033199,Melissa,Davis,Melissa Davis,39,Finance,Senior Developer,Los Angeles,98599.5,13202.27,2023-12-04,16,74.8,melissa.davis@company.com,(976) 807-9022,Active
EMP033200,John,Johnson,John Johnson,24,Sales,Director,Austin,41565.26,4919.58,2020-09-19,0,82.9,john.johnson@company.com,(341) 460-2261,Active
EMP033201,Emily,Martinez,Emily Martinez,52,Marketing,Manager,Los Angeles,95825.99,7386.89,2022-08-19,30,64.6,emily.martinez@company.com,(998) 754-4125,Active
EMP033202,Jessica,Garcia,Jessica Garcia,27,Sales,Associate,Boston,64919.79,5313.34,2022-08-29,0,85.2,jessica.garcia@company.com,(793) 730-2849,Active
EMP033203,Robert,Hernandez,Robert Hernandez,54,Operations,Analyst,Los Angeles,66665.92,10276.3,2023-01-23,32,40.8,robert.hernandez@company.com,(383) 357-9821,Active
EMP033204,Robert,Hernandez,Robert Hernandez,26,IT,Analyst,Miami,72092.76,8590.38,2022-09-01,0,93.6,robert.hernandez@company.com,(575) 791-7116,Active
EMP033205,Ashley,Gonzalez,Ashley Gonzalez,23,Legal,Lead,New York,92662.99,10838.42,2023-01-30,0,57.8,ashley.gonzalez@company.com,(786) 831-7897,Active
EMP033206,Lisa,Martinez,Lisa Martinez,46,Marketing,Associate,Chicago,72116.72,7132.84,2023-03-26,18,76.9,lisa.martinez@company.com,(570) 955-1126,Inactive
EMP033207,Matthew,Jones,Matthew Jones,43,Sales,Coordinator,Chicago,105974.79,16152.76,2020-04-25,21,87.1,matthew.jones@company.com,(962) 311-8297,Active
EMP033208,Christopher,Gonzalez,Christopher Gonzalez,32,Legal,Associate,Chicago,69536.43,6429.51,2022-05-04,3,65.5,christopher.gonzalez@company.com,(811) 377-3377,Active
EMP033209,Stephanie,Moore,Stephanie Moore,36,Engineering,Analyst,Boston,62864.26,6151.45,2023-01-06,12,83.2,stephanie.moore@company.com,(491) 684-6297,On Leave
EMP033210,Stephanie,Johnson,Stephanie Johnson,23,Engineering,Associate,Los Angeles,97682.54,5105.37,2021-08-03,0,59.9,stephanie.johnson@company.com,(822) 783-5852,Active
EMP033211,William,Williams,William Williams,48,HR,Specialist,Miami,53549.21,6848.63,2024-12-31,20,63.6,william.williams@company.com,(352) 974-7246,Active
EMP033212,Robert,Garcia,Robert Garcia,28,Sales,Associate,Chicago,30000.0,1411.08,2023-09-30,0,67.0,robert.garcia@company.com,(847) 744-6389,Active
EMP033213,Amanda,Davis,Amanda Davis,65,Engineering,Analyst,San Francisco,134403.81,19960.65,2022-01-03,43,85.3,amanda.davis@company.com,(308) 588-4222,Active
EMP033214,Christopher,Wilson,Christopher Wilson,56,Engineering,Senior Developer,Miami,119667.12,23088.51,2020-08-03,27,62.1,christopher.wilson@company.com,(524) 249-9293,Inactive
EMP033215,Stephanie,Davis,Stephanie Davis,29,Legal,Lead,Chicago,69699.12,12912.86,2022-02-16,4,90.5,stephanie.davis@company.com,(387) 968-8642,Inactive
EMP033216,Christopher,Rodriguez,Christopher Rodriguez,39,Engineering,Senior Developer,Chicago,42878.97,7810.95,2024-01-09,14,47.2,christopher.rodriguez@company.com,(266) 659-9275,Active
EMP033217,Lisa,Davis,Lisa Davis,34,Legal,Senior Developer,New York,87557.44,11559.16,2023-03-29,5,79.1,lisa.davis@company.com,(260) 410-8943,Inactive
EMP033218,Lisa,Moore,Lisa Moore,37,IT,Associate,Miami,97227.36,4114.29,2023-10-25,11,72.6,lisa.moore@company.com,(314) 242-7312,Inactive
EMP033219,Melissa,Jones,Melissa Jones,45,Sales,Coordinator,Seattle,62361.78,5378.66,2021-10-24,23,83.0,melissa.jones@company.com,(500) 321-4566,Active
EMP033220,Matthew,Miller,Matthew Miller,59,Sales,Coordinator,New York,74008.59,3865.07,2024-08-12,35,81.6,matthew.miller@company.com,(643) 389-9789,Active
EMP033221,Lisa,Wilson,Lisa Wilson,48,Engineering,Analyst,Seattle,72991.37,7237.96,2022-11-24,19,76.4,lisa.wilson@company.com,(282) 310-4889,Inactive
EMP033222,Robert,Anderson,Robert Anderson,43,Operations,Analyst,Chicago,55821.22,8000.53,2022-08-22,14,64.7,robert.anderson@company.com,(454) 852-6349,Active
EMP033223,Christopher,Jones,Christopher Jones,29,Operations,Director,Los Angeles,42738.13,4883.33,2020-08-29,3,72.5,christopher.jones@company.com,(474) 563-4449,Active
EMP033224,Michael,Jones,Michael Jones,57,IT,Lead,Los Angeles,101539.63,9951.75,2024-04-26,31,95.9,michael.jones@company.com,(245) 461-8871,Active
EMP033225,Melissa,Johnson,Melissa Johnson,22,Legal,Manager,Austin,81669.44,3062.94,2020-03-05,0,34.3,melissa.johnson@company.com,(770) 544-2670,Active
EMP033226,James,Anderson,James Anderson,29,Sales,Specialist,New York,81166.58,8088.44,2020-08-09,6,76.4,james.anderson@company.com,(849) 964-4310,Active
EMP033227,Melissa,Anderson,Melissa Anderson,44,Sales,Manager,Chicago,70020.53,6620.95,2022-12-07,17,88.0,melissa.anderson@company.com,(514) 469-1106,Active
EMP033228,Jane,Jackson,Jane Jackson,38,Marketing,Lead,Chicago,85974.55,14222.25,2022-01-15,12,82.7,jane.jackson@company.com,(311) 613-2773,Active
EMP033229,David,Jones,David Jones,23,Operations,Coordinator,Miami,54057.82,5098.34,2023-03-08,0,60.9,david.jones@company.com,(453) 545-8946,Active
EMP033230,Jessica,Johnson,Jessica Johnson,50,Engineering,Director,New York,106691.14,19189.87,2024-01-03,23,55.2,jessica.johnson@company.com,(726) 451-4043,Active
EMP033231,John,Davis,John Davis,38,IT,Specialist,Seattle,79207.05,1827.09,2023-03-14,14,71.1,john.davis@company.com,(426) 647-7778,Active
EMP033232,Emily,Smith,Emily Smith,33,Engineering,Specialist,Miami,56842.01,7223.77,2023-09-17,10,64.2,emily.smith@company.com,(678) 604-2849,Active
EMP033233,Daniel,Gonzalez,Daniel Gonzalez,60,Sales,Senior Developer,Seattle,97576.52,12144.78,2023-10-30,34,72.9,daniel.gonzalez@company.com,(543) 976-2739,Active
EMP033234,William,Garcia,William Garcia,53,Sales,Senior Developer,Los Angeles,97783.67,7879.45,2023-01-06,28,52.2,william.garcia@company.com,(639) 907-6383,Active
EMP033235,Ashley,Moore,Ashley Moore,41,Finance,Coordinator,New York,78633.37,12160.72,2023-12-11,15,83.8,ashley.moore@company.com,(821) 762-3389,Active
EMP033236,Jessica,Taylor,Jessica Taylor,65,IT,Coordinator,San Francisco,105886.32,11170.42,2023-10-01,41,84.5,jessica.taylor@company.com,(463) 749-4660,On Leave
EMP033237,Anthony,Lopez,Anthony Lopez,25,Operations,Specialist,Austin,41716.76,0.0,2024-10-07,0,66.6,anthony.lopez@company.com,(598) 782-1692,Active
EMP033238,Matthew,Davis,Matthew Davis,61,IT,Associate,Chicago,118081.67,3788.87,2020-07-01,38,87.3,matthew.davis@company.com,(615) 965-4538,Active
EMP033239,Amanda,Williams,Amanda Williams,65,Marketing,Lead,Austin,104095.1,12986.7,2021-12-18,43,95.7,amanda.williams@company.com,(818) 974-5791,Active
EMP033240,William,Johnson,William Johnson,39,HR,Senior Developer,New York,68876.32,1832.73,2024-10-21,11,72.7,william.johnson@company.com,(771) 474-2906,Active
EMP033241,Robert,Lopez,Robert Lopez,39,Sales,Manager,Miami,84553.52,9143.75,2023-08-17,13,52.2,robert.lopez@company.com,(265) 367-9553,Active
EMP033242,James,Garcia,James Garcia,30,Marketing,Lead,New York,44731.11,4355.37,2020-04-18,4,81.8,james.garcia@company.com,(511) 289-5526,Inactive
EMP033243,Jessica,Thomas,Jessica Thomas,35,Legal,Specialist,Austin,74752.29,16875.28,2024-03-15,9,88.4,jessica.thomas@company.com,(364) 717-6555,Active
EMP033244,Emily,Martin,Emily Martin,59,HR,Associate,New York,103507.0,9251.53,2024-01-18,34,65.8,emily.martin@company.com,(995) 328-9229,Active
EMP033245,Christopher,Wilson,Christopher Wilson,57,Operations,Director,Austin,83582.98,9397.85,2023-02-12,32,76.4,christopher.wilson@company.com,(431) 956-9358,Active
EMP033246,Jessica,Martinez,Jessica Martinez,43,Engineering,Director,Boston,76482.32,8562.82,2022-01-26,14,65.8,jessica.martinez@company.com,(831) 961-3028,Active
EMP033247,John,Smith,John Smith,41,HR,Coordinator,Seattle,64579.85,7232.82,2024-06-08,18,62.3,john.smith@company.com,(715) 630-1189,Active
EMP033248,Matthew,Martin,Matthew Martin,46,HR,Manager,Chicago,62127.83,2961.34,2023-09-22,18,73.2,matthew.martin@company.com,(226) 626-4177,Active
EMP033249,Anthony,Davis,Anthony Davis,34,Marketing,Coordinator,Boston,57773.34,7632.11,2024-05-20,10,89.9,anthony.davis@company.com,(508) 857-7704,Active
EMP033250,David,Hernandez,David Hernandez,60,Engineering,Specialist,Miami,129881.11,9660.73,2021-08-09,36,86.0,david.hernandez@company.com,(306) 918-1418,Active
EMP033251,Christopher,Jones,Christopher Jones,55,IT,Senior Developer,New York,74941.8,13711.18,2023-02-06,27,92.3,christopher.jones@company.com,(269) 871-6351,Active
EMP033252,Amanda,Jones,Amanda Jones,48,HR,Specialist,Los Angeles,65498.45,3037.7,2023-12-26,22,87.7,amanda.jones@company.com,(751) 899-2844,Active
EMP033253,Anthony,Jones,Anthony Jones,24,IT,Specialist,Miami,73597.07,11012.84,2022-07-15,2,87.6,anthony.jones@company.com,(871) 720-9072,Active
EMP033254,Amanda,Wilson,Amanda Wilson,25,Engineering,Specialist,Los Angeles,139184.01,282.54,2021-12-23,0,65.9,amanda.wilson@company.com,(699) 694-9647,Active
EMP033255,Anthony,Hernandez,Anthony Hernandez,22,HR,Senior Developer,Austin,45299.17,4217.5,2024-04-20,0,91.2,anthony.hernandez@company.com,(343) 395-9396,Inactive
EMP033256,David,Davis,David Davis,60,Marketing,Manager,Seattle,63500.72,10519.85,2022-07-12,31,61.0,david.davis@company.com,(267) 425-2223,Active
EMP033257,Anthony,Gonzalez,Anthony Gonzalez,42,Legal,Director,Chicago,118252.63,17561.21,2024-11-18,17,100.0,anthony.gonzalez@company.com,(971) 748-4660,Active
EMP033258,Melissa,Miller,Melissa Miller,38,IT,Lead,Seattle,84328.03,9533.52,2021-08-28,11,76.9,melissa.miller@company.com,(628) 643-5796,Inactive
EMP033259,Jessica,Gonzalez,Jessica Gonzalez,34,Sales,Coordinator,San Francisco,47555.08,5631.04,2020-10-27,9,84.1,jessica.gonzalez@company.com,(432) 866-6882,Active
EMP033260,Anthony,Jones,Anthony Jones,33,Marketing,Senior Developer,Boston,67048.83,5023.73,2022-07-24,8,93.0,anthony.jones@company.com,(593) 938-3552,On Leave
EMP033261,Melissa,Anderson,Melissa Anderson,32,Legal,Associate,New York,109783.72,7844.5,2021-03-01,4,61.7,melissa.anderson@company.com,(951) 346-2023,Active
EMP033262,Nicole,Hernandez,Nicole Hernandez,61,HR,Specialist,San Francisco,86198.31,4943.95,2022-02-15,34,91.2,nicole.hernandez@company.com,(738) 861-9900,Active
EMP033263,Amanda,Moore,Amanda Moore,57,Operations,Associate,Austin,90183.59,101.31,2020-01-27,30,96.6,amanda.moore@company.com,(371) 300-9347,Inactive
EMP033264,Anthony,Smith,Anthony Smith,24,Legal,Senior Developer,Los Angeles,82816.32,7113.06,2021-09-04,2,98.0,anthony.smith@company.com,(532) 958-4027,Active
EMP033265,Lisa,Gonzalez,Lisa Gonzalez,23,Operations,Senior Developer,New York,47379.52,1180.54,2023-12-19,0,62.5,lisa.gonzalez@company.com,(857) 580-2544,Active
EMP033266,Emily,Johnson,Emily Johnson,53,Marketing,Lead,Boston,95158.47,915.33,2022-01-29,31,92.9,emily.johnson@company.com,(931) 962-1748,Active
EMP033267,Daniel,Johnson,Daniel Johnson,32,IT,Associate,Los Angeles,52625.02,5124.41,2022-02-27,9,60.5,daniel.johnson@company.com,(229) 533-1358,Active
EMP033268,Matthew,Martinez,Matthew Martinez,50,Engineering,Specialist,San Francisco,97293.05,14638.3,2020-12-14,25,21.0,matthew.martinez@company.com,(616) 546-6242,Inactive
EMP033269,Michael,Johnson,Michael Johnson,45,Operations,Senior Developer,Boston,63885.76,2956.63,2024-03-23,16,67.5,michael.johnson@company.com,(215) 219-7558,Active
EMP033270,Lisa,Jones,Lisa Jones,22,HR,Manager,Seattle,48034.66,3247.27,2022-06-22,0,51.9,lisa.jones@company.com,(522) 606-6014,Active
EMP033271,Jessica,Martinez,Jessica Martinez,33,Marketing,Specialist,San Francisco,85802.07,7189.4,2020-10-17,4,77.8,jessica.martinez@company.com,(816) 511-7413,Active
EMP033272,Melissa,Garcia,Melissa Garcia,51,Sales,Associate,San Francisco,100166.18,18790.39,2024-11-05,29,78.6,melissa.garcia@company.com,(510) 600-6423,Active
EMP033273,Jane,Williams,Jane Williams,46,Operations,Specialist,Austin,79251.48,8747.91,2020-11-06,17,94.8,jane.williams@company.com,(826) 763-4308,Active
EMP033274,Jane,Hernandez,Jane Hernandez,63,Legal,Specialist,Seattle,132228.93,7793.01,2022-06-01,35,48.6,jane.hernandez@company.com,(760) 687-9280,Active
EMP033275,Christopher,Rodriguez,Christopher Rodriguez,33,Legal,Analyst,Austin,104718.06,10160.95,2020-08-28,5,62.7,christopher.rodriguez@company.com,(949) 745-3445,Active
EMP033276,Lisa,Brown,Lisa Brown,49,Finance,Manager,New York,79761.82,9797.98,2021-07-25,22,80.5,lisa.brown@company.com,(951) 432-4425,Active
EMP033277,William,Jones,William Jones,63,Finance,Coordinator,Miami,100016.65,20075.76,2022-08-15,38,67.9,william.jones@company.com,(522) 340-2354,Active
EMP033278,Nicole,Garcia,Nicole Garcia,59,Marketing,Coordinator,Boston,98259.24,10356.06,2024-08-20,34,60.5,nicole.garcia@company.com,(584) 981-1973,Active
EMP033279,David,Williams,David Williams,64,Finance,Coordinator,Miami,73327.48,5246.07,2024-09-15,39,83.8,david.williams@company.com,(897) 705-8279,Active
EMP033280,Lisa,Jackson,Lisa Jackson,26,Finance,Specialist,Los Angeles,77822.78,11452.72,2021-06-27,0,78.7,lisa.jackson@company.com,(908) 521-5212,Active
EMP033281,Nicole,Johnson,Nicole Johnson,63,Sales,Manager,Seattle,79117.55,1469.09,2022-10-12,35,64.6,nicole.johnson@company.com,(943) 602-1295,Active
EMP033282,Sarah,Martin,Sarah Martin,64,Sales,Director,Seattle,105144.94,4572.28,2020-02-18,39,76.4,sarah.martin@company.com,(681) 312-4850,Active
EMP033283,Melissa,Gonzalez,Melissa Gonzalez,34,Engineering,Specialist,Chicago,90120.42,10668.06,2020-11-10,8,93.3,melissa.gonzalez@company.com,(613) 389-9396,Active
EMP033284,Daniel,Davis,Daniel Davis,34,Finance,Coordinator,New York,89354.22,14585.31,2021-03-21,5,78.7,daniel.davis@company.com,(585) 943-9974,Active
EMP033285,Lisa,Wilson,Lisa Wilson,22,IT,Analyst,Los Angeles,57202.13,8513.97,2021-06-03,0,39.5,lisa.wilson@company.com,(925) 362-5782,Active
EMP033286,John,Davis,John Davis,64,Sales,Senior Developer,New York,101007.75,13457.49,2021-04-22,35,84.2,john.davis@company.com,(484) 943-5055,Active
EMP033287,Lisa,Wilson,Lisa Wilson,48,Finance,Associate,Boston,88462.01,3026.4,2024-06-09,22,89.8,lisa.wilson@company.com,(536) 633-7357,Active
EMP033288,Sarah,Gonzalez,Sarah Gonzalez,59,IT,Lead,New York,91614.61,8664.33,2021-01-30,35,74.9,sarah.gonzalez@company.com,(823) 584-6151,Active
EMP033289,William,Wilson,William Wilson,33,Marketing,Coordinator,Boston,63097.12,7148.95,2024-07-06,4,61.5,william.wilson@company.com,(889) 652-1634,Inactive
EMP033290,James,Wilson,James Wilson,50,Engineering,Lead,Seattle,99871.15,7888.31,2022-02-13,23,78.2,james.wilson@company.com,(916) 691-4810,Active
EMP033291,Melissa,Lopez,Melissa Lopez,40,IT,Analyst,Los Angeles,110733.28,10822.65,2020-12-28,15,70.4,melissa.lopez@company.com,(571) 358-5083,Active
EMP033292,Anthony,Martinez,Anthony Martinez,37,Operations,Associate,Seattle,32376.75,3300.13,2021-02-12,8,84.0,anthony.martinez@company.com,(377) 486-2500,Active
EMP033293,Emily,Moore,Emily Moore,28,Finance,Specialist,Austin,74358.88,7300.49,2024-02-09,5,100.0,emily.moore@company.com,(740) 372-4052,Active
EMP033294,Daniel,Smith,Daniel Smith,57,Operations,Director,Los Angeles,81813.1,8274.33,2023-01-09,29,69.7,daniel.smith@company.com,(961) 388-9586,Active
EMP033295,Anthony,Williams,Anthony Williams,40,Finance,Manager,Los Angeles,63525.07,1841.84,2020-10-26,12,97.8,anthony.williams@company.com,(223) 939-8487,Active
EMP033296,Daniel,Davis,Daniel Davis,40,HR,Lead,Boston,62706.61,10786.9,2022-01-11,15,86.9,daniel.davis@company.com,(383) 337-8580,Active
EMP033297,Sarah,Brown,Sarah Brown,35,IT,Specialist,Austin,63743.85,3064.35,2021-04-25,9,43.7,sarah.brown@company.com,(551) 633-3323,Active
EMP033298,Anthony,Johnson,Anthony Johnson,46,IT,Analyst,Miami,128528.05,15735.5,2020-08-28,19,73.3,anthony.johnson@company.com,(820) 635-1389,Active
EMP033299,Nicole,Taylor,Nicole Taylor,29,IT,Lead,Seattle,80150.55,13423.51,2021-02-17,5,80.6,nicole.taylor@company.com,(745) 909-7473,Active
EMP033300,Melissa,Garcia,Melissa Garcia,38,Marketing,Senior Developer,Austin,83885.84,8283.73,2022-01-09,13,68.3,melissa.garcia@company.com,(597) 895-5958,Active
EMP033301,Daniel,Johnson,Daniel Johnson,53,IT,Senior Developer,Chicago,110436.05,10110.53,2023-09-23,25,96.9,daniel.johnson@company.com,(538) 952-3506,Active
EMP033302,John,Jackson,John Jackson,41,Sales,Director,Chicago,75774.65,5127.07,2021-07-31,16,89.1,john.jackson@company.com,(912) 476-4503,On Leave
EMP033303,Emily,Davis,Emily Davis,55,HR,Coordinator,San Francisco,60743.99,1823.35,2023-12-20,31,40.4,emily.davis@company.com,(740) 269-4221,Active
EMP033304,Nicole,Johnson,Nicole Johnson,22,Operations,Coordinator,Miami,43185.98,4393.72,2022-01-17,0,90.7,nicole.johnson@company.com,(311) 860-7333,Active
EMP033305,Emily,Smith,Emily Smith,27,Engineering,Associate,New York,45125.88,949.24,2021-01-03,5,85.9,emily.smith@company.com,(432) 977-5838,Active
EMP033306,Stephanie,Smith,Stephanie Smith,63,Marketing,Lead,Austin,105601.58,6031.99,2023-11-09,37,95.0,stephanie.smith@company.com,(573) 975-8853,Active
EMP033307,John,Jones,John Jones,34,Finance,Associate,Austin,85955.35,5193.45,2021-05-06,6,66.8,john.jones@company.com,(880) 303-8955,On Leave
EMP033308,Lisa,Miller,Lisa Miller,24,HR,Lead,Austin,42974.32,850.97,2020-02-05,0,49.0,lisa.miller@company.com,(825) 383-3188,Inactive
EMP033309,William,Thomas,William Thomas,64,IT,Coordinator,Miami,88674.82,17217.13,2024-04-22,37,54.4,william.thomas@company.com,(545) 748-4914,Active
EMP033310,Nicole,Brown,Nicole Brown,50,Finance,Senior Developer,Los Angeles,96295.9,0.0,2024-05-09,21,79.1,nicole.brown@company.com,(518) 548-3552,Active
EMP033311,Ashley,Smith,Ashley Smith,46,Legal,Lead,San Francisco,110528.84,3175.57,2024-03-19,19,64.0,ashley.smith@company.com,(884) 800-7776,Active
EMP033312,Jane,Garcia,Jane Garcia,45,Marketing,Lead,Chicago,57048.61,4738.28,2024-12-27,17,96.5,jane.garcia@company.com,(577) 233-4368,Active
EMP033313,Ashley,Martin,Ashley Martin,48,Marketing,Lead,Chicago,51906.53,9353.33,2021-11-17,19,54.8,ashley.martin@company.com,(315) 659-4094,Active
EMP033314,Melissa,Anderson,Melissa Anderson,50,Sales,Director,Los Angeles,88055.07,2571.16,2022-11-16,25,94.1,melissa.anderson@company.com,(302) 599-5405,On Leave
EMP033315,William,Jackson,William Jackson,51,Marketing,Director,Los Angeles,75137.45,7843.19,2022-12-14,23,72.3,william.jackson@company.com,(531) 810-2281,Active
EMP033316,Sarah,Miller,Sarah Miller,43,Sales,Director,Los Angeles,67414.59,10137.6,2023-12-20,20,66.3,sarah.miller@company.com,(653) 506-3813,Active
EMP033317,Melissa,Jackson,Melissa Jackson,23,Legal,Associate,Boston,74751.89,6607.93,2021-03-02,0,95.3,melissa.jackson@company.com,(497) 574-7991,Active
EMP033318,Jane,Gonzalez,Jane Gonzalez,46,Engineering,Associate,San Francisco,113599.16,18105.33,2021-10-03,22,40.2,jane.gonzalez@company.com,(815) 879-4626,Active
EMP033319,Daniel,Jones,Daniel Jones,43,Sales,Associate,Boston,78547.38,13033.49,2020-05-16,21,55.7,daniel.jones@company.com,(724) 790-2593,On Leave
EMP033320,Lisa,Taylor,Lisa Taylor,23,IT,Director,Miami,40810.72,5971.5,2021-07-02,0,67.0,lisa.taylor@company.com,(221) 865-5768,Active
EMP033321,Sarah,Gonzalez,Sarah Gonzalez,56,Legal,Associate,Seattle,122549.0,12535.08,2021-01-19,31,66.8,sarah.gonzalez@company.com,(560) 586-8359,Active
EMP033322,Amanda,Wilson,Amanda Wilson,55,Finance,Analyst,Los Angeles,98121.7,10292.12,2022-06-21,28,79.9,amanda.wilson@company.com,(970) 629-9472,Active
EMP033323,Stephanie,Hernandez,Stephanie Hernandez,40,Finance,Specialist,Austin,80206.63,8247.08,2022-11-01,11,56.6,stephanie.hernandez@company.com,(584) 832-8164,Active
EMP033324,Daniel,Martin,Daniel Martin,60,Marketing,Analyst,Seattle,93224.77,0.0,2022-05-18,34,77.2,daniel.martin@company.com,(378) 472-7911,Active
EMP033325,John,Martinez,John Martinez,32,Sales,Analyst,Boston,58658.8,5468.22,2022-12-27,3,75.3,john.martinez@company.com,(337) 695-1615,Active
EMP033326,James,Anderson,James Anderson,60,Marketing,Lead,New York,100532.31,12074.29,2024-12-01,31,62.2,james.anderson@company.com,(469) 917-5367,Active
EMP033327,William,Wilson,William Wilson,28,HR,Senior Developer,Miami,37287.74,8263.42,2020-02-09,0,88.2,william.wilson@company.com,(751) 304-3514,Active
EMP033328,Lisa,Johnson,Lisa Johnson,36,Sales,Director,Los Angeles,46439.28,4993.4,2022-09-26,11,82.9,lisa.johnson@company.com,(805) 249-4903,Active
EMP033329,Sarah,Smith,Sarah Smith,53,Legal,Associate,New York,141962.07,20384.47,2024-07-01,24,88.3,sarah.smith@company.com,(789) 212-5176,Inactive
EMP033330,Sarah,Williams,Sarah Williams,64,HR,Coordinator,New York,65505.81,5107.19,2020-10-13,41,89.9,sarah.williams@company.com,(467) 502-2517,Active
EMP033331,Daniel,Hernandez,Daniel Hernandez,24,Legal,Analyst,Seattle,65497.39,5167.59,2022-02-04,0,83.1,daniel.hernandez@company.com,(228) 422-5362,Active
EMP033332,Anthony,Hernandez,Anthony Hernandez,25,Engineering,Senior Developer,Austin,91186.95,18358.76,2022-11-10,0,100.0,anthony.hernandez@company.com,(272) 637-8265,Active
EMP033333,David,Martinez,David Martinez,62,Operations,Associate,New York,68430.84,4355.05,2022-05-11,40,51.1,david.martinez@company.com,(876) 641-8363,Inactive
EMP033334,Daniel,Thomas,Daniel Thomas,34,Operations,Coordinator,Boston,75125.5,8597.38,2021-10-04,11,81.7,daniel.thomas@company.com,(338) 324-2212,Active
EMP033335,William,Taylor,William Taylor,31,Sales,Associate,New York,66340.42,6849.29,2022-10-01,9,55.8,william.taylor@company.com,(663) 424-2627,Active
EMP033336,Melissa,Martin,Melissa Martin,59,Legal,Specialist,Los Angeles,117448.79,12864.54,2022-06-30,36,92.3,melissa.martin@company.com,(933) 699-8032,Active
EMP033337,John,Smith,John Smith,49,Sales,Associate,Los Angeles,99375.93,3423.64,2021-09-25,20,72.2,john.smith@company.com,(585) 941-7130,Active
EMP033338,John,Taylor,John Taylor,46,Sales,Associate,New York,76661.07,11321.15,2023-09-01,17,64.1,john.taylor@company.com,(221) 450-4512,Active
EMP033339,Jessica,Rodriguez,Jessica Rodriguez,64,Engineering,Specialist,Chicago,127313.03,0.0,2021-02-10,37,63.0,jessica.rodriguez@company.com,(446) 670-7335,Active
EMP033340,William,Davis,William Davis,43,Sales,Director,Austin,70783.17,4071.51,2022-04-18,14,76.3,william.davis@company.com,(582) 767-5075,Active
EMP033341,Matthew,Hernandez,Matthew Hernandez,26,Finance,Specialist,Seattle,79558.05,2882.35,2023-10-31,4,58.7,matthew.hernandez@company.com,(960) 893-6963,Active
EMP033342,Jane,Martin,Jane Martin,42,Operations,Manager,New York,71416.64,11740.24,2021-08-10,17,78.8,jane.martin@company.com,(970) 222-1892,Active
EMP033343,Sarah,Jones,Sarah Jones,52,Operations,Associate,Chicago,65660.97,10905.77,2020-06-13,26,57.9,sarah.jones@company.com,(846) 254-7002,Active
EMP033344,Amanda,Moore,Amanda Moore,54,Legal,Analyst,New York,102206.3,0.0,2022-03-07,31,100.0,amanda.moore@company.com,(455) 740-2755,Active
EMP033345,Nicole,Gonzalez,Nicole Gonzalez,22,Finance,Specialist,Austin,71176.4,9326.06,2021-11-14,0,59.7,nicole.gonzalez@company.com,(364) 789-3025,Active
EMP033346,Nicole,Smith,Nicole Smith,34,Marketing,Director,Los Angeles,28500.0,344.17,2021-04-14,12,69.5,nicole.smith@company.com,(272) 832-4048,Active
EMP033347,William,Martin,William Martin,37,Marketing,Specialist,Seattle,44125.42,5838.55,2022-08-18,12,100.0,william.martin@company.com,(280) 390-7892,Active
EMP033348,David,Hernandez,David Hernandez,56,Finance,Director,Miami,76774.49,4122.35,2020-03-27,27,55.2,david.hernandez@company.com,(252) 344-9230,Active
EMP033349,John,Smith,John Smith,61,IT,Manager,Miami,88068.95,9518.16,2023-04-09,33,98.1,john.smith@company.com,(845) 500-6796,Active
EMP033350,Jane,Williams,Jane Williams,59,HR,Senior Developer,Seattle,73522.88,14825.68,2023-09-18,37,97.2,jane.williams@company.com,(806) 419-4047,Inactive
EMP033351,John,Anderson,John Anderson,65,Marketing,Associate,Boston,89565.94,8548.99,2022-06-24,41,72.7,john.anderson@company.com,(666) 958-5838,Active
EMP033352,Jessica,Johnson,Jessica Johnson,24,Legal,Specialist,Seattle,79518.99,3182.68,2022-09-06,0,66.6,jessica.johnson@company.com,(930) 213-7812,Active
EMP033353,Jessica,Davis,Jessica Davis,64,Marketing,Lead,New York,104021.03,9742.86,2020-03-07,35,99.8,jessica.davis@company.com,(827) 437-6455,Active
EMP033354,Jane,Garcia,Jane Garcia,45,Legal,Lead,Boston,87685.84,9656.32,2023-09-18,20,73.5,jane.garcia@company.com,(779) 904-9313,Active
EMP033355,John,Moore,John Moore,58,Finance,Associate,Boston,118455.82,16236.32,2022-09-23,33,54.9,john.moore@company.com,(891) 501-8750,Active
EMP033356,Anthony,Gonzalez,Anthony Gonzalez,65,Legal,Coordinator,Miami,105872.34,16654.2,2021-03-14,40,59.9,anthony.gonzalez@company.com,(902) 865-7066,Inactive
EMP033357,Stephanie,Davis,Stephanie Davis,63,HR,Senior Developer,Seattle,103717.12,11230.01,2024-07-02,40,65.6,stephanie.davis@company.com,(444) 706-9741,Active
EMP033358,Matthew,Williams,Matthew Williams,45,Marketing,Coordinator,Seattle,95367.48,19302.92,2021-02-16,16,87.5,matthew.williams@company.com,(876) 257-9584,Active
EMP033359,Anthony,Brown,Anthony Brown,65,HR,Associate,Los Angeles,61197.22,2570.0,2021-10-19,39,54.0,anthony.brown@company.com,(341) 772-1162,Active
EMP033360,Nicole,Smith,Nicole Smith,61,HR,Lead,New York,98327.37,13456.18,2023-07-12,38,87.4,nicole.smith@company.com,(430) 749-8754,Active
EMP033361,Stephanie,Gonzalez,Stephanie Gonzalez,29,Engineering,Coordinator,Chicago,101498.57,682.9,2023-03-15,7,66.6,stephanie.gonzalez@company.com,(782) 441-9372,Active
EMP033362,Anthony,Gonzalez,Anthony Gonzalez,39,Sales,Lead,Seattle,70677.66,6882.11,2020-02-09,10,88.6,anthony.gonzalez@company.com,(816) 525-8576,Active
EMP033363,William,Taylor,William Taylor,59,IT,Specialist,Austin,87039.94,5446.21,2020-12-04,30,62.0,william.taylor@company.com,(940) 988-4671,Active
EMP033364,Robert,Moore,Robert Moore,47,IT,Specialist,Austin,92466.68,13104.14,2023-07-02,24,61.3,robert.moore@company.com,(319) 928-6956,Active
EMP033365,John,Williams,John Williams,61,Finance,Coordinator,New York,88086.02,11966.32,2020-04-27,33,99.7,john.williams@company.com,(454) 588-8513,Inactive
EMP033366,Sarah,Moore,Sarah Moore,48,Finance,Senior Developer,Austin,79587.02,12545.79,2020-07-28,22,83.4,sarah.moore@company.com,(603) 384-7640,On Leave
EMP033367,Nicole,Moore,Nicole Moore,22,HR,Coordinator,Seattle,51723.68,5353.1,2022-07-23,0,62.4,nicole.moore@company.com,(474) 967-2901,Active
EMP033368,Christopher,Miller,Christopher Miller,42,Engineering,Director,Seattle,97737.39,10463.8,2021-10-23,18,77.4,christopher.miller@company.com,(871) 574-1730,Active
EMP033369,John,Lopez,John Lopez,64,Finance,Senior Developer,Seattle,90159.63,8169.39,2023-02-19,36,75.3,john.lopez@company.com,(900) 524-1455,Active
EMP033370,Christopher,Martin,Christopher Martin,32,Finance,Manager,Los Angeles,80217.0,6986.86,2024-03-09,9,83.2,christopher.martin@company.com,(562) 482-4164,Active
EMP033371,Anthony,Garcia,Anthony Garcia,65,IT,Manager,Los Angeles,128613.52,4313.78,2024-01-03,37,61.3,anthony.garcia@company.com,(755) 528-7355,Active
EMP033372,Sarah,Garcia,Sarah Garcia,64,Marketing,Analyst,Miami,91932.53,7205.78,2021-09-08,37,78.1,sarah.garcia@company.com,(909) 868-2531,Active
EMP033373,Christopher,Wilson,Christopher Wilson,24,HR,Specialist,Chicago,47742.12,7622.64,2022-07-30,0,43.6,christopher.wilson@company.com,(322) 843-1592,Active
EMP033374,Stephanie,Miller,Stephanie Miller,42,Sales,Associate,Miami,72672.65,7278.6,2020-03-27,15,89.9,stephanie.miller@company.com,(554) 554-5394,Active
EMP033375,John,Taylor,John Taylor,60,IT,Manager,Miami,97887.93,3735.82,2022-04-20,33,70.6,john.taylor@company.com,(486) 564-1028,Active
EMP033376,Michael,Martinez,Michael Martinez,27,HR,Manager,New York,43947.97,3028.24,2020-11-23,0,96.0,michael.martinez@company.com,(278) 455-1565,Active
EMP033377,Jessica,Garcia,Jessica Garcia,53,Operations,Manager,Miami,49868.79,4187.19,2024-12-30,30,84.0,jessica.garcia@company.com,(306) 993-8498,Active
EMP033378,David,Williams,David Williams,34,Engineering,Lead,Boston,100007.25,4241.46,2021-12-18,6,91.0,david.williams@company.com,(817) 610-8271,Active
EMP033379,William,Lopez,William Lopez,48,Sales,Analyst,Miami,89254.62,4360.83,2024-04-10,25,71.7,william.lopez@company.com,(791) 760-6257,Inactive
EMP033380,Stephanie,Moore,Stephanie Moore,49,Legal,Senior Developer,Los Angeles,97284.87,7460.62,2021-09-19,23,92.6,stephanie.moore@company.com,(260) 819-9729,Active
EMP033381,Anthony,Brown,Anthony Brown,40,Operations,Specialist,Seattle,37293.92,2390.0,2023-08-24,17,84.1,anthony.brown@company.com,(528) 939-2131,Active
EMP033382,Robert,Jackson,Robert Jackson,37,IT,Senior Developer,New York,96954.92,15897.09,2021-02-04,10,91.3,robert.jackson@company.com,(802) 877-9516,Active
EMP033383,John,Miller,John Miller,64,Finance,Manager,Seattle,86035.47,0.0,2020-01-20,37,69.6,john.miller@company.com,(542) 614-3269,Active
EMP033384,Sarah,Anderson,Sarah Anderson,46,Operations,Analyst,San Francisco,52417.09,4907.08,2023-11-07,17,55.4,sarah.anderson@company.com,(306) 236-9404,Active
EMP033385,Jessica,Anderson,Jessica Anderson,52,Finance,Associate,San Francisco,80600.33,4931.92,2021-04-29,23,67.2,jessica.anderson@company.com,(301) 203-2282,Active
EMP033386,Sarah,Garcia,Sarah Garcia,53,Operations,Senior Developer,Chicago,53925.4,5835.62,2023-03-20,29,68.8,sarah.garcia@company.com,(441) 272-5298,Active
EMP033387,Robert,Thomas,Robert Thomas,51,Finance,Director,Seattle,103800.5,13233.82,2023-03-14,23,54.7,robert.thomas@company.com,(596) 339-8163,Active
EMP033388,Ashley,Lopez,Ashley Lopez,61,Sales,Coordinator,Boston,90933.39,6129.99,2022-05-17,35,47.9,ashley.lopez@company.com,(959) 466-4533,Active
EMP033389,Anthony,Johnson,Anthony Johnson,42,IT,Lead,Boston,94031.55,18220.57,2020-12-12,18,72.0,anthony.johnson@company.com,(870) 850-9324,Active
EMP033390,Nicole,Gonzalez,Nicole Gonzalez,58,HR,Analyst,Chicago,65691.29,7157.88,2023-10-07,35,70.1,nicole.gonzalez@company.com,(489) 359-9408,Active
EMP033391,Christopher,Taylor,Christopher Taylor,39,Sales,Coordinator,Miami,80165.04,4705.48,2024-09-13,16,84.2,christopher.taylor@company.com,(222) 946-3492,Active
EMP033392,David,Brown,David Brown,52,IT,Lead,San Francisco,81720.74,7607.09,2021-07-05,23,59.1,david.brown@company.com,(944) 654-9302,Active
EMP033393,Michael,Jones,Michael Jones,33,Finance,Coordinator,Seattle,66876.32,8605.43,2021-05-11,4,88.6,michael.jones@company.com,(887) 588-4015,Active
EMP033394,Matthew,Wilson,Matthew Wilson,58,Marketing,Director,Boston,58930.44,4677.06,2022-10-15,36,77.9,matthew.wilson@company.com,(212) 687-7368,Active
EMP033395,Robert,Smith,Robert Smith,61,Marketing,Senior Developer,Seattle,80752.64,13448.93,2024-06-19,39,59.9,robert.smith@company.com,(811) 455-5986,Active
EMP033396,Melissa,Wilson,Melissa Wilson,24,Finance,Director,Chicago,63379.7,4554.71,2021-10-19,0,64.3,melissa.wilson@company.com,(295) 285-2381,Active
EMP033397,Daniel,Wilson,Daniel Wilson,40,Marketing,Lead,Los Angeles,76835.73,7338.09,2022-03-14,18,55.9,daniel.wilson@company.com,(489) 540-1423,Active
EMP033398,Sarah,Brown,Sarah Brown,49,Engineering,Specialist,Los Angeles,123140.05,16417.51,2020-12-25,21,48.4,sarah.brown@company.com,(345) 289-5881,Active
EMP033399,Daniel,Brown,Daniel Brown,64,Sales,Director,Seattle,79725.15,4304.17,2023-09-21,41,94.0,daniel.brown@company.com,(772) 330-7460,Active
EMP033400,David,Anderson,David Anderson,28,Operations,Coordinator,Boston,25500.0,4014.1,2024-05-28,1,79.3,david.anderson@company.com,(525) 929-8545,Active
EMP033401,Anthony,Lopez,Anthony Lopez,43,Legal,Associate,New York,112064.81,9800.12,2020-04-04,21,58.4,anthony.lopez@company.com,(536) 216-5229,Active
EMP033402,Emily,Wilson,Emily Wilson,57,Operations,Manager,Chicago,80636.74,7605.52,2020-09-16,30,98.8,emily.wilson@company.com,(629) 322-3258,Active
EMP033403,William,Hernandez,William Hernandez,50,Legal,Associate,San Francisco,102579.28,11588.37,2023-11-23,23,36.6,william.hernandez@company.com,(393) 669-2825,Active
EMP033404,Nicole,Hernandez,Nicole Hernandez,53,Sales,Director,Miami,84014.77,0.0,2023-12-15,27,74.4,nicole.hernandez@company.com,(318) 201-3174,Active
EMP033405,David,Jones,David Jones,38,Finance,Analyst,Miami,61789.55,6951.41,2020-06-30,10,77.8,david.jones@company.com,(955) 685-1807,Active
EMP033406,Melissa,Wilson,Melissa Wilson,35,Legal,Senior Developer,Chicago,90186.67,12339.83,2023-03-14,6,50.0,melissa.wilson@company.com,(286) 962-3658,Inactive
EMP033407,Matthew,Jackson,Matthew Jackson,32,Marketing,Senior Developer,Boston,48346.94,3587.61,2023-02-15,6,73.1,matthew.jackson@company.com,(869) 637-7073,Active
EMP033408,Matthew,Martin,Matthew Martin,53,Engineering,Lead,Chicago,122350.66,16608.38,2022-04-08,29,80.6,matthew.martin@company.com,(842) 651-8372,Active
EMP033409,Christopher,Rodriguez,Christopher Rodriguez,22,HR,Associate,Chicago,63380.41,10184.31,2021-10-13,0,88.5,christopher.rodriguez@company.com,(690) 555-8034,Active
EMP033410,Matthew,Anderson,Matthew Anderson,22,IT,Lead,Los Angeles,62664.61,9525.59,2023-01-13,0,75.2,matthew.anderson@company.com,(622) 206-7040,Active
EMP033411,Melissa,Davis,Melissa Davis,31,IT,Analyst,Austin,64331.4,2950.83,2021-03-21,3,72.9,melissa.davis@company.com,(460) 510-1201,Inactive
EMP033412,Emily,Davis,Emily Davis,26,Finance,Senior Developer,New York,93718.53,3994.39,2023-03-28,1,79.4,emily.davis@company.com,(394) 301-5651,Active
EMP033413,Emily,Martinez,Emily Martinez,49,Finance,Director,Boston,94096.08,17303.71,2021-05-14,27,77.3,emily.martinez@company.com,(684) 444-1185,Active
EMP033414,Daniel,Gonzalez,Daniel Gonzalez,29,Sales,Analyst,New York,66519.23,5595.3,2020-02-03,7,66.5,daniel.gonzalez@company.com,(309) 410-8297,Active
EMP033415,Robert,Miller,Robert Miller,45,Finance,Specialist,New York,90731.43,4769.92,2023-01-27,21,92.9,robert.miller@company.com,(874) 266-3082,Active
EMP033416,Daniel,Jones,Daniel Jones,55,IT,Coordinator,New York,118801.64,9147.76,2023-06-17,33,72.2,daniel.jones@company.com,(220) 923-9600,Active
EMP033417,Jane,Wilson,Jane Wilson,41,Sales,Director,San Francisco,82350.42,8106.6,2024-06-22,18,75.4,jane.wilson@company.com,(281) 933-7875,Active
EMP033418,Sarah,Johnson,Sarah Johnson,40,Sales,Director,San Francisco,92358.56,3614.17,2024-06-15,12,71.3,sarah.johnson@company.com,(518) 625-3935,Inactive
EMP033419,Nicole,Jackson,Nicole Jackson,28,IT,Lead,New York,48544.18,4479.67,2023-10-05,1,72.1,nicole.jackson@company.com,(399) 544-2132,On Leave
EMP033420,Sarah,Lopez,Sarah Lopez,38,Sales,Manager,San Francisco,89213.66,10779.19,2024-12-28,9,90.5,sarah.lopez@company.com,(859) 782-9210,Active
EMP033421,Michael,Williams,Michael Williams,62,HR,Director,New York,84205.93,12858.97,2024-11-21,36,67.2,michael.williams@company.com,(896) 616-6792,Active
EMP033422,James,Williams,James Williams,25,Sales,Manager,Boston,63294.81,3060.93,2024-07-20,0,70.1,james.williams@company.com,(209) 710-4473,Inactive
EMP033423,Jessica,Miller,Jessica Miller,63,Finance,Lead,Chicago,104267.05,4499.53,2024-10-23,37,81.3,jessica.miller@company.com,(389) 972-6480,Active
EMP033424,William,Wilson,William Wilson,24,Finance,Specialist,Los Angeles,52675.72,2847.65,2024-10-30,2,57.7,william.wilson@company.com,(412) 321-9472,Active
EMP033425,Amanda,Wilson,Amanda Wilson,40,Legal,Manager,San Francisco,82279.39,8146.05,2023-05-15,14,91.1,amanda.wilson@company.com,(955) 807-3070,Active
EMP033426,Daniel,Martin,Daniel Martin,64,HR,Lead,Seattle,112247.16,14441.39,2021-07-01,41,99.6,daniel.martin@company.com,(950) 907-5304,Active
EMP033427,Christopher,Thomas,Christopher Thomas,28,Operations,Associate,Miami,50415.27,3908.91,2021-08-30,0,91.2,christopher.thomas@company.com,(866) 785-2377,Active
EMP033428,Ashley,Brown,Ashley Brown,26,Marketing,Director,Seattle,39795.79,1648.25,2020-08-11,1,79.7,ashley.brown@company.com,(432) 380-8723,On Leave
EMP033429,Sarah,Garcia,Sarah Garcia,65,IT,Specialist,Miami,102971.65,3564.12,2020-02-06,36,60.0,sarah.garcia@company.com,(626) 972-3950,Active
EMP033430,Matthew,Williams,Matthew Williams,45,Legal,Lead,Los Angeles,81978.58,5075.96,2020-04-19,18,68.2,matthew.williams@company.com,(950) 664-3716,Active
EMP033431,Michael,Taylor,Michael Taylor,50,Engineering,Associate,Chicago,83723.95,3472.98,2021-02-26,26,80.2,michael.taylor@company.com,(320) 651-9460,Inactive
EMP033432,Lisa,Brown,Lisa Brown,51,Finance,Director,Chicago,87774.93,11470.81,2022-03-20,26,70.4,lisa.brown@company.com,(495) 306-6073,Active
EMP033433,Anthony,Davis,Anthony Davis,48,Marketing,Coordinator,Boston,57930.93,5948.43,2024-05-04,24,64.6,anthony.davis@company.com,(903) 232-8156,Active
EMP033434,Ashley,Taylor,Ashley Taylor,54,Engineering,Analyst,Seattle,128669.04,15174.54,2021-05-16,27,72.5,ashley.taylor@company.com,(281) 669-2262,Active
EMP033435,Amanda,Gonzalez,Amanda Gonzalez,40,HR,Coordinator,Chicago,71919.16,12005.56,2021-03-19,11,80.8,amanda.gonzalez@company.com,(382) 364-7377,Active
EMP033436,Stephanie,Miller,Stephanie Miller,25,Finance,Analyst,Chicago,86267.59,15192.98,2022-12-29,0,53.1,stephanie.miller@company.com,(358) 732-9867,Active
EMP033437,Lisa,Smith,Lisa Smith,35,Finance,Director,Los Angeles,81730.93,5404.09,2022-02-08,13,95.2,lisa.smith@company.com,(627) 858-1246,Active
EMP033438,Nicole,Williams,Nicole Williams,55,Finance,Manager,Austin,85520.23,8076.33,2022-05-30,26,76.6,nicole.williams@company.com,(712) 353-6677,Active
EMP033439,Christopher,Garcia,Christopher Garcia,46,Legal,Associate,New York,67848.08,9161.1,2024-04-26,22,55.5,christopher.garcia@company.com,(563) 397-6287,Active
EMP033440,Daniel,Taylor,Daniel Taylor,61,HR,Director,Miami,83756.88,10123.45,2022-10-11,32,65.6,daniel.taylor@company.com,(768) 871-2311,Inactive
EMP033441,Anthony,Garcia,Anthony Garcia,34,Engineering,Associate,Miami,88692.85,3832.65,2020-10-13,9,96.1,anthony.garcia@company.com,(980) 241-4751,Active
EMP033442,Jane,Davis,Jane Davis,41,Legal,Senior Developer,Seattle,97241.65,6767.01,2024-05-01,18,89.1,jane.davis@company.com,(919) 887-8497,Active
EMP033443,Robert,Williams,Robert Williams,30,HR,Associate,Boston,71493.81,7969.86,2021-06-11,6,77.2,robert.williams@company.com,(293) 634-8569,Active
EMP033444,John,Jones,John Jones,22,Marketing,Lead,Seattle,54047.83,4624.71,2022-07-05,0,58.9,john.jones@company.com,(423) 708-5160,Active
EMP033445,William,Jones,William Jones,28,Engineering,Coordinator,Austin,75080.61,11941.77,2024-05-27,1,44.0,william.jones@company.com,(244) 451-6925,Active
EMP033446,Matthew,Davis,Matthew Davis,29,IT,Coordinator,Seattle,61737.84,7067.82,2024-06-07,7,46.0,matthew.davis@company.com,(669) 588-8131,Active
EMP033447,Emily,Jackson,Emily Jackson,30,Marketing,Lead,San Francisco,47448.76,1150.65,2020-04-28,8,70.8,emily.jackson@company.com,(795) 991-8756,Active
EMP033448,William,Jones,William Jones,34,Finance,Analyst,Miami,95891.18,11902.78,2024-01-25,12,82.4,william.jones@company.com,(840) 778-2948,Active
EMP033449,Amanda,Martin,Amanda Martin,34,IT,Analyst,San Francisco,122744.75,22154.3,2023-03-08,6,64.3,amanda.martin@company.com,(770) 315-6463,Active
EMP033450,Ashley,Lopez,Ashley Lopez,27,Operations,Coordinator,Boston,68925.86,10336.95,2021-10-10,3,97.6,ashley.lopez@company.com,(917) 705-3800,Active
EMP033451,Michael,Martinez,Michael Martinez,57,Engineering,Manager,Boston,126403.79,15478.9,2022-10-26,29,72.7,michael.martinez@company.com,(685) 674-4691,Active
EMP033452,Daniel,Martinez,Daniel Martinez,65,Legal,Lead,Los Angeles,144366.92,9675.62,2021-04-07,39,73.9,daniel.martinez@company.com,(655) 713-3394,Active
EMP033453,Christopher,Martinez,Christopher Martinez,33,Marketing,Senior Developer,San Francisco,55639.15,5855.32,2023-12-26,4,69.2,christopher.martinez@company.com,(979) 991-4467,Active
EMP033454,David,Hernandez,David Hernandez,33,Legal,Specialist,Seattle,66429.23,5275.84,2020-09-15,5,65.2,david.hernandez@company.com,(666) 218-8872,Active
EMP033455,Amanda,Martin,Amanda Martin,57,Legal,Associate,Miami,95513.19,14924.63,2021-09-15,35,71.7,amanda.martin@company.com,(980) 322-4884,Active
EMP033456,William,Garcia,William Garcia,51,Marketing,Specialist,Boston,95422.79,15197.94,2020-12-23,26,75.1,william.garcia@company.com,(722) 462-6071,Active
EMP033457,Stephanie,Lopez,Stephanie Lopez,24,Engineering,Director,Boston,65821.28,4429.17,2020-05-07,0,40.9,stephanie.lopez@company.com,(542) 484-1214,Active
EMP033458,Matthew,Gonzalez,Matthew Gonzalez,65,IT,Lead,San Francisco,154055.63,20375.7,2022-12-23,41,83.2,matthew.gonzalez@company.com,(672) 580-7322,Active
EMP033459,Sarah,Wilson,Sarah Wilson,65,Sales,Coordinator,Boston,80238.68,8958.37,2021-10-11,40,79.8,sarah.wilson@company.com,(985) 368-8890,Active
EMP033460,Daniel,Rodriguez,Daniel Rodriguez,49,Marketing,Manager,Boston,58757.94,6405.54,2020-03-19,22,55.7,daniel.rodriguez@company.com,(448) 292-8342,Active
EMP033461,Anthony,Williams,Anthony Williams,25,Operations,Analyst,Seattle,63545.91,1568.54,2022-05-10,0,74.8,anthony.williams@company.com,(308) 253-2145,Active
EMP033462,Ashley,Brown,Ashley Brown,36,Sales,Analyst,San Francisco,98214.72,4122.43,2024-03-18,11,68.4,ashley.brown@company.com,(679) 966-2829,Active
EMP033463,Lisa,Williams,Lisa Williams,55,Sales,Analyst,Los Angeles,63374.47,5722.78,2022-07-12,30,55.1,lisa.williams@company.com,(470) 304-8655,Active
EMP033464,Matthew,Taylor,Matthew Taylor,63,Legal,Associate,New York,136096.67,24086.96,2024-07-20,40,95.5,matthew.taylor@company.com,(592) 307-3802,Inactive
EMP033465,Christopher,Johnson,Christopher Johnson,60,Legal,Coordinator,Austin,102287.4,13606.16,2022-03-16,31,100.0,christopher.johnson@company.com,(327) 576-9802,Active
EMP033466,Nicole,Williams,Nicole Williams,22,HR,Coordinator,Boston,27000.0,2326.82,2020-09-14,0,49.8,nicole.williams@company.com,(843) 651-6380,On Leave
EMP033467,Amanda,Williams,Amanda Williams,42,IT,Manager,Los Angeles,79689.08,2185.86,2022-05-17,20,77.8,amanda.williams@company.com,(634) 348-5847,Active
EMP033468,John,Martin,John Martin,30,Marketing,Coordinator,Miami,66588.08,10003.47,2020-10-29,4,58.0,john.martin@company.com,(582) 919-3307,Active
EMP033469,John,Martinez,John Martinez,51,HR,Manager,Seattle,55079.59,6753.42,2021-01-07,24,65.2,john.martinez@company.com,(616) 572-4421,Active
EMP033470,Amanda,Brown,Amanda Brown,41,Sales,Manager,Boston,79528.16,5587.25,2022-11-16,19,91.4,amanda.brown@company.com,(496) 342-5314,Active
EMP033471,Ashley,Moore,Ashley Moore,31,Finance,Lead,Chicago,102027.22,10809.66,2022-11-17,5,80.0,ashley.moore@company.com,(983) 420-8193,On Leave
EMP033472,Anthony,Rodriguez,Anthony Rodriguez,36,Marketing,Manager,Austin,66092.95,217.44,2024-11-15,10,83.4,anthony.rodriguez@company.com,(801) 574-3483,Active
EMP033473,Daniel,Jackson,Daniel Jackson,64,IT,Director,Seattle,107029.55,16146.33,2021-05-07,41,91.7,daniel.jackson@company.com,(960) 229-9227,Active
EMP033474,William,Thomas,William Thomas,56,Marketing,Specialist,Austin,91546.14,14616.05,2023-06-26,30,66.5,william.thomas@company.com,(765) 542-4183,Active
EMP033475,Anthony,Anderson,Anthony Anderson,28,Operations,Director,Austin,70656.9,8951.09,2020-02-23,2,91.9,anthony.anderson@company.com,(331) 768-5561,Active
EMP033476,David,Jones,David Jones,35,Legal,Specialist,Los Angeles,55218.06,6482.06,2022-11-03,7,80.8,david.jones@company.com,(725) 780-9206,Active
EMP033477,Jane,Williams,Jane Williams,32,Finance,Analyst,Miami,55954.44,3680.73,2021-06-03,10,71.8,jane.williams@company.com,(435) 209-1963,Active
EMP033478,Melissa,Johnson,Melissa Johnson,40,Legal,Associate,Austin,91323.2,2962.65,2023-10-18,13,81.9,melissa.johnson@company.com,(544) 490-3929,Active
EMP033479,Sarah,Johnson,Sarah Johnson,44,Marketing,Manager,Seattle,53780.51,6921.48,2021-12-25,18,72.5,sarah.johnson@company.com,(592) 824-5604,Active
EMP033480,Robert,Gonzalez,Robert Gonzalez,58,Sales,Lead,Boston,115178.17,11497.8,2022-01-01,33,84.0,robert.gonzalez@company.com,(569) 548-9876,Active
EMP033481,Ashley,Davis,Ashley Davis,40,Marketing,Associate,New York,46807.64,5715.71,2024-09-16,16,77.1,ashley.davis@company.com,(419) 296-2030,Active
EMP033482,Nicole,Garcia,Nicole Garcia,51,Sales,Specialist,Austin,101025.15,737.23,2023-08-13,22,80.5,nicole.garcia@company.com,(559) 342-7486,Active
EMP033483,Lisa,Martin,Lisa Martin,63,IT,Senior Developer,Austin,112206.93,5258.95,2023-11-24,36,64.9,lisa.martin@company.com,(339) 356-1633,Active
EMP033484,David,Davis,David Davis,34,HR,Senior Developer,Seattle,68227.49,5368.35,2024-08-23,11,52.1,david.davis@company.com,(301) 632-7824,Active
EMP033485,Stephanie,Jackson,Stephanie Jackson,55,Engineering,Analyst,San Francisco,127889.11,17235.2,2022-09-15,26,59.5,stephanie.jackson@company.com,(863) 244-8597,Active
EMP033486,Nicole,Williams,Nicole Williams,28,Operations,Director,Seattle,75872.39,3509.47,2020-09-27,0,75.6,nicole.williams@company.com,(598) 283-1925,On Leave
EMP033487,William,Moore,William Moore,41,Legal,Lead,Miami,118756.13,11876.82,2020-12-16,14,71.8,william.moore@company.com,(234) 992-8043,Active
EMP033488,Jane,Jones,Jane Jones,43,Marketing,Specialist,Chicago,96308.14,8263.59,2024-10-21,17,67.2,jane.jones@company.com,(252) 701-3310,Active
EMP033489,Jessica,Hernandez,Jessica Hernandez,44,Marketing,Director,San Francisco,74236.7,9953.1,2021-07-30,18,60.6,jessica.hernandez@company.com,(504) 961-9605,Active
EMP033490,Ashley,Lopez,Ashley Lopez,34,HR,Analyst,New York,68391.35,7306.4,2022-03-16,9,100.0,ashley.lopez@company.com,(766) 324-5806,Inactive
EMP033491,Michael,Taylor,Michael Taylor,58,HR,Director,Los Angeles,68531.13,7661.1,2023-05-06,33,59.5,michael.taylor@company.com,(644) 274-1603,Active
EMP033492,Anthony,Garcia,Anthony Garcia,33,Legal,Coordinator,Chicago,86052.86,10061.99,2022-11-20,9,69.3,anthony.garcia@company.com,(250) 528-4018,Active
EMP033493,Amanda,Garcia,Amanda Garcia,44,Marketing,Associate,Seattle,77652.09,5644.4,2024-06-22,16,63.7,amanda.garcia@company.com,(508) 886-5102,Active
EMP033494,Emily,Davis,Emily Davis,40,Engineering,Director,Austin,108119.33,12488.2,2021-11-30,15,56.2,emily.davis@company.com,(602) 255-6871,Active
EMP033495,Jessica,Jackson,Jessica Jackson,27,HR,Coordinator,Los Angeles,52664.57,116.2,2023-05-17,5,80.1,jessica.jackson@company.com,(365) 664-3803,Active
EMP033496,John,Davis,John Davis,40,Finance,Associate,Seattle,74415.16,6218.0,2023-04-05,12,80.3,john.davis@company.com,(817) 402-7773,Active
EMP033497,Ashley,Hernandez,Ashley Hernandez,35,IT,Coordinator,Austin,60920.71,7613.75,2023-11-17,10,70.3,ashley.hernandez@company.com,(674) 486-9015,Active
EMP033498,Anthony,Taylor,Anthony Taylor,26,Engineering,Analyst,Los Angeles,55688.75,7762.51,2022-01-12,0,93.4,anthony.taylor@company.com,(511) 701-7221,Active
EMP033499,Matthew,Hernandez,Matthew Hernandez,62,Engineering,Specialist,New York,105473.41,8383.69,2022-12-27,38,63.5,matthew.hernandez@company.com,(810) 819-4521,Inactive
EMP033500,Sarah,Moore,Sarah Moore,39,HR,Analyst,Seattle,64328.45,6518.24,2021-12-21,13,66.4,sarah.moore@company.com,(911) 440-1151,Active
EMP033501,Emily,Thomas,Emily Thomas,28,Sales,Director,San Francisco,36452.03,1746.06,2020-06-26,0,69.4,emily.thomas@company.com,(340) 493-2549,Active
EMP033502,James,Brown,James Brown,28,Marketing,Specialist,San Francisco,73648.51,840.17,2024-01-26,0,90.7,james.brown@company.com,(435) 673-3508,Active
EMP033503,Jessica,Davis,Jessica Davis,41,Legal,Director,Miami,101039.16,19877.26,2021-10-18,16,74.8,jessica.davis@company.com,(584) 591-6260,Active
EMP033504,Melissa,Smith,Melissa Smith,64,Operations,Associate,Miami,113231.73,434.18,2024-11-02,42,65.6,melissa.smith@company.com,(271) 886-8909,Inactive
EMP033505,William,Gonzalez,William Gonzalez,33,Legal,Analyst,Boston,61791.53,7066.42,2021-10-26,5,88.9,william.gonzalez@company.com,(233) 305-8693,Active
EMP033506,Christopher,Jackson,Christopher Jackson,63,Operations,Specialist,San Francisco,94706.49,10894.43,2022-11-27,36,58.3,christopher.jackson@company.com,(310) 656-5370,Active
EMP033507,Amanda,Smith,Amanda Smith,23,Finance,Director,Chicago,60788.41,2063.58,2021-04-11,0,92.2,amanda.smith@company.com,(781) 200-3971,Active
EMP033508,William,Martin,William Martin,57,IT,Senior Developer,Miami,128040.53,13052.7,2023-07-23,28,72.1,william.martin@company.com,(804) 539-1754,Active
EMP033509,Nicole,Johnson,Nicole Johnson,35,Marketing,Manager,New York,60535.29,0.0,2020-07-03,13,66.6,nicole.johnson@company.com,(269) 790-8121,Inactive
EMP033510,Ashley,Hernandez,Ashley Hernandez,47,Marketing,Analyst,Austin,88917.27,7629.17,2023-12-19,20,76.0,ashley.hernandez@company.com,(478) 997-5356,Active
EMP033511,Nicole,Hernandez,Nicole Hernandez,57,Operations,Manager,San Francisco,70525.82,5805.42,2020-05-28,35,60.0,nicole.hernandez@company.com,(711) 264-1365,Active
EMP033512,Christopher,Thomas,Christopher Thomas,47,Legal,Specialist,New York,83530.28,950.98,2023-05-19,21,99.4,christopher.thomas@company.com,(752) 772-4929,Active
EMP033513,John,Davis,John Davis,45,Marketing,Analyst,New York,89704.73,214.28,2024-07-15,20,37.4,john.davis@company.com,(921) 966-9340,Active
EMP033514,Stephanie,Wilson,Stephanie Wilson,52,IT,Director,San Francisco,92910.88,5111.54,2023-02-19,29,82.8,stephanie.wilson@company.com,(551) 321-1983,Active
EMP033515,Ashley,Martinez,Ashley Martinez,45,HR,Associate,New York,85609.32,0.0,2023-05-22,18,40.1,ashley.martinez@company.com,(366) 479-2537,Active
EMP033516,Amanda,Hernandez,Amanda Hernandez,25,Finance,Associate,Los Angeles,56631.01,5235.74,2020-04-26,0,96.7,amanda.hernandez@company.com,(491) 953-1759,Active
EMP033517,John,Wilson,John Wilson,63,HR,Associate,San Francisco,109359.5,11696.89,2022-02-14,35,78.1,john.wilson@company.com,(993) 494-9391,Active
EMP033518,Ashley,Williams,Ashley Williams,22,Finance,Manager,Miami,59482.45,10989.66,2023-10-16,0,93.5,ashley.williams@company.com,(418) 368-5490,Active
EMP033519,Ashley,Miller,Ashley Miller,53,Legal,Lead,San Francisco,80698.79,14661.05,2022-07-05,25,77.5,ashley.miller@company.com,(487) 318-8995,Active
EMP033520,Robert,Thomas,Robert Thomas,64,HR,Senior Developer,Chicago,58595.83,2937.92,2024-06-03,35,74.0,robert.thomas@company.com,(389) 957-5206,Active
EMP033521,Nicole,Moore,Nicole Moore,33,Sales,Specialist,Austin,60145.45,6050.51,2022-07-02,5,89.4,nicole.moore@company.com,(949) 797-9599,Active
EMP033522,Daniel,Gonzalez,Daniel Gonzalez,27,HR,Lead,Boston,54652.12,0.0,2023-01-05,0,82.4,daniel.gonzalez@company.com,(261) 604-4515,Active
EMP033523,Ashley,Moore,Ashley Moore,32,Engineering,Coordinator,New York,64483.22,4637.17,2021-10-26,6,64.4,ashley.moore@company.com,(842) 945-9116,Active
EMP033524,Amanda,Williams,Amanda Williams,27,Marketing,Director,San Francisco,42801.88,4365.77,2021-04-13,0,58.0,amanda.williams@company.com,(595) 386-5921,Active
EMP033525,Robert,Thomas,Robert Thomas,41,Operations,Lead,Austin,69200.59,5320.32,2021-09-15,12,79.0,robert.thomas@company.com,(330) 390-2910,Active
EMP033526,Michael,Williams,Michael Williams,30,Sales,Director,Austin,57130.06,3807.05,2021-07-27,1,89.1,michael.williams@company.com,(647) 475-9332,Active
EMP033527,Emily,Jackson,Emily Jackson,33,IT,Associate,New York,76908.99,10139.86,2021-06-28,5,92.0,emily.jackson@company.com,(416) 205-7034,Active
EMP033528,Jessica,Hernandez,Jessica Hernandez,53,Legal,Senior Developer,Los Angeles,111660.92,13238.36,2024-10-31,31,86.2,jessica.hernandez@company.com,(809) 607-8341,Active
EMP033529,Anthony,Martin,Anthony Martin,35,HR,Senior Developer,Los Angeles,62734.01,8646.01,2022-07-09,12,84.4,anthony.martin@company.com,(291) 804-7200,Active
EMP033530,Christopher,Moore,Christopher Moore,64,Engineering,Specialist,San Francisco,91519.21,0.0,2021-05-11,38,78.9,christopher.moore@company.com,(329) 803-4096,Active
EMP033531,Christopher,Taylor,Christopher Taylor,56,IT,Director,Los Angeles,107776.85,10440.01,2020-01-07,29,90.1,christopher.taylor@company.com,(222) 626-3984,Active
EMP033532,Nicole,Miller,Nicole Miller,61,Finance,Specialist,Miami,88739.95,9913.78,2023-06-20,32,68.9,nicole.miller@company.com,(549) 203-6350,Inactive
EMP033533,Robert,Moore,Robert Moore,58,HR,Manager,Boston,72771.13,3806.03,2021-02-12,35,69.3,robert.moore@company.com,(997) 662-5052,Active
EMP033534,Stephanie,Wilson,Stephanie Wilson,49,Marketing,Lead,San Francisco,79669.48,7469.99,2023-09-15,27,88.4,stephanie.wilson@company.com,(326) 905-3811,Active
EMP033535,Sarah,Williams,Sarah Williams,28,HR,Lead,Miami,55904.75,5851.36,2020-06-26,3,73.7,sarah.williams@company.com,(344) 859-9733,Inactive
EMP033536,William,Miller,William Miller,35,Operations,Senior Developer,Los Angeles,44326.91,3204.72,2024-07-02,13,94.2,william.miller@company.com,(708) 279-3114,Active
EMP033537,Ashley,Moore,Ashley Moore,38,Legal,Director,New York,69499.92,5184.81,2023-06-13,14,56.3,ashley.moore@company.com,(780) 629-1100,Active
EMP033538,Lisa,Miller,Lisa Miller,65,Operations,Coordinator,Miami,85196.76,0.0,2023-01-29,39,94.6,lisa.miller@company.com,(425) 703-6115,Active
EMP033539,Emily,Gonzalez,Emily Gonzalez,37,Engineering,Manager,Boston,105737.25,16155.13,2023-01-24,10,83.7,emily.gonzalez@company.com,(498) 240-9333,Active
EMP033540,Jane,Brown,Jane Brown,57,Marketing,Specialist,Chicago,62478.61,7389.95,2020-10-02,35,85.4,jane.brown@company.com,(616) 670-3898,Active
EMP033541,Daniel,Hernandez,Daniel Hernandez,57,Sales,Analyst,New York,79440.09,11787.46,2023-02-26,34,72.8,daniel.hernandez@company.com,(407) 974-5115,Active
EMP033542,John,Taylor,John Taylor,63,Operations,Coordinator,Austin,68079.99,7188.2,2022-09-08,37,55.6,john.taylor@company.com,(948) 255-9485,Active
EMP033543,Nicole,Thomas,Nicole Thomas,40,Marketing,Director,New York,49187.46,1279.18,2022-06-04,17,54.3,nicole.thomas@company.com,(835) 835-3758,Active
EMP033544,Ashley,Anderson,Ashley Anderson,42,Legal,Manager,Los Angeles,68761.6,10760.78,2023-03-31,17,81.3,ashley.anderson@company.com,(249) 512-3886,Active
EMP033545,Melissa,Smith,Melissa Smith,45,Finance,Coordinator,San Francisco,108051.97,18479.75,2020-11-30,23,61.8,melissa.smith@company.com,(815) 627-2461,Inactive
EMP033546,Sarah,Brown,Sarah Brown,29,Engineering,Senior Developer,Austin,82099.98,6396.45,2024-02-28,4,71.4,sarah.brown@company.com,(402) 413-4403,Active
EMP033547,Emily,Hernandez,Emily Hernandez,48,Finance,Lead,Miami,94915.97,509.01,2020-12-20,19,62.2,emily.hernandez@company.com,(203) 846-9910,Active
EMP033548,Stephanie,Rodriguez,Stephanie Rodriguez,51,HR,Specialist,Chicago,67784.6,12782.79,2021-04-21,26,68.1,stephanie.rodriguez@company.com,(425) 270-2601,Active
EMP033549,Jane,Jackson,Jane Jackson,32,IT,Associate,Boston,62071.8,8810.49,2024-05-26,6,80.4,jane.jackson@company.com,(492) 441-1117,Active
EMP033550,Lisa,Brown,Lisa Brown,36,HR,Senior Developer,New York,82865.35,9048.86,2024-02-12,7,77.4,lisa.brown@company.com,(767) 608-2920,Active
EMP033551,Amanda,Wilson,Amanda Wilson,52,Operations,Coordinator,San Francisco,72817.45,6805.49,2022-07-04,29,78.6,amanda.wilson@company.com,(664) 645-8751,Active
EMP033552,Lisa,Smith,Lisa Smith,61,HR,Coordinator,New York,60091.49,8320.41,2020-05-10,35,86.0,lisa.smith@company.com,(379) 253-9179,Active
EMP033553,Ashley,Miller,Ashley Miller,47,Marketing,Specialist,Miami,70073.62,5372.84,2021-12-29,18,42.4,ashley.miller@company.com,(664) 815-3424,Active
EMP033554,Christopher,Davis,Christopher Davis,52,Legal,Lead,New York,101668.25,12221.32,2022-11-19,30,78.5,christopher.davis@company.com,(223) 655-9762,Active
EMP033555,Jane,Lopez,Jane Lopez,25,Engineering,Lead,Austin,55046.28,2714.33,2020-07-05,0,58.1,jane.lopez@company.com,(482) 710-2125,Active
EMP033556,William,Williams,William Williams,37,Legal,Coordinator,Boston,89421.16,9141.12,2021-01-16,13,75.6,william.williams@company.com,(693) 647-5496,Active
EMP033557,Amanda,Thomas,Amanda Thomas,22,Operations,Analyst,Boston,76078.18,14491.3,2023-09-10,0,90.5,amanda.thomas@company.com,(362) 473-2788,Active
EMP033558,Jessica,Jones,Jessica Jones,24,Legal,Associate,Miami,52269.36,2438.11,2024-10-13,2,82.8,jessica.jones@company.com,(771) 856-8168,Active
EMP033559,David,Moore,David Moore,42,HR,Associate,Austin,73579.72,6117.77,2022-11-18,19,88.6,david.moore@company.com,(311) 567-3619,Active
EMP033560,Nicole,Gonzalez,Nicole Gonzalez,53,Finance,Manager,Miami,90409.7,3203.81,2022-11-27,28,74.1,nicole.gonzalez@company.com,(486) 223-6161,Active
EMP033561,David,Rodriguez,David Rodriguez,29,HR,Director,Chicago,58583.16,8786.95,2023-06-23,7,78.9,david.rodriguez@company.com,(687) 606-6826,Active
EMP033562,Anthony,Smith,Anthony Smith,50,Finance,Coordinator,New York,102229.83,8315.08,2020-05-07,21,70.5,anthony.smith@company.com,(610) 947-9196,Active
EMP033563,Amanda,Garcia,Amanda Garcia,46,Finance,Specialist,Seattle,60353.31,4387.75,2022-12-29,23,63.8,amanda.garcia@company.com,(864) 244-2361,Active
EMP033564,Christopher,Smith,Christopher Smith,57,Sales,Lead,Seattle,137803.19,9149.72,2022-12-10,35,86.2,christopher.smith@company.com,(796) 713-2264,Active
EMP033565,Nicole,Wilson,Nicole Wilson,42,Marketing,Associate,Miami,65256.59,7417.8,2022-03-07,15,73.0,nicole.wilson@company.com,(905) 966-7316,Inactive
EMP033566,John,Jones,John Jones,33,Legal,Senior Developer,Austin,52521.57,4039.97,2023-04-04,5,54.1,john.jones@company.com,(582) 765-1715,Active
EMP033567,James,Miller,James Miller,27,Sales,Director,Seattle,46488.34,8204.48,2022-02-05,4,79.8,james.miller@company.com,(336) 824-8634,Active
EMP033568,James,Rodriguez,James Rodriguez,40,Operations,Manager,New York,45999.06,2477.05,2024-07-14,17,59.8,james.rodriguez@company.com,(670) 461-9702,Active
EMP033569,John,Anderson,John Anderson,41,Legal,Senior Developer,Los Angeles,86566.72,8558.95,2022-02-08,13,78.6,john.anderson@company.com,(259) 793-7161,Active
EMP033570,William,Williams,William Williams,45,Sales,Specialist,San Francisco,87835.63,7166.53,2022-06-18,17,61.0,william.williams@company.com,(508) 608-8343,Active
EMP033571,Robert,Martinez,Robert Martinez,25,Marketing,Coordinator,Austin,56349.44,3913.56,2022-06-20,0,66.3,robert.martinez@company.com,(900) 759-2455,Active
EMP033572,Christopher,Lopez,Christopher Lopez,64,Engineering,Manager,Miami,159269.38,15691.34,2021-05-12,41,65.9,christopher.lopez@company.com,(212) 774-9850,Active
EMP033573,James,Anderson,James Anderson,33,Sales,Senior Developer,Austin,43507.38,5277.24,2021-05-08,7,69.4,james.anderson@company.com,(831) 549-6592,Active
EMP033574,Sarah,Wilson,Sarah Wilson,54,Finance,Manager,Austin,98460.32,9797.41,2024-06-01,32,86.5,sarah.wilson@company.com,(457) 868-9568,Active
EMP033575,Nicole,Davis,Nicole Davis,52,Sales,Lead,Boston,88459.67,16739.05,2022-01-20,24,61.2,nicole.davis@company.com,(803) 770-2684,Active
EMP033576,John,Taylor,John Taylor,24,Marketing,Specialist,Miami,48649.92,3891.5,2024-02-02,2,65.5,john.taylor@company.com,(484) 834-7414,Active
EMP033577,David,Miller,David Miller,36,Legal,Director,Los Angeles,100749.39,4991.98,2022-03-27,11,63.9,david.miller@company.com,(741) 786-5480,Active
EMP033578,Lisa,Jackson,Lisa Jackson,39,HR,Analyst,Seattle,62118.82,14441.44,2022-07-09,17,59.2,lisa.jackson@company.com,(897) 201-6315,Active
EMP033579,Emily,Moore,Emily Moore,25,Marketing,Manager,Chicago,48458.97,7805.81,2023-03-14,0,67.0,emily.moore@company.com,(519) 209-2119,Active
EMP033580,William,Moore,William Moore,58,Operations,Associate,Seattle,84617.6,5817.1,2022-07-17,30,75.8,william.moore@company.com,(334) 344-5218,Active
EMP033581,William,Williams,William Williams,64,Marketing,Analyst,Boston,100760.37,22226.82,2022-09-27,38,71.5,william.williams@company.com,(961) 541-4527,Active
EMP033582,Melissa,Brown,Melissa Brown,57,Sales,Senior Developer,San Francisco,86615.49,12278.12,2024-07-08,31,46.9,melissa.brown@company.com,(900) 575-5938,Active
EMP033583,Melissa,Wilson,Melissa Wilson,44,Engineering,Director,Los Angeles,86519.07,5334.2,2023-02-01,21,79.9,melissa.wilson@company.com,(293) 654-5016,Active
EMP033584,Amanda,Martin,Amanda Martin,60,Finance,Specialist,Miami,74641.51,12493.53,2022-08-29,38,88.9,amanda.martin@company.com,(284) 350-5909,Active
EMP033585,John,Lopez,John Lopez,62,Engineering,Specialist,San Francisco,110627.61,12363.74,2022-05-31,40,66.3,john.lopez@company.com,(694) 374-1955,Active
EMP033586,Jessica,Thomas,Jessica Thomas,58,HR,Coordinator,Boston,54069.84,10144.65,2022-07-12,36,47.5,jessica.thomas@company.com,(598) 653-4710,Active
EMP033587,James,Smith,James Smith,54,Sales,Senior Developer,Chicago,96345.0,15284.24,2021-10-10,32,92.1,james.smith@company.com,(366) 218-3587,Active
EMP033588,Sarah,Martin,Sarah Martin,40,Finance,Analyst,Chicago,111661.7,19286.23,2022-12-18,18,69.4,sarah.martin@company.com,(962) 999-6193,Active
EMP033589,Lisa,Jones,Lisa Jones,44,IT,Coordinator,Seattle,100295.45,7730.58,2023-12-20,22,76.3,lisa.jones@company.com,(655) 519-4246,Active
EMP033590,Anthony,Anderson,Anthony Anderson,29,Marketing,Lead,Los Angeles,75616.91,11727.57,2022-10-10,6,61.7,anthony.anderson@company.com,(718) 579-2999,Active
EMP033591,James,Brown,James Brown,49,Finance,Lead,Chicago,96276.9,12767.74,2020-11-22,23,74.5,james.brown@company.com,(382) 470-6918,Active
EMP033592,Matthew,Smith,Matthew Smith,32,Operations,Senior Developer,San Francisco,46207.93,8185.51,2023-06-20,6,88.8,matthew.smith@company.com,(503) 747-4671,Active
EMP033593,Michael,Johnson,Michael Johnson,32,Engineering,Analyst,Austin,67544.72,2879.83,2021-06-18,9,71.7,michael.johnson@company.com,(213) 866-3562,Active
EMP033594,William,Moore,William Moore,65,HR,Director,Los Angeles,102339.29,9651.31,2023-10-13,36,86.9,william.moore@company.com,(409) 337-5818,Active
EMP033595,James,Wilson,James Wilson,52,Marketing,Analyst,Seattle,72015.07,2923.24,2024-10-05,27,88.8,james.wilson@company.com,(458) 994-9624,Active
EMP033596,Emily,Hernandez,Emily Hernandez,29,HR,Director,Boston,69755.87,12945.38,2022-05-14,2,73.0,emily.hernandez@company.com,(825) 752-5373,Active
EMP033597,Anthony,Wilson,Anthony Wilson,63,HR,Lead,Chicago,96798.83,7489.15,2024-11-10,35,78.8,anthony.wilson@company.com,(397) 419-1023,Active
EMP033598,Jessica,Hernandez,Jessica Hernandez,25,IT,Director,Seattle,72092.33,0.0,2022-11-08,2,62.4,jessica.hernandez@company.com,(428) 664-4201,Active
EMP033599,Daniel,Martinez,Daniel Martinez,37,Legal,Coordinator,Miami,102750.4,15282.69,2022-01-09,8,92.3,daniel.martinez@company.com,(485) 867-3306,Active
EMP033600,David,Jones,David Jones,24,Sales,Manager,San Francisco,50844.83,6568.93,2023-03-31,0,73.1,david.jones@company.com,(960) 428-7577,Inactive
EMP033601,Jane,Rodriguez,Jane Rodriguez,64,Engineering,Senior Developer,Chicago,109074.14,2138.15,2021-05-10,36,87.6,jane.rodriguez@company.com,(843) 942-6624,Active
EMP033602,Emily,Williams,Emily Williams,35,Engineering,Specialist,San Francisco,83324.24,7832.53,2023-12-29,10,77.1,emily.williams@company.com,(277) 932-1639,On Leave
EMP033603,Melissa,Garcia,Melissa Garcia,34,Operations,Senior Developer,Miami,62258.43,12055.93,2023-03-22,9,67.6,melissa.garcia@company.com,(361) 298-5231,Active
EMP033604,Ashley,Garcia,Ashley Garcia,38,Legal,Manager,San Francisco,94474.08,7464.9,2022-06-03,10,81.6,ashley.garcia@company.com,(571) 503-5975,Active
EMP033605,Robert,Jones,Robert Jones,40,Marketing,Specialist,San Francisco,76777.45,6025.03,2023-01-07,14,65.1,robert.jones@company.com,(608) 816-9461,Active
EMP033606,Michael,Brown,Michael Brown,34,Legal,Associate,Miami,75360.47,7530.37,2022-09-08,9,100.0,michael.brown@company.com,(472) 983-4227,Inactive
EMP033607,Matthew,Hernandez,Matthew Hernandez,50,HR,Specialist,Miami,87428.51,14272.79,2023-03-23,25,67.0,matthew.hernandez@company.com,(448) 538-1327,Active
EMP033608,James,Jackson,James Jackson,30,Legal,Associate,Miami,81174.64,8411.71,2021-08-30,8,62.2,james.jackson@company.com,(368) 364-9962,Active
EMP033609,Ashley,Johnson,Ashley Johnson,43,Sales,Coordinator,Austin,92731.61,0.0,2022-03-04,20,63.8,ashley.johnson@company.com,(838) 411-5054,Active
EMP033610,William,Wilson,William Wilson,25,Sales,Coordinator,Seattle,56389.49,6853.91,2020-10-30,3,78.8,william.wilson@company.com,(326) 739-1686,On Leave
EMP033611,Lisa,Gonzalez,Lisa Gonzalez,39,Operations,Associate,Boston,57675.69,1879.66,2023-10-13,15,88.6,lisa.gonzalez@company.com,(472) 612-1189,Active
EMP033612,Daniel,Taylor,Daniel Taylor,24,IT,Lead,Seattle,82190.04,10816.71,2024-04-14,0,66.0,daniel.taylor@company.com,(492) 942-2465,Active
EMP033613,Michael,Jones,Michael Jones,26,Finance,Manager,Los Angeles,73021.63,7463.37,2021-11-22,3,78.0,michael.jones@company.com,(889) 632-9669,Active
EMP033614,Robert,Anderson,Robert Anderson,38,Engineering,Director,New York,106479.39,16687.45,2021-10-26,16,69.9,robert.anderson@company.com,(930) 258-8728,Active
EMP033615,Sarah,Williams,Sarah Williams,46,Legal,Analyst,Boston,115415.75,9689.87,2021-11-11,19,69.7,sarah.williams@company.com,(544) 654-7439,Active
EMP033616,William,Wilson,William Wilson,32,Sales,Manager,San Francisco,64921.66,3554.54,2020-07-12,5,73.1,william.wilson@company.com,(388) 951-3385,Active
EMP033617,Nicole,Jackson,Nicole Jackson,36,Engineering,Director,Austin,120810.09,16194.93,2021-10-01,8,73.8,nicole.jackson@company.com,(910) 528-7301,Active
EMP033618,John,Thomas,John Thomas,44,Sales,Analyst,Chicago,64244.96,6461.32,2022-04-20,16,52.6,john.thomas@company.com,(645) 266-3500,Active
EMP033619,William,Gonzalez,William Gonzalez,30,Operations,Lead,Austin,58039.11,4253.72,2022-10-14,6,77.7,william.gonzalez@company.com,(881) 208-3108,Active
EMP033620,Jessica,Wilson,Jessica Wilson,34,Engineering,Analyst,Austin,80291.02,5458.42,2021-05-24,11,66.2,jessica.wilson@company.com,(793) 202-2081,Active
EMP033621,Robert,Brown,Robert Brown,37,Operations,Lead,Chicago,70832.44,8925.3,2020-10-02,9,83.8,robert.brown@company.com,(600) 707-4916,Active
EMP033622,James,Gonzalez,James Gonzalez,36,Marketing,Associate,New York,63919.73,5926.81,2022-06-17,14,100.0,james.gonzalez@company.com,(756) 267-3592,Active
EMP033623,Lisa,Taylor,Lisa Taylor,45,Legal,Specialist,San Francisco,160659.2,26773.11,2023-11-16,17,75.0,lisa.taylor@company.com,(810) 276-7596,On Leave
EMP033624,Christopher,Thomas,Christopher Thomas,64,IT,Lead,Chicago,114653.29,4273.67,2023-11-24,36,64.4,christopher.thomas@company.com,(574) 827-3017,Active
EMP033625,Daniel,Hernandez,Daniel Hernandez,57,Engineering,Coordinator,Chicago,113712.31,10783.52,2021-12-03,33,64.6,daniel.hernandez@company.com,(814) 787-6803,Active
EMP033626,Jane,Anderson,Jane Anderson,48,Marketing,Senior Developer,San Francisco,73304.43,10238.4,2021-08-03,23,89.6,jane.anderson@company.com,(911) 486-1405,Active
EMP033627,Sarah,Wilson,Sarah Wilson,58,Operations,Coordinator,Miami,60621.56,2841.1,2023-08-24,36,73.5,sarah.wilson@company.com,(806) 578-2726,Active
EMP033628,Daniel,Wilson,Daniel Wilson,24,Finance,Manager,Austin,64441.58,8156.15,2024-11-18,0,67.2,daniel.wilson@company.com,(453) 241-8703,Active
EMP033629,Jessica,Taylor,Jessica Taylor,43,HR,Lead,Boston,71466.66,7453.85,2024-01-14,21,62.8,jessica.taylor@company.com,(276) 249-1217,Active
EMP033630,William,Brown,William Brown,60,Sales,Analyst,Austin,125178.94,5900.44,2022-07-21,34,71.0,william.brown@company.com,(866) 905-8700,Active
EMP033631,Matthew,Smith,Matthew Smith,42,IT,Senior Developer,Boston,88458.75,5870.08,2022-06-30,17,79.2,matthew.smith@company.com,(441) 868-4010,Active
EMP033632,Jane,Martin,Jane Martin,53,Marketing,Coordinator,Seattle,76170.6,8627.46,2021-06-06,26,95.3,jane.martin@company.com,(393) 783-2237,Active
EMP033633,David,Davis,David Davis,25,HR,Lead,New York,56937.19,3468.25,2024-02-13,2,68.4,david.davis@company.com,(810) 903-5148,Inactive
EMP033634,Daniel,Garcia,Daniel Garcia,57,Marketing,Coordinator,New York,90293.12,13923.24,2020-07-08,29,54.6,daniel.garcia@company.com,(946) 785-4368,Active
EMP033635,Jessica,Jackson,Jessica Jackson,38,Operations,Manager,San Francisco,55054.0,6443.29,2024-08-05,10,66.3,jessica.jackson@company.com,(703) 877-9019,Active
EMP033636,James,Rodriguez,James Rodriguez,47,HR,Associate,Chicago,78979.8,11055.38,2023-05-22,21,47.9,james.rodriguez@company.com,(970) 666-3385,Active
EMP033637,David,Jones,David Jones,29,Finance,Associate,Los Angeles,73154.04,8364.56,2021-10-27,0,93.5,david.jones@company.com,(605) 568-6985,Inactive
EMP033638,Lisa,Lopez,Lisa Lopez,48,Legal,Lead,Los Angeles,77344.12,9211.37,2024-04-06,26,87.5,lisa.lopez@company.com,(831) 596-7378,On Leave
EMP033639,Matthew,Rodriguez,Matthew Rodriguez,51,Finance,Director,New York,65899.4,9893.03,2024-05-06,23,80.7,matthew.rodriguez@company.com,(571) 390-5349,Active
EMP033640,Sarah,Williams,Sarah Williams,45,Finance,Director,Los Angeles,75778.98,6001.43,2024-03-29,19,79.0,sarah.williams@company.com,(667) 642-8404,Active
EMP033641,Amanda,Brown,Amanda Brown,35,Sales,Director,New York,45864.11,2973.12,2022-12-08,7,90.9,amanda.brown@company.com,(275) 797-6689,Active
EMP033642,Ashley,Taylor,Ashley Taylor,30,Marketing,Analyst,Austin,63694.15,3700.39,2023-01-28,6,63.4,ashley.taylor@company.com,(744) 572-7164,Inactive
EMP033643,James,Davis,James Davis,57,Sales,Lead,Austin,75969.53,5212.9,2020-03-11,28,79.4,james.davis@company.com,(235) 246-5479,Active
EMP033644,Christopher,Gonzalez,Christopher Gonzalez,65,Sales,Manager,Chicago,88019.26,7767.67,2021-07-25,42,92.1,christopher.gonzalez@company.com,(343) 326-4192,Active
EMP033645,Nicole,Garcia,Nicole Garcia,65,Sales,Manager,Seattle,116994.5,22511.76,2022-01-25,40,50.8,nicole.garcia@company.com,(206) 629-7043,Active
EMP033646,Matthew,Martin,Matthew Martin,57,Engineering,Director,Austin,106869.22,12601.54,2023-03-27,28,81.3,matthew.martin@company.com,(474) 520-9968,Active
EMP033647,Stephanie,Thomas,Stephanie Thomas,50,Marketing,Manager,Seattle,63724.83,105.08,2020-02-10,21,78.9,stephanie.thomas@company.com,(950) 209-1472,Active
EMP033648,Stephanie,Rodriguez,Stephanie Rodriguez,65,Engineering,Director,Los Angeles,129124.9,15687.53,2024-02-28,41,43.1,stephanie.rodriguez@company.com,(707) 450-5118,Active
EMP033649,Melissa,Johnson,Melissa Johnson,56,Operations,Manager,Los Angeles,63301.69,5846.26,2020-02-18,31,100.0,melissa.johnson@company.com,(764) 336-9399,Active
EMP033650,Lisa,Johnson,Lisa Johnson,62,HR,Associate,San Francisco,91280.06,4783.02,2024-11-20,34,74.2,lisa.johnson@company.com,(535) 618-6607,Active
EMP033651,Jessica,Davis,Jessica Davis,60,Legal,Coordinator,Los Angeles,105707.94,18411.73,2020-06-19,36,86.0,jessica.davis@company.com,(349) 904-5215,Active
EMP033652,Michael,Garcia,Michael Garcia,26,Marketing,Lead,San Francisco,31258.83,4140.31,2022-01-03,0,87.6,michael.garcia@company.com,(399) 325-3111,Active
EMP033653,Jane,Moore,Jane Moore,50,Engineering,Associate,Boston,103586.08,6773.09,2024-12-05,24,92.3,jane.moore@company.com,(938) 464-1644,Active
EMP033654,Sarah,Taylor,Sarah Taylor,65,Finance,Manager,New York,121265.8,9069.12,2020-08-28,42,60.4,sarah.taylor@company.com,(316) 967-9599,Active
EMP033655,Sarah,Brown,Sarah Brown,63,Finance,Analyst,Los Angeles,113974.93,13890.76,2020-08-09,41,76.9,sarah.brown@company.com,(233) 949-4083,Inactive
EMP033656,James,Taylor,James Taylor,54,HR,Manager,Los Angeles,54819.0,4794.18,2021-07-19,28,44.1,james.taylor@company.com,(757) 527-9138,Inactive
EMP033657,Anthony,Gonzalez,Anthony Gonzalez,44,HR,Manager,Austin,61587.31,8534.12,2023-11-26,17,66.2,anthony.gonzalez@company.com,(616) 523-2558,Active
EMP033658,Anthony,Davis,Anthony Davis,30,Engineering,Analyst,Austin,89263.74,8076.78,2024-09-08,3,61.8,anthony.davis@company.com,(448) 264-1772,Active
EMP033659,Anthony,Miller,Anthony Miller,65,Legal,Analyst,Austin,78495.38,8869.94,2021-05-22,36,64.9,anthony.miller@company.com,(493) 863-1028,Active
EMP033660,John,Martin,John Martin,47,Sales,Director,Los Angeles,95078.15,4983.65,2020-05-14,25,75.7,john.martin@company.com,(926) 373-7177,Active
EMP033661,Michael,Martinez,Michael Martinez,49,Sales,Specialist,Los Angeles,86749.17,9117.49,2023-03-30,22,67.2,michael.martinez@company.com,(521) 832-5565,Active
EMP033662,Melissa,Hernandez,Melissa Hernandez,32,Legal,Lead,Boston,71464.33,6971.88,2024-01-02,10,50.5,melissa.hernandez@company.com,(591) 256-1333,Active
EMP033663,John,Miller,John Miller,29,HR,Analyst,Miami,48611.9,6375.25,2021-01-16,5,38.6,john.miller@company.com,(591) 538-6582,Active
EMP033664,Jessica,Wilson,Jessica Wilson,40,Legal,Senior Developer,Seattle,73542.57,5616.26,2021-08-08,11,51.9,jessica.wilson@company.com,(579) 848-7810,On Leave
EMP033665,Anthony,Brown,Anthony Brown,48,Finance,Coordinator,Chicago,77532.22,12134.69,2023-11-15,20,80.3,anthony.brown@company.com,(313) 690-4049,Active
EMP033666,Lisa,Jackson,Lisa Jackson,34,Engineering,Manager,Miami,104304.3,18906.47,2022-03-28,8,76.6,lisa.jackson@company.com,(970) 580-2359,Active
EMP033667,John,Gonzalez,John Gonzalez,60,Legal,Specialist,Los Angeles,97735.38,6876.48,2021-05-19,37,73.8,john.gonzalez@company.com,(635) 494-5787,Active
EMP033668,Robert,Martin,Robert Martin,61,Marketing,Senior Developer,San Francisco,71388.95,7960.5,2021-08-16,33,62.6,robert.martin@company.com,(939) 334-9925,Active
EMP033669,Michael,Williams,Michael Williams,38,Engineering,Lead,Seattle,133052.07,21953.91,2021-04-04,16,88.3,michael.williams@company.com,(317) 213-7350,Active
EMP033670,Anthony,Jones,Anthony Jones,61,Legal,Analyst,San Francisco,128317.19,9367.67,2023-06-10,32,62.2,anthony.jones@company.com,(583) 324-2409,Active
EMP033671,David,Jones,David Jones,23,Marketing,Specialist,Chicago,47315.77,4659.32,2024-03-15,0,74.0,david.jones@company.com,(279) 665-2224,Active
EMP033672,Anthony,Jackson,Anthony Jackson,53,Sales,Lead,Los Angeles,74618.95,14390.05,2022-06-03,27,76.5,anthony.jackson@company.com,(522) 397-9328,Active
EMP033673,Jessica,Jones,Jessica Jones,57,Marketing,Coordinator,Austin,86113.24,7773.86,2021-03-04,30,71.7,jessica.jones@company.com,(431) 293-6247,Active
EMP033674,David,Martinez,David Martinez,45,Engineering,Coordinator,San Francisco,96423.31,6845.37,2024-11-26,22,55.0,david.martinez@company.com,(501) 230-4115,Inactive
EMP033675,Ashley,Johnson,Ashley Johnson,48,Engineering,Coordinator,Miami,146111.85,11539.14,2021-05-02,23,63.1,ashley.johnson@company.com,(774) 929-4914,Inactive
EMP033676,Ashley,Martinez,Ashley Martinez,36,Sales,Analyst,Boston,83126.48,9570.09,2023-05-26,10,58.7,ashley.martinez@company.com,(559) 591-6532,Active
EMP033677,Sarah,Gonzalez,Sarah Gonzalez,48,Marketing,Coordinator,Boston,84412.13,9968.79,2024-12-05,23,100.0,sarah.gonzalez@company.com,(580) 673-5380,Active
EMP033678,Daniel,Gonzalez,Daniel Gonzalez,54,Engineering,Director,Los Angeles,122777.11,17524.52,2021-11-24,29,64.2,daniel.gonzalez@company.com,(754) 795-8351,Active
EMP033679,Nicole,Rodriguez,Nicole Rodriguez,22,Operations,Associate,Chicago,43732.23,5384.92,2022-04-20,0,72.0,nicole.rodriguez@company.com,(242) 803-8735,Active
EMP033680,Jessica,Lopez,Jessica Lopez,50,Sales,Coordinator,New York,71980.89,6855.28,2022-11-24,22,80.8,jessica.lopez@company.com,(406) 333-1138,Active
EMP033681,Emily,Wilson,Emily Wilson,55,Engineering,Associate,Miami,120163.35,6095.78,2023-12-11,33,92.0,emily.wilson@company.com,(727) 910-7161,Inactive
EMP033682,Robert,Thomas,Robert Thomas,53,Legal,Specialist,Miami,98021.74,15450.28,2022-08-23,27,82.9,robert.thomas@company.com,(933) 691-5820,Active
EMP033683,Sarah,Hernandez,Sarah Hernandez,63,IT,Manager,Austin,126230.48,994.43,2022-01-27,38,58.8,sarah.hernandez@company.com,(627) 344-5734,Active
EMP033684,Jessica,Brown,Jessica Brown,41,Engineering,Senior Developer,Chicago,106797.17,6933.72,2020-07-29,17,69.7,jessica.brown@company.com,(648) 761-1414,Active
EMP033685,Stephanie,Smith,Stephanie Smith,55,Legal,Director,Austin,113752.79,14564.37,2023-10-08,32,79.2,stephanie.smith@company.com,(242) 991-2549,Active
EMP033686,James,Johnson,James Johnson,54,Finance,Specialist,Miami,90811.41,13900.68,2024-05-07,29,49.8,james.johnson@company.com,(625) 318-4504,Active
EMP033687,Anthony,Jones,Anthony Jones,49,Finance,Analyst,Boston,84818.95,9395.87,2021-09-25,21,62.7,anthony.jones@company.com,(260) 398-4139,Active
EMP033688,Amanda,Smith,Amanda Smith,23,Legal,Manager,Seattle,41713.82,7502.65,2020-03-19,0,80.4,amanda.smith@company.com,(668) 780-5721,Active
EMP033689,Stephanie,Williams,Stephanie Williams,36,Sales,Coordinator,Boston,52051.41,3328.23,2021-09-12,7,68.6,stephanie.williams@company.com,(973) 589-9829,Active
EMP033690,David,Taylor,David Taylor,59,Operations,Specialist,Seattle,94241.47,14619.49,2022-03-06,37,70.4,david.taylor@company.com,(386) 358-2669,Inactive
EMP033691,Jane,Martinez,Jane Martinez,58,HR,Lead,Miami,65235.04,8740.32,2022-10-10,33,76.7,jane.martinez@company.com,(670) 553-8549,Active
EMP033692,Matthew,Rodriguez,Matthew Rodriguez,57,IT,Analyst,San Francisco,104006.91,8403.87,2023-02-24,31,78.0,matthew.rodriguez@company.com,(231) 999-4286,Active
EMP033693,David,Rodriguez,David Rodriguez,51,Engineering,Associate,Miami,134038.86,18573.94,2022-09-01,25,87.6,david.rodriguez@company.com,(312) 583-2375,Active
EMP033694,John,Anderson,John Anderson,22,Marketing,Director,Seattle,43691.87,649.82,2020-09-08,0,85.8,john.anderson@company.com,(873) 550-9203,Active
EMP033695,David,Smith,David Smith,34,Sales,Analyst,Austin,43433.54,4843.05,2023-10-26,10,69.8,david.smith@company.com,(285) 407-3861,Active
EMP033696,Jessica,Lopez,Jessica Lopez,50,Marketing,Associate,New York,66709.08,11239.02,2024-06-20,23,81.6,jessica.lopez@company.com,(949) 462-5753,Active
EMP033697,Nicole,Moore,Nicole Moore,58,Engineering,Specialist,New York,102592.23,0.0,2023-03-20,31,91.3,nicole.moore@company.com,(859) 495-9222,Active
EMP033698,Ashley,Brown,Ashley Brown,46,HR,Lead,Los Angeles,53329.06,7820.77,2021-04-23,21,73.8,ashley.brown@company.com,(696) 410-2733,Active
EMP033699,David,Rodriguez,David Rodriguez,56,HR,Senior Developer,San Francisco,86917.39,11023.11,2020-02-04,33,79.4,david.rodriguez@company.com,(553) 326-9882,Active
EMP033700,Melissa,Davis,Melissa Davis,63,Marketing,Director,Seattle,81145.3,7617.46,2024-06-08,37,75.0,melissa.davis@company.com,(904) 617-2659,Active
EMP033701,Daniel,Martin,Daniel Martin,65,Legal,Coordinator,Seattle,110294.99,15729.2,2024-08-25,36,80.0,daniel.martin@company.com,(667) 838-6155,Active
EMP033702,William,Rodriguez,William Rodriguez,44,Marketing,Lead,New York,94850.73,8853.37,2023-10-03,16,73.6,william.rodriguez@company.com,(929) 609-7372,Active
EMP033703,Melissa,Wilson,Melissa Wilson,41,Sales,Manager,Miami,87501.68,11158.32,2021-07-25,16,100.0,melissa.wilson@company.com,(940) 626-1952,Active
EMP033704,Jessica,Thomas,Jessica Thomas,34,Operations,Senior Developer,Los Angeles,62552.2,8657.94,2023-10-19,7,71.1,jessica.thomas@company.com,(331) 758-1340,Active
EMP033705,Lisa,Davis,Lisa Davis,64,Legal,Lead,Seattle,99217.15,6362.56,2023-11-13,41,90.1,lisa.davis@company.com,(743) 255-3428,Active
EMP033706,Stephanie,Johnson,Stephanie Johnson,43,Legal,Coordinator,Boston,102937.55,9410.67,2022-07-10,21,64.0,stephanie.johnson@company.com,(473) 282-9527,Active
EMP033707,Nicole,Rodriguez,Nicole Rodriguez,37,IT,Senior Developer,Miami,80421.64,6536.92,2021-05-17,13,80.9,nicole.rodriguez@company.com,(735) 259-4706,Active
EMP033708,James,Smith,James Smith,65,HR,Director,Boston,69427.74,1717.45,2022-02-04,42,100.0,james.smith@company.com,(765) 636-9742,Active
EMP033709,James,Moore,James Moore,47,IT,Coordinator,Chicago,114564.91,11269.41,2022-06-05,24,74.5,james.moore@company.com,(204) 644-1663,Active
EMP033710,Nicole,Smith,Nicole Smith,28,HR,Specialist,New York,49853.19,6844.53,2024-05-11,2,83.8,nicole.smith@company.com,(791) 847-3091,Active
EMP033711,Amanda,Thomas,Amanda Thomas,53,Engineering,Senior Developer,San Francisco,101974.08,11629.89,2024-01-16,28,49.3,amanda.thomas@company.com,(320) 955-5608,Active
EMP033712,James,Rodriguez,James Rodriguez,39,Legal,Associate,Seattle,88736.68,10420.87,2021-06-16,13,64.8,james.rodriguez@company.com,(970) 812-4822,Active
EMP033713,Jane,Taylor,Jane Taylor,57,Finance,Associate,Los Angeles,98334.17,4679.58,2024-07-15,31,72.8,jane.taylor@company.com,(347) 912-6024,Active
EMP033714,Stephanie,Martin,Stephanie Martin,24,IT,Specialist,Miami,70132.96,6011.07,2020-03-24,2,90.3,stephanie.martin@company.com,(773) 797-1655,Active
EMP033715,James,Martinez,James Martinez,58,HR,Specialist,Los Angeles,64030.26,8452.67,2022-07-06,29,73.7,james.martinez@company.com,(266) 439-8438,Active
EMP033716,Daniel,Garcia,Daniel Garcia,42,Finance,Specialist,Austin,69769.91,9083.07,2021-08-29,14,69.9,daniel.garcia@company.com,(738) 899-3018,Active
EMP033717,Sarah,Thomas,Sarah Thomas,64,Sales,Analyst,San Francisco,86492.61,5449.72,2020-01-15,38,80.0,sarah.thomas@company.com,(809) 943-6560,Active
EMP033718,Robert,Moore,Robert Moore,50,Engineering,Analyst,Chicago,116417.31,9952.39,2024-05-13,27,82.9,robert.moore@company.com,(443) 268-2766,Active
EMP033719,Amanda,Davis,Amanda Davis,55,Engineering,Senior Developer,Boston,109897.33,15193.75,2020-05-16,29,88.6,amanda.davis@company.com,(300) 755-2900,Active
EMP033720,Emily,Garcia,Emily Garcia,31,Engineering,Analyst,San Francisco,123705.83,13572.52,2022-09-15,3,78.4,emily.garcia@company.com,(505) 987-6917,Active
EMP033721,William,Johnson,William Johnson,35,Sales,Specialist,Los Angeles,56216.81,13166.71,2022-12-27,12,97.9,william.johnson@company.com,(733) 577-4880,Active
EMP033722,Amanda,Davis,Amanda Davis,51,HR,Manager,Chicago,79956.99,9651.62,2024-12-24,29,85.5,amanda.davis@company.com,(728) 287-7057,Active
EMP033723,Matthew,Lopez,Matthew Lopez,64,Legal,Senior Developer,Los Angeles,135313.99,12631.04,2020-09-03,42,99.7,matthew.lopez@company.com,(387) 842-5677,Active
EMP033724,John,Anderson,John Anderson,59,Marketing,Lead,New York,90709.27,10388.53,2021-12-03,33,64.4,john.anderson@company.com,(718) 359-7519,Active
EMP033725,Melissa,Anderson,Melissa Anderson,36,Legal,Analyst,Los Angeles,78076.18,8051.79,2024-10-31,7,83.6,melissa.anderson@company.com,(849) 496-9886,Active
EMP033726,Amanda,Martinez,Amanda Martinez,43,Legal,Director,Austin,94258.29,4723.21,2022-01-02,14,95.5,amanda.martinez@company.com,(255) 551-3805,Active
EMP033727,Nicole,Jackson,Nicole Jackson,47,Legal,Associate,San Francisco,137643.22,16209.96,2024-05-05,23,75.8,nicole.jackson@company.com,(649) 626-8473,Active
EMP033728,Sarah,Thomas,Sarah Thomas,59,Sales,Director,Los Angeles,100629.8,14545.3,2021-12-04,32,72.2,sarah.thomas@company.com,(389) 664-1812,Active
EMP033729,Sarah,Gonzalez,Sarah Gonzalez,28,Marketing,Senior Developer,San Francisco,72912.86,3124.63,2020-09-28,3,61.1,sarah.gonzalez@company.com,(270) 846-4881,Active
EMP033730,Jane,Garcia,Jane Garcia,53,Legal,Manager,Los Angeles,134897.2,19211.92,2021-05-05,31,78.6,jane.garcia@company.com,(639) 784-1150,Active
EMP033731,Jane,Johnson,Jane Johnson,42,IT,Senior Developer,San Francisco,75686.08,9830.87,2024-06-01,20,72.3,jane.johnson@company.com,(879) 808-7326,Active
EMP033732,David,Martinez,David Martinez,39,HR,Lead,Austin,62634.45,1644.5,2024-02-25,17,94.0,david.martinez@company.com,(495) 617-7845,Active
EMP033733,Nicole,Jones,Nicole Jones,38,Sales,Analyst,New York,64169.7,3886.65,2022-04-28,14,74.9,nicole.jones@company.com,(534) 824-8143,Active
EMP033734,Stephanie,Jones,Stephanie Jones,59,IT,Coordinator,New York,112890.92,9692.78,2020-12-24,35,93.1,stephanie.jones@company.com,(699) 434-1766,Active
EMP033735,Matthew,Thomas,Matthew Thomas,57,IT,Director,Miami,146801.22,7561.52,2020-01-02,31,72.3,matthew.thomas@company.com,(243) 261-6080,Active
EMP033736,Lisa,Gonzalez,Lisa Gonzalez,40,Sales,Analyst,San Francisco,68690.95,3746.61,2021-04-14,14,72.9,lisa.gonzalez@company.com,(663) 908-4051,Active
EMP033737,Matthew,Johnson,Matthew Johnson,31,Legal,Analyst,Seattle,85340.36,8158.73,2024-05-23,7,65.6,matthew.johnson@company.com,(659) 311-4991,Active
EMP033738,John,Gonzalez,John Gonzalez,31,Marketing,Coordinator,Seattle,78542.98,5944.56,2020-05-15,5,91.3,john.gonzalez@company.com,(807) 558-3291,Active
EMP033739,Matthew,Moore,Matthew Moore,63,Engineering,Lead,New York,124058.23,18273.44,2023-04-27,34,70.1,matthew.moore@company.com,(741) 491-6208,Active
EMP033740,Melissa,Johnson,Melissa Johnson,62,Sales,Manager,Chicago,76437.92,0.0,2024-03-28,38,66.0,melissa.johnson@company.com,(715) 340-1917,Active
EMP033741,Amanda,Jones,Amanda Jones,60,Engineering,Director,Austin,160966.96,17966.19,2020-03-21,35,48.2,amanda.jones@company.com,(501) 289-5107,Active
EMP033742,Amanda,Johnson,Amanda Johnson,42,Marketing,Lead,Seattle,95253.13,14031.06,2021-08-06,19,73.3,amanda.johnson@company.com,(202) 955-6085,Active
EMP033743,Melissa,Martinez,Melissa Martinez,44,HR,Lead,Austin,74659.75,2635.99,2022-03-15,22,66.3,melissa.martinez@company.com,(615) 298-4425,Active
EMP033744,William,Taylor,William Taylor,64,Marketing,Lead,New York,78271.44,4546.11,2022-08-19,41,93.5,william.taylor@company.com,(453) 940-6957,Inactive
EMP033745,Daniel,Hernandez,Daniel Hernandez,25,Marketing,Analyst,Los Angeles,77823.94,9786.02,2021-02-13,2,75.7,daniel.hernandez@company.com,(999) 629-4364,Inactive
EMP033746,Michael,Williams,Michael Williams,63,Finance,Lead,New York,98622.09,6681.25,2021-08-19,39,62.0,michael.williams@company.com,(809) 391-7182,Active
EMP033747,Lisa,Williams,Lisa Williams,42,Finance,Lead,Chicago,100930.84,6477.41,2021-01-11,13,68.3,lisa.williams@company.com,(713) 934-1348,Active
EMP033748,David,Thomas,David Thomas,42,HR,Analyst,Boston,70498.82,13226.26,2021-08-11,20,63.0,david.thomas@company.com,(262) 433-7215,Active
EMP033749,William,Thomas,William Thomas,57,Marketing,Specialist,Miami,70316.63,8039.68,2024-03-21,28,65.9,william.thomas@company.com,(558) 563-9984,Active
EMP033750,Robert,Jones,Robert Jones,23,Sales,Coordinator,Miami,34240.02,3992.47,2020-04-26,0,89.0,robert.jones@company.com,(326) 392-4823,Inactive
EMP033751,Daniel,Miller,Daniel Miller,36,Marketing,Senior Developer,Miami,66671.67,9243.2,2022-11-20,12,90.9,daniel.miller@company.com,(221) 252-2399,Active
EMP033752,David,Martinez,David Martinez,64,IT,Coordinator,Seattle,112295.79,1693.74,2020-06-23,37,52.1,david.martinez@company.com,(233) 512-4714,Active
EMP033753,Melissa,Thomas,Melissa Thomas,42,Engineering,Senior Developer,San Francisco,122837.04,12222.06,2022-06-11,16,87.4,melissa.thomas@company.com,(739) 969-4714,On Leave
EMP033754,Jessica,Martinez,Jessica Martinez,64,Engineering,Director,Boston,96416.48,600.11,2021-02-02,40,53.0,jessica.martinez@company.com,(589) 262-2257,Active
EMP033755,Emily,Martinez,Emily Martinez,33,HR,Analyst,Los Angeles,68575.1,5744.94,2023-12-05,9,72.8,emily.martinez@company.com,(991) 765-2234,On Leave
EMP033756,Robert,Miller,Robert Miller,64,HR,Analyst,Chicago,67018.51,5879.88,2023-06-28,38,65.7,robert.miller@company.com,(352) 358-8905,Active
EMP033757,Stephanie,Anderson,Stephanie Anderson,29,Legal,Analyst,Miami,37500.0,5495.52,2024-10-04,1,95.0,stephanie.anderson@company.com,(498) 631-9223,On Leave
EMP033758,Matthew,Moore,Matthew Moore,49,Operations,Senior Developer,San Francisco,72334.15,9043.25,2023-03-24,23,59.9,matthew.moore@company.com,(772) 695-6339,Active
EMP033759,Christopher,Rodriguez,Christopher Rodriguez,60,Finance,Manager,Miami,86055.69,13958.5,2021-03-27,34,60.5,christopher.rodriguez@company.com,(309) 443-1921,Active
EMP033760,Ashley,Anderson,Ashley Anderson,52,Engineering,Manager,Austin,104809.08,12641.95,2021-04-06,29,81.9,ashley.anderson@company.com,(719) 980-4486,Active
EMP033761,Jessica,Gonzalez,Jessica Gonzalez,52,Engineering,Coordinator,Los Angeles,86814.14,11345.43,2021-07-08,26,88.7,jessica.gonzalez@company.com,(256) 631-8508,Active
EMP033762,Lisa,Brown,Lisa Brown,24,Legal,Coordinator,Chicago,93438.45,12707.22,2020-02-20,0,60.4,lisa.brown@company.com,(767) 533-9663,Active
EMP033763,Ashley,Rodriguez,Ashley Rodriguez,32,IT,Lead,Los Angeles,76769.56,3333.09,2023-10-01,5,61.8,ashley.rodriguez@company.com,(809) 991-9769,Active
EMP033764,Melissa,Gonzalez,Melissa Gonzalez,35,Sales,Coordinator,Boston,82897.11,2547.65,2021-09-09,9,83.3,melissa.gonzalez@company.com,(850) 297-8254,Active
EMP033765,Daniel,Thomas,Daniel Thomas,42,Sales,Director,Austin,80313.78,10586.98,2022-06-07,13,62.2,daniel.thomas@company.com,(865) 881-1098,Active
EMP033766,Jessica,Martin,Jessica Martin,27,Marketing,Manager,San Francisco,53202.64,152.16,2024-05-05,0,59.3,jessica.martin@company.com,(732) 354-8633,Active
EMP033767,Anthony,Lopez,Anthony Lopez,62,Engineering,Manager,Miami,134974.82,16532.23,2021-07-06,35,61.7,anthony.lopez@company.com,(889) 520-8260,Active
EMP033768,David,Garcia,David Garcia,52,HR,Senior Developer,San Francisco,77007.97,0.0,2024-02-12,29,47.6,david.garcia@company.com,(965) 377-6838,Active
EMP033769,Jane,Jackson,Jane Jackson,53,Marketing,Director,Los Angeles,77941.54,2297.27,2022-07-06,27,79.4,jane.jackson@company.com,(535) 311-1335,Inactive
EMP033770,James,Anderson,James Anderson,22,Legal,Analyst,Boston,69028.13,1992.47,2024-10-28,0,55.0,james.anderson@company.com,(728) 684-3422,Active
EMP033771,Daniel,Williams,Daniel Williams,43,Operations,Manager,Seattle,60630.37,7676.77,2024-06-30,19,69.7,daniel.williams@company.com,(344) 611-6701,Active
EMP033772,Michael,Rodriguez,Michael Rodriguez,28,Operations,Director,New York,57797.65,10297.05,2023-05-19,0,54.3,michael.rodriguez@company.com,(380) 406-3583,Active
EMP033773,Matthew,Martin,Matthew Martin,29,HR,Senior Developer,Chicago,59278.49,9496.23,2022-11-18,3,68.0,matthew.martin@company.com,(355) 826-5747,Active
EMP033774,Christopher,Jackson,Christopher Jackson,64,Operations,Specialist,San Francisco,59561.45,8157.3,2021-01-31,40,53.3,christopher.jackson@company.com,(444) 560-8418,Active
EMP033775,Stephanie,Garcia,Stephanie Garcia,39,Engineering,Coordinator,Los Angeles,105583.27,11102.75,2023-02-15,15,100.0,stephanie.garcia@company.com,(393) 723-9697,Active
EMP033776,Emily,Anderson,Emily Anderson,38,IT,Lead,Seattle,88741.64,15572.17,2021-03-30,15,84.8,emily.anderson@company.com,(840) 766-6384,Active
EMP033777,Matthew,Garcia,Matthew Garcia,53,Engineering,Senior Developer,Chicago,75969.42,10985.9,2020-08-28,30,51.1,matthew.garcia@company.com,(835) 358-3845,Active
EMP033778,David,Hernandez,David Hernandez,58,Marketing,Senior Developer,Austin,58059.66,3689.65,2021-02-08,34,77.1,david.hernandez@company.com,(914) 581-3349,On Leave
EMP033779,Anthony,Garcia,Anthony Garcia,23,Marketing,Coordinator,Los Angeles,60207.69,5239.7,2024-07-24,0,71.9,anthony.garcia@company.com,(790) 803-5504,Active
EMP033780,Lisa,Wilson,Lisa Wilson,48,Legal,Associate,Austin,105584.11,18344.7,2021-07-21,25,67.1,lisa.wilson@company.com,(264) 923-2649,Active
EMP033781,Nicole,Hernandez,Nicole Hernandez,27,Legal,Coordinator,Chicago,119517.11,13257.93,2022-02-14,1,97.5,nicole.hernandez@company.com,(783) 856-3879,Active
EMP033782,Jessica,Taylor,Jessica Taylor,27,Engineering,Director,Seattle,75365.73,3527.65,2023-10-14,2,80.7,jessica.taylor@company.com,(265) 586-6353,Active
EMP033783,Jane,Anderson,Jane Anderson,50,Marketing,Senior Developer,Boston,75182.39,11303.35,2021-05-24,26,73.8,jane.anderson@company.com,(274) 246-1970,Active
EMP033784,Ashley,Jones,Ashley Jones,64,HR,Specialist,Boston,99523.73,12271.11,2023-01-05,42,60.1,ashley.jones@company.com,(550) 345-3920,Active
EMP033785,Jane,Smith,Jane Smith,60,Sales,Lead,Boston,77744.35,10660.4,2022-06-06,38,52.8,jane.smith@company.com,(970) 730-6083,Active
EMP033786,Amanda,Wilson,Amanda Wilson,60,Finance,Director,Los Angeles,106292.04,1374.53,2024-03-03,34,78.0,amanda.wilson@company.com,(699) 317-5964,Active
EMP033787,Daniel,Brown,Daniel Brown,39,Operations,Coordinator,San Francisco,51758.34,5475.09,2022-09-21,15,75.9,daniel.brown@company.com,(912) 760-9814,On Leave
EMP033788,Ashley,Hernandez,Ashley Hernandez,41,IT,Coordinator,Miami,103163.18,10791.2,2021-02-10,16,54.5,ashley.hernandez@company.com,(635) 994-7413,Active
EMP033789,Lisa,Thomas,Lisa Thomas,36,IT,Associate,Miami,113513.4,11362.52,2020-12-12,12,78.4,lisa.thomas@company.com,(898) 989-2793,Active
EMP033790,Anthony,Brown,Anthony Brown,42,HR,Analyst,Miami,74455.49,7573.19,2022-03-05,16,85.2,anthony.brown@company.com,(631) 804-2894,Active
EMP033791,David,Wilson,David Wilson,40,Finance,Senior Developer,Boston,73022.94,8633.06,2020-07-03,15,81.8,david.wilson@company.com,(977) 245-9450,Active
EMP033792,Daniel,Johnson,Daniel Johnson,65,Finance,Coordinator,San Francisco,111914.27,12562.83,2021-07-23,38,100.0,daniel.johnson@company.com,(384) 300-8163,Active
EMP033793,Jane,Hernandez,Jane Hernandez,46,Marketing,Specialist,Los Angeles,88694.81,12309.58,2022-01-31,19,52.2,jane.hernandez@company.com,(952) 734-1044,Active
EMP033794,David,Davis,David Davis,24,Marketing,Lead,Los Angeles,28500.0,4798.91,2022-05-26,0,66.4,david.davis@company.com,(848) 689-7770,Active
EMP033795,Jessica,Hernandez,Jessica Hernandez,55,Finance,Manager,Boston,112175.59,12047.59,2022-05-09,28,68.4,jessica.hernandez@company.com,(606) 832-4209,Inactive
EMP033796,Sarah,Anderson,Sarah Anderson,37,Operations,Director,Boston,56878.72,7194.31,2023-05-10,14,62.3,sarah.anderson@company.com,(892) 257-9552,Active
EMP033797,David,Rodriguez,David Rodriguez,47,Legal,Analyst,Seattle,128879.86,20460.04,2021-01-12,24,88.2,david.rodriguez@company.com,(439) 410-1383,Active
EMP033798,David,Williams,David Williams,26,Sales,Analyst,Austin,35124.7,3030.24,2021-05-06,4,65.7,david.williams@company.com,(983) 391-7892,Active
EMP033799,Ashley,Jackson,Ashley Jackson,27,Operations,Specialist,Seattle,57965.31,8524.12,2021-11-14,3,94.9,ashley.jackson@company.com,(500) 921-3384,Active
EMP033800,Anthony,Williams,Anthony Williams,41,Sales,Senior Developer,San Francisco,66027.25,10974.32,2024-10-06,17,71.4,anthony.williams@company.com,(650) 887-7803,Active
EMP033801,James,Williams,James Williams,34,HR,Specialist,Austin,53597.83,2305.97,2023-03-11,5,56.3,james.williams@company.com,(440) 938-7031,Active
EMP033802,William,Hernandez,William Hernandez,48,Finance,Analyst,Seattle,112730.18,12053.83,2023-09-15,26,92.0,william.hernandez@company.com,(779) 247-3203,Active
EMP033803,Anthony,Miller,Anthony Miller,51,Marketing,Senior Developer,Seattle,90029.26,1822.2,2022-09-05,24,71.6,anthony.miller@company.com,(525) 477-5157,Active
EMP033804,Robert,Johnson,Robert Johnson,32,Marketing,Director,Chicago,75862.14,4451.33,2021-11-21,6,92.5,robert.johnson@company.com,(404) 489-8348,Active
EMP033805,Nicole,Jackson,Nicole Jackson,36,Operations,Specialist,Chicago,39180.22,2815.26,2021-06-25,13,100.0,nicole.jackson@company.com,(938) 553-9190,Active
EMP033806,Amanda,Taylor,Amanda Taylor,34,Operations,Manager,Austin,32421.72,3201.43,2020-09-01,12,69.6,amanda.taylor@company.com,(564) 704-7598,Active
EMP033807,Daniel,Moore,Daniel Moore,30,Legal,Coordinator,Miami,106429.61,0.0,2020-01-03,4,100.0,daniel.moore@company.com,(996) 353-9362,Active
EMP033808,Christopher,Garcia,Christopher Garcia,40,Engineering,Director,New York,58512.44,5453.7,2020-11-10,17,67.5,christopher.garcia@company.com,(676) 979-1521,Active
EMP033809,Stephanie,Hernandez,Stephanie Hernandez,33,Sales,Lead,New York,63699.28,5412.93,2023-02-05,9,77.3,stephanie.hernandez@company.com,(767) 684-7638,Active
EMP033810,Amanda,Taylor,Amanda Taylor,30,Marketing,Lead,Austin,45134.13,6158.88,2023-10-17,3,68.1,amanda.taylor@company.com,(597) 649-1783,Active
EMP033811,Lisa,Garcia,Lisa Garcia,64,Operations,Manager,Miami,91170.44,8995.82,2020-09-28,39,78.4,lisa.garcia@company.com,(387) 584-6728,Inactive
EMP033812,James,Johnson,James Johnson,40,Sales,Senior Developer,San Francisco,76381.99,6767.78,2022-10-12,17,79.7,james.johnson@company.com,(653) 267-9398,On Leave
EMP033813,Michael,Williams,Michael Williams,44,Operations,Analyst,New York,58856.78,5475.04,2020-05-15,16,68.8,michael.williams@company.com,(858) 679-5290,Active
EMP033814,Melissa,Jackson,Melissa Jackson,40,HR,Analyst,New York,66921.49,13671.89,2022-07-11,13,100.0,melissa.jackson@company.com,(416) 760-5194,Active
EMP033815,Matthew,Hernandez,Matthew Hernandez,30,HR,Manager,New York,44392.67,0.0,2024-11-29,6,84.3,matthew.hernandez@company.com,(366) 839-4035,Active
EMP033816,Emily,Johnson,Emily Johnson,30,Operations,Specialist,Seattle,69725.6,8797.4,2023-11-25,7,61.5,emily.johnson@company.com,(584) 702-9371,Active
EMP033817,Amanda,Martin,Amanda Martin,62,IT,Coordinator,San Francisco,73016.9,7798.29,2022-09-26,33,62.3,amanda.martin@company.com,(450) 557-4955,Active
EMP033818,Anthony,Jackson,Anthony Jackson,49,HR,Coordinator,Seattle,76217.92,0.0,2021-02-06,25,39.0,anthony.jackson@company.com,(325) 599-2568,Active
EMP033819,Sarah,Martinez,Sarah Martinez,31,Sales,Manager,San Francisco,57519.44,4695.97,2020-08-03,2,84.1,sarah.martinez@company.com,(489) 340-9916,Active
EMP033820,Emily,Williams,Emily Williams,22,Finance,Analyst,Boston,84242.86,9178.46,2024-12-28,0,82.1,emily.williams@company.com,(644) 896-3672,Active
EMP033821,James,Jones,James Jones,52,Legal,Lead,New York,102540.9,17695.82,2020-07-06,26,98.7,james.jones@company.com,(251) 653-1208,Active
EMP033822,Nicole,Martin,Nicole Martin,31,Sales,Coordinator,San Francisco,37723.79,2041.43,2021-11-12,6,85.1,nicole.martin@company.com,(316) 563-3652,Active
EMP033823,Stephanie,Williams,Stephanie Williams,30,Marketing,Manager,San Francisco,66678.33,7031.43,2022-02-24,2,73.1,stephanie.williams@company.com,(377) 505-7585,Active
EMP033824,James,Jackson,James Jackson,40,IT,Specialist,Chicago,74290.85,4876.47,2024-01-26,15,88.3,james.jackson@company.com,(753) 376-2586,Active
EMP033825,Anthony,Hernandez,Anthony Hernandez,54,Finance,Coordinator,New York,71322.72,4637.19,2021-05-04,32,82.8,anthony.hernandez@company.com,(552) 395-3441,Inactive
EMP033826,Stephanie,Martinez,Stephanie Martinez,56,Legal,Coordinator,Miami,102567.78,13285.83,2024-05-19,28,77.4,stephanie.martinez@company.com,(827) 298-1629,Inactive
EMP033827,James,Johnson,James Johnson,43,IT,Analyst,Austin,74606.92,4093.46,2021-05-09,14,62.1,james.johnson@company.com,(262) 780-8478,Active
EMP033828,David,Moore,David Moore,32,Legal,Analyst,New York,71572.17,9374.98,2022-05-12,9,67.0,david.moore@company.com,(467) 206-6336,Active
EMP033829,Robert,Taylor,Robert Taylor,58,Finance,Coordinator,Boston,102576.29,15531.07,2022-01-01,36,72.8,robert.taylor@company.com,(567) 653-5069,Active
EMP033830,David,Johnson,David Johnson,59,IT,Lead,San Francisco,114900.86,12294.02,2020-01-22,33,90.6,david.johnson@company.com,(520) 638-3317,Active
EMP033831,Emily,Martinez,Emily Martinez,37,HR,Associate,Los Angeles,81230.59,9563.25,2022-05-15,9,65.5,emily.martinez@company.com,(750) 575-3979,Active
EMP033832,David,Taylor,David Taylor,45,Operations,Associate,Miami,90964.21,6723.15,2024-09-07,18,100.0,david.taylor@company.com,(673) 903-9980,Active
EMP033833,Jane,Thomas,Jane Thomas,42,Legal,Coordinator,New York,71389.57,6873.42,2020-01-07,20,72.8,jane.thomas@company.com,(362) 966-9703,Active
EMP033834,Amanda,Gonzalez,Amanda Gonzalez,32,Finance,Manager,Chicago,49238.2,2000.69,2023-09-19,5,67.6,amanda.gonzalez@company.com,(610) 256-4707,Active
EMP033835,Melissa,Smith,Melissa Smith,36,Engineering,Associate,San Francisco,103931.91,11138.19,2023-01-18,14,81.4,melissa.smith@company.com,(429) 365-6527,Active
EMP033836,Stephanie,Brown,Stephanie Brown,64,Marketing,Specialist,Los Angeles,90161.57,5576.75,2020-03-01,38,90.2,stephanie.brown@company.com,(304) 217-4146,On Leave
EMP033837,Nicole,Anderson,Nicole Anderson,51,Operations,Manager,Boston,59568.83,0.0,2022-10-31,26,84.7,nicole.anderson@company.com,(455) 297-5265,Active
EMP033838,Christopher,Garcia,Christopher Garcia,42,Engineering,Specialist,Seattle,69250.35,2634.53,2022-07-05,20,99.3,christopher.garcia@company.com,(888) 580-7051,On Leave
EMP033839,Stephanie,Williams,Stephanie Williams,35,HR,Analyst,Austin,60790.72,5616.97,2023-06-04,12,64.5,stephanie.williams@company.com,(285) 575-7811,Active
EMP033840,Daniel,Martin,Daniel Martin,55,Finance,Lead,San Francisco,92844.92,9767.41,2022-02-04,33,62.3,daniel.martin@company.com,(804) 398-3402,Active
EMP033841,Matthew,Lopez,Matthew Lopez,58,Marketing,Coordinator,Boston,59301.71,2883.07,2020-05-26,30,71.0,matthew.lopez@company.com,(656) 588-6073,Active
EMP033842,Emily,Smith,Emily Smith,62,Engineering,Director,Los Angeles,110545.85,13914.31,2020-11-09,36,55.7,emily.smith@company.com,(683) 405-9884,Active
EMP033843,Christopher,Jackson,Christopher Jackson,37,Sales,Specialist,Boston,70035.61,10177.74,2024-04-24,11,69.8,christopher.jackson@company.com,(411) 346-6993,Active
EMP033844,Michael,Thomas,Michael Thomas,23,Engineering,Senior Developer,Seattle,45610.62,4227.33,2021-05-20,0,71.4,michael.thomas@company.com,(434) 575-4805,Active
EMP033845,Daniel,Taylor,Daniel Taylor,57,HR,Lead,Chicago,80486.51,14589.97,2024-05-09,34,72.2,daniel.taylor@company.com,(560) 593-9772,Active
EMP033846,William,Moore,William Moore,34,Legal,Manager,Los Angeles,96175.73,2496.82,2020-12-04,12,59.1,william.moore@company.com,(423) 990-9440,Active
EMP033847,John,Thomas,John Thomas,45,Sales,Specialist,Seattle,91468.91,13278.31,2022-01-17,19,57.7,john.thomas@company.com,(728) 833-3878,Active
EMP033848,Amanda,Martinez,Amanda Martinez,47,Legal,Director,San Francisco,95642.53,7208.25,2022-08-09,19,55.2,amanda.martinez@company.com,(691) 552-3612,On Leave
EMP033849,Melissa,Hernandez,Melissa Hernandez,22,Sales,Specialist,Los Angeles,63573.13,11340.41,2024-01-26,0,77.1,melissa.hernandez@company.com,(331) 537-3661,Inactive
EMP033850,Nicole,Williams,Nicole Williams,38,Legal,Analyst,Boston,105044.61,6859.45,2024-05-01,11,82.7,nicole.williams@company.com,(564) 936-5097,Active
EMP033851,John,Jackson,John Jackson,48,Engineering,Analyst,New York,129231.17,15811.52,2023-10-02,25,100.0,john.jackson@company.com,(663) 703-5924,Active
EMP033852,Christopher,Hernandez,Christopher Hernandez,38,HR,Coordinator,San Francisco,50707.93,4904.23,2024-03-05,10,68.1,christopher.hernandez@company.com,(777) 581-1961,Active
EMP033853,Anthony,Brown,Anthony Brown,28,Sales,Senior Developer,Los Angeles,30000.0,2505.51,2020-07-29,3,72.2,anthony.brown@company.com,(382) 697-2968,Active
EMP033854,Jessica,Jackson,Jessica Jackson,56,Finance,Associate,Miami,94734.91,3747.89,2023-09-12,30,64.2,jessica.jackson@company.com,(611) 543-2862,Active
EMP033855,Lisa,Miller,Lisa Miller,57,HR,Manager,Boston,95107.45,7603.64,2022-06-05,32,65.0,lisa.miller@company.com,(906) 220-5845,Active
EMP033856,Jane,Hernandez,Jane Hernandez,40,Finance,Lead,Austin,76621.6,7507.35,2024-06-19,18,92.3,jane.hernandez@company.com,(959) 969-8154,Active
EMP033857,Jessica,Lopez,Jessica Lopez,50,Sales,Coordinator,New York,80592.51,8593.71,2024-01-30,23,57.6,jessica.lopez@company.com,(842) 674-6144,Active
EMP033858,William,Smith,William Smith,61,IT,Specialist,Boston,85262.0,15750.11,2022-04-18,35,83.6,william.smith@company.com,(486) 221-1177,Active
EMP033859,Christopher,Martin,Christopher Martin,56,Marketing,Lead,San Francisco,107451.2,11047.03,2024-02-22,30,87.9,christopher.martin@company.com,(991) 350-2708,Active
EMP033860,Melissa,Martinez,Melissa Martinez,50,IT,Associate,Boston,118692.43,11747.47,2023-10-17,27,42.1,melissa.martinez@company.com,(377) 328-3749,Active
EMP033861,Jessica,Garcia,Jessica Garcia,41,IT,Associate,Seattle,95640.09,871.97,2024-03-10,12,76.9,jessica.garcia@company.com,(537) 296-8340,Active
EMP033862,Emily,Miller,Emily Miller,39,IT,Director,Miami,122455.38,0.0,2022-04-29,14,75.5,emily.miller@company.com,(414) 601-2641,Active
EMP033863,Anthony,Johnson,Anthony Johnson,40,Legal,Lead,Miami,94900.99,11416.31,2020-06-15,13,90.4,anthony.johnson@company.com,(366) 232-2144,Active
EMP033864,John,Brown,John Brown,34,Operations,Lead,Seattle,53878.91,3389.79,2024-09-23,9,79.9,john.brown@company.com,(433) 315-2898,Active
EMP033865,Nicole,Lopez,Nicole Lopez,53,HR,Analyst,Boston,52439.06,6211.68,2023-02-15,26,89.1,nicole.lopez@company.com,(870) 222-9631,Active
EMP033866,Melissa,Moore,Melissa Moore,31,Engineering,Associate,Chicago,76959.9,7257.2,2020-04-22,8,88.3,melissa.moore@company.com,(561) 932-3796,Active
EMP033867,Melissa,Garcia,Melissa Garcia,49,Finance,Manager,San Francisco,94117.76,14762.55,2023-09-13,25,76.2,melissa.garcia@company.com,(373) 281-2565,Active
EMP033868,Michael,Martin,Michael Martin,52,Finance,Director,San Francisco,83803.24,10961.73,2020-07-26,24,66.4,michael.martin@company.com,(791) 875-9875,Active
EMP033869,Melissa,Martin,Melissa Martin,45,Legal,Coordinator,Chicago,91273.82,11371.01,2020-08-06,19,64.2,melissa.martin@company.com,(785) 680-8312,Inactive
EMP033870,Nicole,Williams,Nicole Williams,27,IT,Director,Los Angeles,68942.71,10525.51,2023-05-25,0,61.0,nicole.williams@company.com,(653) 347-9586,Active
EMP033871,Lisa,Martin,Lisa Martin,33,Legal,Analyst,Los Angeles,94937.65,5562.75,2020-05-04,11,65.3,lisa.martin@company.com,(710) 697-6020,Active
EMP033872,James,Martinez,James Martinez,50,Engineering,Lead,Los Angeles,115185.53,17788.91,2022-10-20,24,33.8,james.martinez@company.com,(291) 623-4862,Active
EMP033873,Melissa,Smith,Melissa Smith,31,Operations,Director,Austin,59950.29,10034.99,2023-07-10,4,99.0,melissa.smith@company.com,(259) 838-1940,Active
EMP033874,Daniel,Taylor,Daniel Taylor,48,Legal,Coordinator,San Francisco,114839.72,24781.99,2020-10-23,22,100.0,daniel.taylor@company.com,(255) 824-9086,Active
EMP033875,Robert,Garcia,Robert Garcia,29,Engineering,Senior Developer,Los Angeles,71453.18,6995.17,2021-06-07,0,90.7,robert.garcia@company.com,(351) 961-7470,Active
EMP033876,Matthew,Smith,Matthew Smith,26,Operations,Lead,Los Angeles,58663.21,6008.13,2022-04-16,0,69.5,matthew.smith@company.com,(323) 594-1824,Active
EMP033877,James,Martin,James Martin,60,IT,Specialist,Boston,80644.91,14705.55,2023-10-19,33,50.3,james.martin@company.com,(514) 930-6339,Active
EMP033878,Michael,Lopez,Michael Lopez,27,Finance,Senior Developer,Chicago,71518.62,8718.75,2024-07-29,0,100.0,michael.lopez@company.com,(339) 692-2139,Active
EMP033879,William,Williams,William Williams,56,HR,Specialist,San Francisco,73430.34,11148.72,2021-07-22,34,63.8,william.williams@company.com,(597) 544-8095,Active
EMP033880,Ashley,Williams,Ashley Williams,40,Operations,Coordinator,San Francisco,72933.62,5644.44,2022-10-25,17,85.0,ashley.williams@company.com,(722) 262-9215,Active
EMP033881,Sarah,Jackson,Sarah Jackson,56,Marketing,Coordinator,Boston,55524.02,8317.48,2021-01-18,31,56.4,sarah.jackson@company.com,(461) 795-9861,Active
EMP033882,Sarah,Moore,Sarah Moore,24,Finance,Coordinator,Boston,34600.91,3711.46,2020-07-29,1,77.8,sarah.moore@company.com,(686) 821-3077,Active
EMP033883,Jane,Miller,Jane Miller,23,Operations,Associate,Chicago,41966.92,4739.08,2023-01-05,1,77.1,jane.miller@company.com,(687) 617-5741,Active
EMP033884,David,Taylor,David Taylor,42,Finance,Lead,New York,62735.47,7615.15,2022-04-15,13,91.9,david.taylor@company.com,(941) 621-5466,Inactive
EMP033885,Melissa,Wilson,Melissa Wilson,60,Sales,Associate,Boston,89350.64,12209.32,2022-11-06,32,80.7,melissa.wilson@company.com,(828) 312-9114,Active
EMP033886,David,Martin,David Martin,63,Legal,Senior Developer,Chicago,138123.94,7578.65,2021-01-26,35,74.8,david.martin@company.com,(343) 691-4989,Active
EMP033887,Michael,Davis,Michael Davis,22,Finance,Analyst,Boston,52901.41,3885.57,2023-01-04,0,74.7,michael.davis@company.com,(919) 809-2260,Inactive
EMP033888,Daniel,Brown,Daniel Brown,52,Operations,Senior Developer,Boston,68575.45,3032.27,2020-02-29,24,77.4,daniel.brown@company.com,(998) 814-1419,Active
EMP033889,Amanda,Jones,Amanda Jones,47,IT,Associate,Miami,84996.02,11895.98,2022-07-25,23,58.2,amanda.jones@company.com,(520) 594-2583,Active
EMP033890,Daniel,Johnson,Daniel Johnson,25,Legal,Senior Developer,Seattle,71401.73,5194.08,2021-05-30,1,82.6,daniel.johnson@company.com,(903) 596-9970,Active
EMP033891,Anthony,Martinez,Anthony Martinez,60,IT,Director,Seattle,117431.09,6166.88,2024-11-20,35,79.5,anthony.martinez@company.com,(299) 787-7135,Active
EMP033892,Daniel,Garcia,Daniel Garcia,34,Operations,Director,Boston,65726.26,8549.7,2020-04-26,8,36.8,daniel.garcia@company.com,(725) 733-6973,Active
EMP033893,Robert,Williams,Robert Williams,63,Marketing,Specialist,Miami,100093.53,7051.37,2021-12-21,37,92.6,robert.williams@company.com,(936) 591-1130,Active
EMP033894,Christopher,Smith,Christopher Smith,50,Sales,Analyst,Los Angeles,90652.34,2671.84,2024-11-04,27,72.9,christopher.smith@company.com,(581) 890-2673,Active
EMP033895,Ashley,Martin,Ashley Martin,59,Legal,Lead,Miami,94399.27,13837.07,2023-01-05,30,100.0,ashley.martin@company.com,(689) 788-6582,Active
EMP033896,John,Taylor,John Taylor,60,Operations,Senior Developer,New York,61426.14,6340.57,2023-01-27,35,52.9,john.taylor@company.com,(913) 527-6829,Inactive
EMP033897,Robert,Jones,Robert Jones,50,Finance,Specialist,San Francisco,79718.25,5861.87,2022-07-30,25,78.7,robert.jones@company.com,(296) 369-2167,Active
EMP033898,William,Gonzalez,William Gonzalez,50,Finance,Senior Developer,Boston,59863.82,5218.29,2022-05-15,24,89.0,william.gonzalez@company.com,(868) 453-4498,Active
EMP033899,Matthew,Williams,Matthew Williams,33,Finance,Director,Austin,55964.35,4334.94,2023-11-09,7,75.4,matthew.williams@company.com,(956) 639-4075,Active
EMP033900,Jessica,Anderson,Jessica Anderson,38,Operations,Coordinator,San Francisco,57138.76,6333.16,2023-09-02,12,73.6,jessica.anderson@company.com,(859) 803-5478,Active
EMP033901,Lisa,Wilson,Lisa Wilson,29,Legal,Analyst,New York,79167.5,821.3,2021-01-20,5,100.0,lisa.wilson@company.com,(682) 615-3246,Active
EMP033902,John,Miller,John Miller,48,Engineering,Associate,New York,116153.97,14643.77,2022-08-23,19,67.5,john.miller@company.com,(987) 915-9337,Active
EMP033903,Robert,Wilson,Robert Wilson,52,Finance,Lead,Austin,88134.41,10438.22,2024-08-05,26,70.2,robert.wilson@company.com,(409) 573-4732,Active
EMP033904,Lisa,Garcia,Lisa Garcia,31,Marketing,Manager,Chicago,31758.3,4350.51,2022-01-10,7,69.7,lisa.garcia@company.com,(563) 349-7478,Active
EMP033905,Amanda,Martinez,Amanda Martinez,39,Sales,Coordinator,Chicago,54203.9,4816.84,2020-01-27,10,88.1,amanda.martinez@company.com,(888) 342-7708,Active
EMP033906,Nicole,Moore,Nicole Moore,60,Legal,Associate,Boston,97832.18,10230.66,2023-05-20,38,63.0,nicole.moore@company.com,(455) 969-1605,On Leave
EMP033907,Daniel,Taylor,Daniel Taylor,58,Engineering,Specialist,Austin,137626.14,5701.53,2024-09-14,31,100.0,daniel.taylor@company.com,(878) 986-6164,Active
EMP033908,Ashley,Gonzalez,Ashley Gonzalez,53,HR,Director,Austin,56372.91,7522.69,2023-05-23,29,66.9,ashley.gonzalez@company.com,(394) 972-9998,Active
EMP033909,Ashley,Jones,Ashley Jones,51,Sales,Lead,Austin,53381.21,2191.38,2021-11-19,23,88.6,ashley.jones@company.com,(616) 437-3485,Active
EMP033910,Jessica,Johnson,Jessica Johnson,53,Marketing,Coordinator,Los Angeles,80724.3,16664.24,2021-12-15,26,58.9,jessica.johnson@company.com,(314) 261-6592,Active
EMP033911,James,Anderson,James Anderson,39,Operations,Senior Developer,San Francisco,70867.14,5209.66,2021-08-19,13,65.4,james.anderson@company.com,(954) 512-3420,Inactive
EMP033912,David,Smith,David Smith,42,HR,Analyst,Seattle,56432.58,7515.13,2021-07-29,16,53.4,david.smith@company.com,(651) 891-6626,Active
EMP033913,Anthony,Lopez,Anthony Lopez,24,Engineering,Director,Los Angeles,95321.56,10133.6,2024-09-23,0,68.5,anthony.lopez@company.com,(478) 329-6970,Active
EMP033914,Ashley,Martin,Ashley Martin,25,Operations,Coordinator,San Francisco,62600.6,3879.07,2024-06-20,0,95.6,ashley.martin@company.com,(610) 690-9703,Inactive
EMP033915,Lisa,Martinez,Lisa Martinez,36,Sales,Senior Developer,San Francisco,48932.01,2673.83,2023-03-21,14,74.2,lisa.martinez@company.com,(756) 480-5856,Inactive
EMP033916,Matthew,Martin,Matthew Martin,53,Marketing,Coordinator,Austin,80104.4,5292.63,2023-01-10,30,63.5,matthew.martin@company.com,(862) 370-7645,Active
EMP033917,Jane,Hernandez,Jane Hernandez,35,Finance,Coordinator,Austin,75737.32,4750.91,2022-04-16,10,91.9,jane.hernandez@company.com,(554) 706-7440,Active
EMP033918,Lisa,Garcia,Lisa Garcia,36,Marketing,Manager,Chicago,70904.57,7867.79,2022-10-15,13,73.1,lisa.garcia@company.com,(838) 911-3391,On Leave
EMP033919,Anthony,Martin,Anthony Martin,23,Engineering,Manager,New York,92421.87,8955.9,2020-12-24,0,70.6,anthony.martin@company.com,(637) 709-8533,Active
EMP033920,Amanda,Hernandez,Amanda Hernandez,55,HR,Senior Developer,San Francisco,68277.71,14978.97,2022-11-09,27,64.0,amanda.hernandez@company.com,(764) 321-5968,On Leave
EMP033921,William,Martin,William Martin,32,HR,Analyst,Seattle,93291.47,11937.79,2024-08-24,5,91.5,william.martin@company.com,(564) 663-2982,On Leave
EMP033922,Daniel,Jackson,Daniel Jackson,59,Sales,Manager,Seattle,79275.96,10074.09,2021-05-22,37,62.2,daniel.jackson@company.com,(443) 877-8120,Active
EMP033923,John,Taylor,John Taylor,57,Marketing,Associate,Los Angeles,96430.17,9855.58,2024-12-31,31,81.4,john.taylor@company.com,(536) 705-1204,Active
EMP033924,Jessica,Smith,Jessica Smith,55,HR,Lead,Los Angeles,76459.36,6695.5,2021-09-27,29,60.2,jessica.smith@company.com,(562) 242-1751,Inactive
EMP033925,Jane,Hernandez,Jane Hernandez,47,Sales,Specialist,Boston,88407.23,2539.44,2024-06-07,22,52.3,jane.hernandez@company.com,(475) 482-4087,Active
EMP033926,Matthew,Davis,Matthew Davis,45,Marketing,Lead,Chicago,82422.79,10979.92,2023-01-13,23,83.6,matthew.davis@company.com,(607) 644-8936,Active
EMP033927,Melissa,Davis,Melissa Davis,44,Sales,Analyst,New York,72479.93,5608.05,2023-02-12,21,59.1,melissa.davis@company.com,(985) 659-3685,Active
EMP033928,John,Davis,John Davis,56,HR,Associate,Austin,103203.47,4648.42,2024-11-13,32,71.4,john.davis@company.com,(911) 755-5127,Active
EMP033929,Michael,Moore,Michael Moore,30,Engineering,Coordinator,Boston,59444.67,10559.77,2023-06-30,3,100.0,michael.moore@company.com,(847) 473-4705,Inactive
EMP033930,David,Taylor,David Taylor,61,HR,Specialist,San Francisco,99105.23,14200.18,2023-05-22,37,85.7,david.taylor@company.com,(879) 856-6737,Active
EMP033931,John,Miller,John Miller,63,IT,Director,Boston,109044.4,19183.77,2020-02-26,38,100.0,john.miller@company.com,(314) 927-6557,Active
EMP033932,David,Smith,David Smith,37,Finance,Senior Developer,Chicago,83013.29,4728.87,2020-03-11,11,73.3,david.smith@company.com,(493) 875-2143,Active
EMP033933,Emily,Davis,Emily Davis,50,Sales,Manager,Chicago,66991.78,733.31,2022-05-21,24,70.3,emily.davis@company.com,(200) 936-3416,Active
EMP033934,Daniel,Martin,Daniel Martin,61,Marketing,Lead,Chicago,80759.45,8065.39,2020-10-07,39,68.3,daniel.martin@company.com,(223) 606-1681,Active
EMP033935,Stephanie,Garcia,Stephanie Garcia,33,Engineering,Director,Los Angeles,82014.67,13033.58,2020-01-17,11,80.2,stephanie.garcia@company.com,(744) 986-1433,Active
EMP033936,James,Moore,James Moore,27,Operations,Senior Developer,Austin,55867.9,7687.66,2021-11-18,4,80.1,james.moore@company.com,(771) 447-6078,Active
EMP033937,Michael,Wilson,Michael Wilson,28,Marketing,Director,San Francisco,69208.55,11753.08,2022-10-18,1,77.8,michael.wilson@company.com,(683) 449-6304,Active
EMP033938,Jane,Thomas,Jane Thomas,61,Engineering,Analyst,Seattle,85296.21,7892.25,2024-09-13,35,88.9,jane.thomas@company.com,(539) 206-3441,Active
EMP033939,Jessica,Moore,Jessica Moore,56,Engineering,Coordinator,Los Angeles,124247.97,5598.4,2020-09-10,29,42.7,jessica.moore@company.com,(943) 582-5392,Active
EMP033940,Ashley,Wilson,Ashley Wilson,27,Operations,Associate,Chicago,48451.73,5753.43,2023-12-08,0,92.6,ashley.wilson@company.com,(224) 226-4460,Active
EMP033941,Stephanie,Jones,Stephanie Jones,31,Sales,Coordinator,Chicago,55628.59,6077.98,2023-11-17,7,67.8,stephanie.jones@company.com,(478) 687-3891,Active
EMP033942,Anthony,Anderson,Anthony Anderson,64,HR,Director,Austin,80448.14,7106.56,2023-07-16,39,86.8,anthony.anderson@company.com,(586) 775-4158,Active
EMP033943,Jane,Hernandez,Jane Hernandez,43,Engineering,Senior Developer,San Francisco,110151.2,11464.02,2023-09-06,19,70.4,jane.hernandez@company.com,(827) 717-7923,Inactive
EMP033944,Christopher,Martin,Christopher Martin,41,IT,Coordinator,Austin,135191.41,23739.44,2024-09-08,17,78.0,christopher.martin@company.com,(976) 629-5023,Inactive
EMP033945,Michael,Miller,Michael Miller,38,Marketing,Manager,New York,58258.29,11668.24,2022-11-18,12,73.9,michael.miller@company.com,(770) 374-3361,Active
EMP033946,Anthony,Taylor,Anthony Taylor,41,Finance,Director,New York,75052.38,15696.85,2023-08-14,19,100.0,anthony.taylor@company.com,(964) 301-3868,Active
EMP033947,Michael,Jackson,Michael Jackson,33,Legal,Coordinator,Chicago,110995.35,20095.45,2022-09-08,4,83.5,michael.jackson@company.com,(718) 681-1507,Active
EMP033948,James,Martin,James Martin,44,Engineering,Lead,Miami,102184.22,10407.09,2023-05-31,19,55.4,james.martin@company.com,(553) 977-1635,Active
EMP033949,Daniel,Williams,Daniel Williams,52,Marketing,Associate,Austin,67573.11,2432.33,2021-11-27,24,66.4,daniel.williams@company.com,(444) 389-5852,Active
EMP033950,Anthony,Martin,Anthony Martin,28,Marketing,Senior Developer,New York,57798.61,8089.86,2020-04-04,3,68.4,anthony.martin@company.com,(293) 247-6652,Active
EMP033951,Ashley,Garcia,Ashley Garcia,39,IT,Manager,New York,77479.03,4663.07,2023-07-25,13,81.6,ashley.garcia@company.com,(966) 892-8514,Active
EMP033952,James,Moore,James Moore,51,Finance,Senior Developer,Austin,56492.24,7319.88,2022-03-10,27,75.2,james.moore@company.com,(911) 362-4853,Active
EMP033953,Christopher,Williams,Christopher Williams,43,Marketing,Associate,Chicago,68212.16,4724.19,2022-08-17,19,67.8,christopher.williams@company.com,(708) 895-9093,Active
EMP033954,John,Williams,John Williams,39,Sales,Senior Developer,Miami,77124.86,13436.73,2022-07-26,11,66.5,john.williams@company.com,(505) 969-6739,Active
EMP033955,William,Moore,William Moore,45,Sales,Director,Miami,85305.99,8120.98,2022-03-26,18,61.4,william.moore@company.com,(279) 958-2146,Active
EMP033956,Emily,Davis,Emily Davis,63,Legal,Senior Developer,New York,96973.8,17426.79,2022-10-27,39,76.6,emily.davis@company.com,(594) 590-7127,Active
EMP033957,Daniel,Garcia,Daniel Garcia,40,IT,Associate,Seattle,98496.03,9110.85,2022-09-17,18,73.9,daniel.garcia@company.com,(990) 377-2713,Active
EMP033958,Sarah,Williams,Sarah Williams,22,IT,Analyst,New York,83555.81,2345.0,2021-11-12,0,63.6,sarah.williams@company.com,(736) 540-7463,Active
EMP033959,James,Rodriguez,James Rodriguez,36,Marketing,Associate,New York,37271.16,3400.24,2024-05-30,9,90.4,james.rodriguez@company.com,(744) 696-6759,Active
EMP033960,Nicole,Smith,Nicole Smith,36,Operations,Manager,Miami,64651.62,0.0,2020-04-21,8,100.0,nicole.smith@company.com,(430) 723-5060,Active
EMP033961,John,Johnson,John Johnson,35,Engineering,Coordinator,San Francisco,97467.73,12914.4,2021-11-18,9,82.5,john.johnson@company.com,(870) 648-1405,Active
EMP033962,Lisa,Jackson,Lisa Jackson,56,Sales,Director,Los Angeles,86100.15,6585.66,2023-05-02,31,48.3,lisa.jackson@company.com,(309) 644-9820,Active
EMP033963,Amanda,Jones,Amanda Jones,64,Legal,Analyst,Austin,93961.18,8421.77,2024-06-21,35,86.6,amanda.jones@company.com,(819) 928-9505,Active
EMP033964,Melissa,Jackson,Melissa Jackson,30,Operations,Senior Developer,New York,79950.41,5311.29,2024-08-28,7,77.5,melissa.jackson@company.com,(504) 807-3415,Active
EMP033965,Lisa,Williams,Lisa Williams,65,Operations,Associate,Seattle,96701.28,7539.12,2021-11-07,41,47.1,lisa.williams@company.com,(422) 880-8874,Inactive
EMP033966,Matthew,Taylor,Matthew Taylor,55,Sales,Manager,Chicago,87115.91,0.0,2023-03-17,29,67.4,matthew.taylor@company.com,(725) 855-5730,Inactive
EMP033967,Jane,Martinez,Jane Martinez,63,Finance,Analyst,Boston,111946.02,7579.92,2020-06-17,35,77.7,jane.martinez@company.com,(510) 398-3237,Active
EMP033968,Matthew,Anderson,Matthew Anderson,48,Operations,Specialist,New York,75578.78,10664.52,2020-01-31,26,98.6,matthew.anderson@company.com,(994) 479-2714,Active
EMP033969,John,Davis,John Davis,26,Sales,Analyst,Miami,71629.89,10641.68,2021-08-17,0,98.1,john.davis@company.com,(693) 562-7004,Active
EMP033970,Melissa,Jones,Melissa Jones,39,HR,Coordinator,New York,49469.97,4011.67,2020-07-24,17,76.9,melissa.jones@company.com,(758) 485-4659,Active
EMP033971,David,Brown,David Brown,41,IT,Manager,Boston,78983.88,12593.77,2021-04-02,17,76.9,david.brown@company.com,(969) 946-6952,Active
EMP033972,Nicole,Lopez,Nicole Lopez,45,IT,Manager,Seattle,99019.91,13835.61,2023-06-02,16,81.9,nicole.lopez@company.com,(816) 836-2832,Active
EMP033973,Robert,Garcia,Robert Garcia,44,Sales,Associate,Miami,52470.61,9878.96,2024-01-10,22,76.3,robert.garcia@company.com,(317) 488-9812,Active
EMP033974,David,Martin,David Martin,59,Finance,Lead,Boston,121582.31,22321.87,2024-11-30,33,59.4,david.martin@company.com,(771) 904-5718,Active
EMP033975,Daniel,Taylor,Daniel Taylor,25,Finance,Associate,Austin,57879.03,3057.99,2020-03-20,0,83.1,daniel.taylor@company.com,(935) 433-5009,Active
EMP033976,William,Martinez,William Martinez,58,Finance,Coordinator,San Francisco,103560.99,12606.11,2022-10-16,33,86.2,william.martinez@company.com,(682) 724-8662,Active
EMP033977,Matthew,Hernandez,Matthew Hernandez,64,Sales,Manager,San Francisco,102607.96,0.0,2020-01-27,35,98.3,matthew.hernandez@company.com,(920) 217-4283,Active
EMP033978,David,Martin,David Martin,52,Finance,Analyst,Miami,81766.22,8862.36,2022-01-27,24,86.7,david.martin@company.com,(580) 555-4515,Active
EMP033979,Jane,Martin,Jane Martin,65,HR,Senior Developer,San Francisco,65018.35,4311.28,2020-09-01,43,84.1,jane.martin@company.com,(212) 381-5411,Active
EMP033980,David,Rodriguez,David Rodriguez,51,Operations,Senior Developer,Seattle,89569.59,7246.04,2022-04-27,23,90.4,david.rodriguez@company.com,(802) 425-5636,Active
EMP033981,Melissa,Gonzalez,Melissa Gonzalez,46,Engineering,Senior Developer,Chicago,112677.34,4721.26,2024-05-03,20,83.2,melissa.gonzalez@company.com,(729) 712-3999,Active
EMP033982,Ashley,Gonzalez,Ashley Gonzalez,58,Finance,Coordinator,Boston,74160.24,6183.46,2023-04-07,32,75.6,ashley.gonzalez@company.com,(623) 730-9138,Active
EMP033983,John,Lopez,John Lopez,65,Legal,Specialist,New York,136250.61,6664.25,2022-06-07,43,86.8,john.lopez@company.com,(770) 439-7660,Active
EMP033984,Anthony,Lopez,Anthony Lopez,36,IT,Director,San Francisco,73568.2,10066.28,2021-06-25,9,66.8,anthony.lopez@company.com,(746) 748-8111,On Leave
EMP033985,Lisa,Martinez,Lisa Martinez,55,Sales,Analyst,San Francisco,102720.34,7550.55,2021-02-01,28,75.5,lisa.martinez@company.com,(605) 241-3293,Active
EMP033986,William,Martin,William Martin,61,HR,Specialist,San Francisco,69537.13,3801.97,2024-09-23,36,81.7,william.martin@company.com,(889) 503-7080,Active
EMP033987,James,Gonzalez,James Gonzalez,38,Legal,Manager,Seattle,79557.31,7467.37,2022-01-02,11,60.8,james.gonzalez@company.com,(291) 489-3403,Active
EMP033988,James,Hernandez,James Hernandez,44,Engineering,Senior Developer,Los Angeles,94706.62,10424.46,2022-03-30,20,51.2,james.hernandez@company.com,(620) 877-1346,Active
EMP033989,Nicole,Moore,Nicole Moore,55,Engineering,Lead,Boston,100905.58,0.0,2024-03-20,27,90.6,nicole.moore@company.com,(995) 648-9858,Active
EMP033990,Lisa,Johnson,Lisa Johnson,57,Operations,Senior Developer,San Francisco,71467.98,11214.75,2022-10-12,34,81.2,lisa.johnson@company.com,(639) 929-6712,Inactive
EMP033991,James,Rodriguez,James Rodriguez,63,Engineering,Senior Developer,Los Angeles,107309.18,6448.95,2021-08-15,35,83.2,james.rodriguez@company.com,(245) 218-1141,Active
EMP033992,Amanda,Taylor,Amanda Taylor,22,Finance,Director,Boston,66356.58,10665.74,2021-02-05,0,87.4,amanda.taylor@company.com,(925) 836-3306,Active
EMP033993,Jessica,Jones,Jessica Jones,53,Marketing,Senior Developer,Boston,81685.53,11723.98,2023-08-11,28,78.6,jessica.jones@company.com,(888) 695-8775,Active
EMP033994,John,Brown,John Brown,62,Operations,Manager,New York,54409.38,7206.61,2022-09-26,34,89.8,john.brown@company.com,(586) 790-1054,Active
EMP033995,Melissa,Anderson,Melissa Anderson,60,IT,Senior Developer,San Francisco,140733.37,10920.26,2024-04-02,37,74.8,melissa.anderson@company.com,(387) 432-6814,On Leave
EMP033996,Anthony,Rodriguez,Anthony Rodriguez,45,Marketing,Director,Los Angeles,81630.57,8902.71,2020-03-18,20,70.6,anthony.rodriguez@company.com,(348) 240-3252,Active
EMP033997,John,Thomas,John Thomas,27,Legal,Coordinator,Chicago,67197.16,469.23,2022-12-26,0,88.7,john.thomas@company.com,(887) 235-1331,Active
EMP033998,Anthony,Garcia,Anthony Garcia,48,Marketing,Specialist,Boston,85271.03,7699.33,2020-05-22,21,68.1,anthony.garcia@company.com,(525) 317-7472,Active
EMP033999,Michael,Johnson,Michael Johnson,49,Engineering,Specialist,Miami,78193.36,7121.19,2020-01-11,24,82.1,michael.johnson@company.com,(444) 369-4610,Active
EMP034000,Michael,Williams,Michael Williams,37,Operations,Specialist,Los Angeles,66058.42,5609.06,2021-03-20,12,95.6,michael.williams@company.com,(418) 730-7668,Active
EMP034001,James,Lopez,James Lopez,40,HR,Senior Developer,Austin,49944.07,6075.79,2024-07-29,12,62.0,james.lopez@company.com,(204) 851-9607,Active
EMP034002,Jane,Garcia,Jane Garcia,57,Finance,Manager,Seattle,122712.76,14135.67,2020-11-28,32,72.2,jane.garcia@company.com,(953) 930-5779,Active
EMP034003,Anthony,Garcia,Anthony Garcia,33,Legal,Coordinator,Austin,102607.63,10977.8,2020-08-06,8,93.6,anthony.garcia@company.com,(738) 266-8872,On Leave
EMP034004,Jane,Williams,Jane Williams,29,Engineering,Director,Boston,65829.95,7889.17,2022-01-14,3,73.8,jane.williams@company.com,(769) 286-1620,Active
EMP034005,Nicole,Smith,Nicole Smith,37,Operations,Manager,Chicago,49141.73,5505.25,2020-06-22,8,64.1,nicole.smith@company.com,(324) 888-3819,Active
EMP034006,David,Anderson,David Anderson,59,Engineering,Director,Chicago,93364.33,5882.3,2020-09-21,35,94.2,david.anderson@company.com,(328) 693-4959,Active
EMP034007,William,Rodriguez,William Rodriguez,23,Marketing,Coordinator,Miami,61681.15,4893.59,2023-03-13,0,58.9,william.rodriguez@company.com,(219) 287-8594,Active
EMP034008,Stephanie,Garcia,Stephanie Garcia,47,Finance,Senior Developer,Austin,73266.36,9060.03,2023-12-08,19,79.9,stephanie.garcia@company.com,(267) 995-9502,Active
EMP034009,William,Garcia,William Garcia,24,Finance,Senior Developer,Boston,33000.0,3495.92,2023-03-21,1,55.8,william.garcia@company.com,(286) 928-6821,Active
EMP034010,Christopher,Thomas,Christopher Thomas,60,IT,Analyst,Austin,142256.79,30952.18,2023-07-29,31,86.9,christopher.thomas@company.com,(319) 987-9167,Active
EMP034011,Matthew,Moore,Matthew Moore,23,Sales,Specialist,New York,59891.53,8644.92,2020-06-15,0,84.3,matthew.moore@company.com,(643) 596-5295,Active
EMP034012,Stephanie,Thomas,Stephanie Thomas,47,Sales,Manager,New York,79927.74,8400.04,2022-01-09,22,53.6,stephanie.thomas@company.com,(967) 270-2764,Active
EMP034013,Nicole,Smith,Nicole Smith,32,IT,Lead,Miami,83810.54,2360.27,2023-10-09,7,80.3,nicole.smith@company.com,(881) 411-2124,Active
EMP034014,William,Davis,William Davis,63,Sales,Analyst,Los Angeles,102403.87,12477.57,2020-06-11,37,78.5,william.davis@company.com,(904) 401-5599,Active
EMP034015,David,Williams,David Williams,58,Sales,Senior Developer,Los Angeles,98805.03,11729.14,2021-05-13,34,98.5,david.williams@company.com,(556) 682-4003,Inactive
EMP034016,Sarah,Brown,Sarah Brown,33,Engineering,Manager,San Francisco,67021.71,9398.45,2021-07-24,4,80.3,sarah.brown@company.com,(614) 323-4041,Active
EMP034017,Jane,Jones,Jane Jones,50,Finance,Specialist,Miami,98782.17,1786.99,2023-06-28,25,93.5,jane.jones@company.com,(991) 372-1988,Active
EMP034018,Michael,Garcia,Michael Garcia,24,Sales,Director,New York,63297.77,13827.02,2020-11-12,0,72.4,michael.garcia@company.com,(623) 299-2015,Active
EMP034019,Nicole,Smith,Nicole Smith,30,Legal,Director,San Francisco,85238.19,0.0,2021-12-14,5,91.6,nicole.smith@company.com,(388) 384-7770,Active
EMP034020,Jessica,Moore,Jessica Moore,40,Sales,Associate,San Francisco,67247.76,8526.34,2022-08-09,17,78.9,jessica.moore@company.com,(367) 978-6849,Active
EMP034021,Lisa,Moore,Lisa Moore,47,Legal,Director,New York,123470.28,19449.74,2021-03-02,23,73.2,lisa.moore@company.com,(920) 679-4066,Active
EMP034022,Michael,Johnson,Michael Johnson,25,Legal,Associate,Boston,57709.34,6420.07,2023-06-25,0,93.1,michael.johnson@company.com,(705) 823-6429,Inactive
EMP034023,William,Smith,William Smith,23,Sales,Coordinator,San Francisco,50924.24,6853.61,2024-08-19,0,78.5,william.smith@company.com,(806) 336-4397,Active
EMP034024,Michael,Moore,Michael Moore,35,Operations,Lead,Chicago,64712.71,4620.89,2020-01-28,10,77.4,michael.moore@company.com,(204) 853-6298,Inactive
EMP034025,James,Lopez,James Lopez,61,Engineering,Lead,San Francisco,126932.62,6689.59,2020-03-05,33,93.6,james.lopez@company.com,(623) 753-1804,Active
EMP034026,Michael,Johnson,Michael Johnson,65,Legal,Senior Developer,Seattle,93735.83,8174.93,2023-04-29,43,82.7,michael.johnson@company.com,(207) 752-3989,Inactive
EMP034027,Nicole,Garcia,Nicole Garcia,45,Marketing,Director,Miami,93628.8,12789.42,2024-09-23,18,67.1,nicole.garcia@company.com,(405) 856-4727,Active
EMP034028,Melissa,Wilson,Melissa Wilson,43,Operations,Senior Developer,Los Angeles,54583.59,8550.89,2020-09-27,20,74.0,melissa.wilson@company.com,(563) 482-2237,Active
EMP034029,Amanda,Martin,Amanda Martin,40,Sales,Coordinator,San Francisco,73799.22,8665.02,2021-08-10,13,69.4,amanda.martin@company.com,(742) 377-7053,Active
EMP034030,Melissa,Lopez,Melissa Lopez,39,IT,Coordinator,Seattle,56720.1,5613.16,2020-05-19,13,63.4,melissa.lopez@company.com,(341) 250-4598,Active
EMP034031,Ashley,Gonzalez,Ashley Gonzalez,35,HR,Director,San Francisco,67363.94,8866.32,2024-08-24,9,100.0,ashley.gonzalez@company.com,(424) 342-3353,Inactive
EMP034032,David,Rodriguez,David Rodriguez,54,Finance,Senior Developer,Seattle,115645.92,5635.09,2024-03-13,32,78.5,david.rodriguez@company.com,(502) 687-4851,Active
EMP034033,James,Johnson,James Johnson,45,Sales,Senior Developer,New York,61675.75,12691.84,2024-11-09,16,57.3,james.johnson@company.com,(885) 660-5443,Active
EMP034034,Lisa,Garcia,Lisa Garcia,64,HR,Director,Austin,73238.76,16248.97,2022-07-17,37,74.2,lisa.garcia@company.com,(375) 574-5284,Active
EMP034035,Christopher,Hernandez,Christopher Hernandez,38,Sales,Associate,Boston,43544.29,5256.94,2020-08-04,9,66.5,christopher.hernandez@company.com,(301) 960-6867,Active
EMP034036,Nicole,Smith,Nicole Smith,48,Finance,Senior Developer,Los Angeles,115764.61,7426.39,2022-09-18,21,75.3,nicole.smith@company.com,(464) 201-6513,Active
EMP034037,Stephanie,Jackson,Stephanie Jackson,40,HR,Coordinator,Chicago,54984.99,7104.37,2022-12-07,17,74.6,stephanie.jackson@company.com,(853) 840-1283,Active
EMP034038,Daniel,Miller,Daniel Miller,50,Marketing,Lead,San Francisco,85872.5,14013.23,2020-12-19,27,72.2,daniel.miller@company.com,(601) 542-8550,Active
EMP034039,John,Wilson,John Wilson,36,Operations,Associate,Seattle,66444.26,6092.44,2023-06-13,10,30.3,john.wilson@company.com,(587) 348-2236,Active
EMP034040,Michael,Brown,Michael Brown,29,Finance,Analyst,Boston,69888.52,1567.38,2024-05-19,1,60.0,michael.brown@company.com,(332) 553-4658,Inactive
EMP034041,Melissa,Jones,Melissa Jones,41,Legal,Senior Developer,Miami,100812.45,1014.17,2020-09-16,13,76.3,melissa.jones@company.com,(961) 429-7126,Active
EMP034042,Stephanie,Jones,Stephanie Jones,40,HR,Director,New York,65484.58,15927.26,2021-10-08,15,61.1,stephanie.jones@company.com,(860) 217-6743,Active
EMP034043,Jane,Rodriguez,Jane Rodriguez,54,HR,Manager,Chicago,50493.86,8130.17,2020-03-05,26,71.6,jane.rodriguez@company.com,(808) 721-2264,Inactive
EMP034044,Stephanie,Taylor,Stephanie Taylor,38,IT,Associate,Seattle,59558.36,3742.88,2020-10-26,12,96.7,stephanie.taylor@company.com,(635) 429-4348,Active
EMP034045,Matthew,Garcia,Matthew Garcia,53,Operations,Analyst,Miami,64019.14,4911.67,2024-11-15,26,65.9,matthew.garcia@company.com,(248) 620-3985,Active
EMP034046,Stephanie,Thomas,Stephanie Thomas,27,Operations,Coordinator,New York,60559.17,8987.23,2022-11-03,0,90.5,stephanie.thomas@company.com,(458) 561-2021,Active
EMP034047,Emily,Miller,Emily Miller,64,Marketing,Coordinator,Seattle,115760.93,5341.86,2021-04-05,42,79.5,emily.miller@company.com,(811) 802-4183,On Leave
EMP034048,James,Thomas,James Thomas,55,Sales,Director,New York,86235.75,5723.74,2023-06-16,33,84.3,james.thomas@company.com,(705) 288-4278,Inactive
EMP034049,Nicole,Brown,Nicole Brown,29,IT,Associate,Seattle,80208.58,9441.7,2024-11-17,6,80.9,nicole.brown@company.com,(507) 532-1793,Active
EMP034050,Jane,Johnson,Jane Johnson,44,HR,Associate,Miami,54025.46,12058.85,2022-12-16,20,87.2,jane.johnson@company.com,(912) 950-4940,Active
EMP034051,John,Davis,John Davis,37,IT,Director,Los Angeles,81699.65,6687.68,2020-10-05,15,57.4,john.davis@company.com,(718) 674-4291,Active
EMP034052,Stephanie,Miller,Stephanie Miller,47,Finance,Analyst,Austin,86529.15,11135.41,2024-01-19,22,77.8,stephanie.miller@company.com,(729) 842-5087,Active
EMP034053,Nicole,Miller,Nicole Miller,49,HR,Director,San Francisco,71342.88,9519.09,2020-07-03,25,73.7,nicole.miller@company.com,(728) 771-2556,Inactive
EMP034054,Christopher,Davis,Christopher Davis,26,Sales,Specialist,Miami,74075.24,8000.59,2023-07-26,0,85.7,christopher.davis@company.com,(727) 693-6908,Active
EMP034055,Jane,Jones,Jane Jones,31,Engineering,Lead,Chicago,87601.53,3544.88,2023-10-16,8,69.0,jane.jones@company.com,(912) 588-2974,Inactive
EMP034056,Matthew,Williams,Matthew Williams,50,Operations,Director,Austin,51700.7,5890.88,2022-09-26,28,74.7,matthew.williams@company.com,(982) 339-5176,Active
EMP034057,Michael,Taylor,Michael Taylor,32,Operations,Manager,New York,55366.62,2778.66,2022-06-08,10,68.3,michael.taylor@company.com,(278) 310-2524,Active
EMP034058,Daniel,Williams,Daniel Williams,45,Sales,Lead,Chicago,78628.64,5093.46,2024-08-06,19,68.0,daniel.williams@company.com,(605) 282-5210,Active
EMP034059,Stephanie,Lopez,Stephanie Lopez,37,Engineering,Analyst,Boston,89226.89,7793.58,2023-10-07,10,56.7,stephanie.lopez@company.com,(687) 515-5329,Inactive
EMP034060,David,Wilson,David Wilson,45,Operations,Lead,New York,61841.04,2969.49,2024-08-08,21,54.4,david.wilson@company.com,(575) 917-6939,Active
EMP034061,Nicole,Miller,Nicole Miller,55,Operations,Manager,Austin,103409.11,9209.23,2020-05-05,33,82.8,nicole.miller@company.com,(968) 355-2745,Active
EMP034062,Lisa,Gonzalez,Lisa Gonzalez,60,Legal,Specialist,Austin,99081.99,10323.7,2020-02-15,37,67.7,lisa.gonzalez@company.com,(325) 473-4818,Active
EMP034063,James,Rodriguez,James Rodriguez,59,Legal,Coordinator,San Francisco,88264.92,13366.09,2023-12-15,36,81.7,james.rodriguez@company.com,(648) 787-1698,Active
EMP034064,James,Johnson,James Johnson,24,Legal,Coordinator,Austin,65702.3,4691.25,2021-01-20,0,75.4,james.johnson@company.com,(280) 671-3722,Active
EMP034065,Jane,Moore,Jane Moore,46,Marketing,Lead,Seattle,75294.6,4386.78,2024-05-18,20,47.1,jane.moore@company.com,(302) 437-3848,Active
EMP034066,David,Martinez,David Martinez,65,Engineering,Manager,Boston,115005.11,13749.88,2022-01-09,37,67.5,david.martinez@company.com,(854) 712-7167,Active
EMP034067,John,Martinez,John Martinez,44,Sales,Coordinator,Seattle,97209.38,15632.29,2023-10-08,15,71.9,john.martinez@company.com,(808) 412-6595,Active
EMP034068,Nicole,Wilson,Nicole Wilson,49,Legal,Associate,Chicago,95017.37,6528.37,2020-05-01,20,71.2,nicole.wilson@company.com,(845) 869-8637,Active
EMP034069,Jane,Rodriguez,Jane Rodriguez,60,Marketing,Lead,San Francisco,100057.23,8082.11,2023-06-30,36,85.1,jane.rodriguez@company.com,(296) 546-9577,Active
EMP034070,Jessica,Davis,Jessica Davis,25,Finance,Senior Developer,San Francisco,78370.67,11193.6,2022-03-12,3,64.3,jessica.davis@company.com,(236) 425-5276,Active
EMP034071,Christopher,Jackson,Christopher Jackson,36,Engineering,Director,Miami,80476.2,3932.23,2020-10-19,12,100.0,christopher.jackson@company.com,(994) 932-9671,Active
EMP034072,Robert,Brown,Robert Brown,60,Legal,Coordinator,Boston,119338.03,10981.14,2022-12-12,34,82.4,robert.brown@company.com,(669) 847-4491,Active
EMP034073,Anthony,Wilson,Anthony Wilson,39,HR,Senior Developer,Miami,60225.08,6443.69,2023-11-05,13,70.8,anthony.wilson@company.com,(329) 798-8291,Active
EMP034074,Ashley,Moore,Ashley Moore,53,Legal,Analyst,New York,119157.3,13077.07,2020-02-21,27,66.6,ashley.moore@company.com,(801) 269-9641,Active
EMP034075,Daniel,Anderson,Daniel Anderson,25,Engineering,Manager,Austin,104016.78,9859.45,2020-03-17,0,80.0,daniel.anderson@company.com,(583) 703-2252,Active
EMP034076,David,Lopez,David Lopez,59,Legal,Senior Developer,San Francisco,106217.87,11418.61,2024-01-29,30,66.6,david.lopez@company.com,(605) 321-8942,Active
EMP034077,Ashley,Garcia,Ashley Garcia,26,Sales,Manager,Boston,68793.12,10144.68,2024-12-29,1,69.7,ashley.garcia@company.com,(580) 845-8984,Active
EMP034078,Daniel,Williams,Daniel Williams,40,Sales,Coordinator,New York,59405.1,3258.36,2023-03-13,17,76.1,daniel.williams@company.com,(624) 761-3814,Active
EMP034079,Nicole,Martinez,Nicole Martinez,28,Finance,Director,Los Angeles,51282.22,7685.08,2021-01-11,5,87.9,nicole.martinez@company.com,(580) 726-1674,Active
EMP034080,Daniel,Thomas,Daniel Thomas,28,Engineering,Manager,Los Angeles,74375.64,7274.57,2024-04-04,6,36.1,daniel.thomas@company.com,(587) 563-5647,Active
EMP034081,Nicole,Gonzalez,Nicole Gonzalez,48,HR,Director,New York,73481.52,11073.54,2024-10-31,23,80.4,nicole.gonzalez@company.com,(709) 469-9834,Active
EMP034082,Ashley,Hernandez,Ashley Hernandez,30,Marketing,Coordinator,San Francisco,76465.1,10697.23,2023-06-09,5,87.9,ashley.hernandez@company.com,(404) 686-7070,Active
EMP034083,James,Johnson,James Johnson,22,Sales,Lead,Miami,48770.36,4433.93,2024-06-12,0,70.6,james.johnson@company.com,(957) 317-9752,Active
EMP034084,Amanda,Rodriguez,Amanda Rodriguez,57,IT,Lead,Boston,101483.31,6130.19,2022-12-26,31,88.8,amanda.rodriguez@company.com,(787) 984-6763,Active
EMP034085,Lisa,Williams,Lisa Williams,60,Operations,Lead,New York,68350.48,4386.5,2022-11-29,37,81.9,lisa.williams@company.com,(637) 947-6779,Active
EMP034086,Anthony,Martin,Anthony Martin,32,Finance,Director,San Francisco,54041.6,7127.81,2022-03-31,8,96.1,anthony.martin@company.com,(642) 293-9487,Active
EMP034087,Stephanie,Gonzalez,Stephanie Gonzalez,56,IT,Lead,New York,136693.27,6839.26,2022-04-17,34,65.2,stephanie.gonzalez@company.com,(485) 909-8803,Active
EMP034088,Christopher,Davis,Christopher Davis,64,Sales,Manager,New York,99934.66,8219.34,2020-04-05,37,100.0,christopher.davis@company.com,(515) 864-4333,Inactive
EMP034089,Michael,Garcia,Michael Garcia,38,Marketing,Lead,Austin,48481.62,4721.5,2020-08-26,9,90.2,michael.garcia@company.com,(314) 224-3015,Active
EMP034090,James,Jackson,James Jackson,38,Legal,Manager,Seattle,97791.59,13935.63,2023-12-01,12,65.8,james.jackson@company.com,(403) 208-8148,Active
EMP034091,Ashley,Lopez,Ashley Lopez,64,Marketing,Coordinator,Chicago,95896.26,14561.8,2020-01-22,42,89.1,ashley.lopez@company.com,(364) 950-1020,Active
EMP034092,Matthew,Jones,Matthew Jones,31,IT,Manager,San Francisco,93273.92,11122.31,2022-08-13,8,83.6,matthew.jones@company.com,(384) 812-5542,Active
EMP034093,James,Williams,James Williams,32,Operations,Specialist,Boston,62792.89,12578.77,2024-09-25,9,65.4,james.williams@company.com,(713) 631-8973,Active
EMP034094,Lisa,Wilson,Lisa Wilson,37,Finance,Analyst,Miami,75167.75,5355.33,2024-09-03,13,100.0,lisa.wilson@company.com,(576) 664-5517,Active
EMP034095,Michael,Wilson,Michael Wilson,37,Finance,Director,Seattle,80966.94,2196.51,2022-06-08,12,70.0,michael.wilson@company.com,(341) 441-7731,Active
EMP034096,Stephanie,Jones,Stephanie Jones,34,Marketing,Associate,Chicago,46138.5,8727.09,2024-10-23,10,97.2,stephanie.jones@company.com,(358) 712-5883,Active
EMP034097,David,Taylor,David Taylor,47,IT,Specialist,San Francisco,98929.3,7518.53,2024-09-05,24,59.0,david.taylor@company.com,(396) 434-5610,Active
EMP034098,Matthew,Martin,Matthew Martin,48,Engineering,Lead,Los Angeles,113747.11,5097.54,2023-07-11,20,64.8,matthew.martin@company.com,(450) 473-3070,Active
EMP034099,Anthony,Rodriguez,Anthony Rodriguez,63,Marketing,Coordinator,Seattle,123715.86,19922.33,2023-01-26,38,68.4,anthony.rodriguez@company.com,(649) 627-1077,Active
EMP034100,Stephanie,Hernandez,Stephanie Hernandez,63,Operations,Specialist,Boston,88501.5,8159.36,2022-09-24,35,84.1,stephanie.hernandez@company.com,(959) 506-4956,Active
EMP034101,Sarah,Brown,Sarah Brown,36,Operations,Manager,Chicago,54861.65,9500.2,2022-06-05,7,93.8,sarah.brown@company.com,(689) 570-9090,Active
EMP034102,Daniel,Williams,Daniel Williams,26,Finance,Specialist,New York,55658.18,6448.28,2023-08-01,0,99.7,daniel.williams@company.com,(207) 238-8919,Active
EMP034103,James,Martin,James Martin,64,Engineering,Specialist,Chicago,130770.72,18741.03,2022-01-10,41,65.0,james.martin@company.com,(337) 742-6263,Active
EMP034104,Emily,Miller,Emily Miller,31,Legal,Lead,Seattle,71471.11,3655.07,2022-09-01,5,53.4,emily.miller@company.com,(839) 634-5029,Active
EMP034105,Ashley,Hernandez,Ashley Hernandez,31,Engineering,Analyst,Miami,107438.75,9872.81,2024-01-28,7,57.2,ashley.hernandez@company.com,(768) 290-5174,Inactive
EMP034106,William,Lopez,William Lopez,55,Operations,Lead,San Francisco,81763.75,10908.95,2021-10-31,31,72.6,william.lopez@company.com,(699) 323-1635,Active
EMP034107,John,Lopez,John Lopez,35,Marketing,Director,Miami,73588.78,8859.16,2022-11-27,6,56.2,john.lopez@company.com,(887) 804-6320,Active
EMP034108,Amanda,Garcia,Amanda Garcia,38,HR,Senior Developer,Austin,81560.29,8940.16,2022-05-21,12,65.5,amanda.garcia@company.com,(458) 593-1097,Active
EMP034109,Stephanie,Jones,Stephanie Jones,31,Engineering,Director,Chicago,111083.56,11087.6,2022-02-12,9,71.8,stephanie.jones@company.com,(665) 466-5400,Active
EMP034110,Anthony,Gonzalez,Anthony Gonzalez,59,IT,Senior Developer,New York,99071.84,2892.02,2020-12-08,35,75.5,anthony.gonzalez@company.com,(370) 836-2491,Active
EMP034111,Matthew,Williams,Matthew Williams,65,Engineering,Director,San Francisco,94868.41,9104.8,2024-10-04,43,77.1,matthew.williams@company.com,(608) 773-9821,Active
EMP034112,Anthony,Brown,Anthony Brown,60,HR,Specialist,Seattle,91832.45,12003.41,2021-01-05,33,48.9,anthony.brown@company.com,(635) 790-2157,Inactive
EMP034113,Sarah,Taylor,Sarah Taylor,43,Operations,Director,Austin,58964.11,7287.37,2023-11-26,14,74.7,sarah.taylor@company.com,(375) 328-2368,Active
EMP034114,Nicole,Johnson,Nicole Johnson,54,Sales,Coordinator,Austin,101375.27,14714.12,2023-06-03,25,59.6,nicole.johnson@company.com,(753) 370-6409,Active
EMP034115,James,Johnson,James Johnson,35,Sales,Senior Developer,San Francisco,52018.41,8448.41,2024-10-04,9,83.0,james.johnson@company.com,(329) 945-8190,Active
EMP034116,David,Thomas,David Thomas,24,Legal,Manager,Chicago,69619.82,9006.15,2024-08-26,0,80.0,david.thomas@company.com,(213) 541-4074,Active
EMP034117,Anthony,Wilson,Anthony Wilson,54,HR,Manager,Los Angeles,77148.64,8720.55,2024-06-16,28,98.4,anthony.wilson@company.com,(987) 466-5560,Active
EMP034118,Amanda,Brown,Amanda Brown,54,IT,Analyst,Boston,84732.28,11250.99,2024-02-16,32,81.0,amanda.brown@company.com,(834) 304-3228,Active
EMP034119,David,Lopez,David Lopez,50,Sales,Manager,San Francisco,73778.37,6563.35,2024-05-04,26,83.4,david.lopez@company.com,(770) 950-8198,Inactive
EMP034120,Lisa,Hernandez,Lisa Hernandez,29,IT,Manager,Miami,77521.15,2449.33,2020-09-28,4,64.1,lisa.hernandez@company.com,(831) 805-7774,Active
EMP034121,Amanda,Davis,Amanda Davis,53,Marketing,Coordinator,Boston,112039.72,14673.79,2023-01-21,29,46.9,amanda.davis@company.com,(374) 992-2429,Inactive
EMP034122,Jane,Martin,Jane Martin,57,HR,Manager,Austin,91796.61,13534.71,2022-10-25,34,67.3,jane.martin@company.com,(948) 207-8298,Active
EMP034123,William,Jones,William Jones,43,Legal,Associate,San Francisco,65039.2,7758.53,2020-06-03,17,47.0,william.jones@company.com,(999) 865-1703,Active
EMP034124,Melissa,Taylor,Melissa Taylor,44,Finance,Lead,Austin,89796.73,0.0,2023-08-02,21,90.5,melissa.taylor@company.com,(292) 508-4486,Active
EMP034125,Anthony,Moore,Anthony Moore,43,Engineering,Coordinator,New York,117298.86,8438.65,2021-01-09,16,75.2,anthony.moore@company.com,(752) 301-4446,Active
EMP034126,Nicole,Jackson,Nicole Jackson,55,Marketing,Coordinator,San Francisco,91290.92,12287.47,2020-10-19,33,74.8,nicole.jackson@company.com,(779) 845-3262,Active
EMP034127,Amanda,Johnson,Amanda Johnson,31,Operations,Analyst,Seattle,53144.33,11417.97,2020-02-23,3,68.0,amanda.johnson@company.com,(282) 732-6424,Active
EMP034128,Daniel,Smith,Daniel Smith,25,Operations,Analyst,Miami,46539.51,7382.8,2024-05-07,3,39.4,daniel.smith@company.com,(454) 498-4447,Active
EMP034129,Nicole,Johnson,Nicole Johnson,31,Legal,Analyst,Miami,93689.95,4891.39,2023-08-29,9,74.7,nicole.johnson@company.com,(888) 925-1119,Active
EMP034130,David,Johnson,David Johnson,64,Marketing,Lead,Los Angeles,86332.0,10260.65,2020-02-23,37,76.5,david.johnson@company.com,(559) 360-9921,Active
EMP034131,Jane,Johnson,Jane Johnson,22,Marketing,Coordinator,San Francisco,67357.78,12365.38,2022-04-08,0,89.2,jane.johnson@company.com,(810) 396-4232,Active
EMP034132,Nicole,Wilson,Nicole Wilson,45,Finance,Specialist,Chicago,102451.52,3202.22,2024-10-08,16,87.0,nicole.wilson@company.com,(676) 899-9046,Active
EMP034133,Lisa,Jones,Lisa Jones,54,Engineering,Associate,Austin,120431.11,14343.53,2022-01-02,32,83.8,lisa.jones@company.com,(406) 266-7534,Active
EMP034134,Stephanie,Williams,Stephanie Williams,36,Operations,Manager,New York,69868.91,13505.07,2023-01-18,13,94.8,stephanie.williams@company.com,(960) 733-5214,Active
EMP034135,John,Garcia,John Garcia,38,Sales,Specialist,Los Angeles,76448.38,11156.5,2024-12-17,14,64.5,john.garcia@company.com,(956) 442-8645,Active
EMP034136,Sarah,Brown,Sarah Brown,61,Operations,Associate,Austin,73134.68,1814.59,2021-11-25,33,88.5,sarah.brown@company.com,(976) 459-8159,Active
EMP034137,Emily,Wilson,Emily Wilson,62,Operations,Director,Los Angeles,80749.63,8250.12,2022-04-21,36,91.4,emily.wilson@company.com,(564) 562-4165,On Leave
EMP034138,Stephanie,Taylor,Stephanie Taylor,33,IT,Specialist,Seattle,78308.44,2969.96,2022-03-29,10,82.1,stephanie.taylor@company.com,(672) 508-1625,Active
EMP034139,Matthew,Martin,Matthew Martin,27,Sales,Director,San Francisco,64861.22,11917.53,2020-10-09,5,79.1,matthew.martin@company.com,(244) 476-5415,Inactive
EMP034140,Stephanie,Davis,Stephanie Davis,55,Finance,Manager,Miami,92139.93,9595.71,2020-04-30,29,40.0,stephanie.davis@company.com,(210) 837-2300,Active
EMP034141,Christopher,Johnson,Christopher Johnson,46,Finance,Senior Developer,Boston,74891.99,10892.48,2022-01-31,17,86.5,christopher.johnson@company.com,(295) 422-4052,Active
EMP034142,James,Davis,James Davis,52,Finance,Analyst,Los Angeles,62394.41,2394.63,2021-05-11,23,64.2,james.davis@company.com,(526) 593-3125,Active
EMP034143,Jane,Miller,Jane Miller,29,Operations,Director,Boston,43615.2,4812.64,2023-10-25,5,76.1,jane.miller@company.com,(868) 756-1813,Active
EMP034144,Daniel,Moore,Daniel Moore,59,Finance,Senior Developer,Los Angeles,83902.58,10089.36,2021-11-28,34,60.9,daniel.moore@company.com,(735) 741-9754,Active
EMP034145,Matthew,Williams,Matthew Williams,62,Engineering,Analyst,San Francisco,127965.45,9189.08,2022-03-15,38,70.3,matthew.williams@company.com,(891) 228-7949,Active
EMP034146,Lisa,Martin,Lisa Martin,32,IT,Director,Austin,80965.32,11247.87,2021-04-24,4,65.5,lisa.martin@company.com,(847) 934-6458,Active
EMP034147,Emily,Johnson,Emily Johnson,63,Marketing,Senior Developer,New York,79108.56,10326.85,2023-06-18,38,56.6,emily.johnson@company.com,(635) 887-1463,Active
EMP034148,Christopher,Jackson,Christopher Jackson,32,Sales,Director,Chicago,64094.4,7770.1,2020-03-21,3,88.6,christopher.jackson@company.com,(899) 670-4522,Active
EMP034149,Jane,Williams,Jane Williams,29,Legal,Manager,New York,59402.32,901.03,2023-07-28,4,51.5,jane.williams@company.com,(964) 427-4387,Active
EMP034150,Christopher,Martin,Christopher Martin,53,Marketing,Specialist,Boston,89041.33,10068.31,2024-05-03,30,76.7,christopher.martin@company.com,(230) 213-4735,Active
EMP034151,Jane,Smith,Jane Smith,54,HR,Associate,San Francisco,82684.7,8731.21,2020-08-05,26,96.4,jane.smith@company.com,(996) 981-7112,Inactive
EMP034152,Matthew,Williams,Matthew Williams,49,Finance,Associate,Austin,78676.6,8261.94,2022-01-08,22,87.0,matthew.williams@company.com,(635) 553-6729,Active
EMP034153,Ashley,Williams,Ashley Williams,27,HR,Manager,Seattle,31897.15,1990.76,2023-03-19,0,75.0,ashley.williams@company.com,(462) 473-8681,Active
EMP034154,Sarah,Martin,Sarah Martin,64,Engineering,Senior Developer,Boston,135651.09,14909.4,2024-06-17,40,57.3,sarah.martin@company.com,(665) 431-8169,Active
EMP034155,Nicole,Taylor,Nicole Taylor,31,Marketing,Senior Developer,Chicago,49304.97,2839.52,2022-12-22,7,49.5,nicole.taylor@company.com,(701) 798-6882,Inactive
EMP034156,Christopher,Lopez,Christopher Lopez,29,Marketing,Lead,Boston,69839.21,1457.89,2021-02-24,4,64.1,christopher.lopez@company.com,(515) 744-4479,Active
EMP034157,Jane,Johnson,Jane Johnson,40,Marketing,Lead,Chicago,79332.83,11781.02,2023-09-01,12,79.0,jane.johnson@company.com,(385) 488-6010,Active
EMP034158,Christopher,Moore,Christopher Moore,46,Finance,Specialist,Seattle,90503.32,0.0,2024-04-15,20,90.1,christopher.moore@company.com,(682) 637-3034,On Leave
EMP034159,Jane,Moore,Jane Moore,32,Finance,Analyst,Boston,59196.75,5249.38,2020-04-16,3,67.8,jane.moore@company.com,(210) 429-9936,Active
EMP034160,Anthony,Gonzalez,Anthony Gonzalez,63,Legal,Senior Developer,Chicago,109773.39,19138.22,2023-12-17,40,72.8,anthony.gonzalez@company.com,(571) 633-3659,Active
EMP034161,David,Miller,David Miller,65,Marketing,Lead,New York,99254.35,13846.53,2024-08-25,41,53.7,david.miller@company.com,(884) 668-2306,Inactive
EMP034162,John,Taylor,John Taylor,63,Marketing,Director,Miami,84213.68,12777.7,2022-09-17,37,60.6,john.taylor@company.com,(973) 263-9147,Active
EMP034163,William,Wilson,William Wilson,27,Legal,Associate,Seattle,99104.91,16493.24,2021-11-07,5,87.9,william.wilson@company.com,(414) 446-8098,Active
EMP034164,Daniel,Anderson,Daniel Anderson,37,Finance,Senior Developer,New York,73552.18,6929.94,2023-10-19,9,58.0,daniel.anderson@company.com,(292) 504-1789,Active
EMP034165,Jane,Davis,Jane Davis,23,Engineering,Senior Developer,Chicago,69959.37,7120.18,2021-08-22,0,71.3,jane.davis@company.com,(964) 232-8064,Active
EMP034166,Michael,Martin,Michael Martin,33,Finance,Specialist,Austin,68830.68,5314.22,2023-09-15,5,49.6,michael.martin@company.com,(368) 888-2474,Active
EMP034167,William,Jones,William Jones,31,HR,Lead,New York,55381.41,6975.9,2024-03-26,8,67.1,william.jones@company.com,(689) 623-2667,Active
EMP034168,Stephanie,Davis,Stephanie Davis,40,Sales,Coordinator,San Francisco,66473.36,0.0,2023-07-27,18,70.0,stephanie.davis@company.com,(789) 859-6315,Active
EMP034169,Robert,Gonzalez,Robert Gonzalez,45,HR,Associate,Austin,66422.52,3534.03,2024-03-09,18,48.3,robert.gonzalez@company.com,(407) 391-1945,Active
EMP034170,James,Thomas,James Thomas,50,Marketing,Director,San Francisco,86255.47,6417.1,2021-01-14,28,76.2,james.thomas@company.com,(482) 927-8510,Active
EMP034171,William,Martinez,William Martinez,43,Legal,Coordinator,Seattle,37500.0,5459.02,2024-12-30,17,55.8,william.martinez@company.com,(829) 764-2423,Active
EMP034172,Jessica,Garcia,Jessica Garcia,49,Marketing,Coordinator,New York,71074.14,5050.03,2023-06-25,21,88.3,jessica.garcia@company.com,(712) 356-9527,Active
EMP034173,James,Garcia,James Garcia,25,Finance,Lead,Chicago,67991.15,8717.15,2021-11-29,1,74.4,james.garcia@company.com,(873) 345-5147,Active
EMP034174,Amanda,Miller,Amanda Miller,28,Operations,Senior Developer,New York,57961.98,5471.53,2022-03-23,4,68.9,amanda.miller@company.com,(343) 506-3387,Inactive
EMP034175,Matthew,Jones,Matthew Jones,43,IT,Analyst,Boston,90453.97,5926.81,2023-11-19,17,60.0,matthew.jones@company.com,(771) 240-8857,Active
EMP034176,Matthew,Brown,Matthew Brown,26,Marketing,Coordinator,Boston,34363.27,3626.58,2020-01-30,0,56.6,matthew.brown@company.com,(735) 820-9848,Active
EMP034177,Sarah,Miller,Sarah Miller,47,HR,Specialist,New York,63339.71,5224.99,2022-11-28,23,100.0,sarah.miller@company.com,(877) 818-9915,Active
EMP034178,Daniel,Moore,Daniel Moore,52,IT,Manager,Boston,111170.8,6794.71,2023-01-30,30,83.7,daniel.moore@company.com,(461) 341-9294,Active
EMP034179,Stephanie,Moore,Stephanie Moore,56,Engineering,Specialist,Seattle,139540.36,6080.13,2021-03-17,30,89.2,stephanie.moore@company.com,(431) 534-4101,Active
EMP034180,Daniel,Martinez,Daniel Martinez,45,Finance,Manager,New York,97775.51,12266.28,2020-11-10,22,53.9,daniel.martinez@company.com,(694) 617-7084,On Leave
EMP034181,Lisa,Brown,Lisa Brown,49,Engineering,Lead,Seattle,98078.67,15532.76,2024-05-27,26,72.9,lisa.brown@company.com,(617) 689-4801,Active
EMP034182,Jane,Rodriguez,Jane Rodriguez,23,Sales,Director,Seattle,63246.77,4262.0,2020-06-07,0,75.5,jane.rodriguez@company.com,(979) 491-7129,Active
EMP034183,Lisa,Wilson,Lisa Wilson,34,Sales,Lead,Chicago,73552.81,5766.79,2020-08-11,7,94.6,lisa.wilson@company.com,(789) 318-4300,Active
EMP034184,John,Wilson,John Wilson,44,Legal,Associate,Los Angeles,105849.95,16421.74,2020-09-03,16,90.1,john.wilson@company.com,(970) 450-4283,Active
EMP034185,Jane,Rodriguez,Jane Rodriguez,42,Sales,Specialist,New York,78312.27,3230.75,2022-07-16,14,70.6,jane.rodriguez@company.com,(694) 953-6184,Active
EMP034186,Jane,Anderson,Jane Anderson,55,Marketing,Associate,Austin,74839.45,7192.04,2020-10-10,29,80.9,jane.anderson@company.com,(407) 795-2248,Active
EMP034187,Jessica,Garcia,Jessica Garcia,61,Operations,Director,Austin,61188.91,7828.07,2021-08-16,33,100.0,jessica.garcia@company.com,(700) 288-4924,Active
EMP034188,Matthew,Davis,Matthew Davis,43,Marketing,Coordinator,Chicago,83890.91,18483.29,2021-09-17,16,73.6,matthew.davis@company.com,(607) 333-6086,Active
EMP034189,Sarah,Thomas,Sarah Thomas,29,Operations,Associate,Chicago,65963.58,7035.5,2023-01-16,4,70.3,sarah.thomas@company.com,(828) 481-1295,Active
EMP034190,Lisa,Lopez,Lisa Lopez,30,IT,Director,Austin,56035.08,3254.33,2022-07-06,8,63.4,lisa.lopez@company.com,(748) 615-4454,Active
EMP034191,Lisa,Johnson,Lisa Johnson,44,Marketing,Senior Developer,San Francisco,63914.33,5925.8,2023-12-20,22,84.9,lisa.johnson@company.com,(539) 235-2012,Active
EMP034192,Anthony,Wilson,Anthony Wilson,52,Finance,Manager,Seattle,70483.23,8826.55,2024-05-26,26,95.1,anthony.wilson@company.com,(492) 469-2038,Inactive
EMP034193,Nicole,Jackson,Nicole Jackson,41,Finance,Associate,Chicago,69063.23,10303.77,2023-10-18,14,72.1,nicole.jackson@company.com,(503) 835-5153,Active
EMP034194,Christopher,Lopez,Christopher Lopez,26,HR,Specialist,Chicago,77320.4,5743.69,2024-05-29,0,63.8,christopher.lopez@company.com,(792) 376-1045,Active
EMP034195,Jane,Jones,Jane Jones,50,Engineering,Associate,New York,122176.06,7596.65,2022-02-19,22,81.4,jane.jones@company.com,(502) 285-6008,Inactive
EMP034196,Michael,Miller,Michael Miller,54,IT,Senior Developer,Boston,106457.26,15156.09,2020-09-04,30,75.6,michael.miller@company.com,(366) 695-8810,Active
EMP034197,Matthew,Jackson,Matthew Jackson,50,Marketing,Analyst,Chicago,65982.28,7009.9,2022-02-08,21,90.4,matthew.jackson@company.com,(463) 423-7504,Active
EMP034198,David,Moore,David Moore,40,Marketing,Lead,Boston,66336.19,7521.56,2022-07-15,15,51.1,david.moore@company.com,(754) 767-7457,Active
EMP034199,Amanda,Smith,Amanda Smith,38,HR,Lead,Boston,63666.46,9965.52,2024-09-17,16,70.8,amanda.smith@company.com,(259) 207-9057,Active
EMP034200,Nicole,Martin,Nicole Martin,43,Engineering,Analyst,Austin,122647.0,787.3,2022-02-07,21,85.4,nicole.martin@company.com,(320) 361-3965,Active
EMP034201,Anthony,Gonzalez,Anthony Gonzalez,41,Finance,Director,Seattle,67431.54,5726.12,2020-01-19,17,80.8,anthony.gonzalez@company.com,(395) 886-5859,Active
EMP034202,Lisa,Miller,Lisa Miller,43,HR,Coordinator,Miami,78462.64,12659.35,2024-09-06,15,98.7,lisa.miller@company.com,(436) 862-5542,Active
EMP034203,Stephanie,Johnson,Stephanie Johnson,30,Engineering,Manager,Seattle,74625.18,7959.22,2024-02-16,5,47.0,stephanie.johnson@company.com,(214) 347-5614,Active
EMP034204,Jessica,Garcia,Jessica Garcia,30,Sales,Analyst,New York,79354.64,8033.22,2024-07-08,3,100.0,jessica.garcia@company.com,(811) 359-9925,On Leave
EMP034205,Anthony,Wilson,Anthony Wilson,48,Marketing,Lead,New York,87579.0,9262.07,2021-07-21,25,71.7,anthony.wilson@company.com,(783) 876-9172,Active
EMP034206,William,Jackson,William Jackson,62,Engineering,Coordinator,Chicago,113631.64,12529.56,2021-10-08,38,64.2,william.jackson@company.com,(392) 807-7286,Active
EMP034207,John,Thomas,John Thomas,50,Finance,Senior Developer,Austin,127216.59,15436.51,2023-07-20,26,77.9,john.thomas@company.com,(816) 609-7190,Active
EMP034208,Matthew,Johnson,Matthew Johnson,49,Finance,Director,Seattle,75745.43,6208.45,2021-07-02,27,68.3,matthew.johnson@company.com,(780) 309-6697,Active
EMP034209,Michael,Brown,Michael Brown,60,Operations,Director,Los Angeles,61235.82,4096.03,2020-05-22,34,80.6,michael.brown@company.com,(821) 793-1790,Active
EMP034210,James,Smith,James Smith,33,HR,Specialist,Miami,52666.23,3203.59,2024-04-07,7,79.8,james.smith@company.com,(964) 494-5103,Inactive
EMP034211,Matthew,Moore,Matthew Moore,46,Operations,Lead,Seattle,56539.78,6029.99,2020-05-24,23,75.7,matthew.moore@company.com,(455) 889-9587,Active
EMP034212,Stephanie,Johnson,Stephanie Johnson,25,Finance,Analyst,Chicago,62556.57,8503.38,2022-01-17,0,80.9,stephanie.johnson@company.com,(488) 315-2365,Active
EMP034213,Melissa,Brown,Melissa Brown,36,Engineering,Director,Seattle,99215.89,5923.31,2020-09-04,14,84.3,melissa.brown@company.com,(447) 925-6161,Active
EMP034214,Christopher,Anderson,Christopher Anderson,61,Finance,Specialist,New York,106304.57,13118.93,2023-01-26,37,90.4,christopher.anderson@company.com,(844) 808-5832,Active
EMP034215,Ashley,Brown,Ashley Brown,62,Sales,Director,Los Angeles,75296.41,4770.12,2021-08-11,36,92.1,ashley.brown@company.com,(727) 544-1480,Active
EMP034216,Daniel,Jackson,Daniel Jackson,45,Legal,Specialist,Boston,98273.21,10623.88,2021-03-17,16,80.4,daniel.jackson@company.com,(387) 275-3644,Active
EMP034217,Matthew,Gonzalez,Matthew Gonzalez,28,Marketing,Specialist,Boston,88215.39,8522.14,2021-04-14,1,89.1,matthew.gonzalez@company.com,(479) 738-3185,Active
EMP034218,Robert,Johnson,Robert Johnson,54,Marketing,Specialist,New York,76654.57,4227.45,2023-08-11,32,72.9,robert.johnson@company.com,(776) 932-9706,Inactive
EMP034219,Amanda,Lopez,Amanda Lopez,41,HR,Coordinator,Los Angeles,67683.64,6483.11,2020-02-13,15,93.9,amanda.lopez@company.com,(723) 644-3516,Active
EMP034220,Sarah,Rodriguez,Sarah Rodriguez,53,Finance,Manager,Boston,83153.74,15356.94,2023-05-23,28,56.6,sarah.rodriguez@company.com,(844) 365-2694,Active
EMP034221,Robert,Gonzalez,Robert Gonzalez,29,Finance,Coordinator,Los Angeles,59796.41,8138.62,2023-06-08,1,59.3,robert.gonzalez@company.com,(650) 570-9459,Active
EMP034222,Jessica,Taylor,Jessica Taylor,42,Marketing,Lead,New York,79817.87,2311.74,2023-01-11,19,100.0,jessica.taylor@company.com,(554) 531-9781,Active
EMP034223,Robert,Brown,Robert Brown,51,Sales,Director,Austin,69193.82,7244.38,2024-03-23,22,74.4,robert.brown@company.com,(711) 497-3785,Active
EMP034224,Jane,Jackson,Jane Jackson,57,Legal,Associate,New York,121339.56,15407.94,2022-04-28,31,70.2,jane.jackson@company.com,(477) 443-5281,Active
EMP034225,William,Davis,William Davis,53,HR,Coordinator,Miami,89566.21,10156.05,2024-02-19,25,87.4,william.davis@company.com,(863) 429-5468,Active
EMP034226,Matthew,Thomas,Matthew Thomas,45,Sales,Director,New York,64442.68,6996.01,2024-06-05,16,100.0,matthew.thomas@company.com,(287) 694-4158,Active
EMP034227,Matthew,Garcia,Matthew Garcia,51,Marketing,Director,Chicago,88105.1,8542.34,2022-11-09,29,75.5,matthew.garcia@company.com,(982) 683-2743,Active
EMP034228,Lisa,Wilson,Lisa Wilson,46,HR,Manager,Los Angeles,65561.05,2763.44,2023-08-06,19,81.6,lisa.wilson@company.com,(351) 788-1394,Inactive
EMP034229,Nicole,Miller,Nicole Miller,27,Engineering,Director,Los Angeles,86073.67,11915.34,2020-01-27,2,60.6,nicole.miller@company.com,(948) 494-7549,Active
EMP034230,Jane,Garcia,Jane Garcia,45,Engineering,Coordinator,Austin,47226.59,2754.9,2024-07-27,18,39.5,jane.garcia@company.com,(712) 687-5274,Active
EMP034231,Stephanie,Wilson,Stephanie Wilson,40,Legal,Lead,San Francisco,102728.71,17017.95,2020-01-17,12,57.2,stephanie.wilson@company.com,(813) 971-4209,On Leave
EMP034232,Matthew,Martinez,Matthew Martinez,57,Engineering,Director,Los Angeles,89755.03,9948.04,2022-01-02,29,76.2,matthew.martinez@company.com,(330) 795-6501,On Leave
EMP034233,Christopher,Jones,Christopher Jones,38,Finance,Manager,Los Angeles,93400.51,12196.35,2020-01-09,10,66.9,christopher.jones@company.com,(693) 628-7324,Inactive
EMP034234,Lisa,Martinez,Lisa Martinez,45,HR,Lead,Austin,81539.15,8629.74,2024-02-13,18,80.4,lisa.martinez@company.com,(735) 525-8328,Active
EMP034235,Nicole,Martinez,Nicole Martinez,38,Legal,Lead,San Francisco,107119.19,10917.51,2023-11-01,9,91.6,nicole.martinez@company.com,(681) 536-1416,Active
EMP034236,Lisa,Hernandez,Lisa Hernandez,53,Sales,Lead,Boston,102759.65,6729.79,2024-04-19,24,82.3,lisa.hernandez@company.com,(709) 486-6519,Active
EMP034237,Stephanie,Jackson,Stephanie Jackson,31,Marketing,Specialist,New York,65351.82,0.0,2023-08-09,2,67.4,stephanie.jackson@company.com,(480) 374-9820,Inactive
EMP034238,Anthony,Jones,Anthony Jones,38,Finance,Specialist,Austin,56762.06,4469.88,2020-07-21,9,90.4,anthony.jones@company.com,(777) 921-2763,On Leave
EMP034239,Amanda,Hernandez,Amanda Hernandez,54,Operations,Manager,Seattle,66478.35,7452.06,2024-07-18,27,65.2,amanda.hernandez@company.com,(675) 798-2807,Active
EMP034240,William,Jones,William Jones,42,Operations,Senior Developer,Seattle,32679.44,3972.45,2023-12-23,17,50.1,william.jones@company.com,(496) 748-2836,On Leave
EMP034241,Sarah,Davis,Sarah Davis,41,Engineering,Associate,Seattle,67380.74,6122.04,2022-02-15,13,55.2,sarah.davis@company.com,(249) 212-8935,Inactive
EMP034242,Jessica,Brown,Jessica Brown,32,Sales,Director,Boston,66801.09,7524.01,2023-05-13,9,57.7,jessica.brown@company.com,(346) 678-7702,Active
EMP034243,Stephanie,Taylor,Stephanie Taylor,38,Operations,Specialist,Los Angeles,43300.09,4603.88,2021-06-05,15,76.4,stephanie.taylor@company.com,(867) 650-8576,Active
EMP034244,James,Jackson,James Jackson,29,Operations,Analyst,Los Angeles,85637.05,8533.15,2024-01-09,2,62.0,james.jackson@company.com,(891) 869-6890,Active
EMP034245,Jane,Anderson,Jane Anderson,43,Legal,Specialist,Los Angeles,115754.83,5203.54,2023-07-12,16,84.8,jane.anderson@company.com,(944) 995-5341,On Leave
EMP034246,Jane,Davis,Jane Davis,47,Marketing,Coordinator,Boston,50258.28,6837.91,2020-02-23,22,96.4,jane.davis@company.com,(623) 502-7375,Active
EMP034247,David,Davis,David Davis,32,Operations,Manager,Miami,60114.43,0.0,2023-04-05,3,81.4,david.davis@company.com,(513) 834-6234,Inactive
EMP034248,John,Gonzalez,John Gonzalez,43,IT,Manager,New York,94849.26,13798.3,2023-02-04,14,70.8,john.gonzalez@company.com,(764) 897-6354,Active
EMP034249,Matthew,Rodriguez,Matthew Rodriguez,22,HR,Senior Developer,Austin,62851.85,4249.75,2022-12-08,0,63.5,matthew.rodriguez@company.com,(322) 819-9261,Active
EMP034250,Matthew,Martinez,Matthew Martinez,27,Marketing,Director,Chicago,69289.32,7073.31,2022-06-19,5,75.1,matthew.martinez@company.com,(735) 811-5941,Active
EMP034251,Robert,Moore,Robert Moore,43,Engineering,Associate,New York,87698.8,8938.86,2020-05-28,14,69.3,robert.moore@company.com,(874) 815-3100,Active
EMP034252,Lisa,Jackson,Lisa Jackson,38,Finance,Senior Developer,San Francisco,47649.57,7083.27,2022-09-19,14,65.8,lisa.jackson@company.com,(310) 720-3421,Active
EMP034253,Anthony,Jackson,Anthony Jackson,23,IT,Senior Developer,Chicago,83065.47,8198.82,2023-07-01,0,61.7,anthony.jackson@company.com,(264) 911-6245,Active
EMP034254,Michael,Davis,Michael Davis,49,Legal,Associate,Seattle,92794.24,11113.32,2020-06-03,24,65.0,michael.davis@company.com,(423) 461-9069,Active
EMP034255,James,Martin,James Martin,56,HR,Analyst,Seattle,86282.17,17819.06,2022-10-30,31,88.8,james.martin@company.com,(264) 616-3727,Inactive
EMP034256,Nicole,Thomas,Nicole Thomas,63,HR,Director,Austin,49612.55,1381.2,2024-02-08,38,80.8,nicole.thomas@company.com,(781) 566-5042,Active
EMP034257,Michael,Wilson,Michael Wilson,24,Operations,Associate,San Francisco,28685.08,3860.34,2020-12-24,0,87.4,michael.wilson@company.com,(889) 484-6643,Inactive
EMP034258,John,Smith,John Smith,30,IT,Senior Developer,San Francisco,72717.24,9858.09,2020-10-07,8,58.9,john.smith@company.com,(586) 946-1337,Active
EMP034259,Stephanie,Hernandez,Stephanie Hernandez,37,Marketing,Analyst,Austin,79399.09,14548.11,2022-10-15,13,67.6,stephanie.hernandez@company.com,(630) 289-1508,Active
EMP034260,Daniel,Hernandez,Daniel Hernandez,41,HR,Director,San Francisco,51880.9,5545.6,2022-07-01,17,68.3,daniel.hernandez@company.com,(389) 453-5086,Active
EMP034261,Daniel,Miller,Daniel Miller,49,Marketing,Manager,Austin,80613.96,6948.13,2020-09-28,24,84.8,daniel.miller@company.com,(781) 529-7130,Active
EMP034262,Daniel,Jones,Daniel Jones,44,Marketing,Analyst,Boston,80698.37,12255.64,2023-04-09,18,69.5,daniel.jones@company.com,(880) 442-5139,Active
EMP034263,Amanda,Davis,Amanda Davis,31,IT,Director,Boston,78787.01,10107.21,2024-04-25,5,53.1,amanda.davis@company.com,(926) 766-3799,Active
EMP034264,Melissa,Martin,Melissa Martin,26,Marketing,Manager,Austin,57287.76,3938.94,2021-08-01,0,57.2,melissa.martin@company.com,(527) 318-4101,Active
EMP034265,Amanda,Thomas,Amanda Thomas,43,Sales,Coordinator,Los Angeles,63444.83,2968.73,2020-02-17,19,75.5,amanda.thomas@company.com,(548) 722-5223,Inactive
EMP034266,Matthew,Wilson,Matthew Wilson,29,IT,Manager,Miami,91083.43,9615.87,2023-09-25,4,82.4,matthew.wilson@company.com,(232) 908-8984,Active
EMP034267,Emily,Smith,Emily Smith,64,Legal,Senior Developer,Austin,134885.56,12972.38,2022-06-03,40,88.2,emily.smith@company.com,(492) 412-9097,Active
EMP034268,Emily,Rodriguez,Emily Rodriguez,23,Legal,Manager,Boston,48940.98,8382.47,2020-06-21,0,80.4,emily.rodriguez@company.com,(423) 944-8972,Active
EMP034269,Matthew,Jackson,Matthew Jackson,43,Sales,Associate,New York,76305.3,6773.02,2021-09-02,14,66.9,matthew.jackson@company.com,(838) 201-9480,Active
EMP034270,Emily,Jackson,Emily Jackson,35,Marketing,Senior Developer,Austin,32254.79,4548.82,2023-06-25,10,80.6,emily.jackson@company.com,(663) 598-5766,Active
EMP034271,Stephanie,Moore,Stephanie Moore,23,IT,Coordinator,Chicago,85278.83,8895.58,2020-10-26,0,64.6,stephanie.moore@company.com,(355) 263-5536,Active
EMP034272,Anthony,Jackson,Anthony Jackson,32,Engineering,Director,Boston,90304.48,4750.0,2020-09-25,4,81.5,anthony.jackson@company.com,(906) 925-1027,Active
EMP034273,Sarah,Johnson,Sarah Johnson,48,IT,Associate,Boston,106821.63,6888.12,2020-11-20,24,64.6,sarah.johnson@company.com,(364) 909-3616,Active
EMP034274,Anthony,Garcia,Anthony Garcia,56,Sales,Associate,New York,84786.54,16539.53,2020-09-02,33,82.5,anthony.garcia@company.com,(292) 917-9485,Active
EMP034275,James,Taylor,James Taylor,30,Finance,Coordinator,Los Angeles,73539.9,11444.97,2020-05-11,3,79.9,james.taylor@company.com,(704) 541-8448,Active
EMP034276,John,Thomas,John Thomas,52,Finance,Analyst,Seattle,73936.44,5465.69,2024-10-07,25,82.4,john.thomas@company.com,(569) 756-1315,Active
EMP034277,John,Smith,John Smith,44,Finance,Senior Developer,Miami,78170.55,11969.32,2022-03-16,15,73.3,john.smith@company.com,(985) 700-3189,Active
EMP034278,Matthew,Davis,Matthew Davis,58,Sales,Analyst,New York,105759.38,7550.69,2024-07-02,33,71.2,matthew.davis@company.com,(290) 649-5078,Active
EMP034279,Sarah,Jones,Sarah Jones,26,Sales,Coordinator,Miami,81120.28,3875.22,2021-10-17,1,64.9,sarah.jones@company.com,(821) 477-6800,Active
EMP034280,Emily,Williams,Emily Williams,37,Finance,Manager,Chicago,79188.43,4881.85,2022-01-18,8,100.0,emily.williams@company.com,(950) 701-8083,Active
EMP034281,Ashley,Gonzalez,Ashley Gonzalez,49,Operations,Manager,Boston,87217.82,14568.52,2023-06-03,20,65.6,ashley.gonzalez@company.com,(715) 231-6009,Active
EMP034282,William,Wilson,William Wilson,41,Legal,Associate,Chicago,116929.21,9296.31,2023-08-23,18,74.9,william.wilson@company.com,(555) 286-5125,Active
EMP034283,David,Davis,David Davis,47,Finance,Associate,Miami,95908.16,6548.27,2023-09-21,25,78.0,david.davis@company.com,(950) 764-1840,Active
EMP034284,Jane,Martin,Jane Martin,40,Engineering,Analyst,San Francisco,100291.17,8624.49,2024-03-03,11,70.3,jane.martin@company.com,(842) 297-3841,On Leave
EMP034285,Robert,Gonzalez,Robert Gonzalez,31,HR,Lead,Los Angeles,53356.18,7704.65,2022-07-25,7,79.9,robert.gonzalez@company.com,(236) 207-3346,Active
EMP034286,Amanda,Miller,Amanda Miller,63,Marketing,Director,San Francisco,73269.24,10056.19,2021-11-20,37,100.0,amanda.miller@company.com,(526) 297-7453,Active
EMP034287,Matthew,Davis,Matthew Davis,40,HR,Coordinator,Austin,40177.32,6037.48,2024-08-27,16,76.5,matthew.davis@company.com,(783) 216-8820,Active
EMP034288,Matthew,Thomas,Matthew Thomas,37,Operations,Lead,Boston,58706.84,584.03,2024-08-04,13,92.6,matthew.thomas@company.com,(857) 597-7582,Active
EMP034289,Amanda,Brown,Amanda Brown,35,HR,Director,Austin,69937.62,3042.63,2020-07-12,11,82.9,amanda.brown@company.com,(581) 895-4289,Active
EMP034290,Robert,Moore,Robert Moore,30,Engineering,Manager,Los Angeles,95633.8,523.56,2024-07-08,7,100.0,robert.moore@company.com,(824) 964-7506,Active
EMP034291,Matthew,Anderson,Matthew Anderson,50,Finance,Manager,Seattle,96309.16,11718.87,2023-11-28,21,70.7,matthew.anderson@company.com,(509) 808-8427,Active
EMP034292,Ashley,Garcia,Ashley Garcia,35,Marketing,Director,Boston,44102.22,4385.24,2021-04-04,8,58.1,ashley.garcia@company.com,(344) 617-2614,Active
EMP034293,Amanda,Miller,Amanda Miller,37,Finance,Coordinator,Los Angeles,106781.52,13323.04,2021-03-23,9,60.3,amanda.miller@company.com,(326) 479-6081,Inactive
EMP034294,Jane,Anderson,Jane Anderson,30,Sales,Manager,Miami,76260.85,6648.68,2020-04-13,1,56.1,jane.anderson@company.com,(963) 505-8984,Active
EMP034295,Jessica,Taylor,Jessica Taylor,43,IT,Director,Austin,86189.73,4802.18,2023-03-15,19,65.6,jessica.taylor@company.com,(832) 570-3041,Active
EMP034296,Sarah,Taylor,Sarah Taylor,31,Sales,Coordinator,Seattle,62677.44,968.9,2023-11-17,8,62.2,sarah.taylor@company.com,(936) 852-1587,Active
EMP034297,Jessica,Gonzalez,Jessica Gonzalez,34,Marketing,Specialist,Boston,32529.15,2941.49,2022-01-18,8,100.0,jessica.gonzalez@company.com,(359) 543-8167,Active
EMP034298,David,Hernandez,David Hernandez,25,Marketing,Director,Miami,49347.79,3583.78,2022-08-29,1,71.4,david.hernandez@company.com,(531) 385-9991,Active
EMP034299,James,Anderson,James Anderson,24,Operations,Manager,Boston,52880.7,3678.77,2023-09-03,2,76.3,james.anderson@company.com,(984) 894-2636,Active
EMP034300,Melissa,Rodriguez,Melissa Rodriguez,52,Sales,Manager,Seattle,88896.08,12068.19,2022-08-31,30,90.2,melissa.rodriguez@company.com,(674) 611-7013,Active
EMP034301,Robert,Jones,Robert Jones,23,Finance,Specialist,Boston,80726.15,8505.79,2021-01-17,0,53.4,robert.jones@company.com,(960) 990-8632,Active
EMP034302,Michael,Moore,Michael Moore,55,Engineering,Associate,San Francisco,127366.16,6109.68,2022-05-19,29,60.3,michael.moore@company.com,(442) 713-7842,Active
EMP034303,Anthony,Garcia,Anthony Garcia,45,Finance,Lead,San Francisco,52728.25,7128.02,2023-05-08,22,62.8,anthony.garcia@company.com,(479) 516-3895,Active
EMP034304,Michael,Jones,Michael Jones,31,IT,Specialist,Boston,99637.94,12178.18,2023-08-02,6,76.9,michael.jones@company.com,(900) 244-2577,Active
EMP034305,Michael,Anderson,Michael Anderson,63,Engineering,Director,Miami,132528.06,10084.27,2022-09-06,39,52.7,michael.anderson@company.com,(789) 883-5556,Active
EMP034306,Stephanie,Lopez,Stephanie Lopez,56,HR,Manager,San Francisco,75780.45,16737.43,2024-07-07,33,78.7,stephanie.lopez@company.com,(833) 383-7519,Active
EMP034307,Stephanie,Thomas,Stephanie Thomas,38,Operations,Specialist,Seattle,55766.71,5611.59,2020-03-28,15,82.6,stephanie.thomas@company.com,(767) 211-9152,Active
EMP034308,Anthony,Miller,Anthony Miller,61,Operations,Associate,Los Angeles,60652.31,8670.38,2023-12-09,36,69.8,anthony.miller@company.com,(973) 372-5278,Inactive
EMP034309,Emily,Martin,Emily Martin,32,Marketing,Manager,Chicago,75309.11,10733.5,2024-10-22,4,68.8,emily.martin@company.com,(439) 795-2006,Active
EMP034310,Stephanie,Johnson,Stephanie Johnson,53,HR,Senior Developer,Austin,84008.65,12879.32,2022-06-28,28,67.2,stephanie.johnson@company.com,(770) 654-7565,Active
EMP034311,Lisa,Jones,Lisa Jones,22,HR,Senior Developer,Miami,46782.1,2674.41,2022-07-24,0,95.0,lisa.jones@company.com,(822) 781-6172,Inactive
EMP034312,Daniel,Hernandez,Daniel Hernandez,62,Finance,Analyst,Boston,86146.15,11284.72,2023-08-19,40,63.1,daniel.hernandez@company.com,(940) 989-9497,Active
EMP034313,Melissa,Brown,Melissa Brown,35,Marketing,Specialist,New York,63523.4,4684.1,2024-05-27,12,58.3,melissa.brown@company.com,(470) 363-3228,Active
EMP034314,Daniel,Hernandez,Daniel Hernandez,60,Engineering,Coordinator,Miami,104188.76,5375.16,2020-09-05,35,80.2,daniel.hernandez@company.com,(612) 263-5577,Active
EMP034315,Melissa,Garcia,Melissa Garcia,35,Finance,Director,Los Angeles,69425.78,9861.79,2020-08-31,7,74.6,melissa.garcia@company.com,(569) 307-9501,Active
EMP034316,Sarah,Smith,Sarah Smith,40,Sales,Analyst,Austin,77505.47,15987.61,2021-08-06,18,82.4,sarah.smith@company.com,(364) 476-7522,Active
EMP034317,Stephanie,Gonzalez,Stephanie Gonzalez,38,Marketing,Analyst,New York,90901.53,6875.47,2020-11-23,15,85.6,stephanie.gonzalez@company.com,(467) 775-4416,Active
EMP034318,Daniel,Johnson,Daniel Johnson,37,Legal,Associate,Seattle,67204.33,9482.35,2022-06-17,10,73.8,daniel.johnson@company.com,(349) 453-9137,Active
EMP034319,Stephanie,Miller,Stephanie Miller,56,HR,Lead,Los Angeles,50250.38,6324.6,2023-09-23,28,79.6,stephanie.miller@company.com,(399) 990-9557,Active
EMP034320,Amanda,Wilson,Amanda Wilson,41,Sales,Associate,Austin,70568.62,10475.87,2022-07-16,17,100.0,amanda.wilson@company.com,(642) 456-4285,Active
EMP034321,Emily,Martin,Emily Martin,36,IT,Specialist,San Francisco,89102.29,9905.58,2021-04-15,10,67.9,emily.martin@company.com,(624) 650-9081,Active
EMP034322,Emily,Rodriguez,Emily Rodriguez,63,Operations,Director,Los Angeles,70521.2,2235.46,2021-05-12,35,100.0,emily.rodriguez@company.com,(367) 360-3137,Active
EMP034323,Nicole,Gonzalez,Nicole Gonzalez,31,Sales,Specialist,Miami,89063.9,6166.99,2021-10-19,3,72.0,nicole.gonzalez@company.com,(207) 202-8954,Active
EMP034324,Anthony,Martin,Anthony Martin,43,Marketing,Analyst,San Francisco,57076.5,9900.56,2021-09-24,21,57.1,anthony.martin@company.com,(310) 346-1422,Active
EMP034325,William,Jackson,William Jackson,33,Engineering,Associate,Austin,102487.19,11634.82,2023-09-24,10,81.9,william.jackson@company.com,(983) 472-1733,Active
EMP034326,Matthew,Thomas,Matthew Thomas,54,Legal,Specialist,Seattle,88168.74,0.0,2023-04-03,32,88.6,matthew.thomas@company.com,(399) 620-3751,Active
EMP034327,Amanda,Rodriguez,Amanda Rodriguez,55,Legal,Manager,New York,82909.43,9767.76,2024-09-22,31,60.6,amanda.rodriguez@company.com,(273) 809-9135,Active
EMP034328,Sarah,Gonzalez,Sarah Gonzalez,61,Engineering,Specialist,Austin,137621.39,22382.76,2024-01-30,39,62.4,sarah.gonzalez@company.com,(708) 329-6457,Active
EMP034329,David,Rodriguez,David Rodriguez,39,Sales,Analyst,San Francisco,75657.67,10076.17,2024-07-21,16,76.2,david.rodriguez@company.com,(442) 225-3083,Active
EMP034330,Jessica,Hernandez,Jessica Hernandez,37,IT,Associate,Boston,70343.83,12534.78,2020-04-10,14,70.9,jessica.hernandez@company.com,(879) 255-1157,Active
EMP034331,Robert,Brown,Robert Brown,37,Legal,Manager,Chicago,90786.23,7434.7,2020-10-11,14,78.3,robert.brown@company.com,(675) 377-3116,Active
EMP034332,John,Martinez,John Martinez,39,IT,Analyst,Los Angeles,83978.46,7842.45,2023-11-14,10,80.6,john.martinez@company.com,(920) 903-9423,Active
EMP034333,David,Rodriguez,David Rodriguez,30,IT,Associate,Chicago,93306.31,17298.1,2021-01-10,2,96.6,david.rodriguez@company.com,(902) 961-2537,Active
EMP034334,Sarah,Martinez,Sarah Martinez,49,Sales,Coordinator,Seattle,69939.66,5608.54,2021-08-30,24,40.3,sarah.martinez@company.com,(461) 919-2636,Active
EMP034335,David,Miller,David Miller,23,Engineering,Senior Developer,San Francisco,74977.64,4354.27,2024-06-12,0,60.5,david.miller@company.com,(806) 554-5718,Active
EMP034336,Michael,Smith,Michael Smith,52,HR,Specialist,Seattle,78288.33,2384.08,2023-11-12,23,98.0,michael.smith@company.com,(319) 763-4140,Active
EMP034337,Jessica,Lopez,Jessica Lopez,28,Marketing,Coordinator,Chicago,66425.71,6304.14,2023-10-25,1,93.7,jessica.lopez@company.com,(925) 871-8689,On Leave
EMP034338,Anthony,Garcia,Anthony Garcia,30,Engineering,Lead,New York,81654.2,7170.12,2022-08-01,5,83.1,anthony.garcia@company.com,(266) 517-5800,Active
EMP034339,Emily,Brown,Emily Brown,49,Sales,Manager,San Francisco,75313.46,5554.58,2023-05-12,26,40.9,emily.brown@company.com,(941) 444-1745,Active
EMP034340,William,Lopez,William Lopez,39,HR,Senior Developer,Seattle,75543.05,10577.51,2022-03-21,16,73.2,william.lopez@company.com,(858) 907-3018,Active
EMP034341,Jane,Rodriguez,Jane Rodriguez,45,Engineering,Senior Developer,Boston,104763.59,8797.7,2020-06-11,17,71.1,jane.rodriguez@company.com,(510) 959-8410,Active
EMP034342,William,Taylor,William Taylor,38,Sales,Manager,Seattle,89131.51,5347.73,2023-07-14,11,74.7,william.taylor@company.com,(927) 323-2414,Active
EMP034343,Matthew,Rodriguez,Matthew Rodriguez,33,Operations,Analyst,Chicago,84137.83,12447.62,2021-09-09,9,72.1,matthew.rodriguez@company.com,(217) 441-6860,Active
EMP034344,Robert,Jones,Robert Jones,29,Marketing,Manager,San Francisco,58781.75,5772.37,2022-10-22,5,63.3,robert.jones@company.com,(716) 318-6143,Inactive
EMP034345,Nicole,Garcia,Nicole Garcia,34,Marketing,Senior Developer,Miami,66341.65,5979.68,2023-09-04,8,81.8,nicole.garcia@company.com,(907) 532-6959,Active
EMP034346,Daniel,Davis,Daniel Davis,58,Engineering,Specialist,Los Angeles,105307.97,7432.73,2021-04-05,32,66.7,daniel.davis@company.com,(890) 859-7196,Active
EMP034347,Jane,Smith,Jane Smith,40,HR,Director,New York,64574.11,4336.12,2020-08-24,12,74.4,jane.smith@company.com,(715) 904-6648,Active
EMP034348,Robert,Williams,Robert Williams,55,Operations,Manager,New York,61389.73,1936.47,2024-03-18,32,75.6,robert.williams@company.com,(944) 332-3277,Active
EMP034349,Sarah,Smith,Sarah Smith,36,Sales,Lead,San Francisco,60553.39,11800.49,2022-06-30,7,59.4,sarah.smith@company.com,(244) 455-2350,Active
EMP034350,David,Williams,David Williams,60,Finance,Senior Developer,Los Angeles,94178.79,2886.75,2024-12-08,31,60.4,david.williams@company.com,(285) 830-1602,Active
EMP034351,Melissa,Williams,Melissa Williams,64,IT,Coordinator,San Francisco,124398.44,3998.69,2023-01-17,39,70.5,melissa.williams@company.com,(731) 455-4388,Active
EMP034352,Amanda,Gonzalez,Amanda Gonzalez,56,Marketing,Lead,Chicago,90866.16,12811.53,2021-02-05,29,80.7,amanda.gonzalez@company.com,(461) 599-6612,Inactive
EMP034353,Anthony,Thomas,Anthony Thomas,64,Engineering,Associate,Chicago,116941.39,6839.6,2024-11-07,38,70.9,anthony.thomas@company.com,(813) 717-7255,On Leave
EMP034354,Stephanie,Brown,Stephanie Brown,39,Sales,Director,Chicago,77858.66,6223.36,2023-05-20,16,80.3,stephanie.brown@company.com,(226) 637-3800,Active
EMP034355,John,Hernandez,John Hernandez,37,HR,Senior Developer,Los Angeles,57243.15,7004.43,2022-07-28,9,75.9,john.hernandez@company.com,(461) 666-9301,Active
EMP034356,Melissa,Johnson,Melissa Johnson,34,Marketing,Specialist,Miami,64403.21,2007.33,2020-03-05,5,39.2,melissa.johnson@company.com,(390) 874-2194,Active
EMP034357,Melissa,Hernandez,Melissa Hernandez,32,Engineering,Associate,Los Angeles,110322.89,5448.65,2021-04-27,9,93.3,melissa.hernandez@company.com,(732) 494-2584,Active
EMP034358,Daniel,Wilson,Daniel Wilson,40,IT,Associate,Miami,79151.93,4341.62,2021-11-30,18,88.8,daniel.wilson@company.com,(511) 731-4422,Inactive
EMP034359,Amanda,Garcia,Amanda Garcia,40,IT,Coordinator,Los Angeles,57634.27,900.45,2020-10-16,17,72.2,amanda.garcia@company.com,(394) 673-5881,Active
EMP034360,Ashley,Davis,Ashley Davis,52,IT,Director,San Francisco,80449.61,9150.69,2024-12-19,27,69.8,ashley.davis@company.com,(201) 649-5114,Active
EMP034361,James,Taylor,James Taylor,44,HR,Director,San Francisco,66066.78,9342.85,2022-10-17,16,66.8,james.taylor@company.com,(232) 702-2611,Active
EMP034362,Matthew,Johnson,Matthew Johnson,49,Engineering,Manager,Miami,106819.46,11664.37,2021-06-27,25,77.9,matthew.johnson@company.com,(364) 203-8605,Active
EMP034363,Lisa,Jones,Lisa Jones,58,Engineering,Senior Developer,Chicago,105486.95,15990.86,2023-03-19,34,86.5,lisa.jones@company.com,(598) 442-8210,Inactive
EMP034364,Anthony,Rodriguez,Anthony Rodriguez,28,Finance,Associate,Austin,61268.33,2393.72,2023-01-28,0,71.6,anthony.rodriguez@company.com,(729) 939-8668,Active
EMP034365,Stephanie,Martinez,Stephanie Martinez,46,Finance,Associate,San Francisco,65884.68,10090.56,2020-12-30,20,80.0,stephanie.martinez@company.com,(537) 816-7586,Active
EMP034366,Melissa,Hernandez,Melissa Hernandez,40,Legal,Lead,Boston,44657.63,698.59,2022-07-04,17,76.4,melissa.hernandez@company.com,(767) 455-3874,Active
EMP034367,Melissa,Martin,Melissa Martin,30,Sales,Coordinator,San Francisco,40680.29,4625.9,2022-05-24,7,66.7,melissa.martin@company.com,(376) 569-2314,Inactive
EMP034368,Michael,Johnson,Michael Johnson,57,Engineering,Senior Developer,New York,88681.44,19261.61,2021-08-20,30,62.0,michael.johnson@company.com,(210) 508-2650,Inactive
EMP034369,Sarah,Thomas,Sarah Thomas,32,IT,Manager,Austin,87610.44,9598.37,2022-04-19,7,65.2,sarah.thomas@company.com,(835) 932-7614,Active
EMP034370,Emily,Rodriguez,Emily Rodriguez,59,Sales,Lead,Miami,96040.26,7853.41,2023-04-24,30,66.3,emily.rodriguez@company.com,(293) 839-9223,Active
EMP034371,Robert,Martinez,Robert Martinez,42,Legal,Director,New York,105196.81,8048.94,2024-02-13,13,72.8,robert.martinez@company.com,(684) 657-9411,Active
EMP034372,Matthew,Gonzalez,Matthew Gonzalez,54,Finance,Senior Developer,Austin,85142.85,9581.27,2020-05-30,25,71.2,matthew.gonzalez@company.com,(995) 409-1349,Active
EMP034373,Emily,Williams,Emily Williams,46,Sales,Director,Austin,84886.97,6285.34,2024-02-28,18,55.9,emily.williams@company.com,(245) 631-9752,Active
EMP034374,Michael,Davis,Michael Davis,23,HR,Coordinator,Boston,59574.05,5119.39,2020-02-21,0,60.7,michael.davis@company.com,(736) 714-1318,Active
EMP034375,Sarah,Thomas,Sarah Thomas,57,Marketing,Lead,Los Angeles,58353.41,4905.02,2020-10-18,33,86.8,sarah.thomas@company.com,(205) 268-1913,Inactive
EMP034376,Anthony,Gonzalez,Anthony Gonzalez,36,IT,Lead,Chicago,91745.35,5365.82,2023-10-02,12,46.6,anthony.gonzalez@company.com,(287) 300-5909,Active
EMP034377,James,Taylor,James Taylor,49,Finance,Director,New York,74729.87,5292.89,2021-12-21,27,77.4,james.taylor@company.com,(702) 386-8369,Active
EMP034378,Jane,Williams,Jane Williams,57,Engineering,Lead,Miami,78970.18,1327.55,2020-12-16,29,100.0,jane.williams@company.com,(398) 848-4640,Active
EMP034379,Ashley,Smith,Ashley Smith,45,Sales,Director,New York,88882.72,10294.49,2023-06-04,22,74.4,ashley.smith@company.com,(903) 876-9205,Active
EMP034380,Nicole,Lopez,Nicole Lopez,49,Operations,Lead,Chicago,72690.26,6293.14,2024-12-15,25,67.9,nicole.lopez@company.com,(449) 442-8716,Active
EMP034381,Ashley,Williams,Ashley Williams,27,Finance,Associate,Miami,63896.23,6967.7,2020-10-28,0,83.1,ashley.williams@company.com,(948) 582-5923,Inactive
EMP034382,Nicole,Gonzalez,Nicole Gonzalez,60,Operations,Coordinator,Seattle,73557.33,11833.72,2023-09-13,37,66.2,nicole.gonzalez@company.com,(977) 954-5719,Inactive
EMP034383,John,Brown,John Brown,37,Operations,Senior Developer,Boston,55148.39,5787.54,2022-03-16,14,53.8,john.brown@company.com,(672) 999-5588,Active
EMP034384,Emily,Rodriguez,Emily Rodriguez,62,HR,Lead,New York,53784.48,5523.73,2024-04-27,38,48.3,emily.rodriguez@company.com,(458) 527-1021,Active
EMP034385,Michael,Jones,Michael Jones,39,Finance,Analyst,Los Angeles,102918.53,3384.15,2022-04-30,17,92.0,michael.jones@company.com,(848) 646-1938,Active
EMP034386,Jane,Jones,Jane Jones,41,Legal,Lead,Chicago,97729.14,10390.95,2024-02-22,16,65.9,jane.jones@company.com,(839) 817-8670,Active
EMP034387,Emily,Gonzalez,Emily Gonzalez,36,Marketing,Lead,Los Angeles,56612.75,9902.41,2022-01-17,14,78.1,emily.gonzalez@company.com,(636) 617-3299,Inactive
EMP034388,Matthew,Jackson,Matthew Jackson,32,IT,Director,San Francisco,107333.39,8501.96,2023-09-10,6,84.8,matthew.jackson@company.com,(425) 224-4705,Active
EMP034389,Matthew,Taylor,Matthew Taylor,52,Sales,Associate,Miami,86312.11,10006.03,2023-01-20,25,79.4,matthew.taylor@company.com,(871) 671-2194,Active
EMP034390,Anthony,Lopez,Anthony Lopez,56,Sales,Lead,Chicago,86735.88,7062.72,2020-08-20,29,84.9,anthony.lopez@company.com,(926) 376-9405,Active
EMP034391,Ashley,Davis,Ashley Davis,31,Sales,Specialist,San Francisco,74899.04,8702.23,2024-05-01,2,57.2,ashley.davis@company.com,(239) 964-6471,Active
EMP034392,John,Anderson,John Anderson,35,Operations,Senior Developer,Miami,69758.52,15551.19,2023-11-01,12,75.8,john.anderson@company.com,(519) 561-3160,Active
EMP034393,Anthony,Anderson,Anthony Anderson,59,Finance,Coordinator,Austin,68962.16,5595.85,2024-08-08,30,61.6,anthony.anderson@company.com,(993) 999-9426,Active
EMP034394,Lisa,Hernandez,Lisa Hernandez,37,Sales,Specialist,Austin,73569.48,12102.68,2020-09-11,8,57.8,lisa.hernandez@company.com,(301) 641-6445,Active
EMP034395,Sarah,Johnson,Sarah Johnson,41,Finance,Senior Developer,Austin,80836.24,5686.84,2021-05-28,12,88.5,sarah.johnson@company.com,(639) 588-1024,Inactive
EMP034396,Emily,Davis,Emily Davis,34,Operations,Director,Chicago,72833.28,10303.13,2021-02-28,9,41.0,emily.davis@company.com,(438) 823-6831,Active
EMP034397,Matthew,Hernandez,Matthew Hernandez,54,Operations,Manager,Seattle,73396.2,9549.23,2020-06-30,30,68.0,matthew.hernandez@company.com,(921) 817-5006,Active
EMP034398,Emily,Rodriguez,Emily Rodriguez,30,Operations,Senior Developer,New York,58855.25,10113.25,2020-11-28,6,76.6,emily.rodriguez@company.com,(258) 464-9933,Active
EMP034399,Sarah,Lopez,Sarah Lopez,51,Marketing,Analyst,Seattle,85783.26,11003.65,2021-01-19,23,71.7,sarah.lopez@company.com,(635) 291-7825,Active
EMP034400,Amanda,Williams,Amanda Williams,49,Engineering,Analyst,Los Angeles,92334.11,9931.59,2020-08-04,27,70.0,amanda.williams@company.com,(545) 807-6195,On Leave
EMP034401,Christopher,Moore,Christopher Moore,55,IT,Lead,Seattle,63419.19,10706.29,2022-11-28,32,82.6,christopher.moore@company.com,(473) 777-5137,Inactive
EMP034402,Daniel,Gonzalez,Daniel Gonzalez,38,Sales,Specialist,San Francisco,73096.57,11156.24,2023-02-27,15,80.0,daniel.gonzalez@company.com,(795) 306-5327,Active
EMP034403,Jane,Wilson,Jane Wilson,46,Engineering,Director,New York,76022.91,8413.03,2024-01-20,17,100.0,jane.wilson@company.com,(336) 474-9072,Active
EMP034404,William,Martinez,William Martinez,61,Engineering,Lead,Austin,132745.86,12175.17,2021-06-22,35,68.9,william.martinez@company.com,(494) 457-4953,Active
EMP034405,Christopher,Lopez,Christopher Lopez,41,Legal,Associate,Seattle,115872.3,18225.47,2023-12-22,15,95.3,christopher.lopez@company.com,(904) 886-3244,Active
EMP034406,Stephanie,Jones,Stephanie Jones,54,Sales,Specialist,Miami,81532.76,5640.94,2022-06-04,28,75.5,stephanie.jones@company.com,(551) 805-5834,Active
EMP034407,Jessica,Thomas,Jessica Thomas,46,Marketing,Analyst,Boston,79211.18,0.0,2024-09-11,18,72.2,jessica.thomas@company.com,(279) 204-4350,Active
EMP034408,David,Brown,David Brown,52,Engineering,Senior Developer,Los Angeles,97718.91,14046.79,2021-01-21,27,100.0,david.brown@company.com,(446) 322-3998,Active
EMP034409,Ashley,Gonzalez,Ashley Gonzalez,62,IT,Analyst,Austin,91521.87,14154.37,2024-01-09,37,78.5,ashley.gonzalez@company.com,(424) 563-7476,Active
EMP034410,Ashley,Martinez,Ashley Martinez,39,Engineering,Associate,Chicago,95876.36,14370.76,2023-09-16,11,91.2,ashley.martinez@company.com,(518) 822-3176,Inactive
EMP034411,Robert,Taylor,Robert Taylor,38,HR,Senior Developer,Boston,65656.35,9570.05,2022-01-06,10,86.6,robert.taylor@company.com,(706) 429-3112,Active
EMP034412,William,Thomas,William Thomas,32,Legal,Associate,Boston,45550.26,4880.81,2023-04-14,4,79.3,william.thomas@company.com,(686) 225-3097,Active
EMP034413,Jessica,Johnson,Jessica Johnson,38,IT,Specialist,Austin,82960.58,6711.45,2024-03-31,9,72.6,jessica.johnson@company.com,(505) 690-2877,Active
EMP034414,Amanda,Martin,Amanda Martin,23,Engineering,Specialist,Austin,62361.0,12656.41,2021-11-07,0,96.3,amanda.martin@company.com,(237) 588-4644,Active
EMP034415,Christopher,Smith,Christopher Smith,28,Sales,Senior Developer,Miami,53971.61,3549.12,2024-02-07,3,42.8,christopher.smith@company.com,(284) 615-1285,Active
EMP034416,Nicole,Davis,Nicole Davis,47,HR,Lead,Miami,55203.38,4840.46,2023-11-12,19,93.9,nicole.davis@company.com,(736) 521-6100,Active
EMP034417,Ashley,Anderson,Ashley Anderson,55,Sales,Director,Los Angeles,109803.66,10941.87,2024-10-29,33,81.8,ashley.anderson@company.com,(998) 968-8181,Active
EMP034418,James,Anderson,James Anderson,58,Engineering,Coordinator,New York,133068.71,22983.55,2021-12-17,33,56.4,james.anderson@company.com,(618) 482-5923,Active
EMP034419,Michael,Jones,Michael Jones,56,Finance,Lead,Los Angeles,92177.42,11631.38,2020-02-09,33,81.9,michael.jones@company.com,(932) 751-3726,Active
EMP034420,Jane,Gonzalez,Jane Gonzalez,26,Marketing,Specialist,Seattle,45369.35,4170.6,2023-06-21,0,56.0,jane.gonzalez@company.com,(384) 443-1575,On Leave
EMP034421,Amanda,Brown,Amanda Brown,32,Sales,Coordinator,Miami,71197.83,13086.09,2023-08-28,7,62.2,amanda.brown@company.com,(979) 633-5308,Inactive
EMP034422,William,Williams,William Williams,35,Marketing,Associate,Miami,62447.81,9307.48,2022-03-12,6,85.7,william.williams@company.com,(535) 928-5683,Active
EMP034423,Daniel,Williams,Daniel Williams,56,Marketing,Coordinator,Seattle,82993.23,1553.23,2022-11-11,27,100.0,daniel.williams@company.com,(770) 809-7847,Active
EMP034424,Melissa,Hernandez,Melissa Hernandez,34,Finance,Coordinator,Chicago,54327.26,8799.55,2023-09-18,10,53.8,melissa.hernandez@company.com,(608) 997-5852,Active
EMP034425,Lisa,Martinez,Lisa Martinez,31,Engineering,Analyst,Seattle,66264.7,7040.37,2023-10-04,2,45.3,lisa.martinez@company.com,(872) 427-7378,Active
EMP034426,James,Martin,James Martin,47,Legal,Manager,Boston,96287.18,13139.35,2020-11-18,25,45.5,james.martin@company.com,(436) 802-7492,Active
EMP034427,Stephanie,Miller,Stephanie Miller,41,Engineering,Manager,Seattle,110604.15,11940.66,2023-07-06,17,79.2,stephanie.miller@company.com,(959) 331-9152,Active
EMP034428,Sarah,Gonzalez,Sarah Gonzalez,36,Marketing,Specialist,Miami,39693.73,2149.31,2024-09-29,10,55.2,sarah.gonzalez@company.com,(593) 366-4956,Active
EMP034429,Christopher,Jones,Christopher Jones,58,Engineering,Senior Developer,Austin,110453.99,5238.75,2024-02-19,36,67.8,christopher.jones@company.com,(647) 813-8934,Active
EMP034430,John,Gonzalez,John Gonzalez,43,Legal,Lead,Boston,42581.04,2014.04,2024-12-30,19,86.3,john.gonzalez@company.com,(638) 802-3513,Active
EMP034431,William,Williams,William Williams,50,IT,Director,Los Angeles,139486.94,22243.51,2023-05-08,24,84.3,william.williams@company.com,(796) 774-2099,Active
EMP034432,Jessica,Anderson,Jessica Anderson,42,Legal,Director,Miami,104042.13,10925.12,2024-04-20,14,57.1,jessica.anderson@company.com,(422) 576-3677,Active
EMP034433,Sarah,Lopez,Sarah Lopez,25,Marketing,Manager,Miami,67510.52,10038.21,2023-03-15,0,94.6,sarah.lopez@company.com,(889) 401-8337,Active
EMP034434,David,Hernandez,David Hernandez,53,Engineering,Director,Seattle,88560.95,7122.99,2020-04-22,29,72.7,david.hernandez@company.com,(846) 587-3183,Active
EMP034435,William,Moore,William Moore,27,Finance,Senior Developer,New York,57583.67,9438.61,2024-06-06,0,48.8,william.moore@company.com,(663) 664-4924,Active
EMP034436,James,Anderson,James Anderson,48,Engineering,Director,Miami,64313.04,12324.15,2021-01-09,24,76.1,james.anderson@company.com,(381) 828-6297,Active
EMP034437,Matthew,Smith,Matthew Smith,23,Engineering,Manager,San Francisco,71146.09,8503.0,2021-07-30,0,84.0,matthew.smith@company.com,(641) 609-6067,On Leave
EMP034438,Sarah,Martinez,Sarah Martinez,37,Operations,Director,San Francisco,65199.85,708.84,2021-04-14,13,86.6,sarah.martinez@company.com,(652) 440-3420,Active
EMP034439,Sarah,Taylor,Sarah Taylor,60,Legal,Associate,New York,87894.46,12286.48,2022-08-26,33,43.3,sarah.taylor@company.com,(538) 985-2255,Active
EMP034440,Nicole,Gonzalez,Nicole Gonzalez,48,Operations,Associate,San Francisco,49715.51,0.0,2020-03-15,24,45.0,nicole.gonzalez@company.com,(413) 669-4984,Active
EMP034441,Lisa,Anderson,Lisa Anderson,24,Legal,Analyst,San Francisco,44599.2,4681.09,2020-02-25,0,88.8,lisa.anderson@company.com,(754) 319-2381,Active
EMP034442,Stephanie,Lopez,Stephanie Lopez,22,IT,Senior Developer,Miami,63027.46,192.46,2021-06-04,0,67.0,stephanie.lopez@company.com,(238) 408-2043,Active
EMP034443,Robert,Thomas,Robert Thomas,60,Marketing,Specialist,Austin,79556.74,9259.95,2022-10-01,34,70.0,robert.thomas@company.com,(726) 809-6683,Active
EMP034444,Daniel,Garcia,Daniel Garcia,37,Operations,Manager,Miami,66517.32,7493.14,2021-02-22,8,100.0,daniel.garcia@company.com,(388) 302-6112,Active
EMP034445,Michael,Gonzalez,Michael Gonzalez,47,Legal,Manager,Chicago,73373.35,9745.26,2022-07-11,22,52.8,michael.gonzalez@company.com,(414) 878-3906,Active
EMP034446,Anthony,Hernandez,Anthony Hernandez,65,Marketing,Senior Developer,San Francisco,57533.42,4245.63,2020-04-07,38,89.5,anthony.hernandez@company.com,(506) 444-8074,Inactive
EMP034447,Robert,Johnson,Robert Johnson,52,Marketing,Director,Los Angeles,80493.39,7228.23,2021-08-19,29,71.2,robert.johnson@company.com,(844) 781-4638,Active
EMP034448,Lisa,Jones,Lisa Jones,35,Finance,Specialist,Miami,74324.21,6361.55,2021-06-19,10,62.2,lisa.jones@company.com,(906) 953-2714,Inactive
EMP034449,Jessica,Miller,Jessica Miller,49,HR,Senior Developer,New York,84874.41,6672.0,2024-04-23,22,64.4,jessica.miller@company.com,(234) 443-5034,Active
EMP034450,Michael,Davis,Michael Davis,27,Engineering,Senior Developer,Los Angeles,99065.41,3654.56,2024-04-19,4,63.3,michael.davis@company.com,(201) 268-3450,Active
EMP034451,Michael,Jones,Michael Jones,30,Legal,Manager,San Francisco,77213.53,7206.61,2020-11-07,3,60.7,michael.jones@company.com,(273) 633-2557,Active
EMP034452,Amanda,Williams,Amanda Williams,22,IT,Manager,Los Angeles,36000.0,1938.8,2021-06-15,0,73.1,amanda.williams@company.com,(475) 294-4552,Active
EMP034453,Nicole,Wilson,Nicole Wilson,43,Engineering,Specialist,San Francisco,110803.3,15482.95,2023-02-06,19,86.9,nicole.wilson@company.com,(821) 928-1512,Inactive
EMP034454,Emily,Martin,Emily Martin,41,Sales,Coordinator,Boston,69841.64,4043.1,2022-06-10,17,88.1,emily.martin@company.com,(786) 441-7090,Active
EMP034455,Emily,Moore,Emily Moore,57,IT,Lead,Chicago,81004.75,9194.07,2021-12-29,33,78.9,emily.moore@company.com,(723) 496-6596,Active
EMP034456,Ashley,Lopez,Ashley Lopez,24,Operations,Analyst,Boston,40044.11,5157.73,2023-09-15,0,53.4,ashley.lopez@company.com,(361) 424-6074,Active
EMP034457,Ashley,Johnson,Ashley Johnson,51,Sales,Director,Austin,98312.39,14926.98,2022-04-02,26,95.4,ashley.johnson@company.com,(295) 981-6655,Active
EMP034458,Lisa,Taylor,Lisa Taylor,45,IT,Specialist,Seattle,113950.04,2192.5,2020-05-16,20,76.8,lisa.taylor@company.com,(912) 585-7426,Inactive
EMP034459,Lisa,Jackson,Lisa Jackson,24,HR,Associate,Austin,51356.99,4117.68,2020-09-27,0,83.1,lisa.jackson@company.com,(566) 758-1515,Active
EMP034460,David,Thomas,David Thomas,59,Marketing,Analyst,Boston,88103.14,12758.75,2022-01-20,35,99.2,david.thomas@company.com,(469) 689-4331,Active
EMP034461,Amanda,Wilson,Amanda Wilson,25,Sales,Analyst,San Francisco,58577.64,6797.8,2022-09-15,1,86.0,amanda.wilson@company.com,(851) 677-7800,Active
EMP034462,Matthew,Lopez,Matthew Lopez,32,Marketing,Associate,Austin,77472.33,14294.16,2024-09-05,8,74.5,matthew.lopez@company.com,(522) 653-7633,Inactive
EMP034463,Amanda,Taylor,Amanda Taylor,35,Finance,Senior Developer,San Francisco,61359.64,6582.96,2024-10-08,11,65.0,amanda.taylor@company.com,(607) 662-2766,Active
EMP034464,Amanda,Jones,Amanda Jones,45,HR,Coordinator,Seattle,72261.13,6388.04,2022-05-10,20,75.1,amanda.jones@company.com,(697) 633-6672,Active
EMP034465,Emily,Miller,Emily Miller,47,IT,Coordinator,Seattle,105296.63,7520.29,2024-01-11,24,98.7,emily.miller@company.com,(504) 686-9220,Active
EMP034466,Melissa,Lopez,Melissa Lopez,47,Marketing,Coordinator,Seattle,74469.79,14286.98,2023-04-22,22,81.7,melissa.lopez@company.com,(425) 828-9843,Active
EMP034467,Sarah,Gonzalez,Sarah Gonzalez,31,Legal,Specialist,Miami,85305.71,3916.28,2022-01-06,8,84.8,sarah.gonzalez@company.com,(234) 696-5639,Active
EMP034468,James,Jones,James Jones,51,Sales,Analyst,Chicago,96883.12,24991.1,2021-07-26,28,66.3,james.jones@company.com,(741) 482-4327,Active
EMP034469,William,Moore,William Moore,29,Legal,Specialist,Boston,80028.47,149.55,2021-10-06,6,100.0,william.moore@company.com,(288) 565-6520,Active
EMP034470,Sarah,Thomas,Sarah Thomas,38,IT,Director,Seattle,70532.79,3462.6,2024-09-17,14,95.7,sarah.thomas@company.com,(572) 222-1421,Active
EMP034471,Anthony,Taylor,Anthony Taylor,55,Operations,Manager,Seattle,56847.56,6397.1,2024-11-01,32,84.2,anthony.taylor@company.com,(847) 276-1793,Inactive
EMP034472,Anthony,Taylor,Anthony Taylor,37,Marketing,Senior Developer,Seattle,35624.59,4366.3,2023-07-16,15,53.9,anthony.taylor@company.com,(742) 296-4419,Active
EMP034473,David,Lopez,David Lopez,49,Operations,Specialist,San Francisco,60365.58,11538.1,2020-02-01,23,65.0,david.lopez@company.com,(293) 926-6312,Active
EMP034474,James,Martinez,James Martinez,30,Engineering,Director,San Francisco,78929.48,3151.0,2020-05-20,8,49.7,james.martinez@company.com,(341) 902-5767,Active
EMP034475,Melissa,Moore,Melissa Moore,40,Operations,Analyst,Boston,71883.68,5418.39,2023-12-16,16,59.9,melissa.moore@company.com,(770) 579-5218,Active
EMP034476,Sarah,Thomas,Sarah Thomas,38,IT,Lead,San Francisco,113139.39,10144.05,2023-03-31,13,100.0,sarah.thomas@company.com,(626) 882-4043,Active
EMP034477,Matthew,Gonzalez,Matthew Gonzalez,50,Finance,Director,Miami,99957.04,5903.62,2023-07-07,24,99.4,matthew.gonzalez@company.com,(751) 881-9392,Active
EMP034478,Matthew,Smith,Matthew Smith,58,Sales,Coordinator,Austin,119839.42,0.0,2022-06-24,33,99.2,matthew.smith@company.com,(256) 743-2994,Active
EMP034479,James,Jackson,James Jackson,34,Legal,Director,Boston,112557.89,9612.63,2021-08-10,7,91.7,james.jackson@company.com,(622) 330-5535,Active
EMP034480,Matthew,Gonzalez,Matthew Gonzalez,57,Sales,Lead,Seattle,81325.57,16981.74,2021-05-13,35,73.6,matthew.gonzalez@company.com,(635) 286-4979,Active
EMP034481,James,Martinez,James Martinez,29,Legal,Specialist,San Francisco,55617.02,4615.15,2021-06-16,4,81.1,james.martinez@company.com,(453) 770-4918,Active
EMP034482,David,Davis,David Davis,35,IT,Associate,Miami,87087.47,21658.75,2022-10-06,7,74.7,david.davis@company.com,(954) 396-8187,Active
EMP034483,Jessica,Gonzalez,Jessica Gonzalez,58,Sales,Manager,Boston,108439.26,9378.98,2021-02-27,34,100.0,jessica.gonzalez@company.com,(998) 448-4025,Active
EMP034484,Ashley,Martinez,Ashley Martinez,33,Finance,Associate,Los Angeles,61484.84,6781.77,2022-02-05,5,78.1,ashley.martinez@company.com,(768) 218-4660,Active
EMP034485,Amanda,Miller,Amanda Miller,51,Marketing,Specialist,San Francisco,69785.44,9376.69,2022-10-11,23,87.2,amanda.miller@company.com,(562) 997-2852,Active
EMP034486,Nicole,Thomas,Nicole Thomas,61,Operations,Associate,Boston,86755.48,5145.46,2021-08-02,36,100.0,nicole.thomas@company.com,(995) 614-3298,Active
EMP034487,Melissa,Rodriguez,Melissa Rodriguez,48,Operations,Lead,Miami,65103.98,4183.54,2021-06-30,19,77.6,melissa.rodriguez@company.com,(857) 863-6210,Active
EMP034488,Jessica,Brown,Jessica Brown,28,Finance,Senior Developer,Seattle,62388.44,8372.78,2021-10-21,0,94.5,jessica.brown@company.com,(452) 597-6946,Active
EMP034489,Ashley,Martinez,Ashley Martinez,54,Finance,Analyst,Austin,71495.73,9769.74,2022-05-06,28,56.2,ashley.martinez@company.com,(788) 806-9074,On Leave
EMP034490,William,Martin,William Martin,62,Marketing,Senior Developer,Austin,102380.27,3593.62,2020-06-25,36,100.0,william.martin@company.com,(420) 986-2566,Active
EMP034491,Stephanie,Smith,Stephanie Smith,25,Finance,Director,Boston,81139.15,2396.38,2021-11-02,3,48.2,stephanie.smith@company.com,(340) 889-6110,On Leave
EMP034492,Stephanie,Smith,Stephanie Smith,26,Legal,Associate,Austin,83204.52,9916.49,2022-03-02,2,75.7,stephanie.smith@company.com,(916) 813-7626,Active
EMP034493,Michael,Gonzalez,Michael Gonzalez,24,Operations,Director,Los Angeles,56547.37,4068.22,2023-01-10,0,72.9,michael.gonzalez@company.com,(661) 669-2118,Active
EMP034494,John,Gonzalez,John Gonzalez,51,Marketing,Manager,Austin,69398.89,4743.2,2024-06-14,29,88.2,john.gonzalez@company.com,(502) 529-9530,Active
EMP034495,Matthew,Hernandez,Matthew Hernandez,38,IT,Specialist,San Francisco,55968.22,7873.77,2024-11-28,14,67.3,matthew.hernandez@company.com,(900) 221-7065,Active
EMP034496,Ashley,Jackson,Ashley Jackson,43,IT,Manager,Los Angeles,102513.09,4965.74,2021-12-06,20,64.7,ashley.jackson@company.com,(898) 610-2203,Active
EMP034497,Ashley,Rodriguez,Ashley Rodriguez,33,Finance,Senior Developer,Austin,68987.4,8565.3,2020-07-26,6,61.5,ashley.rodriguez@company.com,(872) 695-1067,On Leave
EMP034498,Jessica,Jackson,Jessica Jackson,22,IT,Manager,Chicago,95637.53,12930.0,2023-03-01,0,47.1,jessica.jackson@company.com,(830) 583-8949,Active
EMP034499,James,Gonzalez,James Gonzalez,23,HR,Manager,Los Angeles,44492.91,3101.22,2023-01-16,0,90.3,james.gonzalez@company.com,(947) 499-8745,Active
EMP034500,Sarah,Martin,Sarah Martin,37,Marketing,Manager,Seattle,81949.19,14492.11,2024-01-22,13,69.0,sarah.martin@company.com,(845) 818-6485,Active
EMP034501,Ashley,Martin,Ashley Martin,40,HR,Manager,Boston,69794.46,6477.25,2022-12-20,13,70.7,ashley.martin@company.com,(667) 932-8316,Active
EMP034502,Lisa,Brown,Lisa Brown,34,Finance,Associate,Austin,82719.46,8368.73,2021-02-18,9,84.8,lisa.brown@company.com,(303) 277-8783,Active
EMP034503,Michael,Jackson,Michael Jackson,37,Operations,Associate,Los Angeles,72605.76,138.89,2021-12-04,9,72.4,michael.jackson@company.com,(735) 396-4502,Active
EMP034504,Sarah,Smith,Sarah Smith,55,Sales,Director,Austin,88662.3,9058.29,2021-10-05,31,63.7,sarah.smith@company.com,(625) 302-8329,On Leave
EMP034505,Amanda,Moore,Amanda Moore,23,Sales,Senior Developer,Austin,64410.49,3023.66,2024-06-20,0,51.6,amanda.moore@company.com,(336) 333-1782,Active
EMP034506,Daniel,Hernandez,Daniel Hernandez,50,IT,Lead,Miami,100142.8,17262.08,2020-11-03,28,79.1,daniel.hernandez@company.com,(320) 429-5561,Active
EMP034507,Emily,Lopez,Emily Lopez,59,Marketing,Director,Miami,76600.11,7131.27,2023-01-25,31,72.7,emily.lopez@company.com,(212) 672-1497,Active
EMP034508,David,Jones,David Jones,32,Sales,Specialist,Boston,51843.79,4858.73,2022-11-15,3,81.3,david.jones@company.com,(232) 999-7273,Active
EMP034509,Nicole,Anderson,Nicole Anderson,63,Finance,Senior Developer,Boston,100971.23,3974.14,2021-07-28,39,77.3,nicole.anderson@company.com,(204) 268-9261,Active
EMP034510,Amanda,Miller,Amanda Miller,53,Operations,Director,Austin,75327.14,5446.34,2023-03-14,29,75.9,amanda.miller@company.com,(509) 627-5652,Active
EMP034511,Melissa,Johnson,Melissa Johnson,47,Engineering,Specialist,Boston,74556.62,12489.3,2024-05-19,19,91.5,melissa.johnson@company.com,(993) 294-9329,Active
EMP034512,Jane,Gonzalez,Jane Gonzalez,55,Legal,Associate,Boston,90181.4,0.0,2023-11-19,28,78.3,jane.gonzalez@company.com,(938) 686-3906,Active
EMP034513,John,Rodriguez,John Rodriguez,50,Sales,Associate,Miami,80268.56,15491.56,2021-11-01,21,86.3,john.rodriguez@company.com,(716) 226-6209,Active
EMP034514,Nicole,Jackson,Nicole Jackson,40,Engineering,Specialist,Boston,111362.9,25636.31,2024-11-18,12,45.0,nicole.jackson@company.com,(969) 556-8789,Active
EMP034515,Jane,Thomas,Jane Thomas,44,Finance,Senior Developer,Miami,96272.22,7896.12,2020-02-03,20,81.9,jane.thomas@company.com,(478) 375-2462,Active
EMP034516,John,Jackson,John Jackson,24,Operations,Coordinator,San Francisco,51381.55,5912.22,2021-05-09,1,69.7,john.jackson@company.com,(212) 980-4547,Active
EMP034517,Sarah,Gonzalez,Sarah Gonzalez,55,IT,Manager,Boston,87563.25,11706.4,2022-03-07,26,69.6,sarah.gonzalez@company.com,(795) 529-4078,Active
EMP034518,Jessica,Hernandez,Jessica Hernandez,24,Sales,Senior Developer,Boston,84094.8,4950.93,2021-02-21,0,94.5,jessica.hernandez@company.com,(286) 568-2395,Active
EMP034519,Lisa,Miller,Lisa Miller,23,Legal,Specialist,Chicago,81280.55,0.0,2022-07-03,0,86.1,lisa.miller@company.com,(786) 708-5598,Active
EMP034520,James,Rodriguez,James Rodriguez,59,HR,Senior Developer,Seattle,57960.54,6832.95,2023-01-06,34,93.5,james.rodriguez@company.com,(818) 414-6814,Inactive
EMP034521,Matthew,Williams,Matthew Williams,38,Finance,Coordinator,San Francisco,84872.28,1786.58,2024-07-26,9,52.8,matthew.williams@company.com,(653) 625-1483,Active
EMP034522,Daniel,Davis,Daniel Davis,60,Operations,Director,Chicago,56479.87,4386.78,2022-02-08,31,68.4,daniel.davis@company.com,(477) 772-4074,On Leave
EMP034523,Melissa,Martin,Melissa Martin,37,Sales,Lead,Miami,76557.85,11874.53,2020-10-15,15,72.1,melissa.martin@company.com,(659) 781-3826,Active
EMP034524,Matthew,Smith,Matthew Smith,45,Finance,Analyst,San Francisco,70847.7,9466.99,2021-06-04,16,46.5,matthew.smith@company.com,(957) 553-8982,Inactive
EMP034525,Anthony,Martinez,Anthony Martinez,61,Engineering,Lead,Austin,141745.8,25665.93,2020-09-16,35,80.9,anthony.martinez@company.com,(707) 564-6784,Active
EMP034526,Robert,Davis,Robert Davis,56,Sales,Specialist,Austin,63984.21,6545.78,2022-08-18,33,66.9,robert.davis@company.com,(379) 643-9794,Active
EMP034527,Melissa,Williams,Melissa Williams,30,Marketing,Analyst,Seattle,82683.37,4895.77,2022-08-24,7,55.5,melissa.williams@company.com,(602) 670-4859,Active
EMP034528,William,Smith,William Smith,35,Operations,Lead,Chicago,63790.69,8434.84,2024-10-04,11,69.1,william.smith@company.com,(544) 431-2409,Active
EMP034529,Matthew,Lopez,Matthew Lopez,22,Sales,Coordinator,Seattle,66172.49,4349.61,2021-06-07,0,41.1,matthew.lopez@company.com,(254) 521-2919,Active
EMP034530,Robert,Jones,Robert Jones,31,Finance,Analyst,Austin,70847.13,3513.26,2021-07-28,7,50.0,robert.jones@company.com,(563) 374-7758,Inactive
EMP034531,William,Lopez,William Lopez,23,Sales,Coordinator,Chicago,46990.11,3768.31,2024-02-02,0,73.4,william.lopez@company.com,(901) 430-6484,Active
EMP034532,Ashley,Hernandez,Ashley Hernandez,54,HR,Analyst,Austin,62420.54,5986.93,2020-10-12,32,77.5,ashley.hernandez@company.com,(910) 793-6445,Active
EMP034533,Melissa,Miller,Melissa Miller,37,Marketing,Analyst,San Francisco,67903.97,2488.14,2023-01-26,13,46.8,melissa.miller@company.com,(298) 315-8487,Active
EMP034534,Nicole,Anderson,Nicole Anderson,58,Legal,Manager,New York,131037.81,4423.16,2020-05-20,32,45.8,nicole.anderson@company.com,(635) 510-2149,On Leave
EMP034535,Lisa,Gonzalez,Lisa Gonzalez,65,IT,Director,Miami,106315.71,7576.88,2020-09-24,39,90.8,lisa.gonzalez@company.com,(401) 680-9153,Inactive
EMP034536,Michael,Wilson,Michael Wilson,39,Legal,Specialist,Seattle,89667.32,6362.01,2024-09-10,16,51.5,michael.wilson@company.com,(926) 271-5671,Active
EMP034537,Jessica,Taylor,Jessica Taylor,38,IT,Coordinator,Chicago,62207.18,7460.76,2020-08-04,15,63.4,jessica.taylor@company.com,(219) 414-2173,Active
EMP034538,Robert,Miller,Robert Miller,65,Sales,Director,New York,84690.41,11010.62,2023-04-24,41,72.8,robert.miller@company.com,(992) 524-4860,Active
EMP034539,Christopher,Martin,Christopher Martin,54,Finance,Analyst,Seattle,86807.0,8602.96,2024-10-22,28,81.5,christopher.martin@company.com,(966) 247-2944,Active
EMP034540,Daniel,Hernandez,Daniel Hernandez,30,IT,Manager,Austin,70626.28,1956.88,2024-12-09,3,69.7,daniel.hernandez@company.com,(922) 759-6706,Active
EMP034541,Robert,Moore,Robert Moore,26,IT,Lead,Chicago,82623.88,4468.94,2023-07-10,0,50.0,robert.moore@company.com,(708) 999-6575,Active
EMP034542,Matthew,Martin,Matthew Martin,52,Operations,Director,Chicago,82458.48,2081.47,2022-09-20,25,78.1,matthew.martin@company.com,(923) 677-6949,Inactive
EMP034543,Jane,Thomas,Jane Thomas,37,Legal,Director,Austin,65465.36,13356.73,2022-10-08,15,79.5,jane.thomas@company.com,(493) 451-8562,Inactive
EMP034544,David,Garcia,David Garcia,27,Finance,Lead,Chicago,57341.11,10064.3,2020-03-21,0,74.7,david.garcia@company.com,(487) 471-8371,Active
EMP034545,Daniel,Brown,Daniel Brown,25,IT,Associate,Boston,68704.36,11494.69,2023-11-13,2,62.8,daniel.brown@company.com,(539) 719-9838,Active
EMP034546,Robert,Hernandez,Robert Hernandez,23,Marketing,Lead,Boston,66011.8,9509.58,2022-08-25,0,92.2,robert.hernandez@company.com,(898) 373-4215,Active
EMP034547,Sarah,Gonzalez,Sarah Gonzalez,32,Sales,Specialist,San Francisco,71466.71,12188.15,2024-07-01,3,56.7,sarah.gonzalez@company.com,(427) 423-4953,Active
EMP034548,Sarah,Anderson,Sarah Anderson,52,Operations,Senior Developer,New York,95924.41,0.0,2022-10-22,27,91.8,sarah.anderson@company.com,(477) 989-5686,Active
EMP034549,Amanda,Smith,Amanda Smith,49,Finance,Lead,Los Angeles,66880.87,10697.59,2022-05-08,25,78.9,amanda.smith@company.com,(494) 910-9706,Active
EMP034550,Matthew,Lopez,Matthew Lopez,46,Sales,Lead,San Francisco,31729.89,5409.83,2020-02-01,17,64.1,matthew.lopez@company.com,(282) 482-9199,On Leave
EMP034551,Christopher,Garcia,Christopher Garcia,42,Engineering,Specialist,Chicago,136101.65,22971.96,2023-07-26,19,78.8,christopher.garcia@company.com,(330) 722-2791,Active
EMP034552,Ashley,Martinez,Ashley Martinez,27,Legal,Director,Austin,92484.68,14578.73,2020-01-09,2,85.0,ashley.martinez@company.com,(865) 774-1788,Active
EMP034553,Jane,Miller,Jane Miller,59,Operations,Coordinator,Austin,77762.0,8583.93,2020-09-24,31,77.7,jane.miller@company.com,(890) 977-2268,On Leave
EMP034554,Emily,Moore,Emily Moore,46,Legal,Senior Developer,Boston,86303.87,14052.89,2022-07-22,19,86.7,emily.moore@company.com,(550) 898-3634,Active
EMP034555,Sarah,Lopez,Sarah Lopez,31,Legal,Manager,Los Angeles,43236.06,4684.28,2022-07-11,8,74.5,sarah.lopez@company.com,(723) 207-6047,Active
EMP034556,Sarah,Moore,Sarah Moore,51,Engineering,Director,Los Angeles,112363.43,7938.46,2021-12-05,29,65.8,sarah.moore@company.com,(402) 719-6603,Active
EMP034557,Daniel,Garcia,Daniel Garcia,64,Legal,Manager,Austin,104601.08,4063.52,2022-08-06,35,61.0,daniel.garcia@company.com,(499) 963-4713,Active
EMP034558,Jane,Hernandez,Jane Hernandez,29,HR,Coordinator,Austin,89673.2,6320.87,2023-08-07,1,72.3,jane.hernandez@company.com,(913) 360-7940,On Leave
EMP034559,Jessica,Williams,Jessica Williams,33,Finance,Senior Developer,Los Angeles,106684.0,5571.51,2022-10-20,5,82.3,jessica.williams@company.com,(930) 942-3291,Active
EMP034560,Michael,Anderson,Michael Anderson,38,Engineering,Analyst,Boston,56706.21,8700.87,2021-05-16,14,71.4,michael.anderson@company.com,(994) 945-4752,Active
EMP034561,Matthew,Hernandez,Matthew Hernandez,63,IT,Analyst,Boston,117327.5,18910.76,2020-07-12,38,73.8,matthew.hernandez@company.com,(319) 755-8521,On Leave
EMP034562,John,Rodriguez,John Rodriguez,54,Marketing,Director,Seattle,76164.99,7006.99,2021-03-22,32,86.8,john.rodriguez@company.com,(813) 435-4711,On Leave
EMP034563,Emily,Hernandez,Emily Hernandez,26,Legal,Coordinator,Seattle,64396.03,6230.87,2023-03-10,0,67.6,emily.hernandez@company.com,(828) 524-3838,Active
EMP034564,Lisa,Davis,Lisa Davis,25,Operations,Director,Boston,54263.85,25.17,2024-01-23,1,68.6,lisa.davis@company.com,(206) 252-5651,Active
EMP034565,James,Brown,James Brown,23,IT,Coordinator,San Francisco,81644.24,0.0,2023-09-24,0,91.4,james.brown@company.com,(686) 864-5747,Active
EMP034566,Jessica,Thomas,Jessica Thomas,61,Marketing,Lead,San Francisco,88039.43,3723.38,2021-10-28,35,77.6,jessica.thomas@company.com,(819) 586-6462,Active
EMP034567,Jane,Brown,Jane Brown,30,HR,Specialist,Boston,75025.55,6450.77,2022-04-11,4,53.9,jane.brown@company.com,(800) 241-2921,Active
EMP034568,Melissa,Rodriguez,Melissa Rodriguez,64,IT,Associate,Chicago,127254.41,415.96,2020-06-27,38,52.4,melissa.rodriguez@company.com,(677) 479-8045,Inactive
EMP034569,Jane,Wilson,Jane Wilson,64,Finance,Lead,Chicago,93650.56,4912.77,2020-12-07,38,75.8,jane.wilson@company.com,(382) 795-5913,Active
EMP034570,Christopher,Taylor,Christopher Taylor,29,Marketing,Senior Developer,San Francisco,59751.39,3329.75,2023-10-08,5,87.7,christopher.taylor@company.com,(255) 218-6723,Active
EMP034571,Jane,Davis,Jane Davis,62,Engineering,Coordinator,Miami,141446.72,13000.3,2020-01-13,34,100.0,jane.davis@company.com,(868) 881-2359,Inactive
EMP034572,Michael,Jones,Michael Jones,57,HR,Specialist,Seattle,79260.7,11950.1,2020-12-07,30,97.5,michael.jones@company.com,(669) 350-7092,Active
EMP034573,Matthew,Hernandez,Matthew Hernandez,50,Marketing,Associate,San Francisco,78746.7,7142.81,2023-11-02,23,96.3,matthew.hernandez@company.com,(254) 704-1081,Active
EMP034574,Daniel,Martinez,Daniel Martinez,47,Marketing,Analyst,San Francisco,77198.22,6939.35,2020-08-06,25,81.2,daniel.martinez@company.com,(897) 403-2172,Active
EMP034575,Stephanie,Johnson,Stephanie Johnson,26,Finance,Analyst,Austin,85153.59,7660.65,2021-04-09,0,79.8,stephanie.johnson@company.com,(275) 534-4428,Active
EMP034576,Jane,Jackson,Jane Jackson,57,Sales,Associate,New York,109583.7,11225.22,2021-09-20,31,88.1,jane.jackson@company.com,(265) 530-7104,Active
EMP034577,David,Martin,David Martin,33,Legal,Specialist,Chicago,79951.72,9044.83,2022-10-21,9,81.5,david.martin@company.com,(315) 632-1851,Active
EMP034578,Emily,Johnson,Emily Johnson,55,Operations,Specialist,Miami,66338.89,4587.43,2021-10-02,33,63.1,emily.johnson@company.com,(747) 590-8606,Active
EMP034579,Nicole,Martin,Nicole Martin,31,Sales,Associate,Austin,62108.32,3353.34,2020-01-09,2,97.7,nicole.martin@company.com,(324) 961-6031,Active
EMP034580,Melissa,Thomas,Melissa Thomas,49,Sales,Coordinator,Austin,88335.5,4926.75,2022-01-27,20,87.4,melissa.thomas@company.com,(708) 411-6464,Active
EMP034581,Matthew,Smith,Matthew Smith,58,Marketing,Associate,Austin,87777.89,2921.16,2022-11-04,32,66.8,matthew.smith@company.com,(803) 356-9756,Active
EMP034582,William,Jackson,William Jackson,26,Finance,Director,Seattle,90139.5,3451.05,2022-06-23,0,69.9,william.jackson@company.com,(253) 409-3136,On Leave
EMP034583,Anthony,Jackson,Anthony Jackson,25,Sales,Senior Developer,Boston,55988.32,1030.48,2022-01-28,2,88.1,anthony.jackson@company.com,(254) 806-2545,On Leave
EMP034584,Robert,Anderson,Robert Anderson,64,Legal,Coordinator,San Francisco,110025.47,13545.44,2024-06-10,35,97.6,robert.anderson@company.com,(234) 545-5365,Active
EMP034585,Melissa,Martin,Melissa Martin,35,Operations,Analyst,Chicago,52615.89,4615.64,2022-04-25,6,74.5,melissa.martin@company.com,(517) 668-1093,Active
EMP034586,Emily,Gonzalez,Emily Gonzalez,33,Legal,Senior Developer,Austin,82879.32,6962.66,2022-04-22,7,79.6,emily.gonzalez@company.com,(596) 615-8052,Active
EMP034587,David,Hernandez,David Hernandez,40,Marketing,Manager,Chicago,51305.22,9251.36,2023-10-19,12,95.7,david.hernandez@company.com,(372) 616-5153,Active
EMP034588,Lisa,Hernandez,Lisa Hernandez,41,HR,Manager,San Francisco,48335.87,1817.32,2021-03-11,13,80.4,lisa.hernandez@company.com,(609) 361-9628,Active
EMP034589,Matthew,Davis,Matthew Davis,29,Engineering,Associate,Chicago,111223.19,8812.53,2020-12-16,0,61.2,matthew.davis@company.com,(698) 593-3752,Active
EMP034590,Stephanie,Wilson,Stephanie Wilson,55,IT,Director,Seattle,99883.14,5584.61,2022-09-29,31,87.2,stephanie.wilson@company.com,(323) 340-6081,Active
EMP034591,Anthony,Jones,Anthony Jones,44,Operations,Director,Chicago,71548.61,2234.61,2020-01-07,21,77.4,anthony.jones@company.com,(422) 764-2857,Active
EMP034592,Ashley,Davis,Ashley Davis,51,HR,Coordinator,Chicago,61489.93,0.0,2024-02-11,28,78.4,ashley.davis@company.com,(416) 736-7553,Active
EMP034593,Amanda,Martinez,Amanda Martinez,27,HR,Associate,New York,62212.5,11138.81,2022-04-19,0,81.4,amanda.martinez@company.com,(250) 359-2262,Active
EMP034594,Lisa,Anderson,Lisa Anderson,43,Marketing,Coordinator,Austin,62246.12,10487.2,2024-01-28,14,74.2,lisa.anderson@company.com,(589) 994-6888,Active
EMP034595,William,Jackson,William Jackson,36,HR,Coordinator,New York,60897.87,4312.33,2021-07-02,10,48.5,william.jackson@company.com,(868) 935-2889,Active
EMP034596,Lisa,Wilson,Lisa Wilson,38,Operations,Senior Developer,San Francisco,39061.07,4889.88,2022-11-20,13,70.2,lisa.wilson@company.com,(631) 378-3474,Active
EMP034597,Melissa,Moore,Melissa Moore,39,Legal,Director,San Francisco,113777.08,19231.11,2023-03-07,16,95.8,melissa.moore@company.com,(311) 302-6023,Active
EMP034598,Michael,Lopez,Michael Lopez,34,Sales,Director,Los Angeles,82952.37,5578.58,2021-05-14,5,74.4,michael.lopez@company.com,(769) 402-4726,Active
EMP034599,Ashley,Smith,Ashley Smith,28,HR,Coordinator,Los Angeles,69088.2,6839.87,2020-04-25,1,84.7,ashley.smith@company.com,(557) 340-5955,Active
EMP034600,Sarah,Garcia,Sarah Garcia,46,Engineering,Director,Miami,97231.5,2291.88,2020-04-20,17,86.0,sarah.garcia@company.com,(915) 850-7579,Active
EMP034601,Daniel,Martin,Daniel Martin,47,Finance,Coordinator,New York,76826.04,14708.49,2024-08-13,20,98.3,daniel.martin@company.com,(777) 809-8513,Active
EMP034602,Stephanie,Martin,Stephanie Martin,24,HR,Lead,Chicago,52358.19,3000.78,2023-11-13,0,74.4,stephanie.martin@company.com,(321) 557-9805,Active
EMP034603,Anthony,Brown,Anthony Brown,59,Marketing,Director,San Francisco,87264.81,10311.23,2022-03-27,31,73.1,anthony.brown@company.com,(946) 753-8546,On Leave
EMP034604,Robert,Thomas,Robert Thomas,64,Operations,Lead,Chicago,86771.41,7770.41,2023-08-04,39,71.4,robert.thomas@company.com,(315) 663-7443,Active
EMP034605,Nicole,Johnson,Nicole Johnson,56,Finance,Specialist,Chicago,103052.47,7008.55,2021-07-28,27,92.9,nicole.johnson@company.com,(529) 910-2800,Active
EMP034606,Sarah,Lopez,Sarah Lopez,51,Marketing,Analyst,Seattle,67611.4,15235.64,2021-11-11,23,92.2,sarah.lopez@company.com,(342) 580-9500,Active
EMP034607,Christopher,Hernandez,Christopher Hernandez,31,HR,Specialist,Chicago,48094.66,2196.61,2020-02-22,3,95.8,christopher.hernandez@company.com,(350) 805-4174,Active
EMP034608,Ashley,Williams,Ashley Williams,61,Sales,Senior Developer,Seattle,100400.62,14377.08,2023-04-15,38,88.9,ashley.williams@company.com,(289) 899-7916,Inactive
EMP034609,Michael,Martinez,Michael Martinez,46,HR,Coordinator,Los Angeles,81943.13,8826.93,2022-10-02,23,100.0,michael.martinez@company.com,(587) 669-7936,Active
EMP034610,Melissa,Martin,Melissa Martin,43,Sales,Director,New York,66026.59,8911.88,2023-01-04,17,55.1,melissa.martin@company.com,(333) 520-7613,Active
EMP034611,Ashley,Garcia,Ashley Garcia,61,Finance,Lead,Miami,104075.9,10872.93,2021-09-28,33,79.3,ashley.garcia@company.com,(882) 647-4195,Active
EMP034612,Ashley,Williams,Ashley Williams,43,Operations,Manager,Chicago,55796.84,8769.41,2021-11-25,15,95.2,ashley.williams@company.com,(648) 332-7796,Active
EMP034613,Daniel,Williams,Daniel Williams,64,Sales,Analyst,Los Angeles,87622.14,14771.7,2020-05-20,35,72.6,daniel.williams@company.com,(755) 878-2259,Active
EMP034614,William,Brown,William Brown,38,Operations,Senior Developer,Miami,73749.93,8377.43,2023-02-09,15,72.7,william.brown@company.com,(686) 825-6203,Active
EMP034615,Christopher,Hernandez,Christopher Hernandez,63,HR,Manager,Los Angeles,96750.87,4358.68,2020-01-22,38,66.3,christopher.hernandez@company.com,(328) 223-9091,Active
EMP034616,Sarah,Davis,Sarah Davis,35,Marketing,Lead,New York,71862.93,5960.39,2021-09-20,6,78.0,sarah.davis@company.com,(351) 636-6999,Active
EMP034617,Nicole,Davis,Nicole Davis,45,Legal,Director,Miami,108660.12,12387.23,2024-11-06,21,86.7,nicole.davis@company.com,(887) 623-5673,Active
EMP034618,Emily,Martin,Emily Martin,33,Sales,Associate,Los Angeles,92606.93,4778.81,2023-11-26,11,86.7,emily.martin@company.com,(217) 581-7285,Active
EMP034619,Anthony,Taylor,Anthony Taylor,65,Marketing,Associate,Boston,86261.3,4575.29,2021-06-27,36,92.4,anthony.taylor@company.com,(385) 917-9327,Inactive
EMP034620,Stephanie,Garcia,Stephanie Garcia,25,Engineering,Lead,New York,67098.95,6650.93,2022-08-02,1,76.0,stephanie.garcia@company.com,(418) 885-5611,Active
EMP034621,Anthony,Miller,Anthony Miller,63,Sales,Analyst,Miami,107105.08,15290.53,2023-09-16,40,59.4,anthony.miller@company.com,(690) 875-8813,Active
EMP034622,Jessica,Jones,Jessica Jones,46,Marketing,Associate,San Francisco,83391.32,4619.72,2021-01-15,23,81.2,jessica.jones@company.com,(384) 892-4527,Active
EMP034623,Sarah,Martinez,Sarah Martinez,61,Operations,Manager,Austin,75011.74,9203.69,2020-01-27,36,93.2,sarah.martinez@company.com,(230) 407-6162,Active
EMP034624,Jessica,Lopez,Jessica Lopez,65,HR,Coordinator,Austin,95624.16,12368.06,2022-05-11,37,63.8,jessica.lopez@company.com,(428) 681-9917,Active
EMP034625,Sarah,Jones,Sarah Jones,43,Sales,Senior Developer,San Francisco,67087.65,4489.49,2023-07-03,14,92.9,sarah.jones@company.com,(733) 652-1689,Active
EMP034626,Christopher,Thomas,Christopher Thomas,24,Marketing,Manager,New York,50606.86,3938.25,2023-10-05,2,83.1,christopher.thomas@company.com,(636) 304-3354,Active
EMP034627,Stephanie,Taylor,Stephanie Taylor,26,Legal,Lead,New York,94895.29,19115.53,2023-05-10,3,69.0,stephanie.taylor@company.com,(681) 651-5057,Active
EMP034628,Sarah,Thomas,Sarah Thomas,51,Marketing,Manager,Chicago,88320.3,11596.99,2024-08-29,29,69.5,sarah.thomas@company.com,(907) 452-1348,Active
EMP034629,David,Wilson,David Wilson,62,Finance,Specialist,Austin,108975.64,18741.43,2023-07-05,37,68.9,david.wilson@company.com,(487) 840-4595,Inactive
EMP034630,Jane,Williams,Jane Williams,55,Legal,Associate,Chicago,120673.57,19718.92,2024-02-25,26,54.7,jane.williams@company.com,(516) 454-5383,Active
EMP034631,Jane,Lopez,Jane Lopez,50,Operations,Coordinator,Miami,63073.76,8430.47,2021-11-27,28,66.3,jane.lopez@company.com,(339) 583-2838,Active
EMP034632,Christopher,Brown,Christopher Brown,32,Marketing,Coordinator,Seattle,55236.45,3824.79,2021-06-23,9,63.3,christopher.brown@company.com,(899) 398-3705,Active
EMP034633,John,Jones,John Jones,35,Marketing,Analyst,Austin,77443.98,10075.46,2024-09-12,7,59.7,john.jones@company.com,(656) 403-3042,Inactive
EMP034634,Daniel,Moore,Daniel Moore,49,HR,Director,San Francisco,82613.0,6506.44,2022-06-19,22,83.9,daniel.moore@company.com,(866) 433-3408,Active
EMP034635,James,Thomas,James Thomas,42,Operations,Senior Developer,New York,45103.31,5404.64,2023-07-05,20,76.6,james.thomas@company.com,(368) 777-1498,Active
EMP034636,Emily,Smith,Emily Smith,64,Sales,Manager,New York,89856.5,9032.03,2022-01-12,39,87.9,emily.smith@company.com,(439) 764-4671,On Leave
EMP034637,Anthony,Lopez,Anthony Lopez,38,Marketing,Manager,Chicago,65551.62,5564.95,2020-02-21,12,86.2,anthony.lopez@company.com,(278) 367-3442,Active
EMP034638,Sarah,Martin,Sarah Martin,54,Operations,Associate,Los Angeles,84590.17,10547.01,2020-07-05,28,65.0,sarah.martin@company.com,(798) 506-7293,Active
EMP034639,Michael,Thomas,Michael Thomas,45,HR,Senior Developer,Chicago,74186.98,7546.12,2024-05-17,23,82.1,michael.thomas@company.com,(389) 537-3546,Active
EMP034640,Jane,Miller,Jane Miller,23,Legal,Specialist,Boston,84229.08,10660.67,2021-04-04,0,91.5,jane.miller@company.com,(248) 708-9464,Active
EMP034641,James,Johnson,James Johnson,24,HR,Manager,Austin,50759.97,5515.34,2021-05-13,0,66.5,james.johnson@company.com,(969) 426-2056,Active
EMP034642,Emily,Brown,Emily Brown,62,Marketing,Analyst,Miami,63208.68,5663.79,2021-02-02,38,88.9,emily.brown@company.com,(589) 238-3152,Active
EMP034643,David,Thomas,David Thomas,49,HR,Specialist,Seattle,57128.15,10881.23,2023-03-14,24,67.1,david.thomas@company.com,(399) 657-2279,Active
EMP034644,Anthony,Jones,Anthony Jones,44,Engineering,Coordinator,Chicago,94639.16,12720.47,2022-05-07,20,90.2,anthony.jones@company.com,(634) 366-2121,Inactive
EMP034645,Matthew,Wilson,Matthew Wilson,27,HR,Associate,Chicago,61505.33,5291.6,2020-09-14,0,67.9,matthew.wilson@company.com,(279) 761-2764,Active
EMP034646,Jane,Martin,Jane Martin,54,Sales,Manager,Miami,94120.17,21929.52,2021-08-05,26,72.3,jane.martin@company.com,(730) 921-6071,Active
EMP034647,Jane,Thomas,Jane Thomas,48,Engineering,Associate,New York,108980.63,3048.25,2022-11-22,25,76.3,jane.thomas@company.com,(455) 422-5105,Active
EMP034648,Nicole,Lopez,Nicole Lopez,60,Marketing,Senior Developer,Seattle,65909.46,6608.57,2020-05-12,31,73.8,nicole.lopez@company.com,(334) 451-6622,Active
EMP034649,Emily,Johnson,Emily Johnson,32,Legal,Director,San Francisco,81921.81,7758.74,2021-08-11,4,74.2,emily.johnson@company.com,(583) 511-8565,Active
EMP034650,Jessica,Taylor,Jessica Taylor,61,IT,Director,Austin,104229.55,6159.57,2020-04-01,39,77.6,jessica.taylor@company.com,(204) 556-6720,Inactive
EMP034651,Stephanie,Gonzalez,Stephanie Gonzalez,62,Legal,Analyst,Austin,131676.9,4106.6,2024-03-09,40,92.4,stephanie.gonzalez@company.com,(615) 862-4717,Active
EMP034652,Robert,Martin,Robert Martin,55,Operations,Director,Seattle,66975.22,5711.57,2022-01-19,30,67.2,robert.martin@company.com,(362) 252-5965,Active
EMP034653,Lisa,Williams,Lisa Williams,64,IT,Director,San Francisco,93474.59,7727.27,2023-08-06,42,83.9,lisa.williams@company.com,(608) 848-2500,Active
EMP034654,Robert,Williams,Robert Williams,25,IT,Specialist,Seattle,81114.56,2933.89,2021-01-21,0,85.2,robert.williams@company.com,(541) 821-8848,Active
EMP034655,William,Jones,William Jones,26,Finance,Director,Austin,51170.08,3598.75,2020-06-25,0,66.0,william.jones@company.com,(589) 410-4251,Active
EMP034656,David,Rodriguez,David Rodriguez,38,IT,Specialist,San Francisco,85009.53,0.0,2024-10-03,16,63.9,david.rodriguez@company.com,(491) 672-4501,Active
EMP034657,Matthew,Wilson,Matthew Wilson,28,IT,Manager,Los Angeles,37349.02,4071.6,2023-02-28,5,72.6,matthew.wilson@company.com,(926) 753-9515,Active
EMP034658,Jessica,Hernandez,Jessica Hernandez,32,Legal,Senior Developer,San Francisco,104800.28,12373.0,2020-04-24,9,74.5,jessica.hernandez@company.com,(396) 983-6951,Active
EMP034659,Jessica,Jones,Jessica Jones,35,Operations,Analyst,New York,52641.33,2842.67,2020-03-28,12,67.7,jessica.jones@company.com,(844) 853-4110,Active
EMP034660,Jessica,Brown,Jessica Brown,22,Legal,Coordinator,San Francisco,68873.2,9709.38,2024-09-18,0,72.9,jessica.brown@company.com,(264) 550-6185,Active
EMP034661,Lisa,Wilson,Lisa Wilson,52,Finance,Specialist,Miami,96958.59,13781.33,2021-05-22,27,98.1,lisa.wilson@company.com,(862) 579-2974,Active
EMP034662,Nicole,Jackson,Nicole Jackson,64,IT,Director,Seattle,86438.56,2083.14,2024-01-17,35,53.3,nicole.jackson@company.com,(304) 268-2340,Active
EMP034663,Nicole,Davis,Nicole Davis,28,Legal,Director,Seattle,104405.6,21763.03,2023-06-13,5,76.6,nicole.davis@company.com,(487) 314-4554,Active
EMP034664,Stephanie,Martin,Stephanie Martin,27,Sales,Senior Developer,Boston,59351.71,3589.68,2022-08-31,0,75.6,stephanie.martin@company.com,(803) 351-9172,Active
EMP034665,Melissa,Taylor,Melissa Taylor,52,Operations,Manager,Seattle,70227.51,5593.7,2024-03-30,30,63.7,melissa.taylor@company.com,(905) 956-8901,Active
EMP034666,William,Gonzalez,William Gonzalez,49,Engineering,Analyst,Miami,127067.85,9308.25,2021-04-15,25,63.7,william.gonzalez@company.com,(205) 849-4935,Active
EMP034667,Robert,Davis,Robert Davis,28,Finance,Manager,Austin,72077.44,13034.8,2020-11-11,6,87.1,robert.davis@company.com,(407) 403-8144,Inactive
EMP034668,Ashley,Brown,Ashley Brown,35,Operations,Manager,Miami,78054.75,15725.24,2021-11-01,13,65.8,ashley.brown@company.com,(322) 517-2587,Active
EMP034669,David,Williams,David Williams,41,Engineering,Analyst,Boston,122743.96,11540.14,2022-03-06,16,70.4,david.williams@company.com,(665) 897-5279,Inactive
EMP034670,Robert,Johnson,Robert Johnson,22,Legal,Manager,Seattle,96494.89,2431.86,2021-05-21,0,88.3,robert.johnson@company.com,(850) 422-8983,Active
EMP034671,Nicole,Williams,Nicole Williams,36,IT,Analyst,Los Angeles,86907.43,5784.37,2023-07-16,9,79.7,nicole.williams@company.com,(849) 440-6376,Active
EMP034672,Nicole,Thomas,Nicole Thomas,61,Operations,Lead,Miami,85718.55,2116.77,2021-02-16,38,99.1,nicole.thomas@company.com,(257) 853-8150,Active
EMP034673,John,Johnson,John Johnson,31,Marketing,Coordinator,Seattle,66521.29,4290.15,2022-11-16,9,59.8,john.johnson@company.com,(523) 921-8882,Active
EMP034674,Stephanie,Jackson,Stephanie Jackson,53,HR,Lead,Los Angeles,71236.04,4998.42,2021-03-22,25,72.6,stephanie.jackson@company.com,(285) 220-2805,Active
EMP034675,Ashley,Gonzalez,Ashley Gonzalez,30,Legal,Associate,San Francisco,53361.34,5237.85,2022-06-22,6,76.6,ashley.gonzalez@company.com,(543) 898-9471,Active
EMP034676,Matthew,Taylor,Matthew Taylor,59,HR,Specialist,Miami,52869.36,5315.06,2022-07-27,37,65.3,matthew.taylor@company.com,(663) 286-4235,Active
EMP034677,Jane,Martinez,Jane Martinez,57,Legal,Analyst,Seattle,133235.35,4685.02,2021-06-09,28,99.4,jane.martinez@company.com,(408) 599-1666,Active
EMP034678,Christopher,Gonzalez,Christopher Gonzalez,38,HR,Coordinator,Seattle,44995.7,1614.34,2021-01-01,10,60.6,christopher.gonzalez@company.com,(453) 649-9283,Active
EMP034679,Michael,Hernandez,Michael Hernandez,61,Operations,Analyst,Austin,69392.12,2982.34,2023-09-29,33,76.6,michael.hernandez@company.com,(330) 919-2181,Active
EMP034680,Christopher,Miller,Christopher Miller,62,Operations,Associate,Miami,82181.33,7956.42,2020-07-27,37,52.6,christopher.miller@company.com,(641) 353-2939,Active
EMP034681,James,Miller,James Miller,35,HR,Coordinator,Miami,71218.04,7242.49,2023-10-13,8,80.1,james.miller@company.com,(499) 750-7107,Active
EMP034682,Sarah,Brown,Sarah Brown,53,Engineering,Specialist,Miami,90049.96,8704.62,2024-10-23,26,99.8,sarah.brown@company.com,(448) 787-5049,Active
EMP034683,Michael,Anderson,Michael Anderson,58,Sales,Coordinator,Austin,78474.94,15704.02,2024-04-30,35,81.5,michael.anderson@company.com,(408) 879-9616,Active
EMP034684,Ashley,Garcia,Ashley Garcia,37,Finance,Specialist,Seattle,100446.13,6023.18,2021-06-30,13,79.6,ashley.garcia@company.com,(749) 625-3646,Active
EMP034685,Daniel,Anderson,Daniel Anderson,26,HR,Associate,Chicago,54343.39,7501.84,2024-02-02,0,76.0,daniel.anderson@company.com,(995) 488-1349,Active
EMP034686,Robert,Jones,Robert Jones,64,Marketing,Analyst,Los Angeles,87408.21,6864.15,2022-02-01,42,89.5,robert.jones@company.com,(791) 514-4996,Active
EMP034687,Sarah,Martinez,Sarah Martinez,28,HR,Coordinator,Chicago,51651.07,4903.47,2020-02-07,3,75.8,sarah.martinez@company.com,(766) 700-7399,Active
EMP034688,Stephanie,Williams,Stephanie Williams,49,IT,Lead,Austin,124618.1,20214.22,2022-04-18,23,76.5,stephanie.williams@company.com,(671) 509-4960,Active
EMP034689,David,Martin,David Martin,31,Sales,Manager,San Francisco,84635.49,6087.92,2020-01-24,3,52.4,david.martin@company.com,(373) 777-6776,Active
EMP034690,Amanda,Davis,Amanda Davis,26,IT,Lead,New York,78929.65,12985.38,2023-06-05,0,86.2,amanda.davis@company.com,(611) 457-1395,Inactive
EMP034691,David,Taylor,David Taylor,24,Sales,Coordinator,Boston,87847.9,11703.18,2020-08-16,0,77.1,david.taylor@company.com,(235) 864-2350,Active
EMP034692,Lisa,Gonzalez,Lisa Gonzalez,51,Sales,Analyst,Boston,94204.7,6832.16,2022-03-04,25,55.3,lisa.gonzalez@company.com,(450) 232-7637,Active
EMP034693,James,Rodriguez,James Rodriguez,52,Finance,Coordinator,Chicago,66853.7,10319.3,2023-10-11,26,80.3,james.rodriguez@company.com,(898) 353-2752,Active
EMP034694,Ashley,Martin,Ashley Martin,26,IT,Associate,Miami,36000.0,1649.67,2022-11-25,0,82.8,ashley.martin@company.com,(464) 325-6222,Active
EMP034695,Nicole,Smith,Nicole Smith,25,Finance,Coordinator,Los Angeles,63877.92,4050.75,2020-08-22,0,71.7,nicole.smith@company.com,(497) 573-9934,Active
EMP034696,Anthony,Rodriguez,Anthony Rodriguez,40,Operations,Lead,Chicago,67353.08,10024.26,2020-12-16,16,93.0,anthony.rodriguez@company.com,(784) 892-2192,On Leave
EMP034697,Lisa,Jackson,Lisa Jackson,40,Sales,Coordinator,Miami,72375.06,6619.5,2023-09-21,13,75.9,lisa.jackson@company.com,(504) 799-8599,Active
EMP034698,Lisa,Lopez,Lisa Lopez,48,Engineering,Analyst,San Francisco,80288.67,4064.29,2021-02-21,20,96.9,lisa.lopez@company.com,(688) 367-9687,Active
EMP034699,Amanda,Wilson,Amanda Wilson,56,Sales,Senior Developer,Austin,98512.06,1578.66,2020-05-18,27,64.0,amanda.wilson@company.com,(711) 668-9257,Inactive
EMP034700,William,Williams,William Williams,49,Legal,Manager,Austin,82731.01,15134.82,2023-01-16,26,74.3,william.williams@company.com,(393) 722-8343,Active
EMP034701,Nicole,Hernandez,Nicole Hernandez,62,Legal,Specialist,Seattle,99810.53,5728.67,2022-11-05,40,83.3,nicole.hernandez@company.com,(892) 873-2730,Inactive
EMP034702,William,Taylor,William Taylor,49,HR,Manager,San Francisco,82863.55,4587.51,2021-07-04,24,80.4,william.taylor@company.com,(761) 278-4282,Active
EMP034703,Robert,Garcia,Robert Garcia,59,Operations,Senior Developer,New York,60476.89,1625.31,2021-11-15,34,100.0,robert.garcia@company.com,(243) 790-8496,Inactive
EMP034704,Nicole,Wilson,Nicole Wilson,46,Legal,Senior Developer,Chicago,62449.03,8564.31,2020-08-13,18,81.0,nicole.wilson@company.com,(475) 479-3980,Active
EMP034705,Amanda,Anderson,Amanda Anderson,63,Marketing,Manager,Los Angeles,83229.36,6436.54,2022-11-27,36,64.3,amanda.anderson@company.com,(572) 341-2980,Inactive
EMP034706,Emily,Hernandez,Emily Hernandez,65,Sales,Specialist,Miami,99128.24,9144.11,2021-08-29,43,64.0,emily.hernandez@company.com,(931) 475-9876,Active
EMP034707,Robert,Jackson,Robert Jackson,43,Finance,Coordinator,Austin,84126.92,4582.45,2023-01-07,19,98.4,robert.jackson@company.com,(230) 348-6395,Active
EMP034708,David,Hernandez,David Hernandez,25,Engineering,Senior Developer,Boston,81292.88,4323.45,2021-05-11,3,66.3,david.hernandez@company.com,(472) 262-5222,Active
EMP034709,Robert,Garcia,Robert Garcia,28,Finance,Director,Boston,43537.61,6299.83,2023-04-15,2,56.3,robert.garcia@company.com,(863) 367-3693,Active
EMP034710,Melissa,Williams,Melissa Williams,38,Sales,Associate,New York,60980.0,7361.53,2024-07-18,11,100.0,melissa.williams@company.com,(277) 774-3652,Active
EMP034711,Michael,Taylor,Michael Taylor,51,Marketing,Director,New York,77799.89,19206.54,2022-09-15,25,77.0,michael.taylor@company.com,(816) 989-5974,Active
EMP034712,Jane,Hernandez,Jane Hernandez,59,HR,Coordinator,New York,76344.95,10972.02,2023-07-06,32,98.3,jane.hernandez@company.com,(563) 476-2941,Inactive
EMP034713,Matthew,Wilson,Matthew Wilson,25,HR,Analyst,Chicago,56640.22,1652.28,2024-04-07,0,63.8,matthew.wilson@company.com,(570) 352-4021,Inactive
EMP034714,Emily,Rodriguez,Emily Rodriguez,39,Finance,Analyst,Boston,109331.83,9932.48,2024-02-25,14,82.4,emily.rodriguez@company.com,(782) 846-1924,Active
EMP034715,William,Miller,William Miller,64,IT,Senior Developer,Los Angeles,149804.22,10184.17,2023-01-13,36,76.6,william.miller@company.com,(238) 242-2505,Active
EMP034716,John,Williams,John Williams,48,Legal,Director,New York,109764.68,9125.7,2021-08-06,24,85.1,john.williams@company.com,(264) 653-8405,Active
EMP034717,Daniel,Hernandez,Daniel Hernandez,55,Engineering,Senior Developer,Seattle,70664.32,8403.52,2023-04-03,29,86.6,daniel.hernandez@company.com,(436) 716-9756,Active
EMP034718,Amanda,Jackson,Amanda Jackson,37,Finance,Coordinator,New York,83459.5,18634.13,2021-08-24,10,61.0,amanda.jackson@company.com,(675) 751-2901,Active
EMP034719,Jane,Taylor,Jane Taylor,40,Operations,Associate,Seattle,63500.08,7448.47,2021-04-20,12,69.7,jane.taylor@company.com,(827) 991-8479,On Leave
EMP034720,John,Brown,John Brown,52,Operations,Analyst,Boston,71125.36,8808.5,2022-08-14,29,88.5,john.brown@company.com,(894) 843-1003,Active
EMP034721,Stephanie,Johnson,Stephanie Johnson,58,Finance,Director,Chicago,110277.52,2988.21,2020-07-19,35,77.7,stephanie.johnson@company.com,(866) 280-4513,Active
EMP034722,Stephanie,Garcia,Stephanie Garcia,54,HR,Lead,Austin,81950.84,6456.57,2023-09-27,27,76.8,stephanie.garcia@company.com,(203) 253-5710,Active
EMP034723,Daniel,Lopez,Daniel Lopez,63,Engineering,Specialist,Los Angeles,111951.08,10110.23,2024-12-14,38,81.3,daniel.lopez@company.com,(669) 349-1982,Active
EMP034724,William,Taylor,William Taylor,64,Engineering,Associate,Los Angeles,140967.83,23918.38,2024-10-10,38,69.1,william.taylor@company.com,(348) 320-7873,Active
EMP034725,Stephanie,Martinez,Stephanie Martinez,46,IT,Senior Developer,Chicago,98695.89,12875.98,2020-10-21,19,67.1,stephanie.martinez@company.com,(989) 211-8037,Active
EMP034726,Amanda,Smith,Amanda Smith,31,Engineering,Director,Seattle,52372.43,4616.89,2023-10-21,4,63.7,amanda.smith@company.com,(417) 416-5492,Active
EMP034727,William,Lopez,William Lopez,35,Operations,Analyst,Los Angeles,56248.52,6218.6,2021-07-11,8,74.4,william.lopez@company.com,(751) 681-4792,Active
EMP034728,Anthony,Johnson,Anthony Johnson,30,Sales,Coordinator,San Francisco,62836.57,7383.93,2021-04-30,8,88.0,anthony.johnson@company.com,(763) 786-3817,Active
EMP034729,Nicole,Jackson,Nicole Jackson,50,Operations,Senior Developer,Chicago,62268.96,9034.07,2020-12-24,28,100.0,nicole.jackson@company.com,(812) 471-3686,Active
EMP034730,Anthony,Jackson,Anthony Jackson,42,Legal,Specialist,Seattle,121991.51,14982.65,2020-12-31,16,68.7,anthony.jackson@company.com,(320) 785-4344,Active
EMP034731,Ashley,Lopez,Ashley Lopez,58,HR,Analyst,New York,93764.24,9015.95,2023-06-02,31,70.0,ashley.lopez@company.com,(833) 227-9473,Active
EMP034732,Lisa,Thomas,Lisa Thomas,56,Engineering,Manager,San Francisco,104667.2,13374.63,2021-03-10,34,73.5,lisa.thomas@company.com,(835) 735-3881,On Leave
EMP034733,Anthony,Rodriguez,Anthony Rodriguez,43,Engineering,Associate,Chicago,105291.07,4731.99,2024-09-02,14,100.0,anthony.rodriguez@company.com,(466) 721-2134,Active
EMP034734,Ashley,Martin,Ashley Martin,64,Engineering,Coordinator,Seattle,95664.01,11588.42,2023-05-28,39,81.5,ashley.martin@company.com,(656) 710-6850,Active
EMP034735,Sarah,Martinez,Sarah Martinez,24,Sales,Director,Chicago,54174.42,6070.41,2021-04-30,0,87.2,sarah.martinez@company.com,(800) 874-7364,Active
EMP034736,Nicole,Smith,Nicole Smith,53,Sales,Associate,Seattle,92890.44,7194.61,2023-08-12,31,58.3,nicole.smith@company.com,(845) 947-7320,Active
EMP034737,Lisa,Brown,Lisa Brown,53,Engineering,Manager,New York,71574.13,5582.23,2020-12-05,24,49.9,lisa.brown@company.com,(451) 210-7133,Inactive
EMP034738,Anthony,Martinez,Anthony Martinez,40,Legal,Coordinator,Los Angeles,67475.31,4323.37,2022-10-28,11,56.1,anthony.martinez@company.com,(606) 507-5732,Active
EMP034739,Melissa,Johnson,Melissa Johnson,47,Marketing,Manager,San Francisco,39852.25,3207.12,2022-09-06,21,71.2,melissa.johnson@company.com,(463) 266-9222,Active
EMP034740,Jane,Garcia,Jane Garcia,59,IT,Manager,Austin,129688.13,22601.97,2020-04-25,31,98.4,jane.garcia@company.com,(654) 800-6108,Active
EMP034741,Robert,Anderson,Robert Anderson,37,Operations,Analyst,Miami,57758.07,2641.34,2024-01-12,11,75.9,robert.anderson@company.com,(869) 207-4759,Active
EMP034742,Amanda,Hernandez,Amanda Hernandez,57,Operations,Analyst,Seattle,95898.86,10941.58,2023-10-14,31,100.0,amanda.hernandez@company.com,(841) 691-6434,Active
EMP034743,David,Smith,David Smith,51,Marketing,Manager,Miami,70582.6,8903.27,2020-04-07,26,88.9,david.smith@company.com,(977) 923-8635,On Leave
EMP034744,Daniel,Johnson,Daniel Johnson,65,Legal,Coordinator,Boston,122869.55,23153.25,2021-03-26,38,81.3,daniel.johnson@company.com,(449) 409-6628,On Leave
EMP034745,Lisa,Garcia,Lisa Garcia,62,HR,Lead,New York,72594.1,11440.09,2020-11-15,33,95.1,lisa.garcia@company.com,(828) 330-3097,Active
EMP034746,David,Wilson,David Wilson,26,Operations,Director,Chicago,38069.31,4560.5,2024-06-16,1,65.8,david.wilson@company.com,(376) 695-9785,Active
EMP034747,Robert,Williams,Robert Williams,23,HR,Director,Boston,57690.93,6709.6,2023-01-16,0,55.8,robert.williams@company.com,(760) 408-7695,Active
EMP034748,Emily,Davis,Emily Davis,52,HR,Specialist,Austin,60208.58,3031.83,2024-08-19,30,65.5,emily.davis@company.com,(411) 226-1687,Active
EMP034749,Anthony,Martinez,Anthony Martinez,25,Sales,Associate,New York,74855.19,6671.09,2024-04-05,0,71.7,anthony.martinez@company.com,(665) 282-6791,Active
EMP034750,Stephanie,Williams,Stephanie Williams,53,IT,Associate,Seattle,93373.1,18071.33,2022-06-07,28,72.1,stephanie.williams@company.com,(753) 654-6514,Active
EMP034751,Ashley,Jones,Ashley Jones,32,HR,Coordinator,Chicago,59113.81,3999.81,2021-03-15,6,68.3,ashley.jones@company.com,(634) 834-7382,Active
EMP034752,Robert,Anderson,Robert Anderson,31,Marketing,Lead,Chicago,63258.88,4842.42,2024-04-14,4,75.0,robert.anderson@company.com,(228) 459-7048,Active
EMP034753,David,Martin,David Martin,35,IT,Analyst,Chicago,99956.97,7570.37,2023-07-08,8,72.3,david.martin@company.com,(851) 999-8706,Active
EMP034754,Anthony,Johnson,Anthony Johnson,62,Engineering,Specialist,Miami,130156.72,7394.23,2024-09-24,39,75.5,anthony.johnson@company.com,(725) 985-2832,Active
EMP034755,William,Garcia,William Garcia,63,Engineering,Specialist,Los Angeles,105432.02,13689.19,2023-04-16,37,47.1,william.garcia@company.com,(243) 475-9836,Active
EMP034756,John,Smith,John Smith,61,Operations,Manager,Los Angeles,59691.21,9048.37,2020-06-12,39,64.2,john.smith@company.com,(643) 703-5335,Active
EMP034757,Lisa,Taylor,Lisa Taylor,29,HR,Analyst,Boston,33016.08,5803.94,2022-09-27,2,93.3,lisa.taylor@company.com,(779) 255-3562,Inactive
EMP034758,Michael,Thomas,Michael Thomas,63,Marketing,Analyst,Boston,80679.02,8454.46,2024-06-28,35,81.7,michael.thomas@company.com,(469) 780-8756,Active
EMP034759,Emily,Brown,Emily Brown,35,HR,Manager,Los Angeles,54884.84,5886.29,2023-03-21,10,69.7,emily.brown@company.com,(982) 667-8383,Active
EMP034760,Christopher,Jackson,Christopher Jackson,42,HR,Senior Developer,Austin,56432.64,4366.79,2024-07-15,18,79.9,christopher.jackson@company.com,(718) 399-5746,Active
EMP034761,Matthew,Gonzalez,Matthew Gonzalez,22,Operations,Analyst,Chicago,61522.68,7691.95,2023-10-20,0,59.7,matthew.gonzalez@company.com,(617) 615-4512,Active
EMP034762,Melissa,Garcia,Melissa Garcia,61,Sales,Lead,New York,88940.86,6997.1,2020-11-08,37,82.6,melissa.garcia@company.com,(500) 970-8097,Active
EMP034763,Emily,Moore,Emily Moore,59,HR,Coordinator,Austin,75648.39,10979.43,2023-11-25,36,58.8,emily.moore@company.com,(945) 756-2623,Active
EMP034764,Jessica,Miller,Jessica Miller,22,Sales,Director,Chicago,44215.14,3562.32,2021-01-16,0,97.4,jessica.miller@company.com,(723) 937-3504,Active
EMP034765,Christopher,Smith,Christopher Smith,33,Engineering,Director,Austin,92042.0,5606.03,2024-04-24,4,86.7,christopher.smith@company.com,(865) 522-1746,Active
EMP034766,Sarah,Jackson,Sarah Jackson,42,HR,Specialist,Boston,52354.88,7568.15,2021-08-05,14,49.4,sarah.jackson@company.com,(898) 738-5587,Active
EMP034767,Stephanie,Martinez,Stephanie Martinez,32,HR,Senior Developer,Boston,60524.19,6041.13,2021-04-21,8,72.4,stephanie.martinez@company.com,(886) 537-7166,Active
EMP034768,Melissa,Garcia,Melissa Garcia,47,Sales,Associate,San Francisco,96499.09,12628.99,2024-12-29,22,67.7,melissa.garcia@company.com,(426) 405-2210,On Leave
EMP034769,Anthony,Jones,Anthony Jones,60,HR,Lead,Miami,103259.31,2826.76,2020-01-30,35,72.9,anthony.jones@company.com,(938) 629-1391,Active
EMP034770,Matthew,Gonzalez,Matthew Gonzalez,27,Finance,Coordinator,Los Angeles,64793.91,1952.05,2020-12-14,3,70.9,matthew.gonzalez@company.com,(774) 343-9737,Active
EMP034771,Jane,Davis,Jane Davis,28,Sales,Analyst,Seattle,58786.1,5115.98,2023-03-30,2,68.7,jane.davis@company.com,(406) 802-8230,Active
EMP034772,William,Martinez,William Martinez,31,IT,Senior Developer,New York,64275.31,11539.61,2021-04-05,9,74.1,william.martinez@company.com,(881) 367-8405,Active
EMP034773,Stephanie,Brown,Stephanie Brown,60,HR,Senior Developer,Los Angeles,39746.06,4319.2,2024-02-11,34,80.0,stephanie.brown@company.com,(692) 898-3896,Active
EMP034774,William,Williams,William Williams,52,HR,Director,Los Angeles,74410.12,10777.78,2024-08-30,29,86.4,william.williams@company.com,(981) 864-9353,Active
EMP034775,Nicole,Anderson,Nicole Anderson,42,Engineering,Senior Developer,Seattle,109004.46,7028.6,2021-03-16,17,65.7,nicole.anderson@company.com,(816) 273-5210,Active
EMP034776,Lisa,Lopez,Lisa Lopez,34,Engineering,Director,Austin,90510.09,12601.14,2024-08-02,9,55.0,lisa.lopez@company.com,(561) 612-5380,Active
EMP034777,Jessica,Martinez,Jessica Martinez,44,Finance,Senior Developer,Seattle,73502.99,11824.54,2021-08-22,17,69.0,jessica.martinez@company.com,(415) 873-3586,Active
EMP034778,Lisa,Martinez,Lisa Martinez,22,Marketing,Director,Seattle,28500.0,3279.62,2020-07-16,0,75.8,lisa.martinez@company.com,(346) 806-8200,Active
EMP034779,Melissa,Taylor,Melissa Taylor,50,IT,Coordinator,Boston,69917.71,4006.21,2020-01-29,28,85.4,melissa.taylor@company.com,(795) 917-1519,Inactive
EMP034780,Ashley,Jackson,Ashley Jackson,38,Finance,Senior Developer,Chicago,72172.02,3801.1,2023-08-13,11,66.5,ashley.jackson@company.com,(210) 324-1845,Active
EMP034781,Anthony,Moore,Anthony Moore,25,IT,Director,Chicago,83535.09,5312.92,2024-11-22,0,86.8,anthony.moore@company.com,(443) 663-4491,Active
EMP034782,Amanda,Garcia,Amanda Garcia,54,Operations,Director,Boston,78036.63,4179.03,2021-04-28,30,63.8,amanda.garcia@company.com,(470) 692-8370,Active
EMP034783,Daniel,Hernandez,Daniel Hernandez,30,HR,Associate,Seattle,36223.78,3022.99,2022-06-30,8,80.8,daniel.hernandez@company.com,(306) 374-7609,Active
EMP034784,James,Taylor,James Taylor,38,Engineering,Coordinator,Austin,104260.33,9019.11,2022-08-02,9,86.0,james.taylor@company.com,(360) 309-1329,Active
EMP034785,Matthew,Moore,Matthew Moore,24,Operations,Lead,Seattle,44203.14,4158.37,2021-08-11,1,62.1,matthew.moore@company.com,(691) 358-4200,Active
EMP034786,David,Lopez,David Lopez,50,Operations,Coordinator,Miami,62924.45,7644.5,2024-01-18,26,79.2,david.lopez@company.com,(260) 308-6670,Inactive
EMP034787,Lisa,Moore,Lisa Moore,63,Operations,Analyst,Chicago,70699.6,8672.78,2024-04-03,37,52.5,lisa.moore@company.com,(948) 220-7193,Active
EMP034788,Lisa,Garcia,Lisa Garcia,27,Engineering,Lead,Austin,70291.72,7189.23,2024-04-17,1,57.2,lisa.garcia@company.com,(303) 313-4869,Active
EMP034789,Daniel,Garcia,Daniel Garcia,29,Legal,Senior Developer,Los Angeles,99218.92,11881.89,2020-02-29,7,77.2,daniel.garcia@company.com,(584) 647-8297,Active
EMP034790,Robert,Martinez,Robert Martinez,29,Finance,Associate,Los Angeles,48956.1,5762.72,2020-02-26,3,78.8,robert.martinez@company.com,(289) 560-8160,Active
EMP034791,Lisa,Williams,Lisa Williams,23,HR,Manager,New York,72174.28,12687.87,2020-11-30,0,68.7,lisa.williams@company.com,(329) 569-4375,Active
EMP034792,Matthew,Rodriguez,Matthew Rodriguez,35,Legal,Senior Developer,Boston,88174.19,17441.0,2024-11-01,12,84.8,matthew.rodriguez@company.com,(996) 857-9365,Active
EMP034793,Matthew,Rodriguez,Matthew Rodriguez,24,Legal,Specialist,New York,61694.12,2323.04,2022-10-06,0,71.3,matthew.rodriguez@company.com,(403) 702-9637,Active
EMP034794,Robert,Williams,Robert Williams,52,Engineering,Manager,Seattle,109489.46,16409.13,2023-09-12,24,83.4,robert.williams@company.com,(619) 620-4850,Active
EMP034795,Michael,Jackson,Michael Jackson,56,Operations,Analyst,Chicago,88659.64,6705.99,2020-12-30,29,81.3,michael.jackson@company.com,(786) 654-8455,Active
EMP034796,John,Brown,John Brown,45,Engineering,Lead,San Francisco,103387.64,7626.88,2023-06-08,18,79.1,john.brown@company.com,(832) 484-7500,Inactive
EMP034797,Lisa,Lopez,Lisa Lopez,62,Finance,Senior Developer,Los Angeles,125719.02,14474.68,2024-11-23,39,87.2,lisa.lopez@company.com,(554) 458-1094,Active
EMP034798,Robert,Hernandez,Robert Hernandez,42,Legal,Analyst,Seattle,109675.59,21464.05,2020-06-28,18,89.3,robert.hernandez@company.com,(789) 449-2402,Active
EMP034799,Robert,Jackson,Robert Jackson,62,Finance,Specialist,Miami,132018.27,16688.85,2023-09-13,34,86.7,robert.jackson@company.com,(736) 777-7628,Active
EMP034800,Stephanie,Moore,Stephanie Moore,60,Engineering,Specialist,Miami,83385.62,9271.8,2020-05-16,38,84.8,stephanie.moore@company.com,(276) 439-3602,Active
EMP034801,Amanda,Williams,Amanda Williams,52,IT,Manager,Chicago,114552.98,3163.5,2022-12-29,23,80.4,amanda.williams@company.com,(571) 845-2258,Active
EMP034802,Anthony,Rodriguez,Anthony Rodriguez,52,Legal,Lead,Austin,105537.72,7694.49,2021-08-14,29,66.7,anthony.rodriguez@company.com,(652) 893-6218,Inactive
EMP034803,Daniel,Hernandez,Daniel Hernandez,51,HR,Manager,Seattle,61579.15,4295.74,2023-08-16,27,100.0,daniel.hernandez@company.com,(972) 455-4247,Active
EMP034804,Robert,Miller,Robert Miller,33,Legal,Manager,Miami,63175.94,6946.23,2023-02-03,8,47.8,robert.miller@company.com,(275) 952-3261,Active
EMP034805,Ashley,Taylor,Ashley Taylor,49,Finance,Specialist,Chicago,88927.87,5808.05,2020-04-10,26,81.9,ashley.taylor@company.com,(263) 306-9409,Active
EMP034806,Sarah,Gonzalez,Sarah Gonzalez,35,IT,Specialist,Los Angeles,69994.08,5633.7,2022-11-17,12,60.1,sarah.gonzalez@company.com,(230) 596-3815,Active
EMP034807,Melissa,Anderson,Melissa Anderson,39,Marketing,Director,Seattle,60501.03,4249.49,2021-01-29,15,79.8,melissa.anderson@company.com,(582) 236-4047,Active
EMP034808,Matthew,Williams,Matthew Williams,35,Finance,Coordinator,Boston,82645.71,12807.57,2022-04-02,10,97.7,matthew.williams@company.com,(273) 336-1519,Active
EMP034809,Amanda,Williams,Amanda Williams,28,Operations,Director,Los Angeles,57090.41,7156.08,2020-01-18,6,95.0,amanda.williams@company.com,(798) 851-9535,Active
EMP034810,Christopher,Jones,Christopher Jones,41,HR,Manager,New York,56263.43,3648.37,2021-12-19,19,98.3,christopher.jones@company.com,(726) 331-5689,Inactive
EMP034811,John,Hernandez,John Hernandez,64,Legal,Analyst,Austin,124054.23,21271.63,2022-01-07,38,62.3,john.hernandez@company.com,(782) 240-7785,Active
EMP034812,David,Williams,David Williams,28,Engineering,Coordinator,Miami,90487.68,9226.16,2022-06-13,5,82.1,david.williams@company.com,(770) 220-7525,Active
EMP034813,Anthony,Moore,Anthony Moore,27,Finance,Specialist,Chicago,79669.32,12959.51,2020-02-13,0,79.6,anthony.moore@company.com,(984) 979-2369,Active
EMP034814,Anthony,Lopez,Anthony Lopez,47,Marketing,Coordinator,Los Angeles,50177.27,3767.6,2022-06-28,19,99.2,anthony.lopez@company.com,(622) 751-8557,Active
EMP034815,Daniel,Miller,Daniel Miller,27,IT,Specialist,Austin,75588.11,11047.86,2023-02-28,5,89.0,daniel.miller@company.com,(291) 346-8047,Active
EMP034816,Nicole,Taylor,Nicole Taylor,52,Operations,Director,Austin,52635.09,5235.04,2020-10-16,28,95.5,nicole.taylor@company.com,(797) 600-1622,Active
EMP034817,Christopher,Taylor,Christopher Taylor,61,Legal,Associate,San Francisco,89249.03,3805.96,2020-12-25,37,89.0,christopher.taylor@company.com,(565) 628-5430,Active
EMP034818,Lisa,Johnson,Lisa Johnson,28,IT,Associate,Seattle,39239.81,5232.84,2024-11-05,4,47.4,lisa.johnson@company.com,(436) 276-5942,Active
EMP034819,Daniel,Thomas,Daniel Thomas,56,HR,Director,Boston,66157.83,9813.19,2022-04-12,31,91.5,daniel.thomas@company.com,(813) 265-6067,Active
EMP034820,Daniel,Thomas,Daniel Thomas,33,Sales,Analyst,Boston,49536.04,3863.31,2024-04-08,6,74.5,daniel.thomas@company.com,(724) 391-1762,Inactive
EMP034821,Christopher,Wilson,Christopher Wilson,28,Marketing,Associate,Austin,58097.14,0.0,2020-10-03,4,93.4,christopher.wilson@company.com,(824) 891-9908,Active
EMP034822,Daniel,Johnson,Daniel Johnson,32,HR,Director,Boston,72011.34,2592.19,2020-08-06,4,62.0,daniel.johnson@company.com,(905) 658-3713,Active
EMP034823,Robert,Lopez,Robert Lopez,32,Engineering,Lead,New York,83463.26,8942.3,2022-03-27,6,52.4,robert.lopez@company.com,(924) 291-7150,Active
EMP034824,Anthony,Jones,Anthony Jones,36,Legal,Senior Developer,Boston,106078.24,14162.8,2021-01-01,9,86.2,anthony.jones@company.com,(832) 309-1045,Active
EMP034825,Michael,Miller,Michael Miller,32,Sales,Associate,Seattle,58021.39,6002.16,2024-10-14,6,100.0,michael.miller@company.com,(841) 991-9633,Active
EMP034826,Daniel,Moore,Daniel Moore,31,HR,Senior Developer,San Francisco,61780.59,792.4,2021-07-05,3,70.3,daniel.moore@company.com,(344) 921-6599,Active
EMP034827,Anthony,Anderson,Anthony Anderson,48,HR,Director,Chicago,56420.17,6321.53,2020-07-26,25,56.9,anthony.anderson@company.com,(884) 465-2717,Active
EMP034828,Nicole,Taylor,Nicole Taylor,62,Operations,Specialist,Boston,90079.09,4359.92,2024-01-02,34,73.6,nicole.taylor@company.com,(513) 522-9655,Active
EMP034829,James,Miller,James Miller,34,HR,Director,Chicago,84390.09,7842.88,2022-08-21,5,72.3,james.miller@company.com,(678) 766-8634,Active
EMP034830,Christopher,Moore,Christopher Moore,46,Finance,Coordinator,Chicago,96176.44,8085.49,2021-10-16,23,58.6,christopher.moore@company.com,(450) 436-2588,Active
EMP034831,Jane,Jones,Jane Jones,33,Legal,Senior Developer,San Francisco,59392.33,1909.77,2022-04-01,6,71.2,jane.jones@company.com,(796) 590-9782,Inactive
EMP034832,Lisa,Wilson,Lisa Wilson,55,Operations,Senior Developer,Boston,74451.05,9275.39,2022-12-14,29,87.9,lisa.wilson@company.com,(801) 720-2459,Inactive
EMP034833,David,Anderson,David Anderson,44,Marketing,Senior Developer,Miami,75987.97,11230.01,2021-11-12,19,52.6,david.anderson@company.com,(830) 498-1874,Inactive
EMP034834,Lisa,Moore,Lisa Moore,37,Engineering,Analyst,Chicago,51798.93,6469.88,2022-03-25,11,89.0,lisa.moore@company.com,(622) 516-9196,Active
EMP034835,David,Wilson,David Wilson,57,Engineering,Director,Los Angeles,117874.84,15746.53,2023-12-18,29,78.2,david.wilson@company.com,(790) 713-3963,Active
EMP034836,William,Williams,William Williams,35,Operations,Coordinator,Boston,73052.59,8838.47,2022-01-24,7,54.1,william.williams@company.com,(614) 242-5966,Active
EMP034837,Jessica,Wilson,Jessica Wilson,63,IT,Manager,Boston,68119.01,10409.27,2023-12-22,39,82.3,jessica.wilson@company.com,(218) 921-7846,Active
EMP034838,Stephanie,Anderson,Stephanie Anderson,65,Engineering,Director,New York,139071.68,4143.24,2024-04-16,43,84.2,stephanie.anderson@company.com,(248) 289-6332,Active
EMP034839,Christopher,Lopez,Christopher Lopez,56,HR,Coordinator,Boston,91448.52,11872.69,2024-06-02,34,43.0,christopher.lopez@company.com,(974) 571-7499,Active
EMP034840,Robert,Johnson,Robert Johnson,26,HR,Manager,Miami,66294.77,5237.32,2020-09-22,4,78.8,robert.johnson@company.com,(267) 843-2373,Active
EMP034841,Ashley,Johnson,Ashley Johnson,34,Marketing,Director,San Francisco,78616.11,6475.83,2020-07-29,7,89.4,ashley.johnson@company.com,(917) 893-7855,Active
EMP034842,Jane,Brown,Jane Brown,31,HR,Coordinator,Seattle,44303.08,4166.84,2023-05-19,2,91.6,jane.brown@company.com,(978) 799-7689,Active
EMP034843,Daniel,Williams,Daniel Williams,35,Engineering,Senior Developer,Seattle,94325.18,3045.84,2024-11-05,6,62.0,daniel.williams@company.com,(290) 475-5917,Active
EMP034844,Ashley,Hernandez,Ashley Hernandez,39,Marketing,Associate,San Francisco,55080.08,2240.14,2024-04-05,15,100.0,ashley.hernandez@company.com,(837) 780-1723,Active
EMP034845,Anthony,Lopez,Anthony Lopez,39,Operations,Lead,Austin,55525.88,2559.97,2021-07-21,16,92.0,anthony.lopez@company.com,(269) 921-3586,Inactive
EMP034846,Lisa,Hernandez,Lisa Hernandez,63,Operations,Analyst,Chicago,77726.81,16632.72,2024-11-03,39,73.5,lisa.hernandez@company.com,(794) 517-2146,Inactive
EMP034847,David,Gonzalez,David Gonzalez,63,Marketing,Manager,Los Angeles,79311.19,11942.34,2020-02-23,35,83.9,david.gonzalez@company.com,(479) 276-3113,Active
EMP034848,John,Davis,John Davis,31,IT,Director,Los Angeles,80352.12,8532.1,2020-10-24,3,69.8,john.davis@company.com,(783) 432-4500,Active
EMP034849,Jessica,Taylor,Jessica Taylor,48,Marketing,Lead,Boston,80739.45,2435.45,2020-08-29,24,60.0,jessica.taylor@company.com,(770) 829-2510,On Leave
EMP034850,Nicole,Martinez,Nicole Martinez,28,IT,Associate,Seattle,50200.49,3058.31,2024-09-09,5,100.0,nicole.martinez@company.com,(983) 975-2486,Active
EMP034851,Amanda,Brown,Amanda Brown,58,Operations,Director,Chicago,96687.0,10485.82,2020-03-16,35,81.8,amanda.brown@company.com,(596) 979-4949,Inactive
EMP034852,Daniel,Miller,Daniel Miller,29,IT,Manager,Seattle,109756.4,17110.49,2023-04-17,2,99.7,daniel.miller@company.com,(411) 622-3720,Active
EMP034853,Daniel,Davis,Daniel Davis,44,Sales,Coordinator,New York,70555.92,8557.56,2020-02-27,22,90.5,daniel.davis@company.com,(403) 668-4206,Inactive
EMP034854,Matthew,Jones,Matthew Jones,37,Legal,Lead,Boston,86428.52,3057.74,2023-12-26,11,68.7,matthew.jones@company.com,(320) 220-3916,Active
EMP034855,Melissa,Rodriguez,Melissa Rodriguez,52,Engineering,Specialist,San Francisco,96197.31,11068.64,2020-12-29,25,76.9,melissa.rodriguez@company.com,(393) 721-6299,Active
EMP034856,Nicole,Brown,Nicole Brown,58,Finance,Associate,San Francisco,104512.68,3341.26,2020-03-02,33,96.6,nicole.brown@company.com,(444) 912-4701,Inactive
EMP034857,Ashley,Lopez,Ashley Lopez,32,IT,Manager,Los Angeles,94902.7,4561.91,2020-04-01,9,62.3,ashley.lopez@company.com,(514) 484-1413,Active
EMP034858,John,Brown,John Brown,44,Finance,Specialist,Austin,120365.2,19444.61,2024-02-18,17,75.5,john.brown@company.com,(664) 956-7346,Inactive
EMP034859,David,Wilson,David Wilson,63,Legal,Analyst,Austin,142693.12,10051.28,2023-04-16,40,70.7,david.wilson@company.com,(849) 682-2935,Active
EMP034860,Matthew,Miller,Matthew Miller,57,Operations,Lead,New York,76062.5,7690.99,2020-06-09,28,69.8,matthew.miller@company.com,(977) 584-5071,Active
EMP034861,David,Wilson,David Wilson,27,Sales,Coordinator,Los Angeles,63049.14,1777.13,2020-04-05,0,66.9,david.wilson@company.com,(820) 321-1920,Active
EMP034862,Emily,Johnson,Emily Johnson,57,Marketing,Manager,Chicago,107576.91,1576.1,2023-06-29,29,84.2,emily.johnson@company.com,(650) 744-5085,Active
EMP034863,Ashley,Moore,Ashley Moore,36,Marketing,Lead,Chicago,68557.24,5683.1,2024-10-30,8,69.3,ashley.moore@company.com,(510) 914-5411,Active
EMP034864,Daniel,Smith,Daniel Smith,52,Operations,Manager,Austin,74880.86,4346.96,2024-05-25,26,67.8,daniel.smith@company.com,(906) 375-7510,Active
EMP034865,Jessica,Wilson,Jessica Wilson,26,Finance,Senior Developer,Austin,66766.1,7970.2,2023-02-01,4,34.8,jessica.wilson@company.com,(266) 752-2029,Active
EMP034866,Amanda,Brown,Amanda Brown,56,HR,Director,Chicago,56174.89,8873.75,2020-06-03,27,64.5,amanda.brown@company.com,(878) 838-2600,Active
EMP034867,Ashley,Anderson,Ashley Anderson,34,Engineering,Manager,San Francisco,106956.13,7369.13,2023-11-02,10,65.7,ashley.anderson@company.com,(519) 654-5807,Active
EMP034868,Robert,Hernandez,Robert Hernandez,32,Marketing,Manager,New York,58399.13,0.0,2024-04-27,6,60.7,robert.hernandez@company.com,(395) 519-1570,Active
EMP034869,Jane,Johnson,Jane Johnson,50,Finance,Director,Los Angeles,88541.24,10874.64,2020-01-25,26,67.6,jane.johnson@company.com,(872) 447-5861,Active
EMP034870,James,Hernandez,James Hernandez,52,Operations,Lead,New York,58223.79,435.34,2022-10-20,26,74.5,james.hernandez@company.com,(538) 507-6795,Active
EMP034871,Emily,Thomas,Emily Thomas,65,IT,Lead,Chicago,106442.29,11707.23,2023-10-22,38,69.5,emily.thomas@company.com,(934) 433-1090,Active
EMP034872,Matthew,Smith,Matthew Smith,23,Sales,Director,New York,43348.31,8128.98,2023-07-05,0,74.3,matthew.smith@company.com,(853) 232-7259,Active
EMP034873,Daniel,Williams,Daniel Williams,60,Marketing,Director,Chicago,91443.82,7204.48,2024-10-19,38,59.4,daniel.williams@company.com,(891) 937-2406,Inactive
EMP034874,Jane,Miller,Jane Miller,59,Legal,Coordinator,Seattle,99281.11,11441.95,2023-10-23,30,59.2,jane.miller@company.com,(651) 368-4918,Active
EMP034875,Emily,Brown,Emily Brown,27,Finance,Coordinator,Chicago,88796.41,15220.37,2021-05-13,0,42.0,emily.brown@company.com,(979) 718-6496,On Leave
EMP034876,Stephanie,Lopez,Stephanie Lopez,24,Marketing,Associate,Miami,43291.72,1638.87,2023-11-13,0,80.9,stephanie.lopez@company.com,(923) 438-9635,Active
EMP034877,David,Rodriguez,David Rodriguez,63,Marketing,Coordinator,Chicago,78821.62,10085.1,2024-11-12,38,63.8,david.rodriguez@company.com,(668) 799-8958,Active
EMP034878,Matthew,Martinez,Matthew Martinez,54,Operations,Coordinator,Chicago,86847.24,8071.71,2022-07-16,30,93.0,matthew.martinez@company.com,(209) 687-2541,Active
EMP034879,Matthew,Taylor,Matthew Taylor,29,HR,Senior Developer,New York,49197.93,2657.09,2024-01-26,1,74.1,matthew.taylor@company.com,(717) 296-5265,Active
EMP034880,Lisa,Miller,Lisa Miller,23,HR,Associate,San Francisco,53638.45,2527.93,2022-09-14,0,77.7,lisa.miller@company.com,(625) 444-5080,Active
EMP034881,Amanda,Brown,Amanda Brown,33,Engineering,Specialist,San Francisco,101515.98,20430.94,2021-08-25,7,94.3,amanda.brown@company.com,(907) 850-3500,Active
EMP034882,Ashley,Johnson,Ashley Johnson,57,Sales,Specialist,Boston,98999.92,5523.4,2020-09-26,31,93.4,ashley.johnson@company.com,(367) 320-7227,Inactive
EMP034883,Melissa,Martinez,Melissa Martinez,40,HR,Coordinator,San Francisco,60634.69,1199.03,2022-04-08,18,66.0,melissa.martinez@company.com,(332) 213-8333,Active
EMP034884,Nicole,Garcia,Nicole Garcia,37,Finance,Senior Developer,San Francisco,63844.11,3398.17,2021-11-11,13,59.6,nicole.garcia@company.com,(648) 397-6899,Active
EMP034885,Amanda,Moore,Amanda Moore,65,Legal,Analyst,San Francisco,112115.31,10320.31,2024-02-06,42,80.8,amanda.moore@company.com,(960) 668-9835,Active
EMP034886,Melissa,Jones,Melissa Jones,65,IT,Specialist,Miami,115315.31,5479.53,2023-03-09,40,54.7,melissa.jones@company.com,(527) 671-4016,Inactive
EMP034887,Anthony,Miller,Anthony Miller,29,Finance,Coordinator,Boston,86848.94,6966.62,2020-03-28,2,69.1,anthony.miller@company.com,(609) 362-5553,Active
EMP034888,David,Rodriguez,David Rodriguez,37,IT,Associate,Los Angeles,62888.99,9315.41,2022-09-03,14,72.3,david.rodriguez@company.com,(925) 620-5939,Active
EMP034889,Melissa,Johnson,Melissa Johnson,56,Finance,Senior Developer,Los Angeles,96723.35,15163.51,2023-03-22,27,89.0,melissa.johnson@company.com,(555) 711-1308,Active
EMP034890,John,Davis,John Davis,49,Finance,Lead,Austin,88538.96,11454.35,2021-01-06,25,53.7,john.davis@company.com,(382) 383-8633,Active
EMP034891,William,Garcia,William Garcia,43,Legal,Senior Developer,Miami,54461.99,2469.89,2023-03-17,17,85.1,william.garcia@company.com,(387) 709-6250,Active
EMP034892,Lisa,Miller,Lisa Miller,35,Sales,Associate,Chicago,76834.59,5135.89,2023-12-16,12,95.6,lisa.miller@company.com,(809) 531-4161,Active
EMP034893,Lisa,Jones,Lisa Jones,52,HR,Associate,Chicago,62044.48,4999.76,2020-11-03,25,85.6,lisa.jones@company.com,(209) 439-7815,Active
EMP034894,Stephanie,Thomas,Stephanie Thomas,46,Marketing,Associate,Austin,84023.64,0.0,2024-07-03,22,63.0,stephanie.thomas@company.com,(942) 911-6750,Active
EMP034895,Amanda,Rodriguez,Amanda Rodriguez,22,Operations,Coordinator,Los Angeles,57179.21,8096.4,2020-04-20,0,66.9,amanda.rodriguez@company.com,(662) 545-8577,Active
EMP034896,Nicole,Williams,Nicole Williams,28,Engineering,Senior Developer,Austin,68255.89,8377.02,2023-03-18,4,72.3,nicole.williams@company.com,(356) 687-2779,Active
EMP034897,Ashley,Miller,Ashley Miller,33,Finance,Lead,Miami,88260.37,10594.58,2024-01-24,8,67.5,ashley.miller@company.com,(533) 912-9443,Active
EMP034898,Anthony,Moore,Anthony Moore,60,IT,Associate,Los Angeles,134695.56,14238.6,2021-06-07,34,74.6,anthony.moore@company.com,(701) 241-3006,Active
EMP034899,David,Lopez,David Lopez,22,Finance,Analyst,Los Angeles,115504.44,4350.42,2023-02-27,0,53.6,david.lopez@company.com,(608) 759-1117,Active
EMP034900,Emily,Rodriguez,Emily Rodriguez,37,Legal,Lead,Boston,81741.91,8184.99,2023-06-19,10,100.0,emily.rodriguez@company.com,(895) 798-1865,Active
EMP034901,Lisa,Martinez,Lisa Martinez,32,HR,Specialist,Austin,70499.13,11827.14,2022-01-19,7,76.6,lisa.martinez@company.com,(259) 706-6762,Active
EMP034902,Melissa,Lopez,Melissa Lopez,53,Sales,Manager,Boston,62401.49,428.17,2022-05-22,26,96.1,melissa.lopez@company.com,(261) 770-8272,Active
EMP034903,Jane,Lopez,Jane Lopez,63,Marketing,Specialist,Austin,114860.49,14510.02,2024-04-24,39,86.3,jane.lopez@company.com,(633) 899-8391,On Leave
EMP034904,Christopher,Jackson,Christopher Jackson,43,Sales,Coordinator,Boston,76350.09,7443.17,2023-11-28,20,68.2,christopher.jackson@company.com,(368) 909-7807,Active
EMP034905,Ashley,Taylor,Ashley Taylor,32,Legal,Coordinator,Los Angeles,75367.35,7327.18,2020-11-01,4,72.1,ashley.taylor@company.com,(544) 492-2502,Active
EMP034906,Jane,Taylor,Jane Taylor,30,Engineering,Lead,Boston,69387.93,5232.66,2024-03-23,2,78.7,jane.taylor@company.com,(812) 597-5546,Active
EMP034907,Sarah,Williams,Sarah Williams,50,Marketing,Associate,Los Angeles,78850.04,7928.72,2021-11-24,24,66.2,sarah.williams@company.com,(384) 613-6645,Active
EMP034908,Daniel,Thomas,Daniel Thomas,34,IT,Senior Developer,Chicago,80986.49,8165.94,2023-04-21,11,80.1,daniel.thomas@company.com,(650) 856-3858,Active
EMP034909,John,Taylor,John Taylor,49,Finance,Lead,New York,85734.32,14441.05,2023-03-23,21,65.3,john.taylor@company.com,(413) 954-6787,Active
EMP034910,John,Martinez,John Martinez,61,Engineering,Manager,Austin,123083.34,10944.12,2024-04-11,35,49.6,john.martinez@company.com,(918) 291-5511,Active
EMP034911,Jessica,Rodriguez,Jessica Rodriguez,60,Operations,Senior Developer,Miami,84634.99,8540.98,2021-05-23,33,81.4,jessica.rodriguez@company.com,(613) 712-7617,Active
EMP034912,Amanda,Davis,Amanda Davis,24,Finance,Director,Miami,62249.9,1973.23,2021-05-04,0,63.7,amanda.davis@company.com,(267) 697-7665,Active
EMP034913,Robert,Hernandez,Robert Hernandez,38,Finance,Analyst,San Francisco,77685.63,7236.65,2020-04-20,15,79.3,robert.hernandez@company.com,(233) 275-5950,Active
EMP034914,Michael,Johnson,Michael Johnson,40,Sales,Lead,San Francisco,59838.76,8192.9,2021-04-24,17,96.6,michael.johnson@company.com,(785) 807-1974,Active
EMP034915,Michael,Martin,Michael Martin,58,Marketing,Lead,Seattle,83741.19,5881.33,2020-01-19,30,65.7,michael.martin@company.com,(718) 861-5661,On Leave
EMP034916,James,Jones,James Jones,52,HR,Manager,New York,64974.98,8831.87,2024-08-13,23,83.5,james.jones@company.com,(614) 909-5121,Active
EMP034917,Nicole,Rodriguez,Nicole Rodriguez,56,IT,Director,San Francisco,101471.68,6653.47,2024-11-25,30,77.1,nicole.rodriguez@company.com,(263) 523-8312,Active
EMP034918,Emily,Anderson,Emily Anderson,31,HR,Associate,New York,54053.3,5875.15,2022-07-15,2,63.0,emily.anderson@company.com,(255) 576-7220,Inactive
EMP034919,Ashley,Miller,Ashley Miller,48,Operations,Lead,Boston,68460.93,0.0,2021-08-27,24,80.4,ashley.miller@company.com,(261) 992-6776,Active
EMP034920,Stephanie,Lopez,Stephanie Lopez,27,Operations,Coordinator,Miami,65096.27,9077.29,2021-05-18,1,98.5,stephanie.lopez@company.com,(737) 350-6469,Active
EMP034921,David,Anderson,David Anderson,46,HR,Lead,Seattle,60199.08,10038.84,2021-11-13,21,84.4,david.anderson@company.com,(957) 943-9067,Active
EMP034922,Christopher,Williams,Christopher Williams,22,Finance,Specialist,San Francisco,56821.66,7736.96,2023-04-09,0,80.9,christopher.williams@company.com,(324) 868-6686,Inactive
EMP034923,Anthony,Martinez,Anthony Martinez,26,Finance,Manager,Los Angeles,68024.26,7323.71,2020-05-09,4,55.8,anthony.martinez@company.com,(738) 432-8049,Active
EMP034924,Nicole,Davis,Nicole Davis,31,HR,Associate,Los Angeles,58463.64,9874.78,2021-06-09,6,64.2,nicole.davis@company.com,(891) 743-5417,Active
EMP034925,Melissa,Gonzalez,Melissa Gonzalez,53,Engineering,Lead,San Francisco,105118.41,14876.05,2021-03-27,24,65.5,melissa.gonzalez@company.com,(745) 891-2565,Active
EMP034926,Lisa,Thomas,Lisa Thomas,48,Operations,Coordinator,Chicago,62792.81,8194.95,2020-08-22,21,69.8,lisa.thomas@company.com,(795) 291-3663,Active
EMP034927,Emily,Jackson,Emily Jackson,58,Engineering,Lead,Chicago,77726.5,12126.02,2021-12-08,35,72.9,emily.jackson@company.com,(839) 282-6846,Active
EMP034928,Ashley,Gonzalez,Ashley Gonzalez,56,Marketing,Lead,Seattle,91167.07,7439.1,2021-09-24,27,83.1,ashley.gonzalez@company.com,(814) 851-1321,Active
EMP034929,John,Taylor,John Taylor,51,Operations,Associate,Austin,72448.75,12761.89,2024-08-31,24,92.4,john.taylor@company.com,(460) 400-7482,Active
EMP034930,Sarah,Jackson,Sarah Jackson,59,HR,Senior Developer,Seattle,83238.46,7894.68,2024-10-14,30,100.0,sarah.jackson@company.com,(368) 545-2631,Active
EMP034931,Robert,Taylor,Robert Taylor,42,IT,Coordinator,Seattle,101107.73,7395.87,2024-12-12,14,72.3,robert.taylor@company.com,(694) 525-7102,Inactive
EMP034932,James,Miller,James Miller,57,Sales,Coordinator,San Francisco,93411.96,5202.25,2020-03-15,32,81.0,james.miller@company.com,(808) 343-4867,Inactive
EMP034933,Jessica,Garcia,Jessica Garcia,28,Sales,Associate,New York,59215.39,9174.35,2021-06-26,4,84.5,jessica.garcia@company.com,(299) 916-8158,Active
EMP034934,Melissa,Wilson,Melissa Wilson,35,Operations,Analyst,Seattle,68829.33,6121.32,2021-06-15,11,65.6,melissa.wilson@company.com,(296) 559-5774,Active
EMP034935,Amanda,Anderson,Amanda Anderson,61,Finance,Analyst,Los Angeles,89564.05,3616.35,2020-10-06,39,86.7,amanda.anderson@company.com,(659) 752-8699,Active
EMP034936,Nicole,Hernandez,Nicole Hernandez,26,Legal,Coordinator,Seattle,108893.85,12068.37,2022-03-19,0,60.1,nicole.hernandez@company.com,(686) 959-4080,Active
EMP034937,Melissa,Gonzalez,Melissa Gonzalez,32,IT,Associate,Seattle,73367.64,13508.71,2023-02-12,6,74.5,melissa.gonzalez@company.com,(228) 937-6511,Active
EMP034938,Nicole,Martinez,Nicole Martinez,65,Legal,Analyst,Seattle,130588.03,7053.64,2020-10-03,43,49.6,nicole.martinez@company.com,(696) 413-5362,Active
EMP034939,Melissa,Lopez,Melissa Lopez,22,IT,Manager,Boston,65122.87,4317.92,2023-06-05,0,87.0,melissa.lopez@company.com,(622) 242-7944,Active
EMP034940,Daniel,Miller,Daniel Miller,41,Operations,Coordinator,Chicago,62412.3,2728.5,2021-06-25,12,86.9,daniel.miller@company.com,(323) 672-2179,Active
EMP034941,Ashley,Davis,Ashley Davis,35,Finance,Lead,Boston,56190.28,8293.04,2022-07-13,7,79.1,ashley.davis@company.com,(346) 899-5739,Active
EMP034942,Nicole,Jones,Nicole Jones,23,Sales,Lead,New York,66415.63,8508.22,2022-05-24,0,52.4,nicole.jones@company.com,(403) 912-4946,Active
EMP034943,Stephanie,Brown,Stephanie Brown,43,Sales,Manager,Los Angeles,72835.37,13741.08,2020-07-01,19,86.5,stephanie.brown@company.com,(270) 356-9149,Active
EMP034944,Emily,Garcia,Emily Garcia,30,Marketing,Director,Miami,58764.84,6663.11,2020-03-13,2,67.5,emily.garcia@company.com,(738) 800-7443,Active
EMP034945,Michael,Smith,Michael Smith,62,Engineering,Senior Developer,Miami,118468.84,14260.74,2022-01-08,40,89.0,michael.smith@company.com,(643) 269-4846,Active
EMP034946,Nicole,Martin,Nicole Martin,38,HR,Analyst,Seattle,66703.13,0.0,2021-09-10,11,65.4,nicole.martin@company.com,(511) 862-8045,Active
EMP034947,Ashley,Davis,Ashley Davis,49,Finance,Associate,Austin,86922.1,3514.24,2020-01-13,23,61.4,ashley.davis@company.com,(774) 296-9038,Active
EMP034948,Anthony,Martin,Anthony Martin,28,HR,Associate,Los Angeles,73334.13,12264.63,2020-10-30,0,61.0,anthony.martin@company.com,(920) 953-4319,Active
EMP034949,Anthony,Anderson,Anthony Anderson,22,HR,Senior Developer,Seattle,57840.53,7201.09,2021-01-21,0,73.8,anthony.anderson@company.com,(526) 877-6075,Active
EMP034950,Daniel,Taylor,Daniel Taylor,43,Sales,Analyst,Seattle,93004.2,11552.25,2021-03-14,15,62.8,daniel.taylor@company.com,(418) 780-7581,Active
EMP034951,Melissa,Thomas,Melissa Thomas,61,Marketing,Lead,Seattle,60752.03,4739.26,2023-08-06,38,86.2,melissa.thomas@company.com,(333) 710-8422,Active
EMP034952,Lisa,Rodriguez,Lisa Rodriguez,26,Finance,Specialist,Los Angeles,45177.09,2578.38,2021-11-19,0,60.6,lisa.rodriguez@company.com,(569) 877-3622,Active
EMP034953,Anthony,Garcia,Anthony Garcia,28,HR,Lead,Los Angeles,45898.63,5472.7,2021-09-25,0,59.3,anthony.garcia@company.com,(455) 540-8738,Active
EMP034954,Anthony,Wilson,Anthony Wilson,23,HR,Director,Seattle,74891.72,4009.17,2021-05-25,0,99.2,anthony.wilson@company.com,(312) 893-1583,On Leave
EMP034955,Matthew,Davis,Matthew Davis,59,Engineering,Coordinator,Miami,136396.68,15567.09,2020-07-16,31,92.9,matthew.davis@company.com,(948) 530-5465,Inactive
EMP034956,Daniel,Davis,Daniel Davis,43,Marketing,Lead,Seattle,82912.18,6314.47,2021-12-15,17,82.1,daniel.davis@company.com,(779) 436-9257,Active
EMP034957,Anthony,Smith,Anthony Smith,46,Finance,Director,Seattle,61349.08,8234.18,2024-08-28,21,84.1,anthony.smith@company.com,(359) 303-1816,Active
EMP034958,Sarah,Jones,Sarah Jones,37,Finance,Manager,Seattle,103813.38,16802.64,2022-11-24,15,52.9,sarah.jones@company.com,(780) 943-6375,Active
EMP034959,Sarah,Miller,Sarah Miller,53,IT,Associate,Seattle,94616.67,8369.86,2020-02-03,28,56.0,sarah.miller@company.com,(375) 862-6048,Active
EMP034960,Jessica,Wilson,Jessica Wilson,65,Marketing,Senior Developer,Los Angeles,79849.22,6436.32,2023-08-16,40,64.5,jessica.wilson@company.com,(209) 318-5142,Active
EMP034961,Daniel,Williams,Daniel Williams,46,IT,Director,Seattle,105801.99,11097.9,2023-03-05,22,78.4,daniel.williams@company.com,(997) 756-9684,Active
EMP034962,Nicole,Moore,Nicole Moore,51,Marketing,Manager,New York,84762.77,8572.8,2024-03-06,26,58.8,nicole.moore@company.com,(564) 888-8293,Active
EMP034963,Christopher,Martinez,Christopher Martinez,44,IT,Associate,New York,99862.0,14561.01,2020-09-12,22,87.7,christopher.martinez@company.com,(679) 822-5170,Active
EMP034964,Michael,Williams,Michael Williams,54,HR,Manager,Miami,52654.02,6599.12,2023-02-26,29,84.8,michael.williams@company.com,(994) 906-9191,Active
EMP034965,Amanda,Jones,Amanda Jones,29,HR,Director,San Francisco,59623.31,4376.76,2023-01-03,5,73.8,amanda.jones@company.com,(235) 554-3527,Active
EMP034966,Michael,Gonzalez,Michael Gonzalez,26,HR,Specialist,Chicago,63110.55,3189.03,2020-01-26,0,84.8,michael.gonzalez@company.com,(684) 305-6445,Inactive
EMP034967,Robert,Garcia,Robert Garcia,44,HR,Associate,Los Angeles,85140.79,7633.48,2021-05-01,19,61.5,robert.garcia@company.com,(504) 857-5090,Active
EMP034968,Michael,Williams,Michael Williams,54,Sales,Specialist,Boston,95114.79,8030.16,2020-02-05,25,77.5,michael.williams@company.com,(252) 541-4989,Active
EMP034969,Daniel,Miller,Daniel Miller,37,Marketing,Coordinator,Seattle,67129.09,3619.27,2020-06-03,9,70.3,daniel.miller@company.com,(449) 452-6392,On Leave
EMP034970,Sarah,Moore,Sarah Moore,30,HR,Senior Developer,Miami,53545.29,1653.11,2023-03-19,5,91.3,sarah.moore@company.com,(348) 317-6067,Active
EMP034971,Jane,Anderson,Jane Anderson,54,Marketing,Manager,Austin,81834.6,4805.92,2023-12-06,26,78.3,jane.anderson@company.com,(916) 749-5873,Inactive
EMP034972,Sarah,Lopez,Sarah Lopez,25,Sales,Coordinator,San Francisco,65518.21,5743.61,2023-04-19,0,75.4,sarah.lopez@company.com,(649) 203-1663,On Leave
EMP034973,David,Hernandez,David Hernandez,61,Legal,Director,Boston,122889.56,10080.33,2020-09-24,35,56.6,david.hernandez@company.com,(528) 845-7530,Active
EMP034974,Stephanie,Williams,Stephanie Williams,31,Marketing,Analyst,Miami,80909.95,8863.14,2021-12-22,3,75.2,stephanie.williams@company.com,(312) 309-6657,Active
EMP034975,Emily,Rodriguez,Emily Rodriguez,31,Marketing,Manager,Los Angeles,70983.42,7875.56,2023-06-29,9,96.1,emily.rodriguez@company.com,(772) 651-1079,Active
EMP034976,Nicole,Smith,Nicole Smith,36,Legal,Senior Developer,Chicago,62081.68,7178.65,2023-07-24,12,55.2,nicole.smith@company.com,(883) 523-3251,Active
EMP034977,Daniel,Moore,Daniel Moore,34,Sales,Associate,Chicago,59250.91,5310.88,2021-07-27,10,96.8,daniel.moore@company.com,(246) 755-6943,Active
EMP034978,Christopher,Garcia,Christopher Garcia,43,Operations,Specialist,New York,78127.53,8427.53,2020-09-12,17,87.2,christopher.garcia@company.com,(921) 255-2869,Active
EMP034979,Christopher,Smith,Christopher Smith,26,Operations,Manager,Austin,76286.02,7898.15,2022-03-19,3,65.3,christopher.smith@company.com,(622) 846-4913,Active
EMP034980,Melissa,Garcia,Melissa Garcia,27,IT,Senior Developer,Boston,70674.1,11343.37,2021-03-02,1,75.0,melissa.garcia@company.com,(472) 459-3566,On Leave
EMP034981,David,Hernandez,David Hernandez,53,Sales,Director,Boston,91342.41,5141.44,2021-06-29,26,79.7,david.hernandez@company.com,(452) 560-8795,Active
EMP034982,Jessica,Rodriguez,Jessica Rodriguez,61,HR,Manager,New York,93529.39,10640.36,2022-04-19,38,53.5,jessica.rodriguez@company.com,(667) 305-7589,Active
EMP034983,Anthony,Thomas,Anthony Thomas,27,Finance,Director,Los Angeles,57588.38,4632.75,2022-12-09,2,63.6,anthony.thomas@company.com,(934) 448-5898,Active
EMP034984,Nicole,Thomas,Nicole Thomas,52,IT,Specialist,Los Angeles,97223.33,17375.02,2024-05-30,30,82.1,nicole.thomas@company.com,(460) 436-5903,Active
EMP034985,Jessica,Lopez,Jessica Lopez,65,Legal,Director,San Francisco,114267.16,13317.65,2023-02-07,41,75.9,jessica.lopez@company.com,(614) 407-6119,Active
EMP034986,Amanda,Davis,Amanda Davis,28,IT,Coordinator,Chicago,61732.14,5866.96,2022-02-16,5,70.3,amanda.davis@company.com,(801) 881-9536,Active
EMP034987,Jessica,Moore,Jessica Moore,42,Finance,Coordinator,New York,91667.46,14159.34,2022-01-15,13,100.0,jessica.moore@company.com,(266) 990-7717,Active
EMP034988,Ashley,Gonzalez,Ashley Gonzalez,39,Marketing,Lead,Austin,71356.1,1226.96,2021-10-16,17,74.9,ashley.gonzalez@company.com,(611) 805-7520,Active
EMP034989,Nicole,Jackson,Nicole Jackson,28,Marketing,Director,San Francisco,69091.78,6339.84,2020-01-10,6,65.8,nicole.jackson@company.com,(315) 770-9205,Active
EMP034990,Robert,Anderson,Robert Anderson,54,Finance,Director,Chicago,99258.35,5555.81,2023-11-26,29,91.9,robert.anderson@company.com,(217) 391-8936,Active
EMP034991,David,Rodriguez,David Rodriguez,65,HR,Senior Developer,Austin,69483.72,14372.93,2024-06-09,43,74.2,david.rodriguez@company.com,(653) 879-5498,Inactive
EMP034992,Daniel,Jones,Daniel Jones,65,Operations,Lead,Austin,79404.59,7758.56,2023-06-21,42,76.4,daniel.jones@company.com,(277) 372-9571,Active
EMP034993,Christopher,Smith,Christopher Smith,40,HR,Specialist,Los Angeles,57812.65,2649.44,2022-03-17,15,84.3,christopher.smith@company.com,(474) 346-4377,Active
EMP034994,Emily,Rodriguez,Emily Rodriguez,53,HR,Lead,Los Angeles,97432.19,7479.04,2021-03-12,28,79.1,emily.rodriguez@company.com,(698) 889-2405,Active
EMP034995,Melissa,Martinez,Melissa Martinez,24,Sales,Director,Seattle,81366.94,2004.67,2022-06-24,2,79.0,melissa.martinez@company.com,(665) 982-2340,On Leave
EMP034996,Amanda,Thomas,Amanda Thomas,43,Marketing,Analyst,Miami,59191.34,11781.02,2024-04-04,17,58.7,amanda.thomas@company.com,(582) 210-5528,On Leave
EMP034997,Matthew,Taylor,Matthew Taylor,38,HR,Director,Chicago,78814.44,9961.76,2023-11-11,16,60.3,matthew.taylor@company.com,(904) 735-2555,Active
EMP034998,James,Wilson,James Wilson,37,Finance,Manager,San Francisco,72918.32,7829.71,2020-04-30,9,100.0,james.wilson@company.com,(690) 949-1291,Active
EMP034999,James,Davis,James Davis,43,HR,Specialist,Chicago,60584.11,2703.94,2022-07-16,17,80.8,james.davis@company.com,(756) 284-9203,Active
EMP035000,Robert,Martin,Robert Martin,45,Marketing,Coordinator,Boston,80814.09,8532.28,2023-05-05,17,51.0,robert.martin@company.com,(862) 341-9528,Active
EMP035001,John,Brown,John Brown,45,Marketing,Lead,Miami,63921.81,809.02,2023-07-17,17,95.2,john.brown@company.com,(519) 221-2573,Active
EMP035002,Michael,Lopez,Michael Lopez,62,IT,Analyst,Miami,77591.3,5485.9,2022-03-12,37,65.5,michael.lopez@company.com,(444) 696-9887,Active
EMP035003,John,Williams,John Williams,23,Finance,Manager,Los Angeles,55467.02,3818.97,2021-10-06,1,77.7,john.williams@company.com,(567) 331-2789,Active
EMP035004,Daniel,Hernandez,Daniel Hernandez,59,Operations,Manager,San Francisco,43997.48,1568.38,2020-11-07,33,67.9,daniel.hernandez@company.com,(395) 564-5625,Active
EMP035005,Christopher,Rodriguez,Christopher Rodriguez,53,Finance,Manager,Chicago,68908.47,7930.8,2020-04-24,27,77.3,christopher.rodriguez@company.com,(795) 947-9455,Active
EMP035006,Anthony,Martinez,Anthony Martinez,53,Operations,Analyst,Seattle,58110.53,8840.27,2020-10-26,31,63.5,anthony.martinez@company.com,(957) 584-8018,Active
EMP035007,Matthew,Jones,Matthew Jones,55,Marketing,Specialist,Boston,84063.02,9153.58,2021-12-26,27,78.4,matthew.jones@company.com,(312) 204-3266,Active
EMP035008,Sarah,Davis,Sarah Davis,47,Operations,Specialist,Boston,57447.66,6497.92,2022-06-07,19,74.3,sarah.davis@company.com,(828) 329-3190,Active
EMP035009,Robert,Miller,Robert Miller,56,Finance,Lead,Los Angeles,95083.16,14736.12,2020-04-05,31,100.0,robert.miller@company.com,(441) 783-3457,Active
EMP035010,Jane,Davis,Jane Davis,30,HR,Lead,Miami,57920.41,4672.31,2020-11-12,2,83.6,jane.davis@company.com,(259) 222-1125,Active
EMP035011,Robert,Miller,Robert Miller,30,Finance,Analyst,Los Angeles,86574.73,6181.64,2021-11-16,4,62.2,robert.miller@company.com,(980) 699-9986,Active
EMP035012,William,Moore,William Moore,55,Legal,Director,Chicago,108720.4,12442.94,2024-02-09,26,75.7,william.moore@company.com,(493) 623-2868,Active
EMP035013,David,Martinez,David Martinez,31,IT,Director,Seattle,96700.16,5012.63,2024-11-02,6,76.9,david.martinez@company.com,(676) 392-4139,Active
EMP035014,Emily,Hernandez,Emily Hernandez,58,HR,Specialist,Miami,85739.06,1814.31,2021-09-15,29,83.2,emily.hernandez@company.com,(981) 705-5239,Active
EMP035015,Daniel,Anderson,Daniel Anderson,49,Marketing,Coordinator,Austin,78957.67,4434.31,2023-12-17,23,86.3,daniel.anderson@company.com,(789) 750-4361,Active
EMP035016,Ashley,Miller,Ashley Miller,22,Marketing,Associate,Austin,63634.05,12931.08,2021-05-18,0,63.0,ashley.miller@company.com,(769) 582-3835,Active
EMP035017,Nicole,Garcia,Nicole Garcia,60,Finance,Associate,Seattle,93445.38,0.0,2023-03-19,33,72.5,nicole.garcia@company.com,(285) 306-5196,Active
EMP035018,Jane,Rodriguez,Jane Rodriguez,58,HR,Manager,Austin,66910.76,9786.41,2021-10-01,36,78.5,jane.rodriguez@company.com,(843) 728-5030,Active
EMP035019,Sarah,Williams,Sarah Williams,52,Engineering,Specialist,New York,104470.05,6104.69,2020-05-14,27,68.3,sarah.williams@company.com,(230) 816-8171,Inactive
EMP035020,Sarah,Martinez,Sarah Martinez,51,Legal,Manager,Austin,101114.21,2224.31,2023-02-03,24,88.9,sarah.martinez@company.com,(945) 460-4107,Inactive
EMP035021,James,Johnson,James Johnson,38,Legal,Analyst,New York,88952.35,18569.12,2023-03-08,14,61.3,james.johnson@company.com,(909) 429-6213,Active
EMP035022,Nicole,Brown,Nicole Brown,32,Operations,Manager,New York,48957.82,5137.86,2021-01-01,8,74.1,nicole.brown@company.com,(748) 315-2837,Active
EMP035023,Ashley,Brown,Ashley Brown,59,Finance,Specialist,Austin,90338.14,5718.89,2020-01-27,33,57.2,ashley.brown@company.com,(948) 693-5302,Active
EMP035024,Ashley,Martin,Ashley Martin,64,Sales,Analyst,New York,121890.73,27995.53,2022-05-01,39,64.8,ashley.martin@company.com,(522) 964-2341,Active
EMP035025,Robert,Martinez,Robert Martinez,62,Finance,Associate,Chicago,74125.97,4822.71,2020-05-16,36,76.2,robert.martinez@company.com,(962) 980-6330,On Leave
EMP035026,Jessica,Miller,Jessica Miller,61,IT,Analyst,Austin,105832.35,8620.56,2020-05-13,39,76.2,jessica.miller@company.com,(551) 643-7832,Active
EMP035027,Stephanie,Wilson,Stephanie Wilson,56,IT,Senior Developer,Chicago,128446.65,19901.55,2020-01-16,32,59.6,stephanie.wilson@company.com,(311) 963-3363,Active
EMP035028,Nicole,Brown,Nicole Brown,53,IT,Manager,New York,96716.93,9425.28,2021-02-26,27,78.2,nicole.brown@company.com,(335) 360-5571,Active
EMP035029,Nicole,Miller,Nicole Miller,35,Operations,Lead,New York,63014.31,7729.96,2020-08-22,6,46.4,nicole.miller@company.com,(945) 679-8155,Active
EMP035030,Stephanie,Lopez,Stephanie Lopez,47,Operations,Director,Miami,48634.53,2054.2,2023-12-10,19,77.8,stephanie.lopez@company.com,(441) 236-4309,Active
EMP035031,Jane,Anderson,Jane Anderson,48,IT,Associate,Seattle,90054.85,12525.28,2020-12-31,23,69.7,jane.anderson@company.com,(598) 885-5502,Active
EMP035032,Jessica,Davis,Jessica Davis,53,Finance,Senior Developer,Miami,93847.18,16205.05,2023-03-09,31,55.9,jessica.davis@company.com,(726) 550-2733,Active
EMP035033,Anthony,Gonzalez,Anthony Gonzalez,63,Operations,Analyst,Los Angeles,78308.39,1219.32,2024-08-29,37,53.9,anthony.gonzalez@company.com,(499) 709-5278,Active
EMP035034,Stephanie,Rodriguez,Stephanie Rodriguez,36,IT,Associate,Austin,101032.82,0.0,2020-01-31,7,86.8,stephanie.rodriguez@company.com,(835) 525-7613,Active
EMP035035,Stephanie,Moore,Stephanie Moore,63,Finance,Analyst,Chicago,102311.7,5096.32,2023-08-11,41,59.8,stephanie.moore@company.com,(243) 416-6907,Active
EMP035036,Jane,Hernandez,Jane Hernandez,37,Marketing,Coordinator,New York,63521.33,4742.75,2020-09-04,12,50.2,jane.hernandez@company.com,(838) 762-9882,Active
EMP035037,John,Garcia,John Garcia,60,Marketing,Associate,Seattle,82857.46,5165.73,2022-07-01,36,80.8,john.garcia@company.com,(759) 636-5807,Active
EMP035038,Ashley,Lopez,Ashley Lopez,35,Operations,Coordinator,Miami,47241.94,5871.7,2022-04-29,6,88.9,ashley.lopez@company.com,(275) 518-8108,Active
EMP035039,Jessica,Wilson,Jessica Wilson,33,Operations,Analyst,San Francisco,35326.96,4178.59,2021-12-26,5,71.6,jessica.wilson@company.com,(655) 427-9974,Active
EMP035040,Lisa,Taylor,Lisa Taylor,23,Sales,Manager,Miami,66070.35,4957.03,2021-01-31,0,65.7,lisa.taylor@company.com,(288) 522-4402,Active
EMP035041,Amanda,Moore,Amanda Moore,51,Legal,Senior Developer,Los Angeles,127617.83,21718.27,2024-12-03,28,100.0,amanda.moore@company.com,(629) 800-4558,Active
EMP035042,Jessica,Wilson,Jessica Wilson,30,Finance,Lead,Miami,40779.29,4462.46,2023-07-25,8,76.7,jessica.wilson@company.com,(791) 488-9935,Active
EMP035043,Nicole,Thomas,Nicole Thomas,37,Operations,Senior Developer,New York,55930.29,8761.97,2023-11-19,15,88.5,nicole.thomas@company.com,(379) 863-3016,Active
EMP035044,Michael,Lopez,Michael Lopez,53,Operations,Senior Developer,Chicago,72723.7,5232.56,2022-05-19,24,52.0,michael.lopez@company.com,(537) 524-5154,Active
EMP035045,Jessica,Garcia,Jessica Garcia,45,Engineering,Associate,Austin,78993.23,9852.18,2020-06-22,21,68.6,jessica.garcia@company.com,(957) 655-7683,Active
EMP035046,Sarah,Davis,Sarah Davis,45,Marketing,Lead,Miami,62941.91,9539.83,2024-03-08,21,85.1,sarah.davis@company.com,(322) 867-3185,Active
EMP035047,Emily,Miller,Emily Miller,58,Finance,Manager,Chicago,83075.38,3436.7,2020-08-11,33,65.3,emily.miller@company.com,(743) 318-1517,Active
EMP035048,Amanda,Garcia,Amanda Garcia,46,Sales,Specialist,New York,112652.74,12438.68,2020-11-04,17,81.3,amanda.garcia@company.com,(812) 277-8053,Active
EMP035049,Michael,Smith,Michael Smith,30,Engineering,Specialist,Miami,67033.41,8139.73,2021-09-30,2,54.4,michael.smith@company.com,(490) 833-6895,Active
EMP035050,William,Brown,William Brown,31,Marketing,Lead,Los Angeles,53697.08,9658.11,2022-12-04,9,82.7,william.brown@company.com,(789) 394-7351,Active
EMP035051,Lisa,Moore,Lisa Moore,56,Engineering,Senior Developer,Miami,120723.65,8452.39,2023-10-16,30,100.0,lisa.moore@company.com,(544) 648-3918,Active
EMP035052,Jessica,Martin,Jessica Martin,54,Legal,Specialist,Seattle,102781.61,9859.96,2022-11-15,30,88.7,jessica.martin@company.com,(529) 450-7102,Inactive
EMP035053,Anthony,Davis,Anthony Davis,35,Engineering,Specialist,Los Angeles,94921.13,10294.17,2023-01-30,9,99.5,anthony.davis@company.com,(569) 573-1778,Active
EMP035054,Emily,Johnson,Emily Johnson,56,Sales,Specialist,New York,69311.22,8762.02,2021-06-26,32,58.1,emily.johnson@company.com,(676) 285-4225,Active
EMP035055,Jessica,Garcia,Jessica Garcia,61,Operations,Senior Developer,Los Angeles,82950.67,5578.33,2024-10-11,33,49.3,jessica.garcia@company.com,(838) 715-2850,Active
EMP035056,Emily,Johnson,Emily Johnson,31,Legal,Specialist,Seattle,37500.0,7726.0,2021-01-14,7,58.1,emily.johnson@company.com,(564) 972-5649,Active
EMP035057,James,Gonzalez,James Gonzalez,22,Finance,Specialist,Los Angeles,56318.64,5392.38,2022-11-06,0,69.2,james.gonzalez@company.com,(765) 637-2582,Active
EMP035058,Stephanie,Brown,Stephanie Brown,48,Finance,Coordinator,Seattle,68233.13,7857.93,2024-10-16,24,97.0,stephanie.brown@company.com,(518) 623-7828,Active
EMP035059,Jane,Johnson,Jane Johnson,32,Marketing,Coordinator,Boston,53275.79,2480.65,2021-12-28,4,64.2,jane.johnson@company.com,(772) 804-9817,Active
EMP035060,Stephanie,Smith,Stephanie Smith,45,Marketing,Senior Developer,New York,88933.44,14996.12,2023-08-25,19,56.1,stephanie.smith@company.com,(466) 904-5018,Active
EMP035061,Sarah,Wilson,Sarah Wilson,35,Operations,Lead,Chicago,25500.0,2328.15,2021-09-20,9,64.7,sarah.wilson@company.com,(868) 978-4907,Active
EMP035062,James,Jackson,James Jackson,46,Engineering,Analyst,Miami,83470.91,9467.42,2020-03-22,23,80.9,james.jackson@company.com,(546) 390-7285,Active
EMP035063,Emily,Johnson,Emily Johnson,55,Marketing,Associate,Los Angeles,111451.62,17818.12,2022-02-16,32,94.5,emily.johnson@company.com,(512) 372-4374,Active
EMP035064,Nicole,Jones,Nicole Jones,52,Engineering,Coordinator,Seattle,86894.13,697.59,2021-04-25,23,66.2,nicole.jones@company.com,(919) 352-9280,Active
EMP035065,James,Wilson,James Wilson,24,Engineering,Senior Developer,Miami,64460.76,3887.72,2022-06-27,0,79.5,james.wilson@company.com,(635) 830-9818,Active
EMP035066,Ashley,Brown,Ashley Brown,52,Finance,Coordinator,New York,95584.53,14432.34,2023-09-04,29,78.2,ashley.brown@company.com,(329) 277-1181,Active
EMP035067,Jane,Garcia,Jane Garcia,39,Legal,Senior Developer,Miami,62974.45,6033.26,2020-03-07,14,100.0,jane.garcia@company.com,(993) 575-7884,Active
EMP035068,Stephanie,Thomas,Stephanie Thomas,30,Legal,Coordinator,Chicago,112695.92,10953.08,2024-10-29,2,65.4,stephanie.thomas@company.com,(607) 534-5606,Active
EMP035069,Ashley,Anderson,Ashley Anderson,25,Finance,Associate,Austin,49699.02,7016.62,2021-01-08,0,78.8,ashley.anderson@company.com,(271) 326-5930,Active
EMP035070,Jessica,Lopez,Jessica Lopez,44,Engineering,Lead,San Francisco,103282.81,22052.75,2020-03-27,21,71.5,jessica.lopez@company.com,(911) 872-8265,Active
EMP035071,Robert,Rodriguez,Robert Rodriguez,64,Operations,Manager,San Francisco,88317.67,12975.4,2021-07-01,40,81.7,robert.rodriguez@company.com,(540) 815-8698,On Leave
EMP035072,James,Gonzalez,James Gonzalez,64,IT,Lead,New York,98013.94,5524.35,2023-01-03,37,75.0,james.gonzalez@company.com,(532) 555-6079,Active
EMP035073,Jessica,Davis,Jessica Davis,57,IT,Coordinator,Los Angeles,92146.55,8661.86,2023-10-14,32,86.2,jessica.davis@company.com,(744) 734-7426,Active
EMP035074,Ashley,Johnson,Ashley Johnson,64,Operations,Specialist,Austin,88657.17,846.96,2021-09-20,35,68.8,ashley.johnson@company.com,(853) 876-5584,Active
EMP035075,Amanda,Martinez,Amanda Martinez,52,Finance,Associate,Austin,83145.99,11959.82,2021-09-03,23,60.4,amanda.martinez@company.com,(821) 422-8847,Active
EMP035076,Jane,Johnson,Jane Johnson,60,IT,Manager,Chicago,101504.76,7459.08,2022-10-22,38,78.2,jane.johnson@company.com,(978) 532-2962,Inactive
EMP035077,Ashley,Taylor,Ashley Taylor,24,Legal,Analyst,Austin,62223.39,9095.06,2020-02-05,0,72.8,ashley.taylor@company.com,(317) 492-3481,Active
EMP035078,Ashley,Gonzalez,Ashley Gonzalez,63,Operations,Director,Los Angeles,62788.48,7940.16,2024-08-15,36,79.7,ashley.gonzalez@company.com,(592) 482-4168,Active
EMP035079,Emily,Garcia,Emily Garcia,47,Operations,Manager,New York,53601.12,5643.72,2020-10-16,22,86.7,emily.garcia@company.com,(625) 412-5629,On Leave
EMP035080,Sarah,Johnson,Sarah Johnson,23,Marketing,Coordinator,Chicago,47484.45,3476.12,2024-07-01,0,81.2,sarah.johnson@company.com,(399) 718-7471,Active
EMP035081,James,Brown,James Brown,51,Legal,Manager,Miami,87269.17,9948.21,2023-07-25,27,48.3,james.brown@company.com,(992) 812-9509,Active
EMP035082,Daniel,Davis,Daniel Davis,46,HR,Lead,Seattle,59449.48,1771.53,2022-04-29,22,76.6,daniel.davis@company.com,(814) 672-4493,Active
EMP035083,James,Garcia,James Garcia,22,Finance,Senior Developer,Chicago,57437.35,0.0,2023-03-13,0,72.9,james.garcia@company.com,(800) 548-9413,Active
EMP035084,John,Taylor,John Taylor,60,Legal,Coordinator,Los Angeles,59016.64,0.0,2023-03-12,34,80.3,john.taylor@company.com,(761) 897-4355,Active
EMP035085,Christopher,Miller,Christopher Miller,29,Legal,Senior Developer,Boston,69710.06,7260.58,2022-04-12,1,97.4,christopher.miller@company.com,(815) 644-6304,Active
EMP035086,Melissa,Brown,Melissa Brown,38,Legal,Specialist,Seattle,93635.07,14501.38,2021-12-06,15,78.7,melissa.brown@company.com,(216) 440-3991,Active
EMP035087,James,Jones,James Jones,32,Sales,Manager,Austin,70739.41,9855.12,2023-07-10,6,62.4,james.jones@company.com,(967) 301-5772,Inactive
EMP035088,Ashley,Rodriguez,Ashley Rodriguez,35,Engineering,Lead,Chicago,108555.65,14350.49,2024-04-04,6,76.5,ashley.rodriguez@company.com,(221) 998-2982,Active
EMP035089,Ashley,Gonzalez,Ashley Gonzalez,29,Finance,Specialist,Miami,58388.45,5530.42,2023-04-09,0,86.0,ashley.gonzalez@company.com,(718) 291-4287,Active
EMP035090,Lisa,Garcia,Lisa Garcia,56,Marketing,Senior Developer,Miami,67266.49,3314.76,2020-06-12,31,76.9,lisa.garcia@company.com,(846) 418-2202,Active
EMP035091,Christopher,Anderson,Christopher Anderson,53,Engineering,Analyst,New York,126632.14,2770.98,2023-12-26,29,60.8,christopher.anderson@company.com,(966) 495-2527,Active
EMP035092,Robert,Rodriguez,Robert Rodriguez,55,Legal,Associate,Miami,141451.84,9761.68,2021-12-12,26,84.8,robert.rodriguez@company.com,(340) 287-2230,Active
EMP035093,Matthew,Williams,Matthew Williams,53,Legal,Senior Developer,Boston,142368.55,19058.12,2023-02-27,25,69.5,matthew.williams@company.com,(793) 549-3317,Active
EMP035094,Christopher,Taylor,Christopher Taylor,45,Operations,Coordinator,Chicago,77339.55,5146.28,2020-07-13,20,47.9,christopher.taylor@company.com,(243) 499-2820,Active
EMP035095,Matthew,Rodriguez,Matthew Rodriguez,62,HR,Analyst,Austin,73365.47,6752.47,2021-02-08,36,88.6,matthew.rodriguez@company.com,(777) 942-4983,Active
EMP035096,Daniel,Miller,Daniel Miller,37,Sales,Associate,Los Angeles,69076.03,5832.41,2022-03-10,13,45.4,daniel.miller@company.com,(351) 950-9116,Active
EMP035097,Robert,Wilson,Robert Wilson,34,Engineering,Manager,Miami,67118.56,9212.32,2020-11-04,7,79.9,robert.wilson@company.com,(771) 644-7505,Active
EMP035098,Sarah,Rodriguez,Sarah Rodriguez,22,Finance,Director,San Francisco,41078.75,1001.95,2020-01-05,0,76.8,sarah.rodriguez@company.com,(456) 660-3415,Active
EMP035099,Anthony,Taylor,Anthony Taylor,22,Marketing,Director,New York,30942.94,3687.98,2023-03-26,0,67.5,anthony.taylor@company.com,(874) 242-4446,Active
EMP035100,James,Jackson,James Jackson,59,Finance,Associate,Boston,100943.5,7891.86,2021-01-03,36,78.5,james.jackson@company.com,(786) 632-8394,Active
EMP035101,Emily,Johnson,Emily Johnson,63,Legal,Coordinator,New York,92763.94,0.0,2022-04-01,38,28.1,emily.johnson@company.com,(946) 376-1415,Active
EMP035102,Jessica,Lopez,Jessica Lopez,52,Operations,Manager,San Francisco,55847.46,6162.7,2022-05-04,30,73.2,jessica.lopez@company.com,(209) 722-5694,Active
EMP035103,Sarah,Williams,Sarah Williams,42,IT,Senior Developer,New York,93606.13,6658.4,2021-12-05,18,83.5,sarah.williams@company.com,(421) 860-5145,Active
EMP035104,Christopher,Anderson,Christopher Anderson,32,Engineering,Senior Developer,Seattle,70939.27,7277.94,2023-10-02,8,44.1,christopher.anderson@company.com,(928) 838-1136,Active
EMP035105,Sarah,Thomas,Sarah Thomas,53,Legal,Coordinator,Miami,132166.54,7256.56,2023-11-23,25,88.3,sarah.thomas@company.com,(787) 665-5894,Active
EMP035106,Stephanie,Wilson,Stephanie Wilson,59,HR,Manager,San Francisco,82922.98,7424.07,2022-01-12,33,85.2,stephanie.wilson@company.com,(984) 554-5965,Active
EMP035107,Sarah,Wilson,Sarah Wilson,45,Operations,Analyst,Chicago,75043.08,3955.7,2021-11-15,23,65.0,sarah.wilson@company.com,(414) 767-1644,Inactive
EMP035108,Ashley,Martin,Ashley Martin,46,Legal,Director,Boston,93981.79,9918.8,2020-06-27,24,75.8,ashley.martin@company.com,(416) 884-4403,Active
EMP035109,Robert,Gonzalez,Robert Gonzalez,47,Operations,Director,San Francisco,67490.13,5547.87,2022-03-10,23,65.5,robert.gonzalez@company.com,(489) 920-4719,Active
EMP035110,Jessica,Moore,Jessica Moore,43,Marketing,Senior Developer,Miami,94056.48,13906.77,2022-06-26,20,69.7,jessica.moore@company.com,(287) 613-5698,Active
EMP035111,Jane,Williams,Jane Williams,24,Operations,Coordinator,Los Angeles,39500.03,458.71,2024-04-08,1,59.8,jane.williams@company.com,(661) 472-6128,Active
EMP035112,Nicole,Martin,Nicole Martin,24,Finance,Coordinator,Seattle,69183.28,11137.65,2024-01-26,2,84.7,nicole.martin@company.com,(592) 430-2185,Active
EMP035113,Robert,Johnson,Robert Johnson,45,Marketing,Senior Developer,Miami,68021.2,6661.98,2023-06-09,21,93.1,robert.johnson@company.com,(719) 334-5681,Active
EMP035114,Stephanie,Williams,Stephanie Williams,36,IT,Specialist,Miami,92955.33,13358.74,2023-07-22,12,68.3,stephanie.williams@company.com,(537) 340-5491,Active
EMP035115,Matthew,Garcia,Matthew Garcia,22,HR,Specialist,Seattle,51318.3,8868.69,2021-03-05,0,81.4,matthew.garcia@company.com,(246) 663-1622,Active
EMP035116,Jessica,Martinez,Jessica Martinez,51,IT,Director,Miami,111514.58,9988.66,2022-10-30,26,91.9,jessica.martinez@company.com,(998) 306-2376,Active
EMP035117,Melissa,Martin,Melissa Martin,39,Sales,Senior Developer,Los Angeles,90351.09,3942.5,2022-02-04,15,89.3,melissa.martin@company.com,(735) 648-4720,Active
EMP035118,Emily,Lopez,Emily Lopez,51,Sales,Analyst,Boston,67562.5,5555.14,2021-04-18,24,74.7,emily.lopez@company.com,(258) 906-9344,Active
EMP035119,Sarah,Moore,Sarah Moore,29,Marketing,Analyst,Miami,43818.43,5395.71,2023-08-29,4,48.5,sarah.moore@company.com,(732) 490-1632,Active
EMP035120,Nicole,Moore,Nicole Moore,24,Operations,Analyst,Boston,64022.27,2636.63,2020-09-15,2,68.5,nicole.moore@company.com,(442) 251-9492,Active
EMP035121,Matthew,Martin,Matthew Martin,31,Legal,Analyst,Miami,92343.18,13846.64,2022-07-31,6,100.0,matthew.martin@company.com,(346) 738-6037,Active
EMP035122,Sarah,Wilson,Sarah Wilson,50,Finance,Coordinator,Chicago,84645.4,10947.88,2020-05-15,28,65.8,sarah.wilson@company.com,(474) 487-9721,Active
EMP035123,Daniel,Moore,Daniel Moore,36,Legal,Analyst,Seattle,95715.41,14539.86,2024-02-13,7,78.4,daniel.moore@company.com,(426) 830-3764,Active
EMP035124,Lisa,Miller,Lisa Miller,60,Marketing,Specialist,San Francisco,79956.7,10257.93,2023-11-22,35,71.7,lisa.miller@company.com,(873) 914-9293,Active
EMP035125,James,Johnson,James Johnson,37,Engineering,Associate,Miami,112013.54,21540.54,2024-09-01,8,90.3,james.johnson@company.com,(238) 374-1202,Active
EMP035126,Robert,Rodriguez,Robert Rodriguez,55,HR,Senior Developer,Boston,82828.63,15639.5,2021-04-29,28,86.4,robert.rodriguez@company.com,(544) 789-4269,Active
EMP035127,Lisa,Rodriguez,Lisa Rodriguez,29,Legal,Specialist,Los Angeles,70226.79,3604.09,2023-05-22,5,45.4,lisa.rodriguez@company.com,(312) 347-9665,Inactive
EMP035128,William,Hernandez,William Hernandez,29,Finance,Associate,Los Angeles,66309.47,6011.53,2022-03-06,6,81.6,william.hernandez@company.com,(343) 718-5691,Active
EMP035129,Daniel,Jackson,Daniel Jackson,60,Sales,Analyst,Chicago,57416.88,985.96,2022-01-28,33,58.1,daniel.jackson@company.com,(492) 319-3951,Active
EMP035130,Emily,Williams,Emily Williams,49,Marketing,Specialist,Seattle,82560.84,9418.58,2021-08-12,20,85.3,emily.williams@company.com,(615) 682-8153,Active
EMP035131,Emily,Davis,Emily Davis,63,Finance,Director,New York,136087.76,11489.74,2020-07-04,39,73.0,emily.davis@company.com,(690) 959-4863,Inactive
EMP035132,Melissa,Martinez,Melissa Martinez,33,IT,Senior Developer,Miami,89839.25,11812.39,2024-04-08,7,51.1,melissa.martinez@company.com,(500) 696-8493,Active
EMP035133,James,Smith,James Smith,24,IT,Analyst,Chicago,56681.77,7549.08,2023-10-28,1,93.5,james.smith@company.com,(662) 679-1354,Active
EMP035134,William,Martinez,William Martinez,38,Finance,Specialist,Boston,79780.34,6621.43,2022-02-16,16,89.2,william.martinez@company.com,(675) 693-7749,Active
EMP035135,John,Williams,John Williams,63,IT,Analyst,Miami,149543.05,18888.72,2020-06-30,38,40.5,john.williams@company.com,(259) 782-4106,Active
EMP035136,Jane,Martinez,Jane Martinez,63,Marketing,Lead,Seattle,101676.74,4665.98,2020-07-08,41,93.4,jane.martinez@company.com,(345) 482-6391,Active
EMP035137,Ashley,Lopez,Ashley Lopez,39,Finance,Analyst,San Francisco,59987.04,7253.27,2021-12-05,15,75.4,ashley.lopez@company.com,(316) 501-7803,Active
EMP035138,Michael,Martin,Michael Martin,29,Engineering,Specialist,Boston,96691.31,16440.41,2020-05-01,3,66.7,michael.martin@company.com,(288) 209-5458,Active
EMP035139,Jane,Hernandez,Jane Hernandez,64,Engineering,Senior Developer,New York,114809.42,5774.94,2023-02-17,39,80.0,jane.hernandez@company.com,(447) 462-5867,Active
EMP035140,Ashley,Martin,Ashley Martin,24,HR,Associate,Miami,76728.57,12730.0,2022-12-27,2,56.1,ashley.martin@company.com,(790) 734-4557,Active
EMP035141,Amanda,Smith,Amanda Smith,40,Marketing,Specialist,Boston,83479.5,10316.0,2023-02-05,15,64.9,amanda.smith@company.com,(933) 837-7784,Active
EMP035142,Sarah,Miller,Sarah Miller,58,Marketing,Specialist,Seattle,93111.99,16255.42,2022-08-30,29,35.3,sarah.miller@company.com,(234) 498-4067,Active
EMP035143,William,Rodriguez,William Rodriguez,29,HR,Senior Developer,Boston,72649.11,7486.74,2020-02-12,7,75.7,william.rodriguez@company.com,(335) 640-6069,Active
EMP035144,Michael,Hernandez,Michael Hernandez,64,Operations,Associate,Austin,61638.82,8502.61,2024-04-12,40,63.2,michael.hernandez@company.com,(361) 822-3599,Inactive
EMP035145,Nicole,Brown,Nicole Brown,64,Marketing,Coordinator,Boston,93824.72,11253.96,2022-08-03,35,57.6,nicole.brown@company.com,(484) 792-1892,Active
EMP035146,David,Johnson,David Johnson,58,IT,Analyst,Miami,105141.58,14242.35,2024-05-21,32,72.8,david.johnson@company.com,(540) 676-7714,Active
EMP035147,Anthony,Hernandez,Anthony Hernandez,37,Finance,Lead,Boston,86898.83,6483.3,2024-10-02,13,79.0,anthony.hernandez@company.com,(790) 271-8135,Active
EMP035148,Lisa,Moore,Lisa Moore,41,HR,Associate,Boston,87058.19,7883.88,2024-02-20,15,68.6,lisa.moore@company.com,(441) 605-8552,Active
EMP035149,John,Anderson,John Anderson,24,Finance,Coordinator,Miami,75507.22,16655.91,2020-10-14,2,58.7,john.anderson@company.com,(260) 883-7624,Active
EMP035150,Lisa,Johnson,Lisa Johnson,63,Engineering,Analyst,Los Angeles,103536.19,4874.98,2023-01-01,41,76.5,lisa.johnson@company.com,(771) 229-9346,Active
EMP035151,William,Jackson,William Jackson,51,Marketing,Specialist,Austin,87854.26,12370.36,2024-11-21,26,70.9,william.jackson@company.com,(431) 583-8639,Active
EMP035152,Jessica,Martin,Jessica Martin,59,Engineering,Director,Los Angeles,116633.37,13881.94,2024-05-31,30,67.0,jessica.martin@company.com,(986) 967-3802,Active
EMP035153,Daniel,Gonzalez,Daniel Gonzalez,38,HR,Analyst,Chicago,48580.14,9697.08,2020-01-13,15,74.2,daniel.gonzalez@company.com,(663) 972-7517,Active
EMP035154,Nicole,Davis,Nicole Davis,41,IT,Analyst,Miami,77829.53,8000.51,2024-03-30,19,83.9,nicole.davis@company.com,(626) 313-5558,Active
EMP035155,Sarah,Miller,Sarah Miller,28,Marketing,Analyst,New York,60372.92,12417.59,2020-07-23,0,86.7,sarah.miller@company.com,(878) 866-4803,On Leave
EMP035156,Jessica,Wilson,Jessica Wilson,23,Engineering,Manager,Chicago,57865.35,10871.45,2023-12-19,0,58.3,jessica.wilson@company.com,(567) 801-6025,Active
EMP035157,Jessica,Thomas,Jessica Thomas,26,Finance,Specialist,Boston,74525.9,10900.65,2020-08-20,2,44.9,jessica.thomas@company.com,(442) 655-4937,Active
EMP035158,David,Brown,David Brown,59,Legal,Lead,Austin,109537.69,17021.92,2020-03-26,31,89.2,david.brown@company.com,(207) 855-7033,Active
EMP035159,Michael,Wilson,Michael Wilson,56,Marketing,Specialist,Los Angeles,102667.18,13584.84,2024-07-22,32,68.1,michael.wilson@company.com,(789) 590-4076,On Leave
EMP035160,Nicole,Miller,Nicole Miller,36,Finance,Director,Seattle,52075.43,4688.24,2022-06-25,13,68.4,nicole.miller@company.com,(774) 369-5049,On Leave
EMP035161,Jane,Taylor,Jane Taylor,31,Engineering,Director,Los Angeles,59312.5,8751.32,2024-03-20,7,88.3,jane.taylor@company.com,(363) 731-5426,Active
EMP035162,Ashley,Moore,Ashley Moore,53,HR,Coordinator,New York,63982.43,13011.84,2021-06-07,24,68.0,ashley.moore@company.com,(326) 399-9604,Active
EMP035163,Christopher,Jones,Christopher Jones,53,Sales,Coordinator,Seattle,84235.14,11061.84,2023-03-04,28,85.2,christopher.jones@company.com,(498) 496-5375,Active
EMP035164,Michael,Brown,Michael Brown,27,Finance,Coordinator,Boston,34042.62,3878.98,2022-05-11,5,83.4,michael.brown@company.com,(418) 899-9612,Active
EMP035165,Matthew,Rodriguez,Matthew Rodriguez,62,Marketing,Coordinator,Los Angeles,75927.76,11222.99,2022-08-08,34,91.7,matthew.rodriguez@company.com,(315) 716-4616,Active
EMP035166,Melissa,Moore,Melissa Moore,29,Sales,Director,Los Angeles,56654.66,6245.41,2020-09-13,4,73.8,melissa.moore@company.com,(232) 738-1210,Active
EMP035167,David,Taylor,David Taylor,57,Legal,Senior Developer,Los Angeles,95998.69,4595.87,2021-10-17,29,58.3,david.taylor@company.com,(861) 893-3712,Active
EMP035168,James,Hernandez,James Hernandez,49,HR,Analyst,San Francisco,55206.7,8444.99,2022-11-28,24,44.5,james.hernandez@company.com,(982) 529-3882,Active
EMP035169,Nicole,Martinez,Nicole Martinez,47,Finance,Associate,Chicago,84357.44,4959.98,2022-07-10,21,54.8,nicole.martinez@company.com,(596) 521-7306,Active
EMP035170,Jessica,Taylor,Jessica Taylor,23,Marketing,Manager,Seattle,45453.53,4102.63,2021-10-05,0,65.4,jessica.taylor@company.com,(485) 536-5965,Active
EMP035171,Christopher,Gonzalez,Christopher Gonzalez,49,Engineering,Senior Developer,Los Angeles,103989.76,7373.63,2022-01-04,26,72.5,christopher.gonzalez@company.com,(846) 483-5441,Active
EMP035172,Anthony,Martinez,Anthony Martinez,57,HR,Director,Los Angeles,90922.97,11687.49,2023-09-22,34,53.7,anthony.martinez@company.com,(486) 638-4611,Active
EMP035173,Stephanie,Williams,Stephanie Williams,62,HR,Manager,Boston,93707.91,13886.54,2023-04-29,33,57.9,stephanie.williams@company.com,(766) 215-2903,Active
EMP035174,Anthony,Miller,Anthony Miller,37,Finance,Specialist,New York,109772.44,0.0,2022-06-29,15,100.0,anthony.miller@company.com,(442) 492-7275,Inactive
EMP035175,John,Miller,John Miller,65,HR,Associate,San Francisco,68283.34,1420.86,2023-07-19,42,79.1,john.miller@company.com,(687) 205-9711,Active
EMP035176,Lisa,Moore,Lisa Moore,39,Sales,Senior Developer,Boston,42966.23,3205.75,2022-12-17,11,83.2,lisa.moore@company.com,(764) 265-9342,Inactive
EMP035177,Robert,Rodriguez,Robert Rodriguez,65,Engineering,Analyst,San Francisco,119426.26,20899.8,2022-10-26,40,64.9,robert.rodriguez@company.com,(345) 384-5524,Active
EMP035178,Amanda,Jones,Amanda Jones,44,Marketing,Manager,Austin,83573.5,4741.06,2024-12-05,19,56.9,amanda.jones@company.com,(788) 345-7711,Active
EMP035179,James,Anderson,James Anderson,50,IT,Associate,San Francisco,101665.14,9681.9,2022-03-26,25,95.3,james.anderson@company.com,(929) 245-2455,Active
EMP035180,Nicole,Martinez,Nicole Martinez,45,IT,Manager,Chicago,102589.13,11525.34,2023-05-26,23,77.1,nicole.martinez@company.com,(351) 254-8441,Active
EMP035181,William,Brown,William Brown,33,IT,Senior Developer,Boston,82038.98,7631.86,2023-10-10,11,64.8,william.brown@company.com,(398) 688-2005,On Leave
EMP035182,Robert,Hernandez,Robert Hernandez,33,Legal,Associate,Seattle,101710.93,7008.31,2021-06-22,7,87.1,robert.hernandez@company.com,(750) 792-6638,Active
EMP035183,John,Brown,John Brown,30,Legal,Lead,Los Angeles,71509.43,881.77,2024-11-27,4,53.3,john.brown@company.com,(736) 908-7905,Active
EMP035184,Ashley,Hernandez,Ashley Hernandez,55,HR,Senior Developer,Miami,93840.35,12693.7,2021-03-31,32,91.4,ashley.hernandez@company.com,(496) 424-7525,Active
EMP035185,Michael,Rodriguez,Michael Rodriguez,22,Operations,Analyst,Chicago,54239.69,5295.31,2022-01-08,0,63.6,michael.rodriguez@company.com,(272) 458-9489,Active
EMP035186,Daniel,Martin,Daniel Martin,61,Sales,Senior Developer,Chicago,107630.21,3395.82,2024-07-10,35,66.3,daniel.martin@company.com,(691) 266-2437,Active
EMP035187,John,Wilson,John Wilson,22,Marketing,Associate,Boston,34966.51,4495.11,2021-05-30,0,70.1,john.wilson@company.com,(242) 797-3239,Active
EMP035188,Nicole,Lopez,Nicole Lopez,51,HR,Coordinator,Seattle,75932.34,7586.83,2022-08-12,23,60.1,nicole.lopez@company.com,(392) 803-5426,Inactive
EMP035189,Robert,Taylor,Robert Taylor,38,IT,Specialist,Chicago,87197.78,353.97,2020-10-07,13,71.1,robert.taylor@company.com,(853) 749-3080,Active
EMP035190,Emily,Lopez,Emily Lopez,55,Sales,Director,Austin,79162.77,7179.91,2024-11-11,28,72.3,emily.lopez@company.com,(863) 914-1398,Active
EMP035191,Daniel,Jackson,Daniel Jackson,41,Marketing,Manager,Chicago,60812.79,14139.77,2021-08-18,14,60.5,daniel.jackson@company.com,(691) 342-8146,Active
EMP035192,Anthony,Brown,Anthony Brown,65,Engineering,Analyst,San Francisco,120340.99,7349.42,2021-10-19,40,83.7,anthony.brown@company.com,(518) 978-9606,Active
EMP035193,Ashley,Williams,Ashley Williams,34,Operations,Coordinator,Seattle,59399.81,564.63,2022-11-25,7,100.0,ashley.williams@company.com,(929) 270-9696,Active
EMP035194,Amanda,Lopez,Amanda Lopez,34,Finance,Lead,Los Angeles,45309.91,3480.82,2023-08-04,12,38.8,amanda.lopez@company.com,(313) 624-7745,Active
EMP035195,Nicole,Rodriguez,Nicole Rodriguez,35,Legal,Coordinator,Los Angeles,91575.09,3643.7,2023-04-25,13,74.3,nicole.rodriguez@company.com,(996) 380-4391,Active
EMP035196,Lisa,Martin,Lisa Martin,49,Finance,Director,Boston,80395.78,8817.04,2022-07-03,26,98.6,lisa.martin@company.com,(254) 336-2673,Active
EMP035197,Melissa,Wilson,Melissa Wilson,28,Finance,Coordinator,New York,79033.91,14201.29,2022-01-09,6,98.1,melissa.wilson@company.com,(434) 587-2009,Active
EMP035198,Sarah,Martinez,Sarah Martinez,49,HR,Manager,San Francisco,58915.26,5855.69,2021-04-12,24,96.4,sarah.martinez@company.com,(878) 875-9530,Active
EMP035199,Michael,Gonzalez,Michael Gonzalez,39,HR,Manager,Los Angeles,55201.75,1898.29,2022-05-03,10,74.3,michael.gonzalez@company.com,(928) 650-5292,On Leave
EMP035200,Amanda,Davis,Amanda Davis,31,Finance,Lead,Boston,49524.42,1365.14,2022-07-24,5,87.3,amanda.davis@company.com,(868) 349-8095,Active
EMP035201,Emily,Taylor,Emily Taylor,54,HR,Senior Developer,New York,75208.31,7491.89,2021-04-20,31,77.3,emily.taylor@company.com,(877) 547-9577,Active
EMP035202,Sarah,Wilson,Sarah Wilson,60,IT,Analyst,San Francisco,102775.23,4410.26,2021-11-09,31,84.8,sarah.wilson@company.com,(240) 929-8227,Active
EMP035203,Michael,Wilson,Michael Wilson,59,IT,Specialist,New York,126604.1,33317.13,2021-03-29,35,86.0,michael.wilson@company.com,(555) 671-5820,Inactive
EMP035204,Daniel,Johnson,Daniel Johnson,54,Marketing,Associate,Miami,64894.79,6094.83,2020-11-26,25,77.9,daniel.johnson@company.com,(200) 287-6664,Inactive
EMP035205,Ashley,Lopez,Ashley Lopez,48,Sales,Associate,Seattle,83606.71,7897.2,2021-11-16,25,38.3,ashley.lopez@company.com,(820) 429-2133,Active
EMP035206,Amanda,Lopez,Amanda Lopez,28,Operations,Manager,New York,46748.83,1589.97,2022-05-27,3,42.6,amanda.lopez@company.com,(931) 771-2443,Active
EMP035207,Jessica,Moore,Jessica Moore,32,Marketing,Manager,Los Angeles,49565.5,3957.66,2022-03-03,3,62.5,jessica.moore@company.com,(858) 756-2568,Active
EMP035208,Sarah,Hernandez,Sarah Hernandez,38,Marketing,Lead,Chicago,63132.41,9481.74,2024-03-24,13,88.4,sarah.hernandez@company.com,(282) 605-4490,Active
EMP035209,Lisa,Moore,Lisa Moore,50,HR,Specialist,Boston,71575.04,3350.27,2021-10-27,26,69.6,lisa.moore@company.com,(254) 672-3347,Active
EMP035210,Nicole,Thomas,Nicole Thomas,40,Sales,Director,Chicago,55210.72,4144.49,2022-06-17,15,89.9,nicole.thomas@company.com,(402) 915-2899,Active
EMP035211,Michael,Rodriguez,Michael Rodriguez,30,Engineering,Specialist,Boston,109729.69,15489.21,2023-09-29,6,71.5,michael.rodriguez@company.com,(913) 225-8453,Active
EMP035212,Daniel,Wilson,Daniel Wilson,65,HR,Analyst,New York,115269.21,22610.44,2021-10-24,41,66.6,daniel.wilson@company.com,(645) 297-6091,Inactive
EMP035213,Emily,Davis,Emily Davis,65,HR,Lead,San Francisco,78244.85,8369.14,2020-05-31,40,100.0,emily.davis@company.com,(267) 207-4652,Active
EMP035214,Lisa,Gonzalez,Lisa Gonzalez,58,IT,Analyst,Austin,102647.27,12996.04,2024-05-17,30,54.1,lisa.gonzalez@company.com,(868) 723-9174,Active
EMP035215,Ashley,Jackson,Ashley Jackson,53,Legal,Senior Developer,Miami,82889.55,15751.39,2024-02-01,27,74.7,ashley.jackson@company.com,(300) 467-7090,Active
EMP035216,Christopher,Anderson,Christopher Anderson,33,Engineering,Senior Developer,Chicago,88555.69,19316.77,2022-05-16,8,84.4,christopher.anderson@company.com,(844) 512-7515,Active
EMP035217,Amanda,Garcia,Amanda Garcia,32,Finance,Specialist,San Francisco,40075.12,7041.24,2024-03-04,9,69.0,amanda.garcia@company.com,(422) 889-8037,Active
EMP035218,Michael,Wilson,Michael Wilson,35,Sales,Analyst,Austin,65503.46,5652.7,2021-10-29,6,69.7,michael.wilson@company.com,(288) 445-1458,Inactive
EMP035219,Matthew,Davis,Matthew Davis,33,Operations,Director,New York,65909.83,10083.87,2023-03-01,8,61.3,matthew.davis@company.com,(202) 611-7594,Inactive
EMP035220,William,Johnson,William Johnson,62,HR,Associate,New York,77273.24,5014.04,2023-03-06,39,82.4,william.johnson@company.com,(279) 301-9367,On Leave
EMP035221,James,Martin,James Martin,55,IT,Analyst,Los Angeles,91243.92,7231.94,2024-06-13,31,95.9,james.martin@company.com,(288) 459-8302,Active
EMP035222,Anthony,Davis,Anthony Davis,36,Operations,Coordinator,New York,68169.19,6098.93,2024-10-18,7,88.5,anthony.davis@company.com,(222) 737-1297,Inactive
EMP035223,William,Jackson,William Jackson,26,HR,Senior Developer,San Francisco,34978.73,5514.67,2021-12-26,2,78.6,william.jackson@company.com,(634) 915-1878,Active
EMP035224,Daniel,Williams,Daniel Williams,23,IT,Manager,San Francisco,42828.54,26.45,2021-05-07,0,63.6,daniel.williams@company.com,(984) 287-3912,Active
EMP035225,Nicole,Thomas,Nicole Thomas,33,IT,Director,San Francisco,55832.5,6690.94,2021-07-21,6,76.6,nicole.thomas@company.com,(219) 889-6428,Active
EMP035226,Jane,Thomas,Jane Thomas,59,Marketing,Specialist,San Francisco,98547.8,7795.63,2020-05-17,30,68.4,jane.thomas@company.com,(761) 879-3334,Active
EMP035227,Christopher,Taylor,Christopher Taylor,49,Finance,Coordinator,Miami,59897.54,0.0,2022-10-19,26,64.9,christopher.taylor@company.com,(261) 683-8687,On Leave
EMP035228,Christopher,Johnson,Christopher Johnson,32,Marketing,Coordinator,Chicago,33778.36,1556.15,2020-01-30,8,73.1,christopher.johnson@company.com,(519) 677-6698,Active
EMP035229,Jessica,Taylor,Jessica Taylor,40,Finance,Senior Developer,Austin,94937.45,10425.06,2023-01-28,16,61.0,jessica.taylor@company.com,(532) 606-1899,Active
EMP035230,Ashley,Davis,Ashley Davis,51,HR,Senior Developer,Seattle,58575.96,7139.84,2020-10-09,28,41.7,ashley.davis@company.com,(613) 976-9587,Active
EMP035231,James,Jones,James Jones,22,Operations,Specialist,Boston,40510.67,7058.14,2024-01-27,0,84.8,james.jones@company.com,(593) 948-6786,Active
EMP035232,Christopher,Williams,Christopher Williams,37,Marketing,Specialist,Miami,79479.93,1448.36,2021-04-16,15,79.4,christopher.williams@company.com,(963) 732-9968,Active
EMP035233,Jessica,Davis,Jessica Davis,47,Sales,Specialist,Boston,64975.98,10443.54,2021-08-16,19,81.6,jessica.davis@company.com,(636) 978-5310,Active
EMP035234,James,Smith,James Smith,55,IT,Manager,Seattle,122248.87,8058.95,2020-05-01,32,73.6,james.smith@company.com,(921) 523-9099,Active
EMP035235,Matthew,Hernandez,Matthew Hernandez,54,Finance,Coordinator,New York,84188.08,0.0,2023-02-10,28,82.6,matthew.hernandez@company.com,(324) 608-5454,Active
EMP035236,William,Smith,William Smith,56,Marketing,Coordinator,Boston,62596.19,5223.24,2021-04-04,32,95.1,william.smith@company.com,(881) 647-6448,On Leave
EMP035237,Amanda,Martinez,Amanda Martinez,64,IT,Director,Boston,110115.42,13567.52,2024-06-06,39,80.7,amanda.martinez@company.com,(695) 430-3848,Active
EMP035238,Sarah,Wilson,Sarah Wilson,43,Finance,Director,Miami,93172.99,14304.46,2024-03-17,15,68.9,sarah.wilson@company.com,(666) 314-6270,Active
EMP035239,Ashley,Lopez,Ashley Lopez,51,Marketing,Lead,Boston,62755.54,2473.72,2022-09-16,27,77.3,ashley.lopez@company.com,(391) 547-5637,Active
EMP035240,Matthew,Johnson,Matthew Johnson,27,Engineering,Senior Developer,San Francisco,98417.42,16145.24,2023-10-03,2,71.0,matthew.johnson@company.com,(631) 633-8951,Active
EMP035241,Amanda,Williams,Amanda Williams,64,Sales,Director,Boston,79096.06,13015.45,2023-04-17,42,100.0,amanda.williams@company.com,(293) 437-7540,Inactive
EMP035242,Sarah,Brown,Sarah Brown,47,HR,Coordinator,Los Angeles,75750.96,7200.49,2022-07-12,23,87.6,sarah.brown@company.com,(352) 380-1942,Active
EMP035243,James,Hernandez,James Hernandez,26,HR,Director,San Francisco,59028.3,7252.18,2023-09-13,0,99.2,james.hernandez@company.com,(491) 920-9515,Active
EMP035244,Emily,Anderson,Emily Anderson,23,IT,Manager,Boston,105872.45,6372.55,2024-05-10,0,75.6,emily.anderson@company.com,(958) 580-2620,Active
EMP035245,Christopher,Moore,Christopher Moore,64,Legal,Manager,Seattle,74173.94,10791.75,2023-03-18,39,62.1,christopher.moore@company.com,(861) 996-4506,Active
EMP035246,Lisa,Brown,Lisa Brown,23,IT,Lead,New York,83489.68,7546.73,2023-06-09,0,99.9,lisa.brown@company.com,(785) 735-7161,Active
EMP035247,Anthony,Taylor,Anthony Taylor,49,Marketing,Senior Developer,Boston,91734.46,8687.57,2023-11-09,24,97.6,anthony.taylor@company.com,(846) 617-2996,Inactive
EMP035248,William,Gonzalez,William Gonzalez,37,Engineering,Lead,New York,64267.79,6892.71,2022-06-14,9,80.9,william.gonzalez@company.com,(478) 874-1074,Active
EMP035249,Emily,Moore,Emily Moore,62,Marketing,Manager,Miami,87492.49,9339.31,2021-02-21,39,58.1,emily.moore@company.com,(858) 793-5758,Active
EMP035250,Matthew,Miller,Matthew Miller,40,Engineering,Associate,Los Angeles,107836.05,6438.92,2024-08-28,12,71.9,matthew.miller@company.com,(392) 515-1706,Active
EMP035251,Christopher,Martin,Christopher Martin,64,HR,Coordinator,Los Angeles,93153.16,4371.24,2020-12-30,35,98.2,christopher.martin@company.com,(309) 551-1611,Active
EMP035252,Ashley,Thomas,Ashley Thomas,28,HR,Associate,Los Angeles,83323.67,3066.48,2024-04-24,0,79.6,ashley.thomas@company.com,(698) 850-7579,Active
EMP035253,Jessica,Brown,Jessica Brown,23,Finance,Senior Developer,Chicago,44982.33,792.76,2023-07-20,1,79.7,jessica.brown@company.com,(256) 933-3011,Active
EMP035254,Christopher,Garcia,Christopher Garcia,55,Marketing,Specialist,Seattle,76529.8,9685.48,2020-05-26,30,75.6,christopher.garcia@company.com,(945) 932-7284,Active
EMP035255,Amanda,Moore,Amanda Moore,53,IT,Lead,New York,79732.71,1739.17,2023-05-27,26,76.5,amanda.moore@company.com,(531) 740-9011,Active
EMP035256,Sarah,Hernandez,Sarah Hernandez,27,Engineering,Specialist,Boston,116905.27,23126.18,2023-01-19,4,63.6,sarah.hernandez@company.com,(732) 518-5032,Active
EMP035257,Matthew,Jones,Matthew Jones,45,Operations,Analyst,Austin,80522.72,7130.41,2024-08-04,17,55.9,matthew.jones@company.com,(613) 986-8829,Inactive
EMP035258,Stephanie,Taylor,Stephanie Taylor,60,Legal,Senior Developer,Chicago,86392.98,8324.87,2020-02-25,35,76.5,stephanie.taylor@company.com,(844) 427-5277,Active
EMP035259,Daniel,Lopez,Daniel Lopez,65,IT,Lead,Austin,108762.23,8080.81,2020-05-15,42,48.1,daniel.lopez@company.com,(622) 221-5342,Inactive
EMP035260,Nicole,Brown,Nicole Brown,32,Marketing,Analyst,Austin,67554.33,9370.18,2021-10-07,10,85.2,nicole.brown@company.com,(446) 621-9159,Active
EMP035261,Jessica,Garcia,Jessica Garcia,55,Engineering,Specialist,San Francisco,93570.57,10162.09,2024-04-06,29,41.6,jessica.garcia@company.com,(683) 484-6691,Active
EMP035262,Amanda,Davis,Amanda Davis,22,Finance,Specialist,Seattle,94158.28,13495.5,2021-06-24,0,76.5,amanda.davis@company.com,(925) 752-2155,Active
EMP035263,Ashley,Gonzalez,Ashley Gonzalez,42,Legal,Manager,Chicago,74903.94,2160.76,2022-01-22,15,50.8,ashley.gonzalez@company.com,(332) 236-1385,Active
EMP035264,Ashley,Martin,Ashley Martin,32,Sales,Associate,Boston,67894.18,8992.91,2022-03-16,8,66.7,ashley.martin@company.com,(652) 839-4831,Active
EMP035265,Jessica,Garcia,Jessica Garcia,22,Sales,Coordinator,Seattle,30000.0,2333.68,2020-07-20,0,72.2,jessica.garcia@company.com,(714) 760-5336,Inactive
EMP035266,Emily,Lopez,Emily Lopez,46,Legal,Manager,Los Angeles,116002.34,20400.88,2020-11-23,24,77.0,emily.lopez@company.com,(887) 329-1691,Active
EMP035267,Melissa,Brown,Melissa Brown,43,Operations,Senior Developer,New York,54538.97,7910.72,2024-06-30,20,82.3,melissa.brown@company.com,(855) 509-4985,Active
EMP035268,David,Jones,David Jones,25,Engineering,Specialist,Boston,94805.13,7752.0,2024-09-08,0,87.7,david.jones@company.com,(489) 432-9599,Active
EMP035269,Stephanie,Jones,Stephanie Jones,42,Legal,Coordinator,New York,84585.31,10465.89,2022-09-24,13,79.5,stephanie.jones@company.com,(582) 741-7095,Active
EMP035270,Amanda,Rodriguez,Amanda Rodriguez,49,Legal,Lead,San Francisco,83880.11,7813.43,2020-01-27,25,77.8,amanda.rodriguez@company.com,(886) 496-2061,Active
EMP035271,Amanda,Anderson,Amanda Anderson,53,IT,Lead,Miami,114952.58,11631.62,2022-11-04,27,78.7,amanda.anderson@company.com,(852) 998-7574,Active
EMP035272,William,Rodriguez,William Rodriguez,46,HR,Analyst,Boston,82309.28,7099.65,2023-06-17,22,100.0,william.rodriguez@company.com,(816) 358-9702,Active
EMP035273,Stephanie,Rodriguez,Stephanie Rodriguez,37,HR,Senior Developer,Chicago,83023.87,4759.12,2021-02-08,10,44.2,stephanie.rodriguez@company.com,(402) 830-2600,Active
EMP035274,Melissa,Taylor,Melissa Taylor,38,HR,Specialist,Miami,61820.09,6100.45,2021-04-17,15,49.2,melissa.taylor@company.com,(824) 464-7278,Inactive
EMP035275,Michael,Moore,Michael Moore,42,Finance,Manager,Chicago,98760.08,7966.96,2021-07-25,16,69.8,michael.moore@company.com,(852) 456-5521,Active
EMP035276,Emily,Wilson,Emily Wilson,39,Marketing,Senior Developer,Los Angeles,48507.59,3900.9,2020-03-26,15,58.6,emily.wilson@company.com,(916) 809-6420,Active
EMP035277,William,Martinez,William Martinez,65,Finance,Senior Developer,Los Angeles,119916.52,12002.99,2021-09-21,36,95.8,william.martinez@company.com,(567) 597-5671,Active
EMP035278,Stephanie,Johnson,Stephanie Johnson,30,Finance,Manager,Boston,91688.38,8866.87,2023-05-10,4,71.3,stephanie.johnson@company.com,(448) 961-5474,Active
EMP035279,Jessica,Rodriguez,Jessica Rodriguez,27,Operations,Manager,San Francisco,60567.42,5115.13,2020-01-08,0,59.3,jessica.rodriguez@company.com,(253) 816-4251,Active
EMP035280,Anthony,Taylor,Anthony Taylor,43,Marketing,Coordinator,Miami,80043.11,10740.82,2020-12-04,19,67.0,anthony.taylor@company.com,(361) 453-8447,Active
EMP035281,Sarah,Martin,Sarah Martin,58,Sales,Manager,Miami,108570.33,21600.63,2023-07-17,36,79.3,sarah.martin@company.com,(760) 556-7614,Active
EMP035282,Nicole,Smith,Nicole Smith,58,IT,Manager,New York,130260.01,8145.24,2020-10-29,34,40.3,nicole.smith@company.com,(217) 380-6379,Active
EMP035283,Daniel,Miller,Daniel Miller,61,IT,Associate,Seattle,101399.47,10812.01,2023-12-04,39,80.3,daniel.miller@company.com,(497) 931-3693,Active
EMP035284,William,Rodriguez,William Rodriguez,47,Finance,Coordinator,Boston,87246.24,10587.67,2023-08-10,19,52.5,william.rodriguez@company.com,(352) 917-4170,Active
EMP035285,James,Jackson,James Jackson,43,IT,Analyst,Chicago,83861.51,14253.41,2020-08-26,20,53.7,james.jackson@company.com,(578) 920-4690,Active
EMP035286,Amanda,Jackson,Amanda Jackson,26,Legal,Associate,Seattle,104263.26,4026.19,2020-01-14,3,80.4,amanda.jackson@company.com,(546) 226-1988,Active
EMP035287,Sarah,Jackson,Sarah Jackson,59,Sales,Coordinator,San Francisco,95523.75,10747.46,2024-10-29,35,31.4,sarah.jackson@company.com,(753) 261-6050,Active
EMP035288,Michael,Martin,Michael Martin,24,Finance,Lead,Austin,33000.0,5016.32,2020-05-05,0,70.7,michael.martin@company.com,(885) 477-3164,Active
EMP035289,Michael,Lopez,Michael Lopez,61,HR,Manager,Chicago,89947.5,6461.39,2021-06-15,32,68.9,michael.lopez@company.com,(914) 860-1764,Active
EMP035290,Michael,Davis,Michael Davis,39,HR,Associate,Los Angeles,55740.2,5484.14,2020-11-02,15,75.4,michael.davis@company.com,(359) 651-2674,Active
EMP035291,Christopher,Garcia,Christopher Garcia,26,Sales,Lead,Seattle,67532.27,5312.18,2024-10-04,1,77.2,christopher.garcia@company.com,(684) 531-5256,Active
EMP035292,Amanda,Jones,Amanda Jones,50,Operations,Associate,Chicago,73369.1,10772.01,2021-04-02,25,71.8,amanda.jones@company.com,(896) 766-6870,Inactive
EMP035293,Emily,Hernandez,Emily Hernandez,64,Engineering,Director,Miami,148768.99,13689.46,2024-10-01,40,100.0,emily.hernandez@company.com,(642) 838-8470,Active
EMP035294,Anthony,Gonzalez,Anthony Gonzalez,42,Engineering,Analyst,Los Angeles,80942.91,7943.51,2021-02-02,13,81.8,anthony.gonzalez@company.com,(950) 866-1214,Active
EMP035295,Emily,Garcia,Emily Garcia,58,Operations,Manager,San Francisco,61315.99,3245.96,2021-10-11,31,80.4,emily.garcia@company.com,(736) 659-6135,Active
EMP035296,Jane,Davis,Jane Davis,27,Engineering,Senior Developer,Seattle,70700.38,8200.92,2023-04-11,1,79.1,jane.davis@company.com,(482) 658-1237,Active
EMP035297,Emily,Moore,Emily Moore,65,Finance,Analyst,Los Angeles,99207.96,8113.81,2022-06-07,38,73.5,emily.moore@company.com,(939) 268-8471,Active
EMP035298,Matthew,Miller,Matthew Miller,33,IT,Lead,Seattle,57430.68,6358.19,2024-04-01,6,31.5,matthew.miller@company.com,(786) 584-4105,Active
EMP035299,Robert,Brown,Robert Brown,63,IT,Coordinator,Austin,78719.3,11671.16,2020-11-19,38,60.8,robert.brown@company.com,(438) 629-5587,Active
EMP035300,John,Jackson,John Jackson,32,Finance,Director,San Francisco,79224.82,8890.0,2020-03-06,10,67.9,john.jackson@company.com,(909) 542-4121,Active
EMP035301,Robert,Smith,Robert Smith,44,HR,Specialist,Los Angeles,51737.99,9613.76,2021-12-05,18,95.1,robert.smith@company.com,(860) 788-8974,Active
EMP035302,Robert,Martin,Robert Martin,40,Finance,Analyst,Miami,91137.3,6680.65,2023-02-03,18,75.0,robert.martin@company.com,(458) 676-2088,Inactive
EMP035303,Sarah,Brown,Sarah Brown,24,IT,Coordinator,Los Angeles,82852.43,7538.09,2024-08-04,0,58.1,sarah.brown@company.com,(939) 765-6462,Active
EMP035304,Christopher,Moore,Christopher Moore,60,Engineering,Coordinator,Miami,92104.86,8549.38,2023-11-30,37,82.5,christopher.moore@company.com,(622) 538-5962,Active
EMP035305,Melissa,Williams,Melissa Williams,41,Sales,Specialist,Austin,62679.6,7329.63,2023-10-18,17,88.6,melissa.williams@company.com,(537) 972-7726,Active
EMP035306,Stephanie,Gonzalez,Stephanie Gonzalez,31,Operations,Analyst,Miami,58669.35,3878.76,2024-12-20,8,85.0,stephanie.gonzalez@company.com,(405) 359-9971,Active
EMP035307,Emily,Williams,Emily Williams,51,Engineering,Lead,New York,123981.98,14754.41,2022-12-25,29,61.0,emily.williams@company.com,(308) 858-3504,Active
EMP035308,Nicole,Thomas,Nicole Thomas,65,Engineering,Manager,San Francisco,120255.58,9678.19,2023-06-05,42,58.4,nicole.thomas@company.com,(231) 605-7895,Active
EMP035309,John,Moore,John Moore,53,Finance,Manager,Austin,79539.19,572.8,2021-06-18,27,72.4,john.moore@company.com,(207) 911-5022,Active
EMP035310,John,Gonzalez,John Gonzalez,63,Legal,Senior Developer,Los Angeles,120890.4,20278.01,2022-01-14,41,43.3,john.gonzalez@company.com,(297) 375-5851,Active
EMP035311,Lisa,Lopez,Lisa Lopez,22,Marketing,Specialist,New York,57974.25,4560.99,2022-09-08,0,59.6,lisa.lopez@company.com,(971) 687-8726,Active
EMP035312,Michael,Lopez,Michael Lopez,51,Sales,Lead,Austin,63958.26,13505.84,2023-02-03,23,86.8,michael.lopez@company.com,(788) 988-7491,Active
EMP035313,Michael,Taylor,Michael Taylor,28,HR,Manager,Boston,89989.27,5186.73,2021-02-10,3,68.2,michael.taylor@company.com,(284) 728-6665,Inactive
EMP035314,William,Thomas,William Thomas,24,Finance,Analyst,Los Angeles,64582.21,8104.62,2024-08-30,0,95.2,william.thomas@company.com,(518) 417-5036,Inactive
EMP035315,Matthew,Thomas,Matthew Thomas,56,IT,Director,Los Angeles,118497.62,7669.46,2020-08-05,34,73.6,matthew.thomas@company.com,(636) 571-5267,Active
EMP035316,Matthew,Taylor,Matthew Taylor,58,HR,Associate,Boston,95578.38,14236.88,2022-05-15,32,32.3,matthew.taylor@company.com,(668) 427-3388,Active
EMP035317,James,Anderson,James Anderson,56,Finance,Senior Developer,San Francisco,106315.82,5748.08,2021-10-06,32,74.8,james.anderson@company.com,(290) 664-9178,Active
EMP035318,Lisa,Johnson,Lisa Johnson,35,Engineering,Associate,Seattle,102500.13,7949.18,2021-03-20,13,93.1,lisa.johnson@company.com,(880) 201-6745,Active
EMP035319,Robert,Brown,Robert Brown,61,Sales,Associate,Boston,83259.4,11156.86,2024-09-07,35,85.0,robert.brown@company.com,(396) 848-8300,Active
EMP035320,Anthony,Thomas,Anthony Thomas,52,Finance,Manager,Seattle,75750.78,5437.1,2021-01-05,23,77.1,anthony.thomas@company.com,(947) 536-8773,Active
EMP035321,Nicole,Wilson,Nicole Wilson,51,Operations,Manager,Austin,73028.73,7875.04,2021-10-02,25,84.2,nicole.wilson@company.com,(414) 548-2084,Active
EMP035322,James,Rodriguez,James Rodriguez,38,Operations,Specialist,San Francisco,47037.33,6581.45,2020-07-27,12,69.5,james.rodriguez@company.com,(825) 595-7329,Active
EMP035323,Lisa,Smith,Lisa Smith,47,Engineering,Coordinator,Chicago,84617.25,10187.28,2024-12-21,19,76.7,lisa.smith@company.com,(612) 848-6843,Active
EMP035324,Jane,Johnson,Jane Johnson,30,Finance,Director,Chicago,87937.68,16945.11,2021-05-01,5,87.2,jane.johnson@company.com,(660) 287-4612,Active
EMP035325,Nicole,Martinez,Nicole Martinez,61,Finance,Director,Boston,89728.53,18338.48,2023-01-30,33,73.5,nicole.martinez@company.com,(327) 876-6402,Active
EMP035326,Stephanie,Thomas,Stephanie Thomas,39,Operations,Associate,Los Angeles,38553.65,5093.46,2022-09-13,14,99.9,stephanie.thomas@company.com,(331) 925-2524,Active
EMP035327,Amanda,Lopez,Amanda Lopez,22,Operations,Director,New York,57849.71,3900.75,2022-11-28,0,87.2,amanda.lopez@company.com,(438) 372-3572,Active
EMP035328,Stephanie,Wilson,Stephanie Wilson,45,Sales,Director,Miami,72907.75,4498.31,2020-10-06,17,78.9,stephanie.wilson@company.com,(322) 941-3631,Inactive
EMP035329,Christopher,Brown,Christopher Brown,27,Finance,Specialist,Los Angeles,61097.22,7397.11,2024-01-07,0,87.7,christopher.brown@company.com,(916) 617-3433,Inactive
EMP035330,Lisa,Smith,Lisa Smith,63,IT,Senior Developer,Boston,126457.05,9770.93,2022-06-04,38,84.7,lisa.smith@company.com,(824) 533-8815,Active
EMP035331,Ashley,Miller,Ashley Miller,55,HR,Specialist,Austin,82689.86,8766.94,2020-09-10,29,67.8,ashley.miller@company.com,(675) 494-9325,Active
EMP035332,David,Hernandez,David Hernandez,55,IT,Associate,Chicago,59685.85,4900.92,2021-01-05,29,61.0,david.hernandez@company.com,(247) 240-8465,Active
EMP035333,Stephanie,Martin,Stephanie Martin,59,Legal,Senior Developer,Chicago,116485.87,10788.27,2023-03-21,33,67.8,stephanie.martin@company.com,(268) 926-5899,Active
EMP035334,Daniel,Rodriguez,Daniel Rodriguez,23,Sales,Coordinator,San Francisco,88591.49,3396.31,2020-07-13,0,72.8,daniel.rodriguez@company.com,(686) 985-1653,Inactive
EMP035335,David,Martinez,David Martinez,40,Sales,Manager,Seattle,62093.85,2913.2,2020-01-03,13,76.7,david.martinez@company.com,(654) 393-6990,Active
EMP035336,Matthew,Martin,Matthew Martin,37,Finance,Coordinator,Los Angeles,83442.91,10417.22,2020-06-07,8,73.3,matthew.martin@company.com,(455) 346-4715,Active
EMP035337,Jane,Jones,Jane Jones,47,Sales,Manager,Chicago,45524.85,1201.64,2023-01-21,23,59.0,jane.jones@company.com,(800) 308-5112,On Leave
EMP035338,Anthony,Jones,Anthony Jones,65,Legal,Lead,San Francisco,98278.5,7859.56,2024-03-01,40,75.0,anthony.jones@company.com,(838) 972-8468,Active
EMP035339,Emily,Hernandez,Emily Hernandez,36,Finance,Associate,New York,80605.12,17581.5,2021-06-13,11,73.9,emily.hernandez@company.com,(942) 237-5063,Inactive
EMP035340,James,Martinez,James Martinez,44,Finance,Analyst,Seattle,74941.59,7332.31,2023-12-25,18,65.9,james.martinez@company.com,(807) 373-9239,Active
EMP035341,Melissa,Smith,Melissa Smith,56,Legal,Specialist,Los Angeles,93898.39,18665.37,2021-07-21,34,73.3,melissa.smith@company.com,(943) 893-2399,Active
EMP035342,Jane,Taylor,Jane Taylor,40,IT,Director,Seattle,95145.84,10863.38,2022-11-03,16,88.1,jane.taylor@company.com,(402) 942-2042,Active
EMP035343,Daniel,Martinez,Daniel Martinez,44,Marketing,Coordinator,Chicago,60639.98,5736.75,2024-06-13,18,62.5,daniel.martinez@company.com,(318) 602-8897,Active
EMP035344,Amanda,Lopez,Amanda Lopez,27,HR,Manager,Austin,42833.98,1075.7,2024-11-17,0,82.3,amanda.lopez@company.com,(476) 512-4021,Inactive
EMP035345,Nicole,Moore,Nicole Moore,26,Operations,Coordinator,San Francisco,63453.29,6399.57,2023-02-04,2,86.6,nicole.moore@company.com,(223) 879-7537,Active
EMP035346,Anthony,Moore,Anthony Moore,36,Operations,Manager,San Francisco,25500.0,3830.27,2024-09-30,8,71.3,anthony.moore@company.com,(683) 754-2449,Active
EMP035347,Christopher,Taylor,Christopher Taylor,53,Operations,Director,Boston,97625.81,8301.28,2020-10-17,31,69.4,christopher.taylor@company.com,(774) 742-2310,Active
EMP035348,David,Miller,David Miller,23,Marketing,Coordinator,Austin,53738.53,7264.62,2020-03-16,0,54.5,david.miller@company.com,(574) 944-5973,Active
EMP035349,James,Taylor,James Taylor,34,Marketing,Senior Developer,Los Angeles,55361.44,3862.41,2020-01-20,8,73.1,james.taylor@company.com,(299) 735-1910,Active
EMP035350,Daniel,Brown,Daniel Brown,29,Sales,Analyst,Chicago,52515.36,5958.3,2021-02-19,6,86.0,daniel.brown@company.com,(254) 814-5959,Active
EMP035351,Ashley,Jackson,Ashley Jackson,65,HR,Senior Developer,Chicago,93590.44,11619.03,2023-11-13,41,73.5,ashley.jackson@company.com,(447) 928-1057,Active
EMP035352,Robert,Taylor,Robert Taylor,47,HR,Specialist,San Francisco,52528.81,3721.43,2024-08-30,25,91.2,robert.taylor@company.com,(939) 874-5999,Active
EMP035353,Stephanie,Jackson,Stephanie Jackson,61,IT,Analyst,New York,44474.81,3600.93,2022-05-21,36,74.2,stephanie.jackson@company.com,(542) 520-4697,Active
EMP035354,James,Martin,James Martin,43,Legal,Analyst,Chicago,73601.35,1268.11,2020-09-03,17,72.5,james.martin@company.com,(886) 251-9330,Active
EMP035355,Amanda,Davis,Amanda Davis,59,Sales,Lead,Miami,95312.51,15439.49,2023-05-23,33,69.6,amanda.davis@company.com,(678) 875-2548,Active
EMP035356,Nicole,Brown,Nicole Brown,65,Marketing,Director,New York,112099.68,20044.24,2023-07-29,36,85.0,nicole.brown@company.com,(326) 563-2202,Inactive
EMP035357,Sarah,Gonzalez,Sarah Gonzalez,37,IT,Director,Boston,53278.49,7123.17,2023-11-08,8,62.4,sarah.gonzalez@company.com,(552) 415-6114,Active
EMP035358,Stephanie,Jackson,Stephanie Jackson,41,Marketing,Analyst,Austin,66065.89,8263.07,2021-01-31,14,78.9,stephanie.jackson@company.com,(288) 483-1699,Active
EMP035359,Jane,Martinez,Jane Martinez,63,Sales,Manager,Los Angeles,70297.99,8847.9,2023-08-26,37,84.2,jane.martinez@company.com,(897) 803-5489,On Leave
EMP035360,Stephanie,Martinez,Stephanie Martinez,53,HR,Senior Developer,Los Angeles,83753.23,4951.28,2021-09-25,29,91.8,stephanie.martinez@company.com,(668) 645-6890,Active
EMP035361,Robert,Smith,Robert Smith,50,HR,Specialist,Seattle,94232.96,3263.5,2021-06-11,22,94.0,robert.smith@company.com,(533) 860-1167,Active
EMP035362,David,Wilson,David Wilson,43,Legal,Analyst,Seattle,93785.89,12076.83,2023-05-06,15,63.9,david.wilson@company.com,(605) 937-9917,Active
EMP035363,Stephanie,Williams,Stephanie Williams,32,Operations,Senior Developer,Miami,75328.46,4961.46,2020-06-23,3,35.0,stephanie.williams@company.com,(821) 951-1695,Active
EMP035364,Emily,Anderson,Emily Anderson,22,HR,Associate,San Francisco,47212.95,3687.98,2022-06-24,0,89.8,emily.anderson@company.com,(489) 812-6641,Active
EMP035365,Matthew,Gonzalez,Matthew Gonzalez,39,Finance,Manager,Los Angeles,75275.63,10794.07,2022-05-02,16,77.5,matthew.gonzalez@company.com,(929) 590-7801,Active
EMP035366,Amanda,Garcia,Amanda Garcia,58,Operations,Director,Seattle,76863.11,6954.86,2023-10-12,32,60.8,amanda.garcia@company.com,(280) 756-5050,Active
EMP035367,David,Martinez,David Martinez,53,Operations,Analyst,Miami,55843.04,6144.04,2024-04-23,27,78.4,david.martinez@company.com,(368) 363-7306,Active
EMP035368,Amanda,Garcia,Amanda Garcia,59,Marketing,Associate,Chicago,84591.48,10014.18,2024-11-03,33,66.5,amanda.garcia@company.com,(246) 855-4421,Active
EMP035369,David,Williams,David Williams,46,Legal,Coordinator,Los Angeles,67031.22,2524.99,2020-07-24,17,92.5,david.williams@company.com,(299) 285-1103,Active
EMP035370,David,Wilson,David Wilson,27,Legal,Coordinator,San Francisco,54669.85,6181.26,2021-06-30,0,86.8,david.wilson@company.com,(573) 926-1150,On Leave
EMP035371,Sarah,Moore,Sarah Moore,28,HR,Specialist,San Francisco,57744.78,7128.91,2020-01-16,0,99.8,sarah.moore@company.com,(635) 372-2724,On Leave
EMP035372,Jessica,Miller,Jessica Miller,36,Marketing,Manager,Boston,59119.59,6562.51,2020-11-27,14,80.0,jessica.miller@company.com,(419) 787-3005,Active
EMP035373,David,Martinez,David Martinez,62,IT,Specialist,San Francisco,137105.93,12601.56,2021-06-22,36,86.0,david.martinez@company.com,(907) 953-5728,Active
EMP035374,Christopher,Martin,Christopher Martin,37,Finance,Senior Developer,Boston,57360.97,8861.37,2024-02-28,15,75.8,christopher.martin@company.com,(518) 210-7588,Active
EMP035375,Sarah,Moore,Sarah Moore,48,HR,Associate,Seattle,60865.3,10614.4,2022-10-08,21,82.7,sarah.moore@company.com,(491) 701-5670,Active
EMP035376,Michael,Wilson,Michael Wilson,32,HR,Manager,Chicago,59300.12,136.63,2023-02-06,8,77.5,michael.wilson@company.com,(800) 835-7462,On Leave
EMP035377,Michael,Moore,Michael Moore,36,Operations,Director,San Francisco,71707.35,7300.75,2023-07-29,7,94.8,michael.moore@company.com,(876) 414-8281,Active
EMP035378,Jane,Jones,Jane Jones,59,Marketing,Director,New York,85881.67,15165.91,2021-08-11,30,89.7,jane.jones@company.com,(630) 305-6657,Active
EMP035379,Anthony,Davis,Anthony Davis,42,Engineering,Coordinator,Boston,103534.66,17509.74,2022-08-01,20,67.8,anthony.davis@company.com,(264) 342-7378,Active
EMP035380,David,Brown,David Brown,52,Operations,Manager,Chicago,80917.71,8379.94,2020-05-27,23,94.0,david.brown@company.com,(566) 207-3566,Active
EMP035381,Jane,Miller,Jane Miller,32,IT,Manager,Seattle,93437.01,5312.63,2024-11-21,6,64.1,jane.miller@company.com,(428) 407-4041,Active
EMP035382,Lisa,Lopez,Lisa Lopez,61,Legal,Specialist,Seattle,107878.85,17418.24,2024-04-20,38,87.6,lisa.lopez@company.com,(494) 329-7891,Active
EMP035383,Anthony,Wilson,Anthony Wilson,24,HR,Director,San Francisco,54762.61,7270.63,2021-02-21,0,80.0,anthony.wilson@company.com,(215) 956-8523,Active
EMP035384,Daniel,Rodriguez,Daniel Rodriguez,23,HR,Analyst,New York,52732.3,6377.7,2022-08-26,0,41.5,daniel.rodriguez@company.com,(721) 307-6807,Active
EMP035385,Jane,Hernandez,Jane Hernandez,34,Operations,Director,Los Angeles,46563.69,2718.3,2020-12-18,12,69.5,jane.hernandez@company.com,(387) 906-6517,Active
EMP035386,John,Martin,John Martin,63,IT,Manager,Los Angeles,76439.65,7550.18,2022-04-29,39,88.7,john.martin@company.com,(679) 482-6828,Active
EMP035387,William,Smith,William Smith,65,HR,Director,Boston,51838.98,722.94,2023-05-31,36,73.4,william.smith@company.com,(275) 967-5336,Active
EMP035388,Michael,Wilson,Michael Wilson,62,HR,Senior Developer,Miami,79771.67,10027.11,2022-05-04,40,72.8,michael.wilson@company.com,(975) 328-7203,Active
EMP035389,Christopher,Gonzalez,Christopher Gonzalez,48,Marketing,Analyst,Seattle,88822.13,9472.84,2021-09-12,24,71.7,christopher.gonzalez@company.com,(890) 655-4325,Active
EMP035390,Emily,Johnson,Emily Johnson,58,Legal,Analyst,New York,122982.83,15366.37,2021-06-05,36,83.5,emily.johnson@company.com,(781) 713-7279,Active
EMP035391,Ashley,Garcia,Ashley Garcia,54,Legal,Specialist,Seattle,88283.93,6724.33,2020-08-27,28,65.2,ashley.garcia@company.com,(867) 343-5841,Active
EMP035392,Melissa,Brown,Melissa Brown,31,IT,Specialist,Chicago,66467.58,3126.51,2024-04-10,7,48.7,melissa.brown@company.com,(840) 814-4860,Active
EMP035393,Jane,Martin,Jane Martin,55,Operations,Lead,Seattle,62150.34,7820.86,2023-09-14,32,83.2,jane.martin@company.com,(331) 856-9021,Active
EMP035394,Jessica,Jackson,Jessica Jackson,57,Sales,Manager,Miami,82454.1,13258.91,2020-08-18,32,71.3,jessica.jackson@company.com,(848) 653-6808,Active
EMP035395,Ashley,Anderson,Ashley Anderson,38,IT,Director,Seattle,51269.98,3722.82,2024-08-15,11,77.3,ashley.anderson@company.com,(867) 871-4172,Active
EMP035396,Amanda,Johnson,Amanda Johnson,26,Sales,Analyst,Seattle,44978.02,4276.9,2020-11-12,0,100.0,amanda.johnson@company.com,(977) 290-1708,Active
EMP035397,William,Williams,William Williams,46,HR,Manager,Chicago,63192.84,975.69,2021-12-17,23,86.8,william.williams@company.com,(373) 463-9620,Inactive
EMP035398,William,Hernandez,William Hernandez,59,Operations,Manager,Los Angeles,84687.41,7938.01,2022-07-05,32,66.6,william.hernandez@company.com,(394) 959-5084,Active
EMP035399,Christopher,Moore,Christopher Moore,25,Engineering,Specialist,Seattle,90515.12,8365.9,2024-06-06,2,50.6,christopher.moore@company.com,(408) 860-7567,Active
EMP035400,Stephanie,Martinez,Stephanie Martinez,53,Legal,Associate,Los Angeles,99339.81,0.0,2024-01-24,30,59.0,stephanie.martinez@company.com,(566) 524-2710,Active
EMP035401,James,Gonzalez,James Gonzalez,36,HR,Associate,Los Angeles,51768.95,7393.53,2024-04-07,8,68.5,james.gonzalez@company.com,(942) 237-5310,Active
EMP035402,Christopher,Lopez,Christopher Lopez,31,Operations,Director,Los Angeles,64637.21,8142.49,2022-01-09,2,73.9,christopher.lopez@company.com,(325) 669-4320,Active
EMP035403,Emily,Miller,Emily Miller,40,HR,Specialist,Boston,79045.15,9122.6,2023-07-14,15,79.5,emily.miller@company.com,(669) 452-2046,Active
EMP035404,William,Taylor,William Taylor,36,HR,Manager,Los Angeles,58435.25,5437.27,2024-02-01,9,73.7,william.taylor@company.com,(546) 518-7246,Active
EMP035405,Michael,Jackson,Michael Jackson,36,Legal,Specialist,Miami,58247.57,6961.81,2023-05-29,9,86.4,michael.jackson@company.com,(494) 530-9481,Inactive
EMP035406,Matthew,Moore,Matthew Moore,48,Legal,Specialist,New York,100974.94,15267.76,2024-09-16,22,75.1,matthew.moore@company.com,(686) 675-8413,Active
EMP035407,Anthony,Martinez,Anthony Martinez,25,Marketing,Director,Boston,73734.84,15521.51,2022-06-04,0,86.7,anthony.martinez@company.com,(396) 827-9644,Active
EMP035408,Robert,Brown,Robert Brown,38,Finance,Analyst,Chicago,59768.29,4644.64,2021-09-14,14,73.4,robert.brown@company.com,(728) 483-4481,Active
EMP035409,Amanda,Brown,Amanda Brown,36,IT,Analyst,Chicago,83459.49,3163.19,2021-12-06,11,73.0,amanda.brown@company.com,(571) 590-9903,Active
EMP035410,Sarah,Jackson,Sarah Jackson,44,Operations,Associate,Seattle,70916.55,4865.75,2021-04-08,20,74.4,sarah.jackson@company.com,(377) 980-3028,Active
EMP035411,James,Wilson,James Wilson,26,IT,Associate,New York,77112.36,15407.77,2024-10-22,0,78.7,james.wilson@company.com,(451) 409-7738,Inactive
EMP035412,Christopher,Gonzalez,Christopher Gonzalez,24,HR,Lead,New York,57251.55,6196.25,2024-09-11,1,65.7,christopher.gonzalez@company.com,(608) 601-6656,Active
EMP035413,Sarah,Anderson,Sarah Anderson,23,Engineering,Analyst,San Francisco,90954.4,16802.86,2020-02-01,0,64.9,sarah.anderson@company.com,(718) 249-3036,Active
EMP035414,Lisa,Brown,Lisa Brown,53,HR,Lead,Los Angeles,86653.26,12026.67,2020-01-06,27,74.8,lisa.brown@company.com,(511) 983-8009,On Leave
EMP035415,Matthew,Martin,Matthew Martin,48,Legal,Coordinator,Chicago,77380.76,15509.64,2023-02-27,21,78.9,matthew.martin@company.com,(735) 463-9495,Active
EMP035416,Christopher,Taylor,Christopher Taylor,64,HR,Manager,Boston,81760.34,4887.48,2022-06-25,39,81.3,christopher.taylor@company.com,(813) 702-3183,Active
EMP035417,Melissa,Jones,Melissa Jones,29,Operations,Senior Developer,San Francisco,48370.39,4503.45,2023-10-25,1,90.8,melissa.jones@company.com,(958) 946-9353,Active
EMP035418,Stephanie,Smith,Stephanie Smith,40,Legal,Associate,San Francisco,102823.15,2474.43,2023-03-28,13,86.2,stephanie.smith@company.com,(523) 769-7400,Active
EMP035419,Emily,Martin,Emily Martin,43,Marketing,Lead,Austin,77506.85,7347.58,2020-06-22,18,54.1,emily.martin@company.com,(721) 399-3963,Active
EMP035420,Jane,Lopez,Jane Lopez,61,Legal,Lead,Chicago,121754.77,23013.89,2022-09-22,34,92.8,jane.lopez@company.com,(940) 644-1870,Active
EMP035421,Melissa,Garcia,Melissa Garcia,27,Legal,Specialist,Austin,78559.35,7086.46,2020-01-13,2,95.9,melissa.garcia@company.com,(430) 451-4395,Active
EMP035422,Melissa,Rodriguez,Melissa Rodriguez,55,Marketing,Senior Developer,Austin,72535.07,6148.45,2024-04-03,28,84.2,melissa.rodriguez@company.com,(710) 516-5227,Active
EMP035423,Daniel,Thomas,Daniel Thomas,38,IT,Specialist,New York,50870.66,5084.43,2022-06-09,10,91.8,daniel.thomas@company.com,(464) 347-2112,Active
EMP035424,Matthew,Jones,Matthew Jones,37,Finance,Senior Developer,New York,44283.98,2299.23,2020-09-04,13,76.7,matthew.jones@company.com,(484) 564-7723,Active
EMP035425,Anthony,Jackson,Anthony Jackson,41,IT,Associate,Austin,84817.25,10547.62,2020-02-20,13,63.9,anthony.jackson@company.com,(361) 220-3137,On Leave
EMP035426,William,Moore,William Moore,34,Marketing,Senior Developer,New York,88668.4,6551.63,2023-08-05,7,85.6,william.moore@company.com,(200) 213-7815,Inactive
EMP035427,Anthony,Gonzalez,Anthony Gonzalez,62,Sales,Analyst,Austin,92629.06,9862.76,2023-11-07,39,81.3,anthony.gonzalez@company.com,(915) 960-6815,Active
EMP035428,Robert,Rodriguez,Robert Rodriguez,50,Sales,Specialist,San Francisco,107714.15,17038.5,2024-09-02,28,68.9,robert.rodriguez@company.com,(782) 805-1104,Active
EMP035429,Nicole,Davis,Nicole Davis,48,Engineering,Senior Developer,Chicago,65846.17,9852.56,2023-05-12,23,50.9,nicole.davis@company.com,(245) 527-9436,Active
EMP035430,William,Brown,William Brown,56,HR,Coordinator,New York,82444.17,12252.78,2023-12-04,28,93.1,william.brown@company.com,(409) 673-3717,Active
EMP035431,Michael,Anderson,Michael Anderson,60,Sales,Specialist,Chicago,85337.99,11312.26,2021-01-15,36,42.2,michael.anderson@company.com,(482) 955-1520,Active
EMP035432,Christopher,Martin,Christopher Martin,65,Engineering,Specialist,Miami,133524.38,9653.92,2020-05-31,36,75.4,christopher.martin@company.com,(262) 924-5563,Active
EMP035433,Lisa,Wilson,Lisa Wilson,42,Sales,Manager,San Francisco,75470.84,11942.94,2021-10-08,18,44.9,lisa.wilson@company.com,(935) 804-5857,Active
EMP035434,Jane,Martinez,Jane Martinez,27,Operations,Lead,San Francisco,40667.29,5490.18,2023-08-31,4,68.5,jane.martinez@company.com,(832) 311-6686,Active
EMP035435,Lisa,Johnson,Lisa Johnson,44,Legal,Associate,Miami,76883.15,14876.59,2020-08-12,18,99.2,lisa.johnson@company.com,(870) 860-3679,Active
EMP035436,Sarah,Jones,Sarah Jones,65,HR,Lead,Chicago,90828.42,6142.44,2024-05-10,37,56.6,sarah.jones@company.com,(806) 532-6146,Active
EMP035437,Emily,Hernandez,Emily Hernandez,53,HR,Specialist,San Francisco,63753.92,9031.45,2022-11-19,31,97.4,emily.hernandez@company.com,(787) 364-2378,Active
EMP035438,James,Miller,James Miller,38,Marketing,Coordinator,Miami,79706.36,3975.06,2022-07-16,15,72.1,james.miller@company.com,(694) 753-9462,Inactive
EMP035439,David,Hernandez,David Hernandez,65,Operations,Coordinator,Austin,44297.99,3401.87,2023-07-07,39,90.0,david.hernandez@company.com,(757) 522-3481,Active
EMP035440,Lisa,Davis,Lisa Davis,27,Legal,Coordinator,Chicago,53275.62,2654.52,2023-11-29,0,42.6,lisa.davis@company.com,(423) 734-6373,Active
EMP035441,Amanda,Moore,Amanda Moore,48,IT,Specialist,New York,84001.25,4184.71,2024-12-05,20,56.8,amanda.moore@company.com,(696) 717-9948,Active
EMP035442,Lisa,Thomas,Lisa Thomas,51,Marketing,Lead,Boston,69863.32,5205.19,2022-04-23,25,62.7,lisa.thomas@company.com,(994) 940-8591,Inactive
EMP035443,Matthew,Rodriguez,Matthew Rodriguez,55,Operations,Associate,Los Angeles,58499.82,9895.21,2021-09-10,31,71.4,matthew.rodriguez@company.com,(280) 764-1474,Active
EMP035444,James,Hernandez,James Hernandez,44,Legal,Coordinator,Los Angeles,119880.34,8119.32,2023-08-31,16,73.8,james.hernandez@company.com,(747) 235-1885,Active
EMP035445,Michael,Martinez,Michael Martinez,43,HR,Associate,Austin,69991.78,7657.29,2021-03-18,14,42.7,michael.martinez@company.com,(689) 849-5713,Active
EMP035446,Anthony,Hernandez,Anthony Hernandez,58,Engineering,Analyst,New York,140671.36,8805.15,2023-11-07,32,84.6,anthony.hernandez@company.com,(344) 668-4203,Active
EMP035447,Emily,Gonzalez,Emily Gonzalez,55,HR,Associate,San Francisco,70959.83,6529.7,2020-08-15,29,91.9,emily.gonzalez@company.com,(752) 739-3913,Active
EMP035448,Anthony,Anderson,Anthony Anderson,27,Finance,Senior Developer,Austin,40438.37,6696.35,2024-07-15,0,86.8,anthony.anderson@company.com,(577) 275-3716,Active
EMP035449,Stephanie,Hernandez,Stephanie Hernandez,59,Marketing,Associate,Boston,91474.61,8186.94,2024-03-03,35,66.4,stephanie.hernandez@company.com,(213) 286-4167,Active
EMP035450,Jane,Smith,Jane Smith,27,Engineering,Senior Developer,Seattle,40696.6,3984.73,2023-04-17,1,83.6,jane.smith@company.com,(860) 356-3789,On Leave
EMP035451,Emily,Thomas,Emily Thomas,22,Sales,Lead,Austin,50446.95,5092.51,2024-12-30,0,67.2,emily.thomas@company.com,(582) 972-1310,Active
EMP035452,Emily,Moore,Emily Moore,42,IT,Lead,Seattle,105162.96,7155.1,2020-11-06,14,76.0,emily.moore@company.com,(226) 443-7366,Active
EMP035453,Jane,Wilson,Jane Wilson,31,Legal,Manager,Miami,121713.01,6661.4,2021-09-24,7,83.8,jane.wilson@company.com,(204) 978-2306,Active
EMP035454,Lisa,Taylor,Lisa Taylor,36,Sales,Coordinator,Miami,79437.19,7493.12,2021-05-04,13,93.3,lisa.taylor@company.com,(669) 874-3195,Active
EMP035455,Daniel,Martin,Daniel Martin,25,Legal,Specialist,New York,65551.17,6155.21,2021-10-21,0,73.4,daniel.martin@company.com,(503) 813-4730,Active
EMP035456,John,Hernandez,John Hernandez,22,Engineering,Manager,New York,49665.43,1517.94,2023-10-05,0,85.1,john.hernandez@company.com,(790) 636-4082,Active
EMP035457,Ashley,Miller,Ashley Miller,54,Legal,Specialist,Boston,114035.88,14283.39,2024-11-27,27,68.4,ashley.miller@company.com,(912) 234-3000,Active
EMP035458,Christopher,Williams,Christopher Williams,49,Engineering,Associate,Seattle,91062.13,7356.42,2024-08-04,20,67.8,christopher.williams@company.com,(757) 384-6673,Inactive
EMP035459,Stephanie,Wilson,Stephanie Wilson,32,IT,Coordinator,San Francisco,69138.04,4013.62,2023-09-21,4,75.4,stephanie.wilson@company.com,(776) 499-6815,Active
EMP035460,Christopher,Lopez,Christopher Lopez,52,Operations,Analyst,San Francisco,53387.66,7061.89,2022-08-11,24,74.6,christopher.lopez@company.com,(687) 590-1249,On Leave
EMP035461,John,Thomas,John Thomas,49,IT,Director,Boston,122081.77,12524.72,2022-08-07,25,87.1,john.thomas@company.com,(674) 977-1483,Active
EMP035462,Stephanie,Jackson,Stephanie Jackson,63,HR,Lead,San Francisco,81443.22,15913.93,2024-11-28,34,68.3,stephanie.jackson@company.com,(385) 350-9478,Active
EMP035463,Emily,Johnson,Emily Johnson,49,Engineering,Director,Los Angeles,124246.41,0.0,2023-07-27,21,90.8,emily.johnson@company.com,(856) 807-6302,Inactive
EMP035464,Amanda,Miller,Amanda Miller,61,Engineering,Senior Developer,San Francisco,112465.78,12326.04,2020-08-05,37,85.3,amanda.miller@company.com,(776) 235-1000,Active
EMP035465,Nicole,Anderson,Nicole Anderson,44,Marketing,Senior Developer,Austin,82080.4,9302.85,2020-01-09,17,70.5,nicole.anderson@company.com,(968) 793-1885,Active
EMP035466,Sarah,Moore,Sarah Moore,24,Legal,Director,Boston,71021.84,10461.86,2024-08-29,1,64.8,sarah.moore@company.com,(303) 488-2743,Active
EMP035467,Daniel,Thomas,Daniel Thomas,57,Sales,Coordinator,Los Angeles,88053.52,12746.95,2024-07-12,35,92.3,daniel.thomas@company.com,(632) 905-9608,Active
EMP035468,Stephanie,Jones,Stephanie Jones,34,IT,Associate,Seattle,107041.02,483.1,2020-03-03,11,64.8,stephanie.jones@company.com,(428) 406-1638,Active
EMP035469,Robert,Wilson,Robert Wilson,41,Legal,Coordinator,Chicago,102235.86,12957.26,2020-01-20,16,77.3,robert.wilson@company.com,(571) 308-6560,On Leave
EMP035470,William,Smith,William Smith,45,Legal,Associate,New York,110529.99,13945.25,2020-01-28,17,76.7,william.smith@company.com,(494) 873-8162,On Leave
EMP035471,Jessica,Taylor,Jessica Taylor,54,HR,Senior Developer,San Francisco,77729.77,4231.08,2020-10-05,30,78.5,jessica.taylor@company.com,(595) 845-6341,Active
EMP035472,Matthew,Moore,Matthew Moore,23,IT,Associate,Boston,45660.12,4179.13,2022-12-21,0,87.3,matthew.moore@company.com,(399) 977-8924,Active
EMP035473,James,Brown,James Brown,58,Sales,Director,Austin,60731.59,2515.49,2023-02-18,30,99.4,james.brown@company.com,(936) 228-7979,Active
EMP035474,Amanda,Williams,Amanda Williams,57,Marketing,Analyst,Miami,70253.41,8134.35,2023-02-25,33,68.7,amanda.williams@company.com,(884) 309-4148,Active
EMP035475,John,Davis,John Davis,50,HR,Analyst,Chicago,79875.05,0.53,2021-12-09,24,26.1,john.davis@company.com,(512) 386-6469,Active
EMP035476,Lisa,Taylor,Lisa Taylor,60,Marketing,Specialist,Miami,75338.76,2877.67,2024-10-25,32,65.1,lisa.taylor@company.com,(348) 463-7832,Active
EMP035477,Michael,Martinez,Michael Martinez,55,Marketing,Specialist,Boston,73030.46,4943.97,2024-05-01,26,45.3,michael.martinez@company.com,(576) 937-9889,Active
EMP035478,Emily,Hernandez,Emily Hernandez,27,Operations,Coordinator,Austin,52674.45,5885.85,2021-02-14,5,85.0,emily.hernandez@company.com,(373) 492-4601,Active
EMP035479,Matthew,Williams,Matthew Williams,35,Marketing,Manager,Boston,47947.63,979.58,2020-01-01,13,73.6,matthew.williams@company.com,(855) 686-5771,Active
EMP035480,David,Miller,David Miller,53,IT,Coordinator,Austin,88416.44,8507.91,2023-01-14,28,69.0,david.miller@company.com,(408) 966-8193,Active
EMP035481,Matthew,Williams,Matthew Williams,64,Finance,Senior Developer,Chicago,111854.49,13941.67,2023-05-22,36,64.5,matthew.williams@company.com,(363) 688-9302,On Leave
EMP035482,Lisa,Martinez,Lisa Martinez,61,IT,Lead,New York,94959.66,17340.32,2023-12-03,38,62.4,lisa.martinez@company.com,(744) 969-5397,Active
EMP035483,James,Thomas,James Thomas,40,Engineering,Coordinator,Austin,117996.99,0.0,2022-10-13,13,81.6,james.thomas@company.com,(630) 216-7371,Active
EMP035484,Emily,Anderson,Emily Anderson,39,HR,Specialist,San Francisco,61053.09,11161.57,2020-03-10,14,41.3,emily.anderson@company.com,(642) 302-6349,On Leave
EMP035485,Anthony,Davis,Anthony Davis,33,Legal,Director,Boston,54419.76,2230.47,2021-06-27,4,69.7,anthony.davis@company.com,(704) 440-5574,Inactive
EMP035486,Anthony,Gonzalez,Anthony Gonzalez,47,HR,Analyst,Seattle,71830.21,10383.43,2020-07-02,18,55.6,anthony.gonzalez@company.com,(256) 970-5026,Active
EMP035487,Stephanie,Smith,Stephanie Smith,59,Legal,Associate,Austin,144456.9,17020.81,2023-09-04,31,100.0,stephanie.smith@company.com,(602) 901-4955,Active
EMP035488,Jane,Jones,Jane Jones,37,Operations,Manager,New York,57497.01,7698.72,2021-07-05,12,97.9,jane.jones@company.com,(241) 872-3377,Active
EMP035489,James,Wilson,James Wilson,40,Engineering,Specialist,Austin,69667.07,4398.71,2023-06-29,14,62.3,james.wilson@company.com,(614) 304-9265,Active
EMP035490,Christopher,Moore,Christopher Moore,55,Operations,Lead,New York,68701.61,4365.86,2020-02-01,27,49.4,christopher.moore@company.com,(339) 585-4307,Active
EMP035491,Emily,Williams,Emily Williams,63,Operations,Specialist,San Francisco,89830.96,8973.76,2023-08-10,38,73.0,emily.williams@company.com,(778) 806-3784,Active
EMP035492,John,Martinez,John Martinez,57,Finance,Associate,Seattle,107900.83,5555.8,2022-01-25,33,89.3,john.martinez@company.com,(430) 204-7713,Active
EMP035493,Stephanie,Taylor,Stephanie Taylor,52,Marketing,Senior Developer,Miami,99108.75,8954.2,2021-06-04,29,68.3,stephanie.taylor@company.com,(813) 205-4436,Active
EMP035494,John,Thomas,John Thomas,33,Engineering,Associate,Los Angeles,126173.82,5434.85,2021-04-17,6,80.8,john.thomas@company.com,(509) 991-7726,Active
EMP035495,Robert,Wilson,Robert Wilson,50,Legal,Coordinator,Los Angeles,128590.31,13128.02,2020-10-26,25,59.5,robert.wilson@company.com,(889) 965-6351,Active
EMP035496,Matthew,Taylor,Matthew Taylor,40,Engineering,Analyst,New York,79011.26,4995.92,2020-04-21,15,58.6,matthew.taylor@company.com,(254) 893-7548,Active
EMP035497,Melissa,Hernandez,Melissa Hernandez,57,Operations,Manager,Seattle,101887.35,7694.57,2022-10-03,31,80.5,melissa.hernandez@company.com,(961) 844-3172,Active
EMP035498,Sarah,Miller,Sarah Miller,57,HR,Director,Boston,75646.7,8594.59,2020-08-25,29,73.0,sarah.miller@company.com,(748) 930-7958,Active
EMP035499,Lisa,Moore,Lisa Moore,34,IT,Coordinator,Austin,89648.32,13513.71,2021-10-15,11,75.5,lisa.moore@company.com,(425) 876-3465,On Leave
EMP035500,William,Martin,William Martin,42,IT,Director,Miami,79272.9,10551.62,2020-04-30,17,55.0,william.martin@company.com,(746) 304-1260,Active
EMP035501,Michael,Lopez,Michael Lopez,45,Engineering,Associate,San Francisco,142060.86,27273.02,2021-05-12,19,77.6,michael.lopez@company.com,(693) 765-2097,Inactive
EMP035502,Amanda,Wilson,Amanda Wilson,49,Legal,Senior Developer,Seattle,98701.05,412.43,2022-12-31,26,64.3,amanda.wilson@company.com,(459) 348-9450,Active
EMP035503,Daniel,Martinez,Daniel Martinez,47,Finance,Lead,Chicago,69249.9,6824.77,2021-01-12,21,67.7,daniel.martinez@company.com,(454) 602-8598,Active
EMP035504,Nicole,Johnson,Nicole Johnson,52,Operations,Specialist,San Francisco,48668.68,2773.36,2023-12-23,26,49.4,nicole.johnson@company.com,(388) 256-9823,Active
EMP035505,Daniel,Gonzalez,Daniel Gonzalez,37,Sales,Associate,Austin,90714.77,14591.58,2020-07-09,12,69.4,daniel.gonzalez@company.com,(749) 598-1724,On Leave
EMP035506,Emily,Hernandez,Emily Hernandez,63,Finance,Coordinator,Seattle,82826.71,3036.7,2024-05-03,37,60.7,emily.hernandez@company.com,(542) 994-8969,Active
EMP035507,Nicole,Gonzalez,Nicole Gonzalez,47,Finance,Analyst,New York,80142.87,8947.92,2022-07-27,20,65.0,nicole.gonzalez@company.com,(773) 248-4554,Active
EMP035508,William,Moore,William Moore,48,HR,Associate,New York,59567.99,2832.86,2024-05-05,22,85.0,william.moore@company.com,(480) 680-7318,Active
EMP035509,Robert,Garcia,Robert Garcia,64,Engineering,Coordinator,Los Angeles,146422.4,10161.91,2024-07-18,37,80.8,robert.garcia@company.com,(537) 752-7516,Active
EMP035510,John,Davis,John Davis,61,Finance,Lead,Miami,129962.74,8495.82,2022-09-24,33,80.4,john.davis@company.com,(563) 922-5706,Active
EMP035511,Stephanie,Lopez,Stephanie Lopez,65,Sales,Associate,New York,94042.72,4400.62,2021-01-12,37,70.7,stephanie.lopez@company.com,(921) 959-9157,Active
EMP035512,Daniel,Lopez,Daniel Lopez,28,HR,Lead,San Francisco,63128.91,9853.85,2022-01-26,0,60.7,daniel.lopez@company.com,(837) 801-4686,Active
EMP035513,Emily,Garcia,Emily Garcia,56,HR,Senior Developer,Seattle,68679.48,2026.61,2022-06-16,30,76.2,emily.garcia@company.com,(555) 460-7877,Active
EMP035514,David,Moore,David Moore,51,Engineering,Director,San Francisco,90577.36,9019.5,2024-08-03,29,67.7,david.moore@company.com,(346) 856-2749,Active
EMP035515,Nicole,Hernandez,Nicole Hernandez,28,Marketing,Specialist,Boston,49308.55,3167.75,2021-11-05,6,86.1,nicole.hernandez@company.com,(599) 314-1764,Active
EMP035516,Jessica,Anderson,Jessica Anderson,29,Finance,Analyst,Los Angeles,92938.71,4525.49,2024-05-09,3,69.0,jessica.anderson@company.com,(717) 249-9411,Active
EMP035517,Matthew,Martinez,Matthew Martinez,45,Sales,Specialist,Boston,81479.92,10891.59,2022-03-15,22,89.1,matthew.martinez@company.com,(525) 826-3762,Active
EMP035518,Stephanie,Williams,Stephanie Williams,58,Sales,Senior Developer,Boston,56125.69,7199.52,2023-10-20,29,71.8,stephanie.williams@company.com,(606) 478-6634,Active
EMP035519,Jane,Rodriguez,Jane Rodriguez,41,Engineering,Director,Austin,101504.65,11848.78,2024-07-01,18,85.0,jane.rodriguez@company.com,(502) 243-4786,Active
EMP035520,Stephanie,Davis,Stephanie Davis,39,HR,Associate,Boston,94307.4,2559.59,2023-12-01,13,98.0,stephanie.davis@company.com,(879) 926-2948,Active
EMP035521,John,Miller,John Miller,29,Finance,Associate,San Francisco,86237.19,7164.44,2022-08-21,7,51.1,john.miller@company.com,(771) 577-3139,Active
EMP035522,Melissa,Miller,Melissa Miller,40,HR,Lead,Miami,69520.65,15743.7,2022-08-29,13,54.3,melissa.miller@company.com,(625) 914-1140,Active
EMP035523,William,Davis,William Davis,22,HR,Manager,Boston,35624.76,2067.23,2021-01-19,0,64.8,william.davis@company.com,(757) 780-4856,Active
EMP035524,William,Lopez,William Lopez,26,Finance,Coordinator,Los Angeles,81754.65,7208.23,2020-10-03,4,69.1,william.lopez@company.com,(592) 458-9543,Active
EMP035525,Ashley,Davis,Ashley Davis,55,Marketing,Lead,New York,41464.47,4132.66,2024-04-18,30,69.0,ashley.davis@company.com,(244) 555-1060,Active
EMP035526,Ashley,Smith,Ashley Smith,41,Finance,Lead,Chicago,107486.18,5647.88,2022-09-04,19,69.9,ashley.smith@company.com,(734) 303-9167,Active
EMP035527,Jessica,Smith,Jessica Smith,27,Operations,Coordinator,New York,48515.39,4861.8,2024-05-03,4,35.9,jessica.smith@company.com,(291) 412-1542,Active
EMP035528,Jessica,Garcia,Jessica Garcia,53,Operations,Coordinator,New York,48341.53,7208.63,2023-08-28,24,71.5,jessica.garcia@company.com,(279) 897-8002,Inactive
EMP035529,Anthony,Jones,Anthony Jones,48,Marketing,Analyst,Seattle,86755.97,10601.97,2022-08-20,26,72.2,anthony.jones@company.com,(306) 589-2288,Active
EMP035530,Matthew,Martin,Matthew Martin,57,Operations,Manager,Chicago,64614.34,8566.15,2021-12-06,32,81.3,matthew.martin@company.com,(997) 727-7589,Active
EMP035531,Nicole,Martin,Nicole Martin,60,IT,Lead,Los Angeles,75168.74,11241.42,2020-11-12,37,79.1,nicole.martin@company.com,(744) 321-7216,Active
EMP035532,Matthew,Miller,Matthew Miller,38,IT,Coordinator,Los Angeles,120752.73,19166.8,2021-11-16,14,79.4,matthew.miller@company.com,(541) 846-9429,Active
EMP035533,John,Wilson,John Wilson,54,Legal,Lead,San Francisco,125463.83,12042.8,2022-12-29,30,79.0,john.wilson@company.com,(799) 794-3908,Inactive
EMP035534,Ashley,Jones,Ashley Jones,60,Engineering,Associate,Austin,120579.57,25535.26,2023-03-12,36,76.8,ashley.jones@company.com,(859) 909-7975,Active
EMP035535,Matthew,Hernandez,Matthew Hernandez,22,Sales,Coordinator,Miami,60982.06,465.6,2021-01-11,0,51.5,matthew.hernandez@company.com,(999) 356-8254,Active
EMP035536,William,Rodriguez,William Rodriguez,31,Engineering,Director,Boston,68684.91,3036.51,2023-09-01,8,59.1,william.rodriguez@company.com,(475) 844-2096,Active
EMP035537,Michael,Taylor,Michael Taylor,37,Finance,Manager,Boston,76804.88,2293.46,2023-08-08,14,75.5,michael.taylor@company.com,(763) 894-8182,Active
EMP035538,Ashley,Miller,Ashley Miller,56,Legal,Manager,San Francisco,88232.79,3907.76,2022-10-02,33,81.5,ashley.miller@company.com,(427) 571-4468,Active
EMP035539,Anthony,Johnson,Anthony Johnson,50,Legal,Manager,New York,99875.68,5939.03,2022-02-02,21,71.5,anthony.johnson@company.com,(430) 896-5140,Active
EMP035540,Jane,Miller,Jane Miller,38,Operations,Lead,Austin,43948.24,5354.16,2021-11-29,13,65.8,jane.miller@company.com,(524) 557-9877,Inactive
EMP035541,Jane,Hernandez,Jane Hernandez,64,HR,Coordinator,Miami,99468.45,16555.08,2024-05-16,42,57.5,jane.hernandez@company.com,(878) 574-7434,Active
EMP035542,Jane,Anderson,Jane Anderson,27,HR,Coordinator,Boston,45288.53,3764.26,2023-04-15,3,96.2,jane.anderson@company.com,(834) 582-3728,Active
EMP035543,David,Wilson,David Wilson,47,Legal,Coordinator,Chicago,86366.41,10592.57,2024-10-27,25,57.1,david.wilson@company.com,(467) 855-2779,Active
EMP035544,William,Rodriguez,William Rodriguez,44,Marketing,Specialist,Miami,89680.63,1791.23,2021-03-21,18,70.7,william.rodriguez@company.com,(830) 441-2662,Active
EMP035545,Christopher,Lopez,Christopher Lopez,32,HR,Manager,Los Angeles,56336.31,4503.01,2023-01-09,3,73.9,christopher.lopez@company.com,(552) 971-9460,Active
EMP035546,Lisa,Williams,Lisa Williams,55,Marketing,Director,San Francisco,91166.73,8845.88,2021-05-04,33,100.0,lisa.williams@company.com,(793) 246-6934,Active
EMP035547,Emily,Thomas,Emily Thomas,43,Marketing,Specialist,Miami,64638.72,2532.78,2022-12-16,14,77.1,emily.thomas@company.com,(985) 811-3103,Active
EMP035548,Stephanie,Gonzalez,Stephanie Gonzalez,62,Finance,Specialist,Seattle,101133.44,6610.79,2024-05-27,33,83.0,stephanie.gonzalez@company.com,(380) 970-8572,Active
EMP035549,Michael,Johnson,Michael Johnson,56,Finance,Associate,Seattle,84361.8,9031.96,2021-04-01,30,68.7,michael.johnson@company.com,(602) 221-8133,Active
EMP035550,David,Hernandez,David Hernandez,42,HR,Director,Los Angeles,81205.78,1675.58,2023-10-29,16,53.9,david.hernandez@company.com,(508) 970-2575,Active
EMP035551,Jane,Jackson,Jane Jackson,59,Marketing,Lead,Austin,84434.1,10628.01,2022-09-12,36,64.2,jane.jackson@company.com,(464) 831-3235,Active
EMP035552,David,Martin,David Martin,65,Marketing,Associate,Los Angeles,85200.48,6275.86,2021-08-08,39,66.5,david.martin@company.com,(245) 383-5959,Active
EMP035553,Emily,Jones,Emily Jones,34,Engineering,Director,Seattle,62493.66,4869.46,2020-05-18,8,80.7,emily.jones@company.com,(795) 537-1415,Inactive
EMP035554,Nicole,Lopez,Nicole Lopez,56,Marketing,Director,Seattle,78473.75,11684.06,2021-12-05,31,70.7,nicole.lopez@company.com,(378) 579-1287,Active
EMP035555,Sarah,Brown,Sarah Brown,60,Operations,Associate,Miami,101186.46,6449.89,2020-02-08,33,98.0,sarah.brown@company.com,(279) 350-8316,Active
EMP035556,Anthony,Hernandez,Anthony Hernandez,45,Engineering,Senior Developer,Seattle,119910.53,8606.11,2024-08-27,23,95.1,anthony.hernandez@company.com,(921) 967-1404,Active
EMP035557,Michael,Rodriguez,Michael Rodriguez,60,IT,Analyst,Los Angeles,126621.74,0.0,2022-12-17,36,67.2,michael.rodriguez@company.com,(417) 501-4398,Active
EMP035558,Ashley,Williams,Ashley Williams,54,HR,Specialist,New York,76891.4,2700.68,2021-11-13,25,73.0,ashley.williams@company.com,(600) 579-4144,Inactive
EMP035559,Robert,Jones,Robert Jones,56,Legal,Specialist,Seattle,92304.85,5522.23,2020-06-06,27,63.4,robert.jones@company.com,(755) 536-7907,Active
EMP035560,Ashley,Wilson,Ashley Wilson,37,Sales,Associate,Boston,89098.32,10527.89,2023-06-02,11,87.5,ashley.wilson@company.com,(408) 911-6804,Inactive
EMP035561,Robert,Jones,Robert Jones,62,Sales,Senior Developer,San Francisco,98837.78,11590.56,2021-01-06,39,74.0,robert.jones@company.com,(924) 995-3076,Active
EMP035562,Lisa,Taylor,Lisa Taylor,62,Finance,Director,Los Angeles,96581.08,17793.94,2021-07-21,40,55.0,lisa.taylor@company.com,(890) 313-8129,Active
EMP035563,Emily,Smith,Emily Smith,33,Finance,Coordinator,New York,47711.96,6525.55,2020-09-09,4,94.4,emily.smith@company.com,(252) 589-7539,Active
EMP035564,Melissa,Thomas,Melissa Thomas,49,Operations,Specialist,Miami,73661.39,10591.48,2021-07-11,20,87.0,melissa.thomas@company.com,(606) 916-4146,Active
EMP035565,Amanda,Martinez,Amanda Martinez,43,Sales,Analyst,Austin,57253.98,7838.09,2021-09-11,18,83.6,amanda.martinez@company.com,(542) 952-6790,Active
EMP035566,Sarah,Moore,Sarah Moore,48,HR,Analyst,Boston,62608.71,2506.44,2024-09-15,24,90.7,sarah.moore@company.com,(644) 631-6678,Active
EMP035567,Christopher,Johnson,Christopher Johnson,45,Legal,Associate,San Francisco,94667.22,11205.94,2020-08-03,21,57.5,christopher.johnson@company.com,(745) 575-2110,Active
EMP035568,Stephanie,Anderson,Stephanie Anderson,48,Engineering,Director,Chicago,126773.51,19945.85,2023-03-15,26,72.2,stephanie.anderson@company.com,(463) 787-2024,Active
EMP035569,Robert,Wilson,Robert Wilson,57,Operations,Associate,Boston,57605.07,9539.46,2020-11-26,29,74.0,robert.wilson@company.com,(563) 853-1880,Active
EMP035570,Lisa,Jackson,Lisa Jackson,42,Operations,Manager,Seattle,83558.52,3172.75,2023-12-17,19,49.6,lisa.jackson@company.com,(411) 776-4974,Active
EMP035571,Ashley,Rodriguez,Ashley Rodriguez,60,Marketing,Associate,Seattle,80720.94,5555.19,2020-08-15,34,49.0,ashley.rodriguez@company.com,(923) 597-2062,Active
EMP035572,Robert,Hernandez,Robert Hernandez,58,Sales,Specialist,Chicago,65932.6,5583.93,2021-03-22,31,56.8,robert.hernandez@company.com,(280) 930-9328,Active
EMP035573,Emily,Rodriguez,Emily Rodriguez,22,Finance,Associate,Seattle,70331.12,12935.0,2020-05-17,0,50.5,emily.rodriguez@company.com,(665) 258-1309,Active
EMP035574,John,Hernandez,John Hernandez,50,Legal,Analyst,Miami,80397.18,5632.72,2020-08-03,22,72.2,john.hernandez@company.com,(961) 859-1900,Active
EMP035575,Michael,Thomas,Michael Thomas,62,IT,Associate,Los Angeles,81312.61,964.48,2020-07-04,34,71.0,michael.thomas@company.com,(523) 288-4567,Active
EMP035576,Sarah,Miller,Sarah Miller,56,Finance,Director,Austin,108199.19,14340.32,2020-11-10,27,94.1,sarah.miller@company.com,(874) 321-9196,Active
EMP035577,Jane,Jones,Jane Jones,45,Finance,Associate,Miami,75950.15,11409.93,2022-02-15,16,100.0,jane.jones@company.com,(312) 711-5826,On Leave
EMP035578,Christopher,Brown,Christopher Brown,38,Operations,Coordinator,Chicago,45793.25,7521.64,2022-12-15,10,77.5,christopher.brown@company.com,(736) 701-1635,Inactive
EMP035579,Matthew,Anderson,Matthew Anderson,47,Operations,Coordinator,Boston,91191.09,7424.52,2022-06-03,20,78.4,matthew.anderson@company.com,(305) 385-3784,Active
EMP035580,Amanda,Davis,Amanda Davis,62,HR,Senior Developer,Austin,89886.55,3847.69,2020-01-01,34,99.4,amanda.davis@company.com,(921) 222-3437,Active
EMP035581,Robert,Johnson,Robert Johnson,30,Sales,Manager,Seattle,64476.08,3795.94,2023-09-16,5,69.9,robert.johnson@company.com,(480) 975-6147,Active
EMP035582,Michael,Smith,Michael Smith,52,IT,Manager,New York,93044.67,8056.4,2022-04-22,27,67.6,michael.smith@company.com,(898) 625-7445,On Leave
EMP035583,Daniel,Martin,Daniel Martin,54,Operations,Manager,San Francisco,102739.15,11086.56,2022-07-25,32,89.7,daniel.martin@company.com,(296) 501-7928,Active
EMP035584,Lisa,Wilson,Lisa Wilson,52,Operations,Specialist,San Francisco,84853.79,0.0,2022-09-29,24,69.5,lisa.wilson@company.com,(477) 623-5381,Active
EMP035585,James,Rodriguez,James Rodriguez,53,Engineering,Associate,Seattle,127561.0,18662.75,2022-12-21,29,88.8,james.rodriguez@company.com,(282) 482-7752,Active
EMP035586,Robert,Williams,Robert Williams,53,IT,Coordinator,San Francisco,103422.89,10233.36,2024-02-09,31,83.7,robert.williams@company.com,(772) 863-4337,Inactive
EMP035587,Nicole,Martinez,Nicole Martinez,22,HR,Coordinator,Chicago,35674.91,3846.03,2022-04-22,0,70.8,nicole.martinez@company.com,(683) 365-2967,Active
EMP035588,John,Moore,John Moore,28,Marketing,Coordinator,Miami,80370.59,11265.27,2024-03-17,6,74.3,john.moore@company.com,(748) 892-9221,Active
EMP035589,Christopher,Smith,Christopher Smith,22,Legal,Lead,San Francisco,43439.38,4375.75,2022-09-20,0,57.9,christopher.smith@company.com,(780) 891-6183,Active
EMP035590,Jane,Jackson,Jane Jackson,64,Legal,Associate,Austin,92723.11,11267.21,2023-09-22,40,67.2,jane.jackson@company.com,(951) 300-2150,Active
EMP035591,Lisa,Rodriguez,Lisa Rodriguez,41,Engineering,Coordinator,New York,112007.61,8806.85,2020-07-27,13,88.9,lisa.rodriguez@company.com,(770) 423-2394,Active
EMP035592,Stephanie,Gonzalez,Stephanie Gonzalez,63,Operations,Associate,Chicago,51080.17,9167.16,2021-05-03,37,64.9,stephanie.gonzalez@company.com,(672) 527-9114,On Leave
EMP035593,Daniel,Martinez,Daniel Martinez,23,IT,Associate,San Francisco,58073.91,10747.05,2023-01-28,0,65.5,daniel.martinez@company.com,(797) 692-2871,Active
EMP035594,David,Johnson,David Johnson,50,Finance,Senior Developer,Seattle,127888.5,5126.35,2021-03-13,24,83.8,david.johnson@company.com,(354) 580-9152,Active
EMP035595,Lisa,Thomas,Lisa Thomas,38,Finance,Analyst,Chicago,66476.9,6796.87,2024-09-01,13,58.4,lisa.thomas@company.com,(323) 489-7631,Active
EMP035596,Nicole,Johnson,Nicole Johnson,28,Sales,Coordinator,New York,58902.14,5415.5,2022-11-07,0,70.5,nicole.johnson@company.com,(928) 730-5781,Active
EMP035597,Robert,Hernandez,Robert Hernandez,31,Engineering,Director,Austin,94050.86,10554.42,2022-05-27,3,76.3,robert.hernandez@company.com,(892) 509-1627,Active
EMP035598,Jane,Miller,Jane Miller,57,Legal,Senior Developer,San Francisco,105517.89,4275.2,2021-01-09,34,96.0,jane.miller@company.com,(383) 569-7801,Active
EMP035599,David,Taylor,David Taylor,65,Legal,Manager,Austin,68040.87,9422.33,2023-10-20,38,95.0,david.taylor@company.com,(769) 279-2766,Active
EMP035600,Michael,Gonzalez,Michael Gonzalez,61,Marketing,Associate,San Francisco,46695.67,1005.06,2023-04-12,33,90.3,michael.gonzalez@company.com,(971) 366-7955,Active
EMP035601,Melissa,Moore,Melissa Moore,32,HR,Senior Developer,Miami,45919.42,4871.2,2021-01-16,5,73.5,melissa.moore@company.com,(912) 904-5022,Active
EMP035602,Ashley,Anderson,Ashley Anderson,43,Legal,Analyst,Los Angeles,85433.32,5302.7,2023-12-20,16,65.2,ashley.anderson@company.com,(386) 720-2699,Active
EMP035603,James,Rodriguez,James Rodriguez,39,Finance,Lead,Seattle,77209.14,11848.87,2021-08-22,12,89.1,james.rodriguez@company.com,(788) 810-3988,Active
EMP035604,Michael,Rodriguez,Michael Rodriguez,38,Legal,Manager,San Francisco,66950.86,5726.14,2020-10-08,12,69.8,michael.rodriguez@company.com,(581) 585-2769,Active
EMP035605,Stephanie,Brown,Stephanie Brown,41,Marketing,Director,Seattle,72745.51,8248.75,2021-08-12,19,97.1,stephanie.brown@company.com,(628) 418-4730,Active
EMP035606,Sarah,Martinez,Sarah Martinez,37,Legal,Associate,Seattle,82526.91,5662.59,2023-07-10,13,77.8,sarah.martinez@company.com,(841) 458-4158,Active
EMP035607,Nicole,Rodriguez,Nicole Rodriguez,29,Finance,Coordinator,San Francisco,88813.73,21626.55,2022-04-29,4,95.8,nicole.rodriguez@company.com,(594) 223-5772,Active
EMP035608,Daniel,Garcia,Daniel Garcia,54,Engineering,Lead,Miami,117597.0,12443.95,2023-03-14,31,100.0,daniel.garcia@company.com,(509) 456-7434,Active
EMP035609,William,Gonzalez,William Gonzalez,39,Engineering,Specialist,San Francisco,76552.04,10187.99,2020-07-29,10,100.0,william.gonzalez@company.com,(442) 577-9076,Active
EMP035610,Sarah,Smith,Sarah Smith,36,Finance,Manager,San Francisco,72804.24,7465.72,2024-10-04,12,49.9,sarah.smith@company.com,(487) 873-6354,Active
EMP035611,James,Thomas,James Thomas,45,Operations,Senior Developer,Chicago,55955.48,7635.96,2023-05-01,19,61.7,james.thomas@company.com,(950) 669-7983,Active
EMP035612,Christopher,Smith,Christopher Smith,63,Engineering,Associate,Seattle,122370.91,10769.29,2023-03-03,34,74.4,christopher.smith@company.com,(937) 577-9746,Active
EMP035613,Jessica,Jones,Jessica Jones,41,IT,Manager,Boston,113484.98,14958.13,2024-02-02,19,51.6,jessica.jones@company.com,(956) 791-7778,Active
EMP035614,Michael,Brown,Michael Brown,23,Legal,Senior Developer,Miami,97523.49,9144.66,2023-08-23,0,84.3,michael.brown@company.com,(372) 505-1171,Active
EMP035615,William,Lopez,William Lopez,47,HR,Director,San Francisco,94144.08,11158.22,2020-07-02,23,90.4,william.lopez@company.com,(669) 648-1455,Active
EMP035616,Michael,Rodriguez,Michael Rodriguez,58,Finance,Senior Developer,San Francisco,117334.71,13409.66,2020-05-30,30,70.5,michael.rodriguez@company.com,(344) 932-8618,Active
EMP035617,Michael,Brown,Michael Brown,51,IT,Director,Los Angeles,79948.21,6482.37,2021-04-12,23,83.4,michael.brown@company.com,(310) 416-2522,Active
EMP035618,William,Taylor,William Taylor,35,Marketing,Coordinator,San Francisco,72280.97,8466.12,2023-02-20,11,62.9,william.taylor@company.com,(633) 933-9374,Active
EMP035619,Amanda,Miller,Amanda Miller,60,Operations,Analyst,Austin,81679.91,2371.66,2024-03-22,36,67.3,amanda.miller@company.com,(978) 274-2816,Active
EMP035620,Amanda,Lopez,Amanda Lopez,26,IT,Senior Developer,New York,60369.71,11286.82,2024-11-13,4,84.1,amanda.lopez@company.com,(656) 955-4247,Active
EMP035621,Lisa,Johnson,Lisa Johnson,35,Marketing,Specialist,Chicago,53332.14,5317.62,2024-03-29,12,92.2,lisa.johnson@company.com,(445) 691-3466,Inactive
EMP035622,Ashley,Martinez,Ashley Martinez,62,Sales,Director,Miami,95250.49,17258.34,2021-04-28,37,69.5,ashley.martinez@company.com,(678) 593-4206,Active
EMP035623,Nicole,Moore,Nicole Moore,33,Finance,Associate,Miami,79248.59,8887.73,2021-03-06,11,79.8,nicole.moore@company.com,(621) 682-3169,Active
EMP035624,Michael,Rodriguez,Michael Rodriguez,24,Marketing,Manager,Boston,61434.1,4313.0,2024-11-25,1,100.0,michael.rodriguez@company.com,(745) 687-5551,Active
EMP035625,Stephanie,Anderson,Stephanie Anderson,47,Finance,Specialist,San Francisco,86141.23,6657.2,2024-11-25,19,68.7,stephanie.anderson@company.com,(310) 730-7632,Active
EMP035626,Ashley,Anderson,Ashley Anderson,41,Operations,Director,Los Angeles,53752.88,1961.52,2020-02-25,12,100.0,ashley.anderson@company.com,(231) 894-3468,Active
EMP035627,Emily,Davis,Emily Davis,42,Sales,Director,Miami,105995.37,9382.94,2020-05-17,20,84.4,emily.davis@company.com,(640) 376-7113,Active
EMP035628,Michael,Lopez,Michael Lopez,51,Operations,Manager,Miami,80663.32,5166.21,2020-05-17,24,41.6,michael.lopez@company.com,(370) 902-1565,Active
EMP035629,James,Hernandez,James Hernandez,43,Operations,Director,Chicago,91618.66,0.0,2021-07-08,17,85.4,james.hernandez@company.com,(634) 402-2580,Active
EMP035630,William,Williams,William Williams,58,Sales,Manager,San Francisco,63994.69,9830.77,2023-12-04,33,81.0,william.williams@company.com,(208) 224-7180,Active
EMP035631,Daniel,Anderson,Daniel Anderson,53,Sales,Analyst,Los Angeles,39872.63,5350.82,2020-09-08,29,80.2,daniel.anderson@company.com,(577) 856-4056,Active
EMP035632,David,Lopez,David Lopez,51,Operations,Director,Chicago,91174.77,16586.49,2020-05-05,27,94.8,david.lopez@company.com,(248) 557-6746,Active
EMP035633,Lisa,Martinez,Lisa Martinez,34,Finance,Manager,Miami,81944.07,10259.66,2023-03-14,8,96.6,lisa.martinez@company.com,(350) 537-2530,Active
EMP035634,Matthew,Martin,Matthew Martin,62,Legal,Manager,New York,124855.64,13479.64,2024-09-14,36,83.7,matthew.martin@company.com,(693) 550-2466,Inactive
EMP035635,Emily,Johnson,Emily Johnson,29,Engineering,Associate,New York,64447.31,4390.33,2024-06-12,7,76.3,emily.johnson@company.com,(348) 323-1896,Active
EMP035636,Daniel,Wilson,Daniel Wilson,24,Engineering,Senior Developer,Seattle,91720.32,9634.11,2021-08-04,0,100.0,daniel.wilson@company.com,(591) 680-3495,Active
EMP035637,Daniel,Jackson,Daniel Jackson,36,Finance,Manager,Chicago,86204.67,9209.71,2020-07-27,14,63.8,daniel.jackson@company.com,(854) 366-9558,On Leave
EMP035638,William,Jackson,William Jackson,62,IT,Specialist,Chicago,114646.35,3820.59,2023-05-08,34,85.1,william.jackson@company.com,(278) 834-1824,Active
EMP035639,Sarah,Lopez,Sarah Lopez,60,Legal,Lead,San Francisco,101807.42,3508.23,2024-12-04,38,48.9,sarah.lopez@company.com,(866) 382-4465,Inactive
EMP035640,John,Hernandez,John Hernandez,37,IT,Manager,Austin,95427.61,11905.09,2024-03-28,9,64.3,john.hernandez@company.com,(950) 249-5863,On Leave
EMP035641,Nicole,Martin,Nicole Martin,61,Finance,Manager,Seattle,102818.54,9800.07,2022-04-22,34,62.0,nicole.martin@company.com,(671) 236-7126,Active
EMP035642,Lisa,Rodriguez,Lisa Rodriguez,36,Sales,Manager,Boston,64970.55,8409.31,2024-11-05,10,69.9,lisa.rodriguez@company.com,(283) 902-7622,Active
EMP035643,Matthew,Williams,Matthew Williams,59,Finance,Analyst,Austin,111271.57,7126.43,2024-08-04,31,81.3,matthew.williams@company.com,(940) 632-1440,Active
EMP035644,Michael,Wilson,Michael Wilson,28,Engineering,Specialist,New York,76969.09,11620.12,2023-07-06,1,82.4,michael.wilson@company.com,(987) 220-4964,Active
EMP035645,Daniel,Anderson,Daniel Anderson,64,Finance,Director,Boston,82550.28,8319.26,2021-09-21,35,100.0,daniel.anderson@company.com,(575) 491-5910,Inactive
EMP035646,Amanda,Jackson,Amanda Jackson,35,Engineering,Analyst,Los Angeles,53635.64,2137.39,2024-06-05,6,78.4,amanda.jackson@company.com,(902) 382-3730,Inactive
EMP035647,Nicole,Martin,Nicole Martin,41,IT,Specialist,Chicago,101730.88,11141.18,2024-09-18,19,71.9,nicole.martin@company.com,(922) 938-2555,Active
EMP035648,William,Wilson,William Wilson,58,Operations,Director,Seattle,88334.59,5938.75,2022-06-16,31,84.4,william.wilson@company.com,(999) 341-2704,Inactive
EMP035649,Lisa,Miller,Lisa Miller,32,Sales,Specialist,Austin,41355.69,8742.63,2022-02-04,7,72.8,lisa.miller@company.com,(528) 497-5364,Active
EMP035650,Matthew,Moore,Matthew Moore,39,HR,Manager,Chicago,38504.31,0.0,2020-07-12,13,53.4,matthew.moore@company.com,(985) 657-1125,Inactive
EMP035651,Sarah,Gonzalez,Sarah Gonzalez,55,Legal,Lead,Boston,103235.74,13365.01,2020-05-29,32,65.5,sarah.gonzalez@company.com,(261) 723-6592,Active
EMP035652,Nicole,Johnson,Nicole Johnson,33,Marketing,Director,New York,47048.88,2527.84,2024-01-15,4,73.2,nicole.johnson@company.com,(270) 287-8689,Inactive
EMP035653,Sarah,Jackson,Sarah Jackson,51,Marketing,Lead,Miami,72219.55,11676.63,2022-03-02,29,61.5,sarah.jackson@company.com,(814) 909-3897,Active
EMP035654,William,Hernandez,William Hernandez,52,Operations,Analyst,Seattle,85918.88,9467.31,2022-11-23,30,83.6,william.hernandez@company.com,(733) 563-3796,Active
EMP035655,Lisa,Davis,Lisa Davis,61,Finance,Specialist,Los Angeles,123958.11,3966.48,2020-10-11,38,100.0,lisa.davis@company.com,(509) 956-1096,Active
EMP035656,Daniel,Johnson,Daniel Johnson,22,Finance,Senior Developer,Austin,90606.88,7216.98,2024-03-15,0,97.4,daniel.johnson@company.com,(814) 220-1113,Active
EMP035657,Lisa,Williams,Lisa Williams,35,Sales,Manager,Seattle,71748.89,0.0,2023-01-29,7,83.3,lisa.williams@company.com,(333) 718-3105,Active
EMP035658,William,Rodriguez,William Rodriguez,38,Operations,Lead,Boston,78492.77,8455.88,2020-01-03,11,82.2,william.rodriguez@company.com,(558) 860-1331,On Leave
EMP035659,Sarah,Rodriguez,Sarah Rodriguez,60,Operations,Associate,Los Angeles,70193.28,5642.72,2020-05-19,37,76.9,sarah.rodriguez@company.com,(579) 266-3289,Active
EMP035660,Michael,Moore,Michael Moore,27,Sales,Analyst,New York,64564.71,4251.51,2020-01-25,5,80.4,michael.moore@company.com,(591) 567-4072,Active
EMP035661,Amanda,Hernandez,Amanda Hernandez,48,IT,Manager,Miami,92112.24,12524.8,2023-05-10,25,64.0,amanda.hernandez@company.com,(631) 526-9009,Active
EMP035662,Ashley,Hernandez,Ashley Hernandez,32,Marketing,Coordinator,San Francisco,46140.75,1396.45,2024-05-22,7,85.0,ashley.hernandez@company.com,(714) 488-2019,Active
EMP035663,David,Thomas,David Thomas,56,Operations,Specialist,Austin,91587.45,12187.35,2024-07-10,31,71.5,david.thomas@company.com,(222) 889-9539,Active
EMP035664,Sarah,Martin,Sarah Martin,39,Operations,Specialist,Los Angeles,37459.85,3471.28,2022-02-22,15,100.0,sarah.martin@company.com,(686) 628-7281,Active
EMP035665,James,Martinez,James Martinez,36,Finance,Associate,Seattle,81135.77,10979.54,2024-08-20,10,66.1,james.martinez@company.com,(588) 627-4403,Active
EMP035666,Lisa,Jackson,Lisa Jackson,30,HR,Lead,Chicago,55271.52,2910.05,2020-01-25,3,78.8,lisa.jackson@company.com,(780) 709-5463,Active
EMP035667,Jane,Martin,Jane Martin,27,IT,Senior Developer,Miami,54086.84,4843.71,2021-06-14,0,70.7,jane.martin@company.com,(695) 564-8785,Active
EMP035668,David,Jones,David Jones,22,Finance,Lead,Austin,64899.5,9446.78,2021-06-21,0,80.4,david.jones@company.com,(635) 373-3338,Active
EMP035669,Christopher,Davis,Christopher Davis,40,IT,Senior Developer,Los Angeles,96129.56,13706.74,2022-09-13,16,88.1,christopher.davis@company.com,(578) 751-8452,Inactive
EMP035670,Jessica,Gonzalez,Jessica Gonzalez,33,Engineering,Lead,Austin,73521.63,8427.68,2024-12-29,5,67.9,jessica.gonzalez@company.com,(419) 899-3109,Active
EMP035671,Ashley,Davis,Ashley Davis,46,HR,Director,San Francisco,93516.41,12956.24,2024-03-03,21,88.8,ashley.davis@company.com,(499) 632-2634,Active
EMP035672,Daniel,Jones,Daniel Jones,63,IT,Lead,Los Angeles,116291.55,16749.76,2020-02-05,38,80.8,daniel.jones@company.com,(510) 949-4362,Active
EMP035673,William,Smith,William Smith,41,Legal,Manager,Los Angeles,89197.28,11098.37,2022-01-25,18,90.5,william.smith@company.com,(801) 440-7026,Active
EMP035674,Sarah,Jackson,Sarah Jackson,61,Sales,Specialist,Austin,106495.55,15489.39,2020-01-16,39,61.4,sarah.jackson@company.com,(644) 847-7227,Active
EMP035675,Ashley,Johnson,Ashley Johnson,53,Finance,Analyst,New York,74115.91,7176.41,2023-01-14,31,69.2,ashley.johnson@company.com,(349) 842-3996,Inactive
EMP035676,Michael,Rodriguez,Michael Rodriguez,59,Sales,Analyst,Los Angeles,55956.74,10457.91,2023-08-18,32,59.1,michael.rodriguez@company.com,(839) 776-8260,Active
EMP035677,Melissa,Smith,Melissa Smith,52,Marketing,Manager,New York,80376.58,17617.21,2020-01-12,29,62.6,melissa.smith@company.com,(850) 963-6792,Active
EMP035678,Robert,Rodriguez,Robert Rodriguez,33,IT,Senior Developer,San Francisco,87613.82,1329.94,2021-11-06,11,89.2,robert.rodriguez@company.com,(600) 234-2891,Active
EMP035679,Sarah,Rodriguez,Sarah Rodriguez,43,IT,Lead,Seattle,87685.5,3815.87,2023-03-27,16,87.7,sarah.rodriguez@company.com,(266) 381-9185,Active
EMP035680,Ashley,Davis,Ashley Davis,58,Finance,Associate,Boston,80190.49,11289.21,2024-02-19,33,100.0,ashley.davis@company.com,(697) 869-3005,Active
EMP035681,Emily,Davis,Emily Davis,28,Engineering,Associate,Seattle,79502.15,11774.41,2022-11-09,5,69.8,emily.davis@company.com,(684) 943-7313,Inactive
EMP035682,Matthew,Jackson,Matthew Jackson,50,Marketing,Director,Seattle,63534.34,6205.68,2022-12-28,22,60.8,matthew.jackson@company.com,(648) 311-3123,Active
EMP035683,Matthew,Smith,Matthew Smith,33,Marketing,Analyst,Austin,39742.53,6331.8,2023-07-14,8,71.5,matthew.smith@company.com,(293) 622-3526,Active
EMP035684,Daniel,Johnson,Daniel Johnson,42,Legal,Senior Developer,Seattle,52508.69,4936.54,2020-09-29,14,73.0,daniel.johnson@company.com,(439) 443-6623,Active
EMP035685,Lisa,Martin,Lisa Martin,47,HR,Lead,Chicago,85171.8,5870.54,2022-02-17,22,63.4,lisa.martin@company.com,(978) 660-6537,Active
EMP035686,Jane,Johnson,Jane Johnson,59,Marketing,Director,Miami,60970.04,4750.15,2024-07-03,36,72.3,jane.johnson@company.com,(540) 425-7552,Active
EMP035687,John,Lopez,John Lopez,47,Operations,Specialist,Miami,53795.95,10319.57,2020-12-04,23,46.4,john.lopez@company.com,(566) 209-9821,Active
EMP035688,Michael,Jones,Michael Jones,57,Finance,Associate,Boston,101035.6,473.62,2021-09-30,30,75.7,michael.jones@company.com,(988) 715-1734,Active
EMP035689,John,Taylor,John Taylor,30,Engineering,Analyst,Los Angeles,101962.07,6542.2,2021-08-03,8,100.0,john.taylor@company.com,(900) 858-7055,Active
EMP035690,Anthony,Taylor,Anthony Taylor,53,Operations,Director,Austin,49075.1,2757.94,2020-06-06,29,77.7,anthony.taylor@company.com,(687) 217-6762,Active
EMP035691,Melissa,Anderson,Melissa Anderson,38,Operations,Analyst,Seattle,52933.53,2811.61,2024-07-14,11,54.2,melissa.anderson@company.com,(616) 470-2119,Active
EMP035692,Emily,Hernandez,Emily Hernandez,39,IT,Senior Developer,Los Angeles,93402.15,11930.86,2024-10-05,11,61.6,emily.hernandez@company.com,(846) 735-7350,Active
EMP035693,Matthew,Lopez,Matthew Lopez,31,HR,Director,Los Angeles,52813.16,9448.36,2022-06-28,3,39.0,matthew.lopez@company.com,(749) 546-2335,Active
EMP035694,Stephanie,Jackson,Stephanie Jackson,44,Operations,Senior Developer,Boston,65475.39,9371.24,2024-09-27,21,71.6,stephanie.jackson@company.com,(361) 206-5492,Active
EMP035695,Emily,Jones,Emily Jones,64,Marketing,Lead,Miami,119556.29,12132.59,2021-02-01,42,62.3,emily.jones@company.com,(727) 824-2837,Active
EMP035696,Nicole,Gonzalez,Nicole Gonzalez,27,Finance,Lead,Seattle,66181.14,854.22,2021-03-18,5,81.2,nicole.gonzalez@company.com,(708) 629-7113,Active
EMP035697,James,Davis,James Davis,57,Finance,Analyst,Miami,97310.05,7551.21,2020-09-16,28,64.2,james.davis@company.com,(392) 259-7303,Active
EMP035698,Melissa,Thomas,Melissa Thomas,31,Sales,Senior Developer,Los Angeles,88268.8,11020.13,2021-04-23,2,74.8,melissa.thomas@company.com,(917) 861-2100,Active
EMP035699,Jessica,Davis,Jessica Davis,28,HR,Senior Developer,Los Angeles,74322.29,15593.82,2022-08-18,5,51.3,jessica.davis@company.com,(273) 347-2672,Active
EMP035700,Matthew,Taylor,Matthew Taylor,51,HR,Specialist,New York,98909.86,7599.15,2021-12-25,28,66.0,matthew.taylor@company.com,(969) 571-9627,Inactive
EMP035701,James,Moore,James Moore,34,Marketing,Specialist,Miami,73816.17,7422.11,2021-06-25,11,65.5,james.moore@company.com,(381) 563-6449,Active
EMP035702,Jane,Rodriguez,Jane Rodriguez,65,Finance,Coordinator,Miami,123153.06,6863.53,2020-11-12,41,73.3,jane.rodriguez@company.com,(530) 645-6320,Active
EMP035703,Stephanie,Rodriguez,Stephanie Rodriguez,60,Marketing,Coordinator,Seattle,77672.49,13832.3,2022-04-14,33,83.9,stephanie.rodriguez@company.com,(607) 527-8676,Active
EMP035704,James,Gonzalez,James Gonzalez,33,Sales,Analyst,New York,47764.52,9482.12,2024-07-09,6,58.3,james.gonzalez@company.com,(567) 630-7100,Active
EMP035705,David,Martin,David Martin,50,Finance,Specialist,Miami,116058.54,17225.61,2020-08-08,25,73.1,david.martin@company.com,(935) 461-9287,Inactive
EMP035706,Sarah,Davis,Sarah Davis,43,Legal,Specialist,Seattle,116072.82,9463.58,2022-05-03,15,89.4,sarah.davis@company.com,(639) 973-4965,Active
EMP035707,Ashley,Jackson,Ashley Jackson,37,Sales,Associate,Boston,63736.2,12300.57,2020-07-28,8,90.0,ashley.jackson@company.com,(777) 843-1197,Active
EMP035708,David,Lopez,David Lopez,24,Marketing,Manager,Boston,67569.83,5726.94,2020-04-03,0,82.7,david.lopez@company.com,(345) 217-1932,Active
EMP035709,William,Rodriguez,William Rodriguez,47,Legal,Director,Seattle,76067.23,10070.01,2024-05-01,22,81.7,william.rodriguez@company.com,(225) 604-1299,Active
EMP035710,Christopher,Thomas,Christopher Thomas,62,Operations,Analyst,Los Angeles,85799.4,15612.9,2022-07-18,33,65.9,christopher.thomas@company.com,(684) 412-4631,Active
EMP035711,David,Rodriguez,David Rodriguez,25,HR,Analyst,Boston,73249.0,4549.94,2023-06-15,0,71.7,david.rodriguez@company.com,(664) 862-1154,Active
EMP035712,Matthew,Garcia,Matthew Garcia,61,HR,Senior Developer,Miami,72618.1,3383.04,2022-02-19,35,54.7,matthew.garcia@company.com,(654) 769-6230,Active
EMP035713,Ashley,Hernandez,Ashley Hernandez,26,Operations,Senior Developer,Chicago,59165.14,4639.64,2023-07-24,0,82.6,ashley.hernandez@company.com,(785) 475-1468,Active
EMP035714,David,Martinez,David Martinez,50,Sales,Coordinator,New York,88437.88,11501.32,2020-05-10,21,77.7,david.martinez@company.com,(700) 513-7980,Active
EMP035715,Sarah,Davis,Sarah Davis,58,HR,Coordinator,New York,82209.18,15505.61,2021-04-05,34,79.7,sarah.davis@company.com,(857) 230-1737,Active
EMP035716,Anthony,Taylor,Anthony Taylor,43,Sales,Director,Seattle,76181.75,4389.97,2021-06-27,14,100.0,anthony.taylor@company.com,(442) 853-1335,Active
EMP035717,Christopher,Hernandez,Christopher Hernandez,50,Marketing,Senior Developer,Seattle,72733.38,4438.66,2024-09-21,22,67.9,christopher.hernandez@company.com,(916) 709-9141,Active
EMP035718,James,Wilson,James Wilson,33,Sales,Coordinator,Miami,72357.43,3618.06,2023-02-02,4,90.5,james.wilson@company.com,(203) 509-9306,Active
EMP035719,William,Garcia,William Garcia,46,HR,Analyst,New York,93280.22,14385.05,2024-04-01,22,80.1,william.garcia@company.com,(712) 910-6818,Active
EMP035720,Sarah,Davis,Sarah Davis,53,Finance,Associate,Boston,50558.3,2692.26,2023-12-08,31,85.2,sarah.davis@company.com,(367) 857-1897,Active
EMP035721,Daniel,Garcia,Daniel Garcia,40,Marketing,Specialist,Boston,75694.51,3645.09,2023-06-04,15,60.5,daniel.garcia@company.com,(883) 998-6728,Active
EMP035722,Melissa,Taylor,Melissa Taylor,32,Engineering,Specialist,Austin,56029.01,195.09,2021-03-21,9,80.8,melissa.taylor@company.com,(993) 401-4351,Active
EMP035723,David,Martinez,David Martinez,37,Sales,Lead,Seattle,50095.54,7484.0,2020-12-13,14,77.9,david.martinez@company.com,(648) 352-4988,Active
EMP035724,Matthew,Wilson,Matthew Wilson,38,HR,Analyst,New York,67463.22,7411.27,2021-12-02,14,64.4,matthew.wilson@company.com,(285) 907-6132,Active
EMP035725,Christopher,Taylor,Christopher Taylor,61,Legal,Specialist,Boston,129539.52,12531.25,2020-07-28,36,62.2,christopher.taylor@company.com,(633) 604-8339,Active
EMP035726,Amanda,Johnson,Amanda Johnson,51,Marketing,Associate,Seattle,91847.94,5226.66,2020-01-16,22,98.1,amanda.johnson@company.com,(541) 202-5018,Active
EMP035727,Nicole,Wilson,Nicole Wilson,50,Engineering,Associate,Boston,86500.78,15012.98,2024-05-09,28,74.1,nicole.wilson@company.com,(445) 870-6825,Active
EMP035728,Nicole,Brown,Nicole Brown,24,Marketing,Associate,Austin,40036.93,4098.13,2020-12-23,0,79.5,nicole.brown@company.com,(233) 919-6169,Active
EMP035729,Jessica,Miller,Jessica Miller,51,Sales,Lead,Los Angeles,65614.53,9179.49,2020-06-16,24,73.8,jessica.miller@company.com,(751) 270-9586,Inactive
EMP035730,Daniel,Gonzalez,Daniel Gonzalez,38,IT,Manager,New York,100959.95,11137.2,2022-08-12,14,62.5,daniel.gonzalez@company.com,(757) 654-3968,Active
EMP035731,Amanda,Thomas,Amanda Thomas,47,Operations,Lead,Miami,71826.92,7033.86,2024-08-25,18,66.5,amanda.thomas@company.com,(986) 898-6005,Active
EMP035732,Michael,Brown,Michael Brown,63,HR,Associate,San Francisco,107121.66,11555.85,2021-08-05,36,95.1,michael.brown@company.com,(569) 524-2687,Active
EMP035733,Lisa,Gonzalez,Lisa Gonzalez,59,Operations,Associate,Miami,67372.0,7018.3,2021-02-22,32,100.0,lisa.gonzalez@company.com,(546) 373-8851,Active
EMP035734,Ashley,Lopez,Ashley Lopez,36,Sales,Associate,New York,73960.16,2797.23,2020-06-25,14,81.5,ashley.lopez@company.com,(246) 351-3003,Active
EMP035735,Emily,Jones,Emily Jones,54,Legal,Associate,New York,67703.66,10032.93,2024-10-07,29,65.4,emily.jones@company.com,(555) 872-7895,Active
EMP035736,Lisa,Davis,Lisa Davis,48,Engineering,Director,Los Angeles,92311.92,14112.55,2024-12-09,22,52.3,lisa.davis@company.com,(823) 865-5182,Active
EMP035737,Stephanie,Thomas,Stephanie Thomas,28,Finance,Specialist,Austin,82488.06,7450.55,2021-08-21,3,100.0,stephanie.thomas@company.com,(600) 566-6993,Active
EMP035738,Amanda,Johnson,Amanda Johnson,54,Finance,Lead,New York,105743.2,7454.84,2023-09-14,29,40.0,amanda.johnson@company.com,(664) 507-2850,Active
EMP035739,William,Anderson,William Anderson,24,HR,Associate,San Francisco,77727.18,3383.96,2020-12-11,0,73.4,william.anderson@company.com,(549) 759-5493,Active
EMP035740,Christopher,Davis,Christopher Davis,30,Finance,Associate,Los Angeles,33000.0,2815.23,2021-01-26,4,60.5,christopher.davis@company.com,(520) 269-5304,Active
EMP035741,Sarah,Martin,Sarah Martin,37,Sales,Associate,Los Angeles,76512.67,6897.17,2023-04-01,15,98.9,sarah.martin@company.com,(909) 506-8252,On Leave
EMP035742,Sarah,Martin,Sarah Martin,46,Legal,Lead,Seattle,89823.43,10619.68,2022-07-04,23,82.1,sarah.martin@company.com,(339) 769-4586,Active
EMP035743,Jessica,Anderson,Jessica Anderson,65,HR,Manager,Boston,88866.35,11446.22,2021-06-05,38,63.3,jessica.anderson@company.com,(492) 414-6392,Active
EMP035744,Michael,Jones,Michael Jones,57,Sales,Manager,Austin,81873.79,6870.46,2024-11-09,30,63.7,michael.jones@company.com,(361) 546-6671,Active
EMP035745,Ashley,Martin,Ashley Martin,35,Operations,Senior Developer,Chicago,74637.56,8238.62,2023-10-11,6,89.6,ashley.martin@company.com,(711) 619-6649,Active
EMP035746,Stephanie,Jackson,Stephanie Jackson,27,Sales,Associate,Seattle,80049.15,1978.68,2022-03-21,0,86.5,stephanie.jackson@company.com,(734) 203-3485,Active
EMP035747,Daniel,Johnson,Daniel Johnson,63,IT,Manager,Austin,125232.3,23027.99,2023-05-30,35,70.3,daniel.johnson@company.com,(421) 345-6095,Active
EMP035748,David,Garcia,David Garcia,34,Marketing,Manager,Chicago,77421.15,10407.03,2023-02-10,12,80.3,david.garcia@company.com,(537) 652-9277,Active
EMP035749,Lisa,Hernandez,Lisa Hernandez,23,Operations,Senior Developer,Seattle,54417.53,1669.1,2023-07-10,0,72.5,lisa.hernandez@company.com,(426) 314-6056,Active
EMP035750,Robert,Smith,Robert Smith,59,Marketing,Manager,Seattle,88285.12,10863.25,2024-07-03,35,82.2,robert.smith@company.com,(885) 266-5949,Active
EMP035751,John,Anderson,John Anderson,58,Marketing,Specialist,Seattle,78450.32,6507.65,2024-01-24,35,100.0,john.anderson@company.com,(748) 549-2444,Active
EMP035752,Melissa,Hernandez,Melissa Hernandez,56,Marketing,Coordinator,Boston,115805.92,9442.89,2020-12-05,33,93.1,melissa.hernandez@company.com,(886) 733-4490,Active
EMP035753,Stephanie,Jones,Stephanie Jones,31,Marketing,Associate,Seattle,44019.21,5434.22,2022-10-13,9,77.3,stephanie.jones@company.com,(487) 272-5082,Active
EMP035754,Nicole,Gonzalez,Nicole Gonzalez,54,Legal,Director,San Francisco,90585.78,2284.88,2024-02-01,31,61.1,nicole.gonzalez@company.com,(238) 688-2250,Active
EMP035755,Christopher,Davis,Christopher Davis,37,HR,Senior Developer,San Francisco,58391.25,5394.85,2021-06-09,12,73.9,christopher.davis@company.com,(844) 796-6638,Active
EMP035756,Jane,Wilson,Jane Wilson,50,Marketing,Senior Developer,Chicago,75821.96,11652.39,2021-11-17,22,75.2,jane.wilson@company.com,(660) 276-8417,Active
EMP035757,James,Jones,James Jones,36,Operations,Analyst,San Francisco,48908.88,6947.56,2022-03-26,11,46.2,james.jones@company.com,(864) 605-6238,Active
EMP035758,Jessica,Davis,Jessica Davis,64,Marketing,Senior Developer,Chicago,93741.3,1640.52,2022-09-30,35,66.5,jessica.davis@company.com,(502) 812-8006,Active
EMP035759,Sarah,Williams,Sarah Williams,35,IT,Specialist,Boston,56511.44,3375.52,2023-10-06,13,72.3,sarah.williams@company.com,(484) 761-5617,Active
EMP035760,James,Anderson,James Anderson,56,Finance,Senior Developer,Miami,69302.89,3485.66,2022-04-15,32,94.5,james.anderson@company.com,(916) 526-7685,On Leave
EMP035761,Anthony,Wilson,Anthony Wilson,50,Engineering,Specialist,Los Angeles,114356.89,16201.77,2024-04-29,27,47.1,anthony.wilson@company.com,(476) 664-8644,On Leave
EMP035762,Matthew,Wilson,Matthew Wilson,41,Finance,Coordinator,Chicago,82911.4,7049.63,2023-12-24,19,69.8,matthew.wilson@company.com,(611) 942-6747,Active
EMP035763,Michael,Wilson,Michael Wilson,27,HR,Analyst,Seattle,44444.14,5427.03,2022-02-22,0,84.6,michael.wilson@company.com,(226) 966-2865,Active
EMP035764,Sarah,Johnson,Sarah Johnson,31,Operations,Lead,Boston,77383.59,5737.5,2022-08-19,2,61.1,sarah.johnson@company.com,(883) 389-6959,Active
EMP035765,Ashley,Anderson,Ashley Anderson,31,Marketing,Analyst,Austin,62449.6,8489.62,2023-10-05,5,80.4,ashley.anderson@company.com,(798) 234-9708,Active
EMP035766,John,Wilson,John Wilson,62,Operations,Director,Los Angeles,75931.61,8966.71,2022-12-06,39,91.4,john.wilson@company.com,(709) 293-8254,Active
EMP035767,Nicole,Williams,Nicole Williams,48,Marketing,Manager,Los Angeles,100951.5,4134.11,2022-03-02,20,78.3,nicole.williams@company.com,(666) 202-3336,Active
EMP035768,Michael,Garcia,Michael Garcia,37,Operations,Lead,Los Angeles,61984.39,11321.4,2021-09-02,12,76.8,michael.garcia@company.com,(425) 296-4172,Active
EMP035769,Nicole,Rodriguez,Nicole Rodriguez,51,Finance,Lead,San Francisco,102916.43,11634.2,2021-02-09,23,69.9,nicole.rodriguez@company.com,(877) 944-8397,Active
EMP035770,Jane,Martin,Jane Martin,23,Engineering,Manager,San Francisco,47986.9,2941.23,2021-01-07,1,32.7,jane.martin@company.com,(913) 633-1504,Active
EMP035771,Daniel,Hernandez,Daniel Hernandez,26,Sales,Analyst,Boston,51932.9,4410.23,2020-06-05,0,69.0,daniel.hernandez@company.com,(419) 378-5579,Active
EMP035772,William,Lopez,William Lopez,51,Finance,Senior Developer,Austin,80049.23,7051.08,2024-08-02,26,74.6,william.lopez@company.com,(956) 886-5038,Active
EMP035773,Lisa,Jackson,Lisa Jackson,51,HR,Senior Developer,Chicago,64972.6,9392.93,2021-04-12,28,79.1,lisa.jackson@company.com,(998) 630-4738,Active
EMP035774,Jessica,Moore,Jessica Moore,53,IT,Associate,New York,103919.49,14222.91,2022-06-13,24,95.0,jessica.moore@company.com,(495) 543-4405,Active
EMP035775,Amanda,Brown,Amanda Brown,52,Sales,Lead,Miami,86720.15,6771.01,2022-02-24,30,35.7,amanda.brown@company.com,(772) 520-3021,Active
EMP035776,Jane,Smith,Jane Smith,25,HR,Coordinator,San Francisco,63572.05,1342.91,2022-02-10,0,77.0,jane.smith@company.com,(642) 311-4948,Active
EMP035777,Jane,Martinez,Jane Martinez,42,Finance,Coordinator,Miami,64217.09,7955.79,2023-01-01,20,69.8,jane.martinez@company.com,(205) 731-9295,Active
EMP035778,John,Gonzalez,John Gonzalez,35,Engineering,Manager,Austin,68524.68,7780.52,2024-08-01,12,79.4,john.gonzalez@company.com,(676) 863-3527,Active
EMP035779,David,Martinez,David Martinez,41,Marketing,Senior Developer,Los Angeles,75055.37,6048.73,2024-03-02,17,71.7,david.martinez@company.com,(480) 261-1418,Active
EMP035780,James,Miller,James Miller,53,Legal,Manager,Seattle,103540.55,15898.29,2021-10-25,24,56.1,james.miller@company.com,(876) 783-9369,Inactive
EMP035781,Emily,Brown,Emily Brown,34,Operations,Coordinator,Austin,41099.61,7072.8,2022-06-28,5,70.5,emily.brown@company.com,(355) 538-2806,Active
EMP035782,James,Thomas,James Thomas,29,IT,Coordinator,Los Angeles,94949.95,7337.73,2024-03-25,2,86.2,james.thomas@company.com,(988) 613-8993,Active
EMP035783,Emily,Jones,Emily Jones,42,Sales,Analyst,Austin,81482.64,7913.84,2024-11-14,19,51.3,emily.jones@company.com,(887) 561-3596,Inactive
EMP035784,Stephanie,Moore,Stephanie Moore,32,Finance,Lead,Seattle,85461.05,10939.42,2024-10-16,7,76.7,stephanie.moore@company.com,(931) 648-7574,Active
EMP035785,John,Wilson,John Wilson,35,Operations,Analyst,Boston,46631.0,5602.85,2024-04-26,7,82.7,john.wilson@company.com,(871) 912-7859,Active
EMP035786,Stephanie,Jackson,Stephanie Jackson,37,Marketing,Specialist,Boston,61745.17,5577.21,2024-06-06,9,47.6,stephanie.jackson@company.com,(833) 471-3567,Inactive
EMP035787,James,Taylor,James Taylor,53,Marketing,Senior Developer,Boston,63852.01,9742.07,2021-03-11,24,82.8,james.taylor@company.com,(319) 852-1911,Active
EMP035788,Amanda,Thomas,Amanda Thomas,49,IT,Senior Developer,Chicago,92965.93,3375.49,2020-01-14,26,86.6,amanda.thomas@company.com,(317) 823-4790,Active
EMP035789,Matthew,Hernandez,Matthew Hernandez,53,Sales,Senior Developer,Los Angeles,79819.27,3974.63,2022-04-12,25,73.7,matthew.hernandez@company.com,(550) 360-2228,Inactive
EMP035790,James,Smith,James Smith,54,Finance,Manager,Miami,76018.88,4751.2,2021-07-19,32,75.0,james.smith@company.com,(455) 680-5047,Active
EMP035791,Melissa,Taylor,Melissa Taylor,60,Legal,Coordinator,Los Angeles,122134.43,12709.01,2022-08-06,35,54.0,melissa.taylor@company.com,(374) 743-3153,Active
EMP035792,William,Johnson,William Johnson,50,IT,Associate,Seattle,126072.88,11547.15,2020-11-22,27,63.0,william.johnson@company.com,(939) 352-4467,Active
EMP035793,Emily,Moore,Emily Moore,40,Sales,Manager,Boston,99768.65,7755.79,2022-04-07,11,90.2,emily.moore@company.com,(787) 385-6574,Active
EMP035794,Lisa,Jones,Lisa Jones,54,Finance,Manager,Los Angeles,86163.85,7155.71,2024-05-30,31,92.7,lisa.jones@company.com,(494) 330-9394,Active
EMP035795,Sarah,Thomas,Sarah Thomas,35,HR,Coordinator,Los Angeles,80640.48,10983.31,2022-08-18,11,53.9,sarah.thomas@company.com,(877) 620-6153,Active
EMP035796,Matthew,Martin,Matthew Martin,49,IT,Manager,Austin,68513.2,10378.88,2020-09-12,27,69.8,matthew.martin@company.com,(340) 718-3517,Active
EMP035797,Matthew,Jones,Matthew Jones,60,IT,Analyst,Seattle,86201.01,9790.4,2022-04-02,37,74.9,matthew.jones@company.com,(913) 936-7202,Active
EMP035798,Lisa,Williams,Lisa Williams,54,Legal,Analyst,Austin,109055.59,6722.57,2024-07-14,28,82.6,lisa.williams@company.com,(822) 968-4636,On Leave
EMP035799,Michael,Rodriguez,Michael Rodriguez,45,Engineering,Analyst,Boston,67377.91,10453.48,2020-10-11,18,55.5,michael.rodriguez@company.com,(638) 873-3713,Active
EMP035800,Emily,Davis,Emily Davis,58,Engineering,Coordinator,Chicago,110387.06,16443.62,2020-09-19,34,82.2,emily.davis@company.com,(213) 922-6449,Active
EMP035801,Robert,Hernandez,Robert Hernandez,63,Marketing,Analyst,Miami,82650.19,3013.45,2020-01-13,38,59.2,robert.hernandez@company.com,(708) 784-5747,Active
EMP035802,Sarah,Smith,Sarah Smith,56,Finance,Lead,Seattle,113986.44,9224.17,2024-11-16,29,54.2,sarah.smith@company.com,(912) 332-6634,Active
EMP035803,David,Moore,David Moore,45,HR,Manager,San Francisco,98800.21,1381.96,2024-12-01,17,53.2,david.moore@company.com,(927) 566-8379,Active
EMP035804,Daniel,Brown,Daniel Brown,53,Legal,Manager,Austin,105189.47,7949.62,2022-02-14,25,71.8,daniel.brown@company.com,(364) 791-2872,Inactive
EMP035805,Emily,Thomas,Emily Thomas,58,IT,Coordinator,Boston,85755.62,5286.22,2023-05-15,35,80.0,emily.thomas@company.com,(980) 728-9390,Active
EMP035806,Lisa,Thomas,Lisa Thomas,31,HR,Specialist,Los Angeles,48239.43,10756.61,2020-12-21,7,81.0,lisa.thomas@company.com,(577) 885-2263,On Leave
EMP035807,Jane,Brown,Jane Brown,44,Finance,Manager,New York,110389.94,4990.48,2020-03-03,22,66.1,jane.brown@company.com,(800) 491-2212,Active
EMP035808,Emily,Martin,Emily Martin,59,Engineering,Director,Chicago,107540.4,8915.37,2023-07-21,36,89.1,emily.martin@company.com,(768) 878-6037,Active
EMP035809,Amanda,Wilson,Amanda Wilson,63,Sales,Director,Boston,106484.87,13580.39,2021-10-21,37,86.0,amanda.wilson@company.com,(330) 403-2108,Active
EMP035810,Jane,Moore,Jane Moore,27,IT,Analyst,Boston,79493.8,5026.52,2021-11-12,5,83.9,jane.moore@company.com,(271) 391-1658,Active
EMP035811,Stephanie,Martin,Stephanie Martin,45,Finance,Specialist,Chicago,87052.54,8036.06,2022-11-28,22,78.4,stephanie.martin@company.com,(550) 581-9750,Active
EMP035812,Michael,Gonzalez,Michael Gonzalez,43,Legal,Specialist,New York,95849.65,11855.62,2021-06-29,17,48.8,michael.gonzalez@company.com,(304) 383-9662,On Leave
EMP035813,Melissa,Gonzalez,Melissa Gonzalez,33,Sales,Director,Boston,49273.32,7404.77,2023-07-12,9,65.8,melissa.gonzalez@company.com,(508) 908-2065,Active
EMP035814,Nicole,Hernandez,Nicole Hernandez,44,Finance,Lead,Chicago,78237.07,1036.97,2024-02-23,20,83.6,nicole.hernandez@company.com,(387) 900-9491,Active
EMP035815,Melissa,Thomas,Melissa Thomas,37,Marketing,Manager,Boston,84915.86,16023.0,2020-04-24,12,80.3,melissa.thomas@company.com,(398) 290-4623,Active
EMP035816,Matthew,Martin,Matthew Martin,40,Operations,Director,Chicago,56209.9,5339.62,2024-02-06,18,72.5,matthew.martin@company.com,(777) 455-9188,Active
EMP035817,Anthony,Garcia,Anthony Garcia,27,Engineering,Senior Developer,Los Angeles,50545.97,8834.7,2023-07-06,3,70.8,anthony.garcia@company.com,(394) 543-1886,Active
EMP035818,David,Martinez,David Martinez,61,HR,Analyst,Seattle,79623.69,9653.24,2024-07-09,37,67.6,david.martinez@company.com,(827) 318-5409,Active
EMP035819,Matthew,Martinez,Matthew Martinez,38,Legal,Associate,Chicago,72677.03,5808.81,2024-09-22,9,67.1,matthew.martinez@company.com,(825) 229-9665,Active
EMP035820,Melissa,Moore,Melissa Moore,44,Operations,Associate,Miami,45517.45,6792.94,2021-07-04,19,68.0,melissa.moore@company.com,(580) 925-7260,Active
EMP035821,Melissa,Anderson,Melissa Anderson,60,Operations,Director,Boston,60545.67,10143.01,2023-08-11,35,84.3,melissa.anderson@company.com,(843) 215-8688,Active
EMP035822,Ashley,Williams,Ashley Williams,30,Operations,Analyst,Los Angeles,49557.87,3236.7,2020-06-15,8,67.7,ashley.williams@company.com,(207) 370-2651,Active
EMP035823,Stephanie,Jones,Stephanie Jones,41,Operations,Senior Developer,Boston,67480.02,11175.91,2024-12-10,13,75.7,stephanie.jones@company.com,(944) 582-7820,Active
EMP035824,Stephanie,Miller,Stephanie Miller,57,IT,Analyst,Seattle,124350.13,10874.33,2020-01-03,30,79.4,stephanie.miller@company.com,(855) 600-7747,Inactive
EMP035825,Anthony,Garcia,Anthony Garcia,64,Legal,Associate,Boston,86019.47,12262.05,2020-10-05,42,54.1,anthony.garcia@company.com,(896) 498-1580,Active
EMP035826,Amanda,Johnson,Amanda Johnson,32,Operations,Manager,Austin,74725.53,3749.58,2022-01-26,3,81.1,amanda.johnson@company.com,(722) 546-6883,Active
EMP035827,Daniel,Davis,Daniel Davis,45,Marketing,Lead,San Francisco,62223.2,8229.69,2020-12-16,17,100.0,daniel.davis@company.com,(630) 810-2184,Active
EMP035828,Michael,Miller,Michael Miller,37,Engineering,Specialist,New York,109836.52,758.75,2021-10-13,8,60.1,michael.miller@company.com,(454) 246-2893,Active
EMP035829,William,Brown,William Brown,42,Marketing,Senior Developer,Miami,67820.21,1620.1,2021-09-05,15,81.6,william.brown@company.com,(364) 623-5410,On Leave
EMP035830,Nicole,Gonzalez,Nicole Gonzalez,32,Legal,Associate,Los Angeles,98919.38,13125.09,2020-12-07,10,60.7,nicole.gonzalez@company.com,(642) 825-1477,Active
EMP035831,Sarah,Garcia,Sarah Garcia,23,Operations,Manager,Chicago,31401.29,2240.92,2024-09-03,0,74.8,sarah.garcia@company.com,(515) 682-8017,Active
EMP035832,David,Wilson,David Wilson,51,Operations,Coordinator,Los Angeles,75680.96,5627.78,2022-06-06,27,52.5,david.wilson@company.com,(866) 681-6516,Active
EMP035833,William,Davis,William Davis,25,Marketing,Senior Developer,San Francisco,83912.6,0.0,2024-01-04,0,92.3,william.davis@company.com,(495) 470-8500,Active
EMP035834,Stephanie,Johnson,Stephanie Johnson,50,Engineering,Associate,Seattle,89532.11,0.0,2021-06-25,27,90.1,stephanie.johnson@company.com,(657) 651-2491,Active
EMP035835,Lisa,Taylor,Lisa Taylor,30,Engineering,Coordinator,Miami,65709.09,2696.9,2023-12-11,6,78.8,lisa.taylor@company.com,(502) 320-4358,Active
EMP035836,William,Miller,William Miller,31,IT,Associate,Austin,60753.26,6423.94,2024-05-27,3,100.0,william.miller@company.com,(892) 265-6105,Active
EMP035837,Anthony,Hernandez,Anthony Hernandez,34,IT,Director,Los Angeles,91856.32,16501.4,2021-04-21,5,30.9,anthony.hernandez@company.com,(431) 465-2911,Active
EMP035838,Nicole,Brown,Nicole Brown,55,Operations,Specialist,Boston,90444.13,12597.75,2022-07-14,31,81.1,nicole.brown@company.com,(804) 906-2703,Active
EMP035839,David,Miller,David Miller,38,Operations,Director,Miami,47109.13,7069.29,2020-08-25,10,79.4,david.miller@company.com,(784) 982-2585,Active
EMP035840,Anthony,Martinez,Anthony Martinez,39,HR,Director,New York,71974.91,8377.84,2021-07-26,17,77.0,anthony.martinez@company.com,(599) 423-8952,Inactive
EMP035841,Jessica,Hernandez,Jessica Hernandez,53,Marketing,Coordinator,Boston,75531.51,3741.7,2020-04-25,31,87.7,jessica.hernandez@company.com,(271) 982-3162,Active
EMP035842,Daniel,Rodriguez,Daniel Rodriguez,32,IT,Manager,Los Angeles,92149.24,2306.1,2022-01-22,7,92.9,daniel.rodriguez@company.com,(859) 910-5386,Active
EMP035843,William,Martinez,William Martinez,42,HR,Associate,Boston,69742.37,11681.21,2021-08-18,19,68.9,william.martinez@company.com,(833) 782-6007,Active
EMP035844,Sarah,Lopez,Sarah Lopez,43,Marketing,Coordinator,New York,79467.87,0.0,2024-06-29,16,71.7,sarah.lopez@company.com,(441) 573-4537,Active
EMP035845,Christopher,Moore,Christopher Moore,26,Legal,Lead,Los Angeles,42453.84,1602.89,2024-04-20,0,83.3,christopher.moore@company.com,(480) 317-7629,Inactive
EMP035846,Michael,Jones,Michael Jones,50,Operations,Senior Developer,Miami,66735.12,6662.06,2021-05-10,25,87.7,michael.jones@company.com,(848) 742-2383,Active
EMP035847,William,Jones,William Jones,36,Engineering,Analyst,Miami,116724.32,6237.62,2020-08-24,10,67.0,william.jones@company.com,(282) 647-1084,Active
EMP035848,Anthony,Hernandez,Anthony Hernandez,59,Finance,Specialist,San Francisco,95148.87,7747.1,2021-10-06,34,87.0,anthony.hernandez@company.com,(534) 609-2572,Active
EMP035849,Nicole,Moore,Nicole Moore,60,Legal,Director,Austin,104371.98,25597.8,2021-05-24,35,81.4,nicole.moore@company.com,(463) 597-3391,Active
EMP035850,Lisa,Anderson,Lisa Anderson,59,Engineering,Lead,Miami,111250.22,8260.85,2021-11-02,32,72.6,lisa.anderson@company.com,(960) 793-2306,Active
EMP035851,Anthony,Lopez,Anthony Lopez,63,Sales,Coordinator,Austin,95462.55,13493.5,2020-03-17,37,72.0,anthony.lopez@company.com,(870) 790-5832,Inactive
EMP035852,Matthew,Taylor,Matthew Taylor,61,Sales,Senior Developer,Chicago,80568.91,11458.29,2024-04-01,38,92.9,matthew.taylor@company.com,(292) 508-5108,Active
EMP035853,Michael,Moore,Michael Moore,50,Engineering,Specialist,Los Angeles,104095.38,10373.78,2021-02-12,23,92.7,michael.moore@company.com,(301) 605-5049,Active
EMP035854,Stephanie,Brown,Stephanie Brown,39,Marketing,Director,Los Angeles,60739.8,9922.76,2024-11-14,10,48.5,stephanie.brown@company.com,(333) 639-2688,Active
EMP035855,Melissa,Jackson,Melissa Jackson,62,Marketing,Manager,New York,79626.15,16646.76,2023-02-14,36,76.1,melissa.jackson@company.com,(379) 279-5161,Active
EMP035856,Jessica,Moore,Jessica Moore,55,Legal,Associate,Austin,98062.84,12103.48,2021-12-06,31,85.7,jessica.moore@company.com,(474) 840-4721,Inactive
EMP035857,Matthew,Martin,Matthew Martin,24,Sales,Specialist,Chicago,56615.95,5061.35,2023-04-25,2,73.5,matthew.martin@company.com,(702) 813-3092,Active
EMP035858,Lisa,Lopez,Lisa Lopez,55,Operations,Director,Los Angeles,60436.75,9293.67,2023-06-14,32,68.1,lisa.lopez@company.com,(239) 810-1498,Active
EMP035859,Lisa,Thomas,Lisa Thomas,63,Legal,Lead,Austin,118291.41,18709.67,2022-09-08,36,67.3,lisa.thomas@company.com,(683) 673-3342,Active
EMP035860,Stephanie,Johnson,Stephanie Johnson,23,Legal,Specialist,Chicago,44493.61,3657.76,2022-10-12,0,39.4,stephanie.johnson@company.com,(504) 493-6682,Active
EMP035861,James,Hernandez,James Hernandez,48,HR,Analyst,Chicago,79958.2,9335.2,2020-12-07,26,52.4,james.hernandez@company.com,(349) 653-8832,Active
EMP035862,David,Johnson,David Johnson,43,Engineering,Associate,Los Angeles,74210.21,10741.34,2021-02-09,20,75.7,david.johnson@company.com,(429) 376-6981,Active
EMP035863,Lisa,Anderson,Lisa Anderson,34,Sales,Manager,Miami,69695.48,3380.44,2023-12-11,12,76.4,lisa.anderson@company.com,(987) 864-6968,Active
EMP035864,Ashley,Moore,Ashley Moore,33,Engineering,Analyst,Los Angeles,108573.37,12750.34,2024-04-21,4,64.0,ashley.moore@company.com,(996) 739-8704,Active
EMP035865,Amanda,Jones,Amanda Jones,63,Legal,Senior Developer,San Francisco,71582.78,8203.16,2024-11-30,38,49.6,amanda.jones@company.com,(834) 967-6670,Active
EMP035866,Daniel,Martinez,Daniel Martinez,24,Sales,Analyst,San Francisco,30000.0,4638.37,2024-06-29,0,64.3,daniel.martinez@company.com,(904) 240-6172,Active
EMP035867,Matthew,Rodriguez,Matthew Rodriguez,65,Operations,Manager,Seattle,70044.92,11773.06,2024-07-18,43,74.0,matthew.rodriguez@company.com,(252) 854-5849,Active
EMP035868,Nicole,Davis,Nicole Davis,25,Marketing,Specialist,Miami,38872.63,5289.82,2020-07-17,0,70.0,nicole.davis@company.com,(521) 745-2050,Active
EMP035869,Jane,Lopez,Jane Lopez,47,Engineering,Director,Chicago,103688.77,16241.09,2020-10-14,18,72.0,jane.lopez@company.com,(903) 227-6517,Active
EMP035870,Amanda,Gonzalez,Amanda Gonzalez,63,Legal,Manager,San Francisco,138092.0,11284.25,2024-04-07,35,78.9,amanda.gonzalez@company.com,(923) 619-9128,Active
EMP035871,Jane,Wilson,Jane Wilson,56,IT,Manager,Chicago,106533.92,9398.74,2020-12-10,33,73.1,jane.wilson@company.com,(377) 203-9908,Active
EMP035872,Emily,Johnson,Emily Johnson,62,Legal,Specialist,Los Angeles,131615.83,21468.14,2023-04-28,34,81.1,emily.johnson@company.com,(668) 661-5654,Active
EMP035873,James,Jones,James Jones,55,HR,Director,Miami,86703.83,2221.85,2024-10-21,27,72.4,james.jones@company.com,(223) 703-4153,Inactive
EMP035874,Matthew,Hernandez,Matthew Hernandez,51,IT,Specialist,Boston,98978.03,8815.93,2022-09-06,29,72.8,matthew.hernandez@company.com,(726) 779-4998,Active
EMP035875,Jessica,Taylor,Jessica Taylor,61,Finance,Director,Seattle,96921.32,10516.1,2021-02-02,35,68.1,jessica.taylor@company.com,(817) 325-5991,Inactive
EMP035876,Stephanie,Martinez,Stephanie Martinez,31,Marketing,Coordinator,Seattle,78377.98,2685.15,2020-11-07,8,68.5,stephanie.martinez@company.com,(801) 722-5377,Active
EMP035877,John,Brown,John Brown,48,Legal,Coordinator,Los Angeles,79131.45,11298.35,2021-08-03,23,70.3,john.brown@company.com,(339) 512-4569,Active
EMP035878,John,Rodriguez,John Rodriguez,34,Sales,Senior Developer,Miami,46029.88,8537.49,2023-08-29,9,69.3,john.rodriguez@company.com,(440) 429-9151,Active
EMP035879,Michael,Anderson,Michael Anderson,45,Marketing,Specialist,San Francisco,73666.68,14255.28,2023-09-21,18,91.5,michael.anderson@company.com,(281) 418-1131,Active
EMP035880,Jessica,Rodriguez,Jessica Rodriguez,23,Sales,Director,New York,63823.09,1961.19,2021-04-07,0,66.9,jessica.rodriguez@company.com,(551) 519-1583,Active
EMP035881,Christopher,Jones,Christopher Jones,47,IT,Manager,Austin,87694.32,8086.96,2022-10-27,22,84.7,christopher.jones@company.com,(800) 934-1025,Inactive
EMP035882,Ashley,Williams,Ashley Williams,57,Engineering,Specialist,Austin,124672.01,25282.19,2024-08-05,28,93.4,ashley.williams@company.com,(214) 752-3290,Active
EMP035883,Christopher,Rodriguez,Christopher Rodriguez,51,Finance,Associate,Boston,85403.05,10054.16,2023-06-09,23,57.1,christopher.rodriguez@company.com,(479) 460-4187,Active
EMP035884,John,Davis,John Davis,23,HR,Associate,Los Angeles,40491.05,5448.08,2023-06-29,0,98.9,john.davis@company.com,(920) 449-2653,Active
EMP035885,Emily,Jackson,Emily Jackson,51,HR,Senior Developer,Chicago,59078.04,4881.05,2022-01-10,23,96.4,emily.jackson@company.com,(743) 568-7993,Active
EMP035886,Jane,Miller,Jane Miller,42,Operations,Senior Developer,San Francisco,45910.11,3210.27,2023-04-16,13,69.3,jane.miller@company.com,(476) 633-8383,On Leave
EMP035887,Christopher,Wilson,Christopher Wilson,58,HR,Coordinator,New York,85669.28,8215.23,2020-02-16,30,83.7,christopher.wilson@company.com,(330) 249-7788,Inactive
EMP035888,Jessica,Anderson,Jessica Anderson,51,Finance,Manager,Chicago,78267.8,8223.85,2022-12-01,22,76.3,jessica.anderson@company.com,(441) 762-1698,Active
EMP035889,Anthony,Gonzalez,Anthony Gonzalez,64,IT,Manager,New York,115050.69,13112.44,2023-05-21,39,95.8,anthony.gonzalez@company.com,(552) 954-9792,Active
EMP035890,Anthony,Moore,Anthony Moore,31,Engineering,Senior Developer,Miami,114344.15,9323.78,2022-06-11,3,55.0,anthony.moore@company.com,(877) 378-1622,Active
EMP035891,Jessica,Jackson,Jessica Jackson,58,HR,Analyst,San Francisco,68400.46,4287.77,2023-07-18,32,60.2,jessica.jackson@company.com,(680) 696-9232,Active
EMP035892,John,Miller,John Miller,65,IT,Specialist,San Francisco,94472.98,3155.67,2023-01-09,41,71.4,john.miller@company.com,(284) 403-7624,Active
EMP035893,Melissa,Davis,Melissa Davis,57,Marketing,Manager,Los Angeles,84771.44,7363.26,2020-10-01,30,55.7,melissa.davis@company.com,(282) 968-3209,Active
EMP035894,Michael,Johnson,Michael Johnson,63,Finance,Senior Developer,Boston,80289.29,0.0,2022-10-30,35,63.8,michael.johnson@company.com,(908) 795-2536,Active
EMP035895,Ashley,Wilson,Ashley Wilson,31,Engineering,Specialist,Seattle,136683.39,19872.07,2023-09-30,8,72.0,ashley.wilson@company.com,(962) 299-8906,Active
EMP035896,Melissa,Williams,Melissa Williams,55,Sales,Director,Chicago,77605.47,4580.24,2023-02-27,32,51.3,melissa.williams@company.com,(516) 626-2831,Inactive
EMP035897,Stephanie,Lopez,Stephanie Lopez,23,IT,Coordinator,Miami,89887.79,5321.49,2020-02-11,0,81.5,stephanie.lopez@company.com,(266) 710-9663,Active
EMP035898,Stephanie,Williams,Stephanie Williams,50,Marketing,Coordinator,Austin,86666.5,15206.99,2024-10-31,28,68.6,stephanie.williams@company.com,(494) 962-8620,Active
EMP035899,Lisa,Davis,Lisa Davis,44,Legal,Director,San Francisco,116244.46,12748.69,2023-03-06,15,65.4,lisa.davis@company.com,(381) 399-7974,Active
EMP035900,John,Wilson,John Wilson,58,Finance,Coordinator,Seattle,88916.09,13720.6,2023-09-15,33,69.7,john.wilson@company.com,(701) 836-4715,Active
EMP035901,Nicole,Moore,Nicole Moore,23,Operations,Analyst,Boston,43071.96,617.72,2020-04-19,0,85.7,nicole.moore@company.com,(919) 831-6477,Active
EMP035902,Robert,Jones,Robert Jones,40,Legal,Associate,Chicago,88387.78,10340.06,2022-06-23,11,89.3,robert.jones@company.com,(381) 557-2303,Active
EMP035903,William,Martin,William Martin,34,Engineering,Associate,San Francisco,51257.18,6384.14,2024-10-16,8,82.5,william.martin@company.com,(510) 237-1423,Active
EMP035904,William,Hernandez,William Hernandez,29,HR,Manager,Boston,57103.19,10175.08,2024-02-07,3,70.3,william.hernandez@company.com,(826) 609-5314,Active
EMP035905,Ashley,Martin,Ashley Martin,42,Marketing,Specialist,Miami,76372.16,9696.19,2020-02-23,15,43.5,ashley.martin@company.com,(763) 764-4539,Active
EMP035906,Daniel,Brown,Daniel Brown,54,Legal,Analyst,New York,127380.01,2951.55,2020-09-08,31,100.0,daniel.brown@company.com,(995) 628-3481,Active
EMP035907,Stephanie,Wilson,Stephanie Wilson,56,Operations,Director,Austin,80001.36,1369.82,2020-11-16,30,64.6,stephanie.wilson@company.com,(223) 303-3597,Active
EMP035908,Sarah,Garcia,Sarah Garcia,47,HR,Analyst,New York,59769.87,0.0,2022-04-06,23,89.8,sarah.garcia@company.com,(389) 994-6205,Active
EMP035909,David,Thomas,David Thomas,60,Marketing,Lead,San Francisco,112183.94,10502.41,2022-11-10,31,58.6,david.thomas@company.com,(461) 407-7762,Active
EMP035910,Stephanie,Martinez,Stephanie Martinez,60,Legal,Coordinator,New York,111697.24,7706.35,2022-12-21,36,76.6,stephanie.martinez@company.com,(670) 476-6694,Active
EMP035911,Jane,Lopez,Jane Lopez,24,Finance,Director,Seattle,77049.07,11080.98,2021-01-05,0,69.6,jane.lopez@company.com,(511) 883-5773,Active
EMP035912,Lisa,Taylor,Lisa Taylor,55,Operations,Coordinator,Chicago,64297.97,10511.14,2022-05-15,30,65.0,lisa.taylor@company.com,(847) 436-7796,Active
EMP035913,James,Rodriguez,James Rodriguez,55,Finance,Coordinator,Seattle,88663.5,7962.37,2023-09-29,30,72.6,james.rodriguez@company.com,(728) 566-3601,Active
EMP035914,Jessica,Wilson,Jessica Wilson,37,Sales,Coordinator,Austin,88082.36,14265.84,2022-12-31,9,75.5,jessica.wilson@company.com,(783) 832-1733,Inactive
EMP035915,Ashley,Rodriguez,Ashley Rodriguez,33,Legal,Specialist,New York,81970.52,9508.77,2020-11-08,11,87.3,ashley.rodriguez@company.com,(647) 926-3728,Active
EMP035916,Robert,Lopez,Robert Lopez,49,Sales,Analyst,San Francisco,80148.48,8896.48,2024-09-25,20,74.8,robert.lopez@company.com,(256) 980-6736,Active
EMP035917,Anthony,Lopez,Anthony Lopez,39,Engineering,Associate,New York,109175.01,21035.4,2021-02-18,10,82.1,anthony.lopez@company.com,(867) 794-6973,On Leave
EMP035918,Nicole,Martinez,Nicole Martinez,64,Legal,Analyst,New York,101935.48,3026.86,2021-10-21,35,96.2,nicole.martinez@company.com,(269) 968-4637,Active
EMP035919,Michael,Jackson,Michael Jackson,23,Sales,Associate,Seattle,45616.38,9032.68,2024-12-04,0,81.6,michael.jackson@company.com,(726) 912-3065,Active
EMP035920,William,Gonzalez,William Gonzalez,45,HR,Manager,Miami,49113.8,6032.24,2020-02-05,18,74.2,william.gonzalez@company.com,(455) 766-5043,On Leave
EMP035921,Emily,Jones,Emily Jones,22,Engineering,Associate,Miami,58995.41,7051.63,2022-12-25,0,65.4,emily.jones@company.com,(783) 913-7803,Active
EMP035922,Jane,Smith,Jane Smith,28,IT,Director,Los Angeles,81976.98,7835.19,2021-05-16,0,75.6,jane.smith@company.com,(230) 781-2133,Active
EMP035923,Melissa,Martin,Melissa Martin,28,Engineering,Senior Developer,San Francisco,53847.01,8742.33,2020-09-26,5,73.8,melissa.martin@company.com,(815) 468-2698,Active
EMP035924,Stephanie,Miller,Stephanie Miller,48,Legal,Manager,Los Angeles,112650.72,8791.97,2024-02-17,26,68.3,stephanie.miller@company.com,(727) 954-9938,Active
EMP035925,John,Gonzalez,John Gonzalez,22,Legal,Coordinator,Seattle,49611.19,0.0,2020-10-25,0,79.1,john.gonzalez@company.com,(467) 726-4470,Inactive
EMP035926,Lisa,Miller,Lisa Miller,40,Engineering,Coordinator,Seattle,116766.93,12384.57,2023-09-28,17,85.7,lisa.miller@company.com,(724) 667-1296,Active
EMP035927,James,Martinez,James Martinez,32,Sales,Associate,Los Angeles,77464.86,14074.11,2021-02-08,5,80.5,james.martinez@company.com,(586) 255-4682,Active
EMP035928,Jessica,Johnson,Jessica Johnson,64,Sales,Coordinator,New York,93906.92,12430.91,2024-08-13,37,73.0,jessica.johnson@company.com,(803) 609-4136,Active
EMP035929,Christopher,Gonzalez,Christopher Gonzalez,53,IT,Director,Boston,130822.69,10538.69,2023-11-08,29,52.4,christopher.gonzalez@company.com,(246) 992-1882,Active
EMP035930,Jane,Rodriguez,Jane Rodriguez,28,HR,Manager,Miami,63996.46,6438.37,2024-10-26,1,78.8,jane.rodriguez@company.com,(487) 706-9783,Active
EMP035931,Lisa,Martinez,Lisa Martinez,43,IT,Associate,Los Angeles,90947.96,218.88,2023-06-14,17,62.8,lisa.martinez@company.com,(965) 351-9894,Active
EMP035932,Melissa,Martinez,Melissa Martinez,23,Marketing,Lead,Austin,44616.99,7406.68,2023-10-24,0,75.7,melissa.martinez@company.com,(229) 453-4341,Inactive
EMP035933,William,Garcia,William Garcia,28,Finance,Specialist,Chicago,74687.04,9575.14,2024-10-14,6,80.1,william.garcia@company.com,(963) 993-3578,Inactive
EMP035934,Sarah,Brown,Sarah Brown,36,Legal,Manager,San Francisco,85921.78,1568.4,2021-03-06,12,65.5,sarah.brown@company.com,(285) 949-6142,Active
EMP035935,Jessica,Anderson,Jessica Anderson,36,Engineering,Lead,Seattle,63022.83,4125.76,2023-06-05,10,49.7,jessica.anderson@company.com,(340) 741-6134,Active
EMP035936,William,Jackson,William Jackson,44,Marketing,Associate,San Francisco,64403.75,1583.97,2021-08-31,21,88.2,william.jackson@company.com,(797) 376-4977,Active
EMP035937,Jane,Jones,Jane Jones,58,Finance,Associate,Los Angeles,98371.58,0.0,2022-07-10,32,80.3,jane.jones@company.com,(552) 674-3868,Active
EMP035938,John,Jones,John Jones,35,Engineering,Coordinator,New York,74928.02,9955.72,2024-02-03,10,61.0,john.jones@company.com,(615) 628-1517,Active
EMP035939,Christopher,Taylor,Christopher Taylor,64,Engineering,Manager,Seattle,86552.51,7007.08,2021-06-21,38,92.8,christopher.taylor@company.com,(334) 712-6001,Active
EMP035940,Ashley,Brown,Ashley Brown,29,HR,Specialist,Miami,40951.92,1819.8,2023-03-19,1,78.9,ashley.brown@company.com,(371) 383-1653,Inactive
EMP035941,Amanda,Williams,Amanda Williams,37,HR,Specialist,Chicago,77747.52,10366.69,2021-06-01,14,74.3,amanda.williams@company.com,(652) 304-7466,Active
EMP035942,Jessica,Smith,Jessica Smith,64,Legal,Director,Miami,87993.62,9225.39,2023-03-27,37,61.7,jessica.smith@company.com,(517) 328-4416,Active
EMP035943,Daniel,Smith,Daniel Smith,54,Finance,Analyst,Chicago,61604.1,3465.89,2024-02-21,27,67.0,daniel.smith@company.com,(729) 953-3878,Active
EMP035944,Sarah,Garcia,Sarah Garcia,52,Engineering,Lead,Los Angeles,90295.91,5476.64,2020-03-15,29,80.4,sarah.garcia@company.com,(683) 573-2154,Active
EMP035945,Matthew,Brown,Matthew Brown,25,Sales,Senior Developer,Austin,52858.11,3974.16,2024-12-17,0,54.2,matthew.brown@company.com,(273) 208-7112,Active
EMP035946,Anthony,Brown,Anthony Brown,41,Marketing,Senior Developer,New York,92468.0,4252.58,2023-08-01,17,51.3,anthony.brown@company.com,(339) 571-2375,Active
EMP035947,John,Smith,John Smith,61,Legal,Coordinator,Austin,139201.33,30106.29,2020-07-19,36,54.9,john.smith@company.com,(992) 463-4697,Active
EMP035948,Jane,Williams,Jane Williams,40,Engineering,Associate,Austin,105815.5,3675.83,2023-05-31,17,87.6,jane.williams@company.com,(603) 630-1800,On Leave
EMP035949,Amanda,Martinez,Amanda Martinez,37,Marketing,Coordinator,Los Angeles,56914.75,2533.45,2023-02-03,15,72.0,amanda.martinez@company.com,(340) 996-2441,On Leave
EMP035950,Matthew,Miller,Matthew Miller,57,HR,Coordinator,San Francisco,81117.04,5283.01,2024-12-23,35,75.7,matthew.miller@company.com,(941) 678-2258,Inactive
EMP035951,Christopher,Williams,Christopher Williams,65,Engineering,Specialist,Boston,135840.27,17902.32,2022-06-01,38,52.3,christopher.williams@company.com,(228) 582-3516,Inactive
EMP035952,Lisa,Martin,Lisa Martin,45,Engineering,Coordinator,Chicago,119636.09,7518.01,2023-05-24,19,95.1,lisa.martin@company.com,(657) 604-4126,Active
EMP035953,Matthew,Moore,Matthew Moore,55,IT,Manager,Los Angeles,100183.38,10279.61,2024-06-18,26,86.2,matthew.moore@company.com,(938) 460-5446,Active
EMP035954,Stephanie,Jones,Stephanie Jones,36,Engineering,Lead,Seattle,51690.59,4184.68,2022-02-17,10,78.8,stephanie.jones@company.com,(722) 581-8798,On Leave
EMP035955,Sarah,Moore,Sarah Moore,54,Operations,Associate,Seattle,75482.96,17713.51,2021-12-18,25,63.7,sarah.moore@company.com,(503) 774-2888,On Leave
EMP035956,Stephanie,Garcia,Stephanie Garcia,53,Legal,Manager,Austin,91463.67,10002.12,2022-11-09,24,81.1,stephanie.garcia@company.com,(526) 289-3456,Active
EMP035957,Jessica,Thomas,Jessica Thomas,52,Marketing,Manager,Seattle,73128.27,1730.85,2022-02-02,24,67.0,jessica.thomas@company.com,(494) 461-6976,Active
EMP035958,Matthew,Taylor,Matthew Taylor,55,Operations,Lead,Seattle,57482.78,7964.78,2024-10-05,32,94.8,matthew.taylor@company.com,(992) 225-6465,Active
EMP035959,Lisa,Anderson,Lisa Anderson,30,Operations,Manager,New York,75494.8,5564.5,2021-02-28,2,82.5,lisa.anderson@company.com,(514) 871-2093,Active
EMP035960,Matthew,Martinez,Matthew Martinez,50,IT,Manager,Chicago,90722.02,5910.7,2021-10-25,27,67.9,matthew.martinez@company.com,(860) 456-5769,Inactive
EMP035961,Nicole,Rodriguez,Nicole Rodriguez,33,Operations,Specialist,Los Angeles,51532.02,6936.07,2020-10-13,8,60.6,nicole.rodriguez@company.com,(844) 836-8273,On Leave
EMP035962,Matthew,Hernandez,Matthew Hernandez,43,Finance,Analyst,New York,61687.24,7472.42,2023-07-04,15,96.0,matthew.hernandez@company.com,(291) 393-2967,Active
EMP035963,Jane,Anderson,Jane Anderson,52,Marketing,Director,Boston,58917.71,1739.62,2021-02-16,29,72.7,jane.anderson@company.com,(854) 226-4185,Active
EMP035964,William,Lopez,William Lopez,24,Marketing,Coordinator,Boston,49566.23,8270.43,2024-07-16,0,76.1,william.lopez@company.com,(307) 933-4691,Active
EMP035965,Ashley,Anderson,Ashley Anderson,27,IT,Coordinator,Austin,78704.37,5136.14,2023-07-23,1,71.8,ashley.anderson@company.com,(956) 589-4075,Active
EMP035966,Anthony,Anderson,Anthony Anderson,34,Engineering,Manager,Miami,101013.13,9959.82,2022-08-20,6,79.7,anthony.anderson@company.com,(391) 331-7307,Active
EMP035967,William,Johnson,William Johnson,37,Marketing,Manager,San Francisco,54280.96,13745.24,2024-09-18,13,66.9,william.johnson@company.com,(499) 573-1150,Active
EMP035968,Lisa,Taylor,Lisa Taylor,54,Operations,Associate,Austin,84223.23,11250.55,2023-12-23,25,79.3,lisa.taylor@company.com,(474) 638-7085,Active
EMP035969,Robert,Taylor,Robert Taylor,53,Marketing,Senior Developer,Seattle,70203.96,6918.34,2024-11-09,28,88.4,robert.taylor@company.com,(997) 951-9122,Inactive
EMP035970,Emily,Wilson,Emily Wilson,46,HR,Specialist,Miami,70665.05,12987.66,2021-01-11,22,51.3,emily.wilson@company.com,(654) 704-8714,Active
EMP035971,Jessica,Lopez,Jessica Lopez,30,Engineering,Lead,Miami,109349.82,12674.14,2021-12-28,3,76.7,jessica.lopez@company.com,(465) 955-8139,Active
EMP035972,Anthony,Martinez,Anthony Martinez,39,IT,Analyst,Los Angeles,72359.09,12794.62,2021-06-18,11,70.2,anthony.martinez@company.com,(579) 670-7246,Active
EMP035973,Amanda,Brown,Amanda Brown,32,Finance,Lead,Miami,79121.07,10908.32,2024-03-31,8,56.6,amanda.brown@company.com,(675) 686-6968,Inactive
EMP035974,John,Taylor,John Taylor,58,Finance,Coordinator,Austin,106212.54,13370.86,2021-03-16,34,97.6,john.taylor@company.com,(692) 616-3962,On Leave
EMP035975,David,Martin,David Martin,44,Sales,Senior Developer,Miami,67086.77,6655.0,2023-02-13,17,74.4,david.martin@company.com,(576) 251-1123,Active
EMP035976,John,Rodriguez,John Rodriguez,39,Engineering,Director,Boston,67318.2,7301.58,2020-05-03,10,72.9,john.rodriguez@company.com,(682) 800-7147,Active
EMP035977,Jessica,Moore,Jessica Moore,35,Operations,Director,New York,57543.63,4523.03,2022-10-20,12,95.0,jessica.moore@company.com,(657) 731-1606,Active
EMP035978,Lisa,Wilson,Lisa Wilson,42,Engineering,Director,Austin,71271.46,11712.49,2023-01-13,14,73.5,lisa.wilson@company.com,(237) 917-9281,Inactive
EMP035979,Nicole,Lopez,Nicole Lopez,39,HR,Director,Seattle,65785.88,7727.12,2022-10-20,15,66.8,nicole.lopez@company.com,(685) 239-9657,Active
EMP035980,David,Hernandez,David Hernandez,46,IT,Specialist,New York,86013.82,6374.74,2022-06-24,17,46.2,david.hernandez@company.com,(860) 565-7690,Active
EMP035981,Melissa,Wilson,Melissa Wilson,27,Engineering,Senior Developer,Chicago,99671.49,17525.23,2020-12-23,1,92.3,melissa.wilson@company.com,(429) 536-8687,Active
EMP035982,Michael,Davis,Michael Davis,52,Marketing,Associate,Austin,81424.53,8873.25,2022-08-01,28,96.2,michael.davis@company.com,(405) 335-4949,Active
EMP035983,Amanda,Smith,Amanda Smith,39,Legal,Specialist,Seattle,79902.25,5333.77,2024-05-19,14,76.1,amanda.smith@company.com,(937) 727-6448,Active
EMP035984,Jessica,Taylor,Jessica Taylor,42,IT,Director,Miami,65997.61,6235.63,2023-12-03,19,75.8,jessica.taylor@company.com,(886) 336-7350,Active
EMP035985,Emily,Lopez,Emily Lopez,56,Finance,Associate,New York,111396.62,8568.84,2024-08-21,27,56.0,emily.lopez@company.com,(338) 442-5977,Active
EMP035986,Sarah,Brown,Sarah Brown,48,Sales,Lead,Miami,115995.02,13346.32,2024-08-27,26,84.6,sarah.brown@company.com,(232) 533-7960,Active
EMP035987,Nicole,Brown,Nicole Brown,45,Operations,Specialist,Boston,84144.23,9813.38,2020-02-13,21,100.0,nicole.brown@company.com,(816) 872-9302,Active
EMP035988,David,Jackson,David Jackson,41,Operations,Specialist,Miami,83026.12,9401.23,2024-07-08,17,86.3,david.jackson@company.com,(366) 936-9009,Inactive
EMP035989,Ashley,Garcia,Ashley Garcia,65,Legal,Associate,San Francisco,118112.99,11841.89,2022-02-26,36,88.2,ashley.garcia@company.com,(623) 210-7579,Active
EMP035990,Stephanie,Martinez,Stephanie Martinez,35,Sales,Lead,Boston,91261.52,12465.71,2022-03-14,9,95.8,stephanie.martinez@company.com,(661) 973-1410,Active
EMP035991,Emily,Johnson,Emily Johnson,47,Operations,Manager,New York,74077.87,7059.7,2024-01-16,23,65.3,emily.johnson@company.com,(773) 293-6659,Active
EMP035992,David,Brown,David Brown,38,Marketing,Specialist,Seattle,42429.58,4403.46,2021-01-24,16,79.9,david.brown@company.com,(488) 219-4069,Active
EMP035993,Michael,Miller,Michael Miller,65,HR,Senior Developer,Chicago,110036.09,18590.46,2024-05-20,40,77.0,michael.miller@company.com,(769) 247-9284,Active
EMP035994,John,Taylor,John Taylor,53,Operations,Associate,Chicago,64530.46,2925.14,2022-08-28,28,75.2,john.taylor@company.com,(206) 614-6255,Active
EMP035995,Christopher,Martinez,Christopher Martinez,26,HR,Specialist,San Francisco,67846.53,8968.51,2021-01-19,0,78.9,christopher.martinez@company.com,(239) 233-4485,Active
EMP035996,Michael,Jones,Michael Jones,46,HR,Director,Los Angeles,76850.73,10619.27,2024-02-14,20,65.2,michael.jones@company.com,(213) 623-1912,Active
EMP035997,Robert,Hernandez,Robert Hernandez,51,Operations,Associate,Boston,66491.34,10755.45,2021-07-26,22,73.3,robert.hernandez@company.com,(751) 570-2318,Active
EMP035998,Michael,Gonzalez,Michael Gonzalez,37,Sales,Senior Developer,Los Angeles,70206.37,5005.23,2022-01-23,9,81.6,michael.gonzalez@company.com,(237) 419-3944,Active
EMP035999,Ashley,Jackson,Ashley Jackson,53,Finance,Senior Developer,Boston,90758.24,4646.39,2023-03-12,25,79.9,ashley.jackson@company.com,(739) 746-1580,Inactive
EMP036000,Jessica,Davis,Jessica Davis,61,Finance,Lead,Boston,92883.49,8391.64,2023-12-07,36,79.6,jessica.davis@company.com,(960) 267-6709,Active
EMP036001,Amanda,Jones,Amanda Jones,50,Legal,Lead,Chicago,94914.34,3836.12,2020-07-05,23,96.0,amanda.jones@company.com,(485) 423-7248,Active
EMP036002,Nicole,Taylor,Nicole Taylor,52,Sales,Senior Developer,Los Angeles,83881.63,1107.66,2020-11-28,26,52.7,nicole.taylor@company.com,(226) 637-5163,Active
EMP036003,Matthew,Lopez,Matthew Lopez,33,Sales,Senior Developer,Seattle,65486.26,9450.77,2020-12-30,11,88.2,matthew.lopez@company.com,(771) 513-4179,Active
EMP036004,Christopher,Anderson,Christopher Anderson,40,Engineering,Manager,New York,77277.31,8845.86,2021-08-06,13,79.5,christopher.anderson@company.com,(253) 802-6923,Active
EMP036005,William,Rodriguez,William Rodriguez,31,Finance,Associate,Boston,66603.86,6385.51,2022-01-09,9,97.5,william.rodriguez@company.com,(822) 480-6101,Active
EMP036006,Amanda,Jackson,Amanda Jackson,61,Sales,Manager,Chicago,111055.35,7548.33,2022-11-14,33,66.1,amanda.jackson@company.com,(379) 405-7560,Active
EMP036007,John,Johnson,John Johnson,58,Operations,Specialist,San Francisco,63717.32,6268.37,2020-04-27,31,80.3,john.johnson@company.com,(666) 673-1609,On Leave
EMP036008,Emily,Williams,Emily Williams,46,Legal,Coordinator,Boston,80369.1,6193.23,2020-11-11,21,50.6,emily.williams@company.com,(430) 995-5053,Active
EMP036009,Robert,Garcia,Robert Garcia,26,IT,Analyst,San Francisco,78843.32,8115.63,2020-06-19,0,64.4,robert.garcia@company.com,(951) 844-5600,Active
EMP036010,Michael,Taylor,Michael Taylor,60,Engineering,Director,Seattle,131248.34,13887.58,2020-01-17,35,98.5,michael.taylor@company.com,(975) 680-2316,Active
EMP036011,Matthew,Wilson,Matthew Wilson,26,HR,Senior Developer,Austin,53710.2,6410.04,2020-09-18,0,81.2,matthew.wilson@company.com,(726) 676-9026,Active
EMP036012,Lisa,Gonzalez,Lisa Gonzalez,23,Finance,Senior Developer,New York,40567.16,535.87,2024-05-30,0,36.4,lisa.gonzalez@company.com,(944) 642-4417,Active
EMP036013,James,Garcia,James Garcia,61,HR,Director,Los Angeles,56589.94,9626.67,2020-06-24,34,52.2,james.garcia@company.com,(261) 440-6904,Active
EMP036014,James,Thomas,James Thomas,22,Operations,Director,New York,37517.63,2550.1,2021-04-30,0,65.8,james.thomas@company.com,(477) 782-6822,Inactive
EMP036015,Robert,Davis,Robert Davis,55,Finance,Lead,Austin,83902.15,9167.34,2020-04-11,26,71.9,robert.davis@company.com,(220) 658-8012,Active
EMP036016,John,Taylor,John Taylor,53,Sales,Senior Developer,Los Angeles,119498.6,18330.52,2023-03-23,30,85.3,john.taylor@company.com,(217) 357-9431,Inactive
EMP036017,Amanda,Gonzalez,Amanda Gonzalez,55,IT,Director,Miami,121949.6,13668.44,2023-07-24,26,70.9,amanda.gonzalez@company.com,(213) 207-5938,Active
EMP036018,Nicole,Miller,Nicole Miller,32,Engineering,Analyst,Miami,83527.08,6048.54,2024-08-19,4,81.3,nicole.miller@company.com,(419) 478-1715,Active
EMP036019,Anthony,Rodriguez,Anthony Rodriguez,38,IT,Specialist,Seattle,63974.83,7482.35,2022-10-15,11,91.7,anthony.rodriguez@company.com,(913) 866-3889,Active
EMP036020,John,Anderson,John Anderson,34,IT,Coordinator,Miami,68849.59,1491.26,2022-05-01,11,34.8,john.anderson@company.com,(276) 717-5244,Active
EMP036021,Jessica,Jackson,Jessica Jackson,24,Marketing,Associate,San Francisco,41984.04,5444.41,2023-04-28,0,64.0,jessica.jackson@company.com,(724) 300-2198,Active
EMP036022,David,Martinez,David Martinez,43,Marketing,Analyst,Seattle,48390.08,2269.93,2024-03-20,14,66.1,david.martinez@company.com,(438) 425-8504,Active
EMP036023,Robert,Miller,Robert Miller,57,Sales,Lead,Seattle,65755.3,8297.46,2024-01-11,34,75.5,robert.miller@company.com,(340) 575-1071,On Leave
EMP036024,William,Martinez,William Martinez,27,Sales,Director,New York,71245.58,9074.01,2020-06-23,3,53.1,william.martinez@company.com,(591) 724-3269,Active
EMP036025,John,Lopez,John Lopez,64,Sales,Specialist,Chicago,102918.76,13068.96,2021-09-25,37,83.2,john.lopez@company.com,(503) 633-5077,Active
EMP036026,Melissa,Smith,Melissa Smith,22,Engineering,Analyst,New York,88531.81,5143.06,2020-04-26,0,73.7,melissa.smith@company.com,(382) 431-4845,Active
EMP036027,David,Johnson,David Johnson,38,HR,Manager,Boston,34567.36,0.0,2021-09-28,12,84.0,david.johnson@company.com,(480) 733-4633,Inactive
EMP036028,Melissa,Jones,Melissa Jones,63,Engineering,Associate,Miami,141701.57,19023.34,2022-07-20,39,53.7,melissa.jones@company.com,(623) 527-4358,Active
EMP036029,Anthony,Lopez,Anthony Lopez,64,HR,Associate,Austin,98154.49,16369.39,2022-08-06,41,86.8,anthony.lopez@company.com,(950) 865-9542,Active
EMP036030,Stephanie,Williams,Stephanie Williams,51,Sales,Senior Developer,San Francisco,78602.8,2877.81,2024-01-03,22,82.6,stephanie.williams@company.com,(586) 545-1289,On Leave
EMP036031,Emily,Gonzalez,Emily Gonzalez,52,HR,Associate,Seattle,81321.41,8239.39,2021-07-27,30,74.4,emily.gonzalez@company.com,(207) 407-6160,Active
EMP036032,Christopher,Martinez,Christopher Martinez,50,Sales,Lead,Austin,74257.56,5394.39,2023-04-18,25,68.2,christopher.martinez@company.com,(691) 440-9597,Inactive
EMP036033,Sarah,Hernandez,Sarah Hernandez,64,Operations,Analyst,Chicago,88925.29,19080.86,2024-12-05,41,75.5,sarah.hernandez@company.com,(995) 717-2552,Active
EMP036034,Christopher,Anderson,Christopher Anderson,24,Operations,Specialist,Austin,58479.57,8490.95,2022-04-03,0,64.4,christopher.anderson@company.com,(456) 297-3520,Active
EMP036035,Melissa,Williams,Melissa Williams,35,Engineering,Manager,San Francisco,106273.27,8404.23,2021-09-28,13,62.0,melissa.williams@company.com,(861) 763-8411,Active
EMP036036,Jane,Lopez,Jane Lopez,61,Sales,Senior Developer,Austin,106559.35,9676.13,2023-07-25,36,64.5,jane.lopez@company.com,(566) 338-3440,Active
EMP036037,Emily,Gonzalez,Emily Gonzalez,43,IT,Coordinator,New York,105224.1,8328.29,2021-07-21,16,36.2,emily.gonzalez@company.com,(883) 411-3101,Active
EMP036038,Matthew,Johnson,Matthew Johnson,31,Engineering,Director,New York,58674.87,5839.95,2023-12-17,4,65.6,matthew.johnson@company.com,(760) 934-6546,Active
EMP036039,William,Brown,William Brown,55,Legal,Analyst,Chicago,91564.91,7169.99,2020-09-29,33,65.4,william.brown@company.com,(797) 657-6595,Active
EMP036040,Melissa,Taylor,Melissa Taylor,30,Legal,Coordinator,New York,68182.98,7917.26,2024-07-21,2,71.9,melissa.taylor@company.com,(254) 573-2430,Active
EMP036041,Michael,Wilson,Michael Wilson,55,IT,Senior Developer,Austin,104212.76,11029.85,2023-04-28,28,59.4,michael.wilson@company.com,(855) 366-9276,Active
EMP036042,James,Wilson,James Wilson,34,Sales,Lead,Seattle,96940.4,7303.61,2020-04-21,6,88.1,james.wilson@company.com,(558) 766-7550,Active
EMP036043,Matthew,Taylor,Matthew Taylor,48,IT,Lead,Miami,109626.08,9842.75,2020-12-11,25,100.0,matthew.taylor@company.com,(435) 820-8516,Active
EMP036044,Anthony,Jackson,Anthony Jackson,26,Legal,Specialist,Boston,78707.48,9401.09,2022-08-19,0,70.2,anthony.jackson@company.com,(285) 837-2005,On Leave
EMP036045,Matthew,Johnson,Matthew Johnson,61,IT,Coordinator,New York,108998.87,6702.59,2024-07-29,35,100.0,matthew.johnson@company.com,(324) 711-8077,Active
EMP036046,John,Johnson,John Johnson,48,HR,Lead,Chicago,55194.14,8625.85,2024-03-22,20,51.2,john.johnson@company.com,(982) 481-1220,Active
EMP036047,Sarah,Moore,Sarah Moore,48,Sales,Coordinator,Seattle,84393.85,13177.49,2020-08-02,26,90.1,sarah.moore@company.com,(903) 418-3814,Active
EMP036048,Amanda,Hernandez,Amanda Hernandez,31,Sales,Specialist,Austin,71039.02,9576.32,2021-08-29,3,75.9,amanda.hernandez@company.com,(284) 676-1088,Active
EMP036049,Melissa,Thomas,Melissa Thomas,54,Legal,Manager,New York,70770.42,6585.28,2020-12-24,27,100.0,melissa.thomas@company.com,(602) 848-6875,Active
EMP036050,Nicole,Anderson,Nicole Anderson,54,Marketing,Senior Developer,Los Angeles,84573.7,11397.52,2023-04-12,30,93.9,nicole.anderson@company.com,(516) 770-8905,Active
EMP036051,Lisa,Wilson,Lisa Wilson,31,Finance,Coordinator,New York,57124.76,1111.36,2024-12-29,9,61.8,lisa.wilson@company.com,(525) 394-1693,Active
EMP036052,Robert,Martin,Robert Martin,45,Finance,Coordinator,Boston,88669.52,8652.41,2020-11-30,21,94.8,robert.martin@company.com,(655) 342-2992,Active
EMP036053,Amanda,Johnson,Amanda Johnson,22,Legal,Analyst,San Francisco,82460.93,9380.48,2020-07-06,0,61.1,amanda.johnson@company.com,(577) 224-8414,On Leave
EMP036054,Daniel,Martinez,Daniel Martinez,53,Sales,Director,New York,68126.42,7677.83,2020-03-31,25,62.0,daniel.martinez@company.com,(789) 718-4021,Active
EMP036055,Nicole,Moore,Nicole Moore,53,HR,Lead,New York,81550.87,10195.82,2021-12-18,31,82.2,nicole.moore@company.com,(878) 401-4625,Active
EMP036056,William,Gonzalez,William Gonzalez,55,IT,Director,New York,109394.86,12205.09,2022-03-19,29,64.8,william.gonzalez@company.com,(552) 967-7691,Active
EMP036057,Amanda,Martin,Amanda Martin,39,Marketing,Coordinator,Chicago,53338.69,7517.87,2023-04-21,15,77.1,amanda.martin@company.com,(709) 691-4296,Active
EMP036058,Matthew,Davis,Matthew Davis,28,IT,Lead,Austin,58181.36,1278.83,2022-08-22,1,86.6,matthew.davis@company.com,(420) 849-7265,Active
EMP036059,Amanda,Smith,Amanda Smith,40,IT,Manager,Los Angeles,69893.43,9375.49,2021-08-01,15,54.9,amanda.smith@company.com,(289) 859-3366,Active
EMP036060,Nicole,Hernandez,Nicole Hernandez,28,Marketing,Director,Chicago,84784.99,15500.22,2022-12-20,1,64.1,nicole.hernandez@company.com,(300) 361-6599,Active
EMP036061,Robert,Martinez,Robert Martinez,50,Sales,Manager,Chicago,80561.51,11356.96,2021-10-10,27,89.1,robert.martinez@company.com,(736) 286-2550,Active
EMP036062,Michael,Martinez,Michael Martinez,34,Legal,Specialist,Seattle,56269.09,4264.03,2021-02-06,12,77.8,michael.martinez@company.com,(320) 923-2295,Active
EMP036063,Emily,Hernandez,Emily Hernandez,36,Finance,Specialist,Austin,85005.11,14249.87,2024-08-11,9,93.1,emily.hernandez@company.com,(683) 896-5222,On Leave
EMP036064,Daniel,Taylor,Daniel Taylor,49,Finance,Manager,Seattle,93368.09,12302.08,2021-02-13,21,87.9,daniel.taylor@company.com,(392) 792-6854,Active
EMP036065,David,Thomas,David Thomas,62,HR,Lead,Miami,82121.31,5039.6,2020-09-07,33,73.5,david.thomas@company.com,(334) 504-2796,Active
EMP036066,Robert,Brown,Robert Brown,36,Sales,Senior Developer,Los Angeles,80187.56,8817.19,2023-01-15,11,55.2,robert.brown@company.com,(216) 490-7154,Active
EMP036067,Melissa,Anderson,Melissa Anderson,25,Legal,Senior Developer,San Francisco,100645.38,4593.22,2022-04-21,0,90.4,melissa.anderson@company.com,(928) 480-4549,Inactive
EMP036068,Matthew,Lopez,Matthew Lopez,27,HR,Director,New York,41881.12,2554.34,2023-04-14,0,100.0,matthew.lopez@company.com,(506) 508-9122,On Leave
EMP036069,Robert,Johnson,Robert Johnson,43,Legal,Manager,San Francisco,165860.15,23499.8,2024-11-19,16,71.0,robert.johnson@company.com,(769) 204-5415,Active
EMP036070,William,Garcia,William Garcia,29,Legal,Analyst,Boston,71191.69,6876.71,2022-08-15,0,88.7,william.garcia@company.com,(232) 424-6871,Active
EMP036071,John,Brown,John Brown,58,Legal,Manager,Boston,119572.53,0.0,2021-02-13,35,59.1,john.brown@company.com,(798) 621-6776,Inactive
EMP036072,Matthew,Williams,Matthew Williams,60,Engineering,Senior Developer,Austin,140111.68,11303.22,2020-04-07,34,67.7,matthew.williams@company.com,(835) 997-6717,Active
EMP036073,Stephanie,Wilson,Stephanie Wilson,49,Operations,Senior Developer,Seattle,72986.69,8391.75,2023-01-29,23,64.8,stephanie.wilson@company.com,(358) 631-9024,Active
EMP036074,Melissa,Martinez,Melissa Martinez,46,Legal,Director,Boston,94913.22,17870.23,2024-04-10,24,78.6,melissa.martinez@company.com,(964) 307-4581,Active
EMP036075,Lisa,Brown,Lisa Brown,43,Finance,Senior Developer,Los Angeles,79572.0,11684.47,2022-03-10,21,74.3,lisa.brown@company.com,(875) 419-5863,Active
EMP036076,John,Smith,John Smith,42,Sales,Specialist,San Francisco,59633.82,7430.4,2023-07-12,20,78.9,john.smith@company.com,(206) 390-1050,Active
EMP036077,Robert,Anderson,Robert Anderson,56,HR,Senior Developer,Boston,80762.42,8016.52,2020-08-28,33,78.0,robert.anderson@company.com,(883) 506-6938,Active
EMP036078,Stephanie,Brown,Stephanie Brown,52,Engineering,Coordinator,Austin,115493.24,6317.88,2023-11-04,30,47.9,stephanie.brown@company.com,(745) 207-5070,Active
EMP036079,Daniel,Jackson,Daniel Jackson,36,Marketing,Senior Developer,Miami,75361.19,8182.19,2023-05-17,7,77.4,daniel.jackson@company.com,(880) 580-2990,Active
EMP036080,Matthew,Moore,Matthew Moore,37,HR,Analyst,Miami,64707.42,1921.0,2022-10-06,12,82.5,matthew.moore@company.com,(244) 526-4384,Active
EMP036081,Nicole,Garcia,Nicole Garcia,48,Sales,Coordinator,New York,64258.45,1821.91,2023-09-30,21,65.5,nicole.garcia@company.com,(970) 586-1669,On Leave
EMP036082,Matthew,Gonzalez,Matthew Gonzalez,48,IT,Specialist,Los Angeles,80585.44,12674.5,2022-08-30,22,75.8,matthew.gonzalez@company.com,(469) 448-3366,Active
EMP036083,Emily,Taylor,Emily Taylor,61,Operations,Analyst,Boston,61312.11,2205.15,2023-06-01,35,69.2,emily.taylor@company.com,(231) 457-1894,Active
EMP036084,John,Hernandez,John Hernandez,36,Operations,Lead,Miami,80362.25,9744.44,2023-01-15,8,68.8,john.hernandez@company.com,(448) 364-8109,Inactive
EMP036085,Melissa,Wilson,Melissa Wilson,36,Finance,Director,Los Angeles,60433.33,5560.61,2023-12-03,13,74.7,melissa.wilson@company.com,(225) 216-1623,Active
EMP036086,Melissa,Brown,Melissa Brown,45,IT,Coordinator,Boston,119408.07,20948.93,2022-11-23,16,59.2,melissa.brown@company.com,(835) 204-8956,Inactive
EMP036087,James,Hernandez,James Hernandez,40,Sales,Analyst,Seattle,47443.78,4160.96,2023-07-30,11,55.1,james.hernandez@company.com,(483) 280-4684,Active
EMP036088,Ashley,Anderson,Ashley Anderson,30,Engineering,Director,Seattle,70453.03,9477.16,2023-10-06,4,98.8,ashley.anderson@company.com,(780) 760-4923,Inactive
EMP036089,John,Gonzalez,John Gonzalez,45,Legal,Director,New York,117754.12,10207.04,2020-06-11,20,74.0,john.gonzalez@company.com,(616) 740-7624,Active
EMP036090,Michael,Moore,Michael Moore,45,HR,Coordinator,Los Angeles,56227.7,8476.67,2021-06-22,22,75.0,michael.moore@company.com,(265) 224-1695,Active
EMP036091,David,Anderson,David Anderson,25,Finance,Coordinator,Boston,69646.17,13658.39,2021-11-21,3,54.2,david.anderson@company.com,(774) 769-9063,Active
EMP036092,Jessica,Jackson,Jessica Jackson,56,Finance,Director,Austin,42959.11,9112.32,2024-10-25,27,54.6,jessica.jackson@company.com,(433) 404-6790,On Leave
EMP036093,Matthew,Johnson,Matthew Johnson,31,Operations,Specialist,New York,56896.89,6940.92,2021-10-01,8,44.8,matthew.johnson@company.com,(851) 200-3870,Active
EMP036094,Amanda,Garcia,Amanda Garcia,23,Legal,Manager,Miami,89407.92,10636.02,2020-11-24,1,89.5,amanda.garcia@company.com,(781) 740-5554,Active
EMP036095,Emily,Lopez,Emily Lopez,47,Operations,Specialist,Austin,59153.25,11237.73,2024-03-30,25,98.0,emily.lopez@company.com,(976) 299-6342,Inactive
EMP036096,Robert,Williams,Robert Williams,27,Legal,Associate,Austin,85752.95,2750.65,2024-03-14,0,57.2,robert.williams@company.com,(606) 717-5496,Active
EMP036097,Melissa,Anderson,Melissa Anderson,50,Operations,Director,Boston,66519.24,5602.29,2021-12-29,22,65.0,melissa.anderson@company.com,(803) 892-1735,Active
EMP036098,Daniel,Rodriguez,Daniel Rodriguez,60,Sales,Senior Developer,San Francisco,72555.17,587.81,2023-09-15,38,80.5,daniel.rodriguez@company.com,(618) 304-1156,Active
EMP036099,Jessica,Jackson,Jessica Jackson,58,Operations,Coordinator,Miami,78158.6,9104.93,2020-06-29,36,87.4,jessica.jackson@company.com,(711) 640-6106,Active
EMP036100,Robert,Smith,Robert Smith,52,Engineering,Associate,Seattle,95893.64,12022.35,2021-11-09,29,65.0,robert.smith@company.com,(778) 607-7388,Active
EMP036101,Melissa,Johnson,Melissa Johnson,53,HR,Associate,Seattle,64380.25,10608.95,2022-04-28,24,81.9,melissa.johnson@company.com,(541) 907-2497,Active
EMP036102,John,Martin,John Martin,64,Marketing,Analyst,Seattle,91346.91,17618.48,2021-04-19,37,59.9,john.martin@company.com,(544) 283-6500,Active
EMP036103,Daniel,Johnson,Daniel Johnson,53,Sales,Specialist,Boston,111026.56,17106.04,2020-02-17,26,47.3,daniel.johnson@company.com,(725) 356-6844,Active
EMP036104,Matthew,Jones,Matthew Jones,55,Finance,Coordinator,Austin,74552.35,12531.11,2020-04-23,33,62.1,matthew.jones@company.com,(501) 716-1387,Active
EMP036105,Anthony,Lopez,Anthony Lopez,38,Marketing,Manager,San Francisco,38411.98,4713.11,2022-05-20,11,81.1,anthony.lopez@company.com,(409) 269-9837,Active
EMP036106,Amanda,Miller,Amanda Miller,32,HR,Associate,New York,68131.19,9305.4,2020-11-22,8,77.5,amanda.miller@company.com,(829) 818-6359,Active
EMP036107,Melissa,Gonzalez,Melissa Gonzalez,50,Sales,Senior Developer,Austin,59265.78,4456.71,2021-06-17,24,76.6,melissa.gonzalez@company.com,(817) 904-1313,Active
EMP036108,Amanda,Johnson,Amanda Johnson,34,Operations,Specialist,San Francisco,39012.19,2312.99,2022-04-02,9,72.8,amanda.johnson@company.com,(412) 895-2619,Active
EMP036109,David,Hernandez,David Hernandez,35,Marketing,Senior Developer,Chicago,54526.02,4339.53,2022-04-01,9,73.6,david.hernandez@company.com,(734) 420-8683,Active
EMP036110,Sarah,Martinez,Sarah Martinez,23,Marketing,Coordinator,Boston,53372.72,0.0,2022-07-19,0,74.6,sarah.martinez@company.com,(766) 867-6463,Active
EMP036111,Daniel,Miller,Daniel Miller,32,Finance,Coordinator,Miami,59165.79,0.0,2020-06-06,9,50.9,daniel.miller@company.com,(534) 318-8705,Active
EMP036112,Jane,Taylor,Jane Taylor,27,Operations,Specialist,Seattle,59450.98,9653.57,2023-04-26,1,55.3,jane.taylor@company.com,(470) 360-6511,Active
EMP036113,James,Anderson,James Anderson,26,IT,Analyst,Los Angeles,91450.5,2903.09,2023-12-19,4,76.6,james.anderson@company.com,(893) 686-9884,Active
EMP036114,Ashley,Lopez,Ashley Lopez,54,IT,Specialist,New York,91388.8,5760.47,2024-01-27,25,65.3,ashley.lopez@company.com,(584) 782-2269,Active
EMP036115,Melissa,Anderson,Melissa Anderson,64,Marketing,Analyst,San Francisco,68459.39,3329.54,2022-06-25,38,68.9,melissa.anderson@company.com,(863) 530-1901,Active
EMP036116,Nicole,Miller,Nicole Miller,29,Finance,Senior Developer,San Francisco,61653.04,7847.55,2020-11-13,2,56.4,nicole.miller@company.com,(614) 339-6270,Active
EMP036117,William,Garcia,William Garcia,29,Finance,Coordinator,Seattle,88412.11,10068.46,2024-03-18,2,78.1,william.garcia@company.com,(453) 342-7013,On Leave
EMP036118,Jessica,Brown,Jessica Brown,51,Sales,Specialist,Los Angeles,56650.39,5990.01,2023-03-28,28,79.0,jessica.brown@company.com,(963) 897-8407,Inactive
EMP036119,Robert,Anderson,Robert Anderson,52,HR,Analyst,Chicago,70759.32,9856.71,2023-10-01,23,65.7,robert.anderson@company.com,(732) 834-3834,Active
EMP036120,Matthew,Rodriguez,Matthew Rodriguez,28,HR,Director,San Francisco,44611.41,3930.46,2023-05-20,0,80.5,matthew.rodriguez@company.com,(633) 465-1307,Active
EMP036121,Nicole,Rodriguez,Nicole Rodriguez,29,Sales,Senior Developer,Los Angeles,65076.47,9310.42,2024-12-22,2,86.6,nicole.rodriguez@company.com,(657) 301-7857,Active
EMP036122,John,Anderson,John Anderson,44,IT,Manager,Miami,101744.41,21665.62,2020-09-27,16,100.0,john.anderson@company.com,(293) 580-6000,Active
EMP036123,John,Miller,John Miller,28,IT,Director,New York,75216.5,6003.3,2021-06-07,2,51.2,john.miller@company.com,(382) 840-9737,Active
EMP036124,Melissa,Martinez,Melissa Martinez,29,Operations,Senior Developer,Boston,59171.71,12765.31,2022-03-13,7,74.6,melissa.martinez@company.com,(918) 499-6925,Active
EMP036125,Matthew,Rodriguez,Matthew Rodriguez,48,Finance,Associate,San Francisco,73673.92,10356.39,2022-12-26,23,64.6,matthew.rodriguez@company.com,(526) 352-3573,Active
EMP036126,Michael,Taylor,Michael Taylor,37,Marketing,Specialist,San Francisco,91362.42,4532.17,2022-03-25,13,50.8,michael.taylor@company.com,(687) 953-8185,Active
EMP036127,Anthony,Wilson,Anthony Wilson,59,IT,Coordinator,San Francisco,116195.8,8676.51,2020-07-13,35,77.4,anthony.wilson@company.com,(753) 734-2806,Active
EMP036128,Lisa,Anderson,Lisa Anderson,49,Operations,Specialist,San Francisco,75331.84,12695.33,2020-09-07,23,90.7,lisa.anderson@company.com,(250) 369-6431,Active
EMP036129,John,Martin,John Martin,57,Engineering,Lead,Austin,128117.18,4210.27,2023-10-09,28,71.9,john.martin@company.com,(465) 900-7354,Inactive
EMP036130,Daniel,Jones,Daniel Jones,39,HR,Specialist,Austin,62228.65,10927.19,2020-03-23,11,62.9,daniel.jones@company.com,(919) 639-9143,Active
EMP036131,John,Wilson,John Wilson,32,Sales,Analyst,San Francisco,60336.35,5715.73,2023-02-08,7,48.5,john.wilson@company.com,(912) 441-4397,Active
EMP036132,David,Rodriguez,David Rodriguez,43,Operations,Lead,Miami,67592.31,4458.11,2020-11-25,15,82.3,david.rodriguez@company.com,(931) 922-8540,Active
EMP036133,Jessica,Miller,Jessica Miller,50,IT,Specialist,Boston,96665.05,4620.03,2024-01-22,23,71.8,jessica.miller@company.com,(930) 838-2835,Active
EMP036134,Amanda,Davis,Amanda Davis,26,Legal,Director,Seattle,56494.14,2786.78,2023-04-07,4,48.4,amanda.davis@company.com,(578) 748-9538,Active
EMP036135,Jane,Miller,Jane Miller,26,Sales,Analyst,Austin,53046.11,3730.5,2021-12-28,0,87.0,jane.miller@company.com,(273) 346-8581,Active
EMP036136,Michael,Brown,Michael Brown,46,Operations,Analyst,Boston,33004.8,1197.5,2022-02-20,24,85.9,michael.brown@company.com,(460) 865-1027,Active
EMP036137,Robert,Williams,Robert Williams,37,Operations,Coordinator,New York,76990.77,0.0,2022-11-18,10,54.0,robert.williams@company.com,(324) 261-4073,On Leave
EMP036138,Ashley,Johnson,Ashley Johnson,62,Finance,Manager,Los Angeles,99289.68,8240.77,2022-12-13,36,61.3,ashley.johnson@company.com,(706) 883-4693,Inactive
EMP036139,Robert,Jones,Robert Jones,29,Legal,Specialist,Los Angeles,89778.52,5025.99,2020-12-23,7,95.4,robert.jones@company.com,(786) 575-4577,Active
EMP036140,Anthony,Rodriguez,Anthony Rodriguez,35,IT,Director,Chicago,91528.87,9169.25,2021-10-17,6,62.0,anthony.rodriguez@company.com,(837) 467-8254,Active
EMP036141,David,Brown,David Brown,37,IT,Specialist,Chicago,73040.43,7973.06,2023-03-12,15,76.7,david.brown@company.com,(826) 734-5679,Active
EMP036142,Emily,Garcia,Emily Garcia,65,Operations,Coordinator,Austin,84752.06,7667.0,2023-04-14,41,95.4,emily.garcia@company.com,(491) 516-6302,Active
EMP036143,Stephanie,Jackson,Stephanie Jackson,41,HR,Senior Developer,Miami,73932.19,8503.66,2020-12-18,19,48.7,stephanie.jackson@company.com,(581) 799-2585,Active
EMP036144,Nicole,Jones,Nicole Jones,24,Legal,Senior Developer,Miami,42123.14,5602.14,2022-06-28,2,94.7,nicole.jones@company.com,(881) 671-7532,Active
EMP036145,Stephanie,Thomas,Stephanie Thomas,47,Finance,Specialist,Seattle,77472.23,10157.7,2020-03-25,22,81.8,stephanie.thomas@company.com,(853) 956-9301,Inactive
EMP036146,Sarah,Gonzalez,Sarah Gonzalez,47,Engineering,Associate,San Francisco,82702.69,9610.95,2023-10-12,23,66.3,sarah.gonzalez@company.com,(256) 514-4507,Active
EMP036147,Anthony,Jackson,Anthony Jackson,50,Finance,Senior Developer,Miami,96101.7,10098.79,2021-12-22,24,97.9,anthony.jackson@company.com,(258) 392-3386,Active
EMP036148,Stephanie,Smith,Stephanie Smith,24,HR,Director,Miami,78170.02,9333.75,2021-09-13,0,56.8,stephanie.smith@company.com,(906) 643-6584,On Leave
EMP036149,William,Thomas,William Thomas,23,Engineering,Director,Los Angeles,59569.0,10709.98,2021-07-19,0,98.2,william.thomas@company.com,(801) 447-6852,On Leave
EMP036150,John,Thomas,John Thomas,22,IT,Senior Developer,Seattle,74500.83,6569.11,2020-08-12,0,66.6,john.thomas@company.com,(322) 524-8066,Active
EMP036151,William,Smith,William Smith,42,Marketing,Manager,Chicago,55638.27,6642.67,2024-01-18,15,62.8,william.smith@company.com,(527) 985-3908,Active
EMP036152,Melissa,Jackson,Melissa Jackson,48,Marketing,Specialist,Austin,64593.86,4613.91,2020-02-20,21,65.3,melissa.jackson@company.com,(998) 444-2755,Active
EMP036153,Jane,Jackson,Jane Jackson,22,Engineering,Coordinator,Boston,44645.61,8955.77,2023-07-17,0,94.5,jane.jackson@company.com,(347) 276-1722,Active
EMP036154,Jessica,Anderson,Jessica Anderson,56,Operations,Senior Developer,New York,67699.34,8566.15,2021-02-21,29,80.4,jessica.anderson@company.com,(850) 539-7273,Inactive
EMP036155,David,Jones,David Jones,22,IT,Director,Seattle,58012.09,3226.13,2021-07-02,0,68.1,david.jones@company.com,(817) 495-7589,Active
EMP036156,Jane,Williams,Jane Williams,41,Operations,Associate,Boston,80846.13,6122.36,2022-11-22,13,62.0,jane.williams@company.com,(820) 943-6644,Active
EMP036157,William,Lopez,William Lopez,54,Marketing,Senior Developer,Chicago,55520.0,5909.4,2021-03-27,30,84.3,william.lopez@company.com,(881) 747-1977,Active
EMP036158,John,Hernandez,John Hernandez,36,Operations,Director,Miami,53692.15,10798.45,2020-05-28,14,76.0,john.hernandez@company.com,(557) 586-3924,Active
EMP036159,Sarah,Garcia,Sarah Garcia,56,Marketing,Director,San Francisco,57965.41,6387.07,2022-01-15,29,54.8,sarah.garcia@company.com,(891) 955-8661,Active
EMP036160,Amanda,Davis,Amanda Davis,38,Marketing,Associate,Austin,60768.31,9413.7,2020-10-20,13,64.8,amanda.davis@company.com,(941) 755-3822,Active
EMP036161,Jane,Thomas,Jane Thomas,64,Marketing,Senior Developer,Boston,97105.52,4582.05,2021-11-25,42,74.1,jane.thomas@company.com,(492) 820-9116,Active
EMP036162,Jessica,Lopez,Jessica Lopez,65,Sales,Director,Miami,89958.63,15419.09,2021-02-04,42,76.9,jessica.lopez@company.com,(683) 607-9966,Active
EMP036163,Emily,Jones,Emily Jones,27,Operations,Lead,New York,55961.48,9915.98,2024-12-26,2,60.6,emily.jones@company.com,(862) 676-8380,Inactive
EMP036164,Matthew,Jackson,Matthew Jackson,36,Operations,Associate,Chicago,50774.62,8974.42,2022-12-24,11,81.6,matthew.jackson@company.com,(939) 960-8304,Active
EMP036165,Matthew,Lopez,Matthew Lopez,36,Legal,Director,Los Angeles,88711.56,4074.95,2021-12-12,11,77.2,matthew.lopez@company.com,(760) 372-6936,Active
EMP036166,William,Davis,William Davis,65,Legal,Associate,Boston,122881.44,19145.44,2024-02-01,39,83.5,william.davis@company.com,(272) 889-9803,Active
EMP036167,Stephanie,Hernandez,Stephanie Hernandez,45,Engineering,Manager,New York,87791.83,8317.99,2024-03-14,18,73.6,stephanie.hernandez@company.com,(865) 810-7985,Active
EMP036168,William,Miller,William Miller,47,Marketing,Coordinator,Los Angeles,87628.45,6749.83,2021-08-04,23,79.2,william.miller@company.com,(889) 589-5640,Active
EMP036169,Melissa,Williams,Melissa Williams,65,HR,Analyst,Chicago,97737.71,4124.76,2020-12-05,40,100.0,melissa.williams@company.com,(248) 974-6888,Active
EMP036170,John,Moore,John Moore,34,Finance,Associate,San Francisco,74349.24,3285.65,2023-12-29,7,62.9,john.moore@company.com,(213) 463-7533,Active
EMP036171,Robert,Wilson,Robert Wilson,56,Legal,Director,New York,140302.76,23166.79,2023-03-17,31,76.9,robert.wilson@company.com,(227) 247-4972,Active
EMP036172,Jessica,Jackson,Jessica Jackson,30,IT,Coordinator,Boston,80202.0,13535.5,2022-07-14,6,61.7,jessica.jackson@company.com,(820) 312-9101,Active
EMP036173,Stephanie,Hernandez,Stephanie Hernandez,41,Legal,Director,Los Angeles,55940.6,6583.92,2023-03-19,16,69.0,stephanie.hernandez@company.com,(785) 833-3523,Inactive
EMP036174,Ashley,Thomas,Ashley Thomas,62,Legal,Lead,Miami,105197.28,15110.48,2022-05-30,37,92.1,ashley.thomas@company.com,(890) 899-4181,Active
EMP036175,Jane,Jackson,Jane Jackson,51,Legal,Analyst,Boston,102051.29,10091.07,2022-09-02,23,72.3,jane.jackson@company.com,(617) 628-4152,Active
EMP036176,Robert,Hernandez,Robert Hernandez,47,Sales,Specialist,Austin,94922.52,3154.7,2022-04-07,18,72.8,robert.hernandez@company.com,(596) 783-8192,On Leave
EMP036177,James,Wilson,James Wilson,62,Marketing,Analyst,San Francisco,93400.54,10864.7,2024-06-17,37,87.1,james.wilson@company.com,(857) 200-1283,Active
EMP036178,Melissa,Taylor,Melissa Taylor,52,Sales,Associate,Seattle,86644.08,10572.88,2021-04-02,27,62.9,melissa.taylor@company.com,(578) 899-6142,Inactive
EMP036179,Christopher,Martinez,Christopher Martinez,50,Marketing,Associate,Seattle,53079.41,8624.08,2024-05-20,27,72.5,christopher.martinez@company.com,(413) 252-4331,Active
EMP036180,Christopher,Brown,Christopher Brown,22,Finance,Lead,Miami,53778.3,0.0,2023-01-04,0,78.6,christopher.brown@company.com,(912) 225-1610,Active
EMP036181,William,Jackson,William Jackson,48,Finance,Associate,New York,104700.55,356.88,2024-04-08,20,76.2,william.jackson@company.com,(480) 508-1432,Active
EMP036182,Emily,Hernandez,Emily Hernandez,53,Sales,Coordinator,San Francisco,88909.26,3043.04,2020-04-14,30,80.4,emily.hernandez@company.com,(211) 791-3691,Inactive
EMP036183,Ashley,Hernandez,Ashley Hernandez,47,Marketing,Specialist,Boston,99287.51,4374.01,2020-07-26,18,54.2,ashley.hernandez@company.com,(927) 489-6338,Active
EMP036184,Jessica,Thomas,Jessica Thomas,57,Finance,Specialist,Seattle,87756.09,9437.38,2024-08-12,31,80.0,jessica.thomas@company.com,(843) 353-6471,Active
EMP036185,Jane,Brown,Jane Brown,65,IT,Director,Miami,121418.68,14422.62,2021-08-21,38,88.4,jane.brown@company.com,(464) 263-6632,Active
EMP036186,Sarah,Brown,Sarah Brown,48,Engineering,Senior Developer,Seattle,103189.93,9554.11,2022-09-12,20,49.9,sarah.brown@company.com,(758) 330-5261,Active
EMP036187,David,Hernandez,David Hernandez,34,Operations,Manager,New York,81801.09,9672.13,2021-03-08,11,71.7,david.hernandez@company.com,(559) 329-9598,Active
EMP036188,Sarah,Wilson,Sarah Wilson,42,HR,Specialist,San Francisco,53429.18,3939.32,2020-07-06,19,66.0,sarah.wilson@company.com,(455) 837-5229,Active
EMP036189,Amanda,Jones,Amanda Jones,33,Operations,Associate,Austin,54553.01,10123.23,2024-10-04,6,76.0,amanda.jones@company.com,(808) 958-6214,Active
EMP036190,Nicole,Anderson,Nicole Anderson,34,Operations,Analyst,Austin,59344.8,4418.1,2022-01-12,7,82.9,nicole.anderson@company.com,(613) 258-8370,Active
EMP036191,Melissa,Jones,Melissa Jones,29,Marketing,Associate,Chicago,60968.91,4090.09,2022-12-04,7,100.0,melissa.jones@company.com,(871) 321-3831,Active
EMP036192,Daniel,Martinez,Daniel Martinez,61,IT,Lead,Seattle,127614.87,13777.94,2023-08-23,36,79.7,daniel.martinez@company.com,(945) 303-3675,Active
EMP036193,Christopher,Moore,Christopher Moore,49,IT,Lead,New York,86168.5,3216.1,2021-09-25,27,60.0,christopher.moore@company.com,(772) 540-2152,Active
EMP036194,William,Hernandez,William Hernandez,50,Legal,Associate,San Francisco,90598.4,12479.86,2023-12-01,22,84.3,william.hernandez@company.com,(886) 677-7304,Active
EMP036195,Christopher,Johnson,Christopher Johnson,52,Operations,Analyst,New York,85643.49,4949.93,2024-12-04,25,83.9,christopher.johnson@company.com,(871) 610-8895,Active
EMP036196,Anthony,Lopez,Anthony Lopez,47,HR,Senior Developer,Boston,65308.9,2206.5,2020-08-15,24,61.8,anthony.lopez@company.com,(398) 201-2897,Active
EMP036197,Melissa,Taylor,Melissa Taylor,53,IT,Coordinator,Boston,117923.73,12884.03,2024-06-30,27,68.0,melissa.taylor@company.com,(347) 762-1592,Active
EMP036198,Anthony,Hernandez,Anthony Hernandez,57,Finance,Coordinator,Miami,98260.73,4583.19,2024-03-06,33,67.3,anthony.hernandez@company.com,(884) 371-9286,Active
EMP036199,Matthew,Taylor,Matthew Taylor,53,IT,Lead,San Francisco,125340.33,14825.44,2022-09-02,27,64.3,matthew.taylor@company.com,(964) 425-7762,Active
EMP036200,Christopher,Smith,Christopher Smith,37,Engineering,Director,Los Angeles,87359.53,3466.35,2023-06-23,8,85.3,christopher.smith@company.com,(641) 974-8505,Active
EMP036201,Michael,Garcia,Michael Garcia,34,Marketing,Specialist,Los Angeles,64422.07,2926.56,2024-04-28,10,78.8,michael.garcia@company.com,(608) 417-3774,Active
EMP036202,Stephanie,Thomas,Stephanie Thomas,58,HR,Manager,Austin,90255.94,10623.64,2023-06-21,33,83.6,stephanie.thomas@company.com,(386) 866-3630,Active
EMP036203,Michael,Wilson,Michael Wilson,41,Operations,Associate,Austin,56905.52,2179.69,2023-12-18,18,74.1,michael.wilson@company.com,(906) 602-9513,Active
EMP036204,Matthew,Gonzalez,Matthew Gonzalez,65,Operations,Director,Seattle,84047.39,12252.52,2024-05-29,38,72.4,matthew.gonzalez@company.com,(217) 432-9386,Active
EMP036205,Jessica,Gonzalez,Jessica Gonzalez,47,IT,Coordinator,San Francisco,94816.49,15199.7,2022-06-26,22,67.5,jessica.gonzalez@company.com,(344) 366-9480,Active
EMP036206,William,Thomas,William Thomas,27,Legal,Associate,New York,57869.33,6982.85,2020-09-11,0,78.3,william.thomas@company.com,(650) 865-1612,Inactive
EMP036207,John,Moore,John Moore,63,IT,Specialist,Seattle,123898.53,2581.64,2022-07-03,40,84.0,john.moore@company.com,(855) 362-6241,Active
EMP036208,Robert,Johnson,Robert Johnson,49,Legal,Senior Developer,Seattle,92962.14,6178.51,2023-12-17,20,66.8,robert.johnson@company.com,(954) 636-9488,Active
EMP036209,Daniel,Moore,Daniel Moore,50,HR,Manager,San Francisco,67425.09,12646.22,2020-09-17,23,87.1,daniel.moore@company.com,(811) 906-8953,Active
EMP036210,Amanda,Moore,Amanda Moore,36,Legal,Coordinator,Chicago,75714.2,3262.41,2023-10-31,8,59.6,amanda.moore@company.com,(477) 613-9631,Active
EMP036211,Nicole,Jones,Nicole Jones,59,HR,Coordinator,Austin,98516.05,9245.07,2023-02-14,33,65.8,nicole.jones@company.com,(380) 791-6589,Inactive
EMP036212,Daniel,Lopez,Daniel Lopez,29,Marketing,Senior Developer,Miami,43819.36,4060.08,2023-12-14,7,84.3,daniel.lopez@company.com,(389) 913-9542,Active
EMP036213,Lisa,Smith,Lisa Smith,30,IT,Director,Chicago,70109.17,7862.33,2022-07-11,6,90.0,lisa.smith@company.com,(855) 960-9318,Active
EMP036214,John,Lopez,John Lopez,35,Engineering,Director,San Francisco,51024.22,4268.9,2021-11-01,7,80.7,john.lopez@company.com,(343) 262-2057,Active
EMP036215,Daniel,Moore,Daniel Moore,43,IT,Associate,Chicago,95638.73,19352.19,2020-05-04,17,49.1,daniel.moore@company.com,(477) 929-6926,Active
EMP036216,William,Taylor,William Taylor,59,Marketing,Specialist,San Francisco,71487.51,5367.87,2024-12-05,37,65.3,william.taylor@company.com,(467) 926-2490,Active
EMP036217,Robert,Williams,Robert Williams,61,Finance,Manager,Boston,135585.75,18908.19,2023-08-02,33,49.2,robert.williams@company.com,(492) 288-3719,Active
EMP036218,Jessica,Rodriguez,Jessica Rodriguez,25,HR,Analyst,San Francisco,46269.18,8348.34,2021-11-09,1,55.9,jessica.rodriguez@company.com,(557) 854-5718,Inactive
EMP036219,Robert,Thomas,Robert Thomas,37,Engineering,Associate,New York,101286.61,12480.23,2022-09-21,13,77.0,robert.thomas@company.com,(286) 354-5042,Active
EMP036220,William,Wilson,William Wilson,32,Engineering,Specialist,Los Angeles,86472.62,6762.61,2024-03-01,4,93.4,william.wilson@company.com,(512) 514-2541,Active
EMP036221,David,Martinez,David Martinez,55,IT,Analyst,Boston,92509.14,8838.08,2023-07-08,32,84.0,david.martinez@company.com,(887) 311-2663,Active
EMP036222,Michael,Jones,Michael Jones,24,HR,Coordinator,Los Angeles,40977.61,5764.19,2020-07-10,0,82.4,michael.jones@company.com,(321) 366-5603,Active
EMP036223,Jane,Smith,Jane Smith,40,Operations,Specialist,Miami,66840.31,6728.19,2024-06-12,12,66.5,jane.smith@company.com,(521) 860-1326,Active
EMP036224,James,Garcia,James Garcia,29,HR,Specialist,Boston,55590.65,0.0,2024-11-05,7,90.2,james.garcia@company.com,(337) 883-1473,Active
EMP036225,Ashley,Hernandez,Ashley Hernandez,37,Sales,Lead,Seattle,39671.69,8541.43,2024-02-18,12,84.5,ashley.hernandez@company.com,(560) 512-6431,Active
EMP036226,Lisa,Taylor,Lisa Taylor,34,IT,Associate,Miami,81916.43,6759.49,2024-01-11,6,71.8,lisa.taylor@company.com,(936) 753-8691,Active
EMP036227,Lisa,Brown,Lisa Brown,33,Legal,Lead,San Francisco,94403.32,14309.75,2023-01-16,7,70.0,lisa.brown@company.com,(660) 587-2021,Active
EMP036228,Christopher,Rodriguez,Christopher Rodriguez,52,HR,Analyst,New York,70552.12,8310.09,2021-06-04,27,84.7,christopher.rodriguez@company.com,(381) 802-1368,Active
EMP036229,Sarah,Martin,Sarah Martin,36,Finance,Lead,New York,90652.28,7352.53,2023-05-27,13,62.7,sarah.martin@company.com,(720) 591-4295,Active
EMP036230,Stephanie,Taylor,Stephanie Taylor,45,Operations,Manager,Chicago,82099.18,4790.67,2024-04-20,19,80.2,stephanie.taylor@company.com,(733) 527-1707,Active
EMP036231,Emily,Martinez,Emily Martinez,52,Engineering,Specialist,Los Angeles,124584.92,8323.62,2022-12-03,25,85.1,emily.martinez@company.com,(955) 942-9137,Active
EMP036232,Jane,Hernandez,Jane Hernandez,34,Legal,Specialist,Chicago,112489.96,12474.52,2024-09-13,10,57.9,jane.hernandez@company.com,(266) 983-7207,Active
EMP036233,Robert,Jones,Robert Jones,35,Legal,Associate,Boston,76215.99,5403.33,2023-03-31,13,84.5,robert.jones@company.com,(803) 841-2259,Active
EMP036234,Jessica,Garcia,Jessica Garcia,50,Legal,Associate,Los Angeles,126476.46,7646.62,2022-04-17,22,78.6,jessica.garcia@company.com,(904) 511-7142,Active
EMP036235,Sarah,Johnson,Sarah Johnson,57,Sales,Associate,New York,117320.49,10434.75,2024-12-21,33,62.1,sarah.johnson@company.com,(553) 606-2987,Active
EMP036236,Matthew,Brown,Matthew Brown,53,Finance,Senior Developer,Miami,96542.63,0.0,2021-01-26,28,96.4,matthew.brown@company.com,(508) 227-1816,Active
EMP036237,Michael,Williams,Michael Williams,63,Sales,Lead,Seattle,76849.02,3015.68,2023-06-15,41,83.6,michael.williams@company.com,(384) 903-4494,Active
EMP036238,Emily,Wilson,Emily Wilson,40,Sales,Manager,New York,71023.82,5509.98,2020-05-05,18,40.5,emily.wilson@company.com,(495) 930-2620,Inactive
EMP036239,Sarah,Rodriguez,Sarah Rodriguez,42,IT,Associate,Miami,83371.57,9943.78,2023-10-07,13,64.3,sarah.rodriguez@company.com,(514) 717-1967,Active
EMP036240,Jessica,Martin,Jessica Martin,35,Engineering,Manager,Chicago,85268.81,12703.72,2021-09-09,12,55.0,jessica.martin@company.com,(854) 241-6038,Active
EMP036241,Robert,Johnson,Robert Johnson,45,Sales,Lead,Miami,53091.99,9834.07,2020-06-08,18,66.7,robert.johnson@company.com,(587) 404-9146,Active
EMP036242,Daniel,Johnson,Daniel Johnson,41,Legal,Analyst,Austin,71287.64,15991.63,2021-03-02,12,41.0,daniel.johnson@company.com,(515) 584-5332,Active
EMP036243,David,Miller,David Miller,64,Finance,Manager,Austin,98378.21,5383.07,2022-11-16,38,79.1,david.miller@company.com,(457) 520-8605,Active
EMP036244,Matthew,Hernandez,Matthew Hernandez,58,Operations,Manager,San Francisco,65887.72,6418.37,2023-04-22,32,59.0,matthew.hernandez@company.com,(823) 558-4127,Active
EMP036245,Stephanie,Davis,Stephanie Davis,41,Finance,Lead,Los Angeles,95729.15,10272.24,2022-09-07,12,63.2,stephanie.davis@company.com,(802) 221-6561,Active
EMP036246,Matthew,Garcia,Matthew Garcia,44,Sales,Director,Seattle,90309.47,7626.01,2023-06-25,19,100.0,matthew.garcia@company.com,(573) 748-1151,Active
EMP036247,Nicole,Jones,Nicole Jones,54,Sales,Lead,Miami,66297.1,10293.87,2021-09-08,25,65.3,nicole.jones@company.com,(569) 206-6778,Active
EMP036248,Lisa,Jones,Lisa Jones,44,Sales,Associate,Seattle,53419.46,7625.12,2022-01-22,17,71.5,lisa.jones@company.com,(774) 670-2468,Inactive
EMP036249,Jessica,Anderson,Jessica Anderson,46,Finance,Coordinator,New York,110553.35,18780.49,2022-01-04,22,88.1,jessica.anderson@company.com,(737) 753-9992,Active
EMP036250,Matthew,Garcia,Matthew Garcia,42,Sales,Associate,Miami,78795.29,9545.4,2022-12-04,16,63.5,matthew.garcia@company.com,(631) 753-3052,Active
EMP036251,Michael,Davis,Michael Davis,63,IT,Lead,Chicago,108680.05,11865.12,2021-10-25,37,79.6,michael.davis@company.com,(558) 766-7167,Active
EMP036252,Melissa,Martin,Melissa Martin,43,Engineering,Manager,New York,94418.13,12581.44,2021-02-12,16,66.7,melissa.martin@company.com,(288) 298-6101,Active
EMP036253,John,Johnson,John Johnson,34,Engineering,Analyst,Miami,82953.5,7508.24,2023-06-11,7,89.3,john.johnson@company.com,(913) 947-8532,Active
EMP036254,Ashley,Thomas,Ashley Thomas,45,Operations,Senior Developer,New York,55510.86,3003.22,2020-03-22,22,65.4,ashley.thomas@company.com,(236) 684-6777,Active
EMP036255,Sarah,Wilson,Sarah Wilson,59,IT,Manager,Austin,93331.33,12420.72,2022-10-20,31,96.1,sarah.wilson@company.com,(695) 241-8967,Active
EMP036256,Jessica,Rodriguez,Jessica Rodriguez,60,Marketing,Director,Boston,92334.48,11713.5,2021-08-27,35,60.8,jessica.rodriguez@company.com,(351) 570-5445,Active
EMP036257,Melissa,Martin,Melissa Martin,27,Engineering,Manager,Los Angeles,45533.94,3078.04,2021-03-24,2,79.8,melissa.martin@company.com,(361) 639-1764,Active
EMP036258,Michael,Williams,Michael Williams,30,IT,Associate,San Francisco,97803.5,8187.15,2023-05-26,6,55.9,michael.williams@company.com,(461) 947-3748,Active
EMP036259,Michael,Taylor,Michael Taylor,32,HR,Lead,San Francisco,49176.98,3180.71,2020-08-03,10,63.6,michael.taylor@company.com,(376) 759-7233,Active
EMP036260,Lisa,Miller,Lisa Miller,49,Marketing,Analyst,Chicago,78836.51,12694.32,2022-08-03,24,81.3,lisa.miller@company.com,(586) 802-3902,Inactive
EMP036261,William,Lopez,William Lopez,56,Sales,Analyst,San Francisco,94973.68,4712.36,2020-08-03,29,75.6,william.lopez@company.com,(340) 680-8244,Active
EMP036262,Daniel,Brown,Daniel Brown,55,HR,Specialist,Chicago,62133.21,7511.92,2023-12-09,30,69.6,daniel.brown@company.com,(639) 929-2310,Active
EMP036263,William,Miller,William Miller,60,Sales,Director,Boston,90690.61,426.4,2024-12-20,32,74.7,william.miller@company.com,(424) 602-9660,Inactive
EMP036264,Jane,Lopez,Jane Lopez,38,Operations,Associate,Austin,47970.06,3490.95,2021-10-03,11,83.8,jane.lopez@company.com,(474) 776-5260,Active
EMP036265,Lisa,Smith,Lisa Smith,37,Legal,Manager,Chicago,77100.47,13338.61,2020-02-10,11,59.6,lisa.smith@company.com,(525) 670-3272,Active
EMP036266,James,Gonzalez,James Gonzalez,52,HR,Senior Developer,Austin,68123.23,7837.2,2023-09-20,25,58.3,james.gonzalez@company.com,(503) 966-6978,Active
EMP036267,Matthew,Lopez,Matthew Lopez,46,Finance,Associate,San Francisco,70747.23,2077.11,2024-08-09,19,64.0,matthew.lopez@company.com,(292) 599-8541,Active
EMP036268,Anthony,Brown,Anthony Brown,22,Marketing,Director,Los Angeles,73736.98,10904.33,2022-09-03,0,77.7,anthony.brown@company.com,(657) 378-4573,Inactive
EMP036269,Anthony,Hernandez,Anthony Hernandez,55,Legal,Analyst,Chicago,119756.79,17343.25,2022-08-24,33,100.0,anthony.hernandez@company.com,(308) 248-1165,Active
EMP036270,Ashley,Williams,Ashley Williams,32,Sales,Coordinator,Los Angeles,62007.5,10303.13,2023-02-12,8,72.7,ashley.williams@company.com,(583) 952-4378,Active
EMP036271,Lisa,Anderson,Lisa Anderson,55,HR,Associate,New York,93338.53,13290.54,2021-01-02,33,74.7,lisa.anderson@company.com,(799) 787-2055,Active
EMP036272,Robert,Garcia,Robert Garcia,53,Engineering,Specialist,Miami,69125.64,7998.93,2020-10-06,25,47.9,robert.garcia@company.com,(999) 908-9870,Active
EMP036273,Anthony,Thomas,Anthony Thomas,26,Operations,Senior Developer,New York,66259.31,4654.54,2020-07-14,4,62.7,anthony.thomas@company.com,(868) 639-1583,Active
EMP036274,Stephanie,Gonzalez,Stephanie Gonzalez,32,Sales,Senior Developer,Austin,48613.59,4778.14,2022-01-29,4,63.0,stephanie.gonzalez@company.com,(753) 902-2680,Active
EMP036275,Anthony,Brown,Anthony Brown,54,Marketing,Senior Developer,New York,78985.15,13039.53,2024-02-02,28,67.8,anthony.brown@company.com,(585) 320-9384,Active
EMP036276,Christopher,Brown,Christopher Brown,50,Legal,Senior Developer,Seattle,84511.14,14447.83,2022-12-07,22,59.1,christopher.brown@company.com,(624) 740-8333,Inactive
EMP036277,Stephanie,Williams,Stephanie Williams,55,Sales,Lead,New York,80099.97,9225.59,2021-12-03,29,68.4,stephanie.williams@company.com,(486) 520-9026,Active
EMP036278,David,Jones,David Jones,54,Operations,Director,Austin,84677.87,8508.9,2020-03-28,25,85.4,david.jones@company.com,(231) 726-5822,Active
EMP036279,Robert,Martin,Robert Martin,36,Engineering,Associate,Chicago,97943.44,14655.95,2021-05-26,7,92.5,robert.martin@company.com,(739) 919-4576,Active
EMP036280,John,Moore,John Moore,50,Finance,Associate,Boston,82454.22,11740.76,2020-10-09,25,81.9,john.moore@company.com,(372) 602-5009,Active
EMP036281,Sarah,Taylor,Sarah Taylor,55,HR,Coordinator,Boston,59726.95,6666.43,2023-09-10,33,64.8,sarah.taylor@company.com,(925) 223-8033,Active
EMP036282,Nicole,Wilson,Nicole Wilson,65,Operations,Analyst,Seattle,86007.23,15201.5,2020-12-26,38,88.8,nicole.wilson@company.com,(920) 470-7482,Active
EMP036283,John,Martin,John Martin,27,Operations,Analyst,San Francisco,57057.04,180.41,2024-03-06,0,76.3,john.martin@company.com,(860) 607-1070,Active
EMP036284,David,Martin,David Martin,52,HR,Manager,Seattle,67377.5,6952.72,2022-03-17,27,71.2,david.martin@company.com,(405) 567-7556,Active
EMP036285,Lisa,Lopez,Lisa Lopez,62,HR,Manager,Austin,83500.53,9275.19,2021-03-31,36,89.4,lisa.lopez@company.com,(636) 467-8979,Active
EMP036286,Jessica,Thomas,Jessica Thomas,56,Marketing,Coordinator,San Francisco,84114.89,9101.29,2024-07-13,29,100.0,jessica.thomas@company.com,(235) 646-9357,Active
EMP036287,Ashley,Jones,Ashley Jones,56,HR,Manager,Boston,72148.17,12480.56,2022-05-17,30,60.3,ashley.jones@company.com,(526) 618-2525,Active
EMP036288,Robert,Jackson,Robert Jackson,53,Legal,Analyst,New York,99319.99,2693.86,2021-12-19,25,76.1,robert.jackson@company.com,(822) 238-4337,Active
EMP036289,David,Davis,David Davis,56,Finance,Director,Austin,87527.76,16943.87,2024-09-09,29,72.1,david.davis@company.com,(913) 996-2967,Active
EMP036290,Stephanie,Hernandez,Stephanie Hernandez,40,Finance,Manager,Chicago,55646.41,1835.07,2024-07-01,13,80.7,stephanie.hernandez@company.com,(574) 207-5832,Active
EMP036291,Nicole,Smith,Nicole Smith,39,Legal,Analyst,Austin,95310.98,21061.15,2022-11-18,12,95.6,nicole.smith@company.com,(538) 266-4127,Active
EMP036292,Amanda,Hernandez,Amanda Hernandez,23,HR,Specialist,Boston,62018.89,3445.59,2021-12-02,0,68.3,amanda.hernandez@company.com,(455) 337-5891,Inactive
EMP036293,John,Taylor,John Taylor,27,Finance,Senior Developer,San Francisco,55396.98,0.0,2021-07-08,0,73.5,john.taylor@company.com,(461) 237-6919,Active
EMP036294,Lisa,Johnson,Lisa Johnson,34,HR,Senior Developer,San Francisco,30053.47,2241.65,2024-04-08,8,88.1,lisa.johnson@company.com,(766) 935-1017,Inactive
EMP036295,Robert,Jones,Robert Jones,57,IT,Specialist,Chicago,111423.35,11895.09,2022-03-22,34,78.3,robert.jones@company.com,(730) 238-5825,Active
EMP036296,James,Hernandez,James Hernandez,61,Sales,Analyst,Austin,96587.43,11144.22,2021-12-26,39,94.5,james.hernandez@company.com,(830) 488-5875,Active
EMP036297,Sarah,Gonzalez,Sarah Gonzalez,40,IT,Analyst,Miami,91357.2,9194.94,2020-08-15,16,66.6,sarah.gonzalez@company.com,(224) 842-4341,On Leave
EMP036298,Jessica,Jones,Jessica Jones,62,Legal,Senior Developer,San Francisco,155927.75,7688.88,2024-01-01,34,55.1,jessica.jones@company.com,(949) 338-4638,Active
EMP036299,Christopher,Wilson,Christopher Wilson,22,Legal,Associate,Austin,44281.45,7724.38,2022-02-24,0,67.1,christopher.wilson@company.com,(519) 725-9874,Inactive
EMP036300,Christopher,Garcia,Christopher Garcia,42,Engineering,Analyst,Boston,77817.93,6128.69,2024-07-24,14,100.0,christopher.garcia@company.com,(794) 215-8282,Inactive
EMP036301,Amanda,Davis,Amanda Davis,65,HR,Analyst,Miami,83839.32,205.75,2024-12-22,40,57.3,amanda.davis@company.com,(718) 933-6437,Active
EMP036302,Nicole,Wilson,Nicole Wilson,49,Sales,Director,Los Angeles,59569.4,4039.16,2022-02-15,24,56.5,nicole.wilson@company.com,(412) 299-3639,Active
EMP036303,Lisa,Hernandez,Lisa Hernandez,50,Sales,Analyst,Austin,90139.27,11257.81,2023-10-06,27,58.0,lisa.hernandez@company.com,(669) 737-5507,Inactive
EMP036304,Matthew,Hernandez,Matthew Hernandez,55,Finance,Analyst,San Francisco,85964.04,14356.56,2021-06-23,33,70.0,matthew.hernandez@company.com,(847) 520-4259,Active
EMP036305,Daniel,Anderson,Daniel Anderson,50,Engineering,Analyst,Miami,104110.5,6563.33,2022-06-05,27,65.1,daniel.anderson@company.com,(969) 345-3616,Inactive
EMP036306,Sarah,Hernandez,Sarah Hernandez,43,IT,Associate,Seattle,125327.13,19401.67,2022-12-13,16,67.7,sarah.hernandez@company.com,(855) 387-1083,Active
EMP036307,Jane,Hernandez,Jane Hernandez,42,HR,Lead,Boston,59649.25,7780.73,2022-07-18,16,70.0,jane.hernandez@company.com,(907) 311-8631,Active
EMP036308,Sarah,Jackson,Sarah Jackson,57,Finance,Lead,Boston,104601.8,10046.21,2020-05-12,28,66.5,sarah.jackson@company.com,(378) 260-6964,Active
EMP036309,Ashley,Garcia,Ashley Garcia,56,HR,Director,Miami,97453.74,11416.76,2022-08-11,30,93.3,ashley.garcia@company.com,(752) 286-1273,Active
EMP036310,William,Hernandez,William Hernandez,25,Marketing,Associate,Austin,33887.39,1965.14,2023-12-21,2,100.0,william.hernandez@company.com,(236) 591-4680,Active
EMP036311,Matthew,Miller,Matthew Miller,32,Finance,Analyst,Seattle,44947.57,5349.68,2022-05-05,9,79.4,matthew.miller@company.com,(263) 517-3498,Active
EMP036312,John,Brown,John Brown,25,HR,Associate,New York,44741.91,2687.83,2023-09-24,0,68.9,john.brown@company.com,(863) 367-6762,Active
EMP036313,Amanda,Lopez,Amanda Lopez,29,Legal,Senior Developer,Miami,45548.37,74.54,2023-12-24,3,98.1,amanda.lopez@company.com,(393) 700-8813,Active
EMP036314,Daniel,Martin,Daniel Martin,61,Engineering,Analyst,New York,119135.53,10905.16,2022-04-12,34,76.6,daniel.martin@company.com,(466) 687-4829,Inactive
EMP036315,Ashley,Taylor,Ashley Taylor,30,Operations,Director,Miami,25500.0,773.23,2020-12-12,3,100.0,ashley.taylor@company.com,(312) 492-3540,Active
EMP036316,David,Moore,David Moore,25,HR,Director,Los Angeles,82835.09,6141.11,2022-07-13,0,79.3,david.moore@company.com,(887) 547-6923,Active
EMP036317,David,Taylor,David Taylor,38,Marketing,Director,Boston,62159.5,2723.24,2022-03-30,15,61.3,david.taylor@company.com,(525) 511-6555,Active
EMP036318,Lisa,Wilson,Lisa Wilson,49,IT,Senior Developer,New York,87957.12,10295.0,2024-12-06,26,80.9,lisa.wilson@company.com,(664) 635-8147,Active
EMP036319,Robert,Jackson,Robert Jackson,43,Sales,Specialist,Miami,83683.71,11937.62,2020-02-09,19,45.3,robert.jackson@company.com,(826) 791-4881,Active
EMP036320,Sarah,Williams,Sarah Williams,51,Engineering,Specialist,Boston,119960.96,15818.24,2020-07-27,24,65.6,sarah.williams@company.com,(354) 976-3291,Active
EMP036321,Christopher,Rodriguez,Christopher Rodriguez,44,IT,Senior Developer,New York,92352.87,2487.83,2023-04-08,16,80.9,christopher.rodriguez@company.com,(238) 974-6462,Active
EMP036322,Anthony,Martinez,Anthony Martinez,44,IT,Specialist,Miami,102207.76,19791.07,2020-10-01,18,74.3,anthony.martinez@company.com,(617) 784-9060,Active
EMP036323,William,Wilson,William Wilson,65,IT,Senior Developer,Austin,104254.45,13438.84,2020-10-03,37,88.2,william.wilson@company.com,(679) 380-1905,Active
EMP036324,Lisa,Miller,Lisa Miller,28,Operations,Associate,Boston,32127.37,2650.7,2020-08-25,3,52.8,lisa.miller@company.com,(691) 866-6794,Active
EMP036325,James,Martinez,James Martinez,63,Finance,Director,San Francisco,94400.86,20259.5,2023-06-09,37,70.4,james.martinez@company.com,(954) 471-6012,Active
EMP036326,Emily,Hernandez,Emily Hernandez,24,Legal,Director,Seattle,134664.69,22601.84,2024-10-26,0,76.5,emily.hernandez@company.com,(616) 494-3344,Active
EMP036327,Robert,Lopez,Robert Lopez,64,Operations,Specialist,Los Angeles,85597.97,16091.58,2020-01-13,41,90.3,robert.lopez@company.com,(944) 247-5219,Active
EMP036328,John,Anderson,John Anderson,34,Legal,Coordinator,Miami,49001.08,5834.37,2024-08-26,6,59.9,john.anderson@company.com,(896) 242-4554,Active
EMP036329,Melissa,Jackson,Melissa Jackson,63,Finance,Manager,San Francisco,86456.94,14634.26,2021-09-05,35,86.6,melissa.jackson@company.com,(440) 966-4097,Active
EMP036330,Emily,Wilson,Emily Wilson,65,IT,Analyst,Chicago,75873.02,12489.11,2023-09-14,37,63.7,emily.wilson@company.com,(705) 653-1179,Active
EMP036331,Anthony,Lopez,Anthony Lopez,45,Marketing,Associate,Austin,102507.15,15415.23,2020-01-14,21,93.1,anthony.lopez@company.com,(733) 318-5542,Active
EMP036332,Lisa,Wilson,Lisa Wilson,42,Marketing,Specialist,San Francisco,95905.32,8496.67,2023-11-08,19,83.2,lisa.wilson@company.com,(666) 209-7110,Active
EMP036333,Michael,Jones,Michael Jones,47,Marketing,Associate,San Francisco,87514.92,8897.31,2020-06-01,25,64.7,michael.jones@company.com,(853) 287-4747,Active
EMP036334,Michael,Jackson,Michael Jackson,30,HR,Director,Austin,60446.41,4991.15,2023-01-13,8,100.0,michael.jackson@company.com,(796) 661-6414,Active
EMP036335,Sarah,Garcia,Sarah Garcia,44,IT,Manager,Los Angeles,87527.06,4732.14,2021-01-27,18,81.5,sarah.garcia@company.com,(390) 608-2292,Active
EMP036336,Emily,Hernandez,Emily Hernandez,26,Marketing,Coordinator,San Francisco,54093.95,1799.08,2020-11-01,0,61.1,emily.hernandez@company.com,(956) 332-5125,Active
EMP036337,William,Martinez,William Martinez,24,Operations,Specialist,San Francisco,58025.92,5089.59,2022-01-12,0,86.3,william.martinez@company.com,(434) 526-9989,Active
EMP036338,Ashley,Smith,Ashley Smith,57,Finance,Lead,Chicago,92999.39,16319.41,2021-10-08,29,86.7,ashley.smith@company.com,(891) 281-3619,Active
EMP036339,Christopher,Williams,Christopher Williams,65,HR,Specialist,San Francisco,67670.3,4206.56,2022-09-24,37,60.0,christopher.williams@company.com,(979) 204-8405,Active
EMP036340,Amanda,Taylor,Amanda Taylor,25,Sales,Manager,Chicago,68642.08,7514.87,2020-10-04,2,55.4,amanda.taylor@company.com,(445) 747-3764,Active
EMP036341,Melissa,Taylor,Melissa Taylor,46,IT,Manager,Miami,54886.07,7824.04,2024-08-31,17,88.4,melissa.taylor@company.com,(225) 377-4512,On Leave
EMP036342,James,Garcia,James Garcia,50,Legal,Specialist,Austin,118081.19,15698.98,2021-03-20,27,92.5,james.garcia@company.com,(560) 764-4046,Active
EMP036343,Anthony,Davis,Anthony Davis,37,Legal,Director,Boston,108200.22,15294.39,2022-02-19,10,95.0,anthony.davis@company.com,(547) 623-5601,Active
EMP036344,Jane,Rodriguez,Jane Rodriguez,28,HR,Specialist,New York,31219.34,896.01,2022-09-09,0,77.1,jane.rodriguez@company.com,(879) 962-5818,Active
EMP036345,Sarah,Davis,Sarah Davis,62,IT,Senior Developer,Los Angeles,111548.51,11180.51,2021-05-14,39,61.5,sarah.davis@company.com,(809) 595-2518,Active
EMP036346,Jessica,Johnson,Jessica Johnson,28,Sales,Lead,Boston,64098.24,10035.28,2021-09-23,2,61.1,jessica.johnson@company.com,(210) 979-5204,Active
EMP036347,Stephanie,Gonzalez,Stephanie Gonzalez,22,Sales,Specialist,Boston,64470.34,7305.17,2022-03-24,0,60.5,stephanie.gonzalez@company.com,(965) 639-2368,Active
EMP036348,Robert,Anderson,Robert Anderson,34,Legal,Coordinator,San Francisco,77495.17,9662.87,2021-03-07,12,53.1,robert.anderson@company.com,(689) 552-3222,Active
EMP036349,James,Martin,James Martin,32,Engineering,Manager,Miami,69605.91,4520.37,2022-05-04,9,51.4,james.martin@company.com,(957) 617-6151,On Leave
EMP036350,Daniel,Thomas,Daniel Thomas,47,IT,Manager,Seattle,84302.73,12553.16,2021-03-02,23,94.5,daniel.thomas@company.com,(475) 395-7716,Active
EMP036351,Matthew,Moore,Matthew Moore,54,Finance,Coordinator,Boston,94210.94,4932.93,2020-03-13,30,73.6,matthew.moore@company.com,(327) 413-8786,Active
EMP036352,Ashley,Gonzalez,Ashley Gonzalez,62,Engineering,Senior Developer,Austin,155805.77,32705.19,2021-11-13,39,62.2,ashley.gonzalez@company.com,(586) 546-1281,On Leave
EMP036353,Lisa,Miller,Lisa Miller,52,Sales,Senior Developer,Chicago,72549.24,6120.21,2024-07-08,25,90.5,lisa.miller@company.com,(849) 284-2411,Active
EMP036354,John,Johnson,John Johnson,47,Operations,Director,New York,55396.52,4183.95,2020-10-22,20,46.6,john.johnson@company.com,(769) 220-5997,Active
EMP036355,Robert,Garcia,Robert Garcia,38,Operations,Lead,Seattle,59999.25,6012.29,2022-06-14,11,100.0,robert.garcia@company.com,(639) 506-4405,Active
EMP036356,Jane,Smith,Jane Smith,41,Engineering,Specialist,Seattle,76363.87,13578.27,2020-07-16,19,71.7,jane.smith@company.com,(886) 681-4681,Active
EMP036357,James,Hernandez,James Hernandez,36,Sales,Analyst,Miami,58902.05,7759.45,2020-04-10,8,72.4,james.hernandez@company.com,(443) 528-6256,Active
EMP036358,Daniel,Hernandez,Daniel Hernandez,50,Marketing,Specialist,Austin,83755.73,11890.28,2021-02-15,25,81.5,daniel.hernandez@company.com,(788) 547-4392,Active
EMP036359,Jessica,Thomas,Jessica Thomas,62,Finance,Coordinator,Chicago,81477.76,5808.61,2020-01-24,36,60.7,jessica.thomas@company.com,(927) 972-7330,Active
EMP036360,Stephanie,Garcia,Stephanie Garcia,32,Engineering,Lead,San Francisco,76808.94,7263.78,2024-08-04,5,73.6,stephanie.garcia@company.com,(573) 660-7690,Active
EMP036361,Daniel,Wilson,Daniel Wilson,34,HR,Coordinator,Miami,58295.24,4760.55,2022-03-17,9,76.0,daniel.wilson@company.com,(656) 909-9681,Active
EMP036362,Anthony,Hernandez,Anthony Hernandez,49,Legal,Analyst,Chicago,100027.02,8983.08,2024-10-08,21,79.9,anthony.hernandez@company.com,(540) 979-5869,Active
EMP036363,David,Brown,David Brown,38,Sales,Lead,Boston,80755.44,5380.97,2023-03-25,12,85.7,david.brown@company.com,(847) 493-2906,Active
EMP036364,Jessica,Moore,Jessica Moore,63,IT,Coordinator,Miami,99782.85,3711.18,2022-11-17,34,89.3,jessica.moore@company.com,(583) 448-9480,Active
EMP036365,Ashley,Garcia,Ashley Garcia,65,Sales,Specialist,Miami,88786.5,8898.83,2022-08-21,42,87.3,ashley.garcia@company.com,(462) 851-6496,Active
EMP036366,Lisa,Anderson,Lisa Anderson,39,Marketing,Manager,Boston,45789.6,298.91,2022-01-01,11,85.2,lisa.anderson@company.com,(640) 338-4254,Active
EMP036367,Michael,Thomas,Michael Thomas,40,Operations,Lead,San Francisco,47343.14,3488.41,2020-12-25,13,49.8,michael.thomas@company.com,(382) 879-8371,Active
EMP036368,John,Thomas,John Thomas,22,Engineering,Analyst,Seattle,83637.86,3731.03,2024-05-15,0,82.4,john.thomas@company.com,(833) 335-8668,Inactive
EMP036369,John,Gonzalez,John Gonzalez,55,Finance,Lead,Boston,97220.79,18204.63,2024-01-28,30,89.1,john.gonzalez@company.com,(334) 396-3188,Inactive
EMP036370,David,Brown,David Brown,50,Engineering,Associate,Los Angeles,99078.09,10898.41,2021-10-20,23,79.5,david.brown@company.com,(678) 332-9327,Active
EMP036371,Melissa,Rodriguez,Melissa Rodriguez,57,Legal,Senior Developer,San Francisco,106953.21,22448.44,2020-05-18,28,87.0,melissa.rodriguez@company.com,(887) 568-9223,Active
EMP036372,John,Davis,John Davis,29,Legal,Analyst,Boston,52742.93,4281.95,2024-11-24,0,95.3,john.davis@company.com,(210) 494-4632,Active
EMP036373,Jane,Wilson,Jane Wilson,56,HR,Coordinator,Los Angeles,68956.83,8171.41,2023-12-30,29,100.0,jane.wilson@company.com,(978) 243-8178,Active
EMP036374,Jessica,Taylor,Jessica Taylor,28,HR,Analyst,Chicago,43960.6,0.0,2020-11-17,0,84.8,jessica.taylor@company.com,(254) 454-1549,Active
EMP036375,Jane,Anderson,Jane Anderson,56,Sales,Specialist,Austin,91488.19,11430.29,2021-01-13,29,59.4,jane.anderson@company.com,(378) 691-8821,Active
EMP036376,David,Davis,David Davis,64,Sales,Manager,Miami,94620.99,6887.95,2021-08-11,38,65.8,david.davis@company.com,(466) 650-8442,Active
EMP036377,Jessica,Hernandez,Jessica Hernandez,37,IT,Manager,San Francisco,90341.48,7924.96,2020-11-22,11,65.5,jessica.hernandez@company.com,(368) 880-1291,Active
EMP036378,David,Martinez,David Martinez,63,Operations,Manager,Miami,77128.73,5340.35,2024-11-05,38,60.4,david.martinez@company.com,(301) 227-1379,Active
EMP036379,Amanda,Smith,Amanda Smith,29,Marketing,Analyst,Miami,71473.45,10694.12,2020-09-18,3,66.8,amanda.smith@company.com,(433) 713-6323,Active
EMP036380,Christopher,Taylor,Christopher Taylor,39,Legal,Director,San Francisco,97432.05,15657.65,2020-05-19,15,66.4,christopher.taylor@company.com,(836) 584-4738,Active
EMP036381,Amanda,Smith,Amanda Smith,24,IT,Associate,Miami,62896.44,3346.8,2020-04-03,0,85.1,amanda.smith@company.com,(833) 263-8261,Active
EMP036382,Stephanie,Smith,Stephanie Smith,34,HR,Manager,Chicago,42740.07,4992.12,2020-12-17,6,75.2,stephanie.smith@company.com,(352) 398-5270,Active
EMP036383,Melissa,Brown,Melissa Brown,36,IT,Associate,Boston,88429.36,15038.87,2021-07-27,9,66.8,melissa.brown@company.com,(469) 226-9058,Active
EMP036384,Nicole,Wilson,Nicole Wilson,57,Finance,Senior Developer,San Francisco,71421.57,7342.37,2024-11-14,35,100.0,nicole.wilson@company.com,(345) 348-9028,Active
EMP036385,Robert,Williams,Robert Williams,42,Finance,Coordinator,Chicago,91692.39,8767.89,2021-09-02,13,59.1,robert.williams@company.com,(371) 314-4481,Active
EMP036386,William,Garcia,William Garcia,65,Operations,Specialist,Seattle,70485.34,12207.58,2020-08-19,38,64.9,william.garcia@company.com,(374) 676-7495,Active
EMP036387,Robert,Taylor,Robert Taylor,33,Engineering,Specialist,San Francisco,101897.53,14355.47,2024-12-14,6,45.1,robert.taylor@company.com,(546) 456-8288,Active
EMP036388,Jane,Moore,Jane Moore,29,Operations,Specialist,Austin,38175.45,3008.04,2022-05-07,4,80.9,jane.moore@company.com,(307) 482-5488,Active
EMP036389,David,Hernandez,David Hernandez,44,Engineering,Specialist,Los Angeles,106812.61,3336.18,2023-07-08,15,96.1,david.hernandez@company.com,(529) 476-5753,Active
EMP036390,David,Moore,David Moore,23,Engineering,Analyst,Boston,74834.43,9062.76,2020-03-12,0,67.9,david.moore@company.com,(477) 282-9396,Active
EMP036391,William,Wilson,William Wilson,26,Marketing,Director,New York,35075.62,2442.96,2020-10-22,0,87.3,william.wilson@company.com,(238) 905-4229,Active
EMP036392,Robert,Brown,Robert Brown,55,Sales,Coordinator,San Francisco,76175.08,10007.56,2021-03-16,29,65.9,robert.brown@company.com,(877) 297-4703,Inactive
EMP036393,William,Wilson,William Wilson,59,Sales,Analyst,Austin,97044.87,4640.58,2020-11-16,35,72.1,william.wilson@company.com,(931) 591-4345,Inactive
EMP036394,Jane,Miller,Jane Miller,56,Legal,Specialist,Seattle,120347.58,19505.64,2021-10-27,32,82.8,jane.miller@company.com,(828) 908-6389,Active
EMP036395,Sarah,Moore,Sarah Moore,46,Engineering,Specialist,Boston,96397.29,8451.43,2021-04-11,18,63.6,sarah.moore@company.com,(740) 813-3470,Inactive
EMP036396,David,Taylor,David Taylor,30,Engineering,Coordinator,Boston,96124.05,10502.61,2020-03-22,5,85.5,david.taylor@company.com,(221) 453-9159,Active
EMP036397,Daniel,Taylor,Daniel Taylor,42,HR,Coordinator,Austin,59679.95,5250.42,2021-06-28,18,96.9,daniel.taylor@company.com,(476) 799-8389,Active
EMP036398,William,Miller,William Miller,36,Operations,Director,Boston,51142.85,5342.25,2023-06-13,14,78.7,william.miller@company.com,(613) 767-2451,Active
EMP036399,Michael,Taylor,Michael Taylor,52,Legal,Analyst,Chicago,94040.59,8314.67,2024-05-26,27,75.8,michael.taylor@company.com,(376) 395-7058,Active
EMP036400,Amanda,Garcia,Amanda Garcia,35,Sales,Manager,Boston,56292.62,1980.81,2024-07-20,9,87.9,amanda.garcia@company.com,(335) 262-3089,Inactive
EMP036401,Nicole,Jones,Nicole Jones,59,Marketing,Analyst,Seattle,85197.61,3730.72,2021-11-25,32,69.2,nicole.jones@company.com,(205) 977-9654,Active
EMP036402,Lisa,Johnson,Lisa Johnson,22,IT,Specialist,Austin,71168.13,7196.82,2021-09-06,0,94.7,lisa.johnson@company.com,(908) 939-5918,Active
EMP036403,Sarah,Brown,Sarah Brown,62,Engineering,Manager,Miami,92530.12,5624.57,2024-05-17,37,93.3,sarah.brown@company.com,(618) 410-5466,Active
EMP036404,Daniel,Martin,Daniel Martin,32,HR,Coordinator,Chicago,72661.96,10675.52,2024-08-02,10,91.1,daniel.martin@company.com,(285) 373-9173,Active
EMP036405,Ashley,Taylor,Ashley Taylor,63,Finance,Director,New York,92335.2,11885.53,2023-12-28,39,70.5,ashley.taylor@company.com,(408) 472-4478,Active
EMP036406,Anthony,Hernandez,Anthony Hernandez,33,Marketing,Manager,Los Angeles,100470.72,8544.77,2021-10-01,6,100.0,anthony.hernandez@company.com,(447) 231-2321,Active
EMP036407,Nicole,Hernandez,Nicole Hernandez,61,Operations,Coordinator,Boston,76505.98,5881.25,2022-10-12,34,72.2,nicole.hernandez@company.com,(468) 856-4961,Active
EMP036408,David,Jones,David Jones,49,Marketing,Manager,San Francisco,70246.6,12329.27,2024-10-18,22,100.0,david.jones@company.com,(539) 820-3970,Active
EMP036409,Ashley,Brown,Ashley Brown,48,Finance,Lead,Miami,64797.18,6020.49,2024-08-03,24,87.9,ashley.brown@company.com,(547) 872-4620,Active
EMP036410,Sarah,Lopez,Sarah Lopez,53,IT,Director,San Francisco,132084.15,25562.97,2023-07-14,31,89.0,sarah.lopez@company.com,(462) 291-2940,Active
EMP036411,David,Taylor,David Taylor,28,Finance,Director,New York,77320.54,0.0,2023-05-04,6,76.5,david.taylor@company.com,(658) 683-1163,Active
EMP036412,Christopher,Wilson,Christopher Wilson,32,Operations,Coordinator,Chicago,50349.4,250.86,2023-08-16,10,66.9,christopher.wilson@company.com,(689) 416-2536,Active
EMP036413,Stephanie,Garcia,Stephanie Garcia,63,HR,Coordinator,Austin,107645.97,4061.37,2023-12-19,39,78.8,stephanie.garcia@company.com,(970) 800-6959,Active
EMP036414,Lisa,Brown,Lisa Brown,39,IT,Manager,Chicago,72982.21,5875.54,2023-08-31,15,64.3,lisa.brown@company.com,(597) 563-7764,Active
EMP036415,Amanda,Jackson,Amanda Jackson,33,Sales,Associate,New York,57606.05,7486.3,2021-12-17,6,87.1,amanda.jackson@company.com,(222) 295-2910,Active
EMP036416,Melissa,Jackson,Melissa Jackson,53,IT,Director,Austin,86028.03,10244.8,2022-08-25,24,94.0,melissa.jackson@company.com,(404) 263-3326,Active
EMP036417,Anthony,Smith,Anthony Smith,24,Finance,Manager,Boston,74053.79,8320.58,2022-04-23,1,72.7,anthony.smith@company.com,(574) 522-1018,Inactive
EMP036418,Emily,Johnson,Emily Johnson,39,HR,Coordinator,Boston,68407.75,9950.17,2021-09-03,12,73.7,emily.johnson@company.com,(874) 631-1000,Active
EMP036419,Ashley,Thomas,Ashley Thomas,30,Marketing,Lead,Los Angeles,65101.48,9260.5,2021-07-12,1,82.4,ashley.thomas@company.com,(706) 671-6264,On Leave
EMP036420,James,Lopez,James Lopez,42,Marketing,Specialist,Boston,80339.46,15367.72,2024-06-20,16,70.0,james.lopez@company.com,(769) 411-9130,Active
EMP036421,Michael,Rodriguez,Michael Rodriguez,22,Legal,Associate,Seattle,90471.32,13131.93,2024-01-31,0,53.9,michael.rodriguez@company.com,(468) 695-2414,Active
EMP036422,Daniel,Brown,Daniel Brown,30,Finance,Lead,Miami,77104.69,11118.87,2021-03-02,3,50.2,daniel.brown@company.com,(695) 445-5225,Inactive
EMP036423,Sarah,Miller,Sarah Miller,58,Operations,Lead,Seattle,67064.2,6364.76,2024-11-30,35,63.0,sarah.miller@company.com,(354) 836-8669,Active
EMP036424,Lisa,Jones,Lisa Jones,37,HR,Lead,Seattle,52717.16,5155.27,2020-04-21,11,73.8,lisa.jones@company.com,(946) 614-2280,Active
EMP036425,John,Williams,John Williams,37,IT,Manager,Chicago,103120.25,5640.65,2020-07-12,12,71.0,john.williams@company.com,(896) 928-7632,Active
EMP036426,Nicole,Jackson,Nicole Jackson,46,HR,Senior Developer,Seattle,52236.62,5428.62,2024-12-30,22,53.3,nicole.jackson@company.com,(435) 214-9856,Active
EMP036427,Daniel,Moore,Daniel Moore,31,IT,Coordinator,Miami,105177.66,7331.78,2022-03-08,3,83.7,daniel.moore@company.com,(888) 540-9746,Active
EMP036428,Christopher,Williams,Christopher Williams,45,Marketing,Coordinator,Seattle,74098.37,5329.29,2024-07-22,20,71.0,christopher.williams@company.com,(583) 713-4809,Active
EMP036429,William,Jackson,William Jackson,54,HR,Coordinator,San Francisco,83530.38,11161.09,2022-11-25,26,95.9,william.jackson@company.com,(576) 920-2863,Active
EMP036430,Matthew,Taylor,Matthew Taylor,30,Operations,Manager,Seattle,42267.04,4331.13,2023-09-03,2,62.8,matthew.taylor@company.com,(486) 418-2681,Active
EMP036431,Ashley,Smith,Ashley Smith,53,Engineering,Senior Developer,Austin,121232.65,18370.18,2023-09-03,27,77.1,ashley.smith@company.com,(749) 725-2946,Active
EMP036432,Ashley,Thomas,Ashley Thomas,65,Finance,Associate,Miami,83967.69,7610.15,2023-12-14,39,74.1,ashley.thomas@company.com,(980) 824-2474,Active
EMP036433,Ashley,Lopez,Ashley Lopez,63,Finance,Director,Los Angeles,118670.24,8982.44,2023-04-16,41,96.0,ashley.lopez@company.com,(502) 600-1302,Active
EMP036434,Matthew,Lopez,Matthew Lopez,63,Marketing,Director,Los Angeles,93354.4,7967.6,2023-10-25,37,71.4,matthew.lopez@company.com,(879) 889-9933,Active
EMP036435,Daniel,Moore,Daniel Moore,32,Legal,Senior Developer,Boston,106953.99,1737.17,2023-07-23,3,84.6,daniel.moore@company.com,(927) 982-1133,Active
EMP036436,Jane,Garcia,Jane Garcia,43,IT,Manager,Los Angeles,70920.94,4495.99,2021-07-12,15,82.5,jane.garcia@company.com,(703) 668-6330,Active
EMP036437,Christopher,Garcia,Christopher Garcia,40,IT,Manager,Austin,105869.19,10761.9,2024-04-25,15,58.6,christopher.garcia@company.com,(402) 388-7133,Active
EMP036438,Anthony,Garcia,Anthony Garcia,43,Marketing,Specialist,Los Angeles,57180.51,4265.16,2024-07-05,16,79.9,anthony.garcia@company.com,(248) 836-9088,Active
EMP036439,Emily,Lopez,Emily Lopez,65,Sales,Lead,New York,90936.84,5108.59,2024-08-03,42,82.4,emily.lopez@company.com,(429) 243-1988,Active
EMP036440,Stephanie,Rodriguez,Stephanie Rodriguez,27,Legal,Lead,Chicago,45543.07,5056.91,2022-02-18,4,73.3,stephanie.rodriguez@company.com,(532) 580-6138,Inactive
EMP036441,Matthew,Gonzalez,Matthew Gonzalez,44,Marketing,Coordinator,Los Angeles,81651.13,15633.14,2023-01-31,16,54.4,matthew.gonzalez@company.com,(468) 235-9729,Active
EMP036442,Ashley,Smith,Ashley Smith,29,Sales,Coordinator,Seattle,57595.87,6104.25,2024-08-20,3,80.0,ashley.smith@company.com,(314) 673-5288,Active
EMP036443,Jane,Anderson,Jane Anderson,61,HR,Specialist,Miami,101720.82,17792.61,2024-04-16,35,74.9,jane.anderson@company.com,(369) 620-7947,Active
EMP036444,David,Johnson,David Johnson,44,Engineering,Manager,Chicago,114123.27,6454.23,2023-12-29,21,70.1,david.johnson@company.com,(215) 598-2818,Active
EMP036445,Christopher,Williams,Christopher Williams,45,Sales,Coordinator,Boston,71821.94,7427.21,2024-07-31,22,74.1,christopher.williams@company.com,(498) 587-5632,Active
EMP036446,Amanda,Rodriguez,Amanda Rodriguez,49,IT,Specialist,New York,72160.49,3423.4,2022-03-29,23,94.4,amanda.rodriguez@company.com,(567) 605-1152,Active
EMP036447,Michael,Brown,Michael Brown,30,Operations,Analyst,Austin,57039.64,7750.64,2020-04-03,2,68.9,michael.brown@company.com,(837) 649-2156,Active
EMP036448,Jessica,Martinez,Jessica Martinez,51,Operations,Analyst,Miami,64733.89,8705.83,2024-01-10,29,80.9,jessica.martinez@company.com,(397) 569-9187,Active
EMP036449,William,Rodriguez,William Rodriguez,64,Marketing,Manager,Los Angeles,80101.25,14864.12,2022-05-23,42,97.9,william.rodriguez@company.com,(482) 987-8725,Active
EMP036450,David,Jones,David Jones,34,Sales,Coordinator,Austin,79208.11,17649.54,2022-09-23,5,84.5,david.jones@company.com,(403) 347-5416,Active
EMP036451,Christopher,Smith,Christopher Smith,57,Operations,Specialist,Seattle,77255.08,6436.56,2023-08-13,33,94.9,christopher.smith@company.com,(559) 488-4841,Active
EMP036452,Nicole,Martinez,Nicole Martinez,28,IT,Lead,Chicago,93962.37,5911.22,2024-04-10,1,97.8,nicole.martinez@company.com,(890) 400-1624,Active
EMP036453,Ashley,Johnson,Ashley Johnson,38,Legal,Manager,Boston,96690.67,13729.94,2023-02-28,16,77.2,ashley.johnson@company.com,(657) 959-8328,Active
EMP036454,Anthony,Miller,Anthony Miller,64,HR,Associate,Seattle,99634.17,11641.85,2020-07-15,39,72.7,anthony.miller@company.com,(302) 759-5567,Active
EMP036455,Jessica,Garcia,Jessica Garcia,26,Marketing,Coordinator,Seattle,82987.53,4445.83,2020-11-10,0,49.0,jessica.garcia@company.com,(209) 677-1539,Active
EMP036456,Sarah,Moore,Sarah Moore,28,Finance,Senior Developer,Chicago,52650.72,4814.06,2020-03-26,5,69.8,sarah.moore@company.com,(563) 893-9357,Active
EMP036457,Christopher,Moore,Christopher Moore,30,Engineering,Coordinator,Boston,65721.79,5741.0,2022-11-02,3,84.7,christopher.moore@company.com,(593) 786-6661,Active
EMP036458,Stephanie,Jackson,Stephanie Jackson,39,Sales,Senior Developer,Los Angeles,69883.19,6640.42,2024-10-19,10,60.8,stephanie.jackson@company.com,(693) 836-6817,Active
EMP036459,James,Jackson,James Jackson,62,Finance,Manager,Miami,97068.41,14557.08,2021-08-25,36,76.6,james.jackson@company.com,(893) 524-5731,Inactive
EMP036460,William,Martinez,William Martinez,32,Marketing,Specialist,Chicago,51507.94,6395.02,2020-02-16,4,69.9,william.martinez@company.com,(224) 900-9058,Inactive
EMP036461,James,Gonzalez,James Gonzalez,48,Legal,Associate,Los Angeles,121302.12,5126.69,2020-04-11,20,84.1,james.gonzalez@company.com,(635) 990-1094,Active
EMP036462,Daniel,Rodriguez,Daniel Rodriguez,64,Finance,Analyst,New York,108007.31,2391.81,2022-03-18,38,74.2,daniel.rodriguez@company.com,(947) 603-1682,Active
EMP036463,Melissa,Lopez,Melissa Lopez,35,Operations,Associate,Chicago,62627.88,5188.74,2023-12-29,12,76.0,melissa.lopez@company.com,(547) 441-2789,Active
EMP036464,David,Williams,David Williams,53,Sales,Analyst,Los Angeles,88254.35,6858.22,2024-08-27,26,83.0,david.williams@company.com,(219) 246-2848,Active
EMP036465,James,Moore,James Moore,52,Operations,Director,Boston,88945.51,1975.75,2022-12-03,24,67.7,james.moore@company.com,(862) 647-5636,Active
EMP036466,Emily,Taylor,Emily Taylor,47,IT,Director,New York,96947.74,4191.46,2021-06-18,20,70.2,emily.taylor@company.com,(977) 396-6164,Active
EMP036467,Jessica,Rodriguez,Jessica Rodriguez,33,IT,Specialist,San Francisco,70891.51,11911.16,2024-08-13,4,56.9,jessica.rodriguez@company.com,(978) 611-6133,Active
EMP036468,Emily,Taylor,Emily Taylor,31,Operations,Senior Developer,San Francisco,53658.08,7703.96,2020-04-03,8,43.4,emily.taylor@company.com,(332) 431-2259,Active
EMP036469,Stephanie,Brown,Stephanie Brown,22,Sales,Director,San Francisco,69210.06,10856.93,2023-07-23,0,57.3,stephanie.brown@company.com,(854) 263-2609,Active
EMP036470,Matthew,Johnson,Matthew Johnson,44,Engineering,Associate,Boston,82520.55,1108.41,2023-05-18,18,65.5,matthew.johnson@company.com,(951) 816-6532,Active
EMP036471,Melissa,Jackson,Melissa Jackson,53,HR,Associate,Chicago,66376.83,3190.14,2023-02-11,31,81.2,melissa.jackson@company.com,(328) 945-6269,Inactive
EMP036472,Emily,Hernandez,Emily Hernandez,56,IT,Associate,Los Angeles,106673.6,0.0,2022-03-31,29,72.6,emily.hernandez@company.com,(911) 671-2195,Active
EMP036473,William,Gonzalez,William Gonzalez,56,Engineering,Director,Chicago,88689.58,11439.66,2020-08-19,28,87.4,william.gonzalez@company.com,(536) 373-3226,Active
EMP036474,William,Martin,William Martin,54,Marketing,Specialist,Chicago,80880.9,2855.89,2023-04-17,26,100.0,william.martin@company.com,(374) 883-4207,Active
EMP036475,Robert,Moore,Robert Moore,36,Legal,Specialist,San Francisco,70201.07,7290.3,2021-05-03,9,57.4,robert.moore@company.com,(648) 772-7220,Active
EMP036476,Matthew,Smith,Matthew Smith,50,Finance,Specialist,Austin,66729.31,8672.93,2023-06-03,27,67.7,matthew.smith@company.com,(542) 400-4770,Active
EMP036477,Melissa,Miller,Melissa Miller,30,Sales,Analyst,Miami,62904.03,6358.5,2021-10-14,6,86.4,melissa.miller@company.com,(866) 354-8979,Active
EMP036478,James,Brown,James Brown,47,HR,Director,New York,65243.08,11194.35,2021-02-07,20,88.7,james.brown@company.com,(484) 570-9268,Inactive
EMP036479,Melissa,Martinez,Melissa Martinez,41,HR,Analyst,Boston,49975.35,1863.89,2023-07-11,15,47.3,melissa.martinez@company.com,(266) 886-1141,Active
EMP036480,Stephanie,Johnson,Stephanie Johnson,63,Engineering,Analyst,Austin,138859.32,9453.94,2020-12-21,35,52.9,stephanie.johnson@company.com,(452) 387-3010,Active
EMP036481,Matthew,Brown,Matthew Brown,65,Finance,Specialist,Boston,110274.34,6818.21,2020-04-07,38,73.2,matthew.brown@company.com,(906) 453-2901,Active
EMP036482,Robert,Davis,Robert Davis,30,Engineering,Analyst,Chicago,73650.69,1953.59,2024-04-21,1,67.5,robert.davis@company.com,(770) 772-3024,Active
EMP036483,Stephanie,Hernandez,Stephanie Hernandez,59,Operations,Senior Developer,Boston,72760.35,12200.61,2024-03-15,35,85.1,stephanie.hernandez@company.com,(327) 764-6703,Active
EMP036484,Christopher,Johnson,Christopher Johnson,22,Operations,Analyst,San Francisco,66803.0,6195.05,2022-01-18,0,73.0,christopher.johnson@company.com,(753) 891-5754,Active
EMP036485,Lisa,Hernandez,Lisa Hernandez,54,Operations,Director,New York,59264.37,5088.72,2022-08-22,25,63.1,lisa.hernandez@company.com,(906) 673-4098,Active
EMP036486,Robert,Martinez,Robert Martinez,63,Legal,Coordinator,Chicago,137192.69,13353.07,2024-06-06,35,94.0,robert.martinez@company.com,(204) 326-9402,Active
EMP036487,Anthony,Lopez,Anthony Lopez,50,Legal,Coordinator,San Francisco,105691.14,15321.0,2021-05-09,23,73.8,anthony.lopez@company.com,(818) 913-4836,Active
EMP036488,James,Brown,James Brown,47,HR,Manager,Chicago,71080.53,5933.2,2023-05-23,20,80.4,james.brown@company.com,(462) 934-2825,Inactive
EMP036489,Emily,Taylor,Emily Taylor,51,Legal,Lead,Boston,126163.67,18439.32,2021-05-23,25,87.5,emily.taylor@company.com,(934) 383-9464,Active
EMP036490,Emily,Johnson,Emily Johnson,46,Sales,Manager,Miami,83483.74,0.0,2021-10-24,23,53.1,emily.johnson@company.com,(782) 630-2552,Active
EMP036491,David,Lopez,David Lopez,61,Operations,Senior Developer,New York,66759.89,6220.95,2020-05-06,32,67.1,david.lopez@company.com,(593) 257-7233,Active
EMP036492,Michael,Williams,Michael Williams,42,Sales,Associate,Austin,84266.64,7189.67,2020-03-27,19,77.4,michael.williams@company.com,(978) 897-3443,Active
EMP036493,Nicole,Hernandez,Nicole Hernandez,60,Sales,Lead,Austin,95131.91,1729.01,2022-04-07,37,87.6,nicole.hernandez@company.com,(832) 292-4156,Inactive
EMP036494,Amanda,Davis,Amanda Davis,61,HR,Analyst,Boston,76991.79,4351.72,2021-07-30,39,71.0,amanda.davis@company.com,(661) 353-8791,Active
EMP036495,Matthew,Taylor,Matthew Taylor,28,IT,Coordinator,Austin,68776.76,10510.0,2021-10-15,4,100.0,matthew.taylor@company.com,(305) 925-3225,Active
EMP036496,Lisa,Garcia,Lisa Garcia,25,IT,Analyst,Los Angeles,88651.23,6467.74,2023-10-31,2,69.4,lisa.garcia@company.com,(272) 572-6014,Active
EMP036497,Anthony,Garcia,Anthony Garcia,63,IT,Manager,Seattle,89995.59,9225.69,2022-07-30,38,39.6,anthony.garcia@company.com,(241) 510-2104,Active
EMP036498,Anthony,Davis,Anthony Davis,56,Sales,Specialist,Los Angeles,111524.94,3017.66,2023-01-22,29,65.5,anthony.davis@company.com,(687) 640-3946,Active
EMP036499,Daniel,Miller,Daniel Miller,60,Legal,Coordinator,San Francisco,91008.88,12138.12,2022-04-15,33,64.8,daniel.miller@company.com,(318) 506-3029,Inactive
EMP036500,Stephanie,Williams,Stephanie Williams,31,Sales,Senior Developer,Austin,49846.88,3967.36,2022-04-03,3,60.3,stephanie.williams@company.com,(261) 973-2171,Active
EMP036501,Jane,Thomas,Jane Thomas,25,Finance,Senior Developer,Austin,66864.94,6330.4,2023-10-12,2,65.9,jane.thomas@company.com,(275) 988-9028,Active
EMP036502,John,Taylor,John Taylor,47,Engineering,Analyst,Seattle,109476.36,12376.13,2020-11-21,20,100.0,john.taylor@company.com,(452) 656-9881,Active
EMP036503,Daniel,Davis,Daniel Davis,41,Operations,Specialist,New York,53186.42,6099.6,2020-03-16,13,100.0,daniel.davis@company.com,(989) 272-6643,Active
EMP036504,Anthony,Miller,Anthony Miller,28,Legal,Lead,San Francisco,112129.27,8783.02,2023-05-24,4,76.7,anthony.miller@company.com,(238) 560-4696,Active
EMP036505,Lisa,Jones,Lisa Jones,27,HR,Analyst,Austin,32461.75,2326.56,2022-04-10,0,75.2,lisa.jones@company.com,(590) 891-3558,Active
EMP036506,Robert,Davis,Robert Davis,41,HR,Coordinator,Austin,67477.36,9601.33,2020-08-20,19,88.6,robert.davis@company.com,(408) 436-8200,Active
EMP036507,Christopher,Taylor,Christopher Taylor,37,HR,Specialist,New York,53247.93,6815.91,2021-03-14,9,69.7,christopher.taylor@company.com,(576) 948-6863,Active
EMP036508,Emily,Miller,Emily Miller,29,Sales,Director,Chicago,47689.27,2440.73,2021-11-29,3,64.2,emily.miller@company.com,(679) 646-1219,Inactive
EMP036509,Lisa,Taylor,Lisa Taylor,61,Sales,Associate,San Francisco,104470.02,9777.23,2023-03-09,39,76.2,lisa.taylor@company.com,(480) 292-6782,On Leave
EMP036510,Amanda,Hernandez,Amanda Hernandez,47,Legal,Director,New York,83718.02,8714.37,2020-11-04,19,70.5,amanda.hernandez@company.com,(942) 262-6849,Inactive
EMP036511,Jessica,Lopez,Jessica Lopez,25,IT,Senior Developer,Los Angeles,45205.29,2802.63,2024-08-20,1,62.7,jessica.lopez@company.com,(528) 236-3558,Active
EMP036512,Lisa,Miller,Lisa Miller,25,Operations,Lead,Seattle,41551.33,6036.38,2022-04-16,2,85.3,lisa.miller@company.com,(503) 990-1827,Active
EMP036513,Matthew,Taylor,Matthew Taylor,37,Legal,Coordinator,Chicago,130238.07,11042.9,2021-02-17,11,80.3,matthew.taylor@company.com,(477) 510-2442,Active
EMP036514,Anthony,Jackson,Anthony Jackson,46,Operations,Analyst,San Francisco,66805.63,3325.74,2023-06-30,22,82.3,anthony.jackson@company.com,(346) 500-6597,Active
EMP036515,Melissa,Rodriguez,Melissa Rodriguez,49,Operations,Coordinator,New York,62244.46,9096.04,2021-09-17,24,71.3,melissa.rodriguez@company.com,(257) 350-6430,Active
EMP036516,Sarah,Wilson,Sarah Wilson,30,Marketing,Associate,Boston,49965.34,4901.22,2021-05-20,3,85.7,sarah.wilson@company.com,(727) 314-2694,Active
EMP036517,Ashley,Anderson,Ashley Anderson,64,Operations,Manager,Boston,103292.72,8695.95,2021-06-07,36,77.9,ashley.anderson@company.com,(624) 567-8700,Active
EMP036518,Nicole,Jones,Nicole Jones,47,Legal,Analyst,Boston,72957.33,3193.01,2022-07-02,19,76.7,nicole.jones@company.com,(234) 296-9262,On Leave
EMP036519,Robert,Johnson,Robert Johnson,25,Operations,Manager,Miami,38325.7,5092.54,2022-08-06,1,57.2,robert.johnson@company.com,(766) 418-5827,Inactive
EMP036520,William,Jackson,William Jackson,59,Engineering,Associate,Seattle,140233.87,23690.4,2020-10-04,36,98.2,william.jackson@company.com,(403) 681-3019,Active
EMP036521,Jessica,Jackson,Jessica Jackson,52,Finance,Manager,New York,118919.31,3482.56,2021-09-26,27,76.7,jessica.jackson@company.com,(656) 569-1636,Active
EMP036522,Michael,Gonzalez,Michael Gonzalez,39,Engineering,Analyst,Chicago,92536.36,11916.71,2020-10-23,13,74.4,michael.gonzalez@company.com,(349) 904-1370,Active
EMP036523,Melissa,Martin,Melissa Martin,50,HR,Coordinator,San Francisco,70577.09,5477.24,2023-12-06,24,72.8,melissa.martin@company.com,(728) 221-6307,Active
EMP036524,Lisa,Johnson,Lisa Johnson,61,Engineering,Senior Developer,Seattle,109798.13,4945.74,2022-05-11,38,60.2,lisa.johnson@company.com,(792) 573-3603,Active
EMP036525,Robert,Wilson,Robert Wilson,44,Sales,Coordinator,Los Angeles,42380.3,3099.86,2020-11-06,22,59.8,robert.wilson@company.com,(605) 644-6712,Active
EMP036526,Ashley,Martin,Ashley Martin,47,Engineering,Senior Developer,Chicago,95158.28,12350.8,2024-02-24,20,50.3,ashley.martin@company.com,(974) 675-1336,Active
EMP036527,Ashley,Miller,Ashley Miller,56,Legal,Analyst,New York,71572.9,5336.0,2023-01-24,34,69.6,ashley.miller@company.com,(325) 270-4525,Active
EMP036528,Stephanie,Martin,Stephanie Martin,54,Engineering,Director,Boston,80909.64,1310.67,2022-04-14,27,74.6,stephanie.martin@company.com,(337) 472-7826,Active
EMP036529,Christopher,Martinez,Christopher Martinez,55,HR,Specialist,Seattle,69458.55,9652.48,2023-10-13,31,94.7,christopher.martinez@company.com,(708) 873-9999,Active
EMP036530,Jessica,Williams,Jessica Williams,46,Legal,Director,New York,107633.8,22431.66,2022-02-23,20,72.7,jessica.williams@company.com,(949) 742-7364,Active
EMP036531,Christopher,Lopez,Christopher Lopez,27,HR,Analyst,Seattle,62325.28,0.0,2020-12-18,0,55.9,christopher.lopez@company.com,(699) 280-4744,On Leave
EMP036532,David,Wilson,David Wilson,60,Engineering,Specialist,Austin,110217.28,5931.69,2022-01-25,35,98.3,david.wilson@company.com,(289) 399-1936,Active
EMP036533,Michael,Moore,Michael Moore,24,IT,Manager,San Francisco,76237.71,3907.37,2024-09-25,1,85.6,michael.moore@company.com,(633) 496-2227,Active
EMP036534,Ashley,Smith,Ashley Smith,56,HR,Director,Los Angeles,66212.67,7588.02,2022-11-17,30,64.7,ashley.smith@company.com,(774) 921-7899,Active
EMP036535,Nicole,Brown,Nicole Brown,35,Operations,Associate,Boston,46308.1,6239.07,2023-06-01,9,84.5,nicole.brown@company.com,(430) 997-8421,Active
EMP036536,Emily,Johnson,Emily Johnson,49,Operations,Senior Developer,Boston,74907.0,7401.1,2023-01-01,25,84.9,emily.johnson@company.com,(700) 210-1439,Active
EMP036537,Jessica,Hernandez,Jessica Hernandez,60,Marketing,Analyst,Chicago,71089.42,55.56,2024-06-28,32,87.8,jessica.hernandez@company.com,(956) 753-1019,Inactive
EMP036538,Nicole,Anderson,Nicole Anderson,49,Legal,Lead,Austin,95777.9,2626.17,2020-08-27,24,79.2,nicole.anderson@company.com,(651) 507-1553,Active
EMP036539,Daniel,Martin,Daniel Martin,41,Finance,Analyst,Seattle,56103.74,5935.72,2021-09-17,15,83.2,daniel.martin@company.com,(610) 535-3006,Active
EMP036540,Michael,Garcia,Michael Garcia,45,Marketing,Analyst,New York,85389.7,7069.27,2021-03-12,23,76.8,michael.garcia@company.com,(211) 356-3626,Inactive
EMP036541,Sarah,Jones,Sarah Jones,32,Engineering,Analyst,New York,43898.74,2347.02,2021-09-30,5,74.9,sarah.jones@company.com,(317) 413-3046,Active
EMP036542,William,Rodriguez,William Rodriguez,39,Operations,Specialist,San Francisco,60724.28,4009.76,2022-12-18,16,83.5,william.rodriguez@company.com,(924) 219-3986,Active
EMP036543,Nicole,Johnson,Nicole Johnson,37,Engineering,Lead,Seattle,104525.05,13722.32,2023-03-27,15,68.9,nicole.johnson@company.com,(302) 739-7889,Active
EMP036544,Amanda,Hernandez,Amanda Hernandez,39,Operations,Analyst,San Francisco,71146.91,8542.75,2022-07-20,15,88.0,amanda.hernandez@company.com,(553) 209-9079,Active
EMP036545,Matthew,Hernandez,Matthew Hernandez,46,Legal,Senior Developer,New York,87757.01,7023.56,2022-08-10,23,70.4,matthew.hernandez@company.com,(291) 461-6549,Active
EMP036546,Daniel,Martin,Daniel Martin,42,Finance,Manager,San Francisco,55929.75,3177.27,2021-08-02,19,88.9,daniel.martin@company.com,(354) 306-8429,Inactive
EMP036547,Anthony,Gonzalez,Anthony Gonzalez,55,Marketing,Associate,Seattle,86172.45,5056.72,2020-12-15,30,80.1,anthony.gonzalez@company.com,(228) 493-6188,Active
EMP036548,Melissa,Williams,Melissa Williams,41,Sales,Manager,San Francisco,86877.35,10195.55,2022-06-15,17,100.0,melissa.williams@company.com,(438) 767-9242,Active
EMP036549,Melissa,Rodriguez,Melissa Rodriguez,35,IT,Manager,Austin,65146.86,7219.41,2021-05-19,8,55.7,melissa.rodriguez@company.com,(210) 648-3457,Active
EMP036550,William,Thomas,William Thomas,25,IT,Manager,New York,95052.91,16392.79,2020-01-02,3,83.1,william.thomas@company.com,(404) 652-1012,On Leave
EMP036551,James,Lopez,James Lopez,40,HR,Director,Boston,72034.94,5005.26,2022-07-06,11,91.7,james.lopez@company.com,(599) 327-6233,Active
EMP036552,James,Hernandez,James Hernandez,32,Sales,Associate,Austin,88232.23,4044.54,2023-04-10,8,70.8,james.hernandez@company.com,(299) 278-4862,Active
EMP036553,John,Moore,John Moore,35,Sales,Associate,New York,83517.87,9181.37,2021-04-03,11,96.1,john.moore@company.com,(952) 808-5038,Active
EMP036554,Christopher,Williams,Christopher Williams,57,Engineering,Analyst,New York,93282.05,16683.25,2020-02-03,31,91.1,christopher.williams@company.com,(556) 554-1810,Active
EMP036555,Sarah,Miller,Sarah Miller,23,HR,Associate,Los Angeles,30446.17,3119.65,2021-07-20,0,49.1,sarah.miller@company.com,(735) 735-1147,On Leave
EMP036556,Melissa,Smith,Melissa Smith,43,HR,Lead,Miami,53753.17,8734.2,2022-09-21,17,94.6,melissa.smith@company.com,(384) 523-5735,Inactive
EMP036557,Lisa,Moore,Lisa Moore,23,Operations,Analyst,Los Angeles,42664.5,3738.37,2023-06-25,0,88.6,lisa.moore@company.com,(457) 888-8913,Active
EMP036558,Ashley,Brown,Ashley Brown,55,Finance,Senior Developer,Los Angeles,83933.71,7366.39,2020-06-06,27,63.2,ashley.brown@company.com,(789) 699-4262,Active
EMP036559,William,Martin,William Martin,64,Marketing,Director,Los Angeles,99858.49,9456.05,2022-10-15,42,83.5,william.martin@company.com,(656) 630-9553,Active
EMP036560,Jessica,Smith,Jessica Smith,31,Legal,Coordinator,New York,80599.44,0.0,2021-03-21,5,77.8,jessica.smith@company.com,(551) 208-4166,Active
EMP036561,Amanda,Rodriguez,Amanda Rodriguez,28,Legal,Senior Developer,Austin,57347.7,7357.55,2022-11-12,1,57.6,amanda.rodriguez@company.com,(811) 695-7219,Active
EMP036562,Robert,Hernandez,Robert Hernandez,31,Operations,Specialist,New York,58854.39,817.87,2023-06-03,9,69.0,robert.hernandez@company.com,(973) 597-6859,Active
EMP036563,Christopher,Lopez,Christopher Lopez,51,Engineering,Director,Seattle,99857.12,6132.8,2021-08-11,23,83.2,christopher.lopez@company.com,(540) 333-5857,Active
EMP036564,Christopher,Wilson,Christopher Wilson,46,IT,Specialist,New York,93084.57,3260.89,2021-01-31,21,61.2,christopher.wilson@company.com,(355) 441-7747,Active
EMP036565,Amanda,Taylor,Amanda Taylor,26,IT,Senior Developer,New York,65603.92,3246.78,2022-10-14,0,51.2,amanda.taylor@company.com,(603) 932-6061,Active
EMP036566,Nicole,Martinez,Nicole Martinez,53,Operations,Director,Los Angeles,70612.1,5308.45,2021-11-06,29,82.8,nicole.martinez@company.com,(935) 516-1635,Active
EMP036567,Michael,Smith,Michael Smith,50,IT,Director,Los Angeles,77178.36,6663.48,2020-05-19,28,62.6,michael.smith@company.com,(727) 375-1542,Active
EMP036568,Lisa,Williams,Lisa Williams,32,IT,Senior Developer,Chicago,79521.29,8348.75,2020-10-09,3,53.0,lisa.williams@company.com,(896) 319-5886,Inactive
EMP036569,John,Johnson,John Johnson,48,IT,Lead,Seattle,101684.61,9422.41,2023-04-06,19,70.2,john.johnson@company.com,(630) 660-9145,Active
EMP036570,Nicole,Williams,Nicole Williams,46,Legal,Associate,Los Angeles,109371.8,7255.92,2021-04-08,18,86.7,nicole.williams@company.com,(751) 642-3654,On Leave
EMP036571,Robert,Williams,Robert Williams,27,Sales,Director,Boston,72250.16,10790.6,2021-09-14,4,56.8,robert.williams@company.com,(789) 958-8157,Inactive
EMP036572,Sarah,Wilson,Sarah Wilson,39,HR,Associate,Miami,79018.86,10926.93,2022-04-08,10,80.1,sarah.wilson@company.com,(322) 683-7507,Active
EMP036573,Jessica,Jackson,Jessica Jackson,52,Sales,Senior Developer,Austin,64350.68,7525.71,2020-11-03,26,67.9,jessica.jackson@company.com,(632) 619-7279,Active
EMP036574,Stephanie,Hernandez,Stephanie Hernandez,32,Engineering,Specialist,Seattle,84039.58,8492.21,2023-02-27,5,47.5,stephanie.hernandez@company.com,(576) 354-6256,Active
EMP036575,David,Lopez,David Lopez,22,Marketing,Analyst,Austin,69935.48,3514.37,2023-06-13,0,96.9,david.lopez@company.com,(216) 713-4976,Active
EMP036576,Jane,Davis,Jane Davis,51,IT,Lead,San Francisco,96130.33,9267.25,2023-02-26,25,93.2,jane.davis@company.com,(396) 502-8048,Active
EMP036577,Christopher,Martin,Christopher Martin,52,Finance,Manager,New York,93018.49,7708.61,2024-03-08,25,68.5,christopher.martin@company.com,(843) 589-6678,Active
EMP036578,Daniel,Taylor,Daniel Taylor,32,Operations,Lead,Austin,65314.42,11290.67,2020-06-28,9,87.1,daniel.taylor@company.com,(448) 962-8782,Active
EMP036579,Robert,Anderson,Robert Anderson,65,Legal,Lead,Boston,114448.36,15995.39,2021-03-20,38,67.1,robert.anderson@company.com,(730) 798-6885,Active
EMP036580,Lisa,Martin,Lisa Martin,55,Marketing,Director,Boston,72523.6,5514.09,2024-07-19,28,88.8,lisa.martin@company.com,(779) 997-7749,Active
EMP036581,James,Miller,James Miller,52,Operations,Director,San Francisco,66177.27,3090.78,2022-03-17,29,85.8,james.miller@company.com,(317) 260-8553,Active
EMP036582,Michael,Miller,Michael Miller,62,Marketing,Lead,Los Angeles,82299.0,5474.96,2023-09-13,39,72.8,michael.miller@company.com,(837) 869-6136,Active
EMP036583,Emily,Hernandez,Emily Hernandez,61,Finance,Manager,Chicago,92390.11,11287.6,2020-02-24,36,68.9,emily.hernandez@company.com,(641) 806-6542,Active
EMP036584,Stephanie,Brown,Stephanie Brown,34,Engineering,Associate,Miami,65652.74,11282.27,2022-12-24,9,96.3,stephanie.brown@company.com,(761) 532-7201,Active
EMP036585,Sarah,Anderson,Sarah Anderson,27,Legal,Coordinator,Miami,91748.66,5350.03,2020-03-09,0,67.2,sarah.anderson@company.com,(509) 681-7311,Active
EMP036586,Michael,Moore,Michael Moore,60,IT,Lead,Boston,103369.47,3107.72,2024-02-05,31,71.8,michael.moore@company.com,(940) 433-3936,Active
EMP036587,Jessica,Brown,Jessica Brown,48,Finance,Senior Developer,Chicago,76225.84,3481.25,2020-12-18,22,48.7,jessica.brown@company.com,(564) 554-4461,Active
EMP036588,Lisa,Davis,Lisa Davis,46,Legal,Associate,San Francisco,119716.09,9341.19,2021-04-11,20,73.5,lisa.davis@company.com,(727) 884-4012,Active
EMP036589,Emily,Wilson,Emily Wilson,54,Sales,Specialist,New York,78384.04,11552.71,2024-11-11,30,74.5,emily.wilson@company.com,(746) 343-7713,Active
EMP036590,Lisa,Anderson,Lisa Anderson,28,Operations,Senior Developer,Miami,71292.76,9017.92,2024-02-22,6,81.0,lisa.anderson@company.com,(335) 245-8158,Active
EMP036591,Jane,Moore,Jane Moore,50,Legal,Director,Seattle,105227.83,14307.84,2021-01-08,26,49.1,jane.moore@company.com,(771) 923-4715,Active
EMP036592,Emily,Gonzalez,Emily Gonzalez,41,Finance,Specialist,Los Angeles,59523.13,6878.79,2022-05-01,17,74.3,emily.gonzalez@company.com,(685) 573-3173,Active
EMP036593,Christopher,Lopez,Christopher Lopez,35,Engineering,Director,Miami,106774.64,12809.4,2022-08-10,6,74.3,christopher.lopez@company.com,(672) 600-8225,Active
EMP036594,Jessica,Brown,Jessica Brown,65,Marketing,Senior Developer,San Francisco,76379.13,4600.17,2024-09-06,38,45.4,jessica.brown@company.com,(757) 583-4630,Active
EMP036595,Melissa,Johnson,Melissa Johnson,22,Marketing,Lead,Chicago,66578.39,3926.24,2021-03-05,0,57.1,melissa.johnson@company.com,(541) 360-7763,Active
EMP036596,Nicole,Thomas,Nicole Thomas,38,Marketing,Manager,Seattle,69014.33,2951.25,2024-03-20,15,64.1,nicole.thomas@company.com,(666) 864-8668,Active
EMP036597,Emily,Brown,Emily Brown,65,HR,Analyst,Chicago,99592.82,6836.56,2020-01-27,36,70.6,emily.brown@company.com,(344) 635-1322,Active
EMP036598,Michael,Miller,Michael Miller,37,Legal,Associate,New York,82246.57,10055.29,2023-10-02,14,71.1,michael.miller@company.com,(784) 645-7172,Active
EMP036599,Stephanie,Anderson,Stephanie Anderson,27,Legal,Lead,Seattle,81599.55,6659.51,2021-01-14,0,100.0,stephanie.anderson@company.com,(952) 794-6564,Active
EMP036600,Daniel,Miller,Daniel Miller,35,Operations,Manager,New York,39464.91,4265.43,2024-04-03,7,72.7,daniel.miller@company.com,(412) 970-4240,Active
EMP036601,William,Hernandez,William Hernandez,51,Operations,Manager,Los Angeles,49982.87,7381.77,2021-01-31,25,48.4,william.hernandez@company.com,(716) 922-5283,Active
EMP036602,Lisa,Martinez,Lisa Martinez,42,Finance,Lead,Los Angeles,58989.91,9881.06,2020-11-02,14,76.6,lisa.martinez@company.com,(359) 735-5700,Active
EMP036603,Michael,Gonzalez,Michael Gonzalez,44,Engineering,Senior Developer,Austin,99767.93,11932.79,2021-05-05,22,52.9,michael.gonzalez@company.com,(924) 905-1922,Active
EMP036604,Anthony,Miller,Anthony Miller,24,HR,Coordinator,Seattle,57887.91,10323.04,2020-05-26,0,58.2,anthony.miller@company.com,(533) 832-3527,Active
EMP036605,Jessica,Moore,Jessica Moore,29,Operations,Associate,New York,54400.11,9935.93,2024-06-10,3,79.3,jessica.moore@company.com,(474) 295-5736,Active
EMP036606,William,Martinez,William Martinez,56,Sales,Senior Developer,Austin,87081.89,4928.09,2020-11-05,33,74.9,william.martinez@company.com,(441) 443-3587,Active
EMP036607,Sarah,Thomas,Sarah Thomas,42,Sales,Coordinator,Austin,93597.74,8031.4,2021-07-20,15,80.8,sarah.thomas@company.com,(302) 679-7754,Inactive
EMP036608,Stephanie,Rodriguez,Stephanie Rodriguez,25,Finance,Lead,Boston,84425.01,8934.36,2021-01-07,0,61.4,stephanie.rodriguez@company.com,(317) 762-1875,Active
EMP036609,John,Miller,John Miller,32,Finance,Coordinator,Miami,69956.31,4876.47,2023-12-04,10,67.8,john.miller@company.com,(567) 706-9611,Active
EMP036610,Melissa,Taylor,Melissa Taylor,60,Sales,Director,New York,84589.26,306.37,2024-11-10,31,79.2,melissa.taylor@company.com,(495) 338-2214,Active
EMP036611,David,Taylor,David Taylor,56,Engineering,Manager,Miami,114021.24,11396.52,2024-07-03,29,75.9,david.taylor@company.com,(379) 872-9346,Active
EMP036612,Stephanie,Jones,Stephanie Jones,32,Finance,Manager,San Francisco,90213.72,8046.73,2022-04-13,6,71.7,stephanie.jones@company.com,(963) 435-2397,Active
EMP036613,Sarah,Jackson,Sarah Jackson,24,IT,Coordinator,Miami,70673.58,7883.5,2022-08-16,0,76.4,sarah.jackson@company.com,(585) 286-7195,Inactive
EMP036614,Ashley,Davis,Ashley Davis,31,HR,Senior Developer,Austin,38505.67,1326.79,2021-01-29,6,67.3,ashley.davis@company.com,(252) 878-7869,Active
EMP036615,John,Davis,John Davis,56,Operations,Manager,Boston,71353.55,7476.81,2024-06-04,30,69.0,john.davis@company.com,(369) 535-7700,Active
EMP036616,Christopher,Rodriguez,Christopher Rodriguez,32,Sales,Lead,Chicago,58038.38,7450.25,2022-04-19,4,71.4,christopher.rodriguez@company.com,(731) 917-2544,Active
EMP036617,Christopher,Wilson,Christopher Wilson,52,Operations,Senior Developer,Seattle,85209.57,3051.11,2021-02-06,24,80.7,christopher.wilson@company.com,(585) 657-3686,Inactive
EMP036618,Lisa,Taylor,Lisa Taylor,48,Engineering,Lead,Los Angeles,132420.31,3148.27,2022-06-15,25,90.6,lisa.taylor@company.com,(704) 319-5073,Active
EMP036619,Melissa,Rodriguez,Melissa Rodriguez,58,Engineering,Manager,Miami,81183.63,7767.68,2022-06-09,35,87.5,melissa.rodriguez@company.com,(674) 293-1720,Inactive
EMP036620,Christopher,Davis,Christopher Davis,44,Marketing,Analyst,San Francisco,58278.92,4219.76,2023-04-18,17,71.4,christopher.davis@company.com,(497) 694-5846,Active
EMP036621,William,Jackson,William Jackson,37,HR,Coordinator,Chicago,58385.52,3149.02,2020-05-24,8,83.6,william.jackson@company.com,(977) 444-8506,Active
EMP036622,Nicole,Gonzalez,Nicole Gonzalez,63,Marketing,Senior Developer,Austin,89496.03,9518.08,2023-09-04,38,85.1,nicole.gonzalez@company.com,(503) 825-6975,Active
EMP036623,Melissa,Jackson,Melissa Jackson,25,Sales,Director,Austin,55666.79,8643.39,2024-02-04,2,66.9,melissa.jackson@company.com,(614) 211-2114,Inactive
EMP036624,James,Smith,James Smith,56,Engineering,Specialist,Seattle,101302.01,12918.96,2023-02-08,30,77.8,james.smith@company.com,(948) 836-5612,On Leave
EMP036625,Christopher,Martinez,Christopher Martinez,40,Operations,Associate,Chicago,35637.91,587.91,2022-11-26,16,66.3,christopher.martinez@company.com,(561) 726-6490,Active
EMP036626,William,Rodriguez,William Rodriguez,38,IT,Director,Miami,55214.76,5883.37,2022-11-05,16,80.2,william.rodriguez@company.com,(579) 771-7476,Inactive
EMP036627,Matthew,Martin,Matthew Martin,29,Legal,Analyst,San Francisco,89661.73,2743.05,2021-08-25,5,82.0,matthew.martin@company.com,(396) 832-1266,Active
EMP036628,Lisa,Smith,Lisa Smith,32,Sales,Specialist,Seattle,59030.1,8779.46,2020-03-29,9,96.6,lisa.smith@company.com,(486) 581-6045,Active
EMP036629,Matthew,Anderson,Matthew Anderson,23,Finance,Analyst,Boston,79080.47,4675.11,2024-03-20,0,65.9,matthew.anderson@company.com,(975) 669-6707,Active
EMP036630,Stephanie,Martinez,Stephanie Martinez,23,IT,Senior Developer,Austin,74652.32,6762.49,2020-05-26,1,50.1,stephanie.martinez@company.com,(993) 833-1237,Active
EMP036631,Melissa,Gonzalez,Melissa Gonzalez,43,Legal,Lead,Seattle,128463.66,7388.24,2020-09-07,14,78.0,melissa.gonzalez@company.com,(278) 288-8897,Active
EMP036632,James,Wilson,James Wilson,65,HR,Senior Developer,Miami,87835.39,7892.76,2022-03-24,41,93.2,james.wilson@company.com,(395) 863-7330,Active
EMP036633,Amanda,Moore,Amanda Moore,35,Marketing,Director,Seattle,49160.66,3659.14,2021-01-24,7,48.2,amanda.moore@company.com,(652) 506-4079,On Leave
EMP036634,Amanda,Davis,Amanda Davis,27,Marketing,Director,Los Angeles,72976.15,10405.17,2020-01-06,4,67.7,amanda.davis@company.com,(280) 721-6660,Active
EMP036635,William,Moore,William Moore,36,Legal,Director,San Francisco,87130.42,0.0,2024-06-29,12,60.1,william.moore@company.com,(602) 308-5237,Active
EMP036636,David,Hernandez,David Hernandez,41,Engineering,Associate,Seattle,120215.13,21855.78,2022-11-22,12,83.3,david.hernandez@company.com,(428) 222-3739,Active
EMP036637,James,Miller,James Miller,36,Engineering,Senior Developer,New York,84053.64,9055.39,2024-10-20,8,66.5,james.miller@company.com,(289) 276-5847,Inactive
EMP036638,Christopher,Moore,Christopher Moore,50,Finance,Associate,San Francisco,83480.86,8486.67,2020-04-27,27,95.2,christopher.moore@company.com,(852) 301-8638,Active
EMP036639,David,Davis,David Davis,49,IT,Director,Austin,102434.92,3111.22,2020-02-07,20,61.8,david.davis@company.com,(826) 253-3945,Active
EMP036640,Michael,Taylor,Michael Taylor,49,Marketing,Associate,Boston,81225.96,5458.05,2021-08-23,22,77.5,michael.taylor@company.com,(524) 902-3844,Active
EMP036641,Stephanie,Brown,Stephanie Brown,61,Engineering,Senior Developer,Boston,155488.19,151.39,2024-07-19,32,82.3,stephanie.brown@company.com,(600) 955-2851,Inactive
EMP036642,Daniel,Anderson,Daniel Anderson,46,Legal,Manager,Seattle,114783.77,17413.44,2022-08-29,17,94.2,daniel.anderson@company.com,(318) 264-7097,Active
EMP036643,Robert,Jackson,Robert Jackson,43,IT,Coordinator,Chicago,90880.48,19381.1,2022-12-20,15,70.6,robert.jackson@company.com,(237) 554-2740,Active
EMP036644,Matthew,Garcia,Matthew Garcia,35,Sales,Lead,San Francisco,68940.57,13117.13,2024-08-12,12,72.4,matthew.garcia@company.com,(659) 218-8091,Active
EMP036645,Stephanie,Miller,Stephanie Miller,34,Marketing,Associate,Miami,76381.02,8535.23,2022-10-21,12,83.0,stephanie.miller@company.com,(344) 772-9136,Active
EMP036646,Jane,Anderson,Jane Anderson,40,Operations,Manager,Los Angeles,70402.23,5985.02,2022-11-26,17,68.7,jane.anderson@company.com,(521) 311-1442,Active
EMP036647,Sarah,Williams,Sarah Williams,51,Marketing,Coordinator,San Francisco,86044.09,1983.37,2020-07-21,27,56.4,sarah.williams@company.com,(448) 565-9110,Active
EMP036648,Ashley,Rodriguez,Ashley Rodriguez,30,Sales,Associate,Seattle,62072.86,1752.06,2024-08-20,8,82.4,ashley.rodriguez@company.com,(861) 708-5978,Active
EMP036649,Anthony,Miller,Anthony Miller,46,Legal,Manager,San Francisco,112229.15,6737.21,2022-04-27,21,90.8,anthony.miller@company.com,(398) 571-6973,Active
EMP036650,William,Martinez,William Martinez,29,Operations,Director,San Francisco,33564.83,2649.1,2020-08-21,3,98.2,william.martinez@company.com,(206) 760-9581,Active
EMP036651,Sarah,Wilson,Sarah Wilson,63,Marketing,Analyst,Miami,76098.73,8667.97,2020-07-03,34,79.8,sarah.wilson@company.com,(629) 899-3770,Active
EMP036652,Stephanie,Smith,Stephanie Smith,65,Sales,Lead,Austin,102080.37,6162.58,2023-09-01,37,94.1,stephanie.smith@company.com,(745) 739-3116,Active
EMP036653,Robert,Martin,Robert Martin,61,Legal,Associate,Miami,71335.87,11548.35,2020-07-16,39,72.5,robert.martin@company.com,(410) 442-8888,Active
EMP036654,Ashley,Moore,Ashley Moore,30,Engineering,Manager,Los Angeles,72064.44,8160.61,2022-03-17,3,60.8,ashley.moore@company.com,(260) 348-5920,Active
EMP036655,John,Moore,John Moore,46,Finance,Senior Developer,Los Angeles,104301.34,9120.61,2021-08-13,23,58.7,john.moore@company.com,(573) 242-7175,Active
EMP036656,Jessica,Gonzalez,Jessica Gonzalez,56,HR,Associate,Los Angeles,69678.16,10442.71,2021-08-28,34,91.8,jessica.gonzalez@company.com,(798) 556-8705,Active
EMP036657,William,Hernandez,William Hernandez,44,Operations,Specialist,New York,76561.14,2732.19,2023-04-20,16,65.3,william.hernandez@company.com,(370) 471-2224,Active
EMP036658,Emily,Hernandez,Emily Hernandez,28,Finance,Specialist,Chicago,59904.41,6863.59,2024-04-12,5,68.7,emily.hernandez@company.com,(655) 513-5408,Active
EMP036659,Jane,Taylor,Jane Taylor,42,Finance,Director,Chicago,73198.96,8665.16,2022-07-18,17,76.7,jane.taylor@company.com,(732) 946-7322,Active
EMP036660,Robert,Jones,Robert Jones,30,Operations,Coordinator,Chicago,47364.21,1913.43,2021-06-12,8,62.8,robert.jones@company.com,(238) 828-5869,Active
EMP036661,Amanda,Wilson,Amanda Wilson,58,HR,Lead,Miami,79378.45,5860.81,2020-03-17,30,50.9,amanda.wilson@company.com,(371) 635-7284,Active
EMP036662,Stephanie,Hernandez,Stephanie Hernandez,25,Engineering,Associate,Austin,100698.54,19307.2,2022-02-12,0,60.6,stephanie.hernandez@company.com,(382) 830-6862,Active
EMP036663,Jessica,Gonzalez,Jessica Gonzalez,49,Finance,Associate,New York,60151.45,5876.62,2020-11-07,25,95.1,jessica.gonzalez@company.com,(481) 519-6595,Active
EMP036664,Lisa,Hernandez,Lisa Hernandez,54,Finance,Coordinator,Chicago,91939.01,13210.84,2024-05-14,25,55.9,lisa.hernandez@company.com,(636) 580-4452,On Leave
EMP036665,James,Johnson,James Johnson,23,Legal,Analyst,Chicago,101496.86,15694.79,2024-06-09,0,83.5,james.johnson@company.com,(995) 956-5885,Active
EMP036666,Jane,Rodriguez,Jane Rodriguez,47,Legal,Director,Chicago,113064.06,10146.5,2020-08-10,25,88.0,jane.rodriguez@company.com,(466) 599-2244,Inactive
EMP036667,Christopher,Miller,Christopher Miller,40,Finance,Analyst,Austin,35112.58,890.76,2021-01-07,18,73.6,christopher.miller@company.com,(630) 445-8288,Active
EMP036668,Stephanie,Garcia,Stephanie Garcia,44,HR,Coordinator,Seattle,62516.27,6123.82,2024-03-29,21,80.4,stephanie.garcia@company.com,(299) 369-7212,Active
EMP036669,Ashley,Williams,Ashley Williams,26,Operations,Associate,San Francisco,63405.25,1120.52,2022-02-07,0,77.0,ashley.williams@company.com,(887) 390-6993,Inactive
EMP036670,Lisa,Moore,Lisa Moore,41,Finance,Manager,New York,82643.47,5843.54,2023-10-01,17,76.5,lisa.moore@company.com,(553) 418-7805,Active
EMP036671,Matthew,Moore,Matthew Moore,32,Sales,Coordinator,San Francisco,98578.44,16950.46,2023-04-30,7,83.3,matthew.moore@company.com,(793) 883-9719,Active
EMP036672,John,Miller,John Miller,24,Finance,Manager,Miami,65421.58,7114.55,2020-03-27,1,88.3,john.miller@company.com,(226) 364-1599,Active
EMP036673,David,Jones,David Jones,60,Finance,Senior Developer,Austin,97729.71,12214.34,2024-12-21,38,87.4,david.jones@company.com,(280) 792-2836,Active
EMP036674,Ashley,Martinez,Ashley Martinez,48,Marketing,Lead,Boston,84297.38,10998.53,2022-03-02,24,72.2,ashley.martinez@company.com,(663) 601-4813,Active
EMP036675,Nicole,Brown,Nicole Brown,51,IT,Coordinator,Austin,74942.07,6341.31,2024-07-17,29,93.5,nicole.brown@company.com,(405) 500-4992,Active
EMP036676,Daniel,Johnson,Daniel Johnson,65,Finance,Senior Developer,Miami,108230.04,9966.34,2023-09-25,37,56.1,daniel.johnson@company.com,(963) 526-1029,Active
EMP036677,Amanda,Hernandez,Amanda Hernandez,56,Finance,Manager,San Francisco,94427.98,10244.08,2024-08-21,33,74.1,amanda.hernandez@company.com,(935) 877-8890,Active
EMP036678,David,Garcia,David Garcia,58,Operations,Senior Developer,Miami,74529.73,257.39,2022-06-16,36,78.3,david.garcia@company.com,(341) 543-8664,Active
EMP036679,Sarah,Brown,Sarah Brown,60,Operations,Coordinator,Seattle,65754.8,4015.56,2020-04-14,32,62.3,sarah.brown@company.com,(651) 473-1239,Active
EMP036680,Robert,Johnson,Robert Johnson,47,Finance,Associate,Miami,86080.26,7032.84,2024-05-23,21,89.9,robert.johnson@company.com,(619) 576-1168,Active
EMP036681,Ashley,Williams,Ashley Williams,41,Legal,Senior Developer,Chicago,97766.4,15404.35,2024-03-14,15,90.3,ashley.williams@company.com,(425) 612-4404,Active
EMP036682,Emily,Hernandez,Emily Hernandez,36,Finance,Lead,New York,49427.01,9090.53,2020-05-23,12,81.7,emily.hernandez@company.com,(349) 236-9316,Active
EMP036683,Stephanie,Gonzalez,Stephanie Gonzalez,60,Engineering,Analyst,Los Angeles,130958.37,12062.95,2021-01-24,38,86.6,stephanie.gonzalez@company.com,(948) 601-4051,Active
EMP036684,Christopher,Jones,Christopher Jones,41,Engineering,Associate,Los Angeles,103493.8,16259.32,2024-12-21,17,74.4,christopher.jones@company.com,(564) 618-5853,Active
EMP036685,Lisa,Jackson,Lisa Jackson,23,IT,Lead,New York,54524.59,3892.13,2023-10-11,0,95.8,lisa.jackson@company.com,(876) 333-5385,Active
EMP036686,Daniel,Lopez,Daniel Lopez,52,Marketing,Senior Developer,San Francisco,94276.1,13292.03,2023-03-27,24,70.2,daniel.lopez@company.com,(396) 604-8784,Active
EMP036687,Jane,Rodriguez,Jane Rodriguez,26,HR,Lead,Boston,45945.6,6692.19,2021-06-07,3,74.3,jane.rodriguez@company.com,(667) 681-6856,Active
EMP036688,Amanda,Taylor,Amanda Taylor,45,Sales,Director,Boston,99972.92,9476.74,2020-03-09,16,87.6,amanda.taylor@company.com,(926) 647-1235,Active
EMP036689,David,Davis,David Davis,39,Operations,Associate,Austin,80825.07,14020.72,2022-07-15,12,98.8,david.davis@company.com,(333) 595-9509,Active
EMP036690,Anthony,Gonzalez,Anthony Gonzalez,22,HR,Specialist,Chicago,54902.93,9304.76,2023-04-29,0,69.6,anthony.gonzalez@company.com,(368) 439-8501,Active
EMP036691,Ashley,Thomas,Ashley Thomas,27,Operations,Director,San Francisco,66092.99,5050.97,2020-03-20,0,75.1,ashley.thomas@company.com,(887) 827-7360,Active
EMP036692,Daniel,Lopez,Daniel Lopez,58,Operations,Specialist,San Francisco,90603.23,7915.42,2023-04-08,36,35.2,daniel.lopez@company.com,(697) 766-2432,Active
EMP036693,Lisa,Jones,Lisa Jones,52,Marketing,Lead,Los Angeles,93209.88,8453.72,2023-08-03,29,97.7,lisa.jones@company.com,(975) 482-5723,Active
EMP036694,Christopher,Jackson,Christopher Jackson,64,HR,Senior Developer,Chicago,62247.49,11570.04,2024-08-18,35,93.7,christopher.jackson@company.com,(278) 830-4265,Active
EMP036695,Melissa,Martin,Melissa Martin,57,IT,Specialist,New York,85139.45,11279.4,2022-05-16,28,82.6,melissa.martin@company.com,(381) 690-2649,Active
EMP036696,Matthew,Wilson,Matthew Wilson,23,IT,Director,San Francisco,47263.8,4926.2,2022-05-18,1,76.2,matthew.wilson@company.com,(981) 281-1892,Active
EMP036697,Stephanie,Smith,Stephanie Smith,22,Engineering,Coordinator,Chicago,44698.94,4646.25,2022-12-07,0,84.6,stephanie.smith@company.com,(495) 462-6097,Active
EMP036698,James,Martin,James Martin,22,Marketing,Coordinator,Los Angeles,59309.65,7085.47,2023-12-15,0,51.5,james.martin@company.com,(383) 205-8010,Inactive
EMP036699,Nicole,Lopez,Nicole Lopez,38,Operations,Analyst,Seattle,45504.94,9105.13,2024-04-30,16,62.3,nicole.lopez@company.com,(876) 533-1790,Active
EMP036700,Christopher,Johnson,Christopher Johnson,60,Sales,Senior Developer,Seattle,114322.66,9853.57,2023-09-22,32,83.0,christopher.johnson@company.com,(643) 312-3886,Active
EMP036701,Christopher,Johnson,Christopher Johnson,36,Engineering,Associate,New York,83650.46,6204.72,2021-08-02,8,75.5,christopher.johnson@company.com,(678) 235-7620,Active
EMP036702,Amanda,Rodriguez,Amanda Rodriguez,41,HR,Coordinator,Los Angeles,60893.13,6452.67,2024-05-18,13,62.5,amanda.rodriguez@company.com,(764) 546-3022,Active
EMP036703,Ashley,Anderson,Ashley Anderson,34,Sales,Manager,New York,62942.4,2918.13,2022-10-26,12,78.6,ashley.anderson@company.com,(235) 855-3060,Active
EMP036704,Jessica,Smith,Jessica Smith,35,HR,Manager,San Francisco,65954.43,4642.18,2024-04-08,7,87.9,jessica.smith@company.com,(720) 242-5208,Active
EMP036705,Emily,Anderson,Emily Anderson,52,HR,Associate,Miami,84220.28,745.13,2021-09-18,29,69.7,emily.anderson@company.com,(871) 252-6677,Active
EMP036706,John,Davis,John Davis,64,IT,Manager,Miami,120118.93,0.0,2021-12-15,40,88.3,john.davis@company.com,(782) 231-7190,Active
EMP036707,James,Wilson,James Wilson,46,Operations,Senior Developer,Miami,60518.85,9734.66,2022-02-19,20,78.0,james.wilson@company.com,(443) 584-5832,Active
EMP036708,Christopher,Johnson,Christopher Johnson,49,IT,Senior Developer,Los Angeles,83495.37,6507.22,2021-03-10,25,47.3,christopher.johnson@company.com,(827) 661-3084,Active
EMP036709,Robert,Brown,Robert Brown,25,Legal,Analyst,Los Angeles,59716.35,6590.68,2024-03-17,2,61.0,robert.brown@company.com,(280) 227-8942,Active
EMP036710,Emily,Brown,Emily Brown,52,Engineering,Senior Developer,Los Angeles,97457.91,2371.88,2023-01-24,24,69.4,emily.brown@company.com,(351) 828-5305,Active
EMP036711,John,Smith,John Smith,31,Legal,Specialist,Boston,93618.25,8477.45,2021-07-04,8,58.6,john.smith@company.com,(969) 722-9560,Active
EMP036712,Stephanie,Hernandez,Stephanie Hernandez,22,Sales,Associate,Los Angeles,69450.43,10010.99,2022-03-29,0,80.5,stephanie.hernandez@company.com,(723) 792-6958,Active
EMP036713,John,Lopez,John Lopez,49,Marketing,Associate,Los Angeles,53587.42,2627.67,2020-01-31,22,67.6,john.lopez@company.com,(343) 918-7621,Active
EMP036714,Jessica,Rodriguez,Jessica Rodriguez,25,Operations,Analyst,Chicago,63316.07,10145.82,2021-11-22,1,74.8,jessica.rodriguez@company.com,(479) 718-4526,Active
EMP036715,James,Williams,James Williams,49,HR,Manager,Austin,79487.78,2017.58,2022-04-23,24,86.6,james.williams@company.com,(652) 691-5431,Inactive
EMP036716,James,Smith,James Smith,50,HR,Lead,Chicago,78308.09,3424.88,2023-03-31,28,64.9,james.smith@company.com,(252) 280-7579,Active
EMP036717,Stephanie,Garcia,Stephanie Garcia,32,Engineering,Coordinator,Los Angeles,92120.33,15911.99,2023-10-17,8,58.7,stephanie.garcia@company.com,(617) 609-8324,Active
EMP036718,Emily,Moore,Emily Moore,53,Marketing,Associate,Austin,81319.74,5986.72,2020-06-25,31,65.7,emily.moore@company.com,(810) 914-8651,Active
EMP036719,Stephanie,Lopez,Stephanie Lopez,54,Marketing,Specialist,Boston,84633.37,10994.73,2024-02-14,28,35.0,stephanie.lopez@company.com,(497) 870-8774,Active
EMP036720,Lisa,Lopez,Lisa Lopez,53,Legal,Coordinator,San Francisco,95757.31,10653.11,2022-02-07,28,67.0,lisa.lopez@company.com,(943) 814-1719,Active
EMP036721,Emily,Davis,Emily Davis,34,IT,Associate,Miami,87899.44,11035.09,2022-09-29,7,29.1,emily.davis@company.com,(534) 468-2030,Active
EMP036722,David,Jackson,David Jackson,60,IT,Associate,Miami,109145.76,10157.51,2020-10-19,38,74.7,david.jackson@company.com,(347) 792-5277,Active
EMP036723,Michael,Taylor,Michael Taylor,65,HR,Manager,San Francisco,85052.06,7588.82,2020-09-19,36,68.8,michael.taylor@company.com,(270) 593-4449,Active
EMP036724,John,Martinez,John Martinez,49,Engineering,Associate,Chicago,140581.34,11057.22,2022-09-22,26,77.0,john.martinez@company.com,(908) 760-7308,Active
EMP036725,Christopher,Brown,Christopher Brown,49,Legal,Senior Developer,New York,83077.61,10344.68,2021-08-21,22,49.5,christopher.brown@company.com,(939) 663-9554,Active
EMP036726,Ashley,Smith,Ashley Smith,27,Marketing,Manager,Austin,62691.12,12394.52,2023-06-25,1,90.6,ashley.smith@company.com,(650) 808-2336,Active
EMP036727,Matthew,Moore,Matthew Moore,34,Legal,Manager,New York,79558.68,10110.06,2020-03-19,10,64.3,matthew.moore@company.com,(369) 774-5558,Active
EMP036728,Jane,Moore,Jane Moore,62,Marketing,Specialist,Boston,64224.81,11354.27,2020-04-12,38,84.8,jane.moore@company.com,(380) 440-5506,On Leave
EMP036729,Matthew,Martinez,Matthew Martinez,64,Engineering,Senior Developer,Los Angeles,104204.24,8650.5,2024-05-07,37,55.3,matthew.martinez@company.com,(572) 925-8178,Active
EMP036730,Lisa,Moore,Lisa Moore,58,Legal,Specialist,Chicago,106304.68,10480.95,2021-04-17,29,100.0,lisa.moore@company.com,(604) 756-5513,Active
EMP036731,Matthew,Rodriguez,Matthew Rodriguez,48,Engineering,Associate,Miami,97966.33,6936.06,2022-10-24,20,67.1,matthew.rodriguez@company.com,(870) 834-9439,Active
EMP036732,Matthew,Johnson,Matthew Johnson,51,Legal,Lead,Los Angeles,87114.86,10922.61,2024-12-12,26,63.6,matthew.johnson@company.com,(748) 400-7594,Active
EMP036733,Amanda,Lopez,Amanda Lopez,25,Operations,Senior Developer,Miami,49736.57,2411.6,2020-07-21,2,75.0,amanda.lopez@company.com,(654) 521-3689,On Leave
EMP036734,Matthew,Gonzalez,Matthew Gonzalez,30,Operations,Analyst,Seattle,64129.78,7498.88,2020-03-16,8,76.0,matthew.gonzalez@company.com,(272) 826-1715,Active
EMP036735,Stephanie,Brown,Stephanie Brown,42,Operations,Analyst,Seattle,77215.11,8973.17,2021-02-08,15,65.5,stephanie.brown@company.com,(612) 488-9113,Inactive
EMP036736,Melissa,Taylor,Melissa Taylor,58,Operations,Specialist,Boston,81132.19,17197.03,2024-10-16,30,100.0,melissa.taylor@company.com,(401) 254-2376,Active
EMP036737,Melissa,Brown,Melissa Brown,60,HR,Specialist,Los Angeles,71080.95,2382.96,2022-02-14,36,57.1,melissa.brown@company.com,(431) 431-7207,On Leave
EMP036738,Anthony,Moore,Anthony Moore,31,IT,Analyst,Miami,57829.51,6869.58,2023-04-15,3,50.4,anthony.moore@company.com,(267) 943-2794,Active
EMP036739,Melissa,Davis,Melissa Davis,35,HR,Associate,Chicago,41082.6,4027.72,2021-11-08,12,56.4,melissa.davis@company.com,(687) 573-6805,Active
EMP036740,Nicole,Jones,Nicole Jones,42,Finance,Specialist,Los Angeles,86456.31,11385.87,2024-07-08,14,72.6,nicole.jones@company.com,(386) 598-8706,Active
EMP036741,Lisa,Wilson,Lisa Wilson,48,IT,Coordinator,Boston,71740.93,13305.57,2022-03-04,19,100.0,lisa.wilson@company.com,(237) 364-2345,Active
EMP036742,Robert,Miller,Robert Miller,62,Operations,Specialist,Miami,88810.74,11180.68,2022-10-12,36,52.5,robert.miller@company.com,(318) 229-9370,Active
EMP036743,Anthony,Taylor,Anthony Taylor,45,Finance,Analyst,Seattle,65890.38,3693.11,2021-11-19,19,78.4,anthony.taylor@company.com,(732) 395-4155,Active
EMP036744,William,Taylor,William Taylor,61,Marketing,Analyst,Los Angeles,83976.77,5129.75,2024-01-11,33,74.1,william.taylor@company.com,(252) 502-6606,Inactive
EMP036745,Anthony,Moore,Anthony Moore,36,Sales,Specialist,Seattle,83204.62,10819.06,2023-01-21,14,69.0,anthony.moore@company.com,(851) 494-8159,Active
EMP036746,Jessica,Taylor,Jessica Taylor,59,Marketing,Lead,New York,91505.6,16822.79,2020-08-02,30,68.3,jessica.taylor@company.com,(555) 429-4265,On Leave
EMP036747,Michael,Smith,Michael Smith,48,Legal,Lead,New York,88130.6,4474.64,2021-08-11,25,69.2,michael.smith@company.com,(903) 728-7788,Active
EMP036748,Emily,Taylor,Emily Taylor,37,Legal,Analyst,Boston,97232.37,9800.64,2020-12-16,11,50.7,emily.taylor@company.com,(374) 869-7473,Active
EMP036749,Melissa,Wilson,Melissa Wilson,55,Legal,Analyst,Boston,114609.39,17236.73,2022-06-17,32,62.0,melissa.wilson@company.com,(743) 635-5112,Active
EMP036750,David,Williams,David Williams,56,Operations,Lead,Boston,83241.46,6638.9,2024-06-11,29,56.9,david.williams@company.com,(934) 979-2174,Active
EMP036751,Anthony,Martinez,Anthony Martinez,54,IT,Specialist,Seattle,90356.61,14390.87,2021-09-18,31,63.2,anthony.martinez@company.com,(602) 955-5167,Active
EMP036752,Stephanie,Wilson,Stephanie Wilson,62,Operations,Associate,San Francisco,95600.07,6269.32,2023-08-14,35,52.3,stephanie.wilson@company.com,(231) 799-2656,Inactive
EMP036753,Ashley,Lopez,Ashley Lopez,31,Engineering,Analyst,Chicago,83548.15,11300.16,2023-07-22,3,70.1,ashley.lopez@company.com,(851) 302-8320,Active
EMP036754,Christopher,Garcia,Christopher Garcia,25,Finance,Specialist,Austin,37347.67,5040.31,2023-03-27,0,63.6,christopher.garcia@company.com,(383) 714-3863,Inactive
EMP036755,Lisa,Martin,Lisa Martin,45,Marketing,Director,Chicago,84058.65,7499.42,2020-08-27,16,77.9,lisa.martin@company.com,(360) 472-9658,Active
EMP036756,Jessica,Thomas,Jessica Thomas,56,Legal,Analyst,Seattle,134557.31,16102.28,2020-07-28,27,80.1,jessica.thomas@company.com,(222) 525-7290,Active
EMP036757,Daniel,Wilson,Daniel Wilson,39,HR,Manager,Miami,46922.77,8266.94,2023-07-22,13,79.6,daniel.wilson@company.com,(275) 820-9695,Active
EMP036758,David,Gonzalez,David Gonzalez,49,Marketing,Specialist,New York,84211.04,4235.68,2022-01-29,24,51.3,david.gonzalez@company.com,(419) 490-1576,Active
EMP036759,Stephanie,Wilson,Stephanie Wilson,55,Operations,Associate,San Francisco,66644.5,5754.28,2021-03-19,29,66.8,stephanie.wilson@company.com,(245) 240-4308,Active
EMP036760,Matthew,Moore,Matthew Moore,26,Engineering,Coordinator,Seattle,76022.73,9319.75,2024-01-02,0,100.0,matthew.moore@company.com,(611) 763-2834,Active
EMP036761,Nicole,Rodriguez,Nicole Rodriguez,62,Finance,Coordinator,Miami,115890.87,12535.57,2020-07-13,35,100.0,nicole.rodriguez@company.com,(596) 219-3312,Active
EMP036762,Robert,Jones,Robert Jones,40,HR,Specialist,Miami,67635.23,2788.92,2024-05-04,11,67.6,robert.jones@company.com,(236) 238-9947,Active
EMP036763,Michael,Williams,Michael Williams,24,Engineering,Manager,Chicago,110839.22,16979.03,2020-11-06,1,70.6,michael.williams@company.com,(819) 875-8196,Active
EMP036764,Daniel,Miller,Daniel Miller,49,Sales,Senior Developer,Austin,81423.14,10057.6,2021-03-31,23,92.3,daniel.miller@company.com,(968) 554-6563,Active
EMP036765,Matthew,Smith,Matthew Smith,47,Finance,Manager,Seattle,112021.24,10507.03,2020-04-02,18,93.1,matthew.smith@company.com,(518) 692-5022,Inactive
EMP036766,Emily,Johnson,Emily Johnson,22,Engineering,Director,Chicago,85570.19,7915.89,2020-02-27,0,67.7,emily.johnson@company.com,(456) 762-3249,Active
EMP036767,Ashley,Johnson,Ashley Johnson,64,Engineering,Lead,Chicago,120056.78,5922.23,2022-04-13,36,61.6,ashley.johnson@company.com,(360) 220-5407,Inactive
EMP036768,Jane,Hernandez,Jane Hernandez,26,Operations,Lead,Miami,45712.12,2653.21,2021-07-24,0,80.8,jane.hernandez@company.com,(386) 804-9224,Inactive
EMP036769,Daniel,Gonzalez,Daniel Gonzalez,45,IT,Specialist,Seattle,89006.96,10786.61,2024-03-12,21,77.4,daniel.gonzalez@company.com,(536) 410-6717,Active
EMP036770,Sarah,Johnson,Sarah Johnson,31,Marketing,Manager,New York,66637.82,3479.14,2022-01-02,2,92.1,sarah.johnson@company.com,(440) 372-1504,Active
EMP036771,Jessica,Williams,Jessica Williams,49,Operations,Director,Miami,73362.96,10531.26,2021-06-24,21,68.2,jessica.williams@company.com,(627) 850-3025,Active
EMP036772,Michael,Smith,Michael Smith,41,Sales,Director,San Francisco,87721.51,8924.48,2021-05-19,18,88.8,michael.smith@company.com,(409) 549-9512,Active
EMP036773,John,Martin,John Martin,38,HR,Senior Developer,New York,51590.0,7566.97,2023-12-24,11,50.4,john.martin@company.com,(961) 951-5764,Active
EMP036774,Stephanie,Miller,Stephanie Miller,22,Legal,Coordinator,Chicago,95833.16,5407.97,2020-11-05,0,62.0,stephanie.miller@company.com,(262) 746-8146,Active
EMP036775,Ashley,Brown,Ashley Brown,47,Finance,Lead,Los Angeles,78314.13,16901.4,2022-08-31,19,58.7,ashley.brown@company.com,(417) 922-6388,Active
EMP036776,Stephanie,Rodriguez,Stephanie Rodriguez,29,Marketing,Director,Miami,76406.36,10466.17,2024-06-25,4,76.9,stephanie.rodriguez@company.com,(907) 366-4255,Active
EMP036777,Christopher,Rodriguez,Christopher Rodriguez,56,Legal,Analyst,Los Angeles,105093.6,8647.56,2023-12-13,32,46.9,christopher.rodriguez@company.com,(708) 827-2861,Active
EMP036778,David,Moore,David Moore,25,Sales,Coordinator,New York,53696.4,6898.94,2020-04-01,0,90.6,david.moore@company.com,(695) 297-1183,Active
EMP036779,Daniel,Jackson,Daniel Jackson,52,IT,Manager,Chicago,98669.42,15119.0,2023-03-27,28,77.7,daniel.jackson@company.com,(528) 636-8716,Active
EMP036780,Sarah,Gonzalez,Sarah Gonzalez,44,IT,Coordinator,Miami,79919.91,1961.38,2023-01-01,16,92.7,sarah.gonzalez@company.com,(215) 666-1062,Active
EMP036781,Nicole,Thomas,Nicole Thomas,24,Finance,Director,San Francisco,58179.33,5239.29,2022-07-28,1,48.9,nicole.thomas@company.com,(769) 744-9236,Active
EMP036782,Robert,Garcia,Robert Garcia,52,Legal,Manager,Boston,96259.2,10907.75,2024-07-11,28,61.1,robert.garcia@company.com,(433) 688-7656,Active
EMP036783,Robert,Hernandez,Robert Hernandez,38,Finance,Specialist,Los Angeles,71987.02,9673.46,2020-10-17,9,65.8,robert.hernandez@company.com,(616) 750-4850,Active
EMP036784,Michael,Miller,Michael Miller,36,Operations,Director,Seattle,69150.27,7945.3,2022-01-06,13,59.1,michael.miller@company.com,(836) 996-1765,Active
EMP036785,Sarah,Gonzalez,Sarah Gonzalez,24,Operations,Senior Developer,Boston,38644.26,3368.73,2021-02-13,1,85.6,sarah.gonzalez@company.com,(861) 891-2401,Active
EMP036786,Daniel,Martinez,Daniel Martinez,54,HR,Senior Developer,Los Angeles,86174.88,6185.09,2020-10-12,31,98.3,daniel.martinez@company.com,(344) 581-7109,Active
EMP036787,James,Rodriguez,James Rodriguez,53,Marketing,Lead,New York,78510.6,5899.15,2020-02-17,31,66.5,james.rodriguez@company.com,(219) 571-6145,Active
EMP036788,Jane,Thomas,Jane Thomas,64,Sales,Director,Boston,111436.71,15785.43,2020-06-22,40,79.1,jane.thomas@company.com,(698) 457-9282,Active
EMP036789,Michael,Jones,Michael Jones,22,Finance,Associate,Miami,65282.88,3588.87,2023-09-28,0,62.2,michael.jones@company.com,(348) 703-4059,Active
EMP036790,Melissa,Anderson,Melissa Anderson,57,Marketing,Coordinator,Austin,73703.43,5882.13,2022-09-23,33,92.0,melissa.anderson@company.com,(741) 693-5163,Active
EMP036791,Stephanie,Wilson,Stephanie Wilson,29,Marketing,Associate,Seattle,75149.44,8192.1,2022-06-15,3,68.2,stephanie.wilson@company.com,(251) 453-2226,Active
EMP036792,Jessica,Brown,Jessica Brown,59,Finance,Coordinator,Seattle,107330.02,15669.22,2024-09-11,31,77.4,jessica.brown@company.com,(359) 471-8160,Active
EMP036793,Stephanie,Thomas,Stephanie Thomas,45,Finance,Analyst,Miami,93374.8,7979.13,2021-04-20,16,71.7,stephanie.thomas@company.com,(238) 850-7595,Active
EMP036794,Amanda,Johnson,Amanda Johnson,65,HR,Coordinator,Los Angeles,96870.88,4038.18,2022-01-07,43,66.9,amanda.johnson@company.com,(837) 679-3101,Active
EMP036795,Melissa,Jackson,Melissa Jackson,41,Finance,Director,Miami,75602.01,7281.64,2022-06-29,15,81.8,melissa.jackson@company.com,(573) 298-5419,Active
EMP036796,Emily,Gonzalez,Emily Gonzalez,52,Marketing,Analyst,New York,77929.46,8018.65,2021-01-22,28,97.6,emily.gonzalez@company.com,(903) 416-5273,Active
EMP036797,Emily,Moore,Emily Moore,33,IT,Coordinator,Miami,65296.06,5943.48,2023-07-15,8,73.4,emily.moore@company.com,(962) 700-6963,Active
EMP036798,Robert,Wilson,Robert Wilson,40,Marketing,Director,Boston,48220.37,1763.62,2021-01-04,16,34.2,robert.wilson@company.com,(939) 492-9944,On Leave
EMP036799,Emily,Davis,Emily Davis,44,Legal,Associate,Seattle,106210.13,10163.82,2022-08-30,17,60.4,emily.davis@company.com,(862) 625-9671,Active
EMP036800,Daniel,Davis,Daniel Davis,65,Marketing,Specialist,Boston,96583.11,15801.02,2020-02-12,43,73.6,daniel.davis@company.com,(703) 561-1773,On Leave
EMP036801,Daniel,Jackson,Daniel Jackson,56,Sales,Associate,Boston,106570.98,20350.93,2023-07-07,32,78.2,daniel.jackson@company.com,(987) 984-9938,Active
EMP036802,Sarah,Thomas,Sarah Thomas,25,Finance,Associate,Miami,78350.87,4448.13,2020-09-22,0,100.0,sarah.thomas@company.com,(571) 424-8024,Active
EMP036803,Robert,Anderson,Robert Anderson,64,Operations,Associate,Los Angeles,76652.44,3661.85,2023-08-24,42,76.5,robert.anderson@company.com,(611) 750-6146,Active
EMP036804,David,Davis,David Davis,35,Engineering,Coordinator,Chicago,71115.82,12697.27,2023-11-29,7,61.2,david.davis@company.com,(484) 276-7328,Inactive
EMP036805,Emily,Hernandez,Emily Hernandez,63,Legal,Associate,New York,108554.95,10802.92,2024-10-17,34,68.1,emily.hernandez@company.com,(512) 578-2100,Active
EMP036806,Jessica,Davis,Jessica Davis,42,Engineering,Senior Developer,New York,62061.43,5042.95,2022-12-29,20,74.4,jessica.davis@company.com,(632) 842-6996,Active
EMP036807,Jessica,Lopez,Jessica Lopez,58,Legal,Senior Developer,Austin,110515.76,9573.05,2022-08-28,31,50.9,jessica.lopez@company.com,(227) 769-5006,Active
EMP036808,Nicole,Martinez,Nicole Martinez,49,Legal,Director,Austin,76262.4,4675.39,2023-11-02,26,100.0,nicole.martinez@company.com,(443) 488-4505,Active
EMP036809,Jessica,Thomas,Jessica Thomas,44,Legal,Specialist,Chicago,57803.09,4890.82,2024-11-06,20,56.8,jessica.thomas@company.com,(381) 718-4060,Active
EMP036810,Jessica,Jones,Jessica Jones,29,Legal,Coordinator,Austin,124249.31,8031.96,2024-05-16,7,65.1,jessica.jones@company.com,(286) 694-3373,Active
EMP036811,Ashley,Smith,Ashley Smith,31,HR,Coordinator,Chicago,45993.5,5809.45,2022-11-12,2,38.6,ashley.smith@company.com,(260) 982-4824,Active
EMP036812,Sarah,Rodriguez,Sarah Rodriguez,35,Legal,Senior Developer,Miami,70577.48,0.0,2022-03-24,12,66.5,sarah.rodriguez@company.com,(603) 959-2939,Active
EMP036813,Stephanie,Hernandez,Stephanie Hernandez,51,Engineering,Coordinator,New York,92883.94,11393.64,2023-06-02,28,65.6,stephanie.hernandez@company.com,(663) 550-2016,Active
EMP036814,Lisa,Williams,Lisa Williams,44,Legal,Specialist,Chicago,82191.63,5051.19,2020-02-14,21,72.3,lisa.williams@company.com,(894) 540-2458,Active
EMP036815,Amanda,Miller,Amanda Miller,48,Marketing,Coordinator,Seattle,80454.11,13639.12,2020-08-08,25,74.4,amanda.miller@company.com,(276) 947-9078,Active
EMP036816,Ashley,Martin,Ashley Martin,43,Legal,Director,New York,83295.72,2407.04,2021-12-16,16,77.8,ashley.martin@company.com,(224) 370-2616,Active
EMP036817,Ashley,Taylor,Ashley Taylor,63,Legal,Lead,Austin,121640.59,0.0,2021-02-02,40,76.0,ashley.taylor@company.com,(273) 503-6890,Active
EMP036818,James,Gonzalez,James Gonzalez,35,Engineering,Coordinator,New York,124649.41,13467.32,2021-04-04,8,81.7,james.gonzalez@company.com,(947) 707-5110,On Leave
EMP036819,Jane,Lopez,Jane Lopez,52,Finance,Associate,Los Angeles,105821.45,9905.23,2023-08-15,26,69.5,jane.lopez@company.com,(828) 432-8810,Active
EMP036820,Ashley,Jones,Ashley Jones,39,HR,Associate,Los Angeles,79266.61,16850.63,2020-07-20,13,52.4,ashley.jones@company.com,(536) 885-3116,Active
EMP036821,Jane,Anderson,Jane Anderson,26,HR,Coordinator,Austin,68596.1,5467.85,2024-09-12,1,92.6,jane.anderson@company.com,(506) 346-1948,Active
EMP036822,John,Jones,John Jones,39,Operations,Lead,Austin,70867.09,3167.31,2021-02-15,11,71.2,john.jones@company.com,(755) 778-8331,Active
EMP036823,David,Wilson,David Wilson,41,IT,Manager,Los Angeles,77358.67,9341.46,2020-12-22,12,57.5,david.wilson@company.com,(954) 277-2748,Active
EMP036824,Christopher,Martin,Christopher Martin,45,Legal,Coordinator,Seattle,93969.46,3134.4,2022-11-11,18,40.2,christopher.martin@company.com,(739) 591-4840,Active
EMP036825,Sarah,Jackson,Sarah Jackson,56,Engineering,Analyst,Boston,104488.54,4874.61,2023-06-27,34,94.9,sarah.jackson@company.com,(277) 213-5543,Inactive
EMP036826,Emily,Wilson,Emily Wilson,52,Legal,Specialist,Chicago,100604.21,3138.26,2020-04-30,30,84.3,emily.wilson@company.com,(647) 555-2864,Active
EMP036827,Christopher,Williams,Christopher Williams,41,Sales,Coordinator,Los Angeles,93935.27,3513.69,2024-06-05,16,76.1,christopher.williams@company.com,(821) 869-1177,Active
EMP036828,Sarah,Wilson,Sarah Wilson,45,Legal,Director,Austin,71135.24,14581.6,2020-10-05,16,69.7,sarah.wilson@company.com,(660) 415-1628,Active
EMP036829,Michael,Davis,Michael Davis,46,IT,Lead,Chicago,94012.76,7132.24,2024-01-21,22,72.1,michael.davis@company.com,(734) 383-5065,Active
EMP036830,Sarah,Smith,Sarah Smith,31,Sales,Director,Seattle,74223.16,3839.32,2024-09-27,7,77.9,sarah.smith@company.com,(753) 546-9440,On Leave
EMP036831,James,Thomas,James Thomas,38,Marketing,Associate,Miami,53559.38,9133.93,2020-05-16,11,53.3,james.thomas@company.com,(769) 507-6550,Active
EMP036832,Jessica,Davis,Jessica Davis,47,Sales,Director,Boston,79345.28,11166.85,2024-03-25,22,94.5,jessica.davis@company.com,(432) 310-4044,Active
EMP036833,Ashley,Williams,Ashley Williams,45,Operations,Lead,Chicago,56113.02,7069.32,2024-10-05,20,65.6,ashley.williams@company.com,(740) 951-1381,Active
EMP036834,Jane,Martin,Jane Martin,49,Engineering,Lead,San Francisco,102544.14,15131.13,2020-11-27,24,100.0,jane.martin@company.com,(208) 342-9433,Active
EMP036835,Robert,Jackson,Robert Jackson,41,Operations,Specialist,Miami,61311.04,3581.67,2022-07-27,12,97.4,robert.jackson@company.com,(770) 963-1660,Active
EMP036836,Lisa,Thomas,Lisa Thomas,47,Finance,Associate,Chicago,66294.68,10759.28,2023-08-14,25,93.4,lisa.thomas@company.com,(867) 802-1333,Active
EMP036837,Melissa,Garcia,Melissa Garcia,46,Operations,Director,Boston,66229.33,9502.41,2023-01-03,17,60.1,melissa.garcia@company.com,(660) 697-7233,Active
EMP036838,Robert,Martin,Robert Martin,57,Operations,Associate,Austin,57722.89,8928.6,2022-01-18,28,79.5,robert.martin@company.com,(882) 449-1507,Active
EMP036839,John,Miller,John Miller,47,IT,Director,Miami,103728.71,11477.79,2024-11-20,21,50.1,john.miller@company.com,(746) 822-9987,Active
EMP036840,Sarah,Johnson,Sarah Johnson,27,HR,Manager,Austin,40228.06,4998.1,2020-07-25,5,80.4,sarah.johnson@company.com,(383) 468-3989,Active
EMP036841,James,Gonzalez,James Gonzalez,35,Engineering,Analyst,San Francisco,55846.94,14072.19,2023-07-29,12,100.0,james.gonzalez@company.com,(957) 574-7057,Active
EMP036842,David,Anderson,David Anderson,43,Finance,Specialist,New York,62248.76,10079.11,2023-07-21,18,59.7,david.anderson@company.com,(943) 902-8768,Active
EMP036843,Christopher,Smith,Christopher Smith,48,IT,Coordinator,San Francisco,102468.15,9869.86,2020-08-12,20,67.3,christopher.smith@company.com,(904) 675-7045,Active
EMP036844,Stephanie,Martinez,Stephanie Martinez,48,Engineering,Lead,Miami,90199.47,6708.1,2020-05-09,22,79.7,stephanie.martinez@company.com,(417) 725-2474,Active
EMP036845,Christopher,Rodriguez,Christopher Rodriguez,28,Marketing,Analyst,New York,67364.29,9415.94,2023-09-19,6,85.5,christopher.rodriguez@company.com,(619) 913-5314,Active
EMP036846,Matthew,Wilson,Matthew Wilson,45,IT,Analyst,San Francisco,82045.94,16393.08,2020-10-07,16,76.6,matthew.wilson@company.com,(399) 724-4249,Active
EMP036847,Stephanie,Rodriguez,Stephanie Rodriguez,42,Finance,Lead,Los Angeles,76006.2,3007.39,2022-03-08,20,66.5,stephanie.rodriguez@company.com,(788) 970-7215,Active
EMP036848,Amanda,Miller,Amanda Miller,33,Operations,Coordinator,Austin,44790.59,7848.88,2020-05-05,5,98.8,amanda.miller@company.com,(872) 945-7042,Inactive
EMP036849,Robert,Wilson,Robert Wilson,47,Finance,Senior Developer,Austin,90812.21,11143.3,2024-07-11,21,68.6,robert.wilson@company.com,(911) 815-2641,Active
EMP036850,Daniel,Smith,Daniel Smith,37,Legal,Analyst,Austin,87139.25,465.35,2024-12-22,13,69.8,daniel.smith@company.com,(918) 677-1201,Active
EMP036851,Christopher,Williams,Christopher Williams,59,HR,Coordinator,Austin,92424.58,4807.81,2024-06-30,30,87.7,christopher.williams@company.com,(563) 546-4539,Active
EMP036852,John,Thomas,John Thomas,22,Sales,Coordinator,Seattle,84412.73,10710.78,2022-10-05,0,81.1,john.thomas@company.com,(563) 983-2840,Active
EMP036853,Nicole,Thomas,Nicole Thomas,40,Finance,Analyst,Seattle,88056.7,11691.77,2021-08-10,18,88.2,nicole.thomas@company.com,(693) 422-8291,Active
EMP036854,James,Martin,James Martin,60,HR,Manager,San Francisco,102545.76,14737.29,2024-06-23,34,61.7,james.martin@company.com,(907) 703-4085,Active
EMP036855,David,Thomas,David Thomas,49,Finance,Coordinator,San Francisco,99341.49,6623.35,2024-07-11,20,81.0,david.thomas@company.com,(590) 265-1609,Active
EMP036856,Sarah,Johnson,Sarah Johnson,58,Sales,Coordinator,Miami,105171.85,14264.38,2020-02-11,30,100.0,sarah.johnson@company.com,(542) 452-4266,Active
EMP036857,Lisa,Hernandez,Lisa Hernandez,64,Engineering,Lead,Seattle,161645.38,17840.67,2020-10-20,35,56.7,lisa.hernandez@company.com,(605) 692-8471,Active
EMP036858,Michael,Hernandez,Michael Hernandez,58,Operations,Analyst,Chicago,50509.66,9962.44,2023-01-08,32,95.2,michael.hernandez@company.com,(656) 692-1412,Active
EMP036859,Melissa,Hernandez,Melissa Hernandez,29,Engineering,Manager,New York,105771.9,13559.81,2020-09-28,7,67.2,melissa.hernandez@company.com,(223) 218-8437,Active
EMP036860,Lisa,Hernandez,Lisa Hernandez,58,IT,Specialist,Seattle,106579.58,5983.35,2023-09-24,33,78.3,lisa.hernandez@company.com,(541) 701-5293,Active
EMP036861,Matthew,Taylor,Matthew Taylor,57,IT,Director,Miami,92942.39,14698.94,2020-01-18,28,65.5,matthew.taylor@company.com,(375) 742-1629,Active
EMP036862,Christopher,Jackson,Christopher Jackson,22,Operations,Manager,Chicago,54876.36,8393.92,2020-05-06,0,82.8,christopher.jackson@company.com,(774) 391-7046,Active
EMP036863,Daniel,Gonzalez,Daniel Gonzalez,53,Finance,Director,Seattle,58228.67,6040.66,2020-03-28,31,90.0,daniel.gonzalez@company.com,(809) 755-9177,Active
EMP036864,Michael,Taylor,Michael Taylor,31,Finance,Associate,Boston,75330.88,1660.75,2023-09-26,7,100.0,michael.taylor@company.com,(773) 423-3871,Active
EMP036865,William,Brown,William Brown,58,Sales,Specialist,Miami,88559.61,5106.56,2022-01-24,29,71.7,william.brown@company.com,(822) 774-2080,Active
EMP036866,John,Rodriguez,John Rodriguez,63,Legal,Manager,Chicago,98176.33,5852.97,2023-08-23,41,65.0,john.rodriguez@company.com,(944) 999-3377,Active
EMP036867,John,Jackson,John Jackson,31,Legal,Coordinator,Miami,81305.82,10437.26,2023-01-17,8,86.7,john.jackson@company.com,(811) 319-7087,Active
EMP036868,Jane,Brown,Jane Brown,24,IT,Lead,Chicago,113890.55,14627.59,2022-10-04,0,62.6,jane.brown@company.com,(336) 427-5098,Active
EMP036869,Matthew,Smith,Matthew Smith,51,Marketing,Specialist,Chicago,57050.99,8109.36,2021-09-30,27,76.9,matthew.smith@company.com,(758) 513-9501,Active
EMP036870,James,Hernandez,James Hernandez,22,Operations,Manager,Austin,46817.59,6350.76,2020-06-20,0,70.2,james.hernandez@company.com,(422) 645-7126,Active
EMP036871,Daniel,Jackson,Daniel Jackson,38,Sales,Analyst,Seattle,79256.26,8054.26,2024-05-29,11,83.9,daniel.jackson@company.com,(428) 351-9954,Inactive
EMP036872,Emily,Wilson,Emily Wilson,41,IT,Coordinator,Austin,79220.66,0.0,2024-05-22,17,88.0,emily.wilson@company.com,(242) 541-2268,Active
EMP036873,Sarah,Williams,Sarah Williams,55,Sales,Lead,Miami,66959.3,8169.4,2021-10-29,30,83.1,sarah.williams@company.com,(364) 883-2081,Active
EMP036874,Michael,Rodriguez,Michael Rodriguez,30,Sales,Manager,Austin,59150.86,10604.21,2022-09-15,1,64.9,michael.rodriguez@company.com,(964) 660-1527,Active
EMP036875,Matthew,Hernandez,Matthew Hernandez,34,Legal,Coordinator,Los Angeles,77779.96,10934.74,2024-01-15,12,84.9,matthew.hernandez@company.com,(572) 565-2138,Active
EMP036876,Sarah,Thomas,Sarah Thomas,44,HR,Associate,Chicago,62638.36,3596.5,2021-03-21,20,58.7,sarah.thomas@company.com,(448) 426-6046,On Leave
EMP036877,Christopher,Brown,Christopher Brown,61,Finance,Associate,Seattle,91666.03,13456.49,2023-12-03,35,85.2,christopher.brown@company.com,(843) 480-4096,Active
EMP036878,Sarah,Moore,Sarah Moore,23,Marketing,Manager,Los Angeles,49363.71,4151.37,2023-12-24,0,61.8,sarah.moore@company.com,(945) 379-9070,Active
EMP036879,John,Martinez,John Martinez,42,Finance,Associate,Seattle,96638.73,14055.96,2020-02-15,13,73.5,john.martinez@company.com,(865) 482-2717,Active
EMP036880,Christopher,Thomas,Christopher Thomas,54,HR,Lead,Miami,71496.0,9867.25,2024-01-22,28,84.0,christopher.thomas@company.com,(576) 646-1823,Active
EMP036881,Jane,Lopez,Jane Lopez,56,HR,Analyst,Boston,77717.11,6544.76,2021-06-23,30,83.0,jane.lopez@company.com,(710) 932-1994,Active
EMP036882,Lisa,Williams,Lisa Williams,27,Operations,Director,Chicago,82723.76,11669.69,2021-03-28,2,74.9,lisa.williams@company.com,(741) 564-9756,Active
EMP036883,Ashley,Martinez,Ashley Martinez,42,Finance,Lead,Boston,79480.81,12991.36,2023-08-26,16,91.5,ashley.martinez@company.com,(620) 916-8894,Active
EMP036884,Amanda,Johnson,Amanda Johnson,33,Legal,Lead,New York,86677.75,14311.83,2023-06-13,11,81.9,amanda.johnson@company.com,(941) 842-7129,Active
EMP036885,Emily,Davis,Emily Davis,61,Finance,Associate,Boston,118404.62,19754.44,2020-11-05,33,84.5,emily.davis@company.com,(322) 543-6214,Active
EMP036886,Matthew,Williams,Matthew Williams,24,Operations,Analyst,New York,54039.95,5381.6,2023-08-02,0,77.8,matthew.williams@company.com,(244) 859-1854,Active
EMP036887,James,Jones,James Jones,52,HR,Senior Developer,Boston,66900.66,9116.06,2023-01-19,24,93.3,james.jones@company.com,(880) 285-6198,Active
EMP036888,Lisa,Thomas,Lisa Thomas,59,Sales,Lead,Seattle,82520.63,7173.37,2020-07-10,33,76.4,lisa.thomas@company.com,(205) 253-1756,Active
EMP036889,William,Davis,William Davis,53,IT,Analyst,New York,98717.11,6980.84,2022-10-28,28,84.3,william.davis@company.com,(378) 207-5247,Active
EMP036890,Michael,Miller,Michael Miller,26,Marketing,Specialist,Los Angeles,53856.09,2719.4,2020-02-22,0,100.0,michael.miller@company.com,(222) 950-3307,Active
EMP036891,Melissa,Jackson,Melissa Jackson,26,Operations,Lead,Boston,54392.31,6188.64,2024-05-07,4,57.2,melissa.jackson@company.com,(833) 364-3464,Active
EMP036892,James,Jones,James Jones,23,Operations,Coordinator,Boston,62383.44,0.0,2022-01-14,0,77.7,james.jones@company.com,(741) 716-7903,Active
EMP036893,Anthony,Miller,Anthony Miller,31,Sales,Analyst,Los Angeles,68533.57,6046.49,2024-01-20,5,100.0,anthony.miller@company.com,(508) 319-7196,Active
EMP036894,Robert,Jones,Robert Jones,50,Marketing,Coordinator,Austin,84408.93,7221.87,2022-12-07,21,44.8,robert.jones@company.com,(508) 595-1255,Active
EMP036895,Ashley,Martin,Ashley Martin,43,Legal,Director,Los Angeles,100408.42,13368.05,2023-12-18,18,88.1,ashley.martin@company.com,(649) 772-9559,Active
EMP036896,William,Jackson,William Jackson,30,Sales,Lead,Chicago,63474.83,5940.24,2023-03-12,7,78.1,william.jackson@company.com,(201) 393-1477,Active
EMP036897,Lisa,Miller,Lisa Miller,59,Marketing,Coordinator,Los Angeles,95266.49,10125.55,2021-01-13,33,93.3,lisa.miller@company.com,(918) 911-5989,Inactive
EMP036898,Daniel,Johnson,Daniel Johnson,30,Marketing,Director,Seattle,38692.87,2912.74,2023-11-03,2,82.1,daniel.johnson@company.com,(328) 720-4038,Active
EMP036899,Ashley,Miller,Ashley Miller,65,Finance,Director,Boston,101219.43,7311.09,2022-01-04,40,68.1,ashley.miller@company.com,(819) 384-9011,Active
EMP036900,Stephanie,Garcia,Stephanie Garcia,56,Legal,Analyst,Boston,108928.62,7005.5,2020-01-09,29,86.1,stephanie.garcia@company.com,(927) 393-1732,Active
EMP036901,Nicole,Thomas,Nicole Thomas,59,Marketing,Senior Developer,Austin,68612.17,8349.76,2022-07-03,32,61.7,nicole.thomas@company.com,(949) 900-8388,Active
EMP036902,John,Gonzalez,John Gonzalez,64,Marketing,Analyst,Miami,74270.71,10520.7,2020-12-14,35,80.9,john.gonzalez@company.com,(736) 683-4240,Active
EMP036903,William,Hernandez,William Hernandez,39,Sales,Associate,San Francisco,65259.2,3505.13,2020-06-19,15,75.0,william.hernandez@company.com,(471) 310-4393,Inactive
EMP036904,James,Martin,James Martin,24,Legal,Coordinator,Los Angeles,77721.08,12049.34,2024-12-25,2,88.1,james.martin@company.com,(589) 740-9481,Active
EMP036905,Robert,Miller,Robert Miller,34,Marketing,Specialist,Miami,96084.47,5339.63,2020-06-17,5,81.8,robert.miller@company.com,(289) 265-3832,Active
EMP036906,Ashley,Jones,Ashley Jones,46,Legal,Specialist,Chicago,81724.76,4631.17,2021-03-05,20,63.1,ashley.jones@company.com,(977) 593-8474,Active
EMP036907,David,Hernandez,David Hernandez,53,HR,Senior Developer,Miami,57795.77,5907.45,2022-01-17,31,91.3,david.hernandez@company.com,(631) 338-5013,Active
EMP036908,Emily,Martinez,Emily Martinez,53,Sales,Director,Chicago,103619.97,7715.32,2023-06-23,29,82.4,emily.martinez@company.com,(419) 606-9421,Active
EMP036909,Daniel,Jones,Daniel Jones,64,Sales,Director,Austin,86175.35,7496.42,2023-12-01,36,68.2,daniel.jones@company.com,(304) 555-4978,Active
EMP036910,Lisa,Martin,Lisa Martin,60,Marketing,Manager,New York,88382.08,9715.38,2023-10-01,31,54.1,lisa.martin@company.com,(885) 474-2672,Inactive
EMP036911,James,Gonzalez,James Gonzalez,41,Operations,Coordinator,San Francisco,33594.65,1656.62,2023-08-14,19,63.3,james.gonzalez@company.com,(265) 788-5657,Active
EMP036912,David,Davis,David Davis,51,IT,Specialist,Seattle,90186.96,6951.9,2022-05-28,24,100.0,david.davis@company.com,(501) 233-2782,Active
EMP036913,Jane,Martin,Jane Martin,29,Engineering,Analyst,Austin,48635.34,4091.23,2022-02-20,1,70.1,jane.martin@company.com,(350) 798-5084,Inactive
EMP036914,John,Davis,John Davis,55,Finance,Coordinator,Seattle,104507.93,15551.75,2023-12-17,29,81.7,john.davis@company.com,(307) 435-9880,Active
EMP036915,James,Smith,James Smith,55,Finance,Manager,Austin,84723.53,9952.16,2022-12-14,31,66.5,james.smith@company.com,(250) 833-3868,Active
EMP036916,Emily,Rodriguez,Emily Rodriguez,59,HR,Lead,Miami,61664.53,7826.97,2020-04-19,30,82.2,emily.rodriguez@company.com,(804) 291-8494,Active
EMP036917,John,Garcia,John Garcia,22,Legal,Lead,New York,47163.96,7041.75,2022-12-21,0,61.5,john.garcia@company.com,(578) 735-2717,Active
EMP036918,Ashley,Williams,Ashley Williams,58,HR,Analyst,San Francisco,80658.95,6241.38,2020-05-22,35,86.5,ashley.williams@company.com,(797) 740-5089,Active
EMP036919,Robert,Brown,Robert Brown,49,HR,Analyst,Chicago,81534.64,15487.97,2021-02-13,25,73.1,robert.brown@company.com,(765) 572-1618,Active
EMP036920,Lisa,Smith,Lisa Smith,60,Legal,Associate,Seattle,131591.81,10985.06,2023-09-30,37,55.0,lisa.smith@company.com,(505) 888-8024,Active
EMP036921,John,Gonzalez,John Gonzalez,43,IT,Manager,Boston,96387.58,5237.49,2022-10-07,18,75.9,john.gonzalez@company.com,(638) 882-8912,Inactive
EMP036922,Ashley,Miller,Ashley Miller,28,Legal,Manager,Boston,56137.11,4055.62,2020-12-11,1,75.4,ashley.miller@company.com,(485) 619-3935,Active
EMP036923,William,Jones,William Jones,50,Operations,Senior Developer,Los Angeles,70424.48,6597.51,2022-06-23,27,100.0,william.jones@company.com,(209) 559-6224,Active
EMP036924,Daniel,Taylor,Daniel Taylor,51,Operations,Coordinator,Chicago,71235.73,13350.53,2023-11-15,27,89.1,daniel.taylor@company.com,(630) 583-5218,Active
EMP036925,Melissa,Jones,Melissa Jones,52,HR,Coordinator,San Francisco,66809.46,235.25,2021-10-13,26,75.0,melissa.jones@company.com,(307) 958-3216,Active
EMP036926,Jane,Johnson,Jane Johnson,60,Engineering,Lead,Boston,90583.13,8217.08,2020-10-17,31,88.8,jane.johnson@company.com,(436) 269-1591,Active
EMP036927,Ashley,Moore,Ashley Moore,36,HR,Specialist,Chicago,54534.32,1185.64,2020-06-28,9,61.1,ashley.moore@company.com,(403) 334-7656,Active
EMP036928,Daniel,Thomas,Daniel Thomas,49,Legal,Analyst,Seattle,117785.45,8718.1,2024-05-23,20,84.4,daniel.thomas@company.com,(670) 212-4829,Active
EMP036929,Jane,Wilson,Jane Wilson,41,Operations,Analyst,Boston,54291.63,0.0,2024-05-10,12,70.4,jane.wilson@company.com,(490) 887-8226,On Leave
EMP036930,Robert,Johnson,Robert Johnson,33,Sales,Coordinator,Austin,72071.66,10472.4,2023-04-24,4,53.5,robert.johnson@company.com,(980) 870-8642,Active
EMP036931,Emily,Smith,Emily Smith,45,Engineering,Lead,Seattle,115721.05,0.0,2023-02-21,20,95.2,emily.smith@company.com,(986) 562-7626,Active
EMP036932,Matthew,Martinez,Matthew Martinez,31,Engineering,Associate,San Francisco,89302.09,6221.41,2021-06-27,3,86.5,matthew.martinez@company.com,(315) 470-8782,Active
EMP036933,Michael,Taylor,Michael Taylor,43,Legal,Coordinator,Seattle,116097.6,7082.24,2020-05-05,17,79.0,michael.taylor@company.com,(984) 851-8258,On Leave
EMP036934,John,Johnson,John Johnson,46,HR,Lead,Seattle,72829.51,6172.41,2023-08-22,22,73.2,john.johnson@company.com,(298) 905-7137,Active
EMP036935,Michael,Williams,Michael Williams,22,Marketing,Director,Seattle,46779.55,2551.84,2022-01-18,0,73.1,michael.williams@company.com,(525) 536-2909,Active
EMP036936,Sarah,Brown,Sarah Brown,51,HR,Specialist,Chicago,80727.24,12219.21,2021-06-26,23,66.4,sarah.brown@company.com,(547) 645-4408,Active
EMP036937,Stephanie,Thomas,Stephanie Thomas,30,Engineering,Director,Chicago,69757.63,8968.45,2021-07-21,1,72.5,stephanie.thomas@company.com,(961) 728-6318,Active
EMP036938,Anthony,Brown,Anthony Brown,23,Finance,Analyst,San Francisco,55116.02,10280.47,2024-06-20,0,60.5,anthony.brown@company.com,(332) 760-1406,Active
EMP036939,Amanda,Thomas,Amanda Thomas,38,Marketing,Coordinator,Los Angeles,47670.87,4804.09,2023-09-08,15,98.6,amanda.thomas@company.com,(683) 960-7949,Active
EMP036940,Jessica,Rodriguez,Jessica Rodriguez,24,Finance,Coordinator,Miami,93660.93,10885.18,2024-05-31,0,70.4,jessica.rodriguez@company.com,(711) 341-8464,Active
EMP036941,Sarah,Miller,Sarah Miller,37,IT,Specialist,Chicago,95512.25,3219.35,2020-07-26,10,87.2,sarah.miller@company.com,(688) 263-7403,Active
EMP036942,Nicole,Lopez,Nicole Lopez,49,Finance,Analyst,Chicago,109697.12,10749.34,2024-11-10,27,74.5,nicole.lopez@company.com,(678) 392-7650,Active
EMP036943,Daniel,Smith,Daniel Smith,41,Sales,Specialist,Boston,72803.1,5353.79,2023-12-14,15,92.8,daniel.smith@company.com,(439) 955-6634,Active
EMP036944,Michael,Lopez,Michael Lopez,39,Engineering,Coordinator,Seattle,126571.0,1981.46,2021-11-22,14,76.1,michael.lopez@company.com,(321) 915-2444,Active
EMP036945,Sarah,Johnson,Sarah Johnson,56,Legal,Analyst,San Francisco,87862.5,5671.15,2021-08-23,29,48.1,sarah.johnson@company.com,(787) 403-4324,Active
EMP036946,David,Miller,David Miller,23,Operations,Coordinator,Miami,56216.31,8987.01,2024-05-21,0,85.9,david.miller@company.com,(650) 704-6125,Active
EMP036947,James,Johnson,James Johnson,44,Legal,Lead,Los Angeles,71632.74,7321.31,2023-01-15,15,76.1,james.johnson@company.com,(513) 995-8116,Active
EMP036948,David,Brown,David Brown,57,IT,Analyst,Los Angeles,109233.12,8238.28,2021-01-30,32,62.5,david.brown@company.com,(558) 455-2674,Active
EMP036949,Jane,Moore,Jane Moore,59,Engineering,Associate,Chicago,84962.62,11853.81,2023-05-22,30,53.7,jane.moore@company.com,(866) 395-9634,Active
EMP036950,Matthew,Lopez,Matthew Lopez,40,Operations,Lead,San Francisco,68386.39,7775.91,2024-12-27,18,76.2,matthew.lopez@company.com,(585) 615-4927,Active
EMP036951,Daniel,Martin,Daniel Martin,31,Marketing,Manager,Los Angeles,66852.77,6197.22,2023-09-12,8,86.7,daniel.martin@company.com,(599) 862-2948,Active
EMP036952,Jessica,Williams,Jessica Williams,33,Engineering,Lead,San Francisco,76351.72,4998.42,2024-05-12,4,75.8,jessica.williams@company.com,(355) 757-3561,Active
EMP036953,David,Moore,David Moore,35,Legal,Senior Developer,Miami,93589.46,16493.26,2022-05-29,7,56.5,david.moore@company.com,(706) 892-2891,Active
EMP036954,Daniel,Moore,Daniel Moore,48,Legal,Coordinator,Boston,99390.53,5582.71,2020-02-19,19,71.3,daniel.moore@company.com,(498) 266-9352,Active
EMP036955,David,Smith,David Smith,47,Operations,Specialist,Boston,73405.74,123.84,2023-06-30,22,45.1,david.smith@company.com,(263) 340-5465,Active
EMP036956,Daniel,Williams,Daniel Williams,50,IT,Manager,New York,139481.03,0.0,2020-08-28,21,82.5,daniel.williams@company.com,(565) 697-6064,Active
EMP036957,Michael,Johnson,Michael Johnson,65,Engineering,Director,Chicago,120557.0,14317.05,2021-10-10,38,75.4,michael.johnson@company.com,(974) 402-9413,Active
EMP036958,Lisa,Martinez,Lisa Martinez,39,HR,Manager,San Francisco,69864.62,11558.69,2022-05-27,12,80.3,lisa.martinez@company.com,(804) 813-5438,Active
EMP036959,Daniel,Davis,Daniel Davis,25,HR,Lead,Austin,54023.18,1351.7,2023-02-14,0,64.9,daniel.davis@company.com,(958) 581-6159,Active
EMP036960,Melissa,Moore,Melissa Moore,24,Marketing,Specialist,Los Angeles,68005.92,1123.76,2024-12-26,0,90.4,melissa.moore@company.com,(355) 451-6793,Active
EMP036961,Robert,Lopez,Robert Lopez,56,Legal,Manager,Seattle,116283.54,17767.59,2022-12-25,29,92.8,robert.lopez@company.com,(469) 518-3521,Active
EMP036962,Christopher,Garcia,Christopher Garcia,36,Legal,Analyst,Los Angeles,111519.7,12563.85,2020-08-30,14,82.4,christopher.garcia@company.com,(740) 415-2835,Active
EMP036963,David,Taylor,David Taylor,23,Engineering,Director,New York,100269.28,11025.74,2023-08-12,0,50.8,david.taylor@company.com,(701) 550-7713,Active
EMP036964,Stephanie,Miller,Stephanie Miller,47,Finance,Manager,New York,75198.07,10973.64,2020-01-07,21,73.4,stephanie.miller@company.com,(538) 881-9018,Active
EMP036965,Sarah,Thomas,Sarah Thomas,25,Legal,Coordinator,Seattle,65993.54,6279.7,2024-06-17,2,77.9,sarah.thomas@company.com,(973) 642-3739,Active
EMP036966,John,Johnson,John Johnson,52,Operations,Specialist,Austin,75130.54,11345.45,2022-12-22,24,81.7,john.johnson@company.com,(377) 581-4974,On Leave
EMP036967,Jessica,Jones,Jessica Jones,33,IT,Manager,Boston,70453.96,8148.84,2022-05-03,9,74.1,jessica.jones@company.com,(913) 468-4559,Active
EMP036968,Amanda,Taylor,Amanda Taylor,39,Sales,Associate,Miami,84106.83,9937.12,2022-10-26,16,79.0,amanda.taylor@company.com,(386) 894-6505,Active
EMP036969,Daniel,Jones,Daniel Jones,61,HR,Senior Developer,Los Angeles,86367.97,7972.85,2023-03-26,34,63.3,daniel.jones@company.com,(326) 746-6451,Active
EMP036970,Ashley,Garcia,Ashley Garcia,59,Operations,Senior Developer,Los Angeles,63145.42,9667.24,2022-06-14,36,60.5,ashley.garcia@company.com,(874) 771-3996,Active
EMP036971,John,Hernandez,John Hernandez,36,Sales,Manager,Chicago,76847.65,7546.86,2023-06-18,13,73.7,john.hernandez@company.com,(690) 275-6526,Active
EMP036972,Jessica,Williams,Jessica Williams,24,Legal,Director,Chicago,123829.19,1553.83,2024-01-01,0,71.8,jessica.williams@company.com,(950) 250-6004,Inactive
EMP036973,Amanda,Wilson,Amanda Wilson,63,Engineering,Associate,Seattle,108893.22,9233.73,2020-12-13,41,80.4,amanda.wilson@company.com,(656) 811-7297,Active
EMP036974,Jane,Taylor,Jane Taylor,65,Sales,Specialist,Miami,93036.89,7325.89,2022-05-14,42,78.2,jane.taylor@company.com,(702) 994-1729,Active
EMP036975,Matthew,Jones,Matthew Jones,60,Legal,Senior Developer,Boston,124798.61,1452.82,2022-02-06,32,80.7,matthew.jones@company.com,(266) 444-6404,Active
EMP036976,John,Lopez,John Lopez,25,IT,Director,Boston,92391.43,9916.04,2023-12-21,1,74.0,john.lopez@company.com,(902) 505-8160,Active
EMP036977,Michael,Brown,Michael Brown,59,Engineering,Lead,Seattle,85794.82,0.0,2022-08-09,33,55.6,michael.brown@company.com,(283) 647-2456,Active
EMP036978,Robert,Lopez,Robert Lopez,42,IT,Analyst,Miami,80303.54,6287.74,2021-03-22,15,67.5,robert.lopez@company.com,(690) 963-8108,Active
EMP036979,John,Lopez,John Lopez,59,Operations,Lead,Seattle,70679.62,4646.87,2024-04-28,31,71.5,john.lopez@company.com,(423) 268-1741,Active
EMP036980,Emily,Hernandez,Emily Hernandez,22,Operations,Analyst,Chicago,37617.07,4553.62,2021-01-12,0,72.7,emily.hernandez@company.com,(842) 667-9353,Active
EMP036981,Melissa,Thomas,Melissa Thomas,36,IT,Manager,Chicago,40398.55,2760.1,2024-03-09,11,94.6,melissa.thomas@company.com,(751) 285-7344,Active
EMP036982,James,Miller,James Miller,52,Legal,Analyst,Chicago,111998.12,9090.5,2024-01-20,24,60.2,james.miller@company.com,(237) 235-6281,On Leave
EMP036983,Michael,Gonzalez,Michael Gonzalez,54,Operations,Director,Miami,60864.3,6865.56,2021-12-07,30,90.2,michael.gonzalez@company.com,(936) 232-7150,Active
EMP036984,Anthony,Taylor,Anthony Taylor,44,Operations,Specialist,New York,85018.74,8062.78,2021-02-27,20,59.7,anthony.taylor@company.com,(397) 347-3114,Active
EMP036985,Michael,Brown,Michael Brown,47,Sales,Director,San Francisco,68895.14,9060.0,2023-03-18,20,75.8,michael.brown@company.com,(875) 711-9579,Active
EMP036986,Christopher,Johnson,Christopher Johnson,31,Operations,Specialist,Austin,45932.65,6346.05,2024-11-18,7,56.1,christopher.johnson@company.com,(922) 495-5432,Active
EMP036987,Jessica,Rodriguez,Jessica Rodriguez,60,Sales,Senior Developer,Boston,99749.78,10805.98,2021-09-02,37,55.6,jessica.rodriguez@company.com,(362) 893-3407,Inactive
EMP036988,Matthew,Taylor,Matthew Taylor,64,Operations,Analyst,Chicago,66134.89,7648.44,2021-12-10,37,64.4,matthew.taylor@company.com,(535) 632-8660,Active
EMP036989,Jessica,Taylor,Jessica Taylor,34,IT,Manager,Boston,83243.16,3239.68,2023-09-08,12,37.2,jessica.taylor@company.com,(943) 708-4095,Inactive
EMP036990,Melissa,Smith,Melissa Smith,45,HR,Specialist,Austin,60580.21,2004.37,2023-10-26,23,83.9,melissa.smith@company.com,(292) 338-5126,Active
EMP036991,Lisa,Hernandez,Lisa Hernandez,24,Legal,Analyst,Los Angeles,65185.63,6987.26,2024-06-20,1,56.4,lisa.hernandez@company.com,(233) 978-4762,Active
EMP036992,Anthony,Davis,Anthony Davis,28,HR,Manager,Seattle,67863.11,11685.04,2024-11-08,0,37.5,anthony.davis@company.com,(744) 969-3367,Active
EMP036993,Melissa,Miller,Melissa Miller,22,Engineering,Analyst,Miami,94219.93,16530.93,2022-04-19,0,99.6,melissa.miller@company.com,(534) 358-1861,Active
EMP036994,Anthony,Miller,Anthony Miller,26,HR,Specialist,Miami,41071.85,2759.21,2020-10-28,0,59.6,anthony.miller@company.com,(849) 739-4505,Active
EMP036995,John,Rodriguez,John Rodriguez,28,Marketing,Specialist,Seattle,47782.23,4005.95,2023-11-23,1,62.1,john.rodriguez@company.com,(804) 536-6531,Active
EMP036996,Anthony,Jackson,Anthony Jackson,47,Operations,Lead,Seattle,55084.29,6783.74,2021-07-12,20,76.8,anthony.jackson@company.com,(301) 721-5193,Active
EMP036997,Nicole,Rodriguez,Nicole Rodriguez,56,Engineering,Coordinator,Austin,130659.73,21561.76,2020-11-24,29,53.7,nicole.rodriguez@company.com,(502) 337-3164,Active
EMP036998,Michael,Martin,Michael Martin,62,HR,Coordinator,Miami,92468.46,8371.29,2023-12-28,37,88.3,michael.martin@company.com,(725) 372-7032,Inactive
EMP036999,Jessica,Lopez,Jessica Lopez,44,IT,Associate,San Francisco,97114.43,8367.91,2022-08-15,21,54.2,jessica.lopez@company.com,(654) 956-5156,Inactive
EMP037000,Emily,Davis,Emily Davis,49,Marketing,Analyst,New York,74150.58,6849.3,2020-04-20,26,92.9,emily.davis@company.com,(339) 437-6069,On Leave
EMP037001,Christopher,Taylor,Christopher Taylor,32,Finance,Specialist,Los Angeles,63633.89,3343.32,2024-07-14,8,76.2,christopher.taylor@company.com,(468) 749-5529,Active
EMP037002,John,Wilson,John Wilson,63,HR,Specialist,New York,61491.6,3854.58,2023-06-10,34,84.9,john.wilson@company.com,(730) 391-1691,Active
EMP037003,Sarah,Williams,Sarah Williams,45,Sales,Coordinator,Miami,77583.78,9779.12,2020-06-05,22,59.0,sarah.williams@company.com,(739) 607-9766,Active
EMP037004,Stephanie,Martinez,Stephanie Martinez,58,Finance,Manager,New York,105792.97,5552.88,2024-02-05,32,88.6,stephanie.martinez@company.com,(237) 312-4206,On Leave
EMP037005,James,Thomas,James Thomas,53,Legal,Specialist,Boston,100622.36,17631.84,2022-08-10,24,99.9,james.thomas@company.com,(211) 525-8995,Active
EMP037006,David,Wilson,David Wilson,25,Marketing,Coordinator,Chicago,44601.35,436.27,2022-11-19,0,50.1,david.wilson@company.com,(402) 222-8400,Inactive
EMP037007,Jane,Martinez,Jane Martinez,38,Finance,Manager,Seattle,55048.54,3880.56,2023-03-14,9,87.7,jane.martinez@company.com,(240) 546-8213,Inactive
EMP037008,Anthony,Hernandez,Anthony Hernandez,47,Operations,Senior Developer,Chicago,64773.91,1706.64,2020-11-12,24,74.9,anthony.hernandez@company.com,(336) 792-2873,Active
EMP037009,Sarah,Smith,Sarah Smith,22,IT,Analyst,San Francisco,68816.18,5907.11,2023-05-20,0,69.2,sarah.smith@company.com,(270) 499-5462,Active
EMP037010,John,Brown,John Brown,29,Operations,Senior Developer,Austin,37657.96,7198.21,2023-11-10,2,90.0,john.brown@company.com,(987) 619-7424,Active
EMP037011,Nicole,Anderson,Nicole Anderson,47,HR,Associate,New York,62934.96,9689.77,2023-05-16,18,63.8,nicole.anderson@company.com,(784) 797-7188,Active
EMP037012,James,Davis,James Davis,51,Sales,Senior Developer,San Francisco,76319.96,1495.93,2024-11-05,26,82.0,james.davis@company.com,(942) 431-7543,Active
EMP037013,Michael,Williams,Michael Williams,25,Legal,Specialist,Boston,76120.47,6532.67,2020-04-12,0,85.0,michael.williams@company.com,(746) 378-3809,Active
EMP037014,Matthew,Hernandez,Matthew Hernandez,33,Operations,Associate,Seattle,53581.86,8999.82,2020-09-17,10,55.5,matthew.hernandez@company.com,(685) 485-7568,Active
EMP037015,David,Smith,David Smith,54,Legal,Manager,Austin,123464.43,10003.09,2022-12-07,27,78.0,david.smith@company.com,(891) 661-5330,Active
EMP037016,Lisa,Jones,Lisa Jones,27,Sales,Senior Developer,Chicago,60378.43,8813.54,2024-03-01,0,89.6,lisa.jones@company.com,(558) 484-5214,Active
EMP037017,James,Anderson,James Anderson,26,IT,Coordinator,Boston,76596.81,11662.72,2021-07-09,0,65.2,james.anderson@company.com,(565) 938-4680,Active
EMP037018,James,Smith,James Smith,47,Sales,Manager,Seattle,99209.68,14956.13,2021-06-03,22,60.4,james.smith@company.com,(537) 315-5966,Active
EMP037019,Robert,Williams,Robert Williams,61,Legal,Senior Developer,Austin,90320.06,13174.24,2020-10-21,34,70.5,robert.williams@company.com,(809) 725-6008,Active
EMP037020,Michael,Moore,Michael Moore,65,Sales,Senior Developer,San Francisco,88294.98,10168.72,2020-11-13,36,87.2,michael.moore@company.com,(288) 427-2950,Active
EMP037021,James,Davis,James Davis,38,Engineering,Manager,New York,67933.34,4875.87,2023-11-06,14,67.3,james.davis@company.com,(736) 426-9259,Active
EMP037022,Daniel,Lopez,Daniel Lopez,45,HR,Coordinator,Boston,55661.18,4653.95,2020-08-25,23,71.1,daniel.lopez@company.com,(494) 372-6546,Active
EMP037023,Matthew,Brown,Matthew Brown,43,Marketing,Director,Miami,50004.66,3535.98,2022-06-16,19,52.9,matthew.brown@company.com,(305) 610-4777,Active
EMP037024,Jessica,Hernandez,Jessica Hernandez,42,Legal,Manager,Miami,74055.93,6847.58,2024-04-10,20,93.8,jessica.hernandez@company.com,(284) 215-6107,Active
EMP037025,Ashley,Thomas,Ashley Thomas,33,Operations,Manager,Boston,54009.94,3787.61,2022-05-29,7,74.1,ashley.thomas@company.com,(413) 266-9765,Active
EMP037026,Daniel,Smith,Daniel Smith,54,Marketing,Senior Developer,New York,75217.8,0.0,2020-10-15,29,71.1,daniel.smith@company.com,(852) 602-1225,Active
EMP037027,Jessica,Johnson,Jessica Johnson,56,HR,Coordinator,San Francisco,105872.56,8264.78,2024-02-02,34,61.4,jessica.johnson@company.com,(457) 270-6809,On Leave
EMP037028,James,Anderson,James Anderson,43,Sales,Associate,Chicago,70824.06,7747.99,2023-12-02,14,100.0,james.anderson@company.com,(817) 738-4617,On Leave
EMP037029,Anthony,Hernandez,Anthony Hernandez,32,Sales,Associate,New York,57094.1,5070.47,2023-02-26,5,73.2,anthony.hernandez@company.com,(391) 280-5770,Active
EMP037030,Emily,Jones,Emily Jones,30,Sales,Director,New York,35547.64,5136.5,2024-02-08,8,100.0,emily.jones@company.com,(202) 772-1594,Active
EMP037031,Ashley,Johnson,Ashley Johnson,65,Engineering,Lead,Seattle,100405.85,8720.71,2024-10-06,38,90.5,ashley.johnson@company.com,(755) 309-5330,Active
EMP037032,Robert,Wilson,Robert Wilson,53,Engineering,Coordinator,San Francisco,108430.12,17224.49,2020-04-05,27,77.9,robert.wilson@company.com,(989) 390-5815,Active
EMP037033,John,Martin,John Martin,43,Engineering,Specialist,Chicago,83883.62,6301.89,2022-05-23,17,99.2,john.martin@company.com,(298) 331-9443,Active
EMP037034,Amanda,Lopez,Amanda Lopez,64,Engineering,Lead,Miami,117773.34,5043.93,2021-10-21,38,91.4,amanda.lopez@company.com,(900) 446-1847,Active
EMP037035,Jessica,Wilson,Jessica Wilson,40,Marketing,Coordinator,Boston,79794.51,15400.74,2023-07-15,11,73.7,jessica.wilson@company.com,(508) 536-7073,Active
EMP037036,James,Garcia,James Garcia,41,Operations,Coordinator,Miami,79898.85,1383.89,2023-12-22,17,63.6,james.garcia@company.com,(962) 649-1238,Active
EMP037037,Anthony,Wilson,Anthony Wilson,50,Legal,Coordinator,Miami,132086.95,22157.11,2024-12-19,28,63.3,anthony.wilson@company.com,(326) 258-2444,Active
EMP037038,Daniel,Williams,Daniel Williams,26,Engineering,Associate,San Francisco,102139.69,2044.94,2020-04-06,0,67.1,daniel.williams@company.com,(315) 284-6083,Active
EMP037039,Anthony,Martin,Anthony Martin,60,Legal,Coordinator,Boston,127173.53,22184.99,2023-03-30,32,62.0,anthony.martin@company.com,(237) 445-6035,Active
EMP037040,Michael,Johnson,Michael Johnson,34,Finance,Manager,Seattle,79694.36,4536.1,2021-08-15,8,88.5,michael.johnson@company.com,(586) 589-6702,Active
EMP037041,William,Johnson,William Johnson,35,Sales,Director,Boston,60763.43,3949.35,2021-04-11,7,95.1,william.johnson@company.com,(296) 522-8629,Active
EMP037042,James,Gonzalez,James Gonzalez,22,Finance,Specialist,Miami,38845.02,4853.94,2024-04-22,0,45.0,james.gonzalez@company.com,(889) 934-8255,Active
EMP037043,Daniel,Martin,Daniel Martin,60,Marketing,Senior Developer,Boston,83935.34,8412.62,2023-08-18,37,67.1,daniel.martin@company.com,(414) 644-6709,Inactive
EMP037044,David,Jones,David Jones,54,Engineering,Associate,San Francisco,137946.92,20434.34,2021-07-20,25,89.5,david.jones@company.com,(930) 359-2261,Active
EMP037045,John,Wilson,John Wilson,44,IT,Director,Los Angeles,79866.62,3609.53,2022-12-17,20,49.7,john.wilson@company.com,(759) 980-7608,Active
EMP037046,Daniel,Gonzalez,Daniel Gonzalez,65,HR,Director,Boston,74810.03,375.16,2023-01-18,39,52.5,daniel.gonzalez@company.com,(299) 645-9342,Active
EMP037047,Michael,Martin,Michael Martin,39,Sales,Specialist,Miami,66537.47,5601.55,2021-06-19,12,84.9,michael.martin@company.com,(584) 428-6787,Active
EMP037048,Jane,Lopez,Jane Lopez,60,HR,Specialist,New York,60294.3,3899.32,2024-09-22,37,100.0,jane.lopez@company.com,(688) 911-1335,Active
EMP037049,Emily,Davis,Emily Davis,37,Sales,Lead,Los Angeles,80814.5,8324.71,2020-07-20,13,78.9,emily.davis@company.com,(638) 684-5522,Active
EMP037050,Jessica,Moore,Jessica Moore,56,HR,Lead,Chicago,98805.44,9979.08,2022-07-26,28,57.5,jessica.moore@company.com,(839) 378-3705,Inactive
EMP037051,Lisa,Lopez,Lisa Lopez,22,Marketing,Manager,San Francisco,63500.34,7992.21,2023-05-05,0,54.4,lisa.lopez@company.com,(977) 512-6532,Active
EMP037052,Amanda,Martinez,Amanda Martinez,54,Marketing,Senior Developer,Boston,72176.77,7438.58,2023-05-24,25,52.9,amanda.martinez@company.com,(376) 988-1326,Active
EMP037053,Robert,Gonzalez,Robert Gonzalez,45,Marketing,Director,Boston,68111.06,10600.9,2024-03-03,19,64.1,robert.gonzalez@company.com,(665) 299-6712,Active
EMP037054,Michael,Garcia,Michael Garcia,32,HR,Lead,Boston,41086.95,4604.56,2024-03-07,9,97.0,michael.garcia@company.com,(500) 645-2179,Active
EMP037055,William,Johnson,William Johnson,30,Legal,Associate,Miami,85012.9,3930.51,2020-09-10,2,57.3,william.johnson@company.com,(347) 417-7046,Active
EMP037056,Melissa,Moore,Melissa Moore,62,Legal,Lead,New York,102883.17,7544.43,2022-10-04,35,100.0,melissa.moore@company.com,(814) 624-1227,Inactive
EMP037057,Emily,Wilson,Emily Wilson,41,Sales,Lead,San Francisco,96781.82,10590.86,2021-03-08,19,46.6,emily.wilson@company.com,(708) 429-6291,Active
EMP037058,James,Smith,James Smith,22,IT,Specialist,San Francisco,90658.04,5747.22,2021-05-29,0,73.2,james.smith@company.com,(956) 883-6110,Active
EMP037059,John,Martinez,John Martinez,41,Engineering,Associate,Seattle,91056.21,0.0,2022-02-19,14,79.9,john.martinez@company.com,(308) 588-6639,Active
EMP037060,Ashley,Rodriguez,Ashley Rodriguez,52,IT,Coordinator,Boston,107010.95,4862.56,2024-10-17,25,68.3,ashley.rodriguez@company.com,(931) 740-3887,On Leave
EMP037061,James,Johnson,James Johnson,59,Marketing,Specialist,Austin,84730.16,12789.78,2022-06-11,31,100.0,james.johnson@company.com,(643) 480-4649,Inactive
EMP037062,Christopher,Wilson,Christopher Wilson,57,Sales,Director,Austin,89359.97,19140.4,2024-01-02,28,74.8,christopher.wilson@company.com,(831) 327-7990,Active
EMP037063,Lisa,Johnson,Lisa Johnson,24,HR,Senior Developer,San Francisco,56491.98,4958.4,2023-05-24,0,65.5,lisa.johnson@company.com,(355) 655-7109,Inactive
EMP037064,Nicole,Johnson,Nicole Johnson,39,HR,Analyst,Los Angeles,51115.16,4629.33,2022-05-08,12,82.4,nicole.johnson@company.com,(760) 282-4148,Inactive
EMP037065,Melissa,Davis,Melissa Davis,40,Marketing,Lead,Chicago,97567.34,6914.99,2021-06-06,16,82.9,melissa.davis@company.com,(694) 767-8875,Active
EMP037066,Matthew,Wilson,Matthew Wilson,39,IT,Associate,Chicago,109845.54,5867.32,2021-06-20,11,82.5,matthew.wilson@company.com,(406) 765-1100,Active
EMP037067,Emily,Anderson,Emily Anderson,41,Marketing,Manager,Chicago,66250.39,5116.83,2020-01-25,19,44.5,emily.anderson@company.com,(556) 441-8980,Active
EMP037068,Jane,Martinez,Jane Martinez,48,Legal,Lead,Seattle,99091.63,12705.46,2021-10-20,21,72.7,jane.martinez@company.com,(341) 851-8066,Active
EMP037069,Nicole,Jackson,Nicole Jackson,38,Marketing,Director,Austin,41668.74,5882.37,2021-08-04,16,100.0,nicole.jackson@company.com,(533) 954-6358,Active
EMP037070,Anthony,Thomas,Anthony Thomas,54,Legal,Analyst,Chicago,127992.0,28181.95,2021-03-01,31,78.8,anthony.thomas@company.com,(953) 555-2346,Active
EMP037071,Robert,Williams,Robert Williams,51,Finance,Director,New York,93968.77,4652.76,2020-05-07,24,53.0,robert.williams@company.com,(850) 249-4937,Active
EMP037072,Matthew,Anderson,Matthew Anderson,42,Sales,Specialist,New York,68410.47,7240.88,2024-02-05,17,47.7,matthew.anderson@company.com,(256) 962-6786,Active
EMP037073,Robert,Brown,Robert Brown,33,Legal,Director,San Francisco,72082.11,7267.65,2022-11-09,6,63.1,robert.brown@company.com,(647) 447-5287,Active
EMP037074,Lisa,Smith,Lisa Smith,34,Engineering,Manager,San Francisco,83194.41,11566.82,2022-09-20,11,92.6,lisa.smith@company.com,(943) 996-8229,Active
EMP037075,Melissa,Thomas,Melissa Thomas,49,Legal,Director,New York,132620.4,11765.24,2021-04-21,22,86.6,melissa.thomas@company.com,(667) 861-3808,Active
EMP037076,Emily,Davis,Emily Davis,34,Legal,Senior Developer,Austin,112362.25,3695.24,2020-11-26,7,86.0,emily.davis@company.com,(692) 628-7399,Inactive
EMP037077,Lisa,Rodriguez,Lisa Rodriguez,53,Operations,Coordinator,Miami,82464.98,1382.53,2022-05-08,28,87.8,lisa.rodriguez@company.com,(300) 990-4445,Active
EMP037078,Jessica,Martinez,Jessica Martinez,55,Sales,Analyst,New York,68603.1,5717.84,2021-11-30,31,81.9,jessica.martinez@company.com,(662) 939-2817,Active
EMP037079,Michael,Hernandez,Michael Hernandez,39,IT,Coordinator,Seattle,60558.84,6373.18,2022-11-23,12,64.9,michael.hernandez@company.com,(534) 483-8682,Active
EMP037080,Stephanie,Garcia,Stephanie Garcia,40,Sales,Associate,Seattle,53259.36,8316.67,2024-11-30,16,74.2,stephanie.garcia@company.com,(362) 290-7070,Active
EMP037081,Jessica,Miller,Jessica Miller,47,Engineering,Director,San Francisco,93096.86,10394.99,2024-07-13,19,34.8,jessica.miller@company.com,(327) 404-4611,Active
EMP037082,Jane,Smith,Jane Smith,56,HR,Associate,Miami,79759.79,5434.64,2023-05-23,29,82.5,jane.smith@company.com,(493) 911-4245,Active
EMP037083,John,Moore,John Moore,65,Marketing,Lead,Austin,76817.87,10785.55,2020-03-31,36,65.7,john.moore@company.com,(304) 628-6186,Active
EMP037084,Amanda,Lopez,Amanda Lopez,23,Marketing,Manager,New York,65128.82,8073.9,2024-08-09,0,74.7,amanda.lopez@company.com,(751) 465-8148,Active
EMP037085,Matthew,Smith,Matthew Smith,35,Finance,Lead,San Francisco,99785.87,14687.52,2022-04-27,7,64.8,matthew.smith@company.com,(947) 723-8055,Active
EMP037086,Melissa,Miller,Melissa Miller,29,IT,Lead,New York,43185.86,6112.73,2023-06-25,3,85.0,melissa.miller@company.com,(664) 990-8321,Active
EMP037087,Stephanie,Miller,Stephanie Miller,56,Legal,Coordinator,Los Angeles,105373.81,10897.05,2024-10-22,31,85.2,stephanie.miller@company.com,(730) 884-9423,Active
EMP037088,David,Rodriguez,David Rodriguez,55,Marketing,Senior Developer,New York,84361.89,2789.09,2022-05-04,28,67.8,david.rodriguez@company.com,(837) 393-4650,Active
EMP037089,David,Johnson,David Johnson,30,IT,Director,Chicago,58605.5,6190.38,2024-10-01,6,64.8,david.johnson@company.com,(256) 692-7101,Active
EMP037090,Matthew,Rodriguez,Matthew Rodriguez,54,HR,Director,New York,75041.78,9973.58,2024-11-20,25,67.7,matthew.rodriguez@company.com,(892) 608-6919,Active
EMP037091,Jessica,Hernandez,Jessica Hernandez,45,IT,Associate,Seattle,82933.09,2000.87,2020-06-12,18,78.8,jessica.hernandez@company.com,(587) 431-9809,Active
EMP037092,Lisa,Wilson,Lisa Wilson,61,Sales,Associate,Los Angeles,71878.61,16805.62,2022-09-24,35,76.2,lisa.wilson@company.com,(830) 960-4566,Inactive
EMP037093,Christopher,Hernandez,Christopher Hernandez,44,Engineering,Associate,San Francisco,98981.64,12346.62,2023-03-06,17,59.6,christopher.hernandez@company.com,(593) 374-8103,Active
EMP037094,Emily,Lopez,Emily Lopez,38,Finance,Lead,New York,91073.91,12464.18,2022-06-12,10,71.6,emily.lopez@company.com,(897) 654-8665,Active
EMP037095,Michael,Smith,Michael Smith,29,Finance,Lead,Austin,71477.69,10871.72,2023-01-04,4,91.2,michael.smith@company.com,(229) 707-4318,On Leave
EMP037096,Ashley,Jones,Ashley Jones,64,Finance,Specialist,Seattle,110044.96,8419.02,2024-10-01,42,59.1,ashley.jones@company.com,(225) 263-4788,Active
EMP037097,John,Anderson,John Anderson,58,Marketing,Coordinator,Miami,100136.65,1950.01,2024-06-18,31,96.0,john.anderson@company.com,(799) 500-2386,Active
EMP037098,Matthew,Taylor,Matthew Taylor,46,Engineering,Director,Los Angeles,92842.66,12984.63,2020-01-02,22,95.3,matthew.taylor@company.com,(675) 908-9946,Active
EMP037099,Emily,Smith,Emily Smith,46,Legal,Senior Developer,San Francisco,107767.58,18297.11,2023-11-24,17,76.9,emily.smith@company.com,(368) 828-6682,Active
EMP037100,Amanda,Brown,Amanda Brown,28,Finance,Manager,San Francisco,75763.39,2569.87,2023-05-15,0,88.5,amanda.brown@company.com,(515) 882-2354,Active
EMP037101,Melissa,Garcia,Melissa Garcia,23,Sales,Specialist,New York,65318.35,3388.46,2022-11-19,0,41.3,melissa.garcia@company.com,(912) 561-4622,On Leave
EMP037102,Stephanie,Taylor,Stephanie Taylor,27,Engineering,Associate,San Francisco,64168.56,4037.78,2021-07-15,3,94.1,stephanie.taylor@company.com,(567) 416-5474,Active
EMP037103,Nicole,Jackson,Nicole Jackson,57,Engineering,Senior Developer,Chicago,115500.15,6759.38,2020-07-06,31,77.9,nicole.jackson@company.com,(501) 732-9620,Active
EMP037104,Lisa,Brown,Lisa Brown,29,HR,Coordinator,Miami,27000.0,3327.01,2021-01-27,6,99.8,lisa.brown@company.com,(414) 302-6818,Active
EMP037105,Jane,Wilson,Jane Wilson,53,Sales,Senior Developer,Miami,76205.37,6269.17,2024-11-30,26,65.1,jane.wilson@company.com,(319) 829-2167,Active
EMP037106,James,Anderson,James Anderson,61,IT,Lead,New York,67631.89,166.81,2021-08-11,35,63.7,james.anderson@company.com,(766) 839-6646,Active
EMP037107,Jane,Wilson,Jane Wilson,62,HR,Associate,Boston,69432.25,3243.59,2024-11-05,35,71.4,jane.wilson@company.com,(672) 239-7951,Active
EMP037108,Robert,Jones,Robert Jones,28,Marketing,Manager,Seattle,54892.44,7733.7,2024-02-22,6,70.9,robert.jones@company.com,(462) 444-1463,Inactive
EMP037109,Michael,Jones,Michael Jones,48,IT,Senior Developer,Los Angeles,95066.01,13510.57,2021-12-09,19,95.9,michael.jones@company.com,(302) 250-3522,Active
EMP037110,John,Johnson,John Johnson,42,IT,Director,Miami,87377.36,7918.45,2020-02-03,14,79.5,john.johnson@company.com,(506) 398-2539,Active
EMP037111,Nicole,Rodriguez,Nicole Rodriguez,44,Sales,Senior Developer,San Francisco,74513.82,9849.4,2022-07-30,17,87.6,nicole.rodriguez@company.com,(219) 619-4759,Active
EMP037112,Jane,Hernandez,Jane Hernandez,41,Legal,Coordinator,Los Angeles,76286.57,13288.49,2024-11-23,18,60.8,jane.hernandez@company.com,(855) 751-6972,Active
EMP037113,Stephanie,Rodriguez,Stephanie Rodriguez,64,Operations,Senior Developer,Boston,51713.24,5298.46,2021-12-02,39,84.9,stephanie.rodriguez@company.com,(486) 423-9784,Active
EMP037114,Michael,Gonzalez,Michael Gonzalez,51,HR,Specialist,Miami,73790.37,5788.39,2022-06-25,25,97.9,michael.gonzalez@company.com,(521) 306-6798,Inactive
EMP037115,Jane,Rodriguez,Jane Rodriguez,23,Marketing,Specialist,Los Angeles,85455.91,8367.12,2020-09-10,0,98.6,jane.rodriguez@company.com,(309) 939-7268,Active
EMP037116,Robert,Taylor,Robert Taylor,33,Finance,Analyst,Austin,78651.03,1277.47,2024-09-15,6,82.8,robert.taylor@company.com,(253) 934-7078,Active
EMP037117,Melissa,Taylor,Melissa Taylor,34,Sales,Senior Developer,San Francisco,66381.19,4517.19,2024-07-18,7,59.6,melissa.taylor@company.com,(724) 874-3282,Active
EMP037118,Anthony,Miller,Anthony Miller,47,HR,Analyst,San Francisco,49147.58,10013.63,2020-05-27,23,94.9,anthony.miller@company.com,(553) 857-4176,Active
EMP037119,Lisa,Jones,Lisa Jones,34,IT,Director,Austin,69440.46,3652.2,2020-04-29,6,94.1,lisa.jones@company.com,(740) 602-9633,Active
EMP037120,Matthew,Wilson,Matthew Wilson,34,IT,Analyst,San Francisco,56283.33,5249.13,2020-03-27,12,65.1,matthew.wilson@company.com,(350) 676-5385,Active
EMP037121,Daniel,Martinez,Daniel Martinez,59,Operations,Associate,San Francisco,66206.92,8706.33,2023-03-27,37,65.2,daniel.martinez@company.com,(380) 738-7339,Active
EMP037122,Ashley,Martinez,Ashley Martinez,31,Operations,Analyst,Seattle,61392.54,4279.7,2022-12-30,7,100.0,ashley.martinez@company.com,(977) 240-6079,Active
EMP037123,Anthony,Wilson,Anthony Wilson,55,Legal,Lead,Austin,71340.01,1989.91,2022-09-05,26,59.3,anthony.wilson@company.com,(571) 514-8779,On Leave
EMP037124,John,Jackson,John Jackson,23,HR,Associate,Miami,58543.39,5270.35,2021-06-13,0,82.7,john.jackson@company.com,(888) 752-3431,Active
EMP037125,John,Smith,John Smith,42,Marketing,Lead,Chicago,85981.67,978.71,2021-01-12,20,76.3,john.smith@company.com,(552) 692-5012,Active
EMP037126,Christopher,Lopez,Christopher Lopez,39,Operations,Coordinator,Chicago,79357.67,8658.07,2021-10-14,12,74.6,christopher.lopez@company.com,(261) 600-4407,Active
EMP037127,Jane,Davis,Jane Davis,29,Legal,Manager,Miami,78396.61,7008.42,2024-02-17,1,67.0,jane.davis@company.com,(490) 919-6238,Active
EMP037128,Amanda,Jones,Amanda Jones,61,IT,Associate,Miami,132325.4,5070.43,2020-03-06,34,67.0,amanda.jones@company.com,(839) 907-9953,Active
EMP037129,Robert,Moore,Robert Moore,52,Finance,Lead,San Francisco,81372.29,1281.83,2022-03-25,25,78.7,robert.moore@company.com,(265) 660-5278,Active
EMP037130,James,Davis,James Davis,53,Legal,Analyst,New York,77651.36,12757.06,2022-12-29,28,89.6,james.davis@company.com,(774) 207-6858,Active
EMP037131,Emily,Brown,Emily Brown,39,Sales,Coordinator,Boston,91717.22,9232.87,2021-06-22,15,97.2,emily.brown@company.com,(865) 479-7749,Active
EMP037132,Melissa,Martinez,Melissa Martinez,30,IT,Specialist,San Francisco,88588.4,9605.99,2023-07-24,8,66.5,melissa.martinez@company.com,(406) 943-1750,Active
EMP037133,Sarah,Smith,Sarah Smith,60,HR,Manager,Los Angeles,70735.79,4416.72,2023-07-17,35,96.9,sarah.smith@company.com,(995) 638-5508,Active
EMP037134,Lisa,Smith,Lisa Smith,47,Marketing,Senior Developer,San Francisco,68761.88,7309.06,2020-06-19,21,49.1,lisa.smith@company.com,(648) 772-3592,Active
EMP037135,Melissa,Jackson,Melissa Jackson,25,Operations,Coordinator,Seattle,80684.53,9577.03,2022-10-21,0,81.3,melissa.jackson@company.com,(439) 393-9715,Active
EMP037136,Stephanie,Lopez,Stephanie Lopez,41,Operations,Specialist,Los Angeles,50468.31,5563.19,2021-07-11,16,85.8,stephanie.lopez@company.com,(548) 334-3005,Active
EMP037137,Ashley,Wilson,Ashley Wilson,34,Operations,Associate,Seattle,55437.5,5911.07,2023-05-28,8,59.2,ashley.wilson@company.com,(769) 915-6433,Active
EMP037138,David,Williams,David Williams,29,Sales,Coordinator,New York,61038.25,11818.58,2021-05-03,2,83.3,david.williams@company.com,(313) 580-4796,Active
EMP037139,Ashley,Hernandez,Ashley Hernandez,36,Engineering,Associate,Los Angeles,99552.47,5478.17,2023-04-18,11,81.1,ashley.hernandez@company.com,(529) 358-3758,Active
EMP037140,Ashley,Martinez,Ashley Martinez,24,Engineering,Manager,Boston,83627.7,13345.19,2022-04-14,1,69.2,ashley.martinez@company.com,(886) 521-3960,Active
EMP037141,Amanda,Anderson,Amanda Anderson,63,Legal,Manager,San Francisco,98701.7,10005.11,2024-03-22,39,70.4,amanda.anderson@company.com,(265) 902-2873,Active
EMP037142,Ashley,Anderson,Ashley Anderson,62,Sales,Analyst,Chicago,77688.51,6884.67,2020-11-08,39,79.3,ashley.anderson@company.com,(651) 784-6175,Active
EMP037143,James,Thomas,James Thomas,31,HR,Specialist,Austin,50570.13,4696.56,2023-12-04,2,91.7,james.thomas@company.com,(823) 348-6304,Active
EMP037144,William,Thomas,William Thomas,56,Engineering,Lead,Austin,109399.98,13922.22,2024-08-07,33,84.0,william.thomas@company.com,(343) 530-9776,Inactive
EMP037145,Melissa,Gonzalez,Melissa Gonzalez,22,Engineering,Senior Developer,New York,113697.15,6473.69,2020-07-31,0,76.5,melissa.gonzalez@company.com,(864) 565-9535,Active
EMP037146,Jane,Martin,Jane Martin,50,IT,Senior Developer,San Francisco,111610.07,3736.14,2024-11-24,28,55.8,jane.martin@company.com,(848) 597-9100,Active
EMP037147,Robert,Smith,Robert Smith,25,Engineering,Associate,New York,90660.81,3175.44,2021-10-03,1,99.3,robert.smith@company.com,(208) 828-4618,Active
EMP037148,William,Hernandez,William Hernandez,33,Finance,Senior Developer,San Francisco,64336.7,6729.82,2020-02-27,10,74.2,william.hernandez@company.com,(707) 686-7898,Active
EMP037149,Ashley,Martinez,Ashley Martinez,62,Operations,Senior Developer,Austin,89156.95,5184.6,2024-07-31,39,100.0,ashley.martinez@company.com,(363) 400-7293,Active
EMP037150,James,Rodriguez,James Rodriguez,46,Legal,Manager,Boston,92854.77,7421.95,2021-11-25,19,38.9,james.rodriguez@company.com,(977) 682-1064,Active
EMP037151,Anthony,Rodriguez,Anthony Rodriguez,36,Engineering,Director,Miami,100755.01,3802.04,2023-11-23,9,83.2,anthony.rodriguez@company.com,(744) 381-5572,Active
EMP037152,Matthew,Miller,Matthew Miller,64,Operations,Coordinator,Los Angeles,97947.95,11688.27,2023-04-11,35,79.3,matthew.miller@company.com,(648) 203-9474,Active
EMP037153,Anthony,Brown,Anthony Brown,41,Finance,Analyst,New York,79660.7,6219.51,2022-05-16,15,99.3,anthony.brown@company.com,(833) 501-7471,Active
EMP037154,Ashley,Gonzalez,Ashley Gonzalez,61,Finance,Director,New York,61850.95,3650.73,2024-05-19,32,100.0,ashley.gonzalez@company.com,(463) 932-5648,Active
EMP037155,Nicole,Garcia,Nicole Garcia,30,Finance,Specialist,Los Angeles,93272.15,16532.61,2022-09-30,2,74.5,nicole.garcia@company.com,(757) 215-2722,Active
EMP037156,Lisa,Taylor,Lisa Taylor,60,Operations,Associate,Los Angeles,92364.1,23084.78,2024-05-24,38,81.7,lisa.taylor@company.com,(367) 225-1610,Active
EMP037157,Jane,Miller,Jane Miller,31,HR,Specialist,New York,62718.97,8374.45,2023-11-06,8,79.0,jane.miller@company.com,(523) 907-1030,Active
EMP037158,Amanda,Martinez,Amanda Martinez,63,HR,Coordinator,Seattle,98197.17,5947.43,2023-09-05,35,48.7,amanda.martinez@company.com,(939) 889-4303,Active
EMP037159,Sarah,Taylor,Sarah Taylor,33,Sales,Associate,Chicago,85162.53,5604.04,2024-08-31,5,57.1,sarah.taylor@company.com,(567) 838-6309,Active
EMP037160,Jessica,Jackson,Jessica Jackson,26,Engineering,Coordinator,Seattle,70650.77,4715.57,2022-02-23,0,95.6,jessica.jackson@company.com,(654) 800-6276,Active
EMP037161,Anthony,Miller,Anthony Miller,46,HR,Analyst,Boston,92591.45,11511.34,2022-08-22,22,57.0,anthony.miller@company.com,(825) 644-6821,Active
EMP037162,Daniel,Johnson,Daniel Johnson,32,Sales,Senior Developer,Chicago,70483.83,8798.99,2020-09-23,3,65.5,daniel.johnson@company.com,(270) 598-9656,Active
EMP037163,James,Gonzalez,James Gonzalez,42,Operations,Coordinator,New York,44196.04,5708.06,2020-07-21,19,94.8,james.gonzalez@company.com,(568) 689-3969,Active
EMP037164,Nicole,Garcia,Nicole Garcia,28,HR,Analyst,Seattle,31439.93,3210.39,2022-09-06,0,63.6,nicole.garcia@company.com,(348) 973-6079,Active
EMP037165,Lisa,Garcia,Lisa Garcia,30,Operations,Specialist,Seattle,64974.38,9340.35,2020-12-12,3,80.4,lisa.garcia@company.com,(374) 217-3767,On Leave
EMP037166,Jessica,Martin,Jessica Martin,50,Marketing,Director,San Francisco,79299.04,10655.02,2024-11-14,23,48.6,jessica.martin@company.com,(401) 579-3131,Active
EMP037167,Jane,Gonzalez,Jane Gonzalez,64,HR,Manager,New York,89688.71,0.0,2024-08-15,42,100.0,jane.gonzalez@company.com,(852) 372-3835,Active
EMP037168,Lisa,Williams,Lisa Williams,64,Sales,Coordinator,San Francisco,96465.24,12388.79,2024-03-21,42,100.0,lisa.williams@company.com,(341) 243-4705,Active
EMP037169,Matthew,Miller,Matthew Miller,24,Operations,Lead,Chicago,54272.25,3650.76,2022-04-11,0,97.2,matthew.miller@company.com,(495) 540-6525,Inactive
EMP037170,Lisa,Moore,Lisa Moore,45,IT,Senior Developer,Miami,90804.21,4031.95,2022-09-20,16,62.3,lisa.moore@company.com,(550) 205-4056,Inactive
EMP037171,Christopher,Rodriguez,Christopher Rodriguez,33,HR,Analyst,Los Angeles,60259.03,5386.14,2022-08-20,4,77.9,christopher.rodriguez@company.com,(307) 312-2599,Active
EMP037172,Jessica,Smith,Jessica Smith,57,Sales,Director,Boston,67691.52,6488.83,2022-08-18,33,62.5,jessica.smith@company.com,(905) 392-5533,Active
EMP037173,Sarah,Lopez,Sarah Lopez,65,IT,Senior Developer,Chicago,96764.76,11492.15,2023-08-16,36,88.8,sarah.lopez@company.com,(988) 925-1910,Active
EMP037174,Jane,Miller,Jane Miller,42,Marketing,Senior Developer,New York,54550.54,2663.2,2024-03-01,17,66.0,jane.miller@company.com,(574) 742-6438,Inactive
EMP037175,Robert,Johnson,Robert Johnson,43,Sales,Manager,Boston,63110.64,5081.8,2023-08-05,14,100.0,robert.johnson@company.com,(922) 800-5231,Active
EMP037176,Amanda,Gonzalez,Amanda Gonzalez,27,Marketing,Manager,Los Angeles,48937.05,8680.96,2024-05-27,1,85.4,amanda.gonzalez@company.com,(378) 744-4605,Active
EMP037177,Amanda,Wilson,Amanda Wilson,64,HR,Specialist,Boston,78223.87,3444.38,2021-08-27,42,86.5,amanda.wilson@company.com,(737) 531-1025,Active
EMP037178,David,Jackson,David Jackson,31,IT,Senior Developer,Los Angeles,87346.56,9254.3,2023-11-03,6,84.9,david.jackson@company.com,(394) 561-4534,Inactive
EMP037179,Lisa,Hernandez,Lisa Hernandez,59,Marketing,Senior Developer,Austin,90991.44,7639.66,2024-02-11,34,96.1,lisa.hernandez@company.com,(686) 604-2832,Active
EMP037180,Stephanie,Martinez,Stephanie Martinez,30,Sales,Specialist,Austin,65899.37,4975.72,2022-08-01,6,62.3,stephanie.martinez@company.com,(334) 801-9659,Active
EMP037181,John,Gonzalez,John Gonzalez,42,Legal,Specialist,Seattle,103276.24,8953.1,2023-03-06,20,50.2,john.gonzalez@company.com,(304) 941-7151,Active
EMP037182,Emily,Martinez,Emily Martinez,22,Engineering,Director,Seattle,87376.5,15277.79,2023-01-30,0,75.4,emily.martinez@company.com,(867) 869-4366,Active
EMP037183,Melissa,Taylor,Melissa Taylor,54,Engineering,Specialist,Austin,100252.76,12271.32,2022-02-11,25,76.6,melissa.taylor@company.com,(642) 458-2066,Active
EMP037184,Melissa,Miller,Melissa Miller,36,Sales,Analyst,Boston,54017.67,2081.3,2020-01-19,11,66.3,melissa.miller@company.com,(328) 654-7331,Active
EMP037185,Jane,Martin,Jane Martin,65,Operations,Associate,Miami,52645.99,4247.74,2023-12-06,41,79.1,jane.martin@company.com,(326) 948-3965,Inactive
EMP037186,Ashley,Martinez,Ashley Martinez,51,Operations,Lead,New York,58520.81,6903.94,2023-05-28,23,97.3,ashley.martinez@company.com,(399) 247-5683,Active
EMP037187,Christopher,Jackson,Christopher Jackson,43,Legal,Director,Miami,78049.59,7006.39,2024-08-26,19,85.7,christopher.jackson@company.com,(389) 896-1897,Active
EMP037188,Ashley,Martinez,Ashley Martinez,64,Legal,Coordinator,Seattle,101286.37,10570.83,2022-07-07,36,73.7,ashley.martinez@company.com,(558) 263-9354,Active
EMP037189,Melissa,Garcia,Melissa Garcia,29,HR,Analyst,Los Angeles,44319.19,2286.75,2020-03-04,6,91.0,melissa.garcia@company.com,(466) 286-2330,Active
EMP037190,Matthew,Taylor,Matthew Taylor,33,Engineering,Director,Miami,71406.82,8074.42,2020-02-18,9,64.5,matthew.taylor@company.com,(725) 453-3981,Active
EMP037191,Daniel,Miller,Daniel Miller,34,HR,Lead,San Francisco,61592.67,3833.86,2022-04-26,12,60.5,daniel.miller@company.com,(411) 711-2881,Active
EMP037192,Robert,Smith,Robert Smith,34,Sales,Manager,Chicago,58678.65,5226.99,2024-04-28,7,46.0,robert.smith@company.com,(954) 747-8231,Active
EMP037193,William,Wilson,William Wilson,54,IT,Director,Chicago,94873.05,10467.11,2024-03-13,32,82.5,william.wilson@company.com,(475) 896-1083,Active
EMP037194,William,Garcia,William Garcia,32,Engineering,Manager,San Francisco,86870.95,8110.1,2021-05-23,7,47.2,william.garcia@company.com,(692) 394-5710,Active
EMP037195,Jessica,Williams,Jessica Williams,54,HR,Specialist,Los Angeles,74679.11,1893.32,2022-10-25,27,43.0,jessica.williams@company.com,(600) 796-5140,Active
EMP037196,Nicole,Taylor,Nicole Taylor,47,Engineering,Analyst,San Francisco,97085.78,9627.48,2020-06-10,18,55.5,nicole.taylor@company.com,(841) 523-7838,Active
EMP037197,Lisa,Jones,Lisa Jones,36,Finance,Lead,Miami,88279.23,9974.93,2022-08-19,14,55.1,lisa.jones@company.com,(598) 460-6073,Active
EMP037198,Stephanie,Garcia,Stephanie Garcia,34,HR,Senior Developer,Los Angeles,55476.7,4967.87,2020-05-20,8,100.0,stephanie.garcia@company.com,(968) 868-9812,Inactive
EMP037199,Matthew,Martinez,Matthew Martinez,34,Marketing,Specialist,Austin,55057.29,9339.66,2022-03-31,12,62.5,matthew.martinez@company.com,(332) 518-9259,Active
EMP037200,Daniel,Martin,Daniel Martin,54,Operations,Director,Los Angeles,61756.57,4321.94,2024-09-30,32,68.1,daniel.martin@company.com,(881) 929-3276,Active
EMP037201,Robert,Thomas,Robert Thomas,25,Finance,Analyst,Austin,79648.7,13018.91,2021-03-18,0,86.5,robert.thomas@company.com,(360) 756-3674,Inactive
EMP037202,Jessica,Miller,Jessica Miller,54,Sales,Senior Developer,Los Angeles,82813.26,15227.66,2024-02-17,31,59.9,jessica.miller@company.com,(835) 568-5856,Active
EMP037203,Sarah,Garcia,Sarah Garcia,61,Sales,Analyst,New York,85632.72,10752.12,2023-02-08,38,75.4,sarah.garcia@company.com,(246) 456-3697,Active
EMP037204,Stephanie,Davis,Stephanie Davis,27,IT,Director,New York,66503.62,4431.47,2021-04-30,0,45.2,stephanie.davis@company.com,(344) 263-7298,Active
EMP037205,Nicole,Smith,Nicole Smith,23,Sales,Specialist,New York,30000.0,1436.66,2024-12-05,0,83.3,nicole.smith@company.com,(775) 626-7542,Active
EMP037206,Stephanie,Martin,Stephanie Martin,26,Sales,Senior Developer,Miami,64761.64,10954.8,2020-05-13,0,78.3,stephanie.martin@company.com,(947) 870-6066,Active
EMP037207,Amanda,Gonzalez,Amanda Gonzalez,25,HR,Manager,Austin,48484.6,8000.02,2024-08-27,3,85.2,amanda.gonzalez@company.com,(819) 854-4361,Active
EMP037208,Matthew,Anderson,Matthew Anderson,60,Marketing,Lead,Boston,92590.86,9987.24,2021-11-21,36,83.9,matthew.anderson@company.com,(635) 624-4940,Active
EMP037209,William,Johnson,William Johnson,40,IT,Analyst,Boston,74434.67,11100.82,2021-12-21,11,69.4,william.johnson@company.com,(450) 455-6389,Active
EMP037210,John,Wilson,John Wilson,35,Engineering,Senior Developer,San Francisco,90679.74,3292.86,2022-12-15,12,80.6,john.wilson@company.com,(871) 868-1411,Active
EMP037211,Jane,Taylor,Jane Taylor,31,Marketing,Associate,New York,53339.78,3906.37,2020-12-10,3,89.5,jane.taylor@company.com,(699) 562-2793,Active
EMP037212,John,Garcia,John Garcia,46,HR,Senior Developer,New York,84777.81,6571.14,2021-06-25,20,68.9,john.garcia@company.com,(496) 870-3498,Active
EMP037213,Jane,Garcia,Jane Garcia,44,HR,Coordinator,Boston,57157.35,2380.01,2021-03-26,17,40.5,jane.garcia@company.com,(972) 212-9732,Active
EMP037214,Jessica,Jackson,Jessica Jackson,25,Engineering,Director,Los Angeles,51826.49,9223.4,2021-07-09,0,62.7,jessica.jackson@company.com,(243) 690-3660,Active
EMP037215,Melissa,Martin,Melissa Martin,49,IT,Manager,Los Angeles,99753.38,5599.71,2023-11-03,20,77.8,melissa.martin@company.com,(213) 478-5565,Active
EMP037216,Jane,Williams,Jane Williams,58,Marketing,Director,Seattle,102060.93,2404.79,2023-10-06,31,64.0,jane.williams@company.com,(921) 992-6357,Active
EMP037217,Michael,Hernandez,Michael Hernandez,38,IT,Associate,Los Angeles,81478.69,14476.35,2024-03-13,10,64.2,michael.hernandez@company.com,(894) 643-5589,Active
EMP037218,Emily,Hernandez,Emily Hernandez,53,Finance,Coordinator,Los Angeles,85769.09,6060.57,2021-05-24,31,77.6,emily.hernandez@company.com,(955) 917-5331,Active
EMP037219,Emily,Lopez,Emily Lopez,49,Finance,Senior Developer,New York,94647.83,4044.53,2023-07-10,23,64.2,emily.lopez@company.com,(287) 287-6307,Active
EMP037220,Anthony,Rodriguez,Anthony Rodriguez,44,Finance,Director,Chicago,78568.15,9584.57,2022-02-14,15,84.9,anthony.rodriguez@company.com,(772) 513-3311,Active
EMP037221,William,Taylor,William Taylor,35,Sales,Manager,Chicago,68920.8,7799.33,2022-08-15,7,81.0,william.taylor@company.com,(518) 801-5205,Active
EMP037222,Anthony,Miller,Anthony Miller,49,IT,Manager,San Francisco,129489.91,18405.41,2022-10-06,21,77.9,anthony.miller@company.com,(348) 318-4563,Active
EMP037223,Jessica,Moore,Jessica Moore,43,Finance,Analyst,San Francisco,89455.68,4058.39,2020-01-07,21,85.9,jessica.moore@company.com,(607) 655-1351,Inactive
EMP037224,James,Gonzalez,James Gonzalez,58,Finance,Coordinator,Chicago,117882.16,5596.02,2022-05-21,35,57.7,james.gonzalez@company.com,(227) 439-1295,Active
EMP037225,Jessica,Johnson,Jessica Johnson,54,Finance,Lead,New York,85879.72,12688.1,2021-02-23,26,83.5,jessica.johnson@company.com,(415) 806-5604,Active
EMP037226,Nicole,Miller,Nicole Miller,26,Legal,Manager,New York,100088.44,16225.96,2020-08-05,3,70.7,nicole.miller@company.com,(278) 371-6403,Inactive
EMP037227,Anthony,Johnson,Anthony Johnson,38,HR,Associate,Miami,50448.59,8138.44,2020-02-02,16,85.7,anthony.johnson@company.com,(391) 275-9582,Active
EMP037228,William,Smith,William Smith,41,Legal,Director,Chicago,83002.27,10732.93,2021-08-28,15,84.7,william.smith@company.com,(679) 764-1419,Active
EMP037229,Emily,Smith,Emily Smith,44,HR,Coordinator,Austin,78192.5,6364.98,2021-06-27,16,43.9,emily.smith@company.com,(898) 253-5683,Active
EMP037230,Lisa,Johnson,Lisa Johnson,41,Finance,Analyst,San Francisco,100036.06,10792.29,2024-10-27,12,54.7,lisa.johnson@company.com,(235) 768-7120,Active
EMP037231,William,Anderson,William Anderson,45,Legal,Coordinator,Seattle,121343.2,15601.05,2020-01-15,19,71.8,william.anderson@company.com,(935) 230-6935,On Leave
EMP037232,John,Martinez,John Martinez,51,Sales,Senior Developer,Chicago,88426.91,5963.47,2021-10-06,22,93.3,john.martinez@company.com,(893) 319-3479,Active
EMP037233,Sarah,Martinez,Sarah Martinez,22,Finance,Lead,Seattle,57130.06,9849.41,2020-08-13,0,89.3,sarah.martinez@company.com,(431) 821-3888,Active
EMP037234,Nicole,Martin,Nicole Martin,35,Legal,Specialist,San Francisco,53359.4,3557.78,2023-09-08,13,73.5,nicole.martin@company.com,(987) 554-5569,Active
EMP037235,Stephanie,Brown,Stephanie Brown,42,IT,Specialist,Miami,90432.48,10816.48,2020-11-28,14,69.2,stephanie.brown@company.com,(621) 680-1432,Inactive
EMP037236,Christopher,Smith,Christopher Smith,34,Legal,Manager,San Francisco,87398.13,9155.46,2023-04-24,9,65.9,christopher.smith@company.com,(254) 838-1252,Active
EMP037237,Amanda,Miller,Amanda Miller,65,Marketing,Senior Developer,Seattle,93467.2,13986.25,2021-01-26,38,67.2,amanda.miller@company.com,(242) 579-1436,Active
EMP037238,Stephanie,Smith,Stephanie Smith,32,IT,Lead,Austin,80289.72,6150.4,2022-10-23,4,100.0,stephanie.smith@company.com,(497) 500-5910,Active
EMP037239,Matthew,Martin,Matthew Martin,57,Marketing,Associate,Chicago,70041.37,6223.72,2021-04-02,34,75.1,matthew.martin@company.com,(359) 690-1744,Active
EMP037240,Melissa,Williams,Melissa Williams,57,Marketing,Manager,Miami,79884.76,7461.12,2023-04-06,28,95.7,melissa.williams@company.com,(782) 847-3203,Inactive
EMP037241,Jane,Martinez,Jane Martinez,63,Marketing,Lead,Los Angeles,95470.75,20170.87,2021-01-17,38,82.4,jane.martinez@company.com,(823) 468-9731,Inactive
EMP037242,Amanda,Johnson,Amanda Johnson,47,Marketing,Senior Developer,Miami,56245.99,2530.05,2023-11-22,22,75.3,amanda.johnson@company.com,(560) 438-6516,Inactive
EMP037243,Lisa,Rodriguez,Lisa Rodriguez,30,IT,Associate,Chicago,61626.19,8713.03,2023-02-13,8,72.8,lisa.rodriguez@company.com,(627) 573-1059,Active
EMP037244,James,Williams,James Williams,44,Marketing,Manager,New York,88651.83,11327.7,2020-05-23,15,63.8,james.williams@company.com,(516) 410-2665,Active
EMP037245,Jessica,Moore,Jessica Moore,38,Finance,Coordinator,Los Angeles,55917.59,7042.93,2022-05-05,10,66.0,jessica.moore@company.com,(636) 388-4730,Active
EMP037246,Amanda,Anderson,Amanda Anderson,58,Sales,Lead,Miami,64987.66,8044.45,2021-12-22,29,84.5,amanda.anderson@company.com,(555) 741-1998,Active
EMP037247,Melissa,Jones,Melissa Jones,29,Marketing,Senior Developer,San Francisco,63374.02,10723.62,2023-12-18,0,57.1,melissa.jones@company.com,(774) 388-1899,Active
EMP037248,Matthew,Williams,Matthew Williams,26,Engineering,Director,Chicago,90675.1,9883.45,2020-01-23,1,94.6,matthew.williams@company.com,(736) 212-7822,Active
EMP037249,James,Garcia,James Garcia,39,HR,Director,San Francisco,31831.55,681.39,2024-08-08,17,95.0,james.garcia@company.com,(428) 768-5090,Active
EMP037250,Robert,Jackson,Robert Jackson,51,Engineering,Analyst,Los Angeles,73891.96,3949.07,2020-08-19,27,77.6,robert.jackson@company.com,(478) 323-1533,Active
EMP037251,Ashley,Thomas,Ashley Thomas,42,HR,Senior Developer,Seattle,67189.55,3135.72,2020-06-22,17,43.3,ashley.thomas@company.com,(490) 740-7465,Active
EMP037252,Anthony,Anderson,Anthony Anderson,40,Sales,Senior Developer,Los Angeles,86451.41,13488.54,2024-06-27,12,69.5,anthony.anderson@company.com,(695) 615-8913,Active
EMP037253,Matthew,Miller,Matthew Miller,43,HR,Senior Developer,New York,59454.88,2881.82,2020-06-09,21,89.6,matthew.miller@company.com,(478) 748-8589,Inactive
EMP037254,Robert,Johnson,Robert Johnson,24,Marketing,Associate,Seattle,61382.86,3200.42,2023-06-26,2,79.4,robert.johnson@company.com,(359) 201-3558,Active
EMP037255,James,Thomas,James Thomas,39,Engineering,Coordinator,Chicago,110711.44,11686.01,2024-11-07,11,78.1,james.thomas@company.com,(906) 857-5017,Active
EMP037256,Daniel,Thomas,Daniel Thomas,61,HR,Director,Seattle,76443.93,9065.02,2022-05-01,36,89.2,daniel.thomas@company.com,(647) 734-3350,Active
EMP037257,Anthony,Jones,Anthony Jones,33,Sales,Specialist,Miami,78666.75,10313.56,2024-12-17,5,71.1,anthony.jones@company.com,(807) 300-7766,Active
EMP037258,Nicole,Jackson,Nicole Jackson,33,Finance,Director,Miami,80856.02,4522.67,2023-05-05,5,70.1,nicole.jackson@company.com,(954) 633-2379,Active
EMP037259,Matthew,Williams,Matthew Williams,38,Operations,Coordinator,Los Angeles,55130.95,3330.49,2020-02-21,14,98.3,matthew.williams@company.com,(328) 331-2372,Active
EMP037260,Lisa,Williams,Lisa Williams,57,Operations,Associate,San Francisco,52207.78,4459.53,2024-11-17,31,60.0,lisa.williams@company.com,(845) 952-5051,Active
EMP037261,Christopher,Garcia,Christopher Garcia,33,Legal,Specialist,Boston,74320.05,7392.35,2020-01-21,4,92.7,christopher.garcia@company.com,(807) 785-6077,Active
EMP037262,David,Garcia,David Garcia,58,Sales,Coordinator,New York,106625.87,0.0,2023-07-02,31,65.7,david.garcia@company.com,(290) 889-7639,Active
EMP037263,Michael,Johnson,Michael Johnson,28,Legal,Senior Developer,Seattle,83191.67,8749.27,2022-06-11,0,76.3,michael.johnson@company.com,(625) 973-9809,Active
EMP037264,Christopher,Brown,Christopher Brown,31,Legal,Analyst,Austin,73704.89,5028.73,2022-01-08,2,67.2,christopher.brown@company.com,(829) 707-1420,On Leave
EMP037265,Amanda,Garcia,Amanda Garcia,56,IT,Coordinator,New York,90211.47,10773.12,2020-07-09,33,85.8,amanda.garcia@company.com,(347) 998-8858,Active
EMP037266,Daniel,Taylor,Daniel Taylor,42,Operations,Manager,Chicago,84390.61,8146.36,2020-04-01,15,86.4,daniel.taylor@company.com,(742) 856-5232,Active
EMP037267,Emily,Brown,Emily Brown,23,HR,Coordinator,Los Angeles,63453.37,10237.07,2020-02-24,0,59.8,emily.brown@company.com,(502) 365-2366,Inactive
EMP037268,Anthony,Williams,Anthony Williams,57,Finance,Manager,San Francisco,89041.35,8299.66,2024-12-24,30,62.0,anthony.williams@company.com,(738) 962-9528,Active
EMP037269,Emily,Lopez,Emily Lopez,60,Finance,Specialist,Chicago,66144.9,7061.68,2020-11-07,32,64.3,emily.lopez@company.com,(858) 702-7983,Active
EMP037270,Michael,Thomas,Michael Thomas,49,Marketing,Specialist,Seattle,55025.37,2350.89,2020-01-14,22,73.4,michael.thomas@company.com,(555) 838-3929,Active
EMP037271,Melissa,Martinez,Melissa Martinez,50,Finance,Director,Boston,91655.46,13196.68,2023-06-10,25,69.0,melissa.martinez@company.com,(259) 471-1261,Active
EMP037272,Sarah,Miller,Sarah Miller,36,Legal,Manager,Austin,91334.57,15105.03,2022-06-17,7,57.6,sarah.miller@company.com,(636) 511-6351,Active
EMP037273,Daniel,Wilson,Daniel Wilson,62,Sales,Lead,Los Angeles,90587.53,20584.24,2023-11-09,33,100.0,daniel.wilson@company.com,(753) 773-8498,On Leave
EMP037274,David,Davis,David Davis,46,Legal,Senior Developer,Boston,86137.67,4464.06,2021-06-10,18,86.9,david.davis@company.com,(490) 545-9770,Active
EMP037275,John,Hernandez,John Hernandez,45,Legal,Coordinator,Austin,102591.71,9716.06,2024-12-25,22,74.2,john.hernandez@company.com,(217) 717-4360,Active
EMP037276,Jessica,Johnson,Jessica Johnson,29,Legal,Manager,Austin,66437.3,5833.91,2023-11-07,1,97.0,jessica.johnson@company.com,(243) 675-4506,Active
EMP037277,Michael,Taylor,Michael Taylor,23,Engineering,Lead,Los Angeles,95304.43,7431.42,2020-10-31,1,95.4,michael.taylor@company.com,(711) 407-3658,Active
EMP037278,Matthew,Brown,Matthew Brown,40,Finance,Manager,Boston,76473.62,3863.58,2024-08-17,15,92.5,matthew.brown@company.com,(652) 833-4791,Inactive
EMP037279,Matthew,Williams,Matthew Williams,65,Operations,Analyst,Chicago,76511.02,3292.92,2022-11-27,40,83.0,matthew.williams@company.com,(315) 865-5041,Active
EMP037280,William,Gonzalez,William Gonzalez,41,IT,Senior Developer,San Francisco,112319.55,4354.58,2022-08-01,19,79.1,william.gonzalez@company.com,(471) 654-1447,Active
EMP037281,Stephanie,Jones,Stephanie Jones,56,Finance,Specialist,Los Angeles,79214.02,3967.2,2024-07-23,28,75.7,stephanie.jones@company.com,(713) 782-7914,Active
EMP037282,Michael,Jackson,Michael Jackson,60,Sales,Senior Developer,Chicago,83280.75,14069.5,2024-04-14,35,55.2,michael.jackson@company.com,(936) 697-8357,Active
EMP037283,Daniel,Davis,Daniel Davis,54,Marketing,Analyst,Boston,93346.4,11500.78,2024-04-13,29,93.5,daniel.davis@company.com,(299) 599-4140,Active
EMP037284,Stephanie,Hernandez,Stephanie Hernandez,50,Sales,Coordinator,Chicago,65632.24,3002.49,2024-05-14,21,76.9,stephanie.hernandez@company.com,(625) 930-7301,Active
EMP037285,Robert,Smith,Robert Smith,49,Sales,Coordinator,Seattle,77493.32,2912.64,2024-12-25,24,71.3,robert.smith@company.com,(974) 909-3756,Active
EMP037286,Jane,Wilson,Jane Wilson,39,Legal,Associate,Chicago,96553.45,15087.55,2020-08-21,13,65.8,jane.wilson@company.com,(353) 420-6404,Active
EMP037287,Lisa,Rodriguez,Lisa Rodriguez,62,Operations,Director,Los Angeles,60208.05,11493.43,2021-12-14,38,58.7,lisa.rodriguez@company.com,(685) 680-5005,Active
EMP037288,Amanda,Martinez,Amanda Martinez,55,Legal,Coordinator,Chicago,113760.82,18033.59,2023-02-26,28,66.6,amanda.martinez@company.com,(679) 779-4801,Active
EMP037289,Matthew,Jones,Matthew Jones,62,Finance,Analyst,Los Angeles,126684.11,19905.58,2023-07-17,34,79.6,matthew.jones@company.com,(618) 828-6429,Active
EMP037290,David,Martinez,David Martinez,22,Finance,Associate,Seattle,50649.23,2368.21,2023-05-27,0,78.1,david.martinez@company.com,(535) 492-4811,Active
EMP037291,Amanda,Jones,Amanda Jones,54,Legal,Specialist,Los Angeles,83652.46,3923.66,2022-01-02,27,69.1,amanda.jones@company.com,(814) 561-1654,Active
EMP037292,Christopher,Garcia,Christopher Garcia,43,Legal,Senior Developer,Miami,68827.25,11284.19,2021-01-24,18,59.7,christopher.garcia@company.com,(642) 643-8373,Active
EMP037293,John,Anderson,John Anderson,53,Operations,Manager,Miami,78393.15,8892.93,2022-05-24,30,60.3,john.anderson@company.com,(270) 932-6652,Active
EMP037294,Matthew,Hernandez,Matthew Hernandez,22,Sales,Manager,Los Angeles,55415.32,5415.84,2020-06-14,0,64.7,matthew.hernandez@company.com,(421) 362-1193,Inactive
EMP037295,Ashley,Wilson,Ashley Wilson,43,Sales,Director,Miami,83433.74,12254.14,2020-07-11,15,79.6,ashley.wilson@company.com,(246) 453-7548,Active
EMP037296,John,Martinez,John Martinez,50,Finance,Coordinator,San Francisco,92007.52,15729.4,2024-12-12,22,84.2,john.martinez@company.com,(991) 741-7373,Active
EMP037297,Robert,Smith,Robert Smith,58,Engineering,Senior Developer,Miami,94238.03,5028.02,2021-05-07,29,88.5,robert.smith@company.com,(213) 943-8024,Active
EMP037298,John,Moore,John Moore,65,Sales,Associate,Boston,80282.27,10991.98,2020-02-09,40,66.1,john.moore@company.com,(403) 584-5670,Active
EMP037299,William,Jones,William Jones,53,HR,Specialist,Chicago,74623.49,7476.78,2023-06-16,28,57.2,william.jones@company.com,(735) 691-6730,Active
EMP037300,William,Williams,William Williams,49,Legal,Director,Miami,93393.86,16015.06,2023-01-05,25,48.4,william.williams@company.com,(536) 845-1397,Active
EMP037301,Michael,Davis,Michael Davis,54,Finance,Lead,New York,93082.44,4423.42,2021-08-03,31,86.9,michael.davis@company.com,(808) 318-9756,Active
EMP037302,Emily,Thomas,Emily Thomas,27,Finance,Coordinator,Chicago,54350.42,1538.86,2024-12-01,0,83.3,emily.thomas@company.com,(634) 294-9834,Active
EMP037303,Anthony,Wilson,Anthony Wilson,65,Legal,Director,Los Angeles,100813.62,9378.32,2020-05-14,40,56.0,anthony.wilson@company.com,(364) 440-8233,Active
EMP037304,Anthony,Thomas,Anthony Thomas,34,Engineering,Manager,Chicago,69048.45,7826.16,2024-06-09,8,82.4,anthony.thomas@company.com,(372) 876-8680,Active
EMP037305,Christopher,Jones,Christopher Jones,23,Legal,Analyst,Chicago,40695.3,7867.53,2024-09-10,0,65.5,christopher.jones@company.com,(433) 990-1012,Active
EMP037306,Emily,Thomas,Emily Thomas,22,Operations,Director,Boston,50547.14,4689.43,2024-03-22,0,86.2,emily.thomas@company.com,(635) 679-3205,Active
EMP037307,Matthew,Rodriguez,Matthew Rodriguez,38,HR,Specialist,Los Angeles,57761.44,9767.29,2022-06-09,16,94.4,matthew.rodriguez@company.com,(268) 480-4462,Active
EMP037308,Lisa,Garcia,Lisa Garcia,26,HR,Manager,San Francisco,58451.36,5573.23,2020-03-06,2,67.1,lisa.garcia@company.com,(519) 829-7684,Inactive
EMP037309,Matthew,Hernandez,Matthew Hernandez,63,HR,Director,Miami,84240.81,13257.34,2021-09-06,35,98.3,matthew.hernandez@company.com,(542) 273-3773,Active
EMP037310,Emily,Martinez,Emily Martinez,24,Marketing,Analyst,Boston,41119.19,8592.95,2021-05-27,2,41.7,emily.martinez@company.com,(747) 820-9289,Active
EMP037311,William,Martinez,William Martinez,31,HR,Director,New York,63486.97,13524.46,2022-02-21,6,100.0,william.martinez@company.com,(307) 315-3538,Active
EMP037312,Christopher,Martinez,Christopher Martinez,49,Engineering,Lead,Chicago,97803.45,12312.19,2024-12-21,26,86.7,christopher.martinez@company.com,(283) 630-3180,Active
EMP037313,Melissa,Brown,Melissa Brown,32,Legal,Director,Seattle,37500.0,3152.21,2023-07-16,3,66.7,melissa.brown@company.com,(902) 246-4819,Active
EMP037314,Ashley,Smith,Ashley Smith,30,Operations,Senior Developer,Austin,56073.59,2488.68,2023-07-13,6,86.1,ashley.smith@company.com,(306) 245-1385,Active
EMP037315,David,Davis,David Davis,22,IT,Director,New York,55227.46,0.0,2020-01-16,0,95.1,david.davis@company.com,(766) 268-5398,Active
EMP037316,Emily,Moore,Emily Moore,51,HR,Senior Developer,Boston,54628.59,3851.93,2020-06-16,29,78.0,emily.moore@company.com,(508) 926-3093,Active
EMP037317,Amanda,Moore,Amanda Moore,57,Finance,Analyst,Los Angeles,101312.12,0.0,2021-06-15,28,93.6,amanda.moore@company.com,(835) 859-9753,Active
EMP037318,Christopher,Brown,Christopher Brown,34,Sales,Senior Developer,Boston,69784.21,9201.14,2021-08-17,11,81.0,christopher.brown@company.com,(786) 428-6534,Inactive
EMP037319,Anthony,Brown,Anthony Brown,53,Engineering,Specialist,San Francisco,100266.27,4972.01,2023-09-06,26,76.8,anthony.brown@company.com,(343) 677-3675,Active
EMP037320,Melissa,Brown,Melissa Brown,40,Finance,Lead,Los Angeles,78826.38,7808.4,2021-05-17,14,77.2,melissa.brown@company.com,(306) 216-7854,Active
EMP037321,Nicole,Moore,Nicole Moore,34,HR,Lead,Los Angeles,78467.95,7070.27,2020-05-10,12,90.3,nicole.moore@company.com,(572) 761-6664,Active
EMP037322,Emily,Jackson,Emily Jackson,53,Finance,Director,Los Angeles,65956.86,11026.26,2021-11-03,31,77.9,emily.jackson@company.com,(953) 969-1039,Active
EMP037323,James,Anderson,James Anderson,64,Sales,Director,Austin,79617.69,6931.53,2022-11-26,42,73.7,james.anderson@company.com,(803) 711-1494,Active
EMP037324,Melissa,Miller,Melissa Miller,45,Marketing,Lead,Seattle,75564.39,9711.21,2023-07-07,20,60.1,melissa.miller@company.com,(526) 840-3231,Active
EMP037325,David,Wilson,David Wilson,56,Marketing,Specialist,Chicago,74185.58,0.0,2022-02-15,28,50.0,david.wilson@company.com,(437) 918-2767,Active
EMP037326,Jessica,Smith,Jessica Smith,40,Sales,Director,Boston,47680.46,5170.38,2021-12-05,17,56.0,jessica.smith@company.com,(477) 365-4070,Active
EMP037327,Lisa,Johnson,Lisa Johnson,39,Sales,Director,Austin,100313.0,9792.28,2024-08-31,14,74.8,lisa.johnson@company.com,(368) 356-1147,Active
EMP037328,Lisa,Martinez,Lisa Martinez,62,IT,Specialist,Boston,115810.62,19458.37,2020-01-16,38,57.3,lisa.martinez@company.com,(502) 971-3410,Active
EMP037329,Nicole,Rodriguez,Nicole Rodriguez,59,Sales,Manager,San Francisco,73341.05,8988.79,2022-06-20,31,84.0,nicole.rodriguez@company.com,(349) 931-4306,Active
EMP037330,Christopher,Jones,Christopher Jones,24,IT,Lead,Los Angeles,99587.13,20932.51,2022-07-25,0,62.6,christopher.jones@company.com,(287) 574-7063,Active
EMP037331,Anthony,Martin,Anthony Martin,29,Legal,Director,Austin,68077.47,4741.89,2020-05-29,5,88.0,anthony.martin@company.com,(801) 773-1886,Active
EMP037332,David,Lopez,David Lopez,39,IT,Director,Seattle,78878.51,9909.78,2020-10-11,15,66.1,david.lopez@company.com,(547) 525-8974,Active
EMP037333,Ashley,Gonzalez,Ashley Gonzalez,31,Legal,Coordinator,Chicago,104297.48,3370.54,2023-02-15,2,100.0,ashley.gonzalez@company.com,(669) 960-2814,On Leave
EMP037334,David,Taylor,David Taylor,42,Sales,Lead,Miami,64556.23,5461.06,2022-02-04,16,91.9,david.taylor@company.com,(951) 818-7415,Active
EMP037335,Nicole,Garcia,Nicole Garcia,55,Sales,Director,Seattle,104059.18,15638.65,2021-05-17,32,77.6,nicole.garcia@company.com,(901) 649-2093,On Leave
EMP037336,Ashley,Johnson,Ashley Johnson,39,Operations,Analyst,Boston,85497.71,11907.52,2023-07-08,12,74.4,ashley.johnson@company.com,(550) 555-1481,On Leave
EMP037337,Robert,Williams,Robert Williams,40,Finance,Senior Developer,Chicago,75387.25,14026.85,2024-09-12,15,46.9,robert.williams@company.com,(205) 754-5280,Active
EMP037338,Ashley,Williams,Ashley Williams,40,Legal,Lead,Austin,107765.39,7819.87,2022-08-01,14,76.5,ashley.williams@company.com,(245) 781-6304,Active
EMP037339,Anthony,Gonzalez,Anthony Gonzalez,50,HR,Senior Developer,Seattle,44249.23,9468.66,2021-08-30,23,91.0,anthony.gonzalez@company.com,(648) 241-4144,Inactive
EMP037340,Lisa,Lopez,Lisa Lopez,39,Marketing,Coordinator,Boston,64022.44,5385.15,2022-06-19,17,57.2,lisa.lopez@company.com,(700) 444-6704,Active
EMP037341,Lisa,Smith,Lisa Smith,42,Operations,Director,Boston,58802.57,10080.91,2020-01-30,13,78.3,lisa.smith@company.com,(451) 391-6469,Active
EMP037342,Amanda,Miller,Amanda Miller,63,Engineering,Analyst,San Francisco,106078.31,4557.76,2024-09-30,34,55.3,amanda.miller@company.com,(550) 836-7664,Active
EMP037343,John,Smith,John Smith,41,Marketing,Specialist,Miami,65240.65,12279.83,2024-12-13,19,72.6,john.smith@company.com,(937) 748-5611,Inactive
EMP037344,Matthew,Martinez,Matthew Martinez,49,IT,Senior Developer,Boston,88318.09,8896.09,2021-10-19,24,74.2,matthew.martinez@company.com,(480) 306-8124,Active
EMP037345,Lisa,Moore,Lisa Moore,48,Legal,Director,Boston,100441.44,13977.77,2021-02-18,23,71.2,lisa.moore@company.com,(607) 294-8308,Active
EMP037346,Christopher,Johnson,Christopher Johnson,35,Marketing,Associate,Los Angeles,69791.59,6035.87,2020-05-12,13,59.2,christopher.johnson@company.com,(857) 605-1182,Active
EMP037347,Sarah,Gonzalez,Sarah Gonzalez,46,Finance,Associate,New York,69931.72,12974.75,2024-11-22,22,42.4,sarah.gonzalez@company.com,(219) 886-2841,On Leave
EMP037348,Ashley,Johnson,Ashley Johnson,23,IT,Associate,Chicago,96679.5,10175.36,2024-10-11,1,86.7,ashley.johnson@company.com,(958) 222-6505,Active
EMP037349,Sarah,Wilson,Sarah Wilson,46,IT,Specialist,Austin,88952.83,11200.69,2023-04-21,20,85.4,sarah.wilson@company.com,(534) 301-4785,Active
EMP037350,Jane,Williams,Jane Williams,23,IT,Senior Developer,San Francisco,88238.79,10682.22,2024-10-20,0,84.0,jane.williams@company.com,(319) 525-5161,Active
EMP037351,Daniel,Thomas,Daniel Thomas,26,Legal,Director,Austin,68090.62,5436.73,2024-05-10,3,87.6,daniel.thomas@company.com,(562) 265-3451,Active
EMP037352,Jane,Lopez,Jane Lopez,42,HR,Coordinator,Boston,78916.83,11086.93,2021-03-04,18,56.9,jane.lopez@company.com,(845) 962-6014,Active
EMP037353,Christopher,Brown,Christopher Brown,56,Marketing,Director,Austin,83129.38,13738.01,2020-10-21,33,78.9,christopher.brown@company.com,(943) 934-1788,Inactive
EMP037354,Stephanie,Gonzalez,Stephanie Gonzalez,60,Engineering,Associate,Miami,144550.2,20202.04,2021-06-27,32,88.5,stephanie.gonzalez@company.com,(632) 227-7796,Active
EMP037355,Jane,Anderson,Jane Anderson,36,HR,Director,Los Angeles,91598.31,6269.59,2023-11-14,11,88.8,jane.anderson@company.com,(366) 817-8331,Active
EMP037356,Jessica,Garcia,Jessica Garcia,46,Operations,Analyst,Chicago,77369.39,11062.31,2020-02-04,21,85.2,jessica.garcia@company.com,(570) 662-4290,Active
EMP037357,James,Gonzalez,James Gonzalez,25,HR,Associate,Boston,43339.08,3802.87,2023-10-28,3,66.8,james.gonzalez@company.com,(477) 401-1877,Active
EMP037358,Ashley,Thomas,Ashley Thomas,24,Legal,Associate,Boston,83025.8,7413.87,2022-08-14,0,67.1,ashley.thomas@company.com,(261) 483-3300,Active
EMP037359,Jane,Lopez,Jane Lopez,25,Finance,Coordinator,Miami,79900.87,2072.29,2021-03-30,0,100.0,jane.lopez@company.com,(963) 707-5738,Active
EMP037360,Melissa,Smith,Melissa Smith,39,Engineering,Coordinator,Austin,105678.44,12184.17,2023-08-27,13,59.0,melissa.smith@company.com,(572) 742-4339,Active
EMP037361,John,Garcia,John Garcia,55,Operations,Associate,New York,67850.49,2580.19,2021-02-26,30,98.5,john.garcia@company.com,(810) 723-5900,Active
EMP037362,Sarah,Jackson,Sarah Jackson,55,Marketing,Associate,Austin,79958.71,10588.49,2024-06-28,30,78.2,sarah.jackson@company.com,(908) 942-4943,Active
EMP037363,James,Garcia,James Garcia,27,Operations,Manager,Seattle,56849.59,10992.37,2020-09-30,2,53.9,james.garcia@company.com,(269) 367-8593,Active
EMP037364,Matthew,Brown,Matthew Brown,34,Operations,Coordinator,Miami,61692.18,7856.43,2020-11-08,9,86.3,matthew.brown@company.com,(865) 515-4865,Active
EMP037365,Stephanie,Brown,Stephanie Brown,53,Legal,Senior Developer,Miami,109437.71,18653.65,2022-04-01,28,62.7,stephanie.brown@company.com,(491) 783-8377,Active
EMP037366,Christopher,Johnson,Christopher Johnson,24,Legal,Analyst,Chicago,85390.97,5953.86,2020-12-11,0,68.9,christopher.johnson@company.com,(522) 424-7237,Active
EMP037367,Ashley,Jackson,Ashley Jackson,36,HR,Senior Developer,Chicago,77080.8,4700.72,2021-05-24,13,99.8,ashley.jackson@company.com,(572) 524-5843,Inactive
EMP037368,Amanda,Anderson,Amanda Anderson,64,Legal,Associate,Austin,165126.78,15199.04,2024-06-10,37,78.0,amanda.anderson@company.com,(504) 437-3547,Active
EMP037369,Jessica,Martinez,Jessica Martinez,40,IT,Senior Developer,Seattle,123748.1,24678.36,2024-10-15,11,63.0,jessica.martinez@company.com,(781) 480-4514,Active
EMP037370,James,Rodriguez,James Rodriguez,62,Operations,Associate,Chicago,60207.9,520.65,2024-11-29,36,90.8,james.rodriguez@company.com,(747) 587-4019,Active
EMP037371,Nicole,Miller,Nicole Miller,28,IT,Lead,Austin,73555.14,6045.85,2023-08-20,4,71.1,nicole.miller@company.com,(988) 250-4506,Active
EMP037372,Melissa,Lopez,Melissa Lopez,55,HR,Manager,Los Angeles,71930.29,2612.24,2022-02-03,28,71.2,melissa.lopez@company.com,(223) 492-6455,On Leave
EMP037373,David,Taylor,David Taylor,47,Finance,Senior Developer,Austin,80099.11,8309.38,2024-05-26,18,90.6,david.taylor@company.com,(387) 876-8227,Active
EMP037374,John,Garcia,John Garcia,53,HR,Lead,Los Angeles,80022.43,4823.67,2024-02-24,30,80.1,john.garcia@company.com,(551) 248-9035,Active
EMP037375,Christopher,Taylor,Christopher Taylor,64,Operations,Coordinator,Miami,72670.75,12404.47,2024-03-16,42,73.5,christopher.taylor@company.com,(356) 542-9943,Active
EMP037376,Jane,Davis,Jane Davis,61,Engineering,Director,Chicago,106779.12,22006.62,2024-02-11,32,34.9,jane.davis@company.com,(857) 379-9677,Active
EMP037377,Melissa,Thomas,Melissa Thomas,22,Marketing,Senior Developer,Chicago,52459.74,3783.03,2020-09-16,0,94.5,melissa.thomas@company.com,(200) 674-3943,Active
EMP037378,Jane,Garcia,Jane Garcia,42,IT,Manager,Austin,105118.39,13156.53,2024-07-26,17,71.9,jane.garcia@company.com,(336) 624-4998,Active
EMP037379,Anthony,Jones,Anthony Jones,35,Legal,Senior Developer,New York,73737.13,4295.1,2020-09-29,8,88.7,anthony.jones@company.com,(283) 524-9953,Active
EMP037380,Jessica,Williams,Jessica Williams,49,Sales,Coordinator,Los Angeles,86511.54,15382.86,2020-08-13,20,72.3,jessica.williams@company.com,(425) 382-4457,Inactive
EMP037381,Matthew,Moore,Matthew Moore,49,Sales,Coordinator,Miami,78035.11,3452.21,2023-08-02,27,81.4,matthew.moore@company.com,(402) 543-7746,Active
EMP037382,Robert,Jackson,Robert Jackson,22,Legal,Specialist,Chicago,55655.37,6559.33,2022-03-12,0,50.0,robert.jackson@company.com,(501) 374-2631,Active
EMP037383,Anthony,Hernandez,Anthony Hernandez,34,Legal,Lead,Seattle,73867.31,9267.08,2024-02-18,8,23.5,anthony.hernandez@company.com,(770) 969-2894,Active
EMP037384,John,Martinez,John Martinez,46,Operations,Director,Los Angeles,79154.21,7515.94,2023-02-06,21,75.5,john.martinez@company.com,(723) 435-1679,Active
EMP037385,Sarah,Rodriguez,Sarah Rodriguez,32,Finance,Associate,Chicago,59343.09,7430.5,2023-06-27,8,56.0,sarah.rodriguez@company.com,(279) 242-5355,Active
EMP037386,Jessica,Anderson,Jessica Anderson,57,IT,Analyst,Seattle,107250.9,11995.59,2024-06-03,34,95.6,jessica.anderson@company.com,(675) 479-2403,Active
EMP037387,Melissa,Johnson,Melissa Johnson,39,Engineering,Lead,Austin,73056.28,10444.03,2022-03-14,11,71.1,melissa.johnson@company.com,(627) 437-5897,Active
EMP037388,Robert,Miller,Robert Miller,34,Engineering,Lead,Los Angeles,93205.8,9817.82,2021-10-04,10,40.5,robert.miller@company.com,(542) 861-9013,Inactive
EMP037389,Daniel,Martinez,Daniel Martinez,57,Marketing,Lead,Los Angeles,80635.44,6222.12,2023-06-25,33,85.5,daniel.martinez@company.com,(882) 614-2584,Active
EMP037390,Christopher,Smith,Christopher Smith,35,Finance,Director,Austin,90026.87,6581.31,2023-07-12,6,79.4,christopher.smith@company.com,(805) 984-5239,Active
EMP037391,Melissa,Taylor,Melissa Taylor,51,Legal,Analyst,Austin,82571.04,11610.7,2020-08-09,25,86.6,melissa.taylor@company.com,(272) 214-1577,Active
EMP037392,Anthony,Taylor,Anthony Taylor,36,Engineering,Lead,Boston,55716.02,9691.44,2021-06-22,10,59.0,anthony.taylor@company.com,(716) 528-6979,Active
EMP037393,William,Gonzalez,William Gonzalez,37,HR,Lead,Los Angeles,82829.82,8017.99,2024-02-21,15,88.7,william.gonzalez@company.com,(879) 633-4458,Inactive
EMP037394,Christopher,Smith,Christopher Smith,26,Sales,Associate,Miami,47414.83,5575.97,2023-04-14,2,55.5,christopher.smith@company.com,(650) 397-1450,Inactive
EMP037395,Nicole,Martinez,Nicole Martinez,47,Legal,Senior Developer,Seattle,75843.12,8645.44,2024-11-23,20,57.2,nicole.martinez@company.com,(216) 593-5086,Active
EMP037396,Robert,Garcia,Robert Garcia,28,HR,Lead,Los Angeles,62064.87,4603.12,2021-08-31,2,76.0,robert.garcia@company.com,(821) 988-8392,Active
EMP037397,Christopher,Jackson,Christopher Jackson,32,Legal,Lead,Chicago,82246.69,8794.17,2022-09-18,6,88.3,christopher.jackson@company.com,(272) 802-1646,Active
EMP037398,Jane,Martin,Jane Martin,40,Legal,Manager,Los Angeles,83032.92,485.67,2020-11-05,13,72.0,jane.martin@company.com,(477) 522-9284,Active
EMP037399,Stephanie,Rodriguez,Stephanie Rodriguez,49,IT,Coordinator,Chicago,96551.32,8622.31,2020-01-29,27,97.2,stephanie.rodriguez@company.com,(741) 643-4205,Active
EMP037400,Michael,Moore,Michael Moore,59,Legal,Associate,New York,85166.88,13691.92,2022-05-04,31,100.0,michael.moore@company.com,(941) 360-2844,Active
EMP037401,Jessica,Martin,Jessica Martin,53,IT,Lead,Boston,99565.25,6019.74,2021-03-02,29,67.2,jessica.martin@company.com,(290) 302-3078,Active
EMP037402,Michael,Thomas,Michael Thomas,57,Sales,Manager,Chicago,106902.17,17096.27,2020-06-29,31,63.3,michael.thomas@company.com,(468) 216-1974,Active
EMP037403,William,Davis,William Davis,28,IT,Director,Seattle,90833.77,5613.7,2024-06-11,0,57.4,william.davis@company.com,(970) 222-8329,Active
EMP037404,Lisa,Jackson,Lisa Jackson,59,Operations,Manager,Miami,90862.01,10152.55,2024-01-21,32,77.9,lisa.jackson@company.com,(556) 297-9462,Active
EMP037405,Nicole,Wilson,Nicole Wilson,23,Marketing,Analyst,Miami,48249.75,6229.72,2020-10-05,0,75.2,nicole.wilson@company.com,(212) 874-6490,Inactive
EMP037406,Lisa,Martin,Lisa Martin,46,Operations,Analyst,Austin,69875.47,6970.43,2023-09-04,22,59.9,lisa.martin@company.com,(936) 347-2821,Active
EMP037407,Sarah,Garcia,Sarah Garcia,56,Sales,Coordinator,Austin,100615.0,8428.58,2024-08-12,28,98.6,sarah.garcia@company.com,(588) 742-3282,Active
EMP037408,Amanda,Johnson,Amanda Johnson,30,Finance,Coordinator,Boston,33369.52,839.0,2020-01-07,3,75.3,amanda.johnson@company.com,(358) 589-2631,Active
EMP037409,James,Garcia,James Garcia,43,Engineering,Director,Los Angeles,141407.69,14825.86,2024-05-03,19,66.9,james.garcia@company.com,(914) 793-8760,Active
EMP037410,Daniel,Martinez,Daniel Martinez,60,Finance,Specialist,Chicago,120741.27,16537.66,2023-04-18,33,78.7,daniel.martinez@company.com,(998) 918-4991,Active
EMP037411,Lisa,Garcia,Lisa Garcia,27,Sales,Associate,San Francisco,52054.45,537.73,2021-12-14,2,71.3,lisa.garcia@company.com,(243) 763-1670,Active
EMP037412,Christopher,Davis,Christopher Davis,26,IT,Manager,Seattle,77895.37,8224.65,2020-04-11,3,88.3,christopher.davis@company.com,(230) 712-4697,Active
EMP037413,John,Davis,John Davis,30,Operations,Director,Miami,42705.4,1544.84,2022-02-13,3,91.9,john.davis@company.com,(434) 946-2650,Active
EMP037414,Anthony,Johnson,Anthony Johnson,59,Operations,Specialist,Austin,79281.04,12862.31,2021-07-16,33,86.0,anthony.johnson@company.com,(377) 543-1495,Active
EMP037415,David,Smith,David Smith,38,Finance,Manager,Seattle,70790.52,2734.76,2022-04-28,15,64.8,david.smith@company.com,(873) 764-6908,Active
EMP037416,Matthew,Miller,Matthew Miller,54,HR,Senior Developer,New York,81727.69,14251.78,2020-07-24,30,94.2,matthew.miller@company.com,(445) 771-4834,Active
EMP037417,Robert,Rodriguez,Robert Rodriguez,56,Legal,Specialist,San Francisco,90795.87,8717.41,2023-06-14,27,99.8,robert.rodriguez@company.com,(741) 510-2204,Active
EMP037418,Matthew,Gonzalez,Matthew Gonzalez,49,HR,Analyst,Austin,71780.5,7648.28,2024-11-12,24,80.4,matthew.gonzalez@company.com,(521) 509-1689,On Leave
EMP037419,Jessica,Williams,Jessica Williams,31,Legal,Associate,Boston,93789.85,20557.18,2023-11-03,5,58.8,jessica.williams@company.com,(672) 454-3383,Inactive
EMP037420,Melissa,Moore,Melissa Moore,52,Operations,Specialist,Miami,54677.41,6171.17,2021-03-13,24,54.4,melissa.moore@company.com,(201) 941-1024,Active
EMP037421,Ashley,Martin,Ashley Martin,51,Legal,Analyst,Miami,89270.18,11138.92,2022-07-25,23,100.0,ashley.martin@company.com,(923) 616-6535,Active
EMP037422,Jane,Brown,Jane Brown,57,HR,Analyst,San Francisco,77809.26,9895.42,2023-02-05,35,70.7,jane.brown@company.com,(614) 720-9501,Active
EMP037423,Stephanie,Rodriguez,Stephanie Rodriguez,55,IT,Coordinator,New York,117450.45,11714.11,2024-07-31,33,64.8,stephanie.rodriguez@company.com,(504) 624-4494,Active
EMP037424,Daniel,Taylor,Daniel Taylor,47,Engineering,Senior Developer,New York,88126.65,12800.34,2020-07-06,18,90.3,daniel.taylor@company.com,(753) 488-4488,Active
EMP037425,John,Moore,John Moore,50,HR,Senior Developer,Chicago,58122.7,10281.79,2020-03-14,26,56.6,john.moore@company.com,(596) 905-2064,Active
EMP037426,Daniel,Brown,Daniel Brown,54,Sales,Analyst,New York,107372.31,8215.8,2022-07-11,29,82.6,daniel.brown@company.com,(485) 649-5738,Active
EMP037427,William,Wilson,William Wilson,29,Legal,Manager,Austin,54763.16,2681.54,2022-03-03,7,68.9,william.wilson@company.com,(857) 210-3806,Active
EMP037428,Lisa,Williams,Lisa Williams,54,Engineering,Manager,Austin,113986.42,23880.34,2022-07-07,30,62.0,lisa.williams@company.com,(227) 228-7097,Active
EMP037429,Lisa,Johnson,Lisa Johnson,40,IT,Coordinator,Seattle,93292.83,14110.43,2020-10-06,13,69.9,lisa.johnson@company.com,(908) 517-8972,Active
EMP037430,Melissa,Garcia,Melissa Garcia,34,Operations,Lead,Seattle,49048.42,10231.61,2024-10-27,12,68.7,melissa.garcia@company.com,(973) 273-5546,On Leave
EMP037431,Jessica,Williams,Jessica Williams,52,IT,Lead,New York,88621.56,9704.11,2022-11-27,27,80.8,jessica.williams@company.com,(730) 693-6111,Active
EMP037432,Sarah,Taylor,Sarah Taylor,47,Legal,Manager,Seattle,95737.96,15017.07,2021-09-15,19,73.3,sarah.taylor@company.com,(355) 412-8638,Active
EMP037433,James,Jackson,James Jackson,62,HR,Manager,Boston,71948.67,0.0,2022-04-04,39,53.3,james.jackson@company.com,(265) 421-8428,Active
EMP037434,Jane,Garcia,Jane Garcia,36,Sales,Manager,Miami,96721.75,14427.06,2024-12-12,9,88.9,jane.garcia@company.com,(551) 463-9192,Active
EMP037435,James,Smith,James Smith,57,IT,Director,Seattle,108688.6,2329.48,2024-04-21,34,83.2,james.smith@company.com,(412) 614-6572,Active
EMP037436,Matthew,Johnson,Matthew Johnson,53,HR,Manager,New York,62378.7,13883.0,2023-04-19,26,48.3,matthew.johnson@company.com,(899) 837-4336,Active
EMP037437,Anthony,Gonzalez,Anthony Gonzalez,63,Finance,Lead,Los Angeles,122984.26,16351.97,2024-02-15,40,100.0,anthony.gonzalez@company.com,(451) 578-7614,Active
EMP037438,Daniel,Anderson,Daniel Anderson,62,Operations,Coordinator,Boston,62986.9,6327.37,2022-07-21,40,95.2,daniel.anderson@company.com,(630) 562-4461,Active
EMP037439,Stephanie,Johnson,Stephanie Johnson,40,HR,Analyst,Boston,62078.84,5390.18,2023-10-24,13,93.2,stephanie.johnson@company.com,(269) 674-7171,Active
EMP037440,James,Anderson,James Anderson,63,Engineering,Lead,Boston,120281.12,13261.22,2022-05-30,39,54.6,james.anderson@company.com,(410) 793-9485,Active
EMP037441,Christopher,Johnson,Christopher Johnson,65,Engineering,Manager,San Francisco,129103.06,13284.54,2020-06-25,40,78.0,christopher.johnson@company.com,(969) 520-7996,Active
EMP037442,Stephanie,Jones,Stephanie Jones,27,Operations,Senior Developer,Austin,64615.07,3995.65,2024-08-31,5,88.5,stephanie.jones@company.com,(578) 949-4803,Active
EMP037443,Emily,Garcia,Emily Garcia,55,Engineering,Coordinator,New York,89190.56,13107.13,2022-06-27,32,67.9,emily.garcia@company.com,(506) 651-8866,Active
EMP037444,Daniel,Anderson,Daniel Anderson,49,Marketing,Specialist,San Francisco,52765.74,6689.21,2020-06-28,22,86.2,daniel.anderson@company.com,(787) 775-9995,Active
EMP037445,Amanda,Moore,Amanda Moore,43,Legal,Associate,Boston,120671.69,6184.36,2021-04-29,21,88.6,amanda.moore@company.com,(654) 508-1939,Active
EMP037446,Robert,Jones,Robert Jones,37,Legal,Manager,Austin,94837.14,10952.61,2020-03-20,15,64.6,robert.jones@company.com,(938) 759-6568,Active
EMP037447,Emily,Taylor,Emily Taylor,48,Operations,Analyst,Chicago,63765.24,3231.59,2022-12-04,19,94.7,emily.taylor@company.com,(587) 974-9889,Inactive
EMP037448,Sarah,Lopez,Sarah Lopez,32,Finance,Lead,Chicago,57940.6,1643.54,2022-06-21,8,86.9,sarah.lopez@company.com,(430) 989-5290,Active
EMP037449,Sarah,Lopez,Sarah Lopez,51,Finance,Analyst,Miami,52450.97,7288.17,2023-04-04,25,88.2,sarah.lopez@company.com,(550) 728-8627,Active
EMP037450,Matthew,Hernandez,Matthew Hernandez,27,Marketing,Specialist,Los Angeles,63615.56,7449.58,2024-09-24,0,79.1,matthew.hernandez@company.com,(712) 422-7270,On Leave
EMP037451,Daniel,Miller,Daniel Miller,32,Operations,Analyst,Austin,67893.39,6064.16,2024-04-23,3,83.6,daniel.miller@company.com,(291) 773-9489,Active
EMP037452,Jane,Davis,Jane Davis,52,HR,Manager,Seattle,57484.79,5008.6,2022-08-13,30,62.5,jane.davis@company.com,(746) 334-2144,Active
EMP037453,Christopher,Miller,Christopher Miller,49,HR,Coordinator,Chicago,75316.09,3151.05,2024-04-21,25,70.2,christopher.miller@company.com,(311) 667-6572,Active
EMP037454,Amanda,Wilson,Amanda Wilson,49,Engineering,Analyst,Boston,92541.98,2486.29,2023-11-14,21,63.5,amanda.wilson@company.com,(719) 429-4696,Active
EMP037455,Robert,Hernandez,Robert Hernandez,30,Legal,Lead,Los Angeles,94835.84,1211.14,2023-04-23,1,59.2,robert.hernandez@company.com,(225) 290-5278,Inactive
EMP037456,Emily,Jackson,Emily Jackson,28,Engineering,Lead,Los Angeles,121300.36,11279.21,2021-02-23,3,70.8,emily.jackson@company.com,(703) 280-7013,Active
EMP037457,Stephanie,Johnson,Stephanie Johnson,52,Finance,Coordinator,Miami,79890.19,6542.96,2024-12-19,30,85.8,stephanie.johnson@company.com,(963) 285-6498,Active
EMP037458,Jessica,Lopez,Jessica Lopez,28,Marketing,Associate,Chicago,70779.21,2338.64,2024-10-03,6,90.8,jessica.lopez@company.com,(829) 972-1337,Inactive
EMP037459,Christopher,Lopez,Christopher Lopez,40,Marketing,Coordinator,Chicago,64433.05,9362.0,2023-04-11,18,78.0,christopher.lopez@company.com,(396) 550-1846,Inactive
EMP037460,Daniel,Taylor,Daniel Taylor,34,Operations,Specialist,San Francisco,70900.85,6699.9,2022-08-22,9,60.7,daniel.taylor@company.com,(326) 304-2002,Active
EMP037461,Jane,Johnson,Jane Johnson,56,HR,Coordinator,Chicago,78056.89,7911.97,2021-11-15,30,84.0,jane.johnson@company.com,(808) 764-1942,Inactive
EMP037462,James,Wilson,James Wilson,47,Legal,Specialist,Seattle,93540.72,11935.78,2020-03-21,25,84.8,james.wilson@company.com,(245) 567-2664,Active
EMP037463,Ashley,Moore,Ashley Moore,26,Operations,Director,Seattle,53030.86,2973.16,2023-09-15,0,88.2,ashley.moore@company.com,(601) 787-8541,Active
EMP037464,James,Rodriguez,James Rodriguez,34,HR,Manager,Los Angeles,55287.38,6359.87,2024-05-04,8,81.0,james.rodriguez@company.com,(645) 353-7714,Active
EMP037465,James,Moore,James Moore,33,Finance,Specialist,Chicago,54918.21,6076.1,2021-11-16,8,71.6,james.moore@company.com,(702) 465-4297,Active
EMP037466,Christopher,Jackson,Christopher Jackson,33,IT,Lead,Boston,115231.27,7715.84,2020-01-16,7,75.0,christopher.jackson@company.com,(672) 971-6294,Active
EMP037467,William,Wilson,William Wilson,54,Operations,Director,Seattle,50920.52,6600.22,2024-10-28,29,62.0,william.wilson@company.com,(349) 727-5527,Active
EMP037468,Sarah,Thomas,Sarah Thomas,43,Finance,Director,Seattle,80750.5,6039.68,2023-02-19,16,76.8,sarah.thomas@company.com,(495) 477-4107,Active
EMP037469,Amanda,Brown,Amanda Brown,59,IT,Coordinator,San Francisco,89170.7,14363.89,2022-10-13,37,81.8,amanda.brown@company.com,(549) 584-3568,Active
EMP037470,Michael,Moore,Michael Moore,33,Sales,Lead,Los Angeles,78508.13,13789.51,2022-04-20,5,88.4,michael.moore@company.com,(357) 891-9665,On Leave
EMP037471,William,Lopez,William Lopez,65,Marketing,Associate,Seattle,82854.08,8005.16,2021-02-20,38,52.2,william.lopez@company.com,(391) 886-3951,Active
EMP037472,Jane,Martin,Jane Martin,32,Legal,Lead,Seattle,104246.59,12868.97,2021-06-05,4,77.3,jane.martin@company.com,(299) 969-7079,Active
EMP037473,Daniel,Williams,Daniel Williams,36,Engineering,Manager,Austin,109479.91,14649.46,2022-04-16,7,75.6,daniel.williams@company.com,(380) 650-6466,Active
EMP037474,Ashley,Johnson,Ashley Johnson,43,Operations,Analyst,San Francisco,58217.55,5383.29,2020-05-04,15,88.3,ashley.johnson@company.com,(990) 330-9357,Active
EMP037475,Stephanie,Martinez,Stephanie Martinez,52,HR,Senior Developer,Miami,82808.83,6850.21,2020-02-17,24,69.7,stephanie.martinez@company.com,(364) 528-1155,Active
EMP037476,Anthony,Gonzalez,Anthony Gonzalez,25,IT,Lead,Chicago,83125.03,14783.84,2020-08-09,0,78.4,anthony.gonzalez@company.com,(417) 839-2055,Active
EMP037477,Robert,Martin,Robert Martin,33,Sales,Coordinator,San Francisco,83961.13,1886.21,2022-10-03,11,71.5,robert.martin@company.com,(390) 293-4697,On Leave
EMP037478,Emily,Smith,Emily Smith,31,HR,Specialist,New York,63403.85,11655.17,2024-07-22,5,46.9,emily.smith@company.com,(566) 426-1633,Active
EMP037479,Melissa,Anderson,Melissa Anderson,55,IT,Manager,Los Angeles,125262.18,13734.54,2020-05-14,26,79.9,melissa.anderson@company.com,(675) 684-3017,Active
EMP037480,Robert,Thomas,Robert Thomas,64,Legal,Associate,Los Angeles,144190.73,22867.29,2023-06-25,40,74.5,robert.thomas@company.com,(454) 651-8999,Active
EMP037481,Daniel,Rodriguez,Daniel Rodriguez,33,Finance,Associate,San Francisco,63785.82,13153.77,2020-07-28,6,76.2,daniel.rodriguez@company.com,(367) 893-3690,Active
EMP037482,Anthony,Lopez,Anthony Lopez,53,Sales,Coordinator,Seattle,82036.55,8138.06,2020-04-06,30,53.8,anthony.lopez@company.com,(246) 681-6896,Active
EMP037483,Ashley,Johnson,Ashley Johnson,31,Finance,Specialist,Los Angeles,45774.68,4112.39,2024-02-12,7,78.4,ashley.johnson@company.com,(258) 971-5367,Active
EMP037484,James,Miller,James Miller,49,IT,Director,Los Angeles,91178.12,10773.94,2021-01-10,21,69.8,james.miller@company.com,(201) 763-5379,Inactive
EMP037485,Matthew,Hernandez,Matthew Hernandez,39,Marketing,Senior Developer,Miami,78492.46,9577.34,2021-06-02,17,86.5,matthew.hernandez@company.com,(764) 783-2507,Active
EMP037486,William,Wilson,William Wilson,27,Marketing,Coordinator,New York,75876.28,7434.76,2021-09-18,0,69.8,william.wilson@company.com,(537) 580-8958,Active
EMP037487,Ashley,Garcia,Ashley Garcia,60,Sales,Lead,Seattle,92011.98,12450.27,2020-05-20,31,94.0,ashley.garcia@company.com,(453) 846-9767,Active
EMP037488,Lisa,Hernandez,Lisa Hernandez,63,HR,Specialist,Chicago,71008.72,2845.09,2023-03-25,35,74.5,lisa.hernandez@company.com,(270) 783-3237,Active
EMP037489,Christopher,Martin,Christopher Martin,54,HR,Senior Developer,San Francisco,94398.71,1076.23,2023-06-17,27,72.1,christopher.martin@company.com,(221) 275-3574,Active
EMP037490,Daniel,Garcia,Daniel Garcia,65,Sales,Director,New York,117917.62,5004.53,2023-01-10,38,41.8,daniel.garcia@company.com,(219) 728-2147,Active
EMP037491,Nicole,Anderson,Nicole Anderson,58,Operations,Coordinator,Seattle,91515.17,12541.22,2023-05-04,30,84.9,nicole.anderson@company.com,(946) 235-1176,Active
EMP037492,Nicole,Garcia,Nicole Garcia,37,Legal,Coordinator,Austin,64777.66,5855.88,2023-04-14,9,100.0,nicole.garcia@company.com,(281) 628-8024,Active
EMP037493,Michael,Lopez,Michael Lopez,64,Marketing,Senior Developer,Los Angeles,55254.72,6310.4,2021-11-09,35,88.6,michael.lopez@company.com,(209) 346-8885,Active
EMP037494,Daniel,Thomas,Daniel Thomas,44,Marketing,Senior Developer,Boston,67905.93,11025.15,2021-11-20,16,69.2,daniel.thomas@company.com,(904) 403-7000,Active
EMP037495,Ashley,Smith,Ashley Smith,24,Engineering,Lead,New York,97553.29,10051.65,2021-12-28,0,43.8,ashley.smith@company.com,(472) 784-8980,Active
EMP037496,Daniel,Jackson,Daniel Jackson,42,Sales,Director,Miami,89100.49,7152.72,2020-06-21,15,80.3,daniel.jackson@company.com,(520) 818-9985,Inactive
EMP037497,Stephanie,Moore,Stephanie Moore,46,HR,Associate,Boston,86668.24,6640.51,2022-08-31,18,59.9,stephanie.moore@company.com,(358) 955-1973,Active
EMP037498,Jessica,Miller,Jessica Miller,43,Finance,Analyst,New York,81755.03,8702.66,2021-04-26,15,67.4,jessica.miller@company.com,(931) 656-5745,Active
EMP037499,Melissa,Hernandez,Melissa Hernandez,26,Operations,Director,Miami,35486.49,4312.77,2021-10-16,2,100.0,melissa.hernandez@company.com,(729) 231-4254,Active
EMP037500,Amanda,Johnson,Amanda Johnson,64,Marketing,Coordinator,Boston,64939.51,7680.32,2022-10-26,40,53.7,amanda.johnson@company.com,(427) 623-2986,Active
EMP037501,Anthony,Moore,Anthony Moore,27,HR,Associate,Miami,40230.82,5497.41,2021-08-20,4,69.4,anthony.moore@company.com,(289) 491-9213,Inactive
EMP037502,Daniel,Thomas,Daniel Thomas,59,IT,Manager,Chicago,115612.62,5980.29,2020-10-01,36,88.0,daniel.thomas@company.com,(345) 363-6351,Active
EMP037503,Amanda,Brown,Amanda Brown,36,Operations,Analyst,Austin,66164.82,8052.37,2023-08-13,13,79.3,amanda.brown@company.com,(244) 361-4550,Active
EMP037504,Stephanie,Williams,Stephanie Williams,41,Engineering,Specialist,San Francisco,90974.17,8954.45,2020-07-01,18,88.0,stephanie.williams@company.com,(959) 348-4132,Active
EMP037505,Jane,Martinez,Jane Martinez,22,Sales,Director,Los Angeles,49796.98,6081.32,2023-03-19,0,42.1,jane.martinez@company.com,(313) 741-9724,Active
EMP037506,Daniel,Anderson,Daniel Anderson,46,Legal,Analyst,Seattle,92515.72,12703.12,2022-09-05,18,64.7,daniel.anderson@company.com,(290) 850-9386,Active
EMP037507,Robert,Anderson,Robert Anderson,29,Finance,Coordinator,Boston,79377.96,12459.25,2020-12-01,5,87.5,robert.anderson@company.com,(964) 241-2702,Active
EMP037508,Michael,Smith,Michael Smith,49,Operations,Specialist,Seattle,67431.73,11849.25,2023-05-05,26,79.2,michael.smith@company.com,(954) 933-8865,Active
EMP037509,Jane,Davis,Jane Davis,26,Operations,Senior Developer,Los Angeles,54448.59,317.47,2022-10-07,4,77.0,jane.davis@company.com,(911) 920-4955,Active
EMP037510,Robert,Taylor,Robert Taylor,39,Legal,Coordinator,Boston,68693.68,3589.77,2020-07-25,17,66.8,robert.taylor@company.com,(362) 953-7595,Active
EMP037511,David,Hernandez,David Hernandez,34,HR,Manager,Austin,76718.72,9618.11,2024-01-28,8,78.5,david.hernandez@company.com,(528) 910-9089,Active
EMP037512,Amanda,Brown,Amanda Brown,23,Engineering,Coordinator,Boston,49465.92,5455.0,2021-12-28,0,78.0,amanda.brown@company.com,(644) 517-1601,Active
EMP037513,Michael,Hernandez,Michael Hernandez,43,Operations,Specialist,Boston,74931.52,5191.13,2023-03-11,17,84.2,michael.hernandez@company.com,(243) 337-3702,Active
EMP037514,John,Johnson,John Johnson,27,Sales,Coordinator,Seattle,53206.49,8329.81,2020-03-07,2,61.9,john.johnson@company.com,(574) 284-5783,Active
EMP037515,Michael,Brown,Michael Brown,24,Operations,Senior Developer,New York,42250.75,1243.14,2022-09-18,0,61.1,michael.brown@company.com,(529) 958-4257,Active
EMP037516,Christopher,Rodriguez,Christopher Rodriguez,41,Legal,Analyst,Seattle,96091.41,2778.38,2022-09-04,19,83.4,christopher.rodriguez@company.com,(608) 447-5819,Active
EMP037517,David,Garcia,David Garcia,29,Finance,Senior Developer,Miami,34416.62,3347.95,2023-05-23,5,49.4,david.garcia@company.com,(450) 483-2482,Active
EMP037518,Nicole,Hernandez,Nicole Hernandez,51,Engineering,Director,Boston,90475.53,13162.73,2020-07-14,26,62.3,nicole.hernandez@company.com,(581) 439-5281,Active
EMP037519,Jane,Rodriguez,Jane Rodriguez,25,Finance,Coordinator,Boston,36994.76,234.09,2022-12-19,0,54.6,jane.rodriguez@company.com,(854) 330-4913,Inactive
EMP037520,Stephanie,Anderson,Stephanie Anderson,57,Engineering,Senior Developer,Austin,83925.47,9836.19,2024-06-03,30,72.2,stephanie.anderson@company.com,(359) 491-3761,Active
EMP037521,Jessica,Anderson,Jessica Anderson,51,Operations,Coordinator,San Francisco,72227.11,4097.05,2020-03-05,25,78.8,jessica.anderson@company.com,(496) 329-6920,Active
EMP037522,David,Taylor,David Taylor,65,Operations,Director,Los Angeles,86055.31,6419.1,2022-08-16,38,95.4,david.taylor@company.com,(945) 494-1494,Active
EMP037523,Nicole,Wilson,Nicole Wilson,25,Finance,Manager,New York,54288.56,3471.12,2024-07-23,3,88.1,nicole.wilson@company.com,(245) 614-3370,Active
EMP037524,Stephanie,Brown,Stephanie Brown,60,HR,Coordinator,Austin,54201.06,5734.56,2023-07-11,37,67.4,stephanie.brown@company.com,(845) 956-1038,Active
EMP037525,Daniel,Rodriguez,Daniel Rodriguez,58,HR,Lead,Chicago,57638.03,6556.31,2021-04-10,29,71.0,daniel.rodriguez@company.com,(922) 577-7127,Active
EMP037526,Michael,Garcia,Michael Garcia,29,Operations,Senior Developer,Miami,25500.0,2251.94,2024-09-28,6,61.2,michael.garcia@company.com,(644) 986-7947,Active
EMP037527,Lisa,Smith,Lisa Smith,34,Sales,Coordinator,Los Angeles,53884.55,6952.74,2023-06-12,11,76.2,lisa.smith@company.com,(777) 286-4507,Active
EMP037528,Jessica,Thomas,Jessica Thomas,49,Sales,Director,Seattle,71155.59,4158.42,2020-03-02,25,100.0,jessica.thomas@company.com,(908) 446-1813,Active
EMP037529,Christopher,Hernandez,Christopher Hernandez,56,Engineering,Manager,Austin,143900.26,18131.33,2022-06-20,34,76.4,christopher.hernandez@company.com,(599) 274-4898,Active
EMP037530,Christopher,Jackson,Christopher Jackson,38,Marketing,Senior Developer,San Francisco,73489.9,8802.68,2021-04-20,11,69.3,christopher.jackson@company.com,(668) 790-4258,Active
EMP037531,Melissa,Williams,Melissa Williams,26,Engineering,Coordinator,Miami,54079.97,5931.16,2020-03-09,4,64.5,melissa.williams@company.com,(583) 214-6523,Active
EMP037532,Anthony,Williams,Anthony Williams,42,Marketing,Senior Developer,Boston,75387.64,8231.48,2021-06-28,20,92.5,anthony.williams@company.com,(715) 897-8686,Active
EMP037533,Emily,Jackson,Emily Jackson,33,Marketing,Lead,Miami,61484.78,12299.1,2022-02-18,8,83.9,emily.jackson@company.com,(454) 683-6703,Active
EMP037534,Jane,Smith,Jane Smith,42,Sales,Director,Boston,69366.69,3138.17,2021-08-17,15,60.6,jane.smith@company.com,(283) 611-3457,On Leave
EMP037535,James,Anderson,James Anderson,35,Marketing,Senior Developer,San Francisco,70117.69,8236.23,2022-11-23,13,74.4,james.anderson@company.com,(210) 460-3558,Active
EMP037536,Nicole,Williams,Nicole Williams,36,Engineering,Analyst,Boston,68855.44,3827.6,2022-08-28,10,63.6,nicole.williams@company.com,(705) 415-1288,Active
EMP037537,Sarah,Brown,Sarah Brown,49,Engineering,Coordinator,Miami,93803.86,10547.1,2024-11-19,25,88.6,sarah.brown@company.com,(603) 856-4960,On Leave
EMP037538,Jessica,Hernandez,Jessica Hernandez,65,Operations,Analyst,Seattle,73288.66,8651.56,2024-11-12,39,81.0,jessica.hernandez@company.com,(482) 880-3257,Active
EMP037539,Jessica,Miller,Jessica Miller,49,Legal,Director,Chicago,114050.88,17476.39,2022-07-07,25,56.4,jessica.miller@company.com,(963) 542-4213,Active
EMP037540,Lisa,Gonzalez,Lisa Gonzalez,43,Legal,Director,Chicago,115049.65,15384.64,2020-11-22,18,100.0,lisa.gonzalez@company.com,(512) 877-9046,Active
EMP037541,John,Martin,John Martin,41,Sales,Specialist,Boston,71480.3,7828.22,2024-07-03,15,73.5,john.martin@company.com,(747) 352-9240,Active
EMP037542,Michael,Davis,Michael Davis,61,Legal,Senior Developer,San Francisco,88596.77,13277.55,2022-09-28,34,78.1,michael.davis@company.com,(293) 478-9604,Active
EMP037543,Amanda,Anderson,Amanda Anderson,62,Operations,Director,Austin,82425.21,16052.44,2024-01-18,39,79.1,amanda.anderson@company.com,(477) 652-3164,Active
EMP037544,Matthew,Martin,Matthew Martin,39,Marketing,Coordinator,Boston,78961.9,11348.09,2020-09-18,11,51.4,matthew.martin@company.com,(325) 437-2861,Inactive
EMP037545,James,Thomas,James Thomas,56,HR,Manager,Chicago,78692.85,9458.41,2023-05-24,34,70.3,james.thomas@company.com,(292) 674-3926,Active
EMP037546,Anthony,Hernandez,Anthony Hernandez,49,HR,Specialist,Los Angeles,93058.89,22864.0,2023-01-29,27,63.8,anthony.hernandez@company.com,(853) 973-7952,Active
EMP037547,Robert,Rodriguez,Robert Rodriguez,39,Marketing,Senior Developer,San Francisco,67354.91,8948.51,2024-01-18,15,85.9,robert.rodriguez@company.com,(482) 840-8567,Inactive
EMP037548,James,Rodriguez,James Rodriguez,62,Sales,Director,Seattle,85600.36,11344.86,2022-08-10,38,97.0,james.rodriguez@company.com,(321) 810-9670,Active
EMP037549,Robert,Moore,Robert Moore,46,Finance,Senior Developer,Seattle,98634.6,11433.81,2024-03-06,17,52.1,robert.moore@company.com,(718) 355-3503,Inactive
EMP037550,Robert,Rodriguez,Robert Rodriguez,28,Marketing,Director,Seattle,56212.63,7525.7,2021-07-07,5,61.2,robert.rodriguez@company.com,(608) 658-5653,Active
EMP037551,Melissa,Williams,Melissa Williams,34,HR,Coordinator,Miami,39470.16,2005.97,2020-11-17,11,97.3,melissa.williams@company.com,(553) 311-1554,Active
EMP037552,Robert,Martin,Robert Martin,33,IT,Analyst,Seattle,83081.37,1366.9,2021-01-26,8,71.4,robert.martin@company.com,(984) 343-4202,Active
EMP037553,John,Garcia,John Garcia,55,Legal,Senior Developer,Boston,103689.64,18716.43,2022-07-12,27,70.5,john.garcia@company.com,(851) 204-6084,Active
EMP037554,John,Davis,John Davis,33,HR,Coordinator,Los Angeles,46918.88,0.0,2021-08-05,5,71.9,john.davis@company.com,(888) 765-9327,Active
EMP037555,Christopher,Hernandez,Christopher Hernandez,34,Sales,Director,Los Angeles,49770.25,3870.23,2020-05-01,8,67.8,christopher.hernandez@company.com,(869) 642-4747,Active
EMP037556,William,Gonzalez,William Gonzalez,25,Marketing,Specialist,Chicago,57893.06,2866.81,2021-01-15,0,67.1,william.gonzalez@company.com,(827) 713-3873,Active
EMP037557,David,Moore,David Moore,54,HR,Senior Developer,San Francisco,65090.83,7104.53,2024-08-18,28,43.3,david.moore@company.com,(747) 778-2441,Active
EMP037558,Christopher,Gonzalez,Christopher Gonzalez,49,Legal,Manager,Miami,109687.88,2085.39,2022-12-23,24,61.7,christopher.gonzalez@company.com,(324) 896-1097,Active
EMP037559,Christopher,Taylor,Christopher Taylor,48,Finance,Associate,New York,78498.44,17837.88,2020-01-14,21,56.7,christopher.taylor@company.com,(256) 979-3324,Active
EMP037560,Jane,Miller,Jane Miller,27,IT,Coordinator,New York,77234.43,3900.21,2024-02-16,0,74.6,jane.miller@company.com,(633) 895-1378,Active
EMP037561,Ashley,Rodriguez,Ashley Rodriguez,38,Marketing,Director,Seattle,80477.62,10268.07,2020-04-13,13,69.1,ashley.rodriguez@company.com,(296) 312-6103,Active
EMP037562,Amanda,Taylor,Amanda Taylor,54,HR,Senior Developer,San Francisco,72703.95,5550.48,2023-06-04,27,87.3,amanda.taylor@company.com,(486) 820-5712,Active
EMP037563,Anthony,Lopez,Anthony Lopez,45,Sales,Specialist,Boston,112084.53,7801.17,2020-01-13,20,33.3,anthony.lopez@company.com,(441) 310-6315,Active
EMP037564,Ashley,Johnson,Ashley Johnson,61,Legal,Senior Developer,Boston,123531.64,18574.65,2024-12-31,34,55.3,ashley.johnson@company.com,(430) 542-8274,Active
EMP037565,Jessica,Jackson,Jessica Jackson,54,HR,Manager,Chicago,66888.46,0.0,2021-07-15,26,80.5,jessica.jackson@company.com,(419) 373-7794,Active
EMP037566,Robert,Smith,Robert Smith,22,Legal,Analyst,Los Angeles,58558.3,3211.82,2024-07-11,0,94.7,robert.smith@company.com,(411) 780-5711,Active
EMP037567,Christopher,Anderson,Christopher Anderson,34,HR,Director,New York,61906.69,11055.88,2021-02-17,7,90.4,christopher.anderson@company.com,(803) 653-5398,Active
EMP037568,Daniel,Williams,Daniel Williams,46,Engineering,Analyst,San Francisco,84677.28,11987.8,2023-11-18,17,67.4,daniel.williams@company.com,(519) 892-6987,Active
EMP037569,John,Gonzalez,John Gonzalez,52,IT,Lead,Boston,97585.21,9469.34,2024-10-03,28,80.3,john.gonzalez@company.com,(554) 336-8830,Active
EMP037570,Daniel,Jones,Daniel Jones,44,Operations,Director,Los Angeles,45272.97,3918.15,2024-11-29,20,54.5,daniel.jones@company.com,(603) 796-5843,Active
EMP037571,Lisa,Moore,Lisa Moore,49,HR,Associate,New York,87763.37,11767.89,2021-10-12,25,75.8,lisa.moore@company.com,(986) 887-1947,Active
EMP037572,Lisa,Davis,Lisa Davis,38,IT,Lead,Boston,87529.83,7690.96,2024-06-23,11,94.6,lisa.davis@company.com,(662) 951-2562,Active
EMP037573,Stephanie,Brown,Stephanie Brown,58,Engineering,Manager,New York,127462.28,9602.59,2021-07-27,29,91.8,stephanie.brown@company.com,(855) 826-4542,Active
EMP037574,Robert,Miller,Robert Miller,39,Legal,Coordinator,Austin,98089.51,22427.32,2024-09-23,15,93.1,robert.miller@company.com,(310) 903-7684,Active
EMP037575,Christopher,Jackson,Christopher Jackson,62,Finance,Manager,Chicago,101268.58,11374.43,2024-10-02,33,83.1,christopher.jackson@company.com,(558) 344-3496,Active
EMP037576,Jane,Anderson,Jane Anderson,65,Engineering,Analyst,Austin,139292.78,12875.91,2024-09-23,37,61.3,jane.anderson@company.com,(900) 872-8128,Active
EMP037577,Anthony,Anderson,Anthony Anderson,39,HR,Analyst,San Francisco,86262.09,7797.08,2022-04-26,10,69.2,anthony.anderson@company.com,(715) 998-7134,Active
EMP037578,Ashley,Gonzalez,Ashley Gonzalez,52,Legal,Coordinator,Chicago,91698.72,15487.47,2022-05-21,27,75.3,ashley.gonzalez@company.com,(985) 721-9975,Active
EMP037579,Lisa,Thomas,Lisa Thomas,23,Operations,Specialist,New York,54764.19,1743.57,2022-10-11,0,88.9,lisa.thomas@company.com,(354) 579-2529,Inactive
EMP037580,Jane,Taylor,Jane Taylor,51,Finance,Specialist,Boston,88499.72,945.1,2024-01-29,22,66.7,jane.taylor@company.com,(519) 982-6122,Active
EMP037581,Melissa,Jackson,Melissa Jackson,63,Engineering,Specialist,Miami,115234.81,14045.07,2020-09-16,41,97.0,melissa.jackson@company.com,(429) 564-2441,Active
EMP037582,Anthony,Taylor,Anthony Taylor,60,Sales,Associate,New York,94355.56,6630.0,2020-11-10,32,65.3,anthony.taylor@company.com,(218) 503-4969,Inactive
EMP037583,Anthony,Lopez,Anthony Lopez,49,Finance,Specialist,Chicago,98955.44,5804.26,2023-01-26,23,56.5,anthony.lopez@company.com,(540) 479-5625,Inactive
EMP037584,Ashley,Martin,Ashley Martin,25,Operations,Associate,Los Angeles,25500.0,3118.04,2020-09-23,1,48.7,ashley.martin@company.com,(415) 612-6541,Active
EMP037585,Amanda,Thomas,Amanda Thomas,42,Engineering,Senior Developer,Austin,82959.6,10115.19,2021-12-31,15,79.4,amanda.thomas@company.com,(583) 480-7719,Active
EMP037586,Robert,Rodriguez,Robert Rodriguez,27,Operations,Specialist,Boston,47254.9,1935.18,2022-03-04,0,62.2,robert.rodriguez@company.com,(896) 990-1006,Active
EMP037587,David,Lopez,David Lopez,49,IT,Analyst,San Francisco,131532.1,17273.06,2022-02-09,23,51.0,david.lopez@company.com,(876) 384-3791,Active
EMP037588,Robert,Johnson,Robert Johnson,43,Operations,Specialist,New York,77318.53,10767.79,2023-07-25,21,87.2,robert.johnson@company.com,(726) 933-9547,Active
EMP037589,Anthony,Hernandez,Anthony Hernandez,43,Legal,Senior Developer,Chicago,92600.23,8073.53,2020-04-14,21,68.0,anthony.hernandez@company.com,(487) 279-3458,Active
EMP037590,Ashley,Jones,Ashley Jones,49,Operations,Specialist,Chicago,66263.86,2204.16,2023-08-19,24,75.2,ashley.jones@company.com,(966) 813-1837,Active
EMP037591,Christopher,Wilson,Christopher Wilson,63,Finance,Associate,Los Angeles,100487.73,15419.34,2021-12-19,41,82.1,christopher.wilson@company.com,(921) 957-5338,Active
EMP037592,Ashley,Martinez,Ashley Martinez,25,IT,Lead,San Francisco,59190.0,6883.29,2023-12-14,3,100.0,ashley.martinez@company.com,(718) 911-5998,Active
EMP037593,James,Anderson,James Anderson,49,Legal,Analyst,Los Angeles,108460.56,3261.63,2021-07-14,25,70.0,james.anderson@company.com,(780) 892-9185,Active
EMP037594,Sarah,Taylor,Sarah Taylor,52,Marketing,Senior Developer,Chicago,77011.58,8426.21,2021-11-06,23,31.9,sarah.taylor@company.com,(359) 449-7478,Active
EMP037595,Melissa,Davis,Melissa Davis,51,Operations,Analyst,Boston,83809.39,841.48,2024-12-18,29,61.4,melissa.davis@company.com,(561) 838-7461,Active
EMP037596,David,Johnson,David Johnson,32,IT,Associate,Los Angeles,49617.37,4531.19,2022-11-13,7,68.0,david.johnson@company.com,(919) 718-2093,Active
EMP037597,James,Jackson,James Jackson,58,Operations,Specialist,Chicago,66478.56,4992.93,2024-11-18,34,86.9,james.jackson@company.com,(636) 356-7743,Active
EMP037598,Emily,Davis,Emily Davis,45,Marketing,Director,San Francisco,81254.85,12629.76,2021-06-25,23,37.1,emily.davis@company.com,(532) 843-1660,Active
EMP037599,Jessica,Gonzalez,Jessica Gonzalez,45,Operations,Senior Developer,San Francisco,54654.4,5172.49,2021-08-22,17,100.0,jessica.gonzalez@company.com,(669) 560-3138,Active
EMP037600,Michael,Brown,Michael Brown,59,Engineering,Senior Developer,Boston,101735.7,9188.76,2023-08-25,32,65.4,michael.brown@company.com,(251) 762-2186,Inactive
EMP037601,Melissa,Miller,Melissa Miller,51,Engineering,Associate,Boston,114085.89,28658.91,2024-07-01,22,77.9,melissa.miller@company.com,(865) 957-6034,Active
EMP037602,Lisa,Smith,Lisa Smith,30,Engineering,Senior Developer,Boston,88391.39,9510.14,2020-08-21,6,94.1,lisa.smith@company.com,(341) 492-3902,Active
EMP037603,Robert,Lopez,Robert Lopez,33,IT,Specialist,Los Angeles,86366.06,11088.85,2021-09-03,8,71.8,robert.lopez@company.com,(823) 645-3786,Active
EMP037604,James,Lopez,James Lopez,32,Finance,Associate,Seattle,58910.35,10102.32,2023-05-05,7,58.1,james.lopez@company.com,(750) 277-1773,Active
EMP037605,William,Gonzalez,William Gonzalez,22,HR,Lead,Miami,39341.89,5118.55,2020-11-05,0,94.2,william.gonzalez@company.com,(261) 435-7109,Active
EMP037606,Stephanie,Jackson,Stephanie Jackson,50,Engineering,Senior Developer,Chicago,132252.3,17993.39,2020-11-02,23,58.9,stephanie.jackson@company.com,(454) 258-5817,Inactive
EMP037607,Emily,Anderson,Emily Anderson,56,Finance,Manager,San Francisco,78909.31,13979.96,2024-12-21,30,79.9,emily.anderson@company.com,(893) 411-2635,Active
EMP037608,Michael,Martinez,Michael Martinez,60,Engineering,Senior Developer,Boston,92103.73,7363.61,2024-02-21,31,77.1,michael.martinez@company.com,(778) 466-4543,Inactive
EMP037609,Lisa,Williams,Lisa Williams,46,Marketing,Analyst,Boston,61633.42,5743.42,2020-05-26,19,82.2,lisa.williams@company.com,(353) 317-2020,Active
EMP037610,James,Anderson,James Anderson,57,Sales,Manager,Boston,80647.34,9474.67,2023-10-28,28,54.9,james.anderson@company.com,(956) 325-5741,On Leave
EMP037611,John,Williams,John Williams,26,HR,Specialist,San Francisco,56965.24,3680.11,2020-08-07,3,65.7,john.williams@company.com,(902) 502-2715,Active
EMP037612,Emily,Garcia,Emily Garcia,33,Operations,Lead,Boston,53337.12,6985.53,2024-09-10,9,18.1,emily.garcia@company.com,(506) 453-9287,Active
EMP037613,Anthony,Garcia,Anthony Garcia,43,Operations,Lead,Los Angeles,65960.58,2803.17,2023-08-08,14,95.1,anthony.garcia@company.com,(391) 744-4431,On Leave
EMP037614,Melissa,Gonzalez,Melissa Gonzalez,43,Operations,Senior Developer,New York,45838.02,8013.66,2021-01-08,16,90.0,melissa.gonzalez@company.com,(238) 849-5737,Active
EMP037615,Emily,Jones,Emily Jones,30,IT,Specialist,New York,55097.39,6678.44,2023-05-21,8,86.2,emily.jones@company.com,(831) 741-4605,Active
EMP037616,David,Wilson,David Wilson,29,Engineering,Manager,New York,54483.81,6084.33,2021-10-31,0,67.4,david.wilson@company.com,(365) 900-4882,Active
EMP037617,Christopher,Taylor,Christopher Taylor,24,Engineering,Associate,Seattle,88085.19,10343.44,2022-06-23,0,94.5,christopher.taylor@company.com,(274) 910-5144,Active
EMP037618,Jessica,Miller,Jessica Miller,43,Engineering,Analyst,Boston,72796.0,5383.25,2021-05-26,18,73.9,jessica.miller@company.com,(750) 614-9473,Active
EMP037619,Sarah,Wilson,Sarah Wilson,56,Legal,Associate,Chicago,105029.91,6911.6,2024-11-09,34,88.8,sarah.wilson@company.com,(208) 564-8207,Active
EMP037620,Amanda,Gonzalez,Amanda Gonzalez,41,Sales,Director,Miami,109956.33,8140.63,2024-07-01,18,61.9,amanda.gonzalez@company.com,(490) 931-4199,Active
EMP037621,Robert,Davis,Robert Davis,60,IT,Senior Developer,Boston,89427.92,9497.43,2022-08-07,33,100.0,robert.davis@company.com,(299) 523-4982,Active
EMP037622,David,Thomas,David Thomas,54,Finance,Analyst,Miami,98296.73,8536.37,2020-05-10,27,75.5,david.thomas@company.com,(341) 287-7489,Active
EMP037623,Robert,Gonzalez,Robert Gonzalez,28,Legal,Specialist,Los Angeles,91562.36,8446.86,2021-06-14,0,27.5,robert.gonzalez@company.com,(728) 598-9827,Active
EMP037624,Melissa,Martin,Melissa Martin,61,Finance,Manager,New York,85479.2,11100.17,2020-12-04,32,62.5,melissa.martin@company.com,(996) 438-2213,Active
EMP037625,Jessica,Wilson,Jessica Wilson,46,Sales,Coordinator,Seattle,97601.96,6981.75,2024-03-11,23,69.9,jessica.wilson@company.com,(399) 526-4326,Active
EMP037626,Sarah,Wilson,Sarah Wilson,48,Engineering,Analyst,Chicago,67254.88,7588.43,2022-12-18,26,78.5,sarah.wilson@company.com,(465) 207-6574,Active
EMP037627,John,Garcia,John Garcia,65,Sales,Analyst,New York,112404.81,23747.07,2020-10-25,41,64.6,john.garcia@company.com,(664) 933-6640,Active
EMP037628,Stephanie,Williams,Stephanie Williams,60,Engineering,Associate,New York,94900.09,7288.75,2023-10-15,38,57.8,stephanie.williams@company.com,(241) 420-4381,Active
EMP037629,Jane,Jones,Jane Jones,52,IT,Lead,Chicago,80567.28,10550.27,2021-06-15,26,100.0,jane.jones@company.com,(268) 466-2470,Active
EMP037630,Jane,Rodriguez,Jane Rodriguez,24,Legal,Associate,Chicago,63138.86,2580.92,2023-01-30,0,62.9,jane.rodriguez@company.com,(810) 375-2021,Active
EMP037631,Jane,Taylor,Jane Taylor,62,Finance,Director,New York,77268.85,12306.36,2020-06-09,36,60.7,jane.taylor@company.com,(993) 354-2856,Active
EMP037632,Jessica,Miller,Jessica Miller,36,Marketing,Specialist,Miami,55920.39,3174.87,2021-10-24,8,75.1,jessica.miller@company.com,(450) 415-9858,Active
EMP037633,Nicole,Miller,Nicole Miller,63,Sales,Analyst,Boston,69941.83,5794.6,2020-10-30,38,78.1,nicole.miller@company.com,(843) 279-1244,Active
EMP037634,Daniel,Jones,Daniel Jones,55,Engineering,Analyst,Miami,104639.6,14585.95,2021-06-20,32,60.5,daniel.jones@company.com,(591) 226-9268,Active
EMP037635,Melissa,Williams,Melissa Williams,40,IT,Analyst,New York,93904.63,14409.24,2023-03-09,13,56.1,melissa.williams@company.com,(981) 530-1927,Active
EMP037636,Daniel,Miller,Daniel Miller,22,Sales,Director,New York,96070.17,13836.24,2024-11-18,0,68.7,daniel.miller@company.com,(961) 623-4346,Active
EMP037637,Robert,Anderson,Robert Anderson,55,IT,Senior Developer,Seattle,74179.74,5376.0,2022-11-21,26,74.1,robert.anderson@company.com,(312) 950-1950,Active
EMP037638,Lisa,Martin,Lisa Martin,25,Sales,Manager,Los Angeles,43740.99,5755.67,2020-12-01,0,54.7,lisa.martin@company.com,(885) 569-1992,Active
EMP037639,Nicole,Smith,Nicole Smith,46,IT,Lead,Austin,125143.95,12089.11,2023-11-15,20,83.7,nicole.smith@company.com,(878) 855-2243,Inactive
EMP037640,Lisa,Brown,Lisa Brown,64,Finance,Coordinator,Seattle,104119.34,14135.1,2021-02-12,41,70.9,lisa.brown@company.com,(710) 514-4176,Inactive
EMP037641,Emily,Garcia,Emily Garcia,31,Engineering,Director,San Francisco,86715.89,6726.35,2024-10-28,6,63.6,emily.garcia@company.com,(935) 570-8239,Active
EMP037642,Amanda,Moore,Amanda Moore,64,Finance,Specialist,Seattle,99113.23,4548.47,2024-07-28,38,78.0,amanda.moore@company.com,(874) 729-3533,Active
EMP037643,Jessica,Taylor,Jessica Taylor,49,Engineering,Lead,San Francisco,108662.16,6737.49,2022-04-22,23,86.3,jessica.taylor@company.com,(286) 583-5308,On Leave
EMP037644,Jane,Hernandez,Jane Hernandez,63,IT,Associate,Miami,86674.58,6336.6,2020-10-24,40,66.5,jane.hernandez@company.com,(915) 528-5837,Active
EMP037645,James,Smith,James Smith,23,Marketing,Director,Miami,50558.06,6755.5,2022-04-24,0,79.7,james.smith@company.com,(877) 239-8678,Active
EMP037646,James,Martin,James Martin,52,Sales,Manager,New York,81717.47,15299.19,2024-06-19,23,86.5,james.martin@company.com,(625) 450-7339,Active
EMP037647,Emily,Anderson,Emily Anderson,52,Legal,Lead,Austin,99165.4,8695.23,2020-12-27,27,93.0,emily.anderson@company.com,(712) 602-5697,Active
EMP037648,Matthew,Thomas,Matthew Thomas,29,Finance,Associate,Seattle,94603.04,7663.92,2022-11-16,5,78.5,matthew.thomas@company.com,(475) 522-1513,Active
EMP037649,Matthew,Miller,Matthew Miller,62,HR,Analyst,San Francisco,88464.22,8693.7,2023-06-10,35,66.7,matthew.miller@company.com,(644) 676-2648,Active
EMP037650,Matthew,Garcia,Matthew Garcia,24,Marketing,Senior Developer,Miami,28500.0,3256.0,2022-04-29,0,66.2,matthew.garcia@company.com,(289) 403-3212,Inactive
EMP037651,Jessica,Gonzalez,Jessica Gonzalez,48,Marketing,Associate,Chicago,83795.88,13832.68,2024-04-28,24,88.5,jessica.gonzalez@company.com,(683) 753-7706,Active
EMP037652,Anthony,Taylor,Anthony Taylor,32,Marketing,Associate,Austin,62374.01,6254.5,2021-09-11,10,100.0,anthony.taylor@company.com,(358) 739-4388,Active
EMP037653,Amanda,Taylor,Amanda Taylor,24,Sales,Associate,San Francisco,34488.89,4787.44,2021-06-22,0,78.3,amanda.taylor@company.com,(862) 721-1466,Active
EMP037654,Stephanie,Martinez,Stephanie Martinez,55,Marketing,Senior Developer,Boston,68390.58,10015.79,2023-01-27,30,86.6,stephanie.martinez@company.com,(895) 969-6613,Active
EMP037655,David,Taylor,David Taylor,48,Legal,Director,Miami,109726.21,15931.12,2023-03-11,20,96.7,david.taylor@company.com,(497) 811-4689,Active
EMP037656,Anthony,Martinez,Anthony Martinez,23,Legal,Associate,Miami,52760.31,8115.54,2022-05-27,0,74.3,anthony.martinez@company.com,(252) 875-2457,Active
EMP037657,Michael,Brown,Michael Brown,35,Marketing,Manager,Boston,57187.18,9063.2,2023-08-31,10,59.8,michael.brown@company.com,(871) 803-6412,Active
EMP037658,James,Smith,James Smith,32,Operations,Lead,New York,29240.57,5029.9,2020-09-13,10,72.2,james.smith@company.com,(429) 351-7197,Active
EMP037659,William,Brown,William Brown,28,Legal,Analyst,Miami,73313.4,7365.29,2024-11-16,0,64.0,william.brown@company.com,(902) 656-3892,On Leave
EMP037660,Michael,Martinez,Michael Martinez,25,Operations,Senior Developer,Boston,61190.61,5193.68,2021-03-24,3,68.1,michael.martinez@company.com,(335) 769-5751,Active
EMP037661,Emily,Martin,Emily Martin,62,HR,Specialist,New York,112322.05,8907.13,2024-12-03,38,65.6,emily.martin@company.com,(995) 806-7191,Active
EMP037662,Ashley,Martin,Ashley Martin,27,HR,Specialist,Austin,87750.48,10133.41,2024-02-22,2,80.3,ashley.martin@company.com,(790) 973-2928,Active
EMP037663,Jessica,Thomas,Jessica Thomas,22,Sales,Coordinator,Miami,65557.18,10486.81,2024-11-14,0,74.9,jessica.thomas@company.com,(670) 784-5391,Active
EMP037664,Anthony,Moore,Anthony Moore,56,Legal,Coordinator,Los Angeles,98788.39,12142.99,2022-07-16,30,59.7,anthony.moore@company.com,(817) 972-8331,Active
EMP037665,James,Lopez,James Lopez,24,HR,Director,Seattle,39586.91,5554.69,2022-03-26,1,95.0,james.lopez@company.com,(660) 249-4360,Inactive
EMP037666,Emily,Rodriguez,Emily Rodriguez,63,Legal,Specialist,Miami,149527.96,15696.44,2023-03-03,38,100.0,emily.rodriguez@company.com,(729) 894-7216,Active
EMP037667,Emily,Gonzalez,Emily Gonzalez,33,Sales,Analyst,San Francisco,62474.36,5523.88,2020-12-03,11,76.5,emily.gonzalez@company.com,(343) 527-9503,Active
EMP037668,Christopher,Brown,Christopher Brown,38,IT,Associate,Austin,59556.45,6501.96,2023-11-07,15,71.6,christopher.brown@company.com,(348) 693-8669,Active
EMP037669,Matthew,Davis,Matthew Davis,31,Engineering,Manager,Boston,76262.24,11045.57,2022-09-06,8,100.0,matthew.davis@company.com,(637) 341-2834,Active
EMP037670,Daniel,Thomas,Daniel Thomas,30,Finance,Associate,New York,59281.8,6877.6,2020-08-01,1,92.3,daniel.thomas@company.com,(897) 933-2935,Active
EMP037671,James,Anderson,James Anderson,54,Operations,Manager,Boston,68496.99,6300.43,2020-03-28,30,87.3,james.anderson@company.com,(913) 635-6631,Active
EMP037672,Ashley,Jones,Ashley Jones,53,Legal,Manager,Miami,82090.1,4638.41,2021-01-16,25,56.8,ashley.jones@company.com,(639) 592-3905,Active
EMP037673,Christopher,Garcia,Christopher Garcia,40,Marketing,Coordinator,New York,101155.7,11946.01,2023-06-22,13,82.5,christopher.garcia@company.com,(329) 955-7749,Active
EMP037674,Nicole,Thomas,Nicole Thomas,56,Marketing,Coordinator,Austin,81163.57,9726.48,2021-01-10,30,43.5,nicole.thomas@company.com,(714) 989-6610,Active
EMP037675,Robert,Gonzalez,Robert Gonzalez,58,IT,Associate,Seattle,83072.57,11712.47,2024-02-01,35,98.9,robert.gonzalez@company.com,(548) 220-6262,Active
EMP037676,Sarah,Hernandez,Sarah Hernandez,33,Finance,Coordinator,Austin,54992.62,5229.69,2022-07-03,6,69.9,sarah.hernandez@company.com,(767) 289-5848,Active
EMP037677,Nicole,Taylor,Nicole Taylor,50,IT,Senior Developer,San Francisco,94128.16,9692.81,2024-08-07,21,85.5,nicole.taylor@company.com,(862) 605-5018,Active
EMP037678,William,Smith,William Smith,37,Sales,Analyst,Los Angeles,63433.79,8398.9,2021-08-10,12,76.1,william.smith@company.com,(355) 897-1448,Active
EMP037679,Ashley,Rodriguez,Ashley Rodriguez,64,Sales,Director,San Francisco,116337.51,27893.53,2024-07-11,39,97.9,ashley.rodriguez@company.com,(462) 910-8137,Inactive
EMP037680,Melissa,Davis,Melissa Davis,37,Engineering,Specialist,Austin,119792.58,12029.32,2024-12-21,15,79.2,melissa.davis@company.com,(425) 738-6656,Active
EMP037681,James,Garcia,James Garcia,27,Engineering,Senior Developer,Austin,73855.77,4400.09,2023-06-15,2,78.4,james.garcia@company.com,(255) 554-2508,On Leave
EMP037682,Emily,Jackson,Emily Jackson,60,Engineering,Specialist,San Francisco,94887.1,7042.81,2022-07-16,33,91.5,emily.jackson@company.com,(494) 646-6973,Active
EMP037683,Stephanie,Martinez,Stephanie Martinez,42,Legal,Senior Developer,Chicago,51367.77,0.0,2022-01-15,16,62.4,stephanie.martinez@company.com,(248) 617-6750,Active
EMP037684,Lisa,Martinez,Lisa Martinez,50,Sales,Associate,Los Angeles,74082.87,10394.37,2020-02-08,28,79.0,lisa.martinez@company.com,(523) 700-3673,Active
EMP037685,Jane,Davis,Jane Davis,63,Sales,Specialist,Los Angeles,78006.26,8500.08,2024-12-06,40,79.8,jane.davis@company.com,(719) 480-8366,On Leave
EMP037686,Jessica,Hernandez,Jessica Hernandez,26,Sales,Manager,Chicago,77635.17,9960.26,2023-02-15,0,78.3,jessica.hernandez@company.com,(744) 219-9059,Active
EMP037687,Amanda,Martin,Amanda Martin,48,IT,Senior Developer,Seattle,112210.63,15123.06,2023-07-05,24,78.0,amanda.martin@company.com,(513) 576-6749,Active
EMP037688,Amanda,Brown,Amanda Brown,42,Sales,Director,San Francisco,96047.57,12630.6,2020-04-08,14,52.5,amanda.brown@company.com,(477) 983-4092,Active
EMP037689,David,Martin,David Martin,51,Sales,Lead,Austin,87284.96,8841.1,2023-01-02,22,71.3,david.martin@company.com,(784) 920-5097,Active
EMP037690,Ashley,Johnson,Ashley Johnson,30,Sales,Manager,Seattle,59706.48,4548.89,2024-09-28,2,71.7,ashley.johnson@company.com,(207) 479-6635,Active
EMP037691,Sarah,Martin,Sarah Martin,36,Sales,Coordinator,New York,88229.23,12476.74,2022-05-17,13,80.3,sarah.martin@company.com,(305) 344-5186,Active
EMP037692,Christopher,Brown,Christopher Brown,38,Marketing,Associate,Seattle,75348.65,10193.81,2022-01-31,12,53.2,christopher.brown@company.com,(231) 537-8426,Active
EMP037693,Ashley,Taylor,Ashley Taylor,29,Finance,Lead,New York,33000.0,2532.11,2020-08-17,0,84.7,ashley.taylor@company.com,(403) 238-3421,Active
EMP037694,James,Thomas,James Thomas,36,Marketing,Manager,Austin,74098.93,8565.74,2020-01-11,12,77.7,james.thomas@company.com,(462) 218-2008,Inactive
EMP037695,James,Garcia,James Garcia,55,Engineering,Manager,Chicago,107702.89,0.0,2022-01-14,33,72.3,james.garcia@company.com,(520) 469-9424,Active
EMP037696,Emily,Hernandez,Emily Hernandez,59,HR,Lead,Chicago,69634.04,5919.07,2020-09-23,35,72.9,emily.hernandez@company.com,(411) 456-7670,Active
EMP037697,Christopher,Hernandez,Christopher Hernandez,38,Marketing,Analyst,Boston,72005.02,5303.76,2024-04-06,12,38.8,christopher.hernandez@company.com,(550) 877-6417,Active
EMP037698,Robert,Hernandez,Robert Hernandez,27,Engineering,Analyst,Los Angeles,91035.74,5436.13,2020-02-09,0,60.3,robert.hernandez@company.com,(693) 296-1773,Active
EMP037699,James,Johnson,James Johnson,54,Operations,Specialist,San Francisco,84916.84,9624.12,2022-12-17,28,74.0,james.johnson@company.com,(279) 959-3813,Active
EMP037700,Amanda,Wilson,Amanda Wilson,28,Marketing,Lead,Boston,74621.92,11017.43,2023-07-23,5,89.3,amanda.wilson@company.com,(671) 487-2017,Active
EMP037701,Sarah,Jackson,Sarah Jackson,25,HR,Senior Developer,San Francisco,27000.0,2530.93,2021-12-11,0,84.0,sarah.jackson@company.com,(601) 448-9472,Active
EMP037702,William,Anderson,William Anderson,46,Finance,Coordinator,New York,95898.79,12053.89,2023-11-21,18,100.0,william.anderson@company.com,(711) 388-7834,Active
EMP037703,James,Smith,James Smith,33,Engineering,Associate,Austin,82648.43,14171.13,2021-10-13,7,100.0,james.smith@company.com,(689) 528-3259,Active
EMP037704,Melissa,Martin,Melissa Martin,59,HR,Associate,Seattle,94126.39,11476.05,2022-10-11,35,90.0,melissa.martin@company.com,(592) 961-3537,Active
EMP037705,Matthew,Moore,Matthew Moore,23,Engineering,Associate,Seattle,76919.9,4194.31,2020-03-14,0,67.8,matthew.moore@company.com,(328) 649-5695,Active
EMP037706,Emily,Gonzalez,Emily Gonzalez,23,Marketing,Coordinator,Austin,30117.07,2811.26,2024-11-01,0,78.0,emily.gonzalez@company.com,(387) 959-1845,Active
EMP037707,Jessica,Smith,Jessica Smith,37,Legal,Coordinator,Chicago,77939.27,14157.12,2021-03-26,10,52.5,jessica.smith@company.com,(593) 689-2244,Inactive
EMP037708,Jessica,Smith,Jessica Smith,50,IT,Manager,San Francisco,67797.39,9533.96,2024-01-30,27,72.3,jessica.smith@company.com,(589) 838-3196,Active
EMP037709,Stephanie,Davis,Stephanie Davis,28,HR,Coordinator,San Francisco,56155.36,1086.65,2024-07-23,0,70.4,stephanie.davis@company.com,(354) 878-5820,Active
EMP037710,Matthew,Rodriguez,Matthew Rodriguez,41,Legal,Lead,New York,87784.22,10358.01,2020-02-03,19,82.7,matthew.rodriguez@company.com,(934) 538-5077,Active
EMP037711,Jessica,Davis,Jessica Davis,53,Sales,Director,Boston,93287.1,6585.33,2020-03-06,27,83.3,jessica.davis@company.com,(512) 566-6250,Active
EMP037712,Daniel,Martinez,Daniel Martinez,49,Engineering,Director,San Francisco,99583.3,15126.58,2023-04-25,26,71.7,daniel.martinez@company.com,(534) 305-7613,Active
EMP037713,Ashley,Moore,Ashley Moore,53,Legal,Manager,New York,66123.31,11292.24,2020-01-20,25,79.1,ashley.moore@company.com,(777) 335-2659,Active
EMP037714,Christopher,Martinez,Christopher Martinez,46,Engineering,Director,Chicago,87561.78,17534.04,2022-05-09,22,64.2,christopher.martinez@company.com,(455) 659-1942,Active
EMP037715,Jessica,Anderson,Jessica Anderson,45,Engineering,Senior Developer,Boston,83989.38,7292.62,2024-09-15,21,67.6,jessica.anderson@company.com,(502) 837-3896,Inactive
EMP037716,David,Moore,David Moore,37,Finance,Lead,Miami,91328.3,19415.99,2021-10-03,14,50.2,david.moore@company.com,(570) 806-9547,Active
EMP037717,Daniel,Taylor,Daniel Taylor,63,Finance,Senior Developer,Chicago,77683.18,3449.1,2024-04-19,40,91.2,daniel.taylor@company.com,(398) 430-8623,Active
EMP037718,Robert,Rodriguez,Robert Rodriguez,31,Sales,Senior Developer,Miami,72724.84,3834.04,2023-05-13,8,49.4,robert.rodriguez@company.com,(589) 344-4310,Active
EMP037719,John,Jones,John Jones,33,Marketing,Analyst,Boston,49710.35,5782.91,2023-05-17,7,66.1,john.jones@company.com,(223) 835-2807,Active
EMP037720,Christopher,Miller,Christopher Miller,28,Operations,Analyst,Chicago,69318.61,9461.33,2023-03-21,6,100.0,christopher.miller@company.com,(460) 475-7636,Active
EMP037721,Stephanie,Williams,Stephanie Williams,57,Sales,Manager,Boston,95159.44,11962.45,2020-07-03,28,66.7,stephanie.williams@company.com,(467) 602-6582,Active
EMP037722,Robert,Williams,Robert Williams,26,Sales,Associate,Boston,57859.62,7536.51,2023-10-19,0,70.5,robert.williams@company.com,(425) 593-9288,Active
EMP037723,Ashley,Gonzalez,Ashley Gonzalez,38,Finance,Senior Developer,Austin,40267.41,4208.44,2024-07-17,9,67.9,ashley.gonzalez@company.com,(793) 583-4962,Active
EMP037724,Matthew,Anderson,Matthew Anderson,33,Legal,Lead,Austin,99579.01,9510.29,2020-06-14,8,79.3,matthew.anderson@company.com,(418) 274-4042,Active
EMP037725,Jane,Thomas,Jane Thomas,50,Legal,Lead,Boston,108439.22,757.27,2024-06-03,28,78.4,jane.thomas@company.com,(936) 343-6268,Active
EMP037726,Christopher,Martinez,Christopher Martinez,33,Finance,Specialist,San Francisco,79662.15,11159.46,2021-02-20,7,97.4,christopher.martinez@company.com,(663) 873-4352,Active
EMP037727,Melissa,Miller,Melissa Miller,65,Sales,Analyst,New York,63837.49,8104.19,2021-08-01,36,70.1,melissa.miller@company.com,(997) 973-2212,Active
EMP037728,Emily,Johnson,Emily Johnson,47,IT,Coordinator,Miami,99175.66,2838.54,2022-08-17,25,58.0,emily.johnson@company.com,(558) 207-4278,Active
EMP037729,William,Gonzalez,William Gonzalez,62,HR,Coordinator,Miami,87788.8,7152.26,2024-01-04,40,56.6,william.gonzalez@company.com,(469) 573-4953,Active
EMP037730,Stephanie,Brown,Stephanie Brown,56,Legal,Lead,Seattle,109395.63,15754.03,2024-08-05,27,66.4,stephanie.brown@company.com,(389) 683-3162,Active
EMP037731,Nicole,Thomas,Nicole Thomas,24,Sales,Analyst,Seattle,57686.46,5207.93,2021-10-04,2,62.7,nicole.thomas@company.com,(414) 858-1133,Active
EMP037732,David,Gonzalez,David Gonzalez,24,Operations,Senior Developer,San Francisco,30732.45,3661.17,2023-11-04,0,86.7,david.gonzalez@company.com,(422) 663-1042,Active
EMP037733,Nicole,Anderson,Nicole Anderson,26,Sales,Lead,New York,97875.27,15742.49,2022-06-12,0,93.9,nicole.anderson@company.com,(717) 687-1219,Active
EMP037734,William,Garcia,William Garcia,50,IT,Associate,Chicago,55595.75,6772.16,2020-05-19,27,32.0,william.garcia@company.com,(561) 785-1898,Active
EMP037735,Robert,Jones,Robert Jones,50,Sales,Lead,New York,75288.58,10509.52,2024-12-25,26,87.7,robert.jones@company.com,(826) 883-3967,Active
EMP037736,Robert,Jones,Robert Jones,46,HR,Director,Los Angeles,62419.13,5809.39,2021-12-17,19,70.2,robert.jones@company.com,(852) 472-7173,Active
EMP037737,Lisa,Rodriguez,Lisa Rodriguez,46,HR,Coordinator,Austin,67315.7,5265.64,2020-03-05,20,64.0,lisa.rodriguez@company.com,(206) 902-6525,Active
EMP037738,Sarah,Smith,Sarah Smith,30,Marketing,Associate,Seattle,54558.76,4996.42,2020-09-26,2,73.7,sarah.smith@company.com,(721) 263-5095,Active
EMP037739,Christopher,Miller,Christopher Miller,41,IT,Director,Los Angeles,88572.59,11909.16,2024-07-23,16,44.8,christopher.miller@company.com,(220) 780-8717,Active
EMP037740,Amanda,Garcia,Amanda Garcia,61,Engineering,Director,Austin,88627.21,0.16,2022-09-08,37,100.0,amanda.garcia@company.com,(821) 926-6350,On Leave
EMP037741,Matthew,Gonzalez,Matthew Gonzalez,25,IT,Specialist,New York,52769.11,5677.28,2024-01-30,0,65.9,matthew.gonzalez@company.com,(520) 950-5445,Active
EMP037742,Stephanie,Anderson,Stephanie Anderson,42,Operations,Director,San Francisco,71983.14,8794.19,2020-03-02,19,82.5,stephanie.anderson@company.com,(585) 386-2444,Active
EMP037743,David,Martinez,David Martinez,26,IT,Associate,Los Angeles,54341.92,4397.86,2021-03-20,2,66.5,david.martinez@company.com,(339) 576-5411,Active
EMP037744,Stephanie,Anderson,Stephanie Anderson,42,Finance,Analyst,Seattle,81324.28,11413.42,2020-07-30,13,70.2,stephanie.anderson@company.com,(310) 328-4434,On Leave
EMP037745,Melissa,Brown,Melissa Brown,50,Engineering,Coordinator,Los Angeles,126235.57,12199.15,2023-12-28,21,89.4,melissa.brown@company.com,(524) 738-6689,Active
EMP037746,Ashley,Jones,Ashley Jones,49,HR,Manager,Seattle,70510.1,8079.44,2023-07-04,24,100.0,ashley.jones@company.com,(628) 694-4546,Active
EMP037747,John,Johnson,John Johnson,49,Marketing,Director,Seattle,89813.49,0.0,2024-12-31,22,93.0,john.johnson@company.com,(934) 867-2107,Active
EMP037748,William,Gonzalez,William Gonzalez,48,Engineering,Specialist,Austin,94166.01,738.65,2024-10-07,20,83.7,william.gonzalez@company.com,(503) 880-3569,Active
EMP037749,Christopher,Anderson,Christopher Anderson,61,Marketing,Manager,Boston,60410.6,7258.33,2024-12-12,38,86.4,christopher.anderson@company.com,(741) 920-5457,Active
EMP037750,Jane,Taylor,Jane Taylor,50,HR,Associate,Chicago,54335.28,7147.44,2023-12-06,22,100.0,jane.taylor@company.com,(859) 899-7706,Active
EMP037751,Nicole,Smith,Nicole Smith,59,Sales,Director,Seattle,94316.85,8700.41,2021-10-06,35,100.0,nicole.smith@company.com,(878) 528-1199,On Leave
EMP037752,Jessica,Smith,Jessica Smith,28,HR,Senior Developer,Chicago,55082.58,8762.78,2020-05-04,2,78.6,jessica.smith@company.com,(508) 518-2161,Active
EMP037753,Stephanie,Garcia,Stephanie Garcia,26,Legal,Senior Developer,Austin,74231.77,4698.82,2022-12-21,0,84.9,stephanie.garcia@company.com,(312) 946-8840,Active
EMP037754,Amanda,Martinez,Amanda Martinez,64,Marketing,Associate,Chicago,76007.37,8583.97,2021-06-25,35,63.6,amanda.martinez@company.com,(556) 758-4922,Active
EMP037755,Jessica,Miller,Jessica Miller,54,Finance,Coordinator,Austin,108559.21,7017.2,2022-07-05,28,77.1,jessica.miller@company.com,(661) 355-1570,Active
EMP037756,Ashley,Jackson,Ashley Jackson,44,Sales,Specialist,Los Angeles,85459.76,11330.14,2020-11-11,22,71.4,ashley.jackson@company.com,(757) 204-4631,Active
EMP037757,Jane,Garcia,Jane Garcia,29,Sales,Lead,Seattle,52842.82,1720.75,2024-06-14,7,68.0,jane.garcia@company.com,(240) 854-4530,Active
EMP037758,Matthew,Martin,Matthew Martin,59,Engineering,Manager,Seattle,133509.23,13797.49,2022-02-24,37,80.1,matthew.martin@company.com,(896) 910-2235,Active
EMP037759,Nicole,Lopez,Nicole Lopez,38,Engineering,Coordinator,Miami,80381.67,14973.77,2021-10-09,14,43.0,nicole.lopez@company.com,(933) 603-2547,Active
EMP037760,Melissa,Smith,Melissa Smith,34,Sales,Senior Developer,Los Angeles,71090.25,1809.07,2020-03-15,7,71.9,melissa.smith@company.com,(232) 599-5828,Active
EMP037761,James,Davis,James Davis,31,Engineering,Lead,Austin,108469.35,858.1,2021-11-30,5,79.2,james.davis@company.com,(678) 958-7999,Active
EMP037762,Michael,Rodriguez,Michael Rodriguez,54,Marketing,Coordinator,San Francisco,101836.26,21405.55,2024-05-15,28,78.7,michael.rodriguez@company.com,(304) 489-9088,Active
EMP037763,Daniel,Gonzalez,Daniel Gonzalez,52,Engineering,Specialist,Seattle,107018.47,11066.07,2020-03-13,27,89.2,daniel.gonzalez@company.com,(738) 342-5948,Inactive
EMP037764,Michael,Garcia,Michael Garcia,46,Sales,Analyst,New York,84696.21,7250.97,2023-12-24,22,59.0,michael.garcia@company.com,(228) 226-7204,Active
EMP037765,Daniel,Johnson,Daniel Johnson,43,Operations,Associate,San Francisco,49606.75,3252.92,2024-04-08,19,72.4,daniel.johnson@company.com,(828) 641-9719,Active
EMP037766,Anthony,Brown,Anthony Brown,55,Sales,Director,San Francisco,71419.67,1482.93,2021-04-11,27,88.1,anthony.brown@company.com,(605) 558-6636,Inactive
EMP037767,John,Jackson,John Jackson,44,Operations,Associate,New York,87670.22,9591.97,2022-07-06,22,72.9,john.jackson@company.com,(577) 867-6379,Active
EMP037768,Anthony,Taylor,Anthony Taylor,58,Finance,Analyst,Austin,95890.35,8049.19,2024-02-02,34,68.7,anthony.taylor@company.com,(525) 202-9852,Active
EMP037769,Robert,Smith,Robert Smith,35,Operations,Director,Seattle,41702.84,2884.71,2023-01-02,6,89.3,robert.smith@company.com,(681) 591-4078,Active
EMP037770,James,Lopez,James Lopez,26,Sales,Associate,San Francisco,30000.0,2434.74,2022-04-01,0,56.2,james.lopez@company.com,(783) 839-5025,Active
EMP037771,William,Martinez,William Martinez,52,Finance,Coordinator,Seattle,86802.14,10382.84,2024-02-09,23,75.6,william.martinez@company.com,(312) 694-3789,Active
EMP037772,Stephanie,Garcia,Stephanie Garcia,45,Marketing,Lead,Chicago,82732.63,8376.69,2021-05-28,18,70.7,stephanie.garcia@company.com,(578) 747-3730,Active
EMP037773,Daniel,Brown,Daniel Brown,43,Marketing,Analyst,Seattle,61626.82,3291.35,2023-10-30,20,57.6,daniel.brown@company.com,(779) 274-7644,Active
EMP037774,Nicole,Gonzalez,Nicole Gonzalez,42,Sales,Analyst,Chicago,83073.44,8713.98,2022-09-30,15,78.2,nicole.gonzalez@company.com,(665) 618-8203,Active
EMP037775,Robert,Miller,Robert Miller,55,HR,Specialist,Chicago,68713.29,9604.33,2022-08-27,29,84.6,robert.miller@company.com,(382) 273-1992,Active
EMP037776,William,Johnson,William Johnson,65,Finance,Manager,San Francisco,89588.99,9495.55,2020-10-19,39,62.0,william.johnson@company.com,(701) 910-2023,Active
EMP037777,Michael,Davis,Michael Davis,63,IT,Coordinator,Chicago,106258.97,12056.65,2021-02-23,38,79.8,michael.davis@company.com,(279) 842-9499,Active
EMP037778,Jane,Anderson,Jane Anderson,30,IT,Senior Developer,Boston,78733.87,7758.39,2024-10-08,2,66.1,jane.anderson@company.com,(395) 563-5936,Active
EMP037779,William,Gonzalez,William Gonzalez,63,IT,Analyst,Boston,121418.46,15429.69,2024-02-10,41,70.2,william.gonzalez@company.com,(956) 480-3633,Active
EMP037780,James,Moore,James Moore,60,Finance,Lead,New York,73812.33,4806.53,2022-07-09,33,58.3,james.moore@company.com,(571) 701-1008,Inactive
EMP037781,Lisa,Rodriguez,Lisa Rodriguez,65,IT,Specialist,Seattle,95290.01,15208.77,2020-02-22,41,57.2,lisa.rodriguez@company.com,(626) 302-8038,On Leave
EMP037782,Daniel,Garcia,Daniel Garcia,42,Finance,Associate,Boston,95764.99,11600.92,2023-07-27,13,75.4,daniel.garcia@company.com,(675) 795-5327,Active
EMP037783,Daniel,Brown,Daniel Brown,60,HR,Analyst,Miami,93254.38,13327.62,2020-02-18,34,62.9,daniel.brown@company.com,(364) 271-5083,Active
EMP037784,Christopher,Hernandez,Christopher Hernandez,28,HR,Senior Developer,Seattle,56403.16,7262.11,2023-12-06,5,91.9,christopher.hernandez@company.com,(935) 407-1924,Active
EMP037785,Melissa,Johnson,Melissa Johnson,63,Marketing,Analyst,Boston,125376.93,13804.38,2024-08-31,41,89.4,melissa.johnson@company.com,(471) 375-2734,Active
EMP037786,Daniel,Jones,Daniel Jones,56,Marketing,Associate,Los Angeles,78623.31,6267.06,2023-03-17,30,61.5,daniel.jones@company.com,(874) 348-8502,Active
EMP037787,Amanda,Taylor,Amanda Taylor,63,Finance,Coordinator,Miami,105280.91,14652.46,2020-07-21,34,90.1,amanda.taylor@company.com,(853) 318-2844,Active
EMP037788,Nicole,Davis,Nicole Davis,60,Engineering,Lead,San Francisco,136567.78,11429.45,2020-09-17,38,80.9,nicole.davis@company.com,(775) 468-7104,Active
EMP037789,Melissa,Rodriguez,Melissa Rodriguez,36,Finance,Analyst,New York,62788.98,10753.19,2021-08-13,8,55.2,melissa.rodriguez@company.com,(819) 380-6768,Active
EMP037790,William,Thomas,William Thomas,29,Marketing,Specialist,Chicago,48516.14,3074.4,2023-04-02,5,79.5,william.thomas@company.com,(972) 894-9549,Active
EMP037791,Daniel,Miller,Daniel Miller,27,HR,Manager,Miami,78166.77,4865.33,2024-06-15,5,65.3,daniel.miller@company.com,(878) 262-9898,On Leave
EMP037792,Lisa,Anderson,Lisa Anderson,61,Finance,Director,Miami,81330.82,7161.82,2023-10-16,35,72.6,lisa.anderson@company.com,(242) 991-7563,Active
EMP037793,John,Anderson,John Anderson,54,Marketing,Specialist,Boston,102362.35,14513.84,2023-06-26,30,82.3,john.anderson@company.com,(736) 564-9172,Active
EMP037794,Robert,Garcia,Robert Garcia,46,Marketing,Lead,Chicago,90222.62,0.0,2023-04-06,18,84.0,robert.garcia@company.com,(868) 698-7418,Inactive
EMP037795,Christopher,Martinez,Christopher Martinez,39,Legal,Associate,Seattle,76581.98,6271.69,2024-03-21,15,75.2,christopher.martinez@company.com,(751) 325-2332,Active
EMP037796,Melissa,Garcia,Melissa Garcia,51,Finance,Manager,Los Angeles,116099.77,14118.93,2020-11-21,28,79.2,melissa.garcia@company.com,(812) 651-8652,Active
EMP037797,Michael,Moore,Michael Moore,49,Operations,Analyst,Boston,63585.8,7044.37,2020-07-13,24,87.1,michael.moore@company.com,(855) 522-8776,Active
EMP037798,Sarah,Garcia,Sarah Garcia,37,Operations,Senior Developer,Seattle,56542.41,4045.16,2024-03-31,11,90.7,sarah.garcia@company.com,(526) 746-6631,Inactive
EMP037799,Lisa,Smith,Lisa Smith,53,Finance,Manager,Seattle,97123.12,9950.92,2022-05-18,30,51.4,lisa.smith@company.com,(884) 239-3181,Active
EMP037800,Christopher,Thomas,Christopher Thomas,43,Finance,Analyst,Austin,89579.47,8719.66,2021-03-12,14,75.5,christopher.thomas@company.com,(309) 221-8739,Active
EMP037801,Michael,Johnson,Michael Johnson,42,HR,Associate,Seattle,70338.53,6117.7,2022-05-05,16,96.3,michael.johnson@company.com,(359) 986-1912,Inactive
EMP037802,Michael,Anderson,Michael Anderson,48,Finance,Lead,Los Angeles,95754.93,14336.83,2021-06-26,20,80.4,michael.anderson@company.com,(371) 586-8814,Active
EMP037803,Daniel,Williams,Daniel Williams,40,Legal,Manager,Miami,108603.07,7247.08,2023-10-11,11,81.3,daniel.williams@company.com,(201) 826-7744,Active
EMP037804,Emily,Martinez,Emily Martinez,33,IT,Director,Boston,70374.16,8994.61,2021-10-06,10,70.1,emily.martinez@company.com,(221) 666-5843,Inactive
EMP037805,Daniel,Thomas,Daniel Thomas,30,Legal,Lead,San Francisco,100519.58,14154.55,2023-02-06,4,72.6,daniel.thomas@company.com,(298) 273-1961,Active
EMP037806,Christopher,Hernandez,Christopher Hernandez,58,Engineering,Specialist,Miami,92203.17,20142.8,2024-11-22,34,79.9,christopher.hernandez@company.com,(787) 582-4170,Active
EMP037807,Emily,Garcia,Emily Garcia,61,HR,Associate,Miami,83383.39,3559.82,2023-06-22,32,84.2,emily.garcia@company.com,(766) 909-7833,Active
EMP037808,Anthony,Gonzalez,Anthony Gonzalez,30,IT,Lead,Boston,74925.54,1074.18,2024-07-23,6,85.9,anthony.gonzalez@company.com,(356) 636-2600,Active
EMP037809,James,Jones,James Jones,39,Finance,Manager,San Francisco,74224.18,6859.83,2023-04-16,14,81.5,james.jones@company.com,(930) 813-5590,Active
EMP037810,Ashley,Lopez,Ashley Lopez,37,Engineering,Senior Developer,Austin,92846.47,9036.32,2022-04-01,13,55.8,ashley.lopez@company.com,(397) 988-8680,Active
EMP037811,William,Davis,William Davis,35,Engineering,Associate,Austin,111667.4,5500.56,2021-03-27,7,98.3,william.davis@company.com,(342) 269-4292,Active
EMP037812,Ashley,Williams,Ashley Williams,40,Marketing,Senior Developer,Los Angeles,86069.44,9533.43,2024-04-28,12,73.4,ashley.williams@company.com,(272) 414-3799,Active
EMP037813,Robert,Gonzalez,Robert Gonzalez,43,Marketing,Associate,Los Angeles,80087.16,8250.24,2023-06-17,17,63.8,robert.gonzalez@company.com,(711) 443-6991,Inactive
EMP037814,Sarah,Brown,Sarah Brown,50,Sales,Analyst,San Francisco,51041.37,6285.78,2021-11-02,27,66.5,sarah.brown@company.com,(277) 487-3730,Active
EMP037815,Anthony,Hernandez,Anthony Hernandez,41,Marketing,Director,Boston,68026.6,4365.53,2023-09-01,16,89.5,anthony.hernandez@company.com,(891) 398-6850,Active
EMP037816,Matthew,Smith,Matthew Smith,62,Sales,Specialist,New York,113691.93,19109.75,2021-12-21,36,92.4,matthew.smith@company.com,(325) 630-6800,Active
EMP037817,Jane,Hernandez,Jane Hernandez,63,Finance,Manager,Los Angeles,88928.9,3720.84,2024-09-27,35,67.5,jane.hernandez@company.com,(688) 931-6116,Active
EMP037818,Emily,Johnson,Emily Johnson,36,Marketing,Senior Developer,Los Angeles,70619.51,11976.93,2022-03-08,12,58.8,emily.johnson@company.com,(451) 837-6821,Active
EMP037819,Anthony,Miller,Anthony Miller,54,Legal,Director,Chicago,134437.22,13139.01,2023-07-06,32,63.2,anthony.miller@company.com,(316) 660-9680,Active
EMP037820,John,Thomas,John Thomas,49,Engineering,Analyst,New York,115790.96,7791.06,2023-03-15,20,82.0,john.thomas@company.com,(567) 782-3842,Active
EMP037821,Anthony,Brown,Anthony Brown,49,Legal,Director,Seattle,98996.78,10039.94,2022-11-09,27,89.8,anthony.brown@company.com,(840) 296-1105,Active
EMP037822,Ashley,Hernandez,Ashley Hernandez,60,Engineering,Lead,San Francisco,103540.09,1329.48,2021-06-28,35,85.5,ashley.hernandez@company.com,(567) 660-8488,Active
EMP037823,Jane,Taylor,Jane Taylor,35,IT,Analyst,Boston,83052.86,10457.94,2020-06-12,10,80.5,jane.taylor@company.com,(396) 419-6839,Active
EMP037824,Ashley,Moore,Ashley Moore,63,IT,Senior Developer,Los Angeles,125802.65,10226.08,2021-09-01,41,37.3,ashley.moore@company.com,(638) 385-8257,Active
EMP037825,Jessica,Anderson,Jessica Anderson,53,Sales,Director,Chicago,111059.52,3347.33,2022-08-20,27,83.3,jessica.anderson@company.com,(284) 521-5115,Active
EMP037826,Robert,Martin,Robert Martin,35,Operations,Senior Developer,Boston,50883.54,4846.29,2023-01-17,11,93.8,robert.martin@company.com,(462) 707-8515,Inactive
EMP037827,Anthony,Anderson,Anthony Anderson,33,Finance,Lead,Seattle,41612.77,3361.18,2024-08-12,4,50.3,anthony.anderson@company.com,(750) 704-7184,Active
EMP037828,Nicole,Jones,Nicole Jones,65,Legal,Director,New York,129722.21,12066.72,2022-06-20,43,79.6,nicole.jones@company.com,(566) 941-3075,Active
EMP037829,David,Hernandez,David Hernandez,48,Marketing,Director,Boston,52922.0,2827.38,2022-01-29,21,60.4,david.hernandez@company.com,(480) 862-5713,Active
EMP037830,Ashley,Jones,Ashley Jones,57,Engineering,Manager,New York,115243.3,22461.92,2024-03-03,35,65.5,ashley.jones@company.com,(885) 911-5374,Inactive
EMP037831,Sarah,Martin,Sarah Martin,52,HR,Specialist,Austin,64750.63,7925.73,2024-07-20,23,28.7,sarah.martin@company.com,(454) 363-4405,Active
EMP037832,Amanda,Williams,Amanda Williams,53,Operations,Coordinator,Los Angeles,70773.75,7320.68,2020-05-09,27,81.5,amanda.williams@company.com,(559) 223-4969,Active
EMP037833,Jessica,Taylor,Jessica Taylor,26,Engineering,Coordinator,Los Angeles,76536.75,9464.38,2023-11-17,1,61.0,jessica.taylor@company.com,(678) 546-7582,Active
EMP037834,John,Davis,John Davis,35,Marketing,Specialist,Miami,64887.01,4768.53,2020-02-17,12,99.7,john.davis@company.com,(522) 223-4273,Active
EMP037835,David,Anderson,David Anderson,56,HR,Analyst,Miami,85117.59,9113.97,2020-11-09,27,92.1,david.anderson@company.com,(400) 533-4864,Active
EMP037836,Melissa,Moore,Melissa Moore,55,Marketing,Specialist,New York,80298.8,14502.54,2023-11-30,26,69.8,melissa.moore@company.com,(370) 684-5857,Active
EMP037837,Ashley,Hernandez,Ashley Hernandez,38,Marketing,Coordinator,Chicago,71179.34,10997.8,2023-01-25,9,58.0,ashley.hernandez@company.com,(662) 633-9713,On Leave
EMP037838,William,Thomas,William Thomas,47,HR,Director,Miami,64253.43,11280.58,2021-04-01,25,72.6,william.thomas@company.com,(402) 749-8008,Active
EMP037839,Amanda,Hernandez,Amanda Hernandez,27,Sales,Analyst,Seattle,79008.8,9508.5,2022-03-15,1,61.0,amanda.hernandez@company.com,(510) 413-7292,Active
EMP037840,Christopher,Davis,Christopher Davis,40,Operations,Analyst,Austin,72570.3,7806.81,2021-02-17,14,75.0,christopher.davis@company.com,(819) 504-9399,Active
EMP037841,Lisa,Jones,Lisa Jones,27,Sales,Coordinator,New York,73709.86,14248.6,2024-05-03,0,53.1,lisa.jones@company.com,(745) 618-6018,Active
EMP037842,Christopher,Davis,Christopher Davis,46,IT,Lead,Boston,87506.87,9642.94,2020-09-06,23,67.2,christopher.davis@company.com,(812) 768-5248,On Leave
EMP037843,Daniel,Brown,Daniel Brown,44,Marketing,Coordinator,Los Angeles,66399.19,3047.69,2022-11-25,20,81.7,daniel.brown@company.com,(297) 369-7299,Active
EMP037844,David,Brown,David Brown,38,Sales,Director,Chicago,78541.71,7075.82,2020-09-22,16,44.4,david.brown@company.com,(461) 216-4368,Active
EMP037845,Lisa,Hernandez,Lisa Hernandez,56,Finance,Director,San Francisco,93914.56,10546.2,2023-07-09,31,100.0,lisa.hernandez@company.com,(906) 725-3886,Active
EMP037846,Matthew,Rodriguez,Matthew Rodriguez,59,Sales,Director,Miami,75579.42,6866.47,2020-02-09,37,65.4,matthew.rodriguez@company.com,(907) 854-5776,On Leave
EMP037847,Matthew,Brown,Matthew Brown,27,Sales,Coordinator,San Francisco,47978.51,6393.2,2020-03-17,0,85.9,matthew.brown@company.com,(383) 576-8066,Active
EMP037848,John,Miller,John Miller,37,Finance,Analyst,Chicago,57757.37,2342.13,2023-02-03,10,89.3,john.miller@company.com,(206) 604-9270,Active
EMP037849,Daniel,Martinez,Daniel Martinez,38,Finance,Analyst,Chicago,86017.72,7166.07,2021-12-14,9,98.5,daniel.martinez@company.com,(200) 395-4910,On Leave
EMP037850,Daniel,Martin,Daniel Martin,47,Operations,Analyst,Boston,62376.6,5483.88,2020-07-28,18,88.9,daniel.martin@company.com,(268) 519-5648,Active
EMP037851,Melissa,Lopez,Melissa Lopez,27,IT,Associate,Miami,36000.0,3065.0,2021-06-04,0,67.9,melissa.lopez@company.com,(776) 692-3938,Active
EMP037852,Amanda,Miller,Amanda Miller,51,IT,Manager,Chicago,114379.86,6742.84,2021-05-09,23,76.2,amanda.miller@company.com,(630) 425-7351,Active
EMP037853,James,Jones,James Jones,23,Finance,Specialist,Seattle,61853.25,5170.21,2023-03-27,0,57.6,james.jones@company.com,(875) 780-2689,Active
EMP037854,Lisa,Wilson,Lisa Wilson,29,HR,Manager,San Francisco,63709.66,5849.43,2023-01-17,3,82.3,lisa.wilson@company.com,(483) 499-7740,Active
EMP037855,Nicole,Davis,Nicole Davis,65,HR,Director,New York,67172.96,11832.44,2023-08-25,37,62.1,nicole.davis@company.com,(584) 485-4482,Active
EMP037856,Christopher,Garcia,Christopher Garcia,40,HR,Manager,Miami,49461.6,9929.82,2023-01-29,18,89.3,christopher.garcia@company.com,(829) 544-8225,Active
EMP037857,Jessica,Taylor,Jessica Taylor,35,Legal,Coordinator,Austin,94427.9,9291.67,2022-03-29,9,100.0,jessica.taylor@company.com,(814) 478-9596,Active
EMP037858,Amanda,Hernandez,Amanda Hernandez,29,Sales,Lead,San Francisco,90951.8,0.0,2024-06-19,2,55.6,amanda.hernandez@company.com,(837) 795-9225,Active
EMP037859,Emily,Gonzalez,Emily Gonzalez,57,HR,Coordinator,New York,110340.13,13481.72,2022-02-21,29,77.6,emily.gonzalez@company.com,(863) 965-7506,Active
EMP037860,Nicole,Jackson,Nicole Jackson,46,Sales,Lead,Los Angeles,74582.1,1039.09,2022-06-08,18,60.6,nicole.jackson@company.com,(814) 683-2975,Active
EMP037861,Melissa,Thomas,Melissa Thomas,44,Operations,Lead,Seattle,60790.02,5023.47,2021-11-20,17,62.4,melissa.thomas@company.com,(977) 261-5091,Active
EMP037862,Amanda,Williams,Amanda Williams,52,Marketing,Manager,Boston,109328.48,5504.15,2020-03-29,30,77.4,amanda.williams@company.com,(741) 366-2475,Active
EMP037863,Jane,Jackson,Jane Jackson,35,HR,Director,Austin,54495.82,3304.69,2021-04-23,8,78.1,jane.jackson@company.com,(815) 383-4608,Active
EMP037864,Stephanie,Wilson,Stephanie Wilson,51,Operations,Lead,Boston,52036.25,56.11,2024-12-17,26,79.8,stephanie.wilson@company.com,(799) 344-3532,Active
EMP037865,David,Johnson,David Johnson,57,Finance,Lead,Seattle,101144.16,8865.88,2021-02-11,29,81.1,david.johnson@company.com,(382) 306-1026,On Leave
EMP037866,James,Lopez,James Lopez,34,HR,Analyst,Los Angeles,51385.63,7846.97,2021-08-26,10,83.4,james.lopez@company.com,(402) 297-1513,Active
EMP037867,Matthew,Williams,Matthew Williams,23,Legal,Analyst,Seattle,50305.76,3799.92,2023-05-09,0,81.0,matthew.williams@company.com,(810) 268-2346,Active
EMP037868,Sarah,Rodriguez,Sarah Rodriguez,50,Finance,Associate,Los Angeles,95043.52,20549.66,2023-04-01,24,82.4,sarah.rodriguez@company.com,(329) 230-6420,Active
EMP037869,David,Miller,David Miller,22,Legal,Director,Chicago,48979.64,4400.78,2020-12-13,0,69.5,david.miller@company.com,(673) 785-4949,Active
EMP037870,Michael,Wilson,Michael Wilson,40,HR,Senior Developer,Miami,27094.02,2030.75,2023-05-15,17,77.9,michael.wilson@company.com,(508) 224-4791,Active
EMP037871,Ashley,Johnson,Ashley Johnson,28,Marketing,Lead,Chicago,39738.75,7169.46,2023-09-26,1,92.4,ashley.johnson@company.com,(705) 242-7770,Active
EMP037872,Sarah,Hernandez,Sarah Hernandez,24,Legal,Analyst,Chicago,69255.78,3445.15,2020-03-20,0,92.4,sarah.hernandez@company.com,(237) 439-7484,Inactive
EMP037873,William,Hernandez,William Hernandez,53,Finance,Associate,Austin,92167.24,4191.38,2021-11-27,27,69.7,william.hernandez@company.com,(501) 727-9704,Active
EMP037874,Christopher,Davis,Christopher Davis,50,Legal,Coordinator,New York,101920.98,11980.1,2024-12-30,22,91.4,christopher.davis@company.com,(546) 465-1535,Inactive
EMP037875,Jessica,Rodriguez,Jessica Rodriguez,47,HR,Analyst,San Francisco,50693.9,4583.67,2021-07-18,19,66.6,jessica.rodriguez@company.com,(448) 383-6829,Active
EMP037876,Lisa,Thomas,Lisa Thomas,41,Engineering,Lead,San Francisco,80229.99,9802.82,2024-12-14,15,67.1,lisa.thomas@company.com,(284) 844-2746,Inactive
EMP037877,Amanda,Martin,Amanda Martin,50,Operations,Analyst,Chicago,75377.34,7367.15,2024-12-14,27,72.9,amanda.martin@company.com,(572) 741-9961,Active
EMP037878,Stephanie,Taylor,Stephanie Taylor,29,Engineering,Analyst,Seattle,82436.67,0.0,2023-07-25,5,81.7,stephanie.taylor@company.com,(572) 630-3991,On Leave
EMP037879,Lisa,Jackson,Lisa Jackson,35,Operations,Manager,Austin,55506.17,4278.21,2023-07-19,7,46.6,lisa.jackson@company.com,(466) 281-9717,Active
EMP037880,Robert,Davis,Robert Davis,47,Finance,Manager,New York,88587.32,12687.74,2021-11-09,22,93.0,robert.davis@company.com,(983) 559-2794,Active
EMP037881,Nicole,Lopez,Nicole Lopez,62,Sales,Director,San Francisco,84452.35,17506.59,2020-06-27,33,100.0,nicole.lopez@company.com,(701) 306-6786,Inactive
EMP037882,Matthew,Johnson,Matthew Johnson,53,Marketing,Specialist,Austin,83991.24,9334.65,2024-08-18,29,45.8,matthew.johnson@company.com,(906) 833-9348,Active
EMP037883,Christopher,Moore,Christopher Moore,52,IT,Senior Developer,Chicago,95872.49,11910.45,2021-06-26,24,86.8,christopher.moore@company.com,(946) 572-4638,Active
EMP037884,Ashley,Johnson,Ashley Johnson,61,Finance,Director,Chicago,78841.13,9074.6,2022-10-20,34,69.7,ashley.johnson@company.com,(635) 597-6733,Inactive
EMP037885,Christopher,Taylor,Christopher Taylor,51,Engineering,Senior Developer,Chicago,106505.07,1743.14,2023-03-06,24,81.6,christopher.taylor@company.com,(776) 447-9138,Active
EMP037886,Daniel,Jones,Daniel Jones,28,HR,Manager,San Francisco,50000.3,5716.6,2024-01-02,0,89.9,daniel.jones@company.com,(421) 688-5692,Active
EMP037887,Nicole,Lopez,Nicole Lopez,32,IT,Manager,Seattle,72424.59,3717.65,2023-06-29,7,81.1,nicole.lopez@company.com,(865) 884-7720,Active
EMP037888,Anthony,Martin,Anthony Martin,50,Engineering,Associate,New York,119978.99,18317.95,2021-12-05,26,81.3,anthony.martin@company.com,(474) 745-1543,Active
EMP037889,Michael,Anderson,Michael Anderson,60,Engineering,Analyst,Austin,100004.53,9130.62,2022-04-07,32,35.3,michael.anderson@company.com,(386) 593-7478,Active
EMP037890,Daniel,Davis,Daniel Davis,24,Legal,Director,San Francisco,105107.49,11285.4,2024-07-28,1,88.0,daniel.davis@company.com,(982) 235-9402,Active
EMP037891,Ashley,Garcia,Ashley Garcia,44,HR,Lead,Austin,57665.88,1629.06,2022-01-15,15,83.9,ashley.garcia@company.com,(684) 796-1360,Inactive
EMP037892,Matthew,Martin,Matthew Martin,33,Finance,Specialist,Chicago,68677.21,10882.74,2022-06-29,8,100.0,matthew.martin@company.com,(291) 829-5508,Active
EMP037893,Sarah,Taylor,Sarah Taylor,42,Sales,Manager,Chicago,75500.2,7436.45,2023-09-07,20,81.1,sarah.taylor@company.com,(276) 606-2419,Active
EMP037894,William,Williams,William Williams,65,Operations,Senior Developer,Boston,90798.43,5865.46,2021-08-17,37,95.3,william.williams@company.com,(267) 459-7215,Active
EMP037895,Emily,Williams,Emily Williams,22,Operations,Director,San Francisco,44604.15,5220.71,2020-05-15,0,75.6,emily.williams@company.com,(439) 590-3714,Active
EMP037896,Lisa,Miller,Lisa Miller,45,Marketing,Senior Developer,New York,85162.5,9264.06,2024-01-23,22,70.0,lisa.miller@company.com,(808) 395-6152,On Leave
EMP037897,Michael,Brown,Michael Brown,33,Sales,Associate,New York,75205.23,7174.55,2021-11-25,10,77.2,michael.brown@company.com,(853) 427-8164,Active
EMP037898,Lisa,Lopez,Lisa Lopez,23,Engineering,Analyst,Boston,87378.85,2486.09,2022-10-09,1,78.4,lisa.lopez@company.com,(282) 660-9722,Active
EMP037899,Lisa,Martin,Lisa Martin,28,Sales,Specialist,Seattle,74092.31,9297.36,2021-08-18,6,86.0,lisa.martin@company.com,(916) 969-1517,Active
EMP037900,James,Rodriguez,James Rodriguez,30,Marketing,Associate,Los Angeles,65907.6,9536.68,2022-08-19,8,70.9,james.rodriguez@company.com,(830) 728-9102,Active
EMP037901,Jane,Thomas,Jane Thomas,49,IT,Analyst,Boston,82650.88,14230.86,2022-04-07,21,85.4,jane.thomas@company.com,(727) 288-9036,Active
EMP037902,Amanda,Garcia,Amanda Garcia,27,Operations,Associate,Seattle,56693.45,8056.15,2024-10-10,3,58.9,amanda.garcia@company.com,(870) 784-6296,Active
EMP037903,Anthony,Lopez,Anthony Lopez,59,Marketing,Senior Developer,Chicago,72131.54,8163.42,2024-08-26,36,63.8,anthony.lopez@company.com,(648) 908-2171,Active
EMP037904,Michael,Rodriguez,Michael Rodriguez,54,IT,Director,Seattle,99009.43,15861.12,2022-04-24,26,68.4,michael.rodriguez@company.com,(664) 510-3544,Active
EMP037905,Matthew,Smith,Matthew Smith,23,Legal,Senior Developer,New York,66439.01,3260.3,2022-01-06,0,65.9,matthew.smith@company.com,(618) 723-2631,Active
EMP037906,Emily,Gonzalez,Emily Gonzalez,63,Engineering,Lead,Miami,87254.54,8450.26,2021-01-10,37,60.6,emily.gonzalez@company.com,(796) 715-6632,Active
EMP037907,Jane,Martin,Jane Martin,23,Legal,Analyst,Austin,84300.11,7417.73,2024-11-15,0,91.3,jane.martin@company.com,(447) 496-9238,Active
EMP037908,Emily,Jones,Emily Jones,40,Operations,Director,Miami,60087.61,4453.3,2024-04-19,18,90.4,emily.jones@company.com,(856) 967-5518,Active
EMP037909,James,Williams,James Williams,32,Legal,Analyst,New York,115494.16,6934.25,2020-08-20,10,67.2,james.williams@company.com,(760) 584-1335,On Leave
EMP037910,Anthony,Anderson,Anthony Anderson,55,Operations,Analyst,Chicago,65575.93,2341.71,2021-01-07,33,72.8,anthony.anderson@company.com,(902) 205-8886,Active
EMP037911,Amanda,Williams,Amanda Williams,28,Legal,Senior Developer,Chicago,103188.36,13024.73,2021-11-05,5,87.5,amanda.williams@company.com,(800) 273-9116,Active
EMP037912,Amanda,Jones,Amanda Jones,48,Marketing,Analyst,Boston,69365.53,7839.53,2024-12-11,21,82.1,amanda.jones@company.com,(965) 615-8898,Active
EMP037913,Jane,Smith,Jane Smith,22,Sales,Associate,New York,56368.82,1558.8,2024-05-08,0,59.0,jane.smith@company.com,(339) 361-1748,On Leave
EMP037914,Ashley,Miller,Ashley Miller,33,IT,Senior Developer,Los Angeles,95944.07,16031.14,2022-02-12,10,86.7,ashley.miller@company.com,(589) 347-7857,Active
EMP037915,Stephanie,Martin,Stephanie Martin,49,Legal,Director,Boston,139445.05,13642.51,2022-02-14,25,54.7,stephanie.martin@company.com,(935) 352-2937,Active
EMP037916,Daniel,Rodriguez,Daniel Rodriguez,55,Finance,Specialist,Boston,98814.56,8080.86,2022-11-22,26,74.0,daniel.rodriguez@company.com,(803) 277-8948,Active
EMP037917,Lisa,Wilson,Lisa Wilson,51,IT,Coordinator,Boston,112879.18,13475.52,2023-10-07,23,75.0,lisa.wilson@company.com,(762) 721-8649,On Leave
EMP037918,Michael,Garcia,Michael Garcia,60,Marketing,Director,Miami,79148.51,10014.9,2023-09-03,31,46.2,michael.garcia@company.com,(886) 472-4831,Active
EMP037919,Stephanie,Martinez,Stephanie Martinez,33,IT,Lead,Austin,79127.53,2582.86,2021-09-30,11,55.2,stephanie.martinez@company.com,(231) 480-9418,Active
EMP037920,Michael,Williams,Michael Williams,36,Engineering,Associate,San Francisco,48061.19,8385.8,2021-07-15,7,91.1,michael.williams@company.com,(444) 946-8854,Active
EMP037921,Robert,Thomas,Robert Thomas,49,Operations,Coordinator,Austin,48559.83,3087.3,2024-01-23,25,83.7,robert.thomas@company.com,(769) 284-7818,Active
EMP037922,Robert,Jackson,Robert Jackson,30,IT,Manager,Seattle,62773.73,3835.99,2023-09-09,1,85.1,robert.jackson@company.com,(466) 383-4430,Active
EMP037923,Stephanie,Hernandez,Stephanie Hernandez,43,Finance,Specialist,New York,87720.51,86.3,2023-08-21,15,71.2,stephanie.hernandez@company.com,(681) 634-6899,Active
EMP037924,Jane,Williams,Jane Williams,45,HR,Lead,Miami,42600.92,4131.29,2021-05-14,21,82.4,jane.williams@company.com,(449) 879-4752,Active
EMP037925,Jessica,Moore,Jessica Moore,50,Sales,Lead,Boston,63464.46,7813.09,2024-11-28,21,84.6,jessica.moore@company.com,(243) 541-2872,Active
EMP037926,William,Gonzalez,William Gonzalez,24,HR,Coordinator,San Francisco,57919.6,9585.81,2023-08-12,0,83.2,william.gonzalez@company.com,(486) 485-4976,Active
EMP037927,David,Lopez,David Lopez,58,Engineering,Director,Chicago,111345.61,3103.44,2023-12-07,30,71.7,david.lopez@company.com,(983) 589-4726,Active
EMP037928,Michael,Williams,Michael Williams,22,Sales,Coordinator,Chicago,86247.29,9591.51,2024-11-27,0,63.8,michael.williams@company.com,(645) 908-6910,Inactive
EMP037929,Melissa,Rodriguez,Melissa Rodriguez,45,Sales,Lead,Seattle,93773.72,10711.84,2020-03-15,20,64.5,melissa.rodriguez@company.com,(740) 734-7744,Inactive
EMP037930,David,Davis,David Davis,29,Marketing,Lead,Austin,63457.83,5254.48,2021-04-20,1,82.2,david.davis@company.com,(603) 961-8990,Active
EMP037931,Christopher,Gonzalez,Christopher Gonzalez,57,HR,Associate,Austin,61385.57,2345.0,2024-02-28,35,67.6,christopher.gonzalez@company.com,(646) 658-2304,Active
EMP037932,Michael,Anderson,Michael Anderson,52,Legal,Manager,Austin,101778.9,14171.5,2024-01-14,26,74.3,michael.anderson@company.com,(247) 310-4909,Active
EMP037933,Daniel,Johnson,Daniel Johnson,52,Marketing,Specialist,Los Angeles,63572.03,10467.03,2021-09-05,30,74.9,daniel.johnson@company.com,(434) 635-4600,Inactive
EMP037934,William,Lopez,William Lopez,44,Operations,Associate,Boston,54118.05,5261.58,2021-06-21,17,62.0,william.lopez@company.com,(742) 947-9975,Active
EMP037935,Lisa,Johnson,Lisa Johnson,26,IT,Director,Seattle,58871.17,5359.27,2021-06-26,0,100.0,lisa.johnson@company.com,(605) 819-4201,Active
EMP037936,Jessica,Thomas,Jessica Thomas,37,Legal,Specialist,Boston,71397.98,9348.79,2021-06-03,15,73.1,jessica.thomas@company.com,(430) 280-6394,Inactive
EMP037937,Stephanie,Hernandez,Stephanie Hernandez,48,IT,Analyst,Boston,109631.8,7220.02,2020-12-17,24,91.3,stephanie.hernandez@company.com,(605) 534-3081,Active
EMP037938,Stephanie,Smith,Stephanie Smith,22,Engineering,Lead,Miami,57142.86,6191.08,2020-02-13,0,89.0,stephanie.smith@company.com,(732) 655-1611,Active
EMP037939,Stephanie,Smith,Stephanie Smith,62,HR,Coordinator,Seattle,78269.55,13395.08,2021-08-09,39,61.0,stephanie.smith@company.com,(248) 800-7466,Active
EMP037940,Michael,Jones,Michael Jones,58,Operations,Associate,New York,52345.61,4572.28,2024-07-04,33,100.0,michael.jones@company.com,(337) 976-1139,Active
EMP037941,Matthew,Jones,Matthew Jones,48,HR,Lead,Seattle,96667.96,6523.17,2023-11-25,21,100.0,matthew.jones@company.com,(467) 279-3718,Active
EMP037942,Matthew,Jones,Matthew Jones,44,Operations,Director,Miami,53954.79,9400.62,2024-03-03,22,69.2,matthew.jones@company.com,(977) 931-2749,Active
EMP037943,Stephanie,Anderson,Stephanie Anderson,33,Engineering,Director,Boston,71321.55,7714.03,2024-04-14,7,70.4,stephanie.anderson@company.com,(921) 710-1823,Inactive
EMP037944,Michael,Wilson,Michael Wilson,44,Marketing,Analyst,Austin,71213.32,4244.74,2023-10-09,18,100.0,michael.wilson@company.com,(655) 267-9297,Active
EMP037945,James,Davis,James Davis,29,HR,Director,San Francisco,51688.18,6232.83,2022-09-13,0,89.6,james.davis@company.com,(204) 371-6807,Active
EMP037946,Michael,Miller,Michael Miller,29,Finance,Manager,San Francisco,90183.48,9244.51,2023-09-05,6,74.0,michael.miller@company.com,(735) 635-9168,Active
EMP037947,Jessica,Smith,Jessica Smith,52,IT,Specialist,Chicago,96248.27,7946.19,2024-05-13,26,58.9,jessica.smith@company.com,(237) 749-1752,Active
EMP037948,Michael,Hernandez,Michael Hernandez,44,HR,Manager,Los Angeles,60137.92,1022.17,2022-03-10,19,100.0,michael.hernandez@company.com,(619) 403-5358,Active
EMP037949,Daniel,Jackson,Daniel Jackson,27,HR,Manager,San Francisco,37388.97,1101.15,2020-01-13,1,59.5,daniel.jackson@company.com,(760) 483-7533,Active
EMP037950,Matthew,Anderson,Matthew Anderson,55,HR,Lead,Austin,75066.23,4757.11,2023-08-28,30,74.7,matthew.anderson@company.com,(971) 310-3918,Active
EMP037951,William,Moore,William Moore,64,IT,Senior Developer,San Francisco,111744.39,8806.18,2022-06-04,37,81.2,william.moore@company.com,(633) 618-4866,Active
EMP037952,Matthew,Moore,Matthew Moore,64,Sales,Associate,Los Angeles,119210.79,6004.64,2020-05-05,41,74.2,matthew.moore@company.com,(725) 768-3513,Inactive
EMP037953,Jessica,Jones,Jessica Jones,40,Sales,Senior Developer,Seattle,48458.83,6559.53,2022-12-08,15,88.6,jessica.jones@company.com,(887) 499-9491,Active
EMP037954,Anthony,Martinez,Anthony Martinez,37,IT,Manager,Austin,70684.71,9824.86,2022-06-25,13,59.4,anthony.martinez@company.com,(651) 365-3517,Active
EMP037955,John,Wilson,John Wilson,45,Sales,Director,New York,73425.73,4991.08,2022-05-06,22,85.5,john.wilson@company.com,(374) 789-5653,Active
EMP037956,Stephanie,Davis,Stephanie Davis,51,Engineering,Director,Chicago,54464.57,9146.29,2020-08-30,24,90.5,stephanie.davis@company.com,(471) 629-7159,Active
EMP037957,Jessica,Lopez,Jessica Lopez,26,Finance,Coordinator,Seattle,89035.16,6679.57,2023-09-13,4,81.7,jessica.lopez@company.com,(392) 987-8496,Active
EMP037958,Christopher,Wilson,Christopher Wilson,26,Operations,Analyst,Seattle,66035.16,8957.24,2021-11-01,0,98.6,christopher.wilson@company.com,(240) 980-1211,Active
EMP037959,Jane,Martin,Jane Martin,38,HR,Coordinator,Boston,75318.15,4414.19,2020-09-15,14,84.9,jane.martin@company.com,(700) 932-2737,Active
EMP037960,John,Jackson,John Jackson,23,IT,Senior Developer,Boston,76291.28,4943.51,2020-06-07,0,73.1,john.jackson@company.com,(421) 553-2859,Active
EMP037961,Matthew,Garcia,Matthew Garcia,34,Legal,Coordinator,Chicago,80800.36,4315.22,2023-08-21,12,57.0,matthew.garcia@company.com,(642) 624-4153,Active
EMP037962,Melissa,Davis,Melissa Davis,40,Marketing,Analyst,Los Angeles,60638.48,1236.92,2024-06-10,12,100.0,melissa.davis@company.com,(673) 785-7471,On Leave
EMP037963,Anthony,Miller,Anthony Miller,29,HR,Director,Los Angeles,65451.47,4219.57,2024-03-02,5,65.8,anthony.miller@company.com,(289) 565-4968,Active
EMP037964,John,Lopez,John Lopez,24,Marketing,Lead,Los Angeles,53993.41,0.0,2023-10-07,0,60.1,john.lopez@company.com,(499) 762-2819,Active
EMP037965,Amanda,Rodriguez,Amanda Rodriguez,45,Marketing,Senior Developer,Seattle,85688.79,6541.33,2021-05-18,23,39.2,amanda.rodriguez@company.com,(731) 294-3042,Active
EMP037966,Stephanie,Johnson,Stephanie Johnson,39,HR,Coordinator,Los Angeles,48362.62,7949.75,2024-09-18,12,53.8,stephanie.johnson@company.com,(590) 352-9228,Active
EMP037967,David,Rodriguez,David Rodriguez,29,Legal,Coordinator,Los Angeles,93712.81,16896.62,2020-04-28,2,87.3,david.rodriguez@company.com,(315) 371-6597,Active
EMP037968,James,Martinez,James Martinez,59,Legal,Analyst,Chicago,130519.35,10845.88,2024-03-31,33,78.1,james.martinez@company.com,(627) 866-6478,Active
EMP037969,Michael,Lopez,Michael Lopez,41,Sales,Senior Developer,Chicago,62583.66,4790.86,2022-04-06,14,57.4,michael.lopez@company.com,(662) 955-6667,Active
EMP037970,Ashley,Miller,Ashley Miller,58,Finance,Lead,Austin,71219.3,9878.69,2023-11-13,33,79.9,ashley.miller@company.com,(275) 863-1178,Active
EMP037971,David,Martin,David Martin,51,Operations,Senior Developer,New York,66455.54,9348.17,2024-03-02,25,83.2,david.martin@company.com,(804) 630-8576,Active
EMP037972,Jane,Martinez,Jane Martinez,31,Operations,Analyst,Austin,46501.38,2580.39,2021-12-31,3,66.7,jane.martinez@company.com,(499) 708-7601,Active
EMP037973,Matthew,Martinez,Matthew Martinez,40,Legal,Analyst,New York,88139.43,3537.27,2020-10-15,16,67.9,matthew.martinez@company.com,(982) 663-2155,Active
EMP037974,James,Davis,James Davis,46,IT,Director,San Francisco,81700.39,7588.68,2021-06-17,18,82.5,james.davis@company.com,(209) 514-6163,Active
EMP037975,Ashley,Davis,Ashley Davis,58,Operations,Analyst,Miami,81027.67,8219.35,2022-11-10,30,100.0,ashley.davis@company.com,(683) 419-1810,Active
EMP037976,Stephanie,Davis,Stephanie Davis,59,Marketing,Lead,Boston,96146.86,6555.73,2021-12-02,33,67.1,stephanie.davis@company.com,(288) 585-2626,Active
EMP037977,Emily,Jones,Emily Jones,38,Engineering,Manager,Miami,106359.73,8207.85,2024-10-02,14,75.2,emily.jones@company.com,(547) 852-2308,Inactive
EMP037978,David,Miller,David Miller,65,HR,Specialist,Boston,66137.77,8509.62,2022-11-09,37,85.2,david.miller@company.com,(550) 973-7324,Active
EMP037979,Stephanie,Jackson,Stephanie Jackson,48,Sales,Senior Developer,Miami,99331.47,3253.89,2021-05-02,24,80.0,stephanie.jackson@company.com,(443) 560-4361,Active
EMP037980,Jane,Brown,Jane Brown,38,Legal,Director,Austin,78122.54,8504.25,2023-11-06,12,65.7,jane.brown@company.com,(813) 254-3907,Active
EMP037981,Robert,Jackson,Robert Jackson,25,Legal,Senior Developer,Boston,91038.96,8216.55,2023-01-18,0,90.6,robert.jackson@company.com,(978) 264-6491,Active
EMP037982,William,Brown,William Brown,57,IT,Coordinator,New York,99341.07,10355.22,2024-03-10,29,66.2,william.brown@company.com,(443) 743-5271,On Leave
EMP037983,Lisa,Jones,Lisa Jones,30,IT,Specialist,San Francisco,70067.2,2379.19,2024-11-18,7,94.5,lisa.jones@company.com,(909) 682-6200,Active
EMP037984,Christopher,Miller,Christopher Miller,25,Engineering,Senior Developer,San Francisco,39000.0,1302.92,2022-05-11,0,77.5,christopher.miller@company.com,(413) 356-5944,Active
EMP037985,Anthony,Rodriguez,Anthony Rodriguez,51,Marketing,Lead,New York,63271.02,9179.61,2023-06-22,24,98.1,anthony.rodriguez@company.com,(603) 329-2070,Active
EMP037986,Lisa,Williams,Lisa Williams,46,HR,Lead,New York,54103.75,2342.89,2020-11-14,24,91.0,lisa.williams@company.com,(259) 929-5862,Active
EMP037987,Stephanie,Wilson,Stephanie Wilson,53,Marketing,Lead,Miami,85151.14,6006.25,2021-11-08,28,80.1,stephanie.wilson@company.com,(367) 885-4758,On Leave
EMP037988,Lisa,Davis,Lisa Davis,41,Finance,Director,Boston,71928.38,7526.91,2020-04-23,15,83.1,lisa.davis@company.com,(706) 345-5179,Active
EMP037989,Ashley,Smith,Ashley Smith,31,IT,Associate,Seattle,71265.46,3611.76,2020-09-09,2,84.0,ashley.smith@company.com,(851) 378-5545,Active
EMP037990,Jane,Moore,Jane Moore,51,Engineering,Associate,Miami,62741.44,0.0,2022-06-06,28,78.5,jane.moore@company.com,(442) 223-2086,Active
EMP037991,Ashley,Jackson,Ashley Jackson,47,Sales,Associate,Chicago,71514.94,2125.18,2022-07-19,20,52.3,ashley.jackson@company.com,(912) 538-1275,Inactive
EMP037992,Stephanie,Rodriguez,Stephanie Rodriguez,28,IT,Senior Developer,Austin,75458.7,7303.35,2023-08-16,6,51.4,stephanie.rodriguez@company.com,(725) 776-6271,Active
EMP037993,Christopher,Johnson,Christopher Johnson,28,Marketing,Director,Chicago,28500.0,4053.58,2021-05-11,2,80.6,christopher.johnson@company.com,(697) 702-2548,Active
EMP037994,James,Miller,James Miller,44,Finance,Senior Developer,Chicago,111358.6,7691.19,2023-10-05,16,100.0,james.miller@company.com,(586) 469-8985,Inactive
EMP037995,Matthew,Wilson,Matthew Wilson,51,Legal,Specialist,San Francisco,90170.4,10721.54,2023-08-20,22,61.8,matthew.wilson@company.com,(291) 717-6063,Active
EMP037996,James,Thomas,James Thomas,25,HR,Director,San Francisco,40580.78,2733.37,2023-06-22,2,81.6,james.thomas@company.com,(272) 469-2587,Active
EMP037997,Daniel,Wilson,Daniel Wilson,34,Sales,Manager,Chicago,62005.34,2912.45,2022-01-16,6,80.5,daniel.wilson@company.com,(675) 883-8806,Active
EMP037998,Daniel,Garcia,Daniel Garcia,30,Engineering,Specialist,Boston,90481.35,9812.79,2023-04-22,6,86.0,daniel.garcia@company.com,(946) 254-8306,Active
EMP037999,Robert,Gonzalez,Robert Gonzalez,51,Sales,Senior Developer,Seattle,50802.83,8959.15,2021-03-23,22,95.5,robert.gonzalez@company.com,(865) 634-5008,Active
EMP038000,Michael,Thomas,Michael Thomas,59,Engineering,Director,Los Angeles,117313.19,9213.36,2023-10-09,34,92.0,michael.thomas@company.com,(464) 455-7306,On Leave
EMP038001,John,Davis,John Davis,40,IT,Director,New York,101280.7,6474.52,2021-03-06,15,100.0,john.davis@company.com,(482) 602-5540,Active
EMP038002,David,Garcia,David Garcia,65,Operations,Manager,Seattle,61162.38,5004.25,2021-01-24,38,59.3,david.garcia@company.com,(326) 361-7294,Inactive
EMP038003,William,Gonzalez,William Gonzalez,40,Marketing,Director,Chicago,79435.76,15912.45,2022-01-09,13,69.5,william.gonzalez@company.com,(307) 999-7072,Active
EMP038004,James,Moore,James Moore,22,Marketing,Senior Developer,Chicago,45510.15,4358.0,2022-08-01,0,86.3,james.moore@company.com,(690) 842-7223,Inactive
EMP038005,Anthony,Miller,Anthony Miller,37,Legal,Director,Los Angeles,54919.36,8763.82,2023-03-25,10,64.6,anthony.miller@company.com,(547) 612-9894,Active
EMP038006,Michael,Moore,Michael Moore,58,Finance,Analyst,Chicago,96749.9,5585.95,2021-04-18,32,67.3,michael.moore@company.com,(376) 813-2102,Active
EMP038007,Christopher,Anderson,Christopher Anderson,60,Sales,Associate,Seattle,104427.93,1742.52,2023-12-11,33,45.3,christopher.anderson@company.com,(407) 470-6199,Active
EMP038008,Anthony,Davis,Anthony Davis,30,Operations,Specialist,New York,50912.68,5877.96,2022-03-15,3,98.1,anthony.davis@company.com,(691) 466-6175,Active
EMP038009,Emily,Lopez,Emily Lopez,60,HR,Lead,Los Angeles,99626.87,10356.19,2020-02-07,33,84.2,emily.lopez@company.com,(927) 341-1189,Inactive
EMP038010,Robert,Williams,Robert Williams,46,HR,Coordinator,Los Angeles,59258.8,9286.6,2022-12-21,19,74.6,robert.williams@company.com,(529) 968-3358,Active
EMP038011,Stephanie,Gonzalez,Stephanie Gonzalez,28,HR,Director,Boston,47305.35,9940.88,2021-08-29,0,85.7,stephanie.gonzalez@company.com,(895) 478-2925,Active
EMP038012,Daniel,Taylor,Daniel Taylor,39,Finance,Associate,New York,78233.05,2997.32,2020-08-23,17,82.1,daniel.taylor@company.com,(527) 561-9723,Active
EMP038013,Stephanie,Martinez,Stephanie Martinez,22,IT,Director,Chicago,72796.32,11082.33,2023-04-19,0,85.4,stephanie.martinez@company.com,(404) 398-2348,Active
EMP038014,Michael,Moore,Michael Moore,45,Sales,Manager,Austin,76800.08,12652.91,2023-03-20,23,89.0,michael.moore@company.com,(453) 809-4347,Active
EMP038015,James,Wilson,James Wilson,38,Finance,Manager,Boston,108654.26,9326.77,2020-08-18,13,78.9,james.wilson@company.com,(586) 589-5670,Active
EMP038016,Anthony,Martin,Anthony Martin,49,Operations,Associate,New York,68376.19,859.65,2020-07-09,27,89.3,anthony.martin@company.com,(977) 479-2448,Inactive
EMP038017,Jane,Taylor,Jane Taylor,38,Engineering,Lead,Boston,132059.08,14925.34,2021-11-01,14,66.6,jane.taylor@company.com,(474) 275-8408,Active
EMP038018,Anthony,Gonzalez,Anthony Gonzalez,36,Legal,Manager,Boston,103754.06,5158.82,2023-12-20,13,86.9,anthony.gonzalez@company.com,(413) 680-2177,On Leave
EMP038019,Lisa,Brown,Lisa Brown,22,Sales,Lead,Seattle,53781.01,7467.49,2022-08-03,0,100.0,lisa.brown@company.com,(372) 269-2590,Active
EMP038020,James,Martinez,James Martinez,32,Engineering,Associate,Boston,40165.43,2789.04,2022-04-23,4,85.4,james.martinez@company.com,(833) 287-9503,Active
EMP038021,Ashley,Lopez,Ashley Lopez,22,Engineering,Analyst,San Francisco,74299.03,4513.41,2024-10-19,0,100.0,ashley.lopez@company.com,(764) 803-9320,Active
EMP038022,Robert,Lopez,Robert Lopez,56,Sales,Lead,Los Angeles,73660.49,1232.83,2021-05-02,31,83.4,robert.lopez@company.com,(813) 483-3906,On Leave
EMP038023,Michael,Rodriguez,Michael Rodriguez,55,HR,Analyst,Los Angeles,93008.76,15086.35,2024-05-17,32,47.7,michael.rodriguez@company.com,(732) 483-6943,Active
EMP038024,Robert,Lopez,Robert Lopez,24,Sales,Manager,Boston,57989.3,4002.12,2021-08-06,0,87.4,robert.lopez@company.com,(871) 885-5519,Active
EMP038025,William,Thomas,William Thomas,58,Engineering,Manager,Boston,111962.56,1215.74,2023-09-28,32,76.8,william.thomas@company.com,(352) 498-9634,Active
EMP038026,Matthew,Anderson,Matthew Anderson,59,Engineering,Coordinator,Los Angeles,113445.16,25507.27,2022-09-25,36,76.9,matthew.anderson@company.com,(751) 797-8739,Active
EMP038027,Jane,Lopez,Jane Lopez,56,Engineering,Specialist,New York,122798.62,5586.85,2022-11-13,29,84.9,jane.lopez@company.com,(288) 424-4946,Inactive
EMP038028,Sarah,Moore,Sarah Moore,22,Finance,Manager,Seattle,66044.19,2004.25,2024-11-13,0,83.9,sarah.moore@company.com,(779) 364-7383,Active
EMP038029,Stephanie,Martin,Stephanie Martin,57,HR,Senior Developer,Miami,69627.81,4568.18,2024-10-06,34,56.8,stephanie.martin@company.com,(351) 733-3448,Active
EMP038030,Nicole,Anderson,Nicole Anderson,44,Sales,Analyst,Austin,84196.04,2512.64,2024-04-03,15,84.4,nicole.anderson@company.com,(969) 743-3219,Active
EMP038031,Matthew,Wilson,Matthew Wilson,33,Marketing,Manager,Seattle,64080.86,5860.45,2021-01-29,8,77.1,matthew.wilson@company.com,(670) 869-2896,Active
EMP038032,Melissa,Moore,Melissa Moore,38,IT,Specialist,New York,114729.41,13662.62,2020-04-13,10,97.8,melissa.moore@company.com,(350) 638-7767,Active
EMP038033,James,Taylor,James Taylor,32,Operations,Specialist,Seattle,78188.07,5134.81,2020-12-10,5,74.6,james.taylor@company.com,(423) 276-5738,Active
EMP038034,James,Lopez,James Lopez,49,Legal,Manager,Seattle,71663.7,13712.63,2023-02-02,23,82.2,james.lopez@company.com,(466) 431-7612,Active
EMP038035,Stephanie,Wilson,Stephanie Wilson,61,Operations,Manager,Austin,81810.46,12581.69,2024-07-06,34,64.0,stephanie.wilson@company.com,(699) 283-3144,Active
EMP038036,Christopher,Smith,Christopher Smith,25,HR,Coordinator,Austin,56274.8,9504.45,2024-01-07,0,79.4,christopher.smith@company.com,(826) 920-1845,Active
EMP038037,Sarah,Hernandez,Sarah Hernandez,50,Sales,Associate,Austin,42673.62,3037.66,2022-05-28,28,55.4,sarah.hernandez@company.com,(997) 213-3812,Active
EMP038038,Stephanie,Thomas,Stephanie Thomas,31,Legal,Coordinator,San Francisco,66083.58,8357.95,2021-12-18,3,62.7,stephanie.thomas@company.com,(418) 991-2862,Active
EMP038039,William,Taylor,William Taylor,60,Legal,Manager,Miami,85938.21,4771.81,2023-07-14,35,65.2,william.taylor@company.com,(603) 692-7022,Active
EMP038040,Ashley,Johnson,Ashley Johnson,43,Sales,Director,New York,70816.21,10400.19,2024-01-08,17,72.7,ashley.johnson@company.com,(622) 963-1126,Inactive
EMP038041,Sarah,Rodriguez,Sarah Rodriguez,60,IT,Associate,San Francisco,78384.06,3792.43,2023-09-22,37,85.0,sarah.rodriguez@company.com,(280) 325-4811,Active
EMP038042,Jane,Martin,Jane Martin,31,Legal,Senior Developer,San Francisco,88411.43,1861.74,2023-08-16,8,67.9,jane.martin@company.com,(902) 769-1638,Active
EMP038043,James,Martinez,James Martinez,42,Operations,Associate,Los Angeles,96131.86,15016.26,2024-08-31,18,68.8,james.martinez@company.com,(577) 313-8606,Active
EMP038044,Stephanie,Martin,Stephanie Martin,54,Operations,Lead,Seattle,72963.07,1934.38,2024-05-28,29,72.9,stephanie.martin@company.com,(414) 507-6864,Active
EMP038045,James,Martinez,James Martinez,45,Operations,Senior Developer,Los Angeles,94325.51,8489.22,2021-09-18,20,95.5,james.martinez@company.com,(347) 401-4756,Active
EMP038046,Lisa,Rodriguez,Lisa Rodriguez,58,Finance,Senior Developer,Miami,85846.27,7508.63,2024-10-29,31,68.6,lisa.rodriguez@company.com,(496) 817-3244,Active
EMP038047,Anthony,Miller,Anthony Miller,32,Finance,Lead,Chicago,86384.57,1850.03,2022-09-19,10,50.7,anthony.miller@company.com,(797) 614-2695,Inactive
EMP038048,Nicole,Smith,Nicole Smith,32,Legal,Analyst,New York,98460.07,9912.63,2021-08-11,4,95.6,nicole.smith@company.com,(220) 635-4001,Inactive
EMP038049,Christopher,Johnson,Christopher Johnson,60,Marketing,Analyst,Los Angeles,56145.63,750.91,2023-08-22,38,77.9,christopher.johnson@company.com,(997) 772-8026,Active
EMP038050,Lisa,Garcia,Lisa Garcia,23,IT,Specialist,Austin,70612.16,5328.49,2022-12-11,1,80.5,lisa.garcia@company.com,(251) 701-5545,Active
EMP038051,Amanda,Miller,Amanda Miller,41,Marketing,Analyst,Chicago,72416.59,7325.75,2023-03-20,12,80.5,amanda.miller@company.com,(559) 364-1376,Active
EMP038052,David,Gonzalez,David Gonzalez,49,IT,Coordinator,Chicago,112328.73,13560.33,2024-10-02,27,88.0,david.gonzalez@company.com,(698) 866-9634,Inactive
EMP038053,Amanda,Jackson,Amanda Jackson,43,HR,Director,Seattle,75681.02,6831.83,2022-02-18,21,80.8,amanda.jackson@company.com,(282) 556-5870,Active
EMP038054,Matthew,Anderson,Matthew Anderson,64,IT,Lead,San Francisco,101294.45,7162.89,2022-10-11,35,58.2,matthew.anderson@company.com,(837) 488-3255,Active
EMP038055,Anthony,Miller,Anthony Miller,34,HR,Specialist,Boston,65144.85,9844.48,2024-08-22,10,93.7,anthony.miller@company.com,(293) 553-9273,Active
EMP038056,Anthony,Garcia,Anthony Garcia,24,Operations,Senior Developer,New York,45536.62,4011.78,2022-06-09,2,76.5,anthony.garcia@company.com,(517) 206-5733,Inactive
EMP038057,Emily,Jones,Emily Jones,32,Sales,Specialist,Los Angeles,55519.56,9307.55,2024-12-25,3,50.8,emily.jones@company.com,(404) 509-4786,On Leave
EMP038058,Michael,Martin,Michael Martin,60,Marketing,Analyst,Los Angeles,102167.81,4982.86,2022-11-22,31,64.5,michael.martin@company.com,(452) 838-7902,Active
EMP038059,Emily,Davis,Emily Davis,52,Operations,Coordinator,Miami,56216.86,3316.77,2023-04-29,30,91.5,emily.davis@company.com,(739) 518-3863,Active
EMP038060,Ashley,Johnson,Ashley Johnson,55,HR,Specialist,San Francisco,69197.95,5777.73,2020-11-18,29,47.9,ashley.johnson@company.com,(693) 498-4393,Active
EMP038061,Jessica,Johnson,Jessica Johnson,44,Finance,Specialist,Los Angeles,91840.19,4361.09,2021-09-09,22,65.0,jessica.johnson@company.com,(696) 240-3329,Inactive
EMP038062,Michael,Brown,Michael Brown,62,IT,Specialist,Austin,125296.74,16968.29,2020-08-23,36,61.9,michael.brown@company.com,(927) 930-1245,Active
EMP038063,Jessica,Rodriguez,Jessica Rodriguez,39,Legal,Specialist,Austin,83958.81,6267.77,2022-10-16,10,42.1,jessica.rodriguez@company.com,(613) 789-5441,Active
EMP038064,William,Martinez,William Martinez,27,IT,Analyst,Chicago,57669.46,7493.15,2021-12-28,0,68.1,william.martinez@company.com,(245) 575-4702,Active
EMP038065,Stephanie,Davis,Stephanie Davis,30,Legal,Senior Developer,San Francisco,87227.23,17619.18,2022-02-07,4,62.1,stephanie.davis@company.com,(830) 765-2257,Active
EMP038066,Michael,Davis,Michael Davis,61,Sales,Analyst,Miami,96401.82,14764.75,2023-11-02,39,63.0,michael.davis@company.com,(400) 783-2688,Inactive
EMP038067,Nicole,Jackson,Nicole Jackson,50,Operations,Senior Developer,Seattle,80879.17,13211.96,2020-11-29,28,69.9,nicole.jackson@company.com,(429) 235-6688,Active
EMP038068,Sarah,Brown,Sarah Brown,63,HR,Lead,Boston,91023.16,9835.88,2023-09-05,38,93.2,sarah.brown@company.com,(500) 472-4650,Active
EMP038069,Matthew,Garcia,Matthew Garcia,63,Finance,Specialist,Austin,155047.51,14986.2,2023-08-06,35,67.9,matthew.garcia@company.com,(474) 286-8297,Active
EMP038070,Matthew,Smith,Matthew Smith,44,Legal,Associate,Chicago,66238.63,10122.05,2020-07-23,18,75.6,matthew.smith@company.com,(718) 422-2135,Active
EMP038071,Michael,Wilson,Michael Wilson,43,IT,Director,Seattle,113621.84,12134.35,2024-11-30,16,79.7,michael.wilson@company.com,(680) 418-5024,Active
EMP038072,Sarah,Brown,Sarah Brown,25,Operations,Specialist,Miami,30728.23,3519.64,2020-07-05,0,69.6,sarah.brown@company.com,(627) 802-1638,Active
EMP038073,William,Martinez,William Martinez,26,Engineering,Director,New York,78402.52,9516.89,2023-11-26,0,91.4,william.martinez@company.com,(903) 236-8021,Active
EMP038074,Ashley,Lopez,Ashley Lopez,64,Legal,Coordinator,Los Angeles,117275.6,19806.17,2022-12-04,42,88.7,ashley.lopez@company.com,(772) 608-9259,Active
EMP038075,Sarah,Jones,Sarah Jones,63,Finance,Analyst,Miami,89163.9,14461.45,2023-10-11,41,63.6,sarah.jones@company.com,(586) 560-7430,Active
EMP038076,Matthew,Jones,Matthew Jones,57,Legal,Associate,Los Angeles,140520.84,22773.56,2020-06-12,30,76.6,matthew.jones@company.com,(730) 482-4609,Active
EMP038077,Michael,Davis,Michael Davis,29,HR,Analyst,New York,71798.25,9262.79,2023-02-13,6,79.8,michael.davis@company.com,(751) 791-4206,Active
EMP038078,Matthew,Smith,Matthew Smith,32,IT,Analyst,Los Angeles,93296.03,9334.21,2022-12-30,6,69.1,matthew.smith@company.com,(579) 330-5298,Active
EMP038079,Nicole,Garcia,Nicole Garcia,49,IT,Senior Developer,Seattle,81655.95,5995.46,2023-09-30,23,93.3,nicole.garcia@company.com,(328) 848-4334,Active
EMP038080,Lisa,Williams,Lisa Williams,37,Engineering,Specialist,New York,71758.83,6283.55,2021-08-31,9,55.9,lisa.williams@company.com,(603) 520-7054,Active
EMP038081,Melissa,Garcia,Melissa Garcia,54,Operations,Manager,Chicago,56612.82,3831.08,2024-02-04,32,70.8,melissa.garcia@company.com,(793) 458-6918,Active
EMP038082,Daniel,Johnson,Daniel Johnson,63,Engineering,Lead,New York,113457.25,12986.87,2024-01-27,38,68.4,daniel.johnson@company.com,(599) 472-1476,Active
EMP038083,Anthony,Thomas,Anthony Thomas,39,HR,Associate,Seattle,52574.63,0.0,2023-08-25,13,58.5,anthony.thomas@company.com,(924) 948-1930,Active
EMP038084,Sarah,Moore,Sarah Moore,30,Finance,Analyst,San Francisco,85429.15,18458.32,2020-11-02,2,84.3,sarah.moore@company.com,(590) 220-1986,Active
EMP038085,Matthew,Gonzalez,Matthew Gonzalez,59,Finance,Manager,Boston,91661.95,4675.6,2024-08-20,31,78.3,matthew.gonzalez@company.com,(641) 276-2669,Active
EMP038086,James,Miller,James Miller,59,HR,Analyst,New York,81664.98,5923.58,2023-03-16,31,88.4,james.miller@company.com,(561) 294-1992,Active
EMP038087,Matthew,Moore,Matthew Moore,49,HR,Director,Miami,53985.36,10117.91,2020-10-18,21,77.5,matthew.moore@company.com,(255) 842-4830,Active
EMP038088,Stephanie,Wilson,Stephanie Wilson,63,Engineering,Analyst,San Francisco,111986.66,7838.3,2024-08-04,35,100.0,stephanie.wilson@company.com,(379) 873-9360,Active
EMP038089,Anthony,Rodriguez,Anthony Rodriguez,59,Legal,Associate,Los Angeles,119255.51,23059.77,2023-09-07,37,84.8,anthony.rodriguez@company.com,(318) 322-6862,Active
EMP038090,John,Thomas,John Thomas,26,IT,Lead,Miami,80733.89,6399.31,2020-11-11,0,77.8,john.thomas@company.com,(583) 279-4571,Active
EMP038091,William,Wilson,William Wilson,63,Operations,Senior Developer,Seattle,100117.51,20143.53,2024-02-28,40,73.2,william.wilson@company.com,(404) 938-6508,Inactive
EMP038092,Jane,Lopez,Jane Lopez,31,Operations,Coordinator,San Francisco,41879.71,1896.54,2020-11-18,8,62.0,jane.lopez@company.com,(271) 388-2128,Active
EMP038093,William,Martinez,William Martinez,25,Operations,Specialist,New York,73785.99,1890.06,2020-01-22,0,99.1,william.martinez@company.com,(262) 341-6838,Active
EMP038094,Jane,Thomas,Jane Thomas,38,Legal,Senior Developer,New York,88055.99,2767.96,2023-11-18,12,76.5,jane.thomas@company.com,(268) 530-3091,Inactive
EMP038095,Anthony,Lopez,Anthony Lopez,32,Legal,Senior Developer,Austin,79984.78,7349.58,2023-08-07,3,58.7,anthony.lopez@company.com,(862) 780-7482,Active
EMP038096,David,Wilson,David Wilson,22,Legal,Specialist,Boston,79344.45,18202.01,2023-02-03,0,73.8,david.wilson@company.com,(670) 500-1561,Inactive
EMP038097,Matthew,Lopez,Matthew Lopez,55,Sales,Lead,Los Angeles,78853.17,16345.29,2023-11-01,27,64.7,matthew.lopez@company.com,(658) 939-3290,Inactive
EMP038098,Nicole,Lopez,Nicole Lopez,34,Engineering,Coordinator,Los Angeles,113273.39,5308.26,2021-03-27,8,71.6,nicole.lopez@company.com,(529) 383-5470,Active
EMP038099,Ashley,Jones,Ashley Jones,35,Sales,Associate,Boston,56781.31,3525.44,2020-02-07,13,82.5,ashley.jones@company.com,(636) 413-2330,Active
EMP038100,Matthew,Taylor,Matthew Taylor,42,Engineering,Director,Los Angeles,57022.82,4109.3,2023-04-03,14,89.9,matthew.taylor@company.com,(782) 895-3237,Active
EMP038101,Sarah,Wilson,Sarah Wilson,61,Finance,Coordinator,Chicago,95360.8,7289.04,2024-01-01,33,61.7,sarah.wilson@company.com,(962) 891-1965,Active
EMP038102,Melissa,Wilson,Melissa Wilson,24,Legal,Associate,Seattle,62632.96,4380.54,2023-04-16,0,80.7,melissa.wilson@company.com,(567) 540-3392,Active
EMP038103,Nicole,Garcia,Nicole Garcia,24,HR,Manager,New York,53078.91,0.0,2023-06-26,0,76.1,nicole.garcia@company.com,(737) 567-4979,On Leave
EMP038104,Nicole,Martinez,Nicole Martinez,26,Legal,Specialist,San Francisco,93775.13,15132.99,2020-05-11,1,51.8,nicole.martinez@company.com,(741) 232-6269,Active
EMP038105,Amanda,Davis,Amanda Davis,41,Sales,Coordinator,New York,67458.22,4925.46,2021-10-27,19,76.0,amanda.davis@company.com,(497) 930-1636,Active
EMP038106,Michael,Davis,Michael Davis,39,Engineering,Senior Developer,Miami,72428.29,8189.71,2022-12-01,12,73.7,michael.davis@company.com,(460) 581-7790,Active
EMP038107,Amanda,Rodriguez,Amanda Rodriguez,34,Legal,Lead,Boston,77268.56,8473.29,2022-09-13,11,89.9,amanda.rodriguez@company.com,(656) 782-6066,Active
EMP038108,Anthony,Miller,Anthony Miller,44,Engineering,Associate,San Francisco,117827.42,13623.26,2021-09-21,20,69.7,anthony.miller@company.com,(734) 650-6130,Active
EMP038109,William,Anderson,William Anderson,52,Finance,Lead,New York,93026.44,6272.68,2021-01-25,30,71.8,william.anderson@company.com,(348) 467-6597,Active
EMP038110,David,Martinez,David Martinez,41,HR,Director,San Francisco,72816.92,5542.65,2024-11-26,16,72.0,david.martinez@company.com,(508) 373-2111,Active
EMP038111,Daniel,Williams,Daniel Williams,61,Marketing,Director,Seattle,78405.05,13107.95,2021-03-24,36,86.4,daniel.williams@company.com,(343) 728-4469,Active
EMP038112,Nicole,Rodriguez,Nicole Rodriguez,36,Finance,Coordinator,Seattle,97370.13,9950.91,2022-01-09,8,100.0,nicole.rodriguez@company.com,(335) 599-7665,Active
EMP038113,Matthew,Martinez,Matthew Martinez,61,Sales,Analyst,Miami,91415.12,14299.71,2022-01-22,32,53.4,matthew.martinez@company.com,(234) 403-2628,Inactive
EMP038114,Lisa,Davis,Lisa Davis,41,IT,Specialist,Chicago,68198.88,15634.71,2023-10-04,17,68.1,lisa.davis@company.com,(829) 729-1829,Active
EMP038115,James,Williams,James Williams,45,Finance,Analyst,Austin,73227.71,4941.81,2022-04-24,20,68.8,james.williams@company.com,(238) 425-3329,Active
EMP038116,Jane,Williams,Jane Williams,44,Engineering,Manager,Miami,108303.94,6461.0,2022-10-07,17,68.2,jane.williams@company.com,(643) 633-4787,Active
EMP038117,Robert,Taylor,Robert Taylor,39,Finance,Specialist,New York,67451.43,11812.05,2024-02-17,16,85.7,robert.taylor@company.com,(288) 424-1464,Active
EMP038118,Matthew,Lopez,Matthew Lopez,24,Marketing,Coordinator,Seattle,73651.19,8599.05,2023-11-04,0,67.4,matthew.lopez@company.com,(262) 843-5865,Active
EMP038119,Jane,Martin,Jane Martin,26,Sales,Senior Developer,Miami,33480.95,1920.08,2022-05-31,0,40.5,jane.martin@company.com,(358) 467-4284,Inactive
EMP038120,Ashley,Anderson,Ashley Anderson,62,Finance,Analyst,Los Angeles,95593.86,5660.62,2023-07-19,40,63.4,ashley.anderson@company.com,(317) 664-8926,Inactive
EMP038121,John,Gonzalez,John Gonzalez,63,Operations,Lead,New York,96685.87,16149.14,2021-05-28,40,60.3,john.gonzalez@company.com,(696) 920-2739,Active
EMP038122,Ashley,Moore,Ashley Moore,43,Sales,Manager,Seattle,93678.62,10191.53,2020-05-27,18,75.6,ashley.moore@company.com,(255) 576-6991,On Leave
EMP038123,John,Martin,John Martin,38,Finance,Senior Developer,Chicago,101405.81,7742.56,2023-02-19,15,93.2,john.martin@company.com,(416) 360-9910,Active
EMP038124,Michael,Jones,Michael Jones,44,Legal,Manager,San Francisco,102257.37,6117.51,2020-04-11,16,44.7,michael.jones@company.com,(782) 716-8193,Active
EMP038125,Nicole,Taylor,Nicole Taylor,62,HR,Associate,Seattle,78608.11,7233.13,2023-09-30,39,93.7,nicole.taylor@company.com,(611) 957-6427,Active
EMP038126,Stephanie,Miller,Stephanie Miller,55,IT,Specialist,Miami,67513.95,4137.06,2021-08-01,31,73.7,stephanie.miller@company.com,(600) 983-1775,Active
EMP038127,Amanda,Taylor,Amanda Taylor,57,Engineering,Associate,Seattle,156714.72,15188.59,2022-06-22,33,76.0,amanda.taylor@company.com,(699) 373-5884,Active
EMP038128,Stephanie,Gonzalez,Stephanie Gonzalez,41,Engineering,Manager,Los Angeles,74892.78,2596.14,2023-11-27,17,81.8,stephanie.gonzalez@company.com,(780) 499-8372,Active
EMP038129,David,Gonzalez,David Gonzalez,26,IT,Senior Developer,Los Angeles,73076.69,5415.97,2023-08-06,1,85.7,david.gonzalez@company.com,(498) 317-7645,On Leave
EMP038130,Melissa,Lopez,Melissa Lopez,30,IT,Lead,Miami,83911.94,8120.81,2021-01-10,5,30.0,melissa.lopez@company.com,(644) 844-5954,Active
EMP038131,Daniel,Garcia,Daniel Garcia,59,IT,Specialist,New York,111614.59,4846.29,2024-06-28,37,75.4,daniel.garcia@company.com,(751) 587-9530,On Leave
EMP038132,Lisa,Wilson,Lisa Wilson,59,Operations,Analyst,Boston,78294.48,6415.62,2020-03-20,36,73.9,lisa.wilson@company.com,(714) 787-1212,Active
EMP038133,David,Rodriguez,David Rodriguez,22,IT,Senior Developer,Boston,42175.08,6396.0,2022-10-16,0,87.6,david.rodriguez@company.com,(846) 475-5308,Active
EMP038134,Lisa,Moore,Lisa Moore,52,Engineering,Senior Developer,Miami,97831.69,1872.24,2021-12-05,29,84.2,lisa.moore@company.com,(804) 405-7603,Active
EMP038135,Matthew,Smith,Matthew Smith,33,Legal,Director,Los Angeles,104247.18,11934.04,2023-06-01,9,89.7,matthew.smith@company.com,(878) 534-5470,Active
EMP038136,James,Williams,James Williams,50,HR,Lead,Boston,59993.38,8356.69,2024-06-07,25,72.9,james.williams@company.com,(705) 544-5147,Active
EMP038137,Melissa,Brown,Melissa Brown,38,Legal,Analyst,Miami,81870.67,7999.37,2021-06-07,9,65.8,melissa.brown@company.com,(282) 255-5337,Active
EMP038138,Stephanie,Hernandez,Stephanie Hernandez,63,Sales,Specialist,Chicago,62663.16,4237.5,2021-12-04,38,65.7,stephanie.hernandez@company.com,(490) 377-9642,Active
EMP038139,Stephanie,Jones,Stephanie Jones,37,Sales,Manager,Chicago,67664.13,6771.82,2023-06-01,13,44.8,stephanie.jones@company.com,(914) 258-1973,Active
EMP038140,Sarah,Smith,Sarah Smith,46,HR,Associate,Austin,66094.5,6261.48,2024-05-20,21,76.9,sarah.smith@company.com,(236) 727-1858,Active
EMP038141,Sarah,Jackson,Sarah Jackson,39,Operations,Director,Chicago,51342.32,4639.87,2023-11-13,12,60.3,sarah.jackson@company.com,(453) 402-1294,Active
EMP038142,David,Martinez,David Martinez,38,Finance,Coordinator,Chicago,60846.27,0.0,2024-06-25,14,67.4,david.martinez@company.com,(716) 898-1149,Active
EMP038143,Christopher,Williams,Christopher Williams,55,Legal,Manager,Chicago,79578.7,14693.73,2023-08-01,26,77.9,christopher.williams@company.com,(831) 462-5548,Active
EMP038144,Lisa,Martin,Lisa Martin,32,Legal,Lead,Seattle,88356.02,15065.53,2023-12-03,6,77.9,lisa.martin@company.com,(665) 615-9983,Active
EMP038145,William,Johnson,William Johnson,41,Sales,Lead,Boston,86733.87,16735.66,2024-06-29,12,98.5,william.johnson@company.com,(293) 247-1411,Active
EMP038146,Nicole,Jones,Nicole Jones,43,Sales,Manager,New York,94274.5,3008.78,2020-11-25,21,68.0,nicole.jones@company.com,(251) 923-6819,Active
EMP038147,Michael,Martinez,Michael Martinez,55,Sales,Manager,Austin,83481.26,9340.37,2023-05-27,29,57.5,michael.martinez@company.com,(771) 236-5336,Active
EMP038148,Jessica,Martinez,Jessica Martinez,36,Legal,Lead,San Francisco,124001.88,18644.52,2023-05-08,9,82.0,jessica.martinez@company.com,(930) 570-2570,Active
EMP038149,Daniel,Johnson,Daniel Johnson,34,IT,Specialist,Austin,71782.69,12871.9,2023-10-11,8,89.9,daniel.johnson@company.com,(252) 949-9461,Active
EMP038150,Anthony,Rodriguez,Anthony Rodriguez,34,Engineering,Senior Developer,San Francisco,129037.61,12186.64,2022-01-13,10,63.8,anthony.rodriguez@company.com,(326) 590-3631,Active
EMP038151,Nicole,Jackson,Nicole Jackson,43,Marketing,Analyst,Seattle,67199.6,11312.39,2022-04-15,15,52.7,nicole.jackson@company.com,(693) 427-2994,Active
EMP038152,Jane,Taylor,Jane Taylor,40,Sales,Analyst,Austin,67224.04,8767.64,2022-12-14,18,64.0,jane.taylor@company.com,(442) 676-6901,Active
EMP038153,Stephanie,Johnson,Stephanie Johnson,42,Legal,Analyst,San Francisco,93096.59,9160.99,2021-11-28,16,98.9,stephanie.johnson@company.com,(933) 729-8625,Active
EMP038154,Anthony,Miller,Anthony Miller,45,Marketing,Lead,Boston,55446.47,5263.09,2024-10-29,20,46.1,anthony.miller@company.com,(202) 857-6925,Active
EMP038155,Jessica,Davis,Jessica Davis,49,Sales,Specialist,San Francisco,74503.78,4403.0,2022-07-18,23,79.7,jessica.davis@company.com,(745) 975-6286,Active
EMP038156,Daniel,Anderson,Daniel Anderson,61,IT,Senior Developer,Boston,96158.88,13782.48,2022-02-28,39,61.7,daniel.anderson@company.com,(338) 354-3437,Active
EMP038157,Emily,Smith,Emily Smith,53,Sales,Coordinator,Boston,86810.73,13427.62,2022-06-13,25,83.5,emily.smith@company.com,(673) 391-8622,Inactive
EMP038158,Christopher,Moore,Christopher Moore,32,Sales,Analyst,Austin,59249.61,9882.16,2021-04-13,10,85.7,christopher.moore@company.com,(261) 297-1808,Active
EMP038159,Daniel,Hernandez,Daniel Hernandez,64,Engineering,Lead,Miami,95743.94,5454.72,2024-06-16,38,73.7,daniel.hernandez@company.com,(965) 571-7958,Active
EMP038160,Jane,Thomas,Jane Thomas,44,IT,Coordinator,Boston,97512.47,11471.03,2023-08-27,20,81.3,jane.thomas@company.com,(915) 303-7649,Inactive
EMP038161,Michael,Miller,Michael Miller,35,Operations,Specialist,Los Angeles,71270.39,6886.44,2022-05-13,12,92.4,michael.miller@company.com,(321) 922-1228,Active
EMP038162,Jane,Davis,Jane Davis,26,Engineering,Coordinator,Los Angeles,65420.52,5696.06,2022-11-26,0,90.9,jane.davis@company.com,(615) 842-4474,Active
EMP038163,James,Smith,James Smith,43,Legal,Coordinator,Boston,104293.02,10312.48,2020-03-12,19,71.7,james.smith@company.com,(873) 387-5135,On Leave
EMP038164,Jessica,Martin,Jessica Martin,54,Engineering,Analyst,Seattle,122176.59,13013.29,2020-05-05,28,77.8,jessica.martin@company.com,(453) 666-5538,Active
EMP038165,Ashley,Moore,Ashley Moore,57,Operations,Lead,Miami,59926.1,5462.24,2022-07-27,34,66.0,ashley.moore@company.com,(333) 838-9823,Active
EMP038166,Jane,Johnson,Jane Johnson,62,IT,Specialist,Boston,112794.75,13469.75,2023-01-19,37,63.4,jane.johnson@company.com,(464) 241-3044,Active
EMP038167,Nicole,Lopez,Nicole Lopez,65,IT,Manager,Miami,117894.98,8229.94,2024-06-01,43,83.7,nicole.lopez@company.com,(827) 914-9538,Active
EMP038168,David,Miller,David Miller,49,Engineering,Coordinator,San Francisco,100566.29,12485.62,2021-01-03,21,80.5,david.miller@company.com,(995) 301-1484,Active
EMP038169,Emily,Wilson,Emily Wilson,27,HR,Lead,New York,69580.58,5508.84,2022-01-26,2,84.5,emily.wilson@company.com,(777) 861-2419,Active
EMP038170,John,Smith,John Smith,45,Operations,Coordinator,New York,66707.9,12659.77,2024-01-20,19,73.8,john.smith@company.com,(441) 569-7403,Active
EMP038171,Stephanie,Jackson,Stephanie Jackson,63,HR,Manager,Boston,92659.01,7645.27,2021-03-27,37,95.1,stephanie.jackson@company.com,(606) 978-8873,On Leave
EMP038172,Sarah,Anderson,Sarah Anderson,37,HR,Senior Developer,Miami,49180.1,6191.49,2023-12-19,9,95.3,sarah.anderson@company.com,(448) 563-6839,Active
EMP038173,Michael,Wilson,Michael Wilson,62,Finance,Senior Developer,New York,110418.51,16337.62,2024-08-28,40,50.1,michael.wilson@company.com,(268) 889-9648,Active
EMP038174,Lisa,Smith,Lisa Smith,29,Sales,Specialist,Seattle,60372.55,3057.52,2024-06-10,1,60.5,lisa.smith@company.com,(256) 536-8964,Active
EMP038175,Stephanie,Smith,Stephanie Smith,64,Legal,Lead,Seattle,104106.74,12197.91,2023-02-10,41,83.7,stephanie.smith@company.com,(452) 416-8432,Active
EMP038176,Robert,Miller,Robert Miller,39,Engineering,Coordinator,Seattle,110668.58,11537.26,2022-05-07,11,100.0,robert.miller@company.com,(511) 747-4961,Active
EMP038177,Jessica,Smith,Jessica Smith,49,Sales,Specialist,Seattle,64975.37,14055.68,2021-02-13,24,58.3,jessica.smith@company.com,(317) 237-7127,Active
EMP038178,Jane,Lopez,Jane Lopez,40,Finance,Senior Developer,Los Angeles,66646.74,7893.33,2023-02-26,15,87.4,jane.lopez@company.com,(835) 226-8664,On Leave
EMP038179,Matthew,Smith,Matthew Smith,62,Operations,Specialist,New York,81106.02,6429.21,2021-10-24,36,67.6,matthew.smith@company.com,(440) 918-8734,Active
EMP038180,David,Jones,David Jones,55,Marketing,Coordinator,New York,90824.37,8346.71,2021-03-23,28,88.2,david.jones@company.com,(870) 287-3059,Active
EMP038181,Anthony,Taylor,Anthony Taylor,57,Marketing,Manager,Miami,81097.2,3496.05,2021-01-28,28,77.5,anthony.taylor@company.com,(207) 215-8693,Active
EMP038182,Robert,Taylor,Robert Taylor,51,Sales,Analyst,Chicago,48553.32,7436.13,2022-07-10,29,84.0,robert.taylor@company.com,(443) 395-2595,Active
EMP038183,Anthony,Smith,Anthony Smith,23,Finance,Lead,Austin,74071.45,4134.43,2022-04-04,0,90.5,anthony.smith@company.com,(304) 281-6011,Inactive
EMP038184,Amanda,Thomas,Amanda Thomas,48,IT,Manager,Boston,116661.74,15489.34,2021-12-04,21,61.6,amanda.thomas@company.com,(686) 968-8131,Active
EMP038185,Emily,Garcia,Emily Garcia,34,Engineering,Lead,Seattle,94912.63,7148.64,2020-02-20,12,70.8,emily.garcia@company.com,(303) 619-9055,Active
EMP038186,Sarah,Hernandez,Sarah Hernandez,62,Marketing,Associate,New York,80713.16,10500.93,2021-03-23,33,82.2,sarah.hernandez@company.com,(596) 454-1037,Active
EMP038187,Melissa,Gonzalez,Melissa Gonzalez,50,HR,Specialist,Los Angeles,71028.45,13813.1,2022-03-16,28,74.3,melissa.gonzalez@company.com,(679) 815-2861,Active
EMP038188,Matthew,Hernandez,Matthew Hernandez,27,Engineering,Coordinator,Boston,42111.21,6626.32,2020-07-29,0,83.3,matthew.hernandez@company.com,(844) 397-9174,Active
EMP038189,Christopher,Gonzalez,Christopher Gonzalez,30,Sales,Lead,Austin,59003.58,2012.76,2021-01-04,4,79.0,christopher.gonzalez@company.com,(772) 847-9870,Active
EMP038190,Ashley,Williams,Ashley Williams,40,HR,Coordinator,Boston,61062.95,1032.85,2023-01-25,18,55.3,ashley.williams@company.com,(486) 940-4390,Active
EMP038191,James,Lopez,James Lopez,44,Finance,Specialist,San Francisco,94301.57,3389.43,2021-01-18,20,74.9,james.lopez@company.com,(424) 595-2961,Active
EMP038192,Anthony,Martinez,Anthony Martinez,42,IT,Specialist,San Francisco,103211.67,17258.43,2020-08-14,15,72.5,anthony.martinez@company.com,(854) 828-5736,Inactive
EMP038193,John,Gonzalez,John Gonzalez,31,Engineering,Manager,Boston,85198.06,0.0,2022-11-28,4,76.2,john.gonzalez@company.com,(423) 722-9284,Active
EMP038194,Jessica,Moore,Jessica Moore,45,Operations,Associate,Boston,71045.36,9141.39,2020-07-05,17,100.0,jessica.moore@company.com,(899) 954-4228,Active
EMP038195,Daniel,Johnson,Daniel Johnson,32,Sales,Specialist,Seattle,66766.71,4695.89,2022-05-16,4,78.4,daniel.johnson@company.com,(936) 701-7224,Active
EMP038196,Robert,Anderson,Robert Anderson,52,Engineering,Coordinator,San Francisco,96431.04,7461.6,2024-12-11,28,55.1,robert.anderson@company.com,(516) 468-3413,Active
EMP038197,Emily,Moore,Emily Moore,52,Legal,Coordinator,New York,99596.94,6191.68,2020-06-01,25,89.6,emily.moore@company.com,(447) 593-2232,Active
EMP038198,Emily,Thomas,Emily Thomas,27,Sales,Associate,Miami,74773.87,4807.68,2020-06-19,1,87.3,emily.thomas@company.com,(277) 260-7037,Active
EMP038199,David,Smith,David Smith,43,Engineering,Coordinator,San Francisco,98983.9,13950.83,2021-09-27,14,90.3,david.smith@company.com,(792) 501-5361,Active
EMP038200,William,Martinez,William Martinez,27,Sales,Lead,Chicago,69693.91,5886.42,2020-09-11,3,90.0,william.martinez@company.com,(511) 702-3812,Active
EMP038201,John,Lopez,John Lopez,37,Marketing,Manager,San Francisco,69031.95,3177.78,2021-02-15,11,46.0,john.lopez@company.com,(851) 602-7185,Active
EMP038202,Emily,Smith,Emily Smith,60,Legal,Director,Miami,107691.45,21860.16,2021-07-29,33,64.3,emily.smith@company.com,(295) 748-9880,Inactive
EMP038203,Lisa,Hernandez,Lisa Hernandez,56,HR,Associate,New York,64602.59,7721.59,2020-07-16,34,78.3,lisa.hernandez@company.com,(858) 352-6515,Active
EMP038204,Amanda,Miller,Amanda Miller,37,Operations,Manager,Los Angeles,53597.43,4967.82,2024-09-14,11,72.3,amanda.miller@company.com,(839) 265-2860,Active
EMP038205,Amanda,Davis,Amanda Davis,54,Marketing,Manager,San Francisco,59864.19,2935.67,2022-02-04,25,90.6,amanda.davis@company.com,(369) 667-4496,Active
EMP038206,Amanda,Gonzalez,Amanda Gonzalez,46,Marketing,Coordinator,Chicago,70034.27,2924.3,2024-03-14,20,68.5,amanda.gonzalez@company.com,(845) 499-1557,Active
EMP038207,Jessica,Jones,Jessica Jones,48,Operations,Manager,Los Angeles,83061.03,12890.35,2022-12-31,24,69.4,jessica.jones@company.com,(787) 774-4336,Active
EMP038208,Stephanie,Jones,Stephanie Jones,57,Operations,Lead,San Francisco,68384.91,3266.37,2020-12-09,35,77.0,stephanie.jones@company.com,(518) 284-3522,Active
EMP038209,Christopher,Thomas,Christopher Thomas,43,Finance,Director,Austin,59172.37,5723.02,2023-11-30,18,87.3,christopher.thomas@company.com,(841) 216-9640,Active
EMP038210,Nicole,Moore,Nicole Moore,34,Sales,Senior Developer,Miami,57661.49,5170.51,2024-11-02,9,65.9,nicole.moore@company.com,(979) 689-4209,Active
EMP038211,Melissa,Williams,Melissa Williams,30,Marketing,Specialist,Austin,57975.12,7739.79,2020-02-22,6,76.0,melissa.williams@company.com,(443) 212-8417,Active
EMP038212,Emily,Hernandez,Emily Hernandez,41,Sales,Senior Developer,Austin,72331.35,8886.09,2024-07-29,17,75.7,emily.hernandez@company.com,(470) 393-4176,Active
EMP038213,John,Miller,John Miller,34,HR,Associate,San Francisco,47325.52,4941.95,2020-02-12,6,76.2,john.miller@company.com,(806) 272-7098,Active
EMP038214,Sarah,Davis,Sarah Davis,29,Marketing,Specialist,Chicago,43461.62,2299.4,2020-05-12,0,47.2,sarah.davis@company.com,(217) 419-5549,Inactive
EMP038215,Nicole,Thomas,Nicole Thomas,57,Engineering,Lead,Los Angeles,117053.94,0.0,2021-05-06,31,66.7,nicole.thomas@company.com,(888) 754-1731,Active
EMP038216,Matthew,Gonzalez,Matthew Gonzalez,47,IT,Analyst,Seattle,110700.71,14621.72,2020-03-04,20,70.5,matthew.gonzalez@company.com,(954) 587-8822,Inactive
EMP038217,Michael,Rodriguez,Michael Rodriguez,33,Legal,Specialist,Boston,84649.48,5023.22,2023-01-01,11,40.4,michael.rodriguez@company.com,(397) 317-9641,Active
EMP038218,Jessica,Johnson,Jessica Johnson,36,HR,Lead,Chicago,78603.09,7239.22,2023-12-15,7,70.8,jessica.johnson@company.com,(307) 492-2919,Active
EMP038219,Michael,Hernandez,Michael Hernandez,46,Marketing,Lead,Chicago,67895.12,12947.03,2022-09-27,22,74.6,michael.hernandez@company.com,(303) 534-3423,Active
EMP038220,Emily,Rodriguez,Emily Rodriguez,24,Sales,Associate,Boston,41907.99,6258.54,2023-02-26,0,72.5,emily.rodriguez@company.com,(631) 534-7710,Inactive
EMP038221,Robert,Martin,Robert Martin,36,Operations,Specialist,Los Angeles,78375.89,6291.26,2021-11-01,14,62.4,robert.martin@company.com,(722) 880-6116,Inactive
EMP038222,Amanda,Anderson,Amanda Anderson,25,Operations,Coordinator,Los Angeles,50351.8,6602.49,2023-05-08,0,89.8,amanda.anderson@company.com,(970) 741-5911,Active
EMP038223,Sarah,Moore,Sarah Moore,50,Engineering,Director,Austin,90074.1,13612.8,2020-05-10,27,85.2,sarah.moore@company.com,(965) 929-3820,Active
EMP038224,Amanda,Smith,Amanda Smith,55,Operations,Manager,Miami,78170.33,12971.2,2024-09-17,29,89.0,amanda.smith@company.com,(954) 940-9405,Active
EMP038225,Amanda,Wilson,Amanda Wilson,55,HR,Analyst,Boston,91886.0,10824.85,2022-08-19,31,90.8,amanda.wilson@company.com,(439) 340-7601,Active
EMP038226,Robert,Davis,Robert Davis,25,HR,Coordinator,Los Angeles,63911.3,2650.45,2021-10-11,3,98.4,robert.davis@company.com,(393) 827-8964,Active
EMP038227,Sarah,Jones,Sarah Jones,22,Legal,Coordinator,Miami,97616.59,10211.92,2023-09-04,0,80.7,sarah.jones@company.com,(971) 965-2339,Active
EMP038228,Melissa,Moore,Melissa Moore,48,Marketing,Manager,San Francisco,108117.65,18498.77,2023-04-25,25,62.9,melissa.moore@company.com,(614) 805-1439,Active
EMP038229,Nicole,Davis,Nicole Davis,61,Sales,Specialist,Chicago,82130.26,9571.44,2020-04-14,37,64.2,nicole.davis@company.com,(500) 972-3567,Active
EMP038230,James,Miller,James Miller,34,Legal,Director,New York,85859.92,5553.79,2024-03-29,10,60.0,james.miller@company.com,(677) 754-2024,Active
EMP038231,Stephanie,Jackson,Stephanie Jackson,25,HR,Director,Chicago,71633.26,4558.89,2022-04-28,2,66.8,stephanie.jackson@company.com,(691) 765-8794,Active
EMP038232,Amanda,Williams,Amanda Williams,53,Engineering,Associate,Chicago,121454.19,13645.01,2024-10-16,27,88.8,amanda.williams@company.com,(653) 451-9944,Active
EMP038233,Anthony,Brown,Anthony Brown,45,Sales,Analyst,New York,69324.46,8010.89,2024-06-10,23,72.5,anthony.brown@company.com,(781) 452-2142,Active
EMP038234,Matthew,Anderson,Matthew Anderson,22,HR,Analyst,Miami,71003.86,9596.93,2024-04-28,0,100.0,matthew.anderson@company.com,(864) 213-4108,Active
EMP038235,William,Thomas,William Thomas,64,HR,Specialist,Chicago,88964.97,5005.38,2024-01-18,39,84.8,william.thomas@company.com,(255) 949-3819,Active
EMP038236,James,Davis,James Davis,50,IT,Lead,Chicago,108846.28,13914.56,2024-01-01,25,92.4,james.davis@company.com,(998) 406-7796,Inactive
EMP038237,Melissa,Moore,Melissa Moore,44,Sales,Coordinator,Chicago,61023.21,7061.86,2021-10-13,15,54.2,melissa.moore@company.com,(545) 773-5623,Active
EMP038238,David,Martinez,David Martinez,60,Engineering,Manager,Seattle,95509.89,7406.14,2020-09-03,37,86.7,david.martinez@company.com,(271) 747-7350,Active
EMP038239,Matthew,Thomas,Matthew Thomas,43,Legal,Manager,New York,100666.98,7953.89,2020-03-16,16,100.0,matthew.thomas@company.com,(888) 727-9140,Active
EMP038240,Nicole,Garcia,Nicole Garcia,48,Finance,Lead,Seattle,78495.29,5218.06,2021-03-14,26,89.8,nicole.garcia@company.com,(865) 706-7264,Inactive
EMP038241,Matthew,Martin,Matthew Martin,33,Operations,Associate,Boston,55441.42,7315.49,2023-10-20,4,76.8,matthew.martin@company.com,(904) 446-7544,Active
EMP038242,Michael,Anderson,Michael Anderson,47,Legal,Manager,San Francisco,102679.43,26332.51,2021-01-18,18,85.7,michael.anderson@company.com,(257) 271-1687,Active
EMP038243,Christopher,Garcia,Christopher Garcia,33,Marketing,Coordinator,Austin,69097.51,7444.95,2021-11-18,6,77.1,christopher.garcia@company.com,(898) 831-4281,Inactive
EMP038244,James,Martinez,James Martinez,41,Engineering,Lead,Seattle,102432.16,8216.41,2023-11-28,15,56.7,james.martinez@company.com,(919) 749-4663,Active
EMP038245,Michael,Johnson,Michael Johnson,32,Operations,Associate,Chicago,55899.94,6721.45,2023-09-06,6,83.5,michael.johnson@company.com,(484) 888-6079,Active
EMP038246,Emily,Hernandez,Emily Hernandez,34,Engineering,Associate,Miami,88065.82,1109.85,2021-09-15,11,67.6,emily.hernandez@company.com,(800) 212-2188,Active
EMP038247,Christopher,Martinez,Christopher Martinez,58,Engineering,Coordinator,San Francisco,101242.11,13386.42,2024-10-05,35,74.9,christopher.martinez@company.com,(468) 217-9961,Active
EMP038248,Melissa,Johnson,Melissa Johnson,26,Sales,Director,New York,57889.38,7441.25,2021-08-30,0,72.0,melissa.johnson@company.com,(505) 874-1480,Active
EMP038249,Amanda,Lopez,Amanda Lopez,52,Sales,Analyst,Miami,72140.42,4051.47,2020-01-29,25,68.8,amanda.lopez@company.com,(859) 368-5786,On Leave
EMP038250,Anthony,Williams,Anthony Williams,60,Marketing,Lead,Chicago,61658.24,880.57,2023-07-26,31,63.5,anthony.williams@company.com,(984) 879-8447,Active
EMP038251,Stephanie,Thomas,Stephanie Thomas,35,Sales,Lead,San Francisco,65479.87,8540.14,2020-02-29,6,56.4,stephanie.thomas@company.com,(655) 754-3094,Inactive
EMP038252,Sarah,Hernandez,Sarah Hernandez,38,Operations,Senior Developer,Miami,57548.8,7174.98,2020-07-08,12,75.5,sarah.hernandez@company.com,(840) 769-1480,Active
EMP038253,Ashley,Jackson,Ashley Jackson,31,Marketing,Lead,Austin,81839.37,6805.48,2020-09-13,8,72.0,ashley.jackson@company.com,(519) 474-2236,Active
EMP038254,Melissa,Hernandez,Melissa Hernandez,61,HR,Manager,Miami,89860.45,9589.09,2021-07-18,38,74.5,melissa.hernandez@company.com,(637) 867-5113,Active
EMP038255,Ashley,Miller,Ashley Miller,52,Operations,Senior Developer,Seattle,77847.73,15989.72,2024-02-14,29,62.6,ashley.miller@company.com,(427) 619-6858,Active
EMP038256,David,Gonzalez,David Gonzalez,29,IT,Analyst,San Francisco,52624.97,6421.66,2021-04-25,4,85.5,david.gonzalez@company.com,(308) 434-9080,Active
EMP038257,Christopher,Jones,Christopher Jones,32,Operations,Specialist,San Francisco,55034.41,8084.48,2021-02-08,9,79.4,christopher.jones@company.com,(304) 225-8016,Inactive
EMP038258,Amanda,Martinez,Amanda Martinez,41,Finance,Specialist,Los Angeles,66227.5,6270.62,2020-06-11,12,77.8,amanda.martinez@company.com,(298) 754-4193,Active
EMP038259,Daniel,Brown,Daniel Brown,42,Marketing,Coordinator,Seattle,72816.7,8328.55,2024-05-11,14,70.7,daniel.brown@company.com,(545) 668-6485,Active
EMP038260,Nicole,Anderson,Nicole Anderson,55,Marketing,Manager,Los Angeles,80774.72,12080.52,2021-07-21,32,59.9,nicole.anderson@company.com,(202) 505-8990,Active
EMP038261,Nicole,Johnson,Nicole Johnson,29,Legal,Senior Developer,San Francisco,82300.42,11496.94,2024-10-21,6,63.5,nicole.johnson@company.com,(221) 523-5211,Active
EMP038262,David,Taylor,David Taylor,32,Engineering,Analyst,San Francisco,93053.32,1644.29,2023-05-21,7,80.4,david.taylor@company.com,(204) 640-4235,Active
EMP038263,James,Gonzalez,James Gonzalez,55,Operations,Manager,Seattle,77014.17,13605.21,2021-12-28,30,62.2,james.gonzalez@company.com,(847) 897-5798,Active
EMP038264,Lisa,Thomas,Lisa Thomas,27,Legal,Specialist,Los Angeles,130922.73,27251.72,2020-12-31,4,79.0,lisa.thomas@company.com,(546) 665-4633,Active
EMP038265,Matthew,Smith,Matthew Smith,37,Legal,Coordinator,New York,100053.29,9341.01,2023-02-07,13,90.5,matthew.smith@company.com,(871) 495-5896,Active
EMP038266,Daniel,Johnson,Daniel Johnson,46,Finance,Director,San Francisco,108639.1,10712.15,2023-09-09,23,100.0,daniel.johnson@company.com,(317) 656-1298,Inactive
EMP038267,Daniel,Davis,Daniel Davis,24,Legal,Lead,Boston,74547.39,5167.93,2020-09-27,0,84.9,daniel.davis@company.com,(862) 392-9662,Active
EMP038268,Jane,Lopez,Jane Lopez,36,IT,Senior Developer,Boston,86049.91,5107.55,2023-09-29,7,80.4,jane.lopez@company.com,(387) 233-7201,Active
EMP038269,Lisa,Jackson,Lisa Jackson,52,Operations,Manager,Chicago,74265.9,12798.06,2024-08-11,23,72.6,lisa.jackson@company.com,(515) 206-9074,Active
EMP038270,David,Johnson,David Johnson,61,Sales,Director,Los Angeles,69472.81,7926.59,2020-08-22,32,61.5,david.johnson@company.com,(688) 725-4126,Active
EMP038271,Lisa,Smith,Lisa Smith,42,Finance,Senior Developer,New York,113740.08,14476.96,2021-08-11,19,92.2,lisa.smith@company.com,(317) 668-7651,Active
EMP038272,Jessica,Davis,Jessica Davis,38,Marketing,Coordinator,Los Angeles,68072.29,934.25,2022-11-14,16,90.9,jessica.davis@company.com,(713) 682-8636,Active
EMP038273,Stephanie,Thomas,Stephanie Thomas,47,HR,Analyst,Chicago,70753.48,15019.63,2023-06-26,18,55.3,stephanie.thomas@company.com,(826) 511-1310,Active
EMP038274,William,Wilson,William Wilson,41,Finance,Associate,Miami,74795.23,6772.0,2024-08-28,14,83.8,william.wilson@company.com,(210) 934-7024,Active
EMP038275,Melissa,Martin,Melissa Martin,33,HR,Specialist,Miami,44052.39,669.8,2021-07-31,11,58.8,melissa.martin@company.com,(701) 832-9010,Active
EMP038276,Ashley,Wilson,Ashley Wilson,53,Legal,Coordinator,Miami,126948.66,16799.21,2024-11-21,31,100.0,ashley.wilson@company.com,(864) 754-6141,Active
EMP038277,Christopher,Moore,Christopher Moore,58,Sales,Senior Developer,Boston,99665.27,4206.62,2021-11-16,32,65.6,christopher.moore@company.com,(516) 520-3486,Active
EMP038278,Nicole,Martinez,Nicole Martinez,45,Sales,Specialist,Chicago,88205.5,12571.32,2021-05-09,21,84.1,nicole.martinez@company.com,(553) 323-5118,Active
EMP038279,Lisa,Rodriguez,Lisa Rodriguez,65,HR,Coordinator,Austin,94759.98,2902.09,2024-11-29,36,85.1,lisa.rodriguez@company.com,(625) 244-8796,Inactive
EMP038280,Stephanie,Jones,Stephanie Jones,40,IT,Senior Developer,Miami,81737.57,12757.05,2021-07-01,14,84.0,stephanie.jones@company.com,(732) 472-1381,Active
EMP038281,Robert,Jones,Robert Jones,29,Engineering,Specialist,San Francisco,91668.55,10767.14,2021-12-18,0,78.6,robert.jones@company.com,(236) 275-8279,Active
EMP038282,John,Martin,John Martin,34,Legal,Analyst,Los Angeles,78439.7,32.42,2022-07-03,8,72.5,john.martin@company.com,(291) 914-5328,Active
EMP038283,John,Miller,John Miller,37,Sales,Lead,Miami,94656.46,5013.63,2023-10-16,11,63.6,john.miller@company.com,(264) 615-8098,Active
EMP038284,William,Williams,William Williams,26,HR,Specialist,Boston,51999.9,6560.06,2023-08-10,0,100.0,william.williams@company.com,(790) 918-6553,Active
EMP038285,Christopher,Hernandez,Christopher Hernandez,28,Marketing,Director,Chicago,58511.61,5700.55,2022-03-06,3,100.0,christopher.hernandez@company.com,(943) 694-6479,Active
EMP038286,Amanda,Anderson,Amanda Anderson,61,Operations,Lead,Los Angeles,70987.57,10596.67,2021-06-17,35,61.1,amanda.anderson@company.com,(236) 681-4668,Inactive
EMP038287,Jane,Wilson,Jane Wilson,34,Marketing,Lead,New York,60035.39,4223.31,2020-02-23,10,77.2,jane.wilson@company.com,(481) 341-6075,Active
EMP038288,Melissa,Taylor,Melissa Taylor,24,IT,Coordinator,Los Angeles,55176.21,4992.32,2023-03-16,0,87.1,melissa.taylor@company.com,(432) 332-9090,Active
EMP038289,James,Jackson,James Jackson,25,Sales,Analyst,San Francisco,65300.95,7176.96,2022-08-22,3,88.1,james.jackson@company.com,(474) 865-7081,Active
EMP038290,Melissa,Hernandez,Melissa Hernandez,62,Marketing,Analyst,Boston,85314.89,6002.52,2020-10-23,36,83.9,melissa.hernandez@company.com,(890) 754-2753,Active
EMP038291,Nicole,Gonzalez,Nicole Gonzalez,62,IT,Specialist,Chicago,86181.2,6911.44,2023-10-27,37,100.0,nicole.gonzalez@company.com,(943) 260-2804,Active
EMP038292,Anthony,Brown,Anthony Brown,47,Sales,Analyst,Los Angeles,85002.6,3250.83,2021-02-04,25,72.8,anthony.brown@company.com,(452) 310-6798,Inactive
EMP038293,David,Davis,David Davis,36,Marketing,Associate,San Francisco,50772.75,3331.06,2020-10-13,8,84.7,david.davis@company.com,(988) 896-8281,Active
EMP038294,William,Jones,William Jones,43,IT,Specialist,New York,81216.34,11568.17,2024-10-01,14,79.3,william.jones@company.com,(677) 731-2034,Active
EMP038295,Jessica,Smith,Jessica Smith,23,Legal,Specialist,New York,52985.56,4363.74,2020-10-08,0,55.0,jessica.smith@company.com,(982) 748-7352,Active
EMP038296,Anthony,Williams,Anthony Williams,31,Engineering,Coordinator,New York,64270.63,2085.86,2021-07-03,6,63.9,anthony.williams@company.com,(388) 698-1257,Active
EMP038297,Anthony,Gonzalez,Anthony Gonzalez,28,IT,Specialist,Los Angeles,79139.83,10179.55,2022-08-10,0,100.0,anthony.gonzalez@company.com,(685) 625-9154,Active
EMP038298,Christopher,Anderson,Christopher Anderson,45,IT,Senior Developer,New York,99410.33,13111.62,2023-04-29,16,77.0,christopher.anderson@company.com,(803) 608-5038,Active
EMP038299,John,Lopez,John Lopez,42,HR,Senior Developer,Miami,53366.36,6430.76,2023-10-16,20,68.1,john.lopez@company.com,(787) 333-4279,Active
EMP038300,John,Jones,John Jones,40,HR,Director,Austin,74973.34,8137.63,2022-01-06,18,87.7,john.jones@company.com,(619) 591-3168,Active
EMP038301,William,Gonzalez,William Gonzalez,48,Operations,Director,Miami,56416.18,5329.78,2021-12-13,26,61.5,william.gonzalez@company.com,(420) 774-2465,Active
EMP038302,John,Hernandez,John Hernandez,41,Operations,Senior Developer,Los Angeles,79855.11,11946.33,2022-02-12,18,66.4,john.hernandez@company.com,(494) 326-1720,Active
EMP038303,Robert,Lopez,Robert Lopez,37,Marketing,Director,New York,63632.01,6154.57,2021-07-15,13,83.6,robert.lopez@company.com,(584) 963-8754,Active
EMP038304,Lisa,Williams,Lisa Williams,47,Engineering,Coordinator,San Francisco,110294.49,11869.95,2024-06-22,21,46.0,lisa.williams@company.com,(732) 458-3274,Active
EMP038305,Anthony,Jackson,Anthony Jackson,56,Marketing,Specialist,Los Angeles,69743.76,16252.39,2024-04-04,32,55.5,anthony.jackson@company.com,(383) 469-7355,Active
EMP038306,Amanda,Jackson,Amanda Jackson,53,HR,Analyst,Boston,73396.1,3355.56,2023-02-05,29,77.8,amanda.jackson@company.com,(409) 296-7603,Inactive
EMP038307,James,Thomas,James Thomas,27,HR,Specialist,San Francisco,30648.24,1281.95,2021-11-04,5,37.4,james.thomas@company.com,(787) 719-2009,Active
EMP038308,Nicole,Thomas,Nicole Thomas,41,Marketing,Coordinator,Chicago,51253.36,7521.17,2022-07-29,14,81.1,nicole.thomas@company.com,(402) 418-3835,Active
EMP038309,William,Gonzalez,William Gonzalez,58,Legal,Specialist,Miami,126433.07,5847.62,2021-08-29,36,49.9,william.gonzalez@company.com,(234) 453-5144,Active
EMP038310,Stephanie,Lopez,Stephanie Lopez,33,Finance,Director,Austin,82928.15,9675.76,2020-06-19,4,71.7,stephanie.lopez@company.com,(678) 970-2898,Active
EMP038311,Daniel,Martin,Daniel Martin,55,Legal,Manager,Seattle,93679.11,8606.32,2023-03-27,28,78.3,daniel.martin@company.com,(328) 388-5162,Active
EMP038312,Sarah,Garcia,Sarah Garcia,23,Legal,Senior Developer,Miami,68854.7,345.91,2021-02-16,0,87.4,sarah.garcia@company.com,(537) 578-3604,Active
EMP038313,Lisa,Jones,Lisa Jones,56,IT,Manager,Austin,102280.57,14872.75,2024-04-14,31,50.7,lisa.jones@company.com,(775) 201-1369,Active
EMP038314,Matthew,Jones,Matthew Jones,22,Engineering,Analyst,Seattle,87091.78,13457.09,2023-10-17,0,89.8,matthew.jones@company.com,(382) 744-4711,Active
EMP038315,William,Moore,William Moore,62,Finance,Associate,Miami,96151.75,12225.98,2022-11-23,34,40.0,william.moore@company.com,(681) 538-3393,Active
EMP038316,Jane,Martinez,Jane Martinez,60,HR,Specialist,New York,75599.53,10425.56,2021-04-17,37,82.9,jane.martinez@company.com,(752) 825-4531,Active
EMP038317,Robert,Lopez,Robert Lopez,23,Engineering,Analyst,New York,48405.63,5014.72,2021-01-10,0,68.8,robert.lopez@company.com,(793) 737-5793,Active
EMP038318,Melissa,Gonzalez,Melissa Gonzalez,55,Engineering,Senior Developer,Los Angeles,132136.17,10689.63,2021-09-05,27,60.1,melissa.gonzalez@company.com,(657) 536-7121,Active
EMP038319,Michael,Jackson,Michael Jackson,23,Finance,Specialist,Miami,48459.44,6199.26,2021-06-23,1,87.4,michael.jackson@company.com,(848) 540-9389,On Leave
EMP038320,Christopher,Moore,Christopher Moore,44,Marketing,Specialist,New York,85276.55,7955.64,2023-01-20,21,71.1,christopher.moore@company.com,(483) 270-8676,Active
EMP038321,Anthony,Taylor,Anthony Taylor,30,HR,Lead,Miami,34420.79,2093.22,2020-08-21,2,69.6,anthony.taylor@company.com,(658) 408-4770,Active
EMP038322,Amanda,Taylor,Amanda Taylor,50,Marketing,Manager,Miami,63823.77,5785.2,2022-12-20,21,72.9,amanda.taylor@company.com,(780) 845-7882,Inactive
EMP038323,Robert,Davis,Robert Davis,36,Finance,Manager,San Francisco,44399.74,5754.73,2020-08-29,10,64.0,robert.davis@company.com,(387) 640-8628,Active
EMP038324,Jane,Jackson,Jane Jackson,29,Marketing,Analyst,Los Angeles,55834.36,4682.93,2024-07-11,5,78.9,jane.jackson@company.com,(758) 773-3692,Active
EMP038325,Daniel,Miller,Daniel Miller,59,Legal,Director,Miami,114672.08,19629.08,2023-01-18,35,41.9,daniel.miller@company.com,(248) 843-6492,Active
EMP038326,Lisa,Martinez,Lisa Martinez,27,Sales,Coordinator,Seattle,37475.72,4982.47,2024-05-21,0,76.0,lisa.martinez@company.com,(708) 368-6753,Active
EMP038327,Christopher,Wilson,Christopher Wilson,38,IT,Associate,San Francisco,120299.12,12413.25,2022-04-05,14,85.0,christopher.wilson@company.com,(988) 503-4526,Active
EMP038328,Ashley,Lopez,Ashley Lopez,38,Engineering,Senior Developer,San Francisco,102708.29,6477.76,2022-02-15,12,100.0,ashley.lopez@company.com,(283) 412-8829,Active
EMP038329,Amanda,Rodriguez,Amanda Rodriguez,57,Engineering,Lead,New York,93559.62,6749.98,2021-11-06,33,41.3,amanda.rodriguez@company.com,(471) 225-2104,Active
EMP038330,Ashley,Jackson,Ashley Jackson,26,IT,Coordinator,Seattle,70401.89,7528.49,2020-08-07,3,99.1,ashley.jackson@company.com,(923) 945-4941,Active
EMP038331,Nicole,Garcia,Nicole Garcia,29,Finance,Coordinator,Boston,74919.71,9699.7,2021-04-14,1,73.8,nicole.garcia@company.com,(366) 534-9402,Active
EMP038332,Nicole,Gonzalez,Nicole Gonzalez,23,Engineering,Senior Developer,Seattle,59012.19,4344.62,2023-06-15,0,91.6,nicole.gonzalez@company.com,(818) 847-5878,Active
EMP038333,William,Garcia,William Garcia,48,HR,Associate,San Francisco,46006.07,7211.2,2021-10-30,20,90.1,william.garcia@company.com,(211) 309-2383,Active
EMP038334,James,Johnson,James Johnson,24,IT,Senior Developer,New York,60941.77,4359.3,2023-07-24,2,72.8,james.johnson@company.com,(641) 915-5457,Active
EMP038335,John,Hernandez,John Hernandez,56,Sales,Director,Seattle,89544.89,3373.04,2023-10-13,28,85.9,john.hernandez@company.com,(572) 509-4408,Active
EMP038336,Emily,Jones,Emily Jones,38,Operations,Associate,New York,48163.46,3129.99,2020-04-17,16,96.3,emily.jones@company.com,(282) 305-2900,Active
EMP038337,Robert,Taylor,Robert Taylor,32,IT,Director,Miami,98555.06,12273.56,2023-05-31,5,82.0,robert.taylor@company.com,(354) 505-6984,Active
EMP038338,William,Gonzalez,William Gonzalez,29,Operations,Manager,Los Angeles,59371.5,9120.18,2020-11-18,3,58.7,william.gonzalez@company.com,(348) 688-2379,Active
EMP038339,Amanda,Taylor,Amanda Taylor,46,Sales,Director,Los Angeles,74415.35,12311.29,2021-02-10,17,54.0,amanda.taylor@company.com,(288) 350-7714,Active
EMP038340,Daniel,Taylor,Daniel Taylor,58,Engineering,Director,Austin,135038.43,2603.13,2021-07-11,33,88.1,daniel.taylor@company.com,(939) 820-9722,Active
EMP038341,Jane,Garcia,Jane Garcia,40,IT,Director,New York,76055.88,2943.21,2020-11-21,11,86.0,jane.garcia@company.com,(638) 461-2824,Active
EMP038342,Lisa,Davis,Lisa Davis,59,Engineering,Coordinator,Miami,110235.68,18001.8,2024-12-04,30,84.8,lisa.davis@company.com,(379) 898-1185,On Leave
EMP038343,William,Taylor,William Taylor,56,Legal,Senior Developer,Miami,102128.01,9155.23,2024-05-24,29,93.1,william.taylor@company.com,(642) 953-2020,Active
EMP038344,Robert,Smith,Robert Smith,52,IT,Specialist,Austin,105863.07,5631.32,2022-07-05,27,98.4,robert.smith@company.com,(849) 209-7015,Active
EMP038345,John,Brown,John Brown,48,Legal,Director,San Francisco,107353.04,4970.51,2023-02-17,26,83.9,john.brown@company.com,(680) 984-2935,Active
EMP038346,Stephanie,Wilson,Stephanie Wilson,51,Sales,Lead,Chicago,60411.72,2068.76,2023-10-09,23,68.7,stephanie.wilson@company.com,(572) 619-2148,Active
EMP038347,Jane,Smith,Jane Smith,39,Operations,Lead,New York,56632.51,6650.26,2023-12-12,13,84.5,jane.smith@company.com,(570) 983-9026,Active
EMP038348,Amanda,Williams,Amanda Williams,53,Operations,Analyst,Boston,80159.04,10824.23,2024-10-28,31,77.2,amanda.williams@company.com,(391) 959-6823,Active
EMP038349,Nicole,Anderson,Nicole Anderson,36,Engineering,Director,Boston,106943.09,2477.23,2020-07-13,7,68.1,nicole.anderson@company.com,(710) 411-3716,Active
EMP038350,Matthew,Johnson,Matthew Johnson,44,Finance,Specialist,Miami,58089.72,4908.7,2023-07-02,16,58.5,matthew.johnson@company.com,(200) 947-6018,Active
EMP038351,Amanda,Thomas,Amanda Thomas,30,Finance,Analyst,New York,64009.71,6948.83,2024-10-23,3,78.1,amanda.thomas@company.com,(472) 916-7297,Active
EMP038352,Michael,Jackson,Michael Jackson,62,Legal,Manager,Austin,125268.84,13964.83,2020-11-11,35,65.6,michael.jackson@company.com,(206) 964-7778,Active
EMP038353,Daniel,Gonzalez,Daniel Gonzalez,43,Finance,Director,Seattle,79916.6,11662.43,2023-11-16,14,43.2,daniel.gonzalez@company.com,(484) 863-7887,Active
EMP038354,Nicole,Martinez,Nicole Martinez,45,Operations,Specialist,Boston,69835.7,11892.1,2023-04-19,22,100.0,nicole.martinez@company.com,(235) 562-9160,On Leave
EMP038355,David,Davis,David Davis,49,Finance,Specialist,New York,55026.91,6036.87,2020-10-10,21,82.0,david.davis@company.com,(556) 441-4908,Active
EMP038356,John,Lopez,John Lopez,25,HR,Analyst,Los Angeles,60293.81,2012.71,2023-06-05,3,87.1,john.lopez@company.com,(302) 719-2021,Active
EMP038357,David,Jackson,David Jackson,26,Marketing,Coordinator,Los Angeles,51847.4,347.53,2022-10-13,0,66.4,david.jackson@company.com,(677) 719-6996,Active
EMP038358,Stephanie,Brown,Stephanie Brown,27,Finance,Manager,New York,88517.57,17876.49,2024-02-21,1,34.4,stephanie.brown@company.com,(650) 490-5091,Active
EMP038359,Sarah,Hernandez,Sarah Hernandez,64,Engineering,Senior Developer,Boston,145280.05,15618.66,2023-08-18,39,88.4,sarah.hernandez@company.com,(755) 752-5706,Active
EMP038360,Daniel,Jones,Daniel Jones,59,Marketing,Director,Austin,104449.82,15768.77,2022-07-22,37,76.2,daniel.jones@company.com,(649) 729-5766,Active
EMP038361,Michael,Thomas,Michael Thomas,54,Marketing,Coordinator,Los Angeles,72117.16,6481.47,2020-01-17,26,100.0,michael.thomas@company.com,(374) 876-5982,Inactive
EMP038362,James,Moore,James Moore,27,Marketing,Associate,Chicago,70269.41,5335.33,2022-06-09,4,71.5,james.moore@company.com,(886) 923-5655,Active
EMP038363,James,Smith,James Smith,27,Finance,Lead,New York,75800.89,8195.3,2021-01-15,4,61.6,james.smith@company.com,(905) 680-1792,On Leave
EMP038364,Stephanie,Miller,Stephanie Miller,31,HR,Associate,Los Angeles,47598.69,7008.82,2023-02-14,6,63.1,stephanie.miller@company.com,(460) 801-6340,Active
EMP038365,Christopher,Smith,Christopher Smith,32,Engineering,Manager,Boston,65089.4,0.0,2021-02-13,10,73.8,christopher.smith@company.com,(889) 563-1887,Active
EMP038366,James,Gonzalez,James Gonzalez,51,Engineering,Associate,New York,109353.98,8933.27,2020-08-18,24,67.4,james.gonzalez@company.com,(454) 856-6480,Active
EMP038367,Stephanie,Lopez,Stephanie Lopez,42,IT,Lead,Seattle,81174.93,10761.9,2022-06-18,16,82.7,stephanie.lopez@company.com,(897) 652-2398,Active
EMP038368,John,Hernandez,John Hernandez,43,Operations,Manager,Los Angeles,64042.09,2153.74,2020-01-24,17,71.0,john.hernandez@company.com,(333) 712-2552,Inactive
EMP038369,Ashley,Davis,Ashley Davis,54,Legal,Coordinator,Los Angeles,94348.64,10176.99,2020-07-04,26,72.1,ashley.davis@company.com,(664) 210-4270,Active
EMP038370,David,Smith,David Smith,48,HR,Associate,Seattle,87048.09,2951.45,2023-06-07,23,78.5,david.smith@company.com,(280) 584-7678,Active
EMP038371,William,Jones,William Jones,51,Legal,Senior Developer,Austin,92608.44,3910.83,2023-10-11,27,57.0,william.jones@company.com,(652) 453-3451,Active
EMP038372,Jane,Martin,Jane Martin,36,IT,Director,Seattle,103781.29,7217.82,2022-01-27,14,69.7,jane.martin@company.com,(865) 834-4884,Active
EMP038373,Anthony,Johnson,Anthony Johnson,45,Operations,Specialist,Miami,71233.03,2441.96,2021-06-24,18,76.1,anthony.johnson@company.com,(320) 702-9915,Active
EMP038374,Jessica,Gonzalez,Jessica Gonzalez,26,Legal,Coordinator,New York,78149.78,1797.23,2024-04-10,0,63.1,jessica.gonzalez@company.com,(299) 298-9227,Active
EMP038375,David,Garcia,David Garcia,52,Operations,Coordinator,New York,51132.18,3878.02,2022-07-25,23,100.0,david.garcia@company.com,(856) 279-1283,Active
EMP038376,Jessica,Martinez,Jessica Martinez,59,HR,Specialist,New York,75044.09,2735.45,2022-10-12,34,82.6,jessica.martinez@company.com,(884) 747-9507,Active
EMP038377,Emily,Wilson,Emily Wilson,24,HR,Analyst,Boston,28731.85,4060.64,2022-07-05,0,66.8,emily.wilson@company.com,(435) 984-8264,Active
EMP038378,Amanda,Brown,Amanda Brown,65,Engineering,Analyst,Miami,124059.91,20046.15,2022-06-23,40,98.5,amanda.brown@company.com,(534) 960-2991,Inactive
EMP038379,Sarah,Miller,Sarah Miller,49,Finance,Lead,Miami,75559.4,9980.26,2020-12-02,26,50.6,sarah.miller@company.com,(515) 822-2502,Active
EMP038380,James,Davis,James Davis,62,Sales,Senior Developer,Boston,70822.51,12499.56,2024-08-31,36,63.3,james.davis@company.com,(845) 997-7689,Active
EMP038381,David,Gonzalez,David Gonzalez,36,Marketing,Lead,Miami,64598.39,1837.47,2022-03-17,7,80.5,david.gonzalez@company.com,(894) 665-5869,Active
EMP038382,Daniel,Garcia,Daniel Garcia,54,IT,Coordinator,Miami,133410.52,23819.68,2024-09-13,28,86.1,daniel.garcia@company.com,(392) 916-9848,Inactive
EMP038383,William,Taylor,William Taylor,45,Finance,Manager,San Francisco,73017.97,8617.09,2020-07-04,22,93.4,william.taylor@company.com,(712) 556-4643,Active
EMP038384,William,Williams,William Williams,49,Finance,Director,Austin,84958.14,10351.86,2023-03-23,20,82.6,william.williams@company.com,(946) 339-1142,Active
EMP038385,John,Wilson,John Wilson,29,Finance,Associate,New York,58302.17,5437.29,2022-08-04,4,91.8,john.wilson@company.com,(486) 724-8240,Active
EMP038386,Stephanie,Wilson,Stephanie Wilson,28,Legal,Director,San Francisco,63102.68,5542.61,2022-08-23,5,78.6,stephanie.wilson@company.com,(590) 815-9160,Active
EMP038387,Melissa,Davis,Melissa Davis,30,Engineering,Analyst,Los Angeles,88011.13,13744.07,2024-05-17,2,67.8,melissa.davis@company.com,(704) 277-5167,Active
EMP038388,Jessica,Miller,Jessica Miller,62,Marketing,Analyst,Austin,95754.02,11692.33,2021-04-05,40,87.0,jessica.miller@company.com,(918) 804-2143,Active
EMP038389,Anthony,Davis,Anthony Davis,59,Sales,Senior Developer,Boston,103162.53,5511.15,2022-06-08,33,46.8,anthony.davis@company.com,(878) 820-3905,Active
EMP038390,Michael,Davis,Michael Davis,61,Legal,Coordinator,San Francisco,97432.74,156.07,2023-01-13,35,100.0,michael.davis@company.com,(422) 745-5243,Active
EMP038391,Lisa,Taylor,Lisa Taylor,26,Engineering,Senior Developer,Los Angeles,63722.39,9499.03,2021-06-04,0,78.9,lisa.taylor@company.com,(871) 348-1345,Inactive
EMP038392,James,Wilson,James Wilson,40,Engineering,Senior Developer,Boston,94193.72,3770.2,2023-07-24,18,53.1,james.wilson@company.com,(859) 843-2913,Inactive
EMP038393,Lisa,Rodriguez,Lisa Rodriguez,31,HR,Coordinator,Los Angeles,63651.81,6240.96,2021-01-12,6,75.7,lisa.rodriguez@company.com,(628) 595-2576,Active
EMP038394,Daniel,Thomas,Daniel Thomas,59,Finance,Senior Developer,Boston,94575.54,6143.86,2023-10-27,35,90.1,daniel.thomas@company.com,(587) 884-6441,Active
EMP038395,Matthew,Miller,Matthew Miller,30,Finance,Associate,Austin,62682.99,8486.67,2020-12-25,2,50.9,matthew.miller@company.com,(517) 779-8928,Active
EMP038396,Christopher,Thomas,Christopher Thomas,57,Engineering,Manager,Los Angeles,119226.39,13896.15,2020-07-31,33,88.4,christopher.thomas@company.com,(685) 681-3138,Active
EMP038397,Jane,Williams,Jane Williams,53,IT,Specialist,Chicago,88747.79,9336.49,2021-06-21,30,100.0,jane.williams@company.com,(334) 238-1142,Active
EMP038398,William,Jones,William Jones,53,Legal,Associate,New York,104950.99,6181.72,2020-06-03,28,65.7,william.jones@company.com,(731) 316-2270,Active
EMP038399,Jessica,Johnson,Jessica Johnson,31,HR,Director,Chicago,67906.45,13854.37,2021-03-18,4,91.8,jessica.johnson@company.com,(823) 309-5030,Active
EMP038400,Christopher,Garcia,Christopher Garcia,48,Operations,Lead,Austin,82108.33,8769.42,2020-04-06,20,53.7,christopher.garcia@company.com,(372) 978-3857,Active
EMP038401,Emily,Wilson,Emily Wilson,35,Operations,Lead,Austin,51482.86,5477.59,2022-02-27,11,99.5,emily.wilson@company.com,(891) 720-7116,Active
EMP038402,John,Jones,John Jones,40,Operations,Director,New York,36363.74,3459.71,2020-08-03,17,87.2,john.jones@company.com,(915) 292-9992,Active
EMP038403,Jane,Martin,Jane Martin,64,Finance,Manager,Austin,99324.77,9326.27,2023-11-13,40,68.2,jane.martin@company.com,(583) 652-7109,Active
EMP038404,Anthony,Hernandez,Anthony Hernandez,51,Operations,Specialist,Miami,42542.73,1955.5,2023-12-30,27,92.1,anthony.hernandez@company.com,(483) 588-7258,Active
EMP038405,Ashley,Jackson,Ashley Jackson,50,HR,Specialist,Miami,72742.15,5619.0,2023-04-13,27,53.6,ashley.jackson@company.com,(417) 696-8937,Active
EMP038406,Sarah,Williams,Sarah Williams,63,Sales,Specialist,Miami,95171.5,7275.81,2020-07-07,37,78.9,sarah.williams@company.com,(961) 532-8142,Active
EMP038407,Matthew,Miller,Matthew Miller,55,Sales,Associate,San Francisco,64031.85,3239.98,2020-08-23,26,70.5,matthew.miller@company.com,(698) 632-2299,On Leave
EMP038408,Sarah,Thomas,Sarah Thomas,42,Sales,Lead,Seattle,68535.89,4983.08,2022-08-24,14,81.3,sarah.thomas@company.com,(609) 620-5684,Active
EMP038409,Melissa,Williams,Melissa Williams,28,Operations,Analyst,Boston,26290.24,135.92,2021-05-12,5,72.3,melissa.williams@company.com,(782) 968-9426,Active
EMP038410,Lisa,Smith,Lisa Smith,56,HR,Analyst,Los Angeles,75797.25,5069.55,2024-04-06,27,98.4,lisa.smith@company.com,(671) 466-5277,Active
EMP038411,Anthony,Miller,Anthony Miller,52,IT,Coordinator,Boston,64279.87,7458.68,2020-04-06,23,69.2,anthony.miller@company.com,(762) 449-7735,On Leave
EMP038412,Amanda,Martinez,Amanda Martinez,22,Engineering,Specialist,Seattle,55464.62,6259.09,2020-03-27,0,65.5,amanda.martinez@company.com,(244) 686-2043,Active
EMP038413,Jessica,Lopez,Jessica Lopez,38,Engineering,Associate,San Francisco,77341.7,10935.21,2023-12-05,12,61.3,jessica.lopez@company.com,(699) 586-2986,Active
EMP038414,David,Moore,David Moore,65,Sales,Specialist,New York,77600.37,8771.85,2022-03-28,43,50.9,david.moore@company.com,(548) 844-2954,Active
EMP038415,Matthew,Rodriguez,Matthew Rodriguez,57,IT,Coordinator,Seattle,92311.45,4284.41,2022-10-23,31,64.7,matthew.rodriguez@company.com,(684) 749-6650,Active
EMP038416,Ashley,Smith,Ashley Smith,61,IT,Specialist,Miami,64421.94,3671.73,2024-07-06,35,81.2,ashley.smith@company.com,(471) 223-9673,Active
EMP038417,Amanda,Smith,Amanda Smith,60,IT,Analyst,Boston,110650.02,4999.46,2023-02-22,36,87.0,amanda.smith@company.com,(978) 690-9538,Active
EMP038418,Matthew,Jones,Matthew Jones,25,HR,Lead,Miami,43862.3,2110.53,2023-06-26,1,67.1,matthew.jones@company.com,(575) 887-4091,Active
EMP038419,Emily,Smith,Emily Smith,49,Finance,Senior Developer,San Francisco,73510.02,7887.02,2022-02-22,24,84.1,emily.smith@company.com,(584) 714-7307,Inactive
EMP038420,John,Brown,John Brown,53,Engineering,Associate,Los Angeles,68351.0,8529.03,2023-07-13,28,69.1,john.brown@company.com,(481) 399-3350,Active
EMP038421,Lisa,Garcia,Lisa Garcia,55,Marketing,Analyst,San Francisco,67512.16,9388.69,2024-09-05,27,55.2,lisa.garcia@company.com,(527) 839-5621,Active
EMP038422,Matthew,Garcia,Matthew Garcia,62,Marketing,Specialist,Chicago,87553.07,9041.18,2022-06-02,39,79.4,matthew.garcia@company.com,(316) 514-4242,Active
EMP038423,John,Brown,John Brown,29,Legal,Director,San Francisco,68210.63,4607.66,2022-07-04,3,65.9,john.brown@company.com,(541) 241-6976,Active
EMP038424,Stephanie,Hernandez,Stephanie Hernandez,32,HR,Manager,New York,55151.14,10762.01,2022-02-17,3,80.4,stephanie.hernandez@company.com,(234) 806-6743,Active
EMP038425,Stephanie,Williams,Stephanie Williams,31,Finance,Director,New York,78515.48,9147.83,2020-11-11,5,78.9,stephanie.williams@company.com,(917) 311-3502,Active
EMP038426,Daniel,Williams,Daniel Williams,32,Sales,Senior Developer,Los Angeles,77252.91,6746.8,2024-10-18,4,50.7,daniel.williams@company.com,(445) 714-4349,Active
EMP038427,William,Anderson,William Anderson,25,Sales,Senior Developer,Chicago,101103.11,5372.21,2024-06-17,3,76.4,william.anderson@company.com,(948) 827-1013,Active
EMP038428,Robert,Martinez,Robert Martinez,57,Finance,Associate,New York,83336.29,6955.02,2022-07-18,35,79.6,robert.martinez@company.com,(228) 920-2775,Active
EMP038429,Michael,Gonzalez,Michael Gonzalez,62,Engineering,Lead,New York,113437.96,8222.0,2021-08-31,39,71.6,michael.gonzalez@company.com,(443) 220-6611,Inactive
EMP038430,Christopher,Wilson,Christopher Wilson,45,Operations,Coordinator,Boston,50965.41,12915.07,2022-06-22,17,72.0,christopher.wilson@company.com,(523) 372-1490,Active
EMP038431,Amanda,Jones,Amanda Jones,35,Marketing,Analyst,Boston,79079.21,12920.43,2020-08-28,6,65.2,amanda.jones@company.com,(444) 302-6245,Active
EMP038432,William,Jones,William Jones,34,Legal,Analyst,New York,70238.38,5658.04,2021-08-24,10,58.0,william.jones@company.com,(807) 386-7182,Active
EMP038433,James,Johnson,James Johnson,29,IT,Specialist,Boston,67017.55,11520.47,2024-07-02,3,84.7,james.johnson@company.com,(840) 250-9590,Active
EMP038434,Jane,Thomas,Jane Thomas,28,HR,Coordinator,Seattle,49752.73,4037.52,2020-07-24,2,81.7,jane.thomas@company.com,(469) 310-1708,On Leave
EMP038435,David,Jackson,David Jackson,65,IT,Senior Developer,Los Angeles,113500.25,11167.6,2020-08-31,43,61.3,david.jackson@company.com,(298) 731-5299,Active
EMP038436,Melissa,Lopez,Melissa Lopez,46,HR,Lead,Los Angeles,68819.47,3079.93,2020-03-19,22,100.0,melissa.lopez@company.com,(678) 589-8314,Active
EMP038437,William,Jackson,William Jackson,25,Engineering,Director,Seattle,58281.28,9801.41,2022-07-31,2,79.8,william.jackson@company.com,(402) 472-3493,Active
EMP038438,David,Williams,David Williams,60,IT,Coordinator,Los Angeles,125953.99,3971.22,2020-02-06,31,90.9,david.williams@company.com,(292) 774-9991,Inactive
EMP038439,Matthew,Wilson,Matthew Wilson,48,HR,Director,Los Angeles,60892.35,3984.08,2020-01-13,20,44.4,matthew.wilson@company.com,(251) 752-6291,Active
EMP038440,Jane,Williams,Jane Williams,31,Engineering,Coordinator,San Francisco,86450.1,11282.27,2023-08-21,2,73.0,jane.williams@company.com,(490) 465-8280,Active
EMP038441,Robert,Davis,Robert Davis,28,Marketing,Senior Developer,New York,95755.41,14571.9,2024-10-22,2,88.8,robert.davis@company.com,(812) 379-2275,Active
EMP038442,Jane,Martin,Jane Martin,55,Marketing,Coordinator,New York,60366.21,4296.24,2022-03-01,33,67.2,jane.martin@company.com,(285) 938-1199,Active
EMP038443,Jessica,Jackson,Jessica Jackson,38,Sales,Specialist,Chicago,83086.16,2318.74,2020-05-30,9,97.4,jessica.jackson@company.com,(555) 845-1906,Active
EMP038444,Jessica,Jackson,Jessica Jackson,46,Engineering,Coordinator,Chicago,100572.27,7974.89,2023-07-20,24,90.0,jessica.jackson@company.com,(463) 323-4193,Active
EMP038445,Emily,Hernandez,Emily Hernandez,40,HR,Associate,Boston,52804.04,312.36,2023-02-28,18,71.9,emily.hernandez@company.com,(679) 400-4325,Active
EMP038446,John,Johnson,John Johnson,38,Legal,Coordinator,Seattle,92855.98,7530.06,2023-05-06,13,91.5,john.johnson@company.com,(299) 945-5389,Active
EMP038447,Matthew,Brown,Matthew Brown,58,Finance,Specialist,Seattle,112940.15,16089.58,2021-05-25,34,84.4,matthew.brown@company.com,(649) 674-8234,Active
EMP038448,Stephanie,Anderson,Stephanie Anderson,30,Sales,Senior Developer,Miami,74710.3,7892.15,2021-10-14,6,75.7,stephanie.anderson@company.com,(271) 874-1291,Active
EMP038449,Matthew,Lopez,Matthew Lopez,43,Marketing,Specialist,Austin,84424.51,5251.94,2024-09-03,20,69.4,matthew.lopez@company.com,(799) 485-8258,Active
EMP038450,Amanda,Johnson,Amanda Johnson,27,Legal,Coordinator,Boston,73047.31,4780.34,2020-09-15,5,70.0,amanda.johnson@company.com,(970) 940-4740,On Leave
EMP038451,Emily,Thomas,Emily Thomas,51,Legal,Analyst,San Francisco,104656.99,12116.85,2020-08-03,26,84.8,emily.thomas@company.com,(473) 483-3433,Active
EMP038452,Sarah,Garcia,Sarah Garcia,36,Finance,Senior Developer,Boston,76530.69,4933.63,2022-05-24,7,51.2,sarah.garcia@company.com,(967) 606-5288,Active
EMP038453,Lisa,Smith,Lisa Smith,27,IT,Coordinator,Miami,71452.54,6573.43,2022-11-19,5,85.9,lisa.smith@company.com,(964) 696-5305,Active
EMP038454,Melissa,Rodriguez,Melissa Rodriguez,42,Sales,Analyst,Los Angeles,61835.53,1757.48,2023-06-05,14,100.0,melissa.rodriguez@company.com,(247) 622-3410,Active
EMP038455,Jane,Jackson,Jane Jackson,49,Legal,Director,Los Angeles,117583.0,23421.3,2023-06-07,26,55.7,jane.jackson@company.com,(792) 592-5396,Active
EMP038456,Jessica,Gonzalez,Jessica Gonzalez,22,HR,Manager,Boston,39296.47,2299.25,2023-10-27,0,74.9,jessica.gonzalez@company.com,(912) 808-9440,Active
EMP038457,Nicole,Davis,Nicole Davis,58,Marketing,Specialist,Miami,74566.78,8578.45,2022-10-17,31,79.5,nicole.davis@company.com,(353) 469-4319,Active
EMP038458,John,Brown,John Brown,55,Sales,Manager,Miami,91364.67,8366.99,2023-12-15,29,74.7,john.brown@company.com,(471) 388-8349,Inactive
EMP038459,Stephanie,Jones,Stephanie Jones,52,IT,Manager,Austin,87815.99,10573.37,2020-09-09,29,89.1,stephanie.jones@company.com,(643) 588-6409,Active
EMP038460,Amanda,Davis,Amanda Davis,49,Finance,Senior Developer,Los Angeles,132260.43,9664.94,2020-01-11,27,70.3,amanda.davis@company.com,(578) 652-9425,On Leave
EMP038461,Jessica,Brown,Jessica Brown,34,Operations,Analyst,Chicago,56276.87,7308.5,2024-10-15,5,65.5,jessica.brown@company.com,(352) 536-7106,Active
EMP038462,Jessica,Thomas,Jessica Thomas,38,Finance,Director,Miami,80282.72,10681.09,2021-06-22,11,92.9,jessica.thomas@company.com,(577) 395-6623,Active
EMP038463,Jane,Brown,Jane Brown,57,Engineering,Director,Boston,93914.6,15976.88,2022-05-02,29,78.8,jane.brown@company.com,(598) 613-3164,Inactive
EMP038464,John,Garcia,John Garcia,58,Finance,Lead,New York,110091.09,11930.02,2022-09-27,30,82.1,john.garcia@company.com,(978) 682-8519,Active
EMP038465,Daniel,Hernandez,Daniel Hernandez,65,Sales,Senior Developer,Los Angeles,101524.87,11398.01,2021-08-01,37,85.5,daniel.hernandez@company.com,(918) 996-2348,Active
EMP038466,Jane,Johnson,Jane Johnson,28,Operations,Specialist,Seattle,52765.31,1683.29,2023-01-27,2,93.1,jane.johnson@company.com,(520) 564-4025,Active
EMP038467,James,Moore,James Moore,43,Marketing,Lead,Chicago,99887.31,7925.07,2022-07-17,14,80.4,james.moore@company.com,(995) 996-5999,Active
EMP038468,Jessica,Martin,Jessica Martin,39,Finance,Coordinator,Boston,87606.99,723.11,2021-04-23,14,58.3,jessica.martin@company.com,(396) 975-6139,Active
EMP038469,Christopher,Davis,Christopher Davis,45,Operations,Director,New York,59531.09,640.1,2020-03-31,21,65.8,christopher.davis@company.com,(402) 880-3167,Active
EMP038470,Anthony,Wilson,Anthony Wilson,48,Legal,Analyst,Boston,78584.73,12815.2,2022-12-08,20,80.3,anthony.wilson@company.com,(564) 344-1830,Active
EMP038471,Amanda,Wilson,Amanda Wilson,36,IT,Lead,Los Angeles,67984.91,7844.55,2024-03-25,11,68.8,amanda.wilson@company.com,(784) 307-4231,Active
EMP038472,Matthew,Brown,Matthew Brown,37,HR,Manager,Chicago,57890.52,1994.13,2023-08-14,8,66.8,matthew.brown@company.com,(391) 952-4694,Active
EMP038473,Anthony,Martinez,Anthony Martinez,52,Sales,Manager,New York,72118.58,12046.16,2022-08-26,25,75.8,anthony.martinez@company.com,(498) 458-1513,Active
EMP038474,William,Johnson,William Johnson,51,Operations,Analyst,Los Angeles,48386.5,4848.74,2024-05-05,23,81.9,william.johnson@company.com,(506) 317-2687,Active
EMP038475,Jessica,Garcia,Jessica Garcia,45,Sales,Senior Developer,Los Angeles,54715.65,3053.1,2021-03-26,20,50.8,jessica.garcia@company.com,(949) 656-9918,Inactive
EMP038476,William,Taylor,William Taylor,56,HR,Manager,Los Angeles,74348.45,0.0,2021-06-09,29,85.7,william.taylor@company.com,(607) 279-1628,Active
EMP038477,Stephanie,Gonzalez,Stephanie Gonzalez,39,Legal,Lead,Seattle,71572.29,0.0,2023-06-13,13,70.0,stephanie.gonzalez@company.com,(236) 321-6802,Active
EMP038478,Nicole,Rodriguez,Nicole Rodriguez,60,IT,Specialist,Seattle,100836.05,8605.35,2023-09-26,31,74.1,nicole.rodriguez@company.com,(327) 215-8433,Active
EMP038479,William,Taylor,William Taylor,46,Operations,Coordinator,Boston,43959.17,4297.06,2023-11-14,22,93.8,william.taylor@company.com,(319) 901-5240,Active
EMP038480,John,Rodriguez,John Rodriguez,53,Marketing,Manager,Boston,65037.22,4334.38,2024-06-24,31,90.0,john.rodriguez@company.com,(392) 950-1638,Active
EMP038481,Matthew,Jones,Matthew Jones,54,Engineering,Manager,New York,119449.57,10394.4,2022-08-05,25,81.5,matthew.jones@company.com,(247) 523-8417,Active
EMP038482,Sarah,Rodriguez,Sarah Rodriguez,39,Finance,Director,San Francisco,100884.36,3323.19,2020-03-26,15,61.0,sarah.rodriguez@company.com,(729) 612-5475,Active
EMP038483,Daniel,Martinez,Daniel Martinez,46,HR,Director,New York,51069.96,3368.11,2021-06-12,18,91.5,daniel.martinez@company.com,(486) 542-4273,Inactive
EMP038484,Emily,Johnson,Emily Johnson,31,IT,Manager,New York,82952.85,9027.67,2023-01-28,7,66.8,emily.johnson@company.com,(717) 201-3177,Active
EMP038485,Jessica,Smith,Jessica Smith,34,Engineering,Associate,Chicago,82544.74,11922.12,2021-08-17,6,88.2,jessica.smith@company.com,(762) 542-6369,Active
EMP038486,William,Miller,William Miller,56,Engineering,Associate,Chicago,147715.54,19686.38,2020-11-14,30,68.9,william.miller@company.com,(641) 620-6767,Active
EMP038487,David,Jackson,David Jackson,27,IT,Senior Developer,San Francisco,42034.77,2604.46,2024-01-24,1,81.3,david.jackson@company.com,(727) 840-1510,Active
EMP038488,William,Martin,William Martin,30,Legal,Director,Seattle,57136.13,9253.29,2021-07-03,8,58.3,william.martin@company.com,(297) 523-5806,Active
EMP038489,James,Rodriguez,James Rodriguez,28,Finance,Specialist,San Francisco,67463.91,1912.45,2022-08-11,0,85.4,james.rodriguez@company.com,(668) 318-5462,Active
EMP038490,Jane,Hernandez,Jane Hernandez,37,HR,Senior Developer,Miami,86516.86,5497.15,2023-06-26,12,100.0,jane.hernandez@company.com,(817) 803-9156,Active
EMP038491,Sarah,Davis,Sarah Davis,41,Operations,Manager,San Francisco,82316.59,7011.18,2021-05-28,12,59.2,sarah.davis@company.com,(282) 611-5565,Active
EMP038492,Amanda,Johnson,Amanda Johnson,37,Sales,Specialist,San Francisco,49932.64,5974.46,2022-04-06,12,100.0,amanda.johnson@company.com,(678) 399-8151,Active
EMP038493,Sarah,Jones,Sarah Jones,27,HR,Manager,Boston,50011.49,4344.94,2021-08-02,3,84.1,sarah.jones@company.com,(282) 250-6425,Active
EMP038494,David,Williams,David Williams,27,Legal,Associate,Chicago,52912.7,2829.51,2024-09-05,0,76.3,david.williams@company.com,(396) 364-9503,Active
EMP038495,James,Rodriguez,James Rodriguez,53,Finance,Coordinator,Seattle,90997.19,5118.4,2020-02-16,24,100.0,james.rodriguez@company.com,(639) 574-2188,Active
EMP038496,Anthony,Miller,Anthony Miller,56,Engineering,Coordinator,San Francisco,148908.62,9203.51,2022-05-06,28,62.0,anthony.miller@company.com,(476) 928-1694,Inactive
EMP038497,Ashley,Davis,Ashley Davis,61,HR,Director,Miami,81352.76,10529.47,2020-05-27,38,62.8,ashley.davis@company.com,(623) 642-2365,Active
EMP038498,Melissa,Moore,Melissa Moore,31,IT,Senior Developer,San Francisco,63324.55,2320.64,2023-10-08,9,88.4,melissa.moore@company.com,(818) 900-9087,Active
EMP038499,Robert,Jones,Robert Jones,52,HR,Lead,San Francisco,69782.04,10236.71,2020-01-20,28,64.6,robert.jones@company.com,(497) 582-2230,Active
EMP038500,James,Anderson,James Anderson,45,Marketing,Specialist,Chicago,55884.42,4368.95,2024-12-11,19,88.1,james.anderson@company.com,(458) 594-2791,Inactive
EMP038501,Daniel,Johnson,Daniel Johnson,63,Finance,Specialist,Seattle,90505.59,6059.45,2021-11-13,40,69.0,daniel.johnson@company.com,(803) 673-2995,Active
EMP038502,Jane,Garcia,Jane Garcia,47,Sales,Analyst,Seattle,76904.36,8879.33,2023-09-07,20,55.1,jane.garcia@company.com,(627) 848-2751,Active
EMP038503,John,Martin,John Martin,49,IT,Coordinator,Los Angeles,101603.27,12379.76,2022-05-19,27,72.6,john.martin@company.com,(232) 744-9792,Active
EMP038504,Christopher,Taylor,Christopher Taylor,32,Finance,Director,Seattle,69166.45,8375.22,2024-11-18,7,74.4,christopher.taylor@company.com,(838) 442-9866,Active
EMP038505,Melissa,Gonzalez,Melissa Gonzalez,59,Operations,Specialist,Seattle,87360.89,11654.38,2020-07-24,33,83.6,melissa.gonzalez@company.com,(937) 462-8582,Inactive
EMP038506,Sarah,Martinez,Sarah Martinez,26,Finance,Specialist,Austin,62796.61,9149.64,2021-09-08,1,83.4,sarah.martinez@company.com,(397) 308-4360,Active
EMP038507,Robert,Taylor,Robert Taylor,65,IT,Manager,Chicago,67319.92,8788.35,2021-12-09,40,79.3,robert.taylor@company.com,(491) 688-5400,Active
EMP038508,Daniel,Johnson,Daniel Johnson,61,Legal,Lead,Boston,114335.63,15829.58,2021-12-10,36,93.7,daniel.johnson@company.com,(554) 761-2163,Active
EMP038509,David,Davis,David Davis,36,Legal,Specialist,Chicago,104707.93,6434.63,2024-05-12,10,75.7,david.davis@company.com,(256) 946-4887,Active
EMP038510,John,Williams,John Williams,31,Engineering,Manager,New York,87913.0,13229.3,2020-12-15,6,60.6,john.williams@company.com,(454) 241-5949,Active
EMP038511,James,Brown,James Brown,26,Operations,Director,San Francisco,59169.05,4156.6,2020-10-13,0,77.3,james.brown@company.com,(869) 247-3879,Active
EMP038512,Daniel,Anderson,Daniel Anderson,35,Legal,Coordinator,Seattle,82598.97,19386.95,2024-11-11,11,65.8,daniel.anderson@company.com,(516) 857-8064,Active
EMP038513,Emily,Rodriguez,Emily Rodriguez,56,Engineering,Senior Developer,Chicago,124230.86,15535.25,2024-03-04,31,66.1,emily.rodriguez@company.com,(666) 368-4910,Active
EMP038514,Lisa,Jones,Lisa Jones,61,Engineering,Associate,Chicago,123075.49,15488.59,2021-07-18,36,84.2,lisa.jones@company.com,(246) 663-4902,Active
EMP038515,James,Taylor,James Taylor,57,Legal,Manager,Seattle,91477.48,5593.41,2021-05-24,35,75.0,james.taylor@company.com,(417) 250-7046,Active
EMP038516,Emily,Thomas,Emily Thomas,58,Sales,Associate,Austin,69821.89,3631.7,2022-09-26,30,61.7,emily.thomas@company.com,(982) 517-3596,Inactive
EMP038517,Nicole,Wilson,Nicole Wilson,51,Sales,Analyst,Chicago,109263.75,4242.72,2021-03-30,24,59.0,nicole.wilson@company.com,(677) 380-4533,Active
EMP038518,Melissa,Johnson,Melissa Johnson,36,Operations,Associate,Boston,52890.78,4783.32,2021-10-27,12,45.0,melissa.johnson@company.com,(701) 845-2540,Active
EMP038519,Matthew,Smith,Matthew Smith,24,HR,Lead,Chicago,78988.16,6800.12,2022-07-11,0,47.8,matthew.smith@company.com,(281) 833-8465,Active
EMP038520,Melissa,Martin,Melissa Martin,65,Sales,Manager,Chicago,95287.49,11849.16,2024-01-28,37,89.9,melissa.martin@company.com,(606) 708-5861,Active
EMP038521,John,Davis,John Davis,40,Engineering,Analyst,Miami,98985.17,1142.33,2021-02-11,17,64.6,john.davis@company.com,(485) 995-2624,Active
EMP038522,William,Wilson,William Wilson,40,Sales,Associate,Austin,83487.96,5964.32,2024-05-27,17,66.4,william.wilson@company.com,(893) 643-2261,Active
EMP038523,Emily,Taylor,Emily Taylor,58,HR,Coordinator,San Francisco,75549.06,17287.32,2021-11-03,33,84.2,emily.taylor@company.com,(747) 203-6942,Active
EMP038524,Christopher,Rodriguez,Christopher Rodriguez,48,Legal,Manager,San Francisco,92100.55,6144.84,2023-07-13,26,76.6,christopher.rodriguez@company.com,(750) 930-2877,Active
EMP038525,Melissa,Hernandez,Melissa Hernandez,30,Legal,Specialist,Boston,87499.36,7405.44,2024-02-12,7,79.8,melissa.hernandez@company.com,(235) 942-3190,Active
EMP038526,Michael,Miller,Michael Miller,40,Legal,Manager,Boston,75813.84,8149.01,2024-04-28,13,80.9,michael.miller@company.com,(625) 667-4007,Active
EMP038527,Amanda,Anderson,Amanda Anderson,27,Sales,Lead,Miami,46040.66,5624.9,2021-02-07,1,80.5,amanda.anderson@company.com,(626) 465-4588,Active
EMP038528,James,Davis,James Davis,26,Sales,Specialist,Boston,63457.71,7954.29,2024-07-15,0,93.2,james.davis@company.com,(344) 317-3412,Inactive
EMP038529,John,Lopez,John Lopez,28,HR,Director,San Francisco,75096.0,9479.3,2021-02-05,0,58.3,john.lopez@company.com,(982) 287-5077,On Leave
EMP038530,Lisa,Hernandez,Lisa Hernandez,57,Marketing,Manager,Boston,67115.06,7118.51,2021-06-25,35,80.2,lisa.hernandez@company.com,(430) 546-5558,Active
EMP038531,Emily,Lopez,Emily Lopez,53,Legal,Lead,Chicago,124815.48,9308.88,2023-05-30,27,99.1,emily.lopez@company.com,(313) 376-2803,Active
EMP038532,Melissa,Miller,Melissa Miller,28,HR,Manager,Miami,55292.1,8092.57,2024-07-27,4,73.4,melissa.miller@company.com,(964) 930-4798,Active
EMP038533,Ashley,Gonzalez,Ashley Gonzalez,36,IT,Associate,Seattle,88613.38,5070.47,2021-11-19,9,60.3,ashley.gonzalez@company.com,(889) 366-5077,Active
EMP038534,John,Jackson,John Jackson,65,Engineering,Associate,Los Angeles,125403.16,15887.76,2024-05-19,40,77.9,john.jackson@company.com,(382) 490-5934,Active
EMP038535,Michael,Wilson,Michael Wilson,40,IT,Lead,Seattle,129525.79,4358.79,2022-12-05,14,82.3,michael.wilson@company.com,(365) 980-2175,Active
EMP038536,John,Hernandez,John Hernandez,22,Legal,Specialist,Austin,80930.77,13697.68,2023-06-14,0,49.7,john.hernandez@company.com,(903) 793-1024,Active
EMP038537,Ashley,Davis,Ashley Davis,48,Engineering,Director,Chicago,118877.8,12273.1,2023-11-07,26,86.9,ashley.davis@company.com,(587) 383-9465,Active
EMP038538,Sarah,Martinez,Sarah Martinez,62,Marketing,Manager,Miami,106415.38,8716.0,2022-06-20,39,80.5,sarah.martinez@company.com,(575) 418-6723,Active
EMP038539,Robert,Lopez,Robert Lopez,49,Sales,Associate,Boston,80290.68,0.0,2022-10-27,22,76.6,robert.lopez@company.com,(608) 289-5884,Active
EMP038540,James,Davis,James Davis,28,HR,Manager,San Francisco,62890.57,11325.79,2021-05-14,1,70.2,james.davis@company.com,(654) 376-4607,Active
EMP038541,Nicole,Garcia,Nicole Garcia,50,Operations,Coordinator,Boston,87104.28,11268.12,2020-12-27,22,59.1,nicole.garcia@company.com,(541) 451-4210,Active
EMP038542,Robert,Martinez,Robert Martinez,30,HR,Lead,Los Angeles,47354.54,1913.57,2024-06-07,6,82.8,robert.martinez@company.com,(434) 217-8915,Active
EMP038543,John,Rodriguez,John Rodriguez,31,HR,Associate,New York,42471.15,0.0,2023-08-28,9,79.6,john.rodriguez@company.com,(633) 884-4897,Active
EMP038544,David,Martin,David Martin,26,Marketing,Coordinator,Boston,36805.7,1734.73,2021-05-06,1,55.2,david.martin@company.com,(575) 605-2572,Active
EMP038545,William,Martin,William Martin,52,Legal,Coordinator,Chicago,92293.71,5519.56,2021-11-22,27,62.0,william.martin@company.com,(347) 964-2304,Active
EMP038546,John,Garcia,John Garcia,49,Finance,Lead,New York,99414.55,10983.75,2020-09-21,21,59.2,john.garcia@company.com,(502) 794-1564,Active
EMP038547,Nicole,Jackson,Nicole Jackson,40,Marketing,Lead,New York,63936.47,10665.99,2022-03-09,14,71.3,nicole.jackson@company.com,(425) 732-5831,Active
EMP038548,Christopher,Hernandez,Christopher Hernandez,36,IT,Director,Chicago,60882.27,0.0,2021-08-11,14,84.5,christopher.hernandez@company.com,(490) 965-7605,On Leave
EMP038549,William,Smith,William Smith,51,Legal,Senior Developer,Austin,125120.09,24139.65,2023-01-31,23,80.2,william.smith@company.com,(899) 531-7633,Active
EMP038550,Melissa,Jones,Melissa Jones,22,HR,Lead,Boston,55763.22,12290.05,2021-04-23,0,100.0,melissa.jones@company.com,(654) 423-2563,Active
EMP038551,John,Taylor,John Taylor,24,Finance,Lead,Chicago,52823.25,7378.38,2023-11-05,1,93.9,john.taylor@company.com,(469) 833-5832,Active
EMP038552,Stephanie,Taylor,Stephanie Taylor,31,HR,Lead,Austin,53441.14,3715.55,2024-01-31,3,88.7,stephanie.taylor@company.com,(311) 351-4980,Active
EMP038553,Daniel,Rodriguez,Daniel Rodriguez,49,IT,Lead,New York,102130.64,9157.39,2020-12-20,24,94.0,daniel.rodriguez@company.com,(507) 854-3057,Active
EMP038554,James,Martinez,James Martinez,59,Marketing,Analyst,New York,78359.56,4806.36,2022-06-30,31,100.0,james.martinez@company.com,(740) 831-1581,Active
EMP038555,Melissa,Jackson,Melissa Jackson,58,Sales,Lead,Chicago,96775.34,8829.22,2021-11-17,35,87.7,melissa.jackson@company.com,(801) 689-4485,Active
EMP038556,Matthew,Martinez,Matthew Martinez,50,Engineering,Associate,New York,113068.7,15393.44,2024-03-15,21,50.3,matthew.martinez@company.com,(901) 598-9169,Active
EMP038557,Anthony,Hernandez,Anthony Hernandez,28,HR,Specialist,San Francisco,69570.82,9633.51,2020-09-23,0,76.3,anthony.hernandez@company.com,(836) 214-1084,Active
EMP038558,James,Jones,James Jones,47,Engineering,Lead,San Francisco,93821.33,12115.31,2024-05-19,25,64.1,james.jones@company.com,(882) 777-4735,Active
EMP038559,Anthony,Miller,Anthony Miller,33,HR,Manager,Boston,69986.97,3744.43,2021-06-02,10,59.4,anthony.miller@company.com,(257) 960-7699,Active
EMP038560,John,Davis,John Davis,59,Operations,Director,San Francisco,66356.97,6887.69,2021-03-13,31,95.3,john.davis@company.com,(431) 398-1574,Active
EMP038561,Ashley,Martinez,Ashley Martinez,36,Finance,Lead,Los Angeles,82008.55,9808.25,2023-07-22,12,66.3,ashley.martinez@company.com,(374) 810-1032,Active
EMP038562,Anthony,Taylor,Anthony Taylor,23,Finance,Associate,Miami,82296.68,4065.84,2024-08-30,0,100.0,anthony.taylor@company.com,(322) 701-5452,Active
EMP038563,Matthew,Smith,Matthew Smith,25,IT,Analyst,Boston,60063.95,4122.65,2020-05-23,2,100.0,matthew.smith@company.com,(900) 568-8429,Active
EMP038564,William,Lopez,William Lopez,54,Engineering,Analyst,Los Angeles,95798.12,18142.79,2021-10-15,25,70.7,william.lopez@company.com,(885) 521-2891,Active
EMP038565,Ashley,Jones,Ashley Jones,47,Engineering,Manager,Chicago,112295.82,12325.92,2024-10-26,24,48.2,ashley.jones@company.com,(535) 703-2679,Active
EMP038566,Sarah,Wilson,Sarah Wilson,43,IT,Director,Boston,96975.05,4030.38,2022-08-16,21,73.1,sarah.wilson@company.com,(330) 670-9499,Active
EMP038567,Michael,Hernandez,Michael Hernandez,49,Sales,Analyst,Chicago,47650.56,1176.5,2023-01-08,26,62.8,michael.hernandez@company.com,(724) 706-6984,Active
EMP038568,Christopher,Wilson,Christopher Wilson,25,IT,Lead,Miami,68342.37,5660.25,2021-01-27,0,74.7,christopher.wilson@company.com,(552) 328-9075,Inactive
EMP038569,Michael,Anderson,Michael Anderson,50,IT,Coordinator,Austin,93451.1,14641.0,2022-11-27,26,63.6,michael.anderson@company.com,(356) 956-1777,Active
EMP038570,Amanda,Garcia,Amanda Garcia,35,HR,Analyst,San Francisco,63036.28,4207.85,2023-09-20,6,64.2,amanda.garcia@company.com,(732) 208-1886,Active
EMP038571,Jessica,Johnson,Jessica Johnson,25,Sales,Manager,Austin,54117.52,5653.47,2020-03-17,0,87.5,jessica.johnson@company.com,(366) 482-2024,Active
EMP038572,Amanda,Jones,Amanda Jones,61,Operations,Senior Developer,San Francisco,76494.41,4176.46,2023-01-24,36,82.7,amanda.jones@company.com,(539) 231-7549,Active
EMP038573,Christopher,Johnson,Christopher Johnson,56,Marketing,Manager,San Francisco,103041.67,11105.84,2022-10-31,30,66.4,christopher.johnson@company.com,(443) 585-2450,On Leave
EMP038574,Anthony,Lopez,Anthony Lopez,23,Engineering,Associate,Austin,76646.2,6990.66,2021-03-10,0,100.0,anthony.lopez@company.com,(670) 265-7062,Active
EMP038575,James,Rodriguez,James Rodriguez,42,Operations,Specialist,New York,56396.58,9346.89,2020-08-14,17,76.3,james.rodriguez@company.com,(819) 656-9568,Inactive
EMP038576,Emily,Garcia,Emily Garcia,23,HR,Specialist,Chicago,50549.2,8622.04,2021-06-20,0,86.1,emily.garcia@company.com,(737) 261-4661,Inactive
EMP038577,Emily,Davis,Emily Davis,34,IT,Analyst,Seattle,90697.04,7763.0,2021-05-23,6,67.6,emily.davis@company.com,(383) 667-1907,Active
EMP038578,Sarah,Johnson,Sarah Johnson,61,IT,Senior Developer,Chicago,113191.49,17593.12,2020-06-20,35,93.0,sarah.johnson@company.com,(339) 877-8389,Inactive
EMP038579,Matthew,Anderson,Matthew Anderson,64,IT,Manager,Seattle,107220.34,8677.03,2024-01-03,41,54.4,matthew.anderson@company.com,(213) 737-4144,Inactive
EMP038580,Christopher,Smith,Christopher Smith,42,Sales,Specialist,Chicago,57233.71,0.0,2022-08-18,17,73.9,christopher.smith@company.com,(920) 807-5841,Active
EMP038581,Stephanie,Jackson,Stephanie Jackson,46,Legal,Associate,New York,93546.44,4158.3,2023-05-17,24,82.2,stephanie.jackson@company.com,(588) 208-2201,Active
EMP038582,Melissa,Wilson,Melissa Wilson,31,Sales,Analyst,Los Angeles,60760.06,9533.07,2021-08-09,8,72.8,melissa.wilson@company.com,(354) 667-6158,Active
EMP038583,Nicole,Taylor,Nicole Taylor,31,Engineering,Director,New York,72989.34,4610.27,2024-06-20,2,77.6,nicole.taylor@company.com,(404) 951-2807,Active
EMP038584,David,Miller,David Miller,30,Finance,Manager,Seattle,87786.07,15304.83,2024-11-13,6,82.1,david.miller@company.com,(824) 999-7375,Active
EMP038585,Emily,Martinez,Emily Martinez,62,Finance,Lead,Los Angeles,94123.02,13741.55,2023-04-17,36,46.6,emily.martinez@company.com,(815) 583-6790,Active
EMP038586,James,Miller,James Miller,37,Engineering,Specialist,New York,109413.48,13120.41,2023-04-25,9,84.5,james.miller@company.com,(667) 274-8633,Active
EMP038587,Daniel,Martin,Daniel Martin,23,Legal,Director,Austin,75599.43,7181.31,2020-12-12,0,74.1,daniel.martin@company.com,(579) 671-4375,Active
EMP038588,William,Anderson,William Anderson,52,Marketing,Analyst,San Francisco,70597.29,10051.69,2020-10-10,30,93.4,william.anderson@company.com,(457) 716-7822,Active
EMP038589,Daniel,Miller,Daniel Miller,41,Sales,Lead,New York,68523.09,12164.87,2022-01-24,15,68.0,daniel.miller@company.com,(229) 714-4814,Active
EMP038590,Lisa,Jackson,Lisa Jackson,39,IT,Analyst,Miami,103119.93,12531.79,2022-03-12,14,74.5,lisa.jackson@company.com,(580) 208-7601,Active
EMP038591,Lisa,Smith,Lisa Smith,35,Engineering,Senior Developer,Chicago,55451.71,6184.32,2023-07-28,11,61.6,lisa.smith@company.com,(872) 364-6054,Active
EMP038592,Nicole,Martinez,Nicole Martinez,54,HR,Specialist,Los Angeles,67365.19,4368.87,2021-02-01,27,88.0,nicole.martinez@company.com,(971) 645-1915,Active
EMP038593,John,Smith,John Smith,56,Finance,Analyst,Boston,75391.85,4784.22,2022-08-15,28,54.8,john.smith@company.com,(292) 285-4819,Active
EMP038594,Anthony,Smith,Anthony Smith,27,Legal,Associate,Seattle,76516.52,4951.87,2024-12-16,0,71.3,anthony.smith@company.com,(930) 700-9796,Active
EMP038595,David,Williams,David Williams,36,Sales,Associate,Los Angeles,56036.98,1013.3,2022-05-23,9,87.8,david.williams@company.com,(756) 614-6143,Active
EMP038596,Jessica,Miller,Jessica Miller,30,Marketing,Director,San Francisco,50946.91,5274.39,2023-01-03,8,60.3,jessica.miller@company.com,(954) 354-3519,Active
EMP038597,John,Martinez,John Martinez,30,Marketing,Director,Seattle,72868.07,9911.87,2021-01-12,6,100.0,john.martinez@company.com,(204) 775-2731,Inactive
EMP038598,Anthony,Smith,Anthony Smith,40,Marketing,Lead,New York,68490.63,9819.31,2024-01-27,12,56.6,anthony.smith@company.com,(857) 621-5075,Inactive
EMP038599,Ashley,Hernandez,Ashley Hernandez,23,Finance,Associate,Boston,56005.88,8662.95,2022-10-21,0,100.0,ashley.hernandez@company.com,(330) 379-2756,Active
EMP038600,Amanda,Rodriguez,Amanda Rodriguez,38,IT,Analyst,Boston,49610.88,1956.96,2022-10-14,12,60.5,amanda.rodriguez@company.com,(309) 817-6119,Active
EMP038601,Emily,Miller,Emily Miller,41,Sales,Manager,Chicago,73511.92,15830.53,2024-10-01,15,80.4,emily.miller@company.com,(727) 500-6285,Active
EMP038602,Sarah,Williams,Sarah Williams,42,HR,Analyst,New York,77664.36,9690.02,2022-08-31,18,68.0,sarah.williams@company.com,(822) 835-6843,Active
EMP038603,Jane,Brown,Jane Brown,26,IT,Associate,Boston,87946.9,6535.17,2023-03-15,1,37.9,jane.brown@company.com,(487) 865-9627,Active
EMP038604,Emily,Martin,Emily Martin,55,Finance,Director,Miami,79351.61,10493.92,2024-02-06,29,52.5,emily.martin@company.com,(750) 692-3514,Active
EMP038605,Lisa,Anderson,Lisa Anderson,23,Marketing,Senior Developer,Boston,60020.19,4875.03,2024-01-01,0,64.8,lisa.anderson@company.com,(640) 756-8788,Active
EMP038606,Nicole,Taylor,Nicole Taylor,59,Finance,Specialist,Chicago,102351.58,8042.9,2022-09-28,34,100.0,nicole.taylor@company.com,(812) 277-3487,Active
EMP038607,John,Johnson,John Johnson,58,Operations,Specialist,Boston,75285.99,17041.74,2023-04-10,34,80.6,john.johnson@company.com,(308) 699-9662,Active
EMP038608,Anthony,Brown,Anthony Brown,55,Finance,Senior Developer,Boston,114240.49,9134.47,2024-01-09,27,87.5,anthony.brown@company.com,(356) 216-2045,Active
EMP038609,Emily,Martinez,Emily Martinez,56,HR,Specialist,San Francisco,86183.12,14053.66,2022-09-20,29,63.9,emily.martinez@company.com,(443) 286-4415,Active
EMP038610,John,Hernandez,John Hernandez,47,Legal,Manager,San Francisco,95955.83,13071.77,2022-01-25,19,100.0,john.hernandez@company.com,(757) 919-3875,Active
EMP038611,Nicole,Moore,Nicole Moore,58,Operations,Director,Miami,88360.44,4336.37,2024-01-04,35,84.5,nicole.moore@company.com,(733) 830-6715,Active
EMP038612,Daniel,Garcia,Daniel Garcia,42,Engineering,Senior Developer,Austin,99689.7,9023.44,2023-11-02,19,56.1,daniel.garcia@company.com,(232) 850-1435,Active
EMP038613,Sarah,Moore,Sarah Moore,63,HR,Senior Developer,Austin,61566.9,9674.25,2023-10-07,38,77.0,sarah.moore@company.com,(466) 820-1959,Active
EMP038614,Melissa,Williams,Melissa Williams,26,Sales,Director,Boston,68063.74,5211.19,2024-04-07,4,69.9,melissa.williams@company.com,(961) 780-2728,Active
EMP038615,Nicole,Williams,Nicole Williams,31,IT,Specialist,Austin,84200.22,12859.01,2022-06-16,5,67.8,nicole.williams@company.com,(397) 668-9941,Active
EMP038616,Nicole,Thomas,Nicole Thomas,53,IT,Associate,Miami,127404.63,10387.05,2022-10-17,25,75.9,nicole.thomas@company.com,(438) 400-9158,Active
EMP038617,Sarah,Rodriguez,Sarah Rodriguez,27,Operations,Manager,Austin,25500.0,689.0,2021-01-15,0,82.5,sarah.rodriguez@company.com,(932) 268-3420,Inactive
EMP038618,John,Lopez,John Lopez,30,Operations,Manager,Seattle,58818.29,10378.99,2021-08-23,8,60.2,john.lopez@company.com,(948) 380-8468,Inactive
EMP038619,Melissa,Gonzalez,Melissa Gonzalez,52,Marketing,Director,Seattle,75355.28,8967.13,2020-03-27,27,80.7,melissa.gonzalez@company.com,(643) 374-5148,Active
EMP038620,Robert,Smith,Robert Smith,44,Engineering,Analyst,San Francisco,119179.99,17240.4,2022-01-12,18,86.3,robert.smith@company.com,(303) 669-2914,Active
EMP038621,Daniel,Lopez,Daniel Lopez,54,Sales,Specialist,Seattle,69402.38,9763.46,2022-09-03,25,48.9,daniel.lopez@company.com,(528) 382-1914,Active
EMP038622,Christopher,Moore,Christopher Moore,32,Engineering,Director,San Francisco,61605.18,13126.27,2022-03-23,5,92.1,christopher.moore@company.com,(981) 937-4955,Active
EMP038623,James,Garcia,James Garcia,53,Marketing,Senior Developer,Seattle,64129.96,10698.97,2022-07-07,31,72.7,james.garcia@company.com,(331) 862-8010,On Leave
EMP038624,James,Williams,James Williams,24,Operations,Associate,Austin,44690.62,3785.81,2020-04-23,2,59.4,james.williams@company.com,(259) 667-2966,Inactive
EMP038625,Christopher,Martin,Christopher Martin,42,Sales,Director,Miami,83288.72,8552.46,2020-03-17,13,83.0,christopher.martin@company.com,(270) 772-4403,Active
EMP038626,Jane,Williams,Jane Williams,35,Marketing,Lead,Austin,53915.4,7251.32,2021-08-05,12,60.7,jane.williams@company.com,(826) 253-3230,Active
EMP038627,Daniel,Jackson,Daniel Jackson,46,Engineering,Senior Developer,Seattle,90211.79,5416.65,2023-04-25,24,78.1,daniel.jackson@company.com,(819) 717-2872,Active
EMP038628,Ashley,Davis,Ashley Davis,27,Legal,Senior Developer,Boston,68212.33,7507.75,2020-02-10,0,99.2,ashley.davis@company.com,(227) 354-4935,Active
EMP038629,Robert,Martinez,Robert Martinez,29,Sales,Director,San Francisco,31557.75,4207.99,2022-05-13,6,88.7,robert.martinez@company.com,(418) 644-9065,Active
EMP038630,Robert,Brown,Robert Brown,41,Sales,Analyst,Los Angeles,79737.12,0.0,2024-03-25,18,48.5,robert.brown@company.com,(228) 818-4525,Active
EMP038631,Daniel,Williams,Daniel Williams,33,Finance,Coordinator,Seattle,65603.27,10403.46,2023-10-27,9,53.6,daniel.williams@company.com,(495) 317-6407,Active
EMP038632,Anthony,Miller,Anthony Miller,65,Engineering,Director,Austin,119246.51,406.39,2020-01-06,43,77.2,anthony.miller@company.com,(311) 427-6167,Active
EMP038633,Jessica,Miller,Jessica Miller,50,Operations,Analyst,Austin,50570.35,9551.66,2022-10-19,24,77.8,jessica.miller@company.com,(695) 658-6919,Active
EMP038634,William,Lopez,William Lopez,58,Legal,Specialist,Austin,106896.54,3292.11,2022-10-29,31,97.8,william.lopez@company.com,(729) 498-3154,Active
EMP038635,Michael,Johnson,Michael Johnson,22,Finance,Lead,Boston,78222.63,3767.36,2022-12-06,0,69.8,michael.johnson@company.com,(733) 839-3665,Active
EMP038636,Nicole,Gonzalez,Nicole Gonzalez,53,Finance,Specialist,Miami,40383.67,2844.87,2022-12-12,27,85.1,nicole.gonzalez@company.com,(635) 979-6403,Active
EMP038637,Nicole,Davis,Nicole Davis,42,Engineering,Director,New York,73849.94,4659.74,2024-09-13,19,91.5,nicole.davis@company.com,(201) 299-1244,Active
EMP038638,Jessica,Martin,Jessica Martin,45,Engineering,Associate,Chicago,87626.96,10946.49,2024-12-12,22,60.3,jessica.martin@company.com,(967) 883-1130,Active
EMP038639,Michael,Thomas,Michael Thomas,30,Finance,Associate,Miami,68801.84,11348.07,2023-12-19,8,57.4,michael.thomas@company.com,(271) 834-4294,On Leave
EMP038640,Sarah,Smith,Sarah Smith,25,HR,Specialist,Miami,70681.58,4506.86,2023-05-04,0,62.3,sarah.smith@company.com,(876) 285-4210,Active
EMP038641,Melissa,Thomas,Melissa Thomas,42,IT,Coordinator,Seattle,88620.8,4838.25,2024-03-01,17,58.2,melissa.thomas@company.com,(449) 518-6398,Active
EMP038642,Robert,Anderson,Robert Anderson,45,Sales,Director,New York,69157.8,10644.7,2024-07-10,20,69.9,robert.anderson@company.com,(278) 725-8498,Active
EMP038643,Daniel,Anderson,Daniel Anderson,23,Operations,Senior Developer,New York,43384.8,2967.62,2020-07-03,0,70.1,daniel.anderson@company.com,(671) 396-2379,Active
EMP038644,Ashley,Martin,Ashley Martin,57,Legal,Lead,Boston,108441.86,9799.8,2020-12-21,35,92.9,ashley.martin@company.com,(264) 549-2348,Active
EMP038645,William,Davis,William Davis,32,Engineering,Analyst,Chicago,53760.28,6921.91,2021-07-06,8,66.5,william.davis@company.com,(278) 280-9035,Active
EMP038646,John,Taylor,John Taylor,59,Sales,Analyst,Miami,79102.76,2917.14,2023-02-08,32,72.0,john.taylor@company.com,(837) 411-5020,Active
EMP038647,Jessica,Jones,Jessica Jones,50,Marketing,Specialist,Boston,78129.94,4912.09,2020-08-26,21,64.6,jessica.jones@company.com,(409) 480-1522,Active
EMP038648,Daniel,Smith,Daniel Smith,40,Operations,Manager,New York,81868.07,6627.32,2024-12-04,17,69.5,daniel.smith@company.com,(990) 475-3369,Active
EMP038649,Lisa,Brown,Lisa Brown,23,Sales,Associate,Austin,89307.01,1826.19,2021-10-29,0,55.8,lisa.brown@company.com,(566) 513-9752,Active
EMP038650,David,Martin,David Martin,54,Operations,Analyst,San Francisco,76020.44,9867.2,2021-12-20,32,100.0,david.martin@company.com,(464) 824-5158,Active
EMP038651,Lisa,Rodriguez,Lisa Rodriguez,23,IT,Lead,Seattle,54583.4,4296.63,2022-02-26,0,77.6,lisa.rodriguez@company.com,(766) 992-2788,Active
EMP038652,Ashley,Jones,Ashley Jones,61,Marketing,Specialist,Los Angeles,97647.65,16671.11,2024-10-09,37,75.1,ashley.jones@company.com,(655) 644-2839,Active
EMP038653,Christopher,Brown,Christopher Brown,40,IT,Lead,New York,97601.87,11522.16,2021-01-26,15,50.3,christopher.brown@company.com,(440) 833-3084,Active
EMP038654,David,Taylor,David Taylor,34,Finance,Coordinator,Boston,94538.68,23582.73,2024-03-27,10,70.7,david.taylor@company.com,(943) 899-1310,Active
EMP038655,Matthew,Martin,Matthew Martin,54,Legal,Senior Developer,Austin,96174.37,6912.58,2024-12-20,30,54.8,matthew.martin@company.com,(597) 423-2307,Active
EMP038656,Michael,Smith,Michael Smith,29,Engineering,Manager,New York,80006.76,3505.02,2021-10-03,5,63.5,michael.smith@company.com,(863) 937-6265,Active
EMP038657,John,Moore,John Moore,56,Sales,Senior Developer,Austin,109141.88,9482.46,2024-08-06,33,83.8,john.moore@company.com,(592) 411-8447,Inactive
EMP038658,Nicole,Garcia,Nicole Garcia,48,Marketing,Analyst,New York,80636.06,8499.22,2020-12-05,23,75.3,nicole.garcia@company.com,(245) 209-5497,Active
EMP038659,Amanda,Williams,Amanda Williams,53,Sales,Director,New York,109206.61,10043.35,2021-04-08,24,60.3,amanda.williams@company.com,(351) 710-6038,Active
EMP038660,Robert,Gonzalez,Robert Gonzalez,55,HR,Specialist,San Francisco,79815.6,6072.16,2024-09-08,30,90.1,robert.gonzalez@company.com,(663) 487-1473,Active
EMP038661,Ashley,Jackson,Ashley Jackson,35,Finance,Analyst,Seattle,76836.73,6314.61,2021-02-09,10,94.5,ashley.jackson@company.com,(793) 239-9002,Active
EMP038662,Daniel,Rodriguez,Daniel Rodriguez,51,Engineering,Senior Developer,Boston,121304.93,15961.34,2021-01-06,23,74.4,daniel.rodriguez@company.com,(316) 487-6225,Active
EMP038663,Nicole,Wilson,Nicole Wilson,48,Marketing,Specialist,Miami,99598.26,10418.61,2024-03-11,26,83.4,nicole.wilson@company.com,(597) 709-5712,Active
EMP038664,Melissa,Hernandez,Melissa Hernandez,56,Marketing,Manager,New York,94186.76,8340.91,2023-02-26,34,75.3,melissa.hernandez@company.com,(950) 931-5951,Active
EMP038665,Emily,Jones,Emily Jones,59,Marketing,Director,Boston,72912.72,10365.11,2024-06-28,33,77.7,emily.jones@company.com,(660) 792-7551,Inactive
EMP038666,Ashley,Anderson,Ashley Anderson,60,Engineering,Specialist,Miami,73827.34,1766.06,2020-05-28,36,57.5,ashley.anderson@company.com,(626) 369-3195,Active
EMP038667,Robert,Smith,Robert Smith,28,IT,Specialist,New York,89925.76,5842.82,2022-11-07,0,55.4,robert.smith@company.com,(736) 870-8631,Active
EMP038668,Robert,Martin,Robert Martin,40,Sales,Specialist,Chicago,55056.43,8465.7,2024-01-01,13,74.5,robert.martin@company.com,(768) 960-6049,Active
EMP038669,Sarah,Taylor,Sarah Taylor,56,IT,Specialist,Boston,83552.83,6935.91,2020-10-05,27,43.2,sarah.taylor@company.com,(257) 376-8465,Active
EMP038670,Matthew,Martinez,Matthew Martinez,48,HR,Senior Developer,Austin,46565.15,4753.25,2021-11-19,19,80.9,matthew.martinez@company.com,(569) 466-3039,Active
EMP038671,Nicole,Smith,Nicole Smith,59,HR,Senior Developer,New York,85380.3,7150.95,2023-02-16,31,63.9,nicole.smith@company.com,(763) 868-6839,Active
EMP038672,Stephanie,Hernandez,Stephanie Hernandez,39,Legal,Manager,Miami,89538.83,17772.95,2021-03-05,16,80.4,stephanie.hernandez@company.com,(290) 505-6861,Inactive
EMP038673,Jessica,Jones,Jessica Jones,59,Marketing,Lead,Chicago,79956.69,6318.09,2021-12-14,30,59.2,jessica.jones@company.com,(400) 495-6088,Active
EMP038674,Robert,Miller,Robert Miller,37,Engineering,Director,Miami,94450.59,9136.94,2023-06-20,12,77.7,robert.miller@company.com,(215) 672-3342,Active
EMP038675,Amanda,Rodriguez,Amanda Rodriguez,33,Engineering,Specialist,Los Angeles,107975.53,5150.01,2020-01-14,4,64.3,amanda.rodriguez@company.com,(432) 790-4117,Active
EMP038676,Nicole,Martinez,Nicole Martinez,57,IT,Coordinator,Chicago,94338.16,7101.51,2022-11-12,30,80.1,nicole.martinez@company.com,(468) 534-1024,Active
EMP038677,Ashley,Anderson,Ashley Anderson,55,Marketing,Director,Chicago,103022.39,18514.42,2024-07-18,30,70.2,ashley.anderson@company.com,(928) 869-1888,Active
EMP038678,John,Smith,John Smith,62,Finance,Senior Developer,New York,84469.05,8660.19,2023-07-10,39,100.0,john.smith@company.com,(600) 877-5685,Active
EMP038679,Anthony,Jackson,Anthony Jackson,45,Legal,Manager,Chicago,133057.51,18997.76,2020-10-22,19,57.3,anthony.jackson@company.com,(786) 688-8524,On Leave
EMP038680,Emily,Johnson,Emily Johnson,56,IT,Manager,Los Angeles,95631.58,20332.76,2020-12-17,30,92.1,emily.johnson@company.com,(941) 415-5021,Active
EMP038681,Nicole,Brown,Nicole Brown,53,Sales,Specialist,Austin,80154.62,6935.4,2024-10-14,29,72.6,nicole.brown@company.com,(402) 596-6436,Active
EMP038682,Stephanie,Jones,Stephanie Jones,39,IT,Associate,Austin,61311.0,5815.76,2024-10-09,17,86.0,stephanie.jones@company.com,(681) 583-7896,Active
EMP038683,Robert,Jackson,Robert Jackson,62,Marketing,Coordinator,Seattle,75896.29,11522.09,2024-05-16,38,57.5,robert.jackson@company.com,(774) 953-1678,Active
EMP038684,Matthew,Anderson,Matthew Anderson,49,Engineering,Lead,Seattle,96453.22,7418.64,2020-10-22,24,100.0,matthew.anderson@company.com,(254) 993-3044,Active
EMP038685,Matthew,Smith,Matthew Smith,61,HR,Analyst,New York,90938.12,6210.01,2020-08-19,35,73.1,matthew.smith@company.com,(376) 733-6740,Active
EMP038686,Ashley,Smith,Ashley Smith,29,HR,Lead,Seattle,65002.35,811.4,2020-06-11,3,97.6,ashley.smith@company.com,(364) 215-5764,Active
EMP038687,David,Williams,David Williams,42,Engineering,Manager,Boston,77192.22,9779.53,2020-10-10,16,64.4,david.williams@company.com,(651) 637-7527,Active
EMP038688,Nicole,Williams,Nicole Williams,64,Legal,Lead,San Francisco,105293.68,3081.22,2022-03-11,40,74.2,nicole.williams@company.com,(373) 609-3291,Active
EMP038689,James,Brown,James Brown,36,Sales,Coordinator,San Francisco,64577.03,8399.97,2023-03-24,9,100.0,james.brown@company.com,(386) 523-5472,Active
EMP038690,Lisa,Miller,Lisa Miller,49,IT,Specialist,Chicago,93507.86,11901.78,2020-06-03,25,86.7,lisa.miller@company.com,(297) 923-1182,On Leave
EMP038691,Ashley,Garcia,Ashley Garcia,30,Finance,Manager,Miami,93105.38,8348.82,2024-06-23,5,69.8,ashley.garcia@company.com,(396) 286-1022,Active
EMP038692,Amanda,Johnson,Amanda Johnson,52,Finance,Associate,Austin,101979.81,6204.64,2021-07-31,28,65.4,amanda.johnson@company.com,(892) 470-6990,Active
EMP038693,James,Anderson,James Anderson,46,Finance,Lead,Miami,74236.71,7888.96,2024-07-12,23,85.0,james.anderson@company.com,(748) 297-2644,Active
EMP038694,Emily,Wilson,Emily Wilson,56,Legal,Specialist,San Francisco,102127.11,4736.45,2022-06-30,30,64.5,emily.wilson@company.com,(541) 439-1134,Active
EMP038695,Matthew,Smith,Matthew Smith,62,Operations,Coordinator,Seattle,67497.14,7373.74,2022-07-23,34,73.5,matthew.smith@company.com,(729) 549-6620,Active
EMP038696,Robert,Wilson,Robert Wilson,65,IT,Lead,Los Angeles,80050.67,7987.34,2020-06-12,42,66.0,robert.wilson@company.com,(440) 405-4052,Active
EMP038697,Daniel,Brown,Daniel Brown,46,Engineering,Senior Developer,Boston,111293.39,21602.97,2024-11-12,23,76.9,daniel.brown@company.com,(749) 401-9847,Active
EMP038698,James,Thomas,James Thomas,35,IT,Specialist,Austin,79805.57,9848.7,2021-07-31,11,53.9,james.thomas@company.com,(413) 651-7016,Active
EMP038699,Jane,Davis,Jane Davis,35,Legal,Lead,Austin,76286.0,13753.81,2021-11-17,8,80.0,jane.davis@company.com,(928) 832-9056,Inactive
EMP038700,Lisa,Lopez,Lisa Lopez,42,Sales,Associate,Boston,92190.06,4126.42,2023-02-08,15,71.6,lisa.lopez@company.com,(720) 974-1054,Active
EMP038701,Lisa,Jones,Lisa Jones,57,Operations,Senior Developer,Austin,54977.27,7183.82,2022-09-23,29,63.7,lisa.jones@company.com,(217) 690-2364,Active
EMP038702,Emily,Jones,Emily Jones,65,HR,Manager,Austin,98964.1,7287.28,2021-02-14,37,83.2,emily.jones@company.com,(808) 431-2067,On Leave
EMP038703,Anthony,Moore,Anthony Moore,50,Legal,Associate,Seattle,86315.88,6727.75,2022-10-06,28,65.2,anthony.moore@company.com,(368) 684-3383,Active
EMP038704,Emily,Anderson,Emily Anderson,43,HR,Associate,Boston,56207.07,5290.98,2021-12-31,16,66.9,emily.anderson@company.com,(998) 364-4428,Active
EMP038705,Ashley,Johnson,Ashley Johnson,59,IT,Specialist,Chicago,129035.28,17466.58,2024-12-01,32,53.3,ashley.johnson@company.com,(238) 973-4444,Active
EMP038706,Jane,Jones,Jane Jones,28,Operations,Specialist,Miami,47655.23,4611.74,2024-12-20,0,65.4,jane.jones@company.com,(210) 232-5228,Active
EMP038707,Emily,Williams,Emily Williams,28,Legal,Lead,San Francisco,70115.22,8637.66,2022-05-16,6,63.9,emily.williams@company.com,(414) 251-1998,Active
EMP038708,Anthony,Martinez,Anthony Martinez,43,Finance,Director,New York,115294.71,476.96,2024-02-11,21,90.9,anthony.martinez@company.com,(948) 525-3255,Active
EMP038709,Melissa,Hernandez,Melissa Hernandez,61,Sales,Lead,Chicago,64533.36,5164.75,2022-09-18,35,86.0,melissa.hernandez@company.com,(535) 841-4787,Active
EMP038710,Jessica,Miller,Jessica Miller,49,Marketing,Analyst,Boston,82632.35,9709.9,2020-01-11,27,48.3,jessica.miller@company.com,(829) 469-4764,Active
EMP038711,Lisa,Davis,Lisa Davis,50,Sales,Coordinator,Austin,65100.5,1047.38,2023-05-27,27,44.6,lisa.davis@company.com,(249) 790-4212,Active
EMP038712,Nicole,Jackson,Nicole Jackson,57,HR,Lead,Los Angeles,77823.75,16581.29,2022-01-17,31,60.7,nicole.jackson@company.com,(554) 971-9807,Active
EMP038713,Christopher,Jackson,Christopher Jackson,27,Operations,Manager,Los Angeles,30195.38,580.12,2023-03-08,0,82.0,christopher.jackson@company.com,(435) 910-8239,Active
EMP038714,Jane,Jackson,Jane Jackson,64,Sales,Lead,Boston,90568.74,8093.83,2022-04-06,37,89.3,jane.jackson@company.com,(466) 799-2699,Active
EMP038715,Jessica,Lopez,Jessica Lopez,38,IT,Director,Chicago,78177.4,6860.13,2020-12-04,16,50.1,jessica.lopez@company.com,(897) 260-4205,Active
EMP038716,Robert,Jackson,Robert Jackson,26,Marketing,Lead,Seattle,64970.5,5901.73,2021-12-12,3,78.6,robert.jackson@company.com,(601) 769-3023,Active
EMP038717,James,Wilson,James Wilson,62,Legal,Manager,Los Angeles,136166.46,10920.77,2022-11-23,40,67.6,james.wilson@company.com,(839) 782-9541,Active
EMP038718,Amanda,Anderson,Amanda Anderson,38,Marketing,Specialist,San Francisco,48088.34,3546.52,2023-01-16,16,88.0,amanda.anderson@company.com,(216) 644-7502,Active
EMP038719,Ashley,Wilson,Ashley Wilson,35,HR,Lead,Miami,64865.09,9192.24,2022-09-19,9,84.2,ashley.wilson@company.com,(835) 315-1952,Active
EMP038720,Melissa,Williams,Melissa Williams,46,HR,Associate,New York,89650.91,9043.35,2023-03-12,17,70.6,melissa.williams@company.com,(690) 942-8799,Active
EMP038721,William,Miller,William Miller,23,Marketing,Manager,Los Angeles,50148.51,8143.54,2020-05-12,0,61.3,william.miller@company.com,(221) 967-8352,Active
EMP038722,Jessica,Garcia,Jessica Garcia,54,Engineering,Specialist,Boston,85112.3,13286.9,2020-06-17,30,74.2,jessica.garcia@company.com,(285) 753-2858,Active
EMP038723,David,Taylor,David Taylor,26,Engineering,Director,Miami,88435.35,12105.32,2024-12-14,0,72.9,david.taylor@company.com,(659) 954-5519,Active
EMP038724,Sarah,Gonzalez,Sarah Gonzalez,24,Operations,Senior Developer,Seattle,40613.6,3081.97,2024-09-09,0,53.8,sarah.gonzalez@company.com,(955) 884-8736,Active
EMP038725,Lisa,Davis,Lisa Davis,60,Operations,Coordinator,Austin,69321.03,4639.61,2022-08-22,33,43.6,lisa.davis@company.com,(419) 841-8806,Active
EMP038726,Jane,Jackson,Jane Jackson,48,Engineering,Specialist,Austin,104264.75,0.0,2021-04-09,25,92.2,jane.jackson@company.com,(592) 385-7861,Active
EMP038727,Daniel,Martin,Daniel Martin,53,Marketing,Specialist,Seattle,70126.65,9442.52,2023-08-21,24,67.4,daniel.martin@company.com,(442) 983-5750,Active
EMP038728,William,Thomas,William Thomas,50,HR,Analyst,Seattle,61158.71,9525.07,2021-09-07,27,80.9,william.thomas@company.com,(530) 208-2889,Active
EMP038729,Michael,Anderson,Michael Anderson,47,Sales,Specialist,San Francisco,75059.53,0.0,2020-03-29,21,58.2,michael.anderson@company.com,(611) 596-7587,Active
EMP038730,William,Hernandez,William Hernandez,34,HR,Manager,New York,45130.08,3975.7,2024-05-20,5,71.3,william.hernandez@company.com,(832) 963-3408,Active
EMP038731,Nicole,Wilson,Nicole Wilson,65,Operations,Specialist,Los Angeles,59075.43,6015.76,2022-04-11,39,55.4,nicole.wilson@company.com,(399) 595-6579,Active
EMP038732,Lisa,Gonzalez,Lisa Gonzalez,50,Marketing,Lead,Miami,52702.18,6908.9,2020-03-16,25,76.0,lisa.gonzalez@company.com,(987) 418-4764,Active
EMP038733,Jessica,Anderson,Jessica Anderson,25,Engineering,Analyst,Seattle,95042.23,16602.63,2024-02-17,2,97.4,jessica.anderson@company.com,(846) 418-9624,Active
EMP038734,Nicole,Thomas,Nicole Thomas,51,Finance,Manager,Boston,77547.49,8400.33,2024-12-22,23,92.0,nicole.thomas@company.com,(381) 674-5908,Active
EMP038735,Daniel,Hernandez,Daniel Hernandez,53,Marketing,Lead,Los Angeles,104416.59,11179.55,2020-06-05,26,79.4,daniel.hernandez@company.com,(872) 661-6954,Inactive
EMP038736,David,Davis,David Davis,32,Finance,Senior Developer,Austin,72953.78,6784.3,2021-07-25,5,77.3,david.davis@company.com,(809) 465-8818,Active
EMP038737,Jane,Brown,Jane Brown,42,Engineering,Lead,New York,112334.0,6546.83,2024-07-19,13,97.0,jane.brown@company.com,(217) 423-6904,Active
EMP038738,Melissa,Martinez,Melissa Martinez,49,Legal,Lead,Chicago,85448.91,3332.01,2020-10-05,21,80.5,melissa.martinez@company.com,(857) 949-9746,Active
EMP038739,Michael,Anderson,Michael Anderson,44,IT,Associate,Los Angeles,119252.35,13728.55,2020-02-23,22,60.4,michael.anderson@company.com,(237) 770-5301,Active
EMP038740,David,Jackson,David Jackson,64,Finance,Director,Chicago,90828.15,13350.35,2023-09-03,41,64.8,david.jackson@company.com,(786) 456-9263,Active
EMP038741,Michael,Thomas,Michael Thomas,28,Operations,Senior Developer,Chicago,59481.22,4992.63,2022-07-03,2,46.3,michael.thomas@company.com,(753) 486-3693,Active
EMP038742,Nicole,Brown,Nicole Brown,30,Engineering,Analyst,Miami,93958.13,13204.85,2022-05-19,8,94.7,nicole.brown@company.com,(577) 788-3118,Active
EMP038743,Daniel,Gonzalez,Daniel Gonzalez,31,IT,Specialist,Boston,70581.64,5510.61,2024-07-21,5,70.7,daniel.gonzalez@company.com,(854) 254-4214,Active
EMP038744,Jessica,Jackson,Jessica Jackson,36,IT,Specialist,Boston,93047.75,8738.21,2020-03-26,13,84.3,jessica.jackson@company.com,(763) 613-5397,Active
EMP038745,David,Johnson,David Johnson,57,Legal,Director,Seattle,122743.2,14130.44,2020-07-10,29,100.0,david.johnson@company.com,(457) 305-7905,Active
EMP038746,Daniel,Brown,Daniel Brown,58,Operations,Analyst,Austin,71083.37,3839.41,2021-01-05,34,83.9,daniel.brown@company.com,(880) 577-2534,Active
EMP038747,Sarah,Miller,Sarah Miller,63,IT,Lead,Chicago,101243.44,10868.31,2023-12-16,41,66.5,sarah.miller@company.com,(952) 872-5078,Active
EMP038748,Anthony,Wilson,Anthony Wilson,59,Operations,Analyst,Seattle,59836.63,5849.96,2024-02-14,37,61.9,anthony.wilson@company.com,(892) 798-3597,Active
EMP038749,Matthew,Rodriguez,Matthew Rodriguez,41,Engineering,Manager,Miami,78834.63,9807.71,2023-12-18,15,73.4,matthew.rodriguez@company.com,(725) 624-2718,Active
EMP038750,Sarah,Anderson,Sarah Anderson,57,IT,Lead,San Francisco,101305.03,8158.93,2022-11-19,33,88.0,sarah.anderson@company.com,(232) 670-4320,Active
EMP038751,Stephanie,Johnson,Stephanie Johnson,49,Finance,Director,New York,82540.23,9283.57,2022-07-05,27,71.0,stephanie.johnson@company.com,(453) 273-4743,Active
EMP038752,Ashley,Brown,Ashley Brown,45,HR,Coordinator,Miami,69079.89,5695.28,2024-07-19,23,100.0,ashley.brown@company.com,(720) 773-8639,Active
EMP038753,Amanda,Lopez,Amanda Lopez,27,Legal,Senior Developer,Los Angeles,59810.12,7991.2,2020-06-17,4,100.0,amanda.lopez@company.com,(723) 605-1807,On Leave
EMP038754,Matthew,Brown,Matthew Brown,42,Operations,Director,Los Angeles,80013.57,3986.47,2023-12-01,20,66.5,matthew.brown@company.com,(638) 397-1173,Active
EMP038755,Nicole,Brown,Nicole Brown,36,Legal,Analyst,New York,79543.86,10980.02,2020-10-23,10,71.5,nicole.brown@company.com,(243) 925-2140,Active
EMP038756,Anthony,Garcia,Anthony Garcia,48,IT,Director,Miami,82534.37,9510.14,2022-06-26,23,78.6,anthony.garcia@company.com,(777) 352-1137,Active
EMP038757,Nicole,Moore,Nicole Moore,36,Sales,Coordinator,Austin,89267.3,10638.83,2023-07-19,11,68.7,nicole.moore@company.com,(532) 710-5437,Active
EMP038758,Nicole,Thomas,Nicole Thomas,30,Finance,Manager,Los Angeles,93550.05,13389.88,2020-11-11,8,57.0,nicole.thomas@company.com,(493) 929-7447,Active
EMP038759,William,Wilson,William Wilson,64,Marketing,Specialist,Austin,101759.52,14012.63,2020-03-28,39,75.2,william.wilson@company.com,(570) 559-4702,Active
EMP038760,David,Martin,David Martin,27,Engineering,Associate,Chicago,95901.66,3630.31,2022-06-06,4,70.0,david.martin@company.com,(693) 487-8709,Active
EMP038761,James,Anderson,James Anderson,62,Marketing,Manager,San Francisco,95147.86,13637.48,2022-03-24,39,89.7,james.anderson@company.com,(491) 209-4509,Inactive
EMP038762,David,Brown,David Brown,35,Sales,Manager,New York,68817.59,6168.55,2021-02-02,9,73.1,david.brown@company.com,(330) 608-6970,Active
EMP038763,Stephanie,Jackson,Stephanie Jackson,60,Legal,Director,Miami,119399.99,16191.18,2024-12-22,34,97.1,stephanie.jackson@company.com,(592) 938-9437,Active
EMP038764,Matthew,Taylor,Matthew Taylor,29,IT,Associate,Miami,85891.5,18221.85,2021-11-28,0,46.8,matthew.taylor@company.com,(345) 413-4295,Active
EMP038765,Emily,Davis,Emily Davis,57,HR,Associate,Boston,76882.6,9147.62,2022-09-19,32,77.9,emily.davis@company.com,(468) 482-4467,Active
EMP038766,Jane,Anderson,Jane Anderson,36,Legal,Associate,San Francisco,99444.69,16282.1,2020-05-21,8,74.7,jane.anderson@company.com,(541) 732-6797,Active
EMP038767,Sarah,Martin,Sarah Martin,48,HR,Coordinator,Chicago,74490.81,6565.36,2021-09-29,20,67.5,sarah.martin@company.com,(289) 259-7033,Active
EMP038768,Jessica,Gonzalez,Jessica Gonzalez,22,Engineering,Manager,Chicago,71636.3,3583.51,2024-01-31,0,77.3,jessica.gonzalez@company.com,(601) 857-4285,Active
EMP038769,Jessica,Davis,Jessica Davis,37,Finance,Analyst,Austin,79953.82,10094.65,2021-09-14,14,67.5,jessica.davis@company.com,(687) 715-4986,Active
EMP038770,Melissa,Smith,Melissa Smith,50,Legal,Associate,Boston,125349.05,2599.07,2023-07-22,23,45.5,melissa.smith@company.com,(381) 472-3958,On Leave
EMP038771,Amanda,Taylor,Amanda Taylor,65,Sales,Analyst,Los Angeles,104955.81,11695.59,2020-09-03,42,68.5,amanda.taylor@company.com,(726) 920-3428,Inactive
EMP038772,Robert,Garcia,Robert Garcia,58,Legal,Manager,San Francisco,81997.93,9969.29,2020-06-24,32,77.3,robert.garcia@company.com,(713) 725-8152,Active
EMP038773,Jane,Davis,Jane Davis,64,HR,Manager,Austin,101405.18,8381.03,2023-01-11,41,80.8,jane.davis@company.com,(884) 483-5274,Inactive
EMP038774,James,Lopez,James Lopez,48,Marketing,Director,Chicago,78475.57,5973.93,2021-05-25,26,64.8,james.lopez@company.com,(325) 313-7883,Active
EMP038775,Matthew,Williams,Matthew Williams,38,Operations,Lead,Boston,57757.85,8154.21,2021-07-13,13,62.5,matthew.williams@company.com,(930) 982-1004,Active
EMP038776,Melissa,Martin,Melissa Martin,29,Operations,Manager,Chicago,47614.96,2344.05,2020-12-05,3,71.0,melissa.martin@company.com,(971) 955-7442,Inactive
EMP038777,Matthew,Hernandez,Matthew Hernandez,45,Marketing,Senior Developer,Chicago,76820.16,6725.73,2020-03-07,23,81.4,matthew.hernandez@company.com,(655) 585-7643,Active
EMP038778,Daniel,Smith,Daniel Smith,34,Marketing,Manager,Los Angeles,65849.75,4.5,2024-02-26,5,100.0,daniel.smith@company.com,(835) 649-4868,Active
EMP038779,Stephanie,Johnson,Stephanie Johnson,37,HR,Lead,Chicago,46958.57,2856.43,2021-11-03,11,68.2,stephanie.johnson@company.com,(716) 423-1829,Active
EMP038780,Daniel,Lopez,Daniel Lopez,43,Engineering,Analyst,Los Angeles,88706.73,8671.61,2023-06-19,16,100.0,daniel.lopez@company.com,(909) 840-1434,Active
EMP038781,Nicole,Davis,Nicole Davis,35,Engineering,Lead,Seattle,77280.77,13713.34,2020-06-14,11,99.0,nicole.davis@company.com,(655) 259-1299,Active
EMP038782,Nicole,Garcia,Nicole Garcia,49,Legal,Coordinator,Boston,109359.46,9650.23,2023-11-02,23,57.4,nicole.garcia@company.com,(442) 266-9536,Active
EMP038783,William,Moore,William Moore,28,IT,Lead,New York,72404.5,3685.76,2022-10-03,1,79.9,william.moore@company.com,(735) 696-2140,Active
EMP038784,John,Moore,John Moore,48,Operations,Manager,Miami,71233.78,7165.54,2023-10-05,20,56.4,john.moore@company.com,(251) 562-7874,Active
EMP038785,John,Brown,John Brown,61,Marketing,Analyst,Chicago,89781.87,13880.99,2024-02-21,32,80.5,john.brown@company.com,(777) 630-8414,Active
EMP038786,David,Lopez,David Lopez,38,Sales,Analyst,Los Angeles,54078.47,5569.08,2022-01-11,15,83.6,david.lopez@company.com,(441) 804-5659,Active
EMP038787,Robert,Lopez,Robert Lopez,59,HR,Specialist,Boston,80697.87,2736.44,2020-12-08,35,59.3,robert.lopez@company.com,(396) 242-7998,Active
EMP038788,David,Johnson,David Johnson,54,Marketing,Senior Developer,San Francisco,76831.19,8088.83,2020-09-01,30,71.4,david.johnson@company.com,(497) 209-5677,Active
EMP038789,Amanda,Brown,Amanda Brown,55,Engineering,Lead,New York,76564.86,6053.02,2023-01-27,26,77.3,amanda.brown@company.com,(969) 599-5521,Active
EMP038790,Michael,Smith,Michael Smith,23,Operations,Lead,Miami,41668.5,4376.96,2023-04-20,1,75.6,michael.smith@company.com,(255) 784-6281,On Leave
EMP038791,Emily,Garcia,Emily Garcia,47,Engineering,Manager,New York,81933.47,9587.96,2024-12-28,24,70.0,emily.garcia@company.com,(558) 858-6197,Inactive
EMP038792,John,Miller,John Miller,38,Marketing,Lead,Los Angeles,96105.03,10742.78,2020-11-21,15,72.7,john.miller@company.com,(732) 594-4387,Active
EMP038793,Melissa,Smith,Melissa Smith,63,IT,Specialist,Seattle,78238.46,9645.16,2022-07-14,37,63.0,melissa.smith@company.com,(388) 668-6114,Active
EMP038794,Emily,Moore,Emily Moore,32,Sales,Coordinator,San Francisco,57198.87,2888.75,2021-11-15,7,81.8,emily.moore@company.com,(414) 757-9105,Inactive
EMP038795,Melissa,Martin,Melissa Martin,47,Marketing,Manager,Austin,75781.7,6590.17,2022-02-27,22,56.4,melissa.martin@company.com,(779) 308-7188,Active
EMP038796,Jessica,Martinez,Jessica Martinez,33,Finance,Manager,San Francisco,71953.81,8697.57,2023-11-12,9,72.4,jessica.martinez@company.com,(624) 730-4207,Active
EMP038797,Amanda,Moore,Amanda Moore,63,Marketing,Lead,San Francisco,109146.63,11345.61,2024-10-29,35,59.9,amanda.moore@company.com,(342) 661-7332,Active
EMP038798,Melissa,Wilson,Melissa Wilson,46,IT,Lead,Seattle,51401.16,8016.93,2022-02-03,21,83.6,melissa.wilson@company.com,(404) 694-1723,On Leave
EMP038799,James,Moore,James Moore,48,Marketing,Coordinator,New York,51387.53,3417.92,2022-03-01,24,73.8,james.moore@company.com,(861) 885-6918,Inactive
EMP038800,David,Rodriguez,David Rodriguez,45,Finance,Director,Los Angeles,71786.72,13047.19,2023-04-25,19,50.5,david.rodriguez@company.com,(690) 388-7655,Active
EMP038801,Michael,Davis,Michael Davis,30,Finance,Analyst,New York,58983.91,12027.14,2024-02-26,2,79.5,michael.davis@company.com,(273) 707-3961,Active
EMP038802,Lisa,Miller,Lisa Miller,57,Sales,Associate,Miami,64694.18,732.91,2024-12-18,28,95.8,lisa.miller@company.com,(261) 763-1827,Active
EMP038803,Emily,Miller,Emily Miller,47,Legal,Coordinator,Boston,78517.55,9332.97,2023-10-15,24,71.8,emily.miller@company.com,(810) 840-5314,Active
EMP038804,Melissa,Thomas,Melissa Thomas,25,Engineering,Analyst,Boston,75494.96,9748.2,2024-12-20,0,87.6,melissa.thomas@company.com,(237) 433-1482,Active
EMP038805,Sarah,Moore,Sarah Moore,36,IT,Director,New York,89328.05,12590.94,2023-04-10,13,100.0,sarah.moore@company.com,(881) 512-6809,Active
EMP038806,Michael,Wilson,Michael Wilson,59,IT,Senior Developer,Los Angeles,142825.87,7001.22,2022-06-01,32,52.9,michael.wilson@company.com,(644) 463-8056,Active
EMP038807,James,Smith,James Smith,48,Legal,Specialist,Boston,115158.81,12772.85,2021-09-24,26,78.2,james.smith@company.com,(331) 223-8292,Active
EMP038808,Ashley,Miller,Ashley Miller,48,HR,Manager,Chicago,66790.35,6592.92,2022-11-18,24,80.5,ashley.miller@company.com,(412) 803-4110,Active
EMP038809,Robert,Martinez,Robert Martinez,42,HR,Lead,New York,91814.52,6956.76,2022-08-22,13,80.1,robert.martinez@company.com,(662) 751-5420,Active
EMP038810,Jane,Thomas,Jane Thomas,47,IT,Director,Boston,83629.76,11573.24,2024-11-27,19,51.4,jane.thomas@company.com,(749) 404-8383,Active
EMP038811,Robert,Garcia,Robert Garcia,56,HR,Director,Miami,55152.82,7222.87,2024-12-12,34,89.1,robert.garcia@company.com,(451) 932-6569,Active
EMP038812,Jessica,Miller,Jessica Miller,28,Operations,Director,Chicago,41193.73,0.0,2020-05-17,1,89.1,jessica.miller@company.com,(869) 813-8336,Active
EMP038813,John,Smith,John Smith,27,HR,Manager,Miami,67979.2,7599.33,2023-01-26,2,42.9,john.smith@company.com,(938) 917-1743,Active
EMP038814,William,Hernandez,William Hernandez,34,Legal,Specialist,Austin,73256.81,6637.65,2022-11-29,10,80.7,william.hernandez@company.com,(636) 683-8938,Active
EMP038815,Michael,Smith,Michael Smith,51,Operations,Senior Developer,Boston,60363.08,6194.56,2024-02-16,24,76.1,michael.smith@company.com,(500) 316-2489,Active
EMP038816,Lisa,Hernandez,Lisa Hernandez,22,IT,Specialist,Chicago,36000.0,4519.53,2024-05-07,0,68.7,lisa.hernandez@company.com,(882) 862-6617,Active
EMP038817,Jane,Jones,Jane Jones,27,HR,Lead,Seattle,41211.89,2778.72,2022-11-19,3,76.1,jane.jones@company.com,(989) 901-9097,Active
EMP038818,Matthew,Martin,Matthew Martin,49,Operations,Analyst,Los Angeles,55849.88,7523.72,2023-10-05,22,76.2,matthew.martin@company.com,(464) 476-6887,Active
EMP038819,Nicole,Smith,Nicole Smith,57,HR,Manager,Austin,79568.85,6323.29,2023-04-07,32,81.0,nicole.smith@company.com,(224) 847-5864,Active
EMP038820,Matthew,Jackson,Matthew Jackson,58,Sales,Coordinator,Seattle,76677.16,10531.5,2021-02-26,34,80.5,matthew.jackson@company.com,(941) 774-9509,Active
EMP038821,Nicole,Miller,Nicole Miller,45,Sales,Specialist,San Francisco,69770.59,11256.57,2024-04-26,23,100.0,nicole.miller@company.com,(337) 687-1404,Active
EMP038822,Lisa,Wilson,Lisa Wilson,42,Operations,Specialist,New York,72714.86,8393.37,2021-06-28,16,80.6,lisa.wilson@company.com,(205) 218-4076,Active
EMP038823,John,Smith,John Smith,64,Marketing,Lead,Austin,77925.5,6573.41,2021-07-08,37,78.5,john.smith@company.com,(524) 700-9983,Active
EMP038824,Ashley,Thomas,Ashley Thomas,36,Sales,Lead,Miami,67496.58,6381.38,2021-04-06,7,71.5,ashley.thomas@company.com,(619) 298-8717,Active
EMP038825,Christopher,Miller,Christopher Miller,24,Marketing,Analyst,New York,53757.36,1403.56,2022-09-07,0,60.5,christopher.miller@company.com,(593) 823-9469,Active
EMP038826,Robert,Anderson,Robert Anderson,39,Finance,Specialist,Los Angeles,67164.84,5706.41,2021-03-19,14,83.8,robert.anderson@company.com,(869) 402-9959,Active
EMP038827,Michael,Rodriguez,Michael Rodriguez,51,Marketing,Director,Boston,59915.79,7710.81,2024-02-28,28,58.9,michael.rodriguez@company.com,(579) 724-2994,Active
EMP038828,Jane,Taylor,Jane Taylor,24,Sales,Analyst,Seattle,43709.0,5921.43,2021-08-02,0,77.9,jane.taylor@company.com,(275) 543-6922,Active
EMP038829,Melissa,Gonzalez,Melissa Gonzalez,53,Engineering,Coordinator,San Francisco,105318.07,8104.55,2020-10-21,29,92.8,melissa.gonzalez@company.com,(537) 827-5715,On Leave
EMP038830,Robert,Davis,Robert Davis,39,HR,Coordinator,Austin,71194.52,9427.74,2023-07-24,11,66.5,robert.davis@company.com,(727) 302-1559,Active
EMP038831,Christopher,Wilson,Christopher Wilson,51,Legal,Associate,Miami,100741.7,7866.5,2024-07-18,27,41.7,christopher.wilson@company.com,(903) 592-8489,Inactive
EMP038832,Sarah,Johnson,Sarah Johnson,42,Legal,Analyst,Boston,91014.46,9942.17,2023-03-02,19,67.5,sarah.johnson@company.com,(963) 377-7808,Active
EMP038833,Robert,Lopez,Robert Lopez,58,Sales,Specialist,Chicago,92572.74,9357.34,2024-02-18,34,66.5,robert.lopez@company.com,(914) 230-1268,Active
EMP038834,John,Rodriguez,John Rodriguez,62,Marketing,Analyst,New York,99261.39,19632.95,2022-05-09,34,77.1,john.rodriguez@company.com,(651) 322-1422,Active
EMP038835,Nicole,Hernandez,Nicole Hernandez,43,HR,Associate,Chicago,42487.02,5930.93,2020-05-18,18,95.4,nicole.hernandez@company.com,(437) 801-8932,Active
EMP038836,Melissa,Brown,Melissa Brown,32,Sales,Manager,Miami,63443.53,8398.75,2021-06-17,3,71.6,melissa.brown@company.com,(861) 209-1640,Active
EMP038837,William,Martinez,William Martinez,28,Operations,Director,New York,62302.23,4207.7,2020-11-11,0,55.5,william.martinez@company.com,(284) 751-8580,On Leave
EMP038838,Christopher,Rodriguez,Christopher Rodriguez,39,Sales,Specialist,Boston,59335.72,0.0,2021-07-24,13,76.8,christopher.rodriguez@company.com,(310) 780-1408,Active
EMP038839,Melissa,Davis,Melissa Davis,31,Sales,Coordinator,Miami,52497.1,6752.51,2021-05-03,5,100.0,melissa.davis@company.com,(931) 635-5429,Active
EMP038840,Ashley,Wilson,Ashley Wilson,55,Finance,Senior Developer,Miami,89113.04,10267.29,2023-08-16,30,98.9,ashley.wilson@company.com,(350) 391-9199,Active
EMP038841,Daniel,Johnson,Daniel Johnson,51,Marketing,Director,Los Angeles,50190.75,1601.63,2024-02-22,29,73.8,daniel.johnson@company.com,(209) 335-1527,Active
EMP038842,Melissa,Lopez,Melissa Lopez,61,Sales,Coordinator,Los Angeles,98619.58,4687.89,2021-04-14,32,83.0,melissa.lopez@company.com,(695) 296-9548,Active
EMP038843,David,Taylor,David Taylor,65,Marketing,Specialist,Chicago,83853.26,5545.88,2023-12-16,39,65.1,david.taylor@company.com,(661) 251-3789,Active
EMP038844,Amanda,Anderson,Amanda Anderson,47,Operations,Director,New York,60890.33,4624.14,2021-03-30,21,76.7,amanda.anderson@company.com,(534) 528-7682,Inactive
EMP038845,Stephanie,Martinez,Stephanie Martinez,44,Operations,Associate,Chicago,48869.03,6475.35,2022-10-06,20,83.9,stephanie.martinez@company.com,(229) 493-4922,Active
EMP038846,Matthew,Lopez,Matthew Lopez,61,HR,Specialist,Boston,95042.01,13736.68,2024-11-20,32,72.0,matthew.lopez@company.com,(517) 582-2476,Active
EMP038847,William,Martin,William Martin,52,Sales,Director,Los Angeles,75333.25,11175.31,2020-12-23,28,72.5,william.martin@company.com,(623) 358-8887,Active
EMP038848,Michael,Garcia,Michael Garcia,63,Legal,Coordinator,Austin,113383.86,3281.44,2023-05-01,39,61.2,michael.garcia@company.com,(237) 206-7853,Inactive
EMP038849,Jessica,Smith,Jessica Smith,43,IT,Analyst,San Francisco,97709.13,9760.6,2022-07-20,15,82.3,jessica.smith@company.com,(673) 658-2000,Active
EMP038850,Daniel,Martinez,Daniel Martinez,26,HR,Lead,Chicago,45198.26,7243.91,2023-01-21,2,61.9,daniel.martinez@company.com,(906) 650-1208,Active
EMP038851,Christopher,Davis,Christopher Davis,65,HR,Director,Seattle,90661.28,12722.67,2020-04-23,41,74.3,christopher.davis@company.com,(708) 414-2574,Active
EMP038852,Lisa,Brown,Lisa Brown,34,Marketing,Analyst,Los Angeles,93454.56,8710.86,2020-03-04,5,75.3,lisa.brown@company.com,(633) 933-2282,Active
EMP038853,Sarah,Moore,Sarah Moore,24,IT,Director,Miami,115611.29,0.0,2022-08-10,1,88.5,sarah.moore@company.com,(654) 405-7159,Active
EMP038854,Ashley,Miller,Ashley Miller,34,Marketing,Specialist,Los Angeles,71844.03,5134.17,2023-01-21,6,59.9,ashley.miller@company.com,(358) 278-3191,Active
EMP038855,Robert,Thomas,Robert Thomas,37,Sales,Senior Developer,Chicago,72348.87,6256.6,2021-02-16,11,88.1,robert.thomas@company.com,(506) 789-1116,Active
EMP038856,David,Rodriguez,David Rodriguez,60,Operations,Analyst,Seattle,72816.68,10280.12,2023-05-16,34,65.7,david.rodriguez@company.com,(284) 988-4474,Active
EMP038857,William,Johnson,William Johnson,27,Legal,Specialist,Seattle,81118.59,3574.33,2021-03-03,1,65.6,william.johnson@company.com,(676) 642-9599,Inactive
EMP038858,Michael,Garcia,Michael Garcia,51,Engineering,Manager,Boston,99774.92,7343.84,2023-01-12,26,100.0,michael.garcia@company.com,(824) 472-6788,Inactive
EMP038859,Matthew,Williams,Matthew Williams,24,Legal,Coordinator,Miami,63894.01,7823.05,2020-10-10,0,71.0,matthew.williams@company.com,(285) 263-9161,Active
EMP038860,Jessica,Martinez,Jessica Martinez,43,Engineering,Analyst,New York,102269.1,8512.87,2021-07-23,16,86.5,jessica.martinez@company.com,(489) 645-7387,Active
EMP038861,Emily,Rodriguez,Emily Rodriguez,41,IT,Associate,Miami,83740.55,8035.41,2020-02-28,16,81.9,emily.rodriguez@company.com,(659) 224-2339,Active
EMP038862,David,Moore,David Moore,36,IT,Lead,Boston,73834.8,10778.59,2024-02-06,12,80.3,david.moore@company.com,(309) 271-8776,Active
EMP038863,John,Johnson,John Johnson,35,Sales,Specialist,Los Angeles,48638.2,7553.22,2021-02-25,11,75.2,john.johnson@company.com,(461) 521-6793,Active
EMP038864,Jessica,Gonzalez,Jessica Gonzalez,45,Operations,Associate,San Francisco,56380.83,5808.65,2020-06-24,19,76.8,jessica.gonzalez@company.com,(982) 549-7711,Active
EMP038865,Christopher,Hernandez,Christopher Hernandez,43,IT,Manager,Seattle,49944.62,916.27,2023-07-26,16,81.8,christopher.hernandez@company.com,(813) 448-2542,Active
EMP038866,Amanda,Hernandez,Amanda Hernandez,57,Finance,Director,Austin,74102.75,15306.29,2020-07-28,29,76.9,amanda.hernandez@company.com,(596) 743-7360,Inactive
EMP038867,James,Moore,James Moore,37,Engineering,Manager,Los Angeles,65885.16,4032.53,2023-05-07,14,79.8,james.moore@company.com,(793) 296-3483,Active
EMP038868,Nicole,Brown,Nicole Brown,28,HR,Lead,Chicago,65227.75,16733.68,2022-06-24,0,71.6,nicole.brown@company.com,(460) 649-1857,Active
EMP038869,Christopher,Hernandez,Christopher Hernandez,45,Sales,Specialist,Los Angeles,69767.88,8479.75,2021-08-11,17,95.0,christopher.hernandez@company.com,(783) 693-6720,Active
EMP038870,Emily,Lopez,Emily Lopez,65,Operations,Senior Developer,Boston,75997.26,9769.67,2022-05-24,43,56.5,emily.lopez@company.com,(718) 488-4340,Active
EMP038871,Stephanie,Davis,Stephanie Davis,47,Operations,Senior Developer,San Francisco,66762.83,4242.82,2024-02-28,21,77.3,stephanie.davis@company.com,(626) 689-1291,Active
EMP038872,Christopher,Taylor,Christopher Taylor,26,Sales,Specialist,Los Angeles,63274.59,7217.7,2022-04-19,1,71.7,christopher.taylor@company.com,(637) 355-4299,Active
EMP038873,Sarah,Martinez,Sarah Martinez,51,Engineering,Coordinator,New York,67847.61,4260.59,2024-09-26,23,54.7,sarah.martinez@company.com,(254) 502-8500,Active
EMP038874,Robert,Smith,Robert Smith,29,Sales,Lead,Los Angeles,75656.99,0.0,2020-12-10,5,71.7,robert.smith@company.com,(509) 864-9121,Active
EMP038875,Lisa,Lopez,Lisa Lopez,22,Marketing,Manager,San Francisco,48724.54,3421.22,2023-02-22,0,72.3,lisa.lopez@company.com,(202) 344-8567,Active
EMP038876,Sarah,Davis,Sarah Davis,22,Sales,Manager,Austin,70883.71,5648.62,2022-06-10,0,68.3,sarah.davis@company.com,(886) 658-3030,Active
EMP038877,Melissa,Johnson,Melissa Johnson,54,Legal,Analyst,Austin,103334.86,5201.03,2020-04-13,31,88.4,melissa.johnson@company.com,(248) 859-8678,Active
EMP038878,Amanda,Thomas,Amanda Thomas,51,Legal,Senior Developer,San Francisco,106674.77,14397.75,2020-07-07,23,91.3,amanda.thomas@company.com,(540) 906-7115,Active
EMP038879,Stephanie,Rodriguez,Stephanie Rodriguez,50,Finance,Specialist,Boston,86313.7,8563.1,2022-11-13,26,88.7,stephanie.rodriguez@company.com,(336) 989-4519,Active
EMP038880,Anthony,Taylor,Anthony Taylor,23,Engineering,Specialist,Chicago,78751.32,4404.64,2023-09-14,1,73.5,anthony.taylor@company.com,(439) 548-4579,Active
EMP038881,Melissa,Garcia,Melissa Garcia,62,HR,Associate,Austin,76971.19,8985.98,2020-07-20,38,70.0,melissa.garcia@company.com,(661) 414-3987,Active
EMP038882,Christopher,Martin,Christopher Martin,30,HR,Associate,San Francisco,80265.0,8539.16,2021-10-14,2,69.8,christopher.martin@company.com,(203) 423-4722,Active
EMP038883,Emily,Garcia,Emily Garcia,61,IT,Analyst,Seattle,75055.49,13770.52,2021-05-29,32,55.9,emily.garcia@company.com,(336) 956-7845,Active
EMP038884,Stephanie,Hernandez,Stephanie Hernandez,27,Marketing,Manager,Boston,44847.53,8461.54,2022-05-11,0,83.2,stephanie.hernandez@company.com,(708) 484-7820,Inactive
EMP038885,Robert,Rodriguez,Robert Rodriguez,43,Operations,Specialist,Austin,73236.65,9931.39,2023-02-17,15,61.0,robert.rodriguez@company.com,(624) 249-2980,Active
EMP038886,David,Anderson,David Anderson,65,Finance,Manager,Chicago,115060.77,15184.79,2022-10-29,36,90.6,david.anderson@company.com,(743) 526-6595,Active
EMP038887,Michael,Johnson,Michael Johnson,51,HR,Associate,New York,68532.52,7213.8,2024-03-25,23,45.2,michael.johnson@company.com,(854) 987-9901,Active
EMP038888,Ashley,Jackson,Ashley Jackson,43,Operations,Associate,San Francisco,47638.26,4851.66,2020-03-08,18,61.4,ashley.jackson@company.com,(676) 641-5717,Active
EMP038889,Amanda,Lopez,Amanda Lopez,39,Finance,Coordinator,Chicago,58116.08,10705.1,2020-04-10,10,55.7,amanda.lopez@company.com,(844) 665-3739,Inactive
EMP038890,John,Rodriguez,John Rodriguez,51,Operations,Manager,Austin,49766.73,5191.61,2021-03-16,27,84.1,john.rodriguez@company.com,(350) 752-5828,Active
EMP038891,James,Wilson,James Wilson,33,Finance,Specialist,Boston,87307.16,10924.57,2023-07-26,8,70.3,james.wilson@company.com,(804) 351-4629,Active
EMP038892,James,Davis,James Davis,25,Sales,Specialist,San Francisco,80500.04,15325.96,2022-08-14,0,72.8,james.davis@company.com,(481) 995-2668,Active
EMP038893,Sarah,Miller,Sarah Miller,45,Operations,Director,New York,68037.53,9535.44,2023-05-27,18,60.3,sarah.miller@company.com,(403) 392-7510,Active
EMP038894,Christopher,Brown,Christopher Brown,46,Engineering,Associate,Boston,100455.02,9623.1,2022-12-08,18,84.9,christopher.brown@company.com,(689) 221-5940,Inactive
EMP038895,Michael,Johnson,Michael Johnson,62,Engineering,Analyst,San Francisco,117438.75,12226.46,2023-12-31,36,84.8,michael.johnson@company.com,(236) 415-1855,On Leave
EMP038896,Ashley,Brown,Ashley Brown,62,Engineering,Coordinator,San Francisco,128873.27,5410.47,2020-09-12,34,78.9,ashley.brown@company.com,(727) 972-6544,Inactive
EMP038897,John,Garcia,John Garcia,34,IT,Associate,Los Angeles,101545.82,7166.7,2023-04-20,8,63.5,john.garcia@company.com,(390) 664-6073,Active
EMP038898,Sarah,Jones,Sarah Jones,51,Engineering,Specialist,San Francisco,121087.89,14509.66,2022-02-10,28,62.4,sarah.jones@company.com,(963) 970-5378,Active
EMP038899,Lisa,Martinez,Lisa Martinez,41,Operations,Coordinator,Austin,35842.96,1121.15,2024-11-16,17,88.5,lisa.martinez@company.com,(691) 762-6729,Active
EMP038900,Jessica,Davis,Jessica Davis,36,HR,Coordinator,Boston,46762.63,6483.37,2020-12-04,11,92.5,jessica.davis@company.com,(991) 254-3966,Active
EMP038901,Sarah,Martin,Sarah Martin,48,Engineering,Analyst,Miami,98586.68,17982.23,2023-05-07,22,58.2,sarah.martin@company.com,(839) 864-6100,Active
EMP038902,Jessica,Gonzalez,Jessica Gonzalez,58,Sales,Director,Austin,88390.94,11841.34,2024-10-30,36,72.3,jessica.gonzalez@company.com,(349) 380-5577,Active
EMP038903,David,Martin,David Martin,24,Finance,Director,Austin,88439.86,11627.24,2020-04-24,0,100.0,david.martin@company.com,(901) 990-3833,Active
EMP038904,Melissa,Williams,Melissa Williams,29,HR,Specialist,Austin,68426.93,7244.81,2024-04-24,1,69.0,melissa.williams@company.com,(594) 738-6116,Active
EMP038905,James,Gonzalez,James Gonzalez,32,HR,Associate,Seattle,48190.98,7516.42,2021-10-31,5,23.6,james.gonzalez@company.com,(727) 475-7454,Active
EMP038906,Robert,Moore,Robert Moore,48,Sales,Director,Boston,83584.06,6275.29,2023-07-13,25,61.6,robert.moore@company.com,(663) 402-3451,Active
EMP038907,Michael,Jackson,Michael Jackson,36,Sales,Associate,Chicago,78305.19,3179.3,2022-11-25,14,82.9,michael.jackson@company.com,(764) 231-2054,Active
EMP038908,Jessica,Martinez,Jessica Martinez,38,Engineering,Senior Developer,New York,96668.54,15419.6,2020-05-17,12,85.7,jessica.martinez@company.com,(938) 774-8925,Active
EMP038909,Matthew,Moore,Matthew Moore,55,Finance,Director,San Francisco,108652.35,2668.34,2022-01-04,26,79.5,matthew.moore@company.com,(706) 453-7385,On Leave
EMP038910,Stephanie,Martinez,Stephanie Martinez,42,Finance,Director,Seattle,74583.42,8961.16,2021-02-14,16,100.0,stephanie.martinez@company.com,(573) 970-4063,Active
EMP038911,William,Johnson,William Johnson,52,Sales,Associate,Boston,86963.73,6813.48,2022-08-05,28,68.8,william.johnson@company.com,(594) 622-5181,Inactive
EMP038912,Jessica,Jones,Jessica Jones,63,Sales,Analyst,Miami,66217.16,10899.88,2020-11-25,36,82.5,jessica.jones@company.com,(239) 734-8266,Active
EMP038913,William,Anderson,William Anderson,59,Operations,Senior Developer,Boston,71502.44,4872.86,2021-10-08,36,55.9,william.anderson@company.com,(954) 996-1299,Active
EMP038914,Melissa,Moore,Melissa Moore,61,HR,Director,Boston,71261.77,10108.44,2023-08-06,34,65.4,melissa.moore@company.com,(312) 571-9204,Active
EMP038915,Michael,Jackson,Michael Jackson,57,Operations,Coordinator,Austin,94100.15,13522.85,2023-08-13,31,71.2,michael.jackson@company.com,(451) 861-6273,Active
EMP038916,Sarah,Brown,Sarah Brown,39,Operations,Lead,Seattle,60890.0,6474.16,2020-03-20,17,69.8,sarah.brown@company.com,(869) 727-9339,Active
EMP038917,James,Lopez,James Lopez,55,Finance,Senior Developer,Miami,127476.31,12676.83,2021-02-03,29,100.0,james.lopez@company.com,(971) 546-3974,Active
EMP038918,Melissa,Miller,Melissa Miller,60,Engineering,Coordinator,Los Angeles,88684.68,14739.72,2023-05-22,32,65.6,melissa.miller@company.com,(868) 600-7690,Active
EMP038919,Lisa,Martinez,Lisa Martinez,38,Finance,Director,Boston,78787.71,6548.64,2023-04-17,10,89.3,lisa.martinez@company.com,(517) 351-8939,Active
EMP038920,Jane,Miller,Jane Miller,35,Legal,Specialist,Seattle,115965.89,19837.71,2024-11-18,8,55.3,jane.miller@company.com,(222) 763-5499,On Leave
EMP038921,Ashley,Lopez,Ashley Lopez,52,Marketing,Manager,New York,74475.91,13871.65,2021-05-28,23,59.2,ashley.lopez@company.com,(487) 416-6541,Active
EMP038922,Nicole,Gonzalez,Nicole Gonzalez,57,Legal,Lead,New York,86871.64,7048.23,2023-04-03,35,73.7,nicole.gonzalez@company.com,(782) 509-1877,Active
EMP038923,David,Thomas,David Thomas,60,Finance,Director,Miami,99422.08,2662.21,2023-03-11,33,51.0,david.thomas@company.com,(763) 983-9388,Active
EMP038924,Ashley,Taylor,Ashley Taylor,38,HR,Manager,Miami,67062.58,8283.68,2021-05-09,9,47.8,ashley.taylor@company.com,(703) 606-9641,Active
EMP038925,John,Lopez,John Lopez,42,Sales,Senior Developer,Austin,86899.26,13490.64,2020-11-27,13,66.6,john.lopez@company.com,(908) 415-4304,Active
EMP038926,Anthony,Jones,Anthony Jones,47,HR,Analyst,Austin,76857.51,12915.85,2020-01-27,20,77.1,anthony.jones@company.com,(496) 517-6790,Active
EMP038927,Ashley,Williams,Ashley Williams,65,Operations,Coordinator,New York,77984.61,5249.64,2022-11-03,42,79.1,ashley.williams@company.com,(599) 609-4291,Inactive
EMP038928,Stephanie,Moore,Stephanie Moore,24,Legal,Analyst,Los Angeles,93680.48,12292.37,2021-02-08,0,83.8,stephanie.moore@company.com,(654) 226-3566,Active
EMP038929,Nicole,Martin,Nicole Martin,42,IT,Specialist,Los Angeles,82816.52,11435.58,2022-04-02,13,69.3,nicole.martin@company.com,(776) 592-2553,Active
EMP038930,Jane,Miller,Jane Miller,25,IT,Specialist,Miami,72253.99,7468.69,2020-11-20,0,71.0,jane.miller@company.com,(504) 753-2841,Active
EMP038931,Jane,Garcia,Jane Garcia,47,Marketing,Coordinator,Boston,74203.14,5885.39,2022-09-08,24,83.5,jane.garcia@company.com,(516) 830-1729,Active
EMP038932,Melissa,Gonzalez,Melissa Gonzalez,23,Finance,Associate,New York,45964.88,9952.89,2021-05-06,1,73.2,melissa.gonzalez@company.com,(436) 279-7990,Active
EMP038933,James,Taylor,James Taylor,28,HR,Director,San Francisco,46585.96,5650.48,2021-01-17,0,78.8,james.taylor@company.com,(873) 796-7155,Active
EMP038934,William,Gonzalez,William Gonzalez,44,HR,Associate,Boston,72798.59,10598.32,2023-03-18,20,76.5,william.gonzalez@company.com,(607) 390-4083,Active
EMP038935,Christopher,Jackson,Christopher Jackson,33,HR,Coordinator,Los Angeles,48078.52,5872.38,2022-12-08,6,78.5,christopher.jackson@company.com,(671) 544-3377,Active
EMP038936,Daniel,Lopez,Daniel Lopez,60,Marketing,Senior Developer,Austin,98726.25,9353.8,2020-01-25,33,75.3,daniel.lopez@company.com,(335) 640-9843,Active
EMP038937,Nicole,Anderson,Nicole Anderson,52,Legal,Lead,Chicago,74190.95,9033.77,2023-09-20,24,65.9,nicole.anderson@company.com,(258) 352-4380,Active
EMP038938,Amanda,Miller,Amanda Miller,52,IT,Coordinator,Los Angeles,114630.49,12685.81,2020-11-14,30,71.3,amanda.miller@company.com,(730) 540-2207,Active
EMP038939,Melissa,Taylor,Melissa Taylor,27,Legal,Analyst,San Francisco,69613.04,11086.1,2020-05-08,0,38.5,melissa.taylor@company.com,(681) 551-1287,Active
EMP038940,Matthew,Hernandez,Matthew Hernandez,24,Operations,Coordinator,Austin,29836.74,3213.83,2021-06-06,2,56.8,matthew.hernandez@company.com,(400) 511-1093,Active
EMP038941,Christopher,Rodriguez,Christopher Rodriguez,22,Marketing,Associate,Seattle,51863.11,7292.85,2021-07-20,0,62.6,christopher.rodriguez@company.com,(842) 300-3043,Active
EMP038942,Anthony,Lopez,Anthony Lopez,35,HR,Associate,Chicago,67658.02,5922.45,2020-08-30,10,76.8,anthony.lopez@company.com,(216) 388-4341,Active
EMP038943,Ashley,Hernandez,Ashley Hernandez,57,Finance,Associate,Boston,80557.87,1689.75,2022-07-08,33,67.4,ashley.hernandez@company.com,(613) 530-5982,Active
EMP038944,Stephanie,Taylor,Stephanie Taylor,42,IT,Director,Miami,66997.34,7469.54,2024-06-11,15,68.9,stephanie.taylor@company.com,(693) 834-1879,Active
EMP038945,Robert,Wilson,Robert Wilson,60,Legal,Lead,Austin,147922.54,21209.33,2022-08-05,35,89.0,robert.wilson@company.com,(528) 232-6406,Inactive
EMP038946,Christopher,Lopez,Christopher Lopez,45,Finance,Analyst,Los Angeles,51511.87,3766.1,2021-09-18,16,73.8,christopher.lopez@company.com,(323) 349-5515,Active
EMP038947,Robert,Rodriguez,Robert Rodriguez,56,Operations,Coordinator,Seattle,84234.63,3309.71,2022-05-26,33,68.0,robert.rodriguez@company.com,(956) 345-7038,Active
EMP038948,Jane,Taylor,Jane Taylor,41,Legal,Coordinator,Los Angeles,93514.66,9695.47,2021-10-20,18,85.1,jane.taylor@company.com,(784) 215-5778,Active
EMP038949,Anthony,Smith,Anthony Smith,53,Operations,Specialist,Miami,70402.88,7070.85,2023-05-12,26,77.8,anthony.smith@company.com,(884) 879-8842,Active
EMP038950,Emily,Rodriguez,Emily Rodriguez,25,Engineering,Senior Developer,Chicago,89520.74,13137.56,2023-05-16,3,44.0,emily.rodriguez@company.com,(729) 429-6285,Active
EMP038951,Ashley,Martinez,Ashley Martinez,51,Marketing,Director,Seattle,64765.02,6157.13,2022-01-26,26,71.1,ashley.martinez@company.com,(522) 711-3516,Active
EMP038952,Anthony,Jones,Anthony Jones,29,Marketing,Director,Chicago,58739.34,5547.82,2021-07-20,3,73.4,anthony.jones@company.com,(658) 598-7193,Active
EMP038953,Amanda,Taylor,Amanda Taylor,22,Sales,Senior Developer,San Francisco,57084.54,2823.31,2023-02-04,0,93.7,amanda.taylor@company.com,(796) 583-4069,Active
EMP038954,Anthony,Jones,Anthony Jones,22,Finance,Senior Developer,Miami,84508.55,10647.88,2023-01-06,0,60.7,anthony.jones@company.com,(855) 580-4354,Active
EMP038955,William,Jackson,William Jackson,24,Marketing,Director,Boston,50808.39,8446.48,2022-01-15,0,48.8,william.jackson@company.com,(592) 795-7632,On Leave
EMP038956,Sarah,Thomas,Sarah Thomas,25,Operations,Specialist,Seattle,63903.56,9883.6,2023-07-09,0,92.7,sarah.thomas@company.com,(441) 313-6359,Active
EMP038957,Emily,Garcia,Emily Garcia,46,Operations,Lead,Boston,46229.9,2285.07,2023-03-25,22,77.3,emily.garcia@company.com,(291) 741-6221,Active
EMP038958,Stephanie,Lopez,Stephanie Lopez,44,Finance,Manager,Seattle,45708.26,5301.56,2021-06-15,15,50.8,stephanie.lopez@company.com,(947) 886-5788,Active
EMP038959,Sarah,Hernandez,Sarah Hernandez,31,Marketing,Coordinator,San Francisco,63262.83,1222.97,2024-05-30,8,76.4,sarah.hernandez@company.com,(532) 451-6007,Active
EMP038960,Lisa,Garcia,Lisa Garcia,46,Engineering,Coordinator,Boston,133403.86,15221.86,2024-01-27,22,56.7,lisa.garcia@company.com,(808) 855-9784,Active
EMP038961,William,Martin,William Martin,25,Engineering,Analyst,Miami,102889.12,9823.94,2021-06-11,0,70.3,william.martin@company.com,(654) 406-4519,Active
EMP038962,Emily,Thomas,Emily Thomas,29,HR,Associate,Boston,39863.17,4714.22,2023-11-22,2,84.6,emily.thomas@company.com,(811) 893-7072,Active
EMP038963,Christopher,Wilson,Christopher Wilson,24,Marketing,Analyst,Miami,70720.16,10497.38,2023-06-25,0,90.0,christopher.wilson@company.com,(769) 370-1575,Active
EMP038964,Amanda,Taylor,Amanda Taylor,54,Sales,Analyst,Chicago,67582.59,7924.69,2022-03-03,32,83.0,amanda.taylor@company.com,(459) 574-2068,Active
EMP038965,Daniel,Smith,Daniel Smith,50,Marketing,Lead,Miami,83528.85,11464.7,2021-10-21,24,73.3,daniel.smith@company.com,(551) 340-5017,Active
EMP038966,Anthony,Williams,Anthony Williams,52,Operations,Analyst,Los Angeles,83818.5,12612.38,2023-11-13,24,64.4,anthony.williams@company.com,(648) 813-6239,On Leave
EMP038967,Sarah,Anderson,Sarah Anderson,56,Legal,Director,Seattle,122353.44,11749.15,2022-03-21,34,81.0,sarah.anderson@company.com,(914) 927-8202,Active
EMP038968,Melissa,Smith,Melissa Smith,58,Sales,Lead,Miami,74175.89,13554.32,2023-11-05,30,74.4,melissa.smith@company.com,(212) 946-1306,Active
EMP038969,Robert,Taylor,Robert Taylor,59,Engineering,Lead,Austin,125498.48,12185.52,2022-09-07,33,83.0,robert.taylor@company.com,(896) 309-6495,Active
EMP038970,William,Anderson,William Anderson,38,Engineering,Analyst,New York,87154.22,4225.25,2023-11-24,14,55.3,william.anderson@company.com,(571) 800-2379,Active
EMP038971,John,Miller,John Miller,55,Engineering,Associate,San Francisco,108289.09,15115.44,2024-07-16,33,100.0,john.miller@company.com,(522) 241-3148,Active
EMP038972,Amanda,Miller,Amanda Miller,47,IT,Specialist,Los Angeles,106335.71,12355.93,2023-09-11,24,46.4,amanda.miller@company.com,(727) 263-6504,Active
EMP038973,Sarah,Williams,Sarah Williams,34,HR,Specialist,Seattle,94182.92,16146.99,2022-01-16,5,85.2,sarah.williams@company.com,(601) 479-6030,Active
EMP038974,Nicole,Brown,Nicole Brown,39,IT,Specialist,San Francisco,83080.62,7757.65,2021-02-16,16,68.9,nicole.brown@company.com,(219) 338-4882,Active
EMP038975,Emily,Wilson,Emily Wilson,62,Engineering,Manager,Miami,127586.08,5913.73,2022-10-07,38,54.0,emily.wilson@company.com,(879) 972-6480,Active
EMP038976,Lisa,Taylor,Lisa Taylor,65,Finance,Analyst,Seattle,64992.44,5545.64,2021-11-21,41,87.0,lisa.taylor@company.com,(764) 348-1987,Active
EMP038977,Jessica,Garcia,Jessica Garcia,28,Marketing,Manager,Chicago,69852.04,7142.34,2022-12-28,5,79.2,jessica.garcia@company.com,(240) 725-9225,Active
EMP038978,Jane,Williams,Jane Williams,58,Sales,Associate,Miami,67479.6,10490.11,2020-09-13,35,72.0,jane.williams@company.com,(314) 750-3080,Active
EMP038979,Melissa,Wilson,Melissa Wilson,39,HR,Analyst,Seattle,43040.91,4850.18,2020-04-17,16,82.3,melissa.wilson@company.com,(604) 278-5277,Active
EMP038980,Daniel,Hernandez,Daniel Hernandez,32,Finance,Director,Austin,77468.45,5602.54,2023-12-05,4,81.7,daniel.hernandez@company.com,(836) 775-6218,Active
EMP038981,Matthew,Williams,Matthew Williams,36,IT,Coordinator,Los Angeles,96100.99,9019.6,2022-01-15,14,68.4,matthew.williams@company.com,(672) 481-3535,Active
EMP038982,Melissa,Brown,Melissa Brown,55,Operations,Specialist,Austin,70377.07,6967.68,2021-12-03,33,56.7,melissa.brown@company.com,(516) 238-7692,Active
EMP038983,Sarah,Garcia,Sarah Garcia,56,IT,Analyst,Austin,93919.27,5129.88,2024-08-15,29,94.2,sarah.garcia@company.com,(791) 736-2269,Active
EMP038984,Anthony,Williams,Anthony Williams,38,HR,Senior Developer,Austin,56685.72,11005.68,2022-07-08,16,59.0,anthony.williams@company.com,(222) 474-7158,Active
EMP038985,Anthony,Martinez,Anthony Martinez,34,Engineering,Coordinator,Boston,83857.88,5223.39,2020-03-10,12,51.5,anthony.martinez@company.com,(632) 914-2181,Active
EMP038986,Sarah,Davis,Sarah Davis,53,Legal,Director,Miami,106931.48,7483.16,2020-07-20,31,54.6,sarah.davis@company.com,(714) 731-7664,Active
EMP038987,Lisa,Davis,Lisa Davis,31,HR,Associate,Miami,56865.14,1643.35,2023-10-24,2,53.1,lisa.davis@company.com,(799) 452-1212,Active
EMP038988,James,Rodriguez,James Rodriguez,61,Engineering,Analyst,Seattle,98433.12,9438.53,2023-01-06,32,100.0,james.rodriguez@company.com,(665) 574-6179,Active
EMP038989,John,Williams,John Williams,62,IT,Coordinator,Boston,62672.5,3440.95,2021-07-28,39,62.4,john.williams@company.com,(253) 366-1748,Active
EMP038990,Sarah,Miller,Sarah Miller,32,Marketing,Senior Developer,Austin,54746.29,5651.57,2024-09-02,5,71.2,sarah.miller@company.com,(327) 743-2958,Active
EMP038991,Jane,Hernandez,Jane Hernandez,24,Operations,Coordinator,Boston,50622.61,5851.73,2022-10-11,1,89.5,jane.hernandez@company.com,(916) 418-1008,Active
EMP038992,Michael,Wilson,Michael Wilson,39,Operations,Manager,New York,59241.23,9346.66,2020-11-29,13,71.5,michael.wilson@company.com,(541) 963-2669,Active
EMP038993,Michael,Martinez,Michael Martinez,26,Engineering,Associate,Chicago,48018.04,3904.46,2021-07-28,0,77.1,michael.martinez@company.com,(855) 801-7395,Active
EMP038994,Lisa,Martinez,Lisa Martinez,35,Sales,Coordinator,Seattle,72688.85,7974.36,2024-01-20,8,69.8,lisa.martinez@company.com,(690) 323-8903,Active
EMP038995,Jessica,Davis,Jessica Davis,60,Operations,Director,Chicago,68798.01,8576.52,2020-07-13,34,62.7,jessica.davis@company.com,(562) 604-7773,Active
EMP038996,Daniel,Taylor,Daniel Taylor,29,Finance,Associate,Seattle,78394.77,6954.74,2020-05-25,5,65.9,daniel.taylor@company.com,(880) 210-4862,Active
EMP038997,Melissa,Moore,Melissa Moore,23,Legal,Analyst,Seattle,50242.9,6538.52,2020-04-26,0,77.9,melissa.moore@company.com,(637) 263-1041,Active
EMP038998,Emily,Wilson,Emily Wilson,38,IT,Director,Boston,86362.11,14000.31,2020-05-09,9,88.6,emily.wilson@company.com,(471) 436-6881,On Leave
EMP038999,Stephanie,Thomas,Stephanie Thomas,29,Legal,Specialist,Austin,87406.13,10897.23,2020-05-28,0,66.8,stephanie.thomas@company.com,(231) 588-3524,Active
EMP039000,Ashley,Johnson,Ashley Johnson,22,Sales,Analyst,Seattle,54777.72,9978.7,2023-06-26,0,77.7,ashley.johnson@company.com,(786) 761-2085,Active
EMP039001,Matthew,Moore,Matthew Moore,58,IT,Associate,New York,87096.92,6453.1,2024-05-02,34,66.4,matthew.moore@company.com,(376) 668-1013,Active
EMP039002,Michael,Martin,Michael Martin,64,Legal,Specialist,Miami,112943.43,10812.36,2022-11-11,41,95.1,michael.martin@company.com,(743) 777-1765,Active
EMP039003,Jessica,Moore,Jessica Moore,61,Legal,Manager,Miami,106028.88,5631.68,2023-01-27,33,55.5,jessica.moore@company.com,(902) 340-6593,Active
EMP039004,James,Martin,James Martin,41,Finance,Coordinator,New York,80622.25,5953.41,2023-11-19,16,88.5,james.martin@company.com,(452) 864-6860,Inactive
EMP039005,Jessica,Thomas,Jessica Thomas,22,Finance,Associate,Los Angeles,78166.41,14475.76,2023-05-28,0,58.1,jessica.thomas@company.com,(746) 256-5601,Active
EMP039006,Melissa,Martin,Melissa Martin,65,HR,Associate,Boston,66308.98,11721.26,2024-08-06,42,63.0,melissa.martin@company.com,(519) 727-4797,Active
EMP039007,Nicole,Jones,Nicole Jones,34,Operations,Senior Developer,Los Angeles,56093.11,4079.36,2023-11-25,12,63.7,nicole.jones@company.com,(298) 294-7123,Active
EMP039008,Amanda,Martin,Amanda Martin,33,Engineering,Manager,San Francisco,70290.48,4268.4,2021-09-25,10,77.3,amanda.martin@company.com,(518) 273-5496,Active
EMP039009,John,Rodriguez,John Rodriguez,61,HR,Lead,Miami,94504.96,11001.53,2023-07-18,34,58.3,john.rodriguez@company.com,(868) 847-2097,Active
EMP039010,James,Hernandez,James Hernandez,65,Marketing,Manager,Seattle,99159.21,10244.96,2022-04-20,38,70.0,james.hernandez@company.com,(971) 633-8920,Active
EMP039011,Nicole,Jones,Nicole Jones,60,Marketing,Senior Developer,Seattle,76924.97,7118.9,2021-07-20,34,90.7,nicole.jones@company.com,(241) 645-2432,On Leave
EMP039012,Robert,Miller,Robert Miller,33,Finance,Director,Boston,90707.2,844.8,2021-10-04,4,94.7,robert.miller@company.com,(939) 640-6793,Active
EMP039013,David,Moore,David Moore,59,Legal,Manager,Los Angeles,92628.26,3548.29,2021-02-26,30,44.4,david.moore@company.com,(381) 569-1716,Active
EMP039014,David,Martin,David Martin,37,Engineering,Associate,Austin,65851.12,8244.42,2022-02-05,10,100.0,david.martin@company.com,(810) 793-7785,Active
EMP039015,Ashley,Hernandez,Ashley Hernandez,30,IT,Coordinator,Miami,92340.74,7235.06,2020-06-17,5,65.8,ashley.hernandez@company.com,(834) 392-4684,Active
EMP039016,Lisa,Davis,Lisa Davis,35,Engineering,Analyst,Boston,111598.29,3899.54,2023-10-08,7,51.7,lisa.davis@company.com,(249) 332-4190,Inactive
EMP039017,William,Smith,William Smith,29,Legal,Senior Developer,Chicago,88462.84,8965.02,2021-03-24,3,83.7,william.smith@company.com,(718) 423-2319,Active
EMP039018,Nicole,Davis,Nicole Davis,25,Marketing,Coordinator,Seattle,78773.09,6618.37,2022-03-24,0,65.4,nicole.davis@company.com,(906) 513-1729,Active
EMP039019,Lisa,Lopez,Lisa Lopez,46,Engineering,Director,Austin,93476.06,11547.0,2023-06-02,21,82.4,lisa.lopez@company.com,(655) 319-2175,Active
EMP039020,Christopher,Hernandez,Christopher Hernandez,29,Sales,Associate,Austin,62905.27,4501.2,2023-12-05,6,90.7,christopher.hernandez@company.com,(821) 869-7178,Active
EMP039021,Christopher,Garcia,Christopher Garcia,41,Legal,Lead,New York,55933.78,3509.75,2020-05-04,15,70.3,christopher.garcia@company.com,(610) 233-4524,Active
EMP039022,James,Anderson,James Anderson,54,HR,Director,Miami,74019.7,12946.79,2022-08-16,25,76.4,james.anderson@company.com,(366) 901-5339,Active
EMP039023,Michael,Jackson,Michael Jackson,59,Sales,Specialist,Los Angeles,81044.19,7109.48,2024-04-23,31,51.1,michael.jackson@company.com,(693) 347-8467,Inactive
EMP039024,William,Garcia,William Garcia,58,Engineering,Director,Boston,144123.03,0.0,2024-12-07,29,70.8,william.garcia@company.com,(983) 235-3558,Active
EMP039025,Amanda,Martinez,Amanda Martinez,25,HR,Analyst,Chicago,87468.26,13300.82,2023-04-16,0,82.6,amanda.martinez@company.com,(448) 324-2366,Active
EMP039026,Anthony,Miller,Anthony Miller,53,Engineering,Coordinator,Seattle,106791.5,16188.52,2024-04-12,30,96.3,anthony.miller@company.com,(356) 656-2410,Active
EMP039027,Robert,Gonzalez,Robert Gonzalez,38,Legal,Manager,Chicago,92897.87,13157.89,2020-08-16,16,64.7,robert.gonzalez@company.com,(995) 265-8025,Active
EMP039028,Lisa,Lopez,Lisa Lopez,65,Finance,Analyst,Miami,53425.68,3632.42,2020-07-23,37,57.7,lisa.lopez@company.com,(960) 292-3645,Active
EMP039029,Jessica,Hernandez,Jessica Hernandez,31,Operations,Manager,Boston,65395.97,7152.48,2022-11-19,7,56.5,jessica.hernandez@company.com,(854) 472-7236,Inactive
EMP039030,John,Rodriguez,John Rodriguez,31,Legal,Associate,New York,72881.82,4804.71,2020-04-17,9,71.8,john.rodriguez@company.com,(371) 508-9897,Active
EMP039031,Stephanie,Smith,Stephanie Smith,23,HR,Director,San Francisco,48701.77,4705.64,2020-04-02,0,83.8,stephanie.smith@company.com,(217) 309-6338,Inactive
EMP039032,Robert,Davis,Robert Davis,65,Engineering,Associate,Los Angeles,162424.26,15977.05,2022-09-02,42,60.0,robert.davis@company.com,(848) 572-2950,Active
EMP039033,Anthony,Taylor,Anthony Taylor,53,IT,Manager,Seattle,78100.27,5450.41,2020-11-01,28,58.1,anthony.taylor@company.com,(617) 771-1967,Active
EMP039034,Ashley,Garcia,Ashley Garcia,58,Finance,Associate,New York,104202.83,13774.55,2021-09-14,35,81.4,ashley.garcia@company.com,(848) 912-5643,Active
EMP039035,Christopher,Smith,Christopher Smith,51,Legal,Manager,Los Angeles,55171.97,9478.89,2021-04-10,22,67.0,christopher.smith@company.com,(688) 342-9579,Active
EMP039036,Emily,Hernandez,Emily Hernandez,38,Legal,Coordinator,Austin,62945.34,5617.53,2020-05-15,14,64.7,emily.hernandez@company.com,(826) 799-6190,Inactive
EMP039037,Stephanie,Hernandez,Stephanie Hernandez,64,Finance,Specialist,Boston,101990.35,12571.33,2023-08-05,36,72.8,stephanie.hernandez@company.com,(262) 325-2737,Inactive
EMP039038,Lisa,Hernandez,Lisa Hernandez,56,Legal,Associate,Boston,118526.27,14630.04,2020-12-10,30,61.9,lisa.hernandez@company.com,(795) 739-1925,Active
EMP039039,Amanda,Rodriguez,Amanda Rodriguez,35,Marketing,Director,Seattle,49576.78,8948.47,2023-10-15,6,60.6,amanda.rodriguez@company.com,(976) 792-5582,On Leave
EMP039040,Nicole,Lopez,Nicole Lopez,24,Marketing,Senior Developer,Miami,48440.35,8825.77,2021-06-09,0,98.6,nicole.lopez@company.com,(267) 819-1735,Active
EMP039041,Matthew,Jackson,Matthew Jackson,22,HR,Associate,Los Angeles,59832.47,5203.86,2021-12-10,0,69.6,matthew.jackson@company.com,(746) 680-3841,Active
EMP039042,Daniel,Martinez,Daniel Martinez,65,Engineering,Associate,Miami,141735.5,8405.75,2021-07-19,36,86.9,daniel.martinez@company.com,(744) 663-3078,Active
EMP039043,Daniel,Smith,Daniel Smith,57,Operations,Associate,New York,61552.43,12777.54,2021-05-05,29,85.5,daniel.smith@company.com,(593) 493-4300,Active
EMP039044,Matthew,Miller,Matthew Miller,29,Legal,Associate,Los Angeles,61535.28,2227.84,2022-12-21,5,74.3,matthew.miller@company.com,(316) 357-1282,Active
EMP039045,William,Davis,William Davis,65,Finance,Lead,San Francisco,106216.81,15851.46,2020-09-01,43,87.7,william.davis@company.com,(718) 965-6530,On Leave
EMP039046,Amanda,Davis,Amanda Davis,32,IT,Specialist,New York,77653.52,9976.91,2024-06-02,10,92.1,amanda.davis@company.com,(973) 325-6486,Active
EMP039047,Daniel,Martinez,Daniel Martinez,40,Engineering,Manager,Boston,96324.12,10126.6,2024-08-11,15,74.7,daniel.martinez@company.com,(889) 475-9989,Inactive
EMP039048,Anthony,Lopez,Anthony Lopez,25,HR,Coordinator,Austin,68798.28,8477.25,2023-03-12,0,84.3,anthony.lopez@company.com,(558) 748-3019,Inactive
EMP039049,Jane,Miller,Jane Miller,30,IT,Specialist,Austin,66552.25,8209.1,2024-12-27,6,74.2,jane.miller@company.com,(880) 244-3580,Active
EMP039050,Nicole,Wilson,Nicole Wilson,49,Marketing,Specialist,New York,72928.92,5274.88,2022-05-13,27,69.4,nicole.wilson@company.com,(804) 884-5317,Active
EMP039051,Christopher,Williams,Christopher Williams,38,Engineering,Coordinator,New York,91610.1,12492.23,2022-10-04,15,70.3,christopher.williams@company.com,(535) 521-1295,Active
EMP039052,Ashley,Jackson,Ashley Jackson,56,HR,Manager,Miami,61723.95,4027.24,2023-02-13,34,76.5,ashley.jackson@company.com,(359) 702-9653,Active
EMP039053,Robert,Jones,Robert Jones,29,IT,Director,Miami,66157.28,8831.5,2022-09-27,6,75.4,robert.jones@company.com,(894) 600-7194,Inactive
EMP039054,John,Martinez,John Martinez,35,Finance,Lead,Miami,81497.1,9409.44,2024-07-23,13,84.3,john.martinez@company.com,(393) 909-9897,Active
EMP039055,Ashley,Anderson,Ashley Anderson,46,Operations,Analyst,Seattle,82000.81,5955.55,2020-11-12,24,81.1,ashley.anderson@company.com,(888) 853-3914,Active
EMP039056,Lisa,Wilson,Lisa Wilson,52,IT,Coordinator,Miami,42256.28,7599.13,2022-10-04,28,71.9,lisa.wilson@company.com,(854) 271-2646,Active
EMP039057,Stephanie,Thomas,Stephanie Thomas,26,Finance,Director,Chicago,50303.15,6164.7,2022-02-03,4,69.4,stephanie.thomas@company.com,(523) 507-6167,Active
EMP039058,Daniel,Rodriguez,Daniel Rodriguez,48,Operations,Lead,Seattle,71409.08,596.19,2022-11-10,24,78.9,daniel.rodriguez@company.com,(690) 646-5662,Active
EMP039059,Anthony,Thomas,Anthony Thomas,43,Operations,Analyst,Boston,36626.29,5760.29,2021-06-30,16,93.8,anthony.thomas@company.com,(289) 899-2059,Active
EMP039060,David,Miller,David Miller,48,Marketing,Manager,Chicago,79638.87,9269.34,2022-02-28,25,100.0,david.miller@company.com,(515) 499-4309,Inactive
EMP039061,Daniel,Jones,Daniel Jones,25,Legal,Senior Developer,Boston,62979.94,1102.35,2022-08-31,2,69.6,daniel.jones@company.com,(544) 423-7894,Active
EMP039062,John,Wilson,John Wilson,33,Finance,Lead,San Francisco,86615.39,11348.6,2024-08-05,4,88.9,john.wilson@company.com,(248) 581-1886,Active
EMP039063,Jessica,Taylor,Jessica Taylor,62,IT,Lead,Los Angeles,115206.74,17126.9,2020-07-29,35,74.1,jessica.taylor@company.com,(535) 318-6443,Active
EMP039064,Jessica,Martin,Jessica Martin,57,Sales,Director,Chicago,71159.14,12233.5,2023-10-11,31,92.6,jessica.martin@company.com,(617) 927-8441,Active
EMP039065,Daniel,Gonzalez,Daniel Gonzalez,50,Sales,Specialist,Boston,75901.86,8260.12,2022-09-18,26,76.2,daniel.gonzalez@company.com,(582) 829-1802,Active
EMP039066,Matthew,Johnson,Matthew Johnson,63,Operations,Coordinator,Miami,80138.59,3156.21,2023-09-18,34,59.7,matthew.johnson@company.com,(534) 952-6044,Active
EMP039067,David,Thomas,David Thomas,59,IT,Specialist,Chicago,80047.41,2234.52,2023-05-20,33,66.2,david.thomas@company.com,(960) 390-9232,Active
EMP039068,Michael,Wilson,Michael Wilson,39,Finance,Lead,Miami,91305.4,10468.64,2024-06-17,11,83.5,michael.wilson@company.com,(334) 658-6640,Active
EMP039069,David,Moore,David Moore,56,Operations,Associate,Boston,70603.54,0.0,2022-07-09,33,98.3,david.moore@company.com,(400) 378-9598,Inactive
EMP039070,Robert,Miller,Robert Miller,30,Finance,Lead,Seattle,91300.27,5116.91,2023-07-28,8,72.3,robert.miller@company.com,(321) 736-1840,Inactive
EMP039071,Robert,Lopez,Robert Lopez,24,Operations,Lead,Seattle,41765.17,2735.97,2024-12-01,0,71.9,robert.lopez@company.com,(599) 744-9366,Active
EMP039072,Daniel,Anderson,Daniel Anderson,64,Engineering,Associate,Boston,159242.46,20056.15,2023-10-21,37,74.8,daniel.anderson@company.com,(705) 512-5514,Active
EMP039073,Lisa,Gonzalez,Lisa Gonzalez,42,Operations,Director,Boston,41902.54,5543.07,2024-08-20,15,68.2,lisa.gonzalez@company.com,(919) 583-9135,Active
EMP039074,John,Jackson,John Jackson,53,Sales,Specialist,San Francisco,88311.27,5941.96,2022-01-12,30,94.7,john.jackson@company.com,(236) 568-2430,Active
EMP039075,Sarah,Jones,Sarah Jones,26,IT,Senior Developer,San Francisco,83231.08,4906.29,2021-10-19,0,71.0,sarah.jones@company.com,(816) 587-6466,Active
EMP039076,Melissa,Lopez,Melissa Lopez,64,HR,Director,New York,74777.73,8640.16,2021-02-16,35,70.3,melissa.lopez@company.com,(324) 209-3950,Inactive
EMP039077,Melissa,Jackson,Melissa Jackson,32,Finance,Analyst,San Francisco,78417.17,8532.25,2023-07-20,8,76.6,melissa.jackson@company.com,(853) 593-2800,Active
EMP039078,Nicole,Moore,Nicole Moore,28,Finance,Manager,New York,61762.83,8006.28,2020-06-05,2,61.6,nicole.moore@company.com,(998) 339-4359,Active
EMP039079,Melissa,Jones,Melissa Jones,43,Marketing,Analyst,Seattle,65017.03,8250.02,2020-01-06,14,74.6,melissa.jones@company.com,(651) 875-7540,Active
EMP039080,Matthew,Taylor,Matthew Taylor,49,Finance,Lead,Chicago,98412.87,19047.49,2024-10-02,21,52.2,matthew.taylor@company.com,(904) 418-1231,Active
EMP039081,Anthony,Garcia,Anthony Garcia,22,Marketing,Lead,Chicago,37541.98,2494.98,2024-03-11,0,100.0,anthony.garcia@company.com,(705) 968-7663,Active
EMP039082,Jane,Gonzalez,Jane Gonzalez,35,IT,Lead,Chicago,103834.58,6529.47,2024-03-21,10,63.5,jane.gonzalez@company.com,(475) 319-5662,Active
EMP039083,Jessica,Miller,Jessica Miller,43,Legal,Coordinator,Seattle,82281.18,4102.96,2024-08-01,19,77.3,jessica.miller@company.com,(702) 447-5100,Active
EMP039084,Stephanie,Lopez,Stephanie Lopez,31,Sales,Director,Miami,47017.12,1234.89,2021-12-27,4,80.0,stephanie.lopez@company.com,(237) 761-3668,Active
EMP039085,William,Wilson,William Wilson,51,Operations,Specialist,Chicago,32309.29,2176.76,2023-08-24,27,75.8,william.wilson@company.com,(634) 653-3714,Active
EMP039086,Anthony,Hernandez,Anthony Hernandez,43,Sales,Associate,Miami,75165.64,101.66,2020-08-26,14,88.3,anthony.hernandez@company.com,(329) 314-2003,On Leave
EMP039087,Nicole,Anderson,Nicole Anderson,25,Legal,Specialist,Chicago,66463.19,10683.11,2023-11-19,0,77.4,nicole.anderson@company.com,(505) 827-3607,Active
EMP039088,Melissa,Moore,Melissa Moore,43,IT,Analyst,Austin,110808.24,18094.31,2023-04-25,17,100.0,melissa.moore@company.com,(953) 553-6658,Active
EMP039089,Robert,Smith,Robert Smith,30,Legal,Specialist,Austin,64278.82,5912.77,2020-02-07,3,73.0,robert.smith@company.com,(796) 468-6416,Active
EMP039090,Jane,Anderson,Jane Anderson,51,Operations,Analyst,Boston,56967.09,7181.1,2021-12-21,25,60.9,jane.anderson@company.com,(965) 363-3646,On Leave
EMP039091,James,Smith,James Smith,42,Sales,Coordinator,New York,82893.7,14401.98,2021-12-30,19,69.5,james.smith@company.com,(967) 620-9757,Active
EMP039092,Melissa,Martinez,Melissa Martinez,49,Finance,Analyst,Los Angeles,92079.98,16765.83,2020-04-02,24,66.1,melissa.martinez@company.com,(337) 377-2444,Active
EMP039093,Michael,Williams,Michael Williams,25,IT,Associate,San Francisco,74519.34,10196.37,2023-04-21,1,97.5,michael.williams@company.com,(456) 755-7065,Active
EMP039094,David,Johnson,David Johnson,35,HR,Specialist,New York,64385.63,2309.1,2022-10-25,12,65.3,david.johnson@company.com,(704) 972-1530,Active
EMP039095,Amanda,Gonzalez,Amanda Gonzalez,23,IT,Manager,San Francisco,57221.97,9125.05,2023-10-18,0,70.5,amanda.gonzalez@company.com,(283) 219-4644,Active
EMP039096,James,Jackson,James Jackson,24,Legal,Director,Austin,80750.83,8215.65,2022-08-19,0,62.0,james.jackson@company.com,(479) 243-8997,Active
EMP039097,Daniel,Jackson,Daniel Jackson,51,Engineering,Coordinator,Miami,69869.76,11310.27,2020-09-17,26,84.5,daniel.jackson@company.com,(978) 899-4393,Active
EMP039098,John,Lopez,John Lopez,47,Operations,Associate,Miami,70543.94,10407.96,2020-06-17,22,57.0,john.lopez@company.com,(393) 276-4926,Active
EMP039099,Lisa,Davis,Lisa Davis,33,IT,Specialist,Austin,109026.61,19089.99,2022-09-12,5,69.5,lisa.davis@company.com,(663) 354-4916,Active
EMP039100,Melissa,Martin,Melissa Martin,37,HR,Analyst,Miami,55028.23,9118.22,2023-06-01,11,50.1,melissa.martin@company.com,(817) 938-6688,Inactive
EMP039101,Emily,Davis,Emily Davis,48,Legal,Manager,Chicago,115283.41,11620.29,2020-07-02,19,80.7,emily.davis@company.com,(621) 941-9999,Active
EMP039102,David,Brown,David Brown,49,Sales,Lead,Los Angeles,74514.11,13155.61,2022-04-24,20,75.9,david.brown@company.com,(519) 489-1975,On Leave
EMP039103,Jane,Martinez,Jane Martinez,57,Legal,Analyst,Los Angeles,106449.76,2234.46,2024-07-04,35,71.2,jane.martinez@company.com,(220) 982-8041,Active
EMP039104,Matthew,Martin,Matthew Martin,33,HR,Associate,Austin,68521.42,5935.23,2021-05-30,9,81.6,matthew.martin@company.com,(910) 318-4848,Active
EMP039105,Anthony,Thomas,Anthony Thomas,49,HR,Associate,Seattle,71873.96,10284.27,2020-10-14,23,91.7,anthony.thomas@company.com,(504) 893-6387,Active
EMP039106,William,Miller,William Miller,37,Sales,Associate,San Francisco,78070.7,4953.93,2022-10-07,14,80.9,william.miller@company.com,(701) 206-3590,Active
EMP039107,Christopher,Johnson,Christopher Johnson,28,Marketing,Director,Los Angeles,62254.52,9226.72,2022-10-08,4,76.5,christopher.johnson@company.com,(697) 698-6720,Active
EMP039108,Stephanie,Martin,Stephanie Martin,59,Legal,Manager,San Francisco,88333.97,12672.26,2022-12-09,31,97.7,stephanie.martin@company.com,(294) 437-1708,Active
EMP039109,William,Rodriguez,William Rodriguez,24,HR,Senior Developer,New York,53840.15,5650.07,2023-05-03,0,79.8,william.rodriguez@company.com,(535) 979-3427,Active
EMP039110,James,Moore,James Moore,38,Sales,Analyst,Chicago,57299.85,7512.22,2024-04-24,13,78.5,james.moore@company.com,(220) 573-3083,Active
EMP039111,James,Taylor,James Taylor,23,Legal,Analyst,Boston,94437.88,13102.65,2024-05-31,0,52.6,james.taylor@company.com,(605) 417-8188,Active
EMP039112,Ashley,Miller,Ashley Miller,50,HR,Director,New York,56135.8,6715.2,2020-04-20,25,66.4,ashley.miller@company.com,(795) 709-5817,Active
EMP039113,Stephanie,Thomas,Stephanie Thomas,39,Legal,Associate,Austin,124522.81,9141.16,2020-01-05,12,53.2,stephanie.thomas@company.com,(942) 951-8005,Active
EMP039114,David,Johnson,David Johnson,22,IT,Analyst,Miami,70202.6,4776.2,2021-10-12,0,78.2,david.johnson@company.com,(614) 856-9105,Active
EMP039115,Michael,Jackson,Michael Jackson,65,Operations,Lead,Miami,87429.05,7269.45,2024-11-12,41,83.2,michael.jackson@company.com,(749) 890-8738,Active
EMP039116,William,Hernandez,William Hernandez,27,Marketing,Coordinator,Chicago,45258.79,6373.87,2021-04-14,4,83.9,william.hernandez@company.com,(484) 396-3513,Active
EMP039117,James,Thomas,James Thomas,56,Legal,Specialist,Austin,118198.48,18190.28,2021-09-03,34,67.5,james.thomas@company.com,(609) 645-6162,On Leave
EMP039118,Christopher,Hernandez,Christopher Hernandez,22,HR,Coordinator,Los Angeles,57754.78,8125.98,2022-07-26,0,86.9,christopher.hernandez@company.com,(419) 552-1127,Active
EMP039119,William,Garcia,William Garcia,29,Engineering,Manager,New York,102507.09,6435.66,2022-05-14,4,94.0,william.garcia@company.com,(582) 374-3718,Active
EMP039120,Lisa,Anderson,Lisa Anderson,59,Marketing,Manager,New York,66195.52,6826.94,2021-09-05,36,53.2,lisa.anderson@company.com,(516) 269-6944,Active
EMP039121,Robert,Anderson,Robert Anderson,51,Marketing,Coordinator,New York,81366.18,10273.78,2023-03-06,27,81.4,robert.anderson@company.com,(664) 703-5625,Active
EMP039122,David,Jones,David Jones,48,HR,Lead,Miami,61220.47,11055.83,2022-03-06,22,65.0,david.jones@company.com,(889) 477-9577,Active
EMP039123,Michael,Martin,Michael Martin,31,IT,Associate,New York,76814.17,2486.45,2021-08-25,6,60.9,michael.martin@company.com,(251) 659-8813,Active
EMP039124,Nicole,Williams,Nicole Williams,23,Legal,Analyst,New York,58389.87,4115.26,2022-04-14,0,87.8,nicole.williams@company.com,(936) 447-5312,Active
EMP039125,Michael,Lopez,Michael Lopez,40,Engineering,Coordinator,Los Angeles,104716.09,3095.69,2020-07-02,12,78.6,michael.lopez@company.com,(677) 554-9425,Active
EMP039126,Ashley,Martin,Ashley Martin,26,Finance,Coordinator,San Francisco,65138.9,5348.71,2023-03-22,0,67.0,ashley.martin@company.com,(420) 434-7403,Active
EMP039127,James,Jones,James Jones,43,Sales,Director,Seattle,88443.85,15755.59,2020-12-25,14,74.0,james.jones@company.com,(842) 577-7341,Active
EMP039128,Michael,Miller,Michael Miller,36,Engineering,Lead,Los Angeles,94258.43,13441.49,2023-01-08,8,89.2,michael.miller@company.com,(903) 546-4177,Active
EMP039129,Melissa,Garcia,Melissa Garcia,61,HR,Senior Developer,Los Angeles,83682.5,5873.38,2020-11-04,37,97.1,melissa.garcia@company.com,(620) 223-8919,Active
EMP039130,James,Miller,James Miller,40,Finance,Lead,New York,64987.79,6458.88,2024-12-17,16,50.0,james.miller@company.com,(384) 537-4391,Active
EMP039131,Emily,Smith,Emily Smith,46,Sales,Manager,New York,101882.52,16709.99,2023-04-13,20,86.7,emily.smith@company.com,(943) 742-6496,Inactive
EMP039132,Amanda,Garcia,Amanda Garcia,59,Marketing,Director,Miami,69414.5,4218.4,2021-12-16,32,63.5,amanda.garcia@company.com,(772) 803-1616,Active
EMP039133,Amanda,Jackson,Amanda Jackson,31,Operations,Specialist,Miami,67233.77,5662.82,2021-01-11,5,89.1,amanda.jackson@company.com,(277) 587-8633,Active
EMP039134,William,Rodriguez,William Rodriguez,58,IT,Senior Developer,Seattle,77294.95,9244.9,2024-12-04,35,98.0,william.rodriguez@company.com,(346) 781-3612,Active
EMP039135,Jessica,Taylor,Jessica Taylor,27,IT,Associate,Austin,74542.5,11273.35,2022-04-10,0,76.7,jessica.taylor@company.com,(644) 252-8452,Active
EMP039136,Jane,Martinez,Jane Martinez,44,IT,Analyst,Los Angeles,91904.43,7581.79,2021-04-19,17,86.0,jane.martinez@company.com,(375) 223-1118,Active
EMP039137,Jessica,Anderson,Jessica Anderson,48,Marketing,Manager,Chicago,64146.56,6855.27,2024-11-02,26,69.1,jessica.anderson@company.com,(893) 853-6525,Active
EMP039138,Matthew,Hernandez,Matthew Hernandez,47,HR,Lead,Seattle,59270.3,6093.99,2021-04-20,21,57.2,matthew.hernandez@company.com,(752) 996-6467,Active
EMP039139,Jessica,Lopez,Jessica Lopez,35,Legal,Associate,Los Angeles,89807.18,11828.61,2022-03-09,11,88.1,jessica.lopez@company.com,(349) 265-5054,Active
EMP039140,Emily,Martinez,Emily Martinez,65,IT,Associate,Boston,105476.14,3642.25,2021-10-28,39,84.9,emily.martinez@company.com,(677) 738-8341,Active
EMP039141,Anthony,Miller,Anthony Miller,42,Operations,Senior Developer,New York,88578.12,6083.22,2021-11-06,20,74.1,anthony.miller@company.com,(657) 498-2781,Active
EMP039142,Robert,Smith,Robert Smith,53,Legal,Director,Boston,94899.86,8042.23,2023-09-17,26,92.5,robert.smith@company.com,(918) 375-5550,Active
EMP039143,Matthew,Martinez,Matthew Martinez,58,Sales,Analyst,Seattle,98895.86,12354.1,2021-03-03,31,75.6,matthew.martinez@company.com,(722) 515-2391,Active
EMP039144,John,Davis,John Davis,60,IT,Director,Seattle,121193.71,9465.41,2021-11-27,35,86.2,john.davis@company.com,(769) 971-2470,Active
EMP039145,William,Wilson,William Wilson,51,Legal,Lead,Miami,118056.63,16936.91,2021-05-25,28,79.5,william.wilson@company.com,(959) 808-4121,Active
EMP039146,John,Williams,John Williams,44,Marketing,Senior Developer,San Francisco,67975.71,6489.26,2021-10-09,20,70.2,john.williams@company.com,(794) 843-2865,Active
EMP039147,Robert,Thomas,Robert Thomas,56,Marketing,Senior Developer,Seattle,74985.77,5128.63,2024-12-29,27,82.9,robert.thomas@company.com,(269) 563-6668,On Leave
EMP039148,Ashley,Anderson,Ashley Anderson,22,Finance,Senior Developer,New York,62779.49,4861.54,2022-02-11,0,80.1,ashley.anderson@company.com,(940) 558-1029,Active
EMP039149,Ashley,Martinez,Ashley Martinez,38,Operations,Analyst,Miami,80452.87,5292.31,2022-07-20,9,45.7,ashley.martinez@company.com,(249) 619-3496,Active
EMP039150,Anthony,Taylor,Anthony Taylor,29,Legal,Senior Developer,San Francisco,87576.17,14128.32,2022-11-03,2,70.8,anthony.taylor@company.com,(677) 303-1690,Inactive
EMP039151,Emily,Lopez,Emily Lopez,40,Marketing,Director,San Francisco,82734.22,9557.97,2024-07-14,17,85.0,emily.lopez@company.com,(629) 621-1141,Active
EMP039152,Emily,Taylor,Emily Taylor,36,Legal,Senior Developer,Seattle,80288.64,8055.99,2023-05-12,8,88.8,emily.taylor@company.com,(433) 815-5484,Active
EMP039153,John,Jackson,John Jackson,64,Engineering,Specialist,New York,100554.67,9346.26,2024-03-09,39,58.3,john.jackson@company.com,(939) 235-8812,Active
EMP039154,Matthew,Martinez,Matthew Martinez,44,Finance,Coordinator,Los Angeles,83847.12,11342.05,2022-10-03,16,89.5,matthew.martinez@company.com,(359) 275-3322,Active
EMP039155,Emily,Hernandez,Emily Hernandez,39,Engineering,Senior Developer,Los Angeles,81868.86,8311.11,2024-06-08,14,59.6,emily.hernandez@company.com,(609) 814-8329,Active
EMP039156,Michael,Davis,Michael Davis,43,Engineering,Coordinator,Miami,90879.61,9627.26,2022-01-03,20,57.2,michael.davis@company.com,(635) 597-1644,Active
EMP039157,Emily,Rodriguez,Emily Rodriguez,34,IT,Lead,Chicago,66814.0,5477.27,2024-09-08,11,49.5,emily.rodriguez@company.com,(957) 621-8584,Active
EMP039158,Emily,Davis,Emily Davis,60,Operations,Associate,Austin,68505.17,12800.23,2023-09-20,31,66.7,emily.davis@company.com,(313) 786-4787,Active
EMP039159,William,Martinez,William Martinez,40,HR,Analyst,Seattle,63623.06,2993.83,2021-10-16,14,76.7,william.martinez@company.com,(214) 707-6193,Active
EMP039160,Sarah,Davis,Sarah Davis,30,Legal,Analyst,Chicago,94078.71,12326.76,2024-08-23,2,75.4,sarah.davis@company.com,(615) 638-9372,Active
EMP039161,David,Anderson,David Anderson,42,Legal,Director,San Francisco,103695.65,9345.11,2021-07-17,20,84.4,david.anderson@company.com,(591) 757-1795,Active
EMP039162,John,Lopez,John Lopez,22,Legal,Analyst,Chicago,69876.56,5519.49,2024-04-12,0,79.4,john.lopez@company.com,(532) 980-5007,Active
EMP039163,Anthony,Jones,Anthony Jones,25,IT,Specialist,New York,61489.48,5789.99,2024-08-16,0,66.4,anthony.jones@company.com,(401) 228-6922,On Leave
EMP039164,Stephanie,Gonzalez,Stephanie Gonzalez,42,IT,Coordinator,Los Angeles,84322.22,11506.71,2023-11-19,19,69.3,stephanie.gonzalez@company.com,(862) 807-1238,Active
EMP039165,John,Anderson,John Anderson,62,Engineering,Analyst,Seattle,131027.44,10668.44,2021-01-25,34,61.8,john.anderson@company.com,(544) 672-5842,Active
EMP039166,Anthony,Wilson,Anthony Wilson,38,Finance,Director,San Francisco,79441.95,5857.35,2022-09-16,11,50.4,anthony.wilson@company.com,(731) 868-7013,Active
EMP039167,Robert,Smith,Robert Smith,23,IT,Manager,Austin,69834.33,9601.66,2020-07-23,0,87.1,robert.smith@company.com,(486) 709-3321,Active
EMP039168,Jane,Anderson,Jane Anderson,38,IT,Director,Seattle,90149.27,14250.18,2020-01-16,13,89.8,jane.anderson@company.com,(683) 323-2699,Active
EMP039169,Amanda,Rodriguez,Amanda Rodriguez,58,Sales,Director,Austin,81116.18,11428.12,2021-08-14,35,51.9,amanda.rodriguez@company.com,(883) 773-9183,Active
EMP039170,Matthew,Martinez,Matthew Martinez,26,Engineering,Manager,Austin,73227.48,11774.79,2024-12-21,0,83.3,matthew.martinez@company.com,(905) 694-8775,Active
EMP039171,Christopher,Jones,Christopher Jones,49,Finance,Analyst,Los Angeles,72511.9,12702.53,2020-10-06,22,78.0,christopher.jones@company.com,(371) 747-9383,Active
EMP039172,Michael,Jackson,Michael Jackson,39,Sales,Lead,Chicago,68851.1,6947.71,2021-01-16,17,64.5,michael.jackson@company.com,(552) 945-1831,Inactive
EMP039173,Nicole,Hernandez,Nicole Hernandez,23,Marketing,Senior Developer,San Francisco,48400.39,5677.52,2022-08-31,1,78.4,nicole.hernandez@company.com,(518) 288-3025,Active
EMP039174,Jessica,Davis,Jessica Davis,49,Marketing,Analyst,Los Angeles,59196.88,5849.9,2021-07-23,21,79.4,jessica.davis@company.com,(980) 640-1874,Active
EMP039175,David,Rodriguez,David Rodriguez,33,Sales,Analyst,Miami,55033.87,9052.88,2023-11-06,8,84.9,david.rodriguez@company.com,(794) 367-5574,Active
EMP039176,Daniel,Brown,Daniel Brown,42,Operations,Specialist,Boston,53035.67,5164.73,2022-04-04,16,89.1,daniel.brown@company.com,(925) 222-4903,Active
EMP039177,Michael,Wilson,Michael Wilson,59,Marketing,Director,Chicago,93173.36,4353.59,2024-12-13,34,79.5,michael.wilson@company.com,(453) 867-3889,On Leave
EMP039178,Amanda,Martin,Amanda Martin,40,Engineering,Director,Boston,74577.58,10626.33,2020-11-22,11,58.5,amanda.martin@company.com,(593) 227-2713,Active
EMP039179,Robert,Garcia,Robert Garcia,43,Operations,Manager,New York,49571.5,9021.71,2021-06-16,19,77.5,robert.garcia@company.com,(772) 776-5700,Active
EMP039180,William,Jackson,William Jackson,28,Operations,Coordinator,Seattle,68279.45,1821.94,2023-05-19,0,53.9,william.jackson@company.com,(815) 997-4369,Inactive
EMP039181,William,Lopez,William Lopez,44,Marketing,Director,San Francisco,67093.04,2180.39,2021-08-08,15,98.2,william.lopez@company.com,(530) 765-1160,On Leave
EMP039182,Sarah,Jones,Sarah Jones,24,Sales,Coordinator,Los Angeles,61479.51,6966.45,2021-09-29,1,68.8,sarah.jones@company.com,(329) 986-1182,Active
EMP039183,James,Smith,James Smith,63,Marketing,Director,Austin,106891.26,13304.47,2021-06-21,38,69.8,james.smith@company.com,(933) 213-1383,Active
EMP039184,Jane,Gonzalez,Jane Gonzalez,33,Finance,Lead,San Francisco,104115.02,9414.13,2020-08-27,7,71.2,jane.gonzalez@company.com,(782) 420-4395,Active
EMP039185,Stephanie,Lopez,Stephanie Lopez,29,Engineering,Specialist,New York,80771.6,13075.28,2022-08-24,6,76.6,stephanie.lopez@company.com,(324) 724-2563,Active
EMP039186,Emily,Smith,Emily Smith,33,Engineering,Associate,Boston,117817.84,8565.23,2023-04-11,9,100.0,emily.smith@company.com,(360) 493-8132,Active
EMP039187,Jessica,Moore,Jessica Moore,65,Sales,Specialist,Austin,88699.26,7163.31,2020-01-21,39,53.4,jessica.moore@company.com,(649) 796-9114,Active
EMP039188,Emily,Hernandez,Emily Hernandez,47,Sales,Specialist,Boston,91154.26,6493.63,2023-03-12,24,100.0,emily.hernandez@company.com,(543) 429-4119,Active
EMP039189,Nicole,Jones,Nicole Jones,42,Marketing,Manager,Chicago,76090.5,3758.17,2021-06-25,15,97.7,nicole.jones@company.com,(669) 256-4425,On Leave
EMP039190,William,Miller,William Miller,61,HR,Analyst,Seattle,88299.05,11254.74,2020-05-16,36,87.9,william.miller@company.com,(933) 793-1416,Active
EMP039191,John,Johnson,John Johnson,32,Legal,Director,San Francisco,95711.84,10607.89,2023-12-24,5,61.2,john.johnson@company.com,(342) 742-9750,Active
EMP039192,Daniel,Garcia,Daniel Garcia,44,Operations,Lead,Miami,56451.8,8282.88,2020-08-05,15,67.6,daniel.garcia@company.com,(844) 665-1714,Active
EMP039193,William,Brown,William Brown,26,Marketing,Specialist,Miami,62052.66,9946.68,2023-09-30,1,91.4,william.brown@company.com,(276) 611-1588,On Leave
EMP039194,James,Hernandez,James Hernandez,27,Marketing,Manager,San Francisco,75666.88,4136.63,2023-03-26,0,100.0,james.hernandez@company.com,(255) 761-6010,Active
EMP039195,William,Jackson,William Jackson,41,Marketing,Director,Los Angeles,35113.51,2964.23,2020-02-04,18,69.6,william.jackson@company.com,(373) 750-1126,On Leave
EMP039196,Emily,Brown,Emily Brown,36,Legal,Analyst,Boston,99483.01,10828.96,2020-05-17,11,61.6,emily.brown@company.com,(896) 756-4865,Active
EMP039197,John,Wilson,John Wilson,48,HR,Coordinator,New York,57219.22,7219.57,2023-11-27,25,60.9,john.wilson@company.com,(878) 701-7963,Active
EMP039198,Jane,Miller,Jane Miller,26,Sales,Lead,New York,81348.56,5568.91,2021-07-27,2,45.0,jane.miller@company.com,(903) 728-6121,Active
EMP039199,Nicole,Jones,Nicole Jones,26,Finance,Director,San Francisco,55447.93,5128.83,2021-12-13,0,81.3,nicole.jones@company.com,(614) 533-7881,Active
EMP039200,Melissa,Williams,Melissa Williams,24,Marketing,Analyst,San Francisco,32105.73,4830.3,2022-05-17,1,56.1,melissa.williams@company.com,(225) 586-4880,Active
EMP039201,Jane,Martinez,Jane Martinez,51,Sales,Coordinator,Seattle,76393.33,11010.26,2020-03-28,25,93.4,jane.martinez@company.com,(385) 200-3586,Active
EMP039202,Lisa,Smith,Lisa Smith,47,HR,Manager,Austin,81016.82,9176.96,2024-04-14,23,59.0,lisa.smith@company.com,(754) 531-3905,On Leave
EMP039203,Robert,Johnson,Robert Johnson,44,Sales,Lead,Seattle,82710.22,9854.9,2022-02-08,22,81.4,robert.johnson@company.com,(206) 670-2473,Active
EMP039204,Daniel,Wilson,Daniel Wilson,58,Finance,Coordinator,San Francisco,103103.7,12164.84,2024-10-19,32,72.1,daniel.wilson@company.com,(304) 989-1962,Active
EMP039205,Amanda,Garcia,Amanda Garcia,59,Marketing,Analyst,Austin,63303.38,10040.08,2021-10-09,31,65.1,amanda.garcia@company.com,(539) 771-6021,Active
EMP039206,Christopher,Martinez,Christopher Martinez,23,Legal,Coordinator,Miami,86573.61,10093.89,2022-01-15,0,73.4,christopher.martinez@company.com,(900) 491-6118,Active
EMP039207,Amanda,Anderson,Amanda Anderson,28,Legal,Director,Boston,83150.63,12420.57,2024-05-29,4,89.5,amanda.anderson@company.com,(768) 645-6923,On Leave
EMP039208,William,Moore,William Moore,60,Engineering,Manager,Austin,100564.66,2147.23,2021-06-26,35,81.8,william.moore@company.com,(216) 338-7396,Active
EMP039209,Matthew,Garcia,Matthew Garcia,55,Sales,Analyst,Los Angeles,107203.06,13572.23,2021-07-05,29,90.9,matthew.garcia@company.com,(278) 582-5946,Active
EMP039210,Amanda,Williams,Amanda Williams,41,HR,Associate,Boston,68086.51,1846.79,2020-01-25,15,70.8,amanda.williams@company.com,(693) 255-4344,Active
EMP039211,Sarah,Williams,Sarah Williams,41,Operations,Lead,New York,59090.4,5478.91,2023-09-20,18,56.4,sarah.williams@company.com,(994) 638-4242,Inactive
EMP039212,Christopher,Davis,Christopher Davis,55,Legal,Coordinator,Boston,92722.98,15163.04,2021-10-20,26,55.3,christopher.davis@company.com,(394) 985-4510,Active
EMP039213,Jessica,Rodriguez,Jessica Rodriguez,48,Legal,Senior Developer,Seattle,100176.18,16052.5,2021-07-22,26,96.0,jessica.rodriguez@company.com,(697) 358-3474,Active
EMP039214,William,Martinez,William Martinez,65,Sales,Coordinator,San Francisco,78917.97,5873.13,2024-06-29,42,55.6,william.martinez@company.com,(339) 442-3762,Active
EMP039215,Jessica,Anderson,Jessica Anderson,22,Operations,Senior Developer,Seattle,59695.6,5313.92,2023-01-10,0,92.4,jessica.anderson@company.com,(231) 258-3444,Active
EMP039216,Michael,Johnson,Michael Johnson,57,HR,Specialist,Boston,75031.4,9108.16,2024-12-12,34,82.0,michael.johnson@company.com,(961) 685-8741,Inactive
EMP039217,Jessica,Thomas,Jessica Thomas,53,Operations,Associate,Los Angeles,83364.33,3852.04,2022-05-22,26,90.9,jessica.thomas@company.com,(355) 289-7973,Active
EMP039218,Robert,Johnson,Robert Johnson,50,Legal,Director,New York,69994.92,10475.35,2023-11-19,23,56.9,robert.johnson@company.com,(588) 776-9385,Active
EMP039219,James,Lopez,James Lopez,62,Sales,Coordinator,Boston,78635.31,9517.35,2020-09-25,35,66.7,james.lopez@company.com,(544) 434-4207,Active
EMP039220,John,Williams,John Williams,44,Sales,Analyst,Chicago,65081.43,8203.86,2023-04-11,16,70.8,john.williams@company.com,(625) 541-3701,Active
EMP039221,Christopher,Hernandez,Christopher Hernandez,27,Operations,Coordinator,Boston,48659.99,2721.69,2021-02-15,0,79.7,christopher.hernandez@company.com,(363) 439-1961,Active
EMP039222,John,Jackson,John Jackson,50,HR,Manager,Seattle,44506.88,10503.97,2022-04-03,28,100.0,john.jackson@company.com,(444) 710-9735,Active
EMP039223,Michael,Anderson,Michael Anderson,34,Finance,Manager,San Francisco,61032.87,5701.38,2021-05-15,9,75.1,michael.anderson@company.com,(232) 587-7652,Active
EMP039224,Matthew,Rodriguez,Matthew Rodriguez,65,Marketing,Associate,Boston,80989.79,6268.56,2023-02-19,43,89.6,matthew.rodriguez@company.com,(879) 209-4696,On Leave
EMP039225,James,Brown,James Brown,40,Marketing,Specialist,New York,72872.04,4642.73,2020-11-07,11,78.0,james.brown@company.com,(422) 921-3498,Active
EMP039226,Christopher,Martin,Christopher Martin,45,Finance,Specialist,Los Angeles,82881.46,6605.06,2023-08-29,19,74.0,christopher.martin@company.com,(548) 529-2436,Active
EMP039227,John,Martin,John Martin,62,Marketing,Coordinator,Chicago,99441.85,9502.8,2022-06-15,37,60.1,john.martin@company.com,(503) 591-2173,Active
EMP039228,William,Smith,William Smith,32,Sales,Lead,New York,73228.9,10358.84,2020-10-25,5,65.6,william.smith@company.com,(838) 522-3101,Inactive
EMP039229,Stephanie,Anderson,Stephanie Anderson,46,Engineering,Lead,New York,83178.91,8384.97,2024-10-14,18,94.4,stephanie.anderson@company.com,(868) 566-5478,Active
EMP039230,James,Moore,James Moore,65,Marketing,Manager,Chicago,81630.01,13581.82,2023-05-25,43,76.8,james.moore@company.com,(949) 438-4173,On Leave
EMP039231,David,Hernandez,David Hernandez,24,HR,Coordinator,Los Angeles,42122.01,4671.38,2022-09-27,0,77.2,david.hernandez@company.com,(360) 253-6337,Active
EMP039232,Nicole,Wilson,Nicole Wilson,46,Sales,Analyst,Austin,88197.53,5299.21,2020-06-26,24,71.8,nicole.wilson@company.com,(833) 845-4613,Active
EMP039233,David,Rodriguez,David Rodriguez,46,Sales,Coordinator,Boston,90269.49,9567.27,2022-10-17,21,71.9,david.rodriguez@company.com,(938) 639-5981,Active
EMP039234,James,Jones,James Jones,38,Legal,Lead,New York,115711.1,19952.79,2020-10-03,14,58.6,james.jones@company.com,(519) 851-5954,Active
EMP039235,Jessica,Lopez,Jessica Lopez,41,IT,Associate,Miami,122650.68,15906.67,2021-04-27,13,53.5,jessica.lopez@company.com,(325) 400-7373,Active
EMP039236,Melissa,Martinez,Melissa Martinez,61,Operations,Specialist,Miami,67678.25,7428.76,2020-09-22,34,89.6,melissa.martinez@company.com,(663) 755-4696,Active
EMP039237,Christopher,Rodriguez,Christopher Rodriguez,25,IT,Director,New York,66817.12,9579.62,2023-06-25,2,61.1,christopher.rodriguez@company.com,(290) 410-3925,Active
EMP039238,Robert,Smith,Robert Smith,39,Marketing,Senior Developer,New York,50341.82,8317.57,2023-08-06,10,72.5,robert.smith@company.com,(460) 322-5016,Active
EMP039239,Matthew,Davis,Matthew Davis,57,Marketing,Manager,San Francisco,67435.84,12619.2,2022-06-09,31,42.7,matthew.davis@company.com,(444) 415-4412,Active
EMP039240,John,Williams,John Williams,54,Operations,Lead,San Francisco,75800.23,15541.66,2020-01-10,25,78.1,john.williams@company.com,(947) 558-7775,Active
EMP039241,Anthony,Gonzalez,Anthony Gonzalez,58,Finance,Manager,Seattle,122315.63,24770.01,2021-03-02,33,74.0,anthony.gonzalez@company.com,(527) 542-5554,Inactive
EMP039242,David,Martin,David Martin,46,Legal,Coordinator,Seattle,67658.18,9656.87,2022-04-10,19,49.7,david.martin@company.com,(859) 550-8179,Active
EMP039243,David,Rodriguez,David Rodriguez,32,Finance,Associate,San Francisco,46669.32,2055.16,2022-10-01,4,71.5,david.rodriguez@company.com,(564) 593-2494,Active
EMP039244,Ashley,Hernandez,Ashley Hernandez,24,Legal,Director,San Francisco,101131.2,6639.11,2022-08-23,0,55.6,ashley.hernandez@company.com,(696) 367-2230,Active
EMP039245,Emily,Thomas,Emily Thomas,44,IT,Manager,San Francisco,81713.38,7959.7,2022-10-14,15,100.0,emily.thomas@company.com,(481) 907-3309,Inactive
EMP039246,Robert,Wilson,Robert Wilson,44,Legal,Director,Miami,107241.18,12206.63,2023-06-10,17,85.2,robert.wilson@company.com,(317) 213-3419,Active
EMP039247,David,Garcia,David Garcia,22,Marketing,Coordinator,San Francisco,71786.5,3026.66,2020-11-12,0,95.1,david.garcia@company.com,(635) 719-5176,Active
EMP039248,Stephanie,Thomas,Stephanie Thomas,23,Finance,Analyst,Boston,70167.47,14243.12,2022-05-17,0,61.1,stephanie.thomas@company.com,(454) 514-5537,Active
EMP039249,Amanda,Miller,Amanda Miller,35,Finance,Lead,New York,66769.38,7064.16,2021-08-15,9,64.8,amanda.miller@company.com,(435) 266-2828,Active
EMP039250,Jane,Jackson,Jane Jackson,55,IT,Director,Los Angeles,77277.47,10683.64,2024-12-07,28,77.2,jane.jackson@company.com,(944) 266-4120,Active
EMP039251,Sarah,Miller,Sarah Miller,56,Operations,Associate,Austin,57694.52,6646.99,2021-01-22,28,74.5,sarah.miller@company.com,(859) 396-8627,Active
EMP039252,Ashley,Taylor,Ashley Taylor,36,Sales,Director,San Francisco,65238.68,6056.37,2023-05-22,12,88.3,ashley.taylor@company.com,(792) 399-8704,Active
EMP039253,David,Williams,David Williams,43,IT,Associate,Austin,96636.64,7141.93,2023-03-12,17,74.8,david.williams@company.com,(461) 913-4117,Inactive
EMP039254,Emily,Jones,Emily Jones,56,Legal,Analyst,Chicago,95808.65,9499.47,2021-09-08,30,83.5,emily.jones@company.com,(881) 629-5259,Active
EMP039255,Jessica,Jackson,Jessica Jackson,38,Marketing,Coordinator,Chicago,31642.17,4217.95,2020-02-15,9,77.8,jessica.jackson@company.com,(756) 424-2687,Active
EMP039256,Melissa,Martin,Melissa Martin,26,Legal,Specialist,Chicago,76494.26,8748.53,2021-07-10,1,58.1,melissa.martin@company.com,(645) 251-7794,Active
EMP039257,Melissa,Jackson,Melissa Jackson,30,Marketing,Associate,New York,41677.99,4797.81,2024-03-23,4,64.5,melissa.jackson@company.com,(420) 350-3368,Active
EMP039258,Ashley,Taylor,Ashley Taylor,34,Marketing,Analyst,Austin,78500.79,5565.69,2020-04-05,11,64.3,ashley.taylor@company.com,(989) 958-9781,Active
EMP039259,Daniel,Martin,Daniel Martin,65,IT,Senior Developer,Miami,88107.99,15562.08,2020-08-19,37,72.4,daniel.martin@company.com,(389) 510-1274,Active
EMP039260,Sarah,Smith,Sarah Smith,32,Legal,Senior Developer,Los Angeles,78328.4,11499.11,2021-04-17,8,82.5,sarah.smith@company.com,(582) 984-9924,On Leave
EMP039261,Melissa,Miller,Melissa Miller,23,Operations,Senior Developer,Austin,54463.2,4290.83,2021-12-25,0,67.8,melissa.miller@company.com,(557) 795-3804,On Leave
EMP039262,William,Johnson,William Johnson,54,Finance,Specialist,Boston,95902.95,18939.44,2021-02-01,26,46.0,william.johnson@company.com,(276) 571-5003,On Leave
EMP039263,Matthew,Smith,Matthew Smith,55,Finance,Specialist,San Francisco,84433.59,7411.63,2023-03-31,30,73.7,matthew.smith@company.com,(536) 571-3240,Inactive
EMP039264,Emily,Anderson,Emily Anderson,32,Marketing,Specialist,Miami,69944.94,0.0,2022-01-30,5,64.6,emily.anderson@company.com,(805) 638-6985,Active
EMP039265,Michael,Wilson,Michael Wilson,43,Legal,Analyst,Austin,89321.76,8990.11,2021-09-22,20,82.7,michael.wilson@company.com,(372) 915-8033,Active
EMP039266,Ashley,Smith,Ashley Smith,59,Legal,Coordinator,Seattle,148198.78,17806.63,2024-05-30,34,61.7,ashley.smith@company.com,(598) 806-2119,Active
EMP039267,Lisa,Davis,Lisa Davis,56,IT,Lead,San Francisco,91652.44,7898.87,2020-04-16,32,48.0,lisa.davis@company.com,(260) 494-8108,Active
EMP039268,Amanda,Smith,Amanda Smith,59,Engineering,Associate,Seattle,131231.43,12369.14,2024-09-28,35,71.4,amanda.smith@company.com,(208) 884-5321,Inactive
EMP039269,James,Davis,James Davis,37,Marketing,Specialist,New York,55340.4,7552.26,2021-07-11,12,92.5,james.davis@company.com,(544) 729-9802,Active
EMP039270,Ashley,Jackson,Ashley Jackson,36,HR,Manager,Los Angeles,55345.36,8084.49,2024-11-29,9,81.6,ashley.jackson@company.com,(291) 731-6290,Active
EMP039271,William,Wilson,William Wilson,37,Operations,Senior Developer,New York,42505.9,2269.77,2020-11-07,10,100.0,william.wilson@company.com,(740) 858-2646,Active
EMP039272,Lisa,Garcia,Lisa Garcia,32,Operations,Lead,Boston,57143.35,5293.94,2024-08-26,8,64.9,lisa.garcia@company.com,(548) 991-6407,Active
EMP039273,Lisa,Wilson,Lisa Wilson,57,Sales,Director,Miami,66728.1,4091.22,2024-11-17,35,61.6,lisa.wilson@company.com,(985) 523-2594,Active
EMP039274,Daniel,Hernandez,Daniel Hernandez,43,Finance,Director,Los Angeles,56681.87,5719.69,2024-06-20,19,63.3,daniel.hernandez@company.com,(205) 450-9839,Active
EMP039275,Jessica,Smith,Jessica Smith,40,IT,Coordinator,New York,91386.08,10764.19,2024-08-20,17,72.5,jessica.smith@company.com,(381) 988-9895,Active
EMP039276,Jane,Taylor,Jane Taylor,35,IT,Director,Boston,67885.79,3783.07,2023-03-02,10,83.6,jane.taylor@company.com,(218) 873-8890,Active
EMP039277,Nicole,Anderson,Nicole Anderson,50,Sales,Coordinator,Los Angeles,90120.45,6808.08,2021-12-12,23,72.6,nicole.anderson@company.com,(992) 532-6807,Active
EMP039278,Amanda,Gonzalez,Amanda Gonzalez,58,HR,Coordinator,Austin,84069.54,7337.35,2021-03-03,34,59.0,amanda.gonzalez@company.com,(903) 737-1336,Inactive
EMP039279,Lisa,Martinez,Lisa Martinez,30,Operations,Director,Seattle,42787.93,487.03,2020-08-18,1,75.1,lisa.martinez@company.com,(817) 426-6270,On Leave
EMP039280,Amanda,Miller,Amanda Miller,52,Legal,Senior Developer,Chicago,86182.31,11659.63,2022-05-03,29,58.4,amanda.miller@company.com,(836) 783-1566,Active
EMP039281,Amanda,Jackson,Amanda Jackson,59,Operations,Associate,Seattle,87334.32,3988.72,2021-10-29,33,75.1,amanda.jackson@company.com,(735) 800-9398,Active
EMP039282,William,Hernandez,William Hernandez,29,Engineering,Specialist,New York,76376.53,1875.97,2021-12-09,5,50.3,william.hernandez@company.com,(321) 886-6093,Active
EMP039283,Jane,Anderson,Jane Anderson,25,Sales,Director,New York,68249.8,10901.51,2020-07-18,2,88.1,jane.anderson@company.com,(511) 757-5944,Active
EMP039284,John,Garcia,John Garcia,39,Finance,Analyst,New York,65335.38,4145.58,2020-07-28,16,87.3,john.garcia@company.com,(838) 828-2456,Active
EMP039285,Daniel,Smith,Daniel Smith,53,Sales,Associate,Los Angeles,85150.74,7395.36,2021-08-27,29,98.9,daniel.smith@company.com,(821) 848-8194,Active
EMP039286,Ashley,Anderson,Ashley Anderson,24,Finance,Director,San Francisco,68735.79,7655.89,2022-03-28,0,89.2,ashley.anderson@company.com,(704) 595-7795,Active
EMP039287,Stephanie,Miller,Stephanie Miller,34,Finance,Director,Chicago,83870.46,18506.35,2022-04-03,10,77.8,stephanie.miller@company.com,(900) 341-9334,Active
EMP039288,Ashley,Jones,Ashley Jones,50,Marketing,Senior Developer,New York,89101.81,8103.29,2024-03-03,26,90.9,ashley.jones@company.com,(428) 300-5067,Active
EMP039289,Jessica,Moore,Jessica Moore,37,Marketing,Analyst,Chicago,70826.53,5726.38,2023-08-17,8,62.1,jessica.moore@company.com,(215) 302-9076,Active
EMP039290,Nicole,Taylor,Nicole Taylor,34,Marketing,Coordinator,San Francisco,44817.83,4661.49,2023-07-16,7,66.2,nicole.taylor@company.com,(444) 588-6330,Active
EMP039291,Daniel,Anderson,Daniel Anderson,36,Finance,Manager,Miami,93290.8,14258.32,2022-01-13,12,54.6,daniel.anderson@company.com,(711) 828-4093,Active
EMP039292,Amanda,Smith,Amanda Smith,27,HR,Associate,Seattle,44823.36,1576.18,2023-08-24,1,54.3,amanda.smith@company.com,(699) 984-4007,Active
EMP039293,Daniel,Brown,Daniel Brown,33,Sales,Manager,New York,44934.74,4446.5,2023-12-11,11,78.2,daniel.brown@company.com,(753) 477-7141,Active
EMP039294,Jane,Thomas,Jane Thomas,50,Engineering,Associate,Chicago,92629.8,7796.65,2020-07-12,26,45.3,jane.thomas@company.com,(732) 447-8141,Active
EMP039295,John,Williams,John Williams,42,Legal,Senior Developer,Boston,69480.77,5739.91,2020-05-06,18,83.5,john.williams@company.com,(958) 797-3749,Active
EMP039296,Robert,Hernandez,Robert Hernandez,40,Marketing,Senior Developer,Miami,72528.7,4755.65,2020-10-02,15,53.3,robert.hernandez@company.com,(401) 901-1817,Active
EMP039297,Nicole,Wilson,Nicole Wilson,58,Engineering,Manager,New York,123615.39,18393.36,2021-07-08,35,100.0,nicole.wilson@company.com,(713) 834-7874,Active
EMP039298,Michael,Brown,Michael Brown,39,Operations,Associate,Los Angeles,46227.88,3948.05,2024-12-10,13,59.1,michael.brown@company.com,(752) 307-2735,Active
EMP039299,Emily,Garcia,Emily Garcia,26,Finance,Specialist,Miami,46822.3,3837.24,2024-06-10,2,96.4,emily.garcia@company.com,(461) 503-9942,On Leave
EMP039300,Jessica,Moore,Jessica Moore,57,Finance,Associate,San Francisco,77737.05,7884.28,2024-10-27,28,61.9,jessica.moore@company.com,(363) 391-7631,Active
EMP039301,Nicole,Moore,Nicole Moore,38,HR,Director,Austin,71483.6,12558.29,2020-04-04,9,69.6,nicole.moore@company.com,(413) 425-2639,Active
EMP039302,David,Martinez,David Martinez,46,Marketing,Director,Boston,77750.54,13076.36,2024-09-11,19,90.0,david.martinez@company.com,(714) 354-2296,On Leave
EMP039303,Emily,Miller,Emily Miller,43,Sales,Director,Austin,86156.57,5154.15,2023-06-06,19,72.9,emily.miller@company.com,(364) 253-9652,Active
EMP039304,David,Martinez,David Martinez,26,Operations,Associate,Austin,57154.58,7412.91,2020-03-23,2,86.3,david.martinez@company.com,(915) 471-9283,Active
EMP039305,Stephanie,Davis,Stephanie Davis,58,Operations,Manager,Miami,49016.35,8010.91,2022-02-20,35,70.1,stephanie.davis@company.com,(557) 937-2502,On Leave
EMP039306,Sarah,Garcia,Sarah Garcia,46,Engineering,Senior Developer,Miami,88859.67,6551.85,2024-06-20,23,75.3,sarah.garcia@company.com,(558) 244-3450,Active
EMP039307,Christopher,Smith,Christopher Smith,28,Engineering,Lead,Austin,58161.23,4370.12,2022-03-12,0,63.4,christopher.smith@company.com,(537) 419-3416,Inactive
EMP039308,John,Thomas,John Thomas,57,Marketing,Director,Los Angeles,74425.93,2869.88,2020-02-17,31,62.3,john.thomas@company.com,(577) 684-8391,Active
EMP039309,John,Davis,John Davis,38,Engineering,Specialist,Chicago,60899.24,5063.1,2023-09-16,9,75.4,john.davis@company.com,(574) 881-9885,Active
EMP039310,William,Davis,William Davis,53,Operations,Analyst,Austin,94790.32,4737.76,2023-01-22,30,69.0,william.davis@company.com,(750) 971-5165,Active
EMP039311,David,Jones,David Jones,30,Operations,Manager,Miami,60662.67,4919.99,2021-04-16,1,100.0,david.jones@company.com,(327) 348-2067,Active
EMP039312,Emily,Brown,Emily Brown,35,Operations,Analyst,Seattle,64407.54,8147.33,2024-10-08,6,74.9,emily.brown@company.com,(881) 216-9444,Active
EMP039313,John,Taylor,John Taylor,40,Finance,Manager,Chicago,87449.88,4021.5,2022-05-01,11,70.3,john.taylor@company.com,(999) 981-8019,Active
EMP039314,Emily,Wilson,Emily Wilson,41,Legal,Director,New York,114040.76,8063.58,2023-05-19,16,71.3,emily.wilson@company.com,(668) 511-8029,Active
EMP039315,Jane,Williams,Jane Williams,39,Marketing,Associate,New York,71002.58,9128.47,2022-04-16,13,46.9,jane.williams@company.com,(428) 855-8415,Active
EMP039316,Daniel,Rodriguez,Daniel Rodriguez,63,IT,Director,San Francisco,113869.99,14342.2,2023-04-15,37,100.0,daniel.rodriguez@company.com,(209) 379-1354,Active
EMP039317,Emily,Johnson,Emily Johnson,39,Marketing,Analyst,Miami,85373.26,8622.21,2021-08-30,10,99.2,emily.johnson@company.com,(321) 465-7072,Active
EMP039318,James,Martinez,James Martinez,22,HR,Associate,Miami,50740.79,9263.54,2022-03-05,0,77.4,james.martinez@company.com,(381) 452-1193,Active
EMP039319,Robert,Davis,Robert Davis,61,Marketing,Analyst,New York,80088.26,3652.57,2020-10-04,32,68.5,robert.davis@company.com,(284) 726-6332,Active
EMP039320,Michael,Lopez,Michael Lopez,38,Operations,Analyst,Seattle,56166.65,8855.44,2020-01-03,14,49.6,michael.lopez@company.com,(611) 997-3027,Active
EMP039321,David,Gonzalez,David Gonzalez,41,Finance,Coordinator,Boston,73919.22,6584.91,2024-11-02,18,94.0,david.gonzalez@company.com,(359) 562-1470,Active
EMP039322,David,Gonzalez,David Gonzalez,26,Engineering,Senior Developer,Chicago,77918.63,10655.6,2022-03-04,3,65.6,david.gonzalez@company.com,(787) 407-3720,Active
EMP039323,James,Martinez,James Martinez,65,HR,Coordinator,Miami,87155.34,12536.74,2022-07-21,42,61.5,james.martinez@company.com,(876) 912-3616,Active
EMP039324,James,Anderson,James Anderson,33,Finance,Specialist,New York,71294.97,4037.16,2024-06-17,11,68.1,james.anderson@company.com,(766) 605-1468,Active
EMP039325,Matthew,Martin,Matthew Martin,27,Sales,Manager,Austin,80936.69,6236.76,2021-10-05,0,63.0,matthew.martin@company.com,(917) 406-5415,Active
EMP039326,Christopher,Moore,Christopher Moore,59,Finance,Specialist,Los Angeles,111282.84,11204.36,2021-12-19,33,61.2,christopher.moore@company.com,(912) 274-6109,Active
EMP039327,James,Garcia,James Garcia,60,HR,Associate,Miami,60936.13,8708.08,2024-11-29,34,72.1,james.garcia@company.com,(417) 439-6801,Active
EMP039328,Anthony,Wilson,Anthony Wilson,36,Engineering,Specialist,Los Angeles,79998.63,3245.51,2022-06-24,12,85.7,anthony.wilson@company.com,(546) 796-5457,Active
EMP039329,Christopher,Miller,Christopher Miller,52,Sales,Associate,Miami,61174.21,5976.95,2023-08-25,28,98.4,christopher.miller@company.com,(332) 968-7450,Active
EMP039330,Melissa,Hernandez,Melissa Hernandez,61,Legal,Associate,Boston,130760.39,25522.47,2020-12-03,32,73.5,melissa.hernandez@company.com,(292) 786-2940,On Leave
EMP039331,Amanda,Gonzalez,Amanda Gonzalez,25,Operations,Senior Developer,Chicago,44798.3,2830.92,2021-11-22,2,67.1,amanda.gonzalez@company.com,(985) 300-6539,Inactive
EMP039332,Christopher,Anderson,Christopher Anderson,63,Legal,Lead,Chicago,73761.38,11490.42,2022-10-12,36,89.4,christopher.anderson@company.com,(783) 445-2119,Active
EMP039333,William,Gonzalez,William Gonzalez,51,Sales,Specialist,Miami,76053.02,12618.78,2023-06-05,26,78.6,william.gonzalez@company.com,(471) 865-4385,Inactive
EMP039334,Nicole,Williams,Nicole Williams,41,Engineering,Analyst,Chicago,68798.66,9346.82,2020-11-20,12,81.4,nicole.williams@company.com,(750) 585-6676,Active
EMP039335,William,Anderson,William Anderson,48,Sales,Manager,Chicago,73369.93,5265.02,2024-05-07,21,100.0,william.anderson@company.com,(590) 203-2370,Active
EMP039336,Sarah,Martin,Sarah Martin,40,HR,Manager,Boston,82712.17,4772.46,2021-02-18,18,77.8,sarah.martin@company.com,(581) 405-1172,Active
EMP039337,Matthew,Davis,Matthew Davis,64,IT,Lead,Seattle,117928.9,12534.05,2024-04-04,35,68.6,matthew.davis@company.com,(515) 285-1987,Active
EMP039338,Lisa,Williams,Lisa Williams,63,Legal,Coordinator,Austin,103006.32,9984.15,2020-05-25,37,61.2,lisa.williams@company.com,(296) 445-6917,Active
EMP039339,Matthew,Garcia,Matthew Garcia,23,Engineering,Specialist,Seattle,68727.95,6393.78,2022-06-08,0,70.3,matthew.garcia@company.com,(838) 845-7502,Active
EMP039340,Jane,Thomas,Jane Thomas,35,Finance,Associate,Austin,102189.95,5240.55,2023-02-02,9,96.2,jane.thomas@company.com,(236) 947-3893,Active
EMP039341,Melissa,Davis,Melissa Davis,45,Legal,Senior Developer,New York,95526.55,7220.36,2021-06-25,16,100.0,melissa.davis@company.com,(499) 685-3848,Active
EMP039342,Amanda,Jackson,Amanda Jackson,22,Sales,Specialist,Los Angeles,63453.13,8472.65,2024-03-08,0,84.1,amanda.jackson@company.com,(438) 379-8947,Active
EMP039343,Sarah,Brown,Sarah Brown,52,Marketing,Senior Developer,Austin,85701.74,11526.99,2024-10-28,27,79.1,sarah.brown@company.com,(536) 547-8891,Active
EMP039344,Emily,Gonzalez,Emily Gonzalez,48,Marketing,Analyst,Miami,65265.86,4990.24,2022-02-13,23,65.3,emily.gonzalez@company.com,(285) 249-5919,Active
EMP039345,Robert,Anderson,Robert Anderson,23,IT,Associate,Austin,90762.93,11783.74,2022-08-06,0,99.4,robert.anderson@company.com,(308) 524-9705,Active
EMP039346,James,Martinez,James Martinez,43,Finance,Director,Miami,82194.89,217.98,2021-12-06,15,80.8,james.martinez@company.com,(552) 717-7312,Active
EMP039347,Lisa,Smith,Lisa Smith,39,Engineering,Lead,Miami,102882.48,14927.91,2023-04-11,10,89.7,lisa.smith@company.com,(701) 326-5788,Active
EMP039348,Stephanie,Smith,Stephanie Smith,25,Marketing,Senior Developer,Los Angeles,54480.55,6402.65,2020-09-23,1,100.0,stephanie.smith@company.com,(601) 325-7626,Active
EMP039349,Matthew,Anderson,Matthew Anderson,52,Marketing,Associate,Boston,61746.38,0.0,2020-01-06,23,94.9,matthew.anderson@company.com,(587) 201-7902,Active
EMP039350,Daniel,Miller,Daniel Miller,52,IT,Director,Los Angeles,61111.05,6418.51,2022-03-07,29,81.6,daniel.miller@company.com,(267) 258-2716,Active
EMP039351,Michael,Miller,Michael Miller,47,Engineering,Coordinator,Los Angeles,93987.29,6254.42,2023-03-02,19,54.9,michael.miller@company.com,(457) 985-4776,Inactive
EMP039352,Michael,Jackson,Michael Jackson,47,Engineering,Lead,New York,104483.83,9662.58,2020-01-08,18,48.9,michael.jackson@company.com,(606) 213-3794,Active
EMP039353,Jessica,Wilson,Jessica Wilson,55,Marketing,Analyst,Boston,80028.15,4949.06,2020-07-21,33,50.5,jessica.wilson@company.com,(617) 761-1261,Active
EMP039354,Jessica,Garcia,Jessica Garcia,57,Finance,Lead,Los Angeles,115049.35,23104.28,2020-03-05,33,80.2,jessica.garcia@company.com,(506) 352-1464,Active
EMP039355,Amanda,Hernandez,Amanda Hernandez,34,Marketing,Specialist,Austin,57721.81,8013.83,2020-06-01,10,94.3,amanda.hernandez@company.com,(235) 283-5695,Active
EMP039356,Amanda,Lopez,Amanda Lopez,32,HR,Director,San Francisco,59416.44,8889.29,2024-09-10,4,49.7,amanda.lopez@company.com,(734) 404-8123,Active
EMP039357,William,Williams,William Williams,53,Operations,Manager,Miami,55708.31,6732.43,2020-08-06,26,43.4,william.williams@company.com,(510) 735-6930,On Leave
EMP039358,Matthew,Garcia,Matthew Garcia,38,IT,Senior Developer,San Francisco,120506.36,8391.17,2023-10-12,9,61.1,matthew.garcia@company.com,(589) 435-6646,Active
EMP039359,Jessica,Miller,Jessica Miller,40,Finance,Specialist,Los Angeles,84596.65,2418.3,2024-10-03,12,61.5,jessica.miller@company.com,(412) 299-3368,Active
EMP039360,David,Smith,David Smith,62,Engineering,Associate,Boston,102599.11,16866.54,2021-11-19,37,84.5,david.smith@company.com,(970) 424-2025,Active
EMP039361,Jessica,Lopez,Jessica Lopez,40,HR,Lead,Chicago,70898.85,4971.22,2020-08-24,11,64.7,jessica.lopez@company.com,(670) 862-3714,Active
EMP039362,Emily,Martin,Emily Martin,55,IT,Lead,Seattle,92681.48,13903.98,2021-12-03,29,81.3,emily.martin@company.com,(934) 316-8815,Active
EMP039363,Michael,Jones,Michael Jones,55,Legal,Senior Developer,Austin,120817.17,5968.25,2024-07-12,30,45.7,michael.jones@company.com,(977) 931-7949,Active
EMP039364,William,Johnson,William Johnson,33,Operations,Senior Developer,Boston,58653.93,7505.74,2023-09-11,6,59.0,william.johnson@company.com,(951) 682-5697,On Leave
EMP039365,Anthony,Rodriguez,Anthony Rodriguez,28,Engineering,Manager,Miami,93563.14,16973.82,2020-11-11,6,56.5,anthony.rodriguez@company.com,(813) 838-5648,Active
EMP039366,Daniel,Rodriguez,Daniel Rodriguez,53,Engineering,Coordinator,New York,111451.4,13656.44,2020-12-21,26,86.9,daniel.rodriguez@company.com,(660) 475-6939,Inactive
EMP039367,Lisa,Gonzalez,Lisa Gonzalez,47,Legal,Coordinator,Seattle,90974.02,3798.47,2024-05-29,23,69.7,lisa.gonzalez@company.com,(554) 460-8056,Active
EMP039368,Matthew,Wilson,Matthew Wilson,31,Engineering,Manager,San Francisco,66543.58,6992.64,2021-12-30,9,87.1,matthew.wilson@company.com,(340) 978-4782,Inactive
EMP039369,Robert,Martinez,Robert Martinez,55,IT,Specialist,Miami,82844.21,0.0,2020-08-08,31,76.5,robert.martinez@company.com,(296) 763-9879,Active
EMP039370,Jane,Hernandez,Jane Hernandez,34,Finance,Specialist,Seattle,87721.59,9676.61,2023-05-04,6,81.4,jane.hernandez@company.com,(511) 379-8064,Active
EMP039371,Anthony,Martin,Anthony Martin,42,Sales,Senior Developer,Miami,68000.56,5547.83,2022-10-19,18,74.1,anthony.martin@company.com,(598) 558-9779,Active
EMP039372,Jane,Jackson,Jane Jackson,35,Marketing,Director,Los Angeles,61640.67,9878.74,2023-09-04,11,53.0,jane.jackson@company.com,(605) 731-8521,Active
EMP039373,Robert,Johnson,Robert Johnson,27,IT,Lead,Chicago,94546.05,1105.33,2022-11-14,2,77.0,robert.johnson@company.com,(880) 814-6695,Active
EMP039374,Emily,Wilson,Emily Wilson,29,Marketing,Manager,Chicago,70635.89,1624.09,2023-03-04,6,84.2,emily.wilson@company.com,(678) 978-2034,Active
EMP039375,Matthew,Moore,Matthew Moore,22,Engineering,Lead,Chicago,78552.11,2973.02,2020-04-13,0,63.5,matthew.moore@company.com,(475) 890-6557,Active
EMP039376,Jessica,Jones,Jessica Jones,63,Operations,Analyst,Austin,98807.52,14081.67,2020-02-03,36,56.3,jessica.jones@company.com,(750) 737-3055,Active
EMP039377,Lisa,Taylor,Lisa Taylor,34,HR,Director,New York,60605.1,8052.73,2022-10-09,11,100.0,lisa.taylor@company.com,(382) 926-4322,Active
EMP039378,Christopher,Garcia,Christopher Garcia,38,HR,Lead,Boston,46568.52,4067.18,2023-11-11,11,64.6,christopher.garcia@company.com,(215) 304-9142,On Leave
EMP039379,Daniel,Miller,Daniel Miller,58,IT,Associate,New York,65163.69,5450.82,2022-11-13,36,85.4,daniel.miller@company.com,(582) 377-1522,Active
EMP039380,Jessica,Wilson,Jessica Wilson,49,Marketing,Senior Developer,San Francisco,86770.74,10377.29,2021-10-05,22,89.9,jessica.wilson@company.com,(281) 959-2702,Inactive
EMP039381,Michael,Moore,Michael Moore,45,Operations,Analyst,Chicago,83972.32,5554.07,2022-10-08,17,67.5,michael.moore@company.com,(386) 256-7761,Active
EMP039382,Christopher,Anderson,Christopher Anderson,57,Operations,Specialist,Seattle,79988.39,7991.03,2023-08-24,30,65.1,christopher.anderson@company.com,(262) 928-7911,Active
EMP039383,William,Miller,William Miller,59,Sales,Senior Developer,Boston,56191.08,8052.33,2024-12-11,31,71.5,william.miller@company.com,(934) 588-2190,Active
EMP039384,Christopher,Thomas,Christopher Thomas,22,IT,Specialist,Los Angeles,69883.31,6280.25,2021-07-17,0,71.0,christopher.thomas@company.com,(859) 289-9171,Inactive
EMP039385,Ashley,Miller,Ashley Miller,27,Operations,Senior Developer,Chicago,50902.67,9623.29,2024-02-10,4,81.7,ashley.miller@company.com,(255) 494-4310,On Leave
EMP039386,Jessica,Martin,Jessica Martin,27,IT,Associate,Austin,67020.22,1979.11,2021-08-04,4,43.4,jessica.martin@company.com,(897) 876-4969,Active
EMP039387,Emily,Anderson,Emily Anderson,27,Sales,Director,Austin,68620.9,10561.85,2020-04-29,0,58.3,emily.anderson@company.com,(450) 963-1078,Active
EMP039388,Ashley,Gonzalez,Ashley Gonzalez,35,Finance,Analyst,Los Angeles,94796.62,5910.07,2021-08-22,7,73.8,ashley.gonzalez@company.com,(602) 699-8702,Active
EMP039389,Matthew,Moore,Matthew Moore,39,Engineering,Director,New York,104747.65,1714.05,2020-08-27,12,42.1,matthew.moore@company.com,(626) 926-6075,Active
EMP039390,James,Martin,James Martin,32,Legal,Coordinator,Miami,68092.85,3463.84,2023-02-04,10,72.3,james.martin@company.com,(357) 449-6943,Active
EMP039391,Melissa,Martin,Melissa Martin,28,IT,Specialist,Boston,59212.86,9125.58,2023-08-28,0,66.2,melissa.martin@company.com,(523) 202-2650,Active
EMP039392,Christopher,Hernandez,Christopher Hernandez,25,Operations,Director,Seattle,58283.51,3505.06,2020-07-21,2,81.7,christopher.hernandez@company.com,(639) 277-3613,Active
EMP039393,John,Garcia,John Garcia,52,Marketing,Manager,Los Angeles,97142.16,0.0,2024-10-22,27,74.0,john.garcia@company.com,(232) 749-4274,Active
EMP039394,William,Gonzalez,William Gonzalez,53,IT,Manager,Austin,119798.92,14339.09,2024-09-11,30,67.2,william.gonzalez@company.com,(789) 494-1117,Inactive
EMP039395,Matthew,Davis,Matthew Davis,25,HR,Director,San Francisco,44381.56,2271.25,2020-12-24,1,70.1,matthew.davis@company.com,(455) 217-1283,Active
EMP039396,Matthew,Thomas,Matthew Thomas,25,Legal,Associate,Boston,81766.32,803.94,2021-10-03,0,79.0,matthew.thomas@company.com,(769) 551-7840,Active
EMP039397,Matthew,Martin,Matthew Martin,58,Sales,Senior Developer,Boston,93690.41,18800.25,2023-01-30,35,81.3,matthew.martin@company.com,(645) 800-3671,Active
EMP039398,Ashley,Williams,Ashley Williams,38,Operations,Associate,Chicago,77029.01,6156.63,2022-02-01,13,60.3,ashley.williams@company.com,(328) 642-4613,On Leave
EMP039399,Nicole,Miller,Nicole Miller,48,Finance,Analyst,Chicago,100861.59,17035.41,2022-12-09,19,60.8,nicole.miller@company.com,(669) 979-2255,Active
EMP039400,Sarah,Gonzalez,Sarah Gonzalez,60,Legal,Associate,San Francisco,112390.22,11828.94,2021-01-01,36,81.4,sarah.gonzalez@company.com,(841) 567-1383,Active
EMP039401,Stephanie,Miller,Stephanie Miller,35,Operations,Director,Austin,65570.17,0.0,2021-10-19,6,55.5,stephanie.miller@company.com,(662) 534-5931,Active
EMP039402,Jessica,Taylor,Jessica Taylor,41,Operations,Senior Developer,Seattle,56968.65,5928.33,2021-03-01,16,70.5,jessica.taylor@company.com,(359) 861-2327,Active
EMP039403,Matthew,Miller,Matthew Miller,57,Marketing,Analyst,Miami,65712.6,10603.15,2023-08-17,31,82.1,matthew.miller@company.com,(382) 666-7850,Active
EMP039404,John,Moore,John Moore,37,Engineering,Associate,San Francisco,77623.17,11050.7,2024-08-09,13,67.1,john.moore@company.com,(438) 313-3073,Active
EMP039405,Stephanie,Martinez,Stephanie Martinez,63,Operations,Analyst,San Francisco,76487.04,9134.4,2021-06-16,36,70.0,stephanie.martinez@company.com,(925) 654-8888,Active
EMP039406,Melissa,Wilson,Melissa Wilson,65,Sales,Associate,Austin,104794.59,8014.52,2023-04-30,41,76.0,melissa.wilson@company.com,(929) 750-4766,Active
EMP039407,Stephanie,Smith,Stephanie Smith,41,Sales,Specialist,San Francisco,65444.36,8583.68,2021-12-17,12,100.0,stephanie.smith@company.com,(315) 377-6328,Active
EMP039408,Matthew,Thomas,Matthew Thomas,40,Engineering,Director,Seattle,102278.02,4075.6,2024-03-23,15,48.6,matthew.thomas@company.com,(598) 962-5112,Active
EMP039409,Christopher,Martin,Christopher Martin,52,Marketing,Lead,Los Angeles,102033.09,7351.22,2023-05-28,27,69.2,christopher.martin@company.com,(709) 367-9908,Active
EMP039410,Jessica,Martin,Jessica Martin,61,Sales,Lead,San Francisco,83071.36,2087.12,2020-10-25,32,68.9,jessica.martin@company.com,(526) 826-1862,Active
EMP039411,Daniel,Martin,Daniel Martin,44,HR,Lead,Miami,90966.95,7582.99,2023-07-24,18,93.8,daniel.martin@company.com,(662) 655-4213,Active
EMP039412,John,Anderson,John Anderson,61,Engineering,Lead,Los Angeles,111282.93,8825.75,2022-10-09,36,59.7,john.anderson@company.com,(552) 790-8531,Active
EMP039413,Matthew,Martin,Matthew Martin,60,Marketing,Coordinator,Seattle,94617.15,14324.92,2023-03-13,36,69.6,matthew.martin@company.com,(405) 715-7769,Active
EMP039414,David,Lopez,David Lopez,26,HR,Specialist,New York,32737.13,4263.9,2021-07-02,2,70.3,david.lopez@company.com,(455) 423-8577,Active
EMP039415,Daniel,Taylor,Daniel Taylor,33,Marketing,Associate,San Francisco,49624.11,6806.56,2024-04-08,9,76.8,daniel.taylor@company.com,(658) 474-8144,Active
EMP039416,Stephanie,Thomas,Stephanie Thomas,27,IT,Director,San Francisco,87931.98,5981.33,2024-12-23,1,79.1,stephanie.thomas@company.com,(775) 499-8188,Active
EMP039417,Amanda,Rodriguez,Amanda Rodriguez,64,HR,Analyst,Boston,72932.23,8948.99,2024-09-27,37,100.0,amanda.rodriguez@company.com,(445) 870-3373,Active
EMP039418,Stephanie,Davis,Stephanie Davis,40,Finance,Analyst,Boston,90469.9,7790.99,2023-10-25,17,57.4,stephanie.davis@company.com,(558) 529-1654,Active
EMP039419,Ashley,Anderson,Ashley Anderson,61,Engineering,Lead,Austin,115960.85,20202.68,2023-03-07,38,70.0,ashley.anderson@company.com,(408) 914-4585,Active
EMP039420,Ashley,Williams,Ashley Williams,38,Legal,Lead,Seattle,84210.92,9348.64,2022-02-26,10,69.1,ashley.williams@company.com,(610) 448-4774,Active
EMP039421,Stephanie,Martinez,Stephanie Martinez,27,Engineering,Associate,New York,72838.59,10829.42,2022-05-05,5,55.3,stephanie.martinez@company.com,(349) 899-4128,Active
EMP039422,Matthew,Gonzalez,Matthew Gonzalez,39,Operations,Manager,New York,31288.55,4716.13,2020-05-22,14,73.9,matthew.gonzalez@company.com,(643) 553-1056,Active
EMP039423,James,Gonzalez,James Gonzalez,47,IT,Manager,Los Angeles,87167.66,8329.6,2020-02-01,22,49.4,james.gonzalez@company.com,(992) 427-4102,Active
EMP039424,David,Lopez,David Lopez,56,Finance,Analyst,San Francisco,75400.72,8242.0,2022-02-21,32,72.7,david.lopez@company.com,(268) 747-2677,Active
EMP039425,Nicole,Martin,Nicole Martin,55,Marketing,Lead,New York,76933.81,9613.08,2020-05-31,27,67.4,nicole.martin@company.com,(617) 409-9324,On Leave
EMP039426,David,Johnson,David Johnson,32,Sales,Specialist,Boston,60052.94,2148.24,2020-02-17,9,58.7,david.johnson@company.com,(787) 546-5837,Active
EMP039427,Melissa,Brown,Melissa Brown,50,IT,Coordinator,Los Angeles,93136.36,6732.78,2020-09-08,22,64.1,melissa.brown@company.com,(814) 465-3280,Active
EMP039428,Lisa,Rodriguez,Lisa Rodriguez,34,Finance,Manager,Miami,79691.62,6198.87,2021-12-28,11,71.3,lisa.rodriguez@company.com,(363) 657-5056,Active
EMP039429,Amanda,Thomas,Amanda Thomas,52,Finance,Specialist,Miami,52237.64,2856.04,2020-06-21,25,50.2,amanda.thomas@company.com,(531) 308-5707,Active
EMP039430,David,Thomas,David Thomas,48,Engineering,Manager,Chicago,85901.91,3604.8,2023-05-21,26,83.0,david.thomas@company.com,(892) 509-3489,Active
EMP039431,Anthony,Thomas,Anthony Thomas,36,Finance,Specialist,Boston,83769.13,8240.21,2021-07-10,8,93.4,anthony.thomas@company.com,(372) 784-6035,Active
EMP039432,Matthew,Martinez,Matthew Martinez,49,Finance,Director,Chicago,80124.59,12500.14,2022-11-21,27,82.7,matthew.martinez@company.com,(504) 262-7737,On Leave
EMP039433,David,Johnson,David Johnson,55,Sales,Manager,Seattle,65296.31,2911.67,2022-09-25,29,69.6,david.johnson@company.com,(836) 984-1756,Active
EMP039434,Nicole,Wilson,Nicole Wilson,50,Sales,Specialist,Austin,75897.42,1389.74,2024-05-02,27,42.4,nicole.wilson@company.com,(998) 956-6598,Active
EMP039435,Jane,Hernandez,Jane Hernandez,52,Finance,Coordinator,Miami,88477.24,7130.12,2024-12-28,25,83.4,jane.hernandez@company.com,(602) 395-2871,Active
EMP039436,William,Gonzalez,William Gonzalez,31,IT,Director,Miami,65485.02,4242.88,2022-06-25,2,96.3,william.gonzalez@company.com,(607) 862-7157,Active
EMP039437,Christopher,Garcia,Christopher Garcia,45,Finance,Manager,Seattle,89536.92,5355.55,2022-10-11,17,57.7,christopher.garcia@company.com,(735) 969-3805,Inactive
EMP039438,Daniel,Garcia,Daniel Garcia,52,Legal,Senior Developer,Seattle,86326.26,2130.88,2022-03-09,25,24.0,daniel.garcia@company.com,(519) 571-1230,Inactive
EMP039439,Jane,Brown,Jane Brown,47,Finance,Specialist,Chicago,47778.65,5648.29,2022-03-18,18,63.0,jane.brown@company.com,(392) 856-7382,Active
EMP039440,Jane,Taylor,Jane Taylor,49,IT,Associate,New York,97492.28,13873.8,2023-10-23,22,74.4,jane.taylor@company.com,(899) 846-7715,Active
EMP039441,Sarah,Jackson,Sarah Jackson,25,Engineering,Analyst,Los Angeles,97702.42,14753.64,2020-08-11,0,100.0,sarah.jackson@company.com,(829) 551-8464,Active
EMP039442,Christopher,Anderson,Christopher Anderson,58,Sales,Director,Miami,67486.18,9946.62,2022-07-10,31,94.7,christopher.anderson@company.com,(486) 422-3856,Inactive
EMP039443,Daniel,Martinez,Daniel Martinez,35,Legal,Analyst,Los Angeles,83529.79,16631.48,2024-06-13,11,90.6,daniel.martinez@company.com,(821) 833-5608,Active
EMP039444,Jane,Jackson,Jane Jackson,47,IT,Lead,Seattle,107213.04,13418.94,2024-02-07,18,68.9,jane.jackson@company.com,(298) 483-1295,Active
EMP039445,James,Jones,James Jones,42,Operations,Lead,Chicago,53275.03,8822.76,2023-06-24,18,88.2,james.jones@company.com,(951) 618-2815,Active
EMP039446,James,Garcia,James Garcia,42,Marketing,Director,Chicago,71473.02,7543.02,2024-01-21,18,87.0,james.garcia@company.com,(281) 426-7162,Active
EMP039447,Christopher,Anderson,Christopher Anderson,45,Engineering,Specialist,Chicago,61514.51,5255.74,2024-06-29,20,57.6,christopher.anderson@company.com,(359) 737-7862,Active
EMP039448,William,Jackson,William Jackson,55,Engineering,Director,San Francisco,113129.77,10502.89,2020-07-13,27,79.9,william.jackson@company.com,(653) 964-5920,Active
EMP039449,Matthew,Thomas,Matthew Thomas,25,Sales,Specialist,Los Angeles,55334.65,9693.57,2023-11-05,0,73.0,matthew.thomas@company.com,(400) 711-1859,Inactive
EMP039450,Melissa,Wilson,Melissa Wilson,56,IT,Senior Developer,Miami,83140.92,5913.84,2022-05-20,33,86.2,melissa.wilson@company.com,(264) 842-1085,Active
EMP039451,Stephanie,Wilson,Stephanie Wilson,47,HR,Senior Developer,Miami,55440.59,4701.54,2024-11-29,24,72.8,stephanie.wilson@company.com,(236) 459-9330,Active
EMP039452,Daniel,Lopez,Daniel Lopez,30,Operations,Analyst,Austin,34695.42,1062.37,2023-05-02,5,67.0,daniel.lopez@company.com,(898) 446-4840,Inactive
EMP039453,Stephanie,Smith,Stephanie Smith,30,Sales,Coordinator,Seattle,89479.85,8832.96,2024-06-09,5,77.0,stephanie.smith@company.com,(296) 807-2731,Active
EMP039454,Matthew,Moore,Matthew Moore,38,Finance,Specialist,Seattle,47553.47,6546.11,2021-01-22,13,76.4,matthew.moore@company.com,(679) 998-7573,Active
EMP039455,William,Davis,William Davis,38,Sales,Associate,Los Angeles,81689.17,5663.19,2023-11-13,14,76.2,william.davis@company.com,(668) 764-6782,Active
EMP039456,Robert,Hernandez,Robert Hernandez,50,Legal,Director,Chicago,80245.49,6960.18,2020-08-21,24,76.3,robert.hernandez@company.com,(343) 462-2557,Active
EMP039457,David,Wilson,David Wilson,63,Finance,Analyst,San Francisco,97430.03,11772.97,2023-03-15,37,67.4,david.wilson@company.com,(378) 696-9969,Inactive
EMP039458,James,Moore,James Moore,63,Engineering,Manager,Austin,120952.16,7697.88,2023-06-27,34,79.9,james.moore@company.com,(944) 203-9742,Active
EMP039459,William,Williams,William Williams,45,IT,Associate,Los Angeles,85969.67,12145.33,2022-09-08,17,56.6,william.williams@company.com,(804) 654-9387,Active
EMP039460,Emily,Jackson,Emily Jackson,52,Finance,Analyst,New York,110556.03,12820.27,2021-02-05,25,69.0,emily.jackson@company.com,(836) 906-9920,Active
EMP039461,Nicole,Moore,Nicole Moore,41,Engineering,Specialist,New York,98769.79,14287.58,2023-06-30,16,70.3,nicole.moore@company.com,(729) 541-1124,Active
EMP039462,John,Garcia,John Garcia,62,Legal,Director,Los Angeles,136436.02,8196.16,2020-05-17,36,40.8,john.garcia@company.com,(982) 654-1537,Active
EMP039463,Jane,Jones,Jane Jones,32,Legal,Associate,Boston,125579.92,20704.53,2021-07-06,7,83.0,jane.jones@company.com,(408) 392-4268,Active
EMP039464,Ashley,Miller,Ashley Miller,35,Sales,Coordinator,Austin,40104.44,1759.98,2024-03-07,13,86.7,ashley.miller@company.com,(694) 279-6730,Active
EMP039465,Emily,Garcia,Emily Garcia,51,Marketing,Analyst,Seattle,50948.65,4111.22,2024-04-12,24,75.3,emily.garcia@company.com,(702) 409-9990,On Leave
EMP039466,Robert,Taylor,Robert Taylor,54,Legal,Specialist,Miami,75065.89,12904.98,2023-03-18,28,99.9,robert.taylor@company.com,(366) 671-1131,Active
EMP039467,Daniel,Smith,Daniel Smith,50,IT,Lead,Miami,98486.76,6323.07,2022-10-17,24,76.7,daniel.smith@company.com,(858) 886-8783,Active
EMP039468,Amanda,Jones,Amanda Jones,44,IT,Senior Developer,Seattle,76350.12,9728.59,2020-01-08,22,63.7,amanda.jones@company.com,(265) 370-4688,Active
EMP039469,Lisa,Johnson,Lisa Johnson,61,Finance,Lead,Miami,96648.6,17542.19,2021-01-07,36,100.0,lisa.johnson@company.com,(606) 418-5112,Active
EMP039470,Melissa,Anderson,Melissa Anderson,63,Marketing,Analyst,San Francisco,76115.13,6870.49,2022-01-15,38,62.7,melissa.anderson@company.com,(281) 811-2800,Active
EMP039471,Emily,Lopez,Emily Lopez,39,Sales,Analyst,Seattle,68624.7,924.93,2024-03-23,16,60.7,emily.lopez@company.com,(817) 443-7910,Active
EMP039472,Melissa,Jackson,Melissa Jackson,49,Finance,Associate,Miami,79509.67,17227.94,2020-10-03,25,75.0,melissa.jackson@company.com,(865) 957-4803,Active
EMP039473,Matthew,Anderson,Matthew Anderson,58,Finance,Analyst,Miami,115388.98,8366.93,2023-11-19,31,67.4,matthew.anderson@company.com,(640) 528-5093,Inactive
EMP039474,Michael,Williams,Michael Williams,25,Operations,Associate,Boston,48430.3,0.0,2022-01-11,0,94.6,michael.williams@company.com,(390) 417-9445,On Leave
EMP039475,John,Martin,John Martin,64,Operations,Senior Developer,Austin,63541.61,5035.01,2021-01-04,36,51.1,john.martin@company.com,(405) 855-2009,Active
EMP039476,Stephanie,Anderson,Stephanie Anderson,61,Sales,Director,Chicago,102774.38,16206.99,2021-01-12,32,61.6,stephanie.anderson@company.com,(879) 318-2332,Active
EMP039477,Stephanie,Miller,Stephanie Miller,60,Sales,Coordinator,Seattle,80586.41,15114.44,2023-01-07,33,78.9,stephanie.miller@company.com,(861) 357-8260,Active
EMP039478,John,Taylor,John Taylor,38,Marketing,Associate,Seattle,60170.09,1929.71,2021-12-22,11,87.3,john.taylor@company.com,(267) 557-8094,On Leave
EMP039479,Lisa,Hernandez,Lisa Hernandez,26,IT,Director,New York,60723.25,4197.1,2022-06-30,0,90.6,lisa.hernandez@company.com,(579) 841-7283,Active
EMP039480,Michael,Jackson,Michael Jackson,49,Operations,Coordinator,Boston,62349.14,5507.63,2024-11-22,26,77.6,michael.jackson@company.com,(601) 881-5103,On Leave
EMP039481,Anthony,Johnson,Anthony Johnson,55,IT,Lead,New York,113671.36,6328.89,2023-10-29,28,66.5,anthony.johnson@company.com,(895) 574-9228,Active
EMP039482,David,Anderson,David Anderson,27,Legal,Analyst,Austin,62270.33,10863.0,2024-07-13,3,92.7,david.anderson@company.com,(231) 845-1137,Inactive
EMP039483,Michael,Miller,Michael Miller,62,Sales,Coordinator,San Francisco,95084.46,8730.75,2020-08-16,37,53.9,michael.miller@company.com,(836) 477-1644,Active
EMP039484,David,Martinez,David Martinez,22,HR,Specialist,Los Angeles,39541.6,4522.41,2024-06-17,0,71.5,david.martinez@company.com,(867) 671-4211,Inactive
EMP039485,Jessica,Davis,Jessica Davis,51,Engineering,Manager,Los Angeles,100476.17,7811.54,2020-01-23,27,49.7,jessica.davis@company.com,(768) 724-2810,Active
EMP039486,James,Davis,James Davis,47,Sales,Specialist,Austin,78146.43,7621.92,2022-10-05,20,67.9,james.davis@company.com,(368) 563-6979,Active
EMP039487,Christopher,Rodriguez,Christopher Rodriguez,52,Operations,Analyst,New York,83229.0,9156.59,2023-05-21,28,75.4,christopher.rodriguez@company.com,(977) 872-8267,Active
EMP039488,David,Rodriguez,David Rodriguez,36,HR,Lead,Miami,44910.55,8175.15,2021-09-19,12,97.8,david.rodriguez@company.com,(926) 560-6236,Active
EMP039489,Stephanie,Johnson,Stephanie Johnson,59,Sales,Director,Miami,55251.68,4405.43,2022-08-27,34,53.4,stephanie.johnson@company.com,(851) 482-4754,Active
EMP039490,Lisa,Martin,Lisa Martin,42,Legal,Senior Developer,Chicago,103226.85,17542.97,2020-07-12,13,100.0,lisa.martin@company.com,(399) 882-8962,Active
EMP039491,Ashley,Davis,Ashley Davis,43,IT,Coordinator,Austin,99527.8,8973.97,2024-02-29,14,100.0,ashley.davis@company.com,(635) 822-1984,Active
EMP039492,Amanda,Taylor,Amanda Taylor,40,HR,Manager,Chicago,62505.01,5745.95,2024-04-10,14,77.1,amanda.taylor@company.com,(753) 482-5858,Active
EMP039493,Lisa,Miller,Lisa Miller,34,Operations,Senior Developer,San Francisco,59598.31,8169.76,2020-02-27,12,80.4,lisa.miller@company.com,(475) 481-4585,On Leave
EMP039494,John,Johnson,John Johnson,28,HR,Analyst,San Francisco,41913.15,6070.05,2020-12-08,6,46.7,john.johnson@company.com,(915) 238-5621,Active
EMP039495,Robert,Miller,Robert Miller,53,Finance,Specialist,Los Angeles,86244.73,12129.72,2020-06-05,25,82.1,robert.miller@company.com,(942) 982-3209,Active
EMP039496,Nicole,Johnson,Nicole Johnson,30,Legal,Lead,Austin,43772.25,4478.24,2020-01-10,3,76.6,nicole.johnson@company.com,(561) 718-3541,Active
EMP039497,David,Hernandez,David Hernandez,56,Operations,Director,New York,62758.78,5326.57,2020-12-12,29,80.1,david.hernandez@company.com,(384) 859-8744,Active
EMP039498,Robert,Martinez,Robert Martinez,58,IT,Senior Developer,New York,132569.86,11764.15,2023-06-04,31,69.3,robert.martinez@company.com,(899) 861-7306,Active
EMP039499,Anthony,Martinez,Anthony Martinez,65,Engineering,Specialist,Miami,117480.2,19045.37,2020-03-01,38,69.3,anthony.martinez@company.com,(804) 400-5105,Active
EMP039500,David,Davis,David Davis,46,Operations,Associate,Los Angeles,63801.7,6394.35,2020-12-21,21,84.0,david.davis@company.com,(557) 533-6549,Active
EMP039501,John,Hernandez,John Hernandez,46,Sales,Director,Los Angeles,72509.37,8385.94,2024-10-19,22,95.2,john.hernandez@company.com,(257) 528-3711,Active
EMP039502,William,Martin,William Martin,30,Finance,Coordinator,San Francisco,53652.61,6323.34,2021-12-22,2,54.7,william.martin@company.com,(616) 235-1009,Active
EMP039503,Matthew,Miller,Matthew Miller,52,Sales,Associate,New York,61871.36,4398.34,2020-08-17,30,61.5,matthew.miller@company.com,(369) 640-7778,Active
EMP039504,Robert,Thomas,Robert Thomas,47,Finance,Coordinator,Seattle,99899.54,12110.8,2022-12-10,20,77.5,robert.thomas@company.com,(379) 300-9024,Active
EMP039505,Ashley,Hernandez,Ashley Hernandez,25,HR,Manager,Boston,48800.92,2726.11,2020-01-24,0,100.0,ashley.hernandez@company.com,(558) 479-5740,Active
EMP039506,John,Anderson,John Anderson,35,Legal,Analyst,Miami,92350.75,6047.54,2021-07-02,10,95.7,john.anderson@company.com,(267) 999-7156,Active
EMP039507,Sarah,Hernandez,Sarah Hernandez,33,Finance,Associate,Chicago,74603.14,7455.97,2020-06-30,8,53.9,sarah.hernandez@company.com,(843) 241-6851,Active
EMP039508,Sarah,Miller,Sarah Miller,52,HR,Associate,Chicago,60644.88,9102.39,2022-08-02,26,63.0,sarah.miller@company.com,(540) 818-1252,Active
EMP039509,Melissa,Rodriguez,Melissa Rodriguez,23,Finance,Director,Miami,86762.45,7562.19,2023-12-20,0,78.5,melissa.rodriguez@company.com,(384) 367-5196,Active
EMP039510,Amanda,Miller,Amanda Miller,58,Operations,Associate,Seattle,85662.2,6390.89,2022-03-23,31,100.0,amanda.miller@company.com,(267) 729-7187,Inactive
EMP039511,Stephanie,Davis,Stephanie Davis,65,Finance,Lead,Seattle,108209.52,5528.7,2021-05-13,39,42.7,stephanie.davis@company.com,(900) 903-1864,Inactive
EMP039512,Emily,Garcia,Emily Garcia,40,Engineering,Director,Boston,95373.25,13030.99,2024-12-20,18,89.6,emily.garcia@company.com,(553) 320-7942,Active
EMP039513,Christopher,Davis,Christopher Davis,32,Legal,Specialist,Los Angeles,72368.13,10599.07,2024-11-02,7,68.8,christopher.davis@company.com,(856) 841-3331,Active
EMP039514,Anthony,Jones,Anthony Jones,46,Operations,Analyst,Chicago,65101.47,6053.51,2020-05-17,19,96.6,anthony.jones@company.com,(892) 806-3379,Active
EMP039515,Amanda,Lopez,Amanda Lopez,38,Engineering,Lead,Los Angeles,39000.0,2083.66,2024-05-25,15,53.1,amanda.lopez@company.com,(858) 565-8794,Active
EMP039516,William,Wilson,William Wilson,61,Operations,Director,Boston,88835.91,14330.25,2021-03-12,37,45.1,william.wilson@company.com,(417) 401-3188,Inactive
EMP039517,Anthony,Rodriguez,Anthony Rodriguez,41,Operations,Director,Chicago,54318.47,6329.02,2023-04-19,13,92.6,anthony.rodriguez@company.com,(206) 506-8484,Active
EMP039518,Anthony,Brown,Anthony Brown,50,Finance,Coordinator,Los Angeles,92096.82,9549.91,2021-03-25,22,62.7,anthony.brown@company.com,(961) 994-8728,Active
EMP039519,David,Jones,David Jones,56,Engineering,Manager,Seattle,97999.73,6236.53,2020-02-04,27,65.0,david.jones@company.com,(794) 753-4048,Active
EMP039520,Michael,Anderson,Michael Anderson,42,Legal,Director,San Francisco,107516.17,5652.05,2021-07-06,18,89.2,michael.anderson@company.com,(395) 651-8915,Active
EMP039521,Daniel,Wilson,Daniel Wilson,62,Operations,Specialist,Boston,69977.99,6873.51,2020-11-19,34,85.0,daniel.wilson@company.com,(688) 419-2446,Active
EMP039522,Ashley,Martinez,Ashley Martinez,65,Operations,Lead,Chicago,100701.11,7101.9,2024-09-29,40,54.1,ashley.martinez@company.com,(986) 476-9231,On Leave
EMP039523,Jessica,Martinez,Jessica Martinez,41,Finance,Analyst,Chicago,72741.8,8683.21,2022-05-04,16,83.8,jessica.martinez@company.com,(302) 604-3608,Active
EMP039524,Robert,Martin,Robert Martin,62,Operations,Manager,Boston,95445.99,13929.32,2023-06-01,37,79.1,robert.martin@company.com,(873) 912-4538,Active
EMP039525,Emily,Martinez,Emily Martinez,29,HR,Associate,Miami,36343.17,392.08,2021-06-19,7,56.3,emily.martinez@company.com,(627) 996-2247,Active
EMP039526,James,Martinez,James Martinez,52,Marketing,Senior Developer,Boston,78605.59,10723.91,2020-09-05,27,53.7,james.martinez@company.com,(806) 496-8920,Active
EMP039527,Michael,Taylor,Michael Taylor,30,Operations,Director,Chicago,33857.0,3220.94,2021-06-09,6,80.6,michael.taylor@company.com,(623) 558-2022,Active
EMP039528,Jane,Gonzalez,Jane Gonzalez,46,Operations,Manager,New York,55310.14,7257.05,2024-02-21,24,83.1,jane.gonzalez@company.com,(535) 871-9417,Active
EMP039529,Nicole,Rodriguez,Nicole Rodriguez,47,IT,Specialist,Boston,112753.26,15551.88,2020-04-20,25,85.7,nicole.rodriguez@company.com,(977) 435-2366,Active
EMP039530,Christopher,Martin,Christopher Martin,26,Legal,Specialist,Miami,59229.25,4329.26,2020-01-16,4,66.7,christopher.martin@company.com,(480) 772-5434,Active
EMP039531,Jane,Jackson,Jane Jackson,34,Sales,Analyst,Miami,59357.35,11096.27,2020-05-05,12,84.7,jane.jackson@company.com,(447) 303-1179,Active
EMP039532,Jessica,Gonzalez,Jessica Gonzalez,25,Operations,Associate,Austin,62045.6,4542.34,2023-07-30,1,70.3,jessica.gonzalez@company.com,(376) 925-2541,Active
EMP039533,Anthony,Davis,Anthony Davis,38,Sales,Director,New York,66094.17,6937.89,2023-08-20,12,65.5,anthony.davis@company.com,(242) 661-5926,Active
EMP039534,Sarah,Williams,Sarah Williams,27,IT,Director,Chicago,93121.5,7833.41,2024-07-26,1,38.0,sarah.williams@company.com,(502) 982-1690,Active
EMP039535,Anthony,Rodriguez,Anthony Rodriguez,23,HR,Coordinator,Boston,81861.62,7929.18,2020-02-09,0,89.5,anthony.rodriguez@company.com,(365) 511-9577,Active
EMP039536,Emily,Davis,Emily Davis,64,Sales,Lead,Boston,104081.93,16924.88,2020-05-27,42,73.1,emily.davis@company.com,(338) 235-5396,Active
EMP039537,Daniel,Lopez,Daniel Lopez,34,Marketing,Specialist,Austin,63347.35,3058.45,2024-11-06,10,61.8,daniel.lopez@company.com,(955) 848-3734,Inactive
EMP039538,Anthony,Garcia,Anthony Garcia,45,Finance,Senior Developer,New York,103080.56,12329.3,2020-01-30,23,85.2,anthony.garcia@company.com,(424) 597-8426,Inactive
EMP039539,Christopher,Lopez,Christopher Lopez,51,Finance,Senior Developer,Seattle,56175.78,2065.63,2023-05-19,28,59.2,christopher.lopez@company.com,(260) 618-5339,Active
EMP039540,Stephanie,Wilson,Stephanie Wilson,31,Sales,Lead,Los Angeles,74429.1,9881.77,2022-01-31,7,66.2,stephanie.wilson@company.com,(220) 910-9036,Active
EMP039541,Lisa,Moore,Lisa Moore,24,Operations,Manager,Chicago,55501.51,7752.56,2021-06-22,0,56.7,lisa.moore@company.com,(981) 553-6296,Active
EMP039542,John,Wilson,John Wilson,58,Finance,Lead,Seattle,84878.65,10554.35,2023-06-28,30,60.0,john.wilson@company.com,(894) 471-6804,On Leave
EMP039543,Melissa,Brown,Melissa Brown,43,HR,Analyst,San Francisco,65345.74,6495.97,2020-12-28,21,75.8,melissa.brown@company.com,(661) 261-1212,Active
EMP039544,William,Brown,William Brown,40,Operations,Senior Developer,Los Angeles,54471.9,8111.24,2020-10-31,17,92.9,william.brown@company.com,(777) 300-9591,Active
EMP039545,Lisa,Brown,Lisa Brown,48,HR,Manager,San Francisco,76580.63,4326.92,2022-04-05,23,91.0,lisa.brown@company.com,(541) 949-8585,Active
EMP039546,John,Moore,John Moore,40,Sales,Director,Los Angeles,73625.22,9192.09,2020-12-03,11,75.0,john.moore@company.com,(901) 422-5102,Active
EMP039547,Lisa,Martinez,Lisa Martinez,37,HR,Analyst,Miami,88009.48,9360.66,2020-11-12,14,88.4,lisa.martinez@company.com,(252) 278-1994,Active
EMP039548,Anthony,Smith,Anthony Smith,56,Operations,Coordinator,Los Angeles,71236.45,9340.81,2024-01-14,30,73.9,anthony.smith@company.com,(597) 689-6803,Active
EMP039549,Ashley,Davis,Ashley Davis,36,Marketing,Associate,Seattle,63016.39,9189.18,2024-02-04,13,67.9,ashley.davis@company.com,(381) 550-8169,Active
EMP039550,Jane,Wilson,Jane Wilson,55,Legal,Associate,Miami,92088.84,12660.95,2020-09-22,27,100.0,jane.wilson@company.com,(401) 902-6173,Active
EMP039551,Anthony,Johnson,Anthony Johnson,51,HR,Specialist,Chicago,43982.85,6007.71,2024-03-20,23,70.2,anthony.johnson@company.com,(559) 327-4913,Active
EMP039552,Lisa,Williams,Lisa Williams,22,Engineering,Specialist,Boston,79427.13,12743.02,2023-02-24,0,66.0,lisa.williams@company.com,(975) 435-3220,Active
EMP039553,Matthew,Johnson,Matthew Johnson,60,Finance,Senior Developer,Los Angeles,99413.64,4174.19,2022-11-05,36,80.3,matthew.johnson@company.com,(682) 576-7663,Active
EMP039554,James,Johnson,James Johnson,62,HR,Specialist,Chicago,84184.21,10091.24,2020-09-26,39,36.6,james.johnson@company.com,(267) 958-5134,Inactive
EMP039555,Matthew,Smith,Matthew Smith,24,Finance,Lead,Chicago,51735.48,0.0,2020-02-19,0,78.4,matthew.smith@company.com,(510) 811-4957,Active
EMP039556,Lisa,Martin,Lisa Martin,29,HR,Coordinator,San Francisco,57507.78,9346.65,2024-04-14,3,67.7,lisa.martin@company.com,(706) 887-1155,Active
EMP039557,Melissa,Hernandez,Melissa Hernandez,37,Marketing,Lead,Seattle,66227.03,8940.33,2021-08-19,13,86.5,melissa.hernandez@company.com,(949) 780-1846,Active
EMP039558,Amanda,Smith,Amanda Smith,47,Finance,Director,Seattle,89309.19,6813.62,2022-10-05,21,34.5,amanda.smith@company.com,(506) 787-2920,Active
EMP039559,Stephanie,Gonzalez,Stephanie Gonzalez,48,Engineering,Lead,New York,108275.1,2664.5,2020-04-11,21,63.0,stephanie.gonzalez@company.com,(880) 302-6686,Active
EMP039560,Nicole,Smith,Nicole Smith,22,Finance,Associate,Seattle,56016.97,3485.15,2024-12-02,0,58.4,nicole.smith@company.com,(536) 378-6098,Active
EMP039561,Anthony,Miller,Anthony Miller,31,Legal,Associate,Austin,103754.91,6030.28,2020-07-24,5,75.6,anthony.miller@company.com,(715) 933-3593,Active
EMP039562,Lisa,Brown,Lisa Brown,48,Operations,Lead,Miami,74642.19,9670.26,2021-03-08,25,86.3,lisa.brown@company.com,(697) 680-5879,Active
EMP039563,Daniel,Taylor,Daniel Taylor,55,HR,Senior Developer,Seattle,75796.4,3454.62,2020-03-15,29,82.0,daniel.taylor@company.com,(658) 676-6275,Active
EMP039564,David,Taylor,David Taylor,22,HR,Analyst,Austin,63760.05,11746.15,2023-02-14,0,83.0,david.taylor@company.com,(304) 521-3412,On Leave
EMP039565,William,Williams,William Williams,30,Sales,Director,Boston,81376.43,6880.03,2021-12-10,8,88.7,william.williams@company.com,(238) 783-1579,Active
EMP039566,Michael,Jones,Michael Jones,29,Finance,Manager,Miami,75885.91,9062.47,2022-06-13,3,59.8,michael.jones@company.com,(369) 485-9723,Active
EMP039567,Amanda,Moore,Amanda Moore,58,Operations,Lead,Chicago,75222.65,2629.59,2021-10-22,30,61.2,amanda.moore@company.com,(546) 868-1957,Active
EMP039568,Daniel,Lopez,Daniel Lopez,25,HR,Senior Developer,Chicago,73527.36,3486.47,2020-06-23,0,61.1,daniel.lopez@company.com,(472) 316-3472,Active
EMP039569,Jessica,Wilson,Jessica Wilson,61,Sales,Lead,Austin,98845.19,15709.39,2022-07-12,34,93.3,jessica.wilson@company.com,(547) 538-2985,Active
EMP039570,Stephanie,Williams,Stephanie Williams,53,Marketing,Coordinator,San Francisco,82498.53,5473.12,2024-05-23,28,88.2,stephanie.williams@company.com,(416) 815-1024,Active
EMP039571,Sarah,Garcia,Sarah Garcia,50,Operations,Lead,Los Angeles,76680.35,4083.65,2020-02-23,28,66.0,sarah.garcia@company.com,(280) 297-9272,Active
EMP039572,Emily,Davis,Emily Davis,62,IT,Associate,New York,116535.58,13850.66,2024-03-03,40,77.5,emily.davis@company.com,(414) 914-5341,Active
EMP039573,James,Gonzalez,James Gonzalez,41,Legal,Manager,Los Angeles,62218.21,4615.13,2021-01-24,18,59.0,james.gonzalez@company.com,(705) 262-7735,Active
EMP039574,Daniel,Moore,Daniel Moore,40,Operations,Specialist,Los Angeles,25500.0,2883.67,2020-02-13,16,75.1,daniel.moore@company.com,(754) 288-9293,Active
EMP039575,Lisa,Miller,Lisa Miller,61,HR,Coordinator,San Francisco,87836.24,2014.68,2023-10-16,35,85.3,lisa.miller@company.com,(914) 981-2495,Active
EMP039576,Christopher,Lopez,Christopher Lopez,46,Marketing,Analyst,Chicago,81023.25,10128.6,2021-04-24,24,83.4,christopher.lopez@company.com,(726) 468-4400,Active
EMP039577,Anthony,Thomas,Anthony Thomas,61,Marketing,Analyst,Boston,90454.28,10294.2,2021-06-28,34,65.8,anthony.thomas@company.com,(281) 734-5246,Active
EMP039578,Matthew,Thomas,Matthew Thomas,59,HR,Coordinator,Chicago,60668.87,11706.48,2023-11-06,34,53.8,matthew.thomas@company.com,(464) 322-6888,Active
EMP039579,Nicole,Smith,Nicole Smith,43,Engineering,Specialist,San Francisco,111601.38,2044.13,2023-06-12,20,65.1,nicole.smith@company.com,(426) 943-4922,Active
EMP039580,Emily,Davis,Emily Davis,39,IT,Coordinator,Austin,92781.83,11628.05,2023-09-15,11,100.0,emily.davis@company.com,(648) 486-1235,Active
EMP039581,Ashley,Davis,Ashley Davis,39,Finance,Lead,New York,78699.04,0.0,2020-05-02,14,53.6,ashley.davis@company.com,(724) 933-6039,Active
EMP039582,Stephanie,Williams,Stephanie Williams,62,Sales,Senior Developer,Los Angeles,75890.23,11288.96,2023-08-14,37,53.7,stephanie.williams@company.com,(829) 701-5240,Active
EMP039583,Melissa,Jackson,Melissa Jackson,34,Sales,Coordinator,San Francisco,74675.12,7622.59,2023-02-27,10,71.2,melissa.jackson@company.com,(798) 706-9006,Active
EMP039584,William,Gonzalez,William Gonzalez,25,Marketing,Specialist,Chicago,79051.3,6283.97,2022-04-09,3,93.2,william.gonzalez@company.com,(645) 289-1722,Active
EMP039585,Emily,Miller,Emily Miller,27,Operations,Director,Chicago,42044.49,1426.81,2021-02-11,0,73.5,emily.miller@company.com,(343) 407-8508,Active
EMP039586,William,Martin,William Martin,39,Marketing,Manager,Austin,53967.8,6198.14,2021-11-18,13,80.5,william.martin@company.com,(660) 368-3776,On Leave
EMP039587,Matthew,Thomas,Matthew Thomas,58,Sales,Lead,Los Angeles,94225.38,12956.77,2020-10-01,34,100.0,matthew.thomas@company.com,(408) 796-9991,Active
EMP039588,Jane,Brown,Jane Brown,27,Marketing,Senior Developer,Chicago,54635.97,5794.72,2022-06-03,3,71.9,jane.brown@company.com,(629) 705-8140,Active
EMP039589,Sarah,Anderson,Sarah Anderson,58,Operations,Lead,Austin,58989.11,9229.67,2024-09-11,29,63.6,sarah.anderson@company.com,(878) 494-9216,Active
EMP039590,Robert,Hernandez,Robert Hernandez,40,Legal,Senior Developer,Seattle,112621.95,13194.27,2023-06-21,16,69.0,robert.hernandez@company.com,(251) 625-2732,Active
EMP039591,John,Rodriguez,John Rodriguez,64,Finance,Lead,Austin,87415.48,5468.5,2020-10-22,41,66.4,john.rodriguez@company.com,(539) 317-2442,Active
EMP039592,Anthony,Williams,Anthony Williams,37,Operations,Director,Boston,40553.72,3274.06,2022-05-10,10,80.7,anthony.williams@company.com,(910) 608-9832,Active
EMP039593,Daniel,Hernandez,Daniel Hernandez,24,HR,Director,Seattle,85131.59,2555.47,2023-12-19,0,85.5,daniel.hernandez@company.com,(218) 818-8167,On Leave
EMP039594,Stephanie,Thomas,Stephanie Thomas,27,Legal,Senior Developer,Seattle,95709.63,5986.37,2020-08-02,3,66.6,stephanie.thomas@company.com,(517) 698-4569,Active
EMP039595,Emily,Garcia,Emily Garcia,34,Legal,Coordinator,Austin,104883.76,5976.5,2022-08-28,7,52.1,emily.garcia@company.com,(890) 844-1420,Inactive
EMP039596,Robert,Brown,Robert Brown,35,IT,Manager,Austin,96468.68,6590.94,2021-01-21,12,62.9,robert.brown@company.com,(968) 581-6808,On Leave
EMP039597,James,Taylor,James Taylor,39,HR,Lead,Seattle,58485.74,1301.33,2023-06-22,14,71.1,james.taylor@company.com,(574) 474-2677,Active
EMP039598,Christopher,Thomas,Christopher Thomas,31,Engineering,Analyst,New York,80640.18,6179.71,2021-10-03,3,87.5,christopher.thomas@company.com,(491) 660-4627,Active
EMP039599,Amanda,Wilson,Amanda Wilson,52,Finance,Lead,Austin,73379.99,0.0,2023-07-18,27,79.0,amanda.wilson@company.com,(999) 361-2908,Inactive
EMP039600,Lisa,Hernandez,Lisa Hernandez,35,Sales,Lead,Los Angeles,52445.72,9411.14,2020-05-10,11,73.2,lisa.hernandez@company.com,(455) 949-7597,Active
EMP039601,Stephanie,Davis,Stephanie Davis,43,Engineering,Lead,Chicago,87633.42,7603.46,2023-09-07,17,60.3,stephanie.davis@company.com,(453) 592-4167,Inactive
EMP039602,Ashley,Miller,Ashley Miller,46,Sales,Coordinator,San Francisco,71693.54,0.0,2022-01-12,22,60.8,ashley.miller@company.com,(245) 217-6329,Active
EMP039603,Daniel,Jackson,Daniel Jackson,56,Marketing,Lead,Austin,79457.29,3925.71,2021-11-25,33,72.4,daniel.jackson@company.com,(505) 822-3899,Active
EMP039604,Lisa,Jackson,Lisa Jackson,56,Marketing,Specialist,Austin,89119.5,9021.52,2023-08-15,28,52.1,lisa.jackson@company.com,(654) 946-4438,Active
EMP039605,Melissa,Gonzalez,Melissa Gonzalez,60,HR,Specialist,Miami,80841.39,8532.0,2021-03-16,38,49.9,melissa.gonzalez@company.com,(929) 341-2117,Active
EMP039606,Sarah,Johnson,Sarah Johnson,47,Marketing,Specialist,New York,96467.74,3951.6,2022-04-18,20,88.0,sarah.johnson@company.com,(711) 228-7603,Inactive
EMP039607,Emily,Rodriguez,Emily Rodriguez,32,HR,Director,Boston,43380.08,5001.72,2024-02-06,8,56.5,emily.rodriguez@company.com,(307) 677-7333,Active
EMP039608,James,Gonzalez,James Gonzalez,48,Marketing,Coordinator,New York,96243.86,17391.27,2020-02-28,21,62.3,james.gonzalez@company.com,(843) 817-3237,Active
EMP039609,Nicole,Anderson,Nicole Anderson,39,Legal,Specialist,Boston,105439.43,4452.02,2020-11-28,16,76.9,nicole.anderson@company.com,(731) 212-9584,Active
EMP039610,Anthony,Martinez,Anthony Martinez,65,Engineering,Manager,Los Angeles,105000.22,14496.6,2024-04-28,40,87.1,anthony.martinez@company.com,(239) 369-7226,Active
EMP039611,Jane,Gonzalez,Jane Gonzalez,30,Marketing,Senior Developer,Los Angeles,49951.48,4363.39,2022-09-18,2,87.5,jane.gonzalez@company.com,(533) 257-2700,Active
EMP039612,Jane,Smith,Jane Smith,32,Finance,Specialist,Miami,77098.67,5090.35,2021-01-21,10,60.1,jane.smith@company.com,(719) 791-8219,Active
EMP039613,Christopher,Lopez,Christopher Lopez,30,Finance,Senior Developer,New York,45182.42,5134.88,2020-09-19,6,61.1,christopher.lopez@company.com,(772) 962-2820,Active
EMP039614,John,Taylor,John Taylor,44,Operations,Analyst,Boston,51380.9,4295.71,2024-07-24,16,74.8,john.taylor@company.com,(821) 746-6167,Active
EMP039615,Daniel,Martinez,Daniel Martinez,56,Finance,Analyst,San Francisco,89979.32,7866.16,2022-04-15,34,83.6,daniel.martinez@company.com,(456) 958-9271,Inactive
EMP039616,David,Brown,David Brown,39,Sales,Analyst,Seattle,75704.02,12945.85,2024-05-10,13,39.7,david.brown@company.com,(600) 304-1560,Active
EMP039617,Michael,Smith,Michael Smith,38,HR,Lead,Los Angeles,56493.03,6931.35,2022-05-06,16,54.7,michael.smith@company.com,(302) 629-4419,Active
EMP039618,Melissa,Hernandez,Melissa Hernandez,36,Marketing,Associate,Chicago,48926.91,5561.28,2021-04-02,10,76.9,melissa.hernandez@company.com,(446) 353-5634,Active
EMP039619,Nicole,Jones,Nicole Jones,56,HR,Specialist,Boston,80186.67,9181.01,2023-06-12,31,64.3,nicole.jones@company.com,(892) 640-4238,Active
EMP039620,David,Brown,David Brown,54,Marketing,Manager,Chicago,69485.88,3398.15,2022-09-13,25,95.8,david.brown@company.com,(449) 982-4603,Active
EMP039621,Anthony,Gonzalez,Anthony Gonzalez,31,Sales,Lead,San Francisco,71796.78,4039.04,2022-12-11,6,76.3,anthony.gonzalez@company.com,(924) 692-9781,Active
EMP039622,Lisa,Martin,Lisa Martin,34,Finance,Specialist,Austin,99796.06,20206.48,2022-08-28,11,83.9,lisa.martin@company.com,(361) 518-7567,Active
EMP039623,Robert,Martinez,Robert Martinez,29,Finance,Coordinator,San Francisco,71621.64,6436.63,2023-09-16,1,83.5,robert.martinez@company.com,(827) 483-6219,Inactive
EMP039624,Ashley,Taylor,Ashley Taylor,46,HR,Manager,Austin,65045.04,9048.72,2023-02-25,21,65.5,ashley.taylor@company.com,(392) 485-8140,Active
EMP039625,David,Wilson,David Wilson,38,Marketing,Senior Developer,New York,67822.6,7560.18,2024-07-08,15,79.7,david.wilson@company.com,(407) 454-5288,Active
EMP039626,Michael,Jackson,Michael Jackson,58,HR,Specialist,Austin,91980.25,9174.67,2023-08-30,35,52.6,michael.jackson@company.com,(895) 706-5866,Active
EMP039627,Jessica,Johnson,Jessica Johnson,25,Legal,Manager,Chicago,82031.46,14124.94,2024-08-13,0,81.1,jessica.johnson@company.com,(710) 868-2582,Active
EMP039628,Michael,Davis,Michael Davis,59,Operations,Coordinator,Los Angeles,66360.23,4204.66,2020-06-15,37,49.0,michael.davis@company.com,(873) 966-3340,Inactive
EMP039629,Amanda,Garcia,Amanda Garcia,40,HR,Lead,New York,64608.06,1931.79,2022-07-04,18,78.1,amanda.garcia@company.com,(532) 809-4341,Active
EMP039630,Amanda,Jones,Amanda Jones,29,HR,Associate,Miami,64820.29,6101.71,2020-11-16,4,97.6,amanda.jones@company.com,(538) 464-9206,Active
EMP039631,Emily,Brown,Emily Brown,46,Legal,Senior Developer,San Francisco,82693.19,1122.41,2020-03-05,21,71.0,emily.brown@company.com,(240) 329-1658,Active
EMP039632,Stephanie,Williams,Stephanie Williams,31,Engineering,Specialist,Los Angeles,60901.51,4639.35,2020-08-13,6,92.2,stephanie.williams@company.com,(244) 263-6011,Active
EMP039633,Anthony,Williams,Anthony Williams,50,Sales,Manager,Boston,84580.69,12470.47,2021-05-27,21,52.1,anthony.williams@company.com,(959) 714-3256,Active
EMP039634,Christopher,Smith,Christopher Smith,39,Legal,Specialist,Los Angeles,90417.29,9013.5,2024-02-22,11,62.5,christopher.smith@company.com,(976) 643-3840,On Leave
EMP039635,Jane,Williams,Jane Williams,43,Sales,Specialist,Boston,68779.94,8295.36,2024-01-03,15,68.5,jane.williams@company.com,(912) 426-9489,On Leave
EMP039636,Michael,Taylor,Michael Taylor,40,Marketing,Coordinator,Los Angeles,57209.44,4077.17,2022-09-21,11,61.0,michael.taylor@company.com,(458) 556-5296,Active
EMP039637,Daniel,Thomas,Daniel Thomas,64,Sales,Analyst,New York,108394.79,14299.21,2020-04-02,42,66.2,daniel.thomas@company.com,(928) 811-6690,Active
EMP039638,James,Hernandez,James Hernandez,59,HR,Manager,Miami,62598.56,4620.16,2022-07-03,30,69.1,james.hernandez@company.com,(366) 611-5733,Active
EMP039639,Lisa,Moore,Lisa Moore,47,Marketing,Lead,Austin,93408.67,4581.21,2020-07-11,25,71.3,lisa.moore@company.com,(818) 634-2134,On Leave
EMP039640,Jane,Hernandez,Jane Hernandez,36,IT,Manager,Chicago,92817.59,12323.57,2022-10-11,10,63.5,jane.hernandez@company.com,(644) 731-7844,Active
EMP039641,William,Hernandez,William Hernandez,35,Engineering,Specialist,New York,124887.63,22944.28,2024-05-11,13,88.7,william.hernandez@company.com,(403) 852-3930,Active
EMP039642,Stephanie,Jackson,Stephanie Jackson,23,Operations,Manager,Austin,30469.19,4580.97,2021-05-04,0,96.5,stephanie.jackson@company.com,(487) 750-5012,Active
EMP039643,Christopher,Taylor,Christopher Taylor,23,Operations,Specialist,Seattle,68922.37,6782.32,2023-12-07,0,69.3,christopher.taylor@company.com,(207) 371-1973,Active
EMP039644,Christopher,Davis,Christopher Davis,27,Marketing,Lead,San Francisco,58199.92,4262.45,2022-07-25,5,82.3,christopher.davis@company.com,(237) 721-1769,On Leave
EMP039645,Ashley,Thomas,Ashley Thomas,34,Operations,Manager,Austin,50874.5,6425.57,2024-05-28,12,84.5,ashley.thomas@company.com,(896) 492-4737,Active
EMP039646,Sarah,Martin,Sarah Martin,62,Marketing,Senior Developer,San Francisco,73178.14,13346.4,2021-03-21,35,65.6,sarah.martin@company.com,(745) 708-7748,Active
EMP039647,John,Rodriguez,John Rodriguez,54,Legal,Lead,Los Angeles,81959.44,10748.66,2022-05-07,30,84.1,john.rodriguez@company.com,(828) 799-3101,Active
EMP039648,Lisa,Williams,Lisa Williams,56,Legal,Director,Austin,130711.93,15459.46,2021-10-14,28,81.6,lisa.williams@company.com,(543) 931-8834,Active
EMP039649,Sarah,Lopez,Sarah Lopez,37,Operations,Director,Seattle,25500.0,1660.94,2022-07-05,12,59.3,sarah.lopez@company.com,(793) 555-8541,Active
EMP039650,Ashley,Jackson,Ashley Jackson,30,Finance,Associate,San Francisco,61668.72,2615.18,2023-05-08,1,86.7,ashley.jackson@company.com,(331) 419-1952,Active
EMP039651,Stephanie,Moore,Stephanie Moore,31,HR,Lead,Seattle,55273.73,2616.53,2022-09-25,5,63.5,stephanie.moore@company.com,(724) 884-3654,Active
EMP039652,Lisa,Garcia,Lisa Garcia,43,Sales,Manager,Los Angeles,74879.48,9102.01,2022-04-20,16,83.0,lisa.garcia@company.com,(902) 679-3786,Active
EMP039653,Stephanie,Jones,Stephanie Jones,27,IT,Senior Developer,Miami,44831.72,7659.56,2020-04-24,0,86.8,stephanie.jones@company.com,(978) 959-7182,Inactive
EMP039654,Matthew,Lopez,Matthew Lopez,27,HR,Specialist,Seattle,68010.37,3202.11,2023-04-08,0,100.0,matthew.lopez@company.com,(722) 984-3203,Active
EMP039655,Nicole,Davis,Nicole Davis,32,Finance,Director,Boston,79002.58,2664.74,2022-08-18,9,92.0,nicole.davis@company.com,(219) 438-7600,Active
EMP039656,Melissa,Thomas,Melissa Thomas,29,HR,Manager,Austin,47884.54,3585.1,2022-04-27,4,87.4,melissa.thomas@company.com,(692) 281-1879,Active
EMP039657,Christopher,Taylor,Christopher Taylor,49,HR,Analyst,San Francisco,78388.14,10513.93,2024-10-26,22,94.4,christopher.taylor@company.com,(718) 489-7900,Active
EMP039658,Daniel,Garcia,Daniel Garcia,57,Finance,Coordinator,New York,79958.97,11489.84,2024-02-02,31,55.5,daniel.garcia@company.com,(882) 385-9699,Active
EMP039659,Nicole,Rodriguez,Nicole Rodriguez,54,Legal,Director,Austin,130837.52,21134.71,2021-06-21,30,75.4,nicole.rodriguez@company.com,(821) 622-1016,Active
EMP039660,Jane,Miller,Jane Miller,36,HR,Analyst,Seattle,40344.48,3302.31,2020-02-01,13,100.0,jane.miller@company.com,(423) 876-1592,Active
EMP039661,Daniel,Martinez,Daniel Martinez,46,Legal,Specialist,Austin,82185.02,6678.31,2024-04-17,23,100.0,daniel.martinez@company.com,(831) 280-4321,Inactive
EMP039662,Jessica,Martin,Jessica Martin,50,Finance,Lead,Seattle,100640.5,8889.4,2020-04-15,21,88.5,jessica.martin@company.com,(565) 523-4403,Active
EMP039663,Amanda,Davis,Amanda Davis,40,Operations,Lead,New York,57617.08,795.2,2023-10-16,18,75.4,amanda.davis@company.com,(495) 396-2274,Active
EMP039664,James,Williams,James Williams,58,Finance,Specialist,Los Angeles,128565.56,15506.64,2024-05-31,32,69.5,james.williams@company.com,(702) 466-4097,Active
EMP039665,Amanda,Hernandez,Amanda Hernandez,28,IT,Senior Developer,Miami,76017.0,2728.67,2024-02-23,0,55.7,amanda.hernandez@company.com,(872) 856-7505,Active
EMP039666,Nicole,Jackson,Nicole Jackson,23,Legal,Lead,Seattle,68788.82,6792.81,2021-09-06,0,79.3,nicole.jackson@company.com,(496) 659-5786,Active
EMP039667,Jane,Lopez,Jane Lopez,62,Operations,Senior Developer,Boston,79853.7,7193.32,2024-02-16,33,71.6,jane.lopez@company.com,(867) 340-7237,Active
EMP039668,Stephanie,Rodriguez,Stephanie Rodriguez,40,HR,Director,Boston,76888.41,9314.59,2022-04-16,12,87.5,stephanie.rodriguez@company.com,(497) 476-5848,Active
EMP039669,William,Hernandez,William Hernandez,32,Engineering,Specialist,Boston,71298.98,9088.76,2022-07-10,10,76.4,william.hernandez@company.com,(220) 400-5502,Active
EMP039670,John,Moore,John Moore,56,Operations,Coordinator,Miami,96345.07,11607.11,2021-12-24,28,61.6,john.moore@company.com,(928) 229-7162,Active
EMP039671,Stephanie,Hernandez,Stephanie Hernandez,23,Operations,Manager,Los Angeles,55295.88,6845.22,2024-10-27,0,76.5,stephanie.hernandez@company.com,(818) 527-2482,Active
EMP039672,Ashley,Wilson,Ashley Wilson,41,HR,Senior Developer,Boston,57862.44,9307.47,2023-03-27,18,61.0,ashley.wilson@company.com,(320) 754-6147,Active
EMP039673,William,Anderson,William Anderson,49,HR,Manager,Seattle,62934.69,8161.32,2021-01-22,27,84.5,william.anderson@company.com,(946) 922-8160,Active
EMP039674,Ashley,Rodriguez,Ashley Rodriguez,49,Operations,Associate,Miami,77575.11,11005.72,2024-01-17,27,86.3,ashley.rodriguez@company.com,(712) 589-4938,Active
EMP039675,John,Rodriguez,John Rodriguez,48,Legal,Analyst,Miami,97027.97,3520.36,2022-08-02,19,75.1,john.rodriguez@company.com,(404) 627-4822,Active
EMP039676,Nicole,Davis,Nicole Davis,46,IT,Director,New York,93233.02,3653.81,2020-07-19,18,68.6,nicole.davis@company.com,(784) 369-7897,Active
EMP039677,James,Lopez,James Lopez,47,Legal,Associate,Chicago,75022.71,13588.2,2020-07-19,21,77.2,james.lopez@company.com,(438) 562-3206,Active
EMP039678,William,Williams,William Williams,25,Marketing,Specialist,Chicago,47051.79,2466.21,2024-04-01,0,79.9,william.williams@company.com,(422) 254-6292,Active
EMP039679,Michael,Jackson,Michael Jackson,34,Engineering,Associate,Boston,72370.77,9670.31,2022-04-06,6,76.7,michael.jackson@company.com,(647) 801-4244,Active
EMP039680,John,Williams,John Williams,52,Marketing,Associate,New York,77820.55,10419.5,2024-04-24,27,67.6,john.williams@company.com,(527) 597-7911,Active
EMP039681,David,Brown,David Brown,39,Engineering,Lead,San Francisco,95055.93,15539.61,2021-04-04,13,67.9,david.brown@company.com,(403) 805-7415,Active
EMP039682,Matthew,Miller,Matthew Miller,36,Legal,Lead,Los Angeles,78626.51,7600.84,2023-01-05,13,89.7,matthew.miller@company.com,(304) 949-3680,Active
EMP039683,David,Johnson,David Johnson,32,Marketing,Director,Los Angeles,48432.31,4417.56,2022-06-08,7,93.1,david.johnson@company.com,(227) 901-3119,Active
EMP039684,Jane,Davis,Jane Davis,23,Operations,Analyst,Miami,26866.83,2751.97,2023-05-28,0,70.5,jane.davis@company.com,(788) 660-7514,Active
EMP039685,Sarah,Gonzalez,Sarah Gonzalez,57,Sales,Analyst,Seattle,96268.63,8892.61,2024-09-13,30,73.8,sarah.gonzalez@company.com,(356) 986-1918,Active
EMP039686,James,Miller,James Miller,42,Operations,Analyst,Seattle,46068.61,9217.3,2023-03-16,18,77.4,james.miller@company.com,(775) 848-2719,Inactive
EMP039687,Michael,Hernandez,Michael Hernandez,39,Marketing,Analyst,San Francisco,82439.6,8019.48,2023-10-23,10,86.8,michael.hernandez@company.com,(386) 618-4495,Active
EMP039688,Jane,Anderson,Jane Anderson,31,HR,Associate,San Francisco,64598.8,4154.62,2021-11-05,8,84.3,jane.anderson@company.com,(550) 322-7936,Active
EMP039689,Amanda,Williams,Amanda Williams,23,Legal,Manager,Chicago,52708.29,0.0,2021-08-28,0,69.7,amanda.williams@company.com,(775) 766-7835,Active
EMP039690,David,Williams,David Williams,64,Legal,Director,Boston,96894.01,11599.53,2020-09-01,38,92.3,david.williams@company.com,(621) 873-1366,Active
EMP039691,Jane,Williams,Jane Williams,55,Marketing,Associate,Los Angeles,96036.32,3226.78,2023-04-24,32,88.0,jane.williams@company.com,(268) 687-5035,Inactive
EMP039692,Daniel,Anderson,Daniel Anderson,65,IT,Specialist,Boston,138183.0,10045.57,2023-01-30,43,93.0,daniel.anderson@company.com,(957) 968-1396,Active
EMP039693,Sarah,Moore,Sarah Moore,38,Marketing,Specialist,Boston,78130.09,8620.55,2023-10-08,9,81.8,sarah.moore@company.com,(500) 733-3078,Active
EMP039694,John,Martinez,John Martinez,24,Finance,Specialist,Los Angeles,71985.45,7008.82,2021-01-06,0,78.1,john.martinez@company.com,(613) 369-9267,Inactive
EMP039695,Jessica,Martin,Jessica Martin,42,Engineering,Senior Developer,Chicago,121858.16,9572.29,2024-12-23,15,89.8,jessica.martin@company.com,(577) 970-9093,Active
EMP039696,William,Brown,William Brown,51,HR,Coordinator,Boston,87632.1,4456.05,2024-12-05,24,85.6,william.brown@company.com,(589) 584-1897,Active
EMP039697,William,Rodriguez,William Rodriguez,38,Legal,Coordinator,Los Angeles,115506.23,7544.57,2023-12-21,12,82.9,william.rodriguez@company.com,(222) 234-6085,Active
EMP039698,James,Martin,James Martin,22,IT,Associate,New York,77088.03,12275.7,2024-05-08,0,90.9,james.martin@company.com,(643) 537-1747,Active
EMP039699,Emily,Martinez,Emily Martinez,48,Legal,Senior Developer,Austin,117346.09,7551.87,2023-11-25,24,95.1,emily.martinez@company.com,(767) 848-7318,Active
EMP039700,Michael,Taylor,Michael Taylor,39,Finance,Coordinator,Miami,82516.72,11400.27,2021-05-18,13,82.7,michael.taylor@company.com,(452) 317-1348,Active
EMP039701,Nicole,Thomas,Nicole Thomas,28,HR,Analyst,Miami,65484.51,5884.93,2021-06-04,4,64.1,nicole.thomas@company.com,(556) 558-4878,On Leave
EMP039702,James,Garcia,James Garcia,56,Finance,Senior Developer,Boston,86554.18,10082.78,2021-10-16,34,80.7,james.garcia@company.com,(733) 774-4291,Active
EMP039703,Amanda,Hernandez,Amanda Hernandez,60,HR,Specialist,Austin,69916.32,7505.14,2020-05-10,34,53.2,amanda.hernandez@company.com,(653) 363-1998,Active
EMP039704,Emily,Jones,Emily Jones,37,Engineering,Director,Austin,88136.34,11409.99,2023-06-19,8,63.8,emily.jones@company.com,(272) 335-9473,Active
EMP039705,Nicole,Garcia,Nicole Garcia,63,Engineering,Specialist,Boston,89809.92,11312.17,2022-01-04,36,79.2,nicole.garcia@company.com,(601) 217-9842,Active
EMP039706,Jessica,Brown,Jessica Brown,28,HR,Specialist,Los Angeles,62370.89,3609.08,2021-01-01,0,58.1,jessica.brown@company.com,(317) 906-4873,Active
EMP039707,Stephanie,Martinez,Stephanie Martinez,50,Sales,Manager,Austin,92302.74,9443.17,2024-06-28,25,74.8,stephanie.martinez@company.com,(977) 444-9362,Inactive
EMP039708,Anthony,Brown,Anthony Brown,49,Engineering,Senior Developer,Los Angeles,100753.66,10794.71,2024-08-10,23,90.5,anthony.brown@company.com,(843) 577-5149,Inactive
EMP039709,Christopher,Martin,Christopher Martin,53,Sales,Coordinator,Los Angeles,90110.6,11862.99,2020-01-20,29,69.1,christopher.martin@company.com,(490) 680-5168,Active
EMP039710,Sarah,Jones,Sarah Jones,52,Engineering,Lead,Chicago,104227.0,7643.32,2022-11-25,28,64.9,sarah.jones@company.com,(641) 261-8143,Active
EMP039711,Christopher,Rodriguez,Christopher Rodriguez,43,Operations,Director,Seattle,55428.68,0.0,2023-08-16,14,73.1,christopher.rodriguez@company.com,(834) 474-5676,Active
EMP039712,Michael,Martin,Michael Martin,29,Legal,Analyst,Boston,98429.36,10604.91,2021-05-11,6,88.5,michael.martin@company.com,(527) 402-8838,Active
EMP039713,Christopher,Taylor,Christopher Taylor,35,HR,Senior Developer,Austin,88543.26,5934.7,2022-02-13,7,65.6,christopher.taylor@company.com,(784) 937-6239,Active
EMP039714,John,Martin,John Martin,46,Finance,Manager,Boston,68792.52,4260.43,2024-11-22,21,60.5,john.martin@company.com,(769) 218-5596,On Leave
EMP039715,Stephanie,Jones,Stephanie Jones,55,Operations,Manager,San Francisco,79224.96,9910.88,2021-08-04,29,62.8,stephanie.jones@company.com,(280) 220-2392,Active
EMP039716,Robert,Williams,Robert Williams,37,Marketing,Lead,Seattle,88291.75,13102.16,2023-06-15,9,72.0,robert.williams@company.com,(368) 328-5947,Active
EMP039717,Sarah,Garcia,Sarah Garcia,27,Finance,Analyst,Boston,72751.98,8517.64,2024-03-01,0,67.1,sarah.garcia@company.com,(614) 324-4170,Active
EMP039718,Sarah,Smith,Sarah Smith,37,Finance,Specialist,San Francisco,85068.85,10775.3,2021-08-25,9,74.3,sarah.smith@company.com,(327) 304-7880,Active
EMP039719,Jessica,Jackson,Jessica Jackson,34,Finance,Manager,Boston,72237.04,8290.29,2020-09-23,9,77.0,jessica.jackson@company.com,(941) 844-2198,Active
EMP039720,Anthony,Anderson,Anthony Anderson,28,Legal,Analyst,Boston,43175.48,3438.94,2022-10-27,4,99.0,anthony.anderson@company.com,(478) 231-9927,Active
EMP039721,David,Rodriguez,David Rodriguez,48,Engineering,Lead,Boston,122713.22,7204.51,2022-08-26,24,72.9,david.rodriguez@company.com,(770) 277-4377,Active
EMP039722,William,Martin,William Martin,37,Legal,Manager,Chicago,111103.75,8038.46,2020-05-06,15,56.7,william.martin@company.com,(673) 461-8460,Inactive
EMP039723,Jane,Smith,Jane Smith,31,IT,Director,Chicago,93045.27,6091.63,2023-12-30,7,41.8,jane.smith@company.com,(571) 254-3673,Active
EMP039724,Stephanie,Moore,Stephanie Moore,44,Legal,Senior Developer,Austin,96458.91,0.0,2023-05-23,18,67.7,stephanie.moore@company.com,(842) 285-4502,Active
EMP039725,Emily,Jones,Emily Jones,48,Legal,Lead,San Francisco,90410.75,3461.08,2024-10-13,23,77.2,emily.jones@company.com,(734) 249-6125,Inactive
EMP039726,Robert,Williams,Robert Williams,42,Engineering,Senior Developer,Chicago,93660.16,11027.78,2021-03-21,16,70.6,robert.williams@company.com,(882) 707-7717,Active
EMP039727,John,Johnson,John Johnson,57,Legal,Director,Los Angeles,110238.85,14441.55,2023-08-08,33,81.7,john.johnson@company.com,(866) 476-8678,Active
EMP039728,Nicole,Martin,Nicole Martin,62,Finance,Specialist,New York,61170.0,1189.07,2022-01-09,33,83.6,nicole.martin@company.com,(571) 730-7274,Active
EMP039729,John,Davis,John Davis,48,Sales,Senior Developer,Chicago,80401.62,3692.37,2020-11-04,26,51.8,john.davis@company.com,(423) 550-9775,Active
EMP039730,Jane,Jones,Jane Jones,48,Marketing,Manager,Los Angeles,67571.83,8002.09,2022-01-20,23,64.0,jane.jones@company.com,(670) 862-9371,Inactive
EMP039731,Nicole,Gonzalez,Nicole Gonzalez,48,Legal,Specialist,Boston,87578.4,8623.15,2022-08-08,20,63.3,nicole.gonzalez@company.com,(585) 606-4490,Active
EMP039732,Daniel,Lopez,Daniel Lopez,51,Operations,Manager,Seattle,68262.24,17214.45,2024-12-30,23,88.7,daniel.lopez@company.com,(801) 839-2650,Inactive
EMP039733,Jessica,Thomas,Jessica Thomas,43,Operations,Senior Developer,Boston,58735.81,3775.46,2023-10-29,16,66.2,jessica.thomas@company.com,(428) 651-9454,Active
EMP039734,Jane,Jackson,Jane Jackson,48,Operations,Coordinator,San Francisco,39753.72,3359.58,2021-12-01,26,82.1,jane.jackson@company.com,(218) 993-1316,Active
EMP039735,Amanda,Thomas,Amanda Thomas,54,Operations,Associate,Seattle,81987.02,8977.29,2021-08-29,31,83.1,amanda.thomas@company.com,(381) 830-2577,Active
EMP039736,Anthony,Smith,Anthony Smith,42,Sales,Coordinator,Austin,60539.69,5030.35,2024-05-21,20,76.3,anthony.smith@company.com,(927) 717-8909,Inactive
EMP039737,Nicole,Jackson,Nicole Jackson,31,Marketing,Lead,Chicago,96618.66,16992.08,2021-05-30,7,88.6,nicole.jackson@company.com,(408) 554-7386,Active
EMP039738,Nicole,Moore,Nicole Moore,35,Engineering,Lead,Miami,83004.15,4714.72,2021-10-05,9,76.6,nicole.moore@company.com,(998) 446-6019,Active
EMP039739,Stephanie,Martinez,Stephanie Martinez,43,Operations,Director,Chicago,74917.17,5401.38,2022-01-31,19,76.4,stephanie.martinez@company.com,(818) 969-5810,Inactive
EMP039740,Amanda,Rodriguez,Amanda Rodriguez,52,Marketing,Director,San Francisco,86733.76,5899.61,2023-06-19,23,72.0,amanda.rodriguez@company.com,(348) 349-6471,Active
EMP039741,Robert,Hernandez,Robert Hernandez,54,Sales,Coordinator,San Francisco,74936.86,11214.83,2021-03-18,32,63.2,robert.hernandez@company.com,(857) 803-8264,Active
EMP039742,Emily,Taylor,Emily Taylor,65,Sales,Coordinator,Austin,74302.34,3187.29,2023-10-11,43,42.8,emily.taylor@company.com,(215) 971-2658,Active
EMP039743,Robert,Lopez,Robert Lopez,23,HR,Associate,Chicago,35285.52,2095.91,2023-07-28,0,61.5,robert.lopez@company.com,(964) 867-3170,On Leave
EMP039744,Lisa,Taylor,Lisa Taylor,48,Marketing,Specialist,New York,72413.32,7974.92,2021-12-27,25,76.5,lisa.taylor@company.com,(702) 794-2448,Active
EMP039745,Stephanie,Anderson,Stephanie Anderson,43,Legal,Senior Developer,New York,115003.54,13465.52,2023-10-04,17,78.9,stephanie.anderson@company.com,(928) 782-8617,Inactive
EMP039746,Melissa,Jones,Melissa Jones,35,HR,Manager,Seattle,54355.29,12942.1,2024-08-10,13,54.7,melissa.jones@company.com,(432) 466-7989,Active
EMP039747,John,Wilson,John Wilson,24,Engineering,Analyst,Los Angeles,115335.4,14415.13,2024-12-01,0,80.4,john.wilson@company.com,(204) 625-9418,Active
EMP039748,Christopher,Rodriguez,Christopher Rodriguez,60,Finance,Specialist,Austin,149064.52,10688.1,2021-02-14,35,78.6,christopher.rodriguez@company.com,(345) 901-2013,Active
EMP039749,Robert,Miller,Robert Miller,50,Sales,Associate,San Francisco,81241.16,8241.77,2023-05-02,23,80.8,robert.miller@company.com,(474) 938-1943,Active
EMP039750,Jessica,Moore,Jessica Moore,39,Engineering,Senior Developer,Miami,92163.62,15739.63,2021-03-10,13,68.3,jessica.moore@company.com,(727) 546-6672,Active
EMP039751,David,Rodriguez,David Rodriguez,49,HR,Director,San Francisco,74289.98,1617.85,2022-05-30,27,96.3,david.rodriguez@company.com,(614) 270-8055,Active
EMP039752,Melissa,Rodriguez,Melissa Rodriguez,65,Marketing,Senior Developer,Austin,73345.99,10088.45,2020-07-09,42,45.7,melissa.rodriguez@company.com,(223) 692-4233,Active
EMP039753,Emily,Anderson,Emily Anderson,34,Sales,Associate,San Francisco,88292.42,6459.34,2020-10-12,5,51.0,emily.anderson@company.com,(320) 512-2135,Active
EMP039754,Stephanie,Garcia,Stephanie Garcia,60,HR,Senior Developer,Los Angeles,83812.57,7210.18,2021-06-23,32,75.8,stephanie.garcia@company.com,(378) 469-3254,Active
EMP039755,John,Taylor,John Taylor,41,Engineering,Lead,San Francisco,100239.35,0.0,2023-11-20,15,60.4,john.taylor@company.com,(715) 713-6348,Active
EMP039756,Melissa,Martinez,Melissa Martinez,40,Operations,Manager,New York,64165.97,0.0,2020-07-18,11,82.4,melissa.martinez@company.com,(861) 449-1272,Active
EMP039757,Michael,Gonzalez,Michael Gonzalez,49,Legal,Director,Los Angeles,91894.86,10540.85,2020-08-27,24,67.0,michael.gonzalez@company.com,(251) 899-5789,Active
EMP039758,Matthew,Hernandez,Matthew Hernandez,28,Marketing,Lead,New York,52746.33,8238.43,2020-07-19,5,86.5,matthew.hernandez@company.com,(443) 390-8836,Active
EMP039759,Nicole,Brown,Nicole Brown,36,Sales,Manager,Austin,93722.14,10121.18,2023-11-28,9,77.3,nicole.brown@company.com,(970) 995-7799,Active
EMP039760,Anthony,Rodriguez,Anthony Rodriguez,53,HR,Specialist,Austin,56266.56,4705.93,2021-11-20,28,65.5,anthony.rodriguez@company.com,(794) 539-6679,Inactive
EMP039761,Anthony,Johnson,Anthony Johnson,42,Engineering,Manager,San Francisco,102892.75,9452.36,2023-02-22,18,85.1,anthony.johnson@company.com,(348) 818-4290,Active
EMP039762,Jane,Williams,Jane Williams,59,Legal,Coordinator,New York,114069.62,17647.86,2023-11-02,37,62.5,jane.williams@company.com,(430) 543-6943,Active
EMP039763,Robert,Gonzalez,Robert Gonzalez,47,Operations,Senior Developer,Los Angeles,67206.36,7584.43,2023-03-23,23,84.3,robert.gonzalez@company.com,(569) 280-9640,Active
EMP039764,Robert,Jackson,Robert Jackson,34,Operations,Specialist,Boston,65189.44,11855.42,2022-04-07,9,83.9,robert.jackson@company.com,(312) 304-1853,Active
EMP039765,Michael,Miller,Michael Miller,25,Finance,Associate,New York,51561.79,7327.54,2022-10-02,0,51.9,michael.miller@company.com,(274) 838-9094,Active
EMP039766,Jane,Taylor,Jane Taylor,28,Sales,Associate,Seattle,64216.55,5992.45,2020-05-15,5,62.7,jane.taylor@company.com,(818) 785-9727,Active
EMP039767,Melissa,Hernandez,Melissa Hernandez,46,HR,Coordinator,Seattle,73507.61,9473.71,2024-07-03,24,72.3,melissa.hernandez@company.com,(968) 203-8599,Active
EMP039768,Robert,Thomas,Robert Thomas,35,Engineering,Senior Developer,San Francisco,91662.12,16008.0,2021-04-18,6,100.0,robert.thomas@company.com,(389) 716-1833,Active
EMP039769,William,Gonzalez,William Gonzalez,28,Operations,Lead,San Francisco,55482.37,13039.45,2020-02-02,0,80.1,william.gonzalez@company.com,(615) 514-6075,Active
EMP039770,Sarah,Lopez,Sarah Lopez,30,Legal,Manager,Boston,73991.33,9076.82,2020-03-09,8,86.5,sarah.lopez@company.com,(705) 861-5279,Active
EMP039771,Ashley,Anderson,Ashley Anderson,52,Marketing,Specialist,San Francisco,88971.13,15348.69,2023-10-24,28,58.2,ashley.anderson@company.com,(367) 255-3731,Active
EMP039772,Michael,Smith,Michael Smith,57,HR,Senior Developer,Boston,64179.92,4990.93,2020-12-20,35,88.9,michael.smith@company.com,(219) 265-2331,Active
EMP039773,David,Jackson,David Jackson,54,Operations,Senior Developer,Seattle,83555.57,2050.93,2024-02-21,25,86.4,david.jackson@company.com,(765) 445-6075,Active
EMP039774,Michael,Garcia,Michael Garcia,57,HR,Director,Seattle,79553.87,11076.75,2020-11-18,30,61.6,michael.garcia@company.com,(648) 974-8515,Active
EMP039775,Robert,Rodriguez,Robert Rodriguez,61,Legal,Associate,Seattle,113750.31,9548.81,2022-11-09,34,99.1,robert.rodriguez@company.com,(549) 350-7199,On Leave
EMP039776,William,Miller,William Miller,61,Marketing,Manager,Los Angeles,58509.73,0.0,2021-03-26,35,66.1,william.miller@company.com,(329) 329-9681,Active
EMP039777,Nicole,Taylor,Nicole Taylor,37,Finance,Specialist,Austin,73907.08,5703.23,2023-11-29,12,64.1,nicole.taylor@company.com,(988) 382-8309,Active
EMP039778,Daniel,Rodriguez,Daniel Rodriguez,60,Sales,Analyst,Austin,100680.68,14420.58,2022-07-23,36,61.7,daniel.rodriguez@company.com,(302) 858-8597,Active
EMP039779,Daniel,Smith,Daniel Smith,30,Operations,Senior Developer,Austin,59867.08,2250.35,2022-09-22,3,74.4,daniel.smith@company.com,(521) 589-9631,Active
EMP039780,Jessica,Brown,Jessica Brown,35,Sales,Analyst,Chicago,79419.4,8894.14,2023-04-14,11,87.3,jessica.brown@company.com,(587) 940-6196,Active
EMP039781,Melissa,Wilson,Melissa Wilson,59,Operations,Lead,Seattle,53661.94,1097.19,2024-04-22,33,59.8,melissa.wilson@company.com,(673) 297-6871,Active
EMP039782,Melissa,Martin,Melissa Martin,25,IT,Coordinator,New York,50914.28,8405.18,2023-08-19,3,74.9,melissa.martin@company.com,(682) 918-5002,Active
EMP039783,Anthony,Miller,Anthony Miller,65,Legal,Lead,Boston,125704.34,9937.5,2024-06-25,36,96.0,anthony.miller@company.com,(465) 408-4156,Active
EMP039784,Anthony,Rodriguez,Anthony Rodriguez,57,IT,Analyst,Boston,100764.77,5190.28,2024-03-29,35,61.6,anthony.rodriguez@company.com,(769) 675-4446,Active
EMP039785,Sarah,Garcia,Sarah Garcia,28,Legal,Coordinator,Miami,89039.9,2673.69,2020-02-28,0,80.9,sarah.garcia@company.com,(872) 492-2196,Active
EMP039786,Daniel,Taylor,Daniel Taylor,40,Sales,Manager,Austin,75812.56,10485.58,2024-06-13,15,86.0,daniel.taylor@company.com,(925) 505-4950,Active
EMP039787,James,Lopez,James Lopez,27,Engineering,Coordinator,New York,108283.66,7970.06,2021-09-06,0,84.3,james.lopez@company.com,(680) 818-1096,Active
EMP039788,Anthony,Brown,Anthony Brown,50,Finance,Coordinator,Austin,92177.21,4076.96,2023-10-19,28,80.8,anthony.brown@company.com,(940) 754-8547,Active
EMP039789,David,Williams,David Williams,59,Legal,Lead,Austin,75235.48,13045.37,2023-12-08,30,77.7,david.williams@company.com,(955) 714-4132,On Leave
EMP039790,Daniel,Brown,Daniel Brown,56,IT,Director,San Francisco,87339.89,1253.08,2024-11-04,33,94.6,daniel.brown@company.com,(401) 646-3233,Active
EMP039791,John,Garcia,John Garcia,65,IT,Lead,Miami,100280.55,9988.18,2023-11-11,38,86.6,john.garcia@company.com,(691) 859-2262,Active
EMP039792,Matthew,Jackson,Matthew Jackson,62,HR,Lead,Boston,106564.9,14907.78,2021-12-26,38,51.2,matthew.jackson@company.com,(985) 220-5565,Active
EMP039793,Amanda,Jackson,Amanda Jackson,29,Operations,Senior Developer,Boston,35046.67,5072.05,2023-09-10,2,47.3,amanda.jackson@company.com,(702) 364-1826,On Leave
EMP039794,Sarah,Davis,Sarah Davis,38,Operations,Director,Los Angeles,77099.08,10095.43,2021-03-08,13,76.7,sarah.davis@company.com,(605) 458-9100,Active
EMP039795,Nicole,Davis,Nicole Davis,47,Finance,Manager,Chicago,68933.47,4601.9,2022-02-03,23,74.6,nicole.davis@company.com,(967) 768-4881,Active
EMP039796,Melissa,Taylor,Melissa Taylor,27,Legal,Analyst,Austin,85276.16,7939.03,2023-07-01,4,86.5,melissa.taylor@company.com,(527) 601-9690,Active
EMP039797,Daniel,Martin,Daniel Martin,52,Sales,Senior Developer,New York,76090.33,6744.71,2023-09-14,24,68.8,daniel.martin@company.com,(794) 527-7467,Inactive
EMP039798,Jane,Moore,Jane Moore,22,Operations,Specialist,Los Angeles,60170.91,1027.4,2021-05-12,0,70.6,jane.moore@company.com,(406) 537-5807,Active
EMP039799,Emily,Moore,Emily Moore,34,Engineering,Senior Developer,New York,75843.5,9915.63,2021-05-27,9,75.1,emily.moore@company.com,(418) 958-9610,Inactive
EMP039800,Jessica,Jackson,Jessica Jackson,52,Legal,Manager,San Francisco,118507.72,11508.25,2022-07-04,26,77.6,jessica.jackson@company.com,(872) 958-4445,Active
EMP039801,Ashley,Anderson,Ashley Anderson,31,Operations,Analyst,San Francisco,63532.4,5667.64,2020-05-27,6,81.9,ashley.anderson@company.com,(985) 672-3407,Active
EMP039802,Daniel,Wilson,Daniel Wilson,27,Finance,Associate,Boston,51658.06,6372.84,2021-11-09,0,76.8,daniel.wilson@company.com,(560) 558-9093,Active
EMP039803,Ashley,Garcia,Ashley Garcia,47,Legal,Lead,Miami,83721.37,10500.07,2023-05-25,19,91.2,ashley.garcia@company.com,(545) 430-4104,Active
EMP039804,Jane,Brown,Jane Brown,43,HR,Lead,Miami,68006.5,4064.38,2021-11-05,19,75.3,jane.brown@company.com,(772) 626-5002,Active
EMP039805,William,Jackson,William Jackson,59,Sales,Coordinator,Seattle,103209.28,22608.0,2023-07-16,30,74.7,william.jackson@company.com,(310) 574-4848,Active
EMP039806,Melissa,Garcia,Melissa Garcia,41,Finance,Associate,Miami,73412.13,7194.87,2021-12-31,18,73.5,melissa.garcia@company.com,(430) 419-8698,Active
EMP039807,Stephanie,Davis,Stephanie Davis,54,Sales,Lead,Miami,66560.81,0.0,2021-12-31,28,82.4,stephanie.davis@company.com,(322) 822-9933,Active
EMP039808,Robert,Johnson,Robert Johnson,43,Legal,Senior Developer,New York,111464.9,11024.26,2022-12-24,21,100.0,robert.johnson@company.com,(243) 674-7861,Active
EMP039809,Christopher,Wilson,Christopher Wilson,43,Sales,Lead,Chicago,82043.62,8867.4,2021-10-10,21,80.0,christopher.wilson@company.com,(449) 647-5348,Active
EMP039810,Stephanie,Smith,Stephanie Smith,63,Engineering,Director,Austin,155545.44,15282.86,2021-07-26,34,62.6,stephanie.smith@company.com,(284) 284-9909,Active
EMP039811,David,Martinez,David Martinez,52,Legal,Senior Developer,San Francisco,56154.9,8900.1,2023-02-10,29,59.9,david.martinez@company.com,(514) 748-5924,Inactive
EMP039812,Jane,Jones,Jane Jones,32,IT,Director,Chicago,69814.31,12254.57,2023-03-13,8,77.1,jane.jones@company.com,(570) 691-4408,Active
EMP039813,Ashley,Taylor,Ashley Taylor,31,HR,Manager,San Francisco,33885.07,3519.48,2020-07-28,8,66.3,ashley.taylor@company.com,(977) 835-4927,Active
EMP039814,Emily,Rodriguez,Emily Rodriguez,23,Marketing,Manager,San Francisco,70553.23,3145.08,2021-04-19,1,58.6,emily.rodriguez@company.com,(864) 596-1300,Active
EMP039815,Amanda,Wilson,Amanda Wilson,28,Legal,Coordinator,Miami,46912.83,2026.12,2022-06-29,1,100.0,amanda.wilson@company.com,(819) 744-3122,Active
EMP039816,Anthony,Brown,Anthony Brown,52,Sales,Analyst,Chicago,62832.78,10968.67,2023-02-28,25,49.1,anthony.brown@company.com,(601) 606-6913,Active
EMP039817,Christopher,Garcia,Christopher Garcia,61,Marketing,Coordinator,Los Angeles,95612.67,10695.26,2023-04-06,34,100.0,christopher.garcia@company.com,(915) 670-1298,Active
EMP039818,Matthew,Martinez,Matthew Martinez,53,Marketing,Associate,Seattle,87360.72,5762.27,2023-02-25,26,70.4,matthew.martinez@company.com,(791) 795-2210,Active
EMP039819,Jane,Johnson,Jane Johnson,30,Finance,Senior Developer,Los Angeles,58462.23,9326.49,2024-09-07,3,67.2,jane.johnson@company.com,(241) 444-9106,Active
EMP039820,Emily,Jones,Emily Jones,41,IT,Manager,Austin,72266.95,5098.1,2024-06-14,14,77.5,emily.jones@company.com,(542) 694-4382,Active
EMP039821,Anthony,Taylor,Anthony Taylor,25,Marketing,Lead,Boston,60566.04,6440.84,2023-12-13,0,64.5,anthony.taylor@company.com,(466) 795-7971,Active
EMP039822,Melissa,Martinez,Melissa Martinez,30,Operations,Analyst,New York,37571.96,5857.46,2020-03-21,2,59.6,melissa.martinez@company.com,(935) 429-5898,Active
EMP039823,Nicole,Gonzalez,Nicole Gonzalez,32,Sales,Analyst,Los Angeles,62212.09,5558.17,2023-08-31,3,74.3,nicole.gonzalez@company.com,(530) 366-6465,Active
EMP039824,Christopher,Rodriguez,Christopher Rodriguez,25,Operations,Senior Developer,Miami,61030.75,4011.25,2020-09-04,2,81.1,christopher.rodriguez@company.com,(217) 497-8844,Active
EMP039825,Lisa,Jones,Lisa Jones,54,IT,Lead,Seattle,85298.98,10583.32,2021-04-18,29,88.5,lisa.jones@company.com,(878) 703-9966,Active
EMP039826,Nicole,Jackson,Nicole Jackson,41,Engineering,Director,Austin,107527.04,11499.42,2022-01-27,16,79.7,nicole.jackson@company.com,(955) 632-4912,Active
EMP039827,Nicole,Brown,Nicole Brown,39,Operations,Analyst,Miami,69055.77,2870.5,2022-05-01,11,61.1,nicole.brown@company.com,(821) 579-7718,Active
EMP039828,Daniel,Martinez,Daniel Martinez,35,IT,Director,Seattle,76595.47,10770.96,2020-06-07,13,63.8,daniel.martinez@company.com,(457) 250-5267,Active
EMP039829,Amanda,Gonzalez,Amanda Gonzalez,47,HR,Associate,Seattle,75833.22,9844.14,2024-10-17,21,85.0,amanda.gonzalez@company.com,(565) 869-4810,Active
EMP039830,Jessica,Garcia,Jessica Garcia,41,Finance,Associate,Boston,60592.76,4134.07,2021-12-17,16,94.9,jessica.garcia@company.com,(378) 739-9022,Active
EMP039831,Robert,Rodriguez,Robert Rodriguez,46,Legal,Director,Los Angeles,115074.94,8975.21,2023-04-09,19,69.0,robert.rodriguez@company.com,(350) 464-9754,Active
EMP039832,Emily,Wilson,Emily Wilson,37,Operations,Analyst,Miami,38491.47,3089.0,2023-05-21,12,67.6,emily.wilson@company.com,(456) 989-2981,Active
EMP039833,Christopher,Anderson,Christopher Anderson,29,Legal,Lead,Seattle,79617.46,3077.74,2020-09-10,0,96.2,christopher.anderson@company.com,(478) 967-9904,Active
EMP039834,Lisa,Thomas,Lisa Thomas,42,HR,Coordinator,Seattle,90266.79,11688.45,2021-10-19,19,65.2,lisa.thomas@company.com,(918) 672-6939,Inactive
EMP039835,Lisa,Garcia,Lisa Garcia,46,HR,Senior Developer,Chicago,64059.6,6864.48,2022-10-02,23,79.7,lisa.garcia@company.com,(405) 482-9403,On Leave
EMP039836,Melissa,Smith,Melissa Smith,43,Legal,Specialist,Seattle,80374.73,5113.12,2022-08-30,16,61.1,melissa.smith@company.com,(531) 742-9786,Active
EMP039837,Daniel,Thomas,Daniel Thomas,53,Marketing,Lead,Chicago,99345.46,9251.9,2020-06-01,25,79.1,daniel.thomas@company.com,(279) 975-2048,Active
EMP039838,James,Gonzalez,James Gonzalez,40,Marketing,Coordinator,San Francisco,59493.84,9223.26,2020-06-13,11,100.0,james.gonzalez@company.com,(723) 659-2588,Active
EMP039839,James,Taylor,James Taylor,23,Legal,Associate,Miami,64515.86,10043.37,2023-12-16,0,78.2,james.taylor@company.com,(920) 503-2176,Inactive
EMP039840,John,Miller,John Miller,55,IT,Manager,Los Angeles,62061.36,5355.64,2022-07-10,31,73.0,john.miller@company.com,(830) 478-7818,Active
EMP039841,Stephanie,Hernandez,Stephanie Hernandez,51,IT,Associate,Los Angeles,108470.32,3811.09,2024-02-28,29,60.1,stephanie.hernandez@company.com,(671) 320-5163,Active
EMP039842,Michael,Jones,Michael Jones,28,Engineering,Lead,Seattle,65014.26,9264.05,2024-12-01,6,69.2,michael.jones@company.com,(594) 522-8841,Active
EMP039843,Lisa,Brown,Lisa Brown,34,HR,Manager,Seattle,61598.72,6691.03,2021-09-30,6,54.4,lisa.brown@company.com,(386) 588-3714,Inactive
EMP039844,Matthew,Jackson,Matthew Jackson,65,Sales,Manager,Los Angeles,71128.83,1592.78,2021-12-23,38,43.8,matthew.jackson@company.com,(487) 895-2441,Active
EMP039845,Christopher,Williams,Christopher Williams,65,Engineering,Associate,San Francisco,158681.07,544.67,2022-08-01,40,71.8,christopher.williams@company.com,(807) 790-6677,Active
EMP039846,David,Moore,David Moore,46,Finance,Associate,Boston,53933.34,7524.85,2023-12-22,24,69.1,david.moore@company.com,(378) 811-9581,Active
EMP039847,Robert,Brown,Robert Brown,29,IT,Senior Developer,New York,86412.21,6139.62,2021-03-04,3,66.0,robert.brown@company.com,(972) 417-9840,Active
EMP039848,Emily,Martinez,Emily Martinez,25,HR,Coordinator,New York,45258.83,5008.06,2023-02-22,0,71.8,emily.martinez@company.com,(499) 786-9695,Active
EMP039849,Anthony,Wilson,Anthony Wilson,22,Sales,Coordinator,Los Angeles,60380.46,8704.89,2022-04-18,0,78.3,anthony.wilson@company.com,(278) 955-1053,Active
EMP039850,Melissa,Anderson,Melissa Anderson,53,Engineering,Director,Chicago,86291.85,12975.27,2021-04-16,26,70.6,melissa.anderson@company.com,(626) 949-1914,Active
EMP039851,Lisa,Gonzalez,Lisa Gonzalez,45,HR,Lead,Miami,65464.19,14409.93,2024-01-07,16,42.2,lisa.gonzalez@company.com,(949) 257-3390,Inactive
EMP039852,Amanda,Lopez,Amanda Lopez,22,Marketing,Director,Austin,60929.22,0.0,2022-07-01,0,75.9,amanda.lopez@company.com,(880) 656-9507,Active
EMP039853,Robert,Jones,Robert Jones,58,IT,Associate,Los Angeles,116993.76,10378.76,2020-05-12,35,56.2,robert.jones@company.com,(995) 635-8937,Active
EMP039854,Matthew,Anderson,Matthew Anderson,24,Finance,Specialist,Seattle,51904.37,9927.45,2023-01-19,0,65.9,matthew.anderson@company.com,(558) 813-8639,Active
EMP039855,Matthew,Miller,Matthew Miller,28,Engineering,Director,New York,82276.69,8532.44,2022-10-04,2,67.2,matthew.miller@company.com,(934) 278-2500,On Leave
EMP039856,William,Thomas,William Thomas,65,Legal,Senior Developer,Los Angeles,138198.21,12449.57,2024-10-07,38,66.3,william.thomas@company.com,(772) 332-5784,Active
EMP039857,Ashley,Jones,Ashley Jones,58,HR,Specialist,Chicago,102961.9,11555.03,2020-09-23,35,51.1,ashley.jones@company.com,(964) 627-2199,On Leave
EMP039858,Robert,Smith,Robert Smith,23,HR,Associate,Chicago,80981.29,7983.49,2024-11-11,0,76.2,robert.smith@company.com,(391) 571-8763,Active
EMP039859,Daniel,Miller,Daniel Miller,22,Marketing,Associate,Miami,40653.98,4047.45,2024-12-10,0,84.1,daniel.miller@company.com,(732) 533-7041,Active
EMP039860,Daniel,Williams,Daniel Williams,43,Operations,Director,Chicago,64210.74,4957.18,2021-03-11,20,94.3,daniel.williams@company.com,(578) 319-4992,Active
EMP039861,Sarah,Brown,Sarah Brown,58,Legal,Specialist,Miami,108312.96,18689.85,2020-03-26,35,98.5,sarah.brown@company.com,(354) 370-2037,Active
EMP039862,Sarah,Hernandez,Sarah Hernandez,42,IT,Specialist,Boston,98014.99,8694.29,2021-03-02,16,65.9,sarah.hernandez@company.com,(350) 859-9938,Active
EMP039863,Stephanie,Martinez,Stephanie Martinez,34,Engineering,Senior Developer,Seattle,71913.91,10776.68,2022-02-06,10,96.8,stephanie.martinez@company.com,(594) 401-6197,Active
EMP039864,Christopher,Miller,Christopher Miller,27,Marketing,Analyst,Los Angeles,69655.15,7339.02,2023-05-30,0,68.6,christopher.miller@company.com,(299) 931-3354,Active
EMP039865,Michael,Johnson,Michael Johnson,51,Finance,Director,Boston,90350.92,11492.09,2024-10-02,23,70.1,michael.johnson@company.com,(205) 978-5687,Active
EMP039866,Nicole,Hernandez,Nicole Hernandez,22,HR,Manager,Los Angeles,48440.81,6429.36,2023-06-19,0,43.7,nicole.hernandez@company.com,(847) 710-8632,Active
EMP039867,Jessica,Thomas,Jessica Thomas,48,Operations,Senior Developer,Chicago,75615.0,2818.3,2024-08-20,19,75.2,jessica.thomas@company.com,(793) 268-1624,Active
EMP039868,Melissa,Garcia,Melissa Garcia,26,Legal,Manager,Chicago,77362.04,10019.78,2024-03-13,0,70.2,melissa.garcia@company.com,(213) 701-7429,Active
EMP039869,Lisa,Lopez,Lisa Lopez,25,Engineering,Coordinator,Boston,39000.0,3331.56,2021-02-22,0,55.0,lisa.lopez@company.com,(627) 835-2460,Active
EMP039870,Robert,Brown,Robert Brown,36,Marketing,Coordinator,Seattle,63216.73,780.47,2023-05-28,12,53.9,robert.brown@company.com,(541) 917-7272,Active
EMP039871,Matthew,Miller,Matthew Miller,51,HR,Lead,Miami,65636.49,4839.63,2023-09-05,24,64.2,matthew.miller@company.com,(560) 441-8850,On Leave
EMP039872,Christopher,Martinez,Christopher Martinez,64,Sales,Manager,Miami,109271.69,4327.25,2022-05-04,35,88.6,christopher.martinez@company.com,(429) 579-2368,Active
EMP039873,Emily,Rodriguez,Emily Rodriguez,35,Operations,Manager,Boston,61320.44,6809.57,2024-06-02,10,77.7,emily.rodriguez@company.com,(448) 750-6907,Active
EMP039874,Amanda,Johnson,Amanda Johnson,22,Sales,Coordinator,Austin,68242.45,6844.69,2023-10-06,0,60.5,amanda.johnson@company.com,(506) 550-4370,Active
EMP039875,Jessica,Miller,Jessica Miller,57,Operations,Analyst,Seattle,58032.65,11223.68,2020-07-14,33,79.5,jessica.miller@company.com,(448) 779-8671,Active
EMP039876,Emily,Davis,Emily Davis,56,Operations,Lead,Austin,44070.85,3844.23,2020-03-01,27,75.6,emily.davis@company.com,(303) 497-6312,Active
EMP039877,William,Jones,William Jones,23,Sales,Coordinator,Chicago,54074.75,5207.58,2020-07-29,0,65.5,william.jones@company.com,(519) 662-3962,Active
EMP039878,Anthony,Lopez,Anthony Lopez,26,Legal,Specialist,New York,81404.96,9668.97,2024-05-26,0,80.8,anthony.lopez@company.com,(441) 534-9283,Inactive
EMP039879,Anthony,Thomas,Anthony Thomas,34,Operations,Senior Developer,Boston,47454.17,5306.11,2023-04-16,9,84.7,anthony.thomas@company.com,(397) 265-2858,Active
EMP039880,Anthony,Moore,Anthony Moore,23,IT,Senior Developer,Los Angeles,72645.08,10067.97,2023-10-08,0,70.7,anthony.moore@company.com,(412) 200-8953,Inactive
EMP039881,Amanda,Garcia,Amanda Garcia,23,Engineering,Manager,Miami,97217.56,10772.74,2020-10-30,0,58.3,amanda.garcia@company.com,(472) 890-9529,Active
EMP039882,Stephanie,Williams,Stephanie Williams,36,Finance,Manager,Miami,43688.68,6672.09,2024-05-11,14,80.5,stephanie.williams@company.com,(331) 328-1845,On Leave
EMP039883,William,Rodriguez,William Rodriguez,36,Marketing,Manager,Miami,78968.22,10462.94,2023-06-25,10,65.2,william.rodriguez@company.com,(934) 223-3254,Active
EMP039884,Jane,Gonzalez,Jane Gonzalez,62,IT,Analyst,San Francisco,110379.99,7857.31,2023-03-22,34,58.1,jane.gonzalez@company.com,(787) 804-7759,Active
EMP039885,Lisa,Lopez,Lisa Lopez,24,Finance,Specialist,Los Angeles,68817.79,7093.45,2021-08-31,0,95.6,lisa.lopez@company.com,(606) 455-4144,Active
EMP039886,James,Smith,James Smith,37,Operations,Coordinator,Boston,76401.49,3615.06,2023-09-30,14,84.0,james.smith@company.com,(787) 561-6737,Active
EMP039887,David,Martin,David Martin,44,Finance,Analyst,Los Angeles,88730.81,10030.06,2020-05-27,16,87.7,david.martin@company.com,(386) 207-9088,Active
EMP039888,Amanda,Taylor,Amanda Taylor,63,Marketing,Analyst,Seattle,80467.33,12256.26,2024-10-16,34,67.5,amanda.taylor@company.com,(518) 569-9901,Active
EMP039889,Christopher,Jones,Christopher Jones,49,IT,Analyst,Chicago,110132.16,18024.12,2023-10-10,21,78.4,christopher.jones@company.com,(814) 433-1385,Active
EMP039890,Stephanie,Martin,Stephanie Martin,63,Legal,Associate,Los Angeles,124881.83,1862.61,2020-11-29,35,70.7,stephanie.martin@company.com,(987) 241-2158,Active
EMP039891,Daniel,Smith,Daniel Smith,25,Marketing,Senior Developer,Boston,51772.32,6000.3,2021-06-05,1,76.3,daniel.smith@company.com,(811) 936-8074,Active
EMP039892,Robert,Martinez,Robert Martinez,25,Sales,Lead,Los Angeles,34357.19,0.0,2022-12-23,2,97.5,robert.martinez@company.com,(838) 318-3121,Active
EMP039893,Robert,Lopez,Robert Lopez,57,IT,Specialist,New York,92670.75,6425.96,2021-09-02,28,83.6,robert.lopez@company.com,(531) 421-5615,Inactive
EMP039894,Matthew,Smith,Matthew Smith,25,Engineering,Coordinator,Boston,72124.9,15503.36,2020-10-23,1,76.9,matthew.smith@company.com,(945) 524-2287,Active
EMP039895,Ashley,Rodriguez,Ashley Rodriguez,56,IT,Associate,New York,99762.06,18707.48,2020-09-29,30,100.0,ashley.rodriguez@company.com,(896) 699-9650,Active
EMP039896,Robert,Anderson,Robert Anderson,48,Marketing,Analyst,San Francisco,80698.35,10236.22,2020-03-08,21,79.3,robert.anderson@company.com,(760) 426-9837,On Leave
EMP039897,Jessica,Rodriguez,Jessica Rodriguez,49,Legal,Director,Seattle,115784.06,23331.56,2021-09-23,27,58.0,jessica.rodriguez@company.com,(339) 781-7497,Active
EMP039898,William,Lopez,William Lopez,40,Sales,Director,Los Angeles,72275.67,6769.82,2020-09-18,16,83.1,william.lopez@company.com,(237) 934-5137,Active
EMP039899,Stephanie,Moore,Stephanie Moore,63,IT,Manager,Boston,92160.54,5749.9,2024-08-15,40,58.2,stephanie.moore@company.com,(936) 388-1618,Active
EMP039900,Melissa,Jackson,Melissa Jackson,61,IT,Specialist,Miami,91293.07,6269.65,2022-09-07,36,98.9,melissa.jackson@company.com,(209) 306-2913,Active
EMP039901,Sarah,Wilson,Sarah Wilson,44,Operations,Senior Developer,New York,79611.25,5321.9,2021-02-08,16,100.0,sarah.wilson@company.com,(777) 910-7458,Active
EMP039902,Amanda,Thomas,Amanda Thomas,22,Legal,Specialist,San Francisco,69173.48,1795.67,2020-03-24,0,75.6,amanda.thomas@company.com,(681) 545-6374,Active
EMP039903,John,Miller,John Miller,32,Legal,Director,New York,53495.06,0.0,2024-07-28,10,48.7,john.miller@company.com,(954) 557-6379,Active
EMP039904,Melissa,Miller,Melissa Miller,52,Engineering,Analyst,Miami,93493.47,8437.42,2020-05-14,28,81.9,melissa.miller@company.com,(902) 256-1592,Active
EMP039905,Anthony,Moore,Anthony Moore,63,IT,Associate,Miami,114936.02,7989.49,2021-10-13,38,77.8,anthony.moore@company.com,(267) 751-9563,Active
EMP039906,Jessica,Martin,Jessica Martin,43,Engineering,Director,Chicago,56695.83,5191.71,2021-09-25,16,64.6,jessica.martin@company.com,(700) 680-7697,Inactive
EMP039907,Matthew,Jackson,Matthew Jackson,64,Engineering,Analyst,New York,100266.98,4770.37,2022-01-19,36,100.0,matthew.jackson@company.com,(562) 684-3015,Inactive
EMP039908,James,Garcia,James Garcia,62,Engineering,Specialist,Boston,103500.33,10371.03,2024-06-06,34,79.5,james.garcia@company.com,(616) 590-5285,Active
EMP039909,Jane,Davis,Jane Davis,58,Legal,Senior Developer,Los Angeles,119001.62,20689.65,2020-07-06,32,71.9,jane.davis@company.com,(578) 790-2350,Active
EMP039910,Jane,Hernandez,Jane Hernandez,38,IT,Associate,Chicago,60665.95,5660.83,2022-07-30,12,74.7,jane.hernandez@company.com,(269) 809-1671,Active
EMP039911,James,Gonzalez,James Gonzalez,49,Finance,Director,Austin,52503.59,5425.72,2022-11-14,20,96.3,james.gonzalez@company.com,(365) 273-4363,Active
EMP039912,Lisa,Lopez,Lisa Lopez,51,HR,Director,New York,65493.07,4663.93,2024-04-11,29,61.6,lisa.lopez@company.com,(483) 830-5096,Active
EMP039913,Michael,Martin,Michael Martin,59,HR,Coordinator,Miami,96917.73,11680.23,2023-05-09,32,64.3,michael.martin@company.com,(219) 207-4074,Active
EMP039914,John,Jones,John Jones,27,Sales,Associate,Seattle,46016.58,5026.54,2023-10-28,2,83.1,john.jones@company.com,(940) 416-3643,Active
EMP039915,Michael,Miller,Michael Miller,58,IT,Coordinator,Austin,82087.61,7488.45,2022-07-18,36,68.0,michael.miller@company.com,(552) 464-9178,Active
EMP039916,Melissa,Jones,Melissa Jones,39,Sales,Lead,Chicago,71621.2,9959.55,2023-06-12,16,83.1,melissa.jones@company.com,(745) 620-7932,Active
EMP039917,Robert,Anderson,Robert Anderson,35,Sales,Associate,Boston,70083.48,6100.67,2021-05-11,9,75.3,robert.anderson@company.com,(586) 373-6476,Active
EMP039918,Lisa,Brown,Lisa Brown,41,Engineering,Senior Developer,Los Angeles,122059.8,13393.56,2022-11-29,16,81.4,lisa.brown@company.com,(352) 762-2740,Active
EMP039919,Jessica,Hernandez,Jessica Hernandez,38,Sales,Coordinator,Boston,74354.07,9990.27,2024-07-21,15,56.6,jessica.hernandez@company.com,(903) 828-8716,On Leave
EMP039920,Matthew,Jackson,Matthew Jackson,37,Sales,Lead,New York,68828.41,9296.42,2022-10-26,12,94.0,matthew.jackson@company.com,(337) 830-4655,Inactive
EMP039921,Stephanie,Smith,Stephanie Smith,37,Operations,Lead,Miami,44661.35,4439.21,2021-11-21,15,68.9,stephanie.smith@company.com,(277) 719-3786,Inactive
EMP039922,Anthony,Miller,Anthony Miller,22,Legal,Manager,Los Angeles,82023.99,6427.62,2020-04-04,0,65.9,anthony.miller@company.com,(580) 433-6131,Active
EMP039923,Lisa,Smith,Lisa Smith,41,Engineering,Analyst,Miami,134237.79,5622.66,2021-07-30,13,52.4,lisa.smith@company.com,(354) 408-8567,Active
EMP039924,James,Taylor,James Taylor,43,Engineering,Specialist,San Francisco,120335.74,14263.85,2020-06-14,16,64.9,james.taylor@company.com,(567) 642-8781,Active
EMP039925,Daniel,Davis,Daniel Davis,30,Sales,Manager,New York,55958.82,5576.0,2023-02-03,2,84.5,daniel.davis@company.com,(398) 753-4318,Active
EMP039926,Jane,Taylor,Jane Taylor,42,Sales,Senior Developer,Austin,37313.33,4937.26,2023-11-24,18,64.0,jane.taylor@company.com,(525) 310-9618,Active
EMP039927,Robert,Martinez,Robert Martinez,64,Legal,Analyst,Miami,91316.38,9709.84,2020-07-31,41,88.7,robert.martinez@company.com,(325) 341-5014,Active
EMP039928,Daniel,Martin,Daniel Martin,29,Finance,Director,Miami,45941.1,5941.35,2023-01-25,5,76.4,daniel.martin@company.com,(589) 994-3803,Active
EMP039929,Anthony,Johnson,Anthony Johnson,48,IT,Analyst,Boston,96743.71,539.1,2020-10-23,23,93.8,anthony.johnson@company.com,(721) 474-8757,Active
EMP039930,John,Johnson,John Johnson,56,Engineering,Manager,Chicago,99382.45,11677.8,2020-10-10,28,60.4,john.johnson@company.com,(203) 686-4667,Active
EMP039931,Daniel,Jackson,Daniel Jackson,55,Engineering,Lead,Miami,98886.05,5789.65,2023-02-07,26,66.4,daniel.jackson@company.com,(836) 208-8481,Inactive
EMP039932,Jane,Moore,Jane Moore,49,Marketing,Senior Developer,Boston,46596.13,2214.37,2023-06-21,24,68.0,jane.moore@company.com,(438) 494-7333,Active
EMP039933,Anthony,Thomas,Anthony Thomas,22,Marketing,Specialist,Austin,54551.39,7856.13,2023-11-17,0,65.3,anthony.thomas@company.com,(303) 764-3902,Active
EMP039934,Jane,Martin,Jane Martin,27,Marketing,Lead,Chicago,51687.3,4854.12,2021-03-10,5,79.2,jane.martin@company.com,(427) 411-6092,Active
EMP039935,Robert,Smith,Robert Smith,56,Legal,Analyst,San Francisco,91410.25,17592.64,2024-02-24,33,72.9,robert.smith@company.com,(402) 419-4616,Active
EMP039936,Jane,Wilson,Jane Wilson,36,Operations,Specialist,Chicago,70116.7,9404.82,2020-01-12,8,89.3,jane.wilson@company.com,(293) 440-4772,Active
EMP039937,Anthony,Miller,Anthony Miller,62,Sales,Analyst,San Francisco,75211.7,587.19,2023-06-13,38,78.0,anthony.miller@company.com,(384) 724-6196,Active
EMP039938,Nicole,Thomas,Nicole Thomas,26,Engineering,Lead,San Francisco,112174.31,15694.06,2024-11-15,1,57.6,nicole.thomas@company.com,(692) 672-4677,Active
EMP039939,Melissa,Martin,Melissa Martin,57,Sales,Manager,Boston,59953.6,9197.28,2024-06-27,34,57.2,melissa.martin@company.com,(552) 552-8687,Active
EMP039940,John,Davis,John Davis,58,Marketing,Coordinator,San Francisco,61609.2,7086.99,2022-09-27,33,78.1,john.davis@company.com,(936) 796-5597,Active
EMP039941,Matthew,Garcia,Matthew Garcia,42,IT,Lead,Boston,78278.63,8039.22,2021-09-03,18,54.7,matthew.garcia@company.com,(565) 870-2029,Active
EMP039942,Ashley,Thomas,Ashley Thomas,43,Finance,Manager,Austin,90649.79,3187.1,2022-03-02,18,82.0,ashley.thomas@company.com,(564) 393-3979,Active
EMP039943,James,Moore,James Moore,50,HR,Coordinator,Austin,76875.01,7191.67,2022-03-24,28,84.4,james.moore@company.com,(611) 598-7535,Active
EMP039944,James,Brown,James Brown,52,Operations,Coordinator,Austin,67609.73,12098.82,2023-10-30,27,78.2,james.brown@company.com,(409) 977-1276,Active
EMP039945,Emily,Thomas,Emily Thomas,61,Engineering,Analyst,Los Angeles,109056.97,15251.62,2024-02-18,36,70.6,emily.thomas@company.com,(789) 958-5152,Active
EMP039946,Robert,Jones,Robert Jones,52,IT,Director,Chicago,92761.1,5280.22,2020-01-19,23,77.1,robert.jones@company.com,(978) 843-5053,Active
EMP039947,Stephanie,Moore,Stephanie Moore,51,HR,Analyst,New York,66002.91,1663.1,2020-09-09,24,68.2,stephanie.moore@company.com,(749) 809-3682,Inactive
EMP039948,Jane,Miller,Jane Miller,22,Marketing,Lead,Chicago,57518.73,11191.98,2023-10-29,0,80.5,jane.miller@company.com,(739) 605-6336,On Leave
EMP039949,Daniel,Taylor,Daniel Taylor,32,Finance,Director,Seattle,66952.18,3974.11,2020-05-03,10,84.0,daniel.taylor@company.com,(777) 881-1227,Inactive
EMP039950,Stephanie,Martin,Stephanie Martin,39,IT,Senior Developer,Los Angeles,75566.3,8002.38,2024-03-13,17,91.2,stephanie.martin@company.com,(523) 212-3583,Active
EMP039951,John,Anderson,John Anderson,43,Marketing,Specialist,San Francisco,76872.15,4485.98,2021-10-14,14,54.3,john.anderson@company.com,(556) 364-5211,Inactive
EMP039952,Stephanie,Johnson,Stephanie Johnson,63,Marketing,Lead,Los Angeles,59506.13,7927.31,2023-04-17,37,100.0,stephanie.johnson@company.com,(654) 581-1879,Active
EMP039953,James,Hernandez,James Hernandez,44,Finance,Associate,Seattle,71083.06,5968.46,2023-01-28,18,88.7,james.hernandez@company.com,(834) 211-1958,Active
EMP039954,Michael,Jackson,Michael Jackson,34,Marketing,Manager,New York,89444.2,7911.56,2021-08-12,8,74.1,michael.jackson@company.com,(821) 358-7191,Active
EMP039955,Melissa,Miller,Melissa Miller,55,Operations,Analyst,Chicago,62726.58,8848.53,2024-03-11,32,54.6,melissa.miller@company.com,(558) 561-8080,Active
EMP039956,William,Johnson,William Johnson,35,IT,Analyst,San Francisco,61262.14,3950.12,2020-07-22,12,78.1,william.johnson@company.com,(745) 968-6859,Active
EMP039957,Emily,Johnson,Emily Johnson,53,Engineering,Specialist,San Francisco,101812.2,18386.67,2023-04-10,30,55.0,emily.johnson@company.com,(504) 790-6343,Inactive
EMP039958,Daniel,Gonzalez,Daniel Gonzalez,29,Legal,Specialist,New York,77740.73,2775.54,2022-10-31,7,83.9,daniel.gonzalez@company.com,(322) 355-3290,On Leave
EMP039959,Amanda,Jones,Amanda Jones,55,Sales,Associate,Austin,91605.78,52.17,2020-05-07,31,57.0,amanda.jones@company.com,(415) 851-1264,Active
EMP039960,Nicole,Anderson,Nicole Anderson,57,Sales,Director,Chicago,77225.22,6685.22,2024-10-02,31,94.3,nicole.anderson@company.com,(822) 695-4556,Active
EMP039961,Christopher,Davis,Christopher Davis,53,Sales,Specialist,Seattle,80135.83,4741.07,2024-11-12,30,75.5,christopher.davis@company.com,(935) 927-5040,Active
EMP039962,Melissa,Wilson,Melissa Wilson,48,Finance,Director,New York,67046.91,13690.73,2023-02-24,24,80.7,melissa.wilson@company.com,(284) 900-2835,Active
EMP039963,Amanda,Rodriguez,Amanda Rodriguez,59,IT,Lead,Chicago,129995.74,8104.78,2022-01-09,35,100.0,amanda.rodriguez@company.com,(682) 522-2341,Active
EMP039964,Robert,Rodriguez,Robert Rodriguez,47,IT,Analyst,Boston,109062.38,20422.78,2020-06-23,25,48.4,robert.rodriguez@company.com,(806) 858-4267,Inactive
EMP039965,John,Garcia,John Garcia,47,HR,Associate,Miami,62672.34,11035.22,2020-09-27,21,66.3,john.garcia@company.com,(281) 620-7866,Active
EMP039966,Michael,Smith,Michael Smith,65,Engineering,Director,New York,141960.23,25991.91,2024-03-25,37,82.8,michael.smith@company.com,(209) 690-6633,Active
EMP039967,John,Moore,John Moore,44,Operations,Associate,Boston,66394.89,7579.03,2020-03-14,20,100.0,john.moore@company.com,(798) 799-4183,Active
EMP039968,David,Anderson,David Anderson,50,Legal,Specialist,San Francisco,95543.15,8228.84,2024-07-05,26,100.0,david.anderson@company.com,(500) 631-1820,Active
EMP039969,Lisa,Lopez,Lisa Lopez,38,HR,Lead,Boston,51467.09,0.0,2021-04-21,10,87.3,lisa.lopez@company.com,(660) 982-2614,Active
EMP039970,Matthew,Wilson,Matthew Wilson,48,Marketing,Specialist,Seattle,83310.74,7960.66,2024-06-09,20,81.6,matthew.wilson@company.com,(233) 818-9129,Active
EMP039971,Christopher,Brown,Christopher Brown,51,Engineering,Coordinator,Boston,93202.33,17842.83,2024-10-23,24,59.0,christopher.brown@company.com,(280) 813-9444,Active
EMP039972,Sarah,Taylor,Sarah Taylor,27,Marketing,Associate,Boston,62672.54,0.0,2021-01-26,0,72.3,sarah.taylor@company.com,(573) 315-6011,Inactive
EMP039973,Nicole,Brown,Nicole Brown,42,Finance,Analyst,Seattle,110641.15,12165.05,2022-07-07,13,67.4,nicole.brown@company.com,(457) 575-4043,Active
EMP039974,Daniel,Taylor,Daniel Taylor,54,Sales,Coordinator,Boston,72972.28,6256.45,2024-05-27,32,57.2,daniel.taylor@company.com,(679) 943-1475,Active
EMP039975,Jane,Anderson,Jane Anderson,40,Marketing,Senior Developer,San Francisco,73262.41,4704.63,2020-07-29,17,83.3,jane.anderson@company.com,(458) 511-6344,On Leave
EMP039976,Michael,Rodriguez,Michael Rodriguez,41,Finance,Coordinator,Miami,60073.17,5072.1,2024-02-14,17,94.5,michael.rodriguez@company.com,(688) 224-4941,Active
EMP039977,Michael,Taylor,Michael Taylor,28,Legal,Coordinator,Seattle,67299.1,5225.44,2023-09-27,4,100.0,michael.taylor@company.com,(577) 524-5440,Active
EMP039978,Jessica,Taylor,Jessica Taylor,44,HR,Senior Developer,Seattle,95324.1,4643.14,2020-08-23,15,86.9,jessica.taylor@company.com,(650) 726-3925,Active
EMP039979,Jessica,Wilson,Jessica Wilson,57,HR,Associate,Los Angeles,76513.2,16274.81,2023-03-01,29,62.0,jessica.wilson@company.com,(966) 271-4493,Active
EMP039980,Matthew,Garcia,Matthew Garcia,58,HR,Manager,Boston,82808.45,9425.94,2023-03-24,32,72.3,matthew.garcia@company.com,(899) 884-6134,Active
EMP039981,Jane,Williams,Jane Williams,39,Engineering,Coordinator,Los Angeles,113968.17,14279.48,2024-03-24,13,61.2,jane.williams@company.com,(460) 860-4255,Active
EMP039982,James,Martinez,James Martinez,61,Marketing,Specialist,Miami,65660.28,7068.52,2020-05-17,35,91.8,james.martinez@company.com,(841) 994-1428,Active
EMP039983,Anthony,Lopez,Anthony Lopez,47,Marketing,Manager,Austin,80639.03,5458.23,2021-05-09,24,68.1,anthony.lopez@company.com,(517) 832-4430,Active
EMP039984,Lisa,Smith,Lisa Smith,40,HR,Specialist,Los Angeles,49017.12,5751.9,2024-03-22,13,93.7,lisa.smith@company.com,(927) 229-7933,Active
EMP039985,Robert,Gonzalez,Robert Gonzalez,61,Engineering,Coordinator,Seattle,104329.52,8276.1,2022-09-24,36,93.1,robert.gonzalez@company.com,(320) 750-9312,Active
EMP039986,Lisa,Garcia,Lisa Garcia,59,Legal,Lead,Austin,116958.72,13601.35,2022-11-17,31,77.0,lisa.garcia@company.com,(793) 278-3815,Active
EMP039987,Daniel,Garcia,Daniel Garcia,59,Finance,Coordinator,New York,94785.94,12225.27,2022-08-09,33,66.4,daniel.garcia@company.com,(425) 352-6933,Active
EMP039988,Nicole,Jackson,Nicole Jackson,29,Sales,Manager,Chicago,70466.46,10448.71,2021-08-18,3,67.0,nicole.jackson@company.com,(357) 972-5455,Active
EMP039989,John,Jackson,John Jackson,48,Marketing,Analyst,Los Angeles,77925.55,4920.99,2022-10-08,24,57.4,john.jackson@company.com,(550) 381-6779,Active
EMP039990,Amanda,Davis,Amanda Davis,54,Marketing,Manager,Seattle,97740.4,13223.26,2020-04-02,31,79.9,amanda.davis@company.com,(807) 780-4616,Active
EMP039991,Nicole,Hernandez,Nicole Hernandez,29,Sales,Specialist,Seattle,83122.56,9570.14,2023-01-25,6,72.7,nicole.hernandez@company.com,(686) 498-2035,Active
EMP039992,William,Taylor,William Taylor,44,Operations,Manager,Chicago,69814.84,6334.08,2024-03-15,18,85.8,william.taylor@company.com,(344) 675-8481,Inactive
EMP039993,Sarah,Gonzalez,Sarah Gonzalez,29,HR,Coordinator,New York,64401.11,4502.91,2022-12-28,7,85.7,sarah.gonzalez@company.com,(464) 222-4369,Active
EMP039994,Michael,Hernandez,Michael Hernandez,57,Legal,Coordinator,Chicago,124758.62,19422.36,2022-10-21,34,53.3,michael.hernandez@company.com,(988) 674-5142,Active
EMP039995,Ashley,Johnson,Ashley Johnson,28,Finance,Lead,Los Angeles,57906.36,8769.62,2020-03-05,4,63.6,ashley.johnson@company.com,(927) 561-1131,Active
EMP039996,William,Rodriguez,William Rodriguez,63,Operations,Analyst,Chicago,55355.15,5190.75,2020-04-08,41,80.9,william.rodriguez@company.com,(811) 780-5581,Active
EMP039997,Robert,Smith,Robert Smith,64,Marketing,Lead,Los Angeles,92240.13,7295.82,2023-12-29,38,61.5,robert.smith@company.com,(710) 993-2994,Active
EMP039998,Daniel,Williams,Daniel Williams,63,IT,Coordinator,Chicago,108045.72,8740.94,2020-07-23,40,94.6,daniel.williams@company.com,(491) 455-8044,On Leave
EMP039999,Christopher,Thomas,Christopher Thomas,59,IT,Senior Developer,Miami,123146.53,6635.69,2023-09-15,36,100.0,christopher.thomas@company.com,(859) 645-8738,Active
EMP040000,Ashley,Rodriguez,Ashley Rodriguez,43,Marketing,Lead,Chicago,78541.65,11024.64,2021-09-05,14,68.0,ashley.rodriguez@company.com,(804) 868-5272,Inactive
EMP040001,William,Brown,William Brown,37,Operations,Senior Developer,Los Angeles,40666.37,5141.31,2024-03-06,12,89.0,william.brown@company.com,(259) 695-4441,Active
EMP040002,Ashley,Garcia,Ashley Garcia,49,IT,Lead,San Francisco,78845.41,12079.61,2021-03-09,24,69.6,ashley.garcia@company.com,(918) 717-1250,On Leave
EMP040003,Robert,Gonzalez,Robert Gonzalez,37,IT,Director,Boston,67635.22,7573.93,2022-03-06,14,60.9,robert.gonzalez@company.com,(885) 632-5892,Active
EMP040004,Jessica,Miller,Jessica Miller,59,Operations,Lead,New York,87130.34,12495.7,2024-05-22,35,74.2,jessica.miller@company.com,(265) 669-9328,Active
EMP040005,Amanda,Davis,Amanda Davis,22,Sales,Associate,Boston,55911.27,0.0,2020-04-25,0,70.1,amanda.davis@company.com,(645) 739-5250,Active
EMP040006,Lisa,Smith,Lisa Smith,40,Operations,Senior Developer,Boston,80809.6,13410.79,2021-04-20,17,100.0,lisa.smith@company.com,(993) 701-9012,Active
EMP040007,Emily,Moore,Emily Moore,37,Operations,Senior Developer,Los Angeles,79758.17,7465.67,2022-01-14,13,65.8,emily.moore@company.com,(507) 935-7916,Active
EMP040008,Jane,Moore,Jane Moore,34,HR,Analyst,San Francisco,57066.03,2911.85,2022-06-07,9,100.0,jane.moore@company.com,(822) 981-5400,Active
EMP040009,Lisa,Jones,Lisa Jones,32,IT,Director,New York,70424.48,3060.39,2023-04-05,6,76.7,lisa.jones@company.com,(221) 957-3754,Active
EMP040010,Nicole,Jones,Nicole Jones,47,Engineering,Analyst,New York,107088.38,7198.81,2022-10-22,21,61.2,nicole.jones@company.com,(421) 855-5986,Inactive
EMP040011,Ashley,Rodriguez,Ashley Rodriguez,47,Sales,Associate,Austin,48286.91,5975.58,2023-03-13,22,78.0,ashley.rodriguez@company.com,(240) 323-5342,Active
EMP040012,John,Jones,John Jones,34,IT,Associate,San Francisco,65516.93,10158.86,2024-05-19,10,60.5,john.jones@company.com,(599) 803-2722,Active
EMP040013,Nicole,Martinez,Nicole Martinez,63,HR,Associate,San Francisco,91741.91,5731.54,2020-07-16,41,57.0,nicole.martinez@company.com,(292) 587-9055,Active
EMP040014,Michael,Davis,Michael Davis,52,IT,Manager,Boston,111162.53,7191.05,2022-01-19,23,87.8,michael.davis@company.com,(203) 799-7646,Active
EMP040015,Stephanie,Lopez,Stephanie Lopez,41,Engineering,Lead,Miami,67969.04,11148.99,2023-07-02,12,80.2,stephanie.lopez@company.com,(860) 976-4193,Active
EMP040016,Anthony,Brown,Anthony Brown,47,Operations,Manager,Seattle,67541.75,7268.4,2024-01-23,22,91.0,anthony.brown@company.com,(907) 640-3297,Active
EMP040017,Ashley,Jackson,Ashley Jackson,25,Engineering,Lead,New York,89198.87,5224.95,2021-10-24,2,100.0,ashley.jackson@company.com,(628) 378-8307,Active
EMP040018,Amanda,Martinez,Amanda Martinez,23,Legal,Associate,Boston,59231.22,3709.73,2022-05-15,0,75.2,amanda.martinez@company.com,(434) 685-4385,Active
EMP040019,Michael,Garcia,Michael Garcia,27,Legal,Specialist,New York,74008.01,585.71,2022-11-21,3,100.0,michael.garcia@company.com,(958) 399-5953,Active
EMP040020,Anthony,Martinez,Anthony Martinez,32,Finance,Analyst,New York,73414.83,9540.72,2020-05-30,8,91.2,anthony.martinez@company.com,(680) 724-4238,Inactive
EMP040021,William,Lopez,William Lopez,64,Marketing,Manager,San Francisco,52396.99,7355.49,2020-06-29,39,73.2,william.lopez@company.com,(485) 702-8213,Active
EMP040022,Ashley,Wilson,Ashley Wilson,32,Legal,Associate,Los Angeles,88113.9,10216.52,2023-08-05,9,50.6,ashley.wilson@company.com,(822) 329-5557,Active
EMP040023,Amanda,Thomas,Amanda Thomas,47,Engineering,Associate,New York,90342.01,15477.54,2024-04-06,21,83.8,amanda.thomas@company.com,(969) 657-7816,Active
EMP040024,Lisa,Williams,Lisa Williams,23,IT,Analyst,Chicago,85839.54,13153.93,2021-07-03,0,100.0,lisa.williams@company.com,(495) 667-9255,Active
EMP040025,Sarah,Johnson,Sarah Johnson,47,Engineering,Senior Developer,New York,90942.26,14655.28,2024-05-27,25,71.6,sarah.johnson@company.com,(400) 534-4892,Active
EMP040026,Ashley,Rodriguez,Ashley Rodriguez,58,Legal,Associate,Seattle,113644.93,5870.94,2022-03-03,34,74.2,ashley.rodriguez@company.com,(539) 779-7049,On Leave
EMP040027,Robert,Thomas,Robert Thomas,52,HR,Coordinator,San Francisco,93497.45,5041.59,2020-10-24,25,83.7,robert.thomas@company.com,(807) 851-7568,Active
EMP040028,Nicole,Johnson,Nicole Johnson,64,Engineering,Manager,Miami,148523.91,9601.62,2021-01-26,41,88.3,nicole.johnson@company.com,(300) 756-4206,Active
EMP040029,Melissa,Rodriguez,Melissa Rodriguez,43,Sales,Coordinator,New York,129254.5,14580.54,2021-02-16,19,82.1,melissa.rodriguez@company.com,(891) 770-3336,Active
EMP040030,Sarah,Lopez,Sarah Lopez,52,HR,Senior Developer,Boston,76098.86,16006.01,2021-11-14,23,88.0,sarah.lopez@company.com,(632) 495-5931,Active
EMP040031,Daniel,Jackson,Daniel Jackson,36,HR,Coordinator,New York,57984.68,7010.16,2023-04-26,8,81.5,daniel.jackson@company.com,(625) 414-1428,Active
EMP040032,Anthony,Thomas,Anthony Thomas,65,Sales,Director,Miami,79608.93,5524.78,2024-04-08,38,46.8,anthony.thomas@company.com,(780) 905-4432,Inactive
EMP040033,Melissa,Smith,Melissa Smith,27,Engineering,Lead,Seattle,75593.49,16420.93,2023-07-12,4,75.1,melissa.smith@company.com,(461) 207-3949,Active
EMP040034,Sarah,Martin,Sarah Martin,63,Marketing,Manager,New York,86205.55,10590.84,2024-10-19,37,86.4,sarah.martin@company.com,(882) 497-2808,Active
EMP040035,Lisa,Jackson,Lisa Jackson,49,Finance,Analyst,Boston,81396.28,5670.52,2020-11-05,24,75.2,lisa.jackson@company.com,(558) 601-3953,Active
EMP040036,Matthew,Garcia,Matthew Garcia,43,Engineering,Lead,Miami,103448.58,951.85,2020-07-14,21,60.0,matthew.garcia@company.com,(579) 353-8166,Active
EMP040037,Melissa,Johnson,Melissa Johnson,46,Marketing,Associate,Boston,72045.47,3049.53,2022-05-09,24,95.7,melissa.johnson@company.com,(978) 207-8034,Active
EMP040038,Anthony,Thomas,Anthony Thomas,39,Legal,Associate,Boston,88529.85,10046.31,2021-10-31,12,86.2,anthony.thomas@company.com,(592) 672-6851,Active
EMP040039,Nicole,Brown,Nicole Brown,44,Sales,Associate,San Francisco,75257.63,6107.31,2020-05-19,18,75.5,nicole.brown@company.com,(225) 229-5004,Active
EMP040040,David,Taylor,David Taylor,43,Operations,Coordinator,Chicago,40305.54,1725.84,2023-05-19,19,81.1,david.taylor@company.com,(670) 702-6238,Active
EMP040041,Michael,Lopez,Michael Lopez,49,HR,Senior Developer,Boston,73114.77,11904.23,2020-12-25,22,68.8,michael.lopez@company.com,(572) 667-6246,Inactive
EMP040042,Sarah,Jackson,Sarah Jackson,24,Engineering,Director,San Francisco,83087.09,9250.26,2023-09-20,2,59.1,sarah.jackson@company.com,(288) 789-6991,Active
EMP040043,Robert,Johnson,Robert Johnson,27,IT,Manager,Chicago,74889.05,7213.47,2020-06-19,0,58.2,robert.johnson@company.com,(790) 921-4218,Active
EMP040044,Anthony,Johnson,Anthony Johnson,31,Legal,Director,Chicago,67369.7,9368.63,2023-07-08,9,75.8,anthony.johnson@company.com,(887) 634-8606,Active
EMP040045,Matthew,Miller,Matthew Miller,62,Engineering,Analyst,Austin,149692.9,19891.62,2022-11-10,33,87.5,matthew.miller@company.com,(339) 390-5762,Inactive
EMP040046,Daniel,Thomas,Daniel Thomas,28,Engineering,Director,Los Angeles,64241.04,12896.68,2022-10-13,0,79.8,daniel.thomas@company.com,(626) 214-3008,Active
EMP040047,David,Garcia,David Garcia,59,Engineering,Senior Developer,Seattle,142441.03,19322.46,2022-07-19,30,69.3,david.garcia@company.com,(700) 771-3735,Active
EMP040048,David,Garcia,David Garcia,26,Sales,Manager,New York,71598.32,7418.66,2020-09-19,0,66.1,david.garcia@company.com,(512) 824-4112,Active
EMP040049,William,Jackson,William Jackson,39,Finance,Senior Developer,Miami,71179.37,8146.32,2023-12-15,11,74.9,william.jackson@company.com,(451) 711-5770,Active
EMP040050,Amanda,Wilson,Amanda Wilson,61,Finance,Specialist,Seattle,93499.8,18584.36,2020-08-19,33,87.3,amanda.wilson@company.com,(352) 960-3001,Active
EMP040051,James,Rodriguez,James Rodriguez,51,Engineering,Analyst,Boston,88488.52,7664.83,2022-08-08,29,90.8,james.rodriguez@company.com,(849) 413-9359,Active
EMP040052,Lisa,Hernandez,Lisa Hernandez,56,Operations,Coordinator,San Francisco,77578.14,7953.56,2020-05-27,27,65.8,lisa.hernandez@company.com,(574) 287-2345,Active
EMP040053,Matthew,Gonzalez,Matthew Gonzalez,62,Sales,Analyst,Chicago,80047.76,9464.05,2021-11-28,33,53.9,matthew.gonzalez@company.com,(813) 565-2763,Active
EMP040054,John,Smith,John Smith,35,Sales,Coordinator,Los Angeles,69782.93,4956.78,2021-02-28,6,85.8,john.smith@company.com,(384) 307-4908,Active
EMP040055,Michael,Hernandez,Michael Hernandez,35,Sales,Coordinator,Seattle,107560.4,8241.2,2024-08-14,7,69.8,michael.hernandez@company.com,(938) 321-1350,Active
EMP040056,Amanda,Gonzalez,Amanda Gonzalez,33,Operations,Analyst,Chicago,37209.07,6084.68,2024-05-07,6,74.5,amanda.gonzalez@company.com,(975) 395-5858,Active
EMP040057,Stephanie,Jones,Stephanie Jones,52,Engineering,Director,New York,117975.72,8524.36,2023-01-03,27,64.0,stephanie.jones@company.com,(824) 679-7756,Active
EMP040058,Matthew,Garcia,Matthew Garcia,52,Operations,Lead,Austin,82653.58,7033.66,2024-07-23,27,52.6,matthew.garcia@company.com,(874) 666-3281,Active
EMP040059,Nicole,Garcia,Nicole Garcia,44,Operations,Director,Chicago,68577.64,12422.96,2021-02-06,20,61.4,nicole.garcia@company.com,(827) 307-1682,Active
EMP040060,Sarah,Davis,Sarah Davis,22,IT,Analyst,Austin,88117.25,3664.03,2022-07-09,0,95.7,sarah.davis@company.com,(609) 416-6073,Active
EMP040061,Anthony,Wilson,Anthony Wilson,55,HR,Manager,Seattle,68041.93,2846.3,2020-02-24,26,86.8,anthony.wilson@company.com,(685) 412-5373,Inactive
EMP040062,Matthew,Jones,Matthew Jones,35,Sales,Senior Developer,Chicago,77150.37,11505.06,2022-02-19,8,60.7,matthew.jones@company.com,(252) 622-5651,Active
EMP040063,William,Brown,William Brown,44,Sales,Director,New York,83612.35,8532.18,2021-07-30,21,74.2,william.brown@company.com,(633) 947-4711,On Leave
EMP040064,Robert,Moore,Robert Moore,31,Engineering,Manager,Miami,39000.0,5055.88,2024-09-03,2,100.0,robert.moore@company.com,(376) 452-9180,Active
EMP040065,Amanda,Garcia,Amanda Garcia,50,Sales,Associate,Boston,107264.53,14243.25,2022-07-24,26,78.1,amanda.garcia@company.com,(649) 671-4122,Active
EMP040066,Nicole,Lopez,Nicole Lopez,59,HR,Manager,San Francisco,70852.55,10613.74,2023-05-13,31,58.0,nicole.lopez@company.com,(230) 680-6576,Active
EMP040067,James,Moore,James Moore,51,Operations,Specialist,Los Angeles,66185.55,9265.34,2024-07-01,29,80.7,james.moore@company.com,(715) 785-2000,Active
EMP040068,Michael,Gonzalez,Michael Gonzalez,39,Finance,Coordinator,San Francisco,97313.93,14574.07,2024-05-06,11,100.0,michael.gonzalez@company.com,(966) 860-4752,On Leave
EMP040069,John,Williams,John Williams,33,HR,Director,Chicago,49991.84,3726.81,2024-10-07,8,62.4,john.williams@company.com,(366) 561-4867,Active
EMP040070,Ashley,Davis,Ashley Davis,35,Engineering,Manager,Seattle,83815.98,8183.37,2022-09-07,6,76.7,ashley.davis@company.com,(643) 762-8460,Active
EMP040071,Ashley,Hernandez,Ashley Hernandez,58,Operations,Specialist,New York,65198.17,4624.28,2023-02-11,30,81.3,ashley.hernandez@company.com,(708) 509-1287,Active
EMP040072,Daniel,Davis,Daniel Davis,51,Finance,Specialist,Los Angeles,62211.15,10687.43,2023-01-13,27,82.5,daniel.davis@company.com,(687) 757-6778,Active
EMP040073,Jane,Smith,Jane Smith,57,Finance,Lead,Miami,116636.88,16723.62,2022-12-24,34,66.9,jane.smith@company.com,(440) 849-5128,Active
EMP040074,Ashley,Smith,Ashley Smith,63,Marketing,Analyst,Boston,58358.67,391.86,2023-07-28,40,85.6,ashley.smith@company.com,(524) 416-5592,Active
EMP040075,Lisa,Johnson,Lisa Johnson,46,Marketing,Coordinator,Los Angeles,87830.75,5324.28,2020-07-01,24,98.8,lisa.johnson@company.com,(578) 420-5978,Active
EMP040076,Jane,Jones,Jane Jones,31,Marketing,Manager,Los Angeles,81388.43,7111.49,2023-07-01,3,71.1,jane.jones@company.com,(599) 245-9396,Active
EMP040077,Jessica,Brown,Jessica Brown,62,Operations,Director,Miami,87241.38,5460.63,2020-12-19,36,58.3,jessica.brown@company.com,(655) 317-9062,Active
EMP040078,Matthew,Williams,Matthew Williams,22,IT,Associate,Los Angeles,81118.12,8500.33,2022-05-26,0,61.3,matthew.williams@company.com,(506) 681-4579,Active
EMP040079,Stephanie,Brown,Stephanie Brown,39,Finance,Coordinator,Los Angeles,64248.54,2642.35,2020-09-05,12,67.7,stephanie.brown@company.com,(393) 928-3193,Active
EMP040080,Michael,Jones,Michael Jones,51,Marketing,Associate,Austin,56588.82,5417.94,2023-11-25,22,78.0,michael.jones@company.com,(649) 821-4563,Active
EMP040081,Nicole,Lopez,Nicole Lopez,62,IT,Manager,Los Angeles,94060.21,4349.51,2021-09-26,38,84.3,nicole.lopez@company.com,(768) 855-3376,Active
EMP040082,Anthony,Anderson,Anthony Anderson,28,Sales,Manager,Miami,52493.01,4544.51,2020-02-21,0,51.1,anthony.anderson@company.com,(824) 807-8627,Active
EMP040083,John,Jackson,John Jackson,38,HR,Coordinator,Chicago,82124.33,11527.94,2023-12-30,15,73.8,john.jackson@company.com,(631) 250-8995,Active
EMP040084,Daniel,Wilson,Daniel Wilson,59,Engineering,Specialist,Los Angeles,105767.02,15522.04,2020-09-21,30,59.1,daniel.wilson@company.com,(930) 628-6474,Active
EMP040085,Daniel,Wilson,Daniel Wilson,23,Legal,Specialist,Miami,38627.14,2692.03,2023-10-27,1,98.0,daniel.wilson@company.com,(809) 797-4830,Active
EMP040086,David,Davis,David Davis,50,HR,Specialist,Seattle,67761.81,9394.94,2022-01-11,22,68.3,david.davis@company.com,(345) 778-6134,Active
EMP040087,William,Brown,William Brown,55,Sales,Lead,Chicago,89758.45,6527.25,2023-12-28,33,89.7,william.brown@company.com,(861) 317-9419,Active
EMP040088,William,Anderson,William Anderson,58,Sales,Analyst,Boston,70271.95,2168.42,2023-03-15,30,80.1,william.anderson@company.com,(620) 250-8075,Active
EMP040089,Ashley,Miller,Ashley Miller,63,HR,Director,San Francisco,75867.51,7009.99,2024-11-07,38,70.1,ashley.miller@company.com,(816) 473-6793,Active
EMP040090,James,Brown,James Brown,55,Sales,Director,San Francisco,88227.04,7367.1,2024-11-27,33,67.8,james.brown@company.com,(291) 373-2122,Active
EMP040091,Amanda,Taylor,Amanda Taylor,27,IT,Lead,San Francisco,98844.55,5053.16,2022-01-12,0,65.3,amanda.taylor@company.com,(358) 317-2664,Active
EMP040092,Stephanie,Williams,Stephanie Williams,45,Operations,Lead,Seattle,75347.75,7689.35,2021-07-04,17,66.7,stephanie.williams@company.com,(408) 756-6205,Active
EMP040093,Ashley,Taylor,Ashley Taylor,33,Engineering,Lead,New York,95487.03,12613.29,2021-12-23,6,63.6,ashley.taylor@company.com,(214) 658-7544,Active
EMP040094,Ashley,Miller,Ashley Miller,52,Finance,Coordinator,New York,109039.98,11744.19,2024-06-24,25,71.9,ashley.miller@company.com,(656) 830-9364,Inactive
EMP040095,Robert,Brown,Robert Brown,38,Legal,Analyst,Austin,113814.55,7705.33,2023-11-10,12,47.6,robert.brown@company.com,(547) 533-2002,Active
EMP040096,James,Lopez,James Lopez,23,Marketing,Associate,Miami,66817.85,6206.69,2024-04-24,0,48.6,james.lopez@company.com,(615) 732-1335,Active
EMP040097,David,Jackson,David Jackson,39,Sales,Manager,Los Angeles,100216.55,14662.41,2021-08-15,13,73.6,david.jackson@company.com,(658) 728-8059,Active
EMP040098,Robert,Anderson,Robert Anderson,63,IT,Analyst,Austin,107641.66,9074.28,2021-12-19,38,76.1,robert.anderson@company.com,(828) 403-8014,Inactive
EMP040099,Nicole,Lopez,Nicole Lopez,32,IT,Lead,Miami,79320.18,0.0,2020-05-15,8,67.6,nicole.lopez@company.com,(711) 575-2985,Active
EMP040100,Ashley,Brown,Ashley Brown,44,Engineering,Lead,New York,108071.88,12361.36,2022-12-10,18,60.4,ashley.brown@company.com,(877) 281-5775,Active
EMP040101,Nicole,Smith,Nicole Smith,24,Finance,Director,Seattle,74964.27,2546.17,2021-07-28,1,67.8,nicole.smith@company.com,(926) 773-7639,Inactive
EMP040102,Matthew,Thomas,Matthew Thomas,65,Sales,Manager,Chicago,108672.87,13309.7,2021-10-13,41,75.6,matthew.thomas@company.com,(279) 553-8137,Active
EMP040103,Lisa,Martinez,Lisa Martinez,59,Finance,Associate,Seattle,74172.56,11018.65,2021-04-09,31,44.4,lisa.martinez@company.com,(403) 536-8420,Active
EMP040104,Jane,Anderson,Jane Anderson,38,IT,Coordinator,Boston,68841.47,6175.46,2023-09-02,15,72.7,jane.anderson@company.com,(952) 223-1562,Active
EMP040105,Michael,Martinez,Michael Martinez,40,Legal,Specialist,Seattle,66712.74,5957.54,2022-10-26,13,76.3,michael.martinez@company.com,(928) 957-3701,Active
EMP040106,Jessica,Jones,Jessica Jones,24,Sales,Associate,Boston,69586.47,0.0,2023-01-05,0,75.8,jessica.jones@company.com,(729) 478-4017,Active
EMP040107,Sarah,Miller,Sarah Miller,26,Legal,Senior Developer,San Francisco,63347.46,12368.78,2023-12-01,0,86.2,sarah.miller@company.com,(836) 416-6277,Active
EMP040108,Melissa,Jones,Melissa Jones,47,IT,Senior Developer,Los Angeles,117798.57,3131.75,2022-09-08,19,54.0,melissa.jones@company.com,(425) 531-8518,Inactive
EMP040109,Melissa,Garcia,Melissa Garcia,47,Sales,Lead,Miami,79586.64,11138.91,2022-11-06,24,80.1,melissa.garcia@company.com,(701) 854-7293,Active
EMP040110,Ashley,Wilson,Ashley Wilson,27,HR,Associate,Seattle,65641.9,5158.66,2023-11-30,3,59.9,ashley.wilson@company.com,(746) 279-3065,Active
EMP040111,Anthony,Moore,Anthony Moore,64,Legal,Associate,San Francisco,109532.56,9545.42,2020-05-01,42,79.9,anthony.moore@company.com,(825) 399-5374,Active
EMP040112,Anthony,Lopez,Anthony Lopez,46,Engineering,Director,Miami,105001.38,17563.75,2023-10-01,21,75.0,anthony.lopez@company.com,(506) 733-1724,Active
EMP040113,Lisa,Davis,Lisa Davis,23,IT,Associate,Boston,92713.02,7423.31,2024-10-09,0,99.7,lisa.davis@company.com,(699) 352-8851,Inactive
EMP040114,Amanda,Moore,Amanda Moore,32,Operations,Manager,New York,43611.3,4552.85,2023-04-03,4,84.5,amanda.moore@company.com,(923) 454-4095,Inactive
EMP040115,Anthony,Gonzalez,Anthony Gonzalez,34,Marketing,Associate,Chicago,72842.63,6461.45,2022-06-03,6,63.4,anthony.gonzalez@company.com,(798) 659-7891,Active
EMP040116,Stephanie,Williams,Stephanie Williams,44,HR,Lead,Chicago,64633.12,0.0,2024-12-30,21,61.8,stephanie.williams@company.com,(600) 365-4471,Active
EMP040117,Jane,Wilson,Jane Wilson,54,Marketing,Specialist,New York,85236.41,13853.66,2020-12-18,28,57.2,jane.wilson@company.com,(762) 309-4438,Active
EMP040118,Anthony,Johnson,Anthony Johnson,29,Engineering,Director,Miami,74823.67,9650.87,2021-10-03,6,96.7,anthony.johnson@company.com,(971) 224-8588,Active
EMP040119,Ashley,Davis,Ashley Davis,36,IT,Associate,Chicago,80062.17,8664.6,2021-11-23,7,76.6,ashley.davis@company.com,(917) 721-5344,Active
EMP040120,Jane,Anderson,Jane Anderson,28,Engineering,Specialist,Seattle,87853.52,12809.46,2024-06-01,1,77.9,jane.anderson@company.com,(923) 763-1871,Active
EMP040121,William,Garcia,William Garcia,55,IT,Analyst,New York,124381.25,16284.23,2020-03-25,33,88.3,william.garcia@company.com,(526) 313-3182,Active
EMP040122,Daniel,Jones,Daniel Jones,30,Sales,Senior Developer,Boston,79960.29,11861.45,2024-04-01,7,77.4,daniel.jones@company.com,(982) 333-1614,On Leave
EMP040123,Melissa,Brown,Melissa Brown,54,HR,Lead,Boston,87702.57,6493.41,2024-11-18,26,85.4,melissa.brown@company.com,(217) 983-3237,Active
EMP040124,Stephanie,Martin,Stephanie Martin,50,Finance,Senior Developer,San Francisco,101793.33,11323.1,2020-07-15,22,94.2,stephanie.martin@company.com,(335) 464-2484,Active
EMP040125,Ashley,Martinez,Ashley Martinez,31,Marketing,Analyst,Miami,66107.44,4885.4,2023-01-17,5,62.6,ashley.martinez@company.com,(994) 830-6248,Active
EMP040126,John,Jackson,John Jackson,23,Finance,Specialist,Austin,39381.5,0.0,2022-11-19,0,79.9,john.jackson@company.com,(584) 928-1728,On Leave
EMP040127,David,Smith,David Smith,46,Marketing,Manager,Miami,45317.19,2347.54,2023-03-20,18,54.4,david.smith@company.com,(563) 661-8855,Active
EMP040128,John,Davis,John Davis,28,Engineering,Associate,Austin,78017.55,12569.57,2022-05-09,3,50.0,john.davis@company.com,(533) 720-2366,Active
EMP040129,Ashley,Garcia,Ashley Garcia,27,HR,Manager,Boston,49193.66,5101.37,2022-01-09,0,95.4,ashley.garcia@company.com,(774) 778-5647,Inactive
EMP040130,Emily,Rodriguez,Emily Rodriguez,51,Engineering,Analyst,Miami,120518.81,9050.27,2020-01-25,29,92.1,emily.rodriguez@company.com,(885) 680-6501,Active
EMP040131,David,Jackson,David Jackson,45,Engineering,Senior Developer,Austin,120465.9,11064.18,2020-02-25,16,54.9,david.jackson@company.com,(829) 516-9061,Active
EMP040132,Amanda,Jones,Amanda Jones,25,Marketing,Senior Developer,Boston,54920.34,5394.17,2024-07-06,0,100.0,amanda.jones@company.com,(363) 237-1502,Active
EMP040133,Jane,Smith,Jane Smith,37,Marketing,Senior Developer,Los Angeles,90750.95,9145.0,2024-10-09,15,95.0,jane.smith@company.com,(211) 907-8433,Active
EMP040134,Sarah,Wilson,Sarah Wilson,63,Operations,Specialist,Miami,58049.16,1311.43,2020-10-02,39,47.7,sarah.wilson@company.com,(713) 554-6013,Active
EMP040135,Daniel,Moore,Daniel Moore,38,Operations,Manager,Chicago,56162.61,4958.35,2023-10-21,16,45.6,daniel.moore@company.com,(478) 316-2753,Active
EMP040136,Daniel,Davis,Daniel Davis,34,HR,Coordinator,Chicago,52885.37,4035.06,2024-06-14,7,67.2,daniel.davis@company.com,(768) 990-5677,Active
EMP040137,James,Gonzalez,James Gonzalez,53,HR,Lead,San Francisco,72472.81,1320.45,2022-01-13,25,55.3,james.gonzalez@company.com,(218) 264-5646,Active
EMP040138,Jessica,Smith,Jessica Smith,48,Sales,Specialist,Seattle,93439.88,12206.47,2022-01-27,19,76.4,jessica.smith@company.com,(722) 589-7732,Active
EMP040139,Nicole,Smith,Nicole Smith,61,Operations,Associate,Miami,99760.46,6649.86,2022-10-02,35,85.9,nicole.smith@company.com,(335) 343-3084,Active
EMP040140,Christopher,Garcia,Christopher Garcia,48,Marketing,Analyst,Austin,65962.23,4439.45,2020-07-24,22,86.2,christopher.garcia@company.com,(259) 462-6010,Active
EMP040141,Ashley,Rodriguez,Ashley Rodriguez,47,Legal,Analyst,Miami,111267.09,1815.1,2024-01-03,19,89.2,ashley.rodriguez@company.com,(627) 256-9260,Active
EMP040142,Sarah,Taylor,Sarah Taylor,36,Operations,Senior Developer,New York,72868.67,9212.23,2021-03-02,11,72.5,sarah.taylor@company.com,(990) 902-5553,Active
EMP040143,Melissa,Taylor,Melissa Taylor,33,Engineering,Director,Seattle,87082.49,16344.99,2021-09-14,5,66.8,melissa.taylor@company.com,(449) 513-1006,Active
EMP040144,James,Jones,James Jones,59,Marketing,Specialist,New York,94750.5,10764.09,2024-08-08,34,82.9,james.jones@company.com,(631) 946-2973,Active
EMP040145,Sarah,Taylor,Sarah Taylor,57,Operations,Analyst,Boston,83008.8,3469.29,2024-01-12,28,82.9,sarah.taylor@company.com,(614) 771-8809,Active
EMP040146,William,Williams,William Williams,33,Operations,Lead,Chicago,47577.3,522.45,2024-11-23,8,81.5,william.williams@company.com,(381) 271-2285,Active
EMP040147,Christopher,Thomas,Christopher Thomas,54,Legal,Director,Austin,73782.7,3310.37,2022-02-05,31,100.0,christopher.thomas@company.com,(638) 578-4640,Active
EMP040148,Michael,Miller,Michael Miller,52,Marketing,Lead,New York,68856.01,5411.49,2021-06-13,23,48.5,michael.miller@company.com,(798) 862-9708,Active
EMP040149,Sarah,Jones,Sarah Jones,35,Sales,Lead,New York,68819.94,10070.35,2023-12-06,8,78.7,sarah.jones@company.com,(369) 787-7103,On Leave
EMP040150,Amanda,Martin,Amanda Martin,45,Legal,Senior Developer,Seattle,112372.11,13255.64,2024-01-13,17,48.7,amanda.martin@company.com,(640) 938-6361,Active
EMP040151,Stephanie,Hernandez,Stephanie Hernandez,35,Marketing,Director,Miami,60871.96,5575.86,2023-04-18,8,63.4,stephanie.hernandez@company.com,(438) 431-6805,Active
EMP040152,Christopher,Johnson,Christopher Johnson,40,Operations,Senior Developer,Austin,61682.58,8535.07,2024-06-06,17,57.8,christopher.johnson@company.com,(380) 428-9623,Active
EMP040153,Sarah,Anderson,Sarah Anderson,53,IT,Associate,Boston,115183.86,14257.83,2021-09-12,26,81.0,sarah.anderson@company.com,(381) 937-1082,Active
EMP040154,Jane,Jones,Jane Jones,53,Operations,Associate,Austin,67499.25,10343.91,2020-08-15,31,73.9,jane.jones@company.com,(444) 370-4789,Active
EMP040155,Matthew,Gonzalez,Matthew Gonzalez,25,Marketing,Senior Developer,New York,64683.82,5491.31,2022-11-30,1,38.8,matthew.gonzalez@company.com,(218) 979-1928,Inactive
EMP040156,Daniel,Smith,Daniel Smith,30,Operations,Senior Developer,Austin,31845.36,3132.71,2024-02-18,4,73.6,daniel.smith@company.com,(656) 985-6978,Active
EMP040157,Christopher,Martin,Christopher Martin,29,Engineering,Coordinator,Miami,91445.17,6821.56,2024-05-23,7,79.6,christopher.martin@company.com,(565) 660-7448,Active
EMP040158,David,Jones,David Jones,36,HR,Director,Seattle,83303.84,7953.5,2022-02-01,10,64.9,david.jones@company.com,(344) 204-5589,Active
EMP040159,Matthew,Miller,Matthew Miller,23,Engineering,Coordinator,Austin,96798.21,9209.0,2022-01-20,0,94.5,matthew.miller@company.com,(931) 277-3555,Inactive
EMP040160,David,Rodriguez,David Rodriguez,65,IT,Lead,Boston,98176.63,13323.49,2022-06-15,37,49.2,david.rodriguez@company.com,(607) 850-3512,Active
EMP040161,James,Miller,James Miller,54,Marketing,Director,New York,61166.9,5806.18,2024-04-19,26,69.8,james.miller@company.com,(692) 464-7340,Active
EMP040162,David,Gonzalez,David Gonzalez,63,Legal,Director,Chicago,150608.91,17544.76,2020-02-14,36,70.4,david.gonzalez@company.com,(863) 727-2372,Active
EMP040163,Sarah,Gonzalez,Sarah Gonzalez,44,Marketing,Senior Developer,Los Angeles,55342.15,7037.42,2023-04-15,20,55.5,sarah.gonzalez@company.com,(642) 343-4444,Active
EMP040164,Lisa,Taylor,Lisa Taylor,64,Finance,Specialist,Seattle,87926.57,13118.99,2020-06-12,39,67.7,lisa.taylor@company.com,(504) 443-5707,Active
EMP040165,Christopher,Gonzalez,Christopher Gonzalez,33,Finance,Coordinator,Los Angeles,67883.23,6878.5,2023-01-06,11,62.8,christopher.gonzalez@company.com,(900) 348-9071,Active
EMP040166,Lisa,Williams,Lisa Williams,25,Legal,Coordinator,Austin,77379.16,14017.98,2023-12-05,0,75.6,lisa.williams@company.com,(939) 921-1265,Inactive
EMP040167,David,Jackson,David Jackson,38,Legal,Analyst,Miami,71225.33,8720.42,2021-03-26,9,79.6,david.jackson@company.com,(850) 493-9283,Active
EMP040168,Stephanie,Johnson,Stephanie Johnson,33,IT,Associate,Austin,72010.08,7855.42,2021-01-11,9,91.7,stephanie.johnson@company.com,(997) 733-5909,Active
EMP040169,Jessica,Martin,Jessica Martin,35,Marketing,Specialist,Chicago,85400.29,5881.65,2023-06-13,7,71.9,jessica.martin@company.com,(469) 711-3293,Active
EMP040170,Melissa,Rodriguez,Melissa Rodriguez,51,Engineering,Lead,New York,104787.12,4873.19,2022-05-26,23,69.9,melissa.rodriguez@company.com,(414) 973-6733,Active
EMP040171,Michael,Taylor,Michael Taylor,25,Legal,Senior Developer,Chicago,76667.87,9073.7,2023-04-20,0,61.3,michael.taylor@company.com,(569) 351-7049,Active
EMP040172,Matthew,Moore,Matthew Moore,43,IT,Senior Developer,Seattle,100198.12,3111.35,2020-09-12,18,56.0,matthew.moore@company.com,(932) 939-4449,Inactive
EMP040173,Lisa,Miller,Lisa Miller,47,Finance,Lead,New York,83992.24,0.0,2020-05-27,23,49.7,lisa.miller@company.com,(777) 591-9310,Active
EMP040174,Jane,Smith,Jane Smith,45,Legal,Manager,Miami,106984.83,9379.56,2024-11-22,16,71.1,jane.smith@company.com,(495) 998-1115,Active
EMP040175,Lisa,Lopez,Lisa Lopez,46,Engineering,Associate,Boston,87110.19,12760.78,2022-04-18,21,68.8,lisa.lopez@company.com,(525) 855-7203,Inactive
EMP040176,Michael,Jones,Michael Jones,48,Sales,Lead,Chicago,101330.7,5409.42,2020-02-02,20,74.7,michael.jones@company.com,(291) 333-7203,Active
EMP040177,Jessica,Taylor,Jessica Taylor,53,Engineering,Analyst,Chicago,104587.73,5013.4,2021-04-24,29,92.0,jessica.taylor@company.com,(398) 603-6149,Active
EMP040178,Robert,Davis,Robert Davis,39,IT,Analyst,Los Angeles,94183.53,15651.71,2020-07-16,14,66.4,robert.davis@company.com,(375) 476-7578,Active
EMP040179,Michael,Johnson,Michael Johnson,56,Legal,Analyst,San Francisco,111795.81,4459.51,2022-10-24,27,60.7,michael.johnson@company.com,(602) 234-5304,Active
EMP040180,Jessica,Miller,Jessica Miller,48,Operations,Lead,Miami,83214.18,9484.0,2020-08-31,22,75.4,jessica.miller@company.com,(734) 525-6665,Active
EMP040181,Amanda,Anderson,Amanda Anderson,63,Legal,Coordinator,Boston,107723.61,9322.4,2024-11-03,35,50.6,amanda.anderson@company.com,(634) 596-5292,Active
EMP040182,Lisa,Jones,Lisa Jones,54,Sales,Specialist,Seattle,97747.69,10.87,2023-05-08,32,82.4,lisa.jones@company.com,(663) 704-7794,Active
EMP040183,Sarah,Rodriguez,Sarah Rodriguez,45,Finance,Lead,New York,99270.63,9190.37,2020-06-13,16,48.7,sarah.rodriguez@company.com,(430) 649-8204,Active
EMP040184,Sarah,Anderson,Sarah Anderson,58,IT,Manager,Seattle,112905.47,7827.42,2021-06-15,30,68.7,sarah.anderson@company.com,(457) 430-1265,Active
EMP040185,Jessica,Lopez,Jessica Lopez,22,Engineering,Lead,Chicago,72231.31,3742.27,2020-01-07,0,61.8,jessica.lopez@company.com,(335) 432-6162,Active
EMP040186,Nicole,Martin,Nicole Martin,65,Marketing,Analyst,New York,86721.8,13154.92,2022-07-05,43,74.2,nicole.martin@company.com,(649) 651-2154,Active
EMP040187,Sarah,Anderson,Sarah Anderson,65,HR,Lead,New York,122724.91,12690.73,2020-02-11,38,80.3,sarah.anderson@company.com,(575) 623-3842,Active
EMP040188,Emily,Hernandez,Emily Hernandez,57,HR,Analyst,Boston,78221.31,13047.07,2022-06-17,33,97.7,emily.hernandez@company.com,(771) 788-6930,Inactive
EMP040189,Robert,Hernandez,Robert Hernandez,32,Finance,Manager,New York,54885.56,5717.65,2023-07-14,3,46.9,robert.hernandez@company.com,(586) 432-4679,Inactive
EMP040190,Emily,Gonzalez,Emily Gonzalez,40,Marketing,Lead,New York,68923.83,4436.03,2021-04-21,11,66.3,emily.gonzalez@company.com,(868) 623-8127,On Leave
EMP040191,Matthew,Wilson,Matthew Wilson,40,Finance,Director,New York,79252.72,13294.51,2020-06-09,12,86.8,matthew.wilson@company.com,(684) 985-6933,Active
EMP040192,Jessica,Gonzalez,Jessica Gonzalez,28,IT,Associate,Miami,61281.99,3024.72,2023-03-31,4,65.0,jessica.gonzalez@company.com,(249) 217-8563,Active
EMP040193,Jessica,Gonzalez,Jessica Gonzalez,24,Engineering,Manager,New York,63142.48,3320.38,2022-03-04,1,86.0,jessica.gonzalez@company.com,(303) 313-2710,Active
EMP040194,Nicole,Smith,Nicole Smith,25,Engineering,Associate,Boston,55806.42,0.0,2023-10-20,1,79.9,nicole.smith@company.com,(877) 990-7831,Active
EMP040195,Matthew,Miller,Matthew Miller,43,Finance,Senior Developer,Boston,77678.33,7935.13,2023-09-24,17,74.7,matthew.miller@company.com,(662) 466-9038,Active
EMP040196,William,Hernandez,William Hernandez,52,IT,Director,Austin,91706.96,7997.95,2020-12-31,23,65.6,william.hernandez@company.com,(632) 660-5364,Active
EMP040197,Jessica,Johnson,Jessica Johnson,42,Legal,Lead,New York,89484.97,7556.33,2021-09-12,13,82.0,jessica.johnson@company.com,(932) 952-8039,Active
EMP040198,Anthony,Jackson,Anthony Jackson,45,IT,Lead,Seattle,81061.88,11386.74,2023-03-10,19,59.3,anthony.jackson@company.com,(811) 494-4967,Active
EMP040199,Robert,Moore,Robert Moore,59,Finance,Associate,Chicago,104652.61,10130.87,2024-08-30,33,94.4,robert.moore@company.com,(719) 849-3248,Active
EMP040200,Jane,Anderson,Jane Anderson,45,Operations,Director,Los Angeles,58581.85,7857.61,2022-10-05,21,70.0,jane.anderson@company.com,(234) 435-7851,Active
EMP040201,Lisa,Rodriguez,Lisa Rodriguez,41,Operations,Associate,Boston,53804.17,3694.27,2020-04-29,15,72.9,lisa.rodriguez@company.com,(621) 507-3333,Active
EMP040202,William,Thomas,William Thomas,37,Legal,Associate,Los Angeles,107675.22,7566.39,2021-08-13,14,92.4,william.thomas@company.com,(554) 223-6236,Active
EMP040203,John,Jones,John Jones,25,HR,Director,Chicago,59629.18,5243.42,2023-05-25,0,72.3,john.jones@company.com,(848) 704-2593,Active
EMP040204,John,Wilson,John Wilson,47,Sales,Associate,Chicago,48359.17,0.0,2022-09-20,23,44.2,john.wilson@company.com,(569) 498-9522,Active
EMP040205,Matthew,Lopez,Matthew Lopez,54,Sales,Senior Developer,New York,63032.16,12703.54,2021-10-21,30,79.8,matthew.lopez@company.com,(877) 992-8306,On Leave
EMP040206,James,Jackson,James Jackson,36,Finance,Senior Developer,Austin,68713.3,10764.66,2021-06-20,7,76.4,james.jackson@company.com,(687) 653-1471,Active
EMP040207,Melissa,Jones,Melissa Jones,27,IT,Lead,San Francisco,101357.69,10959.1,2024-03-24,5,82.3,melissa.jones@company.com,(279) 692-9390,Active
EMP040208,Daniel,Anderson,Daniel Anderson,22,Operations,Specialist,New York,38713.08,1738.75,2020-12-05,0,77.4,daniel.anderson@company.com,(623) 988-4430,Active
EMP040209,Matthew,Brown,Matthew Brown,56,Marketing,Manager,Boston,88823.32,10800.59,2021-11-11,28,62.3,matthew.brown@company.com,(979) 726-4065,Inactive
EMP040210,Christopher,Thomas,Christopher Thomas,63,Sales,Coordinator,Chicago,115048.61,4238.69,2023-02-28,39,73.1,christopher.thomas@company.com,(802) 746-8727,Active
EMP040211,Sarah,Miller,Sarah Miller,48,IT,Senior Developer,San Francisco,104119.27,9615.62,2024-11-24,20,83.4,sarah.miller@company.com,(641) 302-1200,Active
EMP040212,William,Brown,William Brown,23,Legal,Analyst,Los Angeles,50439.26,0.0,2020-02-26,0,57.3,william.brown@company.com,(377) 513-5153,Inactive
EMP040213,Daniel,Davis,Daniel Davis,43,Legal,Lead,Austin,84970.1,7779.6,2023-02-17,20,82.2,daniel.davis@company.com,(256) 233-6068,Active
EMP040214,Anthony,Martinez,Anthony Martinez,25,Finance,Associate,San Francisco,65999.35,8438.94,2021-07-02,3,48.6,anthony.martinez@company.com,(233) 308-2499,Active
EMP040215,Lisa,Wilson,Lisa Wilson,65,HR,Coordinator,Miami,71638.32,10393.63,2020-02-01,41,52.0,lisa.wilson@company.com,(809) 699-6617,Active
EMP040216,William,Lopez,William Lopez,31,Engineering,Associate,Seattle,81717.66,10495.88,2024-12-01,3,88.4,william.lopez@company.com,(705) 806-7710,Active
EMP040217,Amanda,Wilson,Amanda Wilson,57,Operations,Associate,Austin,48277.06,3855.09,2021-02-10,30,83.5,amanda.wilson@company.com,(625) 327-4504,Active
EMP040218,Christopher,Davis,Christopher Davis,24,Operations,Specialist,Los Angeles,63667.04,4999.07,2023-07-10,0,79.6,christopher.davis@company.com,(440) 284-2829,Active
EMP040219,Nicole,Miller,Nicole Miller,38,Sales,Associate,Seattle,63610.08,1974.18,2022-06-08,11,74.4,nicole.miller@company.com,(564) 712-2328,Active
EMP040220,Emily,Jackson,Emily Jackson,40,Engineering,Coordinator,Chicago,125623.3,5644.89,2024-01-15,18,63.8,emily.jackson@company.com,(291) 951-9903,On Leave
EMP040221,Anthony,Garcia,Anthony Garcia,35,Engineering,Specialist,Los Angeles,65386.94,1306.07,2021-04-09,8,71.5,anthony.garcia@company.com,(827) 427-8423,Active
EMP040222,William,Gonzalez,William Gonzalez,50,IT,Associate,Seattle,101066.93,6032.2,2023-06-04,26,88.5,william.gonzalez@company.com,(804) 331-6511,Active
EMP040223,Matthew,Martin,Matthew Martin,49,Sales,Senior Developer,Boston,82922.87,7689.34,2024-10-10,26,38.0,matthew.martin@company.com,(532) 626-6614,Active
EMP040224,Lisa,Lopez,Lisa Lopez,35,Sales,Associate,Chicago,73956.23,8276.39,2023-10-01,13,85.5,lisa.lopez@company.com,(523) 901-6948,Active
EMP040225,Anthony,Jackson,Anthony Jackson,39,IT,Associate,Chicago,98840.43,10972.68,2021-04-14,10,84.9,anthony.jackson@company.com,(940) 849-1595,Active
EMP040226,Anthony,Smith,Anthony Smith,29,Engineering,Specialist,Miami,63115.25,3225.5,2020-10-08,0,87.7,anthony.smith@company.com,(694) 446-7046,On Leave
EMP040227,Lisa,Miller,Lisa Miller,42,Sales,Specialist,Seattle,82380.3,11245.93,2021-04-15,20,75.5,lisa.miller@company.com,(719) 663-9564,Active
EMP040228,Nicole,Garcia,Nicole Garcia,49,Operations,Coordinator,Seattle,82093.32,1037.48,2021-12-12,25,81.4,nicole.garcia@company.com,(659) 805-7820,Active
EMP040229,Emily,Thomas,Emily Thomas,30,Operations,Specialist,New York,34538.25,4501.63,2020-02-01,3,66.1,emily.thomas@company.com,(968) 522-5523,Active
EMP040230,Jessica,Martin,Jessica Martin,30,Engineering,Specialist,Seattle,70565.77,7702.73,2021-03-28,5,54.7,jessica.martin@company.com,(280) 452-8064,Active
EMP040231,Jane,Thomas,Jane Thomas,55,Sales,Associate,Austin,96168.49,10396.21,2020-05-02,27,59.9,jane.thomas@company.com,(289) 759-3424,Active
EMP040232,Melissa,Martin,Melissa Martin,54,Legal,Senior Developer,San Francisco,99471.65,11748.82,2024-05-25,31,70.3,melissa.martin@company.com,(627) 905-3064,Active
EMP040233,William,Taylor,William Taylor,51,Sales,Manager,Austin,83883.97,8688.7,2022-08-27,27,100.0,william.taylor@company.com,(954) 547-4781,Active
EMP040234,Emily,Anderson,Emily Anderson,29,Engineering,Associate,Austin,54192.37,3062.08,2021-03-21,4,79.6,emily.anderson@company.com,(441) 267-6118,Active
EMP040235,Jessica,Martin,Jessica Martin,44,Sales,Associate,Los Angeles,78122.98,10343.06,2023-03-03,19,82.1,jessica.martin@company.com,(379) 954-8817,Active
EMP040236,Stephanie,Hernandez,Stephanie Hernandez,22,Operations,Director,Chicago,39267.64,3083.15,2021-12-16,0,88.5,stephanie.hernandez@company.com,(466) 863-4834,Active
EMP040237,John,Martinez,John Martinez,33,Marketing,Coordinator,Chicago,57909.18,8324.29,2020-01-18,5,100.0,john.martinez@company.com,(529) 877-5941,Active
EMP040238,Stephanie,Jones,Stephanie Jones,32,Engineering,Coordinator,Austin,56682.74,6719.82,2023-03-16,10,95.0,stephanie.jones@company.com,(273) 878-1257,Active
EMP040239,Ashley,Anderson,Ashley Anderson,46,Finance,Director,Boston,97141.83,8988.01,2023-02-28,19,57.6,ashley.anderson@company.com,(630) 248-2675,Inactive
EMP040240,Nicole,Garcia,Nicole Garcia,54,Operations,Director,Los Angeles,72168.19,7790.91,2023-05-19,26,78.1,nicole.garcia@company.com,(856) 611-7326,Active
EMP040241,Amanda,Jones,Amanda Jones,50,Operations,Lead,Miami,57851.31,7667.58,2023-02-18,22,76.2,amanda.jones@company.com,(986) 501-6936,Active
EMP040242,David,Thomas,David Thomas,36,Finance,Specialist,Chicago,73984.6,6622.04,2020-04-25,10,85.4,david.thomas@company.com,(516) 271-5892,Active
EMP040243,Christopher,Martinez,Christopher Martinez,53,IT,Lead,Boston,99784.13,14455.34,2023-02-06,27,81.6,christopher.martinez@company.com,(209) 427-7418,Active
EMP040244,Melissa,Williams,Melissa Williams,44,Sales,Senior Developer,Boston,85107.06,13625.09,2020-04-02,16,69.3,melissa.williams@company.com,(455) 668-4669,Active
EMP040245,Daniel,Thomas,Daniel Thomas,49,Engineering,Coordinator,San Francisco,104563.47,15491.88,2020-08-20,22,78.5,daniel.thomas@company.com,(558) 273-2910,Active
EMP040246,Melissa,Jackson,Melissa Jackson,46,Sales,Coordinator,Austin,85369.35,2345.02,2022-10-04,22,84.9,melissa.jackson@company.com,(890) 733-9394,Active
EMP040247,Ashley,Johnson,Ashley Johnson,60,Legal,Associate,San Francisco,138532.69,12452.32,2021-07-10,33,62.5,ashley.johnson@company.com,(518) 873-1873,Inactive
EMP040248,David,Jackson,David Jackson,35,Sales,Specialist,New York,51329.51,2453.96,2022-07-19,6,78.2,david.jackson@company.com,(808) 510-4441,Active
EMP040249,Michael,Davis,Michael Davis,40,Sales,Senior Developer,Austin,83331.5,7832.1,2021-07-29,18,63.3,michael.davis@company.com,(684) 386-9553,Active
EMP040250,John,Hernandez,John Hernandez,65,Sales,Lead,Miami,102486.52,9444.63,2024-10-26,41,76.3,john.hernandez@company.com,(266) 924-7556,Active
EMP040251,Jessica,Thomas,Jessica Thomas,46,Sales,Specialist,San Francisco,77941.33,11526.69,2020-05-17,19,78.2,jessica.thomas@company.com,(986) 707-3059,Active
EMP040252,David,Williams,David Williams,56,Finance,Specialist,Austin,105528.95,19029.12,2020-04-05,27,69.8,david.williams@company.com,(393) 904-1908,Active
EMP040253,Daniel,Garcia,Daniel Garcia,57,Operations,Manager,Chicago,68313.84,8347.88,2021-09-27,33,69.9,daniel.garcia@company.com,(329) 839-8922,Active
EMP040254,Jane,Wilson,Jane Wilson,34,Sales,Associate,San Francisco,86144.85,9700.4,2023-04-18,5,69.0,jane.wilson@company.com,(718) 743-1528,Active
EMP040255,Amanda,Thomas,Amanda Thomas,61,Operations,Director,Austin,56818.96,4340.86,2024-01-18,35,73.5,amanda.thomas@company.com,(418) 799-4155,Active
EMP040256,John,Lopez,John Lopez,48,HR,Senior Developer,New York,81688.26,4228.01,2020-06-13,25,54.4,john.lopez@company.com,(751) 206-8292,Active
EMP040257,Sarah,Jones,Sarah Jones,28,IT,Lead,Boston,73173.06,10198.8,2022-07-16,6,68.7,sarah.jones@company.com,(783) 602-4841,Active
EMP040258,William,Martinez,William Martinez,28,Operations,Analyst,Miami,67340.06,0.0,2021-01-12,4,49.1,william.martinez@company.com,(629) 639-2824,Active
EMP040259,Sarah,Jones,Sarah Jones,52,IT,Analyst,New York,92624.14,8585.91,2024-06-04,29,65.5,sarah.jones@company.com,(934) 831-9972,Active
EMP040260,Sarah,Thomas,Sarah Thomas,39,Legal,Specialist,San Francisco,89534.16,5665.55,2022-01-28,16,75.0,sarah.thomas@company.com,(844) 484-3335,Active
EMP040261,Emily,Moore,Emily Moore,38,Finance,Specialist,Miami,42966.2,5519.52,2020-04-19,12,52.7,emily.moore@company.com,(573) 478-3444,Active
EMP040262,Amanda,Johnson,Amanda Johnson,65,IT,Director,Chicago,92070.54,14164.73,2024-11-22,41,63.3,amanda.johnson@company.com,(303) 596-7198,Active
EMP040263,Sarah,Moore,Sarah Moore,47,Marketing,Director,Miami,70312.0,5578.88,2023-11-05,25,70.5,sarah.moore@company.com,(485) 813-9027,Active
EMP040264,James,Brown,James Brown,40,Engineering,Associate,Miami,126305.95,4025.95,2021-08-31,11,95.4,james.brown@company.com,(482) 642-3409,Active
EMP040265,Christopher,Williams,Christopher Williams,38,Operations,Manager,Boston,72297.61,7001.31,2021-12-07,10,64.6,christopher.williams@company.com,(323) 720-5519,Active
EMP040266,Nicole,Brown,Nicole Brown,34,Sales,Manager,San Francisco,58133.12,5536.52,2021-04-06,5,59.2,nicole.brown@company.com,(232) 294-5510,Active
EMP040267,Jane,Martinez,Jane Martinez,36,Sales,Coordinator,New York,104060.07,11559.66,2022-11-12,13,88.7,jane.martinez@company.com,(662) 597-1526,Inactive
EMP040268,Amanda,Miller,Amanda Miller,54,Sales,Director,Chicago,121084.2,11045.67,2020-12-08,32,86.0,amanda.miller@company.com,(936) 298-3454,Active
EMP040269,Amanda,Hernandez,Amanda Hernandez,60,HR,Lead,Boston,107584.39,7420.57,2024-03-04,37,84.2,amanda.hernandez@company.com,(265) 819-2361,Active
EMP040270,Stephanie,Johnson,Stephanie Johnson,32,Legal,Lead,Boston,108875.35,8664.08,2021-03-25,7,79.2,stephanie.johnson@company.com,(451) 251-4044,Active
EMP040271,David,Wilson,David Wilson,49,Sales,Associate,Boston,71308.17,2585.94,2021-03-02,22,76.6,david.wilson@company.com,(551) 762-6011,Active
EMP040272,Matthew,Gonzalez,Matthew Gonzalez,55,Legal,Senior Developer,Los Angeles,131173.06,3039.26,2023-03-03,33,53.8,matthew.gonzalez@company.com,(790) 529-4317,Active
EMP040273,Anthony,Williams,Anthony Williams,49,Sales,Specialist,Chicago,73923.86,0.0,2021-02-15,21,47.1,anthony.williams@company.com,(258) 850-7843,Inactive
EMP040274,Jane,Jackson,Jane Jackson,26,Legal,Manager,Boston,86707.17,545.22,2023-11-25,4,89.2,jane.jackson@company.com,(468) 288-6442,Active
EMP040275,Lisa,Gonzalez,Lisa Gonzalez,29,Finance,Manager,Chicago,60205.24,10522.63,2023-09-30,6,73.2,lisa.gonzalez@company.com,(864) 856-9830,Active
EMP040276,Michael,Johnson,Michael Johnson,48,Sales,Lead,Los Angeles,80569.0,14319.77,2021-12-29,20,77.9,michael.johnson@company.com,(349) 304-8546,Active
EMP040277,Sarah,Jones,Sarah Jones,42,Operations,Manager,Miami,62689.93,3199.08,2021-11-07,19,73.7,sarah.jones@company.com,(382) 591-6647,Active
EMP040278,Christopher,Lopez,Christopher Lopez,35,Finance,Associate,Seattle,111775.45,13424.68,2020-01-16,7,84.6,christopher.lopez@company.com,(262) 474-3028,Active
EMP040279,Daniel,Taylor,Daniel Taylor,32,Finance,Specialist,Los Angeles,45084.7,8775.37,2022-03-08,10,57.5,daniel.taylor@company.com,(933) 636-5708,Active
EMP040280,Stephanie,Garcia,Stephanie Garcia,58,Engineering,Senior Developer,Los Angeles,132863.99,9396.23,2023-12-05,29,86.5,stephanie.garcia@company.com,(505) 588-8976,Active
EMP040281,Robert,Jackson,Robert Jackson,48,Engineering,Coordinator,San Francisco,81523.5,5669.42,2023-05-12,23,54.0,robert.jackson@company.com,(752) 379-1943,Active
EMP040282,John,Jones,John Jones,34,Engineering,Associate,Los Angeles,108362.16,17598.73,2020-01-28,7,67.5,john.jones@company.com,(714) 537-5415,Active
EMP040283,Anthony,Jones,Anthony Jones,22,Operations,Director,New York,42846.73,3866.17,2024-05-30,0,92.7,anthony.jones@company.com,(489) 761-8007,Inactive
EMP040284,John,Wilson,John Wilson,43,Operations,Specialist,Chicago,61882.26,11824.97,2020-09-14,15,61.2,john.wilson@company.com,(662) 439-4705,Active
EMP040285,Michael,Hernandez,Michael Hernandez,61,HR,Coordinator,San Francisco,107963.63,13392.69,2022-12-19,33,66.0,michael.hernandez@company.com,(465) 885-2257,Active
EMP040286,Matthew,Lopez,Matthew Lopez,29,Engineering,Specialist,Miami,97030.55,8704.83,2022-11-30,7,100.0,matthew.lopez@company.com,(723) 344-1544,Active
EMP040287,James,Jackson,James Jackson,62,Finance,Analyst,Seattle,115826.38,6133.0,2024-06-16,40,69.2,james.jackson@company.com,(973) 707-6502,Active
EMP040288,Lisa,Jackson,Lisa Jackson,28,Finance,Analyst,San Francisco,64788.04,6642.19,2024-07-19,2,67.5,lisa.jackson@company.com,(776) 838-2862,Active
EMP040289,Jessica,Taylor,Jessica Taylor,32,Finance,Associate,Chicago,100446.4,2604.35,2020-05-14,5,96.8,jessica.taylor@company.com,(422) 251-1970,Active
EMP040290,Daniel,Rodriguez,Daniel Rodriguez,53,HR,Senior Developer,Austin,80631.56,6625.83,2020-03-09,25,72.2,daniel.rodriguez@company.com,(697) 459-3880,Active
EMP040291,Christopher,Miller,Christopher Miller,30,HR,Analyst,Chicago,68984.31,6512.34,2020-05-04,1,100.0,christopher.miller@company.com,(616) 921-1644,Active
EMP040292,Stephanie,Thomas,Stephanie Thomas,28,Finance,Senior Developer,Seattle,83796.89,15959.28,2021-09-02,6,73.7,stephanie.thomas@company.com,(777) 327-8827,Active
EMP040293,Melissa,Hernandez,Melissa Hernandez,50,Engineering,Specialist,Austin,121692.89,1194.23,2021-02-10,22,65.3,melissa.hernandez@company.com,(492) 390-1311,Active
EMP040294,Sarah,Garcia,Sarah Garcia,43,Marketing,Manager,New York,75571.1,7151.27,2022-07-07,18,75.2,sarah.garcia@company.com,(945) 249-9130,Active
EMP040295,Jessica,Jones,Jessica Jones,44,Sales,Lead,Chicago,108411.78,10784.28,2020-12-14,15,94.9,jessica.jones@company.com,(559) 853-1071,Active
EMP040296,Stephanie,Jones,Stephanie Jones,54,HR,Coordinator,Los Angeles,91098.64,13931.01,2023-03-28,30,66.0,stephanie.jones@company.com,(456) 229-3769,Active
EMP040297,Amanda,Gonzalez,Amanda Gonzalez,64,Operations,Analyst,Chicago,75418.89,3944.94,2021-12-27,36,61.2,amanda.gonzalez@company.com,(625) 735-9295,Active
EMP040298,David,Jones,David Jones,56,Operations,Analyst,Los Angeles,49129.49,807.35,2023-09-19,27,89.6,david.jones@company.com,(823) 941-3235,Active
EMP040299,Nicole,Williams,Nicole Williams,31,Finance,Analyst,Boston,65451.33,411.36,2023-06-20,9,54.3,nicole.williams@company.com,(239) 736-6616,Inactive
EMP040300,Melissa,Rodriguez,Melissa Rodriguez,47,Marketing,Specialist,Los Angeles,59411.36,5062.64,2021-06-05,18,61.6,melissa.rodriguez@company.com,(444) 405-7332,Active
EMP040301,Emily,Martinez,Emily Martinez,40,Finance,Manager,Seattle,102160.02,5204.75,2021-04-18,17,57.4,emily.martinez@company.com,(309) 574-5058,Active
EMP040302,Anthony,Thomas,Anthony Thomas,61,HR,Coordinator,San Francisco,99510.92,20037.88,2021-10-30,32,74.2,anthony.thomas@company.com,(949) 218-5779,Active
EMP040303,Nicole,Williams,Nicole Williams,49,Marketing,Coordinator,New York,80759.87,216.05,2021-03-15,26,66.4,nicole.williams@company.com,(332) 303-5286,Active
EMP040304,Sarah,Brown,Sarah Brown,23,HR,Manager,Los Angeles,63654.33,11137.53,2021-09-16,0,64.9,sarah.brown@company.com,(245) 478-9385,Active
EMP040305,Lisa,Johnson,Lisa Johnson,40,Engineering,Director,Austin,122611.65,2939.74,2022-07-27,12,89.3,lisa.johnson@company.com,(328) 234-2033,Active
EMP040306,John,Johnson,John Johnson,63,IT,Associate,Los Angeles,91598.76,7501.86,2024-07-31,37,100.0,john.johnson@company.com,(785) 606-9709,Active
EMP040307,Stephanie,Wilson,Stephanie Wilson,27,Legal,Coordinator,Austin,100107.73,11125.72,2020-07-18,0,77.4,stephanie.wilson@company.com,(479) 773-4793,Active
EMP040308,Melissa,Jackson,Melissa Jackson,55,Legal,Specialist,Austin,78938.08,14647.09,2022-11-30,26,77.8,melissa.jackson@company.com,(681) 352-1983,Active
EMP040309,Jessica,Jackson,Jessica Jackson,26,IT,Manager,New York,78984.47,19521.49,2022-08-07,3,82.0,jessica.jackson@company.com,(279) 384-5714,Active
EMP040310,William,Taylor,William Taylor,38,Legal,Manager,Miami,92418.27,7218.11,2023-08-12,12,73.3,william.taylor@company.com,(265) 915-8067,Active
EMP040311,Lisa,Garcia,Lisa Garcia,29,Sales,Specialist,Seattle,41530.34,5669.43,2020-01-23,4,76.2,lisa.garcia@company.com,(765) 734-7000,On Leave
EMP040312,Emily,Jackson,Emily Jackson,26,Operations,Director,Miami,44862.55,4696.52,2022-04-15,4,81.3,emily.jackson@company.com,(339) 325-8772,Active
EMP040313,Robert,Wilson,Robert Wilson,43,Sales,Manager,San Francisco,121410.4,9054.6,2024-01-29,14,62.5,robert.wilson@company.com,(616) 846-9106,Active
EMP040314,Anthony,Thomas,Anthony Thomas,42,Legal,Manager,Los Angeles,75562.14,6956.86,2023-01-04,20,98.1,anthony.thomas@company.com,(509) 917-7815,On Leave
EMP040315,Emily,Johnson,Emily Johnson,64,Marketing,Senior Developer,Austin,66790.69,3550.78,2022-02-26,37,57.8,emily.johnson@company.com,(922) 209-5661,Active
EMP040316,Nicole,Brown,Nicole Brown,64,HR,Director,Seattle,70634.87,6516.06,2022-03-28,40,91.5,nicole.brown@company.com,(402) 940-7078,Active
EMP040317,James,Jackson,James Jackson,60,Engineering,Senior Developer,Chicago,113768.77,3821.03,2022-02-13,36,83.4,james.jackson@company.com,(683) 737-6007,Active
EMP040318,Nicole,Hernandez,Nicole Hernandez,63,Engineering,Coordinator,Miami,108666.17,15929.33,2024-05-19,37,52.9,nicole.hernandez@company.com,(973) 462-2634,Active
EMP040319,David,Lopez,David Lopez,34,HR,Analyst,Boston,61934.36,4949.94,2022-07-09,11,96.2,david.lopez@company.com,(435) 873-3737,Active
EMP040320,Lisa,Brown,Lisa Brown,32,HR,Coordinator,Chicago,40231.8,5648.72,2021-12-07,10,43.6,lisa.brown@company.com,(821) 327-8420,Active
EMP040321,Nicole,Martin,Nicole Martin,57,HR,Coordinator,San Francisco,64434.56,4468.28,2024-08-11,33,79.6,nicole.martin@company.com,(952) 851-6677,Active
EMP040322,Robert,Lopez,Robert Lopez,26,Legal,Director,Miami,80677.59,8527.7,2020-05-23,0,60.4,robert.lopez@company.com,(910) 814-9921,Active
EMP040323,Lisa,Taylor,Lisa Taylor,61,Engineering,Analyst,Los Angeles,126788.1,14041.32,2021-11-05,32,59.1,lisa.taylor@company.com,(295) 640-6697,Active
EMP040324,Jane,Smith,Jane Smith,25,HR,Associate,Boston,47011.53,1258.71,2023-01-02,0,46.7,jane.smith@company.com,(541) 580-2010,Active
EMP040325,Christopher,Rodriguez,Christopher Rodriguez,42,IT,Lead,Seattle,99414.44,9942.99,2020-08-31,14,62.5,christopher.rodriguez@company.com,(489) 219-1568,Active
EMP040326,Christopher,Wilson,Christopher Wilson,64,Sales,Coordinator,Los Angeles,79049.31,10070.78,2020-07-31,35,71.0,christopher.wilson@company.com,(408) 244-7367,Active
EMP040327,Melissa,Jones,Melissa Jones,54,Operations,Senior Developer,Boston,80440.4,14730.76,2021-08-07,32,77.2,melissa.jones@company.com,(702) 701-5006,Active
EMP040328,Sarah,Johnson,Sarah Johnson,40,HR,Coordinator,Austin,69217.01,763.7,2022-06-06,15,91.6,sarah.johnson@company.com,(936) 284-4582,Active
EMP040329,Robert,Hernandez,Robert Hernandez,48,Finance,Manager,Miami,67266.58,11436.09,2022-03-14,19,53.8,robert.hernandez@company.com,(457) 800-2858,Active
EMP040330,Lisa,Lopez,Lisa Lopez,65,Sales,Specialist,Boston,97619.33,6574.67,2022-08-17,38,76.3,lisa.lopez@company.com,(362) 233-7672,Active
EMP040331,David,Anderson,David Anderson,64,IT,Director,Seattle,126170.01,11966.92,2023-11-27,36,80.8,david.anderson@company.com,(845) 986-6889,Active
EMP040332,Emily,Johnson,Emily Johnson,54,HR,Lead,Los Angeles,78033.08,7242.46,2022-01-30,27,75.3,emily.johnson@company.com,(949) 745-5999,Active
EMP040333,William,Johnson,William Johnson,34,Finance,Manager,Boston,80496.2,6759.1,2023-10-11,8,63.0,william.johnson@company.com,(368) 539-9511,On Leave
EMP040334,Sarah,Jones,Sarah Jones,59,Marketing,Analyst,Miami,94824.69,11691.34,2022-04-24,33,58.1,sarah.jones@company.com,(728) 665-7722,Active
EMP040335,Jessica,Garcia,Jessica Garcia,59,HR,Senior Developer,Boston,65110.4,8744.29,2023-01-22,35,69.6,jessica.garcia@company.com,(691) 558-6946,Active
EMP040336,David,Anderson,David Anderson,34,HR,Senior Developer,San Francisco,54734.87,5414.12,2023-09-13,6,77.0,david.anderson@company.com,(891) 267-3323,Active
EMP040337,Jessica,Rodriguez,Jessica Rodriguez,62,Sales,Analyst,San Francisco,76194.15,9996.91,2024-08-16,33,52.4,jessica.rodriguez@company.com,(214) 406-4339,Active
EMP040338,Lisa,Jones,Lisa Jones,63,Engineering,Associate,Boston,95275.05,8953.9,2022-08-21,40,66.0,lisa.jones@company.com,(574) 837-6248,Active
EMP040339,Sarah,Gonzalez,Sarah Gonzalez,43,Sales,Lead,New York,68962.09,9100.44,2024-07-30,15,81.8,sarah.gonzalez@company.com,(338) 980-4266,Active
EMP040340,Anthony,Gonzalez,Anthony Gonzalez,62,Sales,Lead,Austin,86495.2,9163.37,2024-03-19,36,89.5,anthony.gonzalez@company.com,(482) 521-7895,Active
EMP040341,Ashley,Jones,Ashley Jones,52,Legal,Director,Miami,135862.57,13036.5,2021-10-17,23,94.1,ashley.jones@company.com,(647) 463-5102,Active
EMP040342,Michael,Smith,Michael Smith,27,Finance,Manager,Chicago,50695.43,4157.22,2020-02-19,0,77.0,michael.smith@company.com,(841) 532-1537,On Leave
EMP040343,Michael,Martin,Michael Martin,40,Engineering,Lead,Seattle,119856.95,5614.77,2023-12-04,17,67.8,michael.martin@company.com,(901) 739-4120,Active
EMP040344,Emily,Brown,Emily Brown,60,Finance,Analyst,Seattle,84703.53,3319.01,2021-11-19,34,84.9,emily.brown@company.com,(615) 251-6190,Inactive
EMP040345,David,Johnson,David Johnson,61,HR,Senior Developer,Los Angeles,99022.63,10351.97,2022-10-29,34,54.8,david.johnson@company.com,(414) 807-8442,Active
EMP040346,James,Wilson,James Wilson,57,Marketing,Senior Developer,Austin,62990.91,8674.16,2021-04-21,30,90.0,james.wilson@company.com,(762) 630-3315,Active
EMP040347,Ashley,Garcia,Ashley Garcia,33,Finance,Coordinator,Austin,77044.31,7417.02,2022-05-01,5,44.6,ashley.garcia@company.com,(715) 436-7476,Active
EMP040348,Amanda,Williams,Amanda Williams,47,IT,Specialist,Miami,78812.97,6307.04,2022-02-20,25,83.2,amanda.williams@company.com,(420) 512-9479,Inactive
EMP040349,Ashley,Anderson,Ashley Anderson,54,Finance,Senior Developer,Seattle,89727.7,3156.64,2022-05-25,27,74.1,ashley.anderson@company.com,(215) 369-4774,Active
EMP040350,John,Johnson,John Johnson,63,Sales,Specialist,San Francisco,63857.22,4901.68,2022-03-17,37,74.8,john.johnson@company.com,(410) 419-3197,Active
EMP040351,Melissa,Hernandez,Melissa Hernandez,52,Legal,Manager,New York,112382.26,3457.88,2021-12-06,28,66.6,melissa.hernandez@company.com,(619) 435-1829,Active
EMP040352,William,Martinez,William Martinez,25,Marketing,Director,Miami,59385.36,1642.96,2023-08-22,0,57.0,william.martinez@company.com,(272) 857-7266,Active
EMP040353,Sarah,Thomas,Sarah Thomas,58,Operations,Specialist,Miami,65566.01,3789.43,2024-04-01,33,53.1,sarah.thomas@company.com,(482) 316-3348,Active
EMP040354,Melissa,Garcia,Melissa Garcia,42,Marketing,Lead,Miami,74774.41,11636.63,2021-01-04,15,63.8,melissa.garcia@company.com,(970) 837-2342,Active
EMP040355,Sarah,Jackson,Sarah Jackson,29,HR,Lead,Austin,43757.55,8375.23,2024-12-29,0,58.3,sarah.jackson@company.com,(307) 483-1095,Inactive
EMP040356,Michael,Johnson,Michael Johnson,33,IT,Coordinator,Miami,67560.1,10335.28,2022-08-26,5,72.8,michael.johnson@company.com,(329) 857-1672,Active
EMP040357,Stephanie,Martinez,Stephanie Martinez,43,Operations,Associate,Los Angeles,50885.99,3463.06,2020-09-23,21,75.8,stephanie.martinez@company.com,(874) 656-5537,On Leave
EMP040358,Daniel,Gonzalez,Daniel Gonzalez,61,Engineering,Specialist,Chicago,129068.38,6810.75,2021-03-01,32,53.3,daniel.gonzalez@company.com,(740) 895-2151,Active
EMP040359,John,Smith,John Smith,25,Engineering,Director,San Francisco,89444.63,17276.4,2022-04-07,0,94.1,john.smith@company.com,(201) 651-7500,Active
EMP040360,Melissa,Jones,Melissa Jones,50,Operations,Director,Miami,53950.89,4385.43,2022-12-12,25,73.9,melissa.jones@company.com,(222) 333-8201,Active
EMP040361,Ashley,Miller,Ashley Miller,38,Legal,Senior Developer,Austin,97104.61,16516.09,2023-12-09,16,61.4,ashley.miller@company.com,(286) 688-9569,Active
EMP040362,Emily,Jackson,Emily Jackson,31,Finance,Analyst,Miami,88315.84,6386.68,2023-04-01,4,81.0,emily.jackson@company.com,(371) 523-7564,Active
EMP040363,Amanda,Johnson,Amanda Johnson,54,Operations,Manager,Boston,60789.88,3408.43,2021-04-09,27,71.5,amanda.johnson@company.com,(796) 688-3128,Inactive
EMP040364,Ashley,Moore,Ashley Moore,29,Engineering,Coordinator,Chicago,103090.93,10379.21,2020-11-17,1,100.0,ashley.moore@company.com,(634) 378-1546,Active
EMP040365,John,Jones,John Jones,53,Finance,Coordinator,Seattle,87801.85,5320.35,2024-05-02,29,74.5,john.jones@company.com,(374) 468-8410,Active
EMP040366,Amanda,Thomas,Amanda Thomas,43,Operations,Senior Developer,Miami,73987.93,7669.17,2024-11-26,18,76.1,amanda.thomas@company.com,(607) 897-2819,Active
EMP040367,Daniel,Lopez,Daniel Lopez,50,Finance,Senior Developer,Chicago,82710.98,9838.9,2024-05-03,23,77.6,daniel.lopez@company.com,(217) 812-5048,Active
EMP040368,Melissa,Taylor,Melissa Taylor,55,IT,Manager,San Francisco,100187.09,10977.34,2021-09-01,26,62.2,melissa.taylor@company.com,(510) 565-3773,Active
EMP040369,Jane,Taylor,Jane Taylor,53,Engineering,Coordinator,Los Angeles,95362.95,14151.72,2020-08-19,28,96.7,jane.taylor@company.com,(879) 218-7890,Active
EMP040370,Jane,Anderson,Jane Anderson,44,Marketing,Coordinator,Seattle,81097.88,9759.98,2022-10-08,20,80.3,jane.anderson@company.com,(741) 931-6703,Active
EMP040371,Robert,Davis,Robert Davis,43,Sales,Coordinator,Boston,85979.46,2993.39,2023-11-14,20,83.3,robert.davis@company.com,(371) 970-5673,Active
EMP040372,John,Williams,John Williams,22,Legal,Associate,San Francisco,89002.15,13316.69,2023-10-12,0,78.6,john.williams@company.com,(757) 502-5759,Inactive
EMP040373,Michael,Gonzalez,Michael Gonzalez,65,Legal,Director,Miami,127550.54,14917.59,2023-10-19,41,64.2,michael.gonzalez@company.com,(511) 512-5251,Active
EMP040374,William,Garcia,William Garcia,61,HR,Lead,Seattle,59841.91,8862.8,2023-12-06,39,64.6,william.garcia@company.com,(758) 818-8968,Active
EMP040375,David,Anderson,David Anderson,28,Engineering,Director,Chicago,110206.94,17615.82,2023-11-22,0,64.3,david.anderson@company.com,(770) 875-5469,Inactive
EMP040376,James,Wilson,James Wilson,31,Operations,Director,Seattle,54128.5,3530.73,2021-12-06,2,56.5,james.wilson@company.com,(343) 339-3230,Active
EMP040377,Lisa,Johnson,Lisa Johnson,29,Engineering,Specialist,New York,59389.01,3150.75,2022-09-05,1,72.6,lisa.johnson@company.com,(984) 282-4953,Active
EMP040378,David,Martinez,David Martinez,37,IT,Manager,Los Angeles,63618.77,6502.57,2020-10-10,10,74.7,david.martinez@company.com,(261) 593-9827,On Leave
EMP040379,Melissa,Lopez,Melissa Lopez,38,HR,Lead,Chicago,48652.91,5558.66,2021-04-22,12,85.7,melissa.lopez@company.com,(754) 375-6986,Active
EMP040380,Anthony,Jackson,Anthony Jackson,39,Finance,Senior Developer,San Francisco,86195.67,8864.82,2021-03-28,13,59.8,anthony.jackson@company.com,(394) 912-7419,Active
EMP040381,Ashley,Jones,Ashley Jones,35,Marketing,Coordinator,Chicago,59164.33,11738.96,2022-08-03,8,50.0,ashley.jones@company.com,(200) 694-3073,Inactive
EMP040382,John,Jackson,John Jackson,35,IT,Specialist,Boston,69120.29,5664.36,2020-01-16,11,59.3,john.jackson@company.com,(927) 302-1852,Active
EMP040383,Melissa,Gonzalez,Melissa Gonzalez,63,IT,Director,San Francisco,137613.71,9484.37,2022-12-28,35,79.1,melissa.gonzalez@company.com,(488) 211-8690,Active
EMP040384,Jessica,Martinez,Jessica Martinez,22,Engineering,Coordinator,Seattle,54529.86,3058.23,2022-02-18,0,67.9,jessica.martinez@company.com,(819) 831-8324,Active
EMP040385,Ashley,Anderson,Ashley Anderson,39,Finance,Senior Developer,San Francisco,98731.97,6714.66,2022-02-27,13,85.0,ashley.anderson@company.com,(910) 813-2886,Active
EMP040386,Christopher,Miller,Christopher Miller,37,Operations,Manager,Seattle,53902.29,4078.72,2024-05-05,14,98.4,christopher.miller@company.com,(501) 613-8831,Active
EMP040387,William,Jones,William Jones,47,Engineering,Lead,Miami,81501.65,5553.4,2022-10-17,19,69.9,william.jones@company.com,(290) 498-5611,Active
EMP040388,Melissa,Moore,Melissa Moore,43,Sales,Lead,Chicago,71530.06,7247.39,2020-12-18,18,67.1,melissa.moore@company.com,(617) 757-5067,Active
EMP040389,Jane,Smith,Jane Smith,63,Engineering,Manager,Miami,125001.11,11541.83,2023-07-12,39,84.4,jane.smith@company.com,(232) 513-6844,Active
EMP040390,Robert,Martin,Robert Martin,51,Operations,Director,Seattle,70374.72,7591.27,2020-05-26,24,97.3,robert.martin@company.com,(411) 533-2006,Active
EMP040391,Anthony,Anderson,Anthony Anderson,62,Finance,Lead,Los Angeles,54945.46,7102.57,2020-08-28,38,93.8,anthony.anderson@company.com,(334) 783-7928,Inactive
EMP040392,Sarah,Davis,Sarah Davis,63,Marketing,Manager,New York,121343.31,20651.52,2023-06-27,39,62.0,sarah.davis@company.com,(491) 943-7422,Active
EMP040393,Nicole,Lopez,Nicole Lopez,60,HR,Associate,San Francisco,76613.19,4050.68,2021-01-22,31,74.6,nicole.lopez@company.com,(511) 320-1268,Active
EMP040394,Ashley,Anderson,Ashley Anderson,23,Engineering,Manager,San Francisco,84700.14,10340.82,2024-02-03,0,91.7,ashley.anderson@company.com,(954) 635-1628,Active
EMP040395,Stephanie,Brown,Stephanie Brown,50,Sales,Director,Los Angeles,106949.01,18430.08,2024-12-24,21,76.0,stephanie.brown@company.com,(964) 568-9290,Active
EMP040396,Jessica,Wilson,Jessica Wilson,57,Engineering,Director,Austin,74004.34,4456.4,2024-01-07,31,70.4,jessica.wilson@company.com,(995) 306-7869,Active
EMP040397,Ashley,Jackson,Ashley Jackson,37,Finance,Associate,San Francisco,78128.71,2535.38,2021-10-28,11,64.3,ashley.jackson@company.com,(317) 396-6690,Active
EMP040398,Stephanie,Lopez,Stephanie Lopez,46,Marketing,Manager,Miami,69026.78,9936.53,2021-12-27,24,88.7,stephanie.lopez@company.com,(933) 419-7491,Active
EMP040399,Emily,Jackson,Emily Jackson,34,Marketing,Manager,Chicago,70239.95,7515.09,2021-09-27,6,90.4,emily.jackson@company.com,(840) 404-3357,Active
EMP040400,Daniel,Gonzalez,Daniel Gonzalez,53,HR,Senior Developer,Boston,90890.84,6367.16,2020-11-09,24,71.7,daniel.gonzalez@company.com,(856) 755-8428,Active
EMP040401,Daniel,Moore,Daniel Moore,28,Legal,Lead,Austin,69739.59,1769.85,2021-07-03,5,75.3,daniel.moore@company.com,(593) 309-6912,Active
EMP040402,Nicole,Williams,Nicole Williams,37,IT,Coordinator,Miami,93660.38,11843.0,2021-11-22,13,81.2,nicole.williams@company.com,(892) 422-4433,Active
EMP040403,Nicole,Anderson,Nicole Anderson,33,Sales,Senior Developer,Miami,75018.39,14770.03,2021-11-18,11,82.3,nicole.anderson@company.com,(832) 852-7052,On Leave
EMP040404,Lisa,Davis,Lisa Davis,31,Operations,Associate,New York,52567.51,3057.41,2022-12-03,5,72.9,lisa.davis@company.com,(784) 203-9237,Active
EMP040405,Jane,Williams,Jane Williams,27,Engineering,Director,Miami,59866.77,7507.18,2024-01-16,0,73.9,jane.williams@company.com,(667) 244-6750,Active
EMP040406,Jessica,Lopez,Jessica Lopez,39,Engineering,Coordinator,Seattle,88291.28,8159.85,2024-07-30,13,82.6,jessica.lopez@company.com,(741) 549-8960,Active
EMP040407,David,Garcia,David Garcia,37,Finance,Lead,New York,47002.92,5525.64,2021-05-09,12,55.5,david.garcia@company.com,(879) 224-9845,Active
EMP040408,Amanda,Johnson,Amanda Johnson,59,IT,Specialist,New York,70772.39,10737.45,2021-07-10,33,89.0,amanda.johnson@company.com,(556) 805-8501,Active
EMP040409,Matthew,Anderson,Matthew Anderson,53,IT,Senior Developer,San Francisco,82388.71,4106.95,2023-01-05,28,88.9,matthew.anderson@company.com,(479) 364-1610,Active
EMP040410,Stephanie,Anderson,Stephanie Anderson,63,Sales,Director,New York,121301.91,21978.1,2020-03-22,37,84.2,stephanie.anderson@company.com,(973) 893-9691,Active
EMP040411,Amanda,Garcia,Amanda Garcia,41,Legal,Coordinator,Miami,83011.32,7748.26,2022-05-22,14,56.7,amanda.garcia@company.com,(463) 514-2966,Active
EMP040412,Sarah,Hernandez,Sarah Hernandez,41,Finance,Manager,Boston,62735.94,7069.38,2020-06-26,15,84.4,sarah.hernandez@company.com,(907) 417-9445,Active
EMP040413,Stephanie,Miller,Stephanie Miller,42,Engineering,Associate,San Francisco,145005.45,27498.06,2023-11-24,15,100.0,stephanie.miller@company.com,(825) 376-1130,Active
EMP040414,Jessica,Anderson,Jessica Anderson,55,Sales,Director,San Francisco,72344.8,6309.31,2021-03-17,30,66.6,jessica.anderson@company.com,(728) 633-9246,Active
EMP040415,Sarah,Martinez,Sarah Martinez,33,HR,Lead,Chicago,43909.79,4626.89,2024-05-25,4,88.4,sarah.martinez@company.com,(426) 737-1233,Active
EMP040416,Anthony,Rodriguez,Anthony Rodriguez,42,HR,Senior Developer,Chicago,59996.41,8492.23,2020-11-18,17,52.2,anthony.rodriguez@company.com,(436) 522-5493,Active
EMP040417,Amanda,Martinez,Amanda Martinez,57,Finance,Manager,Los Angeles,113641.53,17571.2,2021-11-23,34,83.2,amanda.martinez@company.com,(508) 505-4104,Inactive
EMP040418,William,Martin,William Martin,63,Operations,Director,Miami,64580.43,3378.27,2023-11-16,35,88.8,william.martin@company.com,(345) 613-5911,Active
EMP040419,Christopher,Brown,Christopher Brown,27,Operations,Coordinator,Austin,52416.6,7674.06,2020-09-01,2,100.0,christopher.brown@company.com,(399) 488-1404,Active
EMP040420,Melissa,Wilson,Melissa Wilson,22,Operations,Analyst,Miami,25901.61,2791.78,2022-04-23,0,78.2,melissa.wilson@company.com,(716) 922-4415,Active
EMP040421,Stephanie,Thomas,Stephanie Thomas,38,IT,Coordinator,Los Angeles,55220.66,5842.34,2023-07-14,11,87.3,stephanie.thomas@company.com,(500) 225-1229,Active
EMP040422,Robert,Jones,Robert Jones,41,Engineering,Specialist,San Francisco,70755.32,6334.73,2020-02-05,13,69.3,robert.jones@company.com,(855) 831-3229,Active
EMP040423,David,Gonzalez,David Gonzalez,46,Finance,Senior Developer,Los Angeles,78446.82,14192.44,2024-07-06,22,86.4,david.gonzalez@company.com,(366) 382-7292,Inactive
EMP040424,Robert,Hernandez,Robert Hernandez,63,Legal,Associate,Seattle,114257.7,12208.03,2020-01-24,41,100.0,robert.hernandez@company.com,(362) 613-2053,Active
EMP040425,Jessica,Davis,Jessica Davis,53,Engineering,Associate,New York,115560.95,11124.91,2022-12-28,28,73.8,jessica.davis@company.com,(237) 960-9450,Inactive
EMP040426,Amanda,Wilson,Amanda Wilson,23,Finance,Senior Developer,Boston,45460.11,1714.68,2020-07-12,0,80.5,amanda.wilson@company.com,(787) 472-3354,Active
EMP040427,Michael,Garcia,Michael Garcia,51,Finance,Analyst,Austin,85092.03,11202.82,2022-09-29,22,50.0,michael.garcia@company.com,(844) 629-5931,Active
EMP040428,Emily,Gonzalez,Emily Gonzalez,56,Legal,Coordinator,Austin,90696.97,11150.77,2022-12-11,34,100.0,emily.gonzalez@company.com,(760) 959-2474,Active
EMP040429,Michael,Jones,Michael Jones,34,Marketing,Associate,San Francisco,62755.64,11221.17,2023-08-28,7,76.0,michael.jones@company.com,(410) 282-6774,Inactive
EMP040430,Nicole,Thomas,Nicole Thomas,26,Marketing,Director,New York,62012.05,7024.25,2023-05-28,4,45.1,nicole.thomas@company.com,(243) 919-1053,Active
EMP040431,Jane,Johnson,Jane Johnson,64,Sales,Associate,Seattle,96038.39,12697.42,2022-07-24,39,95.0,jane.johnson@company.com,(409) 772-4604,Active
EMP040432,Daniel,Martinez,Daniel Martinez,54,Finance,Lead,Miami,86975.5,17784.68,2022-02-20,27,85.6,daniel.martinez@company.com,(414) 719-5039,Active
EMP040433,Jessica,Martinez,Jessica Martinez,35,Finance,Lead,Austin,59338.62,7633.39,2023-02-05,7,78.1,jessica.martinez@company.com,(576) 326-1295,Active
EMP040434,Sarah,Wilson,Sarah Wilson,61,Finance,Lead,Chicago,98615.35,7674.51,2024-12-18,34,56.0,sarah.wilson@company.com,(457) 350-1243,Active
EMP040435,James,Martin,James Martin,51,Sales,Associate,Boston,86530.62,9168.78,2020-06-05,29,46.1,james.martin@company.com,(404) 921-8901,Active
EMP040436,Jessica,Martinez,Jessica Martinez,31,Operations,Director,Los Angeles,42280.53,3684.39,2021-09-10,7,89.7,jessica.martinez@company.com,(736) 712-4413,Active
EMP040437,Jane,Anderson,Jane Anderson,56,HR,Director,New York,58266.15,6459.9,2021-02-05,27,100.0,jane.anderson@company.com,(890) 848-4709,On Leave
EMP040438,Emily,Hernandez,Emily Hernandez,36,IT,Lead,Los Angeles,112934.09,5483.83,2021-12-09,10,90.1,emily.hernandez@company.com,(210) 739-9946,Active
EMP040439,Stephanie,Thomas,Stephanie Thomas,51,Operations,Associate,San Francisco,48586.41,9007.73,2021-12-17,27,81.7,stephanie.thomas@company.com,(897) 257-1145,Inactive
EMP040440,Christopher,Thomas,Christopher Thomas,23,Legal,Lead,Miami,92328.91,10043.62,2021-10-04,0,100.0,christopher.thomas@company.com,(522) 838-8499,Active
EMP040441,Matthew,Martinez,Matthew Martinez,35,Marketing,Senior Developer,Chicago,70086.02,11010.44,2021-08-06,9,81.3,matthew.martinez@company.com,(629) 994-7495,Active
EMP040442,Emily,Martin,Emily Martin,28,Sales,Associate,New York,77394.1,12767.05,2023-04-26,3,81.0,emily.martin@company.com,(567) 971-8135,Active
EMP040443,Robert,Rodriguez,Robert Rodriguez,52,Legal,Coordinator,Seattle,110007.09,20154.76,2021-03-07,30,58.4,robert.rodriguez@company.com,(416) 852-2639,Active
EMP040444,Daniel,Martin,Daniel Martin,26,HR,Specialist,Chicago,63314.75,10194.73,2021-02-24,2,72.0,daniel.martin@company.com,(681) 978-1851,Active
EMP040445,Michael,Jackson,Michael Jackson,46,Engineering,Director,Boston,130862.18,7477.67,2023-04-07,20,95.1,michael.jackson@company.com,(909) 250-7959,Active
EMP040446,David,Jones,David Jones,59,Engineering,Manager,Austin,160901.52,8494.95,2020-02-02,34,87.0,david.jones@company.com,(505) 797-4885,Active
EMP040447,Sarah,Garcia,Sarah Garcia,52,Marketing,Analyst,Seattle,71916.66,11041.34,2021-10-22,24,72.8,sarah.garcia@company.com,(779) 515-5765,Active
EMP040448,Amanda,Taylor,Amanda Taylor,41,Marketing,Coordinator,Austin,69452.44,10366.9,2024-10-31,17,90.9,amanda.taylor@company.com,(364) 636-7565,Active
EMP040449,Emily,Garcia,Emily Garcia,55,Marketing,Manager,Boston,91753.07,11131.42,2024-08-04,32,83.3,emily.garcia@company.com,(363) 950-1570,Active
EMP040450,Matthew,Smith,Matthew Smith,45,IT,Senior Developer,Boston,127390.94,14445.54,2024-05-10,20,100.0,matthew.smith@company.com,(318) 704-6690,Active
EMP040451,Amanda,Miller,Amanda Miller,65,Sales,Analyst,Boston,77686.34,6793.33,2021-05-21,37,60.1,amanda.miller@company.com,(840) 982-3959,Inactive
EMP040452,Amanda,Rodriguez,Amanda Rodriguez,65,Marketing,Senior Developer,Chicago,61268.18,7348.82,2020-07-02,36,86.8,amanda.rodriguez@company.com,(328) 982-6944,Active
EMP040453,John,Lopez,John Lopez,43,IT,Specialist,San Francisco,94196.3,5702.48,2020-09-01,21,69.0,john.lopez@company.com,(388) 767-1552,Active
EMP040454,Lisa,Anderson,Lisa Anderson,43,Sales,Coordinator,Seattle,90526.74,7924.53,2022-01-24,14,77.4,lisa.anderson@company.com,(555) 284-6517,Inactive
EMP040455,Amanda,Hernandez,Amanda Hernandez,32,Marketing,Analyst,San Francisco,46031.24,4054.19,2021-03-03,9,66.4,amanda.hernandez@company.com,(388) 535-3983,Active
EMP040456,James,Miller,James Miller,64,Finance,Senior Developer,Austin,87464.44,14113.56,2022-07-29,35,76.4,james.miller@company.com,(250) 678-5469,Active
EMP040457,David,Miller,David Miller,37,Finance,Director,Chicago,86318.7,11160.58,2024-07-29,8,55.8,david.miller@company.com,(520) 398-8265,Active
EMP040458,Sarah,Wilson,Sarah Wilson,42,HR,Director,San Francisco,55809.64,3539.29,2020-06-11,16,70.8,sarah.wilson@company.com,(643) 859-6131,Active
EMP040459,Daniel,Rodriguez,Daniel Rodriguez,61,IT,Specialist,Los Angeles,129251.54,12878.15,2023-07-26,35,66.2,daniel.rodriguez@company.com,(545) 757-3404,Active
EMP040460,Matthew,Lopez,Matthew Lopez,56,Sales,Associate,Boston,97260.96,16703.8,2022-08-30,30,86.0,matthew.lopez@company.com,(395) 559-6075,Active
EMP040461,Anthony,Garcia,Anthony Garcia,30,HR,Analyst,Los Angeles,55672.77,4431.54,2022-06-05,8,60.6,anthony.garcia@company.com,(553) 695-4689,Active
EMP040462,Amanda,Lopez,Amanda Lopez,42,Finance,Analyst,Chicago,65441.87,4624.02,2022-08-26,13,100.0,amanda.lopez@company.com,(459) 794-9108,Active
EMP040463,Jane,Hernandez,Jane Hernandez,64,Engineering,Director,Austin,86830.07,7636.74,2022-12-21,37,63.3,jane.hernandez@company.com,(204) 355-6182,Inactive
EMP040464,David,Martin,David Martin,48,Marketing,Analyst,Austin,70871.22,8794.2,2024-05-06,19,51.2,david.martin@company.com,(875) 633-4396,Active
EMP040465,Christopher,Garcia,Christopher Garcia,47,Legal,Manager,Austin,85804.42,8112.56,2023-06-16,23,76.4,christopher.garcia@company.com,(823) 533-7979,Active
EMP040466,Ashley,Anderson,Ashley Anderson,43,Sales,Coordinator,Los Angeles,92221.85,9221.44,2021-12-08,14,86.8,ashley.anderson@company.com,(996) 453-4058,Active
EMP040467,Stephanie,Garcia,Stephanie Garcia,61,Legal,Senior Developer,Austin,120363.63,20453.35,2022-08-01,37,79.4,stephanie.garcia@company.com,(468) 905-1531,Active
EMP040468,Sarah,Rodriguez,Sarah Rodriguez,65,Legal,Associate,Austin,130447.4,17835.15,2023-05-29,40,84.8,sarah.rodriguez@company.com,(468) 739-3694,Active
EMP040469,Ashley,Brown,Ashley Brown,47,IT,Analyst,Los Angeles,50382.84,3059.12,2022-08-11,21,90.0,ashley.brown@company.com,(615) 753-3035,Active
EMP040470,Christopher,Jones,Christopher Jones,61,Legal,Senior Developer,Austin,134879.33,15760.44,2024-09-22,32,59.1,christopher.jones@company.com,(619) 643-3813,Active
EMP040471,Amanda,Jackson,Amanda Jackson,34,HR,Associate,Miami,65510.69,1611.69,2020-12-07,10,61.4,amanda.jackson@company.com,(823) 561-7340,Active
EMP040472,Nicole,Davis,Nicole Davis,60,IT,Director,Miami,128731.79,16283.4,2023-03-06,37,54.4,nicole.davis@company.com,(731) 640-1681,Active
EMP040473,Jessica,Moore,Jessica Moore,36,Operations,Associate,San Francisco,77872.11,9729.28,2022-03-09,13,72.2,jessica.moore@company.com,(629) 262-1654,Inactive
EMP040474,Amanda,Smith,Amanda Smith,34,Marketing,Lead,New York,80962.97,12352.4,2023-08-21,7,81.8,amanda.smith@company.com,(882) 638-8611,Active
EMP040475,Melissa,Anderson,Melissa Anderson,26,HR,Senior Developer,Miami,50592.25,5440.09,2024-09-06,0,91.0,melissa.anderson@company.com,(313) 557-9004,Active
EMP040476,Robert,Martin,Robert Martin,46,IT,Analyst,Boston,85068.99,10869.33,2021-01-11,19,55.1,robert.martin@company.com,(332) 628-7759,Active
EMP040477,Jane,Wilson,Jane Wilson,59,Legal,Lead,Austin,108975.62,0.0,2024-10-15,32,72.9,jane.wilson@company.com,(476) 304-3572,Active
EMP040478,James,Jones,James Jones,56,Sales,Specialist,San Francisco,100734.64,6221.3,2023-08-29,27,68.4,james.jones@company.com,(879) 627-3832,Active
EMP040479,James,Johnson,James Johnson,64,HR,Lead,Austin,80153.66,6506.72,2021-08-15,38,78.4,james.johnson@company.com,(849) 843-9654,On Leave
EMP040480,Stephanie,Brown,Stephanie Brown,56,IT,Analyst,Seattle,72839.97,5019.23,2021-05-12,33,58.9,stephanie.brown@company.com,(823) 806-4166,Active
EMP040481,Amanda,Thomas,Amanda Thomas,55,IT,Coordinator,New York,108334.23,6899.83,2020-08-29,27,94.7,amanda.thomas@company.com,(797) 241-5482,Active
EMP040482,Melissa,Miller,Melissa Miller,31,Engineering,Coordinator,San Francisco,84097.33,10325.83,2024-08-10,6,66.9,melissa.miller@company.com,(720) 206-4382,Active
EMP040483,Christopher,Smith,Christopher Smith,53,Marketing,Director,San Francisco,100621.72,14466.11,2022-10-27,29,85.5,christopher.smith@company.com,(985) 423-6315,Active
EMP040484,William,Anderson,William Anderson,45,Legal,Coordinator,Miami,117172.71,14766.33,2022-11-29,18,84.0,william.anderson@company.com,(757) 481-6280,Active
EMP040485,Jessica,Wilson,Jessica Wilson,39,Marketing,Senior Developer,Seattle,58636.42,6286.34,2020-10-14,17,75.5,jessica.wilson@company.com,(403) 851-7606,Active
EMP040486,Christopher,Davis,Christopher Davis,57,IT,Manager,Chicago,49637.83,4556.83,2024-03-04,31,63.4,christopher.davis@company.com,(773) 831-3658,Active
EMP040487,Matthew,Smith,Matthew Smith,47,Finance,Manager,Austin,96708.52,6634.91,2020-10-28,18,100.0,matthew.smith@company.com,(685) 923-9021,Inactive
EMP040488,Stephanie,Brown,Stephanie Brown,33,HR,Analyst,Los Angeles,53671.71,10185.41,2023-01-04,10,100.0,stephanie.brown@company.com,(956) 398-6567,Active
EMP040489,James,Johnson,James Johnson,61,IT,Manager,Seattle,132638.6,487.3,2020-08-31,33,76.6,james.johnson@company.com,(618) 737-3524,Active
EMP040490,Ashley,Williams,Ashley Williams,51,Finance,Director,Seattle,98751.19,12330.82,2021-06-19,29,79.3,ashley.williams@company.com,(241) 873-3192,Inactive
EMP040491,Amanda,Rodriguez,Amanda Rodriguez,61,IT,Director,Los Angeles,117552.09,4761.17,2023-04-10,38,97.9,amanda.rodriguez@company.com,(366) 818-3337,Active
EMP040492,Jessica,Jones,Jessica Jones,57,Sales,Senior Developer,Los Angeles,85123.02,8175.3,2020-10-01,33,100.0,jessica.jones@company.com,(673) 516-8317,Active
EMP040493,Robert,Davis,Robert Davis,58,Marketing,Director,New York,99213.06,15679.04,2021-02-14,29,81.9,robert.davis@company.com,(641) 322-7021,Active
EMP040494,Matthew,Rodriguez,Matthew Rodriguez,49,Legal,Associate,Boston,85731.9,6431.27,2022-12-07,24,75.4,matthew.rodriguez@company.com,(575) 999-5957,Active
EMP040495,Matthew,Thomas,Matthew Thomas,44,IT,Lead,Chicago,97014.07,8349.61,2020-01-01,15,59.7,matthew.thomas@company.com,(341) 609-4591,Active
EMP040496,Emily,Gonzalez,Emily Gonzalez,62,Engineering,Senior Developer,Chicago,131984.22,23430.18,2024-01-06,35,91.2,emily.gonzalez@company.com,(288) 662-1158,Active
EMP040497,Lisa,Thomas,Lisa Thomas,49,IT,Associate,Miami,81963.1,8626.95,2023-01-08,24,100.0,lisa.thomas@company.com,(667) 739-4999,Active
EMP040498,Jane,Lopez,Jane Lopez,64,HR,Coordinator,Chicago,113031.58,6815.73,2022-10-09,37,57.9,jane.lopez@company.com,(381) 971-2730,Active
EMP040499,Sarah,Brown,Sarah Brown,37,Marketing,Specialist,Los Angeles,38880.25,4847.86,2024-07-22,10,67.1,sarah.brown@company.com,(890) 301-6803,Active
EMP040500,Jessica,Wilson,Jessica Wilson,23,IT,Manager,Seattle,84826.63,4711.93,2021-11-19,0,91.4,jessica.wilson@company.com,(229) 626-6042,Active
EMP040501,Nicole,Rodriguez,Nicole Rodriguez,28,Sales,Senior Developer,Seattle,80338.0,0.0,2024-10-05,1,71.8,nicole.rodriguez@company.com,(767) 477-8342,Inactive
EMP040502,Amanda,Brown,Amanda Brown,64,Operations,Analyst,Miami,76345.08,4806.79,2022-11-12,42,60.7,amanda.brown@company.com,(448) 858-6918,Active
EMP040503,Anthony,Lopez,Anthony Lopez,60,IT,Specialist,San Francisco,109176.25,12109.86,2020-05-19,31,72.8,anthony.lopez@company.com,(820) 217-2221,Active
EMP040504,Christopher,Rodriguez,Christopher Rodriguez,38,Sales,Senior Developer,Boston,83167.93,11415.04,2022-09-24,9,57.4,christopher.rodriguez@company.com,(930) 482-8521,Active
EMP040505,Sarah,Brown,Sarah Brown,55,HR,Lead,New York,92366.21,12456.22,2023-04-17,26,70.8,sarah.brown@company.com,(787) 536-5515,Active
EMP040506,Christopher,Anderson,Christopher Anderson,52,HR,Manager,Austin,68398.46,3427.19,2021-04-22,30,52.4,christopher.anderson@company.com,(706) 425-6321,Active
EMP040507,Jessica,Martin,Jessica Martin,23,Sales,Analyst,Los Angeles,58675.23,7983.67,2024-08-17,0,56.8,jessica.martin@company.com,(876) 525-8855,Active
EMP040508,Stephanie,Moore,Stephanie Moore,41,HR,Lead,Boston,62887.67,3684.18,2021-04-04,12,86.7,stephanie.moore@company.com,(343) 498-1502,Active
EMP040509,Melissa,Jones,Melissa Jones,51,IT,Analyst,Chicago,77379.82,10257.64,2023-11-06,23,74.5,melissa.jones@company.com,(241) 658-2867,Active
EMP040510,Stephanie,Brown,Stephanie Brown,28,Finance,Analyst,Seattle,74047.46,8057.98,2021-11-17,4,77.4,stephanie.brown@company.com,(493) 945-6590,On Leave
EMP040511,Jane,Martin,Jane Martin,42,HR,Coordinator,Seattle,41182.85,6197.94,2024-01-11,13,100.0,jane.martin@company.com,(726) 991-9122,Active
EMP040512,David,Miller,David Miller,51,Finance,Senior Developer,Seattle,86386.52,9001.5,2021-01-18,24,69.6,david.miller@company.com,(819) 468-3501,Active
EMP040513,David,Wilson,David Wilson,42,HR,Senior Developer,Boston,45853.5,6970.74,2023-05-08,15,66.1,david.wilson@company.com,(900) 710-5532,Active
EMP040514,James,Williams,James Williams,59,Finance,Senior Developer,Los Angeles,98731.05,9072.45,2023-04-09,36,79.8,james.williams@company.com,(930) 694-9728,Active
EMP040515,Lisa,Thomas,Lisa Thomas,61,IT,Director,New York,109954.1,14599.46,2024-05-28,38,92.4,lisa.thomas@company.com,(406) 814-3613,Active
EMP040516,Ashley,Thomas,Ashley Thomas,48,Engineering,Director,San Francisco,146163.26,11379.23,2024-01-05,26,71.9,ashley.thomas@company.com,(324) 874-2970,On Leave
EMP040517,David,Gonzalez,David Gonzalez,22,Engineering,Coordinator,New York,94227.35,17510.73,2022-12-02,0,72.4,david.gonzalez@company.com,(438) 584-1361,Active
EMP040518,Ashley,Jackson,Ashley Jackson,36,Engineering,Analyst,Chicago,138196.04,13436.92,2021-02-24,14,57.4,ashley.jackson@company.com,(679) 893-3028,Active
EMP040519,Jane,Martin,Jane Martin,41,Operations,Lead,Seattle,64806.92,4069.44,2024-02-18,12,59.4,jane.martin@company.com,(914) 265-9143,Active
EMP040520,Jessica,Taylor,Jessica Taylor,29,Operations,Coordinator,Austin,65885.48,6246.29,2022-05-14,5,61.0,jessica.taylor@company.com,(545) 240-2168,Active
EMP040521,Ashley,Jones,Ashley Jones,51,Operations,Lead,Austin,68403.09,840.65,2020-10-23,27,75.8,ashley.jones@company.com,(600) 413-4314,Active
EMP040522,Robert,Lopez,Robert Lopez,57,Marketing,Associate,Boston,76193.01,12169.37,2023-04-19,30,87.1,robert.lopez@company.com,(770) 740-3707,Active
EMP040523,Jessica,Gonzalez,Jessica Gonzalez,58,Finance,Coordinator,Chicago,94741.15,4568.53,2022-10-06,29,50.7,jessica.gonzalez@company.com,(262) 634-5180,Active
EMP040524,Matthew,Smith,Matthew Smith,58,Marketing,Director,Miami,83532.39,12870.81,2021-05-25,33,93.5,matthew.smith@company.com,(877) 895-7658,Active
EMP040525,John,Davis,John Davis,61,IT,Specialist,Austin,111381.05,4669.26,2022-09-01,37,83.1,john.davis@company.com,(237) 727-7432,On Leave
EMP040526,Daniel,Rodriguez,Daniel Rodriguez,39,Engineering,Associate,Seattle,95443.19,3590.89,2023-09-12,10,91.3,daniel.rodriguez@company.com,(612) 228-9517,Active
EMP040527,Melissa,Jackson,Melissa Jackson,43,HR,Lead,Boston,65853.43,11707.72,2022-05-04,18,73.8,melissa.jackson@company.com,(738) 978-7766,Inactive
EMP040528,Amanda,Rodriguez,Amanda Rodriguez,29,Sales,Analyst,Seattle,83766.64,615.83,2023-02-16,0,73.3,amanda.rodriguez@company.com,(836) 258-3989,Active
EMP040529,Ashley,Gonzalez,Ashley Gonzalez,40,Operations,Coordinator,Seattle,89355.78,12608.07,2022-01-15,14,78.1,ashley.gonzalez@company.com,(922) 851-1366,Active
EMP040530,Matthew,Thomas,Matthew Thomas,27,Sales,Manager,New York,72651.38,6812.56,2020-06-15,0,75.9,matthew.thomas@company.com,(986) 240-7725,Active
EMP040531,Lisa,Johnson,Lisa Johnson,65,Legal,Manager,Miami,136500.03,22819.23,2022-05-12,36,84.6,lisa.johnson@company.com,(340) 302-4546,On Leave
EMP040532,Robert,Smith,Robert Smith,46,IT,Associate,Boston,91813.54,10297.9,2022-12-08,18,70.8,robert.smith@company.com,(512) 557-5523,Active
EMP040533,John,Davis,John Davis,32,IT,Lead,Austin,83844.71,8902.27,2023-05-25,3,80.5,john.davis@company.com,(836) 258-1331,Active
EMP040534,Matthew,Johnson,Matthew Johnson,62,Finance,Director,Seattle,85192.36,7985.18,2020-08-02,34,53.0,matthew.johnson@company.com,(578) 719-2861,Active
EMP040535,Ashley,Jackson,Ashley Jackson,62,Legal,Senior Developer,San Francisco,127568.57,9139.26,2022-03-09,36,64.9,ashley.jackson@company.com,(689) 863-4793,Active
EMP040536,David,Miller,David Miller,54,Sales,Associate,Seattle,93452.48,10436.39,2021-08-08,30,57.7,david.miller@company.com,(588) 555-4822,Active
EMP040537,Amanda,Taylor,Amanda Taylor,60,HR,Director,Boston,66643.33,6892.26,2022-04-14,36,73.4,amanda.taylor@company.com,(460) 739-4132,Active
EMP040538,Sarah,Garcia,Sarah Garcia,58,Legal,Coordinator,New York,94286.95,4900.1,2021-06-24,29,85.0,sarah.garcia@company.com,(622) 320-7801,Active
EMP040539,Melissa,Smith,Melissa Smith,54,Engineering,Manager,Austin,108768.71,2641.84,2020-09-04,26,100.0,melissa.smith@company.com,(853) 746-3372,Active
EMP040540,Jessica,Anderson,Jessica Anderson,34,Operations,Coordinator,Los Angeles,75459.77,9724.98,2020-12-25,10,85.5,jessica.anderson@company.com,(506) 430-8369,Active
EMP040541,Christopher,Brown,Christopher Brown,23,Marketing,Analyst,Chicago,54575.18,4659.69,2020-01-13,0,81.4,christopher.brown@company.com,(278) 901-1497,Active
EMP040542,John,Anderson,John Anderson,64,Engineering,Specialist,Seattle,118172.15,9905.42,2020-06-27,40,85.2,john.anderson@company.com,(692) 720-8723,Active
EMP040543,Nicole,Taylor,Nicole Taylor,44,Marketing,Specialist,Austin,70831.57,3169.5,2024-11-24,18,71.0,nicole.taylor@company.com,(508) 540-9825,Active
EMP040544,James,Smith,James Smith,39,Marketing,Specialist,New York,80342.3,8424.61,2022-02-12,16,70.1,james.smith@company.com,(264) 893-4827,Active
EMP040545,Lisa,Smith,Lisa Smith,37,IT,Lead,San Francisco,96228.08,8232.08,2024-06-13,9,65.8,lisa.smith@company.com,(442) 463-7069,Active
EMP040546,Melissa,Hernandez,Melissa Hernandez,29,Marketing,Specialist,Miami,79894.87,12340.45,2024-07-15,4,67.0,melissa.hernandez@company.com,(253) 512-6169,Active
EMP040547,Ashley,Jackson,Ashley Jackson,48,Operations,Analyst,Miami,68682.64,3141.74,2020-01-30,25,59.5,ashley.jackson@company.com,(706) 440-5271,Active
EMP040548,Emily,Johnson,Emily Johnson,50,HR,Senior Developer,Austin,81959.34,12341.48,2021-04-07,28,49.1,emily.johnson@company.com,(746) 278-5762,Active
EMP040549,Lisa,Wilson,Lisa Wilson,23,Operations,Director,Seattle,48373.69,6850.06,2022-09-03,0,69.6,lisa.wilson@company.com,(745) 250-2115,Active
EMP040550,Christopher,Anderson,Christopher Anderson,43,Sales,Coordinator,Seattle,85975.0,593.14,2022-05-12,18,100.0,christopher.anderson@company.com,(885) 425-6054,Active
EMP040551,Jessica,Johnson,Jessica Johnson,51,HR,Senior Developer,New York,50988.38,6915.18,2020-10-05,26,72.7,jessica.johnson@company.com,(516) 424-4860,Active
EMP040552,Nicole,Hernandez,Nicole Hernandez,27,Marketing,Director,New York,64739.27,6721.46,2022-06-24,0,72.9,nicole.hernandez@company.com,(225) 602-5481,On Leave
EMP040553,Amanda,Jones,Amanda Jones,33,Engineering,Specialist,Austin,93434.82,6958.73,2024-03-12,11,85.7,amanda.jones@company.com,(692) 401-9722,Active
EMP040554,James,Jackson,James Jackson,46,Marketing,Specialist,Austin,73549.55,12248.41,2024-04-30,24,85.6,james.jackson@company.com,(488) 501-2927,Active
EMP040555,Jane,Taylor,Jane Taylor,35,Marketing,Analyst,Austin,50696.7,2469.24,2024-05-04,10,83.1,jane.taylor@company.com,(822) 637-8449,Active
EMP040556,Robert,Jones,Robert Jones,25,Marketing,Analyst,Boston,45975.61,5688.99,2022-09-14,3,69.3,robert.jones@company.com,(766) 296-1803,Active
EMP040557,James,Hernandez,James Hernandez,49,IT,Coordinator,Austin,71112.4,10753.91,2023-01-16,22,80.9,james.hernandez@company.com,(696) 863-2115,Active
EMP040558,Jane,Gonzalez,Jane Gonzalez,61,Finance,Analyst,Austin,72613.35,1349.98,2021-03-12,39,74.3,jane.gonzalez@company.com,(596) 378-1827,Inactive
EMP040559,Robert,Miller,Robert Miller,58,HR,Specialist,New York,88844.22,9095.45,2020-10-04,33,83.0,robert.miller@company.com,(430) 808-4113,Active
EMP040560,Lisa,Miller,Lisa Miller,58,Engineering,Director,New York,90301.39,11864.36,2024-05-12,36,77.5,lisa.miller@company.com,(324) 391-5653,Active
EMP040561,Lisa,Davis,Lisa Davis,23,Operations,Analyst,Boston,54903.36,10002.04,2024-11-05,0,74.7,lisa.davis@company.com,(823) 250-2474,Active
EMP040562,Anthony,Thomas,Anthony Thomas,36,IT,Manager,Los Angeles,97691.25,14158.33,2020-01-27,10,83.8,anthony.thomas@company.com,(530) 656-6995,Active
EMP040563,Jessica,Anderson,Jessica Anderson,64,Operations,Associate,Miami,71338.54,9291.82,2022-04-07,36,90.8,jessica.anderson@company.com,(597) 770-7401,Active
EMP040564,Jessica,Lopez,Jessica Lopez,56,Legal,Senior Developer,San Francisco,84267.7,7683.03,2020-02-29,27,85.2,jessica.lopez@company.com,(223) 205-6327,Active
EMP040565,Melissa,Davis,Melissa Davis,23,Finance,Manager,Los Angeles,33000.0,3250.23,2024-05-02,0,83.4,melissa.davis@company.com,(786) 677-1940,Active
EMP040566,William,Rodriguez,William Rodriguez,62,Finance,Lead,New York,94103.3,13394.75,2023-03-19,40,53.2,william.rodriguez@company.com,(418) 728-4448,Active
EMP040567,John,Martinez,John Martinez,42,IT,Director,New York,86124.77,12315.62,2024-03-14,17,64.5,john.martinez@company.com,(299) 758-1181,Active
EMP040568,Sarah,Taylor,Sarah Taylor,65,Operations,Associate,San Francisco,82648.82,13261.29,2022-04-03,43,54.4,sarah.taylor@company.com,(388) 502-5757,Active
EMP040569,Anthony,Brown,Anthony Brown,54,Marketing,Senior Developer,Chicago,116525.39,8990.5,2022-06-18,30,57.5,anthony.brown@company.com,(649) 221-7063,Active
EMP040570,Jessica,Jackson,Jessica Jackson,37,HR,Manager,Seattle,70201.91,4413.15,2023-12-01,10,100.0,jessica.jackson@company.com,(985) 277-4445,Active
EMP040571,Sarah,Wilson,Sarah Wilson,64,Sales,Director,Austin,122832.89,11008.93,2021-04-22,39,82.2,sarah.wilson@company.com,(385) 524-2271,Active
EMP040572,Melissa,Rodriguez,Melissa Rodriguez,52,Engineering,Analyst,San Francisco,84421.86,12849.01,2023-11-21,24,50.8,melissa.rodriguez@company.com,(696) 546-3153,Active
EMP040573,Melissa,Moore,Melissa Moore,26,HR,Coordinator,New York,58259.44,6448.94,2022-11-14,1,46.4,melissa.moore@company.com,(574) 882-2797,Active
EMP040574,Lisa,Davis,Lisa Davis,47,Sales,Senior Developer,Austin,68908.47,9132.48,2020-08-24,22,61.7,lisa.davis@company.com,(551) 760-8939,Inactive
EMP040575,Christopher,Thomas,Christopher Thomas,65,Finance,Director,Miami,83390.65,12172.52,2021-03-15,38,69.5,christopher.thomas@company.com,(322) 787-9363,Active
EMP040576,James,Hernandez,James Hernandez,37,HR,Director,Chicago,45038.25,6769.22,2023-08-03,10,84.2,james.hernandez@company.com,(625) 419-4640,Active
EMP040577,Nicole,Hernandez,Nicole Hernandez,45,Marketing,Director,Boston,73199.28,6115.05,2022-12-28,18,82.4,nicole.hernandez@company.com,(764) 261-8302,Active
EMP040578,Anthony,Martinez,Anthony Martinez,35,Operations,Director,Chicago,54264.38,5860.51,2023-11-19,12,51.3,anthony.martinez@company.com,(296) 482-3877,Active
EMP040579,Jessica,Miller,Jessica Miller,35,Engineering,Associate,Boston,103897.86,8784.58,2020-01-31,11,58.7,jessica.miller@company.com,(706) 965-1716,Inactive
EMP040580,Stephanie,Lopez,Stephanie Lopez,64,Engineering,Coordinator,San Francisco,94664.03,17363.76,2024-07-25,42,79.6,stephanie.lopez@company.com,(395) 449-7895,Active
EMP040581,Jane,Jones,Jane Jones,43,IT,Analyst,Boston,80846.75,8005.03,2021-06-02,14,82.0,jane.jones@company.com,(512) 428-8222,Active
EMP040582,Jane,Taylor,Jane Taylor,65,Engineering,Lead,Boston,128147.57,18937.17,2024-07-09,43,62.1,jane.taylor@company.com,(974) 346-8688,Active
EMP040583,Matthew,Gonzalez,Matthew Gonzalez,59,Sales,Lead,Boston,104779.2,16776.43,2020-10-18,31,55.4,matthew.gonzalez@company.com,(887) 205-2971,Active
EMP040584,John,Johnson,John Johnson,61,Engineering,Lead,Chicago,151102.17,14654.27,2021-09-18,39,77.5,john.johnson@company.com,(330) 868-3444,Inactive
EMP040585,Lisa,Davis,Lisa Davis,38,Finance,Coordinator,Boston,64655.04,5875.41,2024-03-07,14,61.8,lisa.davis@company.com,(369) 577-5076,Active
EMP040586,William,Rodriguez,William Rodriguez,59,Marketing,Associate,Seattle,83577.14,3591.37,2020-05-24,30,77.4,william.rodriguez@company.com,(921) 670-6765,Inactive
EMP040587,Melissa,Taylor,Melissa Taylor,23,Operations,Senior Developer,Austin,44983.21,0.0,2024-03-29,0,100.0,melissa.taylor@company.com,(655) 343-1895,Active
EMP040588,David,Taylor,David Taylor,47,Marketing,Senior Developer,Chicago,69458.9,7939.8,2024-09-07,19,61.7,david.taylor@company.com,(707) 949-5540,Active
EMP040589,Daniel,Williams,Daniel Williams,43,Finance,Analyst,Seattle,91852.94,7354.62,2024-03-25,17,92.0,daniel.williams@company.com,(972) 770-1868,Active
EMP040590,Sarah,Thomas,Sarah Thomas,35,Engineering,Analyst,Boston,96550.17,1482.02,2024-01-06,10,76.9,sarah.thomas@company.com,(609) 511-8424,Active
EMP040591,William,Moore,William Moore,33,Marketing,Senior Developer,San Francisco,68378.84,8896.37,2020-08-26,4,97.1,william.moore@company.com,(577) 886-7163,Active
EMP040592,Robert,Martin,Robert Martin,57,Finance,Director,Chicago,99139.34,15630.63,2021-10-25,35,72.8,robert.martin@company.com,(505) 811-1331,Inactive
EMP040593,Jessica,Taylor,Jessica Taylor,52,Engineering,Director,Seattle,89418.36,18871.43,2020-10-26,27,83.6,jessica.taylor@company.com,(495) 982-1177,Active
EMP040594,Nicole,Taylor,Nicole Taylor,47,Operations,Analyst,Boston,67937.13,14971.73,2021-02-25,22,66.9,nicole.taylor@company.com,(226) 518-4118,Active
EMP040595,Jane,Hernandez,Jane Hernandez,41,IT,Director,Boston,97353.39,13656.74,2020-04-28,18,54.1,jane.hernandez@company.com,(449) 210-6765,Active
EMP040596,Lisa,Thomas,Lisa Thomas,58,Engineering,Manager,Seattle,102264.64,14884.01,2021-02-21,33,66.6,lisa.thomas@company.com,(423) 272-9910,Active
EMP040597,Daniel,Anderson,Daniel Anderson,55,HR,Senior Developer,Chicago,81196.39,14631.41,2024-03-25,26,81.4,daniel.anderson@company.com,(313) 274-4360,Active
EMP040598,Emily,Johnson,Emily Johnson,23,HR,Specialist,Los Angeles,61919.34,4258.05,2022-08-28,0,55.6,emily.johnson@company.com,(819) 777-3932,Active
EMP040599,Melissa,Hernandez,Melissa Hernandez,46,HR,Associate,Chicago,69693.61,8602.43,2021-09-29,18,68.8,melissa.hernandez@company.com,(367) 389-5944,Active
EMP040600,John,Miller,John Miller,44,Finance,Coordinator,Austin,90775.88,10111.27,2023-02-28,19,76.3,john.miller@company.com,(220) 902-3079,Inactive
EMP040601,Ashley,Martin,Ashley Martin,29,Legal,Coordinator,Chicago,86608.42,13311.76,2024-07-24,0,55.0,ashley.martin@company.com,(772) 456-4516,Active
EMP040602,Lisa,Williams,Lisa Williams,56,Legal,Lead,Boston,98898.27,21665.47,2021-09-05,34,77.1,lisa.williams@company.com,(262) 787-1296,Active
EMP040603,Nicole,Jones,Nicole Jones,51,Marketing,Coordinator,Austin,55198.75,7564.51,2020-12-21,23,79.3,nicole.jones@company.com,(389) 884-7307,Active
EMP040604,Daniel,Lopez,Daniel Lopez,37,HR,Specialist,Boston,71001.2,8560.32,2023-04-11,12,57.6,daniel.lopez@company.com,(244) 321-6374,Active
EMP040605,Emily,Lopez,Emily Lopez,58,Marketing,Lead,Los Angeles,90372.52,4033.29,2022-04-21,34,81.8,emily.lopez@company.com,(595) 619-1964,Active
EMP040606,Robert,Jackson,Robert Jackson,36,IT,Specialist,New York,97982.94,13703.87,2020-11-21,11,51.0,robert.jackson@company.com,(967) 690-6806,Active
EMP040607,Amanda,Martinez,Amanda Martinez,62,HR,Senior Developer,New York,78106.41,7983.56,2022-11-24,34,63.2,amanda.martinez@company.com,(240) 831-5487,Active
EMP040608,William,Smith,William Smith,43,Engineering,Specialist,San Francisco,125709.11,12088.76,2021-05-15,14,83.8,william.smith@company.com,(467) 850-1084,Inactive
EMP040609,Matthew,Garcia,Matthew Garcia,61,Marketing,Director,Miami,73420.93,10901.32,2021-04-01,39,87.4,matthew.garcia@company.com,(936) 875-5047,Inactive
EMP040610,David,Wilson,David Wilson,47,Marketing,Associate,Chicago,91071.87,13527.74,2021-06-04,21,65.5,david.wilson@company.com,(735) 883-4953,Active
EMP040611,Sarah,Lopez,Sarah Lopez,60,Operations,Analyst,San Francisco,64887.81,8462.82,2021-08-07,33,96.5,sarah.lopez@company.com,(751) 208-5416,Inactive
EMP040612,Ashley,Johnson,Ashley Johnson,56,Sales,Manager,Boston,108037.55,13147.91,2024-12-04,29,64.2,ashley.johnson@company.com,(996) 928-9024,Active
EMP040613,Amanda,Williams,Amanda Williams,45,IT,Associate,Miami,87643.93,4957.61,2023-07-23,18,87.8,amanda.williams@company.com,(601) 454-6512,Inactive
EMP040614,Nicole,Brown,Nicole Brown,32,IT,Analyst,Seattle,97630.87,5997.58,2020-03-21,3,31.3,nicole.brown@company.com,(750) 676-3269,Inactive
EMP040615,Robert,Taylor,Robert Taylor,53,Operations,Senior Developer,Seattle,64212.34,11217.86,2024-09-08,30,90.0,robert.taylor@company.com,(727) 573-4652,Active
EMP040616,Anthony,Anderson,Anthony Anderson,62,Sales,Associate,Chicago,101892.16,17260.34,2024-10-01,33,83.0,anthony.anderson@company.com,(222) 261-2342,Active
EMP040617,Sarah,Martin,Sarah Martin,65,Sales,Lead,Chicago,82283.94,9255.53,2021-12-27,43,67.7,sarah.martin@company.com,(986) 249-4556,Active
EMP040618,James,Moore,James Moore,42,HR,Analyst,Miami,78528.72,6473.97,2024-02-22,20,82.3,james.moore@company.com,(583) 931-5977,Active
EMP040619,Stephanie,Jones,Stephanie Jones,38,Operations,Specialist,Miami,87421.68,3111.87,2024-06-10,11,82.1,stephanie.jones@company.com,(474) 333-1436,Active
EMP040620,Daniel,Martinez,Daniel Martinez,53,IT,Senior Developer,San Francisco,115649.76,18875.89,2022-12-24,28,86.3,daniel.martinez@company.com,(744) 866-5062,Active
EMP040621,Michael,Martinez,Michael Martinez,37,Operations,Director,New York,68170.89,5435.84,2023-12-19,8,100.0,michael.martinez@company.com,(560) 756-5903,Active
EMP040622,James,Hernandez,James Hernandez,37,IT,Specialist,San Francisco,91042.61,12992.02,2020-04-20,12,69.7,james.hernandez@company.com,(583) 531-5917,Active
EMP040623,Daniel,Anderson,Daniel Anderson,43,Sales,Specialist,Boston,50206.0,5046.69,2022-09-13,15,63.3,daniel.anderson@company.com,(782) 849-7189,Active
EMP040624,Christopher,Rodriguez,Christopher Rodriguez,26,HR,Manager,San Francisco,75306.87,1289.61,2023-09-08,0,56.7,christopher.rodriguez@company.com,(775) 707-8105,Active
EMP040625,Amanda,Martinez,Amanda Martinez,49,Marketing,Director,Chicago,92715.53,5341.75,2023-01-19,25,86.6,amanda.martinez@company.com,(797) 993-8718,Active
EMP040626,Christopher,Gonzalez,Christopher Gonzalez,32,HR,Coordinator,New York,58402.66,9004.99,2021-06-06,4,76.4,christopher.gonzalez@company.com,(894) 544-5395,Active
EMP040627,Matthew,Taylor,Matthew Taylor,44,Legal,Specialist,Boston,107081.31,7295.74,2023-10-09,21,48.8,matthew.taylor@company.com,(354) 440-4640,Active
EMP040628,John,Martinez,John Martinez,22,IT,Analyst,Seattle,85745.5,9838.4,2021-12-16,0,100.0,john.martinez@company.com,(738) 665-1399,Inactive
EMP040629,Melissa,Lopez,Melissa Lopez,31,Sales,Manager,San Francisco,58192.33,7622.34,2021-01-29,2,74.7,melissa.lopez@company.com,(968) 225-9117,Inactive
EMP040630,Jane,Miller,Jane Miller,43,IT,Specialist,Chicago,71983.13,8939.35,2023-01-05,21,83.9,jane.miller@company.com,(470) 985-4722,Active
EMP040631,Jane,Johnson,Jane Johnson,26,Marketing,Associate,San Francisco,40868.81,3356.97,2021-05-26,2,49.6,jane.johnson@company.com,(802) 554-2101,Active
EMP040632,Anthony,Johnson,Anthony Johnson,49,Sales,Analyst,Chicago,91434.66,8361.37,2020-10-07,23,69.6,anthony.johnson@company.com,(224) 806-1452,Active
EMP040633,Amanda,Johnson,Amanda Johnson,48,Engineering,Senior Developer,Boston,125860.48,31498.88,2023-09-30,25,83.5,amanda.johnson@company.com,(222) 395-6185,Active
EMP040634,Anthony,Wilson,Anthony Wilson,54,IT,Specialist,New York,99801.44,10953.03,2024-04-08,25,67.4,anthony.wilson@company.com,(584) 582-1290,Active
EMP040635,Amanda,Davis,Amanda Davis,33,HR,Lead,San Francisco,41738.09,3507.0,2020-11-11,4,82.4,amanda.davis@company.com,(668) 665-9744,Inactive
EMP040636,Jane,Garcia,Jane Garcia,57,Operations,Senior Developer,Chicago,66375.31,4678.15,2021-07-17,35,100.0,jane.garcia@company.com,(730) 627-9176,Active
EMP040637,Nicole,Taylor,Nicole Taylor,48,HR,Senior Developer,Boston,66459.4,6067.73,2022-07-20,26,78.4,nicole.taylor@company.com,(819) 982-3512,Active
EMP040638,Matthew,Brown,Matthew Brown,61,Operations,Director,Los Angeles,92963.03,1905.42,2020-10-06,35,60.5,matthew.brown@company.com,(820) 900-4270,Active
EMP040639,Nicole,Thomas,Nicole Thomas,58,IT,Director,San Francisco,108276.7,7691.86,2020-01-01,35,54.6,nicole.thomas@company.com,(964) 567-7968,Active
EMP040640,Amanda,Wilson,Amanda Wilson,55,Legal,Analyst,Boston,121991.12,4323.43,2023-02-08,33,60.3,amanda.wilson@company.com,(630) 759-3255,Active
EMP040641,Daniel,Taylor,Daniel Taylor,65,Marketing,Coordinator,Miami,73478.48,10363.81,2022-06-20,38,71.6,daniel.taylor@company.com,(965) 680-8717,Active
EMP040642,Amanda,Taylor,Amanda Taylor,27,Finance,Lead,Seattle,43114.61,7996.14,2023-08-03,0,100.0,amanda.taylor@company.com,(368) 417-2970,Active
EMP040643,Christopher,Brown,Christopher Brown,57,Finance,Specialist,Los Angeles,68447.29,14569.81,2020-08-11,32,90.8,christopher.brown@company.com,(662) 897-3511,Active
EMP040644,Christopher,Lopez,Christopher Lopez,48,Sales,Senior Developer,New York,78298.15,9449.93,2020-10-17,21,92.7,christopher.lopez@company.com,(255) 595-4303,Active
EMP040645,Jane,Hernandez,Jane Hernandez,47,Operations,Senior Developer,New York,51341.63,4139.16,2022-05-30,20,88.1,jane.hernandez@company.com,(589) 939-7055,Inactive
EMP040646,Sarah,Davis,Sarah Davis,28,Finance,Analyst,Boston,51972.86,4290.96,2021-11-09,2,41.6,sarah.davis@company.com,(216) 513-1878,On Leave
EMP040647,Robert,Jackson,Robert Jackson,55,Operations,Lead,Boston,58127.34,4647.93,2021-01-14,29,61.2,robert.jackson@company.com,(977) 783-9639,Active
EMP040648,Melissa,Davis,Melissa Davis,23,IT,Coordinator,New York,55246.16,4621.84,2020-10-21,0,100.0,melissa.davis@company.com,(911) 918-1566,Active
EMP040649,Lisa,Gonzalez,Lisa Gonzalez,31,Sales,Manager,Boston,57870.39,10013.01,2021-02-26,8,75.7,lisa.gonzalez@company.com,(400) 521-1766,On Leave
EMP040650,William,Smith,William Smith,40,HR,Manager,Seattle,72580.85,15100.76,2021-11-30,14,72.2,william.smith@company.com,(700) 760-4884,Inactive
EMP040651,Jessica,Garcia,Jessica Garcia,42,Finance,Analyst,Chicago,118840.64,17234.68,2020-12-15,16,84.2,jessica.garcia@company.com,(233) 424-8586,Active
EMP040652,John,Davis,John Davis,56,Finance,Associate,San Francisco,107855.71,13406.13,2023-02-14,33,85.3,john.davis@company.com,(986) 408-8951,Active
EMP040653,Michael,Martin,Michael Martin,58,HR,Coordinator,Austin,76995.95,11680.34,2020-05-02,34,65.5,michael.martin@company.com,(935) 485-5232,Active
EMP040654,William,Lopez,William Lopez,38,Sales,Analyst,Seattle,61183.67,3778.14,2022-12-16,9,65.0,william.lopez@company.com,(255) 901-3495,Active
EMP040655,Lisa,Smith,Lisa Smith,27,IT,Associate,Boston,38751.45,879.24,2021-07-02,5,79.4,lisa.smith@company.com,(381) 425-1872,Active
EMP040656,Jessica,Jackson,Jessica Jackson,35,Operations,Manager,Austin,60282.39,1964.84,2020-07-11,13,90.3,jessica.jackson@company.com,(689) 505-3765,Active
EMP040657,Amanda,Williams,Amanda Williams,36,Sales,Specialist,Seattle,66539.23,7068.15,2024-05-17,13,57.8,amanda.williams@company.com,(376) 485-1646,Active
EMP040658,James,Jones,James Jones,65,Operations,Lead,Boston,93980.33,11989.87,2023-02-03,38,66.1,james.jones@company.com,(629) 238-3669,Active
EMP040659,William,Thomas,William Thomas,55,Operations,Analyst,San Francisco,80497.7,12922.18,2022-11-05,31,70.8,william.thomas@company.com,(373) 825-1439,Active
EMP040660,Melissa,Jackson,Melissa Jackson,27,Engineering,Associate,Chicago,75899.12,4967.74,2024-09-28,2,100.0,melissa.jackson@company.com,(821) 691-3983,Active
EMP040661,Daniel,Garcia,Daniel Garcia,52,Sales,Associate,Los Angeles,40603.94,4461.51,2020-07-13,30,89.7,daniel.garcia@company.com,(900) 402-9126,Active
EMP040662,Amanda,Martin,Amanda Martin,30,Sales,Director,Seattle,85786.84,11591.91,2023-11-25,3,67.2,amanda.martin@company.com,(420) 871-1388,Active
EMP040663,Robert,Davis,Robert Davis,56,Operations,Senior Developer,San Francisco,83650.25,8701.29,2023-01-05,33,71.5,robert.davis@company.com,(228) 455-9315,Inactive
EMP040664,Melissa,Jackson,Melissa Jackson,46,Operations,Manager,Los Angeles,67874.65,10810.14,2024-07-01,24,85.2,melissa.jackson@company.com,(696) 755-3365,Active
EMP040665,Melissa,Anderson,Melissa Anderson,32,Operations,Senior Developer,Seattle,59653.71,6290.13,2022-04-04,9,87.9,melissa.anderson@company.com,(809) 252-7727,Active
EMP040666,Christopher,Johnson,Christopher Johnson,40,Finance,Manager,Los Angeles,43236.93,5406.15,2020-09-22,11,77.2,christopher.johnson@company.com,(607) 930-1176,Active
EMP040667,Matthew,Johnson,Matthew Johnson,56,Engineering,Specialist,Los Angeles,129224.69,24774.4,2021-12-30,27,85.9,matthew.johnson@company.com,(980) 829-2801,Active
EMP040668,Ashley,Miller,Ashley Miller,57,IT,Specialist,Los Angeles,134507.5,6457.03,2024-04-15,35,68.4,ashley.miller@company.com,(557) 951-3762,Active
EMP040669,Sarah,Jones,Sarah Jones,39,Sales,Director,Boston,68450.14,0.0,2023-07-15,13,94.9,sarah.jones@company.com,(767) 804-6831,Active
EMP040670,Melissa,Smith,Melissa Smith,31,HR,Specialist,Miami,52070.91,8071.26,2020-08-09,2,90.1,melissa.smith@company.com,(562) 433-7014,Active
EMP040671,Michael,Johnson,Michael Johnson,50,Sales,Specialist,Austin,66068.43,1653.52,2021-01-13,21,42.5,michael.johnson@company.com,(767) 740-7677,Active
EMP040672,William,Gonzalez,William Gonzalez,26,IT,Coordinator,San Francisco,97297.25,13210.41,2020-07-27,4,100.0,william.gonzalez@company.com,(463) 453-1804,Active
EMP040673,Emily,Brown,Emily Brown,24,Marketing,Coordinator,Austin,43809.7,0.0,2021-01-05,0,83.7,emily.brown@company.com,(929) 382-6396,Active
EMP040674,Jessica,Martinez,Jessica Martinez,35,Engineering,Associate,Austin,98263.18,11205.18,2021-07-01,9,65.5,jessica.martinez@company.com,(459) 530-6971,On Leave
EMP040675,Emily,Gonzalez,Emily Gonzalez,25,Sales,Senior Developer,Los Angeles,30186.33,2705.87,2022-11-14,0,74.7,emily.gonzalez@company.com,(782) 818-4050,Active
EMP040676,John,Hernandez,John Hernandez,48,Legal,Lead,San Francisco,110966.12,6788.61,2020-03-22,22,65.0,john.hernandez@company.com,(589) 830-8648,Active
EMP040677,Robert,Garcia,Robert Garcia,38,Operations,Analyst,Austin,61836.57,5612.92,2020-06-08,10,55.5,robert.garcia@company.com,(307) 776-2236,Active
EMP040678,Sarah,Anderson,Sarah Anderson,54,Legal,Analyst,Los Angeles,91622.15,2122.26,2022-11-05,27,64.4,sarah.anderson@company.com,(894) 626-4705,Active
EMP040679,Robert,Hernandez,Robert Hernandez,38,Marketing,Specialist,New York,66898.36,10381.41,2021-02-22,10,85.9,robert.hernandez@company.com,(954) 825-7163,Active
EMP040680,Matthew,Davis,Matthew Davis,34,Finance,Manager,Austin,84395.88,7143.12,2022-10-17,11,62.8,matthew.davis@company.com,(359) 630-9189,Active
EMP040681,Christopher,Garcia,Christopher Garcia,63,Operations,Analyst,Boston,75951.34,5396.81,2022-05-23,37,19.4,christopher.garcia@company.com,(294) 669-8089,Active
EMP040682,James,Brown,James Brown,38,Sales,Analyst,Austin,84949.5,8559.43,2023-12-09,16,68.2,james.brown@company.com,(613) 540-5162,Active
EMP040683,Daniel,Williams,Daniel Williams,33,IT,Manager,Austin,66429.45,11687.9,2023-05-15,11,64.0,daniel.williams@company.com,(364) 792-6490,Active
EMP040684,Amanda,Thomas,Amanda Thomas,42,IT,Manager,Austin,93580.42,8374.46,2021-06-16,14,60.1,amanda.thomas@company.com,(247) 244-3107,Inactive
EMP040685,Daniel,Garcia,Daniel Garcia,44,Engineering,Manager,Austin,119699.88,9418.86,2022-06-12,16,64.2,daniel.garcia@company.com,(385) 582-1421,Active
EMP040686,Daniel,Martin,Daniel Martin,65,Engineering,Specialist,Miami,112183.65,14565.69,2021-02-01,36,80.3,daniel.martin@company.com,(654) 435-4382,Active
EMP040687,Matthew,Wilson,Matthew Wilson,47,Sales,Director,Miami,80454.23,9397.55,2024-08-21,22,45.8,matthew.wilson@company.com,(491) 784-4988,Active
EMP040688,John,Hernandez,John Hernandez,27,Engineering,Specialist,Seattle,95216.71,4900.69,2022-12-09,0,79.8,john.hernandez@company.com,(682) 218-7511,Active
EMP040689,Emily,Wilson,Emily Wilson,53,IT,Analyst,Boston,95116.28,5073.54,2022-08-13,27,86.2,emily.wilson@company.com,(553) 836-7518,Active
EMP040690,Amanda,Lopez,Amanda Lopez,56,IT,Analyst,Chicago,131278.28,28452.6,2024-12-17,28,86.3,amanda.lopez@company.com,(407) 250-5820,Active
EMP040691,Amanda,Smith,Amanda Smith,33,Marketing,Director,Boston,69493.25,8982.26,2024-01-16,9,74.7,amanda.smith@company.com,(321) 780-6501,Inactive
EMP040692,Jessica,Rodriguez,Jessica Rodriguez,47,Sales,Manager,Seattle,73362.64,5849.42,2024-05-04,25,85.1,jessica.rodriguez@company.com,(479) 579-1796,Active
EMP040693,Anthony,Martin,Anthony Martin,39,Marketing,Senior Developer,San Francisco,82173.9,12403.58,2022-12-10,15,85.5,anthony.martin@company.com,(216) 381-7715,Inactive
EMP040694,Stephanie,Wilson,Stephanie Wilson,31,Operations,Associate,Austin,57210.3,3634.87,2021-09-21,4,100.0,stephanie.wilson@company.com,(955) 386-6952,Active
EMP040695,John,Hernandez,John Hernandez,35,Operations,Associate,Boston,54979.75,4528.47,2024-09-10,13,84.6,john.hernandez@company.com,(322) 598-1935,Active
EMP040696,William,Thomas,William Thomas,49,IT,Associate,Los Angeles,91546.59,10410.2,2024-11-26,27,76.6,william.thomas@company.com,(714) 547-7670,Active
EMP040697,John,Wilson,John Wilson,23,Legal,Associate,Boston,97210.96,20234.29,2024-07-14,0,93.3,john.wilson@company.com,(616) 556-7579,Active
EMP040698,David,Thomas,David Thomas,28,Legal,Analyst,Miami,64441.2,7877.63,2022-07-17,1,68.7,david.thomas@company.com,(601) 567-9304,Active
EMP040699,Sarah,Johnson,Sarah Johnson,23,Operations,Associate,Chicago,38629.78,6358.29,2024-09-20,1,48.8,sarah.johnson@company.com,(960) 505-5004,Active
EMP040700,Christopher,Moore,Christopher Moore,54,Engineering,Lead,Chicago,73366.59,6386.27,2023-04-24,32,55.5,christopher.moore@company.com,(429) 736-4251,Active
EMP040701,Amanda,Hernandez,Amanda Hernandez,23,Engineering,Senior Developer,San Francisco,75061.71,3158.67,2022-02-28,0,84.6,amanda.hernandez@company.com,(371) 324-4285,On Leave
EMP040702,David,Wilson,David Wilson,59,Sales,Coordinator,Chicago,39989.07,4227.12,2021-01-29,32,66.0,david.wilson@company.com,(434) 928-2890,Active
EMP040703,Sarah,Lopez,Sarah Lopez,65,Legal,Coordinator,Austin,124016.27,3404.52,2022-05-09,43,80.9,sarah.lopez@company.com,(736) 887-1606,Active
EMP040704,James,Davis,James Davis,38,Marketing,Director,Austin,63938.24,4553.3,2021-01-05,16,82.7,james.davis@company.com,(271) 937-8319,Inactive
EMP040705,Ashley,Anderson,Ashley Anderson,61,Legal,Senior Developer,San Francisco,126737.73,7152.22,2024-08-02,38,93.8,ashley.anderson@company.com,(382) 251-6744,Active
EMP040706,Michael,Miller,Michael Miller,48,Marketing,Specialist,San Francisco,52857.47,4444.41,2022-10-17,23,86.0,michael.miller@company.com,(890) 743-4832,Active
EMP040707,Melissa,Taylor,Melissa Taylor,57,Sales,Lead,Boston,96028.75,9331.06,2023-05-29,30,53.9,melissa.taylor@company.com,(986) 579-1709,Inactive
EMP040708,Melissa,Taylor,Melissa Taylor,34,Engineering,Analyst,Boston,97671.2,6345.15,2024-05-31,7,96.6,melissa.taylor@company.com,(860) 267-2130,Active
EMP040709,Daniel,Garcia,Daniel Garcia,51,Operations,Analyst,Chicago,62185.87,9073.0,2023-04-08,25,59.8,daniel.garcia@company.com,(373) 411-1588,Active
EMP040710,Robert,Gonzalez,Robert Gonzalez,33,Finance,Lead,San Francisco,71022.73,3207.27,2020-05-21,4,56.2,robert.gonzalez@company.com,(277) 506-1594,Inactive
EMP040711,Robert,Hernandez,Robert Hernandez,47,Marketing,Lead,Chicago,70235.05,1788.32,2024-12-25,23,60.9,robert.hernandez@company.com,(666) 969-9423,Active
EMP040712,Anthony,Garcia,Anthony Garcia,62,Finance,Director,Seattle,97416.01,15255.88,2024-12-11,35,53.5,anthony.garcia@company.com,(941) 714-2382,Active
EMP040713,David,Wilson,David Wilson,58,Marketing,Director,Boston,82700.26,6930.6,2020-04-22,31,83.5,david.wilson@company.com,(305) 484-1385,Inactive
EMP040714,David,Gonzalez,David Gonzalez,52,Finance,Specialist,Boston,80488.65,10045.9,2021-03-20,24,77.0,david.gonzalez@company.com,(891) 360-5417,Active
EMP040715,Amanda,Johnson,Amanda Johnson,33,Legal,Coordinator,Los Angeles,81838.92,9950.24,2023-07-18,8,50.6,amanda.johnson@company.com,(931) 673-1628,Inactive
EMP040716,Sarah,Anderson,Sarah Anderson,30,Operations,Specialist,San Francisco,64155.4,7589.82,2021-01-24,8,80.9,sarah.anderson@company.com,(782) 843-3391,Active
EMP040717,Jane,Anderson,Jane Anderson,36,Marketing,Senior Developer,Boston,89978.47,17104.44,2021-07-08,10,44.7,jane.anderson@company.com,(382) 460-9742,Inactive
EMP040718,Sarah,Davis,Sarah Davis,63,Marketing,Lead,Austin,81324.14,6961.36,2024-01-23,36,84.3,sarah.davis@company.com,(536) 845-9647,Active
EMP040719,David,Lopez,David Lopez,23,Marketing,Senior Developer,Austin,36861.44,3580.53,2024-11-01,0,97.3,david.lopez@company.com,(850) 800-6789,Active
EMP040720,Anthony,Rodriguez,Anthony Rodriguez,63,Marketing,Lead,Austin,98258.98,16242.21,2022-10-19,40,62.8,anthony.rodriguez@company.com,(430) 277-1642,Active
EMP040721,Sarah,Thomas,Sarah Thomas,44,HR,Manager,Austin,68136.53,4023.97,2023-12-24,19,60.1,sarah.thomas@company.com,(547) 425-2375,On Leave
EMP040722,Christopher,Thomas,Christopher Thomas,42,HR,Senior Developer,Boston,67904.12,6112.05,2020-01-19,18,51.1,christopher.thomas@company.com,(408) 821-9239,Active
EMP040723,James,Gonzalez,James Gonzalez,52,IT,Associate,Los Angeles,80539.74,6566.54,2022-07-20,26,76.2,james.gonzalez@company.com,(726) 822-1080,Active
EMP040724,John,Gonzalez,John Gonzalez,65,Legal,Specialist,San Francisco,125920.14,14558.93,2022-10-15,38,80.3,john.gonzalez@company.com,(799) 512-6917,Active
EMP040725,Melissa,Jones,Melissa Jones,27,Engineering,Analyst,Seattle,58655.71,8145.05,2020-07-06,2,62.4,melissa.jones@company.com,(246) 809-8101,Active
EMP040726,Anthony,Taylor,Anthony Taylor,28,Operations,Director,Los Angeles,61579.97,9880.35,2024-06-23,1,62.3,anthony.taylor@company.com,(784) 703-3832,Active
EMP040727,Nicole,Moore,Nicole Moore,62,Marketing,Analyst,Seattle,93047.16,5125.19,2022-12-20,35,68.1,nicole.moore@company.com,(688) 570-9537,Active
EMP040728,Robert,Brown,Robert Brown,65,IT,Associate,New York,110116.18,7957.14,2023-12-02,37,41.3,robert.brown@company.com,(819) 285-7794,Active
EMP040729,Lisa,Moore,Lisa Moore,59,Legal,Lead,Seattle,106686.19,13769.61,2022-09-20,30,73.2,lisa.moore@company.com,(685) 532-3143,Active
EMP040730,Daniel,Anderson,Daniel Anderson,24,IT,Analyst,San Francisco,75839.67,6959.81,2024-10-14,0,67.8,daniel.anderson@company.com,(402) 637-8893,Active
EMP040731,Matthew,Gonzalez,Matthew Gonzalez,38,Legal,Coordinator,Seattle,104537.55,0.0,2022-01-10,14,57.1,matthew.gonzalez@company.com,(551) 863-4652,Active
EMP040732,David,Taylor,David Taylor,60,IT,Director,Seattle,96619.96,5372.51,2020-07-14,35,74.7,david.taylor@company.com,(591) 604-7533,Active
EMP040733,Anthony,Miller,Anthony Miller,23,Operations,Coordinator,Austin,53284.3,3245.07,2024-07-13,0,65.9,anthony.miller@company.com,(651) 667-1328,Active
EMP040734,Michael,Hernandez,Michael Hernandez,45,IT,Associate,Boston,75028.82,3749.86,2023-08-13,19,88.3,michael.hernandez@company.com,(535) 581-6984,Inactive
EMP040735,Michael,Davis,Michael Davis,49,HR,Senior Developer,Chicago,80460.13,14433.3,2021-12-12,22,77.6,michael.davis@company.com,(762) 221-6490,Active
EMP040736,Jessica,Brown,Jessica Brown,39,Operations,Director,New York,73533.36,6706.43,2021-09-05,17,70.3,jessica.brown@company.com,(326) 732-5703,Active
EMP040737,Lisa,Williams,Lisa Williams,36,Operations,Lead,Chicago,56347.91,3734.19,2022-03-11,10,75.8,lisa.williams@company.com,(585) 341-6667,Active
EMP040738,Lisa,Moore,Lisa Moore,51,Marketing,Manager,Boston,60909.43,2566.37,2021-09-08,24,69.5,lisa.moore@company.com,(261) 867-1092,Active
EMP040739,John,Thomas,John Thomas,43,IT,Associate,Seattle,75786.34,7064.27,2024-11-13,19,54.9,john.thomas@company.com,(785) 352-8882,Active
EMP040740,Christopher,Taylor,Christopher Taylor,62,Engineering,Senior Developer,Seattle,152024.7,14503.03,2024-06-22,34,84.0,christopher.taylor@company.com,(326) 480-3591,On Leave
EMP040741,James,Moore,James Moore,53,Operations,Specialist,Chicago,53564.8,697.82,2024-08-20,29,38.0,james.moore@company.com,(689) 826-3412,Active
EMP040742,James,Thomas,James Thomas,35,IT,Senior Developer,Boston,78619.1,4051.82,2021-06-21,7,82.2,james.thomas@company.com,(287) 376-3417,Active
EMP040743,John,Johnson,John Johnson,39,Legal,Manager,Miami,78755.63,12987.26,2021-01-11,15,83.3,john.johnson@company.com,(350) 717-6493,Inactive
EMP040744,Christopher,Davis,Christopher Davis,50,IT,Associate,New York,107180.55,6454.25,2022-04-26,28,100.0,christopher.davis@company.com,(437) 607-1877,Inactive
EMP040745,Melissa,Thomas,Melissa Thomas,60,HR,Specialist,Los Angeles,75529.69,8478.49,2022-12-07,31,76.0,melissa.thomas@company.com,(803) 351-6448,Active
EMP040746,William,Moore,William Moore,56,Legal,Lead,Seattle,100422.86,9968.63,2021-01-14,32,87.5,william.moore@company.com,(973) 460-2267,Active
EMP040747,Anthony,Taylor,Anthony Taylor,57,HR,Coordinator,Boston,60081.92,8717.63,2024-07-09,34,70.5,anthony.taylor@company.com,(793) 709-1779,Active
EMP040748,Amanda,Rodriguez,Amanda Rodriguez,36,Marketing,Specialist,San Francisco,59271.86,6637.29,2023-02-18,12,69.3,amanda.rodriguez@company.com,(341) 762-2447,Active
EMP040749,Nicole,Hernandez,Nicole Hernandez,54,HR,Analyst,Boston,81318.9,4770.99,2024-06-30,25,55.6,nicole.hernandez@company.com,(560) 812-5109,Active
EMP040750,John,Wilson,John Wilson,31,HR,Senior Developer,Miami,68893.98,6943.82,2020-03-31,2,55.8,john.wilson@company.com,(479) 618-6314,Active
EMP040751,Robert,Martinez,Robert Martinez,30,Marketing,Manager,Chicago,80278.73,0.0,2020-09-28,6,74.3,robert.martinez@company.com,(465) 404-2616,On Leave
EMP040752,John,Hernandez,John Hernandez,40,Marketing,Manager,Miami,36597.33,2233.7,2024-10-12,12,78.4,john.hernandez@company.com,(786) 818-9748,Active
EMP040753,Ashley,Gonzalez,Ashley Gonzalez,27,Marketing,Manager,San Francisco,98067.21,7840.19,2020-02-29,0,79.9,ashley.gonzalez@company.com,(609) 941-5660,Active
EMP040754,Robert,Smith,Robert Smith,33,Engineering,Manager,Miami,67069.08,3874.12,2022-02-07,4,69.7,robert.smith@company.com,(869) 498-7473,Active
EMP040755,Sarah,Thomas,Sarah Thomas,22,Legal,Manager,Miami,66844.62,7326.88,2020-04-03,0,54.5,sarah.thomas@company.com,(564) 376-7193,Active
EMP040756,David,Davis,David Davis,49,Marketing,Director,New York,78163.93,2937.91,2020-03-08,23,67.9,david.davis@company.com,(208) 245-8814,Active
EMP040757,Daniel,Jackson,Daniel Jackson,43,Finance,Lead,New York,68467.81,3162.57,2023-11-02,15,84.7,daniel.jackson@company.com,(574) 769-6952,Active
EMP040758,Matthew,Thomas,Matthew Thomas,48,Marketing,Coordinator,Chicago,83371.99,8789.51,2023-04-18,20,65.6,matthew.thomas@company.com,(791) 677-1214,Active
EMP040759,Jane,Martin,Jane Martin,45,Marketing,Senior Developer,Seattle,63699.11,10244.57,2023-02-06,23,92.1,jane.martin@company.com,(590) 285-9696,Active
EMP040760,Christopher,Brown,Christopher Brown,25,IT,Specialist,Miami,74500.05,6495.39,2021-07-03,1,94.7,christopher.brown@company.com,(889) 504-7607,On Leave
EMP040761,Stephanie,Wilson,Stephanie Wilson,28,Finance,Lead,Miami,33000.0,1112.43,2021-05-18,4,82.9,stephanie.wilson@company.com,(378) 912-7596,Active
EMP040762,Emily,Johnson,Emily Johnson,52,Sales,Senior Developer,Austin,64241.27,4982.72,2020-09-03,23,47.2,emily.johnson@company.com,(320) 358-8606,On Leave
EMP040763,Daniel,Jackson,Daniel Jackson,53,Sales,Associate,Chicago,77102.64,1122.4,2020-10-24,25,82.8,daniel.jackson@company.com,(761) 390-3481,Inactive
EMP040764,Christopher,Williams,Christopher Williams,52,Engineering,Director,San Francisco,84065.72,13870.0,2020-02-24,30,65.6,christopher.williams@company.com,(523) 919-9530,Active
EMP040765,Amanda,Davis,Amanda Davis,55,Legal,Senior Developer,Miami,84845.82,13821.88,2023-05-18,31,61.1,amanda.davis@company.com,(870) 883-5092,Inactive
EMP040766,Michael,Jackson,Michael Jackson,31,Sales,Manager,Los Angeles,30000.0,1903.69,2024-11-12,2,76.6,michael.jackson@company.com,(335) 800-4090,Active
EMP040767,Nicole,Jackson,Nicole Jackson,44,Legal,Lead,Boston,74887.3,9104.67,2021-03-07,20,77.2,nicole.jackson@company.com,(930) 778-6556,Inactive
EMP040768,Nicole,Brown,Nicole Brown,45,HR,Analyst,Seattle,38955.55,2746.76,2022-09-28,21,86.1,nicole.brown@company.com,(451) 332-3605,Active
EMP040769,Nicole,Rodriguez,Nicole Rodriguez,37,Sales,Manager,Austin,73698.63,3875.16,2022-11-24,8,64.5,nicole.rodriguez@company.com,(568) 890-4632,Active
EMP040770,Sarah,Martin,Sarah Martin,56,Operations,Associate,Seattle,87944.52,10058.97,2022-12-15,32,87.7,sarah.martin@company.com,(834) 495-8883,Inactive
EMP040771,Stephanie,Jones,Stephanie Jones,22,Sales,Manager,Miami,69673.16,8349.32,2020-08-19,0,78.6,stephanie.jones@company.com,(259) 959-2307,Active
EMP040772,Lisa,Williams,Lisa Williams,29,Finance,Lead,San Francisco,62735.45,9897.29,2024-10-26,7,73.2,lisa.williams@company.com,(434) 687-4857,Active
EMP040773,Daniel,Williams,Daniel Williams,22,IT,Senior Developer,Seattle,64857.08,5069.15,2023-03-14,0,96.1,daniel.williams@company.com,(826) 402-5151,Inactive
EMP040774,Sarah,Moore,Sarah Moore,50,Sales,Associate,Los Angeles,84133.54,4721.55,2024-09-17,26,69.6,sarah.moore@company.com,(671) 273-7601,Active
EMP040775,Ashley,Rodriguez,Ashley Rodriguez,45,Marketing,Senior Developer,Chicago,65235.34,1675.69,2024-08-18,16,74.5,ashley.rodriguez@company.com,(329) 790-2316,Inactive
EMP040776,Ashley,Smith,Ashley Smith,26,Legal,Specialist,Los Angeles,111624.73,6355.23,2022-10-30,2,80.5,ashley.smith@company.com,(690) 782-9751,Active
EMP040777,Sarah,Moore,Sarah Moore,30,Marketing,Lead,Miami,49379.06,2665.91,2023-05-12,3,66.9,sarah.moore@company.com,(838) 677-7999,Active
EMP040778,David,Miller,David Miller,45,IT,Associate,Chicago,105663.44,14974.17,2020-01-11,23,59.6,david.miller@company.com,(781) 685-8079,Active
EMP040779,Ashley,Brown,Ashley Brown,40,Legal,Analyst,Austin,109427.98,16336.12,2023-12-27,12,67.8,ashley.brown@company.com,(692) 626-7169,Active
EMP040780,Daniel,Anderson,Daniel Anderson,48,Legal,Coordinator,New York,94384.17,13673.57,2024-11-24,26,86.1,daniel.anderson@company.com,(244) 770-4589,Active
EMP040781,Jane,Martinez,Jane Martinez,25,Engineering,Senior Developer,Chicago,64785.13,4931.8,2024-09-23,3,56.0,jane.martinez@company.com,(775) 861-8005,Active
EMP040782,Nicole,Miller,Nicole Miller,33,HR,Manager,Miami,58828.32,5963.73,2021-06-16,4,61.0,nicole.miller@company.com,(435) 564-6686,Active
EMP040783,David,Miller,David Miller,57,HR,Senior Developer,Seattle,88068.02,10012.08,2024-01-17,28,81.8,david.miller@company.com,(441) 413-2130,Active
EMP040784,Stephanie,Jackson,Stephanie Jackson,55,Engineering,Coordinator,Chicago,121219.16,20294.76,2023-06-24,28,83.9,stephanie.jackson@company.com,(981) 805-6862,On Leave
EMP040785,David,Williams,David Williams,38,Marketing,Senior Developer,Seattle,65441.45,4135.68,2023-03-28,12,97.4,david.williams@company.com,(475) 774-7161,Active
EMP040786,Ashley,Moore,Ashley Moore,31,Legal,Manager,San Francisco,110110.45,8063.16,2023-04-23,7,100.0,ashley.moore@company.com,(651) 643-7530,Active
EMP040787,Stephanie,Brown,Stephanie Brown,43,Finance,Director,Chicago,73886.8,5543.74,2020-05-19,16,98.1,stephanie.brown@company.com,(999) 946-2370,Active
EMP040788,Robert,Moore,Robert Moore,28,Legal,Analyst,Seattle,79847.11,11492.37,2022-09-17,6,77.2,robert.moore@company.com,(253) 274-3157,On Leave
EMP040789,Michael,Miller,Michael Miller,54,Finance,Lead,Austin,47786.02,2390.49,2024-07-21,27,73.4,michael.miller@company.com,(916) 333-2185,Active
EMP040790,Jane,Martin,Jane Martin,22,Operations,Associate,Boston,43255.28,7451.22,2023-10-03,0,100.0,jane.martin@company.com,(314) 379-9875,On Leave
EMP040791,Jessica,Miller,Jessica Miller,42,Marketing,Manager,Seattle,84876.44,7855.09,2022-09-02,15,74.8,jessica.miller@company.com,(702) 343-9960,Active
EMP040792,Daniel,Jones,Daniel Jones,26,Sales,Director,Miami,44346.15,4330.02,2023-05-20,4,91.5,daniel.jones@company.com,(270) 786-8595,Active
EMP040793,Sarah,Rodriguez,Sarah Rodriguez,58,IT,Analyst,New York,88476.07,9696.05,2023-06-28,32,91.0,sarah.rodriguez@company.com,(800) 343-2778,Inactive
EMP040794,Lisa,Martinez,Lisa Martinez,31,Marketing,Associate,New York,33225.4,1919.35,2021-06-26,5,73.8,lisa.martinez@company.com,(450) 631-9791,Active
EMP040795,Anthony,Smith,Anthony Smith,57,Engineering,Specialist,Los Angeles,104372.41,5272.17,2020-09-06,31,100.0,anthony.smith@company.com,(526) 531-2867,Active
EMP040796,Christopher,Jones,Christopher Jones,33,Engineering,Specialist,Los Angeles,112417.67,11357.76,2021-10-09,4,51.1,christopher.jones@company.com,(920) 668-1875,Active
EMP040797,Jessica,Thomas,Jessica Thomas,54,Finance,Senior Developer,San Francisco,74691.64,8950.17,2020-11-13,30,86.7,jessica.thomas@company.com,(906) 824-3247,Active
EMP040798,Ashley,Moore,Ashley Moore,59,Legal,Director,San Francisco,128863.06,17271.08,2021-10-30,35,66.7,ashley.moore@company.com,(870) 958-4179,Active
EMP040799,John,Rodriguez,John Rodriguez,55,HR,Coordinator,Boston,74880.55,10311.92,2021-05-28,33,85.9,john.rodriguez@company.com,(837) 491-1183,Active
EMP040800,David,Jackson,David Jackson,42,Finance,Coordinator,Miami,71352.55,8379.16,2022-07-12,14,67.1,david.jackson@company.com,(635) 571-2888,Active
EMP040801,Matthew,Garcia,Matthew Garcia,61,Marketing,Director,Chicago,92907.25,7072.09,2020-11-26,35,100.0,matthew.garcia@company.com,(313) 896-4624,Active
EMP040802,Melissa,Smith,Melissa Smith,52,Operations,Specialist,Austin,96956.62,7959.0,2021-05-20,29,100.0,melissa.smith@company.com,(202) 336-4964,Active
EMP040803,Michael,Miller,Michael Miller,32,Marketing,Manager,Boston,55691.76,4365.03,2024-10-26,8,95.0,michael.miller@company.com,(586) 722-1116,Active
EMP040804,Lisa,Moore,Lisa Moore,63,Legal,Associate,Seattle,98086.99,9470.29,2020-01-21,38,66.1,lisa.moore@company.com,(358) 249-5033,Active
EMP040805,Sarah,Thomas,Sarah Thomas,43,Finance,Director,New York,115650.72,14024.61,2024-11-01,18,97.3,sarah.thomas@company.com,(868) 627-2285,Active
EMP040806,Melissa,Gonzalez,Melissa Gonzalez,41,Sales,Manager,San Francisco,49354.38,7869.7,2022-10-11,15,75.9,melissa.gonzalez@company.com,(482) 787-8022,Inactive
EMP040807,Amanda,Jackson,Amanda Jackson,51,IT,Manager,Austin,81291.22,3984.53,2024-03-24,24,84.6,amanda.jackson@company.com,(392) 720-6685,Active
EMP040808,Matthew,Johnson,Matthew Johnson,53,Marketing,Associate,Austin,77206.33,12632.49,2023-10-16,30,93.2,matthew.johnson@company.com,(849) 691-6982,Active
EMP040809,Lisa,Johnson,Lisa Johnson,61,Engineering,Manager,San Francisco,89222.94,11990.92,2022-10-23,39,52.6,lisa.johnson@company.com,(566) 359-1741,Active
EMP040810,Melissa,Davis,Melissa Davis,37,Finance,Director,New York,67882.77,5692.32,2020-10-18,13,48.0,melissa.davis@company.com,(790) 944-7864,Active
EMP040811,Robert,Williams,Robert Williams,32,IT,Associate,Seattle,76787.4,67.85,2023-11-16,3,69.0,robert.williams@company.com,(876) 551-9798,Inactive
EMP040812,Matthew,Smith,Matthew Smith,45,Operations,Associate,Austin,57708.91,8610.2,2024-01-06,16,63.5,matthew.smith@company.com,(785) 345-7834,Active
EMP040813,Anthony,Moore,Anthony Moore,54,Finance,Lead,Miami,81688.56,4584.36,2024-12-04,27,73.0,anthony.moore@company.com,(970) 881-6249,Active
EMP040814,James,Garcia,James Garcia,35,Engineering,Senior Developer,New York,72787.0,3900.91,2023-10-07,8,71.1,james.garcia@company.com,(800) 210-1919,Active
EMP040815,Sarah,Williams,Sarah Williams,49,Engineering,Lead,San Francisco,99598.03,9455.34,2023-11-26,25,68.6,sarah.williams@company.com,(292) 330-9556,Active
EMP040816,Matthew,Wilson,Matthew Wilson,25,Marketing,Analyst,Seattle,35831.44,6711.09,2020-05-31,0,95.8,matthew.wilson@company.com,(287) 736-3256,Active
EMP040817,Amanda,Jones,Amanda Jones,59,Legal,Lead,Seattle,120665.61,3018.39,2020-06-26,36,76.8,amanda.jones@company.com,(690) 578-6905,Active
EMP040818,Anthony,Jackson,Anthony Jackson,45,Operations,Analyst,New York,71836.83,8468.5,2022-09-16,18,88.0,anthony.jackson@company.com,(826) 348-4112,Active
EMP040819,Jane,Williams,Jane Williams,46,Legal,Manager,Chicago,82247.46,6836.4,2020-05-04,24,75.3,jane.williams@company.com,(249) 930-5281,Active
EMP040820,Lisa,Davis,Lisa Davis,25,Operations,Senior Developer,Miami,49053.61,3381.89,2020-02-11,0,68.1,lisa.davis@company.com,(702) 257-2936,Active
EMP040821,Lisa,Smith,Lisa Smith,61,Legal,Associate,Los Angeles,56617.41,2670.09,2021-09-09,34,58.6,lisa.smith@company.com,(955) 576-2283,Active
EMP040822,Jane,Martin,Jane Martin,54,HR,Associate,Austin,92063.9,9201.87,2022-06-28,27,75.8,jane.martin@company.com,(577) 784-2565,Active
EMP040823,Daniel,Miller,Daniel Miller,50,Sales,Director,Los Angeles,95786.08,7604.98,2021-01-19,28,66.5,daniel.miller@company.com,(646) 525-7018,Active
EMP040824,Daniel,Anderson,Daniel Anderson,48,HR,Analyst,Chicago,71493.52,987.48,2021-02-13,21,79.9,daniel.anderson@company.com,(689) 815-3875,Active
EMP040825,James,Thomas,James Thomas,56,Sales,Manager,Miami,86190.55,2648.14,2022-11-20,34,73.9,james.thomas@company.com,(966) 201-2995,Active
EMP040826,Jessica,Lopez,Jessica Lopez,53,Finance,Lead,San Francisco,104406.88,4755.57,2024-07-05,30,92.1,jessica.lopez@company.com,(354) 682-9468,Active
EMP040827,David,Anderson,David Anderson,39,Operations,Manager,Austin,67080.0,14836.55,2021-07-20,13,72.5,david.anderson@company.com,(529) 271-3927,Inactive
EMP040828,Amanda,Thomas,Amanda Thomas,48,Legal,Analyst,San Francisco,69147.16,3977.22,2023-11-04,22,76.8,amanda.thomas@company.com,(607) 413-6463,Active
EMP040829,John,Davis,John Davis,29,HR,Senior Developer,Miami,39517.04,2380.76,2024-07-09,5,80.9,john.davis@company.com,(696) 925-2345,On Leave
EMP040830,James,Taylor,James Taylor,35,Marketing,Specialist,Miami,51890.57,915.8,2020-03-02,13,59.2,james.taylor@company.com,(924) 646-7111,On Leave
EMP040831,Christopher,Martinez,Christopher Martinez,44,HR,Director,Chicago,30306.71,1427.95,2022-06-10,18,67.0,christopher.martinez@company.com,(412) 894-2952,Inactive
EMP040832,William,Martin,William Martin,59,HR,Senior Developer,San Francisco,72476.21,8557.81,2024-09-20,37,100.0,william.martin@company.com,(935) 401-4488,Active
EMP040833,Matthew,Smith,Matthew Smith,49,Sales,Coordinator,New York,82572.83,4273.58,2021-05-19,22,85.4,matthew.smith@company.com,(746) 489-6386,Active
EMP040834,Lisa,Gonzalez,Lisa Gonzalez,53,Legal,Specialist,Miami,91496.79,9767.27,2020-08-10,28,66.7,lisa.gonzalez@company.com,(332) 875-8357,Active
EMP040835,James,Thomas,James Thomas,26,Legal,Senior Developer,San Francisco,64988.18,4318.33,2024-06-07,4,100.0,james.thomas@company.com,(314) 465-9369,Active
EMP040836,David,Davis,David Davis,63,Sales,Coordinator,Los Angeles,85322.84,6771.83,2022-05-29,36,67.4,david.davis@company.com,(747) 335-1057,Inactive
EMP040837,Robert,Jones,Robert Jones,38,HR,Manager,Chicago,70154.98,4842.77,2023-05-10,13,69.4,robert.jones@company.com,(309) 378-2921,Active
EMP040838,Jane,Martin,Jane Martin,53,HR,Manager,San Francisco,85030.7,6189.8,2023-12-14,24,60.1,jane.martin@company.com,(856) 936-7969,Active
EMP040839,Christopher,Jackson,Christopher Jackson,51,Legal,Analyst,Austin,83243.55,7159.02,2022-03-28,24,92.8,christopher.jackson@company.com,(603) 252-7248,Active
EMP040840,Stephanie,Miller,Stephanie Miller,64,Engineering,Associate,Seattle,110730.04,6675.84,2024-03-31,40,34.3,stephanie.miller@company.com,(607) 942-3446,Active
EMP040841,Amanda,Lopez,Amanda Lopez,52,Engineering,Senior Developer,Chicago,101536.79,11648.85,2022-10-19,30,63.1,amanda.lopez@company.com,(665) 281-4686,Inactive
EMP040842,Jessica,Wilson,Jessica Wilson,28,IT,Specialist,Austin,71434.49,6704.58,2022-07-20,0,99.8,jessica.wilson@company.com,(608) 888-4122,Active
EMP040843,Daniel,Martinez,Daniel Martinez,60,HR,Manager,Boston,54666.32,6738.14,2020-09-29,35,71.4,daniel.martinez@company.com,(768) 783-8276,Active
EMP040844,Michael,Miller,Michael Miller,24,Finance,Director,New York,57897.04,5694.43,2023-10-05,0,87.6,michael.miller@company.com,(751) 257-3935,Active
EMP040845,Stephanie,Hernandez,Stephanie Hernandez,48,Legal,Analyst,New York,97571.35,12131.54,2022-12-04,25,70.4,stephanie.hernandez@company.com,(384) 270-2085,Active
EMP040846,William,Williams,William Williams,37,Operations,Director,San Francisco,58782.84,6562.54,2022-01-11,11,93.9,william.williams@company.com,(908) 939-2500,Active
EMP040847,William,Jones,William Jones,25,IT,Associate,Seattle,67103.97,9517.5,2022-06-09,2,69.9,william.jones@company.com,(523) 806-3388,Active
EMP040848,Michael,Wilson,Michael Wilson,36,Engineering,Manager,Los Angeles,51461.38,4473.63,2023-06-20,12,55.7,michael.wilson@company.com,(364) 324-7160,Active
EMP040849,Jessica,Johnson,Jessica Johnson,36,HR,Lead,New York,62560.73,11022.98,2020-03-16,11,99.7,jessica.johnson@company.com,(454) 350-1530,Active
EMP040850,James,Williams,James Williams,49,Sales,Analyst,Chicago,83567.49,10883.72,2024-06-07,26,68.8,james.williams@company.com,(648) 426-5382,Active
EMP040851,Jessica,Jackson,Jessica Jackson,46,Operations,Director,Miami,81273.1,13852.27,2022-06-24,23,98.5,jessica.jackson@company.com,(566) 715-6544,Inactive
EMP040852,Nicole,Lopez,Nicole Lopez,42,Marketing,Director,Seattle,28500.0,1405.57,2021-11-12,19,52.6,nicole.lopez@company.com,(737) 457-6588,Active
EMP040853,James,Rodriguez,James Rodriguez,65,Marketing,Analyst,San Francisco,96077.62,13889.25,2023-09-02,41,76.3,james.rodriguez@company.com,(574) 548-3474,Active
EMP040854,Stephanie,Moore,Stephanie Moore,61,HR,Manager,Seattle,60821.22,3210.75,2020-06-05,36,73.9,stephanie.moore@company.com,(989) 979-8416,Active
EMP040855,William,Lopez,William Lopez,41,Operations,Specialist,Austin,82729.1,10739.98,2021-06-22,14,100.0,william.lopez@company.com,(732) 871-6858,Active
EMP040856,Melissa,Smith,Melissa Smith,45,Legal,Senior Developer,New York,105958.31,12707.76,2024-02-15,23,72.2,melissa.smith@company.com,(587) 418-6973,Active
EMP040857,James,Miller,James Miller,37,IT,Manager,Boston,74010.68,2105.53,2024-05-23,13,79.9,james.miller@company.com,(781) 528-5783,Active
EMP040858,David,Jackson,David Jackson,54,HR,Coordinator,Chicago,75219.17,5022.02,2021-11-28,26,93.2,david.jackson@company.com,(221) 455-4615,Active
EMP040859,Matthew,Davis,Matthew Davis,40,Sales,Associate,Seattle,80286.41,14725.77,2024-11-18,18,77.0,matthew.davis@company.com,(755) 367-1782,Active
EMP040860,Ashley,Moore,Ashley Moore,28,Legal,Analyst,Austin,73983.73,3980.52,2020-09-11,1,60.0,ashley.moore@company.com,(833) 624-3350,Active
EMP040861,Robert,Thomas,Robert Thomas,50,Sales,Director,Boston,57270.77,853.83,2020-08-14,26,84.9,robert.thomas@company.com,(873) 813-7480,Active
EMP040862,Sarah,Hernandez,Sarah Hernandez,56,Legal,Manager,Los Angeles,128562.3,11688.83,2022-10-05,27,56.2,sarah.hernandez@company.com,(364) 255-3325,Active
EMP040863,John,Smith,John Smith,24,IT,Coordinator,San Francisco,68038.02,9314.03,2021-12-23,0,98.4,john.smith@company.com,(798) 520-1141,Active
EMP040864,Sarah,Anderson,Sarah Anderson,62,Operations,Analyst,New York,55865.05,0.0,2024-09-25,38,58.7,sarah.anderson@company.com,(917) 718-1717,Active
EMP040865,Michael,Miller,Michael Miller,65,Marketing,Senior Developer,Los Angeles,83369.01,10972.95,2021-01-15,42,67.4,michael.miller@company.com,(718) 679-5077,Active
EMP040866,Christopher,Brown,Christopher Brown,50,Sales,Coordinator,San Francisco,40546.76,3580.83,2021-02-26,24,72.8,christopher.brown@company.com,(418) 391-3659,Active
EMP040867,James,Miller,James Miller,60,Operations,Associate,Boston,69526.65,3807.41,2022-08-28,31,67.3,james.miller@company.com,(769) 457-7423,Inactive
EMP040868,Stephanie,Thomas,Stephanie Thomas,55,Sales,Lead,San Francisco,71305.45,8772.41,2021-03-22,32,96.7,stephanie.thomas@company.com,(513) 640-8880,Active
EMP040869,Stephanie,Miller,Stephanie Miller,23,Engineering,Director,Los Angeles,101559.5,8768.83,2023-11-13,0,78.8,stephanie.miller@company.com,(611) 939-8151,Inactive
EMP040870,Daniel,Brown,Daniel Brown,53,Operations,Coordinator,Seattle,77783.04,14472.29,2023-03-20,24,86.1,daniel.brown@company.com,(868) 348-9226,Active
EMP040871,William,Garcia,William Garcia,51,HR,Director,Los Angeles,72853.84,8191.61,2022-05-16,22,52.0,william.garcia@company.com,(993) 998-5533,Active
EMP040872,Lisa,Johnson,Lisa Johnson,51,HR,Lead,Los Angeles,86775.14,13898.64,2024-12-20,29,65.1,lisa.johnson@company.com,(789) 824-2619,Inactive
EMP040873,Emily,Taylor,Emily Taylor,29,Sales,Senior Developer,Los Angeles,71897.5,6884.18,2022-10-26,1,50.6,emily.taylor@company.com,(459) 317-9336,Active
EMP040874,David,Brown,David Brown,52,Legal,Senior Developer,Seattle,98248.32,7180.95,2020-02-11,25,93.0,david.brown@company.com,(941) 435-2500,Active
EMP040875,Stephanie,Jones,Stephanie Jones,55,HR,Coordinator,New York,90888.89,7431.03,2024-08-08,27,76.2,stephanie.jones@company.com,(989) 206-3622,Active
EMP040876,Jessica,Gonzalez,Jessica Gonzalez,33,Engineering,Director,Austin,83915.56,12268.44,2023-01-28,9,68.4,jessica.gonzalez@company.com,(503) 736-5924,Inactive
EMP040877,John,Lopez,John Lopez,26,HR,Manager,Austin,74985.03,3790.85,2022-04-04,4,89.4,john.lopez@company.com,(872) 426-5323,Inactive
EMP040878,Lisa,Taylor,Lisa Taylor,28,Engineering,Senior Developer,Los Angeles,111556.62,12694.23,2021-05-29,0,69.6,lisa.taylor@company.com,(859) 912-4247,Active
EMP040879,Robert,Lopez,Robert Lopez,43,Finance,Lead,Boston,51815.68,3928.79,2021-12-17,17,81.3,robert.lopez@company.com,(717) 489-2220,Active
EMP040880,Jessica,Garcia,Jessica Garcia,55,Legal,Lead,Chicago,101753.57,2093.44,2024-06-30,28,58.0,jessica.garcia@company.com,(724) 357-5937,Active
EMP040881,Matthew,Miller,Matthew Miller,43,Engineering,Associate,Miami,109885.43,12126.06,2022-12-06,18,79.0,matthew.miller@company.com,(422) 512-9841,Active
EMP040882,Jessica,Davis,Jessica Davis,43,Operations,Coordinator,Miami,50437.61,8544.59,2024-10-19,19,56.9,jessica.davis@company.com,(263) 765-1331,Active
EMP040883,Anthony,Hernandez,Anthony Hernandez,63,Operations,Manager,Chicago,74910.49,4813.98,2021-07-07,40,71.9,anthony.hernandez@company.com,(895) 469-7026,Inactive
EMP040884,Michael,Thomas,Michael Thomas,52,Sales,Specialist,Miami,100532.48,3071.45,2021-07-22,30,82.8,michael.thomas@company.com,(416) 986-6549,Active
EMP040885,Matthew,Lopez,Matthew Lopez,26,Legal,Analyst,Austin,79198.82,6946.64,2024-08-16,0,53.9,matthew.lopez@company.com,(752) 575-6426,Active
EMP040886,Amanda,Jones,Amanda Jones,43,Finance,Specialist,Miami,82313.13,9389.23,2022-08-21,14,84.5,amanda.jones@company.com,(574) 969-1638,Active
EMP040887,Melissa,Jones,Melissa Jones,36,IT,Associate,Austin,60485.82,2065.26,2022-05-23,14,99.2,melissa.jones@company.com,(809) 973-2702,Active
EMP040888,Robert,Moore,Robert Moore,26,HR,Senior Developer,Chicago,32457.44,2010.64,2024-04-02,1,77.4,robert.moore@company.com,(838) 412-6401,Active
EMP040889,Anthony,Lopez,Anthony Lopez,65,Engineering,Manager,Boston,133056.38,10665.95,2024-10-26,41,61.7,anthony.lopez@company.com,(667) 982-9495,Active
EMP040890,Matthew,Wilson,Matthew Wilson,45,IT,Specialist,Boston,84387.74,16291.67,2020-07-26,22,89.3,matthew.wilson@company.com,(448) 543-4741,Active
EMP040891,Ashley,Anderson,Ashley Anderson,40,Sales,Analyst,Los Angeles,66502.61,8885.03,2023-10-31,16,74.9,ashley.anderson@company.com,(639) 630-8877,Active
EMP040892,Melissa,Wilson,Melissa Wilson,54,Marketing,Analyst,Los Angeles,95679.51,12507.51,2024-07-31,31,86.1,melissa.wilson@company.com,(456) 288-9681,Active
EMP040893,Anthony,Hernandez,Anthony Hernandez,43,IT,Senior Developer,Chicago,68522.97,7608.51,2022-04-21,16,79.5,anthony.hernandez@company.com,(235) 705-2209,Active
EMP040894,William,Martin,William Martin,63,Operations,Associate,Boston,68699.46,3197.55,2020-07-24,41,79.3,william.martin@company.com,(328) 854-8242,Active
EMP040895,Nicole,Hernandez,Nicole Hernandez,34,Operations,Manager,Seattle,60330.16,14380.94,2024-03-10,11,55.2,nicole.hernandez@company.com,(262) 473-3571,Active
EMP040896,Jane,Martinez,Jane Martinez,45,Operations,Analyst,Austin,71216.76,9204.6,2024-02-14,19,69.7,jane.martinez@company.com,(885) 355-3095,Active
EMP040897,Nicole,Martin,Nicole Martin,63,Legal,Analyst,Miami,129531.25,7260.75,2023-10-24,41,70.2,nicole.martin@company.com,(258) 239-1593,Active
EMP040898,Anthony,Garcia,Anthony Garcia,27,Legal,Lead,Miami,74986.63,4691.06,2021-02-15,0,89.8,anthony.garcia@company.com,(799) 986-6174,Active
EMP040899,Sarah,Martinez,Sarah Martinez,37,Legal,Lead,New York,84354.23,4329.03,2024-06-03,13,66.4,sarah.martinez@company.com,(460) 442-5633,Active
EMP040900,John,Moore,John Moore,30,Operations,Analyst,Los Angeles,57844.47,6806.14,2023-11-02,5,79.8,john.moore@company.com,(792) 559-9092,Inactive
EMP040901,Daniel,Garcia,Daniel Garcia,39,Operations,Associate,San Francisco,63614.01,10445.34,2024-05-01,15,75.1,daniel.garcia@company.com,(702) 881-3064,Active
EMP040902,Anthony,Thomas,Anthony Thomas,51,Marketing,Associate,Boston,73113.57,450.38,2020-09-04,25,55.6,anthony.thomas@company.com,(722) 983-9909,Active
EMP040903,David,Smith,David Smith,40,Engineering,Analyst,Austin,115113.93,4419.03,2023-04-29,15,73.9,david.smith@company.com,(647) 412-2854,Active
EMP040904,Michael,Anderson,Michael Anderson,60,Engineering,Lead,Los Angeles,96059.39,16077.74,2024-09-13,33,100.0,michael.anderson@company.com,(535) 754-7460,Active
EMP040905,Jane,Williams,Jane Williams,43,Operations,Analyst,New York,74519.64,3337.62,2020-08-17,21,44.9,jane.williams@company.com,(808) 771-3139,Active
EMP040906,Michael,Martin,Michael Martin,65,IT,Analyst,Austin,132425.52,9440.5,2022-12-19,43,92.3,michael.martin@company.com,(453) 814-2857,Active
EMP040907,Christopher,Rodriguez,Christopher Rodriguez,54,Finance,Lead,San Francisco,79081.77,0.0,2022-07-12,31,76.2,christopher.rodriguez@company.com,(416) 380-2245,Active
EMP040908,James,Anderson,James Anderson,60,IT,Coordinator,Miami,104154.92,2460.58,2021-10-09,34,64.0,james.anderson@company.com,(729) 721-1561,Active
EMP040909,Matthew,Hernandez,Matthew Hernandez,31,Finance,Analyst,Boston,59843.63,9315.64,2021-04-12,5,52.0,matthew.hernandez@company.com,(873) 968-2253,Active
EMP040910,Sarah,Martinez,Sarah Martinez,42,Operations,Analyst,Seattle,67710.03,10293.43,2020-03-25,16,77.8,sarah.martinez@company.com,(721) 434-8002,Active
EMP040911,Amanda,Lopez,Amanda Lopez,53,Engineering,Specialist,Seattle,92887.34,4179.91,2021-11-26,31,56.4,amanda.lopez@company.com,(292) 851-1071,Active
EMP040912,Sarah,Gonzalez,Sarah Gonzalez,56,Marketing,Coordinator,Boston,78214.0,9718.89,2020-10-30,29,61.6,sarah.gonzalez@company.com,(774) 400-1685,Active
EMP040913,Anthony,Smith,Anthony Smith,34,Operations,Director,Seattle,54030.77,7131.01,2023-09-16,10,58.5,anthony.smith@company.com,(341) 534-5571,Active
EMP040914,Robert,Thomas,Robert Thomas,53,Engineering,Senior Developer,Los Angeles,120497.14,2703.43,2024-10-19,26,69.6,robert.thomas@company.com,(998) 387-4035,Active
EMP040915,Emily,Martin,Emily Martin,62,Engineering,Specialist,San Francisco,108031.24,6913.73,2022-03-13,39,59.6,emily.martin@company.com,(885) 934-3319,Active
EMP040916,Ashley,Brown,Ashley Brown,38,Sales,Senior Developer,Seattle,71279.36,5559.55,2024-09-30,14,61.3,ashley.brown@company.com,(339) 681-5861,Inactive
EMP040917,Jane,Martinez,Jane Martinez,41,Operations,Senior Developer,Seattle,48087.98,4242.74,2020-07-24,12,40.0,jane.martinez@company.com,(653) 493-1250,Inactive
EMP040918,Melissa,Rodriguez,Melissa Rodriguez,30,HR,Manager,Miami,49196.27,3767.55,2022-09-22,2,66.7,melissa.rodriguez@company.com,(815) 559-2487,Active
EMP040919,Nicole,Jackson,Nicole Jackson,46,Marketing,Specialist,Chicago,71503.61,13260.33,2023-08-31,21,100.0,nicole.jackson@company.com,(384) 522-7398,Active
EMP040920,Melissa,Jones,Melissa Jones,22,Operations,Director,Miami,45609.83,7942.39,2020-11-04,0,51.6,melissa.jones@company.com,(977) 934-6820,Active
EMP040921,Matthew,Moore,Matthew Moore,35,IT,Coordinator,Boston,70345.57,10885.19,2023-05-21,8,57.8,matthew.moore@company.com,(736) 215-3720,Active
EMP040922,Stephanie,Taylor,Stephanie Taylor,43,HR,Lead,Seattle,75604.29,7214.06,2022-07-09,20,62.1,stephanie.taylor@company.com,(291) 264-6913,Active
EMP040923,Michael,Martin,Michael Martin,40,Finance,Analyst,New York,72698.81,7913.67,2020-11-30,12,75.8,michael.martin@company.com,(996) 499-7750,Inactive
EMP040924,John,Lopez,John Lopez,61,Engineering,Analyst,Chicago,128160.17,23063.19,2022-03-15,39,52.1,john.lopez@company.com,(308) 227-8392,Active
EMP040925,John,Gonzalez,John Gonzalez,23,IT,Specialist,Seattle,52228.02,5787.62,2023-07-24,0,70.8,john.gonzalez@company.com,(304) 471-8790,Inactive
EMP040926,Jessica,Smith,Jessica Smith,27,IT,Analyst,Austin,85531.58,15904.46,2023-03-18,3,81.1,jessica.smith@company.com,(283) 760-8580,Inactive
EMP040927,Jessica,Jackson,Jessica Jackson,50,Marketing,Associate,Boston,81667.2,16514.01,2023-02-24,21,54.9,jessica.jackson@company.com,(417) 529-9160,Active
EMP040928,Amanda,Hernandez,Amanda Hernandez,35,Marketing,Associate,Los Angeles,92307.02,7875.74,2023-02-05,12,84.5,amanda.hernandez@company.com,(884) 494-9207,Active
EMP040929,James,Garcia,James Garcia,62,Operations,Analyst,Miami,68574.51,13449.29,2020-11-10,40,57.0,james.garcia@company.com,(215) 207-7635,Active
EMP040930,Stephanie,Williams,Stephanie Williams,59,HR,Specialist,Chicago,88535.62,3196.26,2020-08-18,34,54.9,stephanie.williams@company.com,(751) 795-4466,Active
EMP040931,Michael,Rodriguez,Michael Rodriguez,32,Finance,Lead,San Francisco,44623.76,2413.97,2024-12-04,7,66.1,michael.rodriguez@company.com,(835) 585-1362,Active
EMP040932,Ashley,Moore,Ashley Moore,58,Marketing,Manager,Miami,78406.64,3673.72,2021-06-16,35,84.7,ashley.moore@company.com,(522) 930-2921,Active
EMP040933,John,Rodriguez,John Rodriguez,34,IT,Analyst,New York,98506.5,10347.01,2024-03-23,5,84.6,john.rodriguez@company.com,(405) 716-5652,Active
EMP040934,Matthew,Johnson,Matthew Johnson,35,Legal,Associate,Chicago,38339.55,2691.49,2022-05-05,6,76.8,matthew.johnson@company.com,(895) 676-4912,Active
EMP040935,Christopher,Jones,Christopher Jones,48,IT,Director,Austin,95228.04,6034.55,2024-09-24,20,65.7,christopher.jones@company.com,(460) 259-1569,Active
EMP040936,William,Moore,William Moore,29,HR,Analyst,Miami,55763.39,14957.29,2020-09-01,6,49.4,william.moore@company.com,(901) 407-5845,Active
EMP040937,Michael,Wilson,Michael Wilson,28,Finance,Specialist,Chicago,69988.5,11415.7,2022-09-09,0,64.5,michael.wilson@company.com,(824) 291-5394,Active
EMP040938,Robert,Rodriguez,Robert Rodriguez,49,IT,Specialist,San Francisco,105321.75,4125.98,2021-11-04,20,78.5,robert.rodriguez@company.com,(713) 918-6722,On Leave
EMP040939,Emily,Moore,Emily Moore,49,Operations,Senior Developer,Boston,72909.77,4945.18,2023-04-22,21,63.7,emily.moore@company.com,(782) 205-8425,Active
EMP040940,David,Jones,David Jones,23,Engineering,Manager,Austin,71686.44,6822.21,2023-01-07,0,76.2,david.jones@company.com,(400) 862-9973,Active
EMP040941,John,Johnson,John Johnson,46,Legal,Lead,Seattle,97445.5,10168.27,2024-06-13,21,56.7,john.johnson@company.com,(391) 510-5815,Active
EMP040942,Matthew,Gonzalez,Matthew Gonzalez,37,Marketing,Director,Miami,66962.39,9133.76,2022-08-19,13,41.3,matthew.gonzalez@company.com,(598) 758-9426,Active
EMP040943,Jessica,Martin,Jessica Martin,41,Finance,Manager,Chicago,86758.46,0.0,2024-12-12,19,65.2,jessica.martin@company.com,(279) 230-5357,Active
EMP040944,James,Martin,James Martin,37,Marketing,Manager,Miami,71105.74,10185.86,2024-09-14,10,72.8,james.martin@company.com,(603) 592-3733,Active
EMP040945,Emily,Jackson,Emily Jackson,49,Legal,Director,Los Angeles,111489.67,14327.47,2021-01-03,21,78.8,emily.jackson@company.com,(496) 603-2745,Active
EMP040946,Michael,Gonzalez,Michael Gonzalez,40,Sales,Specialist,Miami,77252.57,5347.94,2021-12-11,15,89.7,michael.gonzalez@company.com,(447) 847-3869,Active
EMP040947,James,Gonzalez,James Gonzalez,63,Marketing,Senior Developer,San Francisco,87448.15,9927.52,2023-11-29,39,81.6,james.gonzalez@company.com,(892) 445-9809,Inactive
EMP040948,Jane,Moore,Jane Moore,49,Finance,Specialist,Miami,61550.54,2090.54,2024-04-12,22,63.6,jane.moore@company.com,(614) 905-1084,Active
EMP040949,Jessica,Martinez,Jessica Martinez,32,Marketing,Director,Chicago,62444.2,3231.87,2022-10-22,5,86.3,jessica.martinez@company.com,(405) 250-8773,Active
EMP040950,Matthew,Williams,Matthew Williams,36,Legal,Lead,Los Angeles,90255.47,8393.29,2024-08-10,7,84.5,matthew.williams@company.com,(457) 986-2391,Active
EMP040951,Melissa,Smith,Melissa Smith,28,Finance,Lead,Miami,85945.03,8899.06,2023-07-01,5,87.4,melissa.smith@company.com,(385) 270-6236,Active
EMP040952,Sarah,Taylor,Sarah Taylor,55,HR,Analyst,Seattle,82058.44,2677.08,2023-07-07,26,61.9,sarah.taylor@company.com,(282) 897-5288,Active
EMP040953,Ashley,Brown,Ashley Brown,34,Operations,Coordinator,Los Angeles,55311.36,5871.95,2024-08-13,12,76.2,ashley.brown@company.com,(651) 264-2005,Active
EMP040954,William,Davis,William Davis,42,Legal,Coordinator,Austin,80902.28,9380.73,2020-03-13,13,63.3,william.davis@company.com,(602) 854-1177,On Leave
EMP040955,Michael,Taylor,Michael Taylor,61,Operations,Specialist,Miami,84755.35,8053.92,2023-11-01,33,68.0,michael.taylor@company.com,(370) 443-3064,Inactive
EMP040956,Michael,Jackson,Michael Jackson,50,Finance,Manager,Miami,91590.44,16450.07,2022-06-16,21,81.9,michael.jackson@company.com,(968) 471-7155,Active
EMP040957,Matthew,Wilson,Matthew Wilson,55,HR,Director,New York,84417.75,5200.41,2021-11-18,26,69.6,matthew.wilson@company.com,(335) 691-1889,Active
EMP040958,Michael,Lopez,Michael Lopez,27,Finance,Specialist,Los Angeles,75524.94,13846.67,2022-04-21,4,100.0,michael.lopez@company.com,(513) 890-9783,Active
EMP040959,Sarah,Hernandez,Sarah Hernandez,60,Finance,Specialist,Miami,114508.16,11336.01,2022-01-19,31,86.2,sarah.hernandez@company.com,(473) 313-6817,Active
EMP040960,James,Hernandez,James Hernandez,48,Legal,Senior Developer,Miami,84330.95,3290.63,2020-06-24,23,69.7,james.hernandez@company.com,(814) 396-9680,Active
EMP040961,Lisa,Gonzalez,Lisa Gonzalez,52,Legal,Senior Developer,Miami,82381.03,8945.86,2023-06-06,27,90.0,lisa.gonzalez@company.com,(487) 938-5855,Active
EMP040962,Daniel,Jackson,Daniel Jackson,51,Engineering,Director,San Francisco,109836.59,13500.78,2020-04-21,22,88.2,daniel.jackson@company.com,(680) 502-1930,Active
EMP040963,Amanda,Anderson,Amanda Anderson,51,Marketing,Manager,Boston,71318.3,6410.23,2024-06-07,24,79.5,amanda.anderson@company.com,(701) 717-7200,Active
EMP040964,Melissa,Jackson,Melissa Jackson,37,Sales,Director,San Francisco,52539.84,2247.05,2020-07-13,10,56.6,melissa.jackson@company.com,(858) 580-8863,Active
EMP040965,Daniel,Moore,Daniel Moore,29,Operations,Director,Los Angeles,45685.88,4825.86,2023-02-12,5,75.6,daniel.moore@company.com,(670) 859-6064,Inactive
EMP040966,Jane,Johnson,Jane Johnson,35,HR,Analyst,Los Angeles,60869.48,2698.38,2020-03-09,7,69.8,jane.johnson@company.com,(223) 316-6876,Inactive
EMP040967,Sarah,Garcia,Sarah Garcia,48,Legal,Manager,San Francisco,58396.77,4464.63,2021-10-23,23,99.4,sarah.garcia@company.com,(602) 778-6081,Active
EMP040968,David,Gonzalez,David Gonzalez,25,Marketing,Director,Seattle,83551.73,8262.66,2022-07-26,0,68.5,david.gonzalez@company.com,(437) 562-6061,Active
EMP040969,Sarah,Hernandez,Sarah Hernandez,38,IT,Lead,San Francisco,83642.01,8332.52,2020-01-13,10,61.2,sarah.hernandez@company.com,(834) 731-7701,Active
EMP040970,Emily,Lopez,Emily Lopez,43,Legal,Director,Los Angeles,87530.8,5704.38,2024-08-21,18,64.4,emily.lopez@company.com,(373) 574-2214,Active
EMP040971,Anthony,Martin,Anthony Martin,46,IT,Associate,San Francisco,100772.03,4309.68,2024-09-10,17,76.8,anthony.martin@company.com,(227) 738-1142,Active
EMP040972,Melissa,Lopez,Melissa Lopez,53,IT,Associate,Boston,102713.94,16437.97,2023-03-03,24,80.2,melissa.lopez@company.com,(638) 626-2408,Active
EMP040973,Daniel,Hernandez,Daniel Hernandez,40,HR,Analyst,Austin,79619.19,10037.09,2021-06-18,17,97.0,daniel.hernandez@company.com,(531) 371-3556,Active
EMP040974,William,Anderson,William Anderson,27,Operations,Manager,New York,76371.83,9588.78,2020-01-10,3,50.9,william.anderson@company.com,(247) 555-1231,Active
EMP040975,Christopher,Williams,Christopher Williams,49,HR,Senior Developer,New York,77352.72,9231.43,2022-08-24,20,85.8,christopher.williams@company.com,(686) 889-5766,Active
EMP040976,William,Moore,William Moore,37,Operations,Senior Developer,New York,58246.56,4717.89,2023-02-23,13,93.5,william.moore@company.com,(462) 973-2641,Active
EMP040977,Christopher,Jackson,Christopher Jackson,44,IT,Analyst,Boston,134141.52,15958.09,2021-04-28,20,76.1,christopher.jackson@company.com,(549) 800-7898,Active
EMP040978,Robert,Johnson,Robert Johnson,47,Finance,Lead,Miami,75559.67,7403.93,2021-11-13,21,73.8,robert.johnson@company.com,(472) 927-4848,Active
EMP040979,Matthew,Rodriguez,Matthew Rodriguez,31,Operations,Coordinator,San Francisco,51835.05,12125.3,2024-01-30,2,93.2,matthew.rodriguez@company.com,(764) 915-5697,Active
EMP040980,Robert,Davis,Robert Davis,44,Legal,Analyst,Miami,84473.81,8514.46,2022-05-05,20,65.8,robert.davis@company.com,(525) 589-4129,Active
EMP040981,Jessica,Brown,Jessica Brown,46,Operations,Manager,Austin,79754.28,5725.07,2024-06-02,21,85.9,jessica.brown@company.com,(676) 817-7120,Active
EMP040982,Christopher,Williams,Christopher Williams,41,Engineering,Senior Developer,Los Angeles,75050.32,5062.96,2021-04-27,12,65.5,christopher.williams@company.com,(828) 215-9131,Active
EMP040983,Amanda,Thomas,Amanda Thomas,31,Legal,Coordinator,Miami,92888.37,9995.55,2024-10-04,8,85.6,amanda.thomas@company.com,(408) 658-5900,Active
EMP040984,William,Jones,William Jones,28,HR,Manager,Boston,42408.23,2061.96,2020-03-20,6,73.5,william.jones@company.com,(380) 546-2612,Active
EMP040985,Emily,Brown,Emily Brown,57,Marketing,Associate,Miami,74406.9,3876.54,2023-10-05,30,80.9,emily.brown@company.com,(422) 435-4772,Active
EMP040986,Ashley,Hernandez,Ashley Hernandez,40,Sales,Associate,Austin,81466.21,3233.33,2023-01-31,18,62.7,ashley.hernandez@company.com,(550) 631-3034,Active
EMP040987,Jessica,Anderson,Jessica Anderson,50,Sales,Director,San Francisco,92423.48,15561.23,2020-11-27,23,100.0,jessica.anderson@company.com,(326) 211-9018,Active
EMP040988,Emily,Gonzalez,Emily Gonzalez,45,IT,Lead,Los Angeles,74400.9,7586.09,2022-04-03,16,60.6,emily.gonzalez@company.com,(543) 386-7315,Active
EMP040989,Ashley,Hernandez,Ashley Hernandez,42,Finance,Senior Developer,Chicago,95724.18,7746.49,2022-10-01,18,47.7,ashley.hernandez@company.com,(688) 717-2047,Active
EMP040990,Anthony,Martin,Anthony Martin,64,Marketing,Associate,New York,72280.24,2489.06,2021-10-07,42,100.0,anthony.martin@company.com,(519) 298-7725,Active
EMP040991,Jessica,Brown,Jessica Brown,56,HR,Specialist,Austin,83454.68,5642.67,2021-05-17,34,64.8,jessica.brown@company.com,(978) 547-3942,Inactive
EMP040992,David,Rodriguez,David Rodriguez,48,IT,Senior Developer,Miami,114584.69,10951.56,2021-08-21,23,96.1,david.rodriguez@company.com,(462) 793-3182,Active
EMP040993,Jessica,Moore,Jessica Moore,48,Legal,Associate,Miami,116290.37,0.0,2023-12-03,19,78.1,jessica.moore@company.com,(580) 569-7161,Active
EMP040994,Daniel,Johnson,Daniel Johnson,34,Engineering,Director,Miami,83596.9,9510.42,2020-12-05,8,74.5,daniel.johnson@company.com,(630) 468-7040,Active
EMP040995,Daniel,Moore,Daniel Moore,38,Operations,Manager,New York,47953.98,6800.4,2021-02-21,14,55.9,daniel.moore@company.com,(801) 960-6003,Active
EMP040996,Sarah,Thomas,Sarah Thomas,47,Sales,Analyst,Chicago,83667.87,4877.04,2023-11-24,19,80.5,sarah.thomas@company.com,(770) 254-8314,Inactive
EMP040997,Sarah,Taylor,Sarah Taylor,51,Finance,Manager,Seattle,122087.85,15314.83,2020-08-18,28,73.8,sarah.taylor@company.com,(352) 521-9382,Inactive
EMP040998,Daniel,Jackson,Daniel Jackson,22,IT,Manager,Los Angeles,62496.69,6001.88,2022-09-14,0,89.0,daniel.jackson@company.com,(933) 851-8418,Active
EMP040999,Amanda,Moore,Amanda Moore,59,Engineering,Lead,Miami,124948.51,8578.04,2021-05-24,30,60.5,amanda.moore@company.com,(993) 277-4079,Active
EMP041000,Amanda,Brown,Amanda Brown,31,Legal,Director,Austin,105529.15,11360.2,2021-11-03,9,86.8,amanda.brown@company.com,(826) 499-7120,Active
EMP041001,Lisa,Jones,Lisa Jones,32,Engineering,Senior Developer,Boston,93487.33,2148.94,2023-05-28,8,81.7,lisa.jones@company.com,(716) 997-8797,Active
EMP041002,John,Garcia,John Garcia,59,Operations,Director,New York,66284.76,8328.2,2024-11-29,32,90.2,john.garcia@company.com,(530) 889-2532,Active
EMP041003,Lisa,Martin,Lisa Martin,34,Sales,Director,San Francisco,77841.78,1989.07,2023-02-16,6,100.0,lisa.martin@company.com,(226) 238-8864,Active
EMP041004,Matthew,Rodriguez,Matthew Rodriguez,44,IT,Director,Seattle,86957.06,5334.37,2023-09-30,16,80.2,matthew.rodriguez@company.com,(706) 665-1362,Inactive
EMP041005,Sarah,Brown,Sarah Brown,33,Sales,Senior Developer,San Francisco,55828.96,6931.77,2020-12-17,5,72.8,sarah.brown@company.com,(910) 755-8539,Active
EMP041006,Stephanie,Thomas,Stephanie Thomas,49,Sales,Associate,New York,86056.72,6283.89,2024-06-07,21,75.9,stephanie.thomas@company.com,(230) 614-8059,Active
EMP041007,Jane,Lopez,Jane Lopez,26,Legal,Lead,Boston,55506.14,3686.56,2023-10-01,0,98.5,jane.lopez@company.com,(671) 687-3719,Active
EMP041008,Lisa,Martinez,Lisa Martinez,59,Legal,Senior Developer,Seattle,99345.58,4484.38,2024-04-06,31,56.8,lisa.martinez@company.com,(221) 564-5438,Active
EMP041009,Amanda,Rodriguez,Amanda Rodriguez,26,Marketing,Associate,Seattle,70392.41,9554.11,2023-03-29,0,60.0,amanda.rodriguez@company.com,(936) 993-5467,Active
EMP041010,Nicole,Davis,Nicole Davis,50,Finance,Senior Developer,San Francisco,97546.55,5243.91,2024-08-03,25,100.0,nicole.davis@company.com,(691) 684-1182,Active
EMP041011,Amanda,Davis,Amanda Davis,26,Engineering,Associate,Austin,79835.97,10863.69,2022-06-04,0,82.8,amanda.davis@company.com,(219) 850-4340,Active
EMP041012,Lisa,Smith,Lisa Smith,43,Legal,Coordinator,New York,88532.89,12282.46,2020-09-12,17,74.9,lisa.smith@company.com,(584) 214-2302,Active
EMP041013,Christopher,Lopez,Christopher Lopez,63,Sales,Associate,San Francisco,101177.82,1879.64,2020-05-24,38,47.4,christopher.lopez@company.com,(458) 246-6146,Active
EMP041014,John,Jackson,John Jackson,39,Operations,Director,Boston,42717.07,2142.98,2024-02-21,14,74.7,john.jackson@company.com,(664) 393-2316,Active
EMP041015,Robert,Garcia,Robert Garcia,37,Finance,Senior Developer,New York,93616.63,8431.86,2020-10-15,11,74.0,robert.garcia@company.com,(883) 444-6685,Active
EMP041016,Melissa,Martinez,Melissa Martinez,24,IT,Lead,New York,50848.12,3205.34,2024-08-21,0,69.3,melissa.martinez@company.com,(526) 884-8172,Active
EMP041017,Melissa,Davis,Melissa Davis,24,Operations,Analyst,Boston,52721.62,3974.87,2020-01-22,0,83.1,melissa.davis@company.com,(291) 332-1438,Active
EMP041018,Ashley,Garcia,Ashley Garcia,29,Operations,Coordinator,Seattle,66048.64,0.0,2020-03-08,1,86.0,ashley.garcia@company.com,(439) 401-8086,Active
EMP041019,Matthew,Garcia,Matthew Garcia,34,IT,Lead,New York,98078.11,9602.23,2021-06-29,9,60.1,matthew.garcia@company.com,(246) 676-9865,Inactive
EMP041020,Emily,Smith,Emily Smith,57,Marketing,Lead,New York,74966.83,10210.95,2024-05-22,31,68.4,emily.smith@company.com,(919) 986-3897,Active
EMP041021,Ashley,Brown,Ashley Brown,55,Marketing,Senior Developer,Seattle,73120.99,1623.22,2020-08-28,28,87.0,ashley.brown@company.com,(745) 829-6287,Active
EMP041022,Matthew,Miller,Matthew Miller,57,IT,Coordinator,Miami,109504.22,0.0,2023-08-24,34,62.0,matthew.miller@company.com,(620) 669-4622,Active
EMP041023,Jessica,Williams,Jessica Williams,40,Operations,Senior Developer,San Francisco,78392.14,5958.85,2022-12-28,14,82.9,jessica.williams@company.com,(977) 688-9619,Active
EMP041024,James,Williams,James Williams,23,Finance,Associate,San Francisco,55618.33,10069.61,2022-08-05,0,88.2,james.williams@company.com,(937) 913-2266,Active
EMP041025,Jessica,Rodriguez,Jessica Rodriguez,65,Marketing,Coordinator,Boston,78237.91,4698.51,2024-01-24,41,63.3,jessica.rodriguez@company.com,(791) 268-7440,Active
EMP041026,Michael,Martin,Michael Martin,53,IT,Director,Seattle,84573.44,9695.8,2021-04-13,31,82.2,michael.martin@company.com,(205) 982-6852,Active
EMP041027,Robert,Jackson,Robert Jackson,32,Sales,Coordinator,Boston,63509.1,8993.09,2020-05-25,4,42.2,robert.jackson@company.com,(897) 974-6002,Active
EMP041028,David,Garcia,David Garcia,45,Finance,Coordinator,Chicago,83352.75,9160.69,2020-02-12,22,91.1,david.garcia@company.com,(391) 295-6950,Active
EMP041029,Robert,Williams,Robert Williams,60,Finance,Senior Developer,Miami,91736.58,1892.97,2024-06-25,31,61.7,robert.williams@company.com,(203) 876-8093,Active
EMP041030,Anthony,Wilson,Anthony Wilson,56,IT,Senior Developer,Seattle,111087.66,16317.29,2020-07-08,29,52.5,anthony.wilson@company.com,(736) 982-6550,Active
EMP041031,Jessica,Gonzalez,Jessica Gonzalez,46,Sales,Manager,San Francisco,63804.28,5175.78,2024-09-13,17,73.1,jessica.gonzalez@company.com,(929) 343-8671,Inactive
EMP041032,Lisa,Jackson,Lisa Jackson,31,Operations,Associate,Seattle,50263.46,3469.79,2024-12-06,2,77.3,lisa.jackson@company.com,(793) 865-2026,Active
EMP041033,William,Martinez,William Martinez,52,Finance,Coordinator,Chicago,68370.65,11482.37,2022-03-14,25,60.4,william.martinez@company.com,(369) 420-9035,Active
EMP041034,David,Johnson,David Johnson,58,Marketing,Senior Developer,San Francisco,80418.76,2161.41,2024-07-30,33,78.1,david.johnson@company.com,(749) 649-7001,Active
EMP041035,David,Johnson,David Johnson,63,HR,Senior Developer,San Francisco,77784.51,2769.9,2023-09-05,38,100.0,david.johnson@company.com,(766) 258-7229,Active
EMP041036,Anthony,Garcia,Anthony Garcia,61,HR,Specialist,Austin,81055.58,13976.28,2024-06-28,37,100.0,anthony.garcia@company.com,(448) 272-8086,Active
EMP041037,Amanda,Hernandez,Amanda Hernandez,61,Finance,Analyst,Seattle,77293.54,0.0,2023-05-07,37,83.7,amanda.hernandez@company.com,(268) 476-2297,Active
EMP041038,Michael,Martin,Michael Martin,62,Legal,Associate,Boston,119488.23,10795.7,2021-05-17,33,69.9,michael.martin@company.com,(241) 665-2329,Active
EMP041039,Amanda,Davis,Amanda Davis,60,Finance,Analyst,Miami,54327.92,6182.39,2020-03-30,31,66.4,amanda.davis@company.com,(906) 696-2516,Active
EMP041040,James,Smith,James Smith,59,Finance,Manager,Los Angeles,96130.39,13671.25,2021-08-02,30,58.2,james.smith@company.com,(359) 509-5891,Active
EMP041041,Robert,Hernandez,Robert Hernandez,32,IT,Analyst,Austin,91382.59,8289.71,2023-12-22,8,59.4,robert.hernandez@company.com,(569) 458-2761,Inactive
EMP041042,Sarah,Anderson,Sarah Anderson,26,Engineering,Associate,Austin,73531.84,9711.55,2020-02-29,0,68.6,sarah.anderson@company.com,(985) 495-9440,Inactive
EMP041043,Sarah,Davis,Sarah Davis,37,HR,Lead,Los Angeles,57733.56,4265.68,2020-06-13,12,80.3,sarah.davis@company.com,(468) 690-7353,Active
EMP041044,James,Taylor,James Taylor,42,HR,Associate,San Francisco,58488.27,1395.51,2021-06-10,19,78.6,james.taylor@company.com,(507) 624-6324,Active
EMP041045,Stephanie,Anderson,Stephanie Anderson,41,Engineering,Specialist,Austin,99911.21,2573.62,2020-10-27,16,74.7,stephanie.anderson@company.com,(577) 634-3805,Active
EMP041046,Michael,Brown,Michael Brown,42,Finance,Manager,Los Angeles,94634.23,8079.97,2024-07-15,20,62.8,michael.brown@company.com,(246) 845-9209,Active
EMP041047,Ashley,Anderson,Ashley Anderson,29,Sales,Coordinator,Austin,50510.73,3960.03,2022-03-26,4,57.0,ashley.anderson@company.com,(516) 433-2830,Active
EMP041048,Christopher,Thomas,Christopher Thomas,25,Marketing,Specialist,San Francisco,59762.4,8101.8,2020-06-28,0,95.1,christopher.thomas@company.com,(456) 555-7148,Active
EMP041049,Christopher,Rodriguez,Christopher Rodriguez,31,HR,Director,Miami,89651.02,14173.76,2023-05-16,3,72.9,christopher.rodriguez@company.com,(679) 637-9876,Active
EMP041050,Christopher,Wilson,Christopher Wilson,48,Sales,Lead,Seattle,81083.24,5714.0,2021-04-18,21,64.3,christopher.wilson@company.com,(518) 891-4529,Active
EMP041051,William,Smith,William Smith,52,Sales,Coordinator,Boston,88211.76,6441.12,2024-12-31,30,80.7,william.smith@company.com,(499) 694-1261,Active
EMP041052,Daniel,Moore,Daniel Moore,62,HR,Lead,Boston,90935.52,16298.26,2022-06-12,40,96.3,daniel.moore@company.com,(523) 305-4574,Inactive
EMP041053,Christopher,Rodriguez,Christopher Rodriguez,52,Engineering,Analyst,Seattle,135303.76,24415.81,2022-01-05,23,43.9,christopher.rodriguez@company.com,(862) 817-2883,Active
EMP041054,Sarah,Anderson,Sarah Anderson,40,IT,Analyst,Seattle,91581.31,5338.5,2023-02-27,14,84.1,sarah.anderson@company.com,(661) 957-4146,Active
EMP041055,Michael,Thomas,Michael Thomas,29,Legal,Associate,Chicago,44952.81,5643.73,2024-06-19,3,100.0,michael.thomas@company.com,(959) 538-5402,Active
EMP041056,James,Garcia,James Garcia,47,Sales,Associate,Miami,87856.09,11013.12,2022-07-02,21,71.7,james.garcia@company.com,(873) 995-6260,Active
EMP041057,Lisa,Martinez,Lisa Martinez,46,Engineering,Lead,Austin,97335.49,9190.51,2022-08-28,20,53.3,lisa.martinez@company.com,(325) 712-9775,Inactive
EMP041058,Christopher,Brown,Christopher Brown,55,Sales,Associate,San Francisco,92248.82,16547.04,2020-05-19,26,51.8,christopher.brown@company.com,(920) 790-3964,Inactive
EMP041059,Emily,Wilson,Emily Wilson,39,Sales,Director,San Francisco,50369.08,6643.52,2023-01-11,17,76.6,emily.wilson@company.com,(500) 727-4163,Active
EMP041060,John,Miller,John Miller,27,Sales,Senior Developer,Seattle,69098.29,4999.77,2021-01-14,0,60.8,john.miller@company.com,(284) 611-2987,Active
EMP041061,Nicole,Jones,Nicole Jones,40,IT,Manager,New York,109649.35,8259.84,2020-02-18,13,91.6,nicole.jones@company.com,(293) 671-1656,Active
EMP041062,Michael,Rodriguez,Michael Rodriguez,51,Marketing,Specialist,Austin,64714.02,4479.38,2020-01-07,25,53.4,michael.rodriguez@company.com,(237) 962-2568,Active
EMP041063,Anthony,Wilson,Anthony Wilson,54,IT,Senior Developer,Seattle,97592.11,7360.24,2022-04-03,25,54.2,anthony.wilson@company.com,(377) 833-4962,Active
EMP041064,Jane,Brown,Jane Brown,24,HR,Director,Seattle,40322.26,3777.76,2024-06-19,2,70.6,jane.brown@company.com,(673) 256-5848,Active
EMP041065,Matthew,Miller,Matthew Miller,47,IT,Associate,Boston,91151.54,6037.86,2020-06-06,23,78.8,matthew.miller@company.com,(831) 766-7967,Active
EMP041066,Amanda,Lopez,Amanda Lopez,43,Sales,Coordinator,Austin,52612.76,7838.03,2022-10-25,18,36.5,amanda.lopez@company.com,(508) 481-3808,Active
EMP041067,Stephanie,Brown,Stephanie Brown,64,Finance,Manager,Boston,129056.28,22790.63,2020-11-30,36,78.5,stephanie.brown@company.com,(314) 677-7255,Active
EMP041068,Sarah,Brown,Sarah Brown,39,Sales,Senior Developer,Los Angeles,86273.94,3778.9,2022-07-21,11,71.8,sarah.brown@company.com,(435) 258-6903,Active
EMP041069,Nicole,Wilson,Nicole Wilson,46,Operations,Associate,Austin,77727.05,8726.5,2023-02-04,19,58.7,nicole.wilson@company.com,(760) 628-2253,Active
EMP041070,Melissa,Martin,Melissa Martin,41,Operations,Manager,New York,51528.9,7338.64,2020-12-23,13,68.2,melissa.martin@company.com,(440) 993-9767,Active
EMP041071,Anthony,Gonzalez,Anthony Gonzalez,56,Sales,Lead,Austin,39489.01,3611.36,2023-04-29,30,88.6,anthony.gonzalez@company.com,(299) 749-2679,Active
EMP041072,Ashley,Brown,Ashley Brown,24,Operations,Coordinator,Miami,46531.67,6388.98,2023-01-10,0,100.0,ashley.brown@company.com,(603) 891-2781,Active
EMP041073,Christopher,Miller,Christopher Miller,52,Engineering,Lead,New York,96039.08,5150.1,2024-01-19,28,62.2,christopher.miller@company.com,(809) 899-3006,Active
EMP041074,Matthew,Taylor,Matthew Taylor,63,Engineering,Specialist,Seattle,126582.79,20073.85,2024-08-22,35,71.5,matthew.taylor@company.com,(952) 454-8074,Active
EMP041075,Stephanie,Brown,Stephanie Brown,56,Legal,Senior Developer,Miami,99620.39,15363.61,2022-05-07,31,76.2,stephanie.brown@company.com,(900) 487-8215,Active
EMP041076,Robert,Martin,Robert Martin,44,Marketing,Director,Chicago,72486.91,5684.53,2022-01-16,17,91.7,robert.martin@company.com,(206) 519-3127,Active
EMP041077,William,Anderson,William Anderson,25,Finance,Manager,Seattle,65793.82,12435.2,2022-02-12,0,39.8,william.anderson@company.com,(357) 742-3879,Active
EMP041078,William,Davis,William Davis,53,IT,Lead,Chicago,96371.75,13682.06,2024-10-27,27,53.1,william.davis@company.com,(761) 826-9729,Active
EMP041079,Christopher,Rodriguez,Christopher Rodriguez,60,Engineering,Coordinator,Austin,140370.0,19845.01,2021-02-24,31,100.0,christopher.rodriguez@company.com,(772) 255-4843,On Leave
EMP041080,William,Wilson,William Wilson,49,Operations,Associate,Austin,56593.53,8169.11,2022-06-24,26,80.8,william.wilson@company.com,(664) 420-5755,Inactive
EMP041081,David,Davis,David Davis,45,Sales,Manager,Boston,80535.47,10318.52,2022-06-12,21,75.1,david.davis@company.com,(204) 312-8549,Active
EMP041082,Robert,Davis,Robert Davis,48,Legal,Analyst,Boston,100072.34,1589.39,2024-05-07,25,85.9,robert.davis@company.com,(625) 573-2361,Active
EMP041083,Stephanie,Anderson,Stephanie Anderson,23,Legal,Lead,Boston,70740.03,4472.27,2021-12-04,0,57.1,stephanie.anderson@company.com,(686) 946-5822,Active
EMP041084,Robert,Thomas,Robert Thomas,37,Sales,Coordinator,Miami,71765.0,6488.52,2023-01-12,9,60.7,robert.thomas@company.com,(530) 822-5208,Active
EMP041085,James,Thomas,James Thomas,59,Engineering,Analyst,New York,96496.06,1343.43,2022-12-22,35,79.8,james.thomas@company.com,(830) 295-1672,Active
EMP041086,William,Wilson,William Wilson,48,Legal,Specialist,Los Angeles,104591.18,3163.31,2024-06-06,22,54.8,william.wilson@company.com,(930) 201-9968,Active
EMP041087,Amanda,Taylor,Amanda Taylor,39,Engineering,Senior Developer,Boston,90413.11,15100.38,2021-03-08,12,84.4,amanda.taylor@company.com,(392) 472-8158,Active
EMP041088,Daniel,Anderson,Daniel Anderson,27,HR,Director,Miami,51603.36,2196.04,2022-02-16,2,100.0,daniel.anderson@company.com,(201) 865-9660,Inactive
EMP041089,Nicole,Wilson,Nicole Wilson,26,Legal,Senior Developer,San Francisco,60420.12,5394.58,2023-04-27,3,80.5,nicole.wilson@company.com,(984) 344-1539,Active
EMP041090,Ashley,Taylor,Ashley Taylor,23,Operations,Analyst,Miami,53397.58,6759.67,2021-12-19,1,77.6,ashley.taylor@company.com,(621) 642-1307,Active
EMP041091,William,Miller,William Miller,49,Operations,Analyst,Chicago,90280.61,4893.37,2020-12-07,20,52.3,william.miller@company.com,(366) 884-8804,Active
EMP041092,Daniel,Smith,Daniel Smith,65,HR,Coordinator,Los Angeles,68540.69,11498.75,2020-04-09,38,84.6,daniel.smith@company.com,(491) 748-9673,Active
EMP041093,Christopher,Brown,Christopher Brown,42,Engineering,Coordinator,Chicago,80783.07,10652.03,2021-08-19,13,56.1,christopher.brown@company.com,(724) 322-4524,Inactive
EMP041094,Daniel,Johnson,Daniel Johnson,62,Legal,Senior Developer,Boston,73835.65,10765.58,2022-09-02,36,78.6,daniel.johnson@company.com,(246) 265-3021,Inactive
EMP041095,Daniel,Jackson,Daniel Jackson,37,Operations,Lead,New York,52015.34,1254.43,2023-07-07,10,73.6,daniel.jackson@company.com,(913) 951-6857,Active
EMP041096,Emily,Rodriguez,Emily Rodriguez,48,Marketing,Senior Developer,Austin,87950.55,13170.7,2020-08-30,22,61.1,emily.rodriguez@company.com,(816) 600-6186,Active
EMP041097,Jane,Gonzalez,Jane Gonzalez,39,Legal,Lead,New York,58754.12,1078.5,2022-07-25,10,98.3,jane.gonzalez@company.com,(962) 311-5234,Active
EMP041098,James,Rodriguez,James Rodriguez,23,Marketing,Director,Los Angeles,45041.78,4727.4,2021-02-12,0,83.2,james.rodriguez@company.com,(581) 885-6592,Active
EMP041099,Daniel,Martinez,Daniel Martinez,23,HR,Associate,Austin,47525.7,2130.06,2023-03-27,0,57.7,daniel.martinez@company.com,(907) 522-3023,On Leave
EMP041100,Jessica,Rodriguez,Jessica Rodriguez,57,IT,Manager,San Francisco,128285.18,20503.13,2021-06-12,29,94.6,jessica.rodriguez@company.com,(611) 461-9079,Active
EMP041101,Anthony,Moore,Anthony Moore,62,IT,Lead,Austin,99210.76,4343.97,2022-08-27,36,90.8,anthony.moore@company.com,(450) 909-9973,Active
EMP041102,Anthony,Williams,Anthony Williams,30,Sales,Coordinator,Los Angeles,53460.47,3314.0,2022-11-02,1,81.4,anthony.williams@company.com,(417) 728-6688,Inactive
EMP041103,Matthew,Davis,Matthew Davis,26,HR,Associate,Seattle,68482.59,8230.58,2021-03-28,0,77.9,matthew.davis@company.com,(563) 210-7756,Active
EMP041104,William,Lopez,William Lopez,46,Legal,Associate,San Francisco,134110.58,11922.26,2023-12-02,21,73.0,william.lopez@company.com,(539) 317-5747,Active
EMP041105,John,Anderson,John Anderson,25,Engineering,Director,Miami,82256.37,8160.53,2020-10-14,0,89.1,john.anderson@company.com,(970) 450-6996,Inactive
EMP041106,William,Anderson,William Anderson,61,IT,Senior Developer,Seattle,92302.74,23253.25,2023-04-28,38,87.7,william.anderson@company.com,(741) 300-4282,Active
EMP041107,Emily,Anderson,Emily Anderson,24,IT,Specialist,Seattle,59527.6,6554.12,2023-10-17,0,88.7,emily.anderson@company.com,(462) 281-8717,Active
EMP041108,Anthony,Lopez,Anthony Lopez,44,Engineering,Director,Chicago,88195.38,6593.36,2021-02-05,20,83.6,anthony.lopez@company.com,(671) 997-1607,Active
EMP041109,Stephanie,Gonzalez,Stephanie Gonzalez,65,Operations,Coordinator,San Francisco,89519.24,12906.67,2023-06-18,36,71.6,stephanie.gonzalez@company.com,(272) 895-4100,Active
EMP041110,Anthony,Garcia,Anthony Garcia,41,Marketing,Associate,San Francisco,63264.73,2628.15,2021-04-17,17,80.0,anthony.garcia@company.com,(890) 290-2231,Active
EMP041111,David,Williams,David Williams,37,Legal,Senior Developer,Los Angeles,81034.21,10857.08,2022-11-07,12,86.3,david.williams@company.com,(956) 562-2611,Active
EMP041112,Daniel,Moore,Daniel Moore,36,Marketing,Specialist,Seattle,73070.98,8074.67,2023-09-07,14,72.4,daniel.moore@company.com,(737) 478-1419,Active
EMP041113,Sarah,Wilson,Sarah Wilson,49,Operations,Specialist,Seattle,79091.39,701.8,2020-09-04,21,100.0,sarah.wilson@company.com,(638) 709-2752,Active
EMP041114,William,Hernandez,William Hernandez,32,Operations,Senior Developer,Austin,53214.97,6499.7,2024-05-05,10,84.7,william.hernandez@company.com,(773) 571-4258,Active
EMP041115,Amanda,Wilson,Amanda Wilson,23,Engineering,Specialist,Los Angeles,40794.12,5311.45,2021-07-28,0,63.7,amanda.wilson@company.com,(930) 754-7361,Active
EMP041116,Emily,Brown,Emily Brown,52,Sales,Associate,New York,87056.04,7096.1,2022-04-19,28,77.6,emily.brown@company.com,(651) 581-3083,Active
EMP041117,Stephanie,Hernandez,Stephanie Hernandez,30,Sales,Senior Developer,Seattle,85666.31,7283.75,2022-11-11,6,83.9,stephanie.hernandez@company.com,(905) 566-5181,Active
EMP041118,Robert,Smith,Robert Smith,31,Marketing,Coordinator,Seattle,43773.59,4621.76,2020-09-28,4,69.1,robert.smith@company.com,(546) 888-5166,Active
EMP041119,Nicole,Lopez,Nicole Lopez,42,IT,Associate,Boston,71134.42,6881.7,2024-02-29,16,96.6,nicole.lopez@company.com,(390) 926-7314,Active
EMP041120,William,Martin,William Martin,24,HR,Manager,Los Angeles,40673.48,3282.98,2023-11-23,0,62.2,william.martin@company.com,(680) 613-9764,Active
EMP041121,Jessica,Davis,Jessica Davis,43,Finance,Lead,Miami,84340.41,9398.23,2023-04-11,21,73.9,jessica.davis@company.com,(415) 948-2178,Active
EMP041122,Emily,Jones,Emily Jones,44,Operations,Manager,New York,66038.4,7614.37,2024-12-30,17,80.7,emily.jones@company.com,(548) 757-7733,Inactive
EMP041123,Christopher,Martinez,Christopher Martinez,52,HR,Specialist,Boston,96016.84,9048.38,2022-08-09,25,68.9,christopher.martinez@company.com,(866) 244-8185,Active
EMP041124,William,Lopez,William Lopez,26,HR,Specialist,Chicago,50307.46,4628.51,2021-08-26,4,78.6,william.lopez@company.com,(657) 306-9967,Active
EMP041125,James,Thomas,James Thomas,29,Sales,Lead,Seattle,41101.51,4738.29,2022-08-24,6,93.1,james.thomas@company.com,(935) 208-3874,Active
EMP041126,Stephanie,Lopez,Stephanie Lopez,46,Sales,Coordinator,Seattle,77326.3,12225.78,2024-05-26,17,24.2,stephanie.lopez@company.com,(377) 372-3545,Active
EMP041127,Melissa,Anderson,Melissa Anderson,23,Finance,Lead,Boston,53252.96,11704.25,2024-10-20,1,83.2,melissa.anderson@company.com,(539) 378-4426,Active
EMP041128,Sarah,Brown,Sarah Brown,65,Finance,Associate,Boston,108961.36,20655.35,2020-01-03,36,85.8,sarah.brown@company.com,(617) 878-2987,Active
EMP041129,Anthony,Johnson,Anthony Johnson,47,Legal,Specialist,Austin,93275.21,16609.63,2023-07-02,24,86.5,anthony.johnson@company.com,(390) 852-2032,Active
EMP041130,Sarah,Brown,Sarah Brown,60,IT,Analyst,Miami,102684.23,15336.68,2024-01-16,38,88.3,sarah.brown@company.com,(347) 634-9065,Active
EMP041131,Emily,Hernandez,Emily Hernandez,44,Sales,Manager,Seattle,74275.35,12864.72,2020-12-30,15,88.1,emily.hernandez@company.com,(545) 687-4970,Active
EMP041132,James,Thomas,James Thomas,60,Operations,Senior Developer,Miami,60136.83,5258.47,2022-08-01,31,51.9,james.thomas@company.com,(547) 866-2635,Active
EMP041133,John,Williams,John Williams,45,Engineering,Director,Chicago,120512.06,6141.94,2023-02-03,19,75.8,john.williams@company.com,(634) 227-6082,Active
EMP041134,Emily,Hernandez,Emily Hernandez,52,Engineering,Specialist,Boston,89258.92,13468.33,2020-02-08,28,83.4,emily.hernandez@company.com,(421) 232-9250,Active
EMP041135,James,Thomas,James Thomas,45,Engineering,Associate,Austin,100739.16,4450.48,2023-08-13,16,77.6,james.thomas@company.com,(395) 383-6313,Active
EMP041136,Amanda,Jackson,Amanda Jackson,37,Legal,Coordinator,Seattle,92330.02,8239.47,2020-07-29,13,77.2,amanda.jackson@company.com,(517) 341-4844,Active
EMP041137,Melissa,Brown,Melissa Brown,55,Operations,Director,San Francisco,53059.66,3065.25,2020-07-17,32,83.0,melissa.brown@company.com,(440) 203-5080,Active
EMP041138,Daniel,Anderson,Daniel Anderson,43,Engineering,Coordinator,Austin,114721.06,17072.01,2024-12-28,14,47.6,daniel.anderson@company.com,(826) 500-5007,Active
EMP041139,Sarah,Johnson,Sarah Johnson,54,HR,Lead,Seattle,83033.45,6223.12,2021-10-08,31,76.9,sarah.johnson@company.com,(655) 590-2424,Active
EMP041140,Robert,Thomas,Robert Thomas,30,IT,Associate,Los Angeles,73079.6,7323.08,2020-11-28,7,81.7,robert.thomas@company.com,(831) 867-9050,Active
EMP041141,Sarah,Hernandez,Sarah Hernandez,65,Sales,Specialist,Austin,128237.23,15127.04,2020-01-04,37,85.0,sarah.hernandez@company.com,(572) 289-5428,Active
EMP041142,Emily,Martinez,Emily Martinez,32,Marketing,Lead,Boston,83536.35,6853.57,2023-04-17,6,95.6,emily.martinez@company.com,(494) 662-3411,Inactive
EMP041143,John,Lopez,John Lopez,57,HR,Senior Developer,Austin,69613.57,6881.97,2021-11-13,29,94.9,john.lopez@company.com,(749) 558-5469,Active
EMP041144,William,Brown,William Brown,25,Operations,Associate,San Francisco,48794.62,7152.71,2023-07-08,2,68.2,william.brown@company.com,(824) 278-5343,Active
EMP041145,David,Miller,David Miller,39,Finance,Lead,Boston,69416.22,11743.04,2022-07-19,15,67.5,david.miller@company.com,(472) 613-5127,Active
EMP041146,David,Jackson,David Jackson,23,HR,Associate,Austin,42128.88,3843.15,2022-06-17,0,65.4,david.jackson@company.com,(830) 686-1280,Active
EMP041147,Robert,Martinez,Robert Martinez,62,Finance,Analyst,Seattle,80150.51,7887.32,2024-10-14,34,89.1,robert.martinez@company.com,(458) 436-3338,Active
EMP041148,David,Davis,David Davis,30,Operations,Manager,New York,58081.51,6003.27,2023-06-09,8,54.5,david.davis@company.com,(928) 341-2263,Active
EMP041149,Nicole,Hernandez,Nicole Hernandez,30,IT,Manager,Los Angeles,96150.79,5873.19,2023-08-21,6,75.7,nicole.hernandez@company.com,(266) 377-1133,Active
EMP041150,Amanda,Brown,Amanda Brown,31,Engineering,Lead,Miami,40589.32,5643.78,2024-12-06,9,100.0,amanda.brown@company.com,(333) 499-6102,Active
EMP041151,Amanda,Davis,Amanda Davis,28,Legal,Senior Developer,Miami,83306.26,14811.08,2022-04-03,2,87.7,amanda.davis@company.com,(426) 478-9480,Active
EMP041152,William,Moore,William Moore,34,Operations,Associate,Boston,54574.43,7426.37,2020-04-19,7,80.2,william.moore@company.com,(243) 719-5929,Active
EMP041153,Melissa,Martin,Melissa Martin,48,Sales,Analyst,Los Angeles,66458.19,1049.01,2020-09-15,20,71.2,melissa.martin@company.com,(471) 661-8359,Active
EMP041154,Melissa,Johnson,Melissa Johnson,55,Legal,Associate,San Francisco,63902.81,5387.35,2020-12-07,29,89.6,melissa.johnson@company.com,(878) 929-9099,Active
EMP041155,Anthony,Martin,Anthony Martin,49,Finance,Analyst,Miami,106204.69,5833.91,2021-09-25,20,83.3,anthony.martin@company.com,(529) 876-4960,Active
EMP041156,Melissa,Miller,Melissa Miller,27,IT,Associate,Chicago,101532.39,6648.47,2021-02-14,2,66.5,melissa.miller@company.com,(359) 871-8506,Inactive
EMP041157,Nicole,Gonzalez,Nicole Gonzalez,59,Marketing,Specialist,Los Angeles,72414.12,6960.81,2021-04-25,31,98.4,nicole.gonzalez@company.com,(416) 712-8162,Active
EMP041158,Robert,Thomas,Robert Thomas,63,IT,Senior Developer,Boston,121072.79,15866.4,2024-08-20,41,37.9,robert.thomas@company.com,(210) 729-3454,Active
EMP041159,Robert,Taylor,Robert Taylor,50,Legal,Manager,Austin,100732.21,19343.03,2024-05-15,27,66.6,robert.taylor@company.com,(855) 747-9202,Active
EMP041160,David,Moore,David Moore,51,HR,Senior Developer,Seattle,70044.85,5969.75,2022-08-29,23,52.9,david.moore@company.com,(814) 706-1387,Active
EMP041161,Stephanie,Wilson,Stephanie Wilson,33,Finance,Manager,Chicago,106612.17,16217.89,2023-07-28,11,97.2,stephanie.wilson@company.com,(899) 299-8489,Active
EMP041162,James,Martinez,James Martinez,31,Sales,Specialist,Chicago,55356.36,6522.6,2020-10-28,4,68.8,james.martinez@company.com,(298) 914-2148,Active
EMP041163,Emily,Williams,Emily Williams,57,Marketing,Specialist,New York,78330.79,13542.19,2020-04-24,30,67.8,emily.williams@company.com,(962) 686-7146,Active
EMP041164,Emily,Jones,Emily Jones,31,Operations,Director,Austin,64725.11,7164.05,2020-06-05,7,61.7,emily.jones@company.com,(480) 296-2379,Inactive
EMP041165,Nicole,Taylor,Nicole Taylor,24,IT,Associate,Seattle,72806.56,15681.65,2020-10-08,1,80.9,nicole.taylor@company.com,(434) 980-5228,Active
EMP041166,Anthony,Jackson,Anthony Jackson,32,Sales,Specialist,Austin,80834.07,14430.93,2022-09-08,7,58.1,anthony.jackson@company.com,(207) 770-6773,On Leave
EMP041167,Matthew,Martin,Matthew Martin,58,Operations,Lead,Los Angeles,82342.58,7482.11,2021-01-03,31,69.9,matthew.martin@company.com,(821) 529-2103,On Leave
EMP041168,Michael,Wilson,Michael Wilson,51,Engineering,Lead,Chicago,100371.7,12236.31,2022-05-07,22,75.3,michael.wilson@company.com,(522) 241-3346,Active
EMP041169,Lisa,Moore,Lisa Moore,44,IT,Coordinator,Los Angeles,95730.59,4383.77,2024-09-27,21,75.8,lisa.moore@company.com,(208) 346-3128,Active
EMP041170,David,Davis,David Davis,49,Operations,Specialist,Seattle,73684.13,10419.01,2022-10-11,24,89.4,david.davis@company.com,(617) 981-6807,Active
EMP041171,Anthony,Smith,Anthony Smith,34,Finance,Specialist,Chicago,48718.53,2190.3,2023-04-09,12,53.2,anthony.smith@company.com,(379) 677-3817,Active
EMP041172,James,Moore,James Moore,64,Legal,Director,San Francisco,106797.82,18119.47,2021-02-24,35,63.4,james.moore@company.com,(255) 981-3511,On Leave
EMP041173,Sarah,Jackson,Sarah Jackson,40,IT,Coordinator,Seattle,77937.97,10140.97,2021-10-12,17,99.5,sarah.jackson@company.com,(414) 915-6069,Active
EMP041174,Amanda,Hernandez,Amanda Hernandez,53,Sales,Associate,Seattle,58982.21,2326.19,2023-05-29,26,74.4,amanda.hernandez@company.com,(587) 675-4576,Active
EMP041175,James,Jones,James Jones,61,Marketing,Manager,Seattle,96965.03,4187.99,2020-06-21,36,100.0,james.jones@company.com,(590) 418-8647,Active
EMP041176,Michael,Wilson,Michael Wilson,58,Marketing,Manager,San Francisco,80804.39,11020.95,2021-11-09,29,75.9,michael.wilson@company.com,(370) 979-8416,Active
EMP041177,Anthony,Wilson,Anthony Wilson,24,Sales,Senior Developer,Miami,60883.67,8.73,2024-02-05,2,81.8,anthony.wilson@company.com,(284) 281-6003,Active
EMP041178,Jane,Anderson,Jane Anderson,55,Legal,Manager,Austin,100750.36,5980.53,2023-10-09,26,78.7,jane.anderson@company.com,(473) 339-3295,Inactive
EMP041179,Melissa,Martinez,Melissa Martinez,32,Operations,Specialist,New York,49331.41,4429.81,2021-04-07,6,60.6,melissa.martinez@company.com,(847) 738-1359,Active
EMP041180,Jessica,Smith,Jessica Smith,65,Legal,Lead,Los Angeles,94060.85,11189.06,2024-07-02,43,62.9,jessica.smith@company.com,(204) 376-9716,Active
EMP041181,Nicole,Wilson,Nicole Wilson,39,Sales,Analyst,Miami,75817.63,9928.21,2024-03-30,13,52.1,nicole.wilson@company.com,(418) 800-6452,Active
EMP041182,Ashley,Martinez,Ashley Martinez,44,Engineering,Director,Chicago,101186.32,4008.96,2023-03-29,20,87.0,ashley.martinez@company.com,(530) 615-4804,Active
EMP041183,Melissa,Taylor,Melissa Taylor,44,Finance,Director,Austin,92069.91,10303.43,2024-08-01,19,72.4,melissa.taylor@company.com,(339) 532-5878,Active
EMP041184,Stephanie,Johnson,Stephanie Johnson,47,Engineering,Director,Miami,119050.99,8303.26,2020-09-29,24,100.0,stephanie.johnson@company.com,(733) 433-1554,Active
EMP041185,Jane,Garcia,Jane Garcia,45,HR,Analyst,Chicago,62026.02,5011.91,2022-02-25,16,87.6,jane.garcia@company.com,(984) 896-4271,Active
EMP041186,Stephanie,Thomas,Stephanie Thomas,25,IT,Lead,Los Angeles,80159.75,7642.86,2023-10-18,1,91.7,stephanie.thomas@company.com,(986) 767-8357,Active
EMP041187,Anthony,Jackson,Anthony Jackson,50,HR,Director,Seattle,58440.33,4322.2,2022-08-21,21,98.9,anthony.jackson@company.com,(589) 371-4207,Active
EMP041188,Emily,Johnson,Emily Johnson,61,Sales,Coordinator,New York,94937.65,3282.61,2023-04-14,37,69.6,emily.johnson@company.com,(828) 646-7493,Active
EMP041189,Matthew,Jones,Matthew Jones,44,Marketing,Director,New York,75514.26,5657.14,2020-11-06,22,79.5,matthew.jones@company.com,(644) 501-8082,Active
EMP041190,Ashley,Anderson,Ashley Anderson,31,Legal,Director,Seattle,76378.54,7872.0,2020-09-12,9,58.1,ashley.anderson@company.com,(884) 766-7865,Active
EMP041191,David,Johnson,David Johnson,39,Engineering,Senior Developer,Miami,63427.63,6514.26,2021-02-28,11,71.4,david.johnson@company.com,(209) 766-8109,Active
EMP041192,Matthew,Martin,Matthew Martin,38,Legal,Senior Developer,San Francisco,93833.12,7365.94,2023-11-05,13,74.0,matthew.martin@company.com,(472) 951-9630,On Leave
EMP041193,Matthew,Rodriguez,Matthew Rodriguez,63,Finance,Coordinator,Austin,96831.58,18572.71,2023-12-30,38,100.0,matthew.rodriguez@company.com,(680) 985-2142,Active
EMP041194,Jessica,Gonzalez,Jessica Gonzalez,35,Legal,Associate,Seattle,79537.84,776.24,2020-05-30,6,90.0,jessica.gonzalez@company.com,(411) 828-3474,Active
EMP041195,Anthony,Jones,Anthony Jones,62,Finance,Manager,Chicago,123187.28,18076.27,2024-10-14,40,95.0,anthony.jones@company.com,(990) 811-9320,Active
EMP041196,Anthony,Williams,Anthony Williams,35,Finance,Coordinator,Boston,61450.5,4370.03,2021-05-02,12,62.7,anthony.williams@company.com,(293) 897-5044,Active
EMP041197,David,Lopez,David Lopez,33,Engineering,Manager,New York,80091.06,8175.64,2021-11-15,7,53.2,david.lopez@company.com,(563) 427-2263,Active
EMP041198,William,Martin,William Martin,28,IT,Manager,Austin,73095.05,6683.85,2024-05-25,0,77.1,william.martin@company.com,(849) 310-8873,Inactive
EMP041199,Jessica,Thomas,Jessica Thomas,58,Finance,Director,Chicago,85922.23,15125.46,2020-11-29,35,61.7,jessica.thomas@company.com,(327) 503-1659,Active
EMP041200,Sarah,Garcia,Sarah Garcia,42,Operations,Associate,Chicago,50138.63,6814.14,2020-07-09,19,83.1,sarah.garcia@company.com,(285) 597-3615,Active
EMP041201,Jane,Anderson,Jane Anderson,40,IT,Analyst,Seattle,97940.91,8913.38,2023-04-03,15,74.6,jane.anderson@company.com,(496) 677-6436,Active
EMP041202,Emily,Davis,Emily Davis,41,IT,Senior Developer,Los Angeles,75557.25,11442.28,2021-12-05,14,87.3,emily.davis@company.com,(398) 255-3323,On Leave
EMP041203,Nicole,Davis,Nicole Davis,46,Sales,Analyst,New York,113425.79,11312.57,2020-05-15,17,100.0,nicole.davis@company.com,(799) 256-2500,Active
EMP041204,Sarah,Johnson,Sarah Johnson,48,IT,Analyst,Boston,102999.55,11799.59,2021-12-04,19,98.8,sarah.johnson@company.com,(212) 378-4884,Active
EMP041205,Emily,Brown,Emily Brown,50,Finance,Manager,Seattle,89983.82,15237.14,2022-07-25,26,56.5,emily.brown@company.com,(499) 661-8054,Inactive
EMP041206,Robert,Brown,Robert Brown,53,Sales,Associate,Miami,77733.72,10943.05,2024-01-22,25,71.6,robert.brown@company.com,(393) 716-2772,Active
EMP041207,Michael,Gonzalez,Michael Gonzalez,39,Legal,Manager,Boston,103210.69,20737.21,2022-11-22,14,53.3,michael.gonzalez@company.com,(694) 532-4940,Active
EMP041208,Robert,Wilson,Robert Wilson,34,Legal,Lead,Miami,108273.77,17811.88,2022-12-20,8,85.4,robert.wilson@company.com,(689) 868-5928,Active
EMP041209,Anthony,Jones,Anthony Jones,53,Finance,Associate,San Francisco,89803.36,2064.8,2021-06-04,29,53.6,anthony.jones@company.com,(685) 695-3869,Active
EMP041210,Emily,Davis,Emily Davis,46,Sales,Associate,San Francisco,74064.68,6266.18,2020-04-05,19,82.5,emily.davis@company.com,(209) 662-3412,Active
EMP041211,Stephanie,Hernandez,Stephanie Hernandez,45,IT,Lead,Boston,96568.83,14435.03,2021-05-23,17,84.1,stephanie.hernandez@company.com,(982) 945-1114,Active
EMP041212,Ashley,Jones,Ashley Jones,47,Engineering,Senior Developer,Boston,130273.6,8917.18,2021-11-13,24,88.4,ashley.jones@company.com,(992) 911-2852,Active
EMP041213,Lisa,Lopez,Lisa Lopez,42,Engineering,Specialist,Chicago,112674.03,5963.84,2020-11-21,13,69.0,lisa.lopez@company.com,(978) 392-1827,Active
EMP041214,Michael,Jones,Michael Jones,27,HR,Director,San Francisco,49448.88,7197.1,2024-08-09,0,53.6,michael.jones@company.com,(795) 293-3584,Active
EMP041215,Sarah,Lopez,Sarah Lopez,51,IT,Specialist,Miami,86361.37,2533.72,2023-08-16,22,69.7,sarah.lopez@company.com,(720) 354-2497,Active
EMP041216,Robert,Smith,Robert Smith,64,Operations,Manager,Miami,84549.8,10116.49,2022-03-20,35,81.0,robert.smith@company.com,(591) 469-3121,On Leave
EMP041217,Nicole,Taylor,Nicole Taylor,25,Engineering,Coordinator,New York,67970.11,11523.89,2021-11-21,3,77.3,nicole.taylor@company.com,(214) 372-8024,Active
EMP041218,Stephanie,Moore,Stephanie Moore,28,Operations,Coordinator,Miami,43827.85,2423.16,2022-05-26,3,88.3,stephanie.moore@company.com,(241) 896-7244,Active
EMP041219,Nicole,Rodriguez,Nicole Rodriguez,47,HR,Director,New York,76428.57,1779.91,2024-03-16,18,100.0,nicole.rodriguez@company.com,(621) 876-5771,Inactive
EMP041220,Michael,Lopez,Michael Lopez,56,IT,Analyst,Boston,117073.27,16709.18,2021-01-10,27,63.6,michael.lopez@company.com,(716) 372-3681,Active
EMP041221,Robert,Wilson,Robert Wilson,47,Marketing,Director,Austin,93940.8,1702.67,2022-03-06,20,86.3,robert.wilson@company.com,(931) 654-9322,Active
EMP041222,William,Johnson,William Johnson,46,Engineering,Coordinator,Chicago,104702.69,12754.89,2024-06-29,18,77.1,william.johnson@company.com,(690) 791-1869,Active
EMP041223,Sarah,Davis,Sarah Davis,36,Legal,Director,Seattle,87223.6,6322.39,2023-09-26,10,92.9,sarah.davis@company.com,(926) 875-3780,Active
EMP041224,Ashley,Rodriguez,Ashley Rodriguez,62,Sales,Specialist,Austin,101760.64,15480.88,2023-04-19,39,67.9,ashley.rodriguez@company.com,(366) 952-5344,Active
EMP041225,William,Miller,William Miller,25,Legal,Coordinator,Austin,87598.87,9740.55,2023-07-07,3,100.0,william.miller@company.com,(753) 729-7212,Active
EMP041226,Jane,Jones,Jane Jones,55,Sales,Lead,Seattle,106136.88,9532.8,2021-10-18,28,65.5,jane.jones@company.com,(301) 882-2929,Active
EMP041227,Jane,Moore,Jane Moore,57,Operations,Manager,Chicago,67985.8,11894.15,2022-07-28,29,78.4,jane.moore@company.com,(904) 403-2823,Active
EMP041228,Stephanie,Jones,Stephanie Jones,24,Marketing,Associate,San Francisco,74850.02,12528.08,2023-03-03,0,68.4,stephanie.jones@company.com,(469) 690-2631,Active
EMP041229,Jessica,Wilson,Jessica Wilson,30,Engineering,Lead,Boston,92254.08,4729.86,2023-02-12,4,88.9,jessica.wilson@company.com,(619) 527-2362,Active
EMP041230,Anthony,Brown,Anthony Brown,26,Marketing,Lead,Los Angeles,47995.21,4620.59,2020-04-06,1,71.5,anthony.brown@company.com,(850) 771-9687,Active
EMP041231,Robert,Wilson,Robert Wilson,65,Sales,Director,Seattle,92601.31,5553.4,2024-10-05,38,60.1,robert.wilson@company.com,(546) 500-8470,Active
EMP041232,Jane,Hernandez,Jane Hernandez,65,Sales,Lead,New York,92702.73,10247.74,2024-07-25,36,79.1,jane.hernandez@company.com,(903) 370-7555,Active
EMP041233,Sarah,Lopez,Sarah Lopez,53,Engineering,Specialist,Los Angeles,115652.15,12320.83,2021-11-28,24,57.3,sarah.lopez@company.com,(609) 951-5110,Active
EMP041234,Jane,Moore,Jane Moore,57,Legal,Coordinator,Austin,102867.86,8127.51,2020-12-24,31,100.0,jane.moore@company.com,(995) 841-4345,Active
EMP041235,William,Anderson,William Anderson,27,Finance,Associate,Los Angeles,86842.07,9304.69,2020-05-26,0,75.5,william.anderson@company.com,(231) 957-7713,Active
EMP041236,David,Gonzalez,David Gonzalez,40,Marketing,Senior Developer,Miami,64805.04,4227.72,2021-01-02,16,83.0,david.gonzalez@company.com,(756) 350-9719,Active
EMP041237,Christopher,Jones,Christopher Jones,40,IT,Specialist,New York,86319.82,9086.16,2021-10-27,12,73.7,christopher.jones@company.com,(214) 751-2575,Active
EMP041238,David,Martinez,David Martinez,44,Marketing,Associate,Chicago,73558.12,4849.59,2023-12-25,21,81.5,david.martinez@company.com,(871) 359-9094,Active
EMP041239,Sarah,Rodriguez,Sarah Rodriguez,49,IT,Analyst,San Francisco,103254.96,10111.33,2021-03-03,27,76.9,sarah.rodriguez@company.com,(200) 382-8596,Active
EMP041240,David,Williams,David Williams,27,Legal,Lead,New York,77860.88,0.0,2024-07-12,1,93.4,david.williams@company.com,(539) 295-7435,Active
EMP041241,Matthew,Williams,Matthew Williams,53,Finance,Associate,Austin,95962.66,6871.38,2020-03-01,30,83.1,matthew.williams@company.com,(830) 235-4059,Active
EMP041242,David,Thomas,David Thomas,48,Legal,Coordinator,New York,91336.96,6387.79,2021-12-14,21,44.4,david.thomas@company.com,(530) 922-7628,Active
EMP041243,Ashley,Moore,Ashley Moore,46,Marketing,Senior Developer,Chicago,63820.26,7662.92,2021-08-22,19,68.4,ashley.moore@company.com,(494) 535-4138,Active
EMP041244,Amanda,Martin,Amanda Martin,48,Marketing,Analyst,Chicago,85164.95,5391.52,2024-06-19,20,97.7,amanda.martin@company.com,(753) 544-1348,Inactive
EMP041245,Lisa,Smith,Lisa Smith,64,IT,Associate,Chicago,97651.0,3256.38,2022-07-29,35,70.7,lisa.smith@company.com,(613) 903-6349,Active
EMP041246,Ashley,Smith,Ashley Smith,33,Operations,Manager,New York,76643.83,7466.21,2023-08-10,8,62.8,ashley.smith@company.com,(649) 821-9489,Active
EMP041247,David,Jackson,David Jackson,38,Legal,Specialist,Miami,76248.37,3869.5,2021-04-06,10,74.1,david.jackson@company.com,(544) 919-5588,On Leave
EMP041248,James,Lopez,James Lopez,60,IT,Manager,Miami,110524.67,13557.7,2021-03-08,34,61.2,james.lopez@company.com,(894) 672-5739,Active
EMP041249,Sarah,Lopez,Sarah Lopez,26,Marketing,Coordinator,Seattle,49272.2,6422.19,2023-05-01,0,61.1,sarah.lopez@company.com,(501) 951-2064,Active
EMP041250,Michael,Smith,Michael Smith,45,HR,Lead,Miami,73836.37,9504.33,2023-01-21,18,76.3,michael.smith@company.com,(904) 961-3161,Active
EMP041251,Michael,Taylor,Michael Taylor,23,Engineering,Analyst,Austin,82639.63,7555.58,2023-03-10,0,85.6,michael.taylor@company.com,(578) 927-2917,Active
EMP041252,John,Martin,John Martin,58,Marketing,Director,San Francisco,77976.86,13835.84,2023-03-15,35,69.0,john.martin@company.com,(727) 845-9064,Active
EMP041253,John,Miller,John Miller,36,Legal,Manager,Seattle,61774.25,7900.05,2021-04-24,10,67.8,john.miller@company.com,(218) 263-6246,Active
EMP041254,William,Jackson,William Jackson,59,Legal,Manager,Austin,121457.05,17830.23,2021-11-17,35,55.8,william.jackson@company.com,(823) 688-5357,Active
EMP041255,Anthony,Brown,Anthony Brown,44,Operations,Analyst,Austin,66361.25,7685.84,2022-11-22,17,79.6,anthony.brown@company.com,(211) 217-3602,Active
EMP041256,Christopher,Jones,Christopher Jones,51,Operations,Manager,Boston,57863.47,2435.33,2022-06-07,22,69.0,christopher.jones@company.com,(262) 827-5070,Active
EMP041257,Amanda,Anderson,Amanda Anderson,54,Sales,Associate,San Francisco,95821.52,15130.29,2020-02-24,30,77.3,amanda.anderson@company.com,(582) 692-9156,Active
EMP041258,John,Gonzalez,John Gonzalez,63,HR,Associate,Boston,74741.42,9377.06,2021-03-10,40,58.3,john.gonzalez@company.com,(649) 772-9114,Active
EMP041259,Robert,Johnson,Robert Johnson,33,Marketing,Senior Developer,New York,62169.29,7730.64,2023-02-17,10,67.3,robert.johnson@company.com,(853) 617-5682,Inactive
EMP041260,John,Miller,John Miller,39,Sales,Coordinator,New York,63034.86,2619.14,2023-08-25,17,80.8,john.miller@company.com,(310) 650-5853,Active
EMP041261,Nicole,Miller,Nicole Miller,56,Marketing,Lead,San Francisco,88118.17,15829.04,2022-08-10,31,68.4,nicole.miller@company.com,(417) 920-2803,Active
EMP041262,Jane,Wilson,Jane Wilson,47,IT,Coordinator,Los Angeles,114230.24,11729.51,2022-11-22,23,36.9,jane.wilson@company.com,(806) 874-2489,On Leave
EMP041263,Michael,Davis,Michael Davis,46,IT,Manager,Seattle,85022.99,6835.74,2022-08-13,22,79.2,michael.davis@company.com,(911) 946-4593,Active
EMP041264,Michael,Garcia,Michael Garcia,50,Legal,Specialist,San Francisco,132189.23,7279.3,2022-04-10,21,46.6,michael.garcia@company.com,(552) 846-1372,Active
EMP041265,Sarah,Wilson,Sarah Wilson,47,Finance,Lead,Miami,79098.53,9741.11,2020-11-30,18,85.0,sarah.wilson@company.com,(274) 871-1347,Active
EMP041266,Lisa,Brown,Lisa Brown,44,Legal,Senior Developer,New York,125059.18,12618.54,2022-05-29,18,90.1,lisa.brown@company.com,(439) 520-2101,Active
EMP041267,Jessica,Jackson,Jessica Jackson,57,Sales,Associate,Chicago,69002.46,6258.96,2022-04-29,29,50.8,jessica.jackson@company.com,(749) 851-5426,Inactive
EMP041268,Daniel,Lopez,Daniel Lopez,44,IT,Coordinator,Los Angeles,102099.83,16814.89,2022-12-09,22,69.6,daniel.lopez@company.com,(558) 843-4311,Active
EMP041269,Jane,Wilson,Jane Wilson,48,Legal,Analyst,New York,117408.46,3286.02,2024-04-16,23,67.5,jane.wilson@company.com,(239) 383-9201,Active
EMP041270,Christopher,Smith,Christopher Smith,26,HR,Director,Seattle,55751.44,8006.28,2024-03-19,1,79.6,christopher.smith@company.com,(610) 353-1448,Active
EMP041271,Ashley,Rodriguez,Ashley Rodriguez,59,Operations,Associate,Miami,77716.03,3911.12,2024-10-08,37,75.6,ashley.rodriguez@company.com,(975) 765-2147,Active
EMP041272,Lisa,Williams,Lisa Williams,44,IT,Senior Developer,New York,86042.32,10345.39,2024-08-10,15,52.0,lisa.williams@company.com,(977) 529-3628,Active
EMP041273,Emily,Garcia,Emily Garcia,52,HR,Manager,Austin,84833.49,4216.48,2022-06-15,25,64.7,emily.garcia@company.com,(675) 642-6622,Active
EMP041274,David,Jones,David Jones,27,Finance,Associate,Seattle,87962.71,10923.7,2022-07-26,0,55.6,david.jones@company.com,(504) 442-4429,Active
EMP041275,Michael,Moore,Michael Moore,55,Operations,Associate,Austin,70252.27,8718.31,2022-04-27,26,72.0,michael.moore@company.com,(912) 207-1345,Active
EMP041276,Robert,Thomas,Robert Thomas,46,Engineering,Senior Developer,Boston,93450.85,16702.86,2024-11-19,17,73.2,robert.thomas@company.com,(466) 797-7042,Active
EMP041277,Emily,Williams,Emily Williams,34,Finance,Manager,Los Angeles,69258.6,11211.18,2020-06-13,5,78.4,emily.williams@company.com,(998) 872-3895,Active
EMP041278,Christopher,Smith,Christopher Smith,62,IT,Director,San Francisco,116760.76,15166.54,2023-11-07,34,82.6,christopher.smith@company.com,(876) 428-7804,Active
EMP041279,Lisa,Williams,Lisa Williams,58,Engineering,Director,Austin,94873.99,10577.64,2024-05-13,36,65.9,lisa.williams@company.com,(756) 961-7911,Active
EMP041280,James,Wilson,James Wilson,38,Operations,Coordinator,Boston,52380.96,7939.01,2024-02-07,16,67.3,james.wilson@company.com,(422) 224-3252,Active
EMP041281,Anthony,Thomas,Anthony Thomas,37,Marketing,Lead,Miami,44542.48,3481.42,2021-04-19,11,90.2,anthony.thomas@company.com,(510) 923-5182,Active
EMP041282,John,Lopez,John Lopez,45,Sales,Associate,Miami,73080.85,5370.67,2023-05-20,19,78.4,john.lopez@company.com,(279) 633-6368,Active
EMP041283,Melissa,Smith,Melissa Smith,36,Operations,Manager,Boston,60910.69,10224.91,2024-12-14,13,70.5,melissa.smith@company.com,(784) 916-2192,Active
EMP041284,Melissa,Hernandez,Melissa Hernandez,59,Marketing,Senior Developer,Austin,64678.25,6861.64,2024-12-23,31,44.6,melissa.hernandez@company.com,(673) 770-4750,Active
EMP041285,Christopher,Smith,Christopher Smith,47,Marketing,Manager,Austin,80465.22,8571.62,2023-05-17,18,98.5,christopher.smith@company.com,(783) 315-2141,Inactive
EMP041286,Jessica,Martinez,Jessica Martinez,29,Marketing,Manager,Austin,57921.55,3897.98,2020-07-01,1,74.6,jessica.martinez@company.com,(975) 902-7541,Active
EMP041287,Lisa,Martin,Lisa Martin,58,Engineering,Manager,Seattle,95851.53,9695.58,2021-10-04,31,89.4,lisa.martin@company.com,(490) 860-8285,Active
EMP041288,Nicole,Jackson,Nicole Jackson,27,HR,Associate,Chicago,62376.39,6965.92,2024-03-28,5,80.9,nicole.jackson@company.com,(711) 672-2805,Active
EMP041289,Robert,Rodriguez,Robert Rodriguez,44,Sales,Director,New York,55667.47,8126.08,2022-04-05,17,72.8,robert.rodriguez@company.com,(962) 908-2493,Active
EMP041290,Daniel,Smith,Daniel Smith,50,Sales,Senior Developer,New York,113557.74,6355.96,2021-04-14,23,74.7,daniel.smith@company.com,(265) 561-7234,Active
EMP041291,Amanda,Brown,Amanda Brown,40,IT,Manager,Boston,124727.34,20224.69,2022-07-10,18,71.6,amanda.brown@company.com,(580) 229-7644,Active
EMP041292,Melissa,Smith,Melissa Smith,40,Sales,Analyst,Miami,84596.32,13364.16,2024-12-17,17,41.3,melissa.smith@company.com,(247) 498-6966,Active
EMP041293,Amanda,Smith,Amanda Smith,50,Operations,Manager,Los Angeles,61805.98,7689.21,2023-02-07,23,39.3,amanda.smith@company.com,(328) 770-2463,Active
EMP041294,Robert,Smith,Robert Smith,23,IT,Manager,New York,71155.84,5888.52,2021-11-14,0,79.3,robert.smith@company.com,(852) 608-5335,Active
EMP041295,Amanda,Thomas,Amanda Thomas,23,Marketing,Coordinator,Seattle,31810.01,5264.01,2023-11-28,0,85.9,amanda.thomas@company.com,(776) 694-8856,Active
EMP041296,Melissa,Rodriguez,Melissa Rodriguez,33,Finance,Analyst,Miami,84270.64,6294.0,2022-06-13,7,100.0,melissa.rodriguez@company.com,(763) 362-3481,Active
EMP041297,Ashley,Garcia,Ashley Garcia,48,IT,Director,Los Angeles,104429.89,694.12,2024-10-26,20,90.0,ashley.garcia@company.com,(269) 511-2434,Active
EMP041298,Anthony,Miller,Anthony Miller,62,IT,Lead,New York,83792.46,13089.71,2022-05-23,39,83.9,anthony.miller@company.com,(458) 649-4802,Active
EMP041299,Christopher,Thomas,Christopher Thomas,32,Legal,Manager,Los Angeles,76750.16,3897.77,2021-10-10,7,71.9,christopher.thomas@company.com,(274) 734-4706,Inactive
EMP041300,Stephanie,Anderson,Stephanie Anderson,35,IT,Specialist,Los Angeles,70348.42,2458.54,2024-11-23,10,89.7,stephanie.anderson@company.com,(742) 732-7620,Active
EMP041301,Daniel,Hernandez,Daniel Hernandez,42,HR,Analyst,Miami,74451.57,6558.17,2022-01-22,18,60.7,daniel.hernandez@company.com,(616) 531-3227,Active
EMP041302,William,Gonzalez,William Gonzalez,27,Marketing,Coordinator,Boston,64918.39,4567.35,2022-02-03,1,74.3,william.gonzalez@company.com,(796) 797-2669,Active
EMP041303,David,Brown,David Brown,46,Marketing,Lead,Boston,54308.25,2259.19,2023-04-03,24,48.6,david.brown@company.com,(524) 844-4685,Active
EMP041304,Sarah,Smith,Sarah Smith,32,Operations,Senior Developer,Los Angeles,56669.5,8332.56,2021-07-21,9,66.4,sarah.smith@company.com,(213) 949-3746,Active
EMP041305,Lisa,Jackson,Lisa Jackson,45,Marketing,Coordinator,Austin,79418.38,10959.96,2021-07-05,18,96.2,lisa.jackson@company.com,(646) 662-4944,Inactive
EMP041306,Daniel,Hernandez,Daniel Hernandez,64,Engineering,Coordinator,San Francisco,102737.08,8800.4,2022-11-15,35,55.3,daniel.hernandez@company.com,(791) 876-5043,Active
EMP041307,Robert,Moore,Robert Moore,36,Marketing,Analyst,Miami,50983.03,2283.01,2020-03-02,8,72.5,robert.moore@company.com,(729) 819-4658,Inactive
EMP041308,Michael,Martin,Michael Martin,50,Legal,Manager,Chicago,132504.97,18344.7,2023-11-10,28,62.0,michael.martin@company.com,(707) 509-5667,Active
EMP041309,Robert,Anderson,Robert Anderson,26,Operations,Analyst,Los Angeles,55283.96,2535.07,2024-09-19,1,87.5,robert.anderson@company.com,(974) 519-5096,Inactive
EMP041310,Amanda,Miller,Amanda Miller,38,Marketing,Associate,Austin,63868.02,7507.3,2022-08-24,15,68.3,amanda.miller@company.com,(874) 213-6106,Active
EMP041311,Anthony,Anderson,Anthony Anderson,53,Operations,Specialist,Boston,59905.95,10660.48,2022-09-25,26,70.1,anthony.anderson@company.com,(624) 996-7981,On Leave
EMP041312,David,Wilson,David Wilson,24,Marketing,Specialist,Chicago,70707.34,5585.28,2021-01-25,0,56.4,david.wilson@company.com,(246) 724-1469,Active
EMP041313,Robert,Williams,Robert Williams,33,HR,Analyst,Chicago,69574.5,7054.87,2024-11-11,11,82.2,robert.williams@company.com,(388) 992-5104,Active
EMP041314,William,Anderson,William Anderson,37,Sales,Analyst,Boston,68388.74,5723.08,2022-10-05,11,31.8,william.anderson@company.com,(298) 744-3803,Active
EMP041315,James,Jackson,James Jackson,61,Engineering,Manager,Los Angeles,99222.56,8351.29,2024-01-19,38,45.6,james.jackson@company.com,(544) 612-3535,Active
EMP041316,Melissa,Smith,Melissa Smith,38,HR,Lead,Boston,56550.12,3659.42,2024-02-04,14,53.5,melissa.smith@company.com,(697) 442-8762,Active
EMP041317,Sarah,Moore,Sarah Moore,40,Legal,Analyst,Chicago,74754.55,4353.66,2022-09-30,14,61.2,sarah.moore@company.com,(307) 552-7279,Active
EMP041318,Amanda,Lopez,Amanda Lopez,48,Marketing,Coordinator,Boston,84650.0,6573.34,2022-04-14,26,99.7,amanda.lopez@company.com,(516) 620-2205,Active
EMP041319,Melissa,Taylor,Melissa Taylor,28,Engineering,Senior Developer,San Francisco,73792.02,3994.29,2024-05-28,1,62.1,melissa.taylor@company.com,(595) 539-1437,Active
EMP041320,Jane,Garcia,Jane Garcia,33,Operations,Manager,Boston,51299.92,7669.93,2021-12-06,10,59.7,jane.garcia@company.com,(497) 724-2858,Active
EMP041321,Christopher,Garcia,Christopher Garcia,40,Finance,Senior Developer,San Francisco,46767.55,5328.23,2021-09-01,15,68.5,christopher.garcia@company.com,(558) 376-8369,Active
EMP041322,Michael,Thomas,Michael Thomas,45,Marketing,Associate,Los Angeles,66152.6,16780.69,2020-10-18,23,100.0,michael.thomas@company.com,(290) 361-3958,Active
EMP041323,John,Smith,John Smith,51,Finance,Specialist,Miami,91909.05,11626.87,2024-10-03,28,72.6,john.smith@company.com,(330) 313-4092,Active
EMP041324,James,Martinez,James Martinez,25,Legal,Analyst,Austin,63119.82,2853.58,2023-02-22,0,74.1,james.martinez@company.com,(531) 920-8460,Active
EMP041325,Stephanie,Moore,Stephanie Moore,38,Finance,Senior Developer,New York,80381.17,0.0,2020-03-13,9,78.1,stephanie.moore@company.com,(359) 605-4105,Active
EMP041326,James,Miller,James Miller,52,Engineering,Lead,Austin,64854.43,3562.68,2022-04-27,30,64.2,james.miller@company.com,(688) 501-4482,Active
EMP041327,Matthew,Rodriguez,Matthew Rodriguez,47,Legal,Analyst,Chicago,86714.62,2337.88,2023-07-23,19,80.3,matthew.rodriguez@company.com,(709) 463-8869,Active
EMP041328,Melissa,Taylor,Melissa Taylor,62,Marketing,Coordinator,Boston,99356.68,16615.8,2022-10-05,38,74.1,melissa.taylor@company.com,(249) 428-6525,Active
EMP041329,Anthony,Davis,Anthony Davis,53,Finance,Analyst,Los Angeles,92334.73,14756.97,2021-04-19,26,65.5,anthony.davis@company.com,(724) 480-7487,Active
EMP041330,Emily,Johnson,Emily Johnson,45,HR,Senior Developer,Los Angeles,68052.48,1976.44,2020-03-31,18,63.4,emily.johnson@company.com,(576) 321-8144,Active
EMP041331,Anthony,Anderson,Anthony Anderson,43,Operations,Director,Los Angeles,64975.0,7794.64,2021-06-15,20,59.5,anthony.anderson@company.com,(227) 707-4918,Active
EMP041332,Christopher,Thomas,Christopher Thomas,35,Engineering,Director,Miami,57940.16,5406.58,2022-08-02,7,76.9,christopher.thomas@company.com,(501) 238-3104,Inactive
EMP041333,Christopher,Brown,Christopher Brown,62,Sales,Associate,Austin,103075.4,10757.17,2024-09-15,33,60.1,christopher.brown@company.com,(858) 352-7508,Active
EMP041334,James,Williams,James Williams,26,IT,Lead,Los Angeles,66016.92,4904.12,2024-05-18,3,94.0,james.williams@company.com,(616) 347-5127,Active
EMP041335,Sarah,Johnson,Sarah Johnson,24,Legal,Coordinator,Chicago,46797.18,5478.51,2022-03-22,0,72.4,sarah.johnson@company.com,(289) 355-5748,Active
EMP041336,Ashley,Williams,Ashley Williams,48,Finance,Lead,Boston,93213.67,9226.8,2024-06-08,21,88.3,ashley.williams@company.com,(333) 674-1165,Active
EMP041337,Jane,Johnson,Jane Johnson,31,Finance,Director,San Francisco,71187.32,4027.6,2023-09-24,7,72.0,jane.johnson@company.com,(882) 259-6791,Active
EMP041338,Melissa,Anderson,Melissa Anderson,65,Marketing,Specialist,Boston,98929.12,4569.68,2021-12-19,41,63.4,melissa.anderson@company.com,(245) 409-2116,Active
EMP041339,Lisa,Taylor,Lisa Taylor,61,IT,Manager,Seattle,127418.78,17090.43,2020-01-04,34,100.0,lisa.taylor@company.com,(634) 958-5522,On Leave
EMP041340,Emily,Lopez,Emily Lopez,52,Engineering,Manager,Miami,105598.21,12699.95,2023-11-01,26,92.1,emily.lopez@company.com,(797) 531-6903,Active
EMP041341,Melissa,Jones,Melissa Jones,60,HR,Coordinator,Miami,84873.82,6512.25,2023-04-06,37,82.6,melissa.jones@company.com,(451) 823-8206,Active
EMP041342,David,Brown,David Brown,42,Legal,Coordinator,Miami,90612.27,19247.92,2023-03-07,19,71.6,david.brown@company.com,(320) 882-9139,Active
EMP041343,Michael,Lopez,Michael Lopez,35,Finance,Director,San Francisco,109480.21,15766.63,2023-11-02,9,91.2,michael.lopez@company.com,(958) 506-6601,Active
EMP041344,Daniel,Hernandez,Daniel Hernandez,29,IT,Director,Los Angeles,51407.32,6219.19,2021-02-23,1,90.7,daniel.hernandez@company.com,(773) 910-5562,Inactive
EMP041345,Ashley,Jones,Ashley Jones,39,Operations,Coordinator,Los Angeles,28066.99,2885.64,2023-06-10,17,80.3,ashley.jones@company.com,(459) 297-8493,Active
EMP041346,Matthew,Brown,Matthew Brown,37,Engineering,Senior Developer,Seattle,94030.42,15592.53,2023-04-12,14,80.7,matthew.brown@company.com,(906) 224-3849,Active
EMP041347,Stephanie,Taylor,Stephanie Taylor,28,HR,Senior Developer,Chicago,70390.68,10090.28,2022-07-21,4,93.4,stephanie.taylor@company.com,(213) 664-7963,Active
EMP041348,Jessica,Garcia,Jessica Garcia,36,Finance,Manager,Austin,83617.6,10280.49,2022-11-07,11,58.2,jessica.garcia@company.com,(921) 310-7099,Active
EMP041349,Ashley,Davis,Ashley Davis,43,HR,Coordinator,New York,86612.95,8037.51,2022-10-07,18,67.4,ashley.davis@company.com,(930) 510-7792,Inactive
EMP041350,Matthew,Taylor,Matthew Taylor,45,Marketing,Senior Developer,San Francisco,66960.82,5654.34,2022-02-13,23,40.7,matthew.taylor@company.com,(572) 463-4464,Active
EMP041351,Jane,Jones,Jane Jones,62,Finance,Senior Developer,Seattle,56860.16,6077.15,2024-11-11,34,68.4,jane.jones@company.com,(237) 464-2742,Active
EMP041352,James,Hernandez,James Hernandez,54,IT,Senior Developer,Los Angeles,132939.37,9253.83,2024-10-05,26,74.3,james.hernandez@company.com,(221) 772-7216,Active
EMP041353,David,Gonzalez,David Gonzalez,44,Engineering,Lead,San Francisco,103239.95,3235.07,2021-05-25,22,51.4,david.gonzalez@company.com,(729) 862-6553,Active
EMP041354,William,Taylor,William Taylor,61,Operations,Director,New York,72819.75,3365.3,2023-10-29,36,84.0,william.taylor@company.com,(643) 830-8657,Active
EMP041355,William,Brown,William Brown,59,IT,Lead,Miami,94363.65,18658.7,2020-06-11,36,65.2,william.brown@company.com,(203) 867-7064,Inactive
EMP041356,Matthew,Davis,Matthew Davis,26,Legal,Lead,Los Angeles,74385.43,5113.3,2023-11-25,2,64.1,matthew.davis@company.com,(261) 965-7575,Active
EMP041357,Nicole,Wilson,Nicole Wilson,22,Marketing,Associate,Austin,60170.33,4995.93,2020-01-26,0,94.6,nicole.wilson@company.com,(462) 644-8498,Active
EMP041358,Nicole,Brown,Nicole Brown,31,Marketing,Director,Chicago,47154.8,3099.1,2023-07-14,9,92.3,nicole.brown@company.com,(541) 570-1918,Active
EMP041359,James,Jones,James Jones,58,Engineering,Lead,San Francisco,90689.15,0.0,2024-03-31,35,71.7,james.jones@company.com,(735) 886-7286,Inactive
EMP041360,Emily,Moore,Emily Moore,54,Sales,Associate,Boston,38156.36,4734.35,2024-01-21,28,100.0,emily.moore@company.com,(469) 895-8208,Inactive
EMP041361,Jessica,Davis,Jessica Davis,45,IT,Lead,Miami,91722.71,6207.73,2022-06-18,22,66.1,jessica.davis@company.com,(487) 307-2008,Inactive
EMP041362,Jessica,Jackson,Jessica Jackson,34,Legal,Analyst,Los Angeles,114188.0,10720.84,2021-06-05,10,52.5,jessica.jackson@company.com,(540) 722-4263,Active
EMP041363,Nicole,Garcia,Nicole Garcia,55,HR,Lead,Boston,80576.61,8196.24,2023-12-03,26,73.8,nicole.garcia@company.com,(346) 256-2452,Active
EMP041364,Michael,Brown,Michael Brown,55,IT,Senior Developer,Chicago,77413.15,14457.83,2021-09-04,30,39.2,michael.brown@company.com,(621) 831-3649,Active
EMP041365,James,Brown,James Brown,30,IT,Specialist,San Francisco,69165.06,8241.48,2024-05-31,3,58.3,james.brown@company.com,(489) 690-5751,Active
EMP041366,Daniel,Thomas,Daniel Thomas,36,Legal,Director,Los Angeles,85030.04,12434.92,2023-04-10,7,59.9,daniel.thomas@company.com,(755) 716-9778,Active
EMP041367,Lisa,Thomas,Lisa Thomas,52,Sales,Specialist,Boston,86615.84,8833.57,2022-05-02,25,47.7,lisa.thomas@company.com,(833) 305-8916,Active
EMP041368,Sarah,Thomas,Sarah Thomas,35,Marketing,Lead,Los Angeles,54871.41,8360.09,2024-02-03,10,85.9,sarah.thomas@company.com,(256) 976-6304,Active
EMP041369,Jane,Miller,Jane Miller,37,Finance,Specialist,Chicago,85351.52,2481.02,2021-11-11,11,100.0,jane.miller@company.com,(209) 615-6534,Active
EMP041370,Emily,Davis,Emily Davis,53,Marketing,Director,San Francisco,65501.15,8278.82,2022-08-01,28,68.9,emily.davis@company.com,(541) 574-9597,Active
EMP041371,Amanda,Martin,Amanda Martin,42,Legal,Associate,Austin,99649.79,192.34,2021-11-21,15,73.2,amanda.martin@company.com,(314) 662-5633,Active
EMP041372,Anthony,Wilson,Anthony Wilson,52,IT,Coordinator,Austin,100394.01,12000.0,2021-07-21,28,67.6,anthony.wilson@company.com,(218) 378-6608,Active
EMP041373,Robert,Gonzalez,Robert Gonzalez,30,Marketing,Coordinator,Seattle,55858.11,4897.13,2022-05-25,6,63.0,robert.gonzalez@company.com,(358) 715-6037,Active
EMP041374,John,Martin,John Martin,58,Marketing,Coordinator,Seattle,114778.86,12501.34,2023-05-20,33,79.5,john.martin@company.com,(207) 301-5106,Active
EMP041375,John,Anderson,John Anderson,25,Marketing,Director,Miami,70057.67,12057.03,2024-06-06,0,57.1,john.anderson@company.com,(895) 570-9197,Active
EMP041376,Daniel,Martin,Daniel Martin,29,IT,Associate,Los Angeles,91396.82,10790.53,2021-12-12,7,56.4,daniel.martin@company.com,(687) 784-2142,Active
EMP041377,Jane,Brown,Jane Brown,48,HR,Manager,Miami,81268.42,4404.2,2021-11-21,26,86.7,jane.brown@company.com,(892) 912-8463,Inactive
EMP041378,James,Thomas,James Thomas,30,HR,Lead,Boston,64947.06,3401.46,2023-04-11,3,84.3,james.thomas@company.com,(628) 818-1159,Active
EMP041379,Sarah,Martin,Sarah Martin,56,Sales,Analyst,Los Angeles,89859.06,6097.32,2020-07-16,29,88.0,sarah.martin@company.com,(281) 406-2900,Active
EMP041380,David,Garcia,David Garcia,24,Sales,Director,Chicago,57295.06,942.66,2022-11-27,2,92.8,david.garcia@company.com,(531) 246-1013,Active
EMP041381,John,Martin,John Martin,31,Finance,Analyst,Boston,98165.33,7651.32,2022-12-11,7,70.7,john.martin@company.com,(396) 250-6027,Active
EMP041382,Daniel,Hernandez,Daniel Hernandez,31,Engineering,Associate,Chicago,98991.1,14676.85,2024-10-07,2,73.8,daniel.hernandez@company.com,(524) 920-6710,Active
EMP041383,William,Taylor,William Taylor,27,Finance,Senior Developer,Austin,73690.31,8559.18,2022-04-09,0,68.4,william.taylor@company.com,(365) 796-8537,Active
EMP041384,Amanda,Miller,Amanda Miller,37,HR,Director,New York,55165.35,7528.44,2020-02-18,12,45.5,amanda.miller@company.com,(343) 282-7471,On Leave
EMP041385,Emily,Jackson,Emily Jackson,34,Marketing,Manager,San Francisco,62008.74,4454.63,2024-11-10,12,92.0,emily.jackson@company.com,(606) 802-5668,Active
EMP041386,Stephanie,Hernandez,Stephanie Hernandez,36,Legal,Coordinator,New York,110081.66,14171.0,2022-03-17,12,64.5,stephanie.hernandez@company.com,(208) 421-5834,Active
EMP041387,Emily,Moore,Emily Moore,25,Marketing,Manager,Austin,55996.01,9252.05,2022-12-07,3,72.1,emily.moore@company.com,(572) 728-7910,Inactive
EMP041388,Ashley,Thomas,Ashley Thomas,56,IT,Lead,Miami,127694.15,5951.2,2024-08-30,29,60.1,ashley.thomas@company.com,(282) 208-4269,Active
EMP041389,Ashley,Jones,Ashley Jones,26,Legal,Lead,Chicago,80939.98,4754.54,2021-07-10,1,72.8,ashley.jones@company.com,(566) 769-5328,Active
EMP041390,Ashley,Rodriguez,Ashley Rodriguez,22,Legal,Analyst,Boston,69163.65,7789.9,2024-07-06,0,99.2,ashley.rodriguez@company.com,(830) 989-1739,Active
EMP041391,William,Taylor,William Taylor,44,Operations,Manager,Boston,59463.62,5232.48,2024-05-14,22,93.8,william.taylor@company.com,(763) 808-6817,Active
EMP041392,Daniel,Hernandez,Daniel Hernandez,52,Operations,Senior Developer,New York,70585.03,5217.68,2024-03-03,29,78.0,daniel.hernandez@company.com,(385) 378-5686,Active
EMP041393,Robert,Martinez,Robert Martinez,59,Finance,Director,Boston,71065.69,5132.3,2022-06-17,33,81.8,robert.martinez@company.com,(941) 641-8963,Active
EMP041394,Robert,Smith,Robert Smith,61,Sales,Director,New York,79310.51,6351.13,2023-01-18,33,62.0,robert.smith@company.com,(951) 828-9765,Active
EMP041395,William,Wilson,William Wilson,26,Marketing,Specialist,Miami,48706.04,786.96,2024-01-03,3,79.0,william.wilson@company.com,(513) 684-9064,Active
EMP041396,Ashley,Gonzalez,Ashley Gonzalez,56,Operations,Specialist,Seattle,64481.9,6091.96,2021-08-27,33,59.7,ashley.gonzalez@company.com,(402) 286-1112,Active
EMP041397,Jessica,Smith,Jessica Smith,22,Sales,Manager,Los Angeles,97514.8,19344.79,2021-04-09,0,78.8,jessica.smith@company.com,(320) 846-3636,Active
EMP041398,Michael,Hernandez,Michael Hernandez,58,Operations,Associate,San Francisco,77412.59,7428.88,2021-09-06,30,68.5,michael.hernandez@company.com,(574) 492-8595,Active
EMP041399,Amanda,Gonzalez,Amanda Gonzalez,37,Legal,Coordinator,San Francisco,91807.14,7883.01,2024-03-29,13,85.1,amanda.gonzalez@company.com,(663) 246-6375,Inactive
EMP041400,Amanda,Gonzalez,Amanda Gonzalez,30,HR,Coordinator,Boston,65146.54,3850.28,2024-12-21,1,73.2,amanda.gonzalez@company.com,(762) 953-1632,Active
EMP041401,David,Jackson,David Jackson,34,Sales,Lead,San Francisco,61189.71,2402.06,2022-11-03,9,55.3,david.jackson@company.com,(385) 352-1260,Active
EMP041402,Lisa,Hernandez,Lisa Hernandez,62,Legal,Lead,New York,97256.51,8875.78,2024-10-12,39,44.4,lisa.hernandez@company.com,(780) 689-9344,Active
EMP041403,David,Martin,David Martin,36,Engineering,Coordinator,New York,42269.42,2070.52,2020-11-19,14,68.2,david.martin@company.com,(461) 473-7633,Active
EMP041404,Jessica,Hernandez,Jessica Hernandez,56,Legal,Coordinator,Chicago,113647.2,10329.0,2023-03-10,29,68.8,jessica.hernandez@company.com,(575) 749-1930,Active
EMP041405,Daniel,Martinez,Daniel Martinez,53,Legal,Manager,Seattle,73504.12,9109.32,2020-05-02,29,85.6,daniel.martinez@company.com,(394) 426-9490,Active
EMP041406,Sarah,Wilson,Sarah Wilson,60,Finance,Manager,Chicago,112156.3,9737.31,2022-02-06,34,62.3,sarah.wilson@company.com,(912) 465-9218,On Leave
EMP041407,Sarah,Garcia,Sarah Garcia,25,Sales,Manager,Seattle,65434.42,9678.16,2020-06-21,1,85.9,sarah.garcia@company.com,(541) 824-4358,Active
EMP041408,Melissa,Johnson,Melissa Johnson,63,Operations,Senior Developer,Los Angeles,63809.25,7963.18,2023-09-18,38,81.4,melissa.johnson@company.com,(361) 948-4957,Active
EMP041409,Nicole,Moore,Nicole Moore,61,Finance,Specialist,Boston,110378.76,9089.96,2022-02-20,38,66.6,nicole.moore@company.com,(576) 770-1985,Active
EMP041410,Anthony,Davis,Anthony Davis,41,Operations,Manager,Chicago,61293.79,10273.72,2022-03-16,17,80.3,anthony.davis@company.com,(990) 283-8457,Active
EMP041411,Christopher,Thomas,Christopher Thomas,33,Operations,Analyst,Austin,53403.02,7349.98,2024-05-13,6,76.5,christopher.thomas@company.com,(502) 803-2591,Active
EMP041412,Sarah,Garcia,Sarah Garcia,44,Finance,Analyst,San Francisco,95919.62,16866.14,2022-02-07,19,71.1,sarah.garcia@company.com,(811) 905-7352,Inactive
EMP041413,James,Williams,James Williams,43,Finance,Manager,Seattle,35455.36,4072.87,2022-07-09,15,85.2,james.williams@company.com,(875) 275-9899,Active
EMP041414,Matthew,Rodriguez,Matthew Rodriguez,64,IT,Manager,Seattle,94811.03,11277.23,2022-08-24,36,77.4,matthew.rodriguez@company.com,(823) 897-4764,Active
EMP041415,Jessica,Garcia,Jessica Garcia,59,Marketing,Senior Developer,Los Angeles,99005.09,14885.04,2020-03-26,33,84.3,jessica.garcia@company.com,(635) 742-4291,Active
EMP041416,Daniel,Garcia,Daniel Garcia,27,HR,Senior Developer,Los Angeles,83917.67,7629.73,2022-01-30,0,66.5,daniel.garcia@company.com,(239) 835-7421,Active
EMP041417,John,Lopez,John Lopez,44,Finance,Director,New York,73880.39,11066.01,2023-11-07,21,88.0,john.lopez@company.com,(999) 285-9967,Active
EMP041418,Melissa,Garcia,Melissa Garcia,30,Sales,Specialist,San Francisco,53359.28,5651.94,2022-02-18,6,79.3,melissa.garcia@company.com,(986) 349-4483,Active
EMP041419,Daniel,Davis,Daniel Davis,23,Sales,Coordinator,San Francisco,55691.48,3644.94,2023-07-23,1,95.1,daniel.davis@company.com,(469) 699-7598,Active
EMP041420,William,Davis,William Davis,51,Engineering,Manager,New York,94300.31,7983.13,2022-03-11,24,81.0,william.davis@company.com,(393) 752-7931,Active
EMP041421,Lisa,Williams,Lisa Williams,61,Operations,Lead,San Francisco,91712.82,3707.36,2020-12-19,32,89.1,lisa.williams@company.com,(877) 528-7689,Active
EMP041422,John,Garcia,John Garcia,56,Legal,Associate,New York,93870.96,4278.23,2020-02-16,32,77.0,john.garcia@company.com,(740) 217-7031,Active
EMP041423,Robert,Hernandez,Robert Hernandez,27,Finance,Lead,Miami,56665.09,3773.59,2021-07-03,1,49.4,robert.hernandez@company.com,(742) 742-9033,Active
EMP041424,Lisa,Taylor,Lisa Taylor,23,Marketing,Associate,Seattle,57958.1,347.45,2022-10-14,0,83.3,lisa.taylor@company.com,(902) 253-1890,Active
EMP041425,Melissa,Martinez,Melissa Martinez,33,Legal,Specialist,New York,69858.14,2671.46,2024-10-10,5,45.3,melissa.martinez@company.com,(549) 480-6000,Active
EMP041426,James,Garcia,James Garcia,37,Sales,Senior Developer,Miami,53290.74,3453.96,2020-09-26,11,74.1,james.garcia@company.com,(630) 336-6938,Active
EMP041427,Emily,Jackson,Emily Jackson,48,Finance,Associate,Boston,81188.74,9636.21,2024-01-03,21,52.8,emily.jackson@company.com,(373) 270-8697,Active
EMP041428,Sarah,Miller,Sarah Miller,59,Legal,Manager,Chicago,140556.55,24895.72,2021-02-16,34,62.8,sarah.miller@company.com,(925) 952-9117,On Leave
EMP041429,Jane,Hernandez,Jane Hernandez,53,HR,Associate,Seattle,83939.56,8358.45,2020-09-05,27,86.8,jane.hernandez@company.com,(347) 871-1155,Active
EMP041430,James,Hernandez,James Hernandez,55,Finance,Coordinator,Los Angeles,91941.56,6085.03,2021-09-27,26,90.3,james.hernandez@company.com,(509) 361-1159,Active
EMP041431,Ashley,Davis,Ashley Davis,24,Sales,Associate,Boston,44985.13,2560.1,2022-08-31,1,100.0,ashley.davis@company.com,(984) 995-2774,Active
EMP041432,Sarah,Gonzalez,Sarah Gonzalez,46,Engineering,Coordinator,Seattle,75988.19,11938.04,2021-06-30,19,84.4,sarah.gonzalez@company.com,(957) 295-5346,Active
EMP041433,John,Moore,John Moore,58,HR,Director,Miami,52666.8,4932.76,2023-09-29,34,90.7,john.moore@company.com,(701) 950-8897,Active
EMP041434,William,Jackson,William Jackson,25,IT,Senior Developer,Miami,90179.76,10467.94,2021-10-19,0,93.3,william.jackson@company.com,(438) 936-4326,Active
EMP041435,David,Thomas,David Thomas,27,Sales,Analyst,Boston,80201.22,8264.91,2024-05-14,0,83.2,david.thomas@company.com,(386) 980-2236,Active
EMP041436,Amanda,Anderson,Amanda Anderson,55,Sales,Analyst,Chicago,74984.8,11054.28,2023-06-23,30,83.4,amanda.anderson@company.com,(598) 343-3340,Inactive
EMP041437,Ashley,Taylor,Ashley Taylor,62,HR,Analyst,Boston,107043.15,12801.63,2021-11-18,38,93.5,ashley.taylor@company.com,(846) 848-6218,Inactive
EMP041438,Emily,Martinez,Emily Martinez,60,HR,Manager,Seattle,68734.91,6083.37,2022-08-25,37,87.4,emily.martinez@company.com,(557) 337-5145,Inactive
EMP041439,Daniel,Rodriguez,Daniel Rodriguez,63,Legal,Associate,Chicago,106386.69,14573.77,2020-10-10,37,68.2,daniel.rodriguez@company.com,(586) 402-3656,Active
EMP041440,James,Smith,James Smith,58,Legal,Associate,Austin,92860.76,5725.0,2022-10-24,31,69.8,james.smith@company.com,(966) 474-6844,Active
EMP041441,John,Jones,John Jones,49,Finance,Manager,Chicago,87894.41,14022.35,2020-10-24,26,87.3,john.jones@company.com,(518) 896-9519,Active
EMP041442,Amanda,Gonzalez,Amanda Gonzalez,44,Finance,Associate,Miami,55065.09,9099.59,2024-02-12,15,77.8,amanda.gonzalez@company.com,(229) 793-3083,Active
EMP041443,John,Wilson,John Wilson,29,Sales,Specialist,Miami,53891.73,712.53,2020-10-18,6,64.2,john.wilson@company.com,(294) 430-6097,Active
EMP041444,Nicole,Williams,Nicole Williams,65,Marketing,Manager,Chicago,99283.19,6891.08,2022-10-06,36,72.8,nicole.williams@company.com,(234) 218-2765,Active
EMP041445,Michael,Hernandez,Michael Hernandez,38,Finance,Coordinator,San Francisco,88112.24,14008.15,2022-05-05,9,56.4,michael.hernandez@company.com,(378) 999-9015,Active
EMP041446,Jane,Brown,Jane Brown,47,Finance,Analyst,Miami,88095.91,1073.3,2023-12-25,18,69.5,jane.brown@company.com,(391) 268-5944,Active
EMP041447,David,Taylor,David Taylor,31,HR,Director,Miami,44355.14,5716.15,2020-01-27,9,60.1,david.taylor@company.com,(361) 724-4121,Active
EMP041448,Stephanie,Lopez,Stephanie Lopez,23,HR,Director,Austin,54597.88,4931.05,2024-12-18,0,64.7,stephanie.lopez@company.com,(994) 714-2206,Active
EMP041449,Jane,Wilson,Jane Wilson,47,Sales,Associate,San Francisco,73048.17,9771.42,2022-02-11,22,70.7,jane.wilson@company.com,(733) 554-3177,Active
EMP041450,Michael,Miller,Michael Miller,65,Finance,Coordinator,Seattle,140660.0,13066.38,2024-07-14,37,87.5,michael.miller@company.com,(989) 441-7076,Active
EMP041451,Robert,Jones,Robert Jones,26,Operations,Director,Seattle,47802.43,6237.33,2021-03-10,1,100.0,robert.jones@company.com,(675) 498-9914,Active
EMP041452,Daniel,Rodriguez,Daniel Rodriguez,48,IT,Lead,New York,94527.26,5476.43,2022-09-30,24,81.1,daniel.rodriguez@company.com,(798) 927-4351,Active
EMP041453,John,Anderson,John Anderson,34,Marketing,Analyst,Los Angeles,45136.73,4981.84,2023-09-20,10,85.2,john.anderson@company.com,(338) 288-9409,Active
EMP041454,Nicole,Jackson,Nicole Jackson,58,Legal,Senior Developer,New York,153888.55,9989.29,2020-10-09,32,86.7,nicole.jackson@company.com,(263) 315-4169,Active
EMP041455,Anthony,Martin,Anthony Martin,29,Sales,Senior Developer,Boston,71966.76,2954.44,2024-12-31,4,56.0,anthony.martin@company.com,(818) 789-8462,Active
EMP041456,Nicole,Jones,Nicole Jones,63,HR,Manager,Seattle,87601.46,8631.45,2023-08-16,41,72.3,nicole.jones@company.com,(632) 735-4465,Active
EMP041457,Jane,Wilson,Jane Wilson,38,IT,Specialist,Austin,53875.76,734.77,2020-06-17,9,59.9,jane.wilson@company.com,(568) 327-9076,Active
EMP041458,Ashley,Garcia,Ashley Garcia,63,Operations,Specialist,Miami,72068.91,10835.38,2023-07-19,39,94.4,ashley.garcia@company.com,(625) 265-8594,Active
EMP041459,Michael,Davis,Michael Davis,23,Finance,Analyst,Seattle,57730.2,1780.32,2020-06-24,0,64.0,michael.davis@company.com,(294) 637-7902,Active
EMP041460,Lisa,Hernandez,Lisa Hernandez,26,Marketing,Analyst,Austin,72416.91,11661.56,2021-04-30,0,88.4,lisa.hernandez@company.com,(724) 647-1464,Active
EMP041461,Nicole,Hernandez,Nicole Hernandez,59,Engineering,Specialist,San Francisco,123090.9,13902.96,2021-01-16,36,91.9,nicole.hernandez@company.com,(612) 989-8488,Active
EMP041462,Nicole,Davis,Nicole Davis,34,Engineering,Lead,Miami,85032.5,6276.19,2023-10-30,8,80.2,nicole.davis@company.com,(518) 538-2708,Active
EMP041463,Stephanie,Lopez,Stephanie Lopez,43,HR,Analyst,Los Angeles,65494.39,8155.53,2021-11-23,14,52.1,stephanie.lopez@company.com,(853) 711-2709,Active
EMP041464,Jessica,Jones,Jessica Jones,42,Marketing,Coordinator,Boston,73302.5,11333.48,2020-08-14,20,86.8,jessica.jones@company.com,(319) 876-7262,Active
EMP041465,Jessica,Jackson,Jessica Jackson,35,Finance,Senior Developer,Miami,77484.39,3645.85,2024-02-06,12,43.3,jessica.jackson@company.com,(865) 650-7689,Active
EMP041466,Emily,Martin,Emily Martin,59,Engineering,Analyst,San Francisco,124959.8,5106.36,2020-11-26,34,56.5,emily.martin@company.com,(899) 831-2986,Active
EMP041467,Matthew,Martinez,Matthew Martinez,55,Operations,Director,Seattle,84862.02,11333.03,2024-07-13,31,46.2,matthew.martinez@company.com,(663) 922-9516,Active
EMP041468,Emily,Davis,Emily Davis,23,Legal,Senior Developer,Chicago,67631.91,5521.69,2024-01-16,0,68.9,emily.davis@company.com,(984) 382-4361,Active
EMP041469,Matthew,Rodriguez,Matthew Rodriguez,27,Legal,Senior Developer,Austin,71222.73,8352.79,2021-02-25,5,83.0,matthew.rodriguez@company.com,(434) 925-3383,Active
EMP041470,Michael,Rodriguez,Michael Rodriguez,26,HR,Coordinator,Seattle,55626.7,8245.73,2021-11-12,1,47.8,michael.rodriguez@company.com,(845) 355-1444,Active
EMP041471,Christopher,Johnson,Christopher Johnson,62,Marketing,Director,Miami,98322.44,7126.64,2023-07-26,39,76.6,christopher.johnson@company.com,(738) 720-5490,Active
EMP041472,Nicole,Anderson,Nicole Anderson,42,Legal,Associate,San Francisco,88721.96,11227.07,2024-07-19,17,98.2,nicole.anderson@company.com,(878) 606-2538,Active
EMP041473,James,Rodriguez,James Rodriguez,60,Engineering,Senior Developer,Chicago,111571.11,14256.67,2020-11-07,32,66.7,james.rodriguez@company.com,(902) 303-5138,Active
EMP041474,Michael,Moore,Michael Moore,22,Legal,Director,Los Angeles,61040.76,2532.77,2020-03-24,0,85.4,michael.moore@company.com,(832) 623-5519,Active
EMP041475,William,Smith,William Smith,56,Legal,Analyst,Los Angeles,95150.2,14630.87,2022-04-09,34,75.4,william.smith@company.com,(323) 735-2912,Active
EMP041476,David,Martinez,David Martinez,47,Sales,Specialist,San Francisco,65534.28,3857.3,2022-03-19,23,73.8,david.martinez@company.com,(730) 776-5325,Active
EMP041477,Jane,Johnson,Jane Johnson,33,Sales,Associate,Miami,55690.54,5272.89,2023-10-14,7,100.0,jane.johnson@company.com,(460) 792-7971,Active
EMP041478,Nicole,Gonzalez,Nicole Gonzalez,56,HR,Specialist,Austin,97688.56,14764.49,2023-07-28,29,68.0,nicole.gonzalez@company.com,(533) 762-5940,Active
EMP041479,William,Thomas,William Thomas,22,Marketing,Director,Miami,49499.91,5191.83,2021-03-30,0,72.4,william.thomas@company.com,(557) 514-6828,Active
EMP041480,Stephanie,Lopez,Stephanie Lopez,65,Legal,Director,New York,114354.07,8497.54,2022-12-19,43,76.1,stephanie.lopez@company.com,(746) 519-8440,Active
EMP041481,David,Davis,David Davis,55,Finance,Senior Developer,Seattle,72946.99,10517.65,2020-04-13,27,93.1,david.davis@company.com,(772) 865-7629,Active
EMP041482,Stephanie,Anderson,Stephanie Anderson,62,Legal,Coordinator,Miami,109987.16,6541.17,2020-05-21,38,90.1,stephanie.anderson@company.com,(900) 315-7491,Active
EMP041483,Robert,Williams,Robert Williams,31,Operations,Manager,Boston,83598.9,2462.38,2021-01-18,5,66.1,robert.williams@company.com,(410) 801-9245,Active
EMP041484,Ashley,Lopez,Ashley Lopez,52,Operations,Coordinator,Los Angeles,57200.02,7112.85,2020-11-16,25,66.5,ashley.lopez@company.com,(632) 998-3488,Inactive
EMP041485,Jane,Martin,Jane Martin,48,Engineering,Director,San Francisco,95716.87,11870.85,2021-12-29,24,69.0,jane.martin@company.com,(381) 656-2638,Active
EMP041486,Christopher,Wilson,Christopher Wilson,27,Operations,Senior Developer,New York,85133.1,11666.64,2023-11-12,0,77.8,christopher.wilson@company.com,(748) 343-1206,Inactive
EMP041487,Christopher,Davis,Christopher Davis,40,HR,Director,Miami,71434.78,8475.43,2020-01-06,12,67.6,christopher.davis@company.com,(422) 478-2367,Active
EMP041488,Emily,Williams,Emily Williams,26,Engineering,Manager,Seattle,88217.39,13192.81,2024-07-31,1,83.2,emily.williams@company.com,(279) 514-4018,Active
EMP041489,Jane,Martin,Jane Martin,56,Finance,Associate,Chicago,127280.86,13974.21,2021-09-06,28,59.5,jane.martin@company.com,(881) 949-2735,Active
EMP041490,Matthew,Anderson,Matthew Anderson,57,HR,Manager,Chicago,77684.1,11055.51,2021-11-30,35,92.7,matthew.anderson@company.com,(492) 493-3909,Active
EMP041491,Amanda,Martin,Amanda Martin,34,Legal,Analyst,Boston,59305.29,9660.07,2024-03-21,9,76.8,amanda.martin@company.com,(604) 307-7458,On Leave
EMP041492,John,Jones,John Jones,64,HR,Specialist,Boston,85279.0,6533.48,2020-01-29,42,64.3,john.jones@company.com,(702) 968-9181,Active
EMP041493,Anthony,Thomas,Anthony Thomas,36,Sales,Lead,Austin,78046.18,8129.03,2020-11-06,7,74.8,anthony.thomas@company.com,(217) 622-6397,Active
EMP041494,Michael,Jones,Michael Jones,29,Engineering,Lead,Chicago,129257.47,16828.01,2021-10-13,6,62.8,michael.jones@company.com,(622) 765-7773,Active
EMP041495,Emily,Jackson,Emily Jackson,23,HR,Coordinator,Austin,62928.71,9221.69,2021-09-27,0,53.6,emily.jackson@company.com,(685) 375-6289,Active
EMP041496,Jane,Lopez,Jane Lopez,51,Legal,Director,Austin,122609.37,13281.63,2022-03-31,22,74.4,jane.lopez@company.com,(712) 817-1082,Inactive
EMP041497,Emily,Moore,Emily Moore,40,Legal,Lead,Seattle,73972.86,9338.53,2022-09-21,16,50.5,emily.moore@company.com,(575) 431-2442,Active
EMP041498,Emily,Taylor,Emily Taylor,28,Sales,Lead,Boston,66178.29,5470.79,2023-04-28,0,84.6,emily.taylor@company.com,(565) 263-2976,Active
EMP041499,Amanda,Garcia,Amanda Garcia,55,IT,Senior Developer,Miami,96487.91,1630.83,2023-11-09,33,54.7,amanda.garcia@company.com,(752) 212-8332,Active
EMP041500,Jane,Martin,Jane Martin,54,Marketing,Associate,Seattle,72319.5,10352.59,2024-07-24,31,68.9,jane.martin@company.com,(552) 973-2188,Inactive
EMP041501,Lisa,Wilson,Lisa Wilson,62,Engineering,Manager,San Francisco,102754.1,8778.33,2022-07-26,34,83.9,lisa.wilson@company.com,(824) 460-4325,Active
EMP041502,Sarah,Garcia,Sarah Garcia,30,Finance,Specialist,San Francisco,93904.11,11005.63,2021-07-19,2,100.0,sarah.garcia@company.com,(904) 556-7780,Active
EMP041503,Emily,Gonzalez,Emily Gonzalez,50,IT,Manager,New York,126142.45,7603.63,2023-02-09,25,75.4,emily.gonzalez@company.com,(608) 431-9538,Active
EMP041504,Christopher,Davis,Christopher Davis,45,Finance,Specialist,Boston,88297.27,12633.94,2020-09-10,20,64.7,christopher.davis@company.com,(414) 492-8564,Active
EMP041505,Stephanie,Williams,Stephanie Williams,57,IT,Specialist,Boston,83750.0,0.0,2024-02-15,31,99.8,stephanie.williams@company.com,(914) 760-4685,Active
EMP041506,Melissa,Davis,Melissa Davis,51,Engineering,Lead,Los Angeles,97394.07,6472.34,2020-03-20,25,60.4,melissa.davis@company.com,(380) 608-2583,Active
EMP041507,Jane,Davis,Jane Davis,50,IT,Associate,Chicago,80801.59,12493.06,2023-06-10,23,78.9,jane.davis@company.com,(901) 296-5930,Active
EMP041508,Christopher,Wilson,Christopher Wilson,55,Finance,Associate,Chicago,87099.68,8098.9,2020-11-08,31,92.1,christopher.wilson@company.com,(430) 443-9812,Active
EMP041509,James,Taylor,James Taylor,40,Legal,Lead,Seattle,96879.08,20564.39,2022-10-19,14,62.6,james.taylor@company.com,(627) 709-9341,Active
EMP041510,James,Thomas,James Thomas,65,Operations,Manager,San Francisco,69134.59,6165.99,2024-01-13,39,57.7,james.thomas@company.com,(249) 569-4676,Active
EMP041511,William,Gonzalez,William Gonzalez,54,Operations,Specialist,San Francisco,58572.89,0.0,2023-09-25,30,76.8,william.gonzalez@company.com,(484) 386-4340,Active
EMP041512,Matthew,Taylor,Matthew Taylor,50,HR,Associate,Chicago,70951.86,3577.14,2021-04-28,28,79.7,matthew.taylor@company.com,(412) 468-4891,Active
EMP041513,Jessica,Johnson,Jessica Johnson,43,Finance,Director,Seattle,88283.36,10993.31,2020-10-25,18,72.3,jessica.johnson@company.com,(492) 694-7126,On Leave
EMP041514,Matthew,Moore,Matthew Moore,48,HR,Manager,Seattle,78362.02,7831.56,2021-11-10,19,61.2,matthew.moore@company.com,(816) 643-4107,Active
EMP041515,Lisa,Thomas,Lisa Thomas,41,IT,Senior Developer,Boston,80122.2,3292.87,2021-07-07,17,95.1,lisa.thomas@company.com,(948) 529-3800,Active
EMP041516,Melissa,Smith,Melissa Smith,41,IT,Director,Miami,96367.48,10660.12,2023-03-02,15,67.9,melissa.smith@company.com,(932) 926-3575,Inactive
EMP041517,Sarah,Taylor,Sarah Taylor,59,Sales,Specialist,Boston,99299.89,12506.58,2020-09-07,35,66.1,sarah.taylor@company.com,(802) 446-4907,Active
EMP041518,Nicole,Gonzalez,Nicole Gonzalez,64,Engineering,Senior Developer,Miami,122542.5,10797.86,2023-05-04,38,48.5,nicole.gonzalez@company.com,(310) 775-3064,Active
EMP041519,Nicole,Wilson,Nicole Wilson,22,Legal,Manager,Los Angeles,84260.57,8910.86,2023-03-01,0,81.4,nicole.wilson@company.com,(574) 951-4745,Active
EMP041520,Michael,Miller,Michael Miller,29,Operations,Director,New York,69105.99,2623.34,2023-06-16,1,64.0,michael.miller@company.com,(907) 847-2678,Active
EMP041521,John,Johnson,John Johnson,60,Sales,Manager,Seattle,82105.84,12809.93,2024-04-28,37,69.4,john.johnson@company.com,(718) 232-1197,Active
EMP041522,Christopher,Miller,Christopher Miller,53,Operations,Lead,Miami,67810.56,4189.34,2022-05-24,25,73.6,christopher.miller@company.com,(929) 928-8111,On Leave
EMP041523,Robert,Jones,Robert Jones,64,Operations,Coordinator,Boston,58010.27,12378.11,2022-10-30,37,81.7,robert.jones@company.com,(452) 223-9145,Active
EMP041524,Emily,Martin,Emily Martin,64,Finance,Analyst,Chicago,143528.03,24105.04,2021-06-18,38,82.9,emily.martin@company.com,(802) 932-1249,Active
EMP041525,Lisa,Miller,Lisa Miller,43,Marketing,Manager,Los Angeles,81221.2,12257.9,2024-06-28,21,81.9,lisa.miller@company.com,(204) 762-8181,Active
EMP041526,Amanda,Williams,Amanda Williams,41,Engineering,Specialist,Austin,106590.67,10827.67,2020-08-24,18,58.5,amanda.williams@company.com,(655) 336-7166,Active
EMP041527,Christopher,Miller,Christopher Miller,60,Legal,Specialist,Austin,44260.89,3082.32,2020-04-04,31,71.2,christopher.miller@company.com,(247) 719-5279,Active
EMP041528,Nicole,Smith,Nicole Smith,61,HR,Coordinator,Miami,77722.8,15025.16,2021-03-15,36,59.3,nicole.smith@company.com,(655) 856-4138,Active
EMP041529,Stephanie,Johnson,Stephanie Johnson,63,IT,Analyst,San Francisco,127588.27,11766.35,2020-08-03,35,55.4,stephanie.johnson@company.com,(209) 542-9283,Inactive
EMP041530,Robert,Smith,Robert Smith,43,Marketing,Analyst,San Francisco,75964.6,2558.45,2020-02-11,21,69.5,robert.smith@company.com,(226) 484-4039,Active
EMP041531,Lisa,Johnson,Lisa Johnson,39,Legal,Senior Developer,New York,119095.53,10293.35,2021-11-06,12,55.7,lisa.johnson@company.com,(248) 816-1920,Active
EMP041532,Nicole,Williams,Nicole Williams,30,Legal,Director,New York,78372.62,3018.19,2020-10-21,1,84.5,nicole.williams@company.com,(640) 790-4794,Active
EMP041533,Nicole,Hernandez,Nicole Hernandez,28,HR,Director,Los Angeles,54065.9,4928.3,2020-11-06,1,91.5,nicole.hernandez@company.com,(559) 261-2530,Active
EMP041534,Lisa,Hernandez,Lisa Hernandez,35,HR,Director,New York,69015.62,10524.29,2021-03-08,10,88.8,lisa.hernandez@company.com,(435) 869-6644,Active
EMP041535,Matthew,Brown,Matthew Brown,42,Finance,Manager,Los Angeles,33437.75,5507.22,2021-04-21,20,73.9,matthew.brown@company.com,(917) 925-9063,Active
EMP041536,Jessica,Martin,Jessica Martin,64,Sales,Director,Boston,97308.18,10405.08,2021-05-25,39,76.5,jessica.martin@company.com,(413) 444-9654,Active
EMP041537,Amanda,Smith,Amanda Smith,32,Finance,Director,New York,82048.45,4999.85,2024-09-22,7,77.9,amanda.smith@company.com,(251) 261-2659,Active
EMP041538,James,Taylor,James Taylor,63,Engineering,Lead,New York,116378.96,7795.92,2023-05-24,41,82.8,james.taylor@company.com,(700) 863-3584,Active
EMP041539,John,Martinez,John Martinez,22,Finance,Specialist,Los Angeles,69779.95,5259.18,2021-06-01,0,84.3,john.martinez@company.com,(525) 512-1022,Active
EMP041540,Melissa,Lopez,Melissa Lopez,52,Operations,Coordinator,Miami,48051.69,8627.68,2024-07-31,30,48.5,melissa.lopez@company.com,(442) 575-3474,Active
EMP041541,Amanda,Martinez,Amanda Martinez,42,Operations,Analyst,Los Angeles,73073.0,6225.41,2021-10-28,14,57.3,amanda.martinez@company.com,(723) 669-7740,Active
EMP041542,Sarah,Johnson,Sarah Johnson,63,Engineering,Coordinator,Seattle,102220.95,5710.26,2022-08-19,37,82.0,sarah.johnson@company.com,(272) 607-1710,Active
EMP041543,Nicole,Gonzalez,Nicole Gonzalez,47,Engineering,Lead,Boston,84170.9,4709.6,2020-05-21,18,74.6,nicole.gonzalez@company.com,(986) 214-4345,Active
EMP041544,John,Lopez,John Lopez,32,Sales,Associate,Austin,92927.73,2151.17,2023-11-07,6,87.1,john.lopez@company.com,(650) 229-2403,Active
EMP041545,Matthew,Davis,Matthew Davis,32,Operations,Coordinator,Los Angeles,36344.36,3943.46,2022-12-22,6,80.6,matthew.davis@company.com,(616) 619-7406,Active
EMP041546,Stephanie,Wilson,Stephanie Wilson,52,Sales,Manager,Miami,71672.5,5790.63,2022-08-15,23,62.1,stephanie.wilson@company.com,(915) 240-8865,Active
EMP041547,William,Jones,William Jones,40,HR,Manager,Chicago,77216.05,1358.14,2021-01-28,17,77.1,william.jones@company.com,(828) 967-2930,Active
EMP041548,Jessica,Jones,Jessica Jones,59,HR,Lead,Austin,91645.2,16479.31,2022-05-22,36,45.1,jessica.jones@company.com,(234) 739-3100,Active
EMP041549,Robert,Brown,Robert Brown,39,Marketing,Associate,New York,81746.98,14755.76,2021-11-14,13,77.3,robert.brown@company.com,(781) 997-7692,Active
EMP041550,Sarah,Hernandez,Sarah Hernandez,50,Marketing,Lead,Seattle,68543.5,10393.68,2021-01-19,26,69.5,sarah.hernandez@company.com,(283) 612-8267,Active
EMP041551,Robert,Williams,Robert Williams,62,Finance,Manager,San Francisco,100749.92,13151.85,2022-06-11,33,57.6,robert.williams@company.com,(451) 434-7570,Active
EMP041552,Sarah,Moore,Sarah Moore,34,HR,Analyst,Boston,60611.39,8223.66,2021-05-15,7,79.2,sarah.moore@company.com,(976) 579-8932,Active
EMP041553,Jessica,Jones,Jessica Jones,44,Operations,Manager,Los Angeles,73522.31,16821.23,2021-12-09,22,41.2,jessica.jones@company.com,(330) 656-2303,Active
EMP041554,Michael,Rodriguez,Michael Rodriguez,57,HR,Specialist,Seattle,78683.33,9944.64,2024-01-25,34,76.0,michael.rodriguez@company.com,(583) 461-3776,Active
EMP041555,Jessica,Garcia,Jessica Garcia,62,HR,Associate,Austin,62235.94,6395.74,2023-06-04,39,87.2,jessica.garcia@company.com,(883) 293-2583,Active
EMP041556,Robert,Martinez,Robert Martinez,35,Finance,Senior Developer,Austin,104182.12,14375.67,2024-09-18,6,49.3,robert.martinez@company.com,(516) 419-3005,Active
EMP041557,Daniel,Anderson,Daniel Anderson,55,Marketing,Lead,Miami,76764.15,11471.18,2022-03-27,26,70.9,daniel.anderson@company.com,(985) 707-5490,Active
EMP041558,Anthony,Jones,Anthony Jones,36,Marketing,Specialist,Austin,82147.81,5320.34,2024-03-19,7,71.0,anthony.jones@company.com,(347) 298-6069,Active
EMP041559,James,Rodriguez,James Rodriguez,56,Sales,Lead,Seattle,102990.97,4446.89,2023-01-11,34,62.2,james.rodriguez@company.com,(612) 501-4278,Active
EMP041560,Robert,Davis,Robert Davis,47,Engineering,Specialist,New York,112882.85,13591.39,2024-05-10,23,77.0,robert.davis@company.com,(552) 852-9333,Active
EMP041561,Anthony,Brown,Anthony Brown,31,Operations,Manager,Los Angeles,40291.92,0.0,2024-01-28,7,55.7,anthony.brown@company.com,(529) 721-8444,Active
EMP041562,Amanda,Martinez,Amanda Martinez,34,IT,Associate,Los Angeles,96447.78,7917.63,2022-02-25,6,82.3,amanda.martinez@company.com,(214) 669-2677,Active
EMP041563,Sarah,Smith,Sarah Smith,42,Marketing,Coordinator,New York,69690.71,2352.97,2024-11-15,13,48.7,sarah.smith@company.com,(254) 856-8486,Active
EMP041564,Ashley,Anderson,Ashley Anderson,28,Finance,Coordinator,New York,64287.24,8200.12,2023-08-11,3,80.2,ashley.anderson@company.com,(448) 525-6836,Active
EMP041565,John,Brown,John Brown,47,IT,Associate,Boston,92108.21,10879.03,2023-04-24,23,70.0,john.brown@company.com,(659) 485-6497,Active
EMP041566,Stephanie,Davis,Stephanie Davis,27,Sales,Coordinator,Austin,65741.67,11695.39,2023-01-21,4,74.9,stephanie.davis@company.com,(266) 621-7017,Inactive
EMP041567,Matthew,Smith,Matthew Smith,35,Marketing,Specialist,Chicago,80485.23,2337.76,2023-05-06,13,70.7,matthew.smith@company.com,(852) 772-6452,Active
EMP041568,Jessica,Brown,Jessica Brown,55,Finance,Lead,New York,90081.07,4980.39,2020-09-04,33,57.6,jessica.brown@company.com,(936) 654-5278,Active
EMP041569,John,Garcia,John Garcia,53,Marketing,Associate,Chicago,67356.13,6411.82,2020-09-20,25,93.4,john.garcia@company.com,(416) 540-2501,Active
EMP041570,David,Moore,David Moore,28,Finance,Coordinator,Seattle,40327.61,4055.97,2021-11-17,3,82.3,david.moore@company.com,(349) 965-2916,Active
EMP041571,William,Smith,William Smith,61,HR,Analyst,Boston,79774.01,10154.8,2021-03-05,36,80.9,william.smith@company.com,(762) 334-9672,Active
EMP041572,John,Jones,John Jones,64,HR,Associate,Austin,75359.44,4974.56,2020-01-29,37,61.4,john.jones@company.com,(927) 251-5273,Active
EMP041573,Christopher,Lopez,Christopher Lopez,25,Finance,Coordinator,Chicago,86505.17,8190.12,2020-06-11,0,79.4,christopher.lopez@company.com,(934) 393-9626,Active
EMP041574,Christopher,Smith,Christopher Smith,45,Sales,Analyst,Los Angeles,73317.33,4581.0,2020-05-10,23,61.9,christopher.smith@company.com,(251) 787-9856,Active
EMP041575,Stephanie,Anderson,Stephanie Anderson,63,Legal,Manager,Chicago,129309.84,9678.68,2022-09-28,34,89.9,stephanie.anderson@company.com,(986) 803-1610,Active
EMP041576,Sarah,Miller,Sarah Miller,57,Sales,Manager,Los Angeles,113767.22,9373.81,2021-12-06,28,88.0,sarah.miller@company.com,(444) 821-4950,On Leave
EMP041577,John,Hernandez,John Hernandez,28,Engineering,Analyst,Boston,97421.18,18843.23,2024-09-11,6,51.9,john.hernandez@company.com,(977) 883-6072,Inactive
EMP041578,Michael,Rodriguez,Michael Rodriguez,42,Marketing,Specialist,Boston,81391.76,9175.43,2023-02-23,19,46.7,michael.rodriguez@company.com,(268) 849-3855,Active
EMP041579,Lisa,Martin,Lisa Martin,23,Finance,Analyst,Chicago,70388.34,8613.57,2024-06-03,0,73.9,lisa.martin@company.com,(297) 205-7811,Active
EMP041580,Michael,Gonzalez,Michael Gonzalez,62,Operations,Lead,Miami,76126.18,10111.85,2023-06-22,34,55.9,michael.gonzalez@company.com,(720) 915-6506,On Leave
EMP041581,John,Johnson,John Johnson,53,Marketing,Director,Austin,86140.56,13242.24,2020-10-31,26,62.5,john.johnson@company.com,(473) 600-7192,Active
EMP041582,David,Lopez,David Lopez,47,Operations,Director,Chicago,79637.75,5503.78,2020-08-09,25,84.2,david.lopez@company.com,(999) 796-3712,Active
EMP041583,Emily,Williams,Emily Williams,25,Operations,Coordinator,Austin,36947.58,5457.14,2020-12-13,0,87.1,emily.williams@company.com,(904) 378-6301,Active
EMP041584,Jessica,Smith,Jessica Smith,49,HR,Director,New York,76256.74,7292.47,2023-02-02,26,80.3,jessica.smith@company.com,(507) 703-5910,Active
EMP041585,Michael,Wilson,Michael Wilson,36,Operations,Analyst,Los Angeles,68722.7,10471.98,2023-04-13,8,79.1,michael.wilson@company.com,(901) 739-4980,Active
EMP041586,David,Hernandez,David Hernandez,31,HR,Associate,Austin,56039.83,2651.76,2024-08-11,9,77.2,david.hernandez@company.com,(327) 831-2299,Active
EMP041587,John,Davis,John Davis,49,Sales,Coordinator,Miami,79489.93,6046.39,2021-02-16,21,51.1,john.davis@company.com,(735) 347-6939,Active
EMP041588,Christopher,Davis,Christopher Davis,48,HR,Director,Austin,88420.93,5611.04,2024-11-01,24,79.3,christopher.davis@company.com,(226) 578-1062,Active
EMP041589,John,Davis,John Davis,24,HR,Coordinator,New York,48282.46,6046.17,2023-09-17,0,100.0,john.davis@company.com,(590) 411-6316,Active
EMP041590,David,Williams,David Williams,35,Sales,Lead,San Francisco,63658.02,8789.46,2020-05-02,13,91.4,david.williams@company.com,(715) 335-6378,Active
EMP041591,Stephanie,Martinez,Stephanie Martinez,35,Operations,Coordinator,New York,65485.46,5900.64,2022-03-10,11,72.7,stephanie.martinez@company.com,(309) 969-2471,Active
EMP041592,Christopher,Martin,Christopher Martin,48,Legal,Associate,Austin,62212.95,4018.38,2022-02-06,25,84.3,christopher.martin@company.com,(504) 734-1309,Inactive
EMP041593,Melissa,Anderson,Melissa Anderson,29,Engineering,Analyst,Austin,79001.0,0.0,2022-01-12,2,100.0,melissa.anderson@company.com,(286) 789-2179,Active
EMP041594,Jane,Martinez,Jane Martinez,48,HR,Associate,San Francisco,71537.99,11300.97,2022-02-24,23,89.0,jane.martinez@company.com,(383) 201-2627,Inactive
EMP041595,John,Martinez,John Martinez,38,IT,Manager,Austin,58238.41,7849.85,2023-08-24,10,80.2,john.martinez@company.com,(816) 715-6059,Active
EMP041596,Jessica,Smith,Jessica Smith,36,Legal,Analyst,Boston,91301.37,12375.61,2021-07-19,13,79.7,jessica.smith@company.com,(306) 913-6923,Active
EMP041597,James,Brown,James Brown,26,Sales,Lead,Chicago,36636.48,3838.31,2022-03-23,1,45.9,james.brown@company.com,(694) 803-8580,Active
EMP041598,Christopher,Martinez,Christopher Martinez,51,Operations,Lead,Chicago,53864.22,3781.9,2020-01-01,29,78.7,christopher.martinez@company.com,(669) 206-6688,Active
EMP041599,Jessica,Wilson,Jessica Wilson,43,Operations,Specialist,Miami,59196.58,10418.44,2024-04-30,21,89.4,jessica.wilson@company.com,(556) 488-7544,Inactive
EMP041600,Melissa,Johnson,Melissa Johnson,34,Finance,Coordinator,Boston,87348.18,10957.46,2020-07-26,7,100.0,melissa.johnson@company.com,(376) 982-7123,Inactive
EMP041601,Stephanie,Thomas,Stephanie Thomas,30,Marketing,Specialist,San Francisco,62579.84,8807.81,2021-12-30,4,81.5,stephanie.thomas@company.com,(202) 928-1177,Active
EMP041602,James,Smith,James Smith,51,Marketing,Director,Miami,89419.22,7592.02,2021-06-17,22,90.6,james.smith@company.com,(751) 864-5343,Active
EMP041603,Sarah,Jones,Sarah Jones,28,Operations,Director,Miami,51513.06,4706.36,2024-11-15,3,62.1,sarah.jones@company.com,(791) 763-4202,Active
EMP041604,Michael,Johnson,Michael Johnson,34,Legal,Associate,New York,80568.52,7674.38,2020-11-10,10,61.5,michael.johnson@company.com,(603) 254-3293,Active
EMP041605,Matthew,Brown,Matthew Brown,58,Engineering,Manager,Los Angeles,127065.69,16116.69,2020-04-25,35,92.9,matthew.brown@company.com,(805) 531-6423,Active
EMP041606,Matthew,Thomas,Matthew Thomas,46,Engineering,Associate,New York,107899.22,6865.19,2024-10-29,17,45.2,matthew.thomas@company.com,(655) 494-7701,Inactive
EMP041607,Sarah,Johnson,Sarah Johnson,58,Sales,Manager,Los Angeles,77813.55,5531.4,2021-11-01,33,69.4,sarah.johnson@company.com,(818) 976-6800,Active
EMP041608,James,Jones,James Jones,22,Finance,Specialist,Chicago,58242.67,5862.34,2020-03-12,0,80.9,james.jones@company.com,(897) 287-5918,Active
EMP041609,William,Anderson,William Anderson,53,Operations,Senior Developer,New York,82051.81,9361.65,2024-07-30,31,46.2,william.anderson@company.com,(456) 466-8532,Active
EMP041610,Emily,Smith,Emily Smith,35,Marketing,Lead,New York,57440.62,1745.56,2020-09-14,11,47.8,emily.smith@company.com,(330) 294-9812,Active
EMP041611,Anthony,Garcia,Anthony Garcia,27,Marketing,Lead,Boston,56415.92,7560.1,2022-03-25,4,100.0,anthony.garcia@company.com,(440) 506-8575,Active
EMP041612,Christopher,Jones,Christopher Jones,51,Engineering,Lead,Miami,120221.05,26497.48,2023-01-14,25,77.3,christopher.jones@company.com,(973) 668-8307,Active
EMP041613,Lisa,Taylor,Lisa Taylor,37,Finance,Lead,Miami,90710.53,20912.45,2022-09-21,12,56.2,lisa.taylor@company.com,(256) 914-2402,Active
EMP041614,Jessica,Smith,Jessica Smith,50,HR,Coordinator,Chicago,81119.2,1444.44,2024-07-26,25,57.8,jessica.smith@company.com,(697) 772-9580,Active
EMP041615,Anthony,Garcia,Anthony Garcia,58,Legal,Coordinator,Seattle,148544.12,4372.23,2023-12-31,32,76.3,anthony.garcia@company.com,(583) 590-1322,Active
EMP041616,Daniel,Lopez,Daniel Lopez,46,Sales,Coordinator,Austin,56009.3,3743.91,2024-07-02,20,90.3,daniel.lopez@company.com,(295) 588-8034,Active
EMP041617,Lisa,Johnson,Lisa Johnson,57,Engineering,Coordinator,Boston,131203.75,18052.12,2020-08-17,31,91.9,lisa.johnson@company.com,(868) 307-9845,Active
EMP041618,David,Taylor,David Taylor,32,HR,Associate,Austin,94502.08,51.81,2021-03-07,7,68.4,david.taylor@company.com,(620) 203-7280,Active
EMP041619,James,Rodriguez,James Rodriguez,56,Operations,Director,New York,67253.75,351.23,2020-11-09,31,69.4,james.rodriguez@company.com,(686) 570-9044,Inactive
EMP041620,Michael,Jackson,Michael Jackson,40,Finance,Director,Seattle,87086.28,1974.81,2021-01-21,16,75.5,michael.jackson@company.com,(504) 579-2797,Active
EMP041621,Ashley,Smith,Ashley Smith,28,Operations,Analyst,Seattle,49485.85,5579.62,2021-10-28,0,70.8,ashley.smith@company.com,(788) 718-8417,Active
EMP041622,Sarah,Thomas,Sarah Thomas,44,Legal,Director,Seattle,91149.28,2450.75,2020-10-22,20,81.4,sarah.thomas@company.com,(689) 439-4908,Active
EMP041623,Ashley,Anderson,Ashley Anderson,40,Finance,Manager,San Francisco,74509.05,7142.56,2023-03-31,11,80.6,ashley.anderson@company.com,(965) 377-4409,Active
EMP041624,Sarah,Wilson,Sarah Wilson,45,Marketing,Associate,Los Angeles,57087.68,4881.22,2022-09-16,20,73.2,sarah.wilson@company.com,(493) 761-8188,Active
EMP041625,David,Hernandez,David Hernandez,39,IT,Analyst,San Francisco,52055.02,3893.57,2020-04-23,13,64.2,david.hernandez@company.com,(798) 382-7933,On Leave
EMP041626,Stephanie,Davis,Stephanie Davis,41,Operations,Lead,Los Angeles,64633.48,5452.68,2024-08-12,18,74.3,stephanie.davis@company.com,(627) 681-1491,Active
EMP041627,Christopher,Garcia,Christopher Garcia,40,Sales,Lead,Austin,67806.33,7947.37,2024-06-26,14,53.6,christopher.garcia@company.com,(425) 224-8852,Active
EMP041628,Stephanie,Miller,Stephanie Miller,54,Sales,Director,Miami,64014.52,8421.31,2023-11-13,27,63.9,stephanie.miller@company.com,(681) 425-6316,Inactive
EMP041629,Nicole,Smith,Nicole Smith,54,Operations,Analyst,Miami,56812.72,7198.08,2022-11-02,32,78.2,nicole.smith@company.com,(333) 777-5763,Active
EMP041630,Emily,Williams,Emily Williams,29,Legal,Lead,Austin,69490.34,1977.39,2023-03-31,1,91.1,emily.williams@company.com,(758) 385-9177,Active
EMP041631,Lisa,Lopez,Lisa Lopez,48,Marketing,Analyst,San Francisco,62122.29,7578.18,2023-04-18,20,76.6,lisa.lopez@company.com,(659) 801-1592,Active
EMP041632,Jessica,Miller,Jessica Miller,63,Engineering,Manager,Chicago,141687.48,21934.77,2022-04-04,39,81.0,jessica.miller@company.com,(925) 841-8804,Active
EMP041633,Ashley,Martinez,Ashley Martinez,63,Marketing,Director,Austin,96026.84,19587.91,2020-03-26,36,56.1,ashley.martinez@company.com,(779) 322-4030,Inactive
EMP041634,William,Anderson,William Anderson,39,Finance,Specialist,Chicago,66405.23,9578.18,2024-12-02,10,63.5,william.anderson@company.com,(777) 640-1907,Active
EMP041635,David,Jones,David Jones,35,Finance,Director,Los Angeles,80430.89,4901.41,2022-11-17,10,90.3,david.jones@company.com,(883) 933-3712,Active
EMP041636,Anthony,Miller,Anthony Miller,23,Operations,Manager,Miami,39265.4,2416.12,2020-05-29,0,68.3,anthony.miller@company.com,(610) 679-3477,Active
EMP041637,Christopher,Johnson,Christopher Johnson,51,IT,Senior Developer,Miami,85909.2,2870.97,2021-05-25,24,63.1,christopher.johnson@company.com,(738) 765-5221,Active
EMP041638,Sarah,Martin,Sarah Martin,23,Sales,Manager,New York,60113.56,5798.97,2020-05-20,0,81.6,sarah.martin@company.com,(410) 667-9809,Active
EMP041639,David,Brown,David Brown,38,Marketing,Associate,Los Angeles,60496.48,2635.71,2020-11-13,10,51.6,david.brown@company.com,(371) 284-9022,Active
EMP041640,James,Davis,James Davis,24,Finance,Director,Austin,63050.01,8550.04,2022-06-10,0,58.9,james.davis@company.com,(747) 426-1354,Active
EMP041641,Sarah,Gonzalez,Sarah Gonzalez,48,Sales,Senior Developer,Seattle,83622.73,6620.76,2024-12-01,26,77.2,sarah.gonzalez@company.com,(640) 675-8320,Active
EMP041642,James,Jones,James Jones,65,Marketing,Manager,Chicago,91221.69,13110.61,2021-10-28,43,91.7,james.jones@company.com,(675) 737-9216,Active
EMP041643,Matthew,Martin,Matthew Martin,65,Sales,Associate,Boston,98334.29,5800.56,2023-08-10,43,74.6,matthew.martin@company.com,(577) 725-1576,Active
EMP041644,James,Gonzalez,James Gonzalez,43,IT,Analyst,Miami,82549.17,5362.53,2022-09-30,16,57.5,james.gonzalez@company.com,(732) 998-5914,Inactive
EMP041645,Robert,Moore,Robert Moore,40,Marketing,Associate,Miami,63135.44,6156.08,2021-10-31,14,100.0,robert.moore@company.com,(207) 210-8689,Active
EMP041646,Jessica,Taylor,Jessica Taylor,49,Legal,Manager,Chicago,78769.11,8258.19,2020-12-16,20,78.2,jessica.taylor@company.com,(968) 237-7110,On Leave
EMP041647,Daniel,Thomas,Daniel Thomas,51,HR,Manager,Miami,43471.23,2981.35,2023-03-07,27,73.1,daniel.thomas@company.com,(609) 742-4502,Active
EMP041648,Christopher,Martinez,Christopher Martinez,40,HR,Lead,Seattle,80214.95,4216.41,2021-06-11,14,81.7,christopher.martinez@company.com,(559) 551-8764,Active
EMP041649,James,Brown,James Brown,53,Operations,Director,Miami,89315.36,7760.76,2022-04-06,25,100.0,james.brown@company.com,(640) 781-2972,Inactive
EMP041650,Jessica,Garcia,Jessica Garcia,23,HR,Coordinator,New York,51936.2,1428.17,2020-04-04,0,100.0,jessica.garcia@company.com,(696) 518-3052,Active
EMP041651,Emily,Jones,Emily Jones,32,Marketing,Coordinator,Chicago,54832.9,4955.94,2021-04-27,6,62.3,emily.jones@company.com,(621) 624-2550,Active
EMP041652,Robert,Johnson,Robert Johnson,48,Legal,Manager,Chicago,108197.1,17668.72,2023-12-18,24,49.8,robert.johnson@company.com,(958) 525-2867,Inactive
EMP041653,Nicole,Jackson,Nicole Jackson,55,Marketing,Specialist,Boston,71239.7,11072.7,2024-09-28,31,98.4,nicole.jackson@company.com,(822) 937-2878,Active
EMP041654,Christopher,Anderson,Christopher Anderson,42,Legal,Manager,New York,93778.41,10149.69,2022-11-16,19,55.6,christopher.anderson@company.com,(574) 337-7573,Active
EMP041655,John,Wilson,John Wilson,34,HR,Specialist,Austin,73108.57,8277.54,2020-09-17,10,67.3,john.wilson@company.com,(321) 532-8653,Inactive
EMP041656,Christopher,Jones,Christopher Jones,65,Legal,Specialist,Boston,111304.28,5906.55,2022-07-10,43,91.5,christopher.jones@company.com,(660) 283-6812,Active
EMP041657,William,Taylor,William Taylor,42,Engineering,Analyst,Austin,117352.75,6543.82,2024-11-22,13,80.3,william.taylor@company.com,(658) 571-7288,Active
EMP041658,Amanda,Hernandez,Amanda Hernandez,64,Sales,Associate,San Francisco,96668.82,16206.35,2024-07-23,35,63.8,amanda.hernandez@company.com,(546) 834-5682,Active
EMP041659,William,Martin,William Martin,28,IT,Coordinator,San Francisco,87075.2,8029.66,2024-07-26,2,71.5,william.martin@company.com,(473) 310-1816,Active
EMP041660,Jessica,Garcia,Jessica Garcia,38,Finance,Analyst,Miami,95563.48,9451.95,2020-10-30,14,53.0,jessica.garcia@company.com,(697) 372-7029,Active
EMP041661,Lisa,Jackson,Lisa Jackson,23,Finance,Senior Developer,Seattle,60996.48,5215.91,2021-06-05,1,72.7,lisa.jackson@company.com,(638) 960-8748,On Leave
EMP041662,Nicole,Davis,Nicole Davis,40,HR,Manager,Chicago,65356.36,4641.06,2023-03-05,18,82.6,nicole.davis@company.com,(206) 211-1476,Active
EMP041663,Melissa,Jackson,Melissa Jackson,56,Finance,Associate,Seattle,109813.9,16392.84,2021-07-22,32,72.7,melissa.jackson@company.com,(760) 476-4774,Active
EMP041664,Amanda,Anderson,Amanda Anderson,47,Finance,Lead,Boston,73845.89,6165.69,2024-02-10,22,68.2,amanda.anderson@company.com,(610) 288-2164,Inactive
EMP041665,Amanda,Wilson,Amanda Wilson,36,IT,Specialist,Miami,71343.75,10522.55,2020-10-22,14,84.2,amanda.wilson@company.com,(838) 341-6701,Active
EMP041666,Robert,Moore,Robert Moore,63,IT,Lead,Miami,125814.2,9459.16,2020-04-03,35,69.1,robert.moore@company.com,(500) 553-6195,Active
EMP041667,Jane,Davis,Jane Davis,27,Sales,Senior Developer,New York,46779.44,5746.3,2023-08-26,1,92.8,jane.davis@company.com,(982) 623-4217,Active
EMP041668,Christopher,Williams,Christopher Williams,65,Marketing,Lead,Los Angeles,87529.72,8009.48,2022-04-02,41,59.9,christopher.williams@company.com,(233) 237-8620,Active
EMP041669,Michael,Hernandez,Michael Hernandez,63,Engineering,Analyst,San Francisco,105295.32,18679.18,2022-11-11,37,83.7,michael.hernandez@company.com,(601) 882-1846,On Leave
EMP041670,Jane,Smith,Jane Smith,56,Marketing,Associate,Chicago,90548.05,13412.21,2023-12-12,34,100.0,jane.smith@company.com,(912) 504-2869,Active
EMP041671,Stephanie,Wilson,Stephanie Wilson,64,HR,Manager,Chicago,60086.75,4270.14,2023-08-14,42,34.3,stephanie.wilson@company.com,(586) 938-7456,Active
EMP041672,Robert,Martinez,Robert Martinez,45,IT,Coordinator,Boston,73162.36,9230.99,2023-04-09,19,47.0,robert.martinez@company.com,(825) 690-6608,Inactive
EMP041673,Daniel,Taylor,Daniel Taylor,40,Marketing,Specialist,San Francisco,49301.2,7441.47,2024-05-17,14,78.7,daniel.taylor@company.com,(449) 516-6034,Active
EMP041674,Matthew,Moore,Matthew Moore,36,Sales,Associate,Boston,74125.67,3689.41,2024-07-16,11,67.5,matthew.moore@company.com,(825) 729-3451,Active
EMP041675,Nicole,Anderson,Nicole Anderson,43,Marketing,Lead,Miami,75356.08,6788.98,2020-05-02,20,70.9,nicole.anderson@company.com,(239) 350-5779,Active
EMP041676,Christopher,Jones,Christopher Jones,27,Marketing,Senior Developer,New York,45225.55,8088.58,2020-03-13,0,59.1,christopher.jones@company.com,(301) 953-9346,Inactive
EMP041677,Amanda,Miller,Amanda Miller,39,IT,Director,Boston,84564.31,8166.22,2022-04-22,11,70.4,amanda.miller@company.com,(832) 631-4539,On Leave
EMP041678,Melissa,Wilson,Melissa Wilson,65,IT,Director,Seattle,106780.93,6238.41,2020-01-17,37,68.6,melissa.wilson@company.com,(708) 744-2805,Active
EMP041679,Sarah,Moore,Sarah Moore,31,Finance,Manager,Miami,80919.55,3809.01,2022-02-25,6,58.8,sarah.moore@company.com,(890) 740-7049,Active
EMP041680,Melissa,Davis,Melissa Davis,45,Legal,Associate,San Francisco,93774.6,13372.74,2022-01-16,22,100.0,melissa.davis@company.com,(671) 765-4658,Active
EMP041681,Matthew,Brown,Matthew Brown,35,Sales,Director,San Francisco,68747.54,13432.43,2024-10-27,7,91.3,matthew.brown@company.com,(865) 231-5386,Active
EMP041682,Nicole,Anderson,Nicole Anderson,41,HR,Lead,Miami,65997.72,85.0,2021-05-12,12,100.0,nicole.anderson@company.com,(543) 265-4074,Active
EMP041683,Matthew,Smith,Matthew Smith,36,HR,Manager,Austin,35746.5,3361.03,2023-10-30,11,71.2,matthew.smith@company.com,(272) 412-5340,Active
EMP041684,William,Thomas,William Thomas,39,HR,Senior Developer,Austin,66633.6,3766.06,2020-01-18,16,70.1,william.thomas@company.com,(827) 351-4799,Active
EMP041685,John,Johnson,John Johnson,51,IT,Coordinator,San Francisco,80848.33,7511.14,2023-07-30,29,71.8,john.johnson@company.com,(916) 431-3063,Active
EMP041686,Amanda,Williams,Amanda Williams,43,Sales,Lead,Chicago,91275.69,14882.43,2023-04-20,20,91.7,amanda.williams@company.com,(555) 363-4424,Active
EMP041687,Matthew,Smith,Matthew Smith,57,Operations,Senior Developer,San Francisco,69802.99,2573.52,2021-12-11,35,65.4,matthew.smith@company.com,(801) 456-2060,Active
EMP041688,Emily,Jones,Emily Jones,47,Operations,Coordinator,New York,51780.51,5921.66,2021-07-10,23,100.0,emily.jones@company.com,(783) 459-5361,Active
EMP041689,Daniel,Rodriguez,Daniel Rodriguez,60,Sales,Associate,Chicago,90888.41,3395.85,2023-09-19,38,64.2,daniel.rodriguez@company.com,(956) 297-2123,Active
EMP041690,Anthony,Martinez,Anthony Martinez,50,Engineering,Specialist,New York,112812.38,14655.37,2023-01-10,23,83.3,anthony.martinez@company.com,(735) 985-6937,Inactive
EMP041691,Robert,Jones,Robert Jones,27,HR,Analyst,Miami,56178.94,6236.66,2020-10-18,5,57.4,robert.jones@company.com,(925) 381-4277,Active
EMP041692,Stephanie,Lopez,Stephanie Lopez,57,Sales,Director,Boston,66909.56,3611.49,2023-04-27,31,100.0,stephanie.lopez@company.com,(990) 261-3962,Inactive
EMP041693,Daniel,Johnson,Daniel Johnson,48,Finance,Director,Austin,96579.15,2377.63,2022-03-14,23,92.8,daniel.johnson@company.com,(771) 780-6134,Active
EMP041694,Jane,Lopez,Jane Lopez,37,Sales,Analyst,Los Angeles,62341.73,8443.62,2021-04-23,15,87.5,jane.lopez@company.com,(780) 949-6219,On Leave
EMP041695,Daniel,Johnson,Daniel Johnson,26,Finance,Manager,Boston,58943.78,4779.55,2021-11-24,0,90.5,daniel.johnson@company.com,(939) 794-3228,Active
EMP041696,Michael,Thomas,Michael Thomas,48,HR,Analyst,San Francisco,79511.2,6870.69,2021-11-02,23,85.7,michael.thomas@company.com,(739) 514-6659,Active
EMP041697,John,Lopez,John Lopez,45,Sales,Coordinator,Chicago,78545.0,4526.5,2023-09-03,18,69.8,john.lopez@company.com,(929) 435-8245,Active
EMP041698,Ashley,Miller,Ashley Miller,63,Sales,Associate,Los Angeles,92594.86,8628.23,2024-08-18,35,66.7,ashley.miller@company.com,(388) 393-5414,Active
EMP041699,Christopher,Martin,Christopher Martin,42,Marketing,Senior Developer,Chicago,89269.13,7975.59,2023-10-22,16,89.7,christopher.martin@company.com,(465) 803-6367,Inactive
EMP041700,Nicole,Garcia,Nicole Garcia,52,Marketing,Specialist,Miami,73084.13,10639.43,2020-06-24,25,74.1,nicole.garcia@company.com,(365) 248-2747,Active
EMP041701,Anthony,Rodriguez,Anthony Rodriguez,61,Marketing,Lead,Austin,99168.92,15036.68,2021-06-30,38,57.5,anthony.rodriguez@company.com,(573) 877-5433,Active
EMP041702,William,Williams,William Williams,43,Sales,Analyst,Chicago,81707.47,172.0,2024-01-06,21,77.6,william.williams@company.com,(303) 333-3540,Active
EMP041703,Jane,Davis,Jane Davis,32,HR,Director,Seattle,68308.52,9238.94,2022-07-23,9,68.3,jane.davis@company.com,(475) 477-9565,Active
EMP041704,Lisa,Johnson,Lisa Johnson,58,HR,Associate,Chicago,89297.63,14509.13,2022-10-01,35,100.0,lisa.johnson@company.com,(664) 447-6272,Active
EMP041705,James,Lopez,James Lopez,31,HR,Lead,Miami,63855.38,5499.54,2022-08-02,8,94.4,james.lopez@company.com,(391) 687-3985,Active
EMP041706,Emily,Thomas,Emily Thomas,29,Finance,Coordinator,New York,91532.36,11089.32,2022-08-08,0,68.2,emily.thomas@company.com,(903) 366-2811,Inactive
EMP041707,William,Jones,William Jones,28,Operations,Associate,New York,71173.15,3408.69,2021-08-28,1,65.3,william.jones@company.com,(427) 967-2651,Active
EMP041708,Anthony,Rodriguez,Anthony Rodriguez,30,Operations,Specialist,Los Angeles,30090.05,2999.0,2024-05-12,1,85.8,anthony.rodriguez@company.com,(801) 302-1414,Inactive
EMP041709,Emily,Rodriguez,Emily Rodriguez,24,Sales,Manager,Boston,66528.97,14021.46,2023-04-01,0,63.5,emily.rodriguez@company.com,(403) 936-7434,Active
EMP041710,Daniel,Miller,Daniel Miller,45,Engineering,Analyst,Austin,93276.15,19094.19,2020-08-04,17,78.7,daniel.miller@company.com,(384) 938-3119,Active
EMP041711,Robert,Rodriguez,Robert Rodriguez,40,Marketing,Lead,Boston,73307.62,11044.16,2021-01-26,12,82.1,robert.rodriguez@company.com,(237) 277-1354,Active
EMP041712,Christopher,Moore,Christopher Moore,54,Sales,Coordinator,Seattle,63056.91,9265.97,2021-12-07,26,58.7,christopher.moore@company.com,(535) 585-6375,Active
EMP041713,Nicole,Gonzalez,Nicole Gonzalez,56,Engineering,Manager,Chicago,98594.09,16134.86,2021-12-13,34,79.5,nicole.gonzalez@company.com,(430) 759-3216,Active
EMP041714,Emily,Martin,Emily Martin,52,Finance,Manager,Austin,98756.79,9790.22,2023-04-12,28,98.2,emily.martin@company.com,(519) 619-5958,Active
EMP041715,Jane,Gonzalez,Jane Gonzalez,33,Sales,Coordinator,Miami,56584.37,3823.6,2024-06-12,11,62.0,jane.gonzalez@company.com,(440) 278-7694,Active
EMP041716,Robert,Rodriguez,Robert Rodriguez,59,Marketing,Coordinator,Los Angeles,90689.86,12547.52,2024-06-25,33,77.3,robert.rodriguez@company.com,(403) 781-4643,Active
EMP041717,Emily,Rodriguez,Emily Rodriguez,64,IT,Director,Austin,125214.34,6844.17,2021-03-22,36,51.4,emily.rodriguez@company.com,(550) 999-8867,Active
EMP041718,Sarah,Wilson,Sarah Wilson,45,Operations,Manager,Seattle,43063.76,7905.47,2021-01-20,17,65.1,sarah.wilson@company.com,(649) 297-3084,Active
EMP041719,William,Williams,William Williams,57,Sales,Senior Developer,Boston,112920.88,21154.55,2023-06-08,29,50.2,william.williams@company.com,(652) 689-7734,Active
EMP041720,Lisa,Martinez,Lisa Martinez,62,Legal,Manager,New York,133801.74,21667.68,2023-09-27,34,81.6,lisa.martinez@company.com,(675) 788-9336,Active
EMP041721,Amanda,Jackson,Amanda Jackson,56,Marketing,Specialist,Austin,80491.73,10360.33,2023-03-03,28,80.7,amanda.jackson@company.com,(456) 740-8641,On Leave
EMP041722,Nicole,Thomas,Nicole Thomas,55,IT,Analyst,Seattle,69798.05,6560.73,2022-10-27,31,43.3,nicole.thomas@company.com,(757) 876-9999,Active
EMP041723,David,Johnson,David Johnson,56,Legal,Analyst,Seattle,90237.86,3663.79,2021-09-04,33,81.0,david.johnson@company.com,(603) 722-1704,Active
EMP041724,Michael,Moore,Michael Moore,23,Operations,Associate,New York,43037.64,8036.0,2021-04-15,0,68.4,michael.moore@company.com,(362) 414-2759,Active
EMP041725,John,Smith,John Smith,25,Legal,Lead,Boston,67953.2,5358.81,2023-09-06,0,60.9,john.smith@company.com,(567) 482-8926,Active
EMP041726,David,Miller,David Miller,36,Engineering,Lead,New York,70610.5,12502.07,2023-10-14,7,73.4,david.miller@company.com,(519) 653-7519,Active
EMP041727,John,Hernandez,John Hernandez,32,Operations,Analyst,Los Angeles,50604.93,4707.0,2022-05-15,7,55.4,john.hernandez@company.com,(962) 962-2185,Active
EMP041728,Melissa,Wilson,Melissa Wilson,53,Finance,Coordinator,Austin,93189.7,6679.74,2021-04-11,29,88.7,melissa.wilson@company.com,(931) 432-7010,Active
EMP041729,James,Wilson,James Wilson,48,Operations,Manager,Los Angeles,77409.38,14957.82,2020-02-01,19,85.2,james.wilson@company.com,(372) 671-9999,Inactive
EMP041730,Emily,Smith,Emily Smith,23,IT,Associate,New York,72986.37,12202.47,2021-04-08,0,100.0,emily.smith@company.com,(686) 326-4661,Active
EMP041731,William,Wilson,William Wilson,40,Legal,Manager,Austin,82552.95,7235.43,2020-08-25,16,83.2,william.wilson@company.com,(201) 968-9360,Active
EMP041732,Lisa,Anderson,Lisa Anderson,22,Sales,Lead,San Francisco,58795.88,3432.58,2020-12-23,0,60.7,lisa.anderson@company.com,(671) 535-6707,Active
EMP041733,John,Rodriguez,John Rodriguez,28,IT,Specialist,San Francisco,94088.83,6083.19,2024-10-08,3,84.9,john.rodriguez@company.com,(210) 918-5761,Active
EMP041734,John,Rodriguez,John Rodriguez,34,Operations,Associate,Seattle,33286.37,3386.9,2024-05-01,12,41.5,john.rodriguez@company.com,(656) 770-1933,Active
EMP041735,Stephanie,Davis,Stephanie Davis,25,HR,Director,San Francisco,58555.65,6828.7,2023-12-17,0,76.0,stephanie.davis@company.com,(687) 260-7299,Active
EMP041736,Robert,Thomas,Robert Thomas,44,Marketing,Manager,San Francisco,89839.05,9928.74,2024-10-29,15,57.9,robert.thomas@company.com,(348) 732-9791,Active
EMP041737,Christopher,Smith,Christopher Smith,46,Sales,Manager,Chicago,96138.33,1344.51,2020-12-17,17,56.7,christopher.smith@company.com,(403) 725-8668,Active
EMP041738,Christopher,Lopez,Christopher Lopez,24,Finance,Manager,Chicago,63111.52,6594.42,2022-02-25,2,69.7,christopher.lopez@company.com,(665) 559-6453,Active
EMP041739,Melissa,Hernandez,Melissa Hernandez,64,IT,Coordinator,Chicago,85533.6,8445.13,2023-06-10,37,76.3,melissa.hernandez@company.com,(867) 943-8706,Active
EMP041740,Michael,Martinez,Michael Martinez,62,Sales,Associate,San Francisco,104017.11,11195.22,2024-07-07,36,51.6,michael.martinez@company.com,(307) 995-5227,Active
EMP041741,Amanda,Martinez,Amanda Martinez,46,IT,Associate,Boston,90115.77,20254.0,2022-06-25,20,93.0,amanda.martinez@company.com,(612) 849-8334,Active
EMP041742,John,Gonzalez,John Gonzalez,63,IT,Director,Austin,112011.48,15875.57,2022-12-15,34,72.5,john.gonzalez@company.com,(727) 852-2657,Active
EMP041743,Sarah,Anderson,Sarah Anderson,57,HR,Analyst,Miami,73148.84,10664.1,2022-12-19,29,78.9,sarah.anderson@company.com,(387) 257-4979,Active
EMP041744,James,Garcia,James Garcia,64,Marketing,Director,Chicago,108907.87,3701.25,2024-10-01,38,71.5,james.garcia@company.com,(566) 770-8214,Active
EMP041745,Anthony,Davis,Anthony Davis,41,IT,Associate,Austin,66055.39,8167.24,2020-03-17,17,71.3,anthony.davis@company.com,(735) 979-6409,Active
EMP041746,Ashley,Johnson,Ashley Johnson,65,Sales,Specialist,Chicago,54543.69,704.67,2022-07-12,38,40.7,ashley.johnson@company.com,(503) 572-7187,Active
EMP041747,William,Hernandez,William Hernandez,47,HR,Analyst,Austin,58090.55,6156.95,2021-02-28,24,64.8,william.hernandez@company.com,(442) 814-5580,Active
EMP041748,Nicole,Martinez,Nicole Martinez,50,IT,Director,New York,59770.13,5672.36,2024-11-24,25,75.6,nicole.martinez@company.com,(997) 307-6770,Inactive
EMP041749,Michael,Davis,Michael Davis,26,HR,Director,Austin,38986.18,6379.07,2024-04-04,4,76.9,michael.davis@company.com,(716) 678-7911,Active
EMP041750,Robert,Wilson,Robert Wilson,55,Operations,Senior Developer,New York,78454.87,1675.76,2020-01-22,28,62.7,robert.wilson@company.com,(789) 579-3920,Active
EMP041751,Sarah,Garcia,Sarah Garcia,27,Engineering,Analyst,San Francisco,93542.52,14051.06,2023-04-23,1,82.9,sarah.garcia@company.com,(940) 977-4019,Active
EMP041752,Robert,Anderson,Robert Anderson,37,Legal,Director,Chicago,120358.51,18475.15,2022-07-02,14,92.7,robert.anderson@company.com,(952) 223-4420,Inactive
EMP041753,Emily,Garcia,Emily Garcia,52,Legal,Associate,New York,98322.42,17499.29,2022-03-29,26,64.4,emily.garcia@company.com,(463) 409-3202,Active
EMP041754,Sarah,Martin,Sarah Martin,30,Operations,Associate,New York,65230.8,7047.94,2020-04-03,8,78.5,sarah.martin@company.com,(213) 237-8715,Inactive
EMP041755,David,Martinez,David Martinez,57,Operations,Coordinator,Miami,78265.45,9724.75,2021-04-26,34,60.4,david.martinez@company.com,(906) 210-9792,Active
EMP041756,Robert,Miller,Robert Miller,60,Sales,Associate,Boston,88870.56,6287.0,2021-04-27,32,78.8,robert.miller@company.com,(490) 479-3784,Active
EMP041757,John,Johnson,John Johnson,47,Engineering,Coordinator,Miami,68206.9,5453.2,2023-12-09,19,79.0,john.johnson@company.com,(617) 771-6210,Active
EMP041758,Daniel,Gonzalez,Daniel Gonzalez,45,Legal,Specialist,Miami,88208.0,14473.82,2023-02-03,20,91.5,daniel.gonzalez@company.com,(756) 806-1575,Active
EMP041759,Stephanie,Smith,Stephanie Smith,64,Operations,Coordinator,Chicago,71032.58,8592.92,2022-09-17,41,78.5,stephanie.smith@company.com,(943) 346-6589,Active
EMP041760,John,Gonzalez,John Gonzalez,24,Operations,Associate,Seattle,43352.65,947.24,2021-08-02,0,60.7,john.gonzalez@company.com,(827) 457-6943,Active
EMP041761,Anthony,Jones,Anthony Jones,47,HR,Manager,Chicago,60105.67,5988.07,2021-11-02,24,100.0,anthony.jones@company.com,(248) 572-7427,Active
EMP041762,Jane,Taylor,Jane Taylor,45,Finance,Senior Developer,Los Angeles,74920.79,11978.12,2024-08-12,21,85.9,jane.taylor@company.com,(350) 305-6697,Active
EMP041763,Jessica,Williams,Jessica Williams,60,Operations,Analyst,Los Angeles,45452.0,3489.06,2024-11-21,36,85.6,jessica.williams@company.com,(798) 857-3431,Active
EMP041764,Ashley,Johnson,Ashley Johnson,35,IT,Manager,Boston,81457.63,2452.9,2020-09-26,7,95.6,ashley.johnson@company.com,(395) 275-3599,Active
EMP041765,Robert,Jones,Robert Jones,47,Engineering,Lead,Miami,127682.79,13718.82,2021-01-25,24,60.8,robert.jones@company.com,(588) 983-7822,Inactive
EMP041766,Jessica,Martin,Jessica Martin,46,Operations,Coordinator,Chicago,41024.52,2817.13,2021-06-29,17,76.3,jessica.martin@company.com,(931) 697-7537,Active
EMP041767,Michael,Brown,Michael Brown,45,IT,Senior Developer,New York,99973.12,7672.77,2023-01-06,23,81.5,michael.brown@company.com,(482) 642-4934,Active
EMP041768,Jessica,Rodriguez,Jessica Rodriguez,29,Marketing,Senior Developer,San Francisco,59550.14,750.1,2023-08-12,4,79.7,jessica.rodriguez@company.com,(227) 806-3850,Active
EMP041769,Daniel,Martin,Daniel Martin,64,Finance,Coordinator,Seattle,64064.07,10238.31,2024-05-29,38,56.8,daniel.martin@company.com,(300) 700-6568,Inactive
EMP041770,Jessica,Thomas,Jessica Thomas,46,Finance,Senior Developer,San Francisco,94830.41,7734.18,2023-09-26,23,71.7,jessica.thomas@company.com,(277) 557-8815,Active
EMP041771,Michael,Brown,Michael Brown,44,HR,Specialist,Chicago,79809.98,10776.32,2021-12-01,22,54.6,michael.brown@company.com,(285) 514-7243,Active
EMP041772,Sarah,Hernandez,Sarah Hernandez,38,HR,Coordinator,Miami,57844.36,3113.35,2022-02-10,15,96.8,sarah.hernandez@company.com,(344) 857-4192,Active
EMP041773,Amanda,Gonzalez,Amanda Gonzalez,39,Legal,Director,Austin,37500.0,4377.55,2021-01-03,10,51.4,amanda.gonzalez@company.com,(870) 764-1671,On Leave
EMP041774,Jane,Hernandez,Jane Hernandez,29,Legal,Lead,Boston,67036.09,2483.04,2020-11-06,6,51.8,jane.hernandez@company.com,(945) 979-1670,Inactive
EMP041775,Nicole,Johnson,Nicole Johnson,46,Legal,Senior Developer,Boston,92929.1,14642.37,2020-10-24,20,91.4,nicole.johnson@company.com,(334) 944-1812,Active
EMP041776,Ashley,Rodriguez,Ashley Rodriguez,36,Marketing,Lead,San Francisco,51397.63,4170.3,2023-02-27,12,53.0,ashley.rodriguez@company.com,(374) 214-4218,Active
EMP041777,Ashley,Smith,Ashley Smith,64,Finance,Manager,Miami,88851.5,1538.19,2023-08-25,41,78.2,ashley.smith@company.com,(705) 750-7676,Active
EMP041778,David,Anderson,David Anderson,41,Sales,Director,Los Angeles,87728.32,7640.55,2020-09-03,14,60.1,david.anderson@company.com,(893) 681-8152,Active
EMP041779,Ashley,Martin,Ashley Martin,27,HR,Manager,Boston,43825.26,5780.52,2022-05-06,0,50.3,ashley.martin@company.com,(302) 313-3705,Active
EMP041780,Daniel,Rodriguez,Daniel Rodriguez,51,HR,Specialist,Austin,50972.59,3250.04,2021-09-08,22,72.8,daniel.rodriguez@company.com,(859) 931-5788,Active
EMP041781,Jessica,Jones,Jessica Jones,52,Engineering,Manager,Miami,119888.76,9888.96,2022-06-26,30,80.3,jessica.jones@company.com,(265) 527-2663,On Leave
EMP041782,Matthew,Garcia,Matthew Garcia,25,IT,Coordinator,Boston,52928.82,5525.71,2024-07-12,0,82.6,matthew.garcia@company.com,(889) 950-3420,Active
EMP041783,Jessica,Wilson,Jessica Wilson,25,Engineering,Lead,Boston,63688.61,10655.31,2024-02-29,1,75.6,jessica.wilson@company.com,(342) 297-4748,Active
EMP041784,Matthew,Wilson,Matthew Wilson,35,Engineering,Manager,Boston,73384.68,2963.57,2020-06-14,8,90.9,matthew.wilson@company.com,(225) 595-2406,Active
EMP041785,Anthony,Johnson,Anthony Johnson,32,Finance,Coordinator,Boston,59853.27,8817.76,2020-05-25,6,68.7,anthony.johnson@company.com,(656) 614-3389,Active
EMP041786,Ashley,Martin,Ashley Martin,25,Operations,Senior Developer,Miami,44824.72,10465.72,2020-05-17,0,39.5,ashley.martin@company.com,(713) 942-1169,Active
EMP041787,Stephanie,Gonzalez,Stephanie Gonzalez,35,HR,Director,Seattle,67467.57,7606.73,2024-10-16,13,47.8,stephanie.gonzalez@company.com,(299) 581-2360,Active
EMP041788,James,Wilson,James Wilson,36,Marketing,Coordinator,Los Angeles,53812.73,12262.62,2020-07-30,7,47.7,james.wilson@company.com,(642) 703-2429,Inactive
EMP041789,Michael,Lopez,Michael Lopez,48,Legal,Director,Boston,81624.86,8289.21,2021-11-13,24,49.9,michael.lopez@company.com,(327) 247-2282,Active
EMP041790,Michael,Hernandez,Michael Hernandez,60,Finance,Analyst,Boston,94187.84,13654.53,2020-12-04,33,73.7,michael.hernandez@company.com,(685) 949-7196,Active
EMP041791,Lisa,Martinez,Lisa Martinez,51,IT,Lead,New York,102520.24,12154.67,2021-08-27,22,98.0,lisa.martinez@company.com,(295) 632-3055,Active
EMP041792,James,Smith,James Smith,36,Finance,Lead,Chicago,68930.53,3347.27,2024-07-13,10,76.2,james.smith@company.com,(386) 227-8069,Active
EMP041793,Christopher,Jackson,Christopher Jackson,65,Legal,Coordinator,Miami,100773.93,15690.55,2020-05-10,36,75.4,christopher.jackson@company.com,(396) 344-8149,Active
EMP041794,Christopher,Gonzalez,Christopher Gonzalez,30,Operations,Lead,New York,81311.36,4131.57,2024-12-15,4,53.6,christopher.gonzalez@company.com,(850) 796-2482,Active
EMP041795,Michael,Miller,Michael Miller,33,Operations,Lead,Chicago,48455.54,8507.67,2024-11-27,7,65.0,michael.miller@company.com,(694) 465-9544,Active
EMP041796,Christopher,Hernandez,Christopher Hernandez,22,IT,Specialist,Los Angeles,77194.01,11195.37,2020-02-22,0,77.7,christopher.hernandez@company.com,(928) 466-4243,Active
EMP041797,Amanda,Thomas,Amanda Thomas,28,Marketing,Associate,Los Angeles,71706.5,6350.34,2021-06-03,3,100.0,amanda.thomas@company.com,(751) 980-6242,Active
EMP041798,John,Martin,John Martin,38,Legal,Analyst,Austin,103900.03,8312.89,2021-01-24,12,94.4,john.martin@company.com,(768) 374-8431,Active
EMP041799,Amanda,Johnson,Amanda Johnson,50,Marketing,Director,Chicago,77924.81,8244.73,2024-03-13,26,66.0,amanda.johnson@company.com,(893) 692-2221,Active
EMP041800,Michael,Lopez,Michael Lopez,53,Finance,Associate,Miami,91011.32,18061.08,2021-01-12,31,81.4,michael.lopez@company.com,(948) 253-4462,Active
EMP041801,Daniel,Jones,Daniel Jones,38,Marketing,Senior Developer,New York,83455.23,10322.45,2020-12-26,10,79.5,daniel.jones@company.com,(310) 860-9968,Active
EMP041802,Lisa,Martin,Lisa Martin,34,Engineering,Analyst,Chicago,84584.91,10777.68,2023-08-18,10,100.0,lisa.martin@company.com,(888) 725-2859,Active
EMP041803,Jane,Lopez,Jane Lopez,35,Sales,Senior Developer,Miami,82146.04,2739.69,2021-01-08,8,63.9,jane.lopez@company.com,(306) 466-5198,Active
EMP041804,James,Brown,James Brown,30,Marketing,Coordinator,Los Angeles,40427.7,3656.38,2023-08-04,4,59.0,james.brown@company.com,(200) 757-6871,Active
EMP041805,John,Thomas,John Thomas,48,Engineering,Director,Los Angeles,107330.53,20136.79,2023-07-11,26,93.6,john.thomas@company.com,(863) 473-9776,Active
EMP041806,John,Gonzalez,John Gonzalez,61,Marketing,Lead,Austin,55629.84,1520.18,2024-05-16,38,59.3,john.gonzalez@company.com,(281) 945-1006,Active
EMP041807,David,Lopez,David Lopez,53,Operations,Senior Developer,Seattle,63846.19,725.89,2021-01-04,25,100.0,david.lopez@company.com,(372) 301-7287,Active
EMP041808,Jane,Wilson,Jane Wilson,23,Operations,Associate,Miami,60972.07,402.31,2021-01-13,0,84.4,jane.wilson@company.com,(489) 448-7445,Inactive
EMP041809,Amanda,Gonzalez,Amanda Gonzalez,48,Operations,Manager,San Francisco,39358.25,1794.94,2024-04-17,19,53.3,amanda.gonzalez@company.com,(480) 674-9732,Active
EMP041810,Jane,Johnson,Jane Johnson,22,HR,Manager,Los Angeles,44140.5,3268.57,2024-06-04,0,68.8,jane.johnson@company.com,(551) 841-8288,Active
EMP041811,Nicole,Smith,Nicole Smith,24,Engineering,Manager,San Francisco,100781.66,4662.66,2024-10-11,0,100.0,nicole.smith@company.com,(531) 622-8713,Active
EMP041812,Jane,Jackson,Jane Jackson,47,Finance,Specialist,San Francisco,81768.09,8393.77,2024-04-11,19,46.7,jane.jackson@company.com,(737) 653-9306,Active
EMP041813,Emily,Jackson,Emily Jackson,56,HR,Manager,Chicago,85375.03,10656.61,2022-11-12,27,62.6,emily.jackson@company.com,(588) 248-2958,On Leave
EMP041814,Christopher,Anderson,Christopher Anderson,55,Legal,Lead,Boston,109972.11,8797.28,2021-12-25,30,80.5,christopher.anderson@company.com,(222) 901-9411,Active
EMP041815,Robert,Rodriguez,Robert Rodriguez,61,Sales,Lead,Miami,74437.27,14325.74,2021-11-16,32,97.1,robert.rodriguez@company.com,(590) 624-5592,Active
EMP041816,Lisa,Williams,Lisa Williams,24,Finance,Associate,New York,58730.78,3917.66,2022-03-31,0,98.0,lisa.williams@company.com,(827) 437-2605,Active
EMP041817,Matthew,Johnson,Matthew Johnson,53,Engineering,Senior Developer,Austin,111688.59,15972.25,2024-02-19,28,71.7,matthew.johnson@company.com,(405) 886-6037,Inactive
EMP041818,James,Jones,James Jones,61,HR,Coordinator,Chicago,80883.66,15100.7,2023-01-17,39,83.4,james.jones@company.com,(908) 721-9104,Active
EMP041819,William,Moore,William Moore,51,Sales,Director,Austin,80739.84,2311.03,2020-05-06,27,94.6,william.moore@company.com,(734) 709-4511,Inactive
EMP041820,Nicole,Taylor,Nicole Taylor,58,Finance,Lead,Chicago,120226.1,3973.61,2024-07-31,34,74.8,nicole.taylor@company.com,(815) 214-4998,Inactive
EMP041821,Melissa,Jones,Melissa Jones,50,Marketing,Director,San Francisco,77561.45,10484.93,2020-03-27,27,65.5,melissa.jones@company.com,(736) 262-2590,Active
EMP041822,Robert,Johnson,Robert Johnson,58,Operations,Specialist,Miami,62544.13,9971.44,2020-09-02,29,76.0,robert.johnson@company.com,(329) 200-7315,Active
EMP041823,Christopher,Hernandez,Christopher Hernandez,49,Operations,Senior Developer,Seattle,62364.1,4171.87,2022-02-12,21,97.4,christopher.hernandez@company.com,(685) 229-1869,Active
EMP041824,Robert,Taylor,Robert Taylor,53,Legal,Director,Los Angeles,85189.93,5223.12,2022-08-31,25,58.6,robert.taylor@company.com,(458) 707-7950,Active
EMP041825,Lisa,Taylor,Lisa Taylor,36,Engineering,Manager,Seattle,59927.63,12524.71,2021-05-24,11,85.6,lisa.taylor@company.com,(805) 556-3278,Active
EMP041826,Christopher,Miller,Christopher Miller,53,Finance,Director,Austin,98519.19,9542.3,2023-08-10,27,86.8,christopher.miller@company.com,(816) 385-8879,Active
EMP041827,Christopher,Johnson,Christopher Johnson,50,Legal,Associate,Boston,108213.57,17587.24,2021-04-25,24,100.0,christopher.johnson@company.com,(788) 407-1254,Active
EMP041828,Sarah,Rodriguez,Sarah Rodriguez,41,Sales,Lead,San Francisco,72439.09,5562.35,2023-07-28,12,86.5,sarah.rodriguez@company.com,(982) 875-5351,Active
EMP041829,David,Rodriguez,David Rodriguez,63,Legal,Manager,San Francisco,105734.77,4290.57,2020-11-22,36,60.4,david.rodriguez@company.com,(753) 865-9082,Active
EMP041830,Jessica,Thomas,Jessica Thomas,48,IT,Manager,Seattle,111408.63,19938.04,2023-03-25,23,59.1,jessica.thomas@company.com,(247) 501-1619,Active
EMP041831,William,Anderson,William Anderson,49,Sales,Director,Los Angeles,108307.82,7568.28,2023-02-22,25,70.3,william.anderson@company.com,(357) 450-7259,Active
EMP041832,Amanda,Brown,Amanda Brown,46,HR,Manager,Chicago,79487.94,9396.38,2022-07-19,23,70.3,amanda.brown@company.com,(957) 535-9280,Inactive
EMP041833,James,Hernandez,James Hernandez,45,Sales,Director,Austin,78500.47,9359.26,2020-06-16,22,80.7,james.hernandez@company.com,(665) 358-6126,Inactive
EMP041834,Amanda,Anderson,Amanda Anderson,38,Marketing,Director,San Francisco,80458.75,14607.89,2020-04-21,15,78.4,amanda.anderson@company.com,(788) 345-3300,Active
EMP041835,Ashley,Lopez,Ashley Lopez,59,HR,Analyst,Austin,67402.08,3518.61,2021-10-21,33,86.1,ashley.lopez@company.com,(898) 359-6640,Active
EMP041836,James,Thomas,James Thomas,29,Legal,Analyst,Los Angeles,79240.62,3283.42,2021-06-07,4,60.2,james.thomas@company.com,(891) 886-5593,Active
EMP041837,Nicole,Brown,Nicole Brown,50,Sales,Analyst,Chicago,56944.33,1840.75,2022-10-16,23,71.6,nicole.brown@company.com,(279) 744-2774,Active
EMP041838,Jane,Jones,Jane Jones,32,Operations,Analyst,Austin,74968.31,2299.54,2024-01-24,7,88.3,jane.jones@company.com,(816) 775-9696,Active
EMP041839,Stephanie,Garcia,Stephanie Garcia,25,Finance,Senior Developer,Boston,40310.19,4654.9,2022-08-10,0,82.1,stephanie.garcia@company.com,(264) 704-9904,Active
EMP041840,Amanda,Anderson,Amanda Anderson,35,HR,Specialist,Miami,70330.15,7629.08,2024-02-18,6,79.8,amanda.anderson@company.com,(736) 353-1680,Active
EMP041841,William,Johnson,William Johnson,44,Legal,Lead,New York,68173.94,6833.45,2022-08-09,17,78.8,william.johnson@company.com,(464) 868-5169,Active
EMP041842,David,Rodriguez,David Rodriguez,28,HR,Specialist,Seattle,32890.83,2593.3,2022-05-29,2,66.3,david.rodriguez@company.com,(953) 376-1669,Active
EMP041843,Melissa,Lopez,Melissa Lopez,26,Operations,Lead,New York,34909.29,4379.26,2021-06-21,1,60.2,melissa.lopez@company.com,(817) 783-6040,On Leave
EMP041844,Jessica,Taylor,Jessica Taylor,43,Legal,Manager,Austin,73063.88,7502.83,2020-05-18,15,100.0,jessica.taylor@company.com,(407) 798-2707,Inactive
EMP041845,Sarah,Garcia,Sarah Garcia,47,Legal,Specialist,Chicago,101950.5,11921.93,2022-12-31,23,67.9,sarah.garcia@company.com,(893) 695-1699,Active
EMP041846,Amanda,Garcia,Amanda Garcia,60,IT,Analyst,New York,64128.5,2332.71,2024-04-13,35,73.1,amanda.garcia@company.com,(659) 570-5436,Active
EMP041847,Nicole,Martin,Nicole Martin,28,HR,Manager,Miami,54666.3,6913.21,2023-12-11,1,79.9,nicole.martin@company.com,(367) 678-8848,Active
EMP041848,Lisa,Thomas,Lisa Thomas,58,Marketing,Director,New York,80405.16,7943.42,2022-08-05,34,76.8,lisa.thomas@company.com,(988) 764-5845,Active
EMP041849,Daniel,Jones,Daniel Jones,56,Sales,Lead,Los Angeles,70404.53,1644.91,2022-05-05,32,43.0,daniel.jones@company.com,(506) 380-6271,On Leave
EMP041850,Michael,Taylor,Michael Taylor,55,Finance,Lead,New York,69579.91,3827.55,2020-01-30,29,80.4,michael.taylor@company.com,(589) 238-8356,On Leave
EMP041851,James,Anderson,James Anderson,54,Operations,Director,Austin,80092.96,15098.2,2020-12-19,32,55.5,james.anderson@company.com,(493) 625-3092,Active
EMP041852,Jane,Anderson,Jane Anderson,33,Finance,Associate,Chicago,82797.65,6944.26,2020-11-30,7,80.3,jane.anderson@company.com,(710) 312-1196,Active
EMP041853,Melissa,Wilson,Melissa Wilson,25,Legal,Coordinator,San Francisco,69846.34,4202.94,2023-09-05,0,71.6,melissa.wilson@company.com,(446) 494-9573,Active
EMP041854,John,Anderson,John Anderson,43,HR,Director,Chicago,67851.35,6490.45,2021-01-04,17,41.8,john.anderson@company.com,(714) 539-2918,Active
EMP041855,James,Martin,James Martin,39,HR,Associate,Chicago,61536.47,5420.14,2021-05-27,12,43.4,james.martin@company.com,(732) 487-1854,Active
EMP041856,Jane,Jackson,Jane Jackson,60,HR,Manager,Los Angeles,68232.81,9512.42,2024-02-24,34,60.0,jane.jackson@company.com,(498) 998-1743,Inactive
EMP041857,John,Lopez,John Lopez,64,Legal,Coordinator,Boston,94900.73,10708.7,2024-03-05,40,60.3,john.lopez@company.com,(966) 845-8848,Active
EMP041858,Michael,Rodriguez,Michael Rodriguez,56,Sales,Director,New York,109449.0,398.42,2024-06-03,27,70.2,michael.rodriguez@company.com,(277) 436-3653,Active
EMP041859,Stephanie,Martinez,Stephanie Martinez,41,Legal,Senior Developer,Miami,85484.0,5027.48,2020-02-08,12,98.3,stephanie.martinez@company.com,(578) 938-2168,Active
EMP041860,Nicole,Johnson,Nicole Johnson,61,Operations,Associate,Los Angeles,42714.77,3367.7,2023-09-23,33,52.6,nicole.johnson@company.com,(990) 376-7773,Active
EMP041861,Michael,Hernandez,Michael Hernandez,52,IT,Manager,Seattle,74107.59,7538.97,2021-02-20,30,69.9,michael.hernandez@company.com,(791) 299-6033,On Leave
EMP041862,Daniel,Davis,Daniel Davis,23,Marketing,Analyst,Seattle,56188.59,6548.7,2024-05-11,0,77.3,daniel.davis@company.com,(657) 777-4072,Active
EMP041863,Ashley,Gonzalez,Ashley Gonzalez,38,Engineering,Lead,Los Angeles,69155.57,4827.66,2023-09-20,15,75.1,ashley.gonzalez@company.com,(563) 449-3714,Active
EMP041864,Matthew,Gonzalez,Matthew Gonzalez,50,Engineering,Associate,Los Angeles,102074.56,11776.4,2023-11-11,25,70.1,matthew.gonzalez@company.com,(660) 352-3371,Active
EMP041865,Daniel,Smith,Daniel Smith,40,Legal,Senior Developer,Chicago,101900.42,14646.82,2022-08-11,13,44.8,daniel.smith@company.com,(721) 813-1114,Active
EMP041866,Melissa,Davis,Melissa Davis,51,IT,Analyst,New York,83759.34,12782.67,2024-06-30,25,82.8,melissa.davis@company.com,(410) 974-6991,Inactive
EMP041867,Michael,Miller,Michael Miller,49,Finance,Senior Developer,Chicago,86045.77,12353.44,2024-03-27,23,62.3,michael.miller@company.com,(775) 492-3343,Active
EMP041868,Lisa,Hernandez,Lisa Hernandez,29,Marketing,Coordinator,Los Angeles,61823.96,8923.02,2021-03-29,0,84.0,lisa.hernandez@company.com,(207) 944-8421,Active
EMP041869,Melissa,Thomas,Melissa Thomas,32,Operations,Manager,New York,47167.59,1281.25,2020-12-04,3,66.0,melissa.thomas@company.com,(341) 398-4641,Inactive
EMP041870,Melissa,Garcia,Melissa Garcia,34,Operations,Associate,Chicago,29454.91,4293.69,2023-10-04,6,60.2,melissa.garcia@company.com,(801) 593-1014,Inactive
EMP041871,Ashley,Martinez,Ashley Martinez,42,HR,Associate,Los Angeles,71899.63,6860.94,2021-03-02,17,68.4,ashley.martinez@company.com,(223) 433-8866,Active
EMP041872,Daniel,Miller,Daniel Miller,27,Finance,Director,San Francisco,47108.17,6030.75,2021-11-27,4,47.4,daniel.miller@company.com,(213) 411-7922,Active
EMP041873,Jessica,Williams,Jessica Williams,61,Legal,Associate,Boston,110789.8,14193.92,2020-05-21,35,55.6,jessica.williams@company.com,(298) 504-3401,Active
EMP041874,Robert,Martin,Robert Martin,42,Finance,Senior Developer,Miami,67693.7,5623.33,2022-12-29,14,70.4,robert.martin@company.com,(954) 215-3402,Active
EMP041875,Amanda,Martin,Amanda Martin,65,Legal,Coordinator,Austin,106138.04,12542.22,2024-10-11,41,50.9,amanda.martin@company.com,(768) 429-4657,Active
EMP041876,Emily,Thomas,Emily Thomas,38,HR,Analyst,San Francisco,93569.87,8538.71,2022-11-21,15,90.8,emily.thomas@company.com,(322) 502-9809,Active
EMP041877,Anthony,Johnson,Anthony Johnson,57,Operations,Analyst,New York,74930.82,3018.01,2024-12-26,35,78.3,anthony.johnson@company.com,(577) 981-4751,Inactive
EMP041878,James,Thomas,James Thomas,28,Engineering,Associate,Chicago,49429.69,3814.27,2022-03-06,4,57.2,james.thomas@company.com,(332) 703-5301,Inactive
EMP041879,David,Brown,David Brown,49,Sales,Manager,San Francisco,68988.8,9690.67,2023-05-05,21,62.4,david.brown@company.com,(869) 240-2282,Active
EMP041880,Robert,Smith,Robert Smith,53,Marketing,Coordinator,New York,81292.29,7524.88,2021-11-23,27,75.6,robert.smith@company.com,(969) 566-7100,Active
EMP041881,Amanda,Martin,Amanda Martin,64,Marketing,Manager,Miami,110766.58,13131.09,2022-04-12,35,90.6,amanda.martin@company.com,(709) 636-7525,Active
EMP041882,Jessica,Brown,Jessica Brown,55,Operations,Lead,San Francisco,55019.01,8297.24,2023-08-05,27,70.4,jessica.brown@company.com,(610) 419-1520,Inactive
EMP041883,Anthony,Thomas,Anthony Thomas,52,Legal,Associate,New York,79799.47,1011.74,2020-01-17,30,78.0,anthony.thomas@company.com,(559) 691-8174,Active
EMP041884,Daniel,Williams,Daniel Williams,53,Operations,Manager,New York,60763.29,9947.1,2020-04-25,26,95.1,daniel.williams@company.com,(711) 628-7555,Active
EMP041885,William,Anderson,William Anderson,44,Legal,Manager,Seattle,104374.98,14755.35,2021-03-30,20,100.0,william.anderson@company.com,(751) 281-9119,Active
EMP041886,Jessica,Hernandez,Jessica Hernandez,28,HR,Analyst,Los Angeles,36884.08,2720.06,2022-11-12,4,74.7,jessica.hernandez@company.com,(409) 493-8019,Active
EMP041887,Anthony,Miller,Anthony Miller,32,Engineering,Senior Developer,Austin,95365.83,17161.5,2024-03-01,10,81.3,anthony.miller@company.com,(850) 704-6729,Active
EMP041888,Ashley,Martin,Ashley Martin,62,Legal,Specialist,Boston,91363.53,12648.6,2022-01-24,33,66.4,ashley.martin@company.com,(806) 339-6972,Active
EMP041889,William,Rodriguez,William Rodriguez,37,IT,Director,Boston,103952.61,13135.95,2021-03-15,10,75.6,william.rodriguez@company.com,(629) 941-5657,Active
EMP041890,Jessica,Johnson,Jessica Johnson,64,Finance,Analyst,Boston,92678.28,991.25,2024-04-10,42,53.1,jessica.johnson@company.com,(331) 981-4481,Active
EMP041891,Christopher,Anderson,Christopher Anderson,64,IT,Manager,Seattle,79821.58,11556.23,2021-12-13,38,81.5,christopher.anderson@company.com,(663) 286-1615,Active
EMP041892,Lisa,Garcia,Lisa Garcia,49,Operations,Senior Developer,Seattle,70785.16,6958.48,2020-04-29,24,64.3,lisa.garcia@company.com,(397) 210-9972,Active
EMP041893,Jane,Brown,Jane Brown,55,Marketing,Coordinator,San Francisco,86911.46,4096.27,2020-01-09,28,83.5,jane.brown@company.com,(422) 213-1388,Active
EMP041894,Nicole,Moore,Nicole Moore,52,Sales,Associate,New York,78956.39,10068.65,2022-11-21,26,92.3,nicole.moore@company.com,(570) 849-7502,Active
EMP041895,John,Lopez,John Lopez,48,Engineering,Manager,Chicago,131976.08,18802.0,2021-10-19,21,64.1,john.lopez@company.com,(798) 408-4878,Active
EMP041896,Ashley,Thomas,Ashley Thomas,33,Operations,Senior Developer,Boston,52924.41,8318.12,2023-04-07,9,75.4,ashley.thomas@company.com,(285) 841-9415,Active
EMP041897,Stephanie,Garcia,Stephanie Garcia,29,Sales,Analyst,Seattle,65644.84,5360.92,2023-10-23,4,71.3,stephanie.garcia@company.com,(756) 941-7506,Active
EMP041898,Stephanie,Miller,Stephanie Miller,37,Engineering,Associate,Chicago,100814.59,12755.92,2021-07-06,10,65.2,stephanie.miller@company.com,(247) 744-2099,Active
EMP041899,Anthony,Moore,Anthony Moore,31,Sales,Senior Developer,Austin,61806.61,10570.74,2024-06-15,5,78.7,anthony.moore@company.com,(928) 385-5132,Active
EMP041900,Anthony,Hernandez,Anthony Hernandez,51,IT,Lead,New York,101379.11,14462.17,2024-12-09,27,100.0,anthony.hernandez@company.com,(849) 708-6473,Active
EMP041901,Emily,Rodriguez,Emily Rodriguez,49,Legal,Analyst,Los Angeles,91573.07,9815.89,2021-09-12,25,59.5,emily.rodriguez@company.com,(803) 929-4570,Active
EMP041902,John,Rodriguez,John Rodriguez,64,Legal,Lead,Seattle,114707.74,3476.84,2022-04-06,41,50.6,john.rodriguez@company.com,(349) 476-9432,Active
EMP041903,William,Smith,William Smith,30,Sales,Analyst,Boston,84628.55,5434.94,2022-10-11,4,58.1,william.smith@company.com,(644) 510-7499,Active
EMP041904,Ashley,Taylor,Ashley Taylor,53,IT,Director,San Francisco,107107.72,12553.61,2021-01-09,31,61.6,ashley.taylor@company.com,(748) 451-4659,Active
EMP041905,William,Lopez,William Lopez,61,Finance,Lead,Austin,76551.45,8914.27,2024-04-04,35,99.6,william.lopez@company.com,(279) 425-6424,Active
EMP041906,Stephanie,Wilson,Stephanie Wilson,50,Engineering,Associate,Miami,148741.51,10272.73,2020-12-24,22,75.0,stephanie.wilson@company.com,(817) 958-3421,Inactive
EMP041907,Matthew,Davis,Matthew Davis,26,Finance,Analyst,Austin,66521.16,7308.01,2021-07-18,0,71.7,matthew.davis@company.com,(330) 548-2546,Inactive
EMP041908,Anthony,Jones,Anthony Jones,61,Operations,Coordinator,Seattle,56051.42,6495.04,2023-09-11,32,51.5,anthony.jones@company.com,(219) 253-2564,Active
EMP041909,Anthony,Rodriguez,Anthony Rodriguez,63,Legal,Manager,Chicago,97070.62,15018.98,2023-01-20,41,68.0,anthony.rodriguez@company.com,(571) 909-8625,Active
EMP041910,Jane,Taylor,Jane Taylor,33,Operations,Manager,New York,54052.86,7740.21,2022-02-16,10,79.2,jane.taylor@company.com,(587) 760-7407,Active
EMP041911,David,Hernandez,David Hernandez,53,HR,Manager,Seattle,57387.31,4208.05,2023-05-29,31,95.4,david.hernandez@company.com,(535) 691-6639,Active
EMP041912,Robert,Anderson,Robert Anderson,39,Operations,Director,Chicago,54134.96,6023.35,2024-03-15,15,55.6,robert.anderson@company.com,(762) 537-2335,Active
EMP041913,Sarah,Jones,Sarah Jones,38,HR,Coordinator,Seattle,58239.38,6637.81,2020-04-07,13,76.6,sarah.jones@company.com,(365) 414-4464,Active
EMP041914,Jane,Lopez,Jane Lopez,48,Sales,Associate,Miami,79089.97,4861.27,2020-09-15,26,71.9,jane.lopez@company.com,(497) 928-7501,Active
EMP041915,Robert,Jones,Robert Jones,56,Legal,Coordinator,Boston,131652.29,13525.18,2021-02-11,27,100.0,robert.jones@company.com,(217) 465-7448,Active
EMP041916,Anthony,Hernandez,Anthony Hernandez,25,Sales,Lead,San Francisco,63161.47,4659.6,2024-12-08,2,100.0,anthony.hernandez@company.com,(506) 526-2667,Active
EMP041917,Michael,Gonzalez,Michael Gonzalez,31,IT,Lead,New York,93965.96,14983.75,2021-02-06,7,74.2,michael.gonzalez@company.com,(878) 309-2125,Inactive
EMP041918,David,Taylor,David Taylor,64,Operations,Senior Developer,New York,65730.09,5037.47,2022-10-04,39,89.9,david.taylor@company.com,(570) 390-3349,Active
EMP041919,Daniel,Brown,Daniel Brown,55,Operations,Analyst,New York,66460.35,5294.15,2024-11-02,32,98.3,daniel.brown@company.com,(688) 930-1946,Active
EMP041920,Nicole,Williams,Nicole Williams,44,IT,Senior Developer,New York,89018.06,11428.81,2023-03-10,22,85.1,nicole.williams@company.com,(460) 817-3594,Active
EMP041921,Jessica,Martinez,Jessica Martinez,26,Engineering,Analyst,New York,106888.22,10904.21,2024-04-23,0,87.7,jessica.martinez@company.com,(840) 242-8407,Active
EMP041922,Amanda,Lopez,Amanda Lopez,55,Sales,Senior Developer,San Francisco,88598.46,7513.54,2022-01-28,30,81.5,amanda.lopez@company.com,(773) 675-5318,Inactive
EMP041923,Melissa,Rodriguez,Melissa Rodriguez,54,Engineering,Director,Miami,102978.29,15585.51,2024-12-01,26,80.8,melissa.rodriguez@company.com,(784) 211-3855,Active
EMP041924,David,Davis,David Davis,58,Legal,Associate,Miami,88907.2,7161.55,2020-12-31,33,64.4,david.davis@company.com,(840) 654-9601,Active
EMP041925,Jane,Williams,Jane Williams,64,Operations,Manager,Boston,70071.55,3360.66,2021-12-05,38,58.2,jane.williams@company.com,(794) 981-1368,Active
EMP041926,David,Gonzalez,David Gonzalez,61,Marketing,Specialist,Chicago,98309.12,11307.97,2022-12-18,38,94.7,david.gonzalez@company.com,(830) 878-6248,Active
EMP041927,William,Garcia,William Garcia,55,Finance,Coordinator,Miami,114952.91,20293.62,2021-01-24,28,64.6,william.garcia@company.com,(793) 486-5414,Active
EMP041928,John,Hernandez,John Hernandez,43,Marketing,Specialist,San Francisco,61121.06,6971.63,2023-12-04,17,88.9,john.hernandez@company.com,(706) 410-7114,Active
EMP041929,Jessica,Moore,Jessica Moore,49,Operations,Senior Developer,Austin,49441.35,7698.59,2021-06-24,22,73.5,jessica.moore@company.com,(290) 739-4283,Active
EMP041930,John,Martinez,John Martinez,51,HR,Coordinator,Los Angeles,71028.48,55.46,2020-01-14,29,75.7,john.martinez@company.com,(915) 295-4723,Active
EMP041931,Christopher,Williams,Christopher Williams,54,HR,Analyst,San Francisco,66856.62,3049.08,2023-03-27,28,61.1,christopher.williams@company.com,(347) 962-7132,Inactive
EMP041932,Christopher,Martinez,Christopher Martinez,27,HR,Specialist,Chicago,61879.41,8493.57,2023-06-03,3,60.7,christopher.martinez@company.com,(773) 323-9516,Active
EMP041933,Christopher,Brown,Christopher Brown,23,HR,Coordinator,Los Angeles,75020.9,12528.08,2021-08-25,0,100.0,christopher.brown@company.com,(344) 924-5494,Active
EMP041934,Anthony,Davis,Anthony Davis,47,Marketing,Senior Developer,Los Angeles,92220.23,5847.35,2020-05-06,21,71.3,anthony.davis@company.com,(900) 612-9526,Active
EMP041935,James,Lopez,James Lopez,41,Finance,Manager,San Francisco,46011.22,7271.15,2024-05-04,16,83.2,james.lopez@company.com,(633) 768-7226,Active
EMP041936,Robert,Smith,Robert Smith,63,Finance,Specialist,Austin,120196.16,11519.5,2023-01-22,36,47.8,robert.smith@company.com,(666) 576-1286,Active
EMP041937,Matthew,Garcia,Matthew Garcia,38,HR,Coordinator,Boston,49365.77,5151.46,2024-03-09,9,98.3,matthew.garcia@company.com,(880) 246-3765,Active
EMP041938,Robert,Gonzalez,Robert Gonzalez,23,Legal,Director,Los Angeles,93836.22,6495.26,2024-06-03,0,64.8,robert.gonzalez@company.com,(976) 249-6058,Active
EMP041939,Robert,Rodriguez,Robert Rodriguez,46,Engineering,Manager,Miami,64482.79,5702.58,2023-02-01,17,87.4,robert.rodriguez@company.com,(994) 494-6476,Active
EMP041940,William,Davis,William Davis,24,Marketing,Senior Developer,Seattle,51662.17,4454.44,2020-07-26,0,92.1,william.davis@company.com,(636) 452-1577,Active
EMP041941,Nicole,Jones,Nicole Jones,34,Marketing,Lead,Boston,60040.55,4682.43,2023-03-15,12,72.1,nicole.jones@company.com,(800) 322-8140,On Leave
EMP041942,Anthony,Miller,Anthony Miller,24,Operations,Director,Miami,39241.47,3488.71,2020-11-08,0,91.5,anthony.miller@company.com,(892) 607-7908,Active
EMP041943,Ashley,Jones,Ashley Jones,46,Engineering,Lead,Chicago,110382.18,15741.59,2022-12-10,23,69.6,ashley.jones@company.com,(721) 980-6087,On Leave
EMP041944,Ashley,Moore,Ashley Moore,65,Finance,Senior Developer,Los Angeles,79275.43,7750.76,2024-02-11,36,74.0,ashley.moore@company.com,(234) 979-7562,Active
EMP041945,Lisa,Johnson,Lisa Johnson,29,HR,Manager,New York,59276.29,4660.33,2024-12-26,5,75.4,lisa.johnson@company.com,(868) 971-7405,Active
EMP041946,William,Lopez,William Lopez,29,Finance,Specialist,Boston,96074.59,12145.68,2023-04-26,3,67.9,william.lopez@company.com,(314) 324-9428,Active
EMP041947,Emily,Gonzalez,Emily Gonzalez,60,Sales,Coordinator,Austin,87067.82,0.0,2024-11-27,36,63.6,emily.gonzalez@company.com,(623) 444-9891,On Leave
EMP041948,Anthony,Anderson,Anthony Anderson,60,Marketing,Associate,Miami,86343.56,5233.9,2023-05-28,31,61.4,anthony.anderson@company.com,(383) 283-2744,Active
EMP041949,James,Davis,James Davis,58,Finance,Analyst,Miami,56620.12,5817.04,2024-12-14,33,68.7,james.davis@company.com,(855) 748-4909,Active
EMP041950,Christopher,Lopez,Christopher Lopez,33,Marketing,Lead,Seattle,39592.52,4910.56,2024-11-01,7,65.8,christopher.lopez@company.com,(944) 750-1394,Active
EMP041951,Matthew,Moore,Matthew Moore,58,Sales,Specialist,Chicago,83607.3,8202.08,2020-07-13,34,78.0,matthew.moore@company.com,(704) 765-1625,Active
EMP041952,Sarah,Garcia,Sarah Garcia,33,Finance,Coordinator,Miami,77134.09,16997.79,2024-06-27,8,82.0,sarah.garcia@company.com,(719) 263-2494,Active
EMP041953,Amanda,Johnson,Amanda Johnson,43,Marketing,Manager,San Francisco,53420.74,6146.19,2024-08-10,17,87.7,amanda.johnson@company.com,(976) 945-5760,Active
EMP041954,William,Brown,William Brown,54,Legal,Manager,Los Angeles,112459.79,4599.16,2024-05-11,29,79.0,william.brown@company.com,(349) 924-2608,Active
EMP041955,Amanda,Hernandez,Amanda Hernandez,37,Sales,Manager,Los Angeles,80939.42,4173.37,2023-10-29,15,78.5,amanda.hernandez@company.com,(960) 782-9491,Active
EMP041956,William,Davis,William Davis,38,Sales,Analyst,Miami,91868.01,7490.5,2022-12-23,12,76.1,william.davis@company.com,(763) 440-4728,Active
EMP041957,Jessica,Lopez,Jessica Lopez,44,Operations,Manager,New York,101200.63,6605.73,2020-04-28,16,99.2,jessica.lopez@company.com,(910) 921-3142,Active
EMP041958,Sarah,Rodriguez,Sarah Rodriguez,52,IT,Director,Boston,97338.03,8483.82,2020-10-15,30,69.8,sarah.rodriguez@company.com,(570) 768-7588,Active
EMP041959,Matthew,Martinez,Matthew Martinez,49,HR,Coordinator,Los Angeles,52285.73,4366.23,2020-05-07,25,47.3,matthew.martinez@company.com,(684) 563-8545,Active
EMP041960,Lisa,Williams,Lisa Williams,31,Marketing,Associate,Boston,91919.55,6891.13,2023-03-19,9,67.5,lisa.williams@company.com,(853) 528-7251,Active
EMP041961,Daniel,Anderson,Daniel Anderson,57,Legal,Manager,San Francisco,101055.05,10451.51,2022-05-14,31,61.7,daniel.anderson@company.com,(947) 865-3214,Active
EMP041962,Sarah,Taylor,Sarah Taylor,34,Legal,Senior Developer,Boston,97848.42,1909.38,2022-09-26,12,84.8,sarah.taylor@company.com,(773) 513-9249,Active
EMP041963,William,Wilson,William Wilson,62,Marketing,Associate,San Francisco,104345.08,15155.07,2022-01-26,33,73.7,william.wilson@company.com,(212) 862-2146,Active
EMP041964,Daniel,Moore,Daniel Moore,35,Finance,Director,Miami,107268.49,8324.57,2020-10-31,12,98.9,daniel.moore@company.com,(607) 251-6474,Active
EMP041965,Emily,Jackson,Emily Jackson,23,Legal,Specialist,New York,82903.07,4049.61,2023-10-06,0,67.3,emily.jackson@company.com,(285) 633-1028,Active
EMP041966,Emily,Garcia,Emily Garcia,54,Sales,Manager,Chicago,107565.93,13234.66,2024-09-29,26,91.3,emily.garcia@company.com,(325) 716-4002,Active
EMP041967,David,Garcia,David Garcia,31,HR,Coordinator,Boston,31508.24,667.85,2023-06-27,7,75.1,david.garcia@company.com,(393) 449-4517,Active
EMP041968,Melissa,Garcia,Melissa Garcia,38,Legal,Analyst,New York,76940.37,11202.56,2022-03-14,15,69.1,melissa.garcia@company.com,(697) 610-2161,Active
EMP041969,Christopher,Taylor,Christopher Taylor,30,Finance,Senior Developer,Los Angeles,72823.3,11791.64,2024-07-23,8,75.4,christopher.taylor@company.com,(429) 909-8993,Active
EMP041970,Stephanie,Taylor,Stephanie Taylor,53,Finance,Analyst,Chicago,91174.23,6679.11,2022-03-16,29,89.9,stephanie.taylor@company.com,(443) 640-2989,Active
EMP041971,William,Gonzalez,William Gonzalez,54,Marketing,Manager,San Francisco,82391.77,10381.39,2021-08-11,27,60.7,william.gonzalez@company.com,(716) 319-7009,Active
EMP041972,Matthew,Smith,Matthew Smith,46,Operations,Specialist,Miami,67821.36,12453.99,2020-01-03,23,86.6,matthew.smith@company.com,(941) 286-6551,Active
EMP041973,William,Moore,William Moore,37,IT,Coordinator,Seattle,77453.91,8455.64,2024-12-20,11,61.5,william.moore@company.com,(222) 630-4095,Active
EMP041974,Ashley,Williams,Ashley Williams,31,Engineering,Associate,Los Angeles,96291.07,4705.46,2020-07-31,8,89.9,ashley.williams@company.com,(278) 844-8906,Inactive
EMP041975,Emily,Lopez,Emily Lopez,35,Sales,Associate,Boston,68572.12,11797.85,2024-09-09,7,63.7,emily.lopez@company.com,(289) 350-9909,Active
EMP041976,Lisa,Hernandez,Lisa Hernandez,62,Marketing,Analyst,New York,84910.14,13647.09,2023-08-06,34,76.7,lisa.hernandez@company.com,(944) 490-9779,Active
EMP041977,David,Brown,David Brown,24,Engineering,Director,Chicago,92360.99,6859.64,2020-09-16,0,94.6,david.brown@company.com,(940) 378-2315,Active
EMP041978,Jessica,Martin,Jessica Martin,59,Engineering,Associate,Austin,129857.24,18143.04,2020-02-05,31,54.1,jessica.martin@company.com,(430) 767-3160,On Leave
EMP041979,Michael,Gonzalez,Michael Gonzalez,32,HR,Coordinator,New York,50613.27,2852.34,2021-09-03,8,80.0,michael.gonzalez@company.com,(413) 999-7162,Active
EMP041980,James,Brown,James Brown,42,Finance,Coordinator,Chicago,75961.44,13684.39,2024-02-24,17,51.1,james.brown@company.com,(708) 266-6266,Active
EMP041981,Christopher,Brown,Christopher Brown,41,Finance,Senior Developer,Los Angeles,94599.77,5026.29,2024-10-07,12,91.1,christopher.brown@company.com,(808) 633-2036,Active
EMP041982,David,Gonzalez,David Gonzalez,26,Operations,Lead,Seattle,48932.6,6655.39,2020-09-02,0,67.1,david.gonzalez@company.com,(338) 405-1159,Active
EMP041983,Robert,Rodriguez,Robert Rodriguez,24,Legal,Senior Developer,Boston,55327.18,5947.15,2023-10-28,2,90.5,robert.rodriguez@company.com,(282) 883-4144,Active
EMP041984,Emily,Johnson,Emily Johnson,54,Marketing,Lead,Miami,93834.38,10670.82,2020-04-26,26,75.4,emily.johnson@company.com,(752) 573-6692,Active
EMP041985,Michael,Anderson,Michael Anderson,62,Legal,Specialist,Los Angeles,120808.79,899.0,2021-10-03,34,68.7,michael.anderson@company.com,(964) 453-4255,Active
EMP041986,Matthew,Williams,Matthew Williams,51,IT,Coordinator,Miami,95850.74,9145.53,2024-06-09,28,68.5,matthew.williams@company.com,(949) 654-5526,Active
EMP041987,Daniel,Johnson,Daniel Johnson,54,HR,Coordinator,San Francisco,73654.9,12164.61,2020-05-23,27,74.0,daniel.johnson@company.com,(446) 410-3717,Active
EMP041988,Melissa,Jones,Melissa Jones,63,Legal,Coordinator,San Francisco,143264.87,27524.16,2022-09-01,38,75.3,melissa.jones@company.com,(938) 272-6657,Active
EMP041989,Jane,Gonzalez,Jane Gonzalez,37,Sales,Associate,Miami,77154.42,9960.9,2024-03-28,10,81.5,jane.gonzalez@company.com,(615) 752-1120,On Leave
EMP041990,James,Gonzalez,James Gonzalez,33,Sales,Director,Chicago,68624.28,12962.89,2020-08-22,10,84.9,james.gonzalez@company.com,(691) 812-4340,Active
EMP041991,Robert,Wilson,Robert Wilson,36,Marketing,Director,Austin,59193.51,0.0,2024-06-14,11,67.5,robert.wilson@company.com,(233) 290-6217,Active
EMP041992,Sarah,Gonzalez,Sarah Gonzalez,46,Operations,Manager,Austin,70123.6,4554.2,2023-03-05,23,76.6,sarah.gonzalez@company.com,(823) 827-8794,Inactive
EMP041993,Daniel,Martin,Daniel Martin,62,IT,Specialist,New York,102528.31,10641.15,2024-02-06,33,75.4,daniel.martin@company.com,(670) 295-5170,Inactive
EMP041994,Robert,Smith,Robert Smith,30,HR,Lead,Seattle,45496.25,6677.47,2021-08-24,3,89.5,robert.smith@company.com,(417) 475-1148,Active
EMP041995,Stephanie,Moore,Stephanie Moore,51,Legal,Specialist,Boston,89160.47,6073.37,2024-04-10,29,93.9,stephanie.moore@company.com,(492) 891-6976,Active
EMP041996,Anthony,Smith,Anthony Smith,30,Engineering,Manager,Seattle,65136.53,7068.57,2022-06-15,7,52.7,anthony.smith@company.com,(692) 384-2457,Active
EMP041997,Daniel,Martin,Daniel Martin,29,Operations,Associate,Chicago,64522.72,4308.8,2024-01-19,4,43.9,daniel.martin@company.com,(574) 844-3643,Active
EMP041998,Nicole,Martin,Nicole Martin,36,Engineering,Lead,Austin,109250.38,13737.9,2021-02-15,9,60.4,nicole.martin@company.com,(436) 794-8598,Active
EMP041999,Nicole,Brown,Nicole Brown,60,IT,Analyst,San Francisco,109479.39,21496.83,2022-12-08,36,55.8,nicole.brown@company.com,(459) 764-6909,Active
EMP042000,Anthony,Martin,Anthony Martin,55,Marketing,Coordinator,Seattle,81721.5,7673.45,2020-09-15,30,90.9,anthony.martin@company.com,(885) 599-3928,Active
EMP042001,Lisa,Rodriguez,Lisa Rodriguez,23,Legal,Lead,Seattle,81793.32,9386.01,2022-07-27,0,82.4,lisa.rodriguez@company.com,(241) 680-4355,Inactive
EMP042002,Jessica,Johnson,Jessica Johnson,23,Marketing,Analyst,Austin,66089.41,6605.99,2024-06-08,0,89.2,jessica.johnson@company.com,(863) 706-2321,Active
EMP042003,Anthony,Wilson,Anthony Wilson,63,Engineering,Specialist,Boston,124256.86,14289.94,2021-07-16,41,70.9,anthony.wilson@company.com,(475) 379-3251,Active
EMP042004,Melissa,Miller,Melissa Miller,43,Sales,Director,Seattle,89612.17,14397.63,2020-02-29,16,77.6,melissa.miller@company.com,(988) 614-7788,Active
EMP042005,Ashley,Thomas,Ashley Thomas,39,Legal,Associate,Chicago,80146.42,3261.25,2020-06-25,10,92.5,ashley.thomas@company.com,(573) 848-8550,Active
EMP042006,Michael,Rodriguez,Michael Rodriguez,44,HR,Lead,Seattle,63614.81,8173.49,2024-04-24,16,62.9,michael.rodriguez@company.com,(672) 566-1306,Inactive
EMP042007,James,Williams,James Williams,44,Legal,Coordinator,San Francisco,104500.01,1648.12,2024-01-04,15,69.3,james.williams@company.com,(659) 911-2083,Active
EMP042008,Melissa,Brown,Melissa Brown,47,Sales,Coordinator,New York,52692.24,6909.22,2023-08-12,22,82.4,melissa.brown@company.com,(222) 785-7186,Active
EMP042009,Nicole,Garcia,Nicole Garcia,64,Legal,Lead,Chicago,155596.37,22195.59,2021-02-12,42,95.2,nicole.garcia@company.com,(851) 665-3498,Active
EMP042010,Daniel,Jones,Daniel Jones,24,Marketing,Lead,Boston,54710.51,5221.44,2022-11-03,0,64.4,daniel.jones@company.com,(611) 252-7716,Active
EMP042011,Nicole,Johnson,Nicole Johnson,50,HR,Senior Developer,Seattle,68241.19,0.0,2022-07-03,28,75.2,nicole.johnson@company.com,(567) 389-7559,Active
EMP042012,Michael,Jones,Michael Jones,28,Legal,Specialist,Chicago,37500.0,2695.14,2021-03-04,0,85.2,michael.jones@company.com,(604) 412-8262,Active
EMP042013,Matthew,Brown,Matthew Brown,53,Finance,Lead,San Francisco,94278.13,11371.73,2020-12-13,27,58.7,matthew.brown@company.com,(654) 824-1966,Active
EMP042014,William,Williams,William Williams,52,Operations,Analyst,Miami,62183.81,8940.91,2021-04-06,28,52.5,william.williams@company.com,(750) 437-6894,Active
EMP042015,Stephanie,Anderson,Stephanie Anderson,28,HR,Lead,Chicago,68013.3,10833.39,2021-08-22,3,79.0,stephanie.anderson@company.com,(637) 927-8999,Active
EMP042016,Daniel,Jackson,Daniel Jackson,55,IT,Coordinator,San Francisco,86884.43,10656.35,2021-11-19,31,45.3,daniel.jackson@company.com,(651) 341-8429,Active
EMP042017,Lisa,Jackson,Lisa Jackson,33,Legal,Coordinator,Miami,108034.49,11394.12,2020-06-28,5,73.7,lisa.jackson@company.com,(758) 953-8057,Active
EMP042018,Emily,Jones,Emily Jones,50,Marketing,Analyst,Los Angeles,100839.49,11816.36,2021-06-05,26,70.9,emily.jones@company.com,(634) 249-7256,Active
EMP042019,Daniel,Jones,Daniel Jones,35,Sales,Manager,New York,63282.58,1877.42,2024-02-26,10,100.0,daniel.jones@company.com,(498) 883-8604,Active
EMP042020,Sarah,Jones,Sarah Jones,65,IT,Director,Los Angeles,134571.21,21751.33,2020-11-15,38,60.5,sarah.jones@company.com,(915) 770-9922,Active
EMP042021,James,Smith,James Smith,46,Finance,Senior Developer,New York,107914.05,17706.38,2024-06-23,20,53.5,james.smith@company.com,(764) 753-3171,Inactive
EMP042022,Michael,Lopez,Michael Lopez,27,Finance,Lead,New York,40964.57,1130.33,2021-01-10,2,49.4,michael.lopez@company.com,(651) 856-1994,Active
EMP042023,Robert,Hernandez,Robert Hernandez,49,HR,Manager,Seattle,73781.43,10660.31,2023-09-26,22,65.2,robert.hernandez@company.com,(949) 637-2918,Active
EMP042024,James,Gonzalez,James Gonzalez,43,Engineering,Analyst,Los Angeles,88368.88,14955.15,2023-08-22,16,68.8,james.gonzalez@company.com,(330) 738-4087,Active
EMP042025,William,Martinez,William Martinez,26,Operations,Senior Developer,Austin,60765.79,532.9,2020-06-19,0,100.0,william.martinez@company.com,(623) 721-8434,Active
EMP042026,James,Gonzalez,James Gonzalez,34,Legal,Manager,Austin,72140.78,5611.53,2021-04-27,8,89.8,james.gonzalez@company.com,(657) 901-1975,Active
EMP042027,John,Lopez,John Lopez,25,HR,Senior Developer,Miami,74401.52,7661.36,2024-12-09,2,58.2,john.lopez@company.com,(903) 973-2835,Active
EMP042028,Christopher,Hernandez,Christopher Hernandez,23,HR,Specialist,Miami,53693.4,6441.27,2022-04-21,0,91.8,christopher.hernandez@company.com,(976) 213-6513,Active
EMP042029,David,Miller,David Miller,58,Operations,Associate,Chicago,71434.47,7936.43,2024-08-26,29,92.6,david.miller@company.com,(675) 691-2092,Active
EMP042030,William,Anderson,William Anderson,61,Engineering,Specialist,San Francisco,120448.01,18508.86,2024-01-25,38,70.1,william.anderson@company.com,(646) 597-2370,Active
EMP042031,Michael,Wilson,Michael Wilson,59,Engineering,Analyst,Los Angeles,132940.07,25609.01,2023-08-07,37,52.0,michael.wilson@company.com,(444) 771-3373,Active
EMP042032,Daniel,Williams,Daniel Williams,25,HR,Senior Developer,Seattle,72716.19,14278.23,2024-01-03,2,85.2,daniel.williams@company.com,(437) 498-2825,Active
EMP042033,Amanda,Williams,Amanda Williams,33,Legal,Specialist,San Francisco,128036.91,14259.19,2020-05-16,6,100.0,amanda.williams@company.com,(230) 403-9755,Active
EMP042034,William,Smith,William Smith,59,Legal,Lead,Boston,119234.52,6282.08,2024-04-19,33,82.0,william.smith@company.com,(693) 954-2130,Active
EMP042035,Michael,Gonzalez,Michael Gonzalez,60,IT,Associate,Austin,96339.0,3616.6,2023-02-16,34,81.4,michael.gonzalez@company.com,(361) 358-6980,Inactive
EMP042036,Anthony,Miller,Anthony Miller,38,Finance,Senior Developer,Miami,77733.88,9413.3,2024-04-12,11,86.6,anthony.miller@company.com,(287) 525-7631,Active
EMP042037,Amanda,Johnson,Amanda Johnson,40,Finance,Senior Developer,Chicago,67403.55,4962.27,2024-07-24,14,77.0,amanda.johnson@company.com,(966) 509-8319,Active
EMP042038,Jessica,Taylor,Jessica Taylor,51,HR,Analyst,Chicago,69902.16,8311.75,2023-07-30,25,68.0,jessica.taylor@company.com,(668) 339-6412,Inactive
EMP042039,Robert,Taylor,Robert Taylor,51,Operations,Specialist,Chicago,70206.64,6319.43,2020-03-02,24,100.0,robert.taylor@company.com,(755) 330-5947,On Leave
EMP042040,Anthony,Davis,Anthony Davis,38,Legal,Associate,Boston,77678.18,5273.86,2023-05-24,16,70.5,anthony.davis@company.com,(558) 739-6538,Active
EMP042041,Christopher,Davis,Christopher Davis,52,Sales,Coordinator,Miami,69762.68,7412.28,2022-01-17,25,92.2,christopher.davis@company.com,(681) 826-4309,Active
EMP042042,Ashley,Jones,Ashley Jones,29,Marketing,Senior Developer,Boston,32387.01,0.0,2024-05-15,3,78.9,ashley.jones@company.com,(540) 471-6237,Active
EMP042043,Jessica,Martinez,Jessica Martinez,50,IT,Senior Developer,San Francisco,59646.53,8089.52,2020-08-25,21,81.5,jessica.martinez@company.com,(242) 639-1941,Active
EMP042044,Matthew,Martinez,Matthew Martinez,37,Sales,Analyst,Los Angeles,83906.66,0.0,2022-08-30,13,63.9,matthew.martinez@company.com,(615) 428-5629,Active
EMP042045,John,Gonzalez,John Gonzalez,63,Legal,Manager,Boston,128176.62,0.0,2024-11-01,41,73.9,john.gonzalez@company.com,(560) 664-7487,Inactive
EMP042046,James,Anderson,James Anderson,35,Engineering,Director,Austin,114429.16,17303.88,2020-05-09,13,58.1,james.anderson@company.com,(972) 429-4292,Active
EMP042047,John,Martin,John Martin,23,Operations,Specialist,Chicago,57894.81,5466.91,2021-11-11,0,63.5,john.martin@company.com,(912) 649-9757,Active
EMP042048,Anthony,Moore,Anthony Moore,65,Finance,Specialist,Boston,107344.69,17122.7,2024-08-01,37,78.5,anthony.moore@company.com,(203) 255-9830,Inactive
EMP042049,Amanda,Johnson,Amanda Johnson,34,Engineering,Coordinator,Boston,79468.75,11555.63,2023-11-30,9,79.4,amanda.johnson@company.com,(617) 907-2538,Active
EMP042050,Ashley,Johnson,Ashley Johnson,57,HR,Specialist,San Francisco,63844.65,8128.58,2022-11-05,30,82.8,ashley.johnson@company.com,(504) 613-3760,Active
EMP042051,James,Williams,James Williams,65,Sales,Coordinator,Los Angeles,104669.76,9844.43,2021-08-08,42,66.2,james.williams@company.com,(996) 355-5533,Active
EMP042052,Michael,Lopez,Michael Lopez,45,Operations,Associate,Los Angeles,44086.53,3300.42,2021-12-27,18,83.9,michael.lopez@company.com,(571) 957-7451,Active
EMP042053,Michael,Johnson,Michael Johnson,35,Operations,Associate,Boston,76980.46,4406.82,2024-02-29,9,100.0,michael.johnson@company.com,(362) 764-9950,Active
EMP042054,David,Taylor,David Taylor,23,Sales,Manager,Boston,73111.89,11320.06,2023-06-24,0,74.5,david.taylor@company.com,(265) 517-3553,Active
EMP042055,Stephanie,Martinez,Stephanie Martinez,33,Finance,Analyst,Austin,81143.08,4074.29,2024-07-18,4,32.8,stephanie.martinez@company.com,(534) 703-4728,Inactive
EMP042056,Christopher,Jackson,Christopher Jackson,30,IT,Director,San Francisco,75145.24,9696.35,2024-07-03,5,90.4,christopher.jackson@company.com,(236) 430-9792,Active
EMP042057,Daniel,Anderson,Daniel Anderson,55,Operations,Coordinator,Chicago,54850.95,5033.18,2020-04-19,29,58.5,daniel.anderson@company.com,(766) 223-6328,Active
EMP042058,Lisa,Davis,Lisa Davis,33,HR,Associate,Los Angeles,31880.57,2882.74,2020-12-17,7,59.0,lisa.davis@company.com,(781) 217-4834,Active
EMP042059,Emily,Williams,Emily Williams,60,Sales,Associate,Los Angeles,82218.41,5379.01,2021-05-14,38,79.3,emily.williams@company.com,(760) 838-6732,Active
EMP042060,Robert,Jackson,Robert Jackson,44,Engineering,Associate,Boston,69926.03,7347.45,2023-03-05,22,92.3,robert.jackson@company.com,(855) 579-6597,Active
EMP042061,Stephanie,Miller,Stephanie Miller,41,IT,Senior Developer,Miami,90933.08,6130.79,2024-12-15,14,42.8,stephanie.miller@company.com,(450) 825-4246,Active
EMP042062,Robert,Jackson,Robert Jackson,40,Operations,Lead,Los Angeles,49680.15,9582.15,2023-05-06,16,89.6,robert.jackson@company.com,(622) 620-9136,Active
EMP042063,Lisa,Thomas,Lisa Thomas,37,Legal,Associate,Los Angeles,57590.79,7667.04,2022-01-23,14,58.0,lisa.thomas@company.com,(394) 827-4828,Active
EMP042064,Sarah,Brown,Sarah Brown,41,Sales,Manager,Boston,79724.56,12954.23,2022-09-23,13,73.8,sarah.brown@company.com,(522) 788-4228,Active
EMP042065,Amanda,Garcia,Amanda Garcia,28,Finance,Senior Developer,Miami,85417.07,10101.83,2020-12-04,2,89.0,amanda.garcia@company.com,(214) 424-1286,Active
EMP042066,Stephanie,Martinez,Stephanie Martinez,65,Engineering,Coordinator,Boston,104396.09,7478.7,2021-09-30,40,87.2,stephanie.martinez@company.com,(466) 850-3506,Active
EMP042067,James,Garcia,James Garcia,39,Engineering,Analyst,Seattle,107420.25,13732.42,2024-11-01,17,62.2,james.garcia@company.com,(510) 211-2369,Active
EMP042068,Emily,Lopez,Emily Lopez,56,Operations,Manager,Miami,61357.08,6160.5,2024-06-21,33,100.0,emily.lopez@company.com,(520) 251-7179,Inactive
EMP042069,James,Lopez,James Lopez,36,HR,Associate,Los Angeles,65260.66,3927.45,2024-07-28,9,84.7,james.lopez@company.com,(427) 504-3372,Active
EMP042070,Stephanie,Gonzalez,Stephanie Gonzalez,40,Marketing,Analyst,Miami,56895.95,8047.94,2023-12-18,14,59.5,stephanie.gonzalez@company.com,(656) 699-4796,Active
EMP042071,John,Anderson,John Anderson,36,Sales,Director,New York,57547.77,9331.4,2024-07-27,13,85.4,john.anderson@company.com,(520) 293-5660,Active
EMP042072,Jessica,Hernandez,Jessica Hernandez,32,Legal,Lead,Los Angeles,81255.36,9987.14,2022-05-07,6,100.0,jessica.hernandez@company.com,(590) 946-2559,Active
EMP042073,Melissa,Martinez,Melissa Martinez,31,Legal,Lead,Seattle,90054.64,5574.48,2020-06-06,2,58.6,melissa.martinez@company.com,(861) 667-2603,On Leave
EMP042074,Anthony,Johnson,Anthony Johnson,55,Operations,Lead,Los Angeles,83580.96,8584.02,2021-01-09,32,100.0,anthony.johnson@company.com,(709) 221-9034,Active
EMP042075,Michael,Taylor,Michael Taylor,23,Operations,Lead,Seattle,47303.44,4960.35,2024-11-05,0,90.8,michael.taylor@company.com,(603) 669-7899,On Leave
EMP042076,Stephanie,Moore,Stephanie Moore,57,HR,Director,Miami,88947.97,3668.66,2023-07-08,34,70.3,stephanie.moore@company.com,(355) 463-2244,Inactive
EMP042077,William,Johnson,William Johnson,41,Marketing,Coordinator,Austin,84763.65,9285.76,2023-10-03,14,76.0,william.johnson@company.com,(720) 239-8547,Active
EMP042078,Lisa,Moore,Lisa Moore,58,IT,Specialist,Seattle,123725.91,6814.62,2022-02-15,30,70.1,lisa.moore@company.com,(417) 602-5460,Active
EMP042079,Jessica,Smith,Jessica Smith,59,Operations,Lead,Seattle,81441.03,5956.89,2022-03-14,36,66.4,jessica.smith@company.com,(610) 447-6893,Active
EMP042080,Jessica,Taylor,Jessica Taylor,23,Sales,Lead,San Francisco,60649.71,5681.73,2023-01-06,0,79.2,jessica.taylor@company.com,(967) 286-4084,Inactive
EMP042081,William,Gonzalez,William Gonzalez,26,Operations,Senior Developer,Boston,57783.42,6793.27,2020-07-09,4,98.8,william.gonzalez@company.com,(841) 491-9926,Active
EMP042082,Jane,Rodriguez,Jane Rodriguez,32,Operations,Manager,Austin,39832.76,7387.96,2023-03-03,5,70.6,jane.rodriguez@company.com,(789) 259-2873,Active
EMP042083,Emily,Williams,Emily Williams,24,Sales,Lead,Seattle,77517.23,5191.25,2021-09-21,0,66.8,emily.williams@company.com,(982) 892-9238,Active
EMP042084,Anthony,Davis,Anthony Davis,59,Legal,Manager,New York,104683.27,23060.12,2022-08-02,30,71.2,anthony.davis@company.com,(241) 402-3860,Active
EMP042085,Jane,Hernandez,Jane Hernandez,35,Legal,Associate,Los Angeles,96172.97,8971.34,2023-10-02,13,77.8,jane.hernandez@company.com,(686) 243-7796,Active
EMP042086,James,Miller,James Miller,30,Operations,Lead,Miami,60843.77,8846.63,2023-11-29,7,100.0,james.miller@company.com,(320) 509-7128,On Leave
EMP042087,Matthew,Gonzalez,Matthew Gonzalez,46,Finance,Analyst,Los Angeles,85796.19,6350.25,2021-12-28,22,82.5,matthew.gonzalez@company.com,(545) 823-2915,Active
EMP042088,Jane,Martinez,Jane Martinez,31,Finance,Associate,San Francisco,59343.72,4101.59,2022-10-04,7,72.7,jane.martinez@company.com,(345) 436-9558,Active
EMP042089,Ashley,Moore,Ashley Moore,48,Engineering,Coordinator,San Francisco,81175.12,7845.21,2024-05-09,21,79.3,ashley.moore@company.com,(714) 853-8044,Active
EMP042090,Christopher,Smith,Christopher Smith,22,Legal,Senior Developer,Los Angeles,80835.73,6264.0,2023-06-25,0,49.6,christopher.smith@company.com,(230) 640-6208,Active
EMP042091,Jane,Moore,Jane Moore,26,Marketing,Associate,Seattle,56646.76,7223.16,2021-07-28,4,81.9,jane.moore@company.com,(299) 733-7160,Active
EMP042092,Ashley,Moore,Ashley Moore,42,Operations,Director,Seattle,54128.31,7686.63,2023-05-29,16,83.4,ashley.moore@company.com,(937) 340-8101,Active
EMP042093,Stephanie,Hernandez,Stephanie Hernandez,32,Finance,Analyst,Boston,97049.91,14711.17,2020-09-27,7,57.7,stephanie.hernandez@company.com,(708) 864-1119,Active
EMP042094,Jessica,Taylor,Jessica Taylor,23,Finance,Lead,San Francisco,48829.73,6169.01,2024-07-17,0,81.6,jessica.taylor@company.com,(272) 286-2968,Active
EMP042095,Michael,Thomas,Michael Thomas,53,Finance,Director,New York,77763.29,2078.09,2020-06-28,31,56.9,michael.thomas@company.com,(721) 271-9544,Active
EMP042096,Anthony,Brown,Anthony Brown,25,Operations,Coordinator,Austin,52689.14,6510.61,2024-03-14,1,78.7,anthony.brown@company.com,(427) 853-4704,Active
EMP042097,Matthew,Davis,Matthew Davis,43,HR,Senior Developer,San Francisco,69760.91,6315.53,2021-07-22,16,61.5,matthew.davis@company.com,(535) 841-7655,Active
EMP042098,William,Rodriguez,William Rodriguez,48,Marketing,Analyst,Los Angeles,95026.95,14954.69,2024-11-24,25,100.0,william.rodriguez@company.com,(670) 993-5883,Inactive
EMP042099,John,Johnson,John Johnson,38,Sales,Manager,Seattle,40027.84,4859.57,2024-10-06,13,64.5,john.johnson@company.com,(867) 908-2635,Active
EMP042100,Amanda,Garcia,Amanda Garcia,41,Sales,Analyst,San Francisco,49497.47,6137.02,2021-11-12,17,41.4,amanda.garcia@company.com,(657) 382-1011,Active
EMP042101,Emily,Taylor,Emily Taylor,61,Engineering,Manager,Austin,93882.42,412.44,2023-05-06,39,74.9,emily.taylor@company.com,(718) 714-9198,Active
EMP042102,Melissa,Jones,Melissa Jones,53,Engineering,Manager,Miami,112627.18,9377.8,2023-07-16,29,61.9,melissa.jones@company.com,(918) 479-8788,On Leave
EMP042103,Ashley,Brown,Ashley Brown,61,Legal,Coordinator,Los Angeles,132683.83,13739.74,2021-02-19,36,87.7,ashley.brown@company.com,(599) 324-7958,Active
EMP042104,Stephanie,Thomas,Stephanie Thomas,31,Sales,Senior Developer,Chicago,72346.43,7131.36,2022-03-12,8,75.6,stephanie.thomas@company.com,(336) 821-7210,Active
EMP042105,James,Martin,James Martin,43,Marketing,Senior Developer,Boston,91385.33,8411.14,2024-05-26,17,93.2,james.martin@company.com,(500) 347-9491,Active
EMP042106,Robert,Martinez,Robert Martinez,36,IT,Senior Developer,San Francisco,60272.23,8585.31,2024-06-18,8,80.6,robert.martinez@company.com,(815) 646-2879,Active
EMP042107,Lisa,Thomas,Lisa Thomas,53,Marketing,Coordinator,San Francisco,92040.09,16720.19,2023-10-18,24,58.7,lisa.thomas@company.com,(468) 611-3887,Active
EMP042108,Robert,Taylor,Robert Taylor,61,Legal,Specialist,New York,106078.9,17100.55,2022-10-08,32,85.1,robert.taylor@company.com,(317) 457-6030,On Leave
EMP042109,Lisa,Thomas,Lisa Thomas,38,HR,Manager,New York,64979.97,3991.12,2022-08-14,10,61.6,lisa.thomas@company.com,(303) 592-7487,Active
EMP042110,Michael,Smith,Michael Smith,59,IT,Coordinator,Boston,88756.68,6888.39,2024-08-01,31,66.0,michael.smith@company.com,(997) 263-7829,Active
EMP042111,Matthew,Martinez,Matthew Martinez,64,HR,Associate,Boston,77606.39,12034.45,2024-08-29,36,70.2,matthew.martinez@company.com,(710) 656-1384,Active
EMP042112,David,Thomas,David Thomas,32,IT,Manager,New York,84857.57,6129.86,2022-04-06,5,87.4,david.thomas@company.com,(880) 577-6345,Active
EMP042113,William,Rodriguez,William Rodriguez,64,Engineering,Coordinator,San Francisco,104528.45,7988.0,2020-02-15,36,81.4,william.rodriguez@company.com,(531) 413-6321,Active
EMP042114,Jane,Moore,Jane Moore,24,Sales,Coordinator,New York,65910.44,6133.74,2023-11-03,1,43.0,jane.moore@company.com,(837) 780-9686,Active
EMP042115,David,Jackson,David Jackson,43,Finance,Analyst,Miami,78506.48,10512.34,2020-06-06,21,60.5,david.jackson@company.com,(259) 751-4822,Active
EMP042116,James,Anderson,James Anderson,55,IT,Senior Developer,San Francisco,123923.65,3217.72,2020-09-18,33,76.7,james.anderson@company.com,(488) 383-6204,Active
EMP042117,Nicole,Jackson,Nicole Jackson,50,Engineering,Analyst,Austin,107680.24,16271.78,2023-06-14,26,90.3,nicole.jackson@company.com,(702) 441-3350,Active
EMP042118,Jane,Taylor,Jane Taylor,59,Operations,Director,San Francisco,83240.76,12025.3,2023-05-02,32,51.4,jane.taylor@company.com,(661) 841-4442,Active
EMP042119,Jane,Brown,Jane Brown,39,Operations,Specialist,New York,65699.67,10184.08,2020-03-30,16,86.5,jane.brown@company.com,(447) 496-9208,Active
EMP042120,Daniel,Johnson,Daniel Johnson,24,Legal,Specialist,Austin,42759.25,2391.58,2022-11-17,0,73.0,daniel.johnson@company.com,(594) 657-2177,Active
EMP042121,Amanda,Johnson,Amanda Johnson,53,Finance,Manager,Miami,66913.61,8488.89,2020-08-09,27,46.9,amanda.johnson@company.com,(349) 830-4123,Active
EMP042122,Anthony,Williams,Anthony Williams,45,Finance,Director,Boston,77717.38,3210.55,2023-01-17,22,47.5,anthony.williams@company.com,(684) 868-6915,Active
EMP042123,Ashley,Gonzalez,Ashley Gonzalez,43,IT,Specialist,Austin,89623.31,12242.25,2024-10-03,17,83.5,ashley.gonzalez@company.com,(835) 799-9621,Active
EMP042124,William,Garcia,William Garcia,60,Finance,Analyst,Seattle,104034.24,11682.46,2024-12-20,35,68.6,william.garcia@company.com,(743) 615-7704,Active
EMP042125,Michael,Taylor,Michael Taylor,50,Sales,Coordinator,Miami,71502.87,7019.27,2023-04-07,24,100.0,michael.taylor@company.com,(551) 589-7065,On Leave
EMP042126,Matthew,Williams,Matthew Williams,49,IT,Coordinator,Los Angeles,86820.82,6494.3,2023-09-18,27,46.2,matthew.williams@company.com,(908) 745-3828,Active
EMP042127,Lisa,Moore,Lisa Moore,29,Finance,Specialist,Chicago,77021.94,4115.98,2023-07-04,0,80.8,lisa.moore@company.com,(292) 762-7909,Active
EMP042128,Lisa,Hernandez,Lisa Hernandez,62,Operations,Coordinator,Miami,59319.95,6515.62,2020-12-06,38,69.5,lisa.hernandez@company.com,(408) 467-7733,Active
EMP042129,Sarah,Rodriguez,Sarah Rodriguez,45,HR,Specialist,Seattle,90107.35,4049.76,2023-12-30,17,76.0,sarah.rodriguez@company.com,(547) 632-6354,Inactive
EMP042130,Amanda,Miller,Amanda Miller,43,HR,Associate,Los Angeles,94078.65,8918.4,2022-11-07,15,84.7,amanda.miller@company.com,(609) 477-4790,Active
EMP042131,Robert,Williams,Robert Williams,31,IT,Coordinator,Chicago,98623.12,9365.56,2023-09-17,4,57.1,robert.williams@company.com,(600) 323-3330,Active
EMP042132,Melissa,Smith,Melissa Smith,56,Finance,Senior Developer,New York,107584.54,4214.52,2024-11-01,30,44.0,melissa.smith@company.com,(659) 983-7035,Active
EMP042133,Sarah,Miller,Sarah Miller,53,Legal,Analyst,Boston,119658.25,8520.76,2021-06-22,27,74.8,sarah.miller@company.com,(768) 429-4717,Active
EMP042134,Matthew,Hernandez,Matthew Hernandez,41,Sales,Manager,New York,73241.17,5464.41,2023-12-27,19,62.9,matthew.hernandez@company.com,(431) 488-2117,Active
EMP042135,Daniel,Johnson,Daniel Johnson,45,Engineering,Lead,Seattle,91402.97,8574.8,2022-08-15,21,84.9,daniel.johnson@company.com,(611) 258-1653,Active
EMP042136,Stephanie,Gonzalez,Stephanie Gonzalez,38,Operations,Specialist,Los Angeles,54029.62,6443.89,2021-06-15,15,59.2,stephanie.gonzalez@company.com,(773) 222-7897,Active
EMP042137,Jessica,Martin,Jessica Martin,58,Marketing,Analyst,Los Angeles,88335.38,13450.43,2020-03-02,32,88.3,jessica.martin@company.com,(971) 556-7907,Active
EMP042138,Michael,Martinez,Michael Martinez,27,Legal,Specialist,Los Angeles,80816.01,14149.91,2024-10-13,3,78.1,michael.martinez@company.com,(573) 343-3214,Active
EMP042139,Michael,Brown,Michael Brown,58,Finance,Coordinator,Miami,80044.01,9984.31,2024-10-23,34,51.1,michael.brown@company.com,(629) 270-2670,Active
EMP042140,Ashley,Jackson,Ashley Jackson,58,HR,Manager,New York,75585.31,8698.87,2021-10-03,29,92.4,ashley.jackson@company.com,(699) 604-2731,Active
EMP042141,Robert,Williams,Robert Williams,29,Finance,Analyst,New York,57754.37,3294.12,2021-09-13,4,92.4,robert.williams@company.com,(693) 568-2829,Active
EMP042142,John,Rodriguez,John Rodriguez,30,Marketing,Manager,San Francisco,62656.32,4601.35,2021-04-16,2,64.1,john.rodriguez@company.com,(710) 655-1195,Active
EMP042143,Robert,Taylor,Robert Taylor,25,Finance,Analyst,Chicago,56004.03,6763.75,2022-02-25,2,82.7,robert.taylor@company.com,(543) 676-5711,Active
EMP042144,Christopher,Gonzalez,Christopher Gonzalez,24,Finance,Coordinator,Los Angeles,45870.32,7651.14,2020-03-25,0,71.3,christopher.gonzalez@company.com,(707) 863-1714,Active
EMP042145,James,Martinez,James Martinez,37,Engineering,Associate,Austin,147435.85,18224.08,2020-08-19,11,82.3,james.martinez@company.com,(311) 603-6966,Active
EMP042146,William,Johnson,William Johnson,58,Engineering,Senior Developer,Miami,87520.51,9091.13,2020-03-21,31,76.2,william.johnson@company.com,(313) 845-4203,Active
EMP042147,David,Jones,David Jones,40,Operations,Senior Developer,Los Angeles,67416.73,9858.13,2023-09-01,16,61.2,david.jones@company.com,(458) 981-2930,Active
EMP042148,Jane,Martinez,Jane Martinez,36,Legal,Director,Chicago,119592.59,18998.99,2020-12-16,10,73.5,jane.martinez@company.com,(230) 812-5360,Active
EMP042149,Jane,Hernandez,Jane Hernandez,29,Engineering,Associate,Los Angeles,76824.16,6812.31,2020-03-19,0,76.3,jane.hernandez@company.com,(518) 324-3791,Active
EMP042150,Emily,Taylor,Emily Taylor,38,IT,Specialist,Seattle,66289.86,6444.65,2021-04-28,9,59.6,emily.taylor@company.com,(633) 530-4271,Active
EMP042151,Matthew,Johnson,Matthew Johnson,43,Finance,Associate,Miami,67689.76,9709.48,2022-07-08,15,71.2,matthew.johnson@company.com,(382) 368-4156,Active
EMP042152,Jessica,Anderson,Jessica Anderson,62,HR,Specialist,New York,87149.85,18056.35,2020-03-19,33,73.0,jessica.anderson@company.com,(439) 379-7969,Active
EMP042153,Robert,Smith,Robert Smith,35,Sales,Coordinator,New York,65423.29,8298.85,2022-04-12,10,81.8,robert.smith@company.com,(208) 643-5708,Active
EMP042154,Christopher,Williams,Christopher Williams,38,HR,Senior Developer,New York,81378.69,7580.78,2024-10-18,16,63.8,christopher.williams@company.com,(399) 371-4652,Inactive
EMP042155,Michael,Garcia,Michael Garcia,37,Marketing,Lead,Los Angeles,44895.54,7310.86,2020-09-01,8,72.6,michael.garcia@company.com,(470) 631-5895,Active
EMP042156,John,Anderson,John Anderson,53,Engineering,Coordinator,Chicago,78394.37,0.0,2021-09-04,29,77.5,john.anderson@company.com,(600) 653-9807,Active
EMP042157,Matthew,Smith,Matthew Smith,35,Engineering,Lead,New York,79456.93,11569.43,2020-08-26,9,85.5,matthew.smith@company.com,(617) 254-6667,Active
EMP042158,David,Miller,David Miller,46,Finance,Lead,Miami,89127.77,8526.19,2023-11-22,22,65.8,david.miller@company.com,(908) 684-9849,Active
EMP042159,Jessica,Moore,Jessica Moore,24,HR,Coordinator,Chicago,40331.49,3102.47,2021-07-02,0,67.2,jessica.moore@company.com,(776) 462-3753,Inactive
EMP042160,Ashley,Williams,Ashley Williams,37,Operations,Lead,Chicago,52579.32,6063.28,2022-09-13,13,70.4,ashley.williams@company.com,(281) 382-2805,Active
EMP042161,Jane,Gonzalez,Jane Gonzalez,44,HR,Specialist,San Francisco,65647.4,4906.96,2024-05-04,19,50.1,jane.gonzalez@company.com,(557) 368-9711,Active
EMP042162,John,Gonzalez,John Gonzalez,46,HR,Lead,Seattle,63044.66,6623.52,2023-05-26,23,62.8,john.gonzalez@company.com,(437) 793-2063,Active
EMP042163,Nicole,Taylor,Nicole Taylor,65,Operations,Associate,Seattle,70742.3,10782.47,2023-01-06,37,79.2,nicole.taylor@company.com,(420) 547-4603,Active
EMP042164,Christopher,Johnson,Christopher Johnson,22,Finance,Manager,Los Angeles,68411.06,5082.9,2021-06-03,0,100.0,christopher.johnson@company.com,(762) 490-7685,Active
EMP042165,Lisa,Wilson,Lisa Wilson,33,Marketing,Manager,New York,66466.19,4836.44,2020-05-08,4,74.2,lisa.wilson@company.com,(390) 696-4550,Active
EMP042166,Jane,Johnson,Jane Johnson,60,Marketing,Analyst,Boston,81460.95,12939.14,2023-05-06,33,91.8,jane.johnson@company.com,(828) 304-8446,Active
EMP042167,Daniel,Johnson,Daniel Johnson,60,Legal,Associate,Boston,112713.5,16209.79,2023-02-09,33,65.5,daniel.johnson@company.com,(403) 725-3774,Active
EMP042168,Jane,Davis,Jane Davis,60,Engineering,Director,Los Angeles,85678.26,11449.74,2024-06-25,38,59.6,jane.davis@company.com,(907) 393-7509,Inactive
EMP042169,John,Brown,John Brown,41,Finance,Lead,Los Angeles,58425.02,4865.86,2020-05-21,16,85.8,john.brown@company.com,(832) 786-4503,Active
EMP042170,Amanda,Johnson,Amanda Johnson,28,IT,Analyst,San Francisco,84393.87,235.17,2020-05-26,3,71.9,amanda.johnson@company.com,(326) 260-5248,Active
EMP042171,Melissa,Anderson,Melissa Anderson,64,Sales,Associate,Los Angeles,83502.3,7265.64,2023-08-13,36,68.5,melissa.anderson@company.com,(310) 992-5824,Active
EMP042172,Daniel,Davis,Daniel Davis,31,Operations,Coordinator,San Francisco,52412.26,2085.22,2023-09-22,6,73.1,daniel.davis@company.com,(352) 591-8625,Active
EMP042173,William,Anderson,William Anderson,61,Operations,Lead,Boston,83837.26,9312.09,2021-09-12,33,71.9,william.anderson@company.com,(420) 633-4085,Active
EMP042174,James,Smith,James Smith,53,Operations,Coordinator,New York,71677.03,3801.2,2024-09-14,31,97.8,james.smith@company.com,(346) 967-4141,Inactive
EMP042175,Michael,Johnson,Michael Johnson,35,Sales,Analyst,Los Angeles,70868.94,13236.96,2022-06-15,9,65.4,michael.johnson@company.com,(960) 746-6657,Active
EMP042176,Robert,Smith,Robert Smith,61,IT,Coordinator,Seattle,122426.31,8738.15,2020-01-05,37,64.3,robert.smith@company.com,(355) 395-7519,Active
EMP042177,Jane,Moore,Jane Moore,42,Operations,Specialist,Seattle,57890.19,2091.09,2024-03-16,13,45.4,jane.moore@company.com,(591) 863-1273,Inactive
EMP042178,Melissa,Wilson,Melissa Wilson,40,HR,Director,San Francisco,60932.26,5462.13,2022-04-18,17,67.0,melissa.wilson@company.com,(507) 265-6516,Active
EMP042179,Michael,Williams,Michael Williams,49,IT,Lead,Miami,89134.44,9398.04,2021-12-31,23,46.9,michael.williams@company.com,(983) 654-8772,Active
EMP042180,Jane,Moore,Jane Moore,24,HR,Specialist,New York,61911.15,10339.34,2024-08-29,0,50.9,jane.moore@company.com,(970) 903-4735,Active
EMP042181,John,Williams,John Williams,43,IT,Lead,San Francisco,99193.99,5793.56,2020-03-24,16,85.7,john.williams@company.com,(803) 739-8377,Active
EMP042182,Amanda,Martin,Amanda Martin,48,Legal,Analyst,Chicago,95765.4,11815.8,2024-10-15,23,100.0,amanda.martin@company.com,(482) 352-2051,Active
EMP042183,Anthony,Hernandez,Anthony Hernandez,63,Engineering,Manager,San Francisco,121754.11,22466.89,2021-03-21,38,82.9,anthony.hernandez@company.com,(917) 843-4916,Active
EMP042184,Jane,Thomas,Jane Thomas,64,Legal,Manager,Boston,106883.19,19004.18,2020-11-15,39,67.6,jane.thomas@company.com,(223) 821-1045,Active
EMP042185,Christopher,Gonzalez,Christopher Gonzalez,50,HR,Analyst,New York,80639.47,6144.6,2023-02-22,24,81.4,christopher.gonzalez@company.com,(776) 529-2973,Active
EMP042186,James,Thomas,James Thomas,49,HR,Analyst,Austin,76321.6,9298.41,2023-06-01,24,77.1,james.thomas@company.com,(919) 919-3309,Inactive
EMP042187,Robert,Johnson,Robert Johnson,61,Marketing,Lead,Chicago,76469.51,11242.95,2021-02-01,35,71.5,robert.johnson@company.com,(951) 697-9718,Active
EMP042188,Daniel,Rodriguez,Daniel Rodriguez,55,Operations,Associate,Boston,63674.68,8870.59,2021-07-24,29,48.9,daniel.rodriguez@company.com,(357) 426-8079,Active
EMP042189,David,Taylor,David Taylor,26,Legal,Coordinator,San Francisco,78166.02,7491.14,2024-08-18,0,82.3,david.taylor@company.com,(753) 325-1781,Active
EMP042190,Nicole,Wilson,Nicole Wilson,60,Legal,Specialist,Los Angeles,127876.62,2486.39,2020-09-16,37,82.2,nicole.wilson@company.com,(743) 895-2586,On Leave
EMP042191,Ashley,Thomas,Ashley Thomas,56,Marketing,Coordinator,Miami,69920.42,7412.73,2021-02-23,33,84.0,ashley.thomas@company.com,(208) 989-1606,Active
EMP042192,Nicole,Davis,Nicole Davis,36,Finance,Analyst,Boston,63619.65,3310.19,2022-10-25,13,90.9,nicole.davis@company.com,(924) 481-8023,Inactive
EMP042193,William,Johnson,William Johnson,58,Engineering,Analyst,New York,72701.18,5372.03,2023-02-03,32,68.8,william.johnson@company.com,(870) 498-5588,Active
EMP042194,Matthew,Jackson,Matthew Jackson,32,Operations,Associate,Miami,51043.78,8776.79,2020-05-09,6,86.7,matthew.jackson@company.com,(703) 459-1393,Active
EMP042195,Stephanie,Martinez,Stephanie Martinez,37,Operations,Coordinator,Chicago,45768.54,7278.32,2023-10-20,15,80.0,stephanie.martinez@company.com,(792) 632-2817,Inactive
EMP042196,Michael,Davis,Michael Davis,26,Marketing,Associate,New York,48628.38,5612.32,2024-03-08,0,69.9,michael.davis@company.com,(920) 333-1212,Active
EMP042197,Melissa,Martin,Melissa Martin,45,Finance,Associate,Austin,81436.18,14280.08,2024-11-10,16,66.1,melissa.martin@company.com,(849) 878-6155,Active
EMP042198,John,Jackson,John Jackson,60,Operations,Manager,Seattle,64980.55,7226.17,2022-02-20,36,32.9,john.jackson@company.com,(622) 545-6802,Active
EMP042199,Matthew,Brown,Matthew Brown,45,HR,Associate,Austin,65110.21,5505.64,2024-10-29,18,90.2,matthew.brown@company.com,(357) 851-2085,Active
EMP042200,Melissa,Davis,Melissa Davis,33,Sales,Specialist,Chicago,64712.55,4982.41,2020-07-26,6,67.4,melissa.davis@company.com,(695) 275-7286,Active
EMP042201,Emily,Brown,Emily Brown,56,Operations,Manager,New York,62978.59,7144.58,2020-07-05,33,68.0,emily.brown@company.com,(597) 461-4187,Active
EMP042202,Nicole,Lopez,Nicole Lopez,30,Engineering,Coordinator,Miami,45256.03,7825.3,2023-02-06,2,42.6,nicole.lopez@company.com,(263) 434-7656,On Leave
EMP042203,William,Jones,William Jones,23,IT,Specialist,Chicago,71623.58,7144.61,2023-09-26,0,84.2,william.jones@company.com,(848) 891-2200,Active
EMP042204,Anthony,Jones,Anthony Jones,53,Sales,Coordinator,Austin,92689.23,4706.05,2024-03-05,27,90.0,anthony.jones@company.com,(700) 397-5741,Active
EMP042205,William,Jackson,William Jackson,30,IT,Director,Los Angeles,63631.47,9043.83,2020-01-08,5,64.4,william.jackson@company.com,(489) 846-7833,Active
EMP042206,Sarah,Anderson,Sarah Anderson,54,IT,Specialist,Austin,94729.52,5244.75,2020-05-13,29,68.7,sarah.anderson@company.com,(348) 933-4861,Active
EMP042207,Melissa,Martinez,Melissa Martinez,52,IT,Specialist,Miami,78621.33,11952.93,2022-10-09,23,62.7,melissa.martinez@company.com,(551) 982-9975,Inactive
EMP042208,Nicole,Brown,Nicole Brown,30,Finance,Lead,San Francisco,63832.7,7096.93,2020-06-15,1,81.6,nicole.brown@company.com,(869) 980-3683,Active
EMP042209,Nicole,Garcia,Nicole Garcia,57,HR,Manager,Miami,83941.13,12383.88,2023-01-22,32,82.7,nicole.garcia@company.com,(355) 349-4757,Active
EMP042210,Stephanie,Wilson,Stephanie Wilson,40,IT,Analyst,Austin,87105.61,7279.72,2021-01-05,15,75.4,stephanie.wilson@company.com,(234) 718-3363,Active
EMP042211,William,Johnson,William Johnson,39,Finance,Director,New York,82994.86,5518.54,2021-09-20,13,75.5,william.johnson@company.com,(720) 298-2078,Active
EMP042212,Anthony,Jackson,Anthony Jackson,31,Legal,Coordinator,Seattle,92994.34,20109.73,2021-12-01,7,94.6,anthony.jackson@company.com,(621) 445-3685,Active
EMP042213,Sarah,Williams,Sarah Williams,64,Finance,Director,Los Angeles,86528.81,11421.53,2020-11-13,35,82.8,sarah.williams@company.com,(734) 225-2252,Inactive
EMP042214,David,Johnson,David Johnson,25,Finance,Director,Miami,67070.79,7899.17,2020-09-20,0,66.8,david.johnson@company.com,(705) 209-7817,Inactive
EMP042215,Jane,Martin,Jane Martin,29,Engineering,Coordinator,Chicago,83919.63,15374.81,2022-03-14,1,78.9,jane.martin@company.com,(832) 874-4501,Active
EMP042216,Amanda,Johnson,Amanda Johnson,59,IT,Manager,Seattle,107441.95,17034.33,2020-07-26,33,96.7,amanda.johnson@company.com,(274) 449-9031,Inactive
EMP042217,Lisa,Wilson,Lisa Wilson,52,Operations,Lead,Boston,82299.7,12253.25,2020-01-15,29,81.0,lisa.wilson@company.com,(305) 210-4822,On Leave
EMP042218,Matthew,Lopez,Matthew Lopez,23,Sales,Lead,New York,54587.4,4144.05,2020-04-08,1,70.2,matthew.lopez@company.com,(732) 691-7892,Active
EMP042219,Stephanie,Miller,Stephanie Miller,48,Marketing,Analyst,New York,82102.9,12780.62,2024-04-09,25,99.1,stephanie.miller@company.com,(746) 645-1795,Active
EMP042220,David,Martin,David Martin,34,HR,Specialist,San Francisco,83537.41,5495.79,2022-03-16,9,66.2,david.martin@company.com,(890) 348-6372,Active
EMP042221,Emily,Jackson,Emily Jackson,49,HR,Coordinator,Miami,75584.36,3647.89,2023-01-24,22,72.5,emily.jackson@company.com,(494) 432-8784,Inactive
EMP042222,Lisa,Miller,Lisa Miller,41,Finance,Associate,Boston,73438.6,13077.58,2021-03-06,15,81.6,lisa.miller@company.com,(421) 265-7171,Active
EMP042223,Sarah,Davis,Sarah Davis,39,Operations,Senior Developer,Boston,70141.23,0.0,2021-06-11,12,93.4,sarah.davis@company.com,(650) 402-9151,Active
EMP042224,Stephanie,Lopez,Stephanie Lopez,51,IT,Senior Developer,Chicago,80159.7,4880.46,2024-03-18,29,82.4,stephanie.lopez@company.com,(646) 430-8206,Active
EMP042225,Anthony,Smith,Anthony Smith,59,Operations,Specialist,Los Angeles,70943.45,10224.43,2022-03-03,31,62.6,anthony.smith@company.com,(531) 247-5956,Active
EMP042226,Sarah,Smith,Sarah Smith,64,IT,Analyst,Chicago,123393.77,18051.6,2023-03-26,41,76.5,sarah.smith@company.com,(344) 980-6399,Active
EMP042227,William,Wilson,William Wilson,27,Finance,Lead,New York,67978.47,6308.49,2024-01-12,0,76.4,william.wilson@company.com,(653) 474-4172,Active
EMP042228,Lisa,Rodriguez,Lisa Rodriguez,27,Finance,Analyst,New York,101365.59,12752.09,2022-12-13,0,100.0,lisa.rodriguez@company.com,(714) 409-5368,On Leave
EMP042229,Melissa,Williams,Melissa Williams,45,Sales,Lead,Boston,102819.5,8748.79,2022-10-23,19,72.7,melissa.williams@company.com,(324) 578-2185,Inactive
EMP042230,Sarah,Anderson,Sarah Anderson,48,Operations,Manager,San Francisco,62559.72,9334.27,2021-04-29,24,66.5,sarah.anderson@company.com,(601) 462-9846,Active
EMP042231,Sarah,Anderson,Sarah Anderson,26,Engineering,Associate,San Francisco,108398.91,15743.24,2020-04-29,0,91.9,sarah.anderson@company.com,(686) 894-8646,Active
EMP042232,Sarah,Taylor,Sarah Taylor,60,Marketing,Lead,Chicago,105030.29,21326.95,2023-10-14,32,76.8,sarah.taylor@company.com,(684) 966-6505,Active
EMP042233,William,Jackson,William Jackson,26,IT,Manager,Boston,72252.26,6360.39,2024-04-22,4,67.8,william.jackson@company.com,(445) 945-8023,Active
EMP042234,James,Anderson,James Anderson,50,Engineering,Lead,Boston,122126.53,14633.12,2021-01-24,27,93.1,james.anderson@company.com,(343) 633-3644,Active
EMP042235,William,Garcia,William Garcia,38,Operations,Senior Developer,New York,75226.71,6299.37,2024-05-27,13,75.8,william.garcia@company.com,(473) 863-3786,Active
EMP042236,William,Martin,William Martin,40,Operations,Associate,Los Angeles,41461.03,3495.46,2021-05-01,14,73.1,william.martin@company.com,(757) 513-1714,Active
EMP042237,Jane,Johnson,Jane Johnson,49,Legal,Associate,Boston,75201.99,10912.97,2023-07-19,27,56.0,jane.johnson@company.com,(251) 518-7196,Active
EMP042238,Michael,Moore,Michael Moore,37,Legal,Manager,New York,60728.94,11271.55,2022-11-26,14,81.1,michael.moore@company.com,(646) 514-5576,Active
EMP042239,Anthony,Williams,Anthony Williams,26,Legal,Senior Developer,San Francisco,101940.85,4726.43,2020-11-05,2,83.3,anthony.williams@company.com,(649) 946-2118,Active
EMP042240,Robert,Hernandez,Robert Hernandez,40,Operations,Manager,Boston,57970.44,8584.03,2023-02-19,14,76.5,robert.hernandez@company.com,(809) 474-5125,Active
EMP042241,Nicole,Williams,Nicole Williams,33,Sales,Manager,San Francisco,65038.01,6579.97,2024-08-25,5,81.0,nicole.williams@company.com,(406) 937-3421,Active
EMP042242,Stephanie,Moore,Stephanie Moore,38,Marketing,Associate,San Francisco,58234.78,9911.43,2021-05-24,11,72.1,stephanie.moore@company.com,(585) 707-6904,Active
EMP042243,Matthew,Miller,Matthew Miller,44,Legal,Senior Developer,Miami,101469.87,12364.42,2021-08-23,18,43.4,matthew.miller@company.com,(297) 759-6424,Active
EMP042244,Melissa,Rodriguez,Melissa Rodriguez,44,IT,Specialist,Seattle,81962.58,9422.12,2024-10-16,16,61.9,melissa.rodriguez@company.com,(898) 944-2359,Active
EMP042245,Robert,Martinez,Robert Martinez,40,HR,Associate,Boston,81359.74,13113.65,2020-01-14,14,86.6,robert.martinez@company.com,(505) 603-1309,Active
EMP042246,William,Williams,William Williams,47,Finance,Lead,Chicago,97690.0,6079.47,2021-06-19,22,79.3,william.williams@company.com,(984) 640-2071,Active
EMP042247,Stephanie,Garcia,Stephanie Garcia,42,Operations,Lead,Miami,62270.21,6416.35,2024-03-23,15,68.6,stephanie.garcia@company.com,(987) 923-1098,Active
EMP042248,James,Lopez,James Lopez,26,Marketing,Associate,New York,45360.4,3794.33,2020-08-26,4,85.7,james.lopez@company.com,(932) 371-9643,On Leave
EMP042249,Lisa,Thomas,Lisa Thomas,38,Legal,Associate,Seattle,62194.23,886.2,2024-10-13,12,73.1,lisa.thomas@company.com,(689) 833-8312,On Leave
EMP042250,Jessica,Rodriguez,Jessica Rodriguez,48,Engineering,Director,New York,86493.06,20478.39,2020-06-28,25,76.0,jessica.rodriguez@company.com,(583) 738-7949,Active
EMP042251,Emily,Brown,Emily Brown,30,IT,Analyst,San Francisco,81701.63,12689.15,2021-03-13,2,64.6,emily.brown@company.com,(418) 485-3668,Active
EMP042252,Christopher,Garcia,Christopher Garcia,45,Finance,Manager,Miami,69708.74,9047.39,2021-02-07,16,53.4,christopher.garcia@company.com,(718) 788-6155,On Leave
EMP042253,John,Smith,John Smith,32,Operations,Associate,New York,42467.06,7661.85,2022-07-18,5,69.3,john.smith@company.com,(713) 338-7821,Active
EMP042254,Nicole,Davis,Nicole Davis,62,Legal,Analyst,Los Angeles,124827.87,6531.55,2020-07-26,36,42.3,nicole.davis@company.com,(933) 557-6210,On Leave
EMP042255,Matthew,Brown,Matthew Brown,23,Sales,Senior Developer,New York,68999.82,3484.56,2022-03-16,0,74.1,matthew.brown@company.com,(932) 255-3098,Active
EMP042256,James,Anderson,James Anderson,63,Marketing,Coordinator,New York,85394.94,6121.97,2020-08-10,35,93.0,james.anderson@company.com,(820) 558-2112,Active
EMP042257,Emily,Wilson,Emily Wilson,61,HR,Director,San Francisco,60605.45,11513.89,2023-06-16,37,93.3,emily.wilson@company.com,(348) 547-1241,Inactive
EMP042258,James,Smith,James Smith,25,Finance,Associate,New York,72512.3,6620.49,2024-10-29,0,53.0,james.smith@company.com,(645) 319-4130,Active
EMP042259,Christopher,Moore,Christopher Moore,25,Finance,Lead,San Francisco,80507.24,2027.42,2023-05-01,0,51.2,christopher.moore@company.com,(764) 277-2107,Inactive
EMP042260,Amanda,Jackson,Amanda Jackson,29,Operations,Specialist,Boston,57525.02,6417.7,2022-03-16,6,89.7,amanda.jackson@company.com,(517) 556-6905,Active
EMP042261,Emily,Lopez,Emily Lopez,23,Engineering,Director,Seattle,91191.84,8165.01,2020-11-14,0,83.2,emily.lopez@company.com,(691) 471-1182,Active
EMP042262,Nicole,Anderson,Nicole Anderson,50,Marketing,Specialist,Boston,78175.71,0.0,2024-11-20,27,70.0,nicole.anderson@company.com,(622) 836-3776,Active
EMP042263,John,Hernandez,John Hernandez,65,Operations,Lead,Miami,66567.52,3438.74,2023-07-23,36,61.8,john.hernandez@company.com,(953) 762-2921,Active
EMP042264,Ashley,Rodriguez,Ashley Rodriguez,53,IT,Associate,Chicago,118285.86,20559.92,2021-02-13,28,70.7,ashley.rodriguez@company.com,(406) 632-3126,Inactive
EMP042265,Daniel,Johnson,Daniel Johnson,22,Legal,Manager,San Francisco,67165.63,6295.92,2022-08-02,0,85.5,daniel.johnson@company.com,(245) 202-5753,Active
EMP042266,Christopher,Brown,Christopher Brown,48,Operations,Associate,Seattle,65304.74,4391.71,2022-04-12,22,53.7,christopher.brown@company.com,(562) 781-8996,Active
EMP042267,Ashley,Anderson,Ashley Anderson,47,Marketing,Specialist,Chicago,64695.84,7026.6,2024-03-25,22,48.5,ashley.anderson@company.com,(541) 229-1752,Active
EMP042268,Nicole,Gonzalez,Nicole Gonzalez,65,HR,Coordinator,New York,74130.98,6883.42,2020-06-20,41,73.0,nicole.gonzalez@company.com,(267) 397-6595,On Leave
EMP042269,James,Martinez,James Martinez,34,Marketing,Analyst,Los Angeles,65805.29,10028.93,2020-06-09,5,72.3,james.martinez@company.com,(670) 946-8855,Active
EMP042270,Robert,Gonzalez,Robert Gonzalez,33,Operations,Senior Developer,Los Angeles,57386.85,7164.84,2021-04-23,7,64.2,robert.gonzalez@company.com,(724) 606-6679,Active
EMP042271,Jane,Hernandez,Jane Hernandez,47,Operations,Associate,Boston,80028.97,12346.65,2020-07-07,23,73.1,jane.hernandez@company.com,(704) 403-5639,Active
EMP042272,Christopher,Davis,Christopher Davis,33,Engineering,Analyst,Los Angeles,83540.91,19329.28,2024-11-29,6,81.7,christopher.davis@company.com,(842) 777-6625,Active
EMP042273,John,Jones,John Jones,59,Sales,Lead,Boston,92353.77,9920.37,2020-10-05,31,96.5,john.jones@company.com,(829) 830-9096,Active
EMP042274,Anthony,Rodriguez,Anthony Rodriguez,25,Marketing,Analyst,Chicago,64289.02,5900.89,2023-05-05,0,84.8,anthony.rodriguez@company.com,(482) 643-9557,Inactive
EMP042275,Jane,Davis,Jane Davis,33,Marketing,Specialist,Austin,58993.88,9380.99,2020-03-05,10,68.0,jane.davis@company.com,(664) 762-9050,Active
EMP042276,David,Brown,David Brown,29,Operations,Lead,New York,57754.3,8266.75,2022-09-11,7,72.3,david.brown@company.com,(813) 641-9605,Active
EMP042277,David,Gonzalez,David Gonzalez,51,Finance,Lead,Miami,93842.03,11658.81,2020-11-10,26,62.6,david.gonzalez@company.com,(203) 530-3038,Active
EMP042278,Jessica,Gonzalez,Jessica Gonzalez,56,Sales,Specialist,Seattle,66755.96,5500.26,2021-06-05,34,66.7,jessica.gonzalez@company.com,(859) 743-7363,Active
EMP042279,Daniel,Johnson,Daniel Johnson,46,Marketing,Analyst,New York,50567.9,5663.62,2024-10-27,22,64.1,daniel.johnson@company.com,(459) 590-9295,Active
EMP042280,Melissa,Johnson,Melissa Johnson,42,Marketing,Senior Developer,New York,87928.35,20597.43,2021-10-27,18,66.5,melissa.johnson@company.com,(779) 251-5179,Active
EMP042281,James,Brown,James Brown,65,Legal,Senior Developer,San Francisco,118666.62,4522.0,2023-08-13,43,74.7,james.brown@company.com,(258) 959-1749,Active
EMP042282,Stephanie,Lopez,Stephanie Lopez,31,HR,Manager,Miami,56643.52,4364.66,2023-07-16,3,77.0,stephanie.lopez@company.com,(989) 446-4722,Active
EMP042283,Stephanie,Lopez,Stephanie Lopez,65,Engineering,Lead,New York,104313.93,7928.24,2021-04-21,40,84.1,stephanie.lopez@company.com,(462) 210-5238,Inactive
EMP042284,Sarah,Lopez,Sarah Lopez,62,Finance,Manager,Los Angeles,113551.75,9712.73,2020-11-20,40,71.6,sarah.lopez@company.com,(710) 357-7877,Active
EMP042285,Anthony,Rodriguez,Anthony Rodriguez,57,Engineering,Associate,Miami,121405.92,15693.01,2024-04-13,33,55.1,anthony.rodriguez@company.com,(337) 270-1752,Active
EMP042286,David,Martin,David Martin,56,Legal,Analyst,Miami,142392.39,13452.15,2024-02-20,31,78.6,david.martin@company.com,(520) 807-4951,Active
EMP042287,John,Moore,John Moore,51,Legal,Analyst,Miami,136607.34,9380.57,2021-03-13,25,92.9,john.moore@company.com,(861) 648-3570,Active
EMP042288,Daniel,Wilson,Daniel Wilson,49,Finance,Associate,Austin,88562.85,4420.76,2024-03-16,20,51.8,daniel.wilson@company.com,(736) 855-6672,Active
EMP042289,Amanda,Davis,Amanda Davis,48,Finance,Manager,Austin,69952.45,0.0,2024-02-05,23,82.0,amanda.davis@company.com,(519) 406-9470,Active
EMP042290,William,Taylor,William Taylor,22,Finance,Associate,Boston,35306.64,810.27,2024-05-03,0,81.3,william.taylor@company.com,(522) 514-2005,Active
EMP042291,William,Williams,William Williams,34,IT,Senior Developer,Austin,88487.6,11408.07,2022-10-18,5,85.4,william.williams@company.com,(613) 800-3434,Active
EMP042292,Robert,Smith,Robert Smith,39,Finance,Coordinator,New York,79229.76,8519.52,2022-11-16,12,81.9,robert.smith@company.com,(243) 547-4820,Active
EMP042293,David,Thomas,David Thomas,63,Engineering,Manager,Chicago,115226.85,11539.34,2022-09-07,39,69.0,david.thomas@company.com,(483) 776-5087,On Leave
EMP042294,Robert,Gonzalez,Robert Gonzalez,38,Sales,Analyst,Austin,57025.01,12371.74,2024-09-01,15,64.5,robert.gonzalez@company.com,(922) 272-6147,Active
EMP042295,William,Brown,William Brown,57,Finance,Coordinator,New York,86721.26,12387.43,2022-09-17,31,81.7,william.brown@company.com,(834) 561-7179,Active
EMP042296,Lisa,Johnson,Lisa Johnson,49,HR,Manager,Boston,65450.92,5681.98,2021-08-26,21,85.3,lisa.johnson@company.com,(942) 725-7497,On Leave
EMP042297,Amanda,Garcia,Amanda Garcia,54,Marketing,Manager,Austin,65059.05,9382.46,2020-11-08,25,71.2,amanda.garcia@company.com,(638) 673-9216,Active
EMP042298,Daniel,Jones,Daniel Jones,65,Marketing,Lead,San Francisco,73128.47,5551.84,2023-10-01,41,72.5,daniel.jones@company.com,(242) 673-8554,Active
EMP042299,William,Johnson,William Johnson,24,Legal,Director,Austin,73133.16,6274.65,2022-12-09,0,78.1,william.johnson@company.com,(262) 620-4848,Active
EMP042300,Lisa,Taylor,Lisa Taylor,58,Finance,Lead,Austin,93998.93,16574.52,2024-01-03,36,76.4,lisa.taylor@company.com,(748) 953-2754,Active
EMP042301,William,Jones,William Jones,52,Engineering,Director,Boston,170074.57,23043.63,2021-08-11,29,40.4,william.jones@company.com,(893) 820-8160,Active
EMP042302,Lisa,Jackson,Lisa Jackson,28,Operations,Director,Austin,60610.58,6444.83,2022-06-07,4,74.6,lisa.jackson@company.com,(592) 849-9407,Active
EMP042303,Emily,Wilson,Emily Wilson,35,Finance,Manager,Seattle,84054.73,14282.72,2020-11-21,9,73.6,emily.wilson@company.com,(561) 449-6177,Active
EMP042304,Sarah,Taylor,Sarah Taylor,37,Sales,Senior Developer,Chicago,42452.24,4600.92,2020-09-15,15,62.1,sarah.taylor@company.com,(299) 591-8618,Active
EMP042305,Daniel,Martin,Daniel Martin,41,HR,Coordinator,Austin,62527.08,7904.7,2021-05-11,14,82.1,daniel.martin@company.com,(998) 626-1065,Active
EMP042306,James,Miller,James Miller,36,IT,Senior Developer,Miami,70129.45,8702.78,2022-12-02,11,56.1,james.miller@company.com,(871) 931-8238,Active
EMP042307,James,Miller,James Miller,30,HR,Coordinator,Seattle,54466.56,6075.25,2023-05-30,8,76.9,james.miller@company.com,(884) 468-3370,Active
EMP042308,Daniel,Anderson,Daniel Anderson,58,Operations,Manager,Miami,84061.03,10500.74,2022-05-08,35,70.9,daniel.anderson@company.com,(253) 853-6822,Active
EMP042309,Stephanie,Anderson,Stephanie Anderson,25,Marketing,Analyst,Chicago,45429.03,7860.3,2021-04-09,0,83.6,stephanie.anderson@company.com,(817) 864-3030,Active
EMP042310,Nicole,Martinez,Nicole Martinez,32,Operations,Senior Developer,Boston,63200.63,4352.61,2023-04-01,8,60.5,nicole.martinez@company.com,(602) 569-1955,Active
EMP042311,Melissa,Davis,Melissa Davis,52,Finance,Lead,Boston,127976.54,19313.75,2022-04-18,26,86.0,melissa.davis@company.com,(921) 429-4812,Active
EMP042312,Melissa,Martinez,Melissa Martinez,25,Marketing,Lead,Chicago,58267.91,10085.36,2023-05-11,1,60.0,melissa.martinez@company.com,(546) 669-9957,Active
EMP042313,Nicole,Moore,Nicole Moore,43,Finance,Director,San Francisco,79194.22,14315.21,2024-03-12,21,76.6,nicole.moore@company.com,(379) 761-7606,Active
EMP042314,Anthony,Anderson,Anthony Anderson,64,Sales,Manager,Chicago,105666.11,21414.03,2020-05-12,35,63.5,anthony.anderson@company.com,(790) 763-2070,Active
EMP042315,Michael,Moore,Michael Moore,36,HR,Specialist,Seattle,69294.26,3705.82,2021-06-27,9,77.4,michael.moore@company.com,(941) 209-4030,Active
EMP042316,William,Martin,William Martin,57,Engineering,Manager,Boston,116844.78,13632.34,2022-12-28,35,73.5,william.martin@company.com,(266) 999-9915,Active
EMP042317,Sarah,Davis,Sarah Davis,36,HR,Specialist,Austin,77577.13,7292.53,2024-03-31,13,61.3,sarah.davis@company.com,(939) 705-3844,Active
EMP042318,Lisa,Miller,Lisa Miller,62,Marketing,Lead,Chicago,56976.81,6985.79,2024-03-23,35,56.3,lisa.miller@company.com,(370) 301-2400,Inactive
EMP042319,Sarah,Johnson,Sarah Johnson,64,Legal,Coordinator,Miami,111708.72,6829.59,2024-10-17,35,65.7,sarah.johnson@company.com,(273) 249-4170,Active
EMP042320,Lisa,Williams,Lisa Williams,41,Legal,Director,Los Angeles,73382.55,6219.15,2022-08-29,14,72.9,lisa.williams@company.com,(463) 996-5164,Active
EMP042321,William,Wilson,William Wilson,54,IT,Lead,New York,68187.47,9344.13,2020-09-15,25,73.2,william.wilson@company.com,(822) 424-6669,Active
EMP042322,John,Gonzalez,John Gonzalez,60,Operations,Associate,Boston,63693.18,9243.74,2022-02-13,37,64.8,john.gonzalez@company.com,(548) 292-6158,Active
EMP042323,Nicole,Lopez,Nicole Lopez,61,Sales,Lead,Chicago,67729.29,410.91,2024-07-15,34,89.6,nicole.lopez@company.com,(398) 997-3850,Active
EMP042324,Matthew,Rodriguez,Matthew Rodriguez,37,Legal,Specialist,Austin,88818.98,8641.54,2022-08-23,9,76.6,matthew.rodriguez@company.com,(246) 238-3676,Active
EMP042325,Nicole,Jackson,Nicole Jackson,56,Operations,Analyst,San Francisco,78217.43,12751.27,2020-02-11,32,77.3,nicole.jackson@company.com,(592) 516-3680,On Leave
EMP042326,William,Taylor,William Taylor,26,Finance,Coordinator,Los Angeles,99181.74,19331.66,2021-07-21,2,65.5,william.taylor@company.com,(245) 325-1132,Inactive
EMP042327,Anthony,Wilson,Anthony Wilson,50,Finance,Director,Boston,71802.1,7384.97,2020-10-26,23,97.9,anthony.wilson@company.com,(261) 516-3342,Active
EMP042328,James,Martin,James Martin,24,Legal,Director,Seattle,47916.17,2141.26,2023-10-10,0,52.0,james.martin@company.com,(560) 945-6895,Active
EMP042329,Matthew,Martin,Matthew Martin,49,HR,Analyst,Austin,67527.89,9840.84,2023-03-15,26,74.2,matthew.martin@company.com,(644) 798-9929,Active
EMP042330,Robert,Garcia,Robert Garcia,51,Marketing,Director,New York,84039.64,7833.69,2024-01-27,24,88.2,robert.garcia@company.com,(497) 512-6255,Active
EMP042331,Melissa,Martinez,Melissa Martinez,29,Finance,Director,Seattle,79578.48,7351.88,2022-10-14,7,55.2,melissa.martinez@company.com,(644) 913-5843,Active
EMP042332,David,Davis,David Davis,44,Marketing,Specialist,Miami,88977.03,5328.24,2021-04-19,21,82.1,david.davis@company.com,(996) 705-2402,Active
EMP042333,Christopher,Jones,Christopher Jones,39,Operations,Coordinator,Seattle,79419.29,5068.1,2022-09-19,14,57.1,christopher.jones@company.com,(472) 459-9730,Active
EMP042334,David,Hernandez,David Hernandez,24,HR,Specialist,San Francisco,38133.01,4687.72,2022-07-28,0,100.0,david.hernandez@company.com,(515) 591-7684,Active
EMP042335,Michael,Garcia,Michael Garcia,42,IT,Lead,San Francisco,107489.22,13956.93,2020-10-21,16,71.6,michael.garcia@company.com,(322) 936-2496,Active
EMP042336,Matthew,Anderson,Matthew Anderson,31,Sales,Coordinator,Seattle,51803.31,4270.09,2023-12-11,6,87.0,matthew.anderson@company.com,(990) 251-6012,Active
EMP042337,William,Williams,William Williams,65,Operations,Senior Developer,New York,76650.0,12394.77,2022-04-12,38,73.9,william.williams@company.com,(347) 705-5848,On Leave
EMP042338,Emily,Hernandez,Emily Hernandez,34,Engineering,Senior Developer,Chicago,82200.57,7872.54,2022-06-10,7,65.0,emily.hernandez@company.com,(471) 508-8652,Active
EMP042339,John,Martin,John Martin,53,Sales,Senior Developer,Boston,99633.5,7067.21,2021-11-16,28,86.2,john.martin@company.com,(822) 590-9502,Active
EMP042340,Daniel,Anderson,Daniel Anderson,54,Legal,Associate,Seattle,108299.24,14250.64,2022-03-11,31,66.1,daniel.anderson@company.com,(827) 365-6807,Active
EMP042341,Ashley,Rodriguez,Ashley Rodriguez,25,HR,Coordinator,Seattle,35066.37,3947.47,2023-11-07,2,67.4,ashley.rodriguez@company.com,(201) 819-1273,Active
EMP042342,David,Williams,David Williams,61,Operations,Manager,Los Angeles,79621.5,3893.35,2023-09-14,38,56.3,david.williams@company.com,(359) 889-7658,Active
EMP042343,Robert,Taylor,Robert Taylor,59,Sales,Coordinator,Seattle,84173.09,13119.83,2021-08-23,32,64.3,robert.taylor@company.com,(345) 775-9832,Active
EMP042344,Jane,Lopez,Jane Lopez,43,Engineering,Analyst,San Francisco,79458.46,9456.1,2022-03-04,20,68.8,jane.lopez@company.com,(740) 517-5632,Active
EMP042345,Lisa,Garcia,Lisa Garcia,33,HR,Director,Miami,75599.07,2390.38,2022-02-23,6,85.1,lisa.garcia@company.com,(498) 329-7366,Active
EMP042346,Lisa,Jones,Lisa Jones,36,Sales,Manager,Miami,58929.83,6497.95,2022-04-19,11,73.4,lisa.jones@company.com,(861) 817-3454,Active
EMP042347,William,Jones,William Jones,65,Marketing,Coordinator,Boston,76673.69,11630.71,2023-09-11,40,92.1,william.jones@company.com,(988) 761-9380,Active
EMP042348,Jessica,Rodriguez,Jessica Rodriguez,52,Finance,Coordinator,Seattle,102142.98,6491.44,2020-08-15,26,93.5,jessica.rodriguez@company.com,(963) 909-3471,Active
EMP042349,Daniel,Lopez,Daniel Lopez,45,IT,Senior Developer,Boston,80895.25,3756.45,2021-08-31,18,86.2,daniel.lopez@company.com,(659) 406-6220,Inactive
EMP042350,Daniel,Gonzalez,Daniel Gonzalez,25,Engineering,Associate,New York,106876.51,10596.59,2021-04-25,3,73.3,daniel.gonzalez@company.com,(929) 961-1279,Active
EMP042351,David,Lopez,David Lopez,32,Legal,Lead,Boston,90483.57,10582.77,2022-04-12,9,53.0,david.lopez@company.com,(584) 801-7193,Active
EMP042352,Emily,Martinez,Emily Martinez,50,HR,Associate,Seattle,59944.53,6335.78,2023-12-10,21,58.0,emily.martinez@company.com,(328) 986-9966,Active
EMP042353,Anthony,Hernandez,Anthony Hernandez,32,Marketing,Associate,New York,55272.12,7374.1,2024-01-31,6,65.6,anthony.hernandez@company.com,(628) 989-2359,Active
EMP042354,Christopher,Martin,Christopher Martin,26,Operations,Coordinator,New York,43219.38,1207.23,2021-04-18,0,54.0,christopher.martin@company.com,(516) 910-7864,Inactive
EMP042355,Sarah,Gonzalez,Sarah Gonzalez,27,Sales,Senior Developer,Austin,66597.94,8243.92,2020-01-03,5,72.2,sarah.gonzalez@company.com,(323) 420-2759,Active
EMP042356,Jessica,Martin,Jessica Martin,41,Engineering,Coordinator,Los Angeles,105687.44,4443.99,2021-05-22,13,88.5,jessica.martin@company.com,(929) 414-5865,Active
EMP042357,Robert,Williams,Robert Williams,23,Legal,Lead,Austin,56580.36,8113.47,2023-10-08,0,95.5,robert.williams@company.com,(462) 226-5265,Active
EMP042358,Lisa,Lopez,Lisa Lopez,26,Legal,Lead,Los Angeles,95879.0,9962.78,2020-06-09,3,84.0,lisa.lopez@company.com,(763) 664-7078,Active
EMP042359,Amanda,Smith,Amanda Smith,41,Marketing,Senior Developer,Boston,80674.17,866.28,2020-11-04,17,76.5,amanda.smith@company.com,(802) 554-8650,Active
EMP042360,Melissa,Martin,Melissa Martin,31,Finance,Director,Miami,58203.42,8721.2,2021-04-28,4,87.7,melissa.martin@company.com,(229) 662-8078,Active
EMP042361,Sarah,Martin,Sarah Martin,24,Finance,Specialist,Chicago,55615.95,4999.0,2023-09-26,2,81.4,sarah.martin@company.com,(489) 753-1851,Active
EMP042362,Matthew,Jones,Matthew Jones,49,Finance,Specialist,Seattle,102944.12,8520.91,2021-09-01,22,71.0,matthew.jones@company.com,(673) 232-2364,Active
EMP042363,Lisa,Williams,Lisa Williams,42,Sales,Specialist,New York,70193.11,6792.4,2024-08-31,19,89.1,lisa.williams@company.com,(315) 599-5202,Active
EMP042364,Sarah,Lopez,Sarah Lopez,61,IT,Coordinator,Boston,91156.16,10791.67,2020-08-25,39,99.0,sarah.lopez@company.com,(965) 864-9221,On Leave
EMP042365,Michael,Martinez,Michael Martinez,38,Marketing,Specialist,Chicago,50422.43,9404.97,2024-04-06,9,72.5,michael.martinez@company.com,(741) 755-4695,Active
EMP042366,Michael,Anderson,Michael Anderson,35,Sales,Coordinator,San Francisco,54981.15,2019.67,2024-10-03,6,71.7,michael.anderson@company.com,(967) 710-2160,Active
EMP042367,David,Johnson,David Johnson,48,Finance,Lead,Chicago,75186.04,14607.03,2022-01-01,24,58.9,david.johnson@company.com,(860) 363-6422,Active
EMP042368,Emily,Taylor,Emily Taylor,26,IT,Senior Developer,Los Angeles,74347.15,6217.97,2024-02-13,0,54.3,emily.taylor@company.com,(261) 425-9034,Active
EMP042369,Ashley,Williams,Ashley Williams,22,Marketing,Specialist,San Francisco,65795.55,7230.11,2021-06-21,0,87.9,ashley.williams@company.com,(718) 915-9491,Active
EMP042370,Lisa,Martinez,Lisa Martinez,27,Sales,Coordinator,Seattle,48161.8,3736.98,2021-11-01,3,79.2,lisa.martinez@company.com,(981) 966-3270,Active
EMP042371,Jane,Gonzalez,Jane Gonzalez,30,Engineering,Manager,New York,123090.28,11684.74,2020-12-17,7,61.2,jane.gonzalez@company.com,(739) 687-9072,Active
EMP042372,Jessica,Gonzalez,Jessica Gonzalez,65,Legal,Specialist,Chicago,118434.68,3746.41,2020-02-15,37,88.0,jessica.gonzalez@company.com,(949) 508-9660,Active
EMP042373,Lisa,Jones,Lisa Jones,44,Engineering,Coordinator,Los Angeles,101707.88,9302.82,2024-06-01,19,68.8,lisa.jones@company.com,(739) 588-3668,Active
EMP042374,Ashley,Taylor,Ashley Taylor,55,Legal,Coordinator,Austin,127795.42,23921.91,2021-04-03,31,66.7,ashley.taylor@company.com,(462) 838-5336,Active
EMP042375,Amanda,Martin,Amanda Martin,61,HR,Coordinator,Boston,95326.25,15571.29,2021-11-17,38,100.0,amanda.martin@company.com,(663) 491-9466,On Leave
EMP042376,Michael,Rodriguez,Michael Rodriguez,41,Finance,Senior Developer,Seattle,101680.76,11335.63,2020-05-10,12,70.2,michael.rodriguez@company.com,(499) 231-8860,Active
EMP042377,Daniel,Jones,Daniel Jones,23,HR,Analyst,Chicago,66940.53,9793.5,2020-09-14,0,70.2,daniel.jones@company.com,(367) 407-4242,Active
EMP042378,Amanda,Taylor,Amanda Taylor,63,Legal,Specialist,Los Angeles,79599.07,9905.62,2020-12-10,36,74.3,amanda.taylor@company.com,(464) 946-8106,Active
EMP042379,Amanda,Martin,Amanda Martin,42,HR,Senior Developer,Seattle,66465.54,8348.18,2023-12-15,19,100.0,amanda.martin@company.com,(722) 639-5510,Inactive
EMP042380,Michael,Rodriguez,Michael Rodriguez,32,IT,Associate,Los Angeles,113603.35,12759.15,2020-02-04,6,79.0,michael.rodriguez@company.com,(714) 729-3478,Active
EMP042381,Matthew,Garcia,Matthew Garcia,31,Legal,Director,Los Angeles,81429.66,7620.81,2023-06-30,6,70.9,matthew.garcia@company.com,(845) 491-8856,Active
EMP042382,Lisa,Brown,Lisa Brown,31,Legal,Senior Developer,New York,61143.77,1354.78,2020-06-24,2,57.4,lisa.brown@company.com,(249) 360-6527,Active
EMP042383,Ashley,Anderson,Ashley Anderson,30,Marketing,Lead,Boston,77533.24,10366.12,2023-10-11,6,81.6,ashley.anderson@company.com,(524) 805-2114,Active
EMP042384,Jessica,Thomas,Jessica Thomas,30,Legal,Manager,San Francisco,100839.74,3035.36,2020-07-14,3,71.7,jessica.thomas@company.com,(837) 694-1759,Active
EMP042385,Matthew,Jones,Matthew Jones,25,Engineering,Lead,Miami,111091.24,15777.79,2023-05-19,3,100.0,matthew.jones@company.com,(910) 592-9975,Inactive
EMP042386,James,Brown,James Brown,29,Finance,Senior Developer,Boston,55857.21,506.07,2022-09-17,4,66.1,james.brown@company.com,(759) 841-5896,Active
EMP042387,John,Johnson,John Johnson,35,Marketing,Analyst,Austin,71352.81,5019.89,2022-03-25,7,72.1,john.johnson@company.com,(836) 278-3282,Active
EMP042388,Ashley,Jones,Ashley Jones,41,Marketing,Associate,Chicago,56055.44,2533.74,2021-08-25,17,45.7,ashley.jones@company.com,(513) 497-1897,Active
EMP042389,Jessica,Garcia,Jessica Garcia,24,Sales,Analyst,Miami,52771.84,4819.24,2024-11-25,0,70.8,jessica.garcia@company.com,(304) 226-6830,Active
EMP042390,Jane,Williams,Jane Williams,45,Engineering,Manager,Chicago,103370.17,12294.44,2020-06-04,20,76.3,jane.williams@company.com,(971) 873-9667,Active
EMP042391,Melissa,Thomas,Melissa Thomas,65,Sales,Director,Miami,104714.76,1620.07,2021-06-23,41,75.9,melissa.thomas@company.com,(484) 945-4715,Active
EMP042392,Jane,Gonzalez,Jane Gonzalez,27,Sales,Lead,New York,56224.23,7215.56,2021-04-10,4,100.0,jane.gonzalez@company.com,(651) 315-3862,Active
EMP042393,Ashley,Johnson,Ashley Johnson,61,Operations,Analyst,Austin,56094.95,3513.78,2024-08-12,36,57.1,ashley.johnson@company.com,(871) 360-1360,Inactive
EMP042394,John,Wilson,John Wilson,57,Operations,Associate,Boston,60808.55,6472.27,2023-03-17,32,100.0,john.wilson@company.com,(641) 789-9062,Active
EMP042395,Melissa,Jackson,Melissa Jackson,59,IT,Coordinator,Miami,107560.63,8245.14,2021-03-17,35,65.6,melissa.jackson@company.com,(320) 702-8847,Active
EMP042396,Ashley,Miller,Ashley Miller,36,Legal,Director,Los Angeles,104287.54,15742.99,2021-01-15,13,74.7,ashley.miller@company.com,(715) 904-5342,Active
EMP042397,William,Garcia,William Garcia,56,Engineering,Specialist,Seattle,126688.17,10181.27,2020-11-14,27,96.2,william.garcia@company.com,(432) 719-1441,Active
EMP042398,William,Smith,William Smith,38,Finance,Specialist,San Francisco,80039.37,5053.66,2020-08-29,10,88.2,william.smith@company.com,(907) 478-5374,Active
EMP042399,Stephanie,Smith,Stephanie Smith,27,Operations,Associate,Miami,57536.97,5881.64,2022-04-13,0,76.6,stephanie.smith@company.com,(227) 981-4887,Active
EMP042400,Robert,Gonzalez,Robert Gonzalez,63,IT,Senior Developer,Chicago,113207.61,13323.7,2022-09-15,40,98.4,robert.gonzalez@company.com,(971) 938-8930,Active
EMP042401,Melissa,Wilson,Melissa Wilson,46,Marketing,Specialist,Austin,89113.97,3054.9,2022-05-30,19,63.8,melissa.wilson@company.com,(348) 732-5486,Active
EMP042402,Stephanie,Anderson,Stephanie Anderson,36,Sales,Specialist,New York,72490.01,4998.3,2020-09-10,9,72.2,stephanie.anderson@company.com,(683) 855-9263,Active
EMP042403,Stephanie,Lopez,Stephanie Lopez,43,Finance,Coordinator,Los Angeles,89039.83,5046.76,2023-02-14,16,97.1,stephanie.lopez@company.com,(636) 986-8485,Inactive
EMP042404,Sarah,Miller,Sarah Miller,36,HR,Coordinator,Miami,60507.27,3855.61,2023-03-17,8,63.7,sarah.miller@company.com,(382) 689-6881,Active
EMP042405,James,Wilson,James Wilson,62,Finance,Analyst,Seattle,48536.85,6021.61,2021-05-29,36,78.8,james.wilson@company.com,(729) 975-2747,Inactive
EMP042406,John,Jackson,John Jackson,35,HR,Senior Developer,Chicago,40809.77,3193.13,2021-08-15,10,66.1,john.jackson@company.com,(258) 624-7446,On Leave
EMP042407,Ashley,Gonzalez,Ashley Gonzalez,53,Finance,Associate,Seattle,105721.75,11863.29,2022-08-25,30,91.3,ashley.gonzalez@company.com,(775) 649-6920,Active
EMP042408,Amanda,Johnson,Amanda Johnson,42,Finance,Analyst,San Francisco,75851.97,4887.77,2023-08-21,17,63.8,amanda.johnson@company.com,(435) 856-2234,Active
EMP042409,Stephanie,Jones,Stephanie Jones,45,Operations,Coordinator,New York,62558.84,4166.69,2021-03-20,19,74.1,stephanie.jones@company.com,(874) 582-7656,Active
EMP042410,Michael,Moore,Michael Moore,51,Marketing,Lead,Miami,77179.46,7574.78,2024-04-29,28,98.4,michael.moore@company.com,(671) 372-5831,Inactive
EMP042411,Matthew,Jones,Matthew Jones,41,Operations,Specialist,San Francisco,60989.36,840.57,2021-08-25,19,82.2,matthew.jones@company.com,(519) 526-3565,Active
EMP042412,Robert,Lopez,Robert Lopez,48,Finance,Coordinator,San Francisco,106255.7,14589.41,2024-06-01,23,60.5,robert.lopez@company.com,(944) 443-5497,Active
EMP042413,Christopher,Martinez,Christopher Martinez,22,HR,Associate,Chicago,38565.17,2738.49,2023-11-15,0,67.0,christopher.martinez@company.com,(595) 201-6823,Active
EMP042414,Lisa,Lopez,Lisa Lopez,64,Legal,Lead,San Francisco,118083.03,18174.94,2020-02-17,41,53.1,lisa.lopez@company.com,(756) 298-4846,Active
EMP042415,Nicole,Miller,Nicole Miller,43,Sales,Coordinator,Austin,84596.69,2717.55,2024-11-06,21,37.5,nicole.miller@company.com,(788) 877-4603,Active
EMP042416,David,Williams,David Williams,43,IT,Manager,New York,99202.54,8229.71,2024-10-30,21,69.6,david.williams@company.com,(918) 852-1467,Active
EMP042417,Michael,Martin,Michael Martin,35,Engineering,Director,Los Angeles,83459.57,7517.61,2022-09-17,12,76.7,michael.martin@company.com,(909) 973-7096,Active
EMP042418,Melissa,Thomas,Melissa Thomas,31,Finance,Senior Developer,San Francisco,85612.93,11418.4,2021-06-17,2,94.0,melissa.thomas@company.com,(258) 493-5240,Active
EMP042419,Emily,Johnson,Emily Johnson,61,HR,Lead,Austin,42744.79,3869.65,2024-01-11,38,76.5,emily.johnson@company.com,(286) 968-6860,Active
EMP042420,Lisa,Miller,Lisa Miller,34,Sales,Director,Seattle,42620.88,7873.28,2021-10-18,5,79.2,lisa.miller@company.com,(533) 846-3519,Active
EMP042421,Jessica,Rodriguez,Jessica Rodriguez,54,Engineering,Specialist,New York,128883.12,11256.98,2024-01-09,29,72.3,jessica.rodriguez@company.com,(804) 726-4339,Inactive
EMP042422,Michael,Martin,Michael Martin,48,Engineering,Lead,San Francisco,108535.44,8988.57,2023-11-18,26,65.2,michael.martin@company.com,(703) 229-6442,Active
EMP042423,Robert,Rodriguez,Robert Rodriguez,35,Sales,Director,Boston,71970.39,818.22,2020-06-29,11,46.8,robert.rodriguez@company.com,(728) 675-3717,Active
EMP042424,Matthew,Johnson,Matthew Johnson,61,Legal,Manager,Los Angeles,95178.04,2068.82,2020-12-14,35,63.1,matthew.johnson@company.com,(511) 588-7226,Active
EMP042425,Robert,Davis,Robert Davis,36,Marketing,Associate,Chicago,73530.6,2656.96,2022-12-16,10,42.3,robert.davis@company.com,(661) 281-2959,Active
EMP042426,Jane,Smith,Jane Smith,42,Marketing,Associate,Austin,72298.4,8773.05,2021-04-19,13,95.5,jane.smith@company.com,(472) 439-2198,Inactive
EMP042427,Christopher,Moore,Christopher Moore,57,HR,Specialist,Boston,81226.52,6914.4,2022-10-06,31,55.2,christopher.moore@company.com,(759) 623-5870,Active
EMP042428,Christopher,Gonzalez,Christopher Gonzalez,61,Sales,Lead,Seattle,107061.95,8514.46,2020-11-27,38,81.2,christopher.gonzalez@company.com,(383) 222-4645,Active
EMP042429,Daniel,Miller,Daniel Miller,32,Engineering,Analyst,Chicago,99280.19,10240.95,2022-10-14,8,66.6,daniel.miller@company.com,(619) 594-4790,Active
EMP042430,Michael,Anderson,Michael Anderson,59,Engineering,Lead,Boston,90371.04,8486.59,2021-01-05,35,61.7,michael.anderson@company.com,(904) 683-7234,Active
EMP042431,Jane,Johnson,Jane Johnson,27,Marketing,Lead,Miami,62003.96,8533.27,2021-05-09,5,74.0,jane.johnson@company.com,(764) 730-8993,On Leave
EMP042432,Emily,Rodriguez,Emily Rodriguez,50,Marketing,Director,Seattle,69890.69,4211.15,2023-10-28,22,98.6,emily.rodriguez@company.com,(429) 202-3068,Active
EMP042433,William,Martin,William Martin,26,IT,Coordinator,Miami,75815.36,9434.92,2024-12-07,2,55.2,william.martin@company.com,(614) 707-9764,Active
EMP042434,Amanda,Anderson,Amanda Anderson,55,Finance,Director,Los Angeles,74860.59,954.86,2022-12-19,29,85.9,amanda.anderson@company.com,(241) 867-6095,Active
EMP042435,Melissa,Wilson,Melissa Wilson,49,Finance,Director,Miami,89291.68,7381.96,2024-01-24,25,78.3,melissa.wilson@company.com,(341) 880-3986,Inactive
EMP042436,Nicole,Thomas,Nicole Thomas,30,Operations,Specialist,Austin,59627.89,2131.54,2021-01-17,5,78.7,nicole.thomas@company.com,(354) 260-5597,Active
EMP042437,Stephanie,Martinez,Stephanie Martinez,44,Finance,Coordinator,Los Angeles,63673.66,9194.77,2022-05-31,22,62.2,stephanie.martinez@company.com,(566) 938-2979,Active
EMP042438,Matthew,Martin,Matthew Martin,30,HR,Senior Developer,Seattle,51435.43,4971.08,2024-08-26,1,100.0,matthew.martin@company.com,(580) 296-6551,Inactive
EMP042439,David,Moore,David Moore,53,Engineering,Coordinator,Miami,129508.97,14713.87,2024-02-26,31,67.8,david.moore@company.com,(494) 239-2361,Active
EMP042440,Emily,Martinez,Emily Martinez,41,Sales,Lead,Seattle,90355.01,9594.18,2024-08-26,18,62.0,emily.martinez@company.com,(222) 879-5277,Inactive
EMP042441,Michael,Wilson,Michael Wilson,65,IT,Associate,Boston,91121.79,7719.44,2023-08-26,37,61.5,michael.wilson@company.com,(497) 344-4864,Active
EMP042442,Lisa,Rodriguez,Lisa Rodriguez,42,Sales,Director,Seattle,85278.47,10515.9,2020-05-05,17,98.8,lisa.rodriguez@company.com,(647) 719-3105,Active
EMP042443,Melissa,Taylor,Melissa Taylor,37,HR,Director,Seattle,84349.98,9227.46,2024-05-31,12,95.9,melissa.taylor@company.com,(919) 884-9065,On Leave
EMP042444,John,Gonzalez,John Gonzalez,52,Marketing,Specialist,Boston,97022.76,6945.52,2020-04-24,30,68.4,john.gonzalez@company.com,(866) 629-9104,Active
EMP042445,Matthew,Taylor,Matthew Taylor,56,IT,Specialist,Seattle,97187.26,7958.88,2024-08-24,28,60.2,matthew.taylor@company.com,(366) 772-6495,Active
EMP042446,John,Rodriguez,John Rodriguez,61,Operations,Specialist,Miami,72191.52,12989.72,2024-09-11,37,63.1,john.rodriguez@company.com,(863) 264-2035,Active
EMP042447,Nicole,Williams,Nicole Williams,57,IT,Coordinator,Miami,89856.55,7234.2,2023-01-22,34,70.6,nicole.williams@company.com,(908) 356-6815,Active
EMP042448,Daniel,Miller,Daniel Miller,26,Operations,Manager,Los Angeles,26320.84,3230.21,2021-08-04,3,60.3,daniel.miller@company.com,(289) 858-3368,Active
EMP042449,David,Miller,David Miller,34,Engineering,Lead,Los Angeles,95552.86,1764.63,2024-03-02,12,78.4,david.miller@company.com,(433) 366-4886,Active
EMP042450,Emily,Gonzalez,Emily Gonzalez,60,Operations,Senior Developer,Miami,78377.19,6310.73,2021-04-13,31,69.0,emily.gonzalez@company.com,(937) 969-7705,Active
EMP042451,James,Miller,James Miller,24,IT,Lead,Austin,54346.12,6848.92,2021-04-03,0,60.6,james.miller@company.com,(326) 871-2494,On Leave
EMP042452,Lisa,Gonzalez,Lisa Gonzalez,42,Marketing,Senior Developer,San Francisco,61378.63,8650.19,2021-04-11,18,79.7,lisa.gonzalez@company.com,(707) 792-8589,Active
EMP042453,Ashley,Williams,Ashley Williams,32,Operations,Coordinator,Los Angeles,62779.64,5425.21,2023-10-31,10,74.3,ashley.williams@company.com,(699) 548-8945,Active
EMP042454,Christopher,Johnson,Christopher Johnson,49,Operations,Coordinator,San Francisco,86714.79,10779.76,2021-07-11,20,83.2,christopher.johnson@company.com,(203) 833-3099,On Leave
EMP042455,Daniel,Jones,Daniel Jones,60,Legal,Manager,Seattle,73621.52,6772.68,2024-02-03,38,85.7,daniel.jones@company.com,(964) 376-6759,On Leave
EMP042456,Jane,Taylor,Jane Taylor,23,Marketing,Analyst,Miami,54959.04,5226.65,2023-01-22,0,76.6,jane.taylor@company.com,(887) 937-5658,Active
EMP042457,Melissa,Jones,Melissa Jones,32,Engineering,Coordinator,Seattle,99014.91,12467.69,2023-06-04,4,56.4,melissa.jones@company.com,(309) 955-4313,Active
EMP042458,Michael,Martinez,Michael Martinez,25,IT,Analyst,Boston,65704.47,2902.15,2022-11-20,2,72.8,michael.martinez@company.com,(944) 550-5080,Active
EMP042459,Daniel,Miller,Daniel Miller,64,IT,Lead,Chicago,99160.39,10345.22,2021-11-12,37,51.3,daniel.miller@company.com,(838) 663-9255,Inactive
EMP042460,Christopher,Miller,Christopher Miller,27,Sales,Analyst,Boston,49246.81,3025.24,2020-10-30,3,54.2,christopher.miller@company.com,(950) 418-2480,Active
EMP042461,Lisa,Martin,Lisa Martin,31,Legal,Manager,New York,115272.62,8250.19,2020-01-24,7,87.1,lisa.martin@company.com,(775) 396-5518,Active
EMP042462,John,Hernandez,John Hernandez,43,Legal,Senior Developer,Austin,84828.52,5184.17,2020-07-08,20,65.6,john.hernandez@company.com,(974) 784-1701,Inactive
EMP042463,Amanda,Jackson,Amanda Jackson,39,HR,Specialist,Chicago,74785.81,8304.46,2024-06-29,10,52.4,amanda.jackson@company.com,(476) 253-3631,Active
EMP042464,Emily,Garcia,Emily Garcia,38,Marketing,Director,Los Angeles,38712.36,695.88,2023-02-13,14,91.3,emily.garcia@company.com,(439) 816-9912,Inactive
EMP042465,Nicole,Johnson,Nicole Johnson,31,Finance,Lead,Seattle,58213.93,83.79,2020-06-25,6,73.2,nicole.johnson@company.com,(446) 431-9480,Active
EMP042466,Jessica,Hernandez,Jessica Hernandez,25,Engineering,Coordinator,Los Angeles,67005.08,8838.61,2024-09-05,1,100.0,jessica.hernandez@company.com,(577) 708-2300,Active
EMP042467,William,Martin,William Martin,54,Operations,Specialist,New York,51631.23,3194.7,2020-05-14,26,48.4,william.martin@company.com,(355) 562-4177,Active
EMP042468,David,Jones,David Jones,27,HR,Analyst,Boston,60693.05,11697.23,2024-01-14,0,93.7,david.jones@company.com,(741) 286-1073,Active
EMP042469,Michael,Thomas,Michael Thomas,57,IT,Manager,Austin,130991.32,21819.41,2023-06-30,31,79.5,michael.thomas@company.com,(992) 661-3273,Active
EMP042470,Robert,Thomas,Robert Thomas,39,Sales,Manager,Boston,69437.63,4551.91,2024-03-31,16,57.8,robert.thomas@company.com,(785) 801-1442,Active
EMP042471,John,Garcia,John Garcia,59,Engineering,Specialist,New York,108799.2,6996.04,2024-07-23,33,71.5,john.garcia@company.com,(220) 969-9422,On Leave
EMP042472,Nicole,Gonzalez,Nicole Gonzalez,50,Marketing,Director,Austin,83552.96,7716.16,2024-07-16,23,57.8,nicole.gonzalez@company.com,(918) 506-6229,Active
EMP042473,Sarah,Wilson,Sarah Wilson,36,HR,Specialist,Miami,62363.58,0.0,2021-04-08,8,76.5,sarah.wilson@company.com,(758) 447-1913,Active
EMP042474,Nicole,Jackson,Nicole Jackson,23,Marketing,Manager,Chicago,67670.62,6094.91,2022-06-08,0,62.5,nicole.jackson@company.com,(431) 300-2203,Active
EMP042475,Robert,Jones,Robert Jones,47,Finance,Director,Boston,81177.87,10958.07,2023-01-14,25,77.3,robert.jones@company.com,(543) 784-9602,Active
EMP042476,William,Davis,William Davis,40,IT,Coordinator,Chicago,50073.15,3086.12,2021-06-12,18,59.4,william.davis@company.com,(512) 950-5895,Active
EMP042477,Christopher,Brown,Christopher Brown,26,HR,Coordinator,Seattle,53489.17,4835.23,2021-07-07,4,61.6,christopher.brown@company.com,(288) 315-8058,Active
EMP042478,William,Hernandez,William Hernandez,29,Legal,Specialist,San Francisco,67007.93,3344.57,2024-07-07,3,81.8,william.hernandez@company.com,(963) 389-6023,Active
EMP042479,William,Martinez,William Martinez,48,Marketing,Coordinator,Seattle,83132.34,6321.35,2023-06-21,25,79.3,william.martinez@company.com,(214) 812-4631,Active
EMP042480,Ashley,Jackson,Ashley Jackson,57,Marketing,Associate,San Francisco,73054.68,4900.87,2020-12-31,35,73.1,ashley.jackson@company.com,(399) 218-8194,Active
EMP042481,James,Johnson,James Johnson,30,HR,Associate,Seattle,77877.39,11952.5,2024-11-27,2,63.0,james.johnson@company.com,(655) 307-5432,Active
EMP042482,Sarah,Rodriguez,Sarah Rodriguez,35,Operations,Associate,San Francisco,76429.98,7221.91,2023-06-18,10,54.6,sarah.rodriguez@company.com,(440) 859-6115,Active
EMP042483,Michael,Rodriguez,Michael Rodriguez,32,Legal,Lead,Chicago,75823.53,14190.94,2022-11-05,5,46.3,michael.rodriguez@company.com,(412) 405-3390,Active
EMP042484,Melissa,Smith,Melissa Smith,44,Operations,Director,Boston,61079.47,4697.36,2020-04-22,19,53.1,melissa.smith@company.com,(467) 356-2299,On Leave
EMP042485,Michael,Wilson,Michael Wilson,64,Sales,Director,San Francisco,76842.51,630.68,2020-05-02,36,48.7,michael.wilson@company.com,(215) 765-5989,Active
EMP042486,Amanda,Lopez,Amanda Lopez,44,Marketing,Coordinator,Miami,65861.63,12929.05,2021-05-01,16,63.5,amanda.lopez@company.com,(514) 705-1214,Active
EMP042487,Robert,Wilson,Robert Wilson,57,Engineering,Associate,Austin,97908.53,0.0,2021-07-31,31,85.0,robert.wilson@company.com,(529) 287-9063,Active
EMP042488,William,Moore,William Moore,28,Sales,Lead,New York,76056.56,5017.01,2021-01-21,3,71.5,william.moore@company.com,(910) 819-5943,On Leave
EMP042489,Amanda,Gonzalez,Amanda Gonzalez,50,Marketing,Director,Los Angeles,74610.92,3048.94,2020-04-11,25,80.1,amanda.gonzalez@company.com,(260) 937-2124,Active
EMP042490,Matthew,Garcia,Matthew Garcia,54,IT,Manager,Chicago,130785.55,16768.94,2021-04-28,26,82.0,matthew.garcia@company.com,(418) 851-3494,Active
EMP042491,Stephanie,Gonzalez,Stephanie Gonzalez,43,Marketing,Coordinator,San Francisco,52575.97,2438.66,2022-12-30,19,47.9,stephanie.gonzalez@company.com,(499) 897-7370,Active
EMP042492,Robert,Davis,Robert Davis,35,IT,Coordinator,Chicago,88981.23,6279.18,2024-06-09,11,85.1,robert.davis@company.com,(929) 786-5337,Active
EMP042493,Robert,Martinez,Robert Martinez,26,IT,Senior Developer,Chicago,73827.85,8689.9,2022-05-26,4,89.7,robert.martinez@company.com,(432) 934-7311,Active
EMP042494,Stephanie,Garcia,Stephanie Garcia,60,Operations,Director,Austin,81158.78,7684.76,2022-03-14,31,74.1,stephanie.garcia@company.com,(816) 689-6139,Active
EMP042495,John,Garcia,John Garcia,64,Sales,Specialist,Seattle,86746.35,10703.25,2022-07-12,42,48.5,john.garcia@company.com,(495) 771-5336,Active
EMP042496,Robert,Jackson,Robert Jackson,55,IT,Associate,New York,94259.8,5026.21,2022-06-21,32,100.0,robert.jackson@company.com,(202) 336-2357,Inactive
EMP042497,John,Smith,John Smith,39,Operations,Lead,Los Angeles,40606.72,3182.41,2023-08-17,11,50.8,john.smith@company.com,(824) 549-5372,Active
EMP042498,Anthony,Jackson,Anthony Jackson,54,Finance,Associate,Los Angeles,85665.72,8537.83,2024-07-26,25,68.6,anthony.jackson@company.com,(323) 804-1906,Active
EMP042499,David,Jones,David Jones,31,IT,Director,Miami,100198.58,10762.81,2020-02-06,7,100.0,david.jones@company.com,(511) 578-6186,Active
EMP042500,Lisa,Taylor,Lisa Taylor,50,Finance,Manager,Boston,70291.3,1322.77,2020-11-11,21,59.1,lisa.taylor@company.com,(420) 951-2668,Inactive
EMP042501,Sarah,Hernandez,Sarah Hernandez,35,Marketing,Analyst,New York,63192.11,12770.61,2023-12-15,9,72.9,sarah.hernandez@company.com,(813) 825-6968,Active
EMP042502,Nicole,Smith,Nicole Smith,51,HR,Specialist,Miami,74201.67,9288.07,2023-06-20,28,74.8,nicole.smith@company.com,(788) 492-1060,Active
EMP042503,Jessica,Moore,Jessica Moore,26,Marketing,Specialist,San Francisco,68762.92,7039.19,2023-01-03,0,64.4,jessica.moore@company.com,(690) 292-1153,Active
EMP042504,John,Johnson,John Johnson,62,Finance,Specialist,Miami,113327.57,18400.19,2024-07-16,34,67.9,john.johnson@company.com,(509) 985-4088,Active
EMP042505,Stephanie,Johnson,Stephanie Johnson,48,Marketing,Manager,Seattle,60344.24,2395.03,2022-12-31,24,82.5,stephanie.johnson@company.com,(329) 913-8466,Active
EMP042506,Michael,Rodriguez,Michael Rodriguez,59,Marketing,Director,Boston,77974.81,9409.87,2021-09-18,35,60.2,michael.rodriguez@company.com,(200) 332-4529,Active
EMP042507,Lisa,Martinez,Lisa Martinez,62,Sales,Associate,New York,92206.12,4553.25,2024-08-11,35,87.2,lisa.martinez@company.com,(437) 571-8828,Active
EMP042508,James,Miller,James Miller,37,Operations,Associate,Chicago,79726.07,7842.71,2024-11-30,13,34.5,james.miller@company.com,(226) 495-3218,Active
EMP042509,Melissa,Hernandez,Melissa Hernandez,45,Marketing,Associate,San Francisco,97005.96,4259.15,2024-11-03,18,96.3,melissa.hernandez@company.com,(640) 979-2835,Inactive
EMP042510,Sarah,Garcia,Sarah Garcia,42,HR,Coordinator,Miami,87500.29,8284.56,2024-04-27,13,78.9,sarah.garcia@company.com,(311) 446-5690,Active
EMP042511,Amanda,Smith,Amanda Smith,43,Finance,Analyst,Boston,107234.26,15901.11,2022-06-09,15,76.3,amanda.smith@company.com,(599) 966-8982,Active
EMP042512,David,Brown,David Brown,62,Legal,Manager,Boston,80484.49,8202.98,2021-01-19,37,90.3,david.brown@company.com,(746) 894-9218,Active
EMP042513,Sarah,Brown,Sarah Brown,43,IT,Lead,Boston,97329.35,5747.62,2024-12-06,20,91.0,sarah.brown@company.com,(936) 541-8592,Active
EMP042514,Jane,Martin,Jane Martin,53,Sales,Specialist,Austin,117016.89,7091.65,2020-04-02,24,56.2,jane.martin@company.com,(396) 823-7341,Active
EMP042515,Stephanie,Hernandez,Stephanie Hernandez,53,Legal,Director,San Francisco,120276.88,7485.65,2022-09-30,25,51.3,stephanie.hernandez@company.com,(704) 423-6624,Active
EMP042516,Jessica,Davis,Jessica Davis,44,Sales,Director,Chicago,64847.1,8993.49,2023-02-11,16,67.0,jessica.davis@company.com,(435) 642-3647,Active
EMP042517,Ashley,Williams,Ashley Williams,29,Sales,Analyst,New York,70855.31,4062.96,2020-09-12,5,73.8,ashley.williams@company.com,(652) 256-3494,Active
EMP042518,Stephanie,Rodriguez,Stephanie Rodriguez,23,HR,Coordinator,Los Angeles,36649.27,4543.82,2024-08-23,0,76.2,stephanie.rodriguez@company.com,(902) 409-8605,Active
EMP042519,John,Martinez,John Martinez,40,Legal,Director,Seattle,110435.06,11300.16,2022-05-18,11,100.0,john.martinez@company.com,(779) 221-4580,Inactive
EMP042520,Amanda,Moore,Amanda Moore,28,Legal,Director,Los Angeles,56594.97,2628.63,2021-06-06,6,87.1,amanda.moore@company.com,(370) 294-8150,Active
EMP042521,Anthony,Martinez,Anthony Martinez,49,HR,Senior Developer,San Francisco,82379.38,8408.81,2020-05-22,21,64.0,anthony.martinez@company.com,(719) 753-1186,Inactive
EMP042522,Michael,Lopez,Michael Lopez,60,Operations,Senior Developer,San Francisco,62782.72,6107.41,2023-05-16,35,81.3,michael.lopez@company.com,(715) 758-8168,Active
EMP042523,Matthew,Smith,Matthew Smith,33,Operations,Coordinator,Chicago,57569.85,12054.15,2024-06-06,9,67.6,matthew.smith@company.com,(955) 335-7015,Active
EMP042524,John,Wilson,John Wilson,29,Sales,Coordinator,Chicago,62462.55,0.0,2021-11-28,0,71.5,john.wilson@company.com,(355) 826-1833,Active
EMP042525,David,Jones,David Jones,41,HR,Associate,Miami,64912.14,0.0,2022-01-14,18,83.8,david.jones@company.com,(792) 205-7973,Inactive
EMP042526,Sarah,Thomas,Sarah Thomas,44,Marketing,Analyst,Boston,89680.09,5612.39,2024-09-14,20,65.7,sarah.thomas@company.com,(213) 885-4372,On Leave
EMP042527,Melissa,Miller,Melissa Miller,65,Operations,Manager,New York,82232.36,10626.47,2020-02-22,39,91.9,melissa.miller@company.com,(376) 450-4993,Active
EMP042528,Stephanie,Gonzalez,Stephanie Gonzalez,27,Marketing,Manager,Austin,47292.08,5005.44,2023-01-12,1,74.3,stephanie.gonzalez@company.com,(892) 949-2091,Active
EMP042529,James,Miller,James Miller,32,Sales,Lead,Boston,66334.54,11243.05,2022-11-19,3,72.6,james.miller@company.com,(272) 881-9957,Active
EMP042530,Melissa,Rodriguez,Melissa Rodriguez,39,Legal,Associate,New York,85092.69,9017.87,2023-11-03,17,79.2,melissa.rodriguez@company.com,(690) 642-8432,Active
EMP042531,Anthony,Miller,Anthony Miller,54,Sales,Associate,Chicago,100317.3,6121.78,2020-02-07,26,81.5,anthony.miller@company.com,(564) 669-7284,Inactive
EMP042532,Melissa,Martin,Melissa Martin,58,Legal,Analyst,Austin,102758.42,6110.63,2022-05-02,31,81.4,melissa.martin@company.com,(254) 434-9991,Inactive
EMP042533,Amanda,Hernandez,Amanda Hernandez,50,Finance,Analyst,New York,79846.57,0.0,2024-05-12,22,73.0,amanda.hernandez@company.com,(424) 582-1389,On Leave
EMP042534,Jessica,Miller,Jessica Miller,65,Legal,Specialist,Seattle,100214.47,13501.88,2021-11-26,41,86.0,jessica.miller@company.com,(825) 508-1912,Active
EMP042535,Jessica,Wilson,Jessica Wilson,65,Sales,Associate,Boston,83583.77,8812.48,2024-05-27,42,84.7,jessica.wilson@company.com,(862) 669-5982,Active
EMP042536,Anthony,Thomas,Anthony Thomas,39,Finance,Analyst,Seattle,86213.03,10621.23,2022-01-27,14,100.0,anthony.thomas@company.com,(553) 892-3276,Active
EMP042537,Emily,Brown,Emily Brown,25,Sales,Lead,Los Angeles,84280.9,9168.25,2022-11-15,0,77.9,emily.brown@company.com,(436) 717-2846,Active
EMP042538,Matthew,Jones,Matthew Jones,47,Operations,Analyst,Los Angeles,49283.08,3964.81,2022-12-25,21,54.5,matthew.jones@company.com,(901) 328-1136,Active
EMP042539,Amanda,Rodriguez,Amanda Rodriguez,60,Finance,Manager,San Francisco,73923.97,5830.93,2022-12-14,31,89.4,amanda.rodriguez@company.com,(962) 948-5530,On Leave
EMP042540,David,Rodriguez,David Rodriguez,47,Sales,Senior Developer,Seattle,65218.55,7449.8,2022-04-03,18,79.2,david.rodriguez@company.com,(525) 374-5485,Active
EMP042541,Melissa,Taylor,Melissa Taylor,62,Engineering,Specialist,Austin,112671.89,952.81,2024-07-11,40,76.5,melissa.taylor@company.com,(522) 358-4247,Active
EMP042542,Nicole,Martin,Nicole Martin,52,IT,Senior Developer,Miami,107415.69,9613.5,2022-03-23,26,100.0,nicole.martin@company.com,(244) 325-7007,Active
EMP042543,Nicole,Garcia,Nicole Garcia,47,IT,Associate,Los Angeles,91763.16,10836.55,2020-07-25,24,96.9,nicole.garcia@company.com,(934) 531-6643,Active
EMP042544,Anthony,Martin,Anthony Martin,54,HR,Associate,Los Angeles,75322.37,8489.6,2023-02-17,30,80.4,anthony.martin@company.com,(982) 793-7725,Active
EMP042545,Robert,Wilson,Robert Wilson,25,Engineering,Director,New York,104603.55,23326.68,2021-07-20,2,100.0,robert.wilson@company.com,(607) 857-2114,Active
EMP042546,Daniel,Anderson,Daniel Anderson,65,Finance,Senior Developer,Seattle,98098.15,7411.84,2022-10-30,43,80.0,daniel.anderson@company.com,(778) 905-2690,Active
EMP042547,Robert,Moore,Robert Moore,22,HR,Senior Developer,Los Angeles,45993.7,5353.73,2020-03-31,0,94.5,robert.moore@company.com,(758) 270-4927,Active
EMP042548,Stephanie,Miller,Stephanie Miller,40,Marketing,Associate,Chicago,79236.07,8751.15,2021-12-27,11,52.4,stephanie.miller@company.com,(889) 499-3005,On Leave
EMP042549,Robert,Martin,Robert Martin,59,Finance,Associate,Austin,99314.75,6134.57,2024-10-19,36,64.9,robert.martin@company.com,(372) 835-1770,Inactive
EMP042550,Daniel,Johnson,Daniel Johnson,42,Legal,Director,San Francisco,114915.27,20846.24,2022-08-17,13,79.6,daniel.johnson@company.com,(880) 605-5504,Active
EMP042551,David,Martinez,David Martinez,65,IT,Lead,Seattle,119075.34,15707.95,2020-11-04,42,91.6,david.martinez@company.com,(222) 887-3938,Active
EMP042552,Robert,Garcia,Robert Garcia,34,Marketing,Director,Boston,69540.57,6490.54,2022-04-23,10,80.8,robert.garcia@company.com,(271) 248-3365,Active
EMP042553,Michael,Thomas,Michael Thomas,65,Legal,Senior Developer,Los Angeles,121719.76,8983.56,2024-03-20,40,79.2,michael.thomas@company.com,(819) 736-1441,Active
EMP042554,Sarah,Thomas,Sarah Thomas,48,Engineering,Coordinator,Miami,99314.07,7081.2,2020-12-14,23,90.1,sarah.thomas@company.com,(697) 870-7285,Active
EMP042555,David,Davis,David Davis,37,Sales,Specialist,San Francisco,102700.25,22432.22,2023-02-12,8,84.6,david.davis@company.com,(292) 227-4145,Active
EMP042556,Stephanie,Rodriguez,Stephanie Rodriguez,60,Sales,Manager,Los Angeles,91765.06,10667.87,2020-10-04,38,91.7,stephanie.rodriguez@company.com,(604) 906-6995,Active
EMP042557,Sarah,Anderson,Sarah Anderson,44,Finance,Analyst,New York,61747.8,4957.81,2021-05-24,17,93.6,sarah.anderson@company.com,(469) 352-5279,Active
EMP042558,Matthew,Anderson,Matthew Anderson,34,Finance,Senior Developer,Seattle,65276.21,9473.56,2020-04-19,5,91.3,matthew.anderson@company.com,(357) 375-8658,Active
EMP042559,Ashley,Martin,Ashley Martin,42,Sales,Lead,Los Angeles,84470.27,11715.59,2021-09-13,19,85.9,ashley.martin@company.com,(672) 996-2767,Active
EMP042560,Daniel,Jones,Daniel Jones,58,Operations,Senior Developer,New York,89702.43,12959.13,2021-10-08,30,82.6,daniel.jones@company.com,(295) 555-1015,Active
EMP042561,James,Miller,James Miller,58,IT,Specialist,San Francisco,142498.92,8299.54,2020-06-29,35,100.0,james.miller@company.com,(694) 948-1396,Active
EMP042562,Stephanie,Martin,Stephanie Martin,51,Engineering,Associate,Miami,143724.02,7280.34,2021-11-29,24,65.6,stephanie.martin@company.com,(898) 226-5146,Inactive
EMP042563,Sarah,Martin,Sarah Martin,57,Legal,Senior Developer,Chicago,154154.19,6545.41,2022-04-07,32,63.8,sarah.martin@company.com,(881) 873-6694,Active
EMP042564,Sarah,Martin,Sarah Martin,50,HR,Lead,Miami,85203.55,6924.51,2021-03-17,26,41.4,sarah.martin@company.com,(506) 703-1640,Inactive
EMP042565,Sarah,Taylor,Sarah Taylor,61,Engineering,Senior Developer,New York,122094.22,16418.42,2021-03-22,37,87.2,sarah.taylor@company.com,(457) 617-4542,Active
EMP042566,Anthony,Lopez,Anthony Lopez,34,Operations,Senior Developer,Boston,78502.76,15180.14,2023-02-01,11,52.2,anthony.lopez@company.com,(773) 549-4790,Active
EMP042567,Sarah,Davis,Sarah Davis,31,Marketing,Coordinator,Los Angeles,66505.92,8360.5,2021-04-06,3,63.2,sarah.davis@company.com,(581) 903-7045,Active
EMP042568,Matthew,Miller,Matthew Miller,58,Marketing,Analyst,Boston,98404.85,15872.87,2021-07-18,34,38.6,matthew.miller@company.com,(586) 841-5097,Active
EMP042569,John,Martinez,John Martinez,23,Marketing,Lead,Chicago,61217.24,1637.09,2022-09-22,0,75.8,john.martinez@company.com,(701) 647-9521,Active
EMP042570,Sarah,Gonzalez,Sarah Gonzalez,57,Marketing,Coordinator,Los Angeles,77929.79,9396.37,2022-02-20,31,80.7,sarah.gonzalez@company.com,(971) 584-2945,Active
EMP042571,David,Williams,David Williams,41,Engineering,Analyst,Seattle,111877.5,10356.06,2023-06-20,14,74.4,david.williams@company.com,(745) 967-8582,Active
EMP042572,Lisa,Moore,Lisa Moore,62,HR,Lead,Chicago,69384.39,10154.68,2022-02-27,35,100.0,lisa.moore@company.com,(963) 295-3453,Active
EMP042573,Daniel,Williams,Daniel Williams,42,Operations,Director,Los Angeles,66790.91,7746.12,2022-10-08,17,79.8,daniel.williams@company.com,(576) 380-6684,Active
EMP042574,Jessica,Davis,Jessica Davis,43,IT,Associate,Boston,94835.95,8966.42,2020-09-16,14,63.3,jessica.davis@company.com,(483) 441-8479,Active
EMP042575,Daniel,Thomas,Daniel Thomas,48,Operations,Manager,Boston,64109.2,4175.26,2023-03-17,21,58.6,daniel.thomas@company.com,(357) 259-2965,Active
EMP042576,Lisa,Williams,Lisa Williams,31,Engineering,Specialist,San Francisco,95690.33,12127.55,2024-03-14,6,55.6,lisa.williams@company.com,(552) 375-1268,Active
EMP042577,Melissa,Smith,Melissa Smith,34,Engineering,Coordinator,Miami,71612.31,3860.28,2024-09-01,12,81.2,melissa.smith@company.com,(899) 927-6140,Active
EMP042578,Sarah,Moore,Sarah Moore,51,Engineering,Specialist,Seattle,119663.81,3763.34,2020-08-23,25,61.1,sarah.moore@company.com,(496) 383-4695,Inactive
EMP042579,Emily,Lopez,Emily Lopez,22,Marketing,Lead,Austin,55324.44,0.0,2023-04-23,0,100.0,emily.lopez@company.com,(974) 222-5846,Active
EMP042580,Jane,Garcia,Jane Garcia,34,Marketing,Director,Seattle,71241.25,11981.26,2022-02-16,5,85.7,jane.garcia@company.com,(983) 513-2289,Active
EMP042581,Sarah,Thomas,Sarah Thomas,64,Marketing,Coordinator,Seattle,114071.08,9670.98,2023-07-10,37,72.2,sarah.thomas@company.com,(396) 642-6252,Active
EMP042582,Matthew,Moore,Matthew Moore,27,IT,Lead,Los Angeles,67912.78,3742.63,2024-02-15,4,100.0,matthew.moore@company.com,(549) 266-2629,Active
EMP042583,John,Miller,John Miller,46,Engineering,Senior Developer,San Francisco,85204.85,165.97,2022-06-19,19,79.9,john.miller@company.com,(517) 722-9355,Inactive
EMP042584,Daniel,Jones,Daniel Jones,61,Legal,Analyst,Austin,122267.71,12026.07,2023-05-24,38,61.8,daniel.jones@company.com,(600) 882-4822,Active
EMP042585,Robert,Jackson,Robert Jackson,32,Marketing,Analyst,New York,46177.17,2165.61,2024-05-28,4,82.2,robert.jackson@company.com,(531) 294-3445,Active
EMP042586,Lisa,Jones,Lisa Jones,52,Legal,Manager,San Francisco,100849.47,14180.3,2023-04-03,23,65.8,lisa.jones@company.com,(800) 864-3825,Inactive
EMP042587,Emily,Taylor,Emily Taylor,27,Sales,Specialist,Austin,82366.76,10734.44,2024-04-12,0,60.5,emily.taylor@company.com,(865) 543-1865,Active
EMP042588,Lisa,Lopez,Lisa Lopez,31,HR,Analyst,Chicago,66381.9,9159.72,2023-04-25,8,76.1,lisa.lopez@company.com,(603) 772-7315,Active
EMP042589,Melissa,Miller,Melissa Miller,40,Engineering,Lead,New York,137968.28,13348.92,2023-10-13,15,68.0,melissa.miller@company.com,(736) 508-1939,Active
EMP042590,Amanda,Wilson,Amanda Wilson,46,IT,Senior Developer,Austin,84375.1,8825.11,2024-12-02,24,88.7,amanda.wilson@company.com,(231) 636-5944,Active
EMP042591,Anthony,Taylor,Anthony Taylor,62,Operations,Director,Seattle,77487.08,10715.42,2021-10-31,37,56.9,anthony.taylor@company.com,(647) 862-7321,Active
EMP042592,Robert,Davis,Robert Davis,28,Operations,Senior Developer,Austin,67655.42,8406.98,2022-04-03,2,74.6,robert.davis@company.com,(326) 937-2589,Active
EMP042593,William,Garcia,William Garcia,50,Engineering,Director,San Francisco,105247.39,8619.93,2024-01-14,25,74.7,william.garcia@company.com,(917) 329-4107,Active
EMP042594,Michael,Rodriguez,Michael Rodriguez,36,Sales,Lead,Seattle,65230.71,7571.38,2024-11-19,10,74.5,michael.rodriguez@company.com,(430) 678-2009,Active
EMP042595,Amanda,Wilson,Amanda Wilson,35,IT,Manager,Los Angeles,63530.26,6247.1,2022-06-09,8,65.9,amanda.wilson@company.com,(462) 509-7815,On Leave
EMP042596,James,Williams,James Williams,34,Sales,Specialist,Los Angeles,54622.22,8788.07,2024-12-11,5,96.2,james.williams@company.com,(823) 603-3656,Active
EMP042597,Emily,Taylor,Emily Taylor,36,Operations,Manager,New York,71799.37,0.0,2020-02-19,14,77.6,emily.taylor@company.com,(976) 752-8189,Active
EMP042598,Robert,Moore,Robert Moore,28,Marketing,Analyst,Boston,54026.78,2619.81,2023-11-19,6,92.0,robert.moore@company.com,(540) 694-2447,Inactive
EMP042599,Stephanie,Taylor,Stephanie Taylor,40,HR,Associate,New York,86405.12,15824.72,2023-11-23,16,77.3,stephanie.taylor@company.com,(472) 987-5700,Active
EMP042600,Lisa,Moore,Lisa Moore,47,Legal,Manager,New York,80651.18,5486.01,2022-03-07,22,85.6,lisa.moore@company.com,(399) 489-7861,Active
EMP042601,Christopher,Moore,Christopher Moore,27,Sales,Director,Chicago,66636.4,11614.17,2024-04-02,0,88.1,christopher.moore@company.com,(306) 276-2761,Active
EMP042602,Jane,Miller,Jane Miller,47,Operations,Manager,Miami,52980.47,1040.6,2023-02-27,24,53.0,jane.miller@company.com,(388) 474-8056,Active
EMP042603,Matthew,Rodriguez,Matthew Rodriguez,29,Engineering,Manager,New York,95491.11,7366.94,2023-07-11,4,52.8,matthew.rodriguez@company.com,(332) 298-2780,Active
EMP042604,Emily,Lopez,Emily Lopez,36,Sales,Director,Los Angeles,46524.07,2221.53,2021-04-13,11,47.6,emily.lopez@company.com,(623) 357-5944,Active
EMP042605,Anthony,Martin,Anthony Martin,51,Finance,Coordinator,Miami,68110.89,7950.24,2020-12-27,22,43.4,anthony.martin@company.com,(935) 378-7355,Inactive
EMP042606,Michael,Rodriguez,Michael Rodriguez,24,Engineering,Coordinator,Seattle,55415.32,4629.41,2024-06-09,2,82.9,michael.rodriguez@company.com,(864) 562-3506,Active
EMP042607,William,Hernandez,William Hernandez,35,IT,Senior Developer,Miami,69224.21,7396.82,2021-06-26,11,63.3,william.hernandez@company.com,(859) 951-6618,Active
EMP042608,Christopher,Moore,Christopher Moore,39,Marketing,Associate,San Francisco,60798.46,5418.51,2021-11-01,13,79.4,christopher.moore@company.com,(883) 785-8595,On Leave
EMP042609,Lisa,Miller,Lisa Miller,25,Marketing,Manager,Seattle,67432.86,5007.99,2020-01-13,0,60.8,lisa.miller@company.com,(774) 800-7328,Active
EMP042610,William,Lopez,William Lopez,55,HR,Director,Boston,85143.52,4659.53,2024-03-26,29,95.3,william.lopez@company.com,(795) 505-2597,Inactive
EMP042611,Emily,Thomas,Emily Thomas,23,Operations,Senior Developer,Boston,42661.56,4133.31,2023-06-01,0,82.4,emily.thomas@company.com,(400) 968-5020,Active
EMP042612,Sarah,Williams,Sarah Williams,32,IT,Director,New York,77025.88,6203.76,2020-01-10,9,80.2,sarah.williams@company.com,(239) 259-4947,Active
EMP042613,Ashley,Jackson,Ashley Jackson,24,HR,Coordinator,Chicago,67466.03,10627.56,2024-09-24,0,76.4,ashley.jackson@company.com,(766) 241-9440,Inactive
EMP042614,Lisa,Taylor,Lisa Taylor,55,Legal,Manager,Miami,88462.6,9354.85,2022-06-15,29,84.3,lisa.taylor@company.com,(418) 911-9415,Active
EMP042615,Emily,Gonzalez,Emily Gonzalez,65,IT,Manager,Chicago,110436.72,13808.37,2022-11-20,43,100.0,emily.gonzalez@company.com,(852) 690-2028,Active
EMP042616,Amanda,Thomas,Amanda Thomas,58,Sales,Lead,Seattle,128088.27,14602.14,2022-11-29,34,68.1,amanda.thomas@company.com,(317) 221-7599,Active
EMP042617,Michael,Anderson,Michael Anderson,51,Legal,Director,Chicago,116716.31,13052.87,2021-03-17,23,80.8,michael.anderson@company.com,(662) 587-6550,Active
EMP042618,Christopher,Hernandez,Christopher Hernandez,65,Finance,Analyst,Boston,106698.55,11866.54,2024-10-12,36,92.5,christopher.hernandez@company.com,(519) 460-4750,Active
EMP042619,Daniel,Garcia,Daniel Garcia,26,Marketing,Senior Developer,San Francisco,56866.28,4266.96,2020-01-23,4,53.3,daniel.garcia@company.com,(233) 873-8744,Active
EMP042620,Daniel,Johnson,Daniel Johnson,35,Legal,Specialist,Los Angeles,90260.07,4068.28,2020-11-04,13,84.5,daniel.johnson@company.com,(444) 985-3546,Active
EMP042621,Michael,Taylor,Michael Taylor,37,Sales,Specialist,Boston,98595.54,3973.22,2020-04-30,14,73.7,michael.taylor@company.com,(873) 763-5026,Active
EMP042622,William,Jackson,William Jackson,58,Marketing,Coordinator,Boston,87520.84,3008.98,2021-04-29,30,45.8,william.jackson@company.com,(766) 405-1172,Active
EMP042623,Michael,Martin,Michael Martin,62,HR,Associate,Miami,81148.51,13924.24,2021-09-22,35,100.0,michael.martin@company.com,(690) 828-8366,Active
EMP042624,Jane,Anderson,Jane Anderson,49,Operations,Analyst,Miami,80574.38,10402.51,2022-12-18,22,74.7,jane.anderson@company.com,(658) 495-5981,Active
EMP042625,Michael,Thomas,Michael Thomas,56,Engineering,Lead,Seattle,108202.71,12066.06,2020-11-03,31,67.1,michael.thomas@company.com,(906) 283-1382,Active
EMP042626,Michael,Johnson,Michael Johnson,58,Sales,Senior Developer,New York,103118.35,16154.35,2022-07-22,30,57.2,michael.johnson@company.com,(481) 344-9788,Active
EMP042627,Nicole,Smith,Nicole Smith,61,Engineering,Director,New York,112773.33,2206.98,2023-10-07,32,75.3,nicole.smith@company.com,(209) 428-9562,Active
EMP042628,James,Lopez,James Lopez,65,Finance,Director,Austin,98947.74,5510.58,2021-08-25,40,67.8,james.lopez@company.com,(910) 259-4451,Active
EMP042629,John,Anderson,John Anderson,44,Sales,Senior Developer,Miami,61782.73,8659.78,2023-05-23,19,62.0,john.anderson@company.com,(781) 580-6383,Active
EMP042630,Emily,Martinez,Emily Martinez,32,Sales,Manager,Chicago,78351.54,8358.04,2024-07-14,8,81.1,emily.martinez@company.com,(318) 273-7122,Active
EMP042631,Anthony,Garcia,Anthony Garcia,47,Operations,Manager,Boston,49973.36,6621.11,2021-08-05,22,69.6,anthony.garcia@company.com,(848) 965-8789,Active
EMP042632,Amanda,Hernandez,Amanda Hernandez,63,Sales,Coordinator,New York,93395.54,8099.14,2021-05-27,37,39.2,amanda.hernandez@company.com,(246) 553-4273,Active
EMP042633,Jessica,Garcia,Jessica Garcia,23,Marketing,Manager,San Francisco,44731.96,2769.11,2022-08-20,0,89.1,jessica.garcia@company.com,(368) 598-8378,On Leave
EMP042634,Christopher,Moore,Christopher Moore,42,Legal,Director,Boston,112148.54,14060.65,2023-12-08,14,76.9,christopher.moore@company.com,(543) 798-3867,Active
EMP042635,Ashley,Thomas,Ashley Thomas,38,Marketing,Associate,San Francisco,73406.13,3415.04,2020-10-08,14,100.0,ashley.thomas@company.com,(724) 476-5773,Active
EMP042636,Stephanie,Williams,Stephanie Williams,59,Legal,Manager,Boston,154143.48,20813.7,2020-04-17,35,100.0,stephanie.williams@company.com,(702) 574-2882,Active
EMP042637,Stephanie,Miller,Stephanie Miller,55,Marketing,Coordinator,Los Angeles,103900.77,13069.17,2023-11-08,31,72.9,stephanie.miller@company.com,(819) 369-7033,Active
EMP042638,Michael,Smith,Michael Smith,30,Engineering,Analyst,Austin,70849.28,3178.04,2021-09-08,5,73.2,michael.smith@company.com,(411) 577-2960,Active
EMP042639,John,Davis,John Davis,38,Legal,Specialist,New York,136908.06,17866.83,2020-06-07,10,79.0,john.davis@company.com,(361) 285-5232,Active
EMP042640,James,Martinez,James Martinez,64,Sales,Manager,New York,126570.36,5621.78,2021-07-11,42,66.3,james.martinez@company.com,(838) 397-7725,Active
EMP042641,Robert,Miller,Robert Miller,39,Engineering,Coordinator,Los Angeles,94588.17,12279.32,2024-06-12,12,67.7,robert.miller@company.com,(621) 448-6949,Active
EMP042642,Sarah,Lopez,Sarah Lopez,48,Finance,Specialist,San Francisco,88035.26,12504.2,2021-08-03,21,89.6,sarah.lopez@company.com,(456) 918-5571,Active
EMP042643,Jane,Martinez,Jane Martinez,55,Operations,Specialist,San Francisco,70755.78,5546.03,2023-01-14,26,76.8,jane.martinez@company.com,(760) 768-8697,Active
EMP042644,Matthew,Thomas,Matthew Thomas,35,Sales,Lead,Los Angeles,55623.02,6448.41,2020-06-21,9,85.3,matthew.thomas@company.com,(860) 635-5434,Active
EMP042645,Anthony,Johnson,Anthony Johnson,48,Finance,Analyst,Los Angeles,79752.96,6438.63,2021-10-28,24,73.6,anthony.johnson@company.com,(401) 760-4951,Active
EMP042646,David,Jones,David Jones,34,Engineering,Specialist,Austin,94859.41,3937.97,2020-07-30,9,66.4,david.jones@company.com,(440) 434-4202,Inactive
EMP042647,Anthony,Jones,Anthony Jones,58,HR,Senior Developer,San Francisco,52078.84,2453.84,2023-09-11,30,74.2,anthony.jones@company.com,(683) 672-7330,Active
EMP042648,Nicole,Thomas,Nicole Thomas,51,Sales,Analyst,Austin,66263.23,9682.57,2020-11-12,25,67.1,nicole.thomas@company.com,(847) 641-4967,Inactive
EMP042649,Emily,Garcia,Emily Garcia,47,Engineering,Director,Boston,66269.14,5091.76,2024-01-21,20,84.7,emily.garcia@company.com,(798) 430-2281,Active
EMP042650,Nicole,Thomas,Nicole Thomas,44,Finance,Coordinator,Boston,86857.67,2445.14,2023-04-01,20,77.0,nicole.thomas@company.com,(370) 280-5084,Active
EMP042651,Michael,Hernandez,Michael Hernandez,61,HR,Analyst,Chicago,72568.29,1887.22,2020-09-06,34,62.6,michael.hernandez@company.com,(449) 422-1613,Active
EMP042652,Matthew,Smith,Matthew Smith,43,IT,Senior Developer,Chicago,85559.03,8607.51,2023-01-10,21,84.1,matthew.smith@company.com,(857) 782-5631,Inactive
EMP042653,Amanda,Anderson,Amanda Anderson,45,Operations,Manager,San Francisco,52087.68,5687.26,2024-12-30,16,73.9,amanda.anderson@company.com,(618) 951-6108,On Leave
EMP042654,Jane,Smith,Jane Smith,53,Sales,Coordinator,Boston,70759.08,5598.88,2021-04-02,29,68.6,jane.smith@company.com,(504) 424-9869,Active
EMP042655,William,Thomas,William Thomas,30,Legal,Lead,Seattle,65417.64,5277.46,2021-04-15,3,62.1,william.thomas@company.com,(381) 694-4204,Active
EMP042656,Daniel,Martinez,Daniel Martinez,31,Sales,Senior Developer,Boston,42144.52,4433.02,2023-11-12,6,68.5,daniel.martinez@company.com,(665) 654-8038,Active
EMP042657,Lisa,Brown,Lisa Brown,43,Operations,Associate,Boston,70294.91,4896.18,2022-12-18,18,82.5,lisa.brown@company.com,(930) 390-1176,Inactive
EMP042658,Ashley,Davis,Ashley Davis,24,Sales,Coordinator,Los Angeles,70523.95,6284.29,2022-01-22,2,68.2,ashley.davis@company.com,(664) 343-6106,Active
EMP042659,Sarah,Thomas,Sarah Thomas,53,Operations,Manager,Austin,68451.94,7246.09,2021-04-25,30,77.7,sarah.thomas@company.com,(639) 953-6632,Active
EMP042660,William,Wilson,William Wilson,42,IT,Specialist,San Francisco,92464.31,9971.07,2023-09-08,18,55.1,william.wilson@company.com,(705) 593-9747,Active
EMP042661,Daniel,Rodriguez,Daniel Rodriguez,44,Operations,Lead,Seattle,32725.2,1814.19,2024-05-01,15,83.9,daniel.rodriguez@company.com,(635) 375-9419,Active
EMP042662,Anthony,Garcia,Anthony Garcia,61,Legal,Manager,New York,109117.75,9783.69,2024-03-04,36,68.1,anthony.garcia@company.com,(601) 282-2625,Active
EMP042663,Emily,Lopez,Emily Lopez,33,Marketing,Director,Austin,41178.84,3150.31,2023-02-02,9,50.2,emily.lopez@company.com,(858) 664-8778,Active
EMP042664,Matthew,Miller,Matthew Miller,25,Sales,Associate,Chicago,81083.34,7850.16,2023-07-30,0,69.5,matthew.miller@company.com,(738) 727-9766,On Leave
EMP042665,John,Brown,John Brown,43,Marketing,Analyst,Austin,63715.23,3479.36,2021-01-16,18,76.1,john.brown@company.com,(588) 823-4598,Active
EMP042666,Sarah,Miller,Sarah Miller,53,Engineering,Specialist,Austin,117526.29,1441.19,2021-07-15,30,73.5,sarah.miller@company.com,(858) 629-5524,Active
EMP042667,William,Taylor,William Taylor,40,Legal,Lead,New York,71937.12,0.0,2024-03-03,13,68.4,william.taylor@company.com,(821) 713-9573,On Leave
EMP042668,James,Hernandez,James Hernandez,45,Sales,Analyst,New York,86256.28,6300.76,2024-06-02,17,66.8,james.hernandez@company.com,(800) 917-5815,Active
EMP042669,Emily,Brown,Emily Brown,63,Operations,Associate,Austin,82240.08,6215.36,2024-08-01,39,27.0,emily.brown@company.com,(369) 520-8118,Active
EMP042670,Amanda,Rodriguez,Amanda Rodriguez,46,Legal,Coordinator,New York,80380.99,9413.45,2024-08-10,24,91.0,amanda.rodriguez@company.com,(963) 562-1909,Active
EMP042671,Emily,Williams,Emily Williams,62,IT,Specialist,Austin,143762.74,3871.79,2023-06-16,37,63.0,emily.williams@company.com,(457) 993-1220,Inactive
EMP042672,William,Jackson,William Jackson,34,Engineering,Specialist,Boston,73234.03,9030.53,2024-03-18,9,100.0,william.jackson@company.com,(961) 621-8986,Active
EMP042673,Christopher,Williams,Christopher Williams,57,IT,Associate,Chicago,98537.56,19291.59,2022-12-19,29,71.7,christopher.williams@company.com,(271) 711-7580,Inactive
EMP042674,Melissa,Brown,Melissa Brown,65,Sales,Director,Austin,77262.81,1204.98,2021-07-31,38,61.3,melissa.brown@company.com,(566) 278-8095,On Leave
EMP042675,Daniel,Martinez,Daniel Martinez,60,Finance,Analyst,Chicago,88913.36,15075.15,2022-01-04,38,56.5,daniel.martinez@company.com,(793) 990-2862,Active
EMP042676,Matthew,Davis,Matthew Davis,45,Legal,Manager,New York,88621.85,8059.55,2024-06-02,22,43.9,matthew.davis@company.com,(265) 411-1711,Active
EMP042677,Stephanie,Hernandez,Stephanie Hernandez,39,Sales,Analyst,Seattle,56752.27,7448.06,2020-03-12,11,64.7,stephanie.hernandez@company.com,(610) 399-9463,On Leave
EMP042678,Matthew,Davis,Matthew Davis,55,Finance,Senior Developer,Boston,84993.48,10825.86,2023-11-23,28,100.0,matthew.davis@company.com,(835) 814-8130,Active
EMP042679,Daniel,Anderson,Daniel Anderson,63,Engineering,Senior Developer,Chicago,125983.16,14954.36,2021-02-05,35,87.2,daniel.anderson@company.com,(896) 955-3489,Active
EMP042680,Stephanie,Martinez,Stephanie Martinez,38,HR,Analyst,Seattle,73403.62,5846.17,2021-02-11,14,88.4,stephanie.martinez@company.com,(692) 950-4002,Inactive
EMP042681,Nicole,Lopez,Nicole Lopez,58,Finance,Director,Seattle,103590.91,18238.77,2021-03-26,35,74.2,nicole.lopez@company.com,(808) 541-7621,Active
EMP042682,John,Davis,John Davis,58,Operations,Lead,Boston,72638.99,5620.64,2021-01-14,29,74.6,john.davis@company.com,(415) 381-5477,Active
EMP042683,Ashley,Gonzalez,Ashley Gonzalez,34,Legal,Manager,San Francisco,52153.24,3997.32,2020-03-31,10,86.6,ashley.gonzalez@company.com,(572) 950-3363,On Leave
EMP042684,Daniel,Williams,Daniel Williams,26,Engineering,Associate,Seattle,76256.72,10613.4,2020-11-23,4,53.5,daniel.williams@company.com,(948) 649-2573,Active
EMP042685,Robert,Brown,Robert Brown,29,Sales,Specialist,Seattle,64163.25,2983.29,2023-08-22,0,73.9,robert.brown@company.com,(288) 321-2999,Active
EMP042686,Melissa,Rodriguez,Melissa Rodriguez,59,Engineering,Associate,Los Angeles,139011.44,27565.48,2021-11-27,32,84.8,melissa.rodriguez@company.com,(560) 562-7518,Active
EMP042687,James,Martin,James Martin,43,HR,Manager,Miami,66470.34,8821.34,2023-08-08,14,65.7,james.martin@company.com,(561) 496-4390,Active
EMP042688,Stephanie,Brown,Stephanie Brown,65,Engineering,Lead,Austin,127478.42,13271.71,2024-03-17,39,83.6,stephanie.brown@company.com,(430) 726-3415,Active
EMP042689,Stephanie,Taylor,Stephanie Taylor,59,Finance,Coordinator,Boston,49258.03,4035.06,2020-01-21,32,83.4,stephanie.taylor@company.com,(200) 605-6376,Active
EMP042690,Nicole,Thomas,Nicole Thomas,32,Finance,Lead,Los Angeles,55905.39,0.0,2020-12-23,8,66.5,nicole.thomas@company.com,(329) 353-7315,Active
EMP042691,Amanda,Davis,Amanda Davis,26,Marketing,Senior Developer,Miami,73723.91,6044.07,2023-09-09,0,65.4,amanda.davis@company.com,(367) 340-5887,Active
EMP042692,William,Hernandez,William Hernandez,51,Marketing,Director,Boston,73457.54,10301.41,2023-01-03,29,69.3,william.hernandez@company.com,(970) 943-3245,Active
EMP042693,Sarah,Gonzalez,Sarah Gonzalez,26,IT,Specialist,Seattle,87457.97,7688.26,2022-08-15,1,66.8,sarah.gonzalez@company.com,(561) 718-1314,Active
EMP042694,Emily,Miller,Emily Miller,25,Sales,Analyst,Chicago,36912.86,2406.26,2020-06-23,1,70.2,emily.miller@company.com,(422) 972-1431,Active
EMP042695,Ashley,Rodriguez,Ashley Rodriguez,26,HR,Specialist,Boston,51074.69,4335.32,2023-03-29,1,73.9,ashley.rodriguez@company.com,(659) 514-5387,Active
EMP042696,Anthony,Taylor,Anthony Taylor,61,HR,Associate,Seattle,96942.47,13919.2,2022-02-07,34,72.5,anthony.taylor@company.com,(803) 655-1883,Active
EMP042697,Amanda,Thomas,Amanda Thomas,22,HR,Director,Los Angeles,49536.03,8123.72,2024-06-18,0,58.5,amanda.thomas@company.com,(945) 496-2052,Active
EMP042698,Jessica,Garcia,Jessica Garcia,49,IT,Senior Developer,Los Angeles,114799.85,10896.5,2022-03-04,24,60.0,jessica.garcia@company.com,(937) 337-8058,Active
EMP042699,Jane,Garcia,Jane Garcia,59,Sales,Director,Austin,96491.13,431.93,2023-10-18,33,91.2,jane.garcia@company.com,(986) 888-9606,Active
EMP042700,Nicole,Hernandez,Nicole Hernandez,63,Engineering,Analyst,Austin,110711.8,13873.44,2023-06-22,41,100.0,nicole.hernandez@company.com,(679) 916-6202,Inactive
EMP042701,John,Lopez,John Lopez,63,Legal,Lead,New York,127244.57,11772.86,2022-04-15,40,81.2,john.lopez@company.com,(445) 896-5722,Active
EMP042702,Matthew,Thomas,Matthew Thomas,26,Operations,Lead,Miami,42120.64,2891.62,2022-01-04,2,63.0,matthew.thomas@company.com,(348) 385-3309,Active
EMP042703,Stephanie,Brown,Stephanie Brown,49,IT,Director,Boston,94534.91,8524.52,2021-03-09,27,93.6,stephanie.brown@company.com,(824) 265-4480,Active
EMP042704,Daniel,Davis,Daniel Davis,36,Operations,Senior Developer,Miami,44312.46,2522.9,2020-08-17,9,68.7,daniel.davis@company.com,(434) 431-2463,Active
EMP042705,James,Jackson,James Jackson,49,Engineering,Analyst,San Francisco,75392.63,8282.11,2020-01-04,25,82.2,james.jackson@company.com,(232) 497-1332,Active
EMP042706,Lisa,Lopez,Lisa Lopez,59,Finance,Senior Developer,Seattle,133726.93,0.0,2021-11-03,32,59.4,lisa.lopez@company.com,(216) 863-3946,Active
EMP042707,Stephanie,Hernandez,Stephanie Hernandez,65,Legal,Analyst,Austin,82357.92,3655.36,2020-10-23,36,43.7,stephanie.hernandez@company.com,(611) 331-1490,Active
EMP042708,Robert,Hernandez,Robert Hernandez,22,Marketing,Director,Chicago,47237.71,7372.67,2023-04-03,0,62.0,robert.hernandez@company.com,(848) 923-1762,Active
EMP042709,James,Johnson,James Johnson,63,Engineering,Associate,Chicago,99561.13,12526.38,2020-10-10,39,59.8,james.johnson@company.com,(634) 604-5816,Active
EMP042710,Ashley,Gonzalez,Ashley Gonzalez,65,IT,Coordinator,Chicago,120286.25,12018.94,2023-03-07,38,63.2,ashley.gonzalez@company.com,(845) 419-8085,Active
EMP042711,Sarah,Thomas,Sarah Thomas,56,Engineering,Senior Developer,Austin,87407.85,11988.38,2024-04-07,27,77.2,sarah.thomas@company.com,(864) 635-6259,Active
EMP042712,Sarah,Moore,Sarah Moore,59,Finance,Analyst,Boston,92708.32,5974.04,2020-02-26,32,60.4,sarah.moore@company.com,(851) 857-1086,Active
EMP042713,Ashley,Garcia,Ashley Garcia,38,Engineering,Analyst,Seattle,94918.98,13954.44,2021-01-18,14,68.9,ashley.garcia@company.com,(527) 847-1183,Inactive
EMP042714,David,Miller,David Miller,58,Legal,Director,Los Angeles,103311.05,6616.34,2024-05-03,34,86.9,david.miller@company.com,(796) 737-2526,Active
EMP042715,Emily,Thomas,Emily Thomas,31,Operations,Analyst,Los Angeles,46613.9,5544.6,2023-05-26,9,89.9,emily.thomas@company.com,(640) 721-3623,Active
EMP042716,John,Moore,John Moore,40,Marketing,Senior Developer,Miami,45209.59,4096.68,2020-05-13,13,73.9,john.moore@company.com,(346) 635-2150,Inactive
EMP042717,Lisa,Brown,Lisa Brown,46,Engineering,Lead,New York,98225.22,12037.77,2022-09-08,24,74.1,lisa.brown@company.com,(836) 732-9535,Inactive
EMP042718,Anthony,Miller,Anthony Miller,35,Sales,Director,Seattle,61506.03,1335.11,2023-02-15,10,90.8,anthony.miller@company.com,(936) 533-1993,Active
EMP042719,Sarah,Thomas,Sarah Thomas,43,Marketing,Director,Los Angeles,73512.48,6878.25,2023-02-05,14,53.2,sarah.thomas@company.com,(203) 405-1564,Active
EMP042720,Ashley,Smith,Ashley Smith,35,Finance,Senior Developer,Los Angeles,45678.73,7182.39,2021-12-17,7,65.5,ashley.smith@company.com,(310) 482-6120,Active
EMP042721,William,Rodriguez,William Rodriguez,52,Marketing,Manager,Chicago,56391.28,173.61,2023-03-09,26,61.6,william.rodriguez@company.com,(806) 313-3527,Active
EMP042722,Sarah,Anderson,Sarah Anderson,55,Finance,Director,Seattle,80326.14,8241.5,2020-10-06,32,63.8,sarah.anderson@company.com,(283) 227-1363,Active
EMP042723,Anthony,Gonzalez,Anthony Gonzalez,41,Operations,Associate,Chicago,70474.2,6346.14,2020-02-04,16,89.3,anthony.gonzalez@company.com,(692) 887-3111,Active
EMP042724,Anthony,Jackson,Anthony Jackson,29,Marketing,Coordinator,Austin,38005.25,4523.92,2022-11-12,3,54.8,anthony.jackson@company.com,(366) 661-1891,Active
EMP042725,Ashley,Gonzalez,Ashley Gonzalez,40,Sales,Director,Los Angeles,82542.79,5276.88,2024-09-14,14,56.4,ashley.gonzalez@company.com,(687) 330-5880,Active
EMP042726,James,Brown,James Brown,47,Finance,Specialist,Miami,75802.14,7660.1,2021-02-04,25,87.4,james.brown@company.com,(646) 235-2613,Active
EMP042727,James,Brown,James Brown,35,Sales,Director,New York,72824.6,10971.12,2024-08-26,12,89.3,james.brown@company.com,(406) 839-6771,Active
EMP042728,John,Brown,John Brown,41,Legal,Coordinator,Austin,89496.26,1868.16,2023-08-09,15,67.1,john.brown@company.com,(892) 563-5256,Active
EMP042729,Emily,Anderson,Emily Anderson,27,Legal,Director,Seattle,58080.43,1084.31,2021-05-08,0,67.7,emily.anderson@company.com,(291) 793-3128,Active
EMP042730,John,Martinez,John Martinez,30,Marketing,Director,Miami,71061.2,6601.38,2024-11-16,2,69.1,john.martinez@company.com,(868) 781-3455,Active
EMP042731,Matthew,Davis,Matthew Davis,51,Sales,Director,San Francisco,81072.97,9955.07,2020-11-04,25,81.0,matthew.davis@company.com,(308) 879-6384,Inactive
EMP042732,James,Brown,James Brown,55,Marketing,Specialist,Miami,86098.39,7896.89,2020-07-30,32,73.8,james.brown@company.com,(887) 438-7940,Active
EMP042733,Anthony,Jones,Anthony Jones,54,HR,Coordinator,Miami,62541.69,5303.91,2023-09-03,31,63.5,anthony.jones@company.com,(543) 310-1182,Active
EMP042734,Jane,Taylor,Jane Taylor,59,Engineering,Director,Chicago,89468.63,4047.37,2022-05-29,30,86.3,jane.taylor@company.com,(949) 657-6186,Active
EMP042735,Christopher,Davis,Christopher Davis,34,Legal,Coordinator,Seattle,56558.31,2668.97,2022-12-01,7,90.0,christopher.davis@company.com,(394) 231-5559,Active
EMP042736,Christopher,Anderson,Christopher Anderson,60,Marketing,Lead,Austin,84716.08,10779.36,2020-06-10,35,62.4,christopher.anderson@company.com,(674) 831-7789,On Leave
EMP042737,Christopher,Davis,Christopher Davis,45,Engineering,Associate,Los Angeles,107315.32,15343.49,2021-07-30,20,55.1,christopher.davis@company.com,(879) 235-1523,Active
EMP042738,Nicole,Garcia,Nicole Garcia,51,Finance,Coordinator,Seattle,96235.18,5248.91,2021-10-02,24,72.2,nicole.garcia@company.com,(416) 520-8767,Active
EMP042739,John,Brown,John Brown,63,Sales,Senior Developer,Miami,71524.62,378.88,2024-07-11,37,82.6,john.brown@company.com,(278) 310-9657,Inactive
EMP042740,Amanda,Jones,Amanda Jones,59,HR,Specialist,Los Angeles,79255.17,8065.62,2020-09-18,34,86.9,amanda.jones@company.com,(312) 419-9537,Active
EMP042741,Sarah,Moore,Sarah Moore,37,HR,Coordinator,Los Angeles,57838.88,9314.74,2023-06-15,12,89.0,sarah.moore@company.com,(727) 938-1571,Active
EMP042742,James,Davis,James Davis,55,Sales,Lead,Austin,48340.6,8144.0,2024-05-12,32,89.0,james.davis@company.com,(745) 749-2426,Active
EMP042743,Daniel,Gonzalez,Daniel Gonzalez,38,Sales,Manager,San Francisco,72205.7,6093.05,2020-12-27,16,74.5,daniel.gonzalez@company.com,(600) 759-8124,Inactive
EMP042744,Lisa,Garcia,Lisa Garcia,60,Operations,Analyst,Miami,62336.0,6057.66,2023-12-18,35,65.7,lisa.garcia@company.com,(776) 217-2045,Active
EMP042745,James,Martinez,James Martinez,63,Legal,Specialist,Chicago,104878.75,3981.91,2024-05-11,41,72.2,james.martinez@company.com,(338) 612-3137,Active
EMP042746,Jane,Smith,Jane Smith,31,Legal,Coordinator,New York,62543.95,9148.64,2022-06-08,3,70.6,jane.smith@company.com,(793) 960-6958,Active
EMP042747,Michael,Gonzalez,Michael Gonzalez,65,Engineering,Coordinator,Seattle,110494.94,15252.24,2022-09-27,40,67.6,michael.gonzalez@company.com,(221) 203-7624,Inactive
EMP042748,James,Miller,James Miller,32,Sales,Associate,New York,70886.66,5889.36,2024-02-27,3,62.8,james.miller@company.com,(841) 323-8581,Active
EMP042749,Emily,Taylor,Emily Taylor,24,Operations,Senior Developer,Seattle,44102.54,4732.78,2020-10-25,0,96.4,emily.taylor@company.com,(930) 804-2269,Inactive
EMP042750,David,Garcia,David Garcia,22,Finance,Specialist,Austin,90363.56,4882.92,2020-11-07,0,90.8,david.garcia@company.com,(593) 415-7401,Active
EMP042751,Sarah,Gonzalez,Sarah Gonzalez,25,HR,Specialist,Chicago,34927.86,3471.45,2023-07-17,3,68.6,sarah.gonzalez@company.com,(434) 994-5354,Active
EMP042752,Robert,Brown,Robert Brown,44,Sales,Specialist,Chicago,98342.36,10559.84,2020-04-24,20,100.0,robert.brown@company.com,(341) 694-9423,Active
EMP042753,Robert,Anderson,Robert Anderson,42,Sales,Analyst,Los Angeles,103818.86,18161.76,2020-12-15,18,76.5,robert.anderson@company.com,(706) 692-2399,Active
EMP042754,William,Gonzalez,William Gonzalez,27,Finance,Manager,New York,69429.27,12887.71,2022-10-25,0,61.5,william.gonzalez@company.com,(234) 253-3452,Inactive
EMP042755,Melissa,Davis,Melissa Davis,55,Marketing,Senior Developer,Austin,68295.23,10009.21,2020-11-21,30,79.5,melissa.davis@company.com,(425) 231-4742,Active
EMP042756,Anthony,Gonzalez,Anthony Gonzalez,42,Sales,Specialist,San Francisco,59613.48,1686.18,2024-07-11,15,88.2,anthony.gonzalez@company.com,(841) 551-3535,Active
EMP042757,Robert,Moore,Robert Moore,39,Marketing,Specialist,Chicago,60652.52,9104.8,2024-03-31,17,52.3,robert.moore@company.com,(742) 841-1726,Active
EMP042758,Matthew,Miller,Matthew Miller,22,IT,Associate,New York,93191.2,14257.74,2022-09-23,0,76.0,matthew.miller@company.com,(970) 758-5776,Active
EMP042759,Emily,Johnson,Emily Johnson,22,IT,Manager,Boston,87244.55,5460.48,2020-12-26,0,72.4,emily.johnson@company.com,(588) 528-3545,Active
EMP042760,Nicole,Martin,Nicole Martin,29,IT,Director,Chicago,83527.85,3869.4,2020-09-14,2,71.9,nicole.martin@company.com,(464) 382-6187,Active
EMP042761,Michael,Smith,Michael Smith,55,Operations,Analyst,New York,74275.38,10747.63,2022-10-02,32,63.1,michael.smith@company.com,(694) 586-5319,Active
EMP042762,David,Williams,David Williams,60,Finance,Analyst,Seattle,89323.04,15247.2,2020-12-14,34,75.4,david.williams@company.com,(247) 297-6027,Active
EMP042763,Melissa,Johnson,Melissa Johnson,42,HR,Manager,Seattle,68027.13,7321.08,2020-09-27,13,88.6,melissa.johnson@company.com,(554) 500-5910,Active
EMP042764,William,Davis,William Davis,28,Marketing,Manager,Seattle,58624.54,4343.96,2023-08-18,0,64.2,william.davis@company.com,(862) 393-8877,Active
EMP042765,Anthony,Jones,Anthony Jones,60,Sales,Senior Developer,Miami,96872.39,15441.47,2023-09-01,31,58.1,anthony.jones@company.com,(678) 842-1246,Active
EMP042766,Christopher,Wilson,Christopher Wilson,63,Operations,Lead,Chicago,93079.93,14770.3,2022-09-15,41,53.7,christopher.wilson@company.com,(970) 655-8170,Active
EMP042767,Ashley,Hernandez,Ashley Hernandez,37,HR,Analyst,Austin,62531.07,2034.08,2021-10-30,11,74.5,ashley.hernandez@company.com,(301) 970-9357,Active
EMP042768,Michael,Garcia,Michael Garcia,42,IT,Director,New York,75598.43,4562.42,2024-05-30,13,63.3,michael.garcia@company.com,(965) 404-7190,Active
EMP042769,David,Rodriguez,David Rodriguez,63,Engineering,Lead,San Francisco,101245.79,14094.21,2023-10-30,37,82.2,david.rodriguez@company.com,(695) 779-8220,Active
EMP042770,Ashley,Martin,Ashley Martin,25,IT,Associate,San Francisco,72430.77,2367.09,2022-05-27,0,79.3,ashley.martin@company.com,(837) 725-4107,Active
EMP042771,Stephanie,Anderson,Stephanie Anderson,32,Legal,Lead,Miami,99788.55,9056.59,2023-06-03,3,83.4,stephanie.anderson@company.com,(252) 877-1848,Active
EMP042772,Emily,Miller,Emily Miller,25,Finance,Coordinator,Austin,68422.15,3846.8,2023-01-08,0,62.5,emily.miller@company.com,(609) 974-5319,Active
EMP042773,Michael,Anderson,Michael Anderson,36,Sales,Specialist,Seattle,67782.15,5317.49,2024-07-28,10,94.6,michael.anderson@company.com,(820) 502-6320,Active
EMP042774,Nicole,Taylor,Nicole Taylor,42,Engineering,Analyst,Chicago,70756.47,1047.46,2021-06-19,18,73.5,nicole.taylor@company.com,(643) 462-6772,Active
EMP042775,Jane,Martin,Jane Martin,47,Marketing,Director,Seattle,77929.82,1916.34,2022-06-05,19,98.1,jane.martin@company.com,(961) 741-5489,Active
EMP042776,Jessica,Brown,Jessica Brown,43,Finance,Associate,Miami,95811.21,12201.65,2022-06-03,18,94.4,jessica.brown@company.com,(976) 690-8137,Inactive
EMP042777,John,Wilson,John Wilson,28,HR,Manager,Austin,57899.27,4047.12,2021-04-06,0,48.0,john.wilson@company.com,(414) 494-8388,Active
EMP042778,William,Davis,William Davis,46,HR,Analyst,Seattle,75409.61,9972.32,2023-01-08,23,86.7,william.davis@company.com,(301) 770-3606,Active
EMP042779,Sarah,Martin,Sarah Martin,36,HR,Associate,Boston,63282.54,6564.31,2020-10-11,7,95.3,sarah.martin@company.com,(569) 918-4453,Active
EMP042780,Sarah,Moore,Sarah Moore,24,IT,Specialist,Seattle,82775.39,2262.92,2021-02-13,1,50.5,sarah.moore@company.com,(529) 319-8842,Active
EMP042781,Robert,Martin,Robert Martin,34,HR,Senior Developer,New York,45552.72,5450.78,2021-08-06,7,90.3,robert.martin@company.com,(817) 371-4149,Active
EMP042782,Robert,Anderson,Robert Anderson,65,Marketing,Director,New York,78722.82,11230.67,2024-05-09,43,97.3,robert.anderson@company.com,(797) 727-3257,Inactive
EMP042783,James,Jackson,James Jackson,65,Legal,Director,Miami,145775.11,13325.04,2020-02-21,42,79.7,james.jackson@company.com,(310) 749-4308,Active
EMP042784,David,Anderson,David Anderson,39,Engineering,Associate,Chicago,94193.73,10276.76,2024-07-12,12,46.6,david.anderson@company.com,(905) 466-3543,On Leave
EMP042785,Stephanie,Garcia,Stephanie Garcia,41,HR,Manager,Austin,76457.54,10983.4,2023-04-26,12,75.0,stephanie.garcia@company.com,(294) 541-6298,Active
EMP042786,Stephanie,Smith,Stephanie Smith,35,IT,Associate,New York,71623.7,3611.45,2021-07-09,8,88.6,stephanie.smith@company.com,(259) 486-2177,Active
EMP042787,Emily,Lopez,Emily Lopez,31,Sales,Coordinator,Miami,84727.28,14801.63,2023-12-30,4,87.2,emily.lopez@company.com,(747) 209-2472,Active
EMP042788,David,Martin,David Martin,25,Engineering,Manager,New York,46531.41,8476.15,2022-09-25,0,88.2,david.martin@company.com,(338) 835-9092,Active
EMP042789,William,Gonzalez,William Gonzalez,53,Marketing,Coordinator,Los Angeles,62935.81,9265.31,2024-02-05,31,54.5,william.gonzalez@company.com,(613) 485-9065,Active
EMP042790,Ashley,Lopez,Ashley Lopez,50,Finance,Lead,New York,124837.98,7951.19,2022-03-02,24,74.5,ashley.lopez@company.com,(950) 842-8140,Active
EMP042791,James,Thomas,James Thomas,55,Finance,Director,Boston,88931.7,6620.34,2024-07-08,30,96.7,james.thomas@company.com,(334) 264-9466,Active
EMP042792,Robert,Jones,Robert Jones,31,Sales,Director,San Francisco,64442.59,11199.4,2020-11-12,9,95.9,robert.jones@company.com,(797) 396-4640,Active
EMP042793,Lisa,Brown,Lisa Brown,48,Finance,Manager,Chicago,88412.59,5646.27,2021-12-29,20,68.2,lisa.brown@company.com,(284) 916-5367,Active
EMP042794,Sarah,Garcia,Sarah Garcia,58,Marketing,Analyst,Chicago,74464.6,2926.3,2021-07-14,29,85.8,sarah.garcia@company.com,(559) 451-2101,Active
EMP042795,Michael,Johnson,Michael Johnson,60,Legal,Manager,Seattle,128984.85,24942.77,2021-10-24,33,74.8,michael.johnson@company.com,(822) 927-5681,Active
EMP042796,Anthony,Anderson,Anthony Anderson,38,Operations,Senior Developer,Boston,68941.02,8678.62,2020-06-23,11,48.6,anthony.anderson@company.com,(230) 494-6370,On Leave
EMP042797,Nicole,Williams,Nicole Williams,65,IT,Analyst,Chicago,150747.55,30717.12,2024-10-20,42,84.4,nicole.williams@company.com,(701) 451-5890,Active
EMP042798,John,Jones,John Jones,59,Operations,Manager,San Francisco,72365.78,9299.73,2020-03-12,33,74.9,john.jones@company.com,(772) 543-7172,Active
EMP042799,Nicole,Johnson,Nicole Johnson,60,Legal,Associate,Boston,122242.84,3457.13,2020-10-14,31,81.5,nicole.johnson@company.com,(201) 550-6395,Active
EMP042800,Stephanie,Wilson,Stephanie Wilson,54,Marketing,Analyst,Miami,80523.6,5653.82,2020-04-01,30,94.8,stephanie.wilson@company.com,(788) 440-6715,On Leave
EMP042801,Stephanie,Williams,Stephanie Williams,57,IT,Coordinator,New York,120757.99,19120.48,2020-09-06,29,89.8,stephanie.williams@company.com,(519) 874-5091,Active
EMP042802,Sarah,Wilson,Sarah Wilson,60,Sales,Coordinator,New York,90236.45,9028.04,2021-08-24,36,62.8,sarah.wilson@company.com,(922) 751-8166,Active
EMP042803,Ashley,Garcia,Ashley Garcia,30,Legal,Associate,Chicago,100759.17,4745.81,2021-09-13,5,78.4,ashley.garcia@company.com,(283) 653-5587,Active
EMP042804,James,Jones,James Jones,64,Finance,Lead,Los Angeles,93280.18,11427.01,2023-08-13,40,75.2,james.jones@company.com,(506) 589-7368,Active
EMP042805,John,Anderson,John Anderson,39,HR,Coordinator,Boston,65292.01,6333.16,2023-03-14,10,100.0,john.anderson@company.com,(608) 398-3315,Active
EMP042806,Daniel,Gonzalez,Daniel Gonzalez,55,Engineering,Manager,Chicago,94396.92,7750.78,2021-07-25,26,72.1,daniel.gonzalez@company.com,(959) 684-1651,Active
EMP042807,Amanda,Martinez,Amanda Martinez,44,Sales,Senior Developer,New York,67786.78,8517.31,2022-09-17,20,83.3,amanda.martinez@company.com,(828) 381-1726,Active
EMP042808,Jessica,Miller,Jessica Miller,50,HR,Associate,Los Angeles,76481.74,5697.94,2020-08-09,25,55.4,jessica.miller@company.com,(437) 666-6343,Active
EMP042809,Michael,Lopez,Michael Lopez,24,Engineering,Associate,Miami,92784.6,13915.45,2023-09-13,0,100.0,michael.lopez@company.com,(265) 650-9243,Inactive
EMP042810,David,Smith,David Smith,64,Engineering,Manager,New York,109759.64,12504.67,2023-03-11,42,78.3,david.smith@company.com,(208) 715-2415,Active
EMP042811,William,Taylor,William Taylor,59,Sales,Manager,New York,91096.17,12893.84,2024-12-26,35,91.9,william.taylor@company.com,(667) 238-8499,Active
EMP042812,Robert,Smith,Robert Smith,32,Finance,Analyst,Austin,55819.95,5890.66,2023-09-19,6,94.7,robert.smith@company.com,(260) 376-8497,Active
EMP042813,James,Hernandez,James Hernandez,31,Legal,Lead,Los Angeles,88701.06,13537.38,2020-03-14,8,46.1,james.hernandez@company.com,(655) 915-5237,Active
EMP042814,David,Brown,David Brown,30,Legal,Senior Developer,Miami,91014.45,4768.56,2022-07-31,2,72.8,david.brown@company.com,(765) 498-3076,On Leave
EMP042815,Matthew,Wilson,Matthew Wilson,45,Engineering,Analyst,Austin,87421.71,4114.03,2023-03-15,17,67.9,matthew.wilson@company.com,(703) 701-1443,Active
EMP042816,James,Williams,James Williams,24,IT,Lead,New York,72836.27,11158.67,2022-12-20,0,91.2,james.williams@company.com,(891) 650-8838,Active
EMP042817,Ashley,Jackson,Ashley Jackson,49,IT,Senior Developer,San Francisco,103260.46,5801.78,2023-12-04,23,76.3,ashley.jackson@company.com,(670) 841-6299,Active
EMP042818,Sarah,Wilson,Sarah Wilson,35,Sales,Director,Seattle,48352.9,4115.11,2023-09-21,8,77.4,sarah.wilson@company.com,(314) 321-3462,Active
EMP042819,William,Anderson,William Anderson,43,Finance,Specialist,Boston,82620.68,6325.2,2021-07-22,19,66.2,william.anderson@company.com,(733) 231-4223,Active
EMP042820,Jane,Davis,Jane Davis,56,HR,Senior Developer,Seattle,50986.99,6088.47,2024-01-13,28,93.9,jane.davis@company.com,(674) 464-1452,Active
EMP042821,Michael,Garcia,Michael Garcia,37,Operations,Coordinator,Seattle,62748.65,1148.96,2022-06-15,12,59.2,michael.garcia@company.com,(307) 659-6123,Active
EMP042822,Emily,Brown,Emily Brown,45,IT,Coordinator,Seattle,76083.28,6331.45,2022-09-12,23,88.2,emily.brown@company.com,(235) 569-3459,Active
EMP042823,Lisa,Lopez,Lisa Lopez,23,Legal,Senior Developer,Austin,101232.59,5692.49,2021-08-26,0,63.5,lisa.lopez@company.com,(394) 791-3167,Active
EMP042824,Robert,Thomas,Robert Thomas,45,IT,Associate,Seattle,79225.4,9322.24,2024-10-25,23,100.0,robert.thomas@company.com,(413) 231-1772,Active
EMP042825,Daniel,Martin,Daniel Martin,61,Legal,Analyst,New York,93515.7,5922.23,2020-04-22,38,94.5,daniel.martin@company.com,(329) 736-7991,Active
EMP042826,Robert,Williams,Robert Williams,54,Operations,Manager,Miami,73720.77,10392.85,2020-07-05,31,67.9,robert.williams@company.com,(486) 372-7998,Active
EMP042827,Nicole,Rodriguez,Nicole Rodriguez,48,Finance,Manager,Austin,62810.69,8453.49,2021-08-25,26,50.8,nicole.rodriguez@company.com,(739) 681-7388,On Leave
EMP042828,Daniel,Johnson,Daniel Johnson,41,Operations,Coordinator,Boston,68544.91,6308.23,2021-07-24,17,44.3,daniel.johnson@company.com,(555) 653-2050,Active
EMP042829,Christopher,Anderson,Christopher Anderson,65,IT,Lead,Chicago,79301.14,3910.89,2022-01-22,41,58.5,christopher.anderson@company.com,(434) 684-1097,Active
EMP042830,Jessica,Moore,Jessica Moore,34,Operations,Associate,Boston,63642.26,11497.23,2024-11-23,9,75.5,jessica.moore@company.com,(933) 523-6510,Active
EMP042831,Lisa,Williams,Lisa Williams,60,Marketing,Analyst,Los Angeles,92207.45,10924.28,2024-10-23,33,78.2,lisa.williams@company.com,(882) 968-5979,On Leave
EMP042832,Robert,Smith,Robert Smith,61,IT,Lead,Los Angeles,121933.4,9856.42,2021-09-28,39,51.9,robert.smith@company.com,(961) 562-9512,Active
EMP042833,Nicole,Moore,Nicole Moore,62,Engineering,Senior Developer,Los Angeles,102577.79,10204.28,2020-06-24,35,53.5,nicole.moore@company.com,(894) 230-1464,Active
EMP042834,Jane,Davis,Jane Davis,61,Marketing,Manager,Los Angeles,63381.98,2836.13,2024-12-23,35,53.1,jane.davis@company.com,(684) 789-3128,Active
EMP042835,David,Lopez,David Lopez,56,IT,Specialist,Seattle,102955.14,11676.69,2024-08-02,29,84.7,david.lopez@company.com,(783) 537-9302,Active
EMP042836,Emily,Moore,Emily Moore,53,Legal,Senior Developer,Chicago,93523.27,15872.38,2022-05-21,30,70.1,emily.moore@company.com,(432) 709-6914,Active
EMP042837,Stephanie,Brown,Stephanie Brown,24,Engineering,Manager,Miami,98808.62,12746.52,2020-06-12,0,57.7,stephanie.brown@company.com,(905) 441-4652,Active
EMP042838,Jane,Thomas,Jane Thomas,51,Legal,Senior Developer,Seattle,111762.5,23301.84,2022-09-29,29,75.0,jane.thomas@company.com,(929) 875-7254,Inactive
EMP042839,Christopher,Johnson,Christopher Johnson,33,IT,Director,Boston,92665.77,8507.93,2021-10-02,4,47.9,christopher.johnson@company.com,(559) 790-8958,Inactive
EMP042840,John,Martin,John Martin,64,Legal,Director,Los Angeles,110692.34,6039.6,2022-05-21,38,70.2,john.martin@company.com,(867) 949-2231,Active
EMP042841,Ashley,Garcia,Ashley Garcia,35,Sales,Lead,Boston,81118.12,11985.35,2020-09-01,12,67.6,ashley.garcia@company.com,(276) 814-5009,Active
EMP042842,Stephanie,Thomas,Stephanie Thomas,26,Marketing,Director,New York,55738.37,5100.91,2023-05-18,3,84.6,stephanie.thomas@company.com,(645) 760-2028,Active
EMP042843,Melissa,Williams,Melissa Williams,42,IT,Analyst,Austin,73183.41,2574.03,2023-07-18,20,80.1,melissa.williams@company.com,(529) 498-6911,Active
EMP042844,James,Gonzalez,James Gonzalez,32,Marketing,Coordinator,Miami,38367.45,5560.96,2020-11-04,10,60.3,james.gonzalez@company.com,(579) 728-1515,Active
EMP042845,John,Johnson,John Johnson,64,Finance,Director,New York,113302.06,9380.76,2024-08-22,35,94.0,john.johnson@company.com,(347) 307-1646,Active
EMP042846,Emily,Taylor,Emily Taylor,40,Finance,Associate,Los Angeles,89372.88,10120.48,2023-11-07,18,86.8,emily.taylor@company.com,(925) 762-1040,Active
EMP042847,Lisa,Thomas,Lisa Thomas,50,Engineering,Coordinator,San Francisco,111317.94,11792.65,2024-07-30,27,82.6,lisa.thomas@company.com,(537) 362-9785,Active
EMP042848,Lisa,Williams,Lisa Williams,50,Marketing,Senior Developer,Austin,62221.9,7912.77,2023-12-04,26,81.0,lisa.williams@company.com,(700) 884-5744,Active
EMP042849,James,Taylor,James Taylor,56,Operations,Director,Miami,69779.58,5781.04,2022-07-10,28,60.6,james.taylor@company.com,(432) 520-2467,Active
EMP042850,Daniel,Martinez,Daniel Martinez,38,HR,Associate,Austin,61848.31,10299.22,2020-07-03,14,68.2,daniel.martinez@company.com,(423) 296-3131,Active
EMP042851,Jessica,Davis,Jessica Davis,64,Operations,Senior Developer,New York,76382.74,7737.62,2024-06-11,41,72.6,jessica.davis@company.com,(640) 250-8055,Active
EMP042852,James,Taylor,James Taylor,65,HR,Associate,Seattle,77210.66,6616.03,2022-04-27,42,81.8,james.taylor@company.com,(968) 335-5991,Active
EMP042853,Jessica,Johnson,Jessica Johnson,64,Sales,Coordinator,Boston,96118.97,3280.61,2023-02-28,40,97.6,jessica.johnson@company.com,(744) 931-9846,Active
EMP042854,Robert,Anderson,Robert Anderson,33,Sales,Senior Developer,Miami,60087.71,6197.25,2024-08-17,4,93.5,robert.anderson@company.com,(804) 336-1262,On Leave
EMP042855,Nicole,Davis,Nicole Davis,37,HR,Lead,Boston,77077.4,3872.22,2021-12-28,11,69.2,nicole.davis@company.com,(879) 987-1808,Active
EMP042856,Christopher,Lopez,Christopher Lopez,32,IT,Senior Developer,Austin,80895.4,9437.51,2021-12-12,8,69.4,christopher.lopez@company.com,(551) 401-6481,Inactive
EMP042857,John,Rodriguez,John Rodriguez,59,Engineering,Coordinator,New York,121517.91,15882.79,2021-08-24,37,68.0,john.rodriguez@company.com,(976) 741-9560,Active
EMP042858,Ashley,Martinez,Ashley Martinez,29,Engineering,Director,Boston,86989.35,808.28,2024-09-21,6,77.4,ashley.martinez@company.com,(949) 247-3392,Inactive
EMP042859,Amanda,Rodriguez,Amanda Rodriguez,40,Marketing,Associate,Miami,57516.0,4546.67,2021-09-09,16,100.0,amanda.rodriguez@company.com,(978) 891-7541,Active
EMP042860,William,Martin,William Martin,55,IT,Analyst,Boston,93718.48,3030.65,2022-04-19,33,91.4,william.martin@company.com,(450) 835-3037,Active
EMP042861,Jane,Johnson,Jane Johnson,47,Finance,Director,San Francisco,88477.58,14101.99,2023-07-21,23,93.7,jane.johnson@company.com,(338) 760-1337,Active
EMP042862,David,Gonzalez,David Gonzalez,28,HR,Specialist,New York,56560.15,7457.15,2024-11-20,6,100.0,david.gonzalez@company.com,(392) 657-4371,Active
EMP042863,Stephanie,Johnson,Stephanie Johnson,55,Sales,Director,Seattle,104480.96,4670.73,2022-03-15,33,77.7,stephanie.johnson@company.com,(235) 469-5813,Active
EMP042864,Michael,Jackson,Michael Jackson,40,Finance,Coordinator,Miami,87191.29,7250.75,2022-12-31,16,65.4,michael.jackson@company.com,(654) 585-7793,Inactive
EMP042865,James,Jackson,James Jackson,65,Operations,Senior Developer,Miami,79432.54,1252.57,2022-07-03,37,93.1,james.jackson@company.com,(754) 787-6413,Active
EMP042866,Jane,Miller,Jane Miller,42,Sales,Director,Miami,72140.15,7733.85,2021-10-13,19,53.9,jane.miller@company.com,(483) 908-4571,Active
EMP042867,Emily,Martin,Emily Martin,58,Marketing,Specialist,Seattle,84593.44,11734.11,2021-10-01,34,100.0,emily.martin@company.com,(874) 375-9036,Active
EMP042868,Ashley,Rodriguez,Ashley Rodriguez,42,Marketing,Director,Chicago,82228.53,15119.87,2024-06-22,20,68.4,ashley.rodriguez@company.com,(461) 949-5629,Active
EMP042869,William,Gonzalez,William Gonzalez,58,Operations,Lead,New York,79258.1,16955.48,2024-06-30,30,60.9,william.gonzalez@company.com,(665) 977-7254,Inactive
EMP042870,Amanda,Rodriguez,Amanda Rodriguez,22,Sales,Analyst,Austin,54102.48,3964.61,2023-11-05,0,70.2,amanda.rodriguez@company.com,(867) 565-3533,Active
EMP042871,John,Wilson,John Wilson,29,Finance,Lead,San Francisco,43041.69,4272.15,2024-07-28,7,41.5,john.wilson@company.com,(359) 800-8411,Active
EMP042872,Matthew,Brown,Matthew Brown,60,HR,Manager,Miami,54058.66,2209.96,2023-03-09,38,76.1,matthew.brown@company.com,(248) 643-9517,Active
EMP042873,Ashley,Brown,Ashley Brown,35,Marketing,Coordinator,Seattle,53418.34,6217.96,2024-02-02,11,68.7,ashley.brown@company.com,(610) 894-4459,Active
EMP042874,Ashley,Smith,Ashley Smith,42,Marketing,Associate,Boston,63893.35,10199.52,2021-06-28,19,83.1,ashley.smith@company.com,(519) 222-5874,Active
EMP042875,James,Smith,James Smith,64,Legal,Director,San Francisco,112228.52,8011.21,2021-01-08,42,92.8,james.smith@company.com,(587) 433-3786,Active
EMP042876,Sarah,Miller,Sarah Miller,61,Sales,Manager,Boston,109520.03,13276.08,2022-03-28,34,86.3,sarah.miller@company.com,(664) 964-1905,On Leave
EMP042877,Daniel,Smith,Daniel Smith,41,IT,Director,Austin,89778.77,11405.34,2021-09-26,19,86.9,daniel.smith@company.com,(775) 978-6339,Active
EMP042878,Christopher,Miller,Christopher Miller,52,Legal,Analyst,New York,100451.41,12731.98,2024-04-01,25,71.9,christopher.miller@company.com,(361) 270-8875,Active
EMP042879,Anthony,Brown,Anthony Brown,63,HR,Coordinator,Seattle,79324.1,6094.97,2020-02-25,37,79.2,anthony.brown@company.com,(234) 623-4824,Active
EMP042880,Jessica,Smith,Jessica Smith,32,Legal,Associate,Chicago,73469.5,11934.63,2020-04-22,6,83.7,jessica.smith@company.com,(524) 984-3142,Active
EMP042881,Daniel,Lopez,Daniel Lopez,62,Operations,Specialist,Chicago,68023.5,4110.36,2022-06-29,34,71.9,daniel.lopez@company.com,(423) 287-2115,Active
EMP042882,Lisa,Garcia,Lisa Garcia,41,Operations,Coordinator,New York,69571.62,6260.47,2024-10-15,16,81.2,lisa.garcia@company.com,(373) 754-5583,Active
EMP042883,James,Hernandez,James Hernandez,39,IT,Director,New York,96721.48,12864.94,2020-07-26,12,75.0,james.hernandez@company.com,(867) 917-5664,Active
EMP042884,Sarah,Rodriguez,Sarah Rodriguez,48,HR,Associate,San Francisco,78000.31,7401.82,2020-11-23,20,94.2,sarah.rodriguez@company.com,(684) 999-7492,Inactive
EMP042885,Amanda,Smith,Amanda Smith,36,Sales,Manager,Miami,89816.58,17891.32,2021-07-12,13,78.9,amanda.smith@company.com,(637) 331-7051,Active
EMP042886,Robert,Thomas,Robert Thomas,44,Legal,Coordinator,Boston,114406.98,7413.27,2020-09-26,17,59.3,robert.thomas@company.com,(781) 823-4683,Active
EMP042887,Jane,Jackson,Jane Jackson,26,Engineering,Lead,San Francisco,82707.82,10672.91,2020-04-25,3,64.0,jane.jackson@company.com,(667) 470-4913,Active
EMP042888,Sarah,Rodriguez,Sarah Rodriguez,30,Finance,Lead,Boston,57268.83,6690.55,2021-09-25,5,71.7,sarah.rodriguez@company.com,(206) 405-3831,Inactive
EMP042889,David,Thomas,David Thomas,58,HR,Coordinator,Seattle,53849.62,4127.26,2020-10-06,36,64.8,david.thomas@company.com,(996) 904-1141,Active
EMP042890,Sarah,Martinez,Sarah Martinez,53,IT,Lead,Miami,101066.31,7266.22,2024-07-17,31,63.6,sarah.martinez@company.com,(865) 299-6673,Active
EMP042891,Ashley,Jackson,Ashley Jackson,36,IT,Analyst,Chicago,90794.96,8019.73,2023-06-11,14,44.5,ashley.jackson@company.com,(487) 273-3120,Active
EMP042892,Emily,Jackson,Emily Jackson,26,Legal,Manager,Boston,82301.95,5264.47,2020-03-14,0,67.3,emily.jackson@company.com,(653) 317-7209,Active
EMP042893,Jessica,Miller,Jessica Miller,22,Finance,Manager,New York,46377.04,4381.62,2022-09-09,0,88.4,jessica.miller@company.com,(766) 658-6954,On Leave
EMP042894,David,Hernandez,David Hernandez,65,IT,Associate,New York,99606.19,15171.11,2023-10-11,40,62.6,david.hernandez@company.com,(774) 842-9547,Active
EMP042895,Jessica,Hernandez,Jessica Hernandez,32,IT,Associate,Los Angeles,71511.82,0.0,2024-10-29,3,43.7,jessica.hernandez@company.com,(783) 379-6668,Active
EMP042896,Nicole,Hernandez,Nicole Hernandez,22,Sales,Specialist,Austin,48415.71,4267.98,2023-06-09,0,72.9,nicole.hernandez@company.com,(207) 567-4352,Active
EMP042897,William,Wilson,William Wilson,51,Engineering,Associate,New York,130065.45,15396.24,2021-11-26,28,73.9,william.wilson@company.com,(632) 205-8798,Active
EMP042898,John,Johnson,John Johnson,30,Finance,Specialist,Miami,73620.24,7812.73,2023-07-15,3,40.5,john.johnson@company.com,(687) 242-5967,Active
EMP042899,Ashley,Rodriguez,Ashley Rodriguez,42,Sales,Senior Developer,Chicago,84202.33,7570.0,2023-06-12,17,76.2,ashley.rodriguez@company.com,(936) 531-5207,Inactive
EMP042900,Lisa,Rodriguez,Lisa Rodriguez,64,Finance,Analyst,Miami,100188.18,16826.59,2024-10-21,39,57.5,lisa.rodriguez@company.com,(397) 731-8899,Inactive
EMP042901,William,Johnson,William Johnson,61,Legal,Specialist,Los Angeles,103876.21,10520.37,2021-02-23,35,67.6,william.johnson@company.com,(271) 700-2764,Active
EMP042902,James,Miller,James Miller,53,Operations,Lead,Los Angeles,96767.27,12408.52,2024-11-22,24,62.2,james.miller@company.com,(208) 267-5568,Active
EMP042903,Lisa,Smith,Lisa Smith,44,Sales,Manager,Seattle,106985.34,11674.99,2022-03-22,21,66.3,lisa.smith@company.com,(939) 305-9988,Active
EMP042904,Amanda,Gonzalez,Amanda Gonzalez,32,Engineering,Manager,New York,89624.75,12872.11,2022-02-26,8,80.7,amanda.gonzalez@company.com,(842) 216-2868,On Leave
EMP042905,William,Garcia,William Garcia,32,HR,Associate,New York,73261.24,13763.68,2022-06-29,9,60.3,william.garcia@company.com,(527) 532-2018,Active
EMP042906,Nicole,Taylor,Nicole Taylor,54,Marketing,Analyst,Austin,74584.12,15873.44,2021-07-31,29,64.6,nicole.taylor@company.com,(711) 937-3566,Active
EMP042907,Nicole,Thomas,Nicole Thomas,62,Finance,Senior Developer,Boston,93894.5,11338.04,2022-03-22,33,59.2,nicole.thomas@company.com,(397) 312-9425,Active
EMP042908,Lisa,Johnson,Lisa Johnson,59,Finance,Director,Chicago,107490.74,13147.01,2023-12-09,31,100.0,lisa.johnson@company.com,(588) 212-6521,Active
EMP042909,Michael,Taylor,Michael Taylor,50,Finance,Manager,Miami,115180.62,7952.93,2024-03-05,24,86.6,michael.taylor@company.com,(225) 883-2338,Active
EMP042910,Christopher,Gonzalez,Christopher Gonzalez,35,IT,Analyst,Boston,88006.75,9346.29,2023-02-19,11,73.2,christopher.gonzalez@company.com,(721) 287-9515,Active
EMP042911,Amanda,Smith,Amanda Smith,40,Operations,Specialist,Boston,67435.65,11550.6,2024-02-04,12,100.0,amanda.smith@company.com,(871) 782-7082,Active
EMP042912,David,Smith,David Smith,62,Marketing,Associate,Miami,83779.23,6343.79,2024-10-22,38,63.2,david.smith@company.com,(955) 596-1534,Active
EMP042913,Michael,Taylor,Michael Taylor,36,Marketing,Analyst,Austin,62639.92,6530.68,2023-02-22,9,48.7,michael.taylor@company.com,(242) 751-6486,Active
EMP042914,Matthew,Lopez,Matthew Lopez,59,Legal,Director,Los Angeles,115652.48,19743.42,2022-12-07,36,100.0,matthew.lopez@company.com,(526) 783-9342,Active
EMP042915,Jane,Anderson,Jane Anderson,37,Legal,Director,Miami,56555.42,1949.87,2021-07-10,9,83.8,jane.anderson@company.com,(867) 664-4529,Inactive
EMP042916,William,Hernandez,William Hernandez,33,Engineering,Associate,Los Angeles,128541.43,6347.01,2023-05-03,9,74.5,william.hernandez@company.com,(240) 475-6279,Active
EMP042917,Sarah,Williams,Sarah Williams,39,Legal,Senior Developer,Miami,127267.24,11451.96,2020-08-22,11,84.6,sarah.williams@company.com,(689) 653-4650,Active
EMP042918,Anthony,Moore,Anthony Moore,36,HR,Specialist,Miami,56885.22,4972.71,2020-05-31,9,75.0,anthony.moore@company.com,(662) 700-1586,Active
EMP042919,Jane,Jackson,Jane Jackson,52,Legal,Senior Developer,San Francisco,112703.18,8788.16,2021-11-18,24,81.5,jane.jackson@company.com,(937) 246-4247,Active
EMP042920,Melissa,Miller,Melissa Miller,65,Marketing,Senior Developer,Miami,105561.97,5525.91,2023-06-15,42,80.8,melissa.miller@company.com,(450) 945-8531,Active
EMP042921,James,Jones,James Jones,52,HR,Associate,Austin,54747.27,2672.13,2022-05-10,29,71.2,james.jones@company.com,(323) 471-2575,Active
EMP042922,Michael,Brown,Michael Brown,25,Operations,Lead,Miami,42536.35,3876.42,2020-12-31,3,70.0,michael.brown@company.com,(792) 686-3309,On Leave
EMP042923,Lisa,Gonzalez,Lisa Gonzalez,34,Operations,Associate,Boston,60003.24,3912.21,2023-03-06,10,65.2,lisa.gonzalez@company.com,(453) 201-6576,Active
EMP042924,David,Thomas,David Thomas,22,Sales,Specialist,Chicago,89159.7,12343.18,2024-01-09,0,97.4,david.thomas@company.com,(663) 895-7264,Active
EMP042925,Anthony,Johnson,Anthony Johnson,64,Operations,Associate,Austin,34931.17,4573.94,2020-08-05,42,81.5,anthony.johnson@company.com,(799) 891-5086,Inactive
EMP042926,Lisa,Anderson,Lisa Anderson,29,Engineering,Senior Developer,Boston,75967.1,9158.95,2022-09-30,1,67.6,lisa.anderson@company.com,(853) 677-8511,Active
EMP042927,David,Smith,David Smith,28,Engineering,Lead,New York,67369.3,8412.23,2021-09-24,0,79.4,david.smith@company.com,(807) 988-6762,Inactive
EMP042928,Ashley,Williams,Ashley Williams,23,IT,Specialist,Miami,78749.58,4365.67,2024-09-01,0,84.3,ashley.williams@company.com,(550) 444-6017,Active
EMP042929,Michael,Taylor,Michael Taylor,49,Sales,Analyst,Los Angeles,88593.94,12791.69,2020-07-05,24,92.8,michael.taylor@company.com,(432) 976-1024,Active
EMP042930,David,Garcia,David Garcia,29,IT,Specialist,Austin,70240.46,7385.29,2022-07-08,0,81.3,david.garcia@company.com,(958) 271-4161,Active
EMP042931,Sarah,Davis,Sarah Davis,36,Legal,Analyst,Los Angeles,84386.09,8192.68,2021-04-21,10,100.0,sarah.davis@company.com,(522) 227-1759,Active
EMP042932,Emily,Jackson,Emily Jackson,23,Finance,Specialist,San Francisco,91638.3,0.0,2021-04-23,0,88.3,emily.jackson@company.com,(332) 659-4678,Active
EMP042933,Jessica,Williams,Jessica Williams,25,Marketing,Senior Developer,Chicago,51135.95,4755.06,2020-01-15,1,59.1,jessica.williams@company.com,(890) 214-3316,Active
EMP042934,Ashley,Jones,Ashley Jones,47,HR,Analyst,Seattle,88124.41,17164.14,2022-09-16,25,89.0,ashley.jones@company.com,(203) 974-3944,Active
EMP042935,Stephanie,Anderson,Stephanie Anderson,58,HR,Senior Developer,Chicago,106885.32,14748.97,2022-08-08,35,96.6,stephanie.anderson@company.com,(550) 339-8254,Active
EMP042936,Daniel,Wilson,Daniel Wilson,40,Operations,Analyst,Chicago,44182.58,2986.36,2020-09-24,13,76.9,daniel.wilson@company.com,(984) 620-7942,Active
EMP042937,Robert,Williams,Robert Williams,63,Operations,Lead,Los Angeles,58913.49,7812.57,2024-05-30,36,82.6,robert.williams@company.com,(330) 831-1215,Active
EMP042938,Daniel,Martin,Daniel Martin,65,Marketing,Lead,Austin,63366.04,0.0,2021-05-31,42,68.6,daniel.martin@company.com,(939) 755-7492,Active
EMP042939,Nicole,Johnson,Nicole Johnson,41,HR,Analyst,New York,70661.45,6863.97,2024-12-18,13,93.0,nicole.johnson@company.com,(777) 280-6488,Active
EMP042940,Lisa,Gonzalez,Lisa Gonzalez,42,Marketing,Director,Seattle,64585.27,9788.29,2021-01-30,15,84.4,lisa.gonzalez@company.com,(926) 952-9604,Active
EMP042941,Christopher,Hernandez,Christopher Hernandez,45,Finance,Manager,Seattle,72096.26,1478.95,2023-01-31,22,69.3,christopher.hernandez@company.com,(323) 490-5258,Active
EMP042942,Nicole,Garcia,Nicole Garcia,26,Operations,Director,Chicago,33464.77,7006.56,2024-11-19,0,66.9,nicole.garcia@company.com,(224) 203-4847,Inactive
EMP042943,William,Davis,William Davis,34,Finance,Lead,Chicago,74665.48,7631.79,2022-02-03,8,76.8,william.davis@company.com,(496) 969-5551,Active
EMP042944,Emily,Johnson,Emily Johnson,55,IT,Analyst,Seattle,70740.12,8446.59,2023-08-10,28,93.3,emily.johnson@company.com,(669) 992-1893,Active
EMP042945,Nicole,Jones,Nicole Jones,26,IT,Coordinator,Seattle,87924.87,5921.95,2022-07-28,0,70.9,nicole.jones@company.com,(981) 704-7702,Active
EMP042946,John,Thomas,John Thomas,31,Legal,Analyst,Austin,80481.75,10514.91,2021-03-09,6,78.2,john.thomas@company.com,(682) 433-2434,Active
EMP042947,David,Rodriguez,David Rodriguez,54,Operations,Lead,Los Angeles,60499.16,9490.93,2022-02-03,25,51.3,david.rodriguez@company.com,(268) 407-1110,Active
EMP042948,Lisa,Johnson,Lisa Johnson,23,Legal,Coordinator,Boston,69655.88,9728.52,2021-01-19,0,82.1,lisa.johnson@company.com,(380) 675-8318,Inactive
EMP042949,James,Jackson,James Jackson,53,Sales,Coordinator,San Francisco,71131.49,7494.49,2023-11-01,31,76.7,james.jackson@company.com,(796) 605-1397,Active
EMP042950,Melissa,Williams,Melissa Williams,58,Finance,Lead,Seattle,89025.22,12198.69,2023-12-05,30,69.1,melissa.williams@company.com,(229) 526-2093,Active
EMP042951,Emily,Gonzalez,Emily Gonzalez,45,Finance,Lead,San Francisco,75990.5,2910.63,2021-02-28,23,85.1,emily.gonzalez@company.com,(359) 367-1851,Active
EMP042952,Amanda,Garcia,Amanda Garcia,38,Legal,Manager,Chicago,78648.29,9982.21,2022-04-20,15,69.9,amanda.garcia@company.com,(821) 839-9962,Active
EMP042953,William,Thomas,William Thomas,48,Finance,Lead,Los Angeles,98003.72,7434.9,2020-10-25,25,81.0,william.thomas@company.com,(203) 617-4996,Active
EMP042954,Daniel,Hernandez,Daniel Hernandez,36,Finance,Lead,Austin,43112.56,3555.78,2021-12-16,7,71.7,daniel.hernandez@company.com,(359) 560-5262,Active
EMP042955,William,Martin,William Martin,44,Sales,Coordinator,Chicago,88941.29,2055.84,2022-04-07,22,83.2,william.martin@company.com,(766) 280-4051,Active
EMP042956,Stephanie,Taylor,Stephanie Taylor,64,Finance,Associate,Seattle,101154.06,0.0,2021-09-02,37,66.9,stephanie.taylor@company.com,(400) 636-9870,Active
EMP042957,Anthony,Martinez,Anthony Martinez,51,Marketing,Analyst,Boston,81774.86,6402.2,2021-04-18,27,72.0,anthony.martinez@company.com,(667) 244-3714,Active
EMP042958,Stephanie,Garcia,Stephanie Garcia,37,HR,Director,Austin,77965.07,9105.53,2022-05-22,8,93.3,stephanie.garcia@company.com,(397) 320-4922,Active
EMP042959,Anthony,Davis,Anthony Davis,52,Finance,Manager,San Francisco,68530.37,7164.98,2020-04-11,26,64.8,anthony.davis@company.com,(213) 525-8492,Active
EMP042960,Melissa,Williams,Melissa Williams,65,Engineering,Director,San Francisco,101694.0,0.0,2024-11-18,37,62.5,melissa.williams@company.com,(957) 321-1003,Active
EMP042961,Sarah,Wilson,Sarah Wilson,53,IT,Manager,Los Angeles,64790.95,1995.01,2022-05-05,28,75.7,sarah.wilson@company.com,(904) 789-6840,Inactive
EMP042962,Stephanie,Johnson,Stephanie Johnson,37,Legal,Manager,Seattle,90966.94,8531.4,2021-07-07,13,51.2,stephanie.johnson@company.com,(935) 886-9875,Active
EMP042963,Nicole,Gonzalez,Nicole Gonzalez,59,Engineering,Coordinator,New York,147400.74,28076.47,2023-07-28,36,51.2,nicole.gonzalez@company.com,(856) 549-4779,On Leave
EMP042964,Stephanie,Martinez,Stephanie Martinez,46,HR,Associate,Chicago,65458.53,4917.24,2023-08-08,24,69.3,stephanie.martinez@company.com,(786) 651-6692,Active
EMP042965,Sarah,Johnson,Sarah Johnson,28,Finance,Analyst,San Francisco,64592.94,10600.81,2020-07-12,3,100.0,sarah.johnson@company.com,(935) 695-6132,Active
EMP042966,Anthony,Johnson,Anthony Johnson,31,Marketing,Director,Boston,71875.89,5568.7,2020-05-06,7,87.6,anthony.johnson@company.com,(753) 257-7876,Active
EMP042967,Jessica,Martin,Jessica Martin,55,Operations,Analyst,Miami,49124.28,5044.87,2024-03-15,29,93.7,jessica.martin@company.com,(510) 201-8434,Active
EMP042968,Lisa,Rodriguez,Lisa Rodriguez,62,Marketing,Associate,Chicago,76194.21,1000.96,2022-01-08,33,80.8,lisa.rodriguez@company.com,(841) 703-1473,Active
EMP042969,Nicole,Hernandez,Nicole Hernandez,55,Legal,Specialist,Austin,136706.08,16071.46,2024-02-15,26,79.3,nicole.hernandez@company.com,(790) 860-6488,Active
EMP042970,Ashley,Miller,Ashley Miller,39,Operations,Specialist,Seattle,55000.42,0.0,2021-03-01,16,89.9,ashley.miller@company.com,(598) 384-5285,Active
EMP042971,Robert,Martin,Robert Martin,28,IT,Lead,Miami,89360.43,2411.54,2024-08-24,0,41.0,robert.martin@company.com,(358) 447-9703,On Leave
EMP042972,Michael,Johnson,Michael Johnson,51,HR,Director,Chicago,89635.17,5799.15,2021-01-31,23,77.4,michael.johnson@company.com,(637) 294-6231,Active
EMP042973,Emily,Lopez,Emily Lopez,52,Operations,Coordinator,Los Angeles,79941.52,15237.58,2023-01-30,23,75.6,emily.lopez@company.com,(219) 582-4518,Active
EMP042974,Stephanie,Rodriguez,Stephanie Rodriguez,64,IT,Specialist,Austin,114098.81,15985.87,2022-02-14,41,53.4,stephanie.rodriguez@company.com,(524) 718-2731,Active
EMP042975,Amanda,Thomas,Amanda Thomas,22,Finance,Coordinator,Miami,60699.86,4582.9,2020-05-22,0,86.3,amanda.thomas@company.com,(525) 790-1158,Active
EMP042976,Nicole,Davis,Nicole Davis,47,Finance,Specialist,Los Angeles,98800.98,12391.62,2023-10-09,25,52.6,nicole.davis@company.com,(806) 538-2232,Active
EMP042977,Robert,Martin,Robert Martin,45,Engineering,Associate,Boston,75995.14,11070.62,2023-07-15,20,79.2,robert.martin@company.com,(274) 209-6288,Active
EMP042978,Jane,Davis,Jane Davis,58,IT,Lead,Los Angeles,115297.47,23623.24,2021-08-26,31,66.7,jane.davis@company.com,(443) 482-9642,Active
EMP042979,Christopher,Hernandez,Christopher Hernandez,33,Legal,Lead,Austin,89823.32,14057.87,2024-04-16,5,85.5,christopher.hernandez@company.com,(723) 873-9434,Active
EMP042980,Stephanie,Martinez,Stephanie Martinez,36,HR,Director,Chicago,55524.27,4845.39,2023-04-21,13,88.8,stephanie.martinez@company.com,(720) 561-6200,Active
EMP042981,Jane,Williams,Jane Williams,44,Finance,Associate,Los Angeles,97441.6,8316.99,2024-11-29,21,73.2,jane.williams@company.com,(268) 655-5762,Active
EMP042982,Melissa,Garcia,Melissa Garcia,38,Engineering,Senior Developer,Chicago,94773.99,13153.94,2021-11-04,12,48.4,melissa.garcia@company.com,(755) 472-6664,Active
EMP042983,Robert,Johnson,Robert Johnson,29,Legal,Specialist,Boston,96758.91,13102.02,2020-02-01,5,50.4,robert.johnson@company.com,(897) 308-9511,Active
EMP042984,David,Wilson,David Wilson,43,Marketing,Senior Developer,Austin,68754.13,14365.13,2021-12-05,14,78.8,david.wilson@company.com,(244) 692-5611,Active
EMP042985,Stephanie,Gonzalez,Stephanie Gonzalez,49,Sales,Manager,Miami,71392.99,7508.79,2022-01-08,23,81.7,stephanie.gonzalez@company.com,(763) 847-2068,Active
EMP042986,Jessica,Jackson,Jessica Jackson,40,Operations,Lead,San Francisco,65191.25,8119.4,2024-02-09,12,80.5,jessica.jackson@company.com,(718) 683-7682,Inactive
EMP042987,Melissa,Gonzalez,Melissa Gonzalez,59,Engineering,Director,Seattle,141775.9,7885.48,2023-04-25,32,59.5,melissa.gonzalez@company.com,(706) 252-2224,Active
EMP042988,John,Gonzalez,John Gonzalez,36,Finance,Director,Austin,93537.91,6261.26,2024-11-30,9,68.4,john.gonzalez@company.com,(902) 428-9584,Active
EMP042989,Ashley,Wilson,Ashley Wilson,61,Sales,Associate,New York,95766.1,21455.33,2023-02-10,35,78.2,ashley.wilson@company.com,(427) 799-6818,Active
EMP042990,Anthony,Hernandez,Anthony Hernandez,26,IT,Senior Developer,Austin,70852.32,9109.18,2024-11-07,0,68.5,anthony.hernandez@company.com,(801) 509-5354,Active
EMP042991,Matthew,Martinez,Matthew Martinez,34,Legal,Senior Developer,Austin,72907.9,11854.69,2024-05-23,10,95.8,matthew.martinez@company.com,(936) 577-5633,Active
EMP042992,Ashley,Wilson,Ashley Wilson,55,Operations,Senior Developer,Chicago,59064.15,7801.4,2021-03-09,31,69.9,ashley.wilson@company.com,(581) 787-3813,Active
EMP042993,Amanda,Gonzalez,Amanda Gonzalez,30,Legal,Specialist,Chicago,91684.09,9137.46,2023-03-12,1,82.5,amanda.gonzalez@company.com,(283) 413-5900,Active
EMP042994,Robert,Smith,Robert Smith,34,Operations,Lead,Seattle,59539.64,5853.64,2024-03-05,10,54.4,robert.smith@company.com,(941) 371-2483,On Leave
EMP042995,Anthony,Martinez,Anthony Martinez,30,Operations,Specialist,New York,48310.8,2300.04,2020-10-26,6,75.2,anthony.martinez@company.com,(754) 701-1585,Inactive
EMP042996,Matthew,Rodriguez,Matthew Rodriguez,56,IT,Analyst,San Francisco,83661.99,9004.61,2020-02-01,34,89.9,matthew.rodriguez@company.com,(673) 883-2438,Active
EMP042997,Amanda,Garcia,Amanda Garcia,51,Marketing,Senior Developer,Los Angeles,76789.42,5063.62,2023-05-30,22,93.8,amanda.garcia@company.com,(747) 631-2600,Inactive
EMP042998,Emily,Martinez,Emily Martinez,22,Operations,Coordinator,Boston,30828.83,3652.83,2020-10-15,0,86.9,emily.martinez@company.com,(581) 689-9143,Active
EMP042999,Christopher,Wilson,Christopher Wilson,34,Finance,Lead,San Francisco,53923.56,9544.79,2022-05-12,5,52.0,christopher.wilson@company.com,(871) 264-6598,Inactive
EMP043000,Daniel,Miller,Daniel Miller,60,Sales,Specialist,Boston,113575.09,14796.89,2023-03-21,33,62.2,daniel.miller@company.com,(300) 350-8347,Active
EMP043001,Emily,Wilson,Emily Wilson,61,Sales,Specialist,New York,94123.11,3403.49,2023-05-12,39,86.2,emily.wilson@company.com,(887) 460-9938,Active
EMP043002,Robert,Gonzalez,Robert Gonzalez,32,Sales,Analyst,Seattle,69393.52,0.0,2024-05-30,5,57.8,robert.gonzalez@company.com,(761) 972-3563,On Leave
EMP043003,Lisa,Gonzalez,Lisa Gonzalez,30,Finance,Manager,San Francisco,80529.91,16676.97,2022-02-26,3,91.9,lisa.gonzalez@company.com,(442) 467-4466,Active
EMP043004,David,Williams,David Williams,44,Legal,Senior Developer,Boston,79859.36,7871.85,2021-07-27,18,81.1,david.williams@company.com,(673) 644-6143,On Leave
EMP043005,Robert,Hernandez,Robert Hernandez,43,IT,Associate,Miami,83535.5,4913.13,2023-06-14,19,71.2,robert.hernandez@company.com,(945) 837-3745,Active
EMP043006,Stephanie,Williams,Stephanie Williams,59,Legal,Manager,Seattle,95056.9,18293.32,2022-08-20,36,77.8,stephanie.williams@company.com,(797) 634-9503,Active
EMP043007,Daniel,Jones,Daniel Jones,42,Legal,Coordinator,Austin,111313.28,18171.36,2021-10-10,15,80.1,daniel.jones@company.com,(788) 960-5253,Active
EMP043008,Emily,Gonzalez,Emily Gonzalez,52,HR,Specialist,Chicago,79775.71,7846.49,2023-11-25,30,57.0,emily.gonzalez@company.com,(518) 475-9592,Active
EMP043009,Anthony,Miller,Anthony Miller,32,Engineering,Specialist,New York,53370.8,2500.93,2023-06-02,8,67.0,anthony.miller@company.com,(477) 798-7916,Active
EMP043010,Jessica,Thomas,Jessica Thomas,24,HR,Analyst,Los Angeles,30648.36,5899.85,2022-05-27,1,72.5,jessica.thomas@company.com,(362) 650-1239,Active
EMP043011,Stephanie,Hernandez,Stephanie Hernandez,53,Marketing,Coordinator,Austin,92813.37,6358.21,2020-04-28,28,65.7,stephanie.hernandez@company.com,(623) 698-2810,Active
EMP043012,Christopher,Lopez,Christopher Lopez,33,HR,Specialist,Chicago,79587.74,5505.57,2024-09-12,5,66.0,christopher.lopez@company.com,(393) 583-7633,Active
EMP043013,Jessica,Brown,Jessica Brown,44,Operations,Senior Developer,Miami,64571.32,3006.55,2022-12-27,18,66.2,jessica.brown@company.com,(320) 435-3965,Active
EMP043014,John,Smith,John Smith,29,Sales,Lead,Seattle,57860.35,4967.21,2020-11-15,7,74.0,john.smith@company.com,(245) 306-7423,Active
EMP043015,Amanda,Jones,Amanda Jones,56,Operations,Coordinator,Los Angeles,64786.56,2110.51,2020-02-07,28,81.5,amanda.jones@company.com,(957) 353-2886,Active
EMP043016,Amanda,Wilson,Amanda Wilson,65,Finance,Lead,Los Angeles,105236.0,2850.44,2023-06-01,36,73.8,amanda.wilson@company.com,(234) 265-4381,Active
EMP043017,Michael,Davis,Michael Davis,59,Marketing,Director,San Francisco,62440.97,9583.86,2023-05-21,34,28.9,michael.davis@company.com,(636) 791-9638,Active
EMP043018,Sarah,Johnson,Sarah Johnson,39,Sales,Lead,San Francisco,70487.77,6789.38,2020-09-05,10,84.0,sarah.johnson@company.com,(390) 394-7917,Active
EMP043019,Robert,Wilson,Robert Wilson,61,IT,Director,San Francisco,69561.29,4230.88,2022-11-01,33,54.7,robert.wilson@company.com,(745) 783-5661,Active
EMP043020,Matthew,Hernandez,Matthew Hernandez,54,Operations,Senior Developer,Boston,77059.91,6086.71,2022-07-31,32,71.4,matthew.hernandez@company.com,(644) 997-5314,Active
EMP043021,Michael,Davis,Michael Davis,42,Sales,Specialist,Miami,100032.31,5692.61,2023-09-08,14,94.6,michael.davis@company.com,(208) 374-3256,Active
EMP043022,David,Anderson,David Anderson,48,Operations,Manager,New York,49151.75,0.0,2022-11-19,26,95.6,david.anderson@company.com,(620) 490-9519,Active
EMP043023,Robert,Moore,Robert Moore,60,HR,Specialist,Austin,68731.2,7173.43,2020-04-29,34,83.5,robert.moore@company.com,(747) 243-6206,Active
EMP043024,Ashley,Thomas,Ashley Thomas,51,IT,Associate,Chicago,78397.46,11090.04,2022-10-14,25,88.0,ashley.thomas@company.com,(931) 693-8707,Active
EMP043025,Nicole,Martinez,Nicole Martinez,55,Finance,Specialist,Boston,106027.98,11325.8,2023-10-22,30,88.3,nicole.martinez@company.com,(898) 201-6903,Active
EMP043026,Emily,Lopez,Emily Lopez,27,Marketing,Associate,Los Angeles,63888.59,13038.67,2021-04-06,4,85.0,emily.lopez@company.com,(328) 529-8615,Inactive
EMP043027,Matthew,Jones,Matthew Jones,65,Sales,Director,Chicago,95220.64,7357.81,2021-01-23,36,76.7,matthew.jones@company.com,(997) 635-5007,Inactive
EMP043028,Stephanie,Smith,Stephanie Smith,62,Engineering,Specialist,Chicago,101088.29,113.8,2023-02-20,39,78.0,stephanie.smith@company.com,(798) 429-1091,Active
EMP043029,Anthony,Gonzalez,Anthony Gonzalez,41,Marketing,Director,Seattle,57408.31,4329.66,2023-06-18,12,52.0,anthony.gonzalez@company.com,(269) 488-9093,On Leave
EMP043030,William,Williams,William Williams,50,Engineering,Associate,San Francisco,115167.63,16229.01,2020-02-06,26,79.7,william.williams@company.com,(216) 463-7911,Active
EMP043031,Melissa,Lopez,Melissa Lopez,28,Sales,Analyst,Austin,48002.52,4512.93,2024-05-10,3,72.6,melissa.lopez@company.com,(440) 429-7068,Active
EMP043032,William,Jackson,William Jackson,48,Operations,Coordinator,Boston,70380.03,11110.75,2023-09-12,19,76.5,william.jackson@company.com,(276) 680-9519,Active
EMP043033,Robert,Taylor,Robert Taylor,34,Sales,Analyst,Chicago,54222.62,3808.29,2022-10-09,8,88.5,robert.taylor@company.com,(260) 471-6659,Active
EMP043034,Jessica,Williams,Jessica Williams,45,IT,Analyst,San Francisco,122071.87,12285.27,2021-12-22,17,66.0,jessica.williams@company.com,(835) 470-9339,On Leave
EMP043035,Robert,Smith,Robert Smith,32,HR,Associate,Miami,35159.59,2883.33,2024-05-01,7,68.4,robert.smith@company.com,(732) 376-9210,Active
EMP043036,Matthew,Gonzalez,Matthew Gonzalez,37,Engineering,Specialist,Miami,108267.0,6929.05,2024-07-05,12,80.8,matthew.gonzalez@company.com,(319) 488-1550,Active
EMP043037,Nicole,Moore,Nicole Moore,44,IT,Associate,Seattle,87368.76,5143.52,2021-09-10,19,82.4,nicole.moore@company.com,(937) 203-1318,Active
EMP043038,Nicole,Martin,Nicole Martin,39,Engineering,Analyst,San Francisco,107835.16,2808.23,2023-09-30,14,55.7,nicole.martin@company.com,(635) 224-7651,Inactive
EMP043039,John,Anderson,John Anderson,48,Engineering,Manager,Chicago,106610.77,1975.49,2023-09-25,20,83.1,john.anderson@company.com,(913) 667-9103,Active
EMP043040,David,Anderson,David Anderson,65,Sales,Lead,Austin,84517.35,10832.58,2022-11-19,40,89.4,david.anderson@company.com,(814) 665-2971,Inactive
EMP043041,Jessica,Jackson,Jessica Jackson,30,Finance,Coordinator,San Francisco,51244.01,5277.07,2021-05-03,1,100.0,jessica.jackson@company.com,(306) 428-5699,Active
EMP043042,Emily,Garcia,Emily Garcia,22,Operations,Associate,New York,42107.02,4529.08,2022-06-20,0,62.9,emily.garcia@company.com,(429) 641-7199,Active
EMP043043,Lisa,Martin,Lisa Martin,52,IT,Manager,Los Angeles,104086.06,17877.1,2020-07-27,24,90.1,lisa.martin@company.com,(452) 347-9619,Active
EMP043044,Anthony,Taylor,Anthony Taylor,61,IT,Associate,Miami,120986.42,2938.89,2022-11-24,36,98.4,anthony.taylor@company.com,(339) 445-5827,On Leave
EMP043045,John,Wilson,John Wilson,57,Legal,Specialist,San Francisco,66970.11,9539.35,2021-09-17,28,44.9,john.wilson@company.com,(240) 820-7192,Active
EMP043046,Jane,Thomas,Jane Thomas,55,Legal,Coordinator,New York,71342.29,5466.44,2024-04-12,26,71.3,jane.thomas@company.com,(213) 361-2408,Inactive
EMP043047,Emily,Jackson,Emily Jackson,62,Operations,Associate,Chicago,87640.31,10541.24,2023-10-04,33,55.2,emily.jackson@company.com,(990) 831-2806,Active
EMP043048,Michael,Miller,Michael Miller,41,Finance,Specialist,Boston,41457.25,6873.79,2022-02-14,12,85.2,michael.miller@company.com,(250) 905-4101,Active
EMP043049,Matthew,Jackson,Matthew Jackson,42,Finance,Lead,Boston,90641.5,9257.97,2020-05-20,13,74.4,matthew.jackson@company.com,(317) 870-7769,Inactive
EMP043050,Stephanie,Johnson,Stephanie Johnson,56,IT,Coordinator,Chicago,114541.35,10946.34,2021-04-23,28,51.9,stephanie.johnson@company.com,(958) 847-5734,Active
EMP043051,Michael,Lopez,Michael Lopez,29,HR,Senior Developer,New York,71326.88,4324.91,2020-03-03,7,46.6,michael.lopez@company.com,(811) 576-5302,Active
EMP043052,John,Lopez,John Lopez,43,Operations,Senior Developer,Chicago,64388.85,5193.8,2024-05-16,19,75.3,john.lopez@company.com,(254) 787-3876,Inactive
EMP043053,Anthony,Williams,Anthony Williams,24,HR,Senior Developer,Los Angeles,56881.3,5093.49,2022-08-18,0,79.3,anthony.williams@company.com,(972) 723-5988,Active
EMP043054,Daniel,Hernandez,Daniel Hernandez,57,Operations,Lead,Boston,65013.42,1351.9,2020-08-08,35,80.6,daniel.hernandez@company.com,(821) 433-9616,Active
EMP043055,Stephanie,Anderson,Stephanie Anderson,22,Operations,Senior Developer,Chicago,72840.15,6687.13,2021-12-31,0,66.5,stephanie.anderson@company.com,(477) 213-3927,Active
EMP043056,Michael,Moore,Michael Moore,50,Legal,Lead,San Francisco,67780.28,1733.31,2023-02-01,28,59.3,michael.moore@company.com,(758) 401-8009,Active
EMP043057,Robert,Davis,Robert Davis,65,IT,Coordinator,Seattle,133624.66,19639.23,2022-12-18,40,73.9,robert.davis@company.com,(811) 643-7553,Active
EMP043058,Nicole,Jackson,Nicole Jackson,64,Finance,Coordinator,Austin,91981.06,4306.74,2024-10-01,39,90.3,nicole.jackson@company.com,(555) 448-2836,Active
EMP043059,Ashley,Moore,Ashley Moore,40,Marketing,Manager,Los Angeles,58379.43,4850.63,2023-11-29,17,78.3,ashley.moore@company.com,(705) 464-6889,On Leave
EMP043060,Emily,Davis,Emily Davis,54,Legal,Associate,Miami,114088.76,23612.43,2023-05-12,30,59.3,emily.davis@company.com,(753) 335-9053,Active
EMP043061,Jane,Moore,Jane Moore,28,Sales,Analyst,Seattle,80327.94,0.0,2020-12-06,0,92.1,jane.moore@company.com,(955) 253-1038,Active
EMP043062,Amanda,Gonzalez,Amanda Gonzalez,55,Legal,Director,Boston,109895.95,11377.27,2020-02-07,26,67.3,amanda.gonzalez@company.com,(462) 305-5697,Active
EMP043063,Stephanie,Johnson,Stephanie Johnson,45,Marketing,Specialist,Los Angeles,59307.93,3604.7,2022-10-30,20,82.8,stephanie.johnson@company.com,(802) 710-7317,Inactive
EMP043064,Jessica,Miller,Jessica Miller,61,Marketing,Analyst,New York,61063.09,8513.78,2021-03-02,33,61.1,jessica.miller@company.com,(235) 409-1324,Active
EMP043065,Robert,Johnson,Robert Johnson,45,Marketing,Coordinator,Boston,75783.15,10004.92,2023-04-08,21,73.9,robert.johnson@company.com,(639) 806-7614,Active
EMP043066,Robert,Smith,Robert Smith,37,Marketing,Lead,New York,68566.52,8570.7,2020-01-05,13,75.5,robert.smith@company.com,(667) 699-3787,Active
EMP043067,Melissa,Garcia,Melissa Garcia,60,Legal,Associate,New York,130417.66,9582.83,2021-07-07,37,90.8,melissa.garcia@company.com,(988) 777-5301,Active
EMP043068,Daniel,Hernandez,Daniel Hernandez,59,Marketing,Senior Developer,New York,97894.01,4313.18,2022-11-04,32,76.5,daniel.hernandez@company.com,(619) 790-4332,Active
EMP043069,Matthew,Wilson,Matthew Wilson,36,Legal,Manager,Austin,98147.99,5460.81,2024-07-28,13,81.1,matthew.wilson@company.com,(877) 496-5819,Active
EMP043070,William,Jackson,William Jackson,33,Sales,Director,Los Angeles,92418.64,8474.05,2023-05-10,5,80.4,william.jackson@company.com,(345) 931-1814,On Leave
EMP043071,Sarah,Brown,Sarah Brown,28,Marketing,Senior Developer,Seattle,64052.38,4145.59,2022-06-11,6,61.5,sarah.brown@company.com,(555) 327-4254,Active
EMP043072,William,Thomas,William Thomas,60,Legal,Lead,Miami,136895.75,10632.88,2021-02-07,32,64.8,william.thomas@company.com,(423) 395-9419,Inactive
EMP043073,Ashley,Garcia,Ashley Garcia,62,Sales,Coordinator,New York,95291.72,11631.59,2021-11-28,40,92.0,ashley.garcia@company.com,(280) 580-9176,Active
EMP043074,Stephanie,Brown,Stephanie Brown,48,Sales,Associate,San Francisco,65050.52,7784.3,2024-08-08,24,100.0,stephanie.brown@company.com,(556) 867-6820,Active
EMP043075,Anthony,Brown,Anthony Brown,42,Sales,Director,Seattle,61604.86,7219.1,2020-03-09,17,87.1,anthony.brown@company.com,(244) 699-1263,Active
EMP043076,Christopher,Hernandez,Christopher Hernandez,47,Engineering,Specialist,Boston,93656.75,15182.97,2023-02-25,22,74.0,christopher.hernandez@company.com,(694) 924-5777,Active
EMP043077,Stephanie,Gonzalez,Stephanie Gonzalez,25,Marketing,Specialist,Miami,43849.66,3104.44,2024-08-13,0,89.7,stephanie.gonzalez@company.com,(866) 879-7950,Inactive
EMP043078,Sarah,Garcia,Sarah Garcia,45,Finance,Associate,Los Angeles,73516.08,8606.09,2021-04-16,20,100.0,sarah.garcia@company.com,(303) 426-3552,Active
EMP043079,Amanda,Brown,Amanda Brown,44,Engineering,Manager,Seattle,82478.75,16843.45,2020-10-24,19,83.3,amanda.brown@company.com,(397) 375-9502,Active
EMP043080,John,Rodriguez,John Rodriguez,25,Sales,Specialist,Austin,59146.79,2671.6,2020-03-29,0,77.6,john.rodriguez@company.com,(855) 437-2632,Inactive
EMP043081,John,Anderson,John Anderson,45,Finance,Analyst,Miami,70994.38,4411.29,2020-08-21,22,68.7,john.anderson@company.com,(382) 658-6064,Active
EMP043082,Ashley,Moore,Ashley Moore,55,Marketing,Senior Developer,Los Angeles,60611.98,9386.37,2023-09-17,29,96.4,ashley.moore@company.com,(703) 485-3916,Active
EMP043083,Robert,Wilson,Robert Wilson,22,Marketing,Specialist,New York,53202.91,6007.11,2021-03-30,0,69.2,robert.wilson@company.com,(567) 353-1517,Inactive
EMP043084,Lisa,Smith,Lisa Smith,45,Finance,Senior Developer,Los Angeles,97041.77,10968.2,2024-02-02,17,59.0,lisa.smith@company.com,(836) 755-9669,Active
EMP043085,Michael,Thomas,Michael Thomas,24,Marketing,Senior Developer,Seattle,67267.5,1397.69,2022-11-15,0,65.1,michael.thomas@company.com,(227) 791-5215,Inactive
EMP043086,Matthew,Miller,Matthew Miller,48,Operations,Coordinator,San Francisco,71163.99,14530.27,2022-02-15,25,94.4,matthew.miller@company.com,(368) 970-3740,Active
EMP043087,Ashley,Moore,Ashley Moore,40,IT,Senior Developer,Los Angeles,79429.17,4329.73,2021-12-22,14,80.2,ashley.moore@company.com,(645) 506-4409,Inactive
EMP043088,Lisa,Brown,Lisa Brown,59,Legal,Associate,Los Angeles,108715.97,13567.03,2024-04-25,30,77.8,lisa.brown@company.com,(460) 747-5880,Active
EMP043089,Emily,Jackson,Emily Jackson,34,Finance,Manager,Austin,70236.42,754.6,2020-06-03,9,77.6,emily.jackson@company.com,(216) 769-8720,Active
EMP043090,Stephanie,Rodriguez,Stephanie Rodriguez,49,Marketing,Director,Boston,60138.42,3722.08,2020-08-08,22,69.1,stephanie.rodriguez@company.com,(909) 309-8166,Active
EMP043091,Robert,Garcia,Robert Garcia,53,Finance,Coordinator,San Francisco,123240.02,0.0,2023-06-07,24,88.5,robert.garcia@company.com,(647) 493-8824,Active
EMP043092,Michael,Lopez,Michael Lopez,41,Operations,Coordinator,Austin,52249.07,4850.15,2024-11-08,16,57.3,michael.lopez@company.com,(642) 417-9914,Active
EMP043093,Amanda,Martin,Amanda Martin,27,Marketing,Director,Los Angeles,50097.95,5366.02,2023-09-07,1,62.4,amanda.martin@company.com,(933) 260-8899,Active
EMP043094,James,Martinez,James Martinez,42,Legal,Director,Boston,77988.46,8082.5,2023-11-27,18,63.9,james.martinez@company.com,(454) 798-6672,Active
EMP043095,David,Johnson,David Johnson,35,HR,Analyst,Los Angeles,56025.39,4642.46,2021-07-24,6,71.9,david.johnson@company.com,(480) 877-5294,Active
EMP043096,Stephanie,Moore,Stephanie Moore,54,Legal,Associate,Los Angeles,106705.0,11991.61,2023-12-20,31,100.0,stephanie.moore@company.com,(484) 631-4315,Inactive
EMP043097,Christopher,Miller,Christopher Miller,65,Legal,Director,New York,100760.8,20778.72,2021-06-26,43,61.3,christopher.miller@company.com,(858) 845-2132,Active
EMP043098,Jane,Hernandez,Jane Hernandez,26,HR,Director,Miami,61584.72,11846.42,2024-11-29,0,77.9,jane.hernandez@company.com,(683) 437-6364,Active
EMP043099,Michael,Gonzalez,Michael Gonzalez,43,Finance,Analyst,Los Angeles,80923.57,6015.25,2024-12-31,21,100.0,michael.gonzalez@company.com,(960) 851-2507,Inactive
EMP043100,Stephanie,Jackson,Stephanie Jackson,49,IT,Lead,Chicago,147182.04,5078.04,2020-01-29,27,80.5,stephanie.jackson@company.com,(892) 227-5697,Active
EMP043101,Jane,Jones,Jane Jones,31,HR,Lead,Chicago,63010.27,809.98,2021-10-12,7,67.9,jane.jones@company.com,(331) 984-1952,Active
EMP043102,David,Taylor,David Taylor,33,Legal,Lead,Boston,74989.64,12497.87,2020-09-17,7,79.3,david.taylor@company.com,(394) 794-5775,Inactive
EMP043103,Robert,Smith,Robert Smith,41,Engineering,Specialist,San Francisco,106158.19,11923.06,2022-07-01,18,55.6,robert.smith@company.com,(212) 487-9010,Inactive
EMP043104,Amanda,Rodriguez,Amanda Rodriguez,22,IT,Analyst,Chicago,70358.99,12882.54,2022-10-21,0,69.4,amanda.rodriguez@company.com,(677) 924-2633,Active
EMP043105,James,Taylor,James Taylor,43,Legal,Lead,New York,95238.33,13798.66,2021-07-23,20,65.8,james.taylor@company.com,(791) 518-3926,Active
EMP043106,James,Martin,James Martin,30,Operations,Senior Developer,Los Angeles,61811.22,4197.94,2020-03-11,1,71.2,james.martin@company.com,(347) 545-8109,Active
EMP043107,William,Moore,William Moore,59,Sales,Specialist,Chicago,72740.65,10951.97,2024-06-09,34,55.4,william.moore@company.com,(541) 555-5925,Active
EMP043108,Sarah,Martin,Sarah Martin,30,IT,Associate,Miami,87430.36,14320.66,2022-04-09,7,79.1,sarah.martin@company.com,(535) 418-6610,On Leave
EMP043109,Michael,Smith,Michael Smith,28,Operations,Coordinator,Chicago,44527.96,2556.69,2020-02-17,4,84.2,michael.smith@company.com,(980) 643-9998,On Leave
EMP043110,Stephanie,Anderson,Stephanie Anderson,35,Marketing,Coordinator,New York,73139.25,11607.22,2020-08-10,9,63.3,stephanie.anderson@company.com,(823) 818-3877,Active
EMP043111,Stephanie,Gonzalez,Stephanie Gonzalez,62,Engineering,Associate,Miami,89150.08,10585.93,2022-01-11,36,98.3,stephanie.gonzalez@company.com,(653) 989-4183,Active
EMP043112,Matthew,Brown,Matthew Brown,56,HR,Director,Seattle,68147.74,9005.04,2024-10-19,28,58.0,matthew.brown@company.com,(509) 230-1670,Active
EMP043113,Ashley,Hernandez,Ashley Hernandez,58,Engineering,Analyst,Boston,80309.31,4131.57,2021-01-20,31,93.0,ashley.hernandez@company.com,(406) 635-7944,Active
EMP043114,David,Rodriguez,David Rodriguez,53,Legal,Coordinator,San Francisco,110682.12,3329.86,2024-12-28,27,75.9,david.rodriguez@company.com,(356) 930-5027,Active
EMP043115,Matthew,Moore,Matthew Moore,63,HR,Director,Seattle,62330.55,8650.72,2020-07-12,38,87.3,matthew.moore@company.com,(632) 325-1700,Active
EMP043116,Nicole,Jones,Nicole Jones,35,Finance,Director,Boston,57844.72,3815.48,2020-10-30,6,60.4,nicole.jones@company.com,(488) 683-8445,Inactive
EMP043117,Emily,Wilson,Emily Wilson,32,Operations,Specialist,San Francisco,69807.75,7186.98,2020-04-12,5,90.9,emily.wilson@company.com,(555) 682-5758,Active
EMP043118,Ashley,Johnson,Ashley Johnson,28,Engineering,Coordinator,Austin,66264.88,6800.7,2021-11-25,0,76.5,ashley.johnson@company.com,(406) 975-2736,Active
EMP043119,Melissa,Miller,Melissa Miller,25,HR,Director,Chicago,66695.4,12041.96,2024-09-02,0,81.4,melissa.miller@company.com,(284) 483-7604,Active
EMP043120,Sarah,Hernandez,Sarah Hernandez,29,Sales,Senior Developer,San Francisco,62983.44,4269.96,2020-07-13,4,74.6,sarah.hernandez@company.com,(427) 775-3796,Active
EMP043121,William,Wilson,William Wilson,50,HR,Manager,Austin,56433.22,5351.57,2024-12-24,26,59.7,william.wilson@company.com,(695) 733-1678,Active
EMP043122,Melissa,Jones,Melissa Jones,47,Engineering,Manager,New York,143018.61,6348.47,2023-11-18,18,84.0,melissa.jones@company.com,(397) 985-2342,Active
EMP043123,Melissa,Miller,Melissa Miller,53,HR,Lead,Miami,60937.08,5582.45,2021-10-26,24,77.7,melissa.miller@company.com,(524) 425-4199,Active
EMP043124,Michael,Jackson,Michael Jackson,57,Legal,Specialist,Austin,113037.42,19004.64,2024-06-08,28,50.5,michael.jackson@company.com,(697) 549-7983,Active
EMP043125,Melissa,Thomas,Melissa Thomas,43,Sales,Lead,Seattle,57549.35,4269.4,2023-12-28,16,94.0,melissa.thomas@company.com,(225) 636-4985,Active
EMP043126,Michael,Miller,Michael Miller,63,Sales,Lead,Chicago,76149.09,4384.41,2024-04-28,38,99.3,michael.miller@company.com,(801) 927-1450,Inactive
EMP043127,Michael,Jackson,Michael Jackson,34,Operations,Specialist,Miami,71006.41,10161.87,2022-06-12,8,83.4,michael.jackson@company.com,(820) 690-2159,Active
EMP043128,Anthony,Johnson,Anthony Johnson,63,Marketing,Specialist,Boston,67076.26,10360.69,2021-08-24,35,87.1,anthony.johnson@company.com,(511) 693-9170,Active
EMP043129,Emily,Martinez,Emily Martinez,38,Engineering,Lead,New York,85627.96,11033.14,2021-01-30,9,84.3,emily.martinez@company.com,(250) 707-6668,Active
EMP043130,Christopher,Smith,Christopher Smith,53,Operations,Analyst,Los Angeles,63548.79,3756.78,2022-11-16,27,56.5,christopher.smith@company.com,(366) 663-7273,Active
EMP043131,Sarah,Lopez,Sarah Lopez,24,IT,Associate,Miami,83750.59,8603.94,2021-12-13,1,71.9,sarah.lopez@company.com,(544) 447-1176,Active
EMP043132,William,Rodriguez,William Rodriguez,29,HR,Associate,New York,59516.83,6231.28,2020-03-10,4,68.9,william.rodriguez@company.com,(337) 505-2905,Active
EMP043133,Amanda,Smith,Amanda Smith,57,HR,Analyst,Seattle,87037.86,12389.59,2022-01-23,35,94.5,amanda.smith@company.com,(875) 563-7726,Active
EMP043134,Daniel,Garcia,Daniel Garcia,35,Engineering,Senior Developer,Boston,93251.48,9862.82,2022-01-11,6,72.8,daniel.garcia@company.com,(973) 465-1661,Active
EMP043135,Christopher,Martinez,Christopher Martinez,27,Operations,Associate,Austin,54758.59,8522.43,2023-06-07,0,82.0,christopher.martinez@company.com,(925) 753-7142,Inactive
EMP043136,Ashley,Smith,Ashley Smith,25,Finance,Senior Developer,Los Angeles,68232.98,7558.75,2021-04-25,0,63.3,ashley.smith@company.com,(780) 451-8322,Active
EMP043137,Robert,Wilson,Robert Wilson,46,Legal,Coordinator,Miami,94615.14,17874.77,2024-07-09,17,62.6,robert.wilson@company.com,(363) 316-7585,Active
EMP043138,Nicole,Jones,Nicole Jones,40,Finance,Senior Developer,Seattle,55622.44,10928.46,2023-12-22,11,100.0,nicole.jones@company.com,(213) 623-2112,Active
EMP043139,Robert,Martin,Robert Martin,61,Operations,Lead,Boston,81728.74,3102.54,2021-04-29,38,76.0,robert.martin@company.com,(993) 588-7030,Active
EMP043140,Robert,Williams,Robert Williams,49,Finance,Specialist,San Francisco,85575.7,2216.34,2022-06-17,27,80.7,robert.williams@company.com,(897) 996-8438,Active
EMP043141,Amanda,Anderson,Amanda Anderson,52,Sales,Coordinator,Miami,64067.73,0.0,2020-06-18,27,72.1,amanda.anderson@company.com,(862) 343-9110,Active
EMP043142,Anthony,Gonzalez,Anthony Gonzalez,65,HR,Director,New York,84359.06,12085.27,2024-03-11,43,85.3,anthony.gonzalez@company.com,(892) 595-8333,Inactive
EMP043143,Melissa,Williams,Melissa Williams,28,HR,Manager,San Francisco,64312.12,5832.37,2022-09-28,0,77.8,melissa.williams@company.com,(915) 858-2411,Active
EMP043144,Emily,Davis,Emily Davis,52,IT,Analyst,Seattle,93667.12,654.67,2021-10-08,23,89.5,emily.davis@company.com,(316) 682-3560,Active
EMP043145,Christopher,Williams,Christopher Williams,24,Operations,Coordinator,Chicago,52968.2,9845.4,2020-02-28,2,83.1,christopher.williams@company.com,(280) 940-3910,Active
EMP043146,Jessica,Williams,Jessica Williams,63,Marketing,Coordinator,Miami,92500.51,7829.8,2020-05-31,34,67.6,jessica.williams@company.com,(296) 347-3487,Active
EMP043147,Lisa,Martin,Lisa Martin,40,IT,Manager,Boston,112944.02,9718.8,2020-02-06,13,51.0,lisa.martin@company.com,(264) 748-9861,Active
EMP043148,Anthony,Martin,Anthony Martin,35,Engineering,Senior Developer,New York,90779.34,19960.61,2023-03-03,9,78.0,anthony.martin@company.com,(286) 206-6931,Inactive
EMP043149,James,Williams,James Williams,52,Legal,Associate,Austin,119083.29,8330.58,2024-11-18,24,65.4,james.williams@company.com,(995) 489-3219,Active
EMP043150,Matthew,Anderson,Matthew Anderson,53,Sales,Senior Developer,Miami,87235.7,8009.64,2020-07-31,29,73.2,matthew.anderson@company.com,(290) 366-7767,Inactive
EMP043151,John,Rodriguez,John Rodriguez,50,Operations,Analyst,Seattle,65219.57,9649.8,2024-04-04,23,71.6,john.rodriguez@company.com,(634) 864-4550,Active
EMP043152,Ashley,Moore,Ashley Moore,62,Engineering,Senior Developer,Boston,149461.47,1635.14,2021-10-10,34,56.1,ashley.moore@company.com,(292) 425-8564,Active
EMP043153,Stephanie,Lopez,Stephanie Lopez,32,Finance,Specialist,Chicago,90595.72,9702.98,2022-02-21,5,75.7,stephanie.lopez@company.com,(715) 256-1690,Active
EMP043154,Nicole,Moore,Nicole Moore,50,IT,Lead,Los Angeles,104520.05,14399.15,2024-01-23,24,80.5,nicole.moore@company.com,(758) 340-5204,Active
EMP043155,Melissa,Smith,Melissa Smith,61,Legal,Specialist,New York,137988.52,15123.45,2023-03-16,33,68.5,melissa.smith@company.com,(785) 684-9399,Active
EMP043156,Nicole,Jackson,Nicole Jackson,22,Finance,Manager,Seattle,72508.36,6059.39,2024-11-27,0,51.0,nicole.jackson@company.com,(614) 779-8860,Inactive
EMP043157,William,Martin,William Martin,45,Sales,Specialist,San Francisco,71812.18,4230.65,2021-06-25,19,92.1,william.martin@company.com,(638) 586-2492,Active
EMP043158,Nicole,Martinez,Nicole Martinez,56,Sales,Coordinator,New York,82795.87,3053.12,2023-12-17,34,98.6,nicole.martinez@company.com,(910) 247-3081,Active
EMP043159,James,Jackson,James Jackson,56,Operations,Analyst,Boston,85947.31,19715.96,2021-02-13,31,81.8,james.jackson@company.com,(666) 849-7076,Active
EMP043160,William,Johnson,William Johnson,57,Legal,Analyst,Boston,53942.3,6640.32,2023-09-30,29,97.1,william.johnson@company.com,(765) 286-8362,On Leave
EMP043161,Lisa,Wilson,Lisa Wilson,33,Sales,Director,Los Angeles,72572.99,3376.08,2024-07-10,9,64.4,lisa.wilson@company.com,(807) 911-9105,Active
EMP043162,Michael,Wilson,Michael Wilson,32,Sales,Manager,Boston,38420.91,4261.72,2023-12-04,9,49.2,michael.wilson@company.com,(244) 303-8974,Active
EMP043163,Lisa,Jackson,Lisa Jackson,61,Operations,Lead,New York,82444.57,7496.68,2022-11-26,38,73.0,lisa.jackson@company.com,(882) 478-4421,On Leave
EMP043164,Daniel,Taylor,Daniel Taylor,32,Sales,Lead,Seattle,52435.91,6277.17,2021-05-07,6,72.0,daniel.taylor@company.com,(310) 971-4947,Inactive
EMP043165,Robert,Martinez,Robert Martinez,58,Marketing,Manager,Seattle,71569.27,8963.48,2023-09-08,36,74.7,robert.martinez@company.com,(227) 267-2406,Active
EMP043166,Amanda,Anderson,Amanda Anderson,48,Finance,Specialist,San Francisco,123864.95,8075.58,2020-03-26,20,100.0,amanda.anderson@company.com,(455) 211-4481,Active
EMP043167,Christopher,Jones,Christopher Jones,47,Marketing,Senior Developer,Austin,87986.86,7327.88,2023-01-03,21,56.9,christopher.jones@company.com,(943) 823-4968,Active
EMP043168,Melissa,Martinez,Melissa Martinez,41,Engineering,Manager,Seattle,110221.27,17321.14,2021-08-14,13,86.1,melissa.martinez@company.com,(254) 529-9171,Active
EMP043169,Amanda,Jackson,Amanda Jackson,44,IT,Coordinator,Boston,91550.92,3747.19,2020-01-09,17,67.8,amanda.jackson@company.com,(975) 496-2488,On Leave
EMP043170,Ashley,Rodriguez,Ashley Rodriguez,40,Sales,Lead,Los Angeles,71203.62,3489.05,2024-07-15,16,59.1,ashley.rodriguez@company.com,(946) 965-9568,Active
EMP043171,Matthew,Smith,Matthew Smith,42,Legal,Director,San Francisco,85421.31,7885.87,2023-03-13,16,68.7,matthew.smith@company.com,(768) 242-3870,Active
EMP043172,Nicole,Smith,Nicole Smith,65,Operations,Lead,Miami,67236.48,4736.66,2021-06-03,43,88.5,nicole.smith@company.com,(972) 363-7086,Active
EMP043173,Ashley,Davis,Ashley Davis,49,Operations,Associate,Austin,73117.49,11049.57,2024-10-11,25,83.2,ashley.davis@company.com,(839) 607-2876,Active
EMP043174,Nicole,Hernandez,Nicole Hernandez,46,Finance,Manager,Austin,90921.14,12729.2,2021-01-04,19,78.7,nicole.hernandez@company.com,(393) 702-5152,Inactive
EMP043175,Robert,Taylor,Robert Taylor,39,Operations,Manager,Austin,53537.79,3715.24,2023-07-23,12,73.4,robert.taylor@company.com,(660) 536-1363,On Leave
EMP043176,Amanda,Smith,Amanda Smith,38,Engineering,Coordinator,San Francisco,89351.02,11707.37,2024-07-15,11,91.5,amanda.smith@company.com,(328) 761-5238,Active
EMP043177,Anthony,Lopez,Anthony Lopez,24,Engineering,Director,Seattle,39000.0,2279.08,2023-08-30,2,89.9,anthony.lopez@company.com,(902) 393-5939,Active
EMP043178,Amanda,Moore,Amanda Moore,41,Engineering,Senior Developer,Seattle,111120.48,0.0,2022-08-01,14,80.8,amanda.moore@company.com,(473) 835-9897,Active
EMP043179,Sarah,Johnson,Sarah Johnson,30,HR,Associate,Los Angeles,50081.44,4695.85,2021-05-31,5,38.5,sarah.johnson@company.com,(777) 870-6680,Active
EMP043180,Anthony,Moore,Anthony Moore,58,Finance,Coordinator,Miami,111275.49,10199.1,2021-07-09,30,74.9,anthony.moore@company.com,(492) 348-9366,Active
EMP043181,James,Gonzalez,James Gonzalez,49,Engineering,Director,Boston,153675.73,27196.4,2020-05-24,26,72.4,james.gonzalez@company.com,(996) 976-6428,Active
EMP043182,Anthony,Martin,Anthony Martin,64,Marketing,Manager,New York,99785.38,5586.59,2022-04-05,42,84.4,anthony.martin@company.com,(495) 358-1324,Active
EMP043183,Michael,Smith,Michael Smith,48,Legal,Senior Developer,New York,106101.17,10455.09,2021-12-04,20,95.6,michael.smith@company.com,(340) 651-7299,Active
EMP043184,Daniel,Rodriguez,Daniel Rodriguez,34,Sales,Director,New York,69740.7,4719.43,2021-09-23,8,80.0,daniel.rodriguez@company.com,(761) 675-5066,Active
EMP043185,James,Garcia,James Garcia,29,Engineering,Manager,San Francisco,113065.52,13310.17,2021-01-12,3,78.0,james.garcia@company.com,(400) 714-4754,Active
EMP043186,James,Johnson,James Johnson,51,Finance,Analyst,Los Angeles,110420.31,16249.78,2023-09-26,23,64.4,james.johnson@company.com,(678) 233-3432,Inactive
EMP043187,Jessica,Moore,Jessica Moore,58,Sales,Associate,New York,76133.24,6621.84,2024-06-26,35,100.0,jessica.moore@company.com,(300) 814-6001,Active
EMP043188,Christopher,Jones,Christopher Jones,45,Finance,Lead,Miami,50087.95,7771.64,2024-07-07,16,78.5,christopher.jones@company.com,(675) 276-4687,On Leave
EMP043189,Lisa,Brown,Lisa Brown,31,Engineering,Specialist,Los Angeles,79003.99,9607.93,2024-01-20,8,78.5,lisa.brown@company.com,(235) 506-3124,Active
EMP043190,Jane,Anderson,Jane Anderson,44,Engineering,Senior Developer,New York,104458.78,9100.05,2022-12-24,16,96.8,jane.anderson@company.com,(696) 581-9679,Active
EMP043191,John,Smith,John Smith,30,Legal,Analyst,Chicago,82681.75,8436.47,2020-09-25,2,86.9,john.smith@company.com,(510) 442-9106,On Leave
EMP043192,Stephanie,Hernandez,Stephanie Hernandez,38,Marketing,Analyst,San Francisco,66499.88,7860.36,2023-08-11,14,96.0,stephanie.hernandez@company.com,(392) 430-7548,Active
EMP043193,Michael,Martin,Michael Martin,27,Marketing,Lead,San Francisco,49684.06,5781.77,2022-05-17,2,76.0,michael.martin@company.com,(359) 445-3022,Active
EMP043194,Matthew,Martinez,Matthew Martinez,33,Operations,Specialist,Seattle,48545.31,3421.46,2024-09-24,8,41.4,matthew.martinez@company.com,(236) 288-8466,Inactive
EMP043195,Michael,Jones,Michael Jones,47,Engineering,Manager,Chicago,108143.33,10726.45,2024-05-24,24,67.9,michael.jones@company.com,(205) 725-8775,Inactive
EMP043196,Emily,Moore,Emily Moore,55,Marketing,Lead,Miami,79197.94,10736.2,2020-11-10,28,94.4,emily.moore@company.com,(813) 924-9197,Active
EMP043197,Lisa,Smith,Lisa Smith,22,Legal,Lead,Los Angeles,79412.39,3192.56,2023-04-05,0,83.6,lisa.smith@company.com,(468) 486-6681,Active
EMP043198,Christopher,Smith,Christopher Smith,30,Engineering,Manager,Los Angeles,87251.28,14389.82,2024-07-11,3,76.3,christopher.smith@company.com,(340) 313-8065,Active
EMP043199,Jane,Miller,Jane Miller,63,Marketing,Lead,Miami,78986.29,7836.2,2023-06-30,41,85.3,jane.miller@company.com,(756) 917-6957,Active
EMP043200,Sarah,Thomas,Sarah Thomas,29,Legal,Director,Los Angeles,97763.22,8354.63,2024-09-19,5,60.1,sarah.thomas@company.com,(693) 205-4562,Inactive
EMP043201,Ashley,Anderson,Ashley Anderson,28,Operations,Specialist,Boston,63042.77,1450.68,2023-08-20,4,76.1,ashley.anderson@company.com,(222) 678-7199,Active
EMP043202,John,Brown,John Brown,38,HR,Analyst,Boston,77708.46,8170.81,2024-08-29,12,61.9,john.brown@company.com,(721) 880-5282,Active
EMP043203,James,Gonzalez,James Gonzalez,27,Finance,Coordinator,Chicago,69482.9,2406.62,2020-09-04,5,72.2,james.gonzalez@company.com,(677) 573-4533,Active
EMP043204,Robert,Smith,Robert Smith,48,Marketing,Lead,Miami,67728.62,2033.71,2021-10-10,25,47.2,robert.smith@company.com,(830) 691-3427,Active
EMP043205,Lisa,Jones,Lisa Jones,64,IT,Senior Developer,Austin,95983.75,4833.54,2024-03-22,39,56.1,lisa.jones@company.com,(469) 991-3894,Active
EMP043206,William,Taylor,William Taylor,22,Marketing,Coordinator,Los Angeles,31775.18,2008.13,2021-10-07,0,59.9,william.taylor@company.com,(861) 680-2634,Inactive
EMP043207,Michael,Jackson,Michael Jackson,65,HR,Coordinator,Los Angeles,101765.74,7804.28,2023-02-04,40,41.9,michael.jackson@company.com,(572) 595-7720,Active
EMP043208,Daniel,Wilson,Daniel Wilson,40,Marketing,Coordinator,San Francisco,77655.29,7529.29,2020-09-15,14,69.9,daniel.wilson@company.com,(588) 473-2739,Active
EMP043209,William,Jackson,William Jackson,44,Legal,Senior Developer,Miami,97616.29,3107.62,2023-10-15,17,88.6,william.jackson@company.com,(771) 859-9167,Active
EMP043210,Emily,Miller,Emily Miller,34,Operations,Director,Austin,64811.14,2437.07,2022-03-20,5,88.6,emily.miller@company.com,(748) 527-5553,Active
EMP043211,Amanda,Gonzalez,Amanda Gonzalez,62,Marketing,Director,Chicago,77563.18,4826.65,2023-05-24,38,73.8,amanda.gonzalez@company.com,(450) 427-7421,Active
EMP043212,Nicole,Smith,Nicole Smith,58,Operations,Director,Los Angeles,67535.33,4720.6,2021-03-14,32,61.9,nicole.smith@company.com,(940) 289-8880,Active
EMP043213,Stephanie,Moore,Stephanie Moore,55,IT,Analyst,New York,102401.28,8896.45,2023-09-18,26,100.0,stephanie.moore@company.com,(658) 643-1223,Active
EMP043214,Sarah,Thomas,Sarah Thomas,60,Marketing,Manager,San Francisco,87297.48,14668.66,2024-11-01,31,75.0,sarah.thomas@company.com,(428) 686-7535,Active
EMP043215,Sarah,Williams,Sarah Williams,37,Engineering,Coordinator,Chicago,99831.37,10728.96,2024-08-21,13,78.0,sarah.williams@company.com,(526) 225-2096,On Leave
EMP043216,Amanda,Thomas,Amanda Thomas,61,Operations,Senior Developer,Chicago,87157.54,7076.95,2021-05-30,38,100.0,amanda.thomas@company.com,(317) 811-6928,Active
EMP043217,Jessica,Anderson,Jessica Anderson,59,Legal,Lead,Austin,126303.21,18471.69,2021-10-04,33,77.7,jessica.anderson@company.com,(576) 740-3853,On Leave
EMP043218,William,Jones,William Jones,46,Marketing,Manager,Austin,93414.65,6402.02,2021-07-08,20,82.9,william.jones@company.com,(527) 254-7959,Active
EMP043219,Christopher,Martin,Christopher Martin,57,Marketing,Director,Miami,75508.19,5613.19,2023-01-02,34,84.1,christopher.martin@company.com,(803) 210-3707,Active
EMP043220,Stephanie,Jones,Stephanie Jones,63,Operations,Analyst,Seattle,103591.13,4774.75,2022-07-23,39,78.0,stephanie.jones@company.com,(331) 396-6644,Active
EMP043221,Emily,Jackson,Emily Jackson,61,Marketing,Coordinator,Chicago,90549.09,9979.28,2022-01-28,36,59.9,emily.jackson@company.com,(917) 329-6072,Active
EMP043222,Matthew,Hernandez,Matthew Hernandez,36,Marketing,Director,Boston,54609.78,6176.39,2022-04-14,7,95.7,matthew.hernandez@company.com,(262) 395-5415,Inactive
EMP043223,Emily,Jones,Emily Jones,46,Legal,Analyst,New York,118851.96,23456.57,2024-09-17,18,61.3,emily.jones@company.com,(583) 676-3288,Inactive
EMP043224,Anthony,Lopez,Anthony Lopez,60,Legal,Specialist,Boston,118426.83,16418.44,2023-11-22,35,89.9,anthony.lopez@company.com,(847) 793-1839,Active
EMP043225,Jane,Thomas,Jane Thomas,64,IT,Coordinator,Austin,117287.3,10539.14,2021-08-09,35,78.7,jane.thomas@company.com,(646) 495-4061,Active
EMP043226,John,Lopez,John Lopez,52,Marketing,Associate,Boston,67680.97,8090.68,2022-10-06,29,63.1,john.lopez@company.com,(673) 764-4851,Active
EMP043227,Anthony,Taylor,Anthony Taylor,55,Finance,Director,Seattle,109836.15,11001.3,2021-11-01,31,78.9,anthony.taylor@company.com,(771) 997-4426,Active
EMP043228,Jane,Miller,Jane Miller,44,IT,Associate,Austin,110257.46,12999.28,2022-09-02,15,56.5,jane.miller@company.com,(391) 601-1027,Active
EMP043229,Ashley,Thomas,Ashley Thomas,63,Engineering,Manager,San Francisco,117931.69,13665.96,2023-05-30,37,80.2,ashley.thomas@company.com,(969) 982-4153,Active
EMP043230,David,Jones,David Jones,42,Marketing,Lead,Seattle,98302.7,4670.71,2020-10-26,15,55.9,david.jones@company.com,(718) 210-7012,Active
EMP043231,Robert,Jackson,Robert Jackson,65,Finance,Analyst,Boston,117733.95,29232.67,2021-10-19,37,85.2,robert.jackson@company.com,(497) 379-7023,Active
EMP043232,Stephanie,Williams,Stephanie Williams,25,Operations,Senior Developer,Austin,53013.09,3746.8,2022-02-13,0,46.6,stephanie.williams@company.com,(673) 273-9400,Active
EMP043233,Christopher,Garcia,Christopher Garcia,26,Sales,Manager,Los Angeles,83003.41,4964.81,2023-03-23,0,84.1,christopher.garcia@company.com,(581) 824-6576,Active
EMP043234,Emily,Miller,Emily Miller,52,Marketing,Manager,Los Angeles,47903.9,8634.99,2024-05-09,25,84.4,emily.miller@company.com,(265) 615-8722,Active
EMP043235,Melissa,Williams,Melissa Williams,25,Legal,Senior Developer,Boston,80641.18,2330.16,2022-08-14,0,95.6,melissa.williams@company.com,(311) 966-4840,Active
EMP043236,Michael,Davis,Michael Davis,36,Operations,Senior Developer,Austin,61542.66,4127.62,2022-04-13,11,81.8,michael.davis@company.com,(314) 484-7423,Active
EMP043237,Jessica,Anderson,Jessica Anderson,54,Sales,Senior Developer,Miami,112102.81,22017.51,2020-09-06,25,78.3,jessica.anderson@company.com,(327) 923-4229,On Leave
EMP043238,Nicole,Jones,Nicole Jones,48,HR,Lead,Los Angeles,70416.85,12743.72,2021-12-30,25,84.1,nicole.jones@company.com,(840) 809-8817,Active
EMP043239,Sarah,Martinez,Sarah Martinez,28,HR,Manager,Boston,52277.75,1154.65,2024-03-22,0,79.3,sarah.martinez@company.com,(732) 434-8511,Active
EMP043240,Daniel,Garcia,Daniel Garcia,45,Sales,Specialist,San Francisco,91780.5,11795.76,2021-04-29,21,84.3,daniel.garcia@company.com,(765) 877-1197,Active
EMP043241,Lisa,Gonzalez,Lisa Gonzalez,31,Operations,Coordinator,San Francisco,45180.42,4992.59,2020-09-06,3,78.3,lisa.gonzalez@company.com,(677) 275-5959,Active
EMP043242,James,Garcia,James Garcia,31,Legal,Director,New York,103037.42,5999.06,2020-12-01,3,79.3,james.garcia@company.com,(452) 469-8034,Active
EMP043243,Robert,Miller,Robert Miller,62,HR,Manager,Chicago,58003.14,8397.13,2021-06-03,40,61.7,robert.miller@company.com,(786) 548-6118,Active
EMP043244,Ashley,Wilson,Ashley Wilson,52,Finance,Director,Los Angeles,98247.05,10454.73,2021-06-24,28,79.6,ashley.wilson@company.com,(821) 675-6767,Active
EMP043245,Christopher,Miller,Christopher Miller,26,Legal,Coordinator,Chicago,73129.92,0.0,2024-06-20,3,93.7,christopher.miller@company.com,(334) 406-9690,Inactive
EMP043246,Jane,Williams,Jane Williams,62,Legal,Coordinator,Chicago,114152.45,4096.47,2021-06-08,40,100.0,jane.williams@company.com,(201) 363-7944,Active
EMP043247,Michael,Thomas,Michael Thomas,48,HR,Lead,Boston,70360.18,6401.35,2024-08-19,19,92.8,michael.thomas@company.com,(710) 674-3074,Active
EMP043248,Jane,Miller,Jane Miller,62,Sales,Analyst,Seattle,85906.53,6423.64,2021-02-01,35,64.6,jane.miller@company.com,(525) 440-5668,Active
EMP043249,Melissa,Miller,Melissa Miller,58,Sales,Coordinator,Miami,125340.6,3158.21,2022-10-06,36,76.6,melissa.miller@company.com,(696) 561-2209,Active
EMP043250,Stephanie,Moore,Stephanie Moore,26,Marketing,Coordinator,San Francisco,56575.85,7057.66,2021-02-05,0,84.7,stephanie.moore@company.com,(592) 589-7705,Active
EMP043251,Sarah,Johnson,Sarah Johnson,37,Operations,Coordinator,Austin,63661.8,584.69,2022-11-29,12,48.8,sarah.johnson@company.com,(340) 265-3604,Active
EMP043252,Michael,Rodriguez,Michael Rodriguez,64,Engineering,Manager,Seattle,77835.45,10432.39,2023-06-27,41,75.8,michael.rodriguez@company.com,(644) 259-5576,On Leave
EMP043253,Sarah,Hernandez,Sarah Hernandez,51,IT,Manager,Los Angeles,75589.89,996.73,2024-07-30,23,47.6,sarah.hernandez@company.com,(782) 802-7573,Active
EMP043254,Melissa,Smith,Melissa Smith,55,Operations,Specialist,New York,59264.83,11301.7,2022-04-07,27,71.2,melissa.smith@company.com,(905) 753-8638,Active
EMP043255,Stephanie,Hernandez,Stephanie Hernandez,23,IT,Specialist,Miami,41042.88,1815.77,2020-02-29,0,57.1,stephanie.hernandez@company.com,(338) 947-1354,Active
EMP043256,James,Martinez,James Martinez,31,Sales,Manager,Miami,30000.0,1899.4,2021-05-20,4,75.8,james.martinez@company.com,(734) 892-9514,Active
EMP043257,Robert,Moore,Robert Moore,42,Legal,Specialist,Austin,113378.24,3948.26,2024-04-02,19,65.0,robert.moore@company.com,(415) 414-6285,Active
EMP043258,Melissa,Davis,Melissa Davis,27,Operations,Senior Developer,Los Angeles,34936.76,3213.63,2022-06-09,1,54.6,melissa.davis@company.com,(909) 265-4253,Inactive
EMP043259,Jane,Miller,Jane Miller,41,HR,Specialist,Miami,45060.98,4005.83,2021-09-22,17,88.8,jane.miller@company.com,(622) 609-3075,Active
EMP043260,Melissa,Davis,Melissa Davis,65,Operations,Coordinator,New York,97576.08,3069.26,2020-06-27,43,71.8,melissa.davis@company.com,(996) 393-9811,Active
EMP043261,John,Johnson,John Johnson,36,IT,Director,Miami,76567.06,6827.04,2024-01-16,8,72.2,john.johnson@company.com,(582) 972-4109,Active
EMP043262,Lisa,Thomas,Lisa Thomas,34,Finance,Analyst,Los Angeles,39645.95,0.0,2024-01-19,12,90.7,lisa.thomas@company.com,(387) 842-6940,Active
EMP043263,Christopher,Brown,Christopher Brown,33,Marketing,Analyst,San Francisco,79913.27,3153.96,2021-03-06,7,53.9,christopher.brown@company.com,(828) 626-6263,Active
EMP043264,John,Johnson,John Johnson,54,Engineering,Lead,San Francisco,95324.37,5009.91,2023-07-30,32,75.8,john.johnson@company.com,(730) 929-1616,Inactive
EMP043265,Anthony,Miller,Anthony Miller,27,Legal,Coordinator,Austin,42344.8,4340.73,2021-01-29,0,66.3,anthony.miller@company.com,(431) 397-8466,On Leave
EMP043266,Robert,Garcia,Robert Garcia,25,Marketing,Lead,New York,79930.33,2635.8,2022-08-04,3,66.9,robert.garcia@company.com,(940) 549-1854,Active
EMP043267,Stephanie,Johnson,Stephanie Johnson,63,Engineering,Senior Developer,Miami,120078.23,11902.16,2023-01-15,38,84.1,stephanie.johnson@company.com,(601) 926-4389,Active
EMP043268,Stephanie,Jackson,Stephanie Jackson,36,Sales,Senior Developer,San Francisco,76682.61,18302.0,2022-07-29,10,54.7,stephanie.jackson@company.com,(424) 432-3545,Active
EMP043269,Emily,Thomas,Emily Thomas,65,Marketing,Coordinator,Los Angeles,97786.43,11592.66,2022-09-05,43,64.9,emily.thomas@company.com,(278) 775-3588,Active
EMP043270,Michael,Anderson,Michael Anderson,59,HR,Associate,Austin,87015.65,12756.24,2020-11-16,35,80.2,michael.anderson@company.com,(850) 667-7562,Active
EMP043271,Daniel,Thomas,Daniel Thomas,64,Finance,Senior Developer,Los Angeles,88639.55,7310.37,2021-08-09,39,72.9,daniel.thomas@company.com,(572) 263-4060,Active
EMP043272,Amanda,Moore,Amanda Moore,30,Legal,Manager,Seattle,88704.25,6292.69,2020-07-13,8,76.5,amanda.moore@company.com,(902) 356-9413,Active
EMP043273,Jane,Rodriguez,Jane Rodriguez,22,Finance,Lead,Boston,40812.73,5875.97,2020-10-05,0,69.9,jane.rodriguez@company.com,(908) 321-4718,Active
EMP043274,Lisa,Williams,Lisa Williams,42,Operations,Senior Developer,Seattle,46869.83,10321.78,2021-07-21,13,69.1,lisa.williams@company.com,(298) 650-4087,Active
EMP043275,Anthony,Jackson,Anthony Jackson,40,HR,Analyst,Austin,61835.38,6777.74,2021-04-30,16,94.2,anthony.jackson@company.com,(250) 270-3709,Inactive
EMP043276,Christopher,Martinez,Christopher Martinez,40,IT,Senior Developer,Miami,71125.51,13849.23,2023-06-17,13,67.0,christopher.martinez@company.com,(742) 685-1034,On Leave
EMP043277,James,Anderson,James Anderson,44,Marketing,Director,Los Angeles,88440.3,5350.25,2023-03-04,20,91.0,james.anderson@company.com,(468) 260-3733,Active
EMP043278,Stephanie,Martin,Stephanie Martin,41,Marketing,Senior Developer,Boston,67474.74,1944.31,2021-12-01,18,69.2,stephanie.martin@company.com,(236) 640-6164,Active
EMP043279,Daniel,Hernandez,Daniel Hernandez,59,Engineering,Director,San Francisco,79506.64,3328.1,2020-03-17,31,62.8,daniel.hernandez@company.com,(367) 961-4681,Active
EMP043280,David,Brown,David Brown,43,Legal,Specialist,Chicago,92917.31,12844.57,2023-11-13,21,86.9,david.brown@company.com,(968) 321-8646,Active
EMP043281,Stephanie,Rodriguez,Stephanie Rodriguez,59,Engineering,Associate,Boston,77361.85,8685.54,2021-01-16,37,81.9,stephanie.rodriguez@company.com,(434) 339-6438,On Leave
EMP043282,Michael,Moore,Michael Moore,54,Engineering,Senior Developer,San Francisco,115377.74,5372.07,2020-04-23,31,86.0,michael.moore@company.com,(503) 261-6151,Active
EMP043283,Stephanie,Jackson,Stephanie Jackson,48,Marketing,Coordinator,Los Angeles,94276.79,15887.63,2023-01-09,20,74.4,stephanie.jackson@company.com,(619) 347-6086,On Leave
EMP043284,David,Jackson,David Jackson,51,Engineering,Director,San Francisco,139461.23,11546.51,2024-04-06,25,64.0,david.jackson@company.com,(812) 652-3096,On Leave
EMP043285,Michael,Miller,Michael Miller,63,IT,Analyst,Chicago,143212.12,26516.34,2023-12-16,40,80.1,michael.miller@company.com,(558) 592-5261,Active
EMP043286,Stephanie,Taylor,Stephanie Taylor,45,IT,Director,New York,88582.08,6478.04,2023-08-21,23,64.0,stephanie.taylor@company.com,(474) 681-2012,Active
EMP043287,Emily,Williams,Emily Williams,48,HR,Lead,Seattle,74701.83,7606.0,2024-05-03,19,89.0,emily.williams@company.com,(736) 585-2179,Active
EMP043288,Sarah,Lopez,Sarah Lopez,48,Legal,Manager,Miami,98720.66,3747.01,2024-08-04,25,71.7,sarah.lopez@company.com,(902) 808-1441,Active
EMP043289,Stephanie,Jackson,Stephanie Jackson,65,Operations,Senior Developer,Austin,86352.81,6194.18,2024-05-27,40,86.8,stephanie.jackson@company.com,(328) 386-9328,Active
EMP043290,Matthew,Moore,Matthew Moore,24,Sales,Associate,Austin,78319.82,3648.2,2020-03-22,0,74.4,matthew.moore@company.com,(933) 434-5546,Active
EMP043291,Emily,Jones,Emily Jones,46,Legal,Senior Developer,Los Angeles,92027.5,16660.21,2020-09-23,24,80.8,emily.jones@company.com,(942) 980-1708,Active
EMP043292,James,Martinez,James Martinez,57,Sales,Lead,Boston,78158.34,8461.51,2020-08-15,34,87.7,james.martinez@company.com,(549) 314-6228,On Leave
EMP043293,Lisa,Martin,Lisa Martin,46,Finance,Manager,Miami,80010.86,4718.26,2023-09-14,17,91.9,lisa.martin@company.com,(413) 424-8286,Inactive
EMP043294,Michael,Jackson,Michael Jackson,40,Sales,Analyst,New York,68548.17,8437.49,2023-08-02,18,96.9,michael.jackson@company.com,(412) 537-4967,Inactive
EMP043295,Lisa,Smith,Lisa Smith,54,Sales,Specialist,Austin,87255.07,8861.31,2020-10-10,28,41.3,lisa.smith@company.com,(341) 869-2330,Active
EMP043296,David,Rodriguez,David Rodriguez,58,Operations,Coordinator,Austin,72607.0,6403.96,2024-04-07,34,89.1,david.rodriguez@company.com,(211) 210-2246,Active
EMP043297,Ashley,Rodriguez,Ashley Rodriguez,56,Engineering,Associate,Chicago,122735.12,4081.12,2023-10-18,30,84.9,ashley.rodriguez@company.com,(367) 457-3492,Active
EMP043298,Christopher,Hernandez,Christopher Hernandez,27,Legal,Coordinator,New York,97191.96,9264.66,2021-04-07,0,77.0,christopher.hernandez@company.com,(263) 932-3937,Active
EMP043299,Robert,Gonzalez,Robert Gonzalez,60,HR,Director,San Francisco,111609.9,14138.05,2020-08-26,35,75.8,robert.gonzalez@company.com,(787) 828-6930,Active
EMP043300,Michael,Moore,Michael Moore,42,Sales,Director,Seattle,64884.76,9119.32,2020-06-29,16,78.7,michael.moore@company.com,(878) 589-7300,Inactive
EMP043301,Anthony,Williams,Anthony Williams,64,Engineering,Coordinator,Austin,87417.8,1484.06,2020-01-03,42,88.9,anthony.williams@company.com,(476) 333-9207,Active
EMP043302,Sarah,Jones,Sarah Jones,24,Finance,Coordinator,San Francisco,56668.6,5237.87,2024-10-22,0,45.7,sarah.jones@company.com,(587) 822-6641,Active
EMP043303,William,Lopez,William Lopez,36,IT,Specialist,Los Angeles,93647.27,18269.22,2020-07-31,8,76.8,william.lopez@company.com,(346) 244-3816,Active
EMP043304,Ashley,Brown,Ashley Brown,53,Finance,Associate,Boston,115917.3,20762.26,2022-02-21,30,98.0,ashley.brown@company.com,(464) 668-2013,Active
EMP043305,Emily,Martinez,Emily Martinez,40,IT,Specialist,New York,64934.5,4964.53,2022-07-19,11,63.3,emily.martinez@company.com,(378) 539-3247,Active
EMP043306,Robert,Wilson,Robert Wilson,30,Operations,Specialist,Los Angeles,25500.0,2870.51,2022-05-05,4,95.3,robert.wilson@company.com,(407) 315-7106,Active
EMP043307,Emily,Hernandez,Emily Hernandez,28,IT,Manager,New York,94228.43,14577.87,2023-03-21,6,86.3,emily.hernandez@company.com,(209) 639-2437,Active
EMP043308,Amanda,Garcia,Amanda Garcia,39,Marketing,Associate,Miami,45129.13,4127.02,2023-05-03,12,80.1,amanda.garcia@company.com,(355) 254-7606,Active
EMP043309,Amanda,Williams,Amanda Williams,59,Operations,Associate,Austin,69792.06,10667.49,2021-11-29,30,62.6,amanda.williams@company.com,(702) 626-3387,Active
EMP043310,David,Garcia,David Garcia,64,Finance,Specialist,Boston,117312.24,19868.69,2023-05-16,41,60.4,david.garcia@company.com,(470) 439-3944,Active
EMP043311,Nicole,Miller,Nicole Miller,64,Marketing,Specialist,New York,78664.15,10612.48,2020-08-20,40,87.9,nicole.miller@company.com,(875) 410-1550,Active
EMP043312,Stephanie,Davis,Stephanie Davis,25,Sales,Manager,Miami,60069.64,6711.97,2021-06-26,0,96.8,stephanie.davis@company.com,(823) 468-2501,Active
EMP043313,Anthony,Martin,Anthony Martin,65,IT,Coordinator,San Francisco,109464.77,11341.82,2024-10-10,36,73.4,anthony.martin@company.com,(675) 226-7610,Active
EMP043314,Emily,Wilson,Emily Wilson,24,HR,Director,San Francisco,52004.61,6186.43,2024-09-27,0,85.6,emily.wilson@company.com,(856) 229-5589,Active
EMP043315,David,Johnson,David Johnson,36,Finance,Coordinator,Chicago,70945.35,1968.83,2020-08-03,12,60.1,david.johnson@company.com,(598) 660-1897,Active
EMP043316,Robert,Miller,Robert Miller,40,Engineering,Associate,New York,71081.76,7559.8,2022-09-07,17,60.8,robert.miller@company.com,(235) 603-9543,Active
EMP043317,Stephanie,Smith,Stephanie Smith,36,HR,Director,Seattle,54050.73,3238.19,2021-02-21,13,74.8,stephanie.smith@company.com,(559) 239-8480,Inactive
EMP043318,Anthony,Gonzalez,Anthony Gonzalez,47,Operations,Director,Miami,63601.95,4453.31,2020-04-02,22,93.8,anthony.gonzalez@company.com,(645) 595-3784,Active
EMP043319,Christopher,Johnson,Christopher Johnson,65,Sales,Analyst,Seattle,92898.12,12748.21,2021-02-22,42,70.7,christopher.johnson@company.com,(589) 410-6031,Active
EMP043320,Nicole,Moore,Nicole Moore,36,Finance,Senior Developer,New York,64006.76,10069.92,2023-06-04,13,67.2,nicole.moore@company.com,(797) 302-1380,Active
EMP043321,John,Wilson,John Wilson,31,Marketing,Manager,Seattle,46621.46,2573.44,2020-03-09,4,66.9,john.wilson@company.com,(782) 504-1164,Active
EMP043322,John,Gonzalez,John Gonzalez,28,Operations,Coordinator,Miami,61373.67,10568.96,2021-06-15,1,61.6,john.gonzalez@company.com,(745) 817-3279,Active
EMP043323,John,Martin,John Martin,56,Engineering,Manager,Boston,89525.25,15273.76,2022-12-24,27,63.0,john.martin@company.com,(403) 330-5831,Active
EMP043324,Sarah,Hernandez,Sarah Hernandez,57,Marketing,Analyst,San Francisco,104479.01,1751.56,2022-12-10,30,54.9,sarah.hernandez@company.com,(646) 483-4379,Active
EMP043325,Melissa,Johnson,Melissa Johnson,22,Marketing,Senior Developer,Boston,75543.39,4464.05,2024-06-05,0,74.0,melissa.johnson@company.com,(954) 204-6255,Active
EMP043326,David,Rodriguez,David Rodriguez,41,Sales,Lead,Austin,90809.14,6706.2,2020-02-18,18,61.8,david.rodriguez@company.com,(605) 638-5098,Active
EMP043327,Melissa,Johnson,Melissa Johnson,47,HR,Director,Miami,50801.22,0.0,2022-08-13,21,69.3,melissa.johnson@company.com,(653) 964-6744,Active
EMP043328,Ashley,Smith,Ashley Smith,47,HR,Associate,Boston,49374.59,1397.95,2023-09-07,23,73.0,ashley.smith@company.com,(442) 929-3178,Active
EMP043329,James,Lopez,James Lopez,58,Finance,Director,Austin,93667.14,11655.8,2020-08-13,29,100.0,james.lopez@company.com,(785) 329-9513,Active
EMP043330,Nicole,Garcia,Nicole Garcia,59,Engineering,Lead,Seattle,129824.86,19407.19,2021-11-03,32,76.1,nicole.garcia@company.com,(662) 200-6753,Active
EMP043331,Sarah,Rodriguez,Sarah Rodriguez,56,Marketing,Senior Developer,Los Angeles,75331.26,2221.2,2021-01-18,34,92.0,sarah.rodriguez@company.com,(626) 631-7866,Active
EMP043332,William,Martin,William Martin,27,Marketing,Lead,Seattle,48884.78,919.89,2023-07-20,0,83.6,william.martin@company.com,(429) 292-4310,Active
EMP043333,Anthony,Taylor,Anthony Taylor,46,HR,Senior Developer,Chicago,85081.61,6920.54,2021-11-20,23,73.3,anthony.taylor@company.com,(310) 982-2764,Active
EMP043334,Michael,Davis,Michael Davis,59,Operations,Associate,San Francisco,73466.28,0.0,2020-08-22,36,79.8,michael.davis@company.com,(313) 205-2051,Active
EMP043335,Amanda,Taylor,Amanda Taylor,36,HR,Lead,Miami,40330.34,6542.75,2022-07-13,10,83.9,amanda.taylor@company.com,(655) 506-9951,Active
EMP043336,Michael,Garcia,Michael Garcia,52,Legal,Lead,Chicago,130759.09,0.0,2021-09-20,23,62.2,michael.garcia@company.com,(396) 584-6452,Active
EMP043337,Melissa,Wilson,Melissa Wilson,23,IT,Associate,San Francisco,66062.05,12312.17,2022-01-13,0,76.6,melissa.wilson@company.com,(886) 970-3260,Active
EMP043338,Sarah,Garcia,Sarah Garcia,30,Marketing,Associate,Chicago,62023.42,4737.09,2024-10-07,4,80.6,sarah.garcia@company.com,(991) 478-2205,On Leave
EMP043339,Matthew,Moore,Matthew Moore,27,HR,Analyst,Chicago,66875.09,5253.55,2024-11-02,2,24.8,matthew.moore@company.com,(219) 997-1411,Active
EMP043340,David,Jones,David Jones,40,Operations,Manager,Los Angeles,69660.45,5082.1,2022-11-10,15,69.5,david.jones@company.com,(444) 348-3355,Active
EMP043341,Lisa,Thomas,Lisa Thomas,23,Engineering,Coordinator,Boston,100872.16,10160.29,2024-09-11,0,36.2,lisa.thomas@company.com,(497) 463-9942,Active
EMP043342,Anthony,Thomas,Anthony Thomas,31,Operations,Associate,Los Angeles,49417.79,3789.76,2020-07-19,7,100.0,anthony.thomas@company.com,(656) 481-6098,Active
EMP043343,Emily,Gonzalez,Emily Gonzalez,31,Sales,Analyst,Los Angeles,88574.95,5701.72,2024-11-05,4,67.9,emily.gonzalez@company.com,(341) 667-9852,Active
EMP043344,Melissa,Gonzalez,Melissa Gonzalez,52,HR,Director,Seattle,70217.5,11166.76,2020-06-12,30,63.5,melissa.gonzalez@company.com,(553) 723-4216,Active
EMP043345,Ashley,Moore,Ashley Moore,48,Operations,Director,Miami,77948.64,11536.81,2023-03-31,19,84.9,ashley.moore@company.com,(279) 790-9441,Active
EMP043346,John,Miller,John Miller,44,Engineering,Manager,Chicago,78818.27,6993.58,2022-01-11,21,84.6,john.miller@company.com,(882) 763-2903,Active
EMP043347,Melissa,Rodriguez,Melissa Rodriguez,49,Marketing,Coordinator,Boston,84292.34,3460.28,2023-01-27,27,88.5,melissa.rodriguez@company.com,(777) 552-3432,On Leave
EMP043348,Michael,Miller,Michael Miller,48,Sales,Associate,Boston,74692.13,3323.76,2024-01-01,26,81.0,michael.miller@company.com,(618) 281-3757,Active
EMP043349,Stephanie,Garcia,Stephanie Garcia,26,Sales,Specialist,Seattle,49841.62,3452.95,2020-12-15,2,67.4,stephanie.garcia@company.com,(448) 615-6840,Active
EMP043350,Amanda,Taylor,Amanda Taylor,29,Legal,Lead,Los Angeles,68873.23,6198.64,2024-08-25,1,80.8,amanda.taylor@company.com,(530) 564-3372,Active
EMP043351,Jessica,Jones,Jessica Jones,54,Operations,Senior Developer,Chicago,75095.18,4638.55,2022-03-01,29,68.5,jessica.jones@company.com,(551) 237-7352,Active
EMP043352,Michael,Garcia,Michael Garcia,60,Legal,Specialist,Miami,126598.72,21070.05,2021-07-20,31,83.7,michael.garcia@company.com,(767) 597-8731,Active
EMP043353,Melissa,Williams,Melissa Williams,28,Marketing,Lead,San Francisco,55707.08,2488.98,2023-12-18,2,64.6,melissa.williams@company.com,(786) 624-6050,Active
EMP043354,Christopher,Jones,Christopher Jones,58,Engineering,Senior Developer,Seattle,128922.45,5938.04,2023-08-12,36,65.9,christopher.jones@company.com,(220) 363-9533,Active
EMP043355,Stephanie,Hernandez,Stephanie Hernandez,51,Operations,Senior Developer,Los Angeles,47180.22,7530.86,2023-04-11,28,68.9,stephanie.hernandez@company.com,(378) 950-9897,Active
EMP043356,Stephanie,Miller,Stephanie Miller,52,HR,Associate,Austin,70769.09,9867.83,2024-11-07,24,94.6,stephanie.miller@company.com,(788) 292-1646,Active
EMP043357,Stephanie,Brown,Stephanie Brown,31,HR,Analyst,Miami,49127.11,4262.05,2022-11-07,3,70.8,stephanie.brown@company.com,(422) 843-3463,Active
EMP043358,Melissa,Johnson,Melissa Johnson,55,Finance,Coordinator,Los Angeles,82824.68,5073.99,2020-10-01,29,49.2,melissa.johnson@company.com,(925) 376-8673,Active
EMP043359,Lisa,Johnson,Lisa Johnson,58,Finance,Specialist,Austin,132916.13,3898.26,2023-09-24,35,82.9,lisa.johnson@company.com,(492) 986-4063,Active
EMP043360,Amanda,Anderson,Amanda Anderson,52,IT,Coordinator,Chicago,85027.73,7887.6,2020-11-27,25,56.0,amanda.anderson@company.com,(232) 768-4875,Active
EMP043361,Lisa,Lopez,Lisa Lopez,35,Sales,Associate,New York,91288.81,13035.54,2021-01-28,9,94.5,lisa.lopez@company.com,(507) 334-8410,Active
EMP043362,Amanda,Hernandez,Amanda Hernandez,54,IT,Specialist,Boston,106041.02,13076.88,2024-03-01,26,73.3,amanda.hernandez@company.com,(485) 922-2373,Active
EMP043363,David,Smith,David Smith,44,Engineering,Senior Developer,Miami,99492.61,11372.89,2021-01-17,18,65.2,david.smith@company.com,(494) 695-9648,Active
EMP043364,James,Davis,James Davis,52,Legal,Senior Developer,Seattle,70404.0,5186.16,2021-06-28,23,63.2,james.davis@company.com,(636) 850-6249,Active
EMP043365,Sarah,Anderson,Sarah Anderson,32,HR,Coordinator,Austin,67140.6,3291.95,2024-04-27,6,55.8,sarah.anderson@company.com,(746) 556-8803,Active
EMP043366,Lisa,Anderson,Lisa Anderson,51,Sales,Associate,San Francisco,94556.54,15045.19,2024-10-06,22,90.0,lisa.anderson@company.com,(361) 265-4170,Inactive
EMP043367,Nicole,Rodriguez,Nicole Rodriguez,50,HR,Director,New York,62620.23,9480.68,2024-08-13,22,82.8,nicole.rodriguez@company.com,(504) 342-1719,Active
EMP043368,Michael,Garcia,Michael Garcia,41,Marketing,Director,New York,70425.59,10882.28,2024-11-18,12,76.3,michael.garcia@company.com,(788) 610-8459,Active
EMP043369,Ashley,Johnson,Ashley Johnson,51,Sales,Coordinator,New York,83563.42,6448.66,2021-09-02,27,100.0,ashley.johnson@company.com,(899) 248-7893,Active
EMP043370,William,Martinez,William Martinez,24,IT,Manager,Seattle,36000.0,8466.81,2021-06-25,0,87.2,william.martinez@company.com,(211) 905-2059,Active
EMP043371,William,Garcia,William Garcia,46,Legal,Associate,San Francisco,90948.45,9308.36,2021-03-22,21,74.9,william.garcia@company.com,(603) 580-5648,Active
EMP043372,Ashley,Garcia,Ashley Garcia,26,Legal,Associate,Chicago,107156.18,5540.21,2023-12-31,2,83.7,ashley.garcia@company.com,(810) 971-4800,Active
EMP043373,John,Miller,John Miller,31,Engineering,Director,Los Angeles,58291.49,6705.44,2020-07-24,5,47.2,john.miller@company.com,(777) 566-9724,Active
EMP043374,Sarah,Moore,Sarah Moore,27,HR,Analyst,Los Angeles,63730.33,9199.32,2020-01-31,3,40.1,sarah.moore@company.com,(335) 481-8587,Active
EMP043375,Daniel,Martinez,Daniel Martinez,53,HR,Analyst,San Francisco,91707.66,311.97,2020-09-28,26,90.0,daniel.martinez@company.com,(517) 796-8198,Active
EMP043376,Michael,Williams,Michael Williams,30,Finance,Director,New York,72991.25,7059.3,2021-07-17,4,88.4,michael.williams@company.com,(669) 687-7365,Active
EMP043377,Ashley,Brown,Ashley Brown,52,HR,Manager,Los Angeles,58806.47,3366.15,2020-11-10,29,89.3,ashley.brown@company.com,(409) 551-6740,Active
EMP043378,James,Hernandez,James Hernandez,37,Engineering,Analyst,San Francisco,81281.66,6333.96,2020-07-19,9,75.9,james.hernandez@company.com,(624) 946-4442,Active
EMP043379,Nicole,Brown,Nicole Brown,35,Finance,Associate,New York,105325.7,6114.43,2021-09-26,6,82.1,nicole.brown@company.com,(859) 714-8658,Active
EMP043380,Robert,Taylor,Robert Taylor,22,Operations,Manager,Miami,48528.65,6788.71,2021-03-05,0,85.6,robert.taylor@company.com,(920) 480-1762,Active
EMP043381,John,Garcia,John Garcia,46,Legal,Director,Austin,92203.22,10524.33,2021-06-22,24,69.5,john.garcia@company.com,(854) 415-1215,Active
EMP043382,Melissa,Jackson,Melissa Jackson,49,IT,Director,Chicago,94359.61,9646.17,2024-08-01,24,100.0,melissa.jackson@company.com,(793) 424-3373,Active
EMP043383,Stephanie,Brown,Stephanie Brown,26,Marketing,Lead,Austin,53732.29,5844.17,2020-03-05,3,59.0,stephanie.brown@company.com,(246) 251-2133,Active
EMP043384,Christopher,Martin,Christopher Martin,36,IT,Lead,Austin,98374.17,2213.97,2021-02-08,11,72.8,christopher.martin@company.com,(392) 590-7857,Active
EMP043385,Jessica,Brown,Jessica Brown,52,Operations,Senior Developer,San Francisco,63476.32,4874.29,2022-08-06,24,66.9,jessica.brown@company.com,(587) 364-1926,Active
EMP043386,William,Miller,William Miller,27,Engineering,Associate,Chicago,60452.36,10411.37,2023-04-21,0,87.6,william.miller@company.com,(972) 439-8240,Active
EMP043387,James,Brown,James Brown,48,Finance,Manager,Los Angeles,77406.79,13157.89,2024-06-02,23,62.5,james.brown@company.com,(977) 266-1768,Inactive
EMP043388,Michael,Davis,Michael Davis,52,HR,Senior Developer,Boston,70551.1,3243.38,2020-06-21,25,78.5,michael.davis@company.com,(652) 811-4124,Active
EMP043389,Michael,Martin,Michael Martin,59,Finance,Coordinator,Austin,98683.21,6889.73,2020-12-23,32,71.4,michael.martin@company.com,(893) 274-4422,Active
EMP043390,James,Martin,James Martin,26,Engineering,Coordinator,Austin,61412.07,5659.63,2023-04-20,0,68.6,james.martin@company.com,(466) 697-3945,Active
EMP043391,Stephanie,Martinez,Stephanie Martinez,23,Engineering,Manager,Miami,53967.82,2344.07,2021-05-19,0,40.3,stephanie.martinez@company.com,(816) 302-3425,Active
EMP043392,Emily,Moore,Emily Moore,41,Finance,Lead,New York,92845.42,22705.7,2021-02-24,14,85.5,emily.moore@company.com,(958) 615-6182,Active
EMP043393,Ashley,Gonzalez,Ashley Gonzalez,42,Engineering,Lead,Seattle,104763.23,12762.74,2022-07-07,16,77.2,ashley.gonzalez@company.com,(394) 276-9714,Active
EMP043394,Jessica,Smith,Jessica Smith,37,Sales,Specialist,New York,72680.2,8384.54,2024-03-30,8,100.0,jessica.smith@company.com,(789) 313-3575,Inactive
EMP043395,Robert,Moore,Robert Moore,63,Sales,Lead,Austin,81026.73,13172.96,2024-05-06,37,76.7,robert.moore@company.com,(424) 687-5895,Active
EMP043396,John,Garcia,John Garcia,34,IT,Specialist,Miami,63237.06,6094.49,2021-01-16,7,76.9,john.garcia@company.com,(531) 485-9222,Active
EMP043397,Christopher,Martin,Christopher Martin,46,Sales,Director,San Francisco,75937.71,2559.39,2023-08-12,21,69.4,christopher.martin@company.com,(383) 282-3033,Active
EMP043398,David,Williams,David Williams,38,Finance,Lead,Chicago,76527.75,9131.11,2024-04-03,9,77.3,david.williams@company.com,(638) 643-7772,Active
EMP043399,Christopher,Johnson,Christopher Johnson,55,Engineering,Coordinator,Boston,117963.9,9942.23,2020-07-25,29,77.9,christopher.johnson@company.com,(611) 407-3227,Active
EMP043400,David,Martin,David Martin,55,Finance,Senior Developer,Boston,88753.41,6955.99,2020-12-22,28,36.7,david.martin@company.com,(932) 473-9460,On Leave
EMP043401,Michael,Lopez,Michael Lopez,25,Finance,Coordinator,Miami,109017.27,17151.51,2020-11-10,0,71.4,michael.lopez@company.com,(332) 561-2784,Active
EMP043402,David,Wilson,David Wilson,23,Legal,Lead,Seattle,63063.83,7941.01,2021-08-27,0,86.6,david.wilson@company.com,(482) 313-9469,On Leave
EMP043403,William,Taylor,William Taylor,42,Legal,Manager,Seattle,101808.83,6709.48,2021-08-16,13,49.0,william.taylor@company.com,(356) 592-8632,Active
EMP043404,Anthony,Hernandez,Anthony Hernandez,52,Sales,Coordinator,Los Angeles,90886.14,10521.73,2023-02-18,26,81.3,anthony.hernandez@company.com,(414) 335-9821,On Leave
EMP043405,Daniel,Taylor,Daniel Taylor,30,Finance,Manager,Los Angeles,81149.9,7480.96,2024-08-11,4,74.9,daniel.taylor@company.com,(562) 409-1868,Inactive
EMP043406,Daniel,Jackson,Daniel Jackson,42,Marketing,Senior Developer,Chicago,80101.3,6673.6,2021-04-26,20,52.7,daniel.jackson@company.com,(853) 585-9837,Active
EMP043407,Jessica,Smith,Jessica Smith,23,IT,Coordinator,Los Angeles,46517.18,4859.3,2020-03-15,0,91.2,jessica.smith@company.com,(602) 941-4069,Active
EMP043408,Stephanie,Wilson,Stephanie Wilson,62,Sales,Analyst,San Francisco,92919.38,13984.37,2020-09-10,36,78.5,stephanie.wilson@company.com,(659) 942-1805,Active
EMP043409,Jessica,Jackson,Jessica Jackson,43,Engineering,Senior Developer,Austin,102206.73,12970.22,2021-12-16,18,81.3,jessica.jackson@company.com,(587) 863-4123,Active
EMP043410,Daniel,Gonzalez,Daniel Gonzalez,23,Marketing,Manager,Miami,60451.39,5655.19,2020-03-25,0,58.5,daniel.gonzalez@company.com,(298) 275-7830,Inactive
EMP043411,Anthony,Garcia,Anthony Garcia,40,Marketing,Analyst,Austin,59041.89,0.0,2024-03-04,17,68.5,anthony.garcia@company.com,(401) 810-3356,Active
EMP043412,Stephanie,Garcia,Stephanie Garcia,57,HR,Lead,San Francisco,60464.18,10179.73,2022-04-20,33,69.5,stephanie.garcia@company.com,(981) 759-6665,Active
EMP043413,Robert,Gonzalez,Robert Gonzalez,40,Legal,Coordinator,San Francisco,76959.33,9072.86,2023-05-25,17,49.2,robert.gonzalez@company.com,(256) 834-1760,Inactive
EMP043414,Melissa,Moore,Melissa Moore,27,IT,Analyst,Los Angeles,75464.36,9826.99,2020-07-31,2,82.3,melissa.moore@company.com,(368) 717-7876,Active
EMP043415,Amanda,Wilson,Amanda Wilson,59,HR,Analyst,Boston,72956.32,5859.34,2020-11-27,32,70.9,amanda.wilson@company.com,(709) 556-1519,Active
EMP043416,Matthew,Davis,Matthew Davis,29,Engineering,Coordinator,San Francisco,80592.82,13141.33,2021-08-17,1,59.2,matthew.davis@company.com,(502) 739-8862,Active
EMP043417,Michael,Gonzalez,Michael Gonzalez,30,Legal,Analyst,Boston,70450.78,3871.64,2022-03-29,2,78.9,michael.gonzalez@company.com,(451) 437-2820,Active
EMP043418,Jessica,Jackson,Jessica Jackson,48,Finance,Analyst,Chicago,96569.6,4357.22,2023-11-16,24,78.3,jessica.jackson@company.com,(545) 988-6073,Active
EMP043419,Jessica,Rodriguez,Jessica Rodriguez,65,Finance,Coordinator,Chicago,123969.29,8519.43,2021-04-19,43,64.2,jessica.rodriguez@company.com,(342) 721-6186,Active
EMP043420,Stephanie,Davis,Stephanie Davis,59,Sales,Associate,Seattle,92180.39,12718.3,2023-07-02,33,86.6,stephanie.davis@company.com,(516) 208-6038,Active
EMP043421,Jessica,Anderson,Jessica Anderson,22,Engineering,Senior Developer,Miami,77231.33,10747.99,2021-10-03,0,99.0,jessica.anderson@company.com,(764) 488-8684,Active
EMP043422,Michael,Johnson,Michael Johnson,29,Sales,Director,Seattle,42019.87,7251.29,2021-05-20,2,70.1,michael.johnson@company.com,(801) 302-4327,Inactive
EMP043423,John,Wilson,John Wilson,56,Operations,Associate,Austin,65011.17,3443.09,2020-06-25,29,97.7,john.wilson@company.com,(480) 518-7511,Active
EMP043424,Emily,Taylor,Emily Taylor,27,Finance,Analyst,San Francisco,70491.94,3380.89,2022-01-26,0,82.4,emily.taylor@company.com,(515) 276-2751,Active
EMP043425,Ashley,Garcia,Ashley Garcia,64,Sales,Director,Los Angeles,99831.39,12062.92,2024-01-14,39,74.2,ashley.garcia@company.com,(279) 888-6290,Active
EMP043426,Melissa,Gonzalez,Melissa Gonzalez,51,IT,Manager,Miami,109283.86,7652.28,2024-09-23,26,71.7,melissa.gonzalez@company.com,(489) 970-6159,Active
EMP043427,James,Martin,James Martin,53,Sales,Manager,Chicago,61697.51,6455.11,2020-07-05,26,59.2,james.martin@company.com,(780) 725-6665,Active
EMP043428,Michael,Garcia,Michael Garcia,51,Legal,Director,New York,116067.44,16697.14,2023-10-12,26,56.7,michael.garcia@company.com,(990) 775-4873,Active
EMP043429,Michael,Miller,Michael Miller,63,Engineering,Lead,Seattle,122387.73,16288.23,2024-12-19,37,65.7,michael.miller@company.com,(278) 555-3684,Active
EMP043430,Emily,Rodriguez,Emily Rodriguez,58,Marketing,Coordinator,Miami,93620.89,10145.75,2022-04-17,36,88.2,emily.rodriguez@company.com,(285) 784-5559,Active
EMP043431,Emily,Jones,Emily Jones,43,Sales,Analyst,Austin,91309.06,13652.6,2021-01-07,15,79.6,emily.jones@company.com,(737) 325-6674,Active
EMP043432,Matthew,Williams,Matthew Williams,47,Finance,Coordinator,Boston,95009.33,13132.09,2024-03-06,24,75.1,matthew.williams@company.com,(527) 403-6012,Active
EMP043433,Michael,Martin,Michael Martin,47,Operations,Manager,Miami,57206.2,8798.14,2023-03-11,19,82.2,michael.martin@company.com,(331) 944-9436,Active
EMP043434,Matthew,Lopez,Matthew Lopez,41,IT,Senior Developer,Los Angeles,92796.16,2629.2,2024-12-26,12,70.1,matthew.lopez@company.com,(917) 713-1972,Active
EMP043435,David,Jackson,David Jackson,23,HR,Analyst,Miami,55619.49,5350.93,2022-01-16,0,90.6,david.jackson@company.com,(587) 943-7540,Active
EMP043436,Matthew,Gonzalez,Matthew Gonzalez,50,IT,Specialist,New York,102624.4,8543.08,2021-01-14,22,78.0,matthew.gonzalez@company.com,(980) 959-2581,Inactive
EMP043437,David,Gonzalez,David Gonzalez,41,IT,Associate,Austin,79396.93,4804.98,2024-01-28,13,67.5,david.gonzalez@company.com,(671) 703-1895,Inactive
EMP043438,Anthony,Moore,Anthony Moore,58,Finance,Manager,Seattle,66890.97,3283.86,2024-09-26,30,96.2,anthony.moore@company.com,(248) 980-1498,Inactive
EMP043439,Jessica,Jackson,Jessica Jackson,23,Operations,Coordinator,Seattle,56255.39,2075.87,2021-05-22,0,82.1,jessica.jackson@company.com,(897) 328-4895,Active
EMP043440,Robert,Anderson,Robert Anderson,22,Sales,Specialist,New York,76073.66,11404.29,2022-04-16,0,87.3,robert.anderson@company.com,(597) 827-8367,Active
EMP043441,Jessica,Williams,Jessica Williams,44,Operations,Specialist,Los Angeles,70133.55,9081.56,2022-05-04,20,73.7,jessica.williams@company.com,(266) 527-2868,Active
EMP043442,William,Martin,William Martin,59,Engineering,Coordinator,New York,83159.41,10295.08,2020-12-01,37,100.0,william.martin@company.com,(646) 501-7166,Active
EMP043443,William,Martinez,William Martinez,57,HR,Senior Developer,New York,71172.07,8780.53,2021-05-14,34,71.4,william.martinez@company.com,(464) 331-4881,Inactive
EMP043444,Stephanie,Thomas,Stephanie Thomas,45,Sales,Senior Developer,Los Angeles,72034.69,12638.25,2021-07-11,23,59.3,stephanie.thomas@company.com,(308) 896-9092,Active
EMP043445,Stephanie,Thomas,Stephanie Thomas,22,IT,Specialist,Seattle,59456.19,7913.1,2024-08-30,0,73.5,stephanie.thomas@company.com,(937) 493-5270,Active
EMP043446,Christopher,Martinez,Christopher Martinez,55,Legal,Specialist,Miami,129556.45,11602.11,2023-10-29,28,68.2,christopher.martinez@company.com,(632) 589-4025,Active
EMP043447,Emily,Smith,Emily Smith,29,HR,Manager,Seattle,58815.79,9261.96,2021-09-21,3,76.6,emily.smith@company.com,(240) 722-7004,Active
EMP043448,Stephanie,Lopez,Stephanie Lopez,30,Marketing,Associate,Chicago,90785.83,11398.1,2024-08-09,1,59.0,stephanie.lopez@company.com,(668) 644-3078,Active
EMP043449,Ashley,Hernandez,Ashley Hernandez,45,HR,Senior Developer,Los Angeles,73517.55,6910.12,2020-08-16,17,69.1,ashley.hernandez@company.com,(231) 368-3325,Inactive
EMP043450,Christopher,Martinez,Christopher Martinez,47,HR,Manager,San Francisco,69172.71,4633.75,2021-05-12,19,62.6,christopher.martinez@company.com,(313) 606-6281,Active
EMP043451,Melissa,Taylor,Melissa Taylor,47,Engineering,Associate,Chicago,103668.76,11585.19,2021-08-18,19,78.8,melissa.taylor@company.com,(775) 894-7748,On Leave
EMP043452,Daniel,Lopez,Daniel Lopez,35,Finance,Director,Miami,50744.27,11994.3,2023-01-01,13,56.0,daniel.lopez@company.com,(793) 810-7965,Active
EMP043453,Ashley,Rodriguez,Ashley Rodriguez,30,Finance,Specialist,Los Angeles,72068.18,15720.55,2021-08-17,1,75.6,ashley.rodriguez@company.com,(441) 545-4759,On Leave
EMP043454,Jessica,Lopez,Jessica Lopez,41,HR,Analyst,Austin,48460.45,3517.87,2024-09-26,14,100.0,jessica.lopez@company.com,(649) 466-7260,Active
EMP043455,Michael,Anderson,Michael Anderson,38,Finance,Associate,Miami,80509.56,12286.58,2023-05-14,9,88.5,michael.anderson@company.com,(969) 393-7083,Inactive
EMP043456,Melissa,Anderson,Melissa Anderson,23,Marketing,Coordinator,New York,49058.92,6994.73,2022-07-21,0,57.2,melissa.anderson@company.com,(488) 522-3433,Active
EMP043457,Matthew,Williams,Matthew Williams,40,HR,Coordinator,Boston,86033.84,7422.79,2023-10-29,12,68.7,matthew.williams@company.com,(381) 261-5044,Active
EMP043458,David,Rodriguez,David Rodriguez,62,Operations,Director,New York,88787.37,9048.15,2022-08-21,35,89.5,david.rodriguez@company.com,(595) 926-6495,Active
EMP043459,John,Williams,John Williams,58,Engineering,Director,New York,119834.17,11733.5,2020-04-10,29,48.7,john.williams@company.com,(807) 463-9391,Active
EMP043460,Nicole,Lopez,Nicole Lopez,64,Sales,Senior Developer,Boston,60047.17,8819.95,2020-03-11,40,93.8,nicole.lopez@company.com,(450) 986-1356,Active
EMP043461,Sarah,Williams,Sarah Williams,55,Legal,Specialist,Boston,81607.05,550.75,2021-12-01,32,66.9,sarah.williams@company.com,(369) 783-9342,Inactive
EMP043462,Robert,Garcia,Robert Garcia,38,IT,Coordinator,Chicago,45426.52,2242.89,2020-06-15,10,83.4,robert.garcia@company.com,(236) 534-5171,Inactive
EMP043463,Michael,Davis,Michael Davis,34,IT,Manager,Boston,69934.81,8517.6,2020-12-30,6,68.6,michael.davis@company.com,(975) 472-2964,Active
EMP043464,Anthony,Rodriguez,Anthony Rodriguez,32,HR,Analyst,New York,70348.99,3779.21,2020-11-29,5,90.2,anthony.rodriguez@company.com,(429) 864-5922,Active
EMP043465,Matthew,Gonzalez,Matthew Gonzalez,23,Legal,Coordinator,Miami,68768.28,8576.26,2022-09-12,0,78.9,matthew.gonzalez@company.com,(377) 755-9097,Active
EMP043466,Matthew,Gonzalez,Matthew Gonzalez,58,Marketing,Manager,Chicago,81036.92,11142.2,2022-08-26,29,74.4,matthew.gonzalez@company.com,(682) 570-2880,Active
EMP043467,William,Garcia,William Garcia,26,Operations,Manager,Miami,56437.92,7024.72,2022-12-30,3,99.7,william.garcia@company.com,(270) 938-3828,Active
EMP043468,James,Davis,James Davis,62,Marketing,Senior Developer,Los Angeles,90330.92,3392.1,2021-08-09,40,78.6,james.davis@company.com,(329) 955-8953,Active
EMP043469,Jane,Jones,Jane Jones,46,IT,Analyst,Miami,101921.17,17.47,2022-09-21,23,88.5,jane.jones@company.com,(986) 732-4887,Active
EMP043470,Sarah,Miller,Sarah Miller,58,HR,Director,San Francisco,96553.92,1052.05,2021-10-07,34,88.1,sarah.miller@company.com,(290) 645-3675,Active
EMP043471,Robert,Jackson,Robert Jackson,50,Legal,Associate,Los Angeles,60506.08,3640.71,2022-04-29,21,80.6,robert.jackson@company.com,(464) 657-5298,Active
EMP043472,Nicole,Wilson,Nicole Wilson,34,IT,Associate,Chicago,75561.01,9647.91,2021-01-20,5,68.9,nicole.wilson@company.com,(715) 758-9909,Active
EMP043473,Daniel,Gonzalez,Daniel Gonzalez,23,HR,Coordinator,Miami,46104.67,4745.69,2023-08-04,0,79.3,daniel.gonzalez@company.com,(871) 323-7434,Active
EMP043474,Melissa,Lopez,Melissa Lopez,52,Engineering,Director,Boston,53933.04,0.0,2021-02-14,25,78.2,melissa.lopez@company.com,(971) 945-9719,Active
EMP043475,Emily,Miller,Emily Miller,64,HR,Specialist,Chicago,84572.59,5449.8,2022-10-31,35,98.1,emily.miller@company.com,(811) 835-8283,Active
EMP043476,Stephanie,Martin,Stephanie Martin,56,Engineering,Senior Developer,New York,129029.52,14818.65,2020-01-24,27,61.2,stephanie.martin@company.com,(489) 366-3916,Active
EMP043477,John,Wilson,John Wilson,60,Legal,Manager,Austin,93008.74,8319.55,2022-08-06,38,100.0,john.wilson@company.com,(317) 426-5758,Active
EMP043478,Sarah,Jackson,Sarah Jackson,32,HR,Manager,Seattle,57164.39,9036.34,2024-01-10,6,88.9,sarah.jackson@company.com,(426) 515-2326,Active
EMP043479,Stephanie,Garcia,Stephanie Garcia,50,Sales,Lead,Boston,98927.15,6937.21,2020-01-27,26,81.5,stephanie.garcia@company.com,(997) 378-4254,Active
EMP043480,Jessica,Martinez,Jessica Martinez,48,Marketing,Coordinator,Miami,64110.49,5046.72,2020-04-25,19,87.9,jessica.martinez@company.com,(323) 832-2558,Active
EMP043481,Melissa,Garcia,Melissa Garcia,43,Legal,Manager,Seattle,53503.08,7309.04,2021-05-28,21,63.8,melissa.garcia@company.com,(842) 250-5395,Active
EMP043482,William,Martinez,William Martinez,25,Finance,Lead,Miami,82103.85,7642.66,2022-03-06,0,100.0,william.martinez@company.com,(438) 898-7434,Active
EMP043483,Jane,Anderson,Jane Anderson,62,HR,Associate,San Francisco,86776.99,9130.54,2024-12-14,35,77.2,jane.anderson@company.com,(633) 203-5420,On Leave
EMP043484,Lisa,Miller,Lisa Miller,42,Operations,Lead,Seattle,58201.81,6888.91,2021-11-09,18,56.1,lisa.miller@company.com,(583) 496-4775,Active
EMP043485,Anthony,Martinez,Anthony Martinez,34,Operations,Analyst,Los Angeles,45304.66,1748.51,2021-02-25,11,51.9,anthony.martinez@company.com,(729) 737-8090,Active
EMP043486,Amanda,Garcia,Amanda Garcia,53,Finance,Specialist,Seattle,80435.16,6975.96,2021-11-10,30,75.2,amanda.garcia@company.com,(224) 902-2594,Active
EMP043487,Nicole,Martin,Nicole Martin,44,Finance,Senior Developer,Austin,85099.11,11346.26,2021-09-12,20,66.5,nicole.martin@company.com,(817) 914-8393,Active
EMP043488,Nicole,Taylor,Nicole Taylor,27,Operations,Coordinator,Boston,46129.88,3006.6,2023-01-25,2,63.3,nicole.taylor@company.com,(359) 467-7767,Active
EMP043489,John,Hernandez,John Hernandez,64,Finance,Senior Developer,San Francisco,116638.92,9078.41,2022-04-14,38,90.8,john.hernandez@company.com,(243) 828-2584,Active
EMP043490,David,Hernandez,David Hernandez,60,Sales,Manager,Boston,83384.7,4463.45,2022-07-03,34,75.6,david.hernandez@company.com,(230) 945-2238,Active
EMP043491,William,Martin,William Martin,59,Operations,Senior Developer,Boston,70404.58,10250.32,2020-06-25,33,82.3,william.martin@company.com,(936) 256-9322,Active
EMP043492,Sarah,Gonzalez,Sarah Gonzalez,47,Marketing,Associate,San Francisco,72240.61,9909.95,2021-05-17,20,82.0,sarah.gonzalez@company.com,(440) 615-1873,On Leave
EMP043493,John,Davis,John Davis,34,Marketing,Specialist,Seattle,58573.8,6598.23,2022-01-16,10,100.0,john.davis@company.com,(258) 363-1448,On Leave
EMP043494,Christopher,Anderson,Christopher Anderson,27,HR,Manager,Seattle,58809.8,0.0,2023-05-28,0,55.2,christopher.anderson@company.com,(902) 448-6996,Active
EMP043495,James,Gonzalez,James Gonzalez,33,Engineering,Manager,New York,101643.39,12955.73,2024-05-08,4,71.9,james.gonzalez@company.com,(887) 898-5942,Active
EMP043496,Nicole,Hernandez,Nicole Hernandez,36,Marketing,Associate,New York,69068.88,11475.37,2023-03-20,11,65.8,nicole.hernandez@company.com,(641) 613-7827,Active
EMP043497,Michael,Martinez,Michael Martinez,33,Engineering,Manager,Chicago,84444.76,12104.71,2020-06-16,9,82.3,michael.martinez@company.com,(390) 213-2971,Inactive
EMP043498,Emily,Garcia,Emily Garcia,49,Operations,Lead,San Francisco,54495.3,8827.13,2021-04-01,24,63.9,emily.garcia@company.com,(712) 770-9165,Active
EMP043499,Jessica,Gonzalez,Jessica Gonzalez,44,HR,Manager,Miami,59723.93,5023.75,2021-02-16,17,61.1,jessica.gonzalez@company.com,(978) 847-8000,Active
EMP043500,Lisa,Lopez,Lisa Lopez,46,Marketing,Associate,Boston,97037.68,1429.57,2021-07-09,17,84.6,lisa.lopez@company.com,(506) 496-4266,Active
EMP043501,Jane,Jones,Jane Jones,52,Finance,Specialist,New York,93957.81,13302.53,2024-01-25,28,81.8,jane.jones@company.com,(205) 296-4042,Active
EMP043502,Amanda,Jones,Amanda Jones,36,HR,Specialist,San Francisco,65625.41,2367.51,2024-08-02,14,53.1,amanda.jones@company.com,(501) 693-1362,Active
EMP043503,Jane,Miller,Jane Miller,62,Legal,Coordinator,Chicago,140116.39,0.0,2022-07-20,38,69.1,jane.miller@company.com,(745) 663-4586,Active
EMP043504,Amanda,Jones,Amanda Jones,42,Engineering,Director,Miami,115465.24,9958.01,2021-09-28,18,73.1,amanda.jones@company.com,(204) 243-3946,Active
EMP043505,Nicole,Thomas,Nicole Thomas,59,Finance,Analyst,Miami,94228.97,5735.03,2022-02-10,32,59.7,nicole.thomas@company.com,(515) 885-3654,Active
EMP043506,Sarah,Martin,Sarah Martin,60,Sales,Lead,Los Angeles,80787.92,10429.3,2020-11-18,31,70.4,sarah.martin@company.com,(867) 503-3723,Inactive
EMP043507,Jessica,Thomas,Jessica Thomas,32,Engineering,Analyst,Chicago,83500.46,799.38,2023-07-14,10,73.9,jessica.thomas@company.com,(772) 994-4927,Active
EMP043508,Daniel,Wilson,Daniel Wilson,55,Sales,Analyst,Miami,55659.78,2410.48,2022-02-28,33,90.7,daniel.wilson@company.com,(536) 657-2875,Active
EMP043509,Amanda,Martin,Amanda Martin,50,Legal,Senior Developer,Austin,105778.97,14931.6,2021-05-09,21,72.1,amanda.martin@company.com,(704) 709-1590,Active
EMP043510,Sarah,Martin,Sarah Martin,37,Finance,Senior Developer,Chicago,74787.08,10106.06,2024-08-18,8,87.7,sarah.martin@company.com,(797) 301-2058,Active
EMP043511,Stephanie,Johnson,Stephanie Johnson,38,IT,Specialist,Boston,112269.02,21708.51,2023-02-22,10,53.7,stephanie.johnson@company.com,(551) 443-6900,Active
EMP043512,Anthony,Jones,Anthony Jones,62,Engineering,Coordinator,Boston,123207.12,18153.64,2022-11-28,38,64.2,anthony.jones@company.com,(722) 769-6028,On Leave
EMP043513,Daniel,Hernandez,Daniel Hernandez,30,HR,Analyst,New York,27000.0,3004.78,2023-02-21,7,80.8,daniel.hernandez@company.com,(318) 430-1136,Active
EMP043514,Jane,Wilson,Jane Wilson,63,IT,Senior Developer,Austin,122491.22,11831.5,2023-10-10,41,83.7,jane.wilson@company.com,(624) 986-7364,Active
EMP043515,John,Williams,John Williams,63,Legal,Senior Developer,Miami,115762.15,11603.92,2020-08-02,35,82.2,john.williams@company.com,(356) 260-6087,Active
EMP043516,Ashley,Garcia,Ashley Garcia,42,Operations,Senior Developer,Boston,63237.38,3225.97,2021-07-26,19,86.1,ashley.garcia@company.com,(405) 751-2807,Inactive
EMP043517,James,Hernandez,James Hernandez,48,Operations,Specialist,Los Angeles,63011.94,7576.82,2021-08-03,26,80.3,james.hernandez@company.com,(851) 285-8627,Active
EMP043518,Daniel,Garcia,Daniel Garcia,38,IT,Lead,Seattle,113896.56,10763.55,2020-06-25,11,85.7,daniel.garcia@company.com,(697) 689-2889,Inactive
EMP043519,Amanda,Lopez,Amanda Lopez,56,Engineering,Lead,Austin,125139.59,18135.03,2023-07-25,31,100.0,amanda.lopez@company.com,(919) 878-2689,Active
EMP043520,Anthony,Williams,Anthony Williams,43,Sales,Lead,Seattle,52686.58,10488.47,2022-10-20,20,76.8,anthony.williams@company.com,(459) 743-3472,On Leave
EMP043521,John,Lopez,John Lopez,42,Marketing,Associate,Boston,78078.14,11777.73,2023-05-04,16,63.1,john.lopez@company.com,(740) 278-5069,Active
EMP043522,Matthew,Anderson,Matthew Anderson,27,IT,Analyst,Chicago,65529.66,6991.25,2023-12-30,2,57.0,matthew.anderson@company.com,(867) 632-2817,Active
EMP043523,Ashley,Williams,Ashley Williams,27,Sales,Lead,Austin,39595.15,4916.13,2024-02-15,0,85.1,ashley.williams@company.com,(748) 262-1305,On Leave
EMP043524,William,Thomas,William Thomas,23,IT,Specialist,Seattle,92857.52,10306.97,2022-10-17,0,67.9,william.thomas@company.com,(784) 600-8286,Active
EMP043525,Robert,Gonzalez,Robert Gonzalez,55,Engineering,Associate,San Francisco,118290.51,10431.03,2024-06-12,27,62.7,robert.gonzalez@company.com,(429) 726-4044,Active
EMP043526,Daniel,Gonzalez,Daniel Gonzalez,63,Finance,Associate,Chicago,86635.86,10269.21,2023-06-24,37,77.1,daniel.gonzalez@company.com,(680) 899-1238,Active
EMP043527,David,Jackson,David Jackson,55,Engineering,Manager,San Francisco,107941.46,942.44,2021-05-17,26,39.5,david.jackson@company.com,(788) 403-5644,Active
EMP043528,John,Martinez,John Martinez,51,Operations,Analyst,Boston,66941.02,2024.51,2023-05-25,23,79.1,john.martinez@company.com,(992) 910-7450,Active
EMP043529,Sarah,Martinez,Sarah Martinez,50,Engineering,Specialist,San Francisco,128835.78,316.33,2021-10-04,21,97.3,sarah.martinez@company.com,(377) 337-8790,Active
EMP043530,William,Garcia,William Garcia,36,Legal,Manager,Seattle,102398.08,6734.9,2021-07-30,13,67.4,william.garcia@company.com,(991) 746-9610,Active
EMP043531,Christopher,Hernandez,Christopher Hernandez,58,HR,Associate,Los Angeles,80240.09,3846.23,2021-02-26,29,97.0,christopher.hernandez@company.com,(902) 519-7483,Active
EMP043532,Christopher,Davis,Christopher Davis,30,Marketing,Analyst,Boston,67904.22,1126.8,2023-07-12,1,56.0,christopher.davis@company.com,(891) 707-9385,Active
EMP043533,Jane,Taylor,Jane Taylor,30,Engineering,Director,Los Angeles,92827.11,17667.18,2021-02-07,5,68.7,jane.taylor@company.com,(719) 874-4802,Active
EMP043534,Lisa,Rodriguez,Lisa Rodriguez,33,Operations,Specialist,New York,68557.32,10399.71,2024-11-12,9,45.7,lisa.rodriguez@company.com,(744) 610-2434,Active
EMP043535,Jessica,Taylor,Jessica Taylor,52,Finance,Lead,Austin,102298.47,12647.42,2022-11-30,23,66.3,jessica.taylor@company.com,(393) 687-3019,Active
EMP043536,James,Moore,James Moore,33,HR,Analyst,Miami,67226.91,5259.41,2024-12-25,8,74.7,james.moore@company.com,(268) 297-9105,Active
EMP043537,Matthew,Hernandez,Matthew Hernandez,61,Finance,Manager,Seattle,140382.18,4777.37,2021-01-27,37,33.2,matthew.hernandez@company.com,(773) 357-1408,Active
EMP043538,Anthony,Moore,Anthony Moore,55,Marketing,Manager,Seattle,94430.58,9500.95,2024-11-27,32,66.7,anthony.moore@company.com,(510) 788-8601,Active
EMP043539,Ashley,Rodriguez,Ashley Rodriguez,44,Marketing,Analyst,Chicago,59596.87,2661.98,2021-12-31,16,63.7,ashley.rodriguez@company.com,(401) 867-3087,Active
EMP043540,Sarah,Wilson,Sarah Wilson,60,HR,Associate,San Francisco,68681.37,11437.89,2022-03-20,33,90.2,sarah.wilson@company.com,(729) 278-5291,Active
EMP043541,Matthew,Anderson,Matthew Anderson,54,Legal,Coordinator,Los Angeles,95678.59,11169.94,2024-11-20,29,78.9,matthew.anderson@company.com,(816) 543-2696,Active
EMP043542,Stephanie,Miller,Stephanie Miller,31,IT,Associate,Austin,82677.43,3862.48,2020-09-27,9,99.6,stephanie.miller@company.com,(285) 991-8833,Active
EMP043543,Emily,Moore,Emily Moore,61,Marketing,Director,Seattle,83841.6,6646.44,2023-10-30,34,80.5,emily.moore@company.com,(673) 940-1546,Active
EMP043544,Anthony,Jones,Anthony Jones,35,Marketing,Manager,Boston,70097.75,7865.33,2023-04-06,12,74.5,anthony.jones@company.com,(780) 682-3109,Active
EMP043545,Matthew,Martin,Matthew Martin,33,Legal,Specialist,Chicago,80706.21,998.97,2024-09-18,4,87.1,matthew.martin@company.com,(385) 515-2432,Active
EMP043546,John,Johnson,John Johnson,48,Operations,Lead,Chicago,82406.64,10452.81,2021-05-20,23,58.8,john.johnson@company.com,(422) 811-9952,Active
EMP043547,Daniel,Jones,Daniel Jones,23,Marketing,Senior Developer,Los Angeles,63076.59,7075.34,2020-08-12,0,89.6,daniel.jones@company.com,(646) 992-5588,Inactive
EMP043548,David,Jones,David Jones,40,IT,Senior Developer,Miami,80589.53,15631.85,2022-05-20,16,87.9,david.jones@company.com,(854) 240-4865,Active
EMP043549,John,Jackson,John Jackson,62,Finance,Specialist,Chicago,85936.11,10561.53,2021-11-05,38,63.3,john.jackson@company.com,(719) 737-9007,Inactive
EMP043550,John,Taylor,John Taylor,26,Sales,Manager,New York,57249.26,3508.17,2024-12-27,2,83.4,john.taylor@company.com,(794) 802-9503,Active
EMP043551,William,Smith,William Smith,46,Engineering,Coordinator,New York,64102.03,416.87,2021-04-10,20,98.1,william.smith@company.com,(389) 210-1260,Active
EMP043552,Christopher,Johnson,Christopher Johnson,28,Legal,Director,Austin,81018.58,11266.91,2023-10-22,5,88.1,christopher.johnson@company.com,(454) 398-4698,Active
EMP043553,Christopher,Taylor,Christopher Taylor,33,Sales,Senior Developer,New York,84103.18,6434.82,2022-01-07,6,71.6,christopher.taylor@company.com,(643) 439-4039,On Leave
EMP043554,David,Miller,David Miller,50,Operations,Senior Developer,Austin,54503.01,4350.08,2024-09-28,24,73.8,david.miller@company.com,(880) 638-3840,Active
EMP043555,Anthony,Thomas,Anthony Thomas,35,IT,Analyst,Miami,76896.12,8188.87,2022-03-15,9,85.3,anthony.thomas@company.com,(245) 963-7489,Active
EMP043556,Nicole,Wilson,Nicole Wilson,36,Operations,Director,Los Angeles,63030.0,8019.29,2020-10-05,14,65.9,nicole.wilson@company.com,(612) 978-4804,Active
EMP043557,Melissa,Martin,Melissa Martin,28,HR,Lead,Los Angeles,64863.71,5089.68,2022-04-07,0,71.4,melissa.martin@company.com,(423) 669-9003,Active
EMP043558,James,Johnson,James Johnson,52,Engineering,Senior Developer,Seattle,119206.64,18022.18,2021-09-23,28,91.0,james.johnson@company.com,(432) 420-4043,Active
EMP043559,William,Thomas,William Thomas,55,Sales,Associate,Chicago,83329.28,3255.0,2021-02-09,26,54.4,william.thomas@company.com,(294) 731-3202,Active
EMP043560,Jane,Thomas,Jane Thomas,64,Sales,Specialist,New York,90697.59,11847.92,2024-12-07,41,46.6,jane.thomas@company.com,(321) 214-4262,Active
EMP043561,Anthony,Moore,Anthony Moore,47,Engineering,Associate,Miami,111473.48,17171.97,2023-08-25,25,68.8,anthony.moore@company.com,(431) 892-5219,Active
EMP043562,Anthony,Brown,Anthony Brown,22,IT,Senior Developer,New York,69989.16,4966.87,2024-05-10,0,59.7,anthony.brown@company.com,(953) 378-2960,Inactive
EMP043563,William,Smith,William Smith,39,Operations,Director,San Francisco,53246.34,9503.55,2024-11-03,16,82.2,william.smith@company.com,(306) 993-3329,Active
EMP043564,Michael,Hernandez,Michael Hernandez,38,Finance,Senior Developer,New York,75000.15,6989.12,2020-01-24,10,76.8,michael.hernandez@company.com,(677) 505-2891,Active
EMP043565,Sarah,Hernandez,Sarah Hernandez,50,HR,Senior Developer,Boston,83239.11,9909.46,2021-12-06,26,65.1,sarah.hernandez@company.com,(377) 991-7011,Active
EMP043566,Jessica,Martinez,Jessica Martinez,45,Finance,Specialist,Austin,87137.44,12997.9,2022-11-30,22,70.2,jessica.martinez@company.com,(624) 538-9385,Active
EMP043567,Daniel,Martin,Daniel Martin,26,Sales,Associate,Miami,63674.19,3400.35,2022-12-26,4,61.9,daniel.martin@company.com,(880) 839-9567,Active
EMP043568,Anthony,Hernandez,Anthony Hernandez,27,IT,Lead,San Francisco,100386.04,8918.11,2022-05-24,0,63.9,anthony.hernandez@company.com,(803) 263-3546,Active
EMP043569,Sarah,Lopez,Sarah Lopez,32,Legal,Lead,Los Angeles,66720.48,9397.19,2020-01-01,10,80.3,sarah.lopez@company.com,(772) 954-1446,Active
EMP043570,Lisa,Anderson,Lisa Anderson,45,Operations,Associate,Boston,44564.53,3962.87,2024-03-12,23,61.0,lisa.anderson@company.com,(868) 780-4634,Active
EMP043571,Jessica,Moore,Jessica Moore,32,Operations,Associate,Seattle,53999.52,6672.05,2022-02-13,9,68.8,jessica.moore@company.com,(542) 575-3333,Active
EMP043572,Emily,Miller,Emily Miller,41,Sales,Associate,Austin,71055.98,10425.4,2021-04-26,19,66.6,emily.miller@company.com,(769) 843-7596,Inactive
EMP043573,John,Anderson,John Anderson,24,Legal,Specialist,New York,89156.2,14673.1,2022-08-02,0,89.1,john.anderson@company.com,(869) 517-4280,Active
EMP043574,Sarah,Rodriguez,Sarah Rodriguez,38,Sales,Senior Developer,Seattle,92743.82,13802.57,2020-11-16,15,85.0,sarah.rodriguez@company.com,(911) 268-8512,Active
EMP043575,Nicole,Davis,Nicole Davis,65,Engineering,Manager,Seattle,99082.09,9771.61,2023-12-17,37,88.7,nicole.davis@company.com,(363) 595-7038,Active
EMP043576,David,Williams,David Williams,56,Sales,Associate,Austin,75749.49,7992.91,2021-04-21,31,84.0,david.williams@company.com,(299) 403-5360,Active
EMP043577,Jessica,Smith,Jessica Smith,55,Marketing,Senior Developer,San Francisco,73964.67,14940.48,2024-07-28,33,84.3,jessica.smith@company.com,(363) 968-3937,Active
EMP043578,William,Davis,William Davis,43,Sales,Specialist,Boston,75092.7,4804.65,2021-07-07,20,88.5,william.davis@company.com,(575) 899-6209,Active
EMP043579,Nicole,Johnson,Nicole Johnson,41,Sales,Specialist,Chicago,64774.82,0.0,2020-01-30,16,66.9,nicole.johnson@company.com,(917) 201-6544,Active
EMP043580,Matthew,Hernandez,Matthew Hernandez,39,Operations,Specialist,Seattle,54777.53,281.95,2021-01-09,15,86.3,matthew.hernandez@company.com,(475) 865-6256,On Leave
EMP043581,Amanda,Jones,Amanda Jones,38,Marketing,Lead,Chicago,73060.39,12105.06,2023-06-14,14,100.0,amanda.jones@company.com,(911) 764-4623,Active
EMP043582,Anthony,Lopez,Anthony Lopez,22,Legal,Senior Developer,Miami,56600.62,0.0,2020-04-12,0,48.6,anthony.lopez@company.com,(492) 784-8775,Active
EMP043583,Daniel,Miller,Daniel Miller,38,Sales,Associate,Los Angeles,50078.98,7457.67,2020-03-14,9,56.7,daniel.miller@company.com,(689) 547-2207,Active
EMP043584,Nicole,Rodriguez,Nicole Rodriguez,29,Engineering,Analyst,Boston,87978.94,8116.76,2021-01-22,5,92.8,nicole.rodriguez@company.com,(672) 780-5135,Inactive
EMP043585,Stephanie,Rodriguez,Stephanie Rodriguez,33,IT,Lead,San Francisco,59773.63,0.0,2020-06-14,10,74.2,stephanie.rodriguez@company.com,(625) 474-2855,On Leave
EMP043586,Michael,Jones,Michael Jones,62,Operations,Analyst,Seattle,86316.21,11347.31,2023-08-27,33,70.1,michael.jones@company.com,(530) 801-8296,Active
EMP043587,Nicole,Johnson,Nicole Johnson,64,IT,Manager,New York,86791.88,2230.27,2023-03-15,41,67.0,nicole.johnson@company.com,(845) 944-8853,Active
EMP043588,Emily,Jones,Emily Jones,58,Sales,Director,Los Angeles,77304.81,4455.28,2023-09-10,31,100.0,emily.jones@company.com,(869) 938-8181,Active
EMP043589,Amanda,Hernandez,Amanda Hernandez,60,IT,Manager,San Francisco,89123.34,7555.47,2024-11-30,37,77.3,amanda.hernandez@company.com,(897) 611-4943,Active
EMP043590,Anthony,Taylor,Anthony Taylor,40,Finance,Director,Miami,91237.53,6491.07,2020-04-15,11,73.8,anthony.taylor@company.com,(433) 539-6217,Active
EMP043591,Nicole,Moore,Nicole Moore,58,IT,Specialist,Chicago,108956.59,12308.61,2021-11-29,34,86.6,nicole.moore@company.com,(458) 825-7395,Active
EMP043592,Jane,Davis,Jane Davis,23,Engineering,Manager,Chicago,61913.36,8422.33,2020-03-26,0,44.0,jane.davis@company.com,(961) 757-4086,Active
EMP043593,Christopher,Martin,Christopher Martin,24,Sales,Specialist,Boston,45805.75,4653.54,2023-10-28,0,75.6,christopher.martin@company.com,(246) 435-5021,Active
EMP043594,John,Martinez,John Martinez,63,Operations,Senior Developer,San Francisco,71665.28,7980.4,2023-04-24,40,63.2,john.martinez@company.com,(598) 712-3613,Active
EMP043595,Daniel,Jackson,Daniel Jackson,45,Operations,Senior Developer,New York,58294.03,8592.16,2020-12-24,19,77.4,daniel.jackson@company.com,(871) 287-7968,Active
EMP043596,Stephanie,Williams,Stephanie Williams,35,Engineering,Associate,Chicago,91817.73,11343.4,2020-05-05,11,77.7,stephanie.williams@company.com,(742) 362-9085,Active
EMP043597,Robert,Martinez,Robert Martinez,26,Legal,Analyst,New York,74422.52,10257.59,2023-02-26,2,79.2,robert.martinez@company.com,(737) 606-1008,On Leave
EMP043598,Amanda,Anderson,Amanda Anderson,62,Finance,Analyst,Los Angeles,62321.66,6516.44,2020-09-03,39,67.3,amanda.anderson@company.com,(327) 835-4856,Active
EMP043599,Stephanie,Johnson,Stephanie Johnson,29,Operations,Coordinator,San Francisco,65660.79,0.0,2021-08-14,1,54.9,stephanie.johnson@company.com,(460) 217-7499,Active
EMP043600,Nicole,Martin,Nicole Martin,38,IT,Associate,San Francisco,73185.61,14833.85,2022-03-03,16,46.2,nicole.martin@company.com,(654) 653-6001,Active
EMP043601,Jane,Thomas,Jane Thomas,45,Marketing,Lead,Boston,61989.42,4270.03,2020-02-21,23,82.0,jane.thomas@company.com,(511) 656-3663,Active
EMP043602,Matthew,Jackson,Matthew Jackson,50,Marketing,Director,Seattle,56085.71,3942.8,2024-10-27,28,52.8,matthew.jackson@company.com,(953) 227-8495,Active
EMP043603,Amanda,Williams,Amanda Williams,61,Operations,Specialist,San Francisco,48541.71,9202.63,2020-12-26,34,82.5,amanda.williams@company.com,(551) 629-2725,Active
EMP043604,Michael,Brown,Michael Brown,65,Marketing,Senior Developer,Chicago,93753.63,17586.48,2020-06-04,37,51.2,michael.brown@company.com,(779) 614-8727,Active
EMP043605,Matthew,Miller,Matthew Miller,28,Marketing,Director,Chicago,72322.64,2244.47,2024-10-23,2,81.8,matthew.miller@company.com,(969) 692-9308,Active
EMP043606,Melissa,Jones,Melissa Jones,39,Finance,Lead,Los Angeles,96650.36,9209.88,2021-04-27,12,82.2,melissa.jones@company.com,(635) 475-9628,Active
EMP043607,Ashley,Smith,Ashley Smith,48,Engineering,Manager,Miami,72911.51,13745.57,2021-03-21,24,100.0,ashley.smith@company.com,(255) 829-6436,Inactive
EMP043608,Matthew,Lopez,Matthew Lopez,24,Marketing,Manager,Miami,63576.87,6646.49,2020-09-01,0,99.8,matthew.lopez@company.com,(664) 398-2240,Active
EMP043609,Sarah,Rodriguez,Sarah Rodriguez,48,Sales,Manager,Chicago,104542.61,8982.94,2021-01-29,19,84.4,sarah.rodriguez@company.com,(567) 710-9413,Active
EMP043610,Anthony,Davis,Anthony Davis,62,Engineering,Lead,Boston,137982.34,10854.25,2022-06-02,39,59.5,anthony.davis@company.com,(781) 457-8083,Active
EMP043611,Jessica,Rodriguez,Jessica Rodriguez,47,HR,Senior Developer,Miami,51465.96,6207.39,2020-01-08,23,69.2,jessica.rodriguez@company.com,(320) 433-9495,Active
EMP043612,Sarah,Jones,Sarah Jones,46,Engineering,Coordinator,San Francisco,154435.68,13449.41,2021-07-17,24,84.9,sarah.jones@company.com,(228) 908-9557,Active
EMP043613,James,Garcia,James Garcia,62,IT,Senior Developer,Seattle,101849.71,8050.16,2020-11-18,39,100.0,james.garcia@company.com,(948) 544-8129,Active
EMP043614,Robert,Jackson,Robert Jackson,45,Operations,Analyst,New York,71557.04,12382.19,2022-08-12,17,78.3,robert.jackson@company.com,(412) 336-3145,Active
EMP043615,Jane,Jones,Jane Jones,57,IT,Manager,Boston,87602.66,7837.7,2023-08-01,34,69.8,jane.jones@company.com,(279) 367-9173,Inactive
EMP043616,Stephanie,Davis,Stephanie Davis,31,Sales,Lead,San Francisco,88069.34,8779.04,2023-10-12,4,67.7,stephanie.davis@company.com,(806) 210-3268,Active
EMP043617,John,Martin,John Martin,25,Engineering,Manager,Miami,88268.6,19497.5,2021-10-28,0,73.5,john.martin@company.com,(884) 637-3281,Inactive
EMP043618,Lisa,Hernandez,Lisa Hernandez,22,Sales,Coordinator,Miami,45771.91,4700.28,2022-01-13,0,82.3,lisa.hernandez@company.com,(352) 603-7832,Active
EMP043619,Nicole,Martin,Nicole Martin,40,Operations,Coordinator,Los Angeles,80781.75,1521.41,2020-02-08,15,68.7,nicole.martin@company.com,(735) 681-9904,Active
EMP043620,Matthew,Davis,Matthew Davis,59,IT,Analyst,Seattle,111362.89,11620.99,2022-01-31,35,69.0,matthew.davis@company.com,(842) 729-6191,Active
EMP043621,Ashley,Anderson,Ashley Anderson,65,Operations,Analyst,Los Angeles,80076.72,6908.59,2020-07-11,38,69.8,ashley.anderson@company.com,(534) 905-2564,Active
EMP043622,Christopher,Anderson,Christopher Anderson,64,Operations,Manager,Boston,51415.0,5650.59,2022-04-21,35,68.3,christopher.anderson@company.com,(251) 988-8176,Active
EMP043623,Robert,Martinez,Robert Martinez,45,Finance,Coordinator,Boston,83913.66,14814.66,2021-11-23,17,68.4,robert.martinez@company.com,(842) 400-5806,Active
EMP043624,Michael,Martin,Michael Martin,24,Finance,Senior Developer,Chicago,66511.43,4867.55,2023-10-19,0,79.0,michael.martin@company.com,(318) 564-4341,Active
EMP043625,Jessica,Brown,Jessica Brown,40,Finance,Lead,Chicago,98393.29,9941.47,2020-06-25,18,81.9,jessica.brown@company.com,(780) 809-9064,Inactive
EMP043626,Christopher,Martin,Christopher Martin,60,Engineering,Manager,Miami,160199.33,21161.74,2024-09-29,38,87.2,christopher.martin@company.com,(575) 468-5321,Active
EMP043627,Anthony,Miller,Anthony Miller,25,Sales,Analyst,Austin,88134.94,14698.65,2020-08-27,0,94.1,anthony.miller@company.com,(301) 298-8584,On Leave
EMP043628,Melissa,Taylor,Melissa Taylor,30,Engineering,Associate,Austin,63868.66,5994.77,2020-02-07,7,92.9,melissa.taylor@company.com,(469) 285-3138,Active
EMP043629,James,Jones,James Jones,54,IT,Specialist,Boston,119581.2,12552.01,2023-07-19,32,59.9,james.jones@company.com,(722) 511-9931,Active
EMP043630,Christopher,Smith,Christopher Smith,55,HR,Analyst,Chicago,88077.37,9505.57,2021-12-14,31,61.6,christopher.smith@company.com,(671) 652-7699,On Leave
EMP043631,Emily,Garcia,Emily Garcia,48,Engineering,Manager,New York,110458.38,2028.94,2024-08-10,25,66.1,emily.garcia@company.com,(865) 834-9268,Active
EMP043632,Daniel,Lopez,Daniel Lopez,59,Operations,Coordinator,Boston,64006.35,13125.66,2023-06-30,33,84.9,daniel.lopez@company.com,(253) 445-8717,Active
EMP043633,David,Hernandez,David Hernandez,35,HR,Analyst,Chicago,62151.35,3706.21,2020-08-08,12,71.9,david.hernandez@company.com,(794) 554-7671,Active
EMP043634,Amanda,Taylor,Amanda Taylor,36,HR,Manager,San Francisco,90529.68,2632.95,2021-12-19,7,74.2,amanda.taylor@company.com,(836) 986-1010,Inactive
EMP043635,Anthony,Hernandez,Anthony Hernandez,22,Operations,Analyst,San Francisco,65325.86,4766.3,2022-10-06,0,69.2,anthony.hernandez@company.com,(680) 745-2049,Active
EMP043636,Nicole,Rodriguez,Nicole Rodriguez,23,IT,Associate,Los Angeles,36000.0,1131.72,2021-08-22,0,74.0,nicole.rodriguez@company.com,(962) 710-5549,Inactive
EMP043637,Jessica,Moore,Jessica Moore,51,Operations,Senior Developer,Los Angeles,53613.17,6368.03,2021-04-24,23,77.5,jessica.moore@company.com,(334) 788-6182,Active
EMP043638,Christopher,Moore,Christopher Moore,62,Marketing,Associate,New York,89205.51,5335.8,2023-03-10,39,74.2,christopher.moore@company.com,(266) 726-2365,Active
EMP043639,James,Gonzalez,James Gonzalez,26,Sales,Analyst,San Francisco,72722.09,7002.48,2020-01-10,0,66.5,james.gonzalez@company.com,(632) 703-2385,Active
EMP043640,Daniel,Thomas,Daniel Thomas,53,Legal,Specialist,Austin,87278.36,11747.09,2020-10-24,30,84.1,daniel.thomas@company.com,(455) 868-2465,Active
EMP043641,John,Gonzalez,John Gonzalez,35,Sales,Senior Developer,Austin,64334.63,3578.98,2021-06-20,9,87.3,john.gonzalez@company.com,(878) 395-4707,Active
EMP043642,Matthew,Taylor,Matthew Taylor,53,IT,Specialist,Miami,90683.1,5310.38,2023-07-17,26,53.1,matthew.taylor@company.com,(530) 808-6832,Active
EMP043643,Ashley,Brown,Ashley Brown,39,Marketing,Associate,Boston,75935.41,7399.1,2023-07-18,17,95.0,ashley.brown@company.com,(489) 375-8311,Active
EMP043644,James,Miller,James Miller,58,Engineering,Director,Boston,85757.09,13973.0,2022-08-03,35,71.2,james.miller@company.com,(727) 374-1169,Active
EMP043645,Michael,Miller,Michael Miller,28,Legal,Director,Seattle,105614.68,9046.18,2023-12-04,5,95.5,michael.miller@company.com,(700) 682-7772,Active
EMP043646,Anthony,Rodriguez,Anthony Rodriguez,44,Finance,Manager,Chicago,74132.04,5713.03,2023-03-14,21,58.5,anthony.rodriguez@company.com,(785) 519-5406,Active
EMP043647,Nicole,Smith,Nicole Smith,45,Finance,Director,Los Angeles,57572.48,7942.88,2024-05-14,18,71.2,nicole.smith@company.com,(915) 340-5671,On Leave
EMP043648,Nicole,Gonzalez,Nicole Gonzalez,54,IT,Manager,Miami,99755.22,17079.69,2023-04-19,29,39.9,nicole.gonzalez@company.com,(525) 928-8108,Active
EMP043649,Christopher,Johnson,Christopher Johnson,25,HR,Coordinator,Miami,35352.77,4165.52,2021-05-05,3,70.4,christopher.johnson@company.com,(286) 624-9216,Active
EMP043650,Emily,Jackson,Emily Jackson,44,Finance,Manager,Los Angeles,109575.5,15348.82,2024-01-14,20,76.8,emily.jackson@company.com,(862) 938-1004,Inactive
EMP043651,Stephanie,Garcia,Stephanie Garcia,59,Finance,Associate,Seattle,115685.65,7243.73,2024-04-24,31,53.6,stephanie.garcia@company.com,(716) 642-8468,Active
EMP043652,Sarah,Anderson,Sarah Anderson,57,Marketing,Coordinator,San Francisco,89229.41,9947.83,2024-02-02,28,50.2,sarah.anderson@company.com,(248) 883-4004,Active
EMP043653,David,Wilson,David Wilson,41,HR,Senior Developer,Boston,65409.77,10320.88,2021-07-29,19,77.3,david.wilson@company.com,(499) 305-8449,Active
EMP043654,Nicole,Taylor,Nicole Taylor,56,Sales,Associate,Boston,102955.15,13845.2,2021-12-12,28,76.7,nicole.taylor@company.com,(305) 963-4762,Active
EMP043655,William,Johnson,William Johnson,46,Legal,Associate,Chicago,80227.66,20722.87,2023-01-05,19,70.3,william.johnson@company.com,(248) 808-9609,Active
EMP043656,Amanda,Hernandez,Amanda Hernandez,35,IT,Coordinator,Seattle,103525.59,3391.19,2021-01-04,9,96.6,amanda.hernandez@company.com,(911) 559-1931,Active
EMP043657,Nicole,Miller,Nicole Miller,49,Operations,Senior Developer,Boston,65587.18,8783.28,2021-06-08,23,84.1,nicole.miller@company.com,(467) 556-3549,On Leave
EMP043658,Stephanie,Wilson,Stephanie Wilson,57,Marketing,Director,Miami,98762.43,15080.47,2024-12-05,28,86.3,stephanie.wilson@company.com,(336) 520-7511,Inactive
EMP043659,Melissa,Johnson,Melissa Johnson,53,Finance,Manager,Chicago,102990.93,5390.28,2022-05-22,26,59.0,melissa.johnson@company.com,(509) 569-9207,Active
EMP043660,Sarah,Miller,Sarah Miller,45,Engineering,Manager,Seattle,61266.03,8966.76,2023-02-24,23,100.0,sarah.miller@company.com,(270) 614-5631,Inactive
EMP043661,Christopher,Martinez,Christopher Martinez,58,Finance,Associate,Seattle,82832.01,6943.92,2022-04-30,30,100.0,christopher.martinez@company.com,(522) 997-6053,Active
EMP043662,William,Smith,William Smith,59,Marketing,Lead,Austin,73717.88,0.0,2023-01-03,32,74.8,william.smith@company.com,(840) 942-4736,Inactive
EMP043663,James,Johnson,James Johnson,63,IT,Lead,New York,110004.33,10883.06,2024-03-17,34,85.2,james.johnson@company.com,(728) 423-7131,Active
EMP043664,Jane,Davis,Jane Davis,59,Finance,Manager,Los Angeles,107772.59,12462.34,2023-10-27,37,100.0,jane.davis@company.com,(752) 302-5251,Active
EMP043665,Daniel,Gonzalez,Daniel Gonzalez,37,HR,Associate,San Francisco,55799.67,5455.67,2022-10-29,10,63.2,daniel.gonzalez@company.com,(512) 977-1603,Active
EMP043666,Emily,Brown,Emily Brown,39,IT,Director,Boston,73310.69,6899.77,2021-02-10,13,100.0,emily.brown@company.com,(324) 277-7451,Active
EMP043667,Sarah,Rodriguez,Sarah Rodriguez,61,Legal,Specialist,Miami,116046.04,9258.05,2022-07-22,39,71.3,sarah.rodriguez@company.com,(360) 528-3079,Active
EMP043668,Nicole,Anderson,Nicole Anderson,39,Finance,Specialist,San Francisco,79824.91,8448.0,2021-05-25,17,88.7,nicole.anderson@company.com,(353) 325-2104,Active
EMP043669,Anthony,Taylor,Anthony Taylor,43,Engineering,Director,Austin,91508.25,8687.36,2023-08-01,14,69.0,anthony.taylor@company.com,(513) 697-1033,Active
EMP043670,Anthony,Rodriguez,Anthony Rodriguez,35,Operations,Senior Developer,San Francisco,88688.74,7402.01,2021-03-06,13,62.9,anthony.rodriguez@company.com,(720) 411-6689,Active
EMP043671,William,Anderson,William Anderson,51,HR,Analyst,Miami,81064.45,0.0,2022-05-31,25,51.1,william.anderson@company.com,(641) 578-8138,Active
EMP043672,Melissa,Garcia,Melissa Garcia,60,Sales,Analyst,Austin,120407.65,7275.61,2021-12-29,38,57.8,melissa.garcia@company.com,(964) 605-5427,Active
EMP043673,John,Moore,John Moore,47,Engineering,Senior Developer,Miami,106850.66,15829.55,2021-07-15,21,66.7,john.moore@company.com,(627) 425-5180,Inactive
EMP043674,William,Jackson,William Jackson,54,Operations,Manager,Seattle,74844.99,8661.97,2022-01-20,25,91.5,william.jackson@company.com,(531) 367-4633,Active
EMP043675,Anthony,Smith,Anthony Smith,49,Operations,Coordinator,Austin,50407.63,8392.85,2022-04-02,27,49.6,anthony.smith@company.com,(410) 384-4361,On Leave
EMP043676,William,Garcia,William Garcia,45,Engineering,Lead,Boston,107062.77,15269.83,2024-04-26,19,78.6,william.garcia@company.com,(362) 497-8302,Active
EMP043677,Robert,Jackson,Robert Jackson,37,Legal,Director,Boston,62748.89,6860.82,2024-01-12,8,84.2,robert.jackson@company.com,(318) 862-3433,Active
EMP043678,Emily,Hernandez,Emily Hernandez,63,Engineering,Specialist,Los Angeles,121167.11,14197.34,2021-04-29,36,74.4,emily.hernandez@company.com,(942) 786-9462,Active
EMP043679,Amanda,Taylor,Amanda Taylor,52,Finance,Analyst,Austin,86169.59,15576.17,2021-09-20,30,88.0,amanda.taylor@company.com,(474) 840-9996,Inactive
EMP043680,Melissa,Jackson,Melissa Jackson,62,Operations,Senior Developer,New York,67501.94,8666.95,2022-02-12,40,67.2,melissa.jackson@company.com,(285) 339-8407,Active
EMP043681,Nicole,Martinez,Nicole Martinez,26,Operations,Senior Developer,Miami,57065.06,4720.43,2021-01-31,3,91.9,nicole.martinez@company.com,(718) 547-2296,Active
EMP043682,Amanda,Williams,Amanda Williams,29,Operations,Manager,Miami,46010.2,9809.98,2021-10-20,7,98.5,amanda.williams@company.com,(447) 776-2561,Active
EMP043683,David,Brown,David Brown,60,Marketing,Senior Developer,Miami,67355.06,4767.62,2022-01-09,37,60.0,david.brown@company.com,(790) 494-2175,Inactive
EMP043684,Anthony,Thomas,Anthony Thomas,22,Operations,Specialist,New York,42596.67,2914.09,2020-04-13,0,69.3,anthony.thomas@company.com,(839) 618-9579,Active
EMP043685,David,Taylor,David Taylor,61,Finance,Director,Miami,80248.93,4936.74,2021-03-02,35,66.3,david.taylor@company.com,(645) 709-8630,Active
EMP043686,Stephanie,Gonzalez,Stephanie Gonzalez,56,IT,Analyst,Seattle,111256.54,20558.46,2023-05-04,30,100.0,stephanie.gonzalez@company.com,(323) 357-3019,Active
EMP043687,Robert,Smith,Robert Smith,28,Engineering,Director,San Francisco,71347.78,4608.57,2023-03-05,3,71.6,robert.smith@company.com,(360) 872-6180,Active
EMP043688,Robert,Rodriguez,Robert Rodriguez,64,Marketing,Associate,Miami,59478.56,9453.25,2020-12-20,35,85.8,robert.rodriguez@company.com,(485) 809-2759,Active
EMP043689,Daniel,Smith,Daniel Smith,23,Engineering,Manager,Boston,105842.35,15815.83,2022-09-16,0,67.0,daniel.smith@company.com,(347) 326-1501,Active
EMP043690,John,Jones,John Jones,23,Sales,Specialist,Austin,37430.08,7258.48,2023-11-05,0,54.6,john.jones@company.com,(554) 342-7124,Active
EMP043691,Jane,Taylor,Jane Taylor,51,HR,Analyst,New York,103367.9,9815.24,2023-09-13,25,80.2,jane.taylor@company.com,(623) 956-5450,Active
EMP043692,John,Miller,John Miller,29,IT,Coordinator,Boston,115815.14,11608.51,2020-01-31,6,73.7,john.miller@company.com,(838) 719-1903,Inactive
EMP043693,David,Moore,David Moore,45,IT,Specialist,Seattle,71725.87,2105.51,2020-02-25,20,79.8,david.moore@company.com,(908) 899-1136,Active
EMP043694,Christopher,Moore,Christopher Moore,22,Engineering,Senior Developer,Miami,90741.37,14553.9,2022-01-17,0,89.5,christopher.moore@company.com,(659) 248-5780,Active
EMP043695,William,Rodriguez,William Rodriguez,35,Operations,Analyst,Austin,71049.1,7127.86,2023-12-12,7,97.9,william.rodriguez@company.com,(735) 217-4135,Active
EMP043696,Nicole,Johnson,Nicole Johnson,41,Sales,Lead,Austin,63751.29,10222.06,2023-12-21,14,90.9,nicole.johnson@company.com,(254) 698-5162,Active
EMP043697,Jessica,Williams,Jessica Williams,31,HR,Manager,Seattle,41281.14,3093.04,2022-02-13,5,70.6,jessica.williams@company.com,(553) 656-5808,Active
EMP043698,Daniel,Smith,Daniel Smith,57,Finance,Director,Miami,110773.91,13383.16,2023-12-15,33,100.0,daniel.smith@company.com,(775) 543-2595,Active
EMP043699,Melissa,Martinez,Melissa Martinez,53,Engineering,Lead,Los Angeles,108075.71,11510.43,2020-08-30,30,75.4,melissa.martinez@company.com,(565) 575-7815,Active
EMP043700,Ashley,Wilson,Ashley Wilson,59,HR,Analyst,Austin,79770.04,8274.53,2023-02-11,30,69.8,ashley.wilson@company.com,(206) 460-3644,Active
EMP043701,Matthew,Moore,Matthew Moore,38,Sales,Director,Seattle,94316.55,16246.71,2021-06-24,15,70.3,matthew.moore@company.com,(766) 613-8611,Active
EMP043702,Jane,Wilson,Jane Wilson,63,Finance,Analyst,Miami,111841.87,17853.14,2021-07-04,41,62.4,jane.wilson@company.com,(423) 694-6774,Active
EMP043703,Amanda,Martinez,Amanda Martinez,55,IT,Director,Seattle,91065.87,5858.83,2024-08-18,28,40.9,amanda.martinez@company.com,(644) 691-5481,Inactive
EMP043704,Anthony,Miller,Anthony Miller,27,Legal,Associate,New York,69593.67,8773.03,2023-05-23,0,51.2,anthony.miller@company.com,(542) 777-3882,Active
EMP043705,James,Moore,James Moore,50,Engineering,Director,Boston,121178.66,17050.19,2024-05-10,23,61.2,james.moore@company.com,(202) 706-6290,Active
EMP043706,Sarah,Rodriguez,Sarah Rodriguez,62,Finance,Manager,San Francisco,116904.77,7962.79,2021-07-01,34,70.9,sarah.rodriguez@company.com,(426) 904-4364,Active
EMP043707,Lisa,Lopez,Lisa Lopez,59,Finance,Coordinator,Seattle,104569.89,4810.93,2023-05-08,37,82.1,lisa.lopez@company.com,(774) 280-1746,Active
EMP043708,Melissa,Brown,Melissa Brown,27,Finance,Specialist,Seattle,33234.56,6308.69,2021-08-01,4,70.5,melissa.brown@company.com,(987) 962-4083,Active
EMP043709,James,Moore,James Moore,37,Legal,Manager,Chicago,79726.44,5767.62,2022-09-27,8,46.7,james.moore@company.com,(388) 355-3283,Active
EMP043710,William,Martinez,William Martinez,58,Engineering,Manager,San Francisco,108238.84,11803.44,2024-12-02,34,61.8,william.martinez@company.com,(403) 251-6145,Active
EMP043711,Nicole,Williams,Nicole Williams,26,Marketing,Senior Developer,New York,50540.08,2789.85,2023-01-16,0,63.4,nicole.williams@company.com,(625) 983-8958,Active
EMP043712,Michael,Brown,Michael Brown,38,Finance,Coordinator,New York,74695.96,4396.77,2022-10-03,15,73.4,michael.brown@company.com,(585) 569-6276,Active
EMP043713,William,Johnson,William Johnson,39,Operations,Coordinator,Boston,94349.42,3233.1,2021-05-21,17,80.6,william.johnson@company.com,(946) 863-9599,Active
EMP043714,Christopher,Martin,Christopher Martin,25,Legal,Analyst,Miami,95533.77,9418.19,2020-03-26,3,65.1,christopher.martin@company.com,(414) 703-9001,Active
EMP043715,Robert,Hernandez,Robert Hernandez,51,HR,Specialist,New York,69555.59,5241.73,2020-04-14,23,74.0,robert.hernandez@company.com,(773) 246-1908,Active
EMP043716,Stephanie,Hernandez,Stephanie Hernandez,41,Legal,Associate,Seattle,75872.0,8270.54,2024-07-09,15,72.6,stephanie.hernandez@company.com,(534) 533-9133,Active
EMP043717,Robert,Smith,Robert Smith,28,IT,Manager,San Francisco,78100.95,6341.66,2022-09-29,6,60.7,robert.smith@company.com,(277) 583-8176,Active
EMP043718,Daniel,Jackson,Daniel Jackson,58,Finance,Analyst,Miami,124005.61,10185.47,2021-01-07,35,88.7,daniel.jackson@company.com,(502) 401-6088,On Leave
EMP043719,James,Martinez,James Martinez,59,Operations,Associate,Los Angeles,69031.97,2485.87,2022-01-17,30,52.0,james.martinez@company.com,(365) 639-5381,Active
EMP043720,Daniel,Jones,Daniel Jones,45,Operations,Senior Developer,Chicago,66516.12,5860.24,2020-05-23,16,64.4,daniel.jones@company.com,(399) 658-7339,Active
EMP043721,Robert,Hernandez,Robert Hernandez,22,Sales,Lead,Miami,72818.37,2740.13,2021-01-16,0,70.0,robert.hernandez@company.com,(210) 578-1072,Active
EMP043722,Sarah,Garcia,Sarah Garcia,57,HR,Manager,Miami,93751.72,14097.57,2022-01-18,29,73.1,sarah.garcia@company.com,(826) 707-8449,Active
EMP043723,Amanda,Rodriguez,Amanda Rodriguez,25,Operations,Analyst,Miami,45196.62,6743.27,2024-01-31,0,81.7,amanda.rodriguez@company.com,(335) 293-3116,Active
EMP043724,David,Johnson,David Johnson,57,IT,Coordinator,Miami,96771.74,10042.14,2020-10-07,30,52.8,david.johnson@company.com,(273) 621-4439,Active
EMP043725,Christopher,Rodriguez,Christopher Rodriguez,43,Legal,Analyst,Miami,100573.29,2697.91,2020-01-14,17,66.3,christopher.rodriguez@company.com,(313) 656-2366,Active
EMP043726,Daniel,Rodriguez,Daniel Rodriguez,30,Finance,Associate,Boston,57075.97,2797.17,2024-04-27,1,100.0,daniel.rodriguez@company.com,(378) 879-8016,Active
EMP043727,Anthony,Rodriguez,Anthony Rodriguez,26,Sales,Lead,San Francisco,61593.93,3813.66,2024-09-22,3,68.8,anthony.rodriguez@company.com,(898) 925-5662,Active
EMP043728,Melissa,Martin,Melissa Martin,44,Operations,Associate,Los Angeles,72256.36,1355.02,2022-01-02,18,73.3,melissa.martin@company.com,(883) 888-5534,Active
EMP043729,Emily,Lopez,Emily Lopez,36,HR,Coordinator,Seattle,59158.15,7368.42,2024-09-06,13,86.4,emily.lopez@company.com,(604) 401-9421,Active
EMP043730,Jessica,Martin,Jessica Martin,56,Sales,Associate,Miami,93373.1,9086.45,2024-08-14,30,84.1,jessica.martin@company.com,(589) 888-5937,Active
EMP043731,Nicole,Hernandez,Nicole Hernandez,42,IT,Analyst,Austin,116397.15,20124.26,2021-11-28,14,76.3,nicole.hernandez@company.com,(694) 289-2529,Active
EMP043732,Emily,Smith,Emily Smith,39,Engineering,Senior Developer,Miami,87821.69,9158.28,2024-10-12,16,59.9,emily.smith@company.com,(667) 544-5504,Active
EMP043733,Sarah,Johnson,Sarah Johnson,51,Operations,Analyst,Chicago,65426.38,4234.79,2024-12-02,23,52.5,sarah.johnson@company.com,(391) 645-7269,Active
EMP043734,Nicole,Martin,Nicole Martin,65,IT,Associate,Boston,106042.84,9959.18,2020-07-01,40,95.0,nicole.martin@company.com,(967) 503-2703,Inactive
EMP043735,Lisa,Jones,Lisa Jones,34,Operations,Manager,New York,53104.72,7458.25,2021-08-14,10,78.7,lisa.jones@company.com,(266) 973-7631,Active
EMP043736,John,Wilson,John Wilson,36,Marketing,Senior Developer,Los Angeles,87082.13,6748.82,2021-02-18,8,41.1,john.wilson@company.com,(396) 671-9835,Active
EMP043737,Christopher,Jones,Christopher Jones,25,Finance,Specialist,San Francisco,61201.37,4397.93,2021-01-27,2,86.5,christopher.jones@company.com,(453) 465-2234,Active
EMP043738,Amanda,Smith,Amanda Smith,48,HR,Analyst,Los Angeles,66590.14,4653.14,2020-10-23,19,67.4,amanda.smith@company.com,(875) 921-6637,Inactive
EMP043739,Ashley,Williams,Ashley Williams,27,Legal,Associate,Chicago,92757.73,1143.02,2022-01-18,2,68.9,ashley.williams@company.com,(824) 538-7270,Inactive
EMP043740,Ashley,Jackson,Ashley Jackson,57,HR,Specialist,Austin,65706.03,2707.69,2024-02-16,33,88.5,ashley.jackson@company.com,(405) 230-4243,Inactive
EMP043741,Emily,Miller,Emily Miller,23,Marketing,Associate,Los Angeles,61979.13,4849.51,2023-09-14,0,83.4,emily.miller@company.com,(773) 880-4411,Active
EMP043742,Emily,Martinez,Emily Martinez,46,IT,Manager,Chicago,73265.7,7434.15,2022-07-05,17,63.9,emily.martinez@company.com,(558) 891-8462,Active
EMP043743,Jane,Anderson,Jane Anderson,54,Marketing,Analyst,Chicago,99955.36,4070.11,2024-05-26,28,86.0,jane.anderson@company.com,(585) 439-6426,Active
EMP043744,William,Gonzalez,William Gonzalez,39,Marketing,Specialist,Seattle,77008.8,8136.96,2024-06-13,15,64.4,william.gonzalez@company.com,(917) 607-2610,Active
EMP043745,James,Gonzalez,James Gonzalez,50,HR,Associate,Los Angeles,84581.05,9390.63,2023-02-10,21,85.4,james.gonzalez@company.com,(849) 399-6001,Active
EMP043746,Jessica,Garcia,Jessica Garcia,57,Operations,Manager,San Francisco,79374.12,15279.59,2024-04-03,28,71.2,jessica.garcia@company.com,(725) 784-2767,Active
EMP043747,Melissa,Jackson,Melissa Jackson,27,Marketing,Lead,Chicago,67380.63,6375.78,2022-09-06,4,83.1,melissa.jackson@company.com,(796) 561-5938,Active
EMP043748,Melissa,Garcia,Melissa Garcia,44,Sales,Lead,Boston,92924.69,9215.4,2023-01-10,18,91.7,melissa.garcia@company.com,(981) 591-4158,Active
EMP043749,James,Jones,James Jones,56,IT,Analyst,Los Angeles,82345.57,7333.77,2024-10-27,29,91.7,james.jones@company.com,(813) 385-9361,Active
EMP043750,John,Garcia,John Garcia,50,Legal,Associate,San Francisco,97710.25,16360.55,2020-11-23,21,73.7,john.garcia@company.com,(303) 654-2957,Active
EMP043751,Christopher,Smith,Christopher Smith,44,HR,Manager,Austin,68852.06,7708.61,2023-08-20,18,71.8,christopher.smith@company.com,(894) 478-4097,Active
EMP043752,Amanda,Jackson,Amanda Jackson,53,Finance,Manager,Boston,105377.36,3737.57,2023-09-21,31,75.4,amanda.jackson@company.com,(396) 346-4893,On Leave
EMP043753,Michael,Martinez,Michael Martinez,53,Sales,Associate,New York,82887.1,4345.02,2021-07-29,29,73.1,michael.martinez@company.com,(602) 621-9212,Active
EMP043754,Michael,Rodriguez,Michael Rodriguez,58,Operations,Director,San Francisco,68636.06,3364.13,2020-06-28,33,48.9,michael.rodriguez@company.com,(645) 843-2496,Active
EMP043755,Lisa,Jones,Lisa Jones,43,Operations,Analyst,Seattle,61547.75,6718.08,2023-11-15,19,84.6,lisa.jones@company.com,(797) 238-5308,Active
EMP043756,Robert,Moore,Robert Moore,64,Operations,Associate,San Francisco,87383.13,19282.22,2020-03-31,40,67.8,robert.moore@company.com,(452) 850-2282,Active
EMP043757,Sarah,Anderson,Sarah Anderson,47,Finance,Specialist,Los Angeles,92956.46,9830.98,2022-03-13,20,64.2,sarah.anderson@company.com,(852) 587-8662,Active
EMP043758,Jessica,Johnson,Jessica Johnson,49,Sales,Coordinator,Austin,87151.71,13062.8,2020-05-19,22,74.1,jessica.johnson@company.com,(694) 409-7100,Active
EMP043759,Christopher,Garcia,Christopher Garcia,25,Legal,Analyst,Miami,73807.26,15003.39,2024-03-23,0,71.9,christopher.garcia@company.com,(543) 744-7542,Active
EMP043760,Stephanie,Jones,Stephanie Jones,47,Sales,Analyst,Boston,70544.21,0.0,2021-06-28,19,60.6,stephanie.jones@company.com,(644) 624-4984,On Leave
EMP043761,Sarah,Lopez,Sarah Lopez,58,Finance,Senior Developer,Boston,88482.84,16015.04,2023-03-05,33,65.7,sarah.lopez@company.com,(383) 412-8725,Active
EMP043762,Daniel,Moore,Daniel Moore,51,Sales,Specialist,New York,62526.44,8192.82,2023-01-02,29,68.0,daniel.moore@company.com,(233) 390-8320,Active
EMP043763,Amanda,Williams,Amanda Williams,51,HR,Director,Boston,81293.91,11647.74,2022-08-31,27,65.6,amanda.williams@company.com,(613) 665-3906,Active
EMP043764,James,Rodriguez,James Rodriguez,34,Sales,Specialist,Chicago,94767.37,16810.55,2022-08-24,12,71.9,james.rodriguez@company.com,(951) 976-5942,Active
EMP043765,Matthew,Williams,Matthew Williams,36,Sales,Associate,Miami,75575.42,7366.41,2022-06-21,10,71.5,matthew.williams@company.com,(545) 852-7482,Active
EMP043766,Jane,Thomas,Jane Thomas,40,Marketing,Associate,Chicago,51197.54,3689.25,2024-07-29,13,74.1,jane.thomas@company.com,(644) 715-8907,Active
EMP043767,Michael,Williams,Michael Williams,24,Sales,Specialist,Miami,65712.07,4282.16,2023-05-06,0,76.6,michael.williams@company.com,(869) 231-6366,Active
EMP043768,Stephanie,Anderson,Stephanie Anderson,58,Engineering,Coordinator,Miami,129789.51,17175.55,2021-09-22,31,63.1,stephanie.anderson@company.com,(829) 341-9683,Inactive
EMP043769,Anthony,Jackson,Anthony Jackson,54,Finance,Associate,Miami,111107.5,21946.12,2024-01-10,28,64.1,anthony.jackson@company.com,(654) 748-1607,Active
EMP043770,Matthew,Jackson,Matthew Jackson,62,Marketing,Coordinator,New York,92527.65,6727.38,2023-10-22,34,69.8,matthew.jackson@company.com,(892) 450-5145,Active
EMP043771,Sarah,Wilson,Sarah Wilson,38,Sales,Senior Developer,Miami,65582.2,5040.34,2021-12-03,14,75.0,sarah.wilson@company.com,(627) 219-8699,On Leave
EMP043772,Emily,Johnson,Emily Johnson,50,HR,Analyst,Los Angeles,59422.78,54.65,2022-02-16,25,55.2,emily.johnson@company.com,(985) 344-1458,Active
EMP043773,Amanda,Hernandez,Amanda Hernandez,40,Legal,Manager,Seattle,85896.74,6571.82,2023-07-20,14,66.4,amanda.hernandez@company.com,(688) 662-5927,Active
EMP043774,Matthew,Martinez,Matthew Martinez,31,Operations,Manager,Boston,65011.32,3982.53,2020-02-29,3,78.4,matthew.martinez@company.com,(223) 905-5744,Active
EMP043775,David,Jackson,David Jackson,33,Legal,Associate,Boston,113002.36,24615.15,2021-02-09,9,83.1,david.jackson@company.com,(796) 243-3951,Active
EMP043776,James,Anderson,James Anderson,23,Operations,Lead,San Francisco,64442.22,4736.07,2021-08-13,0,70.0,james.anderson@company.com,(626) 202-7821,Active
EMP043777,Melissa,Miller,Melissa Miller,23,Legal,Associate,Boston,105225.62,16516.73,2022-08-24,0,78.3,melissa.miller@company.com,(408) 321-2568,Active
EMP043778,Sarah,Smith,Sarah Smith,32,Marketing,Associate,New York,63217.0,6369.85,2021-05-19,3,78.7,sarah.smith@company.com,(576) 308-2580,Active
EMP043779,Melissa,Williams,Melissa Williams,49,Finance,Specialist,Los Angeles,86099.17,6483.4,2020-09-11,23,83.3,melissa.williams@company.com,(988) 602-9923,Active
EMP043780,John,Gonzalez,John Gonzalez,59,Engineering,Senior Developer,Chicago,118466.14,15770.41,2024-06-18,33,60.1,john.gonzalez@company.com,(908) 929-1687,Active
EMP043781,Jessica,Thomas,Jessica Thomas,52,Marketing,Specialist,Chicago,49183.35,3834.67,2020-12-29,23,94.9,jessica.thomas@company.com,(522) 735-8601,Active
EMP043782,Sarah,Jones,Sarah Jones,58,HR,Analyst,Seattle,89468.38,10840.3,2021-08-11,35,62.4,sarah.jones@company.com,(464) 705-6828,Active
EMP043783,Amanda,Williams,Amanda Williams,39,Legal,Lead,Los Angeles,119048.01,13316.4,2022-04-06,13,70.9,amanda.williams@company.com,(649) 989-6313,Active
EMP043784,Anthony,Hernandez,Anthony Hernandez,63,Finance,Associate,Chicago,103084.59,14616.11,2024-07-09,36,71.5,anthony.hernandez@company.com,(790) 759-1915,Active
EMP043785,Ashley,Martinez,Ashley Martinez,56,HR,Specialist,Austin,66929.49,11564.87,2020-10-06,29,93.8,ashley.martinez@company.com,(884) 765-2184,On Leave
EMP043786,William,Wilson,William Wilson,51,Marketing,Coordinator,Los Angeles,89667.49,3682.05,2023-08-08,23,77.6,william.wilson@company.com,(365) 244-9098,Inactive
EMP043787,Anthony,Wilson,Anthony Wilson,61,HR,Senior Developer,Chicago,73371.67,1724.81,2023-02-09,37,74.1,anthony.wilson@company.com,(899) 643-9286,Active
EMP043788,Sarah,Smith,Sarah Smith,48,Legal,Specialist,Chicago,85521.43,974.65,2020-12-22,24,92.0,sarah.smith@company.com,(716) 595-1839,Active
EMP043789,Stephanie,Lopez,Stephanie Lopez,38,Marketing,Lead,Austin,61323.47,8921.28,2022-05-19,16,88.3,stephanie.lopez@company.com,(869) 290-2025,Active
EMP043790,Robert,Johnson,Robert Johnson,52,Operations,Specialist,Chicago,73332.76,6648.13,2021-08-07,23,90.7,robert.johnson@company.com,(763) 877-2790,Active
EMP043791,Amanda,Martin,Amanda Martin,43,IT,Specialist,Austin,104857.03,19355.74,2021-03-08,17,74.5,amanda.martin@company.com,(370) 731-6383,Active
EMP043792,Ashley,Gonzalez,Ashley Gonzalez,33,Finance,Manager,Los Angeles,43576.84,6233.08,2023-04-23,9,70.1,ashley.gonzalez@company.com,(952) 387-2966,Active
EMP043793,Lisa,Lopez,Lisa Lopez,44,Marketing,Director,Los Angeles,70597.3,2888.4,2023-12-11,18,39.4,lisa.lopez@company.com,(832) 985-1309,Active
EMP043794,Nicole,Smith,Nicole Smith,42,Finance,Manager,Austin,88160.32,12123.11,2020-02-02,13,85.0,nicole.smith@company.com,(703) 384-9345,Active
EMP043795,James,Martin,James Martin,38,Operations,Coordinator,Miami,59332.14,5979.77,2022-08-18,16,48.8,james.martin@company.com,(572) 427-6031,Active
EMP043796,Jane,Rodriguez,Jane Rodriguez,36,Finance,Director,San Francisco,60200.51,8434.73,2023-11-08,7,41.9,jane.rodriguez@company.com,(261) 968-7936,Active
EMP043797,William,Jones,William Jones,37,Marketing,Analyst,Miami,81303.71,9269.37,2020-05-03,8,68.9,william.jones@company.com,(212) 302-2154,Active
EMP043798,James,Hernandez,James Hernandez,28,Legal,Associate,Miami,37933.03,2358.98,2022-12-25,0,62.3,james.hernandez@company.com,(683) 494-7867,Active
EMP043799,Nicole,Davis,Nicole Davis,22,Operations,Associate,Boston,45602.94,5934.18,2020-06-09,0,82.6,nicole.davis@company.com,(287) 814-6909,Active
EMP043800,Lisa,Gonzalez,Lisa Gonzalez,56,Finance,Manager,Seattle,62044.91,5864.01,2022-02-28,30,43.8,lisa.gonzalez@company.com,(321) 830-5736,Active
EMP043801,Amanda,Jones,Amanda Jones,51,Sales,Lead,San Francisco,89752.69,0.0,2021-07-05,22,47.9,amanda.jones@company.com,(496) 988-1252,Active
EMP043802,Ashley,Davis,Ashley Davis,37,IT,Coordinator,Chicago,45170.76,4487.4,2022-07-07,9,62.1,ashley.davis@company.com,(706) 499-6904,Active
EMP043803,Daniel,Miller,Daniel Miller,53,Finance,Specialist,Miami,52739.82,934.8,2021-04-22,26,100.0,daniel.miller@company.com,(888) 463-4297,Inactive
EMP043804,Nicole,Martin,Nicole Martin,35,Legal,Analyst,Chicago,98706.01,12512.86,2024-10-11,8,89.2,nicole.martin@company.com,(540) 567-6752,Inactive
EMP043805,David,Rodriguez,David Rodriguez,56,Marketing,Lead,Los Angeles,69696.67,9677.76,2023-03-09,28,37.3,david.rodriguez@company.com,(897) 330-3472,Active
EMP043806,Ashley,Garcia,Ashley Garcia,36,Legal,Manager,Austin,87074.78,4089.1,2022-05-15,13,52.8,ashley.garcia@company.com,(784) 580-6063,Active
EMP043807,Anthony,Brown,Anthony Brown,41,IT,Analyst,New York,105636.37,6551.72,2023-09-22,17,75.7,anthony.brown@company.com,(676) 817-4731,Active
EMP043808,Jane,Anderson,Jane Anderson,53,Legal,Senior Developer,New York,84734.65,12184.38,2023-07-05,31,99.6,jane.anderson@company.com,(244) 433-8238,Active
EMP043809,Christopher,Jackson,Christopher Jackson,48,Sales,Specialist,Miami,104930.97,9103.56,2023-09-09,25,69.9,christopher.jackson@company.com,(346) 614-2904,Active
EMP043810,James,Smith,James Smith,52,IT,Manager,Miami,105094.8,868.41,2021-11-16,28,60.9,james.smith@company.com,(921) 357-5955,Active
EMP043811,Nicole,Williams,Nicole Williams,60,Finance,Associate,New York,97119.51,13374.69,2022-12-18,37,65.2,nicole.williams@company.com,(356) 753-1583,Active
EMP043812,Amanda,Martinez,Amanda Martinez,56,Sales,Coordinator,New York,73868.96,0.0,2021-10-10,32,61.8,amanda.martinez@company.com,(551) 629-2173,Inactive
EMP043813,Matthew,Moore,Matthew Moore,38,Finance,Manager,San Francisco,98886.43,7963.43,2021-02-18,16,55.6,matthew.moore@company.com,(572) 408-1110,Active
EMP043814,Robert,Davis,Robert Davis,63,HR,Analyst,Austin,86378.49,10034.18,2021-11-17,41,59.5,robert.davis@company.com,(780) 529-9203,Active
EMP043815,Nicole,Davis,Nicole Davis,43,Finance,Lead,Chicago,95863.29,13847.26,2023-08-25,14,61.6,nicole.davis@company.com,(958) 475-9644,Active
EMP043816,James,Rodriguez,James Rodriguez,35,Sales,Associate,Boston,66386.44,5854.44,2020-04-09,7,94.5,james.rodriguez@company.com,(450) 587-4566,Inactive
EMP043817,Robert,Wilson,Robert Wilson,46,Finance,Analyst,Boston,69696.94,8820.89,2024-01-07,21,75.4,robert.wilson@company.com,(411) 256-1939,Active
EMP043818,Daniel,Martinez,Daniel Martinez,27,HR,Director,Chicago,33146.31,0.0,2020-10-10,0,53.3,daniel.martinez@company.com,(617) 718-6365,Active
EMP043819,Stephanie,Jackson,Stephanie Jackson,51,IT,Manager,San Francisco,97315.35,8489.59,2021-03-08,26,79.4,stephanie.jackson@company.com,(650) 618-9800,On Leave
EMP043820,Christopher,Taylor,Christopher Taylor,44,HR,Senior Developer,Chicago,50739.09,3635.35,2021-05-28,18,52.5,christopher.taylor@company.com,(998) 485-7413,Active
EMP043821,Daniel,Martin,Daniel Martin,40,IT,Director,New York,54895.33,8854.48,2022-12-19,16,46.6,daniel.martin@company.com,(450) 972-5643,Active
EMP043822,Matthew,Rodriguez,Matthew Rodriguez,56,IT,Manager,Los Angeles,105935.42,3746.9,2021-01-27,32,83.6,matthew.rodriguez@company.com,(976) 865-8653,Active
EMP043823,Anthony,Miller,Anthony Miller,65,Legal,Associate,Chicago,98390.7,6324.49,2020-07-24,39,56.3,anthony.miller@company.com,(791) 828-4498,Active
EMP043824,Jane,Moore,Jane Moore,25,HR,Director,Austin,57882.57,8478.63,2024-01-21,0,58.4,jane.moore@company.com,(632) 990-5756,On Leave
EMP043825,Christopher,Rodriguez,Christopher Rodriguez,31,Sales,Lead,Los Angeles,58705.61,2710.67,2024-02-01,5,73.6,christopher.rodriguez@company.com,(342) 853-3283,Active
EMP043826,Melissa,Jackson,Melissa Jackson,49,Sales,Director,Chicago,85504.18,9391.27,2023-11-08,24,57.8,melissa.jackson@company.com,(488) 658-8242,Active
EMP043827,Sarah,Rodriguez,Sarah Rodriguez,51,Sales,Coordinator,Miami,82733.56,9381.22,2023-04-03,25,80.3,sarah.rodriguez@company.com,(212) 850-1463,Active
EMP043828,David,Taylor,David Taylor,47,Finance,Director,Miami,72977.76,6267.69,2020-07-05,21,76.9,david.taylor@company.com,(306) 510-3187,Active
EMP043829,Daniel,Wilson,Daniel Wilson,35,IT,Coordinator,Boston,67168.18,9310.06,2022-04-08,6,78.8,daniel.wilson@company.com,(545) 760-1246,Active
EMP043830,James,Thomas,James Thomas,42,Marketing,Specialist,Austin,57806.85,1237.28,2020-10-12,15,63.8,james.thomas@company.com,(262) 942-6941,Active
EMP043831,Amanda,Anderson,Amanda Anderson,38,Sales,Senior Developer,Seattle,72063.76,13421.4,2021-11-08,13,96.9,amanda.anderson@company.com,(484) 495-8817,Active
EMP043832,Jane,Martin,Jane Martin,26,IT,Director,Los Angeles,112284.28,41.16,2024-12-10,0,58.8,jane.martin@company.com,(595) 385-6669,Active
EMP043833,Emily,Davis,Emily Davis,43,Engineering,Director,Austin,89498.42,4178.08,2021-04-01,21,98.2,emily.davis@company.com,(742) 569-4998,Active
EMP043834,Matthew,Rodriguez,Matthew Rodriguez,41,Finance,Director,Boston,54298.56,5413.8,2021-09-11,16,79.2,matthew.rodriguez@company.com,(278) 504-1691,Active
EMP043835,James,Thomas,James Thomas,32,Legal,Director,Seattle,44449.59,2677.62,2020-10-30,4,78.2,james.thomas@company.com,(497) 286-8476,Active
EMP043836,Matthew,Rodriguez,Matthew Rodriguez,64,Engineering,Lead,Los Angeles,95285.43,15793.36,2023-06-08,36,98.1,matthew.rodriguez@company.com,(636) 709-9242,Active
EMP043837,William,Miller,William Miller,31,Engineering,Specialist,Chicago,84430.81,8812.42,2024-09-16,7,80.8,william.miller@company.com,(489) 886-4598,On Leave
EMP043838,Ashley,Brown,Ashley Brown,26,Marketing,Lead,Los Angeles,62169.35,12565.57,2020-05-04,0,73.5,ashley.brown@company.com,(869) 384-5112,Active
EMP043839,Lisa,Williams,Lisa Williams,45,Sales,Associate,Boston,63293.05,10524.07,2021-05-23,16,67.3,lisa.williams@company.com,(862) 711-4582,Active
EMP043840,Nicole,Jackson,Nicole Jackson,53,IT,Specialist,Seattle,89581.04,8755.53,2020-12-16,31,84.8,nicole.jackson@company.com,(282) 435-6672,Active
EMP043841,Matthew,Wilson,Matthew Wilson,49,Legal,Coordinator,Miami,105708.26,3059.12,2022-10-21,25,61.4,matthew.wilson@company.com,(897) 281-8267,On Leave
EMP043842,William,Wilson,William Wilson,50,Sales,Associate,Miami,30000.0,3014.54,2024-07-07,26,86.9,william.wilson@company.com,(595) 615-3523,Active
EMP043843,Daniel,Gonzalez,Daniel Gonzalez,42,Sales,Associate,Seattle,50484.93,2972.65,2022-12-11,18,88.5,daniel.gonzalez@company.com,(847) 835-4203,Active
EMP043844,Amanda,Brown,Amanda Brown,32,HR,Coordinator,Miami,34897.59,1319.12,2020-10-16,5,80.2,amanda.brown@company.com,(875) 276-6002,On Leave
EMP043845,Lisa,Smith,Lisa Smith,41,IT,Director,Miami,89735.68,11853.2,2021-07-06,13,61.8,lisa.smith@company.com,(723) 874-9764,Active
EMP043846,James,Gonzalez,James Gonzalez,36,Sales,Lead,San Francisco,58337.38,5167.24,2024-02-13,14,92.0,james.gonzalez@company.com,(328) 552-6076,Active
EMP043847,Lisa,Jackson,Lisa Jackson,29,Finance,Lead,Chicago,47585.12,6279.9,2023-03-16,2,86.7,lisa.jackson@company.com,(924) 845-8292,Active
EMP043848,Sarah,Smith,Sarah Smith,51,Sales,Senior Developer,New York,62367.31,2129.61,2021-05-22,25,92.6,sarah.smith@company.com,(409) 828-8123,Active
EMP043849,Amanda,Williams,Amanda Williams,49,IT,Analyst,Chicago,88186.06,7244.6,2022-11-10,23,73.7,amanda.williams@company.com,(327) 364-2798,Active
EMP043850,William,Lopez,William Lopez,61,HR,Lead,San Francisco,88584.48,7542.67,2020-02-29,33,56.1,william.lopez@company.com,(610) 512-7636,Active
EMP043851,Robert,Martinez,Robert Martinez,60,Finance,Director,Chicago,119586.35,19578.61,2021-03-06,38,50.1,robert.martinez@company.com,(760) 318-6915,Active
EMP043852,John,Anderson,John Anderson,24,Legal,Senior Developer,Seattle,69426.2,11854.53,2020-09-25,0,55.6,john.anderson@company.com,(607) 634-8513,Active
EMP043853,Daniel,Anderson,Daniel Anderson,26,Engineering,Director,San Francisco,49258.06,6644.13,2024-06-22,0,60.1,daniel.anderson@company.com,(992) 400-8056,Active
EMP043854,Sarah,Brown,Sarah Brown,25,Sales,Coordinator,Chicago,60154.86,2881.65,2020-10-16,0,85.2,sarah.brown@company.com,(651) 572-4426,Active
EMP043855,John,Davis,John Davis,33,HR,Director,Miami,48477.52,3404.56,2023-01-21,5,86.7,john.davis@company.com,(316) 938-4618,Active
EMP043856,Christopher,Jackson,Christopher Jackson,37,Operations,Specialist,Los Angeles,66651.17,4416.75,2023-08-20,9,100.0,christopher.jackson@company.com,(704) 572-8778,Active
EMP043857,Sarah,Martinez,Sarah Martinez,39,Operations,Coordinator,Chicago,81260.01,3359.54,2020-04-03,11,69.7,sarah.martinez@company.com,(445) 263-5137,Active
EMP043858,John,Lopez,John Lopez,47,Sales,Director,Austin,85653.99,2994.15,2023-07-23,23,84.5,john.lopez@company.com,(947) 979-5467,Active
EMP043859,Nicole,Brown,Nicole Brown,45,Finance,Lead,San Francisco,79575.76,5639.41,2022-09-19,21,72.2,nicole.brown@company.com,(692) 804-3568,Active
EMP043860,Nicole,Thomas,Nicole Thomas,22,Marketing,Analyst,Miami,50899.64,4656.63,2021-04-07,0,66.0,nicole.thomas@company.com,(536) 673-8819,Active
EMP043861,Christopher,Thomas,Christopher Thomas,44,Marketing,Coordinator,Boston,57191.6,5936.07,2024-01-16,19,89.8,christopher.thomas@company.com,(852) 798-2254,Active
EMP043862,Michael,Williams,Michael Williams,42,Marketing,Senior Developer,Miami,62929.17,3881.82,2024-08-07,20,99.5,michael.williams@company.com,(882) 889-6741,Active
EMP043863,Robert,Johnson,Robert Johnson,50,IT,Coordinator,Seattle,90433.6,12852.03,2020-04-17,21,86.3,robert.johnson@company.com,(496) 323-5158,Active
EMP043864,Sarah,Anderson,Sarah Anderson,35,Finance,Director,Seattle,60652.72,88.71,2020-10-28,6,57.9,sarah.anderson@company.com,(256) 411-5360,Active
EMP043865,Matthew,Jones,Matthew Jones,52,Finance,Senior Developer,Boston,58323.17,3419.77,2023-08-05,30,80.0,matthew.jones@company.com,(370) 572-2884,Active
EMP043866,Ashley,Anderson,Ashley Anderson,48,Engineering,Manager,Los Angeles,98593.02,7411.2,2021-01-27,24,100.0,ashley.anderson@company.com,(490) 493-1584,Active
EMP043867,Stephanie,Rodriguez,Stephanie Rodriguez,53,Sales,Analyst,San Francisco,103384.74,14132.02,2020-12-23,24,60.5,stephanie.rodriguez@company.com,(240) 278-4687,Active
EMP043868,Emily,Johnson,Emily Johnson,28,IT,Manager,Austin,78343.28,12519.56,2023-05-08,2,80.0,emily.johnson@company.com,(357) 238-8312,Active
EMP043869,Michael,Davis,Michael Davis,55,Sales,Associate,Boston,91945.2,13296.4,2021-12-26,30,84.8,michael.davis@company.com,(786) 852-5113,Active
EMP043870,Melissa,Johnson,Melissa Johnson,64,HR,Specialist,Seattle,78919.53,11594.92,2020-01-31,41,78.9,melissa.johnson@company.com,(549) 663-4378,Inactive
EMP043871,David,Miller,David Miller,63,HR,Director,Chicago,80500.63,13581.23,2022-03-03,34,60.2,david.miller@company.com,(896) 279-3579,Active
EMP043872,Jane,Smith,Jane Smith,53,Operations,Coordinator,New York,52097.15,3685.63,2024-08-17,29,86.5,jane.smith@company.com,(854) 240-7166,Active
EMP043873,Sarah,Miller,Sarah Miller,30,Operations,Analyst,Los Angeles,35483.9,4672.3,2020-12-24,2,56.5,sarah.miller@company.com,(909) 409-3027,Active
EMP043874,Anthony,Thomas,Anthony Thomas,55,Sales,Associate,Los Angeles,102800.85,18386.27,2024-02-10,33,85.5,anthony.thomas@company.com,(397) 794-2611,Active
EMP043875,Melissa,Davis,Melissa Davis,50,HR,Lead,Austin,58632.61,4535.63,2024-09-06,22,78.7,melissa.davis@company.com,(460) 760-9834,Active
EMP043876,David,Taylor,David Taylor,58,HR,Lead,Austin,76940.17,9529.68,2024-12-18,30,65.0,david.taylor@company.com,(771) 962-8713,Active
EMP043877,Robert,Miller,Robert Miller,64,Sales,Analyst,Seattle,105570.98,3663.21,2024-02-14,41,81.7,robert.miller@company.com,(392) 571-8397,Active
EMP043878,James,Johnson,James Johnson,54,HR,Associate,Austin,60685.41,6985.56,2024-05-11,27,91.1,james.johnson@company.com,(260) 321-9630,Inactive
EMP043879,Jane,Hernandez,Jane Hernandez,23,Sales,Specialist,Seattle,30712.08,4715.97,2022-03-14,0,54.0,jane.hernandez@company.com,(793) 472-7907,Active
EMP043880,Daniel,Williams,Daniel Williams,43,Finance,Lead,Seattle,97134.15,4821.08,2020-06-04,19,93.2,daniel.williams@company.com,(513) 549-5116,Active
EMP043881,Emily,Brown,Emily Brown,45,HR,Lead,San Francisco,72241.99,3745.49,2022-08-29,19,84.0,emily.brown@company.com,(459) 282-3773,Active
EMP043882,Anthony,Gonzalez,Anthony Gonzalez,57,Legal,Manager,Boston,87335.76,5949.21,2020-06-02,31,60.2,anthony.gonzalez@company.com,(967) 936-5362,Active
EMP043883,Jessica,Garcia,Jessica Garcia,59,Marketing,Director,Boston,79965.39,4184.66,2023-10-23,34,52.4,jessica.garcia@company.com,(660) 256-5570,On Leave
EMP043884,Anthony,Wilson,Anthony Wilson,52,Finance,Lead,Seattle,57257.68,9504.28,2022-08-29,28,63.3,anthony.wilson@company.com,(753) 950-9590,Active
EMP043885,Robert,Martinez,Robert Martinez,30,IT,Analyst,Seattle,76945.53,3229.63,2022-12-10,8,60.3,robert.martinez@company.com,(854) 212-6251,Active
EMP043886,Robert,Jackson,Robert Jackson,38,Finance,Director,Seattle,80516.67,13020.58,2022-12-16,12,83.3,robert.jackson@company.com,(203) 380-9765,Active
EMP043887,Daniel,Taylor,Daniel Taylor,23,Finance,Specialist,Chicago,51319.88,5881.7,2021-05-27,0,71.6,daniel.taylor@company.com,(618) 548-6465,Active
EMP043888,Sarah,Martinez,Sarah Martinez,22,Marketing,Specialist,Los Angeles,65378.33,9353.84,2021-01-02,0,84.5,sarah.martinez@company.com,(837) 515-2198,Active
EMP043889,Anthony,Gonzalez,Anthony Gonzalez,33,HR,Lead,New York,76120.65,4814.54,2022-12-18,5,56.1,anthony.gonzalez@company.com,(873) 724-2801,Active
EMP043890,James,Taylor,James Taylor,59,Engineering,Lead,Boston,132899.38,11589.82,2023-10-31,31,56.7,james.taylor@company.com,(251) 870-3258,Active
EMP043891,David,Anderson,David Anderson,32,Legal,Coordinator,Miami,88089.71,4093.47,2023-08-01,5,64.3,david.anderson@company.com,(450) 527-2924,On Leave
EMP043892,Michael,Davis,Michael Davis,43,Finance,Associate,Boston,77158.83,5533.53,2022-09-07,16,84.5,michael.davis@company.com,(617) 617-3032,Active
EMP043893,James,Jones,James Jones,35,Sales,Specialist,Chicago,78016.95,5253.83,2024-09-28,8,81.1,james.jones@company.com,(801) 757-1525,Inactive
EMP043894,Jane,Moore,Jane Moore,29,HR,Specialist,Miami,66948.4,8766.76,2020-04-26,7,95.3,jane.moore@company.com,(556) 410-9691,Active
EMP043895,Stephanie,Jackson,Stephanie Jackson,41,IT,Director,Boston,42680.71,4596.31,2020-03-13,17,79.4,stephanie.jackson@company.com,(796) 672-6445,Active
EMP043896,Lisa,Johnson,Lisa Johnson,53,Engineering,Specialist,Los Angeles,119292.8,16864.51,2021-08-02,30,94.1,lisa.johnson@company.com,(655) 775-3107,Inactive
EMP043897,Sarah,Williams,Sarah Williams,22,Engineering,Director,San Francisco,126827.14,11490.33,2024-02-26,0,49.8,sarah.williams@company.com,(726) 930-9892,Active
EMP043898,David,Johnson,David Johnson,39,Finance,Associate,New York,71940.67,3516.23,2020-04-22,15,64.8,david.johnson@company.com,(666) 991-7879,Active
EMP043899,Amanda,Garcia,Amanda Garcia,59,Marketing,Manager,Seattle,79223.49,1775.99,2022-12-13,33,95.1,amanda.garcia@company.com,(698) 453-5995,Inactive
EMP043900,James,Williams,James Williams,41,Engineering,Director,Chicago,119398.64,18644.36,2024-01-01,19,55.2,james.williams@company.com,(425) 989-8314,Active
EMP043901,Daniel,Gonzalez,Daniel Gonzalez,52,Legal,Senior Developer,Miami,79345.85,7591.54,2022-11-24,26,70.8,daniel.gonzalez@company.com,(665) 439-7917,Active
EMP043902,Nicole,Jackson,Nicole Jackson,52,IT,Manager,Austin,84533.67,7696.82,2022-12-08,28,71.9,nicole.jackson@company.com,(997) 741-5186,Active
EMP043903,John,Miller,John Miller,35,IT,Director,Miami,104690.06,8276.74,2023-06-03,13,59.1,john.miller@company.com,(657) 318-4005,Active
EMP043904,James,Johnson,James Johnson,32,Sales,Manager,San Francisco,59075.44,7423.07,2022-03-18,9,65.8,james.johnson@company.com,(570) 456-5845,Active
EMP043905,Michael,Davis,Michael Davis,25,Legal,Manager,Chicago,68373.96,4278.88,2022-12-31,1,100.0,michael.davis@company.com,(316) 719-3186,Active
EMP043906,Anthony,Davis,Anthony Davis,46,Sales,Director,Seattle,73186.59,2356.46,2022-12-11,21,94.2,anthony.davis@company.com,(624) 989-2786,Active
EMP043907,John,Jones,John Jones,40,Marketing,Director,Miami,66114.97,8659.55,2021-05-15,17,87.1,john.jones@company.com,(716) 484-4441,Active
EMP043908,Christopher,Brown,Christopher Brown,25,HR,Lead,Austin,56367.71,2276.44,2020-01-13,0,75.6,christopher.brown@company.com,(488) 238-3062,Active
EMP043909,Lisa,Moore,Lisa Moore,23,Legal,Analyst,New York,74627.45,8919.94,2022-12-05,0,87.0,lisa.moore@company.com,(311) 263-4907,Active
EMP043910,Nicole,Taylor,Nicole Taylor,22,Operations,Coordinator,Los Angeles,70622.81,8771.28,2024-01-01,0,55.3,nicole.taylor@company.com,(821) 723-6580,Active
EMP043911,Ashley,Davis,Ashley Davis,47,Finance,Coordinator,Austin,80255.31,7709.6,2021-03-29,18,80.8,ashley.davis@company.com,(892) 541-7571,Active
EMP043912,Michael,Taylor,Michael Taylor,29,IT,Lead,New York,57655.9,8808.63,2023-01-06,2,58.2,michael.taylor@company.com,(848) 571-8939,Active
EMP043913,David,Hernandez,David Hernandez,24,HR,Coordinator,Miami,55258.08,9566.38,2024-04-28,1,71.2,david.hernandez@company.com,(729) 340-5032,Active
EMP043914,Jessica,Garcia,Jessica Garcia,42,Legal,Senior Developer,Chicago,91793.78,7174.51,2021-07-13,16,82.3,jessica.garcia@company.com,(508) 622-1076,Inactive
EMP043915,Stephanie,Taylor,Stephanie Taylor,28,Engineering,Lead,Miami,82498.06,3508.74,2024-12-20,0,84.3,stephanie.taylor@company.com,(313) 598-4216,Active
EMP043916,Emily,Martin,Emily Martin,38,Legal,Lead,San Francisco,110235.31,6742.13,2022-05-20,14,85.1,emily.martin@company.com,(281) 790-3108,Active
EMP043917,Christopher,Martinez,Christopher Martinez,25,Finance,Associate,New York,46926.14,975.72,2021-09-05,0,83.9,christopher.martinez@company.com,(983) 514-5901,Active
EMP043918,Amanda,Miller,Amanda Miller,65,Marketing,Analyst,Chicago,83276.1,3318.84,2022-04-18,39,86.1,amanda.miller@company.com,(248) 466-2995,Active
EMP043919,Jessica,Thomas,Jessica Thomas,50,Sales,Associate,Seattle,88702.3,4921.87,2023-05-15,22,100.0,jessica.thomas@company.com,(800) 789-4088,Active
EMP043920,Anthony,Miller,Anthony Miller,37,HR,Specialist,Los Angeles,47213.9,4528.61,2023-11-22,9,69.7,anthony.miller@company.com,(901) 346-6463,Active
EMP043921,Stephanie,Jackson,Stephanie Jackson,60,IT,Associate,Boston,107617.0,11019.11,2022-07-24,31,75.5,stephanie.jackson@company.com,(498) 238-4167,Active
EMP043922,Jessica,Miller,Jessica Miller,63,Finance,Manager,Boston,96408.97,10482.68,2022-04-29,40,74.0,jessica.miller@company.com,(915) 547-4103,Active
EMP043923,John,Taylor,John Taylor,65,Sales,Senior Developer,Chicago,108844.29,20258.96,2023-11-20,36,63.9,john.taylor@company.com,(972) 756-5651,Active
EMP043924,Lisa,Hernandez,Lisa Hernandez,28,Marketing,Lead,Austin,54730.15,7498.59,2021-02-28,5,62.1,lisa.hernandez@company.com,(938) 215-1734,Active
EMP043925,Michael,Martin,Michael Martin,37,HR,Senior Developer,San Francisco,60661.63,3.73,2022-05-13,14,91.1,michael.martin@company.com,(831) 293-8310,Active
EMP043926,Nicole,Miller,Nicole Miller,64,HR,Associate,San Francisco,80534.37,2512.77,2020-12-16,41,85.7,nicole.miller@company.com,(683) 987-3387,Active
EMP043927,Amanda,Garcia,Amanda Garcia,56,HR,Analyst,New York,97810.04,3646.73,2020-05-26,27,78.4,amanda.garcia@company.com,(950) 787-2566,Active
EMP043928,Nicole,Moore,Nicole Moore,31,Legal,Lead,Boston,100808.35,6088.44,2021-04-22,4,78.4,nicole.moore@company.com,(857) 278-2748,Active
EMP043929,William,Smith,William Smith,26,HR,Manager,Austin,44510.01,3510.59,2021-12-25,4,59.5,william.smith@company.com,(393) 698-1227,Active
EMP043930,Daniel,Hernandez,Daniel Hernandez,33,Engineering,Lead,New York,88682.12,17082.4,2022-05-06,4,77.6,daniel.hernandez@company.com,(790) 647-4024,Active
EMP043931,Anthony,Johnson,Anthony Johnson,25,Operations,Analyst,Chicago,46404.8,6223.32,2022-01-15,0,90.8,anthony.johnson@company.com,(417) 537-2049,Active
EMP043932,Christopher,Williams,Christopher Williams,22,Legal,Manager,New York,82991.02,7676.41,2022-07-04,0,90.5,christopher.williams@company.com,(689) 566-2441,Active
EMP043933,Robert,Johnson,Robert Johnson,53,Sales,Manager,Miami,86290.73,9563.51,2024-01-31,29,55.8,robert.johnson@company.com,(263) 755-9237,Active
EMP043934,Jane,Miller,Jane Miller,55,Sales,Analyst,Chicago,89063.92,7403.16,2022-01-04,31,71.9,jane.miller@company.com,(747) 219-2059,Active
EMP043935,Emily,Taylor,Emily Taylor,43,Finance,Manager,Chicago,96569.24,8204.27,2021-12-30,16,72.1,emily.taylor@company.com,(348) 743-7237,Inactive
EMP043936,Jane,Jackson,Jane Jackson,60,Marketing,Associate,New York,79721.09,4037.82,2023-07-26,31,57.0,jane.jackson@company.com,(274) 225-5791,On Leave
EMP043937,Lisa,Taylor,Lisa Taylor,30,Marketing,Lead,New York,57288.97,4442.85,2022-08-15,7,75.9,lisa.taylor@company.com,(512) 887-2132,Active
EMP043938,Jessica,Taylor,Jessica Taylor,55,HR,Lead,Los Angeles,49565.09,6160.07,2020-10-08,30,85.4,jessica.taylor@company.com,(910) 935-6892,Active
EMP043939,William,Johnson,William Johnson,49,Legal,Coordinator,Seattle,81430.98,1850.83,2021-04-24,20,46.1,william.johnson@company.com,(201) 750-5091,Inactive
EMP043940,Michael,Brown,Michael Brown,34,Operations,Coordinator,Los Angeles,54292.62,4743.08,2020-02-02,10,79.9,michael.brown@company.com,(518) 601-7777,Active
EMP043941,Nicole,Gonzalez,Nicole Gonzalez,23,Finance,Manager,New York,54971.09,2001.14,2021-02-26,0,80.5,nicole.gonzalez@company.com,(330) 582-1189,On Leave
EMP043942,Michael,Williams,Michael Williams,58,Legal,Lead,San Francisco,91342.77,4942.48,2022-01-18,33,40.8,michael.williams@company.com,(889) 244-4552,Active
EMP043943,Ashley,Lopez,Ashley Lopez,41,Engineering,Lead,New York,110897.32,11827.69,2023-06-08,18,74.9,ashley.lopez@company.com,(952) 910-6939,Active
EMP043944,Lisa,Garcia,Lisa Garcia,39,Operations,Director,Boston,73994.86,10882.34,2024-12-20,14,41.3,lisa.garcia@company.com,(329) 821-6758,On Leave
EMP043945,Robert,Jones,Robert Jones,65,Sales,Specialist,Los Angeles,94679.13,5358.66,2023-06-13,36,73.5,robert.jones@company.com,(903) 942-6098,Active
EMP043946,Emily,Martinez,Emily Martinez,22,Operations,Lead,Chicago,25500.0,4701.97,2023-10-31,0,91.1,emily.martinez@company.com,(766) 393-7838,Active
EMP043947,Lisa,Anderson,Lisa Anderson,40,Engineering,Senior Developer,Miami,50647.5,5602.5,2023-01-06,18,91.3,lisa.anderson@company.com,(806) 899-4422,On Leave
EMP043948,Jessica,Johnson,Jessica Johnson,49,IT,Specialist,Chicago,75311.47,9626.57,2022-03-11,22,82.2,jessica.johnson@company.com,(965) 856-3330,Active
EMP043949,Melissa,Williams,Melissa Williams,49,HR,Lead,Los Angeles,71158.53,10560.23,2023-09-03,25,97.6,melissa.williams@company.com,(899) 322-4653,Active
EMP043950,William,Garcia,William Garcia,40,Marketing,Lead,New York,55838.68,4135.45,2020-01-27,15,75.8,william.garcia@company.com,(357) 858-7246,Active
EMP043951,Lisa,Davis,Lisa Davis,38,Engineering,Specialist,Seattle,73856.53,15510.59,2024-07-13,13,83.7,lisa.davis@company.com,(476) 541-4711,On Leave
EMP043952,Anthony,Moore,Anthony Moore,37,Marketing,Analyst,Los Angeles,50939.88,7965.82,2023-07-23,8,59.8,anthony.moore@company.com,(753) 818-9345,Active
EMP043953,David,Miller,David Miller,46,Finance,Manager,New York,63512.17,4829.66,2024-04-02,21,67.3,david.miller@company.com,(524) 316-7134,Inactive
EMP043954,Ashley,Wilson,Ashley Wilson,52,Engineering,Associate,Chicago,126291.83,13033.57,2021-07-17,25,82.0,ashley.wilson@company.com,(695) 903-9703,Active
EMP043955,William,Rodriguez,William Rodriguez,32,Engineering,Specialist,Los Angeles,60091.24,6965.8,2024-06-18,4,71.0,william.rodriguez@company.com,(953) 772-5170,Active
EMP043956,William,Lopez,William Lopez,23,HR,Analyst,New York,70928.69,4441.73,2024-03-31,0,58.3,william.lopez@company.com,(539) 284-7947,Active
EMP043957,Stephanie,Williams,Stephanie Williams,36,Sales,Associate,Austin,54542.29,8767.05,2022-12-21,8,84.8,stephanie.williams@company.com,(337) 213-9469,Active
EMP043958,Lisa,Smith,Lisa Smith,23,Legal,Lead,Austin,97715.34,12940.04,2024-11-23,0,66.5,lisa.smith@company.com,(326) 786-5986,Active
EMP043959,Jessica,Miller,Jessica Miller,45,HR,Lead,Austin,39997.53,3054.45,2021-09-15,20,86.2,jessica.miller@company.com,(298) 896-9252,Inactive
EMP043960,Amanda,Williams,Amanda Williams,41,Operations,Associate,Miami,61369.68,5233.41,2023-08-28,19,84.5,amanda.williams@company.com,(770) 491-6140,Active
EMP043961,Anthony,Johnson,Anthony Johnson,26,IT,Lead,Austin,46232.51,2189.74,2020-07-27,0,63.1,anthony.johnson@company.com,(345) 334-9903,Active
EMP043962,Sarah,Garcia,Sarah Garcia,37,Operations,Specialist,San Francisco,68592.77,9713.66,2023-12-08,14,55.2,sarah.garcia@company.com,(807) 264-7786,Active
EMP043963,Jane,Thomas,Jane Thomas,62,HR,Lead,Los Angeles,75947.28,4984.19,2020-07-03,40,62.8,jane.thomas@company.com,(466) 811-5214,Active
EMP043964,James,Thomas,James Thomas,59,Operations,Coordinator,San Francisco,76214.84,15769.94,2020-08-13,32,78.7,james.thomas@company.com,(718) 900-8869,Active
EMP043965,Stephanie,Davis,Stephanie Davis,34,Sales,Director,Miami,62532.99,1260.72,2021-01-20,8,88.9,stephanie.davis@company.com,(548) 835-1194,Active
EMP043966,Christopher,Martin,Christopher Martin,57,Finance,Specialist,Miami,113072.58,4802.85,2020-09-30,30,58.1,christopher.martin@company.com,(221) 327-7293,Active
EMP043967,Sarah,Johnson,Sarah Johnson,47,Finance,Manager,New York,91658.84,15677.78,2023-08-31,18,69.4,sarah.johnson@company.com,(579) 834-4047,Active
EMP043968,David,Jones,David Jones,27,HR,Senior Developer,San Francisco,68169.6,8819.81,2020-10-17,4,80.3,david.jones@company.com,(767) 967-7083,Active
EMP043969,Jane,Miller,Jane Miller,60,Operations,Analyst,Boston,79534.62,6036.47,2020-03-31,32,68.0,jane.miller@company.com,(403) 743-3036,Active
EMP043970,Melissa,Johnson,Melissa Johnson,42,IT,Lead,Los Angeles,106385.35,5119.76,2022-04-17,14,46.1,melissa.johnson@company.com,(973) 893-7173,Inactive
EMP043971,Daniel,Johnson,Daniel Johnson,56,Finance,Associate,Seattle,81162.5,10344.49,2023-02-20,32,94.0,daniel.johnson@company.com,(733) 660-2701,Inactive
EMP043972,David,Smith,David Smith,49,Marketing,Analyst,Los Angeles,90614.39,12179.58,2022-02-28,25,70.0,david.smith@company.com,(901) 811-7219,Active
EMP043973,William,Jones,William Jones,44,Finance,Analyst,Chicago,111533.88,7099.53,2022-06-02,20,54.3,william.jones@company.com,(687) 738-6705,Active
EMP043974,Robert,Smith,Robert Smith,56,Sales,Specialist,Los Angeles,92054.5,12555.94,2021-03-20,32,63.0,robert.smith@company.com,(201) 871-7784,Active
EMP043975,Stephanie,Anderson,Stephanie Anderson,60,HR,Manager,Los Angeles,80069.43,12549.32,2021-08-06,38,80.9,stephanie.anderson@company.com,(883) 792-3433,On Leave
EMP043976,Jessica,Martin,Jessica Martin,59,Marketing,Lead,Los Angeles,75361.43,3590.97,2023-01-02,34,67.0,jessica.martin@company.com,(343) 589-3742,Active
EMP043977,Melissa,Martinez,Melissa Martinez,52,Finance,Lead,Los Angeles,71997.93,5061.26,2021-11-17,25,100.0,melissa.martinez@company.com,(526) 848-8411,Active
EMP043978,Robert,Martinez,Robert Martinez,35,Sales,Director,Los Angeles,73000.71,2883.67,2022-10-09,11,74.1,robert.martinez@company.com,(634) 605-2092,Active
EMP043979,Sarah,Williams,Sarah Williams,54,Sales,Manager,Austin,86072.17,13711.61,2022-10-22,29,70.0,sarah.williams@company.com,(933) 281-5173,Active
EMP043980,Anthony,Taylor,Anthony Taylor,34,IT,Manager,Boston,88751.46,8939.22,2022-09-20,6,66.4,anthony.taylor@company.com,(327) 899-2559,Active
EMP043981,Jessica,Taylor,Jessica Taylor,61,IT,Senior Developer,New York,81358.77,14154.49,2020-05-13,35,76.4,jessica.taylor@company.com,(735) 820-6932,Active
EMP043982,Melissa,Wilson,Melissa Wilson,40,IT,Manager,Chicago,64558.74,3794.58,2021-12-28,15,52.9,melissa.wilson@company.com,(308) 956-5707,Inactive
EMP043983,Sarah,Wilson,Sarah Wilson,31,Operations,Lead,Los Angeles,47068.83,8646.51,2021-04-29,3,69.2,sarah.wilson@company.com,(895) 499-7084,Active
EMP043984,Jessica,Anderson,Jessica Anderson,36,Legal,Manager,Austin,75537.34,13644.13,2020-04-07,10,30.7,jessica.anderson@company.com,(966) 984-7700,Active
EMP043985,Lisa,Anderson,Lisa Anderson,25,Finance,Director,San Francisco,86794.55,14121.22,2022-06-03,0,56.8,lisa.anderson@company.com,(810) 529-6585,Active
EMP043986,James,Brown,James Brown,63,Finance,Director,Miami,126516.15,4070.08,2020-12-03,38,75.5,james.brown@company.com,(524) 847-2877,Active
EMP043987,Robert,Brown,Robert Brown,36,IT,Lead,New York,68851.32,5780.28,2022-11-16,8,80.7,robert.brown@company.com,(309) 457-4962,Active
EMP043988,Jane,Lopez,Jane Lopez,45,Marketing,Analyst,Chicago,66645.96,9307.94,2022-05-27,16,100.0,jane.lopez@company.com,(827) 885-5407,Active
EMP043989,Anthony,Miller,Anthony Miller,33,Legal,Senior Developer,Chicago,85717.71,16849.64,2022-07-19,10,90.0,anthony.miller@company.com,(867) 869-5210,Active
EMP043990,Lisa,Martin,Lisa Martin,51,Sales,Lead,Miami,72241.07,10288.21,2020-06-16,26,84.3,lisa.martin@company.com,(503) 707-2582,Active
EMP043991,Matthew,Garcia,Matthew Garcia,56,HR,Senior Developer,Miami,87578.95,6398.75,2024-07-04,30,74.8,matthew.garcia@company.com,(404) 996-9848,Active
EMP043992,Jessica,Martinez,Jessica Martinez,29,Sales,Specialist,Los Angeles,63684.57,2402.98,2022-04-16,4,74.4,jessica.martinez@company.com,(497) 822-2990,Active
EMP043993,David,Taylor,David Taylor,29,Legal,Associate,San Francisco,93409.91,14413.85,2023-08-29,5,51.4,david.taylor@company.com,(742) 806-4448,Inactive
EMP043994,Lisa,Thomas,Lisa Thomas,48,HR,Director,Chicago,49583.27,5895.17,2020-08-25,20,68.4,lisa.thomas@company.com,(712) 248-4161,Inactive
EMP043995,Jessica,Rodriguez,Jessica Rodriguez,63,Engineering,Associate,Seattle,98504.48,15190.6,2022-07-01,36,100.0,jessica.rodriguez@company.com,(835) 423-8329,Active
EMP043996,Anthony,Moore,Anthony Moore,62,IT,Director,Seattle,87308.58,17112.08,2021-11-17,40,84.0,anthony.moore@company.com,(330) 236-4269,Active
EMP043997,Amanda,Williams,Amanda Williams,48,IT,Associate,New York,101635.44,3653.57,2023-09-27,23,91.7,amanda.williams@company.com,(860) 373-2731,Active
EMP043998,John,Thomas,John Thomas,47,Finance,Coordinator,New York,75901.3,10233.57,2024-05-19,22,72.5,john.thomas@company.com,(749) 225-8668,Active
EMP043999,Jessica,Jones,Jessica Jones,32,IT,Director,Miami,93037.44,9027.99,2022-05-03,6,42.5,jessica.jones@company.com,(266) 467-1366,Active
EMP044000,Amanda,Gonzalez,Amanda Gonzalez,60,IT,Director,Seattle,93151.14,8973.18,2021-05-02,31,75.2,amanda.gonzalez@company.com,(955) 495-1666,Active
EMP044001,Jessica,Miller,Jessica Miller,23,Operations,Analyst,Miami,37091.52,1262.57,2023-08-15,0,92.0,jessica.miller@company.com,(673) 423-1326,Active
EMP044002,Jessica,Jackson,Jessica Jackson,45,Sales,Director,Miami,63892.22,9438.81,2024-07-06,18,68.7,jessica.jackson@company.com,(947) 903-3477,Active
EMP044003,Stephanie,Miller,Stephanie Miller,45,Marketing,Manager,Los Angeles,69626.25,14392.61,2023-06-28,16,70.7,stephanie.miller@company.com,(257) 649-9684,Active
EMP044004,Nicole,Anderson,Nicole Anderson,55,Marketing,Associate,Boston,68972.71,7974.16,2022-09-16,28,87.0,nicole.anderson@company.com,(806) 918-6744,Active
EMP044005,John,Hernandez,John Hernandez,24,Legal,Analyst,Chicago,61732.21,10315.37,2020-06-25,1,91.5,john.hernandez@company.com,(367) 282-6232,Active
EMP044006,James,Gonzalez,James Gonzalez,55,HR,Lead,Miami,64714.6,4859.86,2024-04-16,28,72.8,james.gonzalez@company.com,(502) 456-1950,Active
EMP044007,Ashley,Lopez,Ashley Lopez,41,Sales,Director,New York,64160.85,72.06,2023-01-31,13,45.7,ashley.lopez@company.com,(752) 963-5491,Active
EMP044008,Daniel,Wilson,Daniel Wilson,44,HR,Manager,Miami,59293.73,7696.32,2023-06-07,20,73.6,daniel.wilson@company.com,(419) 945-8448,Active
EMP044009,Amanda,Miller,Amanda Miller,32,IT,Manager,Austin,89322.08,5758.38,2024-10-25,8,82.5,amanda.miller@company.com,(309) 476-8156,Active
EMP044010,John,Martin,John Martin,41,Sales,Coordinator,Chicago,60876.28,8421.19,2020-02-16,16,45.4,john.martin@company.com,(239) 968-8215,On Leave
EMP044011,Anthony,Wilson,Anthony Wilson,26,IT,Director,Seattle,72170.14,4617.49,2024-09-12,3,100.0,anthony.wilson@company.com,(289) 247-5510,Active
EMP044012,Jane,Taylor,Jane Taylor,46,Marketing,Lead,Chicago,80157.69,4001.27,2022-04-17,18,81.8,jane.taylor@company.com,(705) 627-3838,Active
EMP044013,David,Garcia,David Garcia,38,IT,Manager,New York,75904.92,6624.67,2022-04-03,10,87.9,david.garcia@company.com,(698) 378-7236,Active
EMP044014,William,Lopez,William Lopez,42,Operations,Lead,Los Angeles,41212.79,6211.07,2020-09-17,18,58.7,william.lopez@company.com,(895) 527-7533,Active
EMP044015,David,Miller,David Miller,28,Marketing,Specialist,Miami,70270.79,6783.97,2024-07-12,3,60.2,david.miller@company.com,(529) 280-6961,Active
EMP044016,John,Davis,John Davis,47,HR,Specialist,Austin,62527.88,3783.04,2024-06-13,21,66.5,john.davis@company.com,(519) 909-9106,Active
EMP044017,Robert,Brown,Robert Brown,30,HR,Senior Developer,Chicago,35669.56,5797.04,2021-09-24,5,90.1,robert.brown@company.com,(707) 701-8459,Active
EMP044018,Jessica,Johnson,Jessica Johnson,36,Legal,Manager,Miami,100224.97,5366.93,2024-02-11,14,41.0,jessica.johnson@company.com,(815) 698-7753,Active
EMP044019,Matthew,Lopez,Matthew Lopez,43,Finance,Coordinator,Chicago,81202.37,9978.21,2021-04-09,20,40.5,matthew.lopez@company.com,(727) 671-3841,Active
EMP044020,Lisa,Taylor,Lisa Taylor,62,Marketing,Lead,Miami,83648.01,9890.92,2024-05-15,37,72.7,lisa.taylor@company.com,(652) 632-2123,Active
EMP044021,James,Jackson,James Jackson,59,Legal,Coordinator,New York,101482.3,4413.45,2023-03-30,36,83.2,james.jackson@company.com,(228) 278-9069,Active
EMP044022,Melissa,Martinez,Melissa Martinez,53,Legal,Specialist,Miami,97779.94,6430.61,2021-08-28,28,53.3,melissa.martinez@company.com,(995) 644-2426,On Leave
EMP044023,Michael,Wilson,Michael Wilson,56,HR,Manager,New York,93335.88,11050.05,2023-12-19,32,59.8,michael.wilson@company.com,(315) 287-4632,Active
EMP044024,Jane,Taylor,Jane Taylor,35,Finance,Coordinator,Los Angeles,79232.73,8965.72,2021-03-10,7,84.6,jane.taylor@company.com,(902) 506-3713,Active
EMP044025,Anthony,Taylor,Anthony Taylor,44,Sales,Associate,Chicago,66300.66,6666.19,2022-11-19,19,78.3,anthony.taylor@company.com,(453) 435-4372,Active
EMP044026,Matthew,Lopez,Matthew Lopez,45,Sales,Specialist,Boston,92820.07,13688.47,2023-09-06,20,79.7,matthew.lopez@company.com,(386) 947-1191,Active
EMP044027,Stephanie,Jackson,Stephanie Jackson,38,Finance,Lead,Austin,76178.19,4913.69,2022-06-15,15,74.2,stephanie.jackson@company.com,(762) 384-4943,Inactive
EMP044028,John,Williams,John Williams,61,Sales,Analyst,Seattle,86541.04,12949.9,2021-12-25,37,83.5,john.williams@company.com,(302) 893-6582,Active
EMP044029,Melissa,Hernandez,Melissa Hernandez,33,HR,Coordinator,Chicago,62378.02,12211.87,2022-07-05,10,74.2,melissa.hernandez@company.com,(787) 880-6108,Active
EMP044030,Daniel,Jackson,Daniel Jackson,38,HR,Coordinator,Seattle,63503.61,6833.62,2023-02-14,9,86.5,daniel.jackson@company.com,(807) 233-1084,Active
EMP044031,John,Miller,John Miller,62,Engineering,Coordinator,New York,118971.65,14167.56,2022-08-03,37,91.1,john.miller@company.com,(906) 422-5855,Active
EMP044032,Lisa,Anderson,Lisa Anderson,36,Sales,Senior Developer,Austin,54293.53,5407.68,2021-03-08,11,70.0,lisa.anderson@company.com,(724) 416-4951,Active
EMP044033,Amanda,Hernandez,Amanda Hernandez,51,Operations,Manager,Seattle,62398.7,7164.73,2024-02-18,25,100.0,amanda.hernandez@company.com,(402) 628-3248,Active
EMP044034,Melissa,Johnson,Melissa Johnson,33,Finance,Lead,San Francisco,73683.53,2274.52,2021-06-07,10,84.5,melissa.johnson@company.com,(755) 415-7481,Active
EMP044035,Ashley,Smith,Ashley Smith,64,HR,Lead,Chicago,64726.29,5030.7,2024-08-20,37,100.0,ashley.smith@company.com,(956) 640-7077,Active
EMP044036,Nicole,Taylor,Nicole Taylor,46,Legal,Coordinator,Los Angeles,58593.81,7149.86,2024-08-16,18,94.7,nicole.taylor@company.com,(383) 537-7579,Active
EMP044037,Ashley,Davis,Ashley Davis,59,Legal,Associate,New York,107787.99,21903.14,2022-03-21,35,70.1,ashley.davis@company.com,(413) 576-1741,Inactive
EMP044038,Christopher,Gonzalez,Christopher Gonzalez,42,Sales,Coordinator,New York,73445.83,2761.92,2022-04-25,13,68.9,christopher.gonzalez@company.com,(942) 430-1216,Active
EMP044039,David,Johnson,David Johnson,59,IT,Analyst,Chicago,99692.51,10407.02,2023-03-02,35,83.8,david.johnson@company.com,(859) 739-7114,Active
EMP044040,Michael,Lopez,Michael Lopez,43,Marketing,Associate,Miami,71567.18,4528.36,2024-12-31,15,80.9,michael.lopez@company.com,(750) 410-8140,Inactive
EMP044041,Michael,Taylor,Michael Taylor,45,Operations,Senior Developer,Los Angeles,72833.15,5601.6,2022-07-09,16,81.4,michael.taylor@company.com,(364) 379-6390,Active
EMP044042,William,Williams,William Williams,48,HR,Associate,New York,84725.85,7826.53,2022-09-17,26,91.6,william.williams@company.com,(900) 804-9178,Active
EMP044043,Jessica,Garcia,Jessica Garcia,43,Engineering,Associate,San Francisco,87212.93,10081.78,2023-08-06,16,63.0,jessica.garcia@company.com,(341) 725-3261,Active
EMP044044,Amanda,Davis,Amanda Davis,39,Legal,Analyst,Seattle,79813.63,8078.68,2021-01-22,11,77.7,amanda.davis@company.com,(491) 574-3047,Inactive
EMP044045,Nicole,Hernandez,Nicole Hernandez,63,Legal,Lead,Austin,97502.06,7975.27,2024-05-31,35,55.9,nicole.hernandez@company.com,(534) 603-4450,Active
EMP044046,Daniel,Anderson,Daniel Anderson,27,Engineering,Senior Developer,Austin,96231.71,6166.44,2022-07-19,3,71.8,daniel.anderson@company.com,(508) 283-3041,Inactive
EMP044047,Matthew,Miller,Matthew Miller,24,Sales,Associate,Los Angeles,75115.11,11718.2,2024-10-24,0,80.5,matthew.miller@company.com,(922) 899-3400,Inactive
EMP044048,Matthew,Brown,Matthew Brown,63,Operations,Director,San Francisco,57625.73,3479.29,2021-07-09,37,65.3,matthew.brown@company.com,(528) 340-3457,Active
EMP044049,Amanda,Smith,Amanda Smith,48,Sales,Coordinator,Austin,75841.51,9170.85,2021-05-20,23,92.3,amanda.smith@company.com,(509) 218-9381,Active
EMP044050,John,Martinez,John Martinez,29,Sales,Coordinator,San Francisco,87601.27,8033.44,2023-03-20,6,77.2,john.martinez@company.com,(379) 624-3057,Active
EMP044051,Emily,Brown,Emily Brown,36,IT,Senior Developer,Chicago,65728.35,8725.71,2024-08-29,7,80.7,emily.brown@company.com,(936) 441-8760,Active
EMP044052,William,Martinez,William Martinez,22,Marketing,Coordinator,San Francisco,47038.93,9079.09,2021-07-21,0,85.3,william.martinez@company.com,(460) 885-5024,Active
EMP044053,Emily,Rodriguez,Emily Rodriguez,30,IT,Lead,Chicago,88207.37,2977.01,2023-05-05,7,75.4,emily.rodriguez@company.com,(332) 890-7814,On Leave
EMP044054,Lisa,Taylor,Lisa Taylor,61,IT,Director,Los Angeles,107654.39,16838.06,2020-09-21,33,72.4,lisa.taylor@company.com,(765) 543-8123,Active
EMP044055,Amanda,Taylor,Amanda Taylor,48,Operations,Coordinator,Los Angeles,58731.32,8975.69,2023-02-14,20,59.8,amanda.taylor@company.com,(320) 315-9789,Active
EMP044056,Jane,Thomas,Jane Thomas,38,Engineering,Manager,New York,95638.85,10130.48,2022-08-31,14,72.4,jane.thomas@company.com,(374) 769-2341,Active
EMP044057,Matthew,Davis,Matthew Davis,44,Engineering,Director,Chicago,131931.01,20646.14,2021-12-11,21,88.2,matthew.davis@company.com,(832) 927-4904,Inactive
EMP044058,Christopher,Miller,Christopher Miller,30,Operations,Director,Miami,62561.59,4357.2,2020-01-11,8,100.0,christopher.miller@company.com,(855) 299-6905,Active
EMP044059,David,Rodriguez,David Rodriguez,38,Marketing,Analyst,New York,80080.66,6662.68,2024-08-19,12,59.8,david.rodriguez@company.com,(332) 262-6709,On Leave
EMP044060,James,Smith,James Smith,64,Finance,Lead,Los Angeles,82124.54,10806.63,2021-12-22,41,91.3,james.smith@company.com,(292) 891-1056,Active
EMP044061,Matthew,Gonzalez,Matthew Gonzalez,62,Finance,Manager,New York,88700.24,3869.56,2023-10-21,33,95.8,matthew.gonzalez@company.com,(200) 619-5639,Active
EMP044062,Jane,Jackson,Jane Jackson,37,Finance,Director,Austin,83450.69,8762.27,2021-08-19,9,47.9,jane.jackson@company.com,(917) 543-7022,Active
EMP044063,Daniel,Jones,Daniel Jones,48,Sales,Associate,Boston,89074.71,11090.39,2024-02-24,23,59.5,daniel.jones@company.com,(418) 491-4770,Active
EMP044064,Lisa,Williams,Lisa Williams,23,HR,Manager,Seattle,42072.65,4526.4,2022-03-14,0,49.3,lisa.williams@company.com,(669) 842-5472,Inactive
EMP044065,Michael,Gonzalez,Michael Gonzalez,38,IT,Specialist,Chicago,119434.26,10699.85,2020-11-06,16,62.8,michael.gonzalez@company.com,(579) 446-6395,Active
EMP044066,John,Miller,John Miller,25,Sales,Senior Developer,Austin,40194.33,2757.88,2020-09-02,0,86.5,john.miller@company.com,(824) 207-6380,Active
EMP044067,Ashley,Thomas,Ashley Thomas,31,Sales,Senior Developer,Boston,90614.78,9598.95,2020-04-13,9,79.4,ashley.thomas@company.com,(925) 446-6044,Active
EMP044068,John,Hernandez,John Hernandez,46,Engineering,Specialist,Chicago,106082.71,5880.72,2024-01-11,19,66.3,john.hernandez@company.com,(951) 828-2467,Active
EMP044069,James,Martin,James Martin,46,IT,Senior Developer,Miami,92785.19,8488.79,2024-10-29,22,66.9,james.martin@company.com,(823) 529-7116,Active
EMP044070,Melissa,Hernandez,Melissa Hernandez,56,Legal,Manager,San Francisco,105678.28,7466.97,2021-11-16,31,80.0,melissa.hernandez@company.com,(656) 318-5799,Active
EMP044071,James,Davis,James Davis,62,Engineering,Coordinator,Chicago,108993.9,11771.76,2024-10-04,37,84.6,james.davis@company.com,(522) 424-3949,Active
EMP044072,Melissa,Garcia,Melissa Garcia,29,HR,Coordinator,Austin,43199.92,968.42,2021-11-09,7,74.4,melissa.garcia@company.com,(834) 664-2437,Active
EMP044073,Anthony,Wilson,Anthony Wilson,61,HR,Lead,Boston,79537.52,1485.56,2024-03-21,34,71.0,anthony.wilson@company.com,(621) 301-4652,Active
EMP044074,William,Rodriguez,William Rodriguez,61,Sales,Director,Seattle,100944.44,12856.98,2022-09-09,39,100.0,william.rodriguez@company.com,(571) 913-4403,Active
EMP044075,Matthew,Brown,Matthew Brown,43,Engineering,Associate,Seattle,99046.96,11068.61,2022-05-05,20,69.0,matthew.brown@company.com,(622) 436-9260,Active
EMP044076,Emily,Thomas,Emily Thomas,51,Marketing,Associate,Los Angeles,74134.16,6856.33,2024-09-12,27,74.1,emily.thomas@company.com,(939) 349-4929,Active
EMP044077,Jessica,Anderson,Jessica Anderson,38,Marketing,Manager,San Francisco,62102.28,758.32,2022-02-15,13,53.8,jessica.anderson@company.com,(216) 307-5220,Active
EMP044078,Amanda,Brown,Amanda Brown,56,Marketing,Senior Developer,Seattle,97445.79,7074.04,2024-11-20,32,66.2,amanda.brown@company.com,(438) 907-2843,Inactive
EMP044079,Christopher,Garcia,Christopher Garcia,24,Operations,Senior Developer,Boston,50302.33,5159.58,2024-06-05,0,67.8,christopher.garcia@company.com,(750) 735-6021,Inactive
EMP044080,Stephanie,Moore,Stephanie Moore,47,Marketing,Director,Austin,107533.96,6027.7,2021-07-22,20,62.0,stephanie.moore@company.com,(747) 475-4929,Active
EMP044081,Anthony,Brown,Anthony Brown,52,Sales,Lead,Los Angeles,110597.48,14359.16,2023-08-29,23,68.7,anthony.brown@company.com,(432) 673-8110,Active
EMP044082,Amanda,Williams,Amanda Williams,56,Engineering,Associate,Boston,108206.36,13621.17,2021-09-02,30,39.9,amanda.williams@company.com,(636) 862-2367,Active
EMP044083,Emily,Jones,Emily Jones,39,Finance,Coordinator,Boston,107830.28,9031.54,2020-06-06,15,60.9,emily.jones@company.com,(719) 694-2841,Inactive
EMP044084,Amanda,Williams,Amanda Williams,63,Engineering,Associate,San Francisco,74452.37,5357.28,2024-07-14,41,90.3,amanda.williams@company.com,(302) 376-8233,Active
EMP044085,William,Moore,William Moore,54,Sales,Specialist,Miami,80299.06,7279.89,2024-06-22,25,90.9,william.moore@company.com,(636) 499-3007,Inactive
EMP044086,James,Taylor,James Taylor,28,Legal,Lead,New York,93962.34,13788.91,2021-04-08,2,77.0,james.taylor@company.com,(250) 370-1721,On Leave
EMP044087,Jessica,Garcia,Jessica Garcia,44,Legal,Coordinator,Chicago,104796.04,12153.01,2020-06-27,20,87.0,jessica.garcia@company.com,(442) 946-4230,Active
EMP044088,Michael,Taylor,Michael Taylor,43,IT,Coordinator,New York,77582.95,6738.62,2020-09-05,21,83.9,michael.taylor@company.com,(665) 291-1842,Active
EMP044089,Amanda,Williams,Amanda Williams,39,Operations,Senior Developer,Austin,40232.83,9463.77,2024-10-01,15,73.0,amanda.williams@company.com,(212) 816-6212,Inactive
EMP044090,Michael,Jones,Michael Jones,41,Marketing,Senior Developer,Austin,106537.51,17311.85,2021-05-27,16,72.9,michael.jones@company.com,(533) 410-9433,On Leave
EMP044091,Sarah,Davis,Sarah Davis,30,Legal,Associate,Austin,57426.2,4364.52,2022-09-23,6,83.7,sarah.davis@company.com,(564) 304-2226,Active
EMP044092,Melissa,Moore,Melissa Moore,64,Legal,Analyst,Seattle,123966.16,13341.81,2024-07-10,35,69.0,melissa.moore@company.com,(269) 219-6953,Active
EMP044093,Melissa,Brown,Melissa Brown,60,Engineering,Senior Developer,Miami,123971.27,16628.79,2021-06-01,32,81.3,melissa.brown@company.com,(484) 876-3601,Active
EMP044094,Christopher,Williams,Christopher Williams,40,Operations,Specialist,Austin,54955.1,6634.98,2024-03-29,12,71.5,christopher.williams@company.com,(360) 642-7517,Active
EMP044095,Nicole,Garcia,Nicole Garcia,60,Legal,Specialist,New York,144787.5,19229.79,2024-04-01,34,69.8,nicole.garcia@company.com,(788) 746-1352,Active
EMP044096,Amanda,Hernandez,Amanda Hernandez,24,Legal,Manager,Austin,50636.76,7113.32,2023-04-01,2,83.3,amanda.hernandez@company.com,(771) 587-2468,Active
EMP044097,Lisa,Jackson,Lisa Jackson,45,HR,Coordinator,Seattle,59588.87,5185.72,2023-11-11,23,100.0,lisa.jackson@company.com,(948) 610-1049,Active
EMP044098,Amanda,Jackson,Amanda Jackson,23,Engineering,Manager,San Francisco,62603.63,12726.13,2022-04-27,1,78.7,amanda.jackson@company.com,(950) 953-7660,Active
EMP044099,Jessica,Jackson,Jessica Jackson,38,IT,Director,Seattle,100104.85,4294.61,2022-05-02,12,77.2,jessica.jackson@company.com,(871) 438-9331,Active
EMP044100,David,Miller,David Miller,57,IT,Lead,Boston,137828.23,13719.45,2024-03-16,30,91.9,david.miller@company.com,(683) 301-9483,Inactive
EMP044101,Christopher,Williams,Christopher Williams,56,Marketing,Coordinator,Boston,79009.93,13179.63,2021-09-10,31,65.5,christopher.williams@company.com,(966) 849-9885,Active
EMP044102,Jane,Taylor,Jane Taylor,59,IT,Lead,Boston,75057.62,5700.98,2024-05-27,32,43.2,jane.taylor@company.com,(964) 638-4025,Active
EMP044103,Jessica,Gonzalez,Jessica Gonzalez,53,HR,Director,Seattle,55390.19,3355.98,2021-12-01,28,61.1,jessica.gonzalez@company.com,(475) 747-1883,Active
EMP044104,Michael,Williams,Michael Williams,37,Marketing,Director,Miami,83430.07,11719.08,2024-11-18,10,79.8,michael.williams@company.com,(521) 443-6344,Active
EMP044105,Amanda,Williams,Amanda Williams,36,Sales,Lead,Los Angeles,51904.9,7705.33,2021-03-07,10,88.2,amanda.williams@company.com,(530) 269-2279,Active
EMP044106,Stephanie,Wilson,Stephanie Wilson,29,Engineering,Specialist,Austin,76656.97,4114.27,2021-03-16,7,69.3,stephanie.wilson@company.com,(235) 880-5528,Active
EMP044107,Daniel,Rodriguez,Daniel Rodriguez,45,Legal,Director,Austin,56165.87,9490.73,2020-11-08,21,48.5,daniel.rodriguez@company.com,(441) 413-1391,Active
EMP044108,Amanda,Rodriguez,Amanda Rodriguez,53,Legal,Senior Developer,New York,68190.35,4485.18,2023-08-05,28,91.6,amanda.rodriguez@company.com,(262) 447-9674,On Leave
EMP044109,Daniel,Williams,Daniel Williams,37,IT,Associate,Seattle,75552.76,6403.7,2023-06-17,14,65.6,daniel.williams@company.com,(987) 565-3049,Active
EMP044110,Matthew,Rodriguez,Matthew Rodriguez,22,IT,Specialist,Boston,75325.48,4624.76,2022-11-22,0,86.6,matthew.rodriguez@company.com,(936) 257-2592,Active
EMP044111,Michael,Gonzalez,Michael Gonzalez,63,Marketing,Analyst,Chicago,103623.3,4083.52,2022-04-13,41,71.9,michael.gonzalez@company.com,(653) 394-6368,Active
EMP044112,Ashley,Lopez,Ashley Lopez,65,IT,Associate,Austin,82738.16,4493.39,2024-08-12,40,72.0,ashley.lopez@company.com,(740) 264-7903,Active
EMP044113,David,Johnson,David Johnson,44,IT,Director,Chicago,70262.94,13508.77,2022-03-21,22,76.5,david.johnson@company.com,(479) 317-1070,Active
EMP044114,James,Gonzalez,James Gonzalez,44,Legal,Specialist,New York,87240.15,12659.99,2024-01-03,18,100.0,james.gonzalez@company.com,(670) 492-2978,Active
EMP044115,William,Johnson,William Johnson,48,Finance,Senior Developer,Seattle,127140.59,13604.48,2022-09-13,22,88.6,william.johnson@company.com,(589) 588-3154,Active
EMP044116,Matthew,Wilson,Matthew Wilson,45,Legal,Senior Developer,Los Angeles,91008.07,8059.69,2021-10-18,22,100.0,matthew.wilson@company.com,(936) 707-4801,Active
EMP044117,Amanda,Garcia,Amanda Garcia,26,Engineering,Coordinator,Chicago,88512.73,0.0,2024-12-20,4,100.0,amanda.garcia@company.com,(604) 677-8455,Active
EMP044118,Michael,Garcia,Michael Garcia,34,Finance,Manager,New York,75791.32,10721.17,2024-03-31,8,76.7,michael.garcia@company.com,(607) 251-5843,Active
EMP044119,James,Miller,James Miller,41,Legal,Associate,Boston,72222.19,0.0,2022-06-19,15,68.8,james.miller@company.com,(485) 719-8494,Active
EMP044120,Anthony,Williams,Anthony Williams,53,IT,Coordinator,New York,126057.83,3471.24,2020-05-29,29,55.6,anthony.williams@company.com,(466) 666-3181,Active
EMP044121,James,Jackson,James Jackson,36,Legal,Manager,Los Angeles,81453.87,11301.42,2021-12-09,8,67.4,james.jackson@company.com,(864) 806-4809,Active
EMP044122,John,Johnson,John Johnson,27,IT,Lead,Miami,81319.64,4630.15,2022-06-15,0,90.7,john.johnson@company.com,(846) 846-2289,Active
EMP044123,Melissa,Jackson,Melissa Jackson,30,IT,Lead,Seattle,96095.66,12325.05,2023-02-15,5,100.0,melissa.jackson@company.com,(540) 866-7689,Active
EMP044124,Lisa,Wilson,Lisa Wilson,43,Operations,Lead,Miami,66096.82,9238.8,2023-06-25,15,87.0,lisa.wilson@company.com,(740) 968-6647,Active
EMP044125,Robert,Martinez,Robert Martinez,42,Sales,Analyst,Los Angeles,90561.18,3778.55,2023-08-10,13,83.4,robert.martinez@company.com,(953) 544-8169,Active
EMP044126,Melissa,Martin,Melissa Martin,24,IT,Associate,Seattle,103054.34,10763.74,2024-11-07,0,83.8,melissa.martin@company.com,(620) 600-5846,Active
EMP044127,Matthew,Jones,Matthew Jones,23,Finance,Coordinator,Los Angeles,60937.19,8334.87,2024-08-28,0,55.9,matthew.jones@company.com,(899) 720-1269,Inactive
EMP044128,Christopher,Lopez,Christopher Lopez,42,Engineering,Coordinator,Seattle,76732.78,13505.31,2023-11-01,18,57.4,christopher.lopez@company.com,(935) 717-4050,Active
EMP044129,Sarah,Miller,Sarah Miller,44,Sales,Associate,Seattle,76775.6,6669.11,2024-04-20,21,93.7,sarah.miller@company.com,(636) 258-9446,Active
EMP044130,John,Brown,John Brown,32,Finance,Lead,Los Angeles,66737.81,7990.16,2020-08-21,3,58.9,john.brown@company.com,(809) 529-7628,Active
EMP044131,Melissa,Johnson,Melissa Johnson,49,IT,Senior Developer,New York,97809.95,3392.87,2020-03-16,23,76.3,melissa.johnson@company.com,(412) 593-4843,Active
EMP044132,Daniel,Jackson,Daniel Jackson,37,Engineering,Manager,Seattle,70720.0,5355.25,2021-09-30,11,100.0,daniel.jackson@company.com,(699) 903-6033,Active
EMP044133,Robert,Taylor,Robert Taylor,61,Finance,Director,San Francisco,122425.25,7805.48,2021-11-27,35,60.9,robert.taylor@company.com,(609) 792-9115,Active
EMP044134,Jessica,Johnson,Jessica Johnson,51,Engineering,Lead,Boston,106698.16,7050.13,2022-10-16,26,84.4,jessica.johnson@company.com,(374) 958-1568,Active
EMP044135,Lisa,Taylor,Lisa Taylor,49,Marketing,Analyst,Los Angeles,80901.84,10658.21,2022-04-25,26,85.4,lisa.taylor@company.com,(460) 894-3114,Active
EMP044136,Jessica,Gonzalez,Jessica Gonzalez,52,Sales,Senior Developer,New York,91461.46,9115.92,2022-10-25,24,62.7,jessica.gonzalez@company.com,(992) 573-9210,Active
EMP044137,Melissa,Hernandez,Melissa Hernandez,31,Marketing,Director,Seattle,28500.0,897.41,2020-11-04,8,100.0,melissa.hernandez@company.com,(651) 719-4803,Active
EMP044138,Emily,Anderson,Emily Anderson,50,IT,Senior Developer,Seattle,110761.66,10083.77,2022-03-23,25,70.3,emily.anderson@company.com,(610) 354-1982,Active
EMP044139,Sarah,Martin,Sarah Martin,42,Finance,Director,San Francisco,97873.28,17787.31,2020-06-02,14,70.8,sarah.martin@company.com,(924) 805-9345,Active
EMP044140,William,Jackson,William Jackson,43,Finance,Associate,San Francisco,84062.1,13559.08,2021-12-21,14,71.5,william.jackson@company.com,(748) 602-7372,Active
EMP044141,Lisa,Thomas,Lisa Thomas,59,Finance,Analyst,New York,74695.0,5267.82,2023-02-17,33,88.3,lisa.thomas@company.com,(486) 540-8944,Active
EMP044142,Amanda,Johnson,Amanda Johnson,65,IT,Director,Austin,118907.73,19936.18,2024-03-12,36,50.8,amanda.johnson@company.com,(992) 962-8470,Active
EMP044143,William,Jackson,William Jackson,28,Marketing,Senior Developer,Miami,43359.2,2839.98,2024-02-16,4,67.4,william.jackson@company.com,(403) 887-5365,On Leave
EMP044144,Jessica,Martinez,Jessica Martinez,35,Engineering,Specialist,Miami,80583.97,7882.25,2024-10-26,6,82.9,jessica.martinez@company.com,(984) 425-1751,Active
EMP044145,Stephanie,Garcia,Stephanie Garcia,35,IT,Coordinator,Miami,62309.02,6494.35,2024-07-07,6,79.6,stephanie.garcia@company.com,(351) 752-6272,Active
EMP044146,Melissa,Smith,Melissa Smith,29,Finance,Analyst,San Francisco,73653.52,11920.46,2023-07-07,5,89.2,melissa.smith@company.com,(948) 635-7605,Active
EMP044147,Robert,Johnson,Robert Johnson,38,HR,Analyst,Miami,56855.79,3373.88,2021-11-18,11,81.1,robert.johnson@company.com,(548) 863-7792,Active
EMP044148,Sarah,Garcia,Sarah Garcia,62,Sales,Associate,Miami,106937.77,7817.37,2020-04-09,34,100.0,sarah.garcia@company.com,(505) 994-9357,Active
EMP044149,Robert,Williams,Robert Williams,63,HR,Manager,Boston,80022.17,11526.27,2020-11-07,39,59.0,robert.williams@company.com,(783) 212-9549,On Leave
EMP044150,William,Taylor,William Taylor,41,Marketing,Senior Developer,Boston,46596.56,3968.74,2024-04-05,12,74.0,william.taylor@company.com,(776) 819-9981,Active
EMP044151,Emily,Taylor,Emily Taylor,62,Sales,Lead,San Francisco,78395.52,7110.53,2020-11-22,37,67.9,emily.taylor@company.com,(742) 656-1506,Active
EMP044152,Amanda,Jackson,Amanda Jackson,56,Sales,Director,Boston,53448.86,7752.42,2023-06-29,34,65.2,amanda.jackson@company.com,(378) 981-6927,Active
EMP044153,David,Williams,David Williams,64,Marketing,Coordinator,San Francisco,89223.64,15831.07,2020-03-24,38,67.2,david.williams@company.com,(378) 418-4119,Active
EMP044154,Melissa,Taylor,Melissa Taylor,59,Finance,Coordinator,Austin,94404.89,0.0,2022-10-13,36,73.6,melissa.taylor@company.com,(627) 468-1150,Active
EMP044155,Anthony,Miller,Anthony Miller,61,Marketing,Manager,New York,84187.44,10133.55,2023-10-02,33,88.1,anthony.miller@company.com,(734) 934-9425,Active
EMP044156,Robert,Martinez,Robert Martinez,33,Legal,Senior Developer,Seattle,104491.53,14340.39,2024-10-31,9,82.6,robert.martinez@company.com,(622) 250-2133,Active
EMP044157,William,Lopez,William Lopez,62,IT,Manager,Austin,105947.78,15812.83,2024-06-16,34,86.7,william.lopez@company.com,(539) 365-5426,Active
EMP044158,Amanda,Smith,Amanda Smith,52,Marketing,Senior Developer,Chicago,49091.86,6420.22,2023-03-05,23,84.1,amanda.smith@company.com,(286) 984-1039,Active
EMP044159,William,Gonzalez,William Gonzalez,42,Finance,Coordinator,New York,90531.0,1558.96,2020-10-31,13,85.8,william.gonzalez@company.com,(718) 770-9402,On Leave
EMP044160,Anthony,Gonzalez,Anthony Gonzalez,40,Marketing,Manager,Miami,38805.58,6895.31,2024-04-16,11,48.9,anthony.gonzalez@company.com,(794) 389-3476,Active
EMP044161,Jane,Moore,Jane Moore,44,HR,Specialist,Boston,54455.39,1128.56,2020-03-29,17,100.0,jane.moore@company.com,(384) 792-7022,Inactive
EMP044162,David,Martin,David Martin,35,Legal,Manager,Chicago,89665.09,14152.03,2023-06-14,11,94.2,david.martin@company.com,(996) 959-6827,Inactive
EMP044163,James,Davis,James Davis,33,IT,Senior Developer,San Francisco,51459.11,5612.72,2022-09-20,6,82.4,james.davis@company.com,(710) 293-2466,Active
EMP044164,Nicole,Jackson,Nicole Jackson,25,Marketing,Analyst,Seattle,76299.48,7053.95,2021-07-19,3,68.0,nicole.jackson@company.com,(494) 881-4023,Active
EMP044165,Lisa,Garcia,Lisa Garcia,46,Engineering,Coordinator,Los Angeles,64851.92,4476.08,2023-04-23,24,94.0,lisa.garcia@company.com,(454) 717-2752,Active
EMP044166,Amanda,Thomas,Amanda Thomas,45,HR,Coordinator,New York,27000.0,3668.65,2023-04-09,18,66.1,amanda.thomas@company.com,(986) 906-7786,On Leave
EMP044167,Ashley,Garcia,Ashley Garcia,32,Marketing,Senior Developer,San Francisco,94560.03,7486.3,2024-08-27,8,48.6,ashley.garcia@company.com,(254) 582-1938,Active
EMP044168,Ashley,Wilson,Ashley Wilson,22,IT,Coordinator,New York,85445.72,11408.24,2024-04-26,0,88.4,ashley.wilson@company.com,(614) 494-7260,Inactive
EMP044169,Lisa,Moore,Lisa Moore,55,Marketing,Analyst,Austin,114228.53,5715.56,2020-02-02,26,50.3,lisa.moore@company.com,(271) 949-7626,Active
EMP044170,Stephanie,Martin,Stephanie Martin,37,Engineering,Associate,Miami,93481.69,8343.59,2021-03-20,11,65.2,stephanie.martin@company.com,(570) 251-3387,Active
EMP044171,Amanda,Johnson,Amanda Johnson,29,Marketing,Manager,San Francisco,49094.46,6073.27,2021-05-09,6,94.6,amanda.johnson@company.com,(980) 529-3703,Active
EMP044172,Robert,Taylor,Robert Taylor,33,Finance,Associate,Chicago,60980.85,9866.47,2022-06-08,6,61.9,robert.taylor@company.com,(633) 579-7417,Active
EMP044173,Stephanie,Jones,Stephanie Jones,43,Finance,Manager,Austin,103335.73,16330.88,2024-09-03,15,69.5,stephanie.jones@company.com,(953) 442-2540,Active
EMP044174,Stephanie,Thomas,Stephanie Thomas,32,Legal,Manager,Miami,97205.6,4966.1,2022-06-17,8,76.6,stephanie.thomas@company.com,(797) 664-4213,Inactive
EMP044175,Jessica,Smith,Jessica Smith,32,Marketing,Lead,Boston,66646.99,2157.56,2023-01-06,3,73.9,jessica.smith@company.com,(749) 314-6645,Active
EMP044176,Emily,Jones,Emily Jones,61,HR,Specialist,Boston,67967.39,10106.27,2020-07-27,36,96.9,emily.jones@company.com,(697) 601-3061,Inactive
EMP044177,Sarah,Davis,Sarah Davis,59,Finance,Senior Developer,Miami,83134.8,4863.1,2024-02-16,31,62.9,sarah.davis@company.com,(205) 704-6637,Active
EMP044178,Jane,Hernandez,Jane Hernandez,53,Finance,Lead,Austin,101944.67,10050.25,2022-01-01,31,78.8,jane.hernandez@company.com,(691) 602-9592,Active
EMP044179,Emily,Lopez,Emily Lopez,45,IT,Coordinator,Seattle,84186.72,74.56,2021-04-27,21,59.3,emily.lopez@company.com,(500) 565-6813,Active
EMP044180,James,Thomas,James Thomas,30,IT,Manager,Seattle,92598.13,15528.32,2024-06-11,8,68.8,james.thomas@company.com,(840) 330-6238,Active
EMP044181,Ashley,Anderson,Ashley Anderson,52,Marketing,Senior Developer,San Francisco,55443.49,7972.24,2022-06-12,30,64.8,ashley.anderson@company.com,(620) 584-1663,Active
EMP044182,Stephanie,Lopez,Stephanie Lopez,49,Operations,Senior Developer,Chicago,52080.69,3649.27,2021-05-01,25,83.2,stephanie.lopez@company.com,(371) 805-5981,Active
EMP044183,Michael,Williams,Michael Williams,33,HR,Specialist,Austin,48720.91,4068.21,2020-05-18,11,75.2,michael.williams@company.com,(612) 996-9479,Active
EMP044184,James,Lopez,James Lopez,61,Operations,Manager,Boston,80358.54,10929.81,2024-03-27,32,69.4,james.lopez@company.com,(517) 700-9008,Active
EMP044185,Jane,Rodriguez,Jane Rodriguez,65,HR,Lead,New York,87100.14,5574.07,2023-12-17,38,77.5,jane.rodriguez@company.com,(236) 984-9930,Active
EMP044186,Christopher,Brown,Christopher Brown,48,Legal,Analyst,New York,78363.68,13142.98,2022-02-07,25,81.3,christopher.brown@company.com,(451) 760-7622,Active
EMP044187,Lisa,Brown,Lisa Brown,62,Sales,Analyst,Chicago,83748.76,11099.7,2022-01-18,37,86.4,lisa.brown@company.com,(987) 965-9677,Active
EMP044188,Daniel,Thomas,Daniel Thomas,51,HR,Analyst,New York,44896.01,2672.24,2021-08-13,28,72.7,daniel.thomas@company.com,(519) 638-1766,On Leave
EMP044189,Robert,Brown,Robert Brown,37,Marketing,Associate,New York,73193.71,11778.96,2024-05-23,8,81.7,robert.brown@company.com,(875) 584-1863,Active
EMP044190,Melissa,Davis,Melissa Davis,31,Operations,Director,Boston,49580.61,6589.28,2020-06-21,3,70.9,melissa.davis@company.com,(603) 548-5555,Active
EMP044191,Jane,Brown,Jane Brown,23,Finance,Coordinator,Austin,72822.73,1187.93,2024-12-26,0,60.2,jane.brown@company.com,(302) 516-8045,Active
EMP044192,Melissa,Rodriguez,Melissa Rodriguez,51,Operations,Lead,Chicago,85116.28,10195.25,2022-08-15,25,83.2,melissa.rodriguez@company.com,(444) 524-1173,Active
EMP044193,William,Jackson,William Jackson,36,Engineering,Coordinator,Chicago,93689.11,14380.31,2023-11-16,13,64.9,william.jackson@company.com,(638) 602-1028,Inactive
EMP044194,Stephanie,Jackson,Stephanie Jackson,28,HR,Lead,Los Angeles,64115.77,8747.53,2020-02-24,6,70.2,stephanie.jackson@company.com,(827) 901-6363,Active
EMP044195,Sarah,Jones,Sarah Jones,39,IT,Senior Developer,Austin,113896.42,2724.9,2022-01-13,16,76.5,sarah.jones@company.com,(820) 263-3123,Active
EMP044196,Michael,Gonzalez,Michael Gonzalez,53,Engineering,Associate,San Francisco,114277.81,7820.2,2020-07-20,28,93.3,michael.gonzalez@company.com,(882) 564-1310,Active
EMP044197,Jessica,Lopez,Jessica Lopez,57,Sales,Coordinator,Miami,84514.97,8719.5,2023-10-08,35,74.3,jessica.lopez@company.com,(798) 549-2236,On Leave
EMP044198,Melissa,Thomas,Melissa Thomas,30,Sales,Coordinator,Boston,71028.42,9187.65,2024-02-09,1,81.6,melissa.thomas@company.com,(660) 409-1122,Active
EMP044199,Robert,Johnson,Robert Johnson,25,IT,Lead,Boston,61081.88,3733.35,2024-08-24,0,75.2,robert.johnson@company.com,(221) 378-6165,Active
EMP044200,Sarah,Williams,Sarah Williams,60,Sales,Senior Developer,Boston,92218.44,3227.35,2021-04-22,38,87.6,sarah.williams@company.com,(586) 275-9779,Active
EMP044201,Nicole,Gonzalez,Nicole Gonzalez,65,Marketing,Lead,New York,108558.31,9835.91,2023-11-15,40,71.2,nicole.gonzalez@company.com,(222) 869-7190,Active
EMP044202,Anthony,Martinez,Anthony Martinez,34,Marketing,Director,Chicago,88205.75,9289.22,2020-12-07,8,64.4,anthony.martinez@company.com,(631) 481-3099,Active
EMP044203,John,Taylor,John Taylor,34,HR,Analyst,Seattle,52752.32,2855.29,2021-02-05,11,79.0,john.taylor@company.com,(608) 280-2987,Active
EMP044204,Ashley,Garcia,Ashley Garcia,51,IT,Senior Developer,New York,111463.59,12590.42,2021-10-29,25,94.3,ashley.garcia@company.com,(210) 775-8695,Active
EMP044205,Emily,Garcia,Emily Garcia,39,Finance,Manager,Seattle,90308.16,5920.38,2021-09-19,16,89.5,emily.garcia@company.com,(714) 677-8574,Active
EMP044206,Melissa,Brown,Melissa Brown,52,Sales,Senior Developer,Austin,98411.15,17989.29,2024-10-20,27,55.9,melissa.brown@company.com,(280) 651-3056,Active
EMP044207,Daniel,Lopez,Daniel Lopez,45,Operations,Lead,New York,51419.69,8033.15,2022-01-03,21,40.9,daniel.lopez@company.com,(798) 697-7443,On Leave
EMP044208,Christopher,Thomas,Christopher Thomas,65,Marketing,Associate,Miami,83940.91,5653.36,2024-12-02,43,73.9,christopher.thomas@company.com,(938) 716-4293,Active
EMP044209,Lisa,Hernandez,Lisa Hernandez,36,Legal,Analyst,Miami,50370.5,3978.1,2023-05-07,8,59.0,lisa.hernandez@company.com,(513) 257-9807,Active
EMP044210,William,Miller,William Miller,22,Operations,Associate,Austin,58974.59,2019.14,2024-04-08,0,94.8,william.miller@company.com,(941) 917-9724,Active
EMP044211,David,Martin,David Martin,33,Marketing,Associate,Miami,59303.7,6108.88,2024-06-21,5,78.6,david.martin@company.com,(864) 928-2349,Active
EMP044212,Christopher,Jackson,Christopher Jackson,47,IT,Manager,Seattle,66596.18,10025.53,2023-09-23,25,68.8,christopher.jackson@company.com,(773) 862-2897,Active
EMP044213,Ashley,Moore,Ashley Moore,54,IT,Specialist,New York,87002.63,12066.43,2024-04-04,31,80.7,ashley.moore@company.com,(852) 933-8374,Active
EMP044214,Jessica,Johnson,Jessica Johnson,53,HR,Manager,San Francisco,77868.65,11535.81,2020-06-11,26,82.2,jessica.johnson@company.com,(443) 485-1348,Active
EMP044215,David,Rodriguez,David Rodriguez,39,HR,Manager,San Francisco,50056.97,3391.36,2022-11-07,14,97.5,david.rodriguez@company.com,(289) 703-2531,Active
EMP044216,Christopher,Jones,Christopher Jones,58,Finance,Associate,San Francisco,87296.85,11425.23,2024-11-24,30,76.0,christopher.jones@company.com,(586) 761-1773,Active
EMP044217,James,Garcia,James Garcia,35,Legal,Analyst,Chicago,104336.79,11752.11,2020-11-21,8,88.7,james.garcia@company.com,(440) 430-4035,Active
EMP044218,William,Wilson,William Wilson,25,Sales,Associate,Austin,43670.45,5151.87,2023-10-26,2,100.0,william.wilson@company.com,(227) 601-2067,Active
EMP044219,Stephanie,Martinez,Stephanie Martinez,27,Engineering,Coordinator,Miami,98010.16,12519.79,2023-07-28,1,100.0,stephanie.martinez@company.com,(954) 432-5236,Active
EMP044220,Melissa,Garcia,Melissa Garcia,41,Finance,Lead,Austin,74385.24,10557.76,2024-12-28,18,72.9,melissa.garcia@company.com,(704) 320-7551,On Leave
EMP044221,Christopher,Rodriguez,Christopher Rodriguez,34,Legal,Associate,Los Angeles,106478.94,10006.74,2020-12-28,7,87.7,christopher.rodriguez@company.com,(652) 730-4418,Active
EMP044222,Sarah,Williams,Sarah Williams,61,Engineering,Specialist,Austin,124058.62,0.0,2023-04-26,35,73.5,sarah.williams@company.com,(215) 966-6144,Active
EMP044223,Ashley,Garcia,Ashley Garcia,25,Finance,Lead,Los Angeles,95786.54,7027.43,2024-02-23,0,61.8,ashley.garcia@company.com,(623) 969-6382,Active
EMP044224,Lisa,Lopez,Lisa Lopez,50,Marketing,Director,Seattle,68593.09,5774.38,2021-12-04,27,39.4,lisa.lopez@company.com,(313) 464-2901,Active
EMP044225,Michael,Rodriguez,Michael Rodriguez,52,Marketing,Specialist,Miami,52734.26,4572.33,2022-05-10,27,65.2,michael.rodriguez@company.com,(718) 204-5674,Active
EMP044226,David,Gonzalez,David Gonzalez,55,Legal,Associate,Miami,121561.3,15742.67,2023-09-15,32,68.1,david.gonzalez@company.com,(606) 770-2991,Active
EMP044227,Jane,Johnson,Jane Johnson,41,Engineering,Manager,New York,77747.38,8519.56,2023-03-06,16,80.1,jane.johnson@company.com,(666) 429-2366,Inactive
EMP044228,Emily,Williams,Emily Williams,25,HR,Associate,Los Angeles,62134.78,8786.12,2021-10-28,0,43.4,emily.williams@company.com,(331) 341-9295,Active
EMP044229,Robert,Taylor,Robert Taylor,60,Finance,Director,New York,113953.56,12297.14,2024-11-17,32,74.4,robert.taylor@company.com,(890) 780-6181,Active
EMP044230,Robert,Wilson,Robert Wilson,38,Finance,Analyst,Boston,54544.72,2842.48,2020-06-18,11,75.0,robert.wilson@company.com,(839) 654-7842,Active
EMP044231,James,Martinez,James Martinez,35,Marketing,Coordinator,Boston,62829.27,10754.65,2022-07-15,9,45.9,james.martinez@company.com,(589) 385-8862,Active
EMP044232,Lisa,Jackson,Lisa Jackson,51,IT,Specialist,Boston,80133.21,5304.98,2021-07-01,28,74.3,lisa.jackson@company.com,(833) 926-9852,Active
EMP044233,Jane,Thomas,Jane Thomas,42,Legal,Director,Austin,66939.28,8240.8,2024-12-11,19,72.0,jane.thomas@company.com,(749) 918-9686,Active
EMP044234,Amanda,Martinez,Amanda Martinez,36,Legal,Specialist,Miami,75223.29,5275.72,2020-06-14,13,77.7,amanda.martinez@company.com,(242) 810-8769,Active
EMP044235,Michael,Hernandez,Michael Hernandez,47,Sales,Associate,Chicago,108881.59,19184.2,2022-05-18,21,54.9,michael.hernandez@company.com,(763) 584-5166,Active
EMP044236,Stephanie,Martinez,Stephanie Martinez,37,Engineering,Specialist,Miami,106361.02,3610.66,2024-06-19,9,86.3,stephanie.martinez@company.com,(709) 888-7829,Active
EMP044237,Jessica,Lopez,Jessica Lopez,27,Legal,Analyst,Chicago,55107.15,2179.27,2023-06-24,3,89.6,jessica.lopez@company.com,(321) 877-3310,On Leave
EMP044238,Ashley,Johnson,Ashley Johnson,61,HR,Lead,New York,71712.09,1835.15,2021-10-25,39,68.3,ashley.johnson@company.com,(402) 587-1996,Active
EMP044239,David,Lopez,David Lopez,25,Legal,Director,Chicago,73385.2,3208.35,2023-10-06,0,72.1,david.lopez@company.com,(707) 945-4435,Active
EMP044240,David,Brown,David Brown,34,Legal,Director,Seattle,95097.7,11466.17,2021-03-27,10,77.3,david.brown@company.com,(332) 774-3669,Active
EMP044241,Ashley,Johnson,Ashley Johnson,48,Legal,Associate,Los Angeles,77009.89,8216.8,2022-11-18,24,43.5,ashley.johnson@company.com,(794) 674-4230,Active
EMP044242,Anthony,Wilson,Anthony Wilson,40,HR,Analyst,Los Angeles,50461.73,0.0,2021-01-01,16,79.0,anthony.wilson@company.com,(255) 815-5471,Active
EMP044243,Nicole,Johnson,Nicole Johnson,30,Sales,Associate,Seattle,69650.8,8517.78,2023-02-07,8,50.0,nicole.johnson@company.com,(219) 275-4454,On Leave
EMP044244,Robert,Taylor,Robert Taylor,62,Engineering,Director,Chicago,123522.14,18345.92,2022-05-05,35,85.0,robert.taylor@company.com,(644) 416-2386,On Leave
EMP044245,Emily,Brown,Emily Brown,55,Finance,Director,Los Angeles,111080.51,12126.69,2021-02-13,30,64.1,emily.brown@company.com,(445) 808-6696,Active
EMP044246,David,Jones,David Jones,62,HR,Specialist,Chicago,94005.46,6030.3,2022-10-07,40,69.3,david.jones@company.com,(293) 813-6299,Active
EMP044247,Jane,Rodriguez,Jane Rodriguez,58,Finance,Senior Developer,Los Angeles,84594.73,17481.68,2021-03-06,32,60.8,jane.rodriguez@company.com,(843) 798-2821,Active
EMP044248,Jessica,Hernandez,Jessica Hernandez,56,Operations,Lead,Miami,69948.17,9760.6,2024-04-17,31,100.0,jessica.hernandez@company.com,(251) 453-4801,Active
EMP044249,Sarah,Johnson,Sarah Johnson,34,Legal,Specialist,Boston,56891.42,2513.06,2022-11-28,6,50.6,sarah.johnson@company.com,(352) 250-2694,Active
EMP044250,Michael,Martin,Michael Martin,31,Marketing,Senior Developer,San Francisco,81273.23,4985.39,2022-02-25,9,50.5,michael.martin@company.com,(809) 816-8797,Active
EMP044251,Jessica,Johnson,Jessica Johnson,62,Marketing,Analyst,Austin,101921.93,5449.51,2022-12-10,37,83.1,jessica.johnson@company.com,(542) 508-5615,Active
EMP044252,Daniel,Rodriguez,Daniel Rodriguez,41,Marketing,Analyst,Chicago,82196.27,15587.32,2021-06-09,18,72.9,daniel.rodriguez@company.com,(991) 588-1077,Active
EMP044253,Michael,Anderson,Michael Anderson,23,IT,Coordinator,Los Angeles,74617.11,6138.21,2020-03-14,0,75.5,michael.anderson@company.com,(851) 963-6239,Active
EMP044254,Sarah,Moore,Sarah Moore,31,Engineering,Senior Developer,Seattle,69958.07,7367.75,2022-02-09,9,72.9,sarah.moore@company.com,(341) 665-2457,Inactive
EMP044255,Lisa,Brown,Lisa Brown,61,Operations,Lead,Chicago,79437.61,6092.37,2020-01-07,39,82.1,lisa.brown@company.com,(788) 830-5964,Inactive
EMP044256,Ashley,Martinez,Ashley Martinez,44,Marketing,Associate,Austin,82954.49,7023.38,2023-08-08,18,85.7,ashley.martinez@company.com,(427) 206-3996,Active
EMP044257,Melissa,Miller,Melissa Miller,54,Finance,Specialist,New York,101641.56,4063.59,2020-09-08,32,71.6,melissa.miller@company.com,(759) 427-8294,Active
EMP044258,Ashley,Jones,Ashley Jones,53,Finance,Coordinator,Chicago,115232.11,13878.5,2024-02-17,28,76.4,ashley.jones@company.com,(611) 560-1227,Active
EMP044259,Stephanie,Jackson,Stephanie Jackson,45,Operations,Director,San Francisco,41722.66,4746.07,2022-09-07,19,83.4,stephanie.jackson@company.com,(317) 722-6642,Active
EMP044260,John,Anderson,John Anderson,43,Operations,Senior Developer,Seattle,39151.77,5866.87,2023-01-16,21,97.0,john.anderson@company.com,(288) 514-8695,Active
EMP044261,Michael,Jackson,Michael Jackson,49,Engineering,Analyst,Austin,74213.79,12338.67,2021-04-22,23,82.0,michael.jackson@company.com,(766) 467-2097,Active
EMP044262,Jane,Lopez,Jane Lopez,65,Marketing,Manager,New York,98059.27,0.0,2024-01-01,41,88.5,jane.lopez@company.com,(780) 780-5172,Active
EMP044263,Emily,Jones,Emily Jones,25,Legal,Associate,Chicago,85199.16,6832.68,2021-06-04,2,77.8,emily.jones@company.com,(644) 273-3038,Active
EMP044264,Jane,Garcia,Jane Garcia,39,Marketing,Coordinator,New York,82756.01,5991.79,2021-02-17,12,64.8,jane.garcia@company.com,(316) 370-9552,Active
EMP044265,Nicole,Moore,Nicole Moore,63,Finance,Specialist,Chicago,74435.71,6546.81,2021-12-22,36,76.7,nicole.moore@company.com,(481) 672-2361,Inactive
EMP044266,Lisa,Martinez,Lisa Martinez,61,IT,Senior Developer,New York,121173.79,12910.28,2021-10-11,39,89.0,lisa.martinez@company.com,(397) 458-4407,Active
EMP044267,Melissa,Davis,Melissa Davis,43,Operations,Director,Boston,53709.17,8083.02,2020-09-01,19,79.6,melissa.davis@company.com,(450) 290-5165,Active
EMP044268,James,Hernandez,James Hernandez,23,Marketing,Director,Boston,71726.63,9374.9,2020-04-18,0,98.3,james.hernandez@company.com,(278) 482-8689,Active
EMP044269,Amanda,Moore,Amanda Moore,44,HR,Lead,San Francisco,47754.3,3805.67,2021-11-25,16,81.9,amanda.moore@company.com,(927) 937-1040,Active
EMP044270,Lisa,Garcia,Lisa Garcia,63,IT,Lead,Seattle,81966.32,2005.35,2020-04-10,36,78.6,lisa.garcia@company.com,(498) 827-1176,Active
EMP044271,Amanda,Jones,Amanda Jones,30,Legal,Senior Developer,Seattle,51897.2,9175.48,2022-01-15,2,61.8,amanda.jones@company.com,(673) 307-8290,Active
EMP044272,Jessica,Rodriguez,Jessica Rodriguez,33,Engineering,Senior Developer,Boston,89786.04,3290.73,2022-07-06,6,75.9,jessica.rodriguez@company.com,(697) 392-1537,Active
EMP044273,Anthony,Jackson,Anthony Jackson,40,Sales,Specialist,Miami,76537.3,0.0,2023-08-18,17,78.0,anthony.jackson@company.com,(709) 293-2990,Inactive
EMP044274,Amanda,Miller,Amanda Miller,59,IT,Lead,Los Angeles,152095.02,17850.31,2022-06-15,32,60.9,amanda.miller@company.com,(952) 625-3044,On Leave
EMP044275,Sarah,Anderson,Sarah Anderson,38,Operations,Lead,Miami,66158.56,10658.83,2023-12-01,11,71.3,sarah.anderson@company.com,(289) 564-1213,Active
EMP044276,Christopher,Gonzalez,Christopher Gonzalez,26,HR,Lead,Seattle,66663.19,7794.24,2023-04-26,0,69.0,christopher.gonzalez@company.com,(965) 659-2534,Active
EMP044277,Amanda,Taylor,Amanda Taylor,60,IT,Director,Boston,110500.85,13811.71,2023-12-03,33,61.1,amanda.taylor@company.com,(699) 652-1478,Active
EMP044278,Melissa,Hernandez,Melissa Hernandez,39,Marketing,Manager,New York,53684.92,5030.39,2020-04-21,10,71.4,melissa.hernandez@company.com,(544) 611-1324,Active
EMP044279,Emily,Thomas,Emily Thomas,30,Marketing,Associate,Miami,74750.78,8753.24,2024-03-28,7,50.7,emily.thomas@company.com,(940) 224-3179,Active
EMP044280,Anthony,Martin,Anthony Martin,57,Marketing,Director,Miami,87117.25,11895.56,2022-12-13,32,66.3,anthony.martin@company.com,(213) 343-7892,Inactive
EMP044281,Jessica,Miller,Jessica Miller,45,Legal,Analyst,Boston,61864.41,7125.89,2022-07-30,16,49.5,jessica.miller@company.com,(235) 721-4679,Active
EMP044282,William,Williams,William Williams,26,HR,Associate,Austin,75270.37,12150.48,2021-05-29,0,75.3,william.williams@company.com,(991) 666-9079,Active
EMP044283,Michael,Johnson,Michael Johnson,47,Sales,Analyst,Chicago,69148.32,7397.24,2021-02-22,23,68.2,michael.johnson@company.com,(863) 803-5480,Active
EMP044284,Ashley,Garcia,Ashley Garcia,47,Sales,Manager,Chicago,79773.23,8306.94,2023-02-01,20,71.2,ashley.garcia@company.com,(492) 680-2748,Active
EMP044285,Melissa,Anderson,Melissa Anderson,37,IT,Director,Miami,121214.98,23060.06,2024-11-09,13,95.8,melissa.anderson@company.com,(875) 569-8266,Active
EMP044286,David,Anderson,David Anderson,29,Operations,Director,Miami,52001.62,5129.23,2024-05-08,1,74.4,david.anderson@company.com,(578) 552-4303,Active
EMP044287,Jane,Davis,Jane Davis,58,IT,Senior Developer,Austin,109742.37,11996.44,2024-08-01,35,70.9,jane.davis@company.com,(391) 448-4253,Active
EMP044288,Robert,Jackson,Robert Jackson,40,Finance,Manager,Chicago,67443.72,6331.48,2021-02-21,14,81.3,robert.jackson@company.com,(462) 871-9960,Active
EMP044289,Lisa,Davis,Lisa Davis,26,Legal,Associate,Miami,72059.02,11487.72,2021-08-11,0,68.4,lisa.davis@company.com,(523) 628-1617,Active
EMP044290,Emily,Williams,Emily Williams,47,Sales,Senior Developer,Seattle,97382.3,13992.89,2021-01-21,22,62.2,emily.williams@company.com,(734) 603-6490,Active
EMP044291,Emily,Thomas,Emily Thomas,51,Legal,Senior Developer,Miami,77501.47,7853.1,2020-07-19,25,82.9,emily.thomas@company.com,(605) 414-9645,Active
EMP044292,Daniel,Hernandez,Daniel Hernandez,45,Finance,Associate,Seattle,82907.89,6973.99,2023-09-22,18,79.1,daniel.hernandez@company.com,(439) 955-5303,Active
EMP044293,Nicole,Hernandez,Nicole Hernandez,37,Legal,Coordinator,San Francisco,38863.7,4860.75,2023-02-24,9,48.7,nicole.hernandez@company.com,(715) 984-6035,Active
EMP044294,Nicole,Brown,Nicole Brown,38,Legal,Associate,Chicago,47562.92,1609.58,2021-11-16,15,54.5,nicole.brown@company.com,(870) 331-8510,Active
EMP044295,Melissa,Hernandez,Melissa Hernandez,36,Finance,Specialist,Austin,101543.17,9692.68,2021-11-21,11,96.4,melissa.hernandez@company.com,(995) 999-1018,Active
EMP044296,Sarah,Rodriguez,Sarah Rodriguez,22,Finance,Associate,New York,59635.33,6155.29,2022-11-05,0,62.1,sarah.rodriguez@company.com,(285) 478-1757,Active
EMP044297,Michael,Smith,Michael Smith,54,Marketing,Senior Developer,Boston,62185.88,894.22,2020-08-06,26,45.0,michael.smith@company.com,(556) 532-5006,Active
EMP044298,David,Williams,David Williams,26,Marketing,Coordinator,New York,79503.27,4643.97,2020-06-07,0,80.0,david.williams@company.com,(257) 398-7271,Active
EMP044299,John,Moore,John Moore,33,Finance,Coordinator,Chicago,60079.38,7159.37,2022-08-24,8,92.1,john.moore@company.com,(840) 824-1597,Active
EMP044300,Matthew,Rodriguez,Matthew Rodriguez,25,Sales,Analyst,New York,68240.06,558.18,2023-10-25,0,54.3,matthew.rodriguez@company.com,(840) 895-6387,Active
EMP044301,Nicole,Rodriguez,Nicole Rodriguez,33,Operations,Director,Chicago,69264.93,3829.64,2021-06-17,7,94.1,nicole.rodriguez@company.com,(208) 558-8317,Active
EMP044302,Sarah,Taylor,Sarah Taylor,50,Operations,Director,Miami,75750.84,13254.37,2023-05-25,28,52.1,sarah.taylor@company.com,(948) 977-6460,Active
EMP044303,Anthony,Jones,Anthony Jones,32,Finance,Specialist,Seattle,83791.38,12754.53,2023-09-05,8,64.5,anthony.jones@company.com,(275) 674-5467,On Leave
EMP044304,William,Taylor,William Taylor,24,Sales,Specialist,Chicago,40878.31,3450.72,2023-01-15,0,25.7,william.taylor@company.com,(898) 307-5189,Active
EMP044305,Emily,Gonzalez,Emily Gonzalez,43,Legal,Analyst,San Francisco,73538.63,8567.4,2023-01-09,17,54.4,emily.gonzalez@company.com,(669) 438-3827,Active
EMP044306,Anthony,Garcia,Anthony Garcia,59,Engineering,Analyst,New York,80067.0,12483.85,2023-07-11,34,59.3,anthony.garcia@company.com,(510) 315-9278,Active
EMP044307,Stephanie,Martin,Stephanie Martin,27,Legal,Associate,Los Angeles,59943.62,8750.09,2020-07-02,5,82.5,stephanie.martin@company.com,(463) 526-4188,Active
EMP044308,Lisa,Jackson,Lisa Jackson,55,Engineering,Analyst,New York,100447.38,8512.27,2021-08-11,29,94.2,lisa.jackson@company.com,(748) 565-6705,Active
EMP044309,Jessica,Hernandez,Jessica Hernandez,26,Engineering,Associate,San Francisco,60646.16,5425.75,2020-05-05,0,93.7,jessica.hernandez@company.com,(276) 230-5945,Active
EMP044310,James,Moore,James Moore,48,Marketing,Specialist,Chicago,78131.84,9610.74,2022-01-21,20,65.8,james.moore@company.com,(900) 453-5753,Active
EMP044311,Matthew,Brown,Matthew Brown,42,HR,Senior Developer,Seattle,59239.49,7722.26,2021-10-06,20,55.0,matthew.brown@company.com,(954) 479-6274,Active
EMP044312,Daniel,Martinez,Daniel Martinez,47,Legal,Senior Developer,New York,88741.27,0.0,2020-09-30,23,84.8,daniel.martinez@company.com,(656) 502-5651,Active
EMP044313,Sarah,Miller,Sarah Miller,44,Marketing,Specialist,Boston,79450.71,13863.07,2021-01-05,20,55.1,sarah.miller@company.com,(856) 351-5766,Inactive
EMP044314,Amanda,Thomas,Amanda Thomas,40,Marketing,Senior Developer,New York,61397.64,3497.68,2024-11-13,18,90.6,amanda.thomas@company.com,(735) 831-3446,Active
EMP044315,Matthew,Martin,Matthew Martin,47,Operations,Analyst,New York,50784.8,511.83,2021-03-10,25,57.4,matthew.martin@company.com,(998) 393-7278,Active
EMP044316,Robert,Moore,Robert Moore,38,Finance,Director,New York,81005.65,2422.29,2020-05-06,10,72.5,robert.moore@company.com,(451) 910-9725,Inactive
EMP044317,David,Johnson,David Johnson,27,HR,Director,Seattle,29835.79,1759.51,2020-01-27,1,90.9,david.johnson@company.com,(433) 238-3034,Active
EMP044318,Stephanie,Johnson,Stephanie Johnson,40,Marketing,Senior Developer,Miami,63838.35,4717.88,2021-08-08,14,76.3,stephanie.johnson@company.com,(471) 656-1809,Active
EMP044319,Christopher,Rodriguez,Christopher Rodriguez,63,Legal,Coordinator,Boston,101180.1,9795.19,2020-11-07,37,74.7,christopher.rodriguez@company.com,(462) 378-3052,Active
EMP044320,Melissa,Johnson,Melissa Johnson,35,IT,Director,Los Angeles,101060.18,8536.23,2020-05-05,11,60.0,melissa.johnson@company.com,(650) 466-4614,Inactive
EMP044321,Amanda,Garcia,Amanda Garcia,45,HR,Specialist,Los Angeles,89717.25,7739.1,2022-02-20,22,77.0,amanda.garcia@company.com,(760) 691-8877,Active
EMP044322,Robert,Taylor,Robert Taylor,25,HR,Associate,Seattle,31009.58,4660.49,2023-10-01,0,77.5,robert.taylor@company.com,(309) 973-6613,Active
EMP044323,Ashley,Martin,Ashley Martin,65,HR,Associate,Austin,78247.34,5992.4,2021-08-28,37,82.6,ashley.martin@company.com,(259) 820-6592,Active
EMP044324,Christopher,Williams,Christopher Williams,44,Sales,Specialist,Seattle,98311.01,6933.58,2024-03-07,17,85.2,christopher.williams@company.com,(218) 743-6310,Active
EMP044325,Michael,Brown,Michael Brown,63,Legal,Senior Developer,Seattle,110782.61,12146.22,2024-05-20,38,69.3,michael.brown@company.com,(325) 632-6447,Active
EMP044326,John,Martin,John Martin,65,Engineering,Analyst,Seattle,112533.26,22869.14,2024-07-05,39,86.8,john.martin@company.com,(840) 842-6349,Active
EMP044327,William,Taylor,William Taylor,55,Marketing,Lead,Austin,73729.86,4829.18,2023-04-06,32,78.6,william.taylor@company.com,(996) 561-7659,Active
EMP044328,Anthony,Davis,Anthony Davis,26,Sales,Manager,Boston,64839.68,6055.45,2020-09-23,3,78.6,anthony.davis@company.com,(926) 850-6405,Active
EMP044329,Robert,Thomas,Robert Thomas,61,IT,Manager,Los Angeles,91887.08,10151.04,2023-05-17,34,80.8,robert.thomas@company.com,(726) 577-7642,Active
EMP044330,Sarah,Williams,Sarah Williams,37,Legal,Director,Chicago,79761.59,6825.77,2021-01-05,15,79.2,sarah.williams@company.com,(653) 290-2977,Active
EMP044331,Matthew,Taylor,Matthew Taylor,61,IT,Lead,Austin,99130.63,5887.7,2023-09-05,32,72.6,matthew.taylor@company.com,(724) 437-3581,Active
EMP044332,Daniel,Gonzalez,Daniel Gonzalez,45,Operations,Director,Boston,58124.38,8087.35,2020-12-25,16,62.6,daniel.gonzalez@company.com,(515) 260-9402,Active
EMP044333,Anthony,Wilson,Anthony Wilson,30,Engineering,Analyst,Chicago,76350.96,5973.35,2021-10-12,4,48.3,anthony.wilson@company.com,(312) 279-8871,Active
EMP044334,Amanda,Gonzalez,Amanda Gonzalez,38,Legal,Lead,Los Angeles,107325.31,10341.65,2022-06-11,13,67.7,amanda.gonzalez@company.com,(329) 711-3673,Active
EMP044335,Amanda,Williams,Amanda Williams,63,IT,Lead,Los Angeles,124259.01,23637.42,2022-03-24,36,57.4,amanda.williams@company.com,(366) 493-3006,Active
EMP044336,William,Martinez,William Martinez,51,Finance,Coordinator,Miami,66075.44,1974.4,2020-04-13,27,65.4,william.martinez@company.com,(926) 685-2680,Active
EMP044337,Ashley,Garcia,Ashley Garcia,37,Operations,Coordinator,San Francisco,57992.0,4595.64,2021-08-25,12,73.9,ashley.garcia@company.com,(913) 761-9464,Active
EMP044338,Melissa,Wilson,Melissa Wilson,60,Legal,Lead,San Francisco,135922.45,16632.46,2024-01-08,36,100.0,melissa.wilson@company.com,(587) 375-8065,Inactive
EMP044339,Lisa,Smith,Lisa Smith,65,Legal,Specialist,San Francisco,117749.47,10273.59,2020-05-10,40,39.9,lisa.smith@company.com,(714) 705-2507,Active
EMP044340,Matthew,Martin,Matthew Martin,47,IT,Senior Developer,Miami,83879.26,7269.49,2023-07-24,19,69.7,matthew.martin@company.com,(955) 806-8947,Active
EMP044341,Michael,Martinez,Michael Martinez,29,Sales,Associate,Chicago,77394.45,1355.69,2024-01-20,7,100.0,michael.martinez@company.com,(935) 582-3574,Active
EMP044342,Ashley,Moore,Ashley Moore,55,IT,Manager,Chicago,96460.59,13897.07,2023-04-28,29,51.3,ashley.moore@company.com,(538) 232-6986,Active
EMP044343,Stephanie,Thomas,Stephanie Thomas,37,IT,Senior Developer,Boston,80508.2,15713.47,2020-07-02,10,91.2,stephanie.thomas@company.com,(658) 482-9238,Inactive
EMP044344,Matthew,Johnson,Matthew Johnson,61,Legal,Specialist,Seattle,85540.96,5723.56,2023-06-23,32,66.2,matthew.johnson@company.com,(250) 442-1804,Active
EMP044345,Nicole,Taylor,Nicole Taylor,57,Sales,Coordinator,New York,100798.51,10315.7,2020-04-02,28,60.6,nicole.taylor@company.com,(843) 982-5774,Active
EMP044346,Daniel,Hernandez,Daniel Hernandez,56,Sales,Senior Developer,Los Angeles,86581.11,10640.48,2021-02-27,30,80.2,daniel.hernandez@company.com,(602) 799-2219,Inactive
EMP044347,Anthony,Taylor,Anthony Taylor,46,Engineering,Associate,Seattle,99637.27,6256.28,2024-01-03,22,70.0,anthony.taylor@company.com,(976) 899-8754,Active
EMP044348,Sarah,Anderson,Sarah Anderson,49,Legal,Coordinator,Los Angeles,87609.2,13984.86,2022-08-08,23,80.7,sarah.anderson@company.com,(397) 633-3078,Active
EMP044349,Michael,Williams,Michael Williams,34,Operations,Senior Developer,Miami,53360.33,8406.42,2022-09-23,6,77.8,michael.williams@company.com,(319) 536-9763,Active
EMP044350,Robert,Jackson,Robert Jackson,52,Legal,Associate,New York,116831.98,6306.02,2021-05-21,24,95.0,robert.jackson@company.com,(450) 537-8114,Active
EMP044351,Stephanie,Taylor,Stephanie Taylor,50,Sales,Specialist,Miami,116128.61,12166.28,2020-06-29,25,38.1,stephanie.taylor@company.com,(562) 331-9112,Active
EMP044352,Stephanie,Rodriguez,Stephanie Rodriguez,48,Operations,Senior Developer,San Francisco,67910.39,7726.43,2021-02-05,22,91.9,stephanie.rodriguez@company.com,(290) 292-6464,Active
EMP044353,Melissa,Lopez,Melissa Lopez,33,HR,Specialist,Seattle,91330.23,13180.51,2021-01-20,9,60.6,melissa.lopez@company.com,(818) 796-7572,Active
EMP044354,Sarah,Jones,Sarah Jones,23,HR,Specialist,San Francisco,41897.68,2465.74,2021-12-20,1,68.6,sarah.jones@company.com,(349) 652-5984,Active
EMP044355,Matthew,Taylor,Matthew Taylor,46,Legal,Specialist,Chicago,116282.21,0.0,2022-10-26,20,78.1,matthew.taylor@company.com,(650) 925-1291,Inactive
EMP044356,Robert,Moore,Robert Moore,23,Legal,Director,Boston,60324.51,5230.55,2022-05-29,1,68.6,robert.moore@company.com,(720) 872-9947,Active
EMP044357,Matthew,Smith,Matthew Smith,53,Engineering,Coordinator,San Francisco,135690.59,21258.04,2024-01-05,25,92.7,matthew.smith@company.com,(839) 356-9844,Active
EMP044358,Michael,Rodriguez,Michael Rodriguez,52,HR,Analyst,Los Angeles,85275.05,0.0,2024-05-19,25,50.1,michael.rodriguez@company.com,(853) 211-2840,Active
EMP044359,Melissa,Anderson,Melissa Anderson,29,Sales,Manager,San Francisco,61862.83,5828.76,2024-11-19,2,75.2,melissa.anderson@company.com,(833) 684-2975,Active
EMP044360,Melissa,Williams,Melissa Williams,50,Finance,Coordinator,San Francisco,91978.15,5513.46,2022-05-11,27,60.1,melissa.williams@company.com,(831) 466-5772,Active
EMP044361,James,Hernandez,James Hernandez,28,HR,Lead,Los Angeles,88436.32,5402.79,2021-07-07,0,76.3,james.hernandez@company.com,(920) 791-6826,Active
EMP044362,Anthony,Moore,Anthony Moore,64,IT,Director,Miami,137847.82,17800.52,2023-01-12,40,78.7,anthony.moore@company.com,(366) 289-5015,Active
EMP044363,Nicole,Martinez,Nicole Martinez,37,IT,Coordinator,Miami,64056.09,2378.81,2024-05-16,12,40.5,nicole.martinez@company.com,(426) 857-6544,Inactive
EMP044364,Daniel,Gonzalez,Daniel Gonzalez,65,Sales,Manager,New York,98735.73,13062.28,2022-04-15,43,52.9,daniel.gonzalez@company.com,(824) 587-9791,Active
EMP044365,Ashley,Wilson,Ashley Wilson,43,Operations,Director,San Francisco,56015.95,8239.76,2021-10-12,21,61.9,ashley.wilson@company.com,(872) 530-9797,On Leave
EMP044366,Anthony,Brown,Anthony Brown,55,Marketing,Analyst,San Francisco,80033.54,1735.24,2021-04-18,26,91.1,anthony.brown@company.com,(665) 970-1931,Active
EMP044367,Ashley,Brown,Ashley Brown,45,Marketing,Manager,Seattle,85234.72,14192.35,2022-12-06,18,71.9,ashley.brown@company.com,(329) 447-2092,Active
EMP044368,Sarah,Martinez,Sarah Martinez,23,Legal,Lead,Seattle,89429.52,2118.33,2024-11-08,0,72.5,sarah.martinez@company.com,(415) 347-2627,Active
EMP044369,William,Taylor,William Taylor,24,IT,Director,San Francisco,37041.96,934.57,2024-06-12,0,58.6,william.taylor@company.com,(835) 860-4567,Active
EMP044370,William,Jackson,William Jackson,26,Marketing,Senior Developer,New York,61102.39,11385.62,2023-09-26,4,60.9,william.jackson@company.com,(237) 670-1249,Active
EMP044371,David,Thomas,David Thomas,27,Sales,Senior Developer,Seattle,79383.9,8661.71,2021-01-15,0,67.6,david.thomas@company.com,(245) 392-5061,Inactive
EMP044372,Lisa,Anderson,Lisa Anderson,40,Finance,Specialist,Los Angeles,68864.11,0.0,2024-11-12,16,81.7,lisa.anderson@company.com,(378) 295-9679,Active
EMP044373,Melissa,Miller,Melissa Miller,45,Operations,Director,Austin,61798.8,10524.28,2023-07-21,16,68.3,melissa.miller@company.com,(633) 257-3275,Active
EMP044374,Anthony,Wilson,Anthony Wilson,26,Operations,Associate,San Francisco,43688.86,8887.62,2021-10-04,0,79.9,anthony.wilson@company.com,(432) 432-9649,Active
EMP044375,Lisa,Martin,Lisa Martin,34,Finance,Specialist,Seattle,58759.14,0.0,2021-12-31,7,57.4,lisa.martin@company.com,(969) 838-4239,Active
EMP044376,Christopher,Hernandez,Christopher Hernandez,33,Marketing,Senior Developer,Austin,46659.22,3105.78,2022-04-26,8,79.9,christopher.hernandez@company.com,(213) 379-7217,Active
EMP044377,Anthony,Taylor,Anthony Taylor,36,Sales,Coordinator,Los Angeles,51255.17,4472.49,2022-04-01,10,67.9,anthony.taylor@company.com,(652) 383-3209,Active
EMP044378,James,Thomas,James Thomas,49,Engineering,Analyst,San Francisco,59738.62,4483.23,2023-03-05,24,84.8,james.thomas@company.com,(401) 463-2942,Active
EMP044379,Stephanie,Garcia,Stephanie Garcia,54,Operations,Manager,New York,91622.23,6182.05,2023-12-17,32,100.0,stephanie.garcia@company.com,(560) 248-8496,Active
EMP044380,Amanda,Lopez,Amanda Lopez,35,HR,Director,Seattle,42782.33,3024.78,2022-03-03,8,71.9,amanda.lopez@company.com,(830) 922-7476,Active
EMP044381,Robert,Johnson,Robert Johnson,47,Sales,Coordinator,San Francisco,55554.84,2223.78,2024-11-15,25,85.5,robert.johnson@company.com,(660) 855-1154,Active
EMP044382,Matthew,Lopez,Matthew Lopez,29,Marketing,Director,Chicago,54438.17,8169.1,2022-04-03,0,60.2,matthew.lopez@company.com,(293) 354-5116,Active
EMP044383,Stephanie,Thomas,Stephanie Thomas,30,HR,Lead,Chicago,69119.01,6542.88,2023-12-09,7,74.9,stephanie.thomas@company.com,(299) 825-6362,Active
EMP044384,David,Gonzalez,David Gonzalez,54,HR,Senior Developer,Boston,76599.02,5752.41,2024-03-20,27,73.1,david.gonzalez@company.com,(392) 854-4827,Active
EMP044385,Sarah,Smith,Sarah Smith,31,Operations,Director,Austin,77640.67,9497.82,2024-03-29,5,87.9,sarah.smith@company.com,(499) 514-8112,Active
EMP044386,Nicole,Anderson,Nicole Anderson,61,Sales,Specialist,San Francisco,88593.51,9491.7,2021-05-07,33,100.0,nicole.anderson@company.com,(470) 567-6320,Active
EMP044387,Michael,Johnson,Michael Johnson,50,Legal,Specialist,Los Angeles,98672.32,11509.43,2022-01-17,28,55.8,michael.johnson@company.com,(909) 878-5357,Active
EMP044388,Sarah,Garcia,Sarah Garcia,25,Finance,Senior Developer,Seattle,89329.47,15711.37,2022-10-02,2,62.3,sarah.garcia@company.com,(528) 269-6307,Inactive
EMP044389,James,Brown,James Brown,33,Engineering,Associate,Chicago,78843.66,15861.74,2024-09-08,9,94.4,james.brown@company.com,(896) 782-5135,On Leave
EMP044390,William,Williams,William Williams,52,Legal,Lead,Los Angeles,98835.45,11907.46,2020-07-02,28,92.1,william.williams@company.com,(942) 346-3722,Active
EMP044391,John,Davis,John Davis,61,Operations,Manager,Boston,63260.43,3364.23,2021-06-30,37,100.0,john.davis@company.com,(359) 423-8897,Inactive
EMP044392,James,Miller,James Miller,64,Engineering,Associate,New York,119067.99,25455.04,2024-09-01,35,79.3,james.miller@company.com,(781) 929-3636,Active
EMP044393,James,Thomas,James Thomas,56,Finance,Senior Developer,San Francisco,103721.56,13254.23,2024-09-24,31,88.6,james.thomas@company.com,(895) 676-5233,Active
EMP044394,Daniel,Moore,Daniel Moore,45,HR,Analyst,New York,56036.29,1750.71,2022-01-01,19,86.3,daniel.moore@company.com,(591) 913-7681,Active
EMP044395,Robert,Brown,Robert Brown,34,Marketing,Lead,New York,80669.65,12742.87,2020-06-02,5,90.3,robert.brown@company.com,(272) 629-6141,On Leave
EMP044396,John,Wilson,John Wilson,60,Marketing,Analyst,Chicago,73163.31,8927.81,2020-07-31,37,50.7,john.wilson@company.com,(530) 288-4520,Active
EMP044397,William,Garcia,William Garcia,45,Legal,Coordinator,Boston,88606.49,4304.52,2021-06-11,22,57.7,william.garcia@company.com,(558) 783-6185,Active
EMP044398,Ashley,Johnson,Ashley Johnson,34,Sales,Manager,Miami,72736.88,5014.89,2024-06-17,10,90.5,ashley.johnson@company.com,(931) 565-5144,Active
EMP044399,Christopher,Williams,Christopher Williams,65,Marketing,Analyst,Austin,83861.54,1264.51,2022-06-28,40,52.7,christopher.williams@company.com,(347) 446-4359,Active
EMP044400,Ashley,Martin,Ashley Martin,65,HR,Lead,San Francisco,84016.73,10389.65,2021-08-22,41,74.9,ashley.martin@company.com,(904) 473-5170,Active
EMP044401,William,Jackson,William Jackson,33,IT,Associate,Los Angeles,62611.23,5179.5,2020-06-15,8,53.8,william.jackson@company.com,(892) 893-3471,Active
EMP044402,Jane,Smith,Jane Smith,43,IT,Associate,Los Angeles,88389.92,4098.3,2021-12-13,16,63.5,jane.smith@company.com,(806) 296-5049,Active
EMP044403,Daniel,Davis,Daniel Davis,29,Operations,Analyst,Austin,64946.09,12255.68,2022-09-21,7,77.9,daniel.davis@company.com,(839) 989-2454,Active
EMP044404,Anthony,Jackson,Anthony Jackson,50,Operations,Associate,San Francisco,68482.93,6457.4,2023-11-14,25,100.0,anthony.jackson@company.com,(792) 287-1761,Active
EMP044405,Christopher,Smith,Christopher Smith,59,HR,Analyst,Los Angeles,84175.92,6593.76,2022-10-06,34,68.5,christopher.smith@company.com,(658) 380-2341,On Leave
EMP044406,James,Williams,James Williams,37,Finance,Specialist,Miami,81498.87,5296.76,2022-10-09,15,67.1,james.williams@company.com,(332) 323-3798,Active
EMP044407,Stephanie,Moore,Stephanie Moore,58,Operations,Coordinator,Austin,88615.36,825.73,2023-12-03,33,69.4,stephanie.moore@company.com,(306) 881-9983,Active
EMP044408,Emily,Martin,Emily Martin,65,Engineering,Associate,Chicago,119392.44,14123.93,2020-12-06,40,71.0,emily.martin@company.com,(885) 485-7507,Active
EMP044409,Matthew,Williams,Matthew Williams,64,Finance,Senior Developer,Austin,109448.73,8339.16,2023-05-27,38,74.3,matthew.williams@company.com,(467) 577-7708,Active
EMP044410,John,Jackson,John Jackson,49,Marketing,Director,Austin,83299.88,6763.69,2022-05-09,20,92.2,john.jackson@company.com,(231) 970-8413,Active
EMP044411,Lisa,Williams,Lisa Williams,25,Sales,Manager,Miami,80775.97,1663.74,2024-04-17,0,79.7,lisa.williams@company.com,(204) 783-2637,Active
EMP044412,Anthony,Martin,Anthony Martin,22,Engineering,Analyst,Los Angeles,65098.48,6837.4,2021-10-15,0,85.1,anthony.martin@company.com,(477) 708-8159,Active
EMP044413,Stephanie,Martinez,Stephanie Martinez,29,HR,Senior Developer,Seattle,52205.5,7474.58,2023-12-24,3,91.7,stephanie.martinez@company.com,(642) 910-2408,Inactive
EMP044414,Matthew,Taylor,Matthew Taylor,30,Legal,Associate,San Francisco,102891.73,8294.93,2023-03-14,4,34.7,matthew.taylor@company.com,(219) 993-3060,Active
EMP044415,Nicole,Garcia,Nicole Garcia,51,Finance,Lead,Chicago,87998.43,4927.89,2023-03-18,24,100.0,nicole.garcia@company.com,(597) 286-6086,Inactive
EMP044416,William,Thomas,William Thomas,64,Engineering,Director,New York,86293.61,2343.36,2023-11-05,35,67.0,william.thomas@company.com,(833) 358-7477,Inactive
EMP044417,Melissa,Martinez,Melissa Martinez,51,Marketing,Manager,Los Angeles,71553.7,5475.4,2023-08-26,23,94.0,melissa.martinez@company.com,(346) 625-5603,Active
EMP044418,Jane,Thomas,Jane Thomas,34,HR,Coordinator,Austin,68416.28,6197.54,2022-09-23,10,53.2,jane.thomas@company.com,(881) 327-3547,Active
EMP044419,Emily,Martin,Emily Martin,34,HR,Lead,San Francisco,53850.33,7001.6,2023-04-08,12,80.0,emily.martin@company.com,(674) 721-3855,On Leave
EMP044420,Christopher,Taylor,Christopher Taylor,29,Sales,Analyst,New York,54158.41,5043.94,2023-05-29,6,84.4,christopher.taylor@company.com,(405) 755-3031,Active
EMP044421,Anthony,Thomas,Anthony Thomas,55,Operations,Lead,Seattle,77346.14,7632.95,2020-09-11,26,66.0,anthony.thomas@company.com,(938) 406-6718,Active
EMP044422,Lisa,Thomas,Lisa Thomas,39,Marketing,Specialist,Austin,30086.07,4724.48,2021-02-24,12,69.4,lisa.thomas@company.com,(526) 256-9167,Active
EMP044423,Anthony,Gonzalez,Anthony Gonzalez,59,Legal,Associate,Seattle,107132.21,9473.33,2023-09-06,33,80.4,anthony.gonzalez@company.com,(917) 235-5866,Active
EMP044424,James,Taylor,James Taylor,28,Marketing,Analyst,Chicago,57902.84,7524.4,2024-08-20,5,76.8,james.taylor@company.com,(627) 627-3675,Active
EMP044425,Michael,Smith,Michael Smith,26,Marketing,Associate,San Francisco,46243.98,5312.46,2022-03-27,1,47.4,michael.smith@company.com,(415) 788-7305,On Leave
EMP044426,Christopher,Gonzalez,Christopher Gonzalez,59,HR,Director,Austin,62860.64,3427.38,2024-04-13,32,96.4,christopher.gonzalez@company.com,(642) 736-9831,Inactive
EMP044427,Michael,Johnson,Michael Johnson,51,Operations,Manager,Miami,90864.49,10677.43,2023-02-04,28,77.6,michael.johnson@company.com,(798) 800-7639,Active
EMP044428,Emily,Thomas,Emily Thomas,29,Operations,Lead,Miami,48100.84,3668.77,2022-09-27,2,100.0,emily.thomas@company.com,(409) 216-2097,Active
EMP044429,Emily,Williams,Emily Williams,37,Sales,Coordinator,Miami,76427.52,7856.45,2024-12-28,10,56.5,emily.williams@company.com,(824) 219-1040,Active
EMP044430,Nicole,Hernandez,Nicole Hernandez,23,Engineering,Senior Developer,Boston,90109.94,18117.46,2021-08-07,0,89.3,nicole.hernandez@company.com,(983) 405-1518,Active
EMP044431,Christopher,Johnson,Christopher Johnson,35,IT,Analyst,Los Angeles,77124.59,6905.48,2024-11-10,6,100.0,christopher.johnson@company.com,(884) 555-8085,On Leave
EMP044432,Michael,Moore,Michael Moore,51,Legal,Director,Chicago,83052.1,8774.81,2022-02-18,27,74.3,michael.moore@company.com,(615) 718-8600,Active
EMP044433,Amanda,Lopez,Amanda Lopez,60,Engineering,Coordinator,Seattle,102081.95,2714.35,2020-03-22,33,65.9,amanda.lopez@company.com,(892) 966-2121,Inactive
EMP044434,David,Johnson,David Johnson,26,Engineering,Senior Developer,Boston,51346.07,4271.97,2022-01-31,0,77.9,david.johnson@company.com,(230) 913-6412,Inactive
EMP044435,Melissa,Martin,Melissa Martin,32,Marketing,Analyst,San Francisco,56211.27,3832.87,2022-04-18,3,84.2,melissa.martin@company.com,(980) 583-8409,Active
EMP044436,Michael,Wilson,Michael Wilson,26,Finance,Manager,New York,50859.35,0.0,2020-04-02,0,41.1,michael.wilson@company.com,(583) 314-2109,Active
EMP044437,Melissa,Gonzalez,Melissa Gonzalez,62,Engineering,Coordinator,Seattle,94048.07,4801.84,2021-01-02,39,60.9,melissa.gonzalez@company.com,(472) 303-3286,Active
EMP044438,Jessica,Martinez,Jessica Martinez,65,HR,Director,Chicago,99992.93,9720.94,2022-09-18,36,78.3,jessica.martinez@company.com,(559) 727-6390,Active
EMP044439,Christopher,Jackson,Christopher Jackson,39,HR,Director,Boston,63587.69,6620.88,2021-08-24,17,70.9,christopher.jackson@company.com,(555) 830-5781,Active
EMP044440,Lisa,Martin,Lisa Martin,38,HR,Coordinator,Chicago,57439.62,4647.33,2021-03-28,9,96.5,lisa.martin@company.com,(746) 518-9077,Active
EMP044441,Anthony,Thomas,Anthony Thomas,54,Sales,Specialist,Seattle,81735.7,12786.87,2020-05-25,29,74.5,anthony.thomas@company.com,(624) 938-6221,Active
EMP044442,John,Jones,John Jones,31,HR,Lead,Boston,84586.47,11537.5,2022-07-03,8,68.4,john.jones@company.com,(889) 744-3165,Active
EMP044443,Ashley,Martin,Ashley Martin,47,Engineering,Associate,New York,80260.74,10251.63,2021-03-10,22,49.5,ashley.martin@company.com,(637) 969-5667,Active
EMP044444,Lisa,Martinez,Lisa Martinez,29,HR,Director,San Francisco,47449.61,4643.34,2024-04-06,0,61.1,lisa.martinez@company.com,(456) 646-7204,Active
EMP044445,Robert,Williams,Robert Williams,41,Sales,Analyst,Los Angeles,68117.45,11222.06,2020-12-28,15,90.8,robert.williams@company.com,(582) 621-5430,Active
EMP044446,Michael,Brown,Michael Brown,39,HR,Coordinator,Boston,62871.81,3367.7,2021-12-13,14,62.4,michael.brown@company.com,(310) 313-1339,Inactive
EMP044447,Amanda,Hernandez,Amanda Hernandez,30,Legal,Manager,Austin,93099.0,8268.03,2024-01-08,7,58.6,amanda.hernandez@company.com,(361) 468-2164,Active
EMP044448,Robert,Lopez,Robert Lopez,31,Operations,Lead,Los Angeles,48089.43,7800.45,2021-02-22,4,56.4,robert.lopez@company.com,(269) 972-7046,Active
EMP044449,Michael,Hernandez,Michael Hernandez,59,Operations,Associate,New York,88586.4,3029.41,2023-12-16,30,75.3,michael.hernandez@company.com,(281) 709-7455,Active
EMP044450,William,Hernandez,William Hernandez,45,Finance,Specialist,Miami,62019.4,8190.56,2022-03-31,21,84.6,william.hernandez@company.com,(275) 309-9405,Active
EMP044451,Daniel,Jackson,Daniel Jackson,40,Finance,Director,Chicago,59063.81,4051.63,2022-10-16,14,80.4,daniel.jackson@company.com,(807) 367-3524,Active
EMP044452,Amanda,Martin,Amanda Martin,46,Sales,Manager,Miami,78063.43,11439.51,2020-07-11,21,95.7,amanda.martin@company.com,(972) 981-2108,Active
EMP044453,Stephanie,Miller,Stephanie Miller,33,Sales,Lead,Boston,71383.68,13254.88,2024-07-06,8,57.1,stephanie.miller@company.com,(852) 896-5110,Active
EMP044454,Lisa,Rodriguez,Lisa Rodriguez,52,Sales,Associate,Los Angeles,68686.58,3818.38,2022-05-05,30,76.2,lisa.rodriguez@company.com,(824) 504-2395,Active
EMP044455,James,Wilson,James Wilson,31,IT,Analyst,Austin,63891.67,0.0,2021-03-22,5,63.8,james.wilson@company.com,(476) 289-7585,Inactive
EMP044456,Michael,Miller,Michael Miller,59,Sales,Specialist,San Francisco,95070.39,1245.38,2020-04-21,35,67.8,michael.miller@company.com,(305) 937-8292,Active
EMP044457,Daniel,Miller,Daniel Miller,54,Operations,Director,Chicago,74913.47,8634.94,2023-11-21,32,64.2,daniel.miller@company.com,(556) 965-9505,Active
EMP044458,Amanda,Johnson,Amanda Johnson,53,Operations,Senior Developer,Seattle,66160.5,8976.45,2020-03-07,26,70.5,amanda.johnson@company.com,(375) 267-2906,Active
EMP044459,Sarah,Hernandez,Sarah Hernandez,34,Operations,Analyst,Los Angeles,43321.86,2264.93,2022-04-28,7,93.4,sarah.hernandez@company.com,(232) 328-3816,Active
EMP044460,Ashley,Smith,Ashley Smith,60,Marketing,Coordinator,Los Angeles,78966.13,882.06,2021-09-01,35,77.2,ashley.smith@company.com,(405) 422-5456,Active
EMP044461,Emily,Miller,Emily Miller,45,HR,Senior Developer,Los Angeles,57890.55,1159.62,2024-08-14,17,70.1,emily.miller@company.com,(453) 442-5062,On Leave
EMP044462,Stephanie,Rodriguez,Stephanie Rodriguez,32,Marketing,Director,Seattle,29591.38,2898.71,2021-06-30,6,84.0,stephanie.rodriguez@company.com,(230) 973-2517,Active
EMP044463,Lisa,Martinez,Lisa Martinez,53,Legal,Specialist,Los Angeles,94151.51,10626.74,2024-12-16,28,45.9,lisa.martinez@company.com,(775) 370-5065,Inactive
EMP044464,Lisa,Martinez,Lisa Martinez,33,Finance,Manager,New York,98961.32,13627.93,2023-10-01,4,79.3,lisa.martinez@company.com,(952) 933-4072,Active
EMP044465,Melissa,Hernandez,Melissa Hernandez,25,HR,Director,Seattle,75005.32,12315.28,2024-10-18,0,57.4,melissa.hernandez@company.com,(759) 945-5738,Active
EMP044466,Nicole,Garcia,Nicole Garcia,42,IT,Senior Developer,Boston,60966.76,7220.03,2024-05-27,16,84.0,nicole.garcia@company.com,(821) 269-1254,Active
EMP044467,Anthony,Anderson,Anthony Anderson,56,Sales,Director,Los Angeles,95052.61,14352.16,2020-12-29,30,90.3,anthony.anderson@company.com,(990) 775-6585,Active
EMP044468,John,Gonzalez,John Gonzalez,54,Sales,Lead,Miami,81710.34,11001.58,2020-08-26,29,70.1,john.gonzalez@company.com,(887) 984-5897,Active
EMP044469,John,Jackson,John Jackson,24,Marketing,Senior Developer,Los Angeles,63819.7,6086.62,2022-05-28,0,100.0,john.jackson@company.com,(931) 351-3998,Active
EMP044470,Jessica,Moore,Jessica Moore,24,IT,Associate,Seattle,38224.77,3305.12,2024-11-11,1,76.5,jessica.moore@company.com,(987) 491-5710,Inactive
EMP044471,John,Brown,John Brown,57,Sales,Associate,Los Angeles,78535.31,17756.44,2023-04-01,31,86.1,john.brown@company.com,(535) 793-4220,Active
EMP044472,Michael,Jackson,Michael Jackson,24,Finance,Senior Developer,Miami,81303.55,3364.47,2021-08-18,2,83.1,michael.jackson@company.com,(273) 996-4280,Active
EMP044473,Anthony,Jones,Anthony Jones,51,Legal,Senior Developer,Los Angeles,111609.95,15769.77,2020-09-12,23,91.6,anthony.jones@company.com,(986) 812-9554,Inactive
EMP044474,Lisa,Anderson,Lisa Anderson,52,Engineering,Director,Austin,80993.06,7360.36,2021-03-15,30,77.1,lisa.anderson@company.com,(231) 281-9088,Active
EMP044475,Nicole,Taylor,Nicole Taylor,59,HR,Lead,Los Angeles,79263.45,8805.28,2021-02-06,32,91.0,nicole.taylor@company.com,(723) 243-9230,Active
EMP044476,Jane,Gonzalez,Jane Gonzalez,64,Finance,Analyst,Chicago,99943.01,9608.09,2021-08-19,40,96.7,jane.gonzalez@company.com,(278) 606-6994,Active
EMP044477,Stephanie,Davis,Stephanie Davis,63,Sales,Associate,Seattle,97404.5,13014.71,2022-10-22,41,91.5,stephanie.davis@company.com,(607) 995-5576,Active
EMP044478,Jessica,Davis,Jessica Davis,61,Legal,Coordinator,Chicago,121462.12,14586.32,2022-12-24,39,88.8,jessica.davis@company.com,(804) 428-7704,Active
EMP044479,Melissa,Jones,Melissa Jones,61,Finance,Lead,Los Angeles,101125.44,13731.63,2020-11-01,34,62.0,melissa.jones@company.com,(760) 419-2939,Active
EMP044480,Amanda,Taylor,Amanda Taylor,29,Finance,Lead,Seattle,33000.0,4175.36,2024-09-25,0,70.7,amanda.taylor@company.com,(413) 753-8631,On Leave
EMP044481,Sarah,Brown,Sarah Brown,64,Marketing,Senior Developer,Seattle,50903.39,1914.69,2020-08-29,37,100.0,sarah.brown@company.com,(314) 391-9403,Active
EMP044482,Amanda,Thomas,Amanda Thomas,44,Legal,Specialist,Austin,99504.89,12065.25,2021-11-26,19,48.7,amanda.thomas@company.com,(362) 850-6533,Active
EMP044483,James,Williams,James Williams,29,Operations,Associate,San Francisco,41851.94,5800.5,2022-12-01,3,87.1,james.williams@company.com,(469) 384-6967,Active
EMP044484,James,Jones,James Jones,51,Engineering,Specialist,Austin,115123.94,3973.16,2023-04-14,29,87.9,james.jones@company.com,(310) 216-1635,Active
EMP044485,Melissa,Taylor,Melissa Taylor,57,HR,Associate,Austin,75394.06,3322.82,2022-03-05,33,100.0,melissa.taylor@company.com,(403) 765-6220,Active
EMP044486,Sarah,Garcia,Sarah Garcia,29,Operations,Director,New York,66959.95,7117.52,2023-06-19,2,48.9,sarah.garcia@company.com,(249) 493-5277,Active
EMP044487,Christopher,Rodriguez,Christopher Rodriguez,46,Operations,Lead,San Francisco,57281.09,4936.67,2023-10-19,24,75.1,christopher.rodriguez@company.com,(229) 642-1401,Active
EMP044488,Nicole,Johnson,Nicole Johnson,44,IT,Specialist,Seattle,109284.33,11874.43,2021-11-07,22,77.3,nicole.johnson@company.com,(807) 273-3747,Inactive
EMP044489,James,Moore,James Moore,64,Engineering,Specialist,Chicago,129046.81,8572.44,2022-01-29,36,73.1,james.moore@company.com,(960) 934-1407,Active
EMP044490,Robert,Martin,Robert Martin,38,Marketing,Director,Boston,77266.16,125.4,2022-08-27,15,84.3,robert.martin@company.com,(249) 289-1820,Active
EMP044491,Jane,Wilson,Jane Wilson,25,IT,Senior Developer,Los Angeles,76027.45,7302.31,2024-02-20,0,71.2,jane.wilson@company.com,(266) 874-1940,Active
EMP044492,Lisa,Jones,Lisa Jones,55,Operations,Analyst,Miami,62154.58,5789.95,2023-02-03,31,76.1,lisa.jones@company.com,(259) 573-5834,Active
EMP044493,Amanda,Wilson,Amanda Wilson,30,Legal,Senior Developer,Boston,104647.65,7875.22,2024-12-31,2,73.7,amanda.wilson@company.com,(975) 263-2194,Active
EMP044494,Christopher,Wilson,Christopher Wilson,62,HR,Lead,Los Angeles,81775.96,9772.19,2021-09-04,36,75.9,christopher.wilson@company.com,(396) 885-1699,Active
EMP044495,Christopher,Davis,Christopher Davis,26,Legal,Director,San Francisco,73059.86,7123.95,2020-04-06,2,74.4,christopher.davis@company.com,(279) 204-7269,Inactive
EMP044496,John,Taylor,John Taylor,55,Engineering,Specialist,New York,158635.33,17959.61,2021-05-08,26,98.4,john.taylor@company.com,(769) 498-7990,On Leave
EMP044497,Jane,Smith,Jane Smith,51,Marketing,Coordinator,Chicago,72626.5,11133.24,2024-09-15,28,92.8,jane.smith@company.com,(667) 839-2819,Inactive
EMP044498,Melissa,Jones,Melissa Jones,29,Finance,Coordinator,Miami,63069.7,11082.82,2021-05-29,0,79.1,melissa.jones@company.com,(674) 568-2515,Active
EMP044499,Robert,Moore,Robert Moore,53,Sales,Associate,New York,51746.53,5277.06,2020-02-26,29,98.9,robert.moore@company.com,(857) 795-2440,Active
EMP044500,Christopher,Jackson,Christopher Jackson,33,Finance,Director,New York,72137.87,8497.51,2023-11-19,4,97.8,christopher.jackson@company.com,(576) 707-7257,Active
EMP044501,James,Thomas,James Thomas,30,HR,Senior Developer,Los Angeles,52242.07,4570.98,2024-06-21,3,64.6,james.thomas@company.com,(321) 206-9739,Active
EMP044502,Melissa,Martinez,Melissa Martinez,39,Operations,Coordinator,New York,53493.51,10243.81,2022-11-08,12,73.6,melissa.martinez@company.com,(846) 772-1695,Active
EMP044503,William,Moore,William Moore,49,Finance,Director,Boston,91493.6,14218.83,2024-04-02,25,65.0,william.moore@company.com,(810) 707-5832,Active
EMP044504,Matthew,Gonzalez,Matthew Gonzalez,56,Sales,Coordinator,Austin,84298.05,12532.19,2024-07-02,28,97.3,matthew.gonzalez@company.com,(870) 226-3994,Active
EMP044505,John,Thomas,John Thomas,54,HR,Manager,Austin,81131.78,9600.87,2023-11-21,31,96.1,john.thomas@company.com,(622) 378-2780,Active
EMP044506,Amanda,Jackson,Amanda Jackson,25,Sales,Analyst,Austin,46168.44,1732.35,2022-11-05,0,100.0,amanda.jackson@company.com,(431) 427-5486,Inactive
EMP044507,Michael,Garcia,Michael Garcia,54,Sales,Specialist,Seattle,90450.41,6937.87,2021-03-10,28,67.2,michael.garcia@company.com,(738) 467-5303,Active
EMP044508,Anthony,Gonzalez,Anthony Gonzalez,53,HR,Analyst,Miami,59226.15,7575.08,2021-03-10,29,78.1,anthony.gonzalez@company.com,(834) 979-7862,Active
EMP044509,Christopher,Garcia,Christopher Garcia,62,IT,Analyst,New York,116337.52,9908.3,2020-09-18,34,76.0,christopher.garcia@company.com,(784) 993-6991,Active
EMP044510,Sarah,Rodriguez,Sarah Rodriguez,42,Engineering,Coordinator,Los Angeles,96337.43,7313.15,2021-10-12,16,57.4,sarah.rodriguez@company.com,(903) 500-6071,Active
EMP044511,Matthew,Anderson,Matthew Anderson,36,Operations,Associate,New York,49832.2,4795.29,2021-11-15,8,82.6,matthew.anderson@company.com,(296) 993-9419,Active
EMP044512,William,Taylor,William Taylor,50,IT,Lead,Seattle,97066.45,2050.75,2021-06-04,28,64.2,william.taylor@company.com,(809) 594-6958,Inactive
EMP044513,Robert,Moore,Robert Moore,54,Marketing,Coordinator,Miami,69973.29,8532.2,2024-11-23,31,76.1,robert.moore@company.com,(531) 344-2188,Active
EMP044514,Daniel,Lopez,Daniel Lopez,54,Marketing,Coordinator,New York,75862.14,14643.55,2022-08-12,25,56.6,daniel.lopez@company.com,(304) 496-2456,Active
EMP044515,John,Garcia,John Garcia,60,Sales,Analyst,Chicago,115145.12,11065.12,2021-05-08,37,69.4,john.garcia@company.com,(548) 769-2740,Active
EMP044516,Nicole,Moore,Nicole Moore,54,Operations,Senior Developer,New York,82640.45,846.38,2021-01-02,26,65.5,nicole.moore@company.com,(601) 428-7060,Active
EMP044517,Stephanie,Hernandez,Stephanie Hernandez,50,IT,Manager,Boston,87647.77,0.0,2023-04-08,21,58.2,stephanie.hernandez@company.com,(393) 861-4715,Active
EMP044518,Michael,Rodriguez,Michael Rodriguez,38,Marketing,Specialist,Miami,86711.94,12024.3,2020-03-24,10,95.1,michael.rodriguez@company.com,(938) 235-1834,Inactive
EMP044519,Ashley,Martinez,Ashley Martinez,34,Finance,Analyst,Boston,93314.53,16510.72,2021-05-02,5,90.4,ashley.martinez@company.com,(524) 831-8458,Active
EMP044520,Sarah,Wilson,Sarah Wilson,36,Operations,Manager,Boston,81366.93,7808.08,2020-02-01,7,65.4,sarah.wilson@company.com,(941) 594-7155,On Leave
EMP044521,Ashley,Davis,Ashley Davis,60,Finance,Director,Austin,97932.58,4742.98,2023-09-18,38,92.9,ashley.davis@company.com,(236) 512-9193,Active
EMP044522,Matthew,Taylor,Matthew Taylor,34,Engineering,Manager,Los Angeles,115906.06,11843.09,2023-11-21,10,56.2,matthew.taylor@company.com,(687) 414-4580,Active
EMP044523,Sarah,Jones,Sarah Jones,38,IT,Director,Austin,81767.87,8706.05,2023-10-10,10,71.4,sarah.jones@company.com,(416) 408-5044,Inactive
EMP044524,Lisa,Rodriguez,Lisa Rodriguez,30,Finance,Senior Developer,Chicago,83470.13,10419.86,2024-12-17,8,64.2,lisa.rodriguez@company.com,(933) 386-6517,Active
EMP044525,David,Wilson,David Wilson,55,Legal,Director,Austin,82984.89,3803.08,2021-06-16,27,62.0,david.wilson@company.com,(279) 655-1958,Inactive
EMP044526,Sarah,Moore,Sarah Moore,36,Engineering,Specialist,Miami,102537.15,10065.79,2023-02-28,8,75.7,sarah.moore@company.com,(859) 937-5767,On Leave
EMP044527,Jessica,Gonzalez,Jessica Gonzalez,35,HR,Specialist,Boston,48938.39,6165.29,2021-04-19,10,53.6,jessica.gonzalez@company.com,(822) 470-1031,Active
EMP044528,Jane,Martin,Jane Martin,65,Engineering,Coordinator,Austin,106100.37,7816.35,2020-09-25,43,88.0,jane.martin@company.com,(424) 456-3055,Active
EMP044529,William,Anderson,William Anderson,48,HR,Lead,Austin,73007.65,6812.9,2024-12-29,23,70.7,william.anderson@company.com,(266) 394-6050,Active
EMP044530,Jessica,Williams,Jessica Williams,40,IT,Lead,Miami,77329.76,5917.62,2020-07-25,17,71.1,jessica.williams@company.com,(292) 545-8485,Active
EMP044531,Stephanie,Davis,Stephanie Davis,38,Legal,Director,Austin,107210.19,14406.32,2023-05-23,11,80.7,stephanie.davis@company.com,(217) 984-8060,Active
EMP044532,Anthony,Johnson,Anthony Johnson,53,Finance,Lead,Austin,100447.3,9615.93,2024-03-29,28,61.5,anthony.johnson@company.com,(500) 569-1827,Active
EMP044533,John,Jackson,John Jackson,48,HR,Associate,Miami,75895.8,10804.44,2022-03-24,23,84.3,john.jackson@company.com,(342) 311-2284,Active
EMP044534,David,Martin,David Martin,22,Operations,Director,Miami,25500.0,2848.38,2021-06-17,0,77.2,david.martin@company.com,(324) 819-4769,Active
EMP044535,Christopher,Moore,Christopher Moore,37,Legal,Manager,Austin,101197.75,14777.86,2024-07-05,11,100.0,christopher.moore@company.com,(773) 444-2392,Active
EMP044536,Robert,Johnson,Robert Johnson,54,Engineering,Director,Chicago,132855.14,15756.44,2024-08-30,25,100.0,robert.johnson@company.com,(520) 969-9373,Active
EMP044537,Lisa,Martin,Lisa Martin,38,HR,Specialist,Austin,66864.13,9894.82,2024-08-23,13,70.9,lisa.martin@company.com,(586) 249-1679,Active
EMP044538,John,Williams,John Williams,49,HR,Lead,Austin,69497.61,2916.64,2020-09-01,21,80.6,john.williams@company.com,(529) 458-5254,Active
EMP044539,Matthew,Lopez,Matthew Lopez,42,Operations,Associate,Los Angeles,77797.1,9018.65,2020-10-18,18,77.2,matthew.lopez@company.com,(344) 266-5834,Active
EMP044540,Robert,Thomas,Robert Thomas,53,Operations,Director,Seattle,83234.67,6987.93,2023-09-16,25,62.8,robert.thomas@company.com,(456) 538-7232,Active
EMP044541,Melissa,Taylor,Melissa Taylor,46,Sales,Associate,Seattle,61012.11,5887.59,2024-01-20,24,72.0,melissa.taylor@company.com,(358) 548-2124,Active
EMP044542,Anthony,Rodriguez,Anthony Rodriguez,40,HR,Director,Los Angeles,27000.0,1723.01,2024-01-06,11,84.2,anthony.rodriguez@company.com,(632) 733-5358,Active
EMP044543,Christopher,Rodriguez,Christopher Rodriguez,64,IT,Senior Developer,San Francisco,121831.94,10569.39,2023-04-02,36,72.1,christopher.rodriguez@company.com,(877) 220-6283,Active
EMP044544,David,Rodriguez,David Rodriguez,59,Engineering,Associate,New York,131794.32,7543.08,2020-10-04,31,83.3,david.rodriguez@company.com,(499) 467-6853,Active
EMP044545,Lisa,Hernandez,Lisa Hernandez,30,IT,Specialist,New York,69649.44,8836.78,2021-07-14,2,77.4,lisa.hernandez@company.com,(556) 678-8569,Active
EMP044546,Matthew,Davis,Matthew Davis,50,Operations,Associate,Chicago,47584.58,6477.15,2024-12-02,26,62.7,matthew.davis@company.com,(983) 363-4339,Active
EMP044547,Melissa,Rodriguez,Melissa Rodriguez,60,Marketing,Coordinator,Miami,82220.48,10968.51,2023-10-29,36,61.4,melissa.rodriguez@company.com,(796) 880-7939,Active
EMP044548,Nicole,Miller,Nicole Miller,43,Operations,Associate,Los Angeles,48727.08,1806.09,2024-09-27,14,87.6,nicole.miller@company.com,(213) 799-3766,Active
EMP044549,Christopher,Taylor,Christopher Taylor,62,Sales,Associate,Miami,59603.84,9176.66,2024-06-23,38,70.8,christopher.taylor@company.com,(389) 718-7169,Inactive
EMP044550,David,Brown,David Brown,28,IT,Associate,Seattle,60366.64,5781.42,2022-07-07,0,70.2,david.brown@company.com,(627) 566-1188,Active
EMP044551,Ashley,Wilson,Ashley Wilson,23,Legal,Manager,San Francisco,76202.03,11912.11,2022-06-28,0,67.9,ashley.wilson@company.com,(717) 813-1174,Active
EMP044552,Michael,Jackson,Michael Jackson,23,Engineering,Analyst,Chicago,74527.25,12709.84,2024-12-09,0,95.1,michael.jackson@company.com,(514) 458-9338,Active
EMP044553,Jessica,Thomas,Jessica Thomas,40,Marketing,Director,New York,65277.17,3402.95,2022-09-27,12,66.0,jessica.thomas@company.com,(797) 902-2315,Inactive
EMP044554,Michael,Anderson,Michael Anderson,29,Legal,Manager,Seattle,100505.51,11373.4,2024-03-12,7,71.7,michael.anderson@company.com,(907) 384-3648,Active
EMP044555,Sarah,Miller,Sarah Miller,49,Sales,Manager,Los Angeles,52251.68,4994.7,2024-09-07,21,94.8,sarah.miller@company.com,(592) 861-8112,Active
EMP044556,John,Johnson,John Johnson,63,Finance,Associate,Boston,88541.8,11077.23,2022-08-04,40,75.5,john.johnson@company.com,(559) 977-1030,Active
EMP044557,James,Smith,James Smith,62,HR,Director,New York,71195.4,5671.6,2022-06-17,35,75.1,james.smith@company.com,(488) 629-2823,Active
EMP044558,Anthony,Johnson,Anthony Johnson,34,IT,Director,Austin,105180.4,13400.46,2020-10-09,5,76.2,anthony.johnson@company.com,(327) 480-7126,Active
EMP044559,Stephanie,Thomas,Stephanie Thomas,59,Finance,Manager,Miami,68192.97,6287.58,2023-06-16,35,78.5,stephanie.thomas@company.com,(985) 627-7726,Inactive
EMP044560,Jessica,Hernandez,Jessica Hernandez,31,Operations,Director,Boston,63871.01,2257.6,2022-09-25,6,89.6,jessica.hernandez@company.com,(938) 475-8705,Active
EMP044561,Christopher,Martin,Christopher Martin,64,Sales,Coordinator,Los Angeles,91983.63,9222.52,2021-03-29,37,81.0,christopher.martin@company.com,(830) 565-2361,Inactive
EMP044562,John,Martin,John Martin,52,Marketing,Lead,Boston,60997.18,5540.39,2022-10-24,30,54.0,john.martin@company.com,(669) 952-6683,Active
EMP044563,Ashley,Anderson,Ashley Anderson,40,Marketing,Director,San Francisco,67366.61,4493.43,2022-11-03,18,59.3,ashley.anderson@company.com,(413) 652-1045,On Leave
EMP044564,Sarah,Anderson,Sarah Anderson,58,Engineering,Director,San Francisco,98668.21,21102.52,2024-10-27,32,74.2,sarah.anderson@company.com,(623) 420-5527,Active
EMP044565,Jessica,Williams,Jessica Williams,59,IT,Coordinator,Los Angeles,104691.42,12880.81,2020-10-26,33,77.9,jessica.williams@company.com,(861) 505-3074,Active
EMP044566,Ashley,Gonzalez,Ashley Gonzalez,29,Sales,Specialist,Seattle,69652.83,9922.56,2022-04-25,1,76.3,ashley.gonzalez@company.com,(370) 357-9397,Active
EMP044567,Michael,Garcia,Michael Garcia,33,Engineering,Analyst,Seattle,39000.0,6324.68,2020-05-06,11,65.7,michael.garcia@company.com,(832) 711-2294,Active
EMP044568,Robert,Johnson,Robert Johnson,26,Operations,Director,Austin,35755.02,3515.88,2021-04-27,0,59.9,robert.johnson@company.com,(482) 346-1478,Active
EMP044569,Christopher,Rodriguez,Christopher Rodriguez,25,Finance,Coordinator,Boston,82474.06,7378.58,2024-05-20,0,36.6,christopher.rodriguez@company.com,(399) 782-6524,Active
EMP044570,Christopher,Smith,Christopher Smith,54,HR,Analyst,San Francisco,63902.71,6479.3,2022-04-05,26,78.5,christopher.smith@company.com,(985) 309-7872,Active
EMP044571,Matthew,Garcia,Matthew Garcia,51,Operations,Analyst,Boston,40943.71,4604.68,2022-05-16,23,51.6,matthew.garcia@company.com,(887) 289-9805,Active
EMP044572,Ashley,Lopez,Ashley Lopez,54,Legal,Associate,New York,105737.85,15514.32,2023-06-30,29,74.0,ashley.lopez@company.com,(232) 542-8962,Active
EMP044573,Anthony,Miller,Anthony Miller,63,Legal,Lead,Chicago,74812.03,6457.03,2022-08-20,41,73.9,anthony.miller@company.com,(584) 739-2401,Active
EMP044574,Emily,Garcia,Emily Garcia,26,Operations,Director,Austin,49121.85,2922.58,2023-04-01,0,97.6,emily.garcia@company.com,(907) 871-4634,Active
EMP044575,Jane,Taylor,Jane Taylor,47,Legal,Specialist,Boston,101053.81,4129.25,2020-04-04,25,78.6,jane.taylor@company.com,(865) 351-1125,Active
EMP044576,Daniel,Rodriguez,Daniel Rodriguez,42,Engineering,Lead,New York,88850.62,9107.92,2021-03-26,20,96.8,daniel.rodriguez@company.com,(313) 905-4331,Active
EMP044577,Daniel,Hernandez,Daniel Hernandez,22,Engineering,Associate,Chicago,69295.6,5362.95,2022-10-24,0,67.3,daniel.hernandez@company.com,(689) 427-1607,Active
EMP044578,Emily,Hernandez,Emily Hernandez,35,IT,Coordinator,Chicago,60427.21,5400.57,2021-01-11,12,71.4,emily.hernandez@company.com,(910) 277-2061,Active
EMP044579,Sarah,Davis,Sarah Davis,58,Finance,Associate,Seattle,74206.8,7205.3,2023-01-04,33,70.2,sarah.davis@company.com,(501) 727-6363,On Leave
EMP044580,Stephanie,Rodriguez,Stephanie Rodriguez,32,HR,Analyst,Los Angeles,73497.2,7872.2,2021-10-17,10,76.4,stephanie.rodriguez@company.com,(282) 559-1547,Active
EMP044581,Robert,Moore,Robert Moore,23,Sales,Senior Developer,Austin,58984.18,4396.93,2023-10-18,1,69.3,robert.moore@company.com,(720) 451-9041,Active
EMP044582,Lisa,Lopez,Lisa Lopez,61,Finance,Manager,San Francisco,82701.32,13250.14,2022-10-09,35,89.6,lisa.lopez@company.com,(262) 892-7476,Active
EMP044583,James,Rodriguez,James Rodriguez,31,Marketing,Coordinator,Los Angeles,63043.84,5315.43,2022-12-28,7,88.0,james.rodriguez@company.com,(868) 815-5624,Active
EMP044584,Melissa,Anderson,Melissa Anderson,53,Engineering,Associate,Los Angeles,130255.92,11329.95,2023-06-24,25,63.4,melissa.anderson@company.com,(569) 862-3383,Active
EMP044585,Michael,Garcia,Michael Garcia,59,Legal,Senior Developer,Seattle,104648.66,7278.16,2024-11-29,36,92.4,michael.garcia@company.com,(403) 257-6455,Active
EMP044586,Stephanie,Gonzalez,Stephanie Gonzalez,27,IT,Senior Developer,Austin,45841.27,4714.44,2021-01-20,0,49.3,stephanie.gonzalez@company.com,(491) 399-6349,Inactive
EMP044587,John,Smith,John Smith,43,Finance,Manager,Seattle,68367.89,7032.11,2020-06-27,17,82.2,john.smith@company.com,(999) 487-8480,Active
EMP044588,Lisa,Brown,Lisa Brown,65,Sales,Manager,Seattle,94670.29,1989.45,2024-10-07,41,81.0,lisa.brown@company.com,(395) 530-5067,Active
EMP044589,Jane,Lopez,Jane Lopez,49,Engineering,Lead,San Francisco,89921.5,6147.87,2021-09-04,23,89.3,jane.lopez@company.com,(533) 296-8368,Active
EMP044590,Nicole,Hernandez,Nicole Hernandez,60,Sales,Manager,Seattle,87747.08,8023.88,2023-07-31,36,83.3,nicole.hernandez@company.com,(651) 677-6566,Active
EMP044591,Jane,Wilson,Jane Wilson,42,Operations,Associate,Austin,77065.85,7782.22,2023-05-14,17,81.3,jane.wilson@company.com,(412) 267-2433,On Leave
EMP044592,Daniel,Martin,Daniel Martin,52,Marketing,Senior Developer,Boston,80543.99,940.54,2023-04-04,30,53.2,daniel.martin@company.com,(588) 801-7594,Active
EMP044593,Matthew,Rodriguez,Matthew Rodriguez,39,Operations,Director,Boston,44823.73,3874.18,2022-10-21,17,68.5,matthew.rodriguez@company.com,(463) 312-8687,Active
EMP044594,William,Jones,William Jones,58,IT,Coordinator,New York,79799.25,13825.42,2021-04-25,31,46.4,william.jones@company.com,(410) 778-5302,Active
EMP044595,Lisa,Smith,Lisa Smith,25,Engineering,Senior Developer,San Francisco,83778.81,8750.04,2021-05-14,0,83.4,lisa.smith@company.com,(929) 579-7505,Active
EMP044596,Daniel,Williams,Daniel Williams,57,Legal,Manager,Chicago,104486.12,18767.9,2022-06-09,33,100.0,daniel.williams@company.com,(607) 774-4101,Active
EMP044597,Daniel,Jones,Daniel Jones,42,Legal,Manager,Austin,88047.08,12448.37,2020-05-23,15,49.9,daniel.jones@company.com,(926) 690-6735,Active
EMP044598,Sarah,Martinez,Sarah Martinez,30,HR,Coordinator,Boston,49291.01,7181.0,2022-09-01,5,61.3,sarah.martinez@company.com,(967) 500-8957,On Leave
EMP044599,Matthew,Smith,Matthew Smith,50,Engineering,Manager,Boston,92386.45,10461.35,2024-05-03,21,97.4,matthew.smith@company.com,(533) 283-4283,Active
EMP044600,John,Smith,John Smith,38,Legal,Director,Miami,119830.72,14186.16,2023-05-19,11,74.4,john.smith@company.com,(762) 716-6670,Active
EMP044601,Melissa,Anderson,Melissa Anderson,61,Marketing,Manager,Boston,88497.82,12487.44,2024-06-19,35,100.0,melissa.anderson@company.com,(875) 263-5329,Active
EMP044602,Matthew,Martin,Matthew Martin,34,Finance,Senior Developer,Chicago,101052.31,10048.13,2023-04-02,5,71.2,matthew.martin@company.com,(977) 399-2753,On Leave
EMP044603,Christopher,Thomas,Christopher Thomas,65,Finance,Coordinator,Boston,117168.86,22009.9,2020-11-05,36,84.7,christopher.thomas@company.com,(809) 783-4456,On Leave
EMP044604,Emily,Johnson,Emily Johnson,41,Legal,Coordinator,Boston,71618.57,7889.49,2022-05-08,16,76.0,emily.johnson@company.com,(784) 855-9027,Active
EMP044605,John,Martin,John Martin,30,Operations,Director,Austin,40102.34,5467.47,2024-01-11,5,68.7,john.martin@company.com,(345) 790-5581,Active
EMP044606,Ashley,Anderson,Ashley Anderson,28,IT,Specialist,Boston,48669.67,4945.11,2020-03-07,1,92.5,ashley.anderson@company.com,(803) 772-9778,Active
EMP044607,James,Wilson,James Wilson,32,IT,Lead,Los Angeles,76261.04,10207.65,2023-01-27,9,65.0,james.wilson@company.com,(529) 624-3319,On Leave
EMP044608,David,Wilson,David Wilson,47,Engineering,Analyst,Chicago,101936.87,8899.6,2024-11-05,22,73.1,david.wilson@company.com,(368) 946-7682,Inactive
EMP044609,David,Jackson,David Jackson,40,Sales,Director,New York,57997.6,6845.74,2021-10-24,15,79.8,david.jackson@company.com,(537) 754-1963,Active
EMP044610,Nicole,Johnson,Nicole Johnson,33,Engineering,Lead,Miami,83420.18,6919.66,2024-03-06,9,49.7,nicole.johnson@company.com,(396) 976-1788,Active
EMP044611,Nicole,Brown,Nicole Brown,57,Finance,Associate,San Francisco,76212.32,149.7,2021-04-24,28,100.0,nicole.brown@company.com,(906) 507-4587,Active
EMP044612,Melissa,Jackson,Melissa Jackson,59,Legal,Specialist,Boston,108598.94,21082.37,2022-05-30,35,62.2,melissa.jackson@company.com,(771) 330-2397,Active
EMP044613,John,Martinez,John Martinez,43,IT,Analyst,Boston,116943.1,5552.82,2022-02-19,19,77.3,john.martinez@company.com,(483) 378-7811,Active
EMP044614,Anthony,Wilson,Anthony Wilson,36,IT,Specialist,San Francisco,48885.62,5318.78,2023-06-09,11,58.2,anthony.wilson@company.com,(803) 763-5872,Active
EMP044615,Ashley,Anderson,Ashley Anderson,64,Engineering,Analyst,San Francisco,101478.97,6956.03,2022-11-26,37,81.7,ashley.anderson@company.com,(365) 794-5220,Active
EMP044616,Anthony,Thomas,Anthony Thomas,31,Sales,Associate,San Francisco,72073.72,0.0,2020-07-01,6,66.3,anthony.thomas@company.com,(691) 389-2797,Active
EMP044617,Nicole,Anderson,Nicole Anderson,62,Marketing,Analyst,San Francisco,89360.81,9638.03,2023-07-09,35,72.2,nicole.anderson@company.com,(388) 603-5158,Active
EMP044618,Nicole,Rodriguez,Nicole Rodriguez,45,Finance,Analyst,Miami,69093.94,6690.09,2021-03-13,16,77.3,nicole.rodriguez@company.com,(435) 361-9283,Inactive
EMP044619,William,Moore,William Moore,52,Finance,Senior Developer,Los Angeles,77367.1,6278.63,2022-05-16,28,82.7,william.moore@company.com,(380) 587-9737,Active
EMP044620,Melissa,Johnson,Melissa Johnson,31,Finance,Manager,Austin,72823.24,1004.86,2024-03-13,5,99.7,melissa.johnson@company.com,(835) 673-3514,Active
EMP044621,Amanda,Brown,Amanda Brown,47,Legal,Coordinator,Seattle,80712.05,10158.8,2021-03-13,24,95.4,amanda.brown@company.com,(819) 558-2174,Inactive
EMP044622,John,Wilson,John Wilson,24,HR,Senior Developer,Miami,31466.25,3320.78,2023-09-07,0,42.8,john.wilson@company.com,(560) 851-7209,Active
EMP044623,Lisa,Williams,Lisa Williams,44,Finance,Director,Los Angeles,113443.87,6025.45,2023-02-15,16,75.8,lisa.williams@company.com,(696) 915-8157,Active
EMP044624,Nicole,Hernandez,Nicole Hernandez,35,Legal,Director,San Francisco,54730.78,8695.35,2022-12-01,6,94.2,nicole.hernandez@company.com,(982) 375-2879,Active
EMP044625,Stephanie,Smith,Stephanie Smith,45,HR,Coordinator,Chicago,51273.3,968.33,2021-09-06,22,73.5,stephanie.smith@company.com,(420) 983-2687,Inactive
EMP044626,Lisa,Davis,Lisa Davis,59,Marketing,Analyst,Seattle,80911.28,3398.55,2021-05-04,33,84.0,lisa.davis@company.com,(306) 206-7851,Active
EMP044627,Amanda,Moore,Amanda Moore,44,Engineering,Director,Miami,72445.77,7818.92,2022-10-07,21,90.9,amanda.moore@company.com,(726) 217-5067,Active
EMP044628,Emily,Gonzalez,Emily Gonzalez,62,IT,Senior Developer,San Francisco,92845.94,14456.4,2022-07-24,36,78.4,emily.gonzalez@company.com,(997) 433-9675,Active
EMP044629,Ashley,Smith,Ashley Smith,42,Sales,Lead,Miami,90576.16,15818.43,2024-09-01,13,72.2,ashley.smith@company.com,(799) 579-1323,On Leave
EMP044630,Christopher,Taylor,Christopher Taylor,44,Finance,Director,New York,65408.27,5592.4,2021-05-26,21,97.9,christopher.taylor@company.com,(976) 534-6250,Active
EMP044631,Amanda,Johnson,Amanda Johnson,29,Sales,Analyst,San Francisco,89541.42,12160.28,2024-06-15,0,52.7,amanda.johnson@company.com,(809) 695-3198,Active
EMP044632,John,Wilson,John Wilson,42,Finance,Lead,Miami,97813.37,10887.24,2023-11-14,15,51.2,john.wilson@company.com,(735) 221-8079,Active
EMP044633,Jessica,Miller,Jessica Miller,45,Finance,Director,Chicago,71543.3,7825.33,2024-10-12,17,60.0,jessica.miller@company.com,(971) 468-9783,Active
EMP044634,John,Garcia,John Garcia,37,IT,Specialist,Miami,87964.69,0.0,2024-05-27,15,65.3,john.garcia@company.com,(466) 214-4543,Active
EMP044635,Jessica,Miller,Jessica Miller,42,Finance,Director,Seattle,94673.79,12134.5,2024-03-11,13,66.7,jessica.miller@company.com,(556) 417-8611,Active
EMP044636,Stephanie,Lopez,Stephanie Lopez,50,Sales,Specialist,Boston,65951.43,8253.43,2022-12-21,24,81.4,stephanie.lopez@company.com,(403) 801-6853,Active
EMP044637,James,Anderson,James Anderson,29,IT,Analyst,San Francisco,76938.1,10375.09,2024-03-22,6,76.5,james.anderson@company.com,(335) 927-7891,Active
EMP044638,Amanda,Hernandez,Amanda Hernandez,47,Finance,Coordinator,Boston,99329.78,12274.97,2024-04-11,18,75.8,amanda.hernandez@company.com,(480) 277-9069,Active
EMP044639,Melissa,Anderson,Melissa Anderson,33,IT,Analyst,Austin,56350.76,4730.43,2021-04-10,9,51.0,melissa.anderson@company.com,(722) 680-4933,Active
EMP044640,Sarah,Wilson,Sarah Wilson,55,Marketing,Associate,New York,83822.36,1756.76,2020-09-22,33,82.1,sarah.wilson@company.com,(965) 522-9260,Active
EMP044641,David,Rodriguez,David Rodriguez,27,HR,Lead,Miami,65646.84,3965.34,2021-12-11,1,100.0,david.rodriguez@company.com,(532) 428-8939,Inactive
EMP044642,Melissa,Davis,Melissa Davis,29,HR,Specialist,Los Angeles,38105.44,1446.92,2023-09-21,6,72.6,melissa.davis@company.com,(327) 430-6921,Active
EMP044643,Ashley,Hernandez,Ashley Hernandez,28,IT,Director,Seattle,66713.57,4699.51,2021-10-01,0,60.2,ashley.hernandez@company.com,(538) 908-3353,Inactive
EMP044644,William,Gonzalez,William Gonzalez,60,Engineering,Director,New York,91348.14,14924.45,2021-12-11,37,99.8,william.gonzalez@company.com,(504) 491-3909,Active
EMP044645,Robert,Williams,Robert Williams,64,Engineering,Associate,Boston,125201.67,17129.4,2022-01-23,41,70.2,robert.williams@company.com,(548) 458-6234,Inactive
EMP044646,Robert,Jackson,Robert Jackson,51,Operations,Director,Boston,64596.54,12346.76,2020-06-05,24,99.2,robert.jackson@company.com,(484) 295-5864,Active
EMP044647,James,Williams,James Williams,35,Marketing,Senior Developer,New York,46533.33,4714.97,2020-09-16,9,76.5,james.williams@company.com,(777) 438-3817,Active
EMP044648,Lisa,Brown,Lisa Brown,40,IT,Associate,Austin,101421.13,16236.01,2023-07-22,18,100.0,lisa.brown@company.com,(902) 578-3147,Active
EMP044649,Emily,Martinez,Emily Martinez,23,Sales,Manager,Boston,57202.53,5522.16,2023-09-28,1,79.8,emily.martinez@company.com,(969) 669-9749,Inactive
EMP044650,Emily,Martin,Emily Martin,53,Sales,Manager,Boston,69957.07,10544.64,2024-10-29,25,84.1,emily.martin@company.com,(557) 379-8578,Active
EMP044651,Robert,Thomas,Robert Thomas,37,Finance,Manager,Miami,65196.79,10035.97,2023-12-04,13,85.8,robert.thomas@company.com,(576) 817-1597,Inactive
EMP044652,John,Garcia,John Garcia,27,Operations,Director,Austin,45454.59,2522.33,2023-08-12,0,100.0,john.garcia@company.com,(435) 982-5548,Active
EMP044653,Amanda,Taylor,Amanda Taylor,40,Sales,Senior Developer,New York,51247.09,3093.31,2024-03-27,17,80.8,amanda.taylor@company.com,(788) 869-3644,Active
EMP044654,Nicole,Rodriguez,Nicole Rodriguez,24,Finance,Analyst,Los Angeles,33000.0,1989.1,2022-09-16,0,86.5,nicole.rodriguez@company.com,(341) 892-4330,Active
EMP044655,James,Jones,James Jones,39,Marketing,Analyst,Boston,71567.17,5097.02,2020-04-23,17,68.4,james.jones@company.com,(738) 793-9275,Active
EMP044656,Melissa,Smith,Melissa Smith,32,Legal,Director,New York,65826.78,8988.77,2021-06-09,10,68.4,melissa.smith@company.com,(663) 671-8057,Active
EMP044657,Lisa,Martinez,Lisa Martinez,30,Sales,Lead,San Francisco,61083.86,831.23,2024-06-30,2,52.3,lisa.martinez@company.com,(771) 201-9458,Active
EMP044658,Jessica,Jones,Jessica Jones,27,Finance,Senior Developer,Seattle,48028.64,6127.85,2021-06-09,3,43.6,jessica.jones@company.com,(541) 977-4680,Active
EMP044659,Amanda,Davis,Amanda Davis,26,Sales,Manager,Chicago,37844.3,6853.88,2024-07-06,2,100.0,amanda.davis@company.com,(485) 982-8700,Active
EMP044660,Jane,Jones,Jane Jones,37,Operations,Lead,Miami,71396.57,7573.16,2021-03-19,11,99.9,jane.jones@company.com,(689) 672-6157,Active
EMP044661,Nicole,Jackson,Nicole Jackson,42,Engineering,Director,San Francisco,106323.53,2638.7,2021-05-16,15,88.5,nicole.jackson@company.com,(656) 647-7891,Active
EMP044662,Michael,Wilson,Michael Wilson,51,Legal,Director,Boston,102175.97,4309.84,2023-02-19,25,93.6,michael.wilson@company.com,(246) 908-2553,Active
EMP044663,Jane,Williams,Jane Williams,24,Finance,Associate,Seattle,60564.27,4350.42,2020-04-21,0,47.4,jane.williams@company.com,(574) 974-3019,Active
EMP044664,Sarah,Wilson,Sarah Wilson,52,HR,Specialist,New York,57379.82,2660.27,2021-06-30,28,63.2,sarah.wilson@company.com,(666) 262-9348,Active
EMP044665,Matthew,Lopez,Matthew Lopez,51,Engineering,Associate,San Francisco,105426.42,12943.6,2022-03-30,27,76.1,matthew.lopez@company.com,(645) 838-8777,Active
EMP044666,Stephanie,Brown,Stephanie Brown,54,Marketing,Specialist,Seattle,74444.57,10221.42,2024-07-28,25,56.9,stephanie.brown@company.com,(504) 508-3430,Active
EMP044667,Jessica,Rodriguez,Jessica Rodriguez,56,Marketing,Specialist,New York,113426.34,2558.64,2022-01-18,28,75.1,jessica.rodriguez@company.com,(282) 465-4771,Active
EMP044668,David,Taylor,David Taylor,40,HR,Analyst,Chicago,61833.16,6996.47,2021-03-16,11,64.3,david.taylor@company.com,(878) 536-1717,Active
EMP044669,Emily,Hernandez,Emily Hernandez,56,IT,Coordinator,New York,89494.39,9364.91,2022-02-18,33,73.7,emily.hernandez@company.com,(991) 208-4305,Active
EMP044670,Matthew,Moore,Matthew Moore,35,Marketing,Coordinator,Seattle,62116.25,7163.2,2023-12-02,13,41.6,matthew.moore@company.com,(816) 678-3429,Active
EMP044671,Christopher,Anderson,Christopher Anderson,41,Operations,Specialist,Austin,65771.69,516.22,2020-07-10,17,75.7,christopher.anderson@company.com,(930) 587-5409,Active
EMP044672,Amanda,Anderson,Amanda Anderson,55,Finance,Director,New York,118570.05,6035.58,2023-05-05,27,90.1,amanda.anderson@company.com,(573) 753-7734,Active
EMP044673,Anthony,Jones,Anthony Jones,58,Finance,Lead,Chicago,102342.95,15377.18,2020-02-02,33,76.5,anthony.jones@company.com,(910) 780-7424,Inactive
EMP044674,Sarah,Brown,Sarah Brown,59,IT,Coordinator,San Francisco,117647.93,5772.39,2021-07-21,34,78.0,sarah.brown@company.com,(288) 399-3825,Active
EMP044675,David,Thomas,David Thomas,23,Sales,Lead,Los Angeles,56431.8,6714.95,2020-11-12,0,80.0,david.thomas@company.com,(226) 726-4533,Active
EMP044676,William,Williams,William Williams,61,Sales,Manager,New York,66155.08,4699.49,2022-07-02,34,100.0,william.williams@company.com,(529) 320-7490,Inactive
EMP044677,Nicole,Garcia,Nicole Garcia,59,Legal,Director,Seattle,102360.3,13847.07,2020-03-15,33,64.0,nicole.garcia@company.com,(205) 520-9665,Active
EMP044678,Sarah,Brown,Sarah Brown,63,HR,Manager,San Francisco,72133.73,2610.75,2021-04-13,40,77.2,sarah.brown@company.com,(511) 539-3162,Active
EMP044679,Jessica,Hernandez,Jessica Hernandez,57,Marketing,Manager,Los Angeles,84249.28,14881.68,2022-03-25,30,88.5,jessica.hernandez@company.com,(983) 227-8258,Inactive
EMP044680,Anthony,Jones,Anthony Jones,23,IT,Specialist,San Francisco,82081.91,12669.22,2023-07-19,0,69.1,anthony.jones@company.com,(671) 943-8248,Active
EMP044681,Ashley,Jones,Ashley Jones,26,Legal,Director,Miami,73010.27,12936.51,2023-08-06,0,79.0,ashley.jones@company.com,(586) 570-4699,Active
EMP044682,Jessica,Jones,Jessica Jones,63,Legal,Coordinator,Miami,102927.17,10910.2,2021-05-02,39,93.7,jessica.jones@company.com,(568) 531-6764,Active
EMP044683,John,Davis,John Davis,59,Marketing,Manager,New York,84916.78,12546.72,2021-04-02,33,78.3,john.davis@company.com,(740) 206-3819,Active
EMP044684,Nicole,Martin,Nicole Martin,22,Sales,Associate,New York,66579.65,7760.86,2021-06-27,0,81.7,nicole.martin@company.com,(285) 714-7858,Active
EMP044685,Christopher,Wilson,Christopher Wilson,61,Operations,Specialist,New York,92735.01,9024.44,2020-11-05,36,89.6,christopher.wilson@company.com,(548) 904-2747,Active
EMP044686,John,Thomas,John Thomas,22,Operations,Specialist,Seattle,70961.92,5176.47,2022-11-23,0,46.6,john.thomas@company.com,(922) 484-4355,Active
EMP044687,Lisa,Jones,Lisa Jones,58,Operations,Director,San Francisco,86421.95,3964.35,2021-01-24,32,59.4,lisa.jones@company.com,(803) 592-6793,Active
EMP044688,John,Smith,John Smith,38,Sales,Coordinator,Miami,61221.75,6109.94,2024-12-12,16,98.0,john.smith@company.com,(744) 227-4076,Active
EMP044689,Matthew,Williams,Matthew Williams,38,Marketing,Analyst,Miami,70172.18,9945.56,2023-10-31,14,50.1,matthew.williams@company.com,(510) 915-4928,Active
EMP044690,Stephanie,Williams,Stephanie Williams,60,IT,Director,Seattle,118036.79,14628.52,2021-12-06,36,58.4,stephanie.williams@company.com,(376) 378-3691,Active
EMP044691,John,Martin,John Martin,34,Engineering,Senior Developer,Miami,85139.47,5867.7,2021-01-14,10,60.9,john.martin@company.com,(371) 524-5586,Active
EMP044692,Nicole,Garcia,Nicole Garcia,63,IT,Lead,Austin,130420.19,10938.46,2024-07-23,36,66.1,nicole.garcia@company.com,(689) 502-6680,Active
EMP044693,Melissa,Moore,Melissa Moore,53,Legal,Associate,New York,104066.5,23596.54,2023-03-28,25,75.9,melissa.moore@company.com,(795) 713-7900,Active
EMP044694,Melissa,Anderson,Melissa Anderson,25,HR,Senior Developer,Boston,40406.21,3422.47,2021-10-09,0,71.3,melissa.anderson@company.com,(708) 899-5055,On Leave
EMP044695,Stephanie,Miller,Stephanie Miller,60,Legal,Specialist,Seattle,102074.9,3632.53,2020-04-10,35,97.3,stephanie.miller@company.com,(419) 247-8216,Active
EMP044696,Anthony,Moore,Anthony Moore,39,HR,Senior Developer,New York,73887.28,7551.84,2023-10-29,11,64.7,anthony.moore@company.com,(889) 423-4300,Active
EMP044697,Stephanie,Moore,Stephanie Moore,52,Operations,Coordinator,Los Angeles,71677.17,6489.11,2020-01-30,29,90.5,stephanie.moore@company.com,(610) 718-4516,Active
EMP044698,Robert,Lopez,Robert Lopez,26,Legal,Senior Developer,Los Angeles,77301.2,5940.88,2020-10-21,0,67.0,robert.lopez@company.com,(512) 985-7603,Active
EMP044699,William,Smith,William Smith,40,Finance,Director,New York,73844.96,14762.76,2020-05-07,17,85.1,william.smith@company.com,(899) 974-8309,On Leave
EMP044700,Anthony,Jackson,Anthony Jackson,55,Operations,Associate,Los Angeles,57777.4,6461.99,2021-02-14,33,57.0,anthony.jackson@company.com,(968) 283-6793,Active
EMP044701,Christopher,Garcia,Christopher Garcia,38,Marketing,Specialist,Seattle,76920.46,4926.42,2022-02-02,14,91.5,christopher.garcia@company.com,(894) 621-7756,Inactive
EMP044702,Melissa,Thomas,Melissa Thomas,43,Operations,Analyst,Los Angeles,41723.74,7089.45,2023-12-18,14,77.8,melissa.thomas@company.com,(875) 890-2174,Active
EMP044703,Michael,Moore,Michael Moore,29,HR,Analyst,Chicago,60318.99,3431.18,2023-02-28,7,88.6,michael.moore@company.com,(260) 298-3455,Active
EMP044704,Christopher,Jackson,Christopher Jackson,55,IT,Senior Developer,Los Angeles,107857.86,9109.84,2024-11-09,32,87.1,christopher.jackson@company.com,(234) 477-4403,Inactive
EMP044705,William,Wilson,William Wilson,55,Sales,Manager,Chicago,53302.31,530.4,2024-07-25,29,52.3,william.wilson@company.com,(665) 503-8106,Active
EMP044706,Sarah,Lopez,Sarah Lopez,46,Marketing,Lead,Miami,78917.09,10349.7,2022-09-21,22,73.4,sarah.lopez@company.com,(200) 983-4851,On Leave
EMP044707,William,Martin,William Martin,65,Finance,Associate,Boston,106085.58,15851.17,2022-11-03,36,60.8,william.martin@company.com,(795) 248-5957,Active
EMP044708,Jane,Brown,Jane Brown,27,Engineering,Specialist,Seattle,93547.48,5382.2,2022-08-16,0,66.2,jane.brown@company.com,(248) 231-3292,Active
EMP044709,Emily,Smith,Emily Smith,42,Operations,Director,Los Angeles,68918.78,4032.26,2023-08-04,19,77.3,emily.smith@company.com,(477) 200-6965,Active
EMP044710,Matthew,Martin,Matthew Martin,26,Engineering,Director,Chicago,78854.42,6835.67,2024-03-28,0,76.0,matthew.martin@company.com,(779) 755-6388,Active
EMP044711,Anthony,Moore,Anthony Moore,57,Finance,Manager,Boston,85340.1,6526.72,2021-06-06,29,73.9,anthony.moore@company.com,(457) 990-5983,Active
EMP044712,Jane,Wilson,Jane Wilson,27,Operations,Coordinator,San Francisco,71321.97,5957.6,2024-02-16,5,80.9,jane.wilson@company.com,(211) 391-3857,Active
EMP044713,Daniel,Wilson,Daniel Wilson,65,HR,Director,Miami,91273.33,11830.4,2021-07-07,43,90.5,daniel.wilson@company.com,(836) 335-4476,Active
EMP044714,David,Hernandez,David Hernandez,54,HR,Coordinator,New York,76962.3,2803.99,2021-05-02,26,55.7,david.hernandez@company.com,(538) 774-4020,Active
EMP044715,James,Brown,James Brown,58,Marketing,Lead,New York,69826.04,6886.45,2024-02-20,36,100.0,james.brown@company.com,(482) 490-2660,Active
EMP044716,Amanda,Gonzalez,Amanda Gonzalez,25,Engineering,Senior Developer,Seattle,69469.34,6468.02,2021-09-29,0,64.3,amanda.gonzalez@company.com,(594) 495-4224,Active
EMP044717,Sarah,Taylor,Sarah Taylor,52,Engineering,Senior Developer,San Francisco,123904.23,24457.47,2022-07-31,25,67.9,sarah.taylor@company.com,(665) 727-2490,Active
EMP044718,Lisa,Hernandez,Lisa Hernandez,33,Finance,Associate,Chicago,73419.81,3156.97,2021-06-29,6,100.0,lisa.hernandez@company.com,(925) 325-3989,On Leave
EMP044719,James,Anderson,James Anderson,65,IT,Director,New York,132064.03,19480.39,2023-08-26,42,59.2,james.anderson@company.com,(514) 209-3223,Active
EMP044720,William,Brown,William Brown,51,Legal,Senior Developer,New York,79789.88,1993.62,2021-08-23,23,61.7,william.brown@company.com,(592) 331-8995,Active
EMP044721,Nicole,Smith,Nicole Smith,57,Sales,Lead,Chicago,89193.86,20185.98,2020-07-09,35,81.2,nicole.smith@company.com,(445) 687-8673,Active
EMP044722,Michael,Johnson,Michael Johnson,31,Marketing,Lead,Austin,70698.42,7599.99,2023-02-03,5,95.8,michael.johnson@company.com,(361) 439-5508,Inactive
EMP044723,David,Lopez,David Lopez,23,Finance,Associate,Los Angeles,70946.15,8681.79,2023-05-05,0,62.7,david.lopez@company.com,(909) 671-8974,Active
EMP044724,Sarah,Williams,Sarah Williams,43,Legal,Associate,San Francisco,93359.47,7063.38,2021-06-29,17,61.0,sarah.williams@company.com,(618) 366-8311,Active
EMP044725,Stephanie,Moore,Stephanie Moore,42,Sales,Specialist,Los Angeles,88723.95,15262.41,2020-08-02,18,72.9,stephanie.moore@company.com,(640) 239-4212,Active
EMP044726,Stephanie,Thomas,Stephanie Thomas,43,Legal,Coordinator,Austin,105037.5,15500.47,2022-10-21,15,42.5,stephanie.thomas@company.com,(206) 363-5598,Active
EMP044727,Nicole,Wilson,Nicole Wilson,53,Sales,Director,San Francisco,72090.12,2170.06,2022-10-02,28,76.1,nicole.wilson@company.com,(790) 755-5740,Active
EMP044728,Nicole,Taylor,Nicole Taylor,62,Sales,Lead,Seattle,66180.2,2119.49,2023-02-08,34,77.2,nicole.taylor@company.com,(933) 456-1314,Active
EMP044729,Stephanie,Johnson,Stephanie Johnson,29,Finance,Manager,Austin,97726.35,16244.92,2023-03-20,5,62.1,stephanie.johnson@company.com,(926) 890-2071,Active
EMP044730,William,Davis,William Davis,25,IT,Specialist,Los Angeles,79758.04,3421.6,2024-04-24,1,55.1,william.davis@company.com,(679) 958-1784,Active
EMP044731,James,Miller,James Miller,29,Legal,Coordinator,Seattle,89407.01,9373.93,2023-03-29,3,58.4,james.miller@company.com,(389) 547-6239,Inactive
EMP044732,Nicole,Taylor,Nicole Taylor,24,Engineering,Lead,Austin,60397.97,8794.95,2020-07-10,2,77.3,nicole.taylor@company.com,(309) 629-3203,Active
EMP044733,Stephanie,Jackson,Stephanie Jackson,29,Legal,Analyst,New York,59324.91,10263.26,2020-06-04,7,73.6,stephanie.jackson@company.com,(280) 478-7876,Active
EMP044734,Matthew,Gonzalez,Matthew Gonzalez,60,Legal,Specialist,Boston,106676.76,11556.42,2023-09-06,37,71.0,matthew.gonzalez@company.com,(657) 931-1360,Active
EMP044735,Sarah,Gonzalez,Sarah Gonzalez,33,Sales,Associate,Boston,85376.48,7271.12,2023-07-12,10,71.3,sarah.gonzalez@company.com,(377) 342-3982,Inactive
EMP044736,Amanda,Jones,Amanda Jones,61,HR,Lead,Austin,63415.21,8701.74,2022-01-14,34,87.8,amanda.jones@company.com,(663) 349-4393,Active
EMP044737,James,Anderson,James Anderson,55,Sales,Lead,Chicago,87747.78,7900.11,2024-09-29,31,48.9,james.anderson@company.com,(461) 891-4373,Active
EMP044738,Robert,Martin,Robert Martin,56,Operations,Senior Developer,Los Angeles,81270.34,5228.62,2024-09-17,30,78.2,robert.martin@company.com,(842) 900-6506,Active
EMP044739,William,Taylor,William Taylor,40,IT,Specialist,Miami,83482.92,7487.31,2021-07-10,18,66.6,william.taylor@company.com,(738) 459-3592,Active
EMP044740,Nicole,Jones,Nicole Jones,32,Finance,Analyst,New York,54983.51,2305.45,2024-06-21,8,86.8,nicole.jones@company.com,(987) 876-5032,Active
EMP044741,Anthony,Gonzalez,Anthony Gonzalez,37,Sales,Manager,Los Angeles,68833.12,8005.06,2023-01-25,9,77.3,anthony.gonzalez@company.com,(741) 346-3505,Active
EMP044742,Anthony,Thomas,Anthony Thomas,58,IT,Manager,Seattle,74203.16,10140.76,2023-05-25,32,80.8,anthony.thomas@company.com,(446) 210-8703,Active
EMP044743,Sarah,Miller,Sarah Miller,62,Operations,Senior Developer,Boston,74123.11,8688.57,2021-08-26,38,68.7,sarah.miller@company.com,(685) 287-7982,Active
EMP044744,Jessica,Martinez,Jessica Martinez,50,Operations,Director,New York,61129.35,9573.78,2020-03-02,28,83.5,jessica.martinez@company.com,(553) 774-8293,Active
EMP044745,Christopher,Rodriguez,Christopher Rodriguez,30,Operations,Specialist,New York,34912.6,3621.64,2021-05-26,5,92.2,christopher.rodriguez@company.com,(822) 213-3104,Active
EMP044746,Nicole,Johnson,Nicole Johnson,45,IT,Analyst,Austin,62890.5,5891.47,2021-09-09,16,66.1,nicole.johnson@company.com,(279) 612-6446,Active
EMP044747,John,Martinez,John Martinez,47,IT,Lead,Austin,119735.99,4774.23,2020-01-11,18,73.7,john.martinez@company.com,(886) 994-9009,Active
EMP044748,Matthew,Martinez,Matthew Martinez,59,Operations,Manager,Seattle,70815.22,5947.6,2024-10-10,32,79.0,matthew.martinez@company.com,(689) 409-6215,Active
EMP044749,William,Gonzalez,William Gonzalez,24,Finance,Specialist,New York,76285.69,10171.18,2024-05-01,0,70.1,william.gonzalez@company.com,(575) 344-5202,On Leave
EMP044750,Lisa,Rodriguez,Lisa Rodriguez,61,Operations,Coordinator,Los Angeles,110610.81,9304.55,2024-11-27,38,74.5,lisa.rodriguez@company.com,(565) 298-8364,Active
EMP044751,Emily,Gonzalez,Emily Gonzalez,25,Legal,Lead,Los Angeles,74506.99,1337.01,2021-04-28,0,74.0,emily.gonzalez@company.com,(990) 784-6708,Active
EMP044752,Matthew,Williams,Matthew Williams,37,Engineering,Specialist,New York,149564.99,14574.9,2022-06-02,9,64.6,matthew.williams@company.com,(296) 467-6170,Active
EMP044753,Emily,Williams,Emily Williams,52,Sales,Senior Developer,New York,64773.68,10324.67,2020-10-28,26,92.7,emily.williams@company.com,(262) 310-9338,Active
EMP044754,Stephanie,Rodriguez,Stephanie Rodriguez,50,Legal,Senior Developer,New York,77665.06,4993.72,2023-05-10,21,59.7,stephanie.rodriguez@company.com,(471) 559-3114,Inactive
EMP044755,Nicole,Williams,Nicole Williams,41,Engineering,Associate,San Francisco,106431.09,7891.9,2020-05-09,16,70.1,nicole.williams@company.com,(744) 901-5459,Active
EMP044756,Stephanie,Thomas,Stephanie Thomas,33,Operations,Coordinator,Austin,58533.82,6237.23,2024-02-10,5,83.3,stephanie.thomas@company.com,(229) 256-6857,Active
EMP044757,Matthew,Garcia,Matthew Garcia,58,HR,Lead,Miami,84954.45,10155.36,2024-11-07,30,65.1,matthew.garcia@company.com,(713) 530-7683,Active
EMP044758,William,Jackson,William Jackson,46,Finance,Lead,Austin,102856.53,15908.78,2024-10-11,20,72.0,william.jackson@company.com,(225) 516-6643,Active
EMP044759,Melissa,Williams,Melissa Williams,25,Marketing,Coordinator,New York,51648.99,4901.18,2022-08-01,3,61.7,melissa.williams@company.com,(975) 923-3067,Active
EMP044760,Nicole,Garcia,Nicole Garcia,54,Sales,Analyst,Los Angeles,90367.64,10252.77,2021-03-29,32,79.6,nicole.garcia@company.com,(423) 310-7088,Active
EMP044761,Sarah,Thomas,Sarah Thomas,38,HR,Analyst,Miami,89463.84,5964.03,2022-08-05,10,100.0,sarah.thomas@company.com,(948) 204-7877,Inactive
EMP044762,David,Thomas,David Thomas,60,IT,Coordinator,San Francisco,106619.51,7537.61,2024-11-03,34,84.8,david.thomas@company.com,(742) 392-6023,Active
EMP044763,Nicole,Jones,Nicole Jones,31,Finance,Analyst,Boston,50954.57,4840.75,2021-05-07,9,74.5,nicole.jones@company.com,(725) 539-4047,Active
EMP044764,William,Garcia,William Garcia,34,HR,Coordinator,New York,52637.09,6308.21,2021-05-18,11,93.0,william.garcia@company.com,(374) 312-4886,On Leave
EMP044765,Sarah,Martinez,Sarah Martinez,45,IT,Analyst,Miami,110949.6,16505.36,2021-05-08,18,67.8,sarah.martinez@company.com,(598) 411-3327,Active
EMP044766,David,Jackson,David Jackson,27,Operations,Specialist,Austin,45432.87,3176.34,2020-01-03,5,78.9,david.jackson@company.com,(211) 332-2045,Active
EMP044767,Matthew,Johnson,Matthew Johnson,39,Operations,Analyst,New York,65012.85,4069.91,2021-10-04,11,84.6,matthew.johnson@company.com,(819) 867-9432,Active
EMP044768,Ashley,Jackson,Ashley Jackson,39,Marketing,Coordinator,Miami,60255.87,6069.71,2024-07-21,16,66.0,ashley.jackson@company.com,(863) 795-1965,Active
EMP044769,William,Taylor,William Taylor,55,Finance,Analyst,Los Angeles,99955.01,9281.54,2024-09-07,26,95.8,william.taylor@company.com,(701) 465-9764,Active
EMP044770,Christopher,Davis,Christopher Davis,50,Legal,Senior Developer,Seattle,94873.42,13873.13,2021-12-05,27,92.1,christopher.davis@company.com,(711) 776-2199,Active
EMP044771,Lisa,Garcia,Lisa Garcia,33,Operations,Senior Developer,Chicago,67460.6,5844.83,2024-04-25,4,62.7,lisa.garcia@company.com,(262) 574-2753,Active
EMP044772,Nicole,Martinez,Nicole Martinez,23,Engineering,Senior Developer,San Francisco,90466.91,8990.8,2023-04-17,0,78.9,nicole.martinez@company.com,(917) 206-4819,Active
EMP044773,Jane,Jones,Jane Jones,23,Marketing,Specialist,Miami,82728.9,3420.92,2023-09-06,0,88.0,jane.jones@company.com,(422) 976-8895,Active
EMP044774,Amanda,Smith,Amanda Smith,31,HR,Coordinator,New York,45749.11,6816.63,2024-08-28,7,72.8,amanda.smith@company.com,(913) 859-8087,Inactive
EMP044775,Emily,Wilson,Emily Wilson,58,Legal,Director,New York,78948.89,10401.06,2020-01-12,29,82.0,emily.wilson@company.com,(315) 464-1748,Active
EMP044776,David,Garcia,David Garcia,42,Legal,Specialist,Los Angeles,113855.31,17253.87,2020-12-23,19,80.0,david.garcia@company.com,(687) 347-5592,Active
EMP044777,Sarah,Brown,Sarah Brown,57,Engineering,Director,Chicago,84547.03,11842.34,2023-10-10,31,71.0,sarah.brown@company.com,(431) 946-9368,Active
EMP044778,Nicole,Jackson,Nicole Jackson,29,HR,Analyst,Miami,63379.23,0.0,2021-04-10,0,64.9,nicole.jackson@company.com,(577) 248-5650,Active
EMP044779,John,Smith,John Smith,22,Sales,Senior Developer,Seattle,43741.46,4501.2,2022-11-21,0,85.0,john.smith@company.com,(977) 962-7720,Inactive
EMP044780,David,Jackson,David Jackson,33,Finance,Director,Boston,79383.79,7729.7,2024-09-03,5,84.5,david.jackson@company.com,(243) 602-8622,Active
EMP044781,Matthew,Johnson,Matthew Johnson,57,Engineering,Senior Developer,Boston,141935.06,7198.65,2020-06-22,29,86.2,matthew.johnson@company.com,(875) 605-3423,Active
EMP044782,David,Martin,David Martin,22,Finance,Analyst,San Francisco,93165.56,13405.07,2024-06-09,0,67.9,david.martin@company.com,(577) 470-2887,Active
EMP044783,Michael,Hernandez,Michael Hernandez,47,IT,Lead,New York,105787.2,17173.51,2021-11-19,22,74.4,michael.hernandez@company.com,(343) 684-9279,On Leave
EMP044784,Ashley,Jones,Ashley Jones,36,Sales,Lead,Boston,103491.24,18542.53,2021-04-21,13,100.0,ashley.jones@company.com,(741) 967-8323,Inactive
EMP044785,Robert,Williams,Robert Williams,28,Sales,Senior Developer,New York,49352.07,3010.65,2024-09-04,2,57.7,robert.williams@company.com,(356) 865-6073,Active
EMP044786,Jane,Davis,Jane Davis,24,Engineering,Manager,Seattle,47599.53,7683.36,2021-12-01,2,41.9,jane.davis@company.com,(486) 708-5744,Active
EMP044787,Christopher,Martin,Christopher Martin,62,Legal,Specialist,Boston,95843.52,7978.13,2022-08-31,39,97.5,christopher.martin@company.com,(779) 560-2200,Active
EMP044788,Ashley,Taylor,Ashley Taylor,51,Sales,Specialist,New York,99886.26,7532.33,2023-10-26,24,69.5,ashley.taylor@company.com,(329) 799-8950,Active
EMP044789,Sarah,Hernandez,Sarah Hernandez,46,Marketing,Analyst,Los Angeles,97666.08,10229.58,2020-04-02,19,88.7,sarah.hernandez@company.com,(867) 507-1412,Active
EMP044790,Michael,Thomas,Michael Thomas,23,Finance,Manager,Chicago,51303.57,7335.59,2021-10-01,0,61.3,michael.thomas@company.com,(763) 238-8709,Active
EMP044791,Daniel,Smith,Daniel Smith,29,Finance,Associate,New York,67783.56,1918.75,2023-07-20,3,69.2,daniel.smith@company.com,(493) 237-2985,Active
EMP044792,Emily,Brown,Emily Brown,36,Operations,Analyst,Miami,37084.86,1838.35,2024-01-30,11,66.8,emily.brown@company.com,(935) 835-6656,Active
EMP044793,Nicole,Taylor,Nicole Taylor,48,Engineering,Senior Developer,New York,106101.1,15699.26,2024-12-22,26,68.2,nicole.taylor@company.com,(320) 701-4336,Active
EMP044794,Stephanie,Garcia,Stephanie Garcia,55,Operations,Specialist,San Francisco,80014.05,10642.68,2021-10-07,26,74.1,stephanie.garcia@company.com,(261) 899-1350,Active
EMP044795,James,Martinez,James Martinez,40,Marketing,Lead,New York,67350.09,4645.07,2024-01-03,16,61.6,james.martinez@company.com,(370) 619-8367,Active
EMP044796,Ashley,Jones,Ashley Jones,58,HR,Lead,Boston,79401.05,10779.16,2020-06-07,29,69.7,ashley.jones@company.com,(933) 790-7856,Active
EMP044797,Michael,Davis,Michael Davis,57,Sales,Manager,Los Angeles,126550.51,24505.28,2023-01-12,35,81.0,michael.davis@company.com,(418) 387-5255,Inactive
EMP044798,James,Johnson,James Johnson,58,Legal,Coordinator,Chicago,79438.66,11770.8,2024-05-23,29,54.9,james.johnson@company.com,(235) 562-7460,Active
EMP044799,Christopher,Johnson,Christopher Johnson,60,Operations,Associate,Chicago,71183.85,10817.5,2024-05-20,36,65.1,christopher.johnson@company.com,(620) 220-7969,Active
EMP044800,Daniel,Rodriguez,Daniel Rodriguez,29,Legal,Specialist,Boston,93191.91,11445.94,2020-08-02,4,69.7,daniel.rodriguez@company.com,(922) 718-1332,Active
EMP044801,Ashley,Anderson,Ashley Anderson,40,Sales,Manager,Austin,85060.98,9171.6,2021-07-23,11,78.3,ashley.anderson@company.com,(430) 390-8073,Active
EMP044802,William,Smith,William Smith,64,Finance,Manager,Austin,96008.18,10748.56,2023-02-19,42,73.4,william.smith@company.com,(668) 639-8572,Active
EMP044803,Stephanie,Martinez,Stephanie Martinez,62,IT,Director,Los Angeles,123779.29,25028.0,2021-10-11,38,76.4,stephanie.martinez@company.com,(474) 892-5211,Active
EMP044804,Jane,Martin,Jane Martin,45,Legal,Associate,Seattle,114291.36,15912.78,2021-10-07,16,45.2,jane.martin@company.com,(976) 387-3695,Active
EMP044805,Christopher,Martinez,Christopher Martinez,55,HR,Coordinator,Los Angeles,72609.76,7471.43,2020-04-02,32,82.1,christopher.martinez@company.com,(270) 244-1397,Active
EMP044806,James,Jackson,James Jackson,42,IT,Director,Miami,73388.59,8142.74,2021-10-13,18,76.9,james.jackson@company.com,(384) 634-1790,Active
EMP044807,Amanda,Hernandez,Amanda Hernandez,22,Operations,Analyst,Miami,38707.77,2106.69,2023-05-29,0,48.2,amanda.hernandez@company.com,(662) 252-1330,On Leave
EMP044808,Sarah,Garcia,Sarah Garcia,47,HR,Senior Developer,San Francisco,69760.78,9853.78,2022-03-27,20,74.2,sarah.garcia@company.com,(654) 828-7493,Active
EMP044809,Sarah,Hernandez,Sarah Hernandez,57,Operations,Coordinator,Miami,78926.79,10733.04,2022-06-30,34,89.6,sarah.hernandez@company.com,(223) 914-6764,Active
EMP044810,Anthony,Williams,Anthony Williams,26,Engineering,Director,Boston,56404.09,2581.2,2023-09-21,0,76.3,anthony.williams@company.com,(922) 421-5629,Active
EMP044811,Stephanie,Anderson,Stephanie Anderson,23,Engineering,Senior Developer,Chicago,60299.11,4247.07,2020-12-26,0,95.0,stephanie.anderson@company.com,(603) 769-3289,Active
EMP044812,Melissa,Moore,Melissa Moore,35,Marketing,Director,Seattle,58051.25,8211.58,2020-12-23,10,88.9,melissa.moore@company.com,(201) 234-3865,Active
EMP044813,James,Gonzalez,James Gonzalez,62,Sales,Associate,San Francisco,102375.55,11320.76,2021-10-21,38,100.0,james.gonzalez@company.com,(285) 632-8807,Active
EMP044814,John,Lopez,John Lopez,48,Sales,Senior Developer,San Francisco,73167.18,9635.57,2022-01-24,24,77.6,john.lopez@company.com,(216) 762-2129,Active
EMP044815,Amanda,Martinez,Amanda Martinez,43,Sales,Lead,Los Angeles,92543.61,11129.16,2023-12-03,16,89.0,amanda.martinez@company.com,(288) 683-2108,Active
EMP044816,James,Garcia,James Garcia,50,Legal,Lead,Austin,94590.47,11550.26,2021-02-02,25,93.7,james.garcia@company.com,(226) 357-6122,Active
EMP044817,Stephanie,Davis,Stephanie Davis,35,Finance,Analyst,Austin,80478.02,10393.41,2023-08-13,12,66.2,stephanie.davis@company.com,(606) 627-5139,Active
EMP044818,Christopher,Thomas,Christopher Thomas,63,HR,Director,Los Angeles,75707.61,7199.52,2023-11-06,38,88.8,christopher.thomas@company.com,(219) 289-4411,Active
EMP044819,William,Hernandez,William Hernandez,30,HR,Associate,Austin,63994.73,7227.45,2024-03-28,6,83.7,william.hernandez@company.com,(584) 828-7174,Active
EMP044820,Amanda,Brown,Amanda Brown,57,Operations,Manager,Seattle,56199.74,5447.93,2022-12-31,34,71.4,amanda.brown@company.com,(839) 806-4703,Active
EMP044821,Michael,Hernandez,Michael Hernandez,24,Engineering,Lead,Miami,83926.68,2733.26,2024-01-21,0,81.2,michael.hernandez@company.com,(533) 951-6771,Active
EMP044822,John,Lopez,John Lopez,26,Operations,Lead,Boston,30455.78,2657.92,2023-12-12,3,63.1,john.lopez@company.com,(851) 334-6886,Active
EMP044823,William,Gonzalez,William Gonzalez,37,Sales,Specialist,Chicago,71709.38,14516.91,2021-12-11,14,50.3,william.gonzalez@company.com,(780) 407-8204,Active
EMP044824,Matthew,Taylor,Matthew Taylor,60,Sales,Lead,Los Angeles,61440.9,518.18,2020-01-12,36,79.8,matthew.taylor@company.com,(694) 754-6469,Inactive
EMP044825,Robert,Brown,Robert Brown,64,Marketing,Specialist,Miami,95081.16,15102.53,2021-09-03,35,69.3,robert.brown@company.com,(251) 855-6965,Active
EMP044826,Robert,Miller,Robert Miller,31,Marketing,Director,Seattle,71891.14,12346.38,2022-06-08,7,66.8,robert.miller@company.com,(262) 245-2084,Active
EMP044827,David,Rodriguez,David Rodriguez,61,IT,Manager,Seattle,130028.47,14824.96,2024-11-13,33,51.9,david.rodriguez@company.com,(970) 929-3359,Active
EMP044828,Matthew,Jones,Matthew Jones,23,Sales,Lead,Miami,76474.44,6065.15,2022-08-09,0,87.9,matthew.jones@company.com,(533) 703-7773,Active
EMP044829,Ashley,Miller,Ashley Miller,51,Finance,Senior Developer,Boston,83718.19,7991.13,2021-12-22,22,84.2,ashley.miller@company.com,(564) 695-7303,On Leave
EMP044830,William,Thomas,William Thomas,28,Marketing,Senior Developer,San Francisco,101484.33,12708.42,2020-11-02,3,46.8,william.thomas@company.com,(890) 538-2375,Active
EMP044831,Robert,Lopez,Robert Lopez,35,Finance,Senior Developer,Seattle,37601.85,4457.39,2021-06-07,7,68.2,robert.lopez@company.com,(523) 287-3880,On Leave
EMP044832,Nicole,Gonzalez,Nicole Gonzalez,48,Legal,Lead,Miami,103675.87,19331.19,2021-12-03,22,46.9,nicole.gonzalez@company.com,(243) 468-3543,Active
EMP044833,David,Williams,David Williams,42,Operations,Associate,Los Angeles,60335.15,6598.66,2023-11-13,19,62.4,david.williams@company.com,(874) 513-8254,Active
EMP044834,Jessica,Garcia,Jessica Garcia,31,Legal,Specialist,New York,78614.69,6600.9,2024-07-28,2,72.0,jessica.garcia@company.com,(618) 251-7237,Inactive
EMP044835,Ashley,Garcia,Ashley Garcia,35,Finance,Associate,Miami,84127.82,10034.69,2020-10-25,7,74.5,ashley.garcia@company.com,(271) 211-3771,Active
EMP044836,Ashley,Davis,Ashley Davis,40,Marketing,Associate,Miami,61507.73,2413.81,2021-09-26,17,88.4,ashley.davis@company.com,(956) 670-3277,Active
EMP044837,Melissa,Anderson,Melissa Anderson,41,Marketing,Coordinator,Los Angeles,70710.59,10426.53,2024-10-18,15,69.1,melissa.anderson@company.com,(326) 201-8815,Active
EMP044838,Amanda,Smith,Amanda Smith,22,Legal,Analyst,Seattle,117075.51,15598.08,2020-03-09,0,89.8,amanda.smith@company.com,(819) 312-2018,Active
EMP044839,Jane,Gonzalez,Jane Gonzalez,55,Sales,Associate,Miami,71609.82,11198.18,2021-08-11,27,60.9,jane.gonzalez@company.com,(260) 305-5425,Active
EMP044840,William,Lopez,William Lopez,26,HR,Senior Developer,Boston,37838.16,5236.43,2022-06-29,4,64.8,william.lopez@company.com,(356) 236-6138,Active
EMP044841,Nicole,Brown,Nicole Brown,64,Marketing,Coordinator,Miami,100410.01,1272.27,2021-08-31,38,74.7,nicole.brown@company.com,(999) 691-9317,On Leave
EMP044842,Nicole,Anderson,Nicole Anderson,38,Finance,Associate,Boston,82152.18,6973.78,2021-01-04,15,61.8,nicole.anderson@company.com,(588) 469-8570,Active
EMP044843,Nicole,Gonzalez,Nicole Gonzalez,39,Marketing,Lead,Austin,88298.04,13294.97,2020-06-17,17,67.8,nicole.gonzalez@company.com,(611) 244-1338,Active
EMP044844,Jane,Taylor,Jane Taylor,55,HR,Senior Developer,Seattle,66843.21,1336.08,2021-11-06,31,79.4,jane.taylor@company.com,(852) 445-7883,Active
EMP044845,Matthew,Lopez,Matthew Lopez,37,HR,Coordinator,Los Angeles,74744.32,9167.43,2021-08-28,14,100.0,matthew.lopez@company.com,(797) 572-5104,Active
EMP044846,James,Johnson,James Johnson,44,Legal,Director,Boston,91278.22,15910.58,2023-01-17,22,67.0,james.johnson@company.com,(608) 649-5443,Active
EMP044847,Jane,Martin,Jane Martin,37,Sales,Manager,Seattle,63661.08,1489.96,2020-04-08,11,71.0,jane.martin@company.com,(571) 287-7705,Active
EMP044848,David,Rodriguez,David Rodriguez,39,IT,Director,New York,114068.47,13085.91,2024-09-19,15,81.1,david.rodriguez@company.com,(748) 868-9646,Active
EMP044849,Daniel,Gonzalez,Daniel Gonzalez,42,Finance,Coordinator,New York,87520.44,7815.83,2022-05-14,16,94.7,daniel.gonzalez@company.com,(330) 596-3347,On Leave
EMP044850,Sarah,Hernandez,Sarah Hernandez,46,Legal,Manager,Miami,56646.92,1382.39,2021-08-22,23,100.0,sarah.hernandez@company.com,(650) 860-5029,Inactive
EMP044851,Christopher,Moore,Christopher Moore,22,Engineering,Lead,Seattle,87808.24,18322.74,2024-04-28,0,49.9,christopher.moore@company.com,(445) 408-6983,Active
EMP044852,David,Lopez,David Lopez,51,Legal,Specialist,Seattle,128207.49,16540.04,2020-06-17,26,65.0,david.lopez@company.com,(494) 525-2664,Active
EMP044853,Melissa,Brown,Melissa Brown,45,Marketing,Manager,San Francisco,65227.56,9029.38,2021-08-23,21,79.4,melissa.brown@company.com,(882) 381-5356,Active
EMP044854,Anthony,Moore,Anthony Moore,26,Legal,Lead,New York,87471.78,10509.25,2024-02-12,0,72.5,anthony.moore@company.com,(411) 677-9374,Active
EMP044855,Jane,Hernandez,Jane Hernandez,37,Operations,Specialist,Boston,65206.02,3446.24,2022-11-16,14,67.3,jane.hernandez@company.com,(410) 875-3064,Active
EMP044856,Nicole,Gonzalez,Nicole Gonzalez,43,Operations,Analyst,Boston,38676.84,4591.55,2021-03-27,17,84.6,nicole.gonzalez@company.com,(219) 525-3996,Active
EMP044857,Matthew,Lopez,Matthew Lopez,43,Engineering,Director,New York,111866.28,15454.59,2023-08-01,14,90.4,matthew.lopez@company.com,(387) 755-6485,Active
EMP044858,David,Jackson,David Jackson,33,Sales,Coordinator,Austin,56852.73,7450.24,2021-12-11,6,97.6,david.jackson@company.com,(794) 831-8545,Active
EMP044859,Jane,Wilson,Jane Wilson,34,Sales,Lead,Austin,65965.99,3297.72,2020-08-26,11,81.3,jane.wilson@company.com,(929) 330-6138,Active
EMP044860,Jessica,Martinez,Jessica Martinez,53,Sales,Specialist,New York,62666.63,5939.8,2022-08-26,30,73.3,jessica.martinez@company.com,(845) 524-3161,Active
EMP044861,Robert,Jackson,Robert Jackson,40,Finance,Senior Developer,Chicago,73779.26,6742.4,2024-05-17,12,86.7,robert.jackson@company.com,(616) 926-7710,Active
EMP044862,David,Wilson,David Wilson,38,Marketing,Coordinator,New York,76305.09,11673.4,2023-08-10,11,98.4,david.wilson@company.com,(217) 573-4561,Active
EMP044863,Christopher,Gonzalez,Christopher Gonzalez,38,Legal,Analyst,Los Angeles,118356.71,21492.76,2024-03-13,10,33.2,christopher.gonzalez@company.com,(239) 825-7870,Active
EMP044864,David,Johnson,David Johnson,40,Engineering,Lead,Seattle,105168.76,8848.77,2023-05-25,15,78.4,david.johnson@company.com,(426) 546-2419,Active
EMP044865,Jessica,Davis,Jessica Davis,57,Engineering,Analyst,Boston,95399.0,14056.89,2021-10-10,35,78.6,jessica.davis@company.com,(243) 246-4293,Active
EMP044866,David,Miller,David Miller,38,Operations,Associate,New York,52154.2,3068.02,2023-07-13,13,81.6,david.miller@company.com,(240) 704-1264,On Leave
EMP044867,Lisa,Hernandez,Lisa Hernandez,22,Finance,Lead,Miami,68232.53,9264.68,2021-01-10,0,73.5,lisa.hernandez@company.com,(496) 388-5770,Active
EMP044868,Melissa,Moore,Melissa Moore,57,Sales,Senior Developer,New York,94893.08,10003.32,2020-06-11,33,77.7,melissa.moore@company.com,(753) 319-3432,Active
EMP044869,John,Wilson,John Wilson,62,Finance,Director,Seattle,110287.57,5020.93,2023-06-14,40,90.6,john.wilson@company.com,(784) 617-1985,Active
EMP044870,David,Brown,David Brown,42,Marketing,Analyst,Boston,63084.39,11351.76,2021-02-05,15,83.4,david.brown@company.com,(817) 564-3852,Active
EMP044871,Melissa,Gonzalez,Melissa Gonzalez,27,Legal,Specialist,San Francisco,85013.51,14132.32,2024-12-31,0,81.3,melissa.gonzalez@company.com,(500) 482-2125,Inactive
EMP044872,Matthew,Lopez,Matthew Lopez,26,Sales,Associate,Chicago,67129.58,3036.9,2024-12-23,0,47.5,matthew.lopez@company.com,(959) 554-7306,Active
EMP044873,Ashley,Wilson,Ashley Wilson,48,Marketing,Manager,Los Angeles,91558.77,3215.52,2022-10-23,20,100.0,ashley.wilson@company.com,(455) 276-2160,Active
EMP044874,Emily,Jackson,Emily Jackson,30,Finance,Lead,Miami,58570.02,2867.0,2023-04-21,4,78.4,emily.jackson@company.com,(259) 802-4503,Active
EMP044875,Ashley,Williams,Ashley Williams,29,Finance,Associate,New York,38689.23,6953.21,2020-02-07,1,73.5,ashley.williams@company.com,(927) 993-9553,On Leave
EMP044876,Emily,Martinez,Emily Martinez,62,HR,Analyst,Boston,99853.32,14804.55,2023-05-03,37,68.3,emily.martinez@company.com,(834) 301-5622,Active
EMP044877,Emily,Wilson,Emily Wilson,25,Sales,Associate,Boston,89075.99,1840.31,2020-07-22,0,78.6,emily.wilson@company.com,(226) 784-1876,Active
EMP044878,William,Martin,William Martin,38,Finance,Analyst,New York,74951.47,7048.57,2021-03-26,13,81.4,william.martin@company.com,(814) 205-9514,Active
EMP044879,Robert,Wilson,Robert Wilson,42,Marketing,Manager,Los Angeles,84649.39,11652.23,2023-10-30,17,43.8,robert.wilson@company.com,(345) 625-7491,Active
EMP044880,David,Hernandez,David Hernandez,29,Engineering,Analyst,Los Angeles,92874.49,10180.01,2023-10-13,1,82.9,david.hernandez@company.com,(945) 702-2479,Active
EMP044881,Stephanie,Anderson,Stephanie Anderson,46,Marketing,Specialist,Los Angeles,99813.34,7660.14,2021-12-14,20,78.9,stephanie.anderson@company.com,(690) 734-5823,Active
EMP044882,Sarah,Wilson,Sarah Wilson,60,Sales,Associate,New York,87624.59,4976.99,2023-10-01,32,75.1,sarah.wilson@company.com,(423) 927-2856,Active
EMP044883,Matthew,Taylor,Matthew Taylor,38,HR,Specialist,Boston,93754.72,8819.31,2021-10-28,16,74.7,matthew.taylor@company.com,(306) 234-9769,Active
EMP044884,Jessica,Williams,Jessica Williams,65,Marketing,Associate,Boston,104867.42,13193.69,2020-07-11,38,59.3,jessica.williams@company.com,(898) 621-9700,Active
EMP044885,Michael,Smith,Michael Smith,33,Operations,Director,San Francisco,50292.71,0.0,2020-11-14,11,90.6,michael.smith@company.com,(215) 336-7185,Active
EMP044886,Sarah,Hernandez,Sarah Hernandez,22,Engineering,Lead,San Francisco,59485.11,3167.14,2021-01-11,0,76.3,sarah.hernandez@company.com,(326) 535-8675,Active
EMP044887,Michael,Brown,Michael Brown,44,HR,Director,San Francisco,74557.37,7366.36,2020-07-21,19,76.8,michael.brown@company.com,(457) 779-9297,Active
EMP044888,Christopher,Wilson,Christopher Wilson,35,HR,Analyst,Boston,62429.08,8756.1,2023-01-17,10,85.7,christopher.wilson@company.com,(489) 559-9193,Active
EMP044889,William,Garcia,William Garcia,35,Legal,Specialist,New York,68300.29,4096.16,2022-04-07,6,71.3,william.garcia@company.com,(563) 715-2042,On Leave
EMP044890,Lisa,Rodriguez,Lisa Rodriguez,52,Sales,Director,Chicago,71113.7,613.31,2021-02-08,25,91.5,lisa.rodriguez@company.com,(521) 998-9684,Active
EMP044891,William,Anderson,William Anderson,63,Legal,Senior Developer,Miami,101693.32,4998.92,2021-08-22,37,76.4,william.anderson@company.com,(625) 528-8233,Active
EMP044892,David,Brown,David Brown,31,Operations,Specialist,Seattle,68342.8,8143.68,2020-08-15,6,56.2,david.brown@company.com,(920) 420-4300,Active
EMP044893,Jane,Jones,Jane Jones,43,Sales,Associate,Chicago,81728.2,3083.2,2023-09-24,21,67.7,jane.jones@company.com,(358) 505-3006,Active
EMP044894,Emily,Hernandez,Emily Hernandez,60,Marketing,Senior Developer,Seattle,102293.34,13812.13,2020-10-28,38,80.8,emily.hernandez@company.com,(617) 998-6684,Active
EMP044895,James,Anderson,James Anderson,58,Sales,Senior Developer,Los Angeles,89070.28,6684.91,2024-05-21,33,75.5,james.anderson@company.com,(304) 597-1614,Active
EMP044896,Nicole,Gonzalez,Nicole Gonzalez,60,Engineering,Coordinator,San Francisco,109134.2,14582.51,2023-12-21,31,53.5,nicole.gonzalez@company.com,(785) 491-9173,Active
EMP044897,Anthony,Martinez,Anthony Martinez,60,Engineering,Coordinator,Austin,111782.16,22305.78,2020-05-19,38,84.8,anthony.martinez@company.com,(323) 372-8460,Active
EMP044898,Christopher,Taylor,Christopher Taylor,29,Marketing,Coordinator,Austin,67569.96,4666.87,2023-03-03,3,58.3,christopher.taylor@company.com,(434) 549-9693,Active
EMP044899,Christopher,Wilson,Christopher Wilson,38,Legal,Director,Chicago,86415.1,2218.77,2021-06-10,13,74.6,christopher.wilson@company.com,(705) 416-6412,Active
EMP044900,Nicole,Brown,Nicole Brown,25,Engineering,Coordinator,Seattle,73262.69,3457.08,2024-12-27,0,54.5,nicole.brown@company.com,(446) 499-5576,Active
EMP044901,Amanda,Davis,Amanda Davis,61,IT,Analyst,Boston,118417.25,7060.41,2021-10-19,39,75.6,amanda.davis@company.com,(306) 314-2321,Active
EMP044902,Ashley,Davis,Ashley Davis,63,HR,Manager,New York,70792.23,4046.93,2022-11-09,37,87.9,ashley.davis@company.com,(933) 687-6610,Active
EMP044903,Jessica,Martinez,Jessica Martinez,43,Engineering,Lead,Miami,103406.48,6440.51,2024-06-09,16,82.0,jessica.martinez@company.com,(613) 821-2744,Active
EMP044904,Jessica,Anderson,Jessica Anderson,30,Engineering,Lead,San Francisco,61306.77,9293.37,2023-12-02,7,83.5,jessica.anderson@company.com,(417) 434-7305,On Leave
EMP044905,Christopher,Hernandez,Christopher Hernandez,47,Operations,Specialist,Los Angeles,76269.0,10828.69,2020-07-10,24,78.7,christopher.hernandez@company.com,(366) 969-6200,Active
EMP044906,Anthony,Gonzalez,Anthony Gonzalez,59,Finance,Associate,Seattle,107294.65,14910.36,2022-05-13,33,78.9,anthony.gonzalez@company.com,(275) 391-5789,Active
EMP044907,Christopher,Davis,Christopher Davis,39,IT,Senior Developer,New York,48752.43,4984.0,2021-04-13,11,67.2,christopher.davis@company.com,(338) 822-7970,Active
EMP044908,Melissa,Jones,Melissa Jones,30,Engineering,Manager,Chicago,84758.06,12890.95,2024-09-03,5,59.8,melissa.jones@company.com,(636) 344-8254,Active
EMP044909,David,Johnson,David Johnson,38,Operations,Specialist,Seattle,50119.12,5900.05,2020-03-16,11,39.0,david.johnson@company.com,(893) 436-6564,Active
EMP044910,David,Smith,David Smith,36,Engineering,Lead,New York,150654.19,18835.62,2023-12-20,8,72.2,david.smith@company.com,(388) 872-6673,On Leave
EMP044911,Melissa,Smith,Melissa Smith,50,Operations,Manager,Seattle,78518.06,4563.5,2021-08-31,26,100.0,melissa.smith@company.com,(929) 905-5484,Active
EMP044912,Emily,Rodriguez,Emily Rodriguez,22,Sales,Specialist,Chicago,48565.57,4743.14,2024-12-27,0,76.9,emily.rodriguez@company.com,(900) 233-5486,Active
EMP044913,Emily,Anderson,Emily Anderson,62,Operations,Lead,Seattle,63656.58,6345.52,2024-01-13,35,68.9,emily.anderson@company.com,(689) 460-6856,Active
EMP044914,Michael,Moore,Michael Moore,54,Engineering,Specialist,Seattle,126972.77,18455.38,2023-08-28,25,100.0,michael.moore@company.com,(216) 801-8571,Active
EMP044915,John,Lopez,John Lopez,47,IT,Director,Chicago,90465.93,2026.36,2023-12-26,19,54.6,john.lopez@company.com,(980) 616-2518,Active
EMP044916,Matthew,Garcia,Matthew Garcia,47,Marketing,Lead,Boston,76019.28,4086.82,2022-12-15,18,96.1,matthew.garcia@company.com,(382) 843-5787,Active
EMP044917,Anthony,Gonzalez,Anthony Gonzalez,32,Operations,Director,Los Angeles,69170.58,355.63,2024-09-08,10,93.8,anthony.gonzalez@company.com,(476) 666-4839,Active
EMP044918,Stephanie,Miller,Stephanie Miller,39,Marketing,Associate,New York,90581.69,9663.13,2022-07-09,10,89.9,stephanie.miller@company.com,(657) 445-3830,Active
EMP044919,James,Gonzalez,James Gonzalez,61,IT,Associate,Miami,138368.42,25709.89,2023-11-20,38,100.0,james.gonzalez@company.com,(806) 798-3406,Active
EMP044920,Matthew,Garcia,Matthew Garcia,29,Sales,Manager,Boston,66610.59,1207.45,2021-11-24,0,77.1,matthew.garcia@company.com,(578) 986-4589,Active
EMP044921,John,Moore,John Moore,39,Operations,Senior Developer,Miami,46479.89,8910.16,2021-04-25,14,77.7,john.moore@company.com,(662) 521-3003,Active
EMP044922,Stephanie,Martin,Stephanie Martin,36,Marketing,Lead,San Francisco,62037.43,8216.22,2023-02-11,14,100.0,stephanie.martin@company.com,(521) 568-2901,Inactive
EMP044923,Sarah,Brown,Sarah Brown,51,Operations,Specialist,Seattle,68049.21,9107.64,2022-08-30,22,76.8,sarah.brown@company.com,(315) 947-1281,On Leave
EMP044924,Michael,Johnson,Michael Johnson,48,Sales,Analyst,Chicago,78085.89,10218.71,2023-07-30,21,87.3,michael.johnson@company.com,(474) 612-2852,Active
EMP044925,John,Martinez,John Martinez,37,Sales,Specialist,New York,95655.27,5865.01,2023-04-25,11,74.8,john.martinez@company.com,(728) 405-3608,Active
EMP044926,David,Johnson,David Johnson,32,Marketing,Specialist,Austin,62958.73,0.0,2021-07-04,6,61.2,david.johnson@company.com,(612) 512-8958,Active
EMP044927,Nicole,Moore,Nicole Moore,22,Sales,Coordinator,New York,55211.57,12538.11,2024-08-20,0,70.5,nicole.moore@company.com,(673) 586-7010,Active
EMP044928,John,Brown,John Brown,36,Marketing,Specialist,Austin,62034.01,8390.25,2023-02-02,12,48.5,john.brown@company.com,(669) 389-4282,Active
EMP044929,Melissa,Jackson,Melissa Jackson,62,Legal,Manager,Austin,106574.4,4202.16,2022-05-07,38,97.6,melissa.jackson@company.com,(856) 439-3344,Active
EMP044930,Jane,Martin,Jane Martin,31,Sales,Senior Developer,Seattle,59243.41,5434.34,2020-01-29,8,56.1,jane.martin@company.com,(811) 434-8644,Active
EMP044931,Christopher,Anderson,Christopher Anderson,27,Sales,Coordinator,New York,35106.6,2546.1,2022-07-30,5,58.3,christopher.anderson@company.com,(649) 960-5565,Inactive
EMP044932,Melissa,Rodriguez,Melissa Rodriguez,25,Engineering,Specialist,Seattle,81048.22,7243.8,2022-04-24,1,86.2,melissa.rodriguez@company.com,(528) 406-5344,Active
EMP044933,Jessica,Williams,Jessica Williams,26,Operations,Analyst,Boston,56874.31,3720.53,2024-08-24,0,59.6,jessica.williams@company.com,(704) 966-6945,On Leave
EMP044934,Jane,Jones,Jane Jones,58,Sales,Specialist,Seattle,85152.52,17366.0,2022-07-06,31,84.3,jane.jones@company.com,(879) 256-4723,Active
EMP044935,Ashley,Lopez,Ashley Lopez,30,Operations,Senior Developer,Austin,46274.71,5448.89,2021-05-16,3,31.2,ashley.lopez@company.com,(958) 411-2261,Active
EMP044936,Jane,Davis,Jane Davis,29,IT,Analyst,Los Angeles,63844.19,7183.5,2022-08-06,4,89.7,jane.davis@company.com,(704) 926-1504,Active
EMP044937,Stephanie,Miller,Stephanie Miller,51,Operations,Manager,Seattle,76366.28,5918.1,2023-04-28,28,62.9,stephanie.miller@company.com,(208) 835-1198,Active
EMP044938,Anthony,Brown,Anthony Brown,54,Engineering,Lead,Chicago,96847.71,6095.9,2024-02-22,26,78.9,anthony.brown@company.com,(828) 261-6399,Active
EMP044939,Sarah,Wilson,Sarah Wilson,63,HR,Manager,San Francisco,77673.71,7414.53,2021-04-05,36,74.9,sarah.wilson@company.com,(323) 536-8488,Active
EMP044940,Robert,Martinez,Robert Martinez,39,Engineering,Coordinator,San Francisco,80867.49,10095.39,2022-05-02,12,81.0,robert.martinez@company.com,(566) 922-7274,Active
EMP044941,Robert,Garcia,Robert Garcia,51,Legal,Coordinator,Boston,102794.66,17466.99,2020-07-29,27,63.4,robert.garcia@company.com,(604) 930-3128,Active
EMP044942,Anthony,Taylor,Anthony Taylor,32,IT,Associate,Seattle,97012.27,0.0,2022-09-15,4,67.6,anthony.taylor@company.com,(389) 437-8230,Active
EMP044943,John,Jones,John Jones,51,Legal,Manager,Austin,100872.62,15235.45,2024-11-17,25,68.9,john.jones@company.com,(834) 428-9701,Active
EMP044944,Anthony,Brown,Anthony Brown,28,Engineering,Coordinator,Chicago,91357.82,10781.93,2023-01-04,0,81.7,anthony.brown@company.com,(379) 352-8123,Active
EMP044945,John,Gonzalez,John Gonzalez,60,Marketing,Lead,Seattle,98354.71,7564.89,2021-06-15,36,86.5,john.gonzalez@company.com,(802) 247-7830,Active
EMP044946,Jane,Smith,Jane Smith,63,Marketing,Senior Developer,New York,74455.12,2609.4,2023-11-30,38,100.0,jane.smith@company.com,(650) 991-7206,Inactive
EMP044947,Jessica,Williams,Jessica Williams,49,Marketing,Manager,New York,104413.02,11036.38,2021-04-30,23,85.6,jessica.williams@company.com,(272) 644-6878,Active
EMP044948,Jane,Gonzalez,Jane Gonzalez,55,Marketing,Manager,Boston,65510.53,6462.98,2021-11-27,33,79.3,jane.gonzalez@company.com,(211) 716-6687,Active
EMP044949,Amanda,Miller,Amanda Miller,22,Legal,Director,Seattle,60423.54,4500.15,2024-04-18,0,78.4,amanda.miller@company.com,(475) 874-4390,Active
EMP044950,Melissa,Williams,Melissa Williams,40,Legal,Specialist,New York,109108.18,12589.89,2024-07-19,14,55.2,melissa.williams@company.com,(706) 658-4919,Active
EMP044951,Robert,Moore,Robert Moore,26,Operations,Senior Developer,Seattle,69214.79,2068.92,2022-12-04,0,45.6,robert.moore@company.com,(222) 682-1789,Inactive
EMP044952,Michael,Wilson,Michael Wilson,33,HR,Associate,Boston,92326.36,5824.75,2024-06-27,7,96.4,michael.wilson@company.com,(759) 625-3157,Inactive
EMP044953,Amanda,Gonzalez,Amanda Gonzalez,42,Legal,Specialist,Los Angeles,68230.96,291.43,2021-04-18,14,59.2,amanda.gonzalez@company.com,(464) 476-6322,Active
EMP044954,James,Smith,James Smith,38,Legal,Specialist,Los Angeles,87762.84,12562.26,2024-12-11,12,79.3,james.smith@company.com,(503) 399-5172,Active
EMP044955,Michael,Rodriguez,Michael Rodriguez,61,Sales,Senior Developer,Los Angeles,82192.68,9959.97,2021-02-12,39,75.0,michael.rodriguez@company.com,(781) 262-4573,Active
EMP044956,Christopher,Williams,Christopher Williams,42,Operations,Director,San Francisco,74190.33,7565.09,2021-06-09,16,96.3,christopher.williams@company.com,(564) 900-2753,Inactive
EMP044957,Christopher,Wilson,Christopher Wilson,50,Finance,Lead,San Francisco,103439.32,848.72,2021-06-11,27,85.0,christopher.wilson@company.com,(910) 899-3956,Active
EMP044958,Emily,Wilson,Emily Wilson,64,Legal,Lead,Austin,119437.29,18803.42,2024-11-06,36,100.0,emily.wilson@company.com,(701) 939-8495,Active
EMP044959,Amanda,Moore,Amanda Moore,45,Operations,Coordinator,San Francisco,63955.09,9499.99,2022-06-27,17,85.5,amanda.moore@company.com,(850) 338-6807,Active
EMP044960,Matthew,Lopez,Matthew Lopez,46,HR,Associate,San Francisco,67300.66,6152.1,2021-02-23,21,75.6,matthew.lopez@company.com,(769) 239-3957,On Leave
EMP044961,Ashley,Jackson,Ashley Jackson,37,Operations,Senior Developer,Miami,50316.21,6109.16,2021-04-27,13,54.0,ashley.jackson@company.com,(548) 565-6015,Active
EMP044962,Lisa,Smith,Lisa Smith,22,Operations,Coordinator,Seattle,60086.16,1726.5,2021-12-30,0,51.8,lisa.smith@company.com,(945) 874-5666,Active
EMP044963,William,Rodriguez,William Rodriguez,30,Engineering,Analyst,New York,48027.48,2842.8,2023-11-16,6,75.1,william.rodriguez@company.com,(332) 610-5686,Inactive
EMP044964,Sarah,Moore,Sarah Moore,26,Finance,Director,New York,45004.96,4718.77,2023-03-10,3,87.6,sarah.moore@company.com,(667) 735-6937,On Leave
EMP044965,Sarah,Davis,Sarah Davis,54,Marketing,Associate,Chicago,68401.7,10439.26,2023-02-08,26,89.3,sarah.davis@company.com,(254) 810-8831,Active
EMP044966,David,Gonzalez,David Gonzalez,41,Engineering,Specialist,New York,70302.49,11776.46,2020-05-05,14,54.5,david.gonzalez@company.com,(541) 564-9370,Inactive
EMP044967,Anthony,Anderson,Anthony Anderson,64,Marketing,Senior Developer,San Francisco,105947.66,8204.73,2021-02-08,35,75.9,anthony.anderson@company.com,(253) 331-7683,Active
EMP044968,Anthony,Thomas,Anthony Thomas,41,HR,Lead,Austin,44534.31,4510.82,2022-02-28,18,66.2,anthony.thomas@company.com,(676) 997-3051,Inactive
EMP044969,David,Martin,David Martin,65,Finance,Senior Developer,San Francisco,100429.87,19189.85,2023-02-16,41,83.3,david.martin@company.com,(206) 890-3280,On Leave
EMP044970,Melissa,Garcia,Melissa Garcia,57,Operations,Senior Developer,Boston,59900.76,6521.54,2024-03-03,32,70.5,melissa.garcia@company.com,(239) 901-2948,Active
EMP044971,James,Rodriguez,James Rodriguez,50,Finance,Manager,New York,100055.61,15318.56,2024-05-28,27,57.2,james.rodriguez@company.com,(794) 797-3042,Active
EMP044972,Lisa,Jackson,Lisa Jackson,55,Finance,Director,Chicago,104477.82,16716.71,2021-06-13,32,80.1,lisa.jackson@company.com,(707) 238-1427,Active
EMP044973,John,Davis,John Davis,45,Finance,Senior Developer,Chicago,81661.04,10084.84,2022-08-13,23,76.4,john.davis@company.com,(461) 245-9312,On Leave
EMP044974,Michael,Taylor,Michael Taylor,51,Legal,Manager,Seattle,109063.63,13757.01,2021-10-30,28,72.2,michael.taylor@company.com,(703) 938-3017,Inactive
EMP044975,Melissa,Anderson,Melissa Anderson,44,Marketing,Associate,Boston,79025.92,0.0,2022-01-28,18,77.3,melissa.anderson@company.com,(573) 845-2855,Active
EMP044976,Matthew,Martin,Matthew Martin,35,Operations,Senior Developer,Chicago,45083.65,7481.37,2021-07-08,9,68.8,matthew.martin@company.com,(231) 319-9298,Active
EMP044977,Christopher,Gonzalez,Christopher Gonzalez,58,Legal,Analyst,Austin,130627.68,16638.7,2024-02-07,35,67.5,christopher.gonzalez@company.com,(514) 447-4690,Active
EMP044978,David,Anderson,David Anderson,61,Finance,Analyst,San Francisco,110995.57,19335.96,2024-05-12,39,58.4,david.anderson@company.com,(735) 345-9458,Active
EMP044979,Sarah,Brown,Sarah Brown,56,Operations,Coordinator,Austin,82374.74,12369.87,2020-05-09,28,58.7,sarah.brown@company.com,(268) 836-4411,Active
EMP044980,Anthony,Taylor,Anthony Taylor,23,Finance,Specialist,Boston,67673.01,6339.05,2022-10-11,0,73.3,anthony.taylor@company.com,(656) 200-1548,Active
EMP044981,Ashley,Gonzalez,Ashley Gonzalez,43,Sales,Director,New York,45942.81,4836.58,2021-09-22,20,92.6,ashley.gonzalez@company.com,(240) 516-1156,Active
EMP044982,Anthony,Miller,Anthony Miller,23,IT,Manager,Miami,78376.32,10807.91,2021-11-21,0,55.5,anthony.miller@company.com,(476) 373-9278,Active
EMP044983,Michael,Gonzalez,Michael Gonzalez,28,Legal,Coordinator,New York,52094.82,4873.87,2021-01-28,4,73.0,michael.gonzalez@company.com,(678) 865-2333,Inactive
EMP044984,Sarah,Moore,Sarah Moore,24,Operations,Specialist,Seattle,55308.45,6363.79,2021-09-20,0,76.4,sarah.moore@company.com,(597) 824-4614,Active
EMP044985,Jane,Miller,Jane Miller,61,Operations,Associate,San Francisco,59016.14,3858.11,2020-07-30,35,96.8,jane.miller@company.com,(959) 945-1804,Active
EMP044986,Stephanie,Smith,Stephanie Smith,64,Legal,Director,Seattle,119487.28,22068.48,2021-03-17,36,85.1,stephanie.smith@company.com,(274) 906-6227,Inactive
EMP044987,Lisa,Brown,Lisa Brown,33,Engineering,Analyst,San Francisco,120213.45,13508.89,2024-02-06,8,73.6,lisa.brown@company.com,(218) 497-6632,Active
EMP044988,Stephanie,Davis,Stephanie Davis,50,Legal,Coordinator,Chicago,135549.23,12866.92,2020-07-26,21,86.5,stephanie.davis@company.com,(411) 821-8198,Active
EMP044989,John,Garcia,John Garcia,40,Engineering,Specialist,Seattle,83482.22,2293.05,2021-11-19,12,62.2,john.garcia@company.com,(417) 835-3702,Active
EMP044990,James,Martin,James Martin,51,Finance,Analyst,Boston,77370.13,5201.15,2024-08-01,24,53.1,james.martin@company.com,(970) 517-9171,Active
EMP044991,Daniel,Gonzalez,Daniel Gonzalez,38,Finance,Manager,Seattle,82054.19,11540.68,2024-01-31,9,88.0,daniel.gonzalez@company.com,(440) 846-6879,Active
EMP044992,James,Taylor,James Taylor,26,Marketing,Coordinator,Chicago,49059.41,3217.79,2021-11-01,0,70.0,james.taylor@company.com,(323) 717-2007,Active
EMP044993,David,Jackson,David Jackson,27,Engineering,Analyst,Austin,92527.88,13925.04,2023-06-11,2,76.2,david.jackson@company.com,(468) 599-2244,Active
EMP044994,Jessica,Davis,Jessica Davis,32,Sales,Lead,Austin,53739.88,4184.58,2020-04-05,8,99.2,jessica.davis@company.com,(830) 773-2449,Active
EMP044995,James,Smith,James Smith,27,Finance,Associate,Miami,90823.87,3815.25,2020-04-20,0,71.9,james.smith@company.com,(414) 552-1788,Active
EMP044996,Robert,Martin,Robert Martin,34,Sales,Analyst,New York,58969.05,6530.83,2022-12-30,12,81.4,robert.martin@company.com,(817) 581-3913,Active
EMP044997,Michael,Johnson,Michael Johnson,39,HR,Manager,Los Angeles,67124.48,5364.18,2021-11-11,16,44.8,michael.johnson@company.com,(719) 739-4473,Active
EMP044998,Robert,Martin,Robert Martin,36,Sales,Associate,Los Angeles,78461.15,7685.02,2023-08-10,11,88.0,robert.martin@company.com,(959) 870-8240,Inactive
EMP044999,Robert,Lopez,Robert Lopez,49,Legal,Director,Chicago,116878.07,17727.58,2021-01-10,21,73.1,robert.lopez@company.com,(494) 383-5645,Active
EMP045000,Emily,Moore,Emily Moore,65,HR,Lead,Chicago,78704.45,0.0,2020-10-14,39,49.7,emily.moore@company.com,(949) 663-9037,Inactive
EMP045001,Christopher,Hernandez,Christopher Hernandez,39,Marketing,Lead,Seattle,43264.47,4782.16,2022-04-03,16,88.4,christopher.hernandez@company.com,(201) 923-3906,Active
EMP045002,Amanda,Garcia,Amanda Garcia,51,IT,Coordinator,Chicago,91002.43,7513.39,2021-05-27,26,82.7,amanda.garcia@company.com,(715) 742-6287,Active
EMP045003,Jane,Williams,Jane Williams,49,Sales,Director,Miami,91263.74,10381.69,2024-02-13,25,67.4,jane.williams@company.com,(320) 657-2739,Active
EMP045004,William,Thomas,William Thomas,31,Engineering,Coordinator,San Francisco,73625.53,3370.43,2020-10-22,6,98.6,william.thomas@company.com,(611) 284-3633,Active
EMP045005,Christopher,Brown,Christopher Brown,22,Operations,Senior Developer,New York,60390.32,12385.25,2023-11-24,0,66.8,christopher.brown@company.com,(894) 372-2600,Active
EMP045006,David,Jones,David Jones,46,Finance,Lead,Seattle,103298.91,14617.72,2022-10-26,23,45.4,david.jones@company.com,(476) 964-3869,Active
EMP045007,Daniel,Miller,Daniel Miller,59,HR,Associate,Los Angeles,68932.97,8026.53,2023-05-23,37,60.3,daniel.miller@company.com,(566) 499-8050,Active
EMP045008,Emily,Thomas,Emily Thomas,31,Operations,Specialist,San Francisco,56714.07,6444.32,2021-03-04,9,71.4,emily.thomas@company.com,(774) 286-8896,Active
EMP045009,Sarah,Lopez,Sarah Lopez,35,Engineering,Senior Developer,Seattle,91188.31,8718.8,2021-01-14,7,87.6,sarah.lopez@company.com,(390) 230-4963,On Leave
EMP045010,William,Miller,William Miller,23,Sales,Associate,Chicago,72578.21,6375.55,2020-06-19,0,65.4,william.miller@company.com,(432) 383-3960,Active
EMP045011,William,Thomas,William Thomas,65,Marketing,Lead,Austin,90916.96,0.0,2022-05-28,37,71.7,william.thomas@company.com,(300) 817-9870,Active
EMP045012,Amanda,Wilson,Amanda Wilson,44,HR,Analyst,Miami,81622.04,9434.34,2023-07-27,17,92.8,amanda.wilson@company.com,(894) 297-3873,On Leave
EMP045013,Sarah,Davis,Sarah Davis,27,Operations,Manager,Chicago,37437.11,5965.93,2021-05-03,2,83.0,sarah.davis@company.com,(919) 432-9928,Active
EMP045014,Robert,Moore,Robert Moore,32,Engineering,Lead,Los Angeles,77012.23,3095.2,2023-06-07,9,58.4,robert.moore@company.com,(690) 238-4916,Active
EMP045015,Emily,Miller,Emily Miller,37,IT,Manager,Boston,86738.21,14377.75,2020-05-14,15,58.9,emily.miller@company.com,(711) 996-6772,Active
EMP045016,William,Hernandez,William Hernandez,42,Engineering,Senior Developer,Austin,115217.79,13756.62,2024-05-03,20,82.6,william.hernandez@company.com,(397) 769-8968,Active
EMP045017,James,Lopez,James Lopez,25,Sales,Coordinator,Boston,65160.79,532.41,2023-01-20,0,76.1,james.lopez@company.com,(772) 964-4923,On Leave
EMP045018,John,Williams,John Williams,37,Finance,Director,Seattle,77432.73,13153.39,2020-12-25,11,62.0,john.williams@company.com,(827) 751-5938,On Leave
EMP045019,Jane,Williams,Jane Williams,37,Legal,Senior Developer,Boston,99104.6,6313.63,2021-05-13,14,76.6,jane.williams@company.com,(264) 861-9226,Active
EMP045020,David,Taylor,David Taylor,59,Finance,Manager,Seattle,88367.07,6638.51,2021-11-17,37,72.8,david.taylor@company.com,(883) 729-2906,Active
EMP045021,William,Lopez,William Lopez,23,IT,Analyst,San Francisco,68050.73,9141.28,2020-08-19,0,49.0,william.lopez@company.com,(599) 279-4539,Active
EMP045022,Melissa,Jackson,Melissa Jackson,29,Legal,Director,Austin,87712.94,21247.54,2021-10-22,1,83.3,melissa.jackson@company.com,(335) 492-1575,Active
EMP045023,John,Jackson,John Jackson,59,Engineering,Director,Miami,129204.61,17971.26,2021-04-21,30,77.3,john.jackson@company.com,(498) 353-2261,Active
EMP045024,Daniel,Gonzalez,Daniel Gonzalez,22,Finance,Specialist,Los Angeles,77153.28,7195.19,2023-02-04,0,73.6,daniel.gonzalez@company.com,(616) 227-1092,Active
EMP045025,Robert,Gonzalez,Robert Gonzalez,53,Marketing,Coordinator,Miami,100332.23,9213.79,2020-12-12,28,65.9,robert.gonzalez@company.com,(937) 888-7464,Active
EMP045026,Stephanie,Taylor,Stephanie Taylor,22,Legal,Specialist,Los Angeles,65883.16,8287.58,2024-07-31,0,70.3,stephanie.taylor@company.com,(951) 863-2006,Inactive
EMP045027,Jane,Garcia,Jane Garcia,48,IT,Lead,Boston,108912.8,4005.09,2020-05-27,21,80.3,jane.garcia@company.com,(599) 389-4350,Active
EMP045028,Jane,Wilson,Jane Wilson,52,Operations,Senior Developer,Chicago,102522.91,12506.69,2023-03-22,24,100.0,jane.wilson@company.com,(786) 425-6162,Active
EMP045029,James,Gonzalez,James Gonzalez,57,Finance,Manager,Miami,89072.8,15978.26,2022-05-10,34,84.5,james.gonzalez@company.com,(945) 582-7765,Inactive
EMP045030,Melissa,Anderson,Melissa Anderson,34,Finance,Associate,Boston,76505.88,6692.6,2023-02-18,5,80.8,melissa.anderson@company.com,(370) 797-6041,Active
EMP045031,Robert,Jackson,Robert Jackson,51,Operations,Coordinator,New York,57088.85,9391.49,2020-08-28,22,90.4,robert.jackson@company.com,(601) 418-5019,Active
EMP045032,Ashley,Anderson,Ashley Anderson,60,Marketing,Associate,Seattle,94412.37,15643.95,2021-11-11,35,90.6,ashley.anderson@company.com,(685) 458-7520,Inactive
EMP045033,Jessica,Lopez,Jessica Lopez,43,Marketing,Lead,Boston,71404.7,11613.56,2021-05-08,21,76.7,jessica.lopez@company.com,(594) 541-6987,Active
EMP045034,John,Smith,John Smith,57,HR,Lead,Miami,76813.84,4035.06,2024-03-25,32,77.4,john.smith@company.com,(875) 359-1231,Active
EMP045035,Ashley,Martin,Ashley Martin,25,Legal,Senior Developer,Chicago,37500.0,1530.85,2022-11-24,3,98.6,ashley.martin@company.com,(814) 312-6355,Active
EMP045036,Ashley,Garcia,Ashley Garcia,26,Finance,Manager,Boston,82224.57,9306.64,2024-10-16,4,65.2,ashley.garcia@company.com,(242) 865-9875,Active
EMP045037,William,Brown,William Brown,48,Legal,Associate,New York,115280.81,18891.26,2020-07-25,20,87.7,william.brown@company.com,(295) 960-9612,Active
EMP045038,Daniel,Brown,Daniel Brown,41,Sales,Director,Los Angeles,90033.14,2915.76,2020-10-31,16,77.2,daniel.brown@company.com,(713) 232-6226,Inactive
EMP045039,Sarah,Moore,Sarah Moore,22,Legal,Lead,Los Angeles,79400.17,8283.65,2021-10-08,0,75.6,sarah.moore@company.com,(872) 396-5442,Active
EMP045040,Melissa,Davis,Melissa Davis,31,Finance,Lead,Los Angeles,75362.93,11666.66,2020-04-29,5,83.1,melissa.davis@company.com,(892) 511-9363,Active
EMP045041,Jane,Thomas,Jane Thomas,56,Engineering,Manager,Chicago,145295.29,5995.09,2020-01-19,30,62.4,jane.thomas@company.com,(957) 371-9921,Active
EMP045042,Melissa,Taylor,Melissa Taylor,32,Operations,Director,San Francisco,62653.1,3109.87,2024-01-02,6,79.0,melissa.taylor@company.com,(913) 918-1454,Active
EMP045043,John,Martinez,John Martinez,53,Marketing,Associate,New York,51605.48,4704.75,2023-04-09,30,70.4,john.martinez@company.com,(484) 408-8398,Active
EMP045044,Stephanie,Jones,Stephanie Jones,64,Finance,Coordinator,Seattle,91947.86,7238.36,2022-06-05,42,89.5,stephanie.jones@company.com,(327) 379-3386,Active
EMP045045,Stephanie,Gonzalez,Stephanie Gonzalez,38,Marketing,Director,Chicago,56747.88,8972.54,2022-02-01,14,80.8,stephanie.gonzalez@company.com,(531) 798-2039,On Leave
EMP045046,Emily,Lopez,Emily Lopez,23,Engineering,Lead,New York,84900.51,16065.32,2020-03-25,0,71.7,emily.lopez@company.com,(562) 570-1447,Active
EMP045047,Amanda,Johnson,Amanda Johnson,53,Operations,Senior Developer,Miami,61255.32,6491.29,2024-05-12,24,84.8,amanda.johnson@company.com,(484) 291-1617,Inactive
EMP045048,Christopher,Hernandez,Christopher Hernandez,46,Operations,Director,New York,75933.71,6273.22,2021-01-30,20,100.0,christopher.hernandez@company.com,(739) 454-5382,Active
EMP045049,Michael,Brown,Michael Brown,24,Operations,Lead,Austin,61024.99,3857.94,2023-03-21,1,67.3,michael.brown@company.com,(406) 402-6626,Active
EMP045050,Stephanie,Moore,Stephanie Moore,32,Sales,Specialist,Austin,58686.12,7510.58,2024-03-06,4,51.7,stephanie.moore@company.com,(207) 267-4642,Active
EMP045051,Lisa,Johnson,Lisa Johnson,35,HR,Coordinator,Miami,65425.6,7900.9,2020-08-28,10,53.7,lisa.johnson@company.com,(394) 459-2407,Active
EMP045052,Michael,Rodriguez,Michael Rodriguez,49,Marketing,Associate,Miami,75910.55,11074.02,2023-05-30,24,71.2,michael.rodriguez@company.com,(612) 572-9224,Active
EMP045053,Daniel,Martin,Daniel Martin,29,Legal,Manager,Los Angeles,89742.68,10833.34,2023-04-30,2,63.2,daniel.martin@company.com,(466) 346-2188,Inactive
EMP045054,John,Martinez,John Martinez,58,Finance,Lead,Seattle,44932.34,6060.04,2022-07-24,31,80.2,john.martinez@company.com,(317) 798-6910,Active
EMP045055,Emily,Martin,Emily Martin,22,Finance,Manager,Seattle,53836.84,6643.43,2022-02-15,0,85.4,emily.martin@company.com,(408) 605-2049,Active
EMP045056,Amanda,Garcia,Amanda Garcia,52,Operations,Lead,San Francisco,77995.32,12392.41,2023-11-02,28,65.8,amanda.garcia@company.com,(317) 579-5869,Inactive
EMP045057,Christopher,Thomas,Christopher Thomas,24,HR,Analyst,Austin,55421.18,10656.28,2021-06-26,0,66.9,christopher.thomas@company.com,(741) 987-3063,Active
EMP045058,Sarah,Taylor,Sarah Taylor,64,IT,Manager,Boston,105830.73,10633.67,2024-11-02,37,73.3,sarah.taylor@company.com,(682) 609-3449,Active
EMP045059,Matthew,Martin,Matthew Martin,65,HR,Analyst,Chicago,121417.09,6121.96,2022-02-14,39,65.3,matthew.martin@company.com,(441) 219-6986,Active
EMP045060,Michael,Rodriguez,Michael Rodriguez,51,Sales,Associate,Boston,64964.57,9525.16,2020-05-31,22,87.1,michael.rodriguez@company.com,(846) 321-4367,Active
EMP045061,Stephanie,Wilson,Stephanie Wilson,55,Operations,Analyst,Miami,70134.12,16275.88,2020-12-01,32,88.4,stephanie.wilson@company.com,(264) 979-7032,Active
EMP045062,Amanda,Davis,Amanda Davis,54,Marketing,Associate,Los Angeles,75684.68,3102.64,2022-07-13,32,70.4,amanda.davis@company.com,(396) 324-4716,Active
EMP045063,David,Thomas,David Thomas,56,IT,Director,Los Angeles,105086.54,20238.74,2023-02-04,30,77.5,david.thomas@company.com,(782) 824-5880,Active
EMP045064,James,Lopez,James Lopez,56,Finance,Senior Developer,Boston,91088.92,15273.38,2024-05-30,31,83.6,james.lopez@company.com,(213) 345-5911,Active
EMP045065,Stephanie,Johnson,Stephanie Johnson,45,Finance,Senior Developer,Austin,105728.7,14654.19,2022-05-30,18,69.8,stephanie.johnson@company.com,(498) 787-8573,Active
EMP045066,Anthony,Moore,Anthony Moore,46,IT,Associate,Chicago,87100.72,18370.9,2020-09-21,23,89.3,anthony.moore@company.com,(399) 511-4990,Active
EMP045067,Jane,Thomas,Jane Thomas,43,Sales,Analyst,San Francisco,65013.8,10055.55,2023-10-09,14,75.4,jane.thomas@company.com,(219) 609-5158,Active
EMP045068,James,Jones,James Jones,59,Engineering,Specialist,Seattle,137499.89,13694.1,2024-12-10,35,58.3,james.jones@company.com,(989) 490-5741,Active
EMP045069,Robert,Moore,Robert Moore,33,Finance,Analyst,Chicago,46842.02,5017.84,2022-01-01,4,78.6,robert.moore@company.com,(418) 321-2278,Active
EMP045070,Lisa,Davis,Lisa Davis,47,HR,Specialist,Seattle,82468.04,12322.32,2024-04-17,22,78.6,lisa.davis@company.com,(869) 788-6295,Active
EMP045071,Nicole,Garcia,Nicole Garcia,24,Marketing,Lead,Boston,67885.31,3824.01,2022-03-25,0,54.2,nicole.garcia@company.com,(740) 925-1856,Active
EMP045072,Ashley,Taylor,Ashley Taylor,41,Sales,Manager,Chicago,71618.96,5995.82,2024-06-25,13,61.6,ashley.taylor@company.com,(371) 749-6661,Active
EMP045073,Nicole,Hernandez,Nicole Hernandez,54,Legal,Director,San Francisco,73292.56,6754.31,2023-09-25,31,63.4,nicole.hernandez@company.com,(762) 522-3682,Active
EMP045074,Melissa,Williams,Melissa Williams,49,IT,Lead,New York,96524.93,5117.64,2020-05-25,21,60.9,melissa.williams@company.com,(588) 370-4096,Active
EMP045075,Matthew,Hernandez,Matthew Hernandez,42,Sales,Coordinator,Miami,91888.26,13724.49,2024-08-15,15,77.6,matthew.hernandez@company.com,(649) 656-9449,Active
EMP045076,David,Jones,David Jones,65,Operations,Specialist,Boston,91603.45,3445.61,2022-09-27,40,72.1,david.jones@company.com,(322) 866-4188,Active
EMP045077,Emily,Lopez,Emily Lopez,53,Marketing,Manager,Miami,75072.59,8653.54,2024-10-19,26,80.2,emily.lopez@company.com,(541) 872-1735,Active
EMP045078,James,Garcia,James Garcia,33,Finance,Coordinator,Chicago,56297.34,8793.88,2020-12-12,4,97.6,james.garcia@company.com,(342) 730-7388,Active
EMP045079,Lisa,Garcia,Lisa Garcia,43,IT,Director,Los Angeles,88390.38,1540.54,2020-03-05,21,79.0,lisa.garcia@company.com,(907) 304-2338,Active
EMP045080,Michael,Martin,Michael Martin,32,Engineering,Director,Seattle,83875.17,4164.36,2023-07-08,5,84.3,michael.martin@company.com,(677) 915-9534,Active
EMP045081,James,Johnson,James Johnson,43,IT,Specialist,New York,126574.22,16314.23,2023-08-12,14,60.9,james.johnson@company.com,(462) 896-1510,Active
EMP045082,David,Hernandez,David Hernandez,24,Sales,Specialist,Seattle,79770.22,14502.49,2023-08-02,0,82.6,david.hernandez@company.com,(257) 347-3481,Active
EMP045083,Lisa,Garcia,Lisa Garcia,53,Finance,Associate,Miami,91992.63,5804.29,2020-12-10,29,87.0,lisa.garcia@company.com,(597) 395-7504,Active
EMP045084,Amanda,Martinez,Amanda Martinez,43,Legal,Specialist,San Francisco,113711.37,14803.55,2024-10-23,18,70.0,amanda.martinez@company.com,(233) 856-2774,Active
EMP045085,Jessica,Davis,Jessica Davis,52,Operations,Coordinator,Chicago,67637.88,5249.29,2023-11-14,30,57.9,jessica.davis@company.com,(730) 845-3534,Active
EMP045086,Melissa,Martinez,Melissa Martinez,30,Sales,Specialist,Miami,46324.35,5029.75,2021-12-14,4,83.8,melissa.martinez@company.com,(201) 995-5633,Active
EMP045087,Ashley,Anderson,Ashley Anderson,45,Sales,Manager,Miami,100233.88,6771.41,2021-03-05,18,72.3,ashley.anderson@company.com,(934) 644-3141,Active
EMP045088,Jane,Brown,Jane Brown,31,Operations,Lead,San Francisco,41701.35,7306.51,2022-10-03,5,82.2,jane.brown@company.com,(586) 495-6874,Active
EMP045089,James,Martinez,James Martinez,58,Engineering,Lead,Miami,176588.85,19855.49,2021-12-23,30,86.3,james.martinez@company.com,(444) 498-6626,Active
EMP045090,Lisa,Anderson,Lisa Anderson,38,Legal,Lead,Chicago,92173.86,7532.09,2024-12-15,14,69.8,lisa.anderson@company.com,(474) 552-9890,Active
EMP045091,William,Miller,William Miller,45,Engineering,Analyst,Austin,100261.68,13367.33,2022-01-28,23,79.3,william.miller@company.com,(264) 693-1109,Active
EMP045092,Amanda,Jackson,Amanda Jackson,36,Sales,Specialist,Chicago,92230.44,7208.41,2023-10-17,12,56.3,amanda.jackson@company.com,(225) 775-4842,Inactive
EMP045093,Anthony,Gonzalez,Anthony Gonzalez,55,Operations,Analyst,New York,72239.04,4377.09,2023-04-11,32,60.5,anthony.gonzalez@company.com,(566) 468-4286,Active
EMP045094,Amanda,Jones,Amanda Jones,61,Engineering,Analyst,Boston,115721.0,16641.06,2023-10-13,38,57.8,amanda.jones@company.com,(732) 494-8574,Active
EMP045095,Christopher,Anderson,Christopher Anderson,31,Engineering,Specialist,Austin,104979.49,10581.84,2022-08-27,2,77.0,christopher.anderson@company.com,(541) 576-4299,Active
EMP045096,Sarah,Rodriguez,Sarah Rodriguez,56,Operations,Lead,Austin,100156.07,16636.85,2024-11-01,30,52.2,sarah.rodriguez@company.com,(672) 691-6495,Inactive
EMP045097,Sarah,Johnson,Sarah Johnson,43,IT,Associate,Miami,89416.25,8092.71,2021-03-18,20,78.2,sarah.johnson@company.com,(902) 873-9389,Active
EMP045098,Robert,Williams,Robert Williams,34,Operations,Lead,Seattle,44566.74,4544.14,2023-11-11,12,85.8,robert.williams@company.com,(726) 683-4074,Active
EMP045099,Ashley,Garcia,Ashley Garcia,22,Operations,Associate,Chicago,60653.61,439.91,2024-07-10,0,58.8,ashley.garcia@company.com,(309) 878-5403,Active
EMP045100,Anthony,Hernandez,Anthony Hernandez,43,HR,Analyst,Austin,53776.29,2413.72,2020-11-29,15,57.0,anthony.hernandez@company.com,(995) 933-7659,Active
EMP045101,William,Miller,William Miller,44,Sales,Director,Miami,62923.31,9895.2,2024-12-02,21,74.5,william.miller@company.com,(577) 972-3282,Active
EMP045102,Ashley,Martin,Ashley Martin,30,HR,Specialist,Chicago,42603.97,4163.62,2024-11-23,2,63.1,ashley.martin@company.com,(415) 959-4647,On Leave
EMP045103,Christopher,Williams,Christopher Williams,62,Operations,Manager,Seattle,91755.42,546.11,2022-05-18,38,56.4,christopher.williams@company.com,(781) 300-7461,Active
EMP045104,Jessica,Martin,Jessica Martin,37,Finance,Senior Developer,New York,55106.29,1248.54,2023-11-16,12,97.4,jessica.martin@company.com,(587) 949-8581,Active
EMP045105,Christopher,Garcia,Christopher Garcia,52,HR,Coordinator,Boston,65900.77,7160.81,2020-01-23,24,100.0,christopher.garcia@company.com,(695) 989-7569,Active
EMP045106,Matthew,Hernandez,Matthew Hernandez,22,Finance,Lead,San Francisco,58171.48,4061.94,2020-09-29,0,96.5,matthew.hernandez@company.com,(493) 793-9391,Active
EMP045107,Anthony,Martin,Anthony Martin,36,HR,Analyst,Austin,57175.56,5964.25,2020-04-22,10,63.8,anthony.martin@company.com,(893) 740-5234,Inactive
EMP045108,Matthew,Williams,Matthew Williams,27,Operations,Director,Los Angeles,63278.11,6213.01,2020-02-02,2,91.8,matthew.williams@company.com,(709) 865-7278,Active
EMP045109,Ashley,Rodriguez,Ashley Rodriguez,35,Engineering,Senior Developer,Chicago,59640.65,3076.99,2024-11-09,9,50.9,ashley.rodriguez@company.com,(601) 481-5099,Active
EMP045110,John,Wilson,John Wilson,47,IT,Analyst,Boston,71346.12,8468.14,2021-08-06,18,83.1,john.wilson@company.com,(966) 715-8358,Active
EMP045111,Jessica,Garcia,Jessica Garcia,53,Operations,Manager,Boston,67074.96,9188.52,2021-11-22,26,66.8,jessica.garcia@company.com,(516) 917-9296,Active
EMP045112,Jane,Thomas,Jane Thomas,45,Operations,Lead,San Francisco,76162.09,6601.06,2024-11-08,19,94.1,jane.thomas@company.com,(564) 748-2161,Active
EMP045113,Daniel,Garcia,Daniel Garcia,44,IT,Analyst,New York,60380.97,4753.66,2023-10-18,21,62.8,daniel.garcia@company.com,(884) 651-4088,On Leave
EMP045114,William,Moore,William Moore,29,Engineering,Specialist,San Francisco,110360.37,12692.28,2020-09-29,2,62.7,william.moore@company.com,(346) 418-5811,Active
EMP045115,Ashley,Wilson,Ashley Wilson,47,Legal,Coordinator,Chicago,50525.96,3890.27,2021-03-22,25,65.1,ashley.wilson@company.com,(658) 504-3589,Inactive
EMP045116,Jessica,Gonzalez,Jessica Gonzalez,28,Operations,Coordinator,Boston,66524.6,9407.97,2024-01-10,1,77.4,jessica.gonzalez@company.com,(276) 263-6681,Active
EMP045117,Matthew,Anderson,Matthew Anderson,57,HR,Senior Developer,Chicago,94253.93,14733.94,2021-07-17,30,85.6,matthew.anderson@company.com,(560) 316-6761,Active
EMP045118,Jane,Wilson,Jane Wilson,48,Legal,Associate,Seattle,90095.86,10878.55,2020-03-22,20,78.7,jane.wilson@company.com,(594) 291-8035,Active
EMP045119,Nicole,Williams,Nicole Williams,25,Finance,Senior Developer,Seattle,79270.3,9123.07,2024-06-10,0,69.9,nicole.williams@company.com,(959) 477-3009,Active
EMP045120,Daniel,Williams,Daniel Williams,43,Sales,Specialist,Chicago,48010.22,4105.94,2021-01-20,18,98.5,daniel.williams@company.com,(977) 925-8716,Active
EMP045121,Emily,Williams,Emily Williams,63,Marketing,Analyst,Austin,59485.89,6426.71,2022-09-17,37,67.8,emily.williams@company.com,(672) 307-2322,Active
EMP045122,Anthony,Taylor,Anthony Taylor,37,Finance,Coordinator,Boston,79307.94,1568.11,2023-07-02,11,79.6,anthony.taylor@company.com,(334) 230-4820,Active
EMP045123,James,Taylor,James Taylor,46,Legal,Specialist,Seattle,94083.72,11359.46,2022-08-09,24,77.2,james.taylor@company.com,(594) 932-4490,Active
EMP045124,Christopher,Garcia,Christopher Garcia,59,Legal,Lead,Seattle,91496.88,10503.09,2020-09-12,35,98.0,christopher.garcia@company.com,(321) 477-7326,Active
EMP045125,Christopher,Williams,Christopher Williams,43,Finance,Coordinator,Austin,72859.06,8588.47,2023-11-10,16,76.8,christopher.williams@company.com,(633) 287-5030,Active
EMP045126,Stephanie,Wilson,Stephanie Wilson,50,Marketing,Senior Developer,Seattle,74050.66,5114.14,2022-11-20,21,100.0,stephanie.wilson@company.com,(925) 487-5393,Active
EMP045127,Amanda,Garcia,Amanda Garcia,47,Sales,Coordinator,Austin,67133.33,8010.16,2024-03-26,25,84.4,amanda.garcia@company.com,(301) 347-4966,Active
EMP045128,Jane,Miller,Jane Miller,57,Marketing,Associate,Austin,76684.35,10158.33,2022-01-25,30,79.2,jane.miller@company.com,(549) 292-1807,Active
EMP045129,Emily,Thomas,Emily Thomas,34,IT,Senior Developer,San Francisco,95091.52,14123.05,2021-12-28,7,58.5,emily.thomas@company.com,(492) 479-6335,On Leave
EMP045130,Stephanie,Taylor,Stephanie Taylor,44,Sales,Coordinator,San Francisco,74530.84,11724.86,2021-08-17,22,60.3,stephanie.taylor@company.com,(662) 879-7774,Active
EMP045131,Nicole,Martinez,Nicole Martinez,39,Marketing,Specialist,San Francisco,69354.45,8885.11,2023-04-09,17,69.4,nicole.martinez@company.com,(828) 904-1502,Active
EMP045132,Christopher,Rodriguez,Christopher Rodriguez,33,HR,Manager,Chicago,59486.21,6417.3,2023-02-20,6,85.1,christopher.rodriguez@company.com,(857) 220-1148,Active
EMP045133,Stephanie,Anderson,Stephanie Anderson,34,Finance,Analyst,San Francisco,57604.06,3145.84,2021-01-13,6,85.8,stephanie.anderson@company.com,(610) 819-8619,Active
EMP045134,Nicole,Smith,Nicole Smith,30,Sales,Manager,Miami,56987.65,10878.48,2022-10-03,2,66.5,nicole.smith@company.com,(751) 678-7322,Active
EMP045135,Matthew,Jackson,Matthew Jackson,49,Legal,Manager,Seattle,88392.74,7775.04,2022-07-06,25,66.8,matthew.jackson@company.com,(973) 674-5924,Active
EMP045136,Anthony,Martinez,Anthony Martinez,34,Operations,Analyst,Austin,49650.95,5394.88,2020-02-23,6,57.4,anthony.martinez@company.com,(753) 820-3184,Active
EMP045137,Christopher,Martin,Christopher Martin,25,Operations,Specialist,Los Angeles,41064.43,5830.16,2024-08-28,0,52.0,christopher.martin@company.com,(222) 941-8372,Active
EMP045138,Anthony,Smith,Anthony Smith,32,Finance,Coordinator,San Francisco,53754.04,5398.0,2023-08-18,9,59.2,anthony.smith@company.com,(370) 799-9771,Inactive
EMP045139,Stephanie,Brown,Stephanie Brown,48,Operations,Specialist,Boston,67142.55,6843.1,2024-07-24,23,62.0,stephanie.brown@company.com,(664) 374-8602,Active
EMP045140,William,Jones,William Jones,57,Sales,Manager,Los Angeles,89450.11,8373.97,2020-09-11,35,71.2,william.jones@company.com,(388) 661-9394,Active
EMP045141,Matthew,Jackson,Matthew Jackson,43,Operations,Lead,Austin,63047.41,3395.11,2023-09-11,19,64.3,matthew.jackson@company.com,(756) 416-1527,Active
EMP045142,Jessica,Smith,Jessica Smith,31,Sales,Director,New York,59691.24,5796.74,2021-07-28,7,82.9,jessica.smith@company.com,(969) 368-1844,Active
EMP045143,David,Davis,David Davis,47,Legal,Associate,Seattle,94455.48,5788.8,2022-03-19,20,97.4,david.davis@company.com,(860) 509-8847,Active
EMP045144,Stephanie,Taylor,Stephanie Taylor,27,Marketing,Manager,Los Angeles,43444.83,1477.87,2024-01-14,0,65.6,stephanie.taylor@company.com,(983) 201-8486,Active
EMP045145,James,Williams,James Williams,61,Legal,Lead,Boston,100237.55,11237.55,2020-09-10,36,66.0,james.williams@company.com,(771) 667-6381,Active
EMP045146,Robert,Davis,Robert Davis,46,HR,Lead,Chicago,73345.76,8438.49,2024-08-30,23,88.6,robert.davis@company.com,(332) 797-6384,Active
EMP045147,Daniel,Garcia,Daniel Garcia,35,HR,Coordinator,Boston,74344.08,7986.81,2022-06-11,9,76.9,daniel.garcia@company.com,(698) 697-1813,Active
EMP045148,Anthony,Hernandez,Anthony Hernandez,54,IT,Associate,Boston,114667.09,429.24,2022-02-11,28,79.1,anthony.hernandez@company.com,(833) 294-5196,Active
EMP045149,David,Lopez,David Lopez,47,Legal,Coordinator,Seattle,103567.95,12788.3,2021-03-30,24,51.5,david.lopez@company.com,(493) 414-8596,Active
EMP045150,Ashley,Brown,Ashley Brown,44,Finance,Analyst,Boston,84339.3,8915.09,2023-07-10,17,100.0,ashley.brown@company.com,(556) 905-8486,Active
EMP045151,Ashley,Thomas,Ashley Thomas,29,Finance,Director,San Francisco,68821.99,2374.12,2021-01-09,4,100.0,ashley.thomas@company.com,(759) 809-3255,Active
EMP045152,James,Wilson,James Wilson,29,Legal,Manager,Boston,74485.6,2269.66,2023-08-28,2,78.9,james.wilson@company.com,(697) 633-3658,On Leave
EMP045153,Sarah,Moore,Sarah Moore,47,Finance,Lead,Los Angeles,79777.63,9210.08,2020-08-18,25,69.9,sarah.moore@company.com,(587) 213-4404,Active
EMP045154,Amanda,Hernandez,Amanda Hernandez,62,Finance,Coordinator,Austin,104868.48,12818.71,2020-10-11,37,59.8,amanda.hernandez@company.com,(326) 997-8060,Active
EMP045155,William,Jackson,William Jackson,62,HR,Director,Chicago,66838.15,6582.54,2020-04-26,35,71.4,william.jackson@company.com,(601) 955-1135,Inactive
EMP045156,Emily,Johnson,Emily Johnson,23,Operations,Director,Miami,43488.05,3677.02,2023-05-28,0,93.9,emily.johnson@company.com,(709) 592-9106,Active
EMP045157,Stephanie,Martin,Stephanie Martin,39,HR,Senior Developer,Boston,75369.23,11847.62,2021-08-08,15,97.5,stephanie.martin@company.com,(450) 417-8943,Active
EMP045158,James,Jackson,James Jackson,22,Finance,Analyst,New York,54638.15,4402.99,2020-10-20,0,52.4,james.jackson@company.com,(950) 998-5918,Active
EMP045159,Lisa,Williams,Lisa Williams,64,Marketing,Associate,Austin,86843.69,9367.37,2022-10-29,40,88.7,lisa.williams@company.com,(899) 700-7823,Active
EMP045160,Robert,Williams,Robert Williams,38,Sales,Specialist,Austin,73620.67,6728.03,2024-06-09,9,76.5,robert.williams@company.com,(276) 420-1832,Inactive
EMP045161,Nicole,Rodriguez,Nicole Rodriguez,32,Legal,Manager,Boston,85807.2,4284.24,2022-02-07,10,86.6,nicole.rodriguez@company.com,(285) 368-9594,Active
EMP045162,Emily,Anderson,Emily Anderson,39,Legal,Associate,Seattle,119694.46,12789.4,2022-09-11,16,78.1,emily.anderson@company.com,(977) 777-5134,Active
EMP045163,Anthony,Martin,Anthony Martin,42,Finance,Coordinator,Seattle,74372.58,8687.25,2020-12-11,20,73.5,anthony.martin@company.com,(204) 852-1602,Active
EMP045164,Robert,Anderson,Robert Anderson,39,Legal,Specialist,Boston,104216.99,10575.85,2022-08-12,13,68.3,robert.anderson@company.com,(600) 370-7698,Active
EMP045165,Amanda,Jackson,Amanda Jackson,65,Legal,Manager,Austin,126873.92,16703.94,2024-04-22,43,80.2,amanda.jackson@company.com,(539) 241-8424,Active
EMP045166,Christopher,Lopez,Christopher Lopez,61,IT,Lead,Austin,100195.49,15189.8,2021-12-21,32,70.5,christopher.lopez@company.com,(822) 606-8601,On Leave
EMP045167,Anthony,Williams,Anthony Williams,34,Legal,Specialist,Miami,56332.57,2978.43,2020-08-11,8,80.2,anthony.williams@company.com,(762) 642-2038,Active
EMP045168,Robert,Hernandez,Robert Hernandez,39,Engineering,Specialist,Los Angeles,82981.17,9189.35,2024-05-27,15,88.2,robert.hernandez@company.com,(918) 338-7282,Active
EMP045169,Anthony,Jackson,Anthony Jackson,28,HR,Lead,New York,54363.21,2390.92,2022-08-11,6,90.3,anthony.jackson@company.com,(301) 451-1224,Active
EMP045170,John,Miller,John Miller,35,HR,Senior Developer,New York,68060.08,5950.46,2023-03-28,13,96.1,john.miller@company.com,(212) 935-5449,Active
EMP045171,David,Martin,David Martin,50,Finance,Coordinator,Chicago,86749.45,7888.01,2022-03-22,25,63.2,david.martin@company.com,(647) 431-6197,On Leave
EMP045172,Stephanie,Hernandez,Stephanie Hernandez,63,Sales,Lead,New York,72286.25,3826.34,2023-06-11,40,45.8,stephanie.hernandez@company.com,(683) 817-2432,Active
EMP045173,James,Martinez,James Martinez,23,Engineering,Manager,Chicago,88206.72,9795.63,2024-05-12,0,63.3,james.martinez@company.com,(652) 645-6401,Active
EMP045174,Stephanie,Moore,Stephanie Moore,44,Operations,Senior Developer,Miami,59039.01,6969.24,2024-12-05,21,53.4,stephanie.moore@company.com,(520) 557-9967,Active
EMP045175,Jane,Jackson,Jane Jackson,41,Marketing,Lead,Miami,57243.17,2744.59,2023-04-19,18,65.4,jane.jackson@company.com,(242) 306-1561,Active
EMP045176,Stephanie,Hernandez,Stephanie Hernandez,54,HR,Manager,Seattle,59291.55,10104.38,2024-01-23,29,59.6,stephanie.hernandez@company.com,(903) 316-1130,Active
EMP045177,Robert,Martinez,Robert Martinez,42,Marketing,Director,Boston,48121.44,5185.66,2021-05-24,15,90.3,robert.martinez@company.com,(564) 761-4073,Active
EMP045178,Stephanie,Miller,Stephanie Miller,45,IT,Lead,San Francisco,96705.37,5265.94,2023-08-18,16,100.0,stephanie.miller@company.com,(384) 580-1775,Active
EMP045179,Emily,Jones,Emily Jones,56,Finance,Senior Developer,Miami,91337.12,7479.76,2020-05-29,29,78.9,emily.jones@company.com,(222) 710-5270,Active
EMP045180,James,Wilson,James Wilson,61,HR,Manager,Austin,69607.65,12277.27,2023-03-20,37,36.3,james.wilson@company.com,(800) 656-2077,On Leave
EMP045181,Jessica,Smith,Jessica Smith,37,Operations,Analyst,Miami,55497.85,8534.87,2024-12-01,8,84.7,jessica.smith@company.com,(559) 359-6723,Active
EMP045182,Jane,Johnson,Jane Johnson,56,Legal,Associate,Los Angeles,118571.46,9837.96,2020-10-12,30,62.5,jane.johnson@company.com,(489) 583-8254,Active
EMP045183,Nicole,Williams,Nicole Williams,35,Marketing,Coordinator,Los Angeles,56532.68,5343.46,2021-04-06,9,77.3,nicole.williams@company.com,(407) 355-3065,Active
EMP045184,Amanda,Williams,Amanda Williams,39,Operations,Associate,Miami,72682.96,6053.36,2024-11-20,14,65.2,amanda.williams@company.com,(920) 972-4237,Active
EMP045185,Nicole,Hernandez,Nicole Hernandez,45,Engineering,Analyst,Seattle,80351.25,6480.22,2021-10-31,19,97.2,nicole.hernandez@company.com,(959) 409-5847,Active
EMP045186,Nicole,Hernandez,Nicole Hernandez,45,Finance,Lead,Miami,103372.98,12332.86,2021-08-11,22,63.1,nicole.hernandez@company.com,(935) 911-5240,Inactive
EMP045187,Ashley,Anderson,Ashley Anderson,58,Operations,Lead,Boston,53366.6,7409.45,2024-03-07,34,55.0,ashley.anderson@company.com,(429) 832-1920,Active
EMP045188,Matthew,Miller,Matthew Miller,34,Marketing,Director,Seattle,58412.07,5015.83,2021-09-23,6,92.4,matthew.miller@company.com,(214) 913-8000,Inactive
EMP045189,William,Davis,William Davis,23,HR,Manager,Los Angeles,51387.56,6451.53,2024-06-12,0,100.0,william.davis@company.com,(958) 455-5078,Active
EMP045190,James,Thomas,James Thomas,35,Finance,Senior Developer,Seattle,51912.27,4918.41,2020-08-04,10,95.2,james.thomas@company.com,(628) 775-9361,Active
EMP045191,Matthew,Jackson,Matthew Jackson,46,IT,Senior Developer,Seattle,91378.81,9062.71,2022-02-17,23,73.3,matthew.jackson@company.com,(777) 865-9821,Active
EMP045192,Matthew,Johnson,Matthew Johnson,44,Engineering,Coordinator,Austin,103353.96,24199.16,2023-07-11,21,73.6,matthew.johnson@company.com,(892) 729-4323,Active
EMP045193,Jessica,Hernandez,Jessica Hernandez,42,IT,Lead,Chicago,99886.53,5261.29,2020-04-25,13,82.9,jessica.hernandez@company.com,(867) 477-5669,Active
EMP045194,Christopher,Moore,Christopher Moore,63,Engineering,Specialist,New York,138603.45,10145.98,2021-06-17,38,64.2,christopher.moore@company.com,(852) 598-7690,Active
EMP045195,John,Davis,John Davis,31,Marketing,Coordinator,San Francisco,65977.98,8779.93,2020-04-09,2,67.9,john.davis@company.com,(531) 795-3128,Active
EMP045196,James,Davis,James Davis,38,Finance,Lead,Seattle,72431.84,8834.49,2021-07-20,16,51.1,james.davis@company.com,(350) 560-7386,Active
EMP045197,Ashley,Jones,Ashley Jones,47,Legal,Specialist,Austin,83728.99,10564.52,2024-04-20,22,68.1,ashley.jones@company.com,(470) 909-3352,Active
EMP045198,Ashley,Jones,Ashley Jones,57,Sales,Manager,Chicago,100185.55,18079.43,2020-01-27,30,83.1,ashley.jones@company.com,(519) 972-5045,Active
EMP045199,Robert,Johnson,Robert Johnson,29,Sales,Associate,Austin,42741.61,5343.38,2020-11-23,2,83.4,robert.johnson@company.com,(354) 735-2904,Active
EMP045200,David,Gonzalez,David Gonzalez,22,Sales,Lead,Chicago,50936.9,2360.21,2020-02-25,0,51.8,david.gonzalez@company.com,(963) 387-8917,Active
EMP045201,Anthony,Wilson,Anthony Wilson,23,Operations,Analyst,Boston,51799.11,5767.98,2023-05-24,0,89.4,anthony.wilson@company.com,(840) 288-5147,Active
EMP045202,Robert,Jackson,Robert Jackson,46,Finance,Analyst,New York,97245.97,9828.4,2021-11-10,24,74.2,robert.jackson@company.com,(718) 448-3369,Active
EMP045203,Anthony,Davis,Anthony Davis,55,Marketing,Analyst,San Francisco,91340.38,3821.75,2020-07-18,32,88.5,anthony.davis@company.com,(533) 399-5882,Active
EMP045204,John,Anderson,John Anderson,58,Sales,Coordinator,Seattle,91368.93,13817.78,2022-04-18,30,81.9,john.anderson@company.com,(893) 464-6924,Active
EMP045205,John,Smith,John Smith,29,Sales,Manager,Boston,57948.9,2255.55,2023-08-11,6,65.8,john.smith@company.com,(457) 498-1708,Active
EMP045206,Lisa,Miller,Lisa Miller,26,HR,Lead,Seattle,74546.49,13060.39,2021-10-18,1,68.1,lisa.miller@company.com,(708) 737-9229,Active
EMP045207,John,Thomas,John Thomas,35,Marketing,Specialist,Boston,65437.55,8328.63,2024-05-10,12,78.0,john.thomas@company.com,(594) 481-6343,Active
EMP045208,William,Garcia,William Garcia,64,Operations,Senior Developer,Austin,66386.64,9092.14,2024-07-30,37,73.2,william.garcia@company.com,(289) 292-2765,Active
EMP045209,Matthew,Johnson,Matthew Johnson,51,Legal,Associate,Boston,96370.46,10913.55,2023-09-22,26,93.9,matthew.johnson@company.com,(685) 894-4373,On Leave
EMP045210,Ashley,Rodriguez,Ashley Rodriguez,36,Sales,Senior Developer,Seattle,54154.63,2571.37,2020-05-25,11,100.0,ashley.rodriguez@company.com,(694) 777-5274,Active
EMP045211,David,Martin,David Martin,42,HR,Coordinator,Chicago,92467.96,3839.15,2023-09-02,20,84.3,david.martin@company.com,(710) 873-2172,Active
EMP045212,Jane,Jones,Jane Jones,51,Sales,Senior Developer,Boston,76149.69,5753.99,2023-06-03,26,93.6,jane.jones@company.com,(882) 305-9620,Inactive
EMP045213,Amanda,Gonzalez,Amanda Gonzalez,51,Sales,Specialist,Miami,73820.07,11122.74,2024-12-04,23,65.3,amanda.gonzalez@company.com,(321) 915-4942,Active
EMP045214,Jessica,Thomas,Jessica Thomas,55,IT,Lead,New York,98243.45,14889.84,2023-05-13,28,58.4,jessica.thomas@company.com,(438) 600-4769,Active
EMP045215,Ashley,Martinez,Ashley Martinez,39,Finance,Analyst,Boston,77331.69,9736.24,2022-11-30,10,83.2,ashley.martinez@company.com,(794) 750-4296,Active
EMP045216,Stephanie,Miller,Stephanie Miller,61,Engineering,Director,Chicago,106881.78,11989.64,2022-07-31,38,90.1,stephanie.miller@company.com,(927) 486-6227,Active
EMP045217,Robert,Anderson,Robert Anderson,34,Sales,Lead,Seattle,84557.5,1060.89,2024-10-26,11,63.0,robert.anderson@company.com,(985) 518-8682,Active
EMP045218,Melissa,Brown,Melissa Brown,59,Sales,Associate,New York,75592.06,5624.93,2021-01-20,36,66.1,melissa.brown@company.com,(588) 481-5827,Active
EMP045219,Ashley,Taylor,Ashley Taylor,37,Marketing,Director,Austin,68827.92,0.0,2022-04-20,9,65.4,ashley.taylor@company.com,(393) 755-6466,Inactive
EMP045220,Ashley,Smith,Ashley Smith,34,Operations,Director,San Francisco,63490.92,11337.63,2022-10-12,7,93.7,ashley.smith@company.com,(564) 726-7412,Active
EMP045221,Christopher,Jackson,Christopher Jackson,36,Operations,Senior Developer,Chicago,60286.74,6262.26,2020-07-16,8,78.9,christopher.jackson@company.com,(826) 323-5988,Active
EMP045222,Christopher,Miller,Christopher Miller,61,Engineering,Manager,Los Angeles,98386.5,8440.37,2022-01-31,32,62.0,christopher.miller@company.com,(744) 602-9402,Active
EMP045223,Lisa,Brown,Lisa Brown,32,IT,Director,San Francisco,47515.18,5652.53,2023-04-20,3,53.0,lisa.brown@company.com,(399) 387-1915,Active
EMP045224,Michael,Lopez,Michael Lopez,58,Sales,Director,Boston,115105.58,9610.07,2023-06-11,32,79.1,michael.lopez@company.com,(367) 553-3566,Active
EMP045225,Daniel,Garcia,Daniel Garcia,49,Engineering,Manager,Miami,86600.53,12731.56,2020-01-02,20,65.9,daniel.garcia@company.com,(523) 683-6830,Active
EMP045226,William,Davis,William Davis,25,IT,Senior Developer,Los Angeles,52903.07,4109.04,2024-08-12,0,92.5,william.davis@company.com,(628) 656-5203,Active
EMP045227,Anthony,Williams,Anthony Williams,24,Engineering,Coordinator,Los Angeles,49377.01,5358.59,2023-11-19,0,46.5,anthony.williams@company.com,(294) 341-7609,Active
EMP045228,Christopher,Wilson,Christopher Wilson,64,IT,Coordinator,Chicago,143898.23,11701.88,2023-11-11,41,79.2,christopher.wilson@company.com,(460) 811-4249,Active
EMP045229,Stephanie,Hernandez,Stephanie Hernandez,41,Legal,Associate,San Francisco,59075.58,5381.1,2020-03-01,12,63.5,stephanie.hernandez@company.com,(498) 914-7748,Active
EMP045230,William,Williams,William Williams,27,Marketing,Associate,Chicago,28500.0,1249.85,2020-06-25,0,70.4,william.williams@company.com,(403) 261-3896,Active
EMP045231,Jane,Miller,Jane Miller,51,HR,Coordinator,Austin,83757.8,4919.48,2020-04-24,27,70.8,jane.miller@company.com,(733) 983-3825,Active
EMP045232,Anthony,Brown,Anthony Brown,58,HR,Manager,New York,84647.95,11212.58,2021-05-14,36,82.3,anthony.brown@company.com,(893) 504-3738,On Leave
EMP045233,James,Hernandez,James Hernandez,60,Marketing,Specialist,Los Angeles,100090.36,9191.44,2022-11-16,37,69.2,james.hernandez@company.com,(524) 424-6028,Active
EMP045234,John,Williams,John Williams,49,Engineering,Analyst,San Francisco,122643.64,13419.34,2024-07-25,21,66.2,john.williams@company.com,(712) 643-4805,Active
EMP045235,Jessica,Wilson,Jessica Wilson,61,HR,Coordinator,Austin,90605.54,13806.37,2023-10-19,34,80.0,jessica.wilson@company.com,(683) 924-7767,Active
EMP045236,Emily,Hernandez,Emily Hernandez,31,Operations,Manager,Chicago,56561.82,7944.82,2020-02-05,3,100.0,emily.hernandez@company.com,(736) 545-6034,Active
EMP045237,Lisa,Rodriguez,Lisa Rodriguez,36,IT,Analyst,Austin,52796.46,5777.67,2024-02-13,7,58.0,lisa.rodriguez@company.com,(553) 468-1074,Active
EMP045238,Melissa,Lopez,Melissa Lopez,63,Finance,Coordinator,Boston,101527.57,4139.61,2024-10-12,41,71.3,melissa.lopez@company.com,(410) 885-7266,Active
EMP045239,John,Moore,John Moore,63,Operations,Coordinator,Miami,77584.94,12857.38,2021-05-04,40,90.5,john.moore@company.com,(315) 287-7429,Active
EMP045240,David,Anderson,David Anderson,64,HR,Manager,Seattle,94305.14,9056.8,2021-11-27,35,77.1,david.anderson@company.com,(479) 569-3910,Active
EMP045241,Matthew,Hernandez,Matthew Hernandez,29,HR,Lead,Chicago,63896.22,2413.15,2023-07-02,7,40.5,matthew.hernandez@company.com,(563) 230-5733,Active
EMP045242,Jane,Jackson,Jane Jackson,63,HR,Specialist,New York,94671.94,5788.25,2021-10-03,35,52.6,jane.jackson@company.com,(699) 530-9275,Active
EMP045243,Melissa,Williams,Melissa Williams,33,Marketing,Coordinator,San Francisco,62092.85,13138.59,2021-07-21,8,88.1,melissa.williams@company.com,(929) 728-7985,On Leave
EMP045244,Ashley,Garcia,Ashley Garcia,29,Sales,Associate,Seattle,67697.73,6150.39,2021-01-17,3,82.6,ashley.garcia@company.com,(288) 621-3036,Active
EMP045245,James,Rodriguez,James Rodriguez,63,Legal,Lead,Seattle,151890.44,14399.88,2022-07-28,38,59.2,james.rodriguez@company.com,(520) 955-6870,Active
EMP045246,Christopher,Johnson,Christopher Johnson,37,Engineering,Specialist,Boston,110085.16,14860.11,2020-11-12,8,100.0,christopher.johnson@company.com,(909) 791-1203,Inactive
EMP045247,James,Miller,James Miller,57,Finance,Analyst,Boston,117104.17,12346.49,2022-08-28,30,94.5,james.miller@company.com,(924) 347-6032,Active
EMP045248,Jessica,Gonzalez,Jessica Gonzalez,26,Operations,Analyst,New York,69942.72,7104.18,2024-08-04,4,67.5,jessica.gonzalez@company.com,(968) 969-5570,Active
EMP045249,Christopher,Taylor,Christopher Taylor,52,Operations,Senior Developer,Boston,79097.68,774.07,2021-06-22,23,92.3,christopher.taylor@company.com,(600) 302-8864,On Leave
EMP045250,Christopher,Hernandez,Christopher Hernandez,56,Marketing,Coordinator,New York,65175.55,10502.49,2020-01-07,29,51.9,christopher.hernandez@company.com,(605) 772-1714,Active
EMP045251,Stephanie,Brown,Stephanie Brown,45,Legal,Manager,Chicago,108607.07,8185.71,2020-12-07,23,77.3,stephanie.brown@company.com,(937) 553-1923,Active
EMP045252,Melissa,Martin,Melissa Martin,31,Sales,Specialist,New York,70636.3,5664.41,2024-05-16,2,67.7,melissa.martin@company.com,(222) 281-1102,Active
EMP045253,Christopher,Martin,Christopher Martin,34,IT,Coordinator,Seattle,81282.45,6244.64,2021-01-17,8,73.6,christopher.martin@company.com,(708) 594-5468,Active
EMP045254,Michael,Jones,Michael Jones,44,Operations,Manager,New York,59615.53,5170.23,2023-08-01,17,57.7,michael.jones@company.com,(247) 327-8925,Active
EMP045255,Jessica,Moore,Jessica Moore,61,HR,Senior Developer,Austin,108563.97,13008.86,2023-02-19,39,74.1,jessica.moore@company.com,(808) 963-8119,Active
EMP045256,Daniel,Taylor,Daniel Taylor,52,Engineering,Associate,Seattle,133271.14,17936.92,2024-08-17,24,100.0,daniel.taylor@company.com,(880) 879-5796,Active
EMP045257,Jane,Garcia,Jane Garcia,62,Marketing,Associate,Los Angeles,95876.31,12363.4,2021-11-21,38,55.3,jane.garcia@company.com,(531) 457-1249,Active
EMP045258,Daniel,Smith,Daniel Smith,55,Engineering,Director,Chicago,115929.09,1696.66,2021-12-05,27,69.6,daniel.smith@company.com,(596) 619-3309,Active
EMP045259,James,Lopez,James Lopez,65,Operations,Specialist,Boston,35519.72,3751.54,2020-02-23,41,74.8,james.lopez@company.com,(322) 513-7099,Active
EMP045260,Anthony,Smith,Anthony Smith,31,HR,Specialist,San Francisco,53018.06,5286.06,2020-05-06,8,81.2,anthony.smith@company.com,(399) 570-1779,Active
EMP045261,Matthew,Brown,Matthew Brown,55,HR,Senior Developer,Chicago,77356.59,4312.25,2021-05-15,28,26.3,matthew.brown@company.com,(386) 443-2663,Active
EMP045262,Sarah,Davis,Sarah Davis,53,HR,Senior Developer,New York,85730.58,8086.65,2023-07-05,27,45.1,sarah.davis@company.com,(904) 462-4072,Active
EMP045263,Stephanie,Miller,Stephanie Miller,28,Engineering,Coordinator,Boston,71119.86,433.74,2024-02-21,1,79.2,stephanie.miller@company.com,(260) 334-7858,Active
EMP045264,Matthew,Garcia,Matthew Garcia,57,Engineering,Manager,Seattle,95620.37,2656.73,2023-04-07,32,89.8,matthew.garcia@company.com,(625) 241-6917,Active
EMP045265,Michael,Williams,Michael Williams,60,Operations,Manager,Los Angeles,62822.6,9016.24,2023-05-03,32,53.4,michael.williams@company.com,(462) 477-6147,Inactive
EMP045266,William,Martinez,William Martinez,28,HR,Director,Seattle,71511.33,1554.1,2024-01-02,5,57.1,william.martinez@company.com,(867) 216-8635,Active
EMP045267,Daniel,Hernandez,Daniel Hernandez,50,Sales,Associate,Boston,71769.54,6691.57,2022-09-30,26,61.4,daniel.hernandez@company.com,(739) 460-1539,Active
EMP045268,Amanda,Wilson,Amanda Wilson,46,Sales,Senior Developer,San Francisco,70487.12,8811.23,2024-05-02,19,70.8,amanda.wilson@company.com,(725) 246-1777,Active
EMP045269,William,Moore,William Moore,45,Operations,Associate,Seattle,73498.87,8811.95,2023-10-10,23,100.0,william.moore@company.com,(642) 692-7424,Active
EMP045270,David,Moore,David Moore,51,IT,Director,Los Angeles,102714.79,17985.55,2022-10-20,28,53.9,david.moore@company.com,(492) 473-7141,Active
EMP045271,Christopher,Wilson,Christopher Wilson,31,Sales,Lead,New York,55433.77,3114.73,2023-01-06,7,71.6,christopher.wilson@company.com,(952) 465-8876,Active
EMP045272,Jessica,Miller,Jessica Miller,55,Operations,Specialist,New York,76693.15,7940.08,2020-05-06,32,56.9,jessica.miller@company.com,(849) 685-2417,Active
EMP045273,Robert,Wilson,Robert Wilson,47,HR,Analyst,Chicago,60174.95,2030.22,2023-10-31,21,77.4,robert.wilson@company.com,(894) 661-2613,Active
EMP045274,Ashley,Thomas,Ashley Thomas,54,Legal,Lead,New York,118629.59,9584.06,2024-09-24,27,73.3,ashley.thomas@company.com,(603) 807-4956,Active
EMP045275,James,Hernandez,James Hernandez,49,Engineering,Lead,Austin,103548.84,9100.66,2022-07-11,27,100.0,james.hernandez@company.com,(592) 286-2236,Active
EMP045276,David,Jones,David Jones,36,Legal,Analyst,Austin,75852.29,12394.28,2023-06-11,7,82.9,david.jones@company.com,(309) 558-9449,Active
EMP045277,Matthew,Miller,Matthew Miller,35,Legal,Director,Austin,79640.6,11763.29,2020-05-04,13,81.9,matthew.miller@company.com,(958) 845-7600,Active
EMP045278,John,Hernandez,John Hernandez,48,Operations,Specialist,Los Angeles,38533.71,5441.59,2021-08-25,22,74.8,john.hernandez@company.com,(859) 458-7673,On Leave
EMP045279,Sarah,Moore,Sarah Moore,44,Finance,Analyst,San Francisco,66480.6,0.0,2022-03-03,17,57.2,sarah.moore@company.com,(204) 694-8983,Active
EMP045280,Matthew,Smith,Matthew Smith,31,IT,Analyst,Miami,73349.15,4694.16,2020-08-28,3,57.6,matthew.smith@company.com,(705) 210-5391,Active
EMP045281,Anthony,Anderson,Anthony Anderson,57,Sales,Lead,New York,97008.48,4664.95,2022-10-20,34,89.9,anthony.anderson@company.com,(755) 859-1951,Active
EMP045282,Daniel,Davis,Daniel Davis,25,HR,Manager,New York,62803.72,3784.15,2023-07-20,0,77.0,daniel.davis@company.com,(363) 823-9602,Active
EMP045283,Christopher,Davis,Christopher Davis,27,IT,Senior Developer,Boston,72346.7,9778.57,2023-12-25,3,100.0,christopher.davis@company.com,(362) 619-9148,Active
EMP045284,Emily,Jackson,Emily Jackson,37,Legal,Lead,Los Angeles,79790.03,9011.26,2024-12-24,11,66.4,emily.jackson@company.com,(858) 272-4983,Active
EMP045285,James,Taylor,James Taylor,48,HR,Director,Austin,77219.05,378.06,2024-05-07,23,98.6,james.taylor@company.com,(266) 655-2495,Active
EMP045286,Lisa,Miller,Lisa Miller,55,Marketing,Lead,Miami,72197.62,8787.6,2023-05-19,31,66.9,lisa.miller@company.com,(219) 965-4304,Active
EMP045287,Amanda,Williams,Amanda Williams,40,Legal,Senior Developer,Los Angeles,97338.01,9932.2,2024-07-28,12,60.2,amanda.williams@company.com,(813) 719-4088,Active
EMP045288,John,Rodriguez,John Rodriguez,50,Marketing,Associate,Austin,73370.85,15317.72,2023-09-14,22,71.6,john.rodriguez@company.com,(546) 326-3997,On Leave
EMP045289,Melissa,Davis,Melissa Davis,30,HR,Specialist,Chicago,32718.46,4811.89,2024-03-18,8,89.2,melissa.davis@company.com,(774) 304-7085,On Leave
EMP045290,William,Johnson,William Johnson,45,Sales,Associate,Chicago,72798.71,9574.59,2021-07-25,19,90.9,william.johnson@company.com,(215) 430-3481,Active
EMP045291,Ashley,Hernandez,Ashley Hernandez,45,Operations,Analyst,Austin,41612.45,4104.37,2022-12-31,22,51.2,ashley.hernandez@company.com,(639) 202-7815,Active
EMP045292,David,Taylor,David Taylor,23,Sales,Analyst,Los Angeles,43077.01,4749.02,2020-02-24,1,50.7,david.taylor@company.com,(847) 592-2989,Active
EMP045293,Lisa,Jackson,Lisa Jackson,53,Finance,Specialist,Boston,65096.38,10208.21,2021-08-30,29,83.2,lisa.jackson@company.com,(489) 376-2358,Active
EMP045294,John,Davis,John Davis,59,HR,Senior Developer,Chicago,86489.85,10291.75,2024-07-25,31,100.0,john.davis@company.com,(224) 800-8384,Active
EMP045295,John,Moore,John Moore,63,Legal,Senior Developer,Los Angeles,117119.65,9773.9,2021-09-05,39,81.3,john.moore@company.com,(454) 589-8200,Active
EMP045296,Anthony,Moore,Anthony Moore,26,Operations,Associate,Boston,45776.49,9699.62,2022-08-18,0,78.5,anthony.moore@company.com,(709) 501-9912,Active
EMP045297,David,Moore,David Moore,36,Engineering,Lead,Miami,86768.49,4572.12,2022-06-30,14,82.4,david.moore@company.com,(708) 372-2118,Active
EMP045298,Lisa,Jackson,Lisa Jackson,30,Legal,Senior Developer,Seattle,37500.0,4817.25,2022-11-02,8,79.4,lisa.jackson@company.com,(864) 913-8517,Active
EMP045299,Ashley,Thomas,Ashley Thomas,27,HR,Director,Chicago,65297.62,7301.17,2022-11-21,0,74.5,ashley.thomas@company.com,(606) 875-1755,Active
EMP045300,John,Brown,John Brown,62,Finance,Lead,New York,89144.67,14949.58,2022-01-21,40,75.8,john.brown@company.com,(751) 711-9188,Active
EMP045301,Anthony,Jackson,Anthony Jackson,65,Marketing,Specialist,Boston,93246.02,12724.83,2021-12-19,40,50.4,anthony.jackson@company.com,(491) 961-7564,Active
EMP045302,Jessica,Davis,Jessica Davis,38,Operations,Lead,Austin,70235.06,4676.2,2022-09-25,14,62.4,jessica.davis@company.com,(747) 873-7273,Active
EMP045303,Jessica,Smith,Jessica Smith,41,Engineering,Coordinator,San Francisco,80551.81,11155.66,2021-03-08,16,65.2,jessica.smith@company.com,(534) 646-2676,Active
EMP045304,Ashley,Davis,Ashley Davis,59,Sales,Lead,New York,85533.83,13972.32,2022-03-30,37,74.2,ashley.davis@company.com,(698) 408-1670,Active
EMP045305,Lisa,Williams,Lisa Williams,36,Marketing,Analyst,Seattle,47532.19,884.61,2023-06-13,14,100.0,lisa.williams@company.com,(622) 670-7490,Active
EMP045306,David,Miller,David Miller,63,HR,Analyst,San Francisco,41095.66,4583.1,2022-01-07,40,66.9,david.miller@company.com,(296) 478-4499,On Leave
EMP045307,Jane,Martin,Jane Martin,45,Legal,Senior Developer,New York,90328.85,2937.82,2023-07-16,16,78.0,jane.martin@company.com,(647) 874-2669,Inactive
EMP045308,Christopher,Lopez,Christopher Lopez,47,Legal,Senior Developer,Seattle,92176.84,2072.78,2022-05-04,21,51.7,christopher.lopez@company.com,(812) 796-4992,Active
EMP045309,Melissa,Williams,Melissa Williams,39,HR,Senior Developer,Los Angeles,54425.9,3055.09,2021-04-05,10,65.8,melissa.williams@company.com,(645) 307-5863,Active
EMP045310,Matthew,Davis,Matthew Davis,54,Sales,Analyst,Boston,85047.83,2468.29,2022-05-02,28,100.0,matthew.davis@company.com,(540) 858-4456,Active
EMP045311,Anthony,Garcia,Anthony Garcia,32,Legal,Manager,Los Angeles,91846.89,14186.39,2021-02-21,3,81.9,anthony.garcia@company.com,(866) 926-4501,Active
EMP045312,Lisa,Rodriguez,Lisa Rodriguez,23,HR,Coordinator,Seattle,60356.75,2730.6,2021-12-21,0,71.3,lisa.rodriguez@company.com,(774) 865-9708,Active
EMP045313,Michael,Gonzalez,Michael Gonzalez,64,IT,Manager,Seattle,113455.61,0.0,2022-09-27,37,83.7,michael.gonzalez@company.com,(922) 472-8697,Active
EMP045314,Jane,Jackson,Jane Jackson,36,Marketing,Lead,Miami,52861.71,6081.31,2024-07-19,14,93.1,jane.jackson@company.com,(783) 784-6045,Active
EMP045315,Michael,Taylor,Michael Taylor,50,HR,Director,Chicago,70091.3,4422.25,2021-11-15,25,59.5,michael.taylor@company.com,(729) 335-7409,Active
EMP045316,Lisa,Martinez,Lisa Martinez,58,Operations,Manager,Los Angeles,64510.47,8230.8,2020-04-24,32,58.6,lisa.martinez@company.com,(945) 477-8009,Active
EMP045317,Sarah,Garcia,Sarah Garcia,60,Finance,Analyst,Austin,97341.24,4869.71,2022-11-09,31,44.2,sarah.garcia@company.com,(616) 441-7960,Active
EMP045318,David,Davis,David Davis,59,Legal,Director,San Francisco,103449.38,11868.71,2024-08-20,36,99.1,david.davis@company.com,(813) 662-8853,Active
EMP045319,Emily,Miller,Emily Miller,30,Engineering,Manager,New York,79927.46,5574.02,2024-06-14,2,76.4,emily.miller@company.com,(936) 750-1340,Active
EMP045320,Jane,Martin,Jane Martin,42,Finance,Coordinator,Chicago,83258.17,0.0,2020-09-25,14,78.9,jane.martin@company.com,(904) 966-3343,Active
EMP045321,Christopher,Gonzalez,Christopher Gonzalez,56,Sales,Associate,Seattle,110914.48,12132.85,2024-06-30,28,77.3,christopher.gonzalez@company.com,(939) 797-5968,On Leave
EMP045322,Melissa,Smith,Melissa Smith,45,Sales,Manager,Miami,61427.71,10711.52,2021-10-11,23,62.4,melissa.smith@company.com,(481) 936-8842,Active
EMP045323,Christopher,Lopez,Christopher Lopez,63,Sales,Coordinator,Miami,95320.93,11289.0,2022-01-08,34,74.2,christopher.lopez@company.com,(919) 322-5088,Active
EMP045324,Michael,Davis,Michael Davis,38,Marketing,Coordinator,New York,85061.15,11863.68,2020-05-14,12,56.4,michael.davis@company.com,(767) 881-3381,Active
EMP045325,Nicole,Miller,Nicole Miller,56,IT,Senior Developer,Miami,86766.38,10050.87,2020-10-07,30,61.4,nicole.miller@company.com,(904) 909-3262,On Leave
EMP045326,Michael,Garcia,Michael Garcia,52,Operations,Manager,Miami,54967.39,7365.63,2023-11-07,28,71.9,michael.garcia@company.com,(245) 324-3562,Active
EMP045327,Robert,Miller,Robert Miller,25,Legal,Lead,Austin,92101.55,1304.14,2024-07-02,3,54.2,robert.miller@company.com,(211) 543-6775,Active
EMP045328,Nicole,Wilson,Nicole Wilson,51,Legal,Analyst,Los Angeles,99458.48,12392.01,2024-07-24,22,83.0,nicole.wilson@company.com,(736) 303-1090,Active
EMP045329,Daniel,Wilson,Daniel Wilson,33,Marketing,Specialist,San Francisco,59559.95,3531.13,2022-01-23,7,76.5,daniel.wilson@company.com,(449) 410-5523,Active
EMP045330,Christopher,Williams,Christopher Williams,39,HR,Associate,Miami,65436.51,2861.8,2020-02-06,11,69.4,christopher.williams@company.com,(982) 985-1890,Active
EMP045331,John,Johnson,John Johnson,61,Legal,Associate,Austin,128210.38,12236.5,2023-03-15,33,65.6,john.johnson@company.com,(567) 993-1130,Active
EMP045332,Stephanie,Rodriguez,Stephanie Rodriguez,27,Marketing,Coordinator,Austin,47258.2,4854.56,2021-11-23,4,66.6,stephanie.rodriguez@company.com,(568) 667-1184,Active
EMP045333,Matthew,Thomas,Matthew Thomas,34,Marketing,Coordinator,San Francisco,68621.27,3556.89,2020-08-16,9,80.8,matthew.thomas@company.com,(219) 461-3470,Active
EMP045334,Jessica,Johnson,Jessica Johnson,61,Operations,Director,Boston,69800.38,10419.3,2021-09-17,32,100.0,jessica.johnson@company.com,(674) 649-7210,Inactive
EMP045335,Christopher,Jackson,Christopher Jackson,32,Operations,Director,Chicago,52868.09,5570.17,2023-05-15,5,76.5,christopher.jackson@company.com,(726) 424-8634,Active
EMP045336,Matthew,Davis,Matthew Davis,50,HR,Director,Seattle,68595.21,10667.42,2021-09-10,28,95.4,matthew.davis@company.com,(383) 989-8197,Active
EMP045337,Amanda,Miller,Amanda Miller,51,Engineering,Associate,Miami,102821.49,13061.86,2021-07-10,26,100.0,amanda.miller@company.com,(598) 576-3931,Active
EMP045338,Melissa,Wilson,Melissa Wilson,38,Engineering,Coordinator,New York,66833.6,4897.39,2021-08-01,10,84.1,melissa.wilson@company.com,(672) 613-4263,Active
EMP045339,Robert,Johnson,Robert Johnson,26,HR,Senior Developer,Austin,51914.79,7722.7,2021-05-06,1,58.2,robert.johnson@company.com,(614) 830-7035,Active
EMP045340,Daniel,Brown,Daniel Brown,37,Marketing,Analyst,New York,63873.3,9413.37,2024-05-09,11,78.8,daniel.brown@company.com,(628) 551-8851,Active
EMP045341,Anthony,Taylor,Anthony Taylor,38,Operations,Director,Chicago,59494.54,10941.21,2021-03-03,15,87.1,anthony.taylor@company.com,(236) 778-5605,Active
EMP045342,Amanda,Hernandez,Amanda Hernandez,46,Sales,Director,Boston,82988.58,4122.19,2023-11-08,17,64.4,amanda.hernandez@company.com,(491) 352-1377,Active
EMP045343,Matthew,Miller,Matthew Miller,41,HR,Director,Los Angeles,84373.77,5533.92,2024-04-01,19,72.9,matthew.miller@company.com,(472) 701-6069,Active
EMP045344,Sarah,Williams,Sarah Williams,22,Sales,Analyst,Los Angeles,87227.97,4099.68,2023-12-14,0,64.7,sarah.williams@company.com,(351) 733-6236,Active
EMP045345,Amanda,Moore,Amanda Moore,43,IT,Lead,Seattle,115266.35,15895.66,2023-10-14,16,64.2,amanda.moore@company.com,(695) 511-1033,Active
EMP045346,Jane,Taylor,Jane Taylor,44,Engineering,Director,Boston,79409.8,0.0,2022-09-04,15,56.1,jane.taylor@company.com,(966) 447-7545,Active
EMP045347,Michael,Davis,Michael Davis,38,Finance,Coordinator,Boston,93518.16,6911.25,2023-03-29,12,63.9,michael.davis@company.com,(461) 413-9510,Active
EMP045348,Matthew,Martinez,Matthew Martinez,44,Finance,Director,Austin,49837.44,5490.59,2021-05-26,19,95.8,matthew.martinez@company.com,(337) 732-5388,Active
EMP045349,Christopher,Rodriguez,Christopher Rodriguez,55,Sales,Director,Seattle,84759.43,7516.81,2023-11-28,32,67.9,christopher.rodriguez@company.com,(582) 418-5676,Active
EMP045350,Emily,Wilson,Emily Wilson,50,Marketing,Specialist,Austin,76120.06,12991.17,2024-04-29,22,79.6,emily.wilson@company.com,(387) 847-7408,Active
EMP045351,Sarah,Johnson,Sarah Johnson,31,Operations,Senior Developer,Miami,47920.57,2716.67,2020-10-08,7,75.2,sarah.johnson@company.com,(367) 462-8626,Active
EMP045352,Emily,Jackson,Emily Jackson,40,Legal,Director,San Francisco,129691.75,22390.4,2021-03-18,18,100.0,emily.jackson@company.com,(970) 244-9758,Active
EMP045353,John,Johnson,John Johnson,60,Legal,Specialist,Austin,108685.27,8802.68,2022-10-18,35,79.4,john.johnson@company.com,(841) 561-1839,Active
EMP045354,Nicole,Johnson,Nicole Johnson,62,Marketing,Director,Chicago,91343.62,1020.16,2023-06-24,39,98.9,nicole.johnson@company.com,(310) 740-9984,Active
EMP045355,Anthony,Moore,Anthony Moore,40,Sales,Analyst,New York,86779.32,15842.21,2023-09-09,14,53.7,anthony.moore@company.com,(877) 712-6667,Inactive
EMP045356,Matthew,Lopez,Matthew Lopez,50,Operations,Associate,Boston,45903.47,2175.68,2022-05-31,23,92.3,matthew.lopez@company.com,(358) 245-1705,Active
EMP045357,Nicole,Rodriguez,Nicole Rodriguez,33,HR,Specialist,Austin,70702.5,13314.13,2022-06-30,8,80.1,nicole.rodriguez@company.com,(359) 553-5106,Active
EMP045358,Christopher,Wilson,Christopher Wilson,46,Legal,Lead,Austin,94701.5,12535.23,2021-08-29,19,77.9,christopher.wilson@company.com,(966) 809-1304,Active
EMP045359,Ashley,Wilson,Ashley Wilson,59,Marketing,Senior Developer,Miami,83643.36,0.0,2024-08-27,36,86.6,ashley.wilson@company.com,(620) 945-3851,Active
EMP045360,Ashley,Hernandez,Ashley Hernandez,35,Finance,Manager,New York,84722.56,6126.57,2024-05-15,7,64.1,ashley.hernandez@company.com,(707) 421-5087,Active
EMP045361,Jessica,Martin,Jessica Martin,25,Legal,Senior Developer,Chicago,70680.42,8505.09,2022-02-06,0,68.1,jessica.martin@company.com,(658) 925-7842,Active
EMP045362,Emily,Anderson,Emily Anderson,28,Operations,Manager,Los Angeles,62001.66,9821.4,2023-06-30,3,90.4,emily.anderson@company.com,(411) 284-8003,Inactive
EMP045363,Anthony,Johnson,Anthony Johnson,24,Operations,Specialist,Austin,49916.92,5990.5,2022-03-02,0,67.4,anthony.johnson@company.com,(274) 742-8217,Active
EMP045364,Michael,Jackson,Michael Jackson,42,Engineering,Coordinator,Chicago,79292.32,8965.15,2024-11-11,15,86.9,michael.jackson@company.com,(529) 618-5554,Active
EMP045365,Jane,Taylor,Jane Taylor,60,Operations,Associate,Chicago,54011.52,557.17,2020-11-15,38,88.2,jane.taylor@company.com,(826) 709-7739,Active
EMP045366,Nicole,Martinez,Nicole Martinez,42,Legal,Lead,Seattle,78136.17,9275.33,2021-08-29,17,53.9,nicole.martinez@company.com,(684) 442-4656,Active
EMP045367,Daniel,Rodriguez,Daniel Rodriguez,35,Sales,Associate,Miami,48092.17,3193.15,2022-11-29,12,78.5,daniel.rodriguez@company.com,(471) 307-1080,Active
EMP045368,Stephanie,Gonzalez,Stephanie Gonzalez,46,Operations,Specialist,Chicago,60636.38,4104.44,2020-06-01,17,72.5,stephanie.gonzalez@company.com,(497) 603-8619,Inactive
EMP045369,Christopher,Taylor,Christopher Taylor,46,Marketing,Coordinator,Chicago,64831.23,3638.07,2023-05-16,19,89.4,christopher.taylor@company.com,(915) 470-2392,Active
EMP045370,Ashley,Martin,Ashley Martin,22,Legal,Associate,San Francisco,67789.32,13785.25,2023-04-03,0,100.0,ashley.martin@company.com,(548) 351-1149,Active
EMP045371,Christopher,Davis,Christopher Davis,42,Operations,Senior Developer,Los Angeles,67821.8,8235.19,2024-01-12,18,65.3,christopher.davis@company.com,(414) 873-7040,Active
EMP045372,Amanda,Wilson,Amanda Wilson,48,Finance,Specialist,San Francisco,67511.29,4515.62,2024-12-09,24,69.3,amanda.wilson@company.com,(953) 823-2198,Active
EMP045373,William,Moore,William Moore,28,Legal,Lead,Chicago,37500.0,5953.62,2023-01-30,0,72.7,william.moore@company.com,(249) 469-2555,Inactive
EMP045374,Christopher,Thomas,Christopher Thomas,44,Finance,Associate,Los Angeles,61088.79,6989.4,2022-11-12,16,86.8,christopher.thomas@company.com,(431) 868-5552,Active
EMP045375,Matthew,Williams,Matthew Williams,32,HR,Director,Chicago,50534.93,6541.31,2022-03-11,3,78.6,matthew.williams@company.com,(618) 458-7967,Active
EMP045376,James,Miller,James Miller,50,Finance,Specialist,Chicago,113745.11,19148.69,2023-12-28,21,83.4,james.miller@company.com,(672) 902-1854,Active
EMP045377,William,Lopez,William Lopez,46,IT,Lead,Los Angeles,112785.58,17990.91,2022-01-20,18,91.4,william.lopez@company.com,(368) 679-5807,Active
EMP045378,Jessica,Martinez,Jessica Martinez,64,Finance,Coordinator,New York,107786.24,10622.4,2021-06-07,38,83.9,jessica.martinez@company.com,(825) 281-6893,Active
EMP045379,David,Lopez,David Lopez,63,Operations,Manager,Boston,80564.69,11234.27,2022-02-26,38,86.7,david.lopez@company.com,(424) 284-1515,Active
EMP045380,Jane,Martinez,Jane Martinez,45,Engineering,Coordinator,Los Angeles,101214.39,4559.64,2022-07-13,22,92.3,jane.martinez@company.com,(822) 297-8973,Active
EMP045381,Jessica,Brown,Jessica Brown,64,Operations,Associate,Boston,93255.23,9819.32,2020-02-10,35,53.7,jessica.brown@company.com,(391) 406-3313,Active
EMP045382,Emily,Gonzalez,Emily Gonzalez,63,Finance,Coordinator,Seattle,107306.0,14709.66,2024-11-29,34,67.0,emily.gonzalez@company.com,(462) 534-9724,Active
EMP045383,Jane,Rodriguez,Jane Rodriguez,55,IT,Specialist,Los Angeles,90997.05,8077.45,2024-06-09,26,97.0,jane.rodriguez@company.com,(271) 695-6486,Active
EMP045384,David,Lopez,David Lopez,63,Marketing,Manager,New York,77386.81,12435.15,2024-05-14,39,87.6,david.lopez@company.com,(814) 997-1664,Active
EMP045385,Amanda,Gonzalez,Amanda Gonzalez,34,HR,Director,Chicago,70190.16,0.0,2024-03-16,10,73.2,amanda.gonzalez@company.com,(469) 774-6708,Inactive
EMP045386,Amanda,Williams,Amanda Williams,29,Finance,Associate,Chicago,90542.54,3745.59,2024-01-03,1,67.4,amanda.williams@company.com,(575) 357-8837,Active
EMP045387,James,Johnson,James Johnson,30,Marketing,Analyst,Austin,63186.05,8279.6,2021-06-09,4,93.5,james.johnson@company.com,(277) 973-3744,Active
EMP045388,Daniel,Wilson,Daniel Wilson,25,IT,Analyst,Miami,80594.34,10106.25,2020-07-13,3,81.2,daniel.wilson@company.com,(392) 423-9947,Active
EMP045389,John,Smith,John Smith,42,Sales,Coordinator,Los Angeles,78319.76,11034.99,2020-06-13,19,100.0,john.smith@company.com,(370) 610-4739,Active
EMP045390,Lisa,Wilson,Lisa Wilson,58,HR,Specialist,Los Angeles,84870.89,8913.95,2021-11-24,29,53.1,lisa.wilson@company.com,(585) 326-2278,Active
EMP045391,Jane,Garcia,Jane Garcia,30,Operations,Lead,Seattle,36083.37,381.35,2023-02-22,5,73.7,jane.garcia@company.com,(831) 548-9519,Active
EMP045392,James,Thomas,James Thomas,44,Legal,Lead,Miami,76819.46,6012.01,2024-05-02,22,73.5,james.thomas@company.com,(245) 915-9063,Active
EMP045393,Stephanie,Williams,Stephanie Williams,51,Sales,Specialist,Miami,89483.54,6136.32,2023-12-18,22,70.5,stephanie.williams@company.com,(634) 890-1785,Active
EMP045394,Melissa,Miller,Melissa Miller,43,HR,Senior Developer,Boston,68357.14,1153.14,2024-04-23,14,67.8,melissa.miller@company.com,(767) 470-1766,Active
EMP045395,Amanda,Thomas,Amanda Thomas,25,HR,Analyst,Miami,43359.33,6974.74,2023-01-14,0,94.3,amanda.thomas@company.com,(499) 900-5546,Inactive
EMP045396,Amanda,Garcia,Amanda Garcia,38,HR,Lead,New York,53499.95,4786.24,2020-07-11,10,75.3,amanda.garcia@company.com,(587) 959-7690,Active
EMP045397,Robert,Jackson,Robert Jackson,37,Finance,Senior Developer,Miami,82379.91,10743.15,2022-01-26,14,93.3,robert.jackson@company.com,(588) 311-6236,Active
EMP045398,James,Rodriguez,James Rodriguez,52,Legal,Manager,Austin,137882.11,7999.54,2022-12-03,30,73.4,james.rodriguez@company.com,(268) 588-9595,Active
EMP045399,Stephanie,Taylor,Stephanie Taylor,57,Legal,Senior Developer,Seattle,126518.3,8801.78,2021-01-20,34,70.2,stephanie.taylor@company.com,(978) 283-7444,On Leave
EMP045400,Ashley,Smith,Ashley Smith,56,Finance,Coordinator,Austin,112255.79,9616.09,2022-09-19,28,83.3,ashley.smith@company.com,(443) 602-4175,Active
EMP045401,William,Williams,William Williams,26,Marketing,Specialist,New York,33061.33,3725.17,2020-03-28,0,64.7,william.williams@company.com,(843) 217-1987,Active
EMP045402,Daniel,Garcia,Daniel Garcia,28,Finance,Analyst,Austin,86702.9,8400.13,2020-12-14,0,94.3,daniel.garcia@company.com,(285) 756-5258,Active
EMP045403,Amanda,Gonzalez,Amanda Gonzalez,36,HR,Associate,New York,57203.21,6404.92,2021-08-23,12,72.5,amanda.gonzalez@company.com,(351) 994-8490,On Leave
EMP045404,Matthew,Hernandez,Matthew Hernandez,22,HR,Manager,Chicago,53368.2,7544.07,2022-07-16,0,77.2,matthew.hernandez@company.com,(473) 354-5504,Active
EMP045405,James,Hernandez,James Hernandez,36,Marketing,Associate,Seattle,73111.54,3344.84,2023-04-23,7,85.4,james.hernandez@company.com,(242) 309-4221,Active
EMP045406,John,Jones,John Jones,24,Marketing,Senior Developer,Miami,46265.57,7036.68,2022-01-01,2,100.0,john.jones@company.com,(611) 206-9724,Inactive
EMP045407,Anthony,Hernandez,Anthony Hernandez,26,Sales,Specialist,Seattle,49362.97,925.13,2024-06-21,1,56.8,anthony.hernandez@company.com,(995) 303-1101,On Leave
EMP045408,Lisa,Thomas,Lisa Thomas,62,Marketing,Specialist,Austin,119633.27,12547.65,2022-07-01,40,59.5,lisa.thomas@company.com,(935) 679-1480,Active
EMP045409,Nicole,Smith,Nicole Smith,50,Operations,Analyst,Los Angeles,69979.27,11029.2,2024-06-11,26,81.3,nicole.smith@company.com,(342) 343-9124,Active
EMP045410,William,Martin,William Martin,49,Sales,Specialist,Chicago,77030.58,1120.27,2023-09-15,27,41.6,william.martin@company.com,(947) 236-5440,Active
EMP045411,Matthew,Hernandez,Matthew Hernandez,36,Sales,Manager,Miami,90944.21,7055.48,2021-03-17,14,92.2,matthew.hernandez@company.com,(410) 639-5827,Active
EMP045412,Ashley,Garcia,Ashley Garcia,36,Marketing,Lead,Miami,85845.55,7675.0,2020-06-28,10,92.8,ashley.garcia@company.com,(391) 262-2104,Active
EMP045413,Anthony,Hernandez,Anthony Hernandez,43,Finance,Director,Seattle,84143.32,11024.07,2021-05-10,14,56.7,anthony.hernandez@company.com,(490) 245-4278,Active
EMP045414,Ashley,Brown,Ashley Brown,22,HR,Senior Developer,New York,33060.62,3524.06,2024-04-15,0,100.0,ashley.brown@company.com,(506) 246-9925,Active
EMP045415,Amanda,Jackson,Amanda Jackson,27,HR,Associate,Austin,75132.77,1362.97,2020-04-16,5,82.2,amanda.jackson@company.com,(530) 466-2626,Active
EMP045416,Christopher,Rodriguez,Christopher Rodriguez,29,IT,Associate,Chicago,66092.02,2685.5,2021-11-11,5,97.5,christopher.rodriguez@company.com,(653) 579-8839,Active
EMP045417,Emily,Martinez,Emily Martinez,60,Operations,Manager,Chicago,69648.11,11758.12,2021-11-28,35,69.3,emily.martinez@company.com,(614) 256-5779,On Leave
EMP045418,James,Martin,James Martin,53,HR,Specialist,Boston,56961.84,4561.94,2023-07-17,26,70.9,james.martin@company.com,(596) 622-1331,Active
EMP045419,Daniel,Williams,Daniel Williams,42,Engineering,Lead,New York,65077.09,9192.21,2023-02-26,13,85.6,daniel.williams@company.com,(632) 543-7498,Inactive
EMP045420,Daniel,Smith,Daniel Smith,42,Legal,Manager,Los Angeles,84873.02,12485.23,2020-04-09,17,67.2,daniel.smith@company.com,(837) 590-4185,Active
EMP045421,Anthony,Jones,Anthony Jones,22,Finance,Lead,San Francisco,61035.94,5105.6,2022-05-18,0,72.2,anthony.jones@company.com,(969) 930-9785,Active
EMP045422,Michael,Hernandez,Michael Hernandez,63,Engineering,Specialist,San Francisco,125159.72,9462.69,2021-06-28,38,79.1,michael.hernandez@company.com,(500) 335-5302,Active
EMP045423,Daniel,Moore,Daniel Moore,58,Legal,Senior Developer,New York,91376.72,3136.51,2023-01-04,29,92.5,daniel.moore@company.com,(851) 549-5592,Active
EMP045424,Melissa,Thomas,Melissa Thomas,65,Legal,Senior Developer,Boston,97382.64,12711.81,2020-12-08,43,59.3,melissa.thomas@company.com,(245) 257-9453,Active
EMP045425,William,Moore,William Moore,47,Legal,Specialist,Boston,69557.93,1989.42,2020-08-18,19,71.5,william.moore@company.com,(408) 311-3047,Active
EMP045426,Amanda,Wilson,Amanda Wilson,26,Operations,Specialist,Seattle,66786.92,4260.3,2021-06-27,0,74.5,amanda.wilson@company.com,(830) 514-6919,On Leave
EMP045427,Stephanie,Taylor,Stephanie Taylor,29,IT,Associate,Seattle,62726.42,9502.94,2024-05-28,0,75.7,stephanie.taylor@company.com,(955) 940-8633,Active
EMP045428,Christopher,Martin,Christopher Martin,41,IT,Manager,Austin,77205.9,8276.93,2021-08-11,15,66.9,christopher.martin@company.com,(440) 825-4204,Active
EMP045429,Jessica,Anderson,Jessica Anderson,23,HR,Director,Boston,62416.57,2035.73,2022-05-27,0,71.4,jessica.anderson@company.com,(399) 810-3732,Active
EMP045430,Robert,Wilson,Robert Wilson,56,Engineering,Associate,Seattle,134465.2,7953.3,2022-04-09,30,77.6,robert.wilson@company.com,(869) 775-9160,Active
EMP045431,Lisa,Thomas,Lisa Thomas,22,Legal,Director,New York,79530.01,0.0,2020-11-02,0,65.6,lisa.thomas@company.com,(404) 223-7459,On Leave
EMP045432,Sarah,Miller,Sarah Miller,44,Operations,Lead,Miami,58011.75,8270.81,2023-08-04,15,70.6,sarah.miller@company.com,(802) 274-4294,Active
EMP045433,David,Jones,David Jones,31,Sales,Specialist,San Francisco,85918.74,13572.7,2023-08-25,3,89.2,david.jones@company.com,(208) 924-7615,Active
EMP045434,Matthew,Martin,Matthew Martin,46,IT,Senior Developer,New York,69007.63,14387.51,2023-04-29,19,83.6,matthew.martin@company.com,(215) 398-2143,Active
EMP045435,Ashley,Taylor,Ashley Taylor,56,Engineering,Senior Developer,New York,109830.5,6313.4,2020-10-15,31,47.8,ashley.taylor@company.com,(779) 612-4990,Active
EMP045436,Michael,Smith,Michael Smith,43,Legal,Lead,Chicago,99637.23,22596.8,2021-11-01,20,87.1,michael.smith@company.com,(532) 731-2234,Active
EMP045437,Michael,Davis,Michael Davis,61,IT,Specialist,Boston,129731.02,15498.61,2024-07-05,36,68.7,michael.davis@company.com,(697) 352-7724,Active
EMP045438,Christopher,Martin,Christopher Martin,39,Legal,Lead,Los Angeles,81400.48,5738.22,2021-06-01,17,81.7,christopher.martin@company.com,(759) 875-4869,Active
EMP045439,Anthony,Smith,Anthony Smith,41,Marketing,Manager,Chicago,69401.59,10287.86,2023-12-14,19,81.0,anthony.smith@company.com,(776) 937-6673,Active
EMP045440,Christopher,Martinez,Christopher Martinez,22,Engineering,Senior Developer,New York,54412.5,2168.69,2022-11-17,0,71.3,christopher.martinez@company.com,(962) 682-7168,Active
EMP045441,Matthew,Jones,Matthew Jones,45,HR,Senior Developer,Chicago,74258.81,5989.4,2023-12-18,17,72.9,matthew.jones@company.com,(364) 424-3945,Active
EMP045442,Melissa,Moore,Melissa Moore,26,Legal,Associate,Los Angeles,60383.46,8548.07,2024-09-13,0,79.0,melissa.moore@company.com,(490) 579-3590,Active
EMP045443,John,Martinez,John Martinez,58,Marketing,Senior Developer,Boston,56175.84,0.0,2020-11-09,30,77.6,john.martinez@company.com,(687) 340-8560,Inactive
EMP045444,Robert,Moore,Robert Moore,38,IT,Specialist,Austin,90481.12,5196.5,2023-06-04,10,71.5,robert.moore@company.com,(840) 381-7360,Active
EMP045445,Melissa,Wilson,Melissa Wilson,31,Engineering,Analyst,San Francisco,96947.26,10335.9,2021-07-30,5,81.2,melissa.wilson@company.com,(490) 299-3705,Active
EMP045446,Melissa,Martin,Melissa Martin,59,Engineering,Senior Developer,Boston,113466.58,14370.86,2024-12-18,37,58.7,melissa.martin@company.com,(697) 952-8083,Active
EMP045447,Lisa,Davis,Lisa Davis,23,Engineering,Director,San Francisco,97287.62,16128.19,2023-04-02,0,48.9,lisa.davis@company.com,(223) 392-4925,Active
EMP045448,Christopher,Smith,Christopher Smith,52,Operations,Manager,Seattle,64482.22,13877.57,2021-02-06,23,86.8,christopher.smith@company.com,(831) 727-1037,Active
EMP045449,Melissa,Jackson,Melissa Jackson,34,Finance,Analyst,Seattle,64708.46,12391.46,2023-07-25,6,63.0,melissa.jackson@company.com,(528) 881-1085,Active
EMP045450,Michael,Martinez,Michael Martinez,50,Engineering,Manager,Chicago,99484.78,9269.58,2022-05-27,22,100.0,michael.martinez@company.com,(285) 639-2415,Active
EMP045451,Amanda,Wilson,Amanda Wilson,36,Sales,Manager,Austin,51778.71,8283.84,2020-07-02,11,93.5,amanda.wilson@company.com,(669) 286-6499,Active
EMP045452,Melissa,Brown,Melissa Brown,50,Finance,Director,Austin,108222.4,4720.19,2021-11-04,21,73.3,melissa.brown@company.com,(242) 659-4915,Active
EMP045453,David,Gonzalez,David Gonzalez,27,HR,Director,San Francisco,60224.74,7330.61,2024-03-22,0,69.1,david.gonzalez@company.com,(575) 891-5549,Active
EMP045454,Nicole,Brown,Nicole Brown,22,HR,Senior Developer,Seattle,35250.77,1408.88,2022-09-12,0,97.0,nicole.brown@company.com,(212) 317-8210,Active
EMP045455,Jessica,Johnson,Jessica Johnson,41,Operations,Analyst,Austin,72847.43,3386.85,2021-11-20,19,76.2,jessica.johnson@company.com,(281) 502-4032,Active
EMP045456,Ashley,Moore,Ashley Moore,46,Sales,Director,Chicago,85305.13,12684.14,2023-07-20,23,90.7,ashley.moore@company.com,(829) 508-3058,Active
EMP045457,Daniel,Hernandez,Daniel Hernandez,46,Finance,Associate,Austin,81563.82,4618.53,2021-07-26,22,63.0,daniel.hernandez@company.com,(853) 856-1006,Active
EMP045458,Emily,Brown,Emily Brown,28,Engineering,Lead,Austin,79886.79,7222.99,2020-05-20,2,89.1,emily.brown@company.com,(378) 331-3409,Active
EMP045459,Sarah,Thomas,Sarah Thomas,43,IT,Analyst,Chicago,48327.96,6125.61,2020-09-23,21,55.3,sarah.thomas@company.com,(286) 498-7781,Active
EMP045460,John,Jones,John Jones,53,Operations,Lead,Boston,62308.23,8431.76,2024-02-20,31,85.8,john.jones@company.com,(652) 687-8313,Active
EMP045461,William,Williams,William Williams,38,Finance,Specialist,New York,73392.72,9281.68,2022-07-04,11,55.3,william.williams@company.com,(268) 222-3456,Active
EMP045462,Anthony,Taylor,Anthony Taylor,44,HR,Manager,New York,55588.71,5174.64,2023-09-02,17,77.1,anthony.taylor@company.com,(286) 484-4398,Active
EMP045463,Nicole,Jackson,Nicole Jackson,58,Legal,Coordinator,Seattle,113831.76,14519.03,2023-10-21,36,76.5,nicole.jackson@company.com,(715) 547-3421,Active
EMP045464,Jessica,Martin,Jessica Martin,36,IT,Associate,Boston,76827.48,7290.61,2024-11-16,13,44.0,jessica.martin@company.com,(474) 842-1664,Active
EMP045465,William,Taylor,William Taylor,47,Marketing,Manager,Austin,79768.46,8154.66,2023-11-07,25,47.3,william.taylor@company.com,(861) 616-1875,Active
EMP045466,Anthony,Brown,Anthony Brown,45,Legal,Lead,San Francisco,119392.36,5214.21,2020-03-28,22,79.3,anthony.brown@company.com,(907) 716-8921,Active
EMP045467,Christopher,Jackson,Christopher Jackson,54,HR,Lead,New York,65297.13,10599.95,2021-08-10,27,74.8,christopher.jackson@company.com,(221) 445-6096,Active
EMP045468,Michael,Garcia,Michael Garcia,32,Operations,Analyst,New York,60879.69,7247.94,2020-09-19,6,72.4,michael.garcia@company.com,(852) 925-9271,Active
EMP045469,Emily,Thomas,Emily Thomas,27,Marketing,Director,San Francisco,71200.18,5092.82,2023-10-11,1,82.7,emily.thomas@company.com,(548) 347-5756,On Leave
EMP045470,David,Davis,David Davis,27,Marketing,Director,Boston,47332.88,5765.05,2021-07-18,5,85.9,david.davis@company.com,(841) 897-9204,Inactive
EMP045471,Robert,Brown,Robert Brown,43,IT,Manager,San Francisco,96050.37,11239.18,2023-05-29,16,90.1,robert.brown@company.com,(391) 398-7697,Active
EMP045472,Daniel,Rodriguez,Daniel Rodriguez,22,Operations,Specialist,Los Angeles,59671.21,0.0,2020-06-08,0,71.6,daniel.rodriguez@company.com,(261) 671-8645,Active
EMP045473,Stephanie,Jones,Stephanie Jones,57,Engineering,Director,San Francisco,105179.65,12293.31,2023-11-17,30,63.5,stephanie.jones@company.com,(816) 905-1315,Active
EMP045474,Sarah,Rodriguez,Sarah Rodriguez,40,HR,Specialist,San Francisco,67818.3,4776.42,2020-12-02,18,96.2,sarah.rodriguez@company.com,(702) 437-3088,Active
EMP045475,Daniel,Hernandez,Daniel Hernandez,38,Engineering,Lead,Miami,74562.91,7876.72,2022-05-01,14,86.6,daniel.hernandez@company.com,(657) 366-3978,Active
EMP045476,Sarah,Thomas,Sarah Thomas,45,Sales,Manager,San Francisco,67812.05,6386.77,2021-03-29,16,71.3,sarah.thomas@company.com,(767) 379-8468,Inactive
EMP045477,John,Rodriguez,John Rodriguez,65,Sales,Director,Seattle,81201.2,12549.59,2020-04-25,40,85.7,john.rodriguez@company.com,(559) 976-7431,Inactive
EMP045478,Robert,Garcia,Robert Garcia,58,Engineering,Lead,San Francisco,137388.26,7858.26,2022-08-16,34,65.0,robert.garcia@company.com,(288) 899-2154,Active
EMP045479,Michael,Jackson,Michael Jackson,59,Operations,Analyst,Austin,78405.16,5702.13,2020-09-10,31,77.2,michael.jackson@company.com,(998) 592-8113,Active
EMP045480,Daniel,Davis,Daniel Davis,39,HR,Director,Los Angeles,84187.7,13671.49,2022-06-03,17,58.0,daniel.davis@company.com,(906) 348-6156,Active
EMP045481,Jessica,Smith,Jessica Smith,49,Engineering,Director,Chicago,140558.5,15964.56,2020-06-13,23,82.3,jessica.smith@company.com,(398) 485-3973,Active
EMP045482,James,Jackson,James Jackson,49,Finance,Associate,Austin,94695.21,9918.38,2021-03-22,22,80.2,james.jackson@company.com,(966) 865-4073,On Leave
EMP045483,Robert,Taylor,Robert Taylor,48,Operations,Specialist,Los Angeles,100280.35,18877.8,2020-12-28,25,57.8,robert.taylor@company.com,(542) 687-3364,Active
EMP045484,Jane,Jackson,Jane Jackson,42,Marketing,Specialist,New York,64563.28,5928.06,2020-08-26,14,83.4,jane.jackson@company.com,(329) 213-5393,Active
EMP045485,Amanda,Jackson,Amanda Jackson,37,Sales,Director,Los Angeles,75907.8,9791.92,2021-07-07,9,100.0,amanda.jackson@company.com,(863) 925-1621,Inactive
EMP045486,David,Williams,David Williams,39,Engineering,Lead,Seattle,97245.52,4488.13,2023-01-19,11,59.9,david.williams@company.com,(727) 375-4123,Inactive
EMP045487,Daniel,Martin,Daniel Martin,42,Operations,Analyst,San Francisco,45511.04,7802.42,2023-01-11,15,81.9,daniel.martin@company.com,(751) 426-8792,Active
EMP045488,Sarah,Miller,Sarah Miller,29,Marketing,Lead,Chicago,48821.09,6592.68,2023-06-08,4,79.2,sarah.miller@company.com,(393) 554-3447,Active
EMP045489,Jessica,Johnson,Jessica Johnson,48,IT,Specialist,San Francisco,75409.73,11219.07,2023-10-12,21,59.2,jessica.johnson@company.com,(778) 415-3605,Active
EMP045490,Lisa,Jackson,Lisa Jackson,45,HR,Director,Los Angeles,72021.41,4964.09,2023-10-22,21,67.3,lisa.jackson@company.com,(341) 608-1096,Active
EMP045491,Jane,Jackson,Jane Jackson,60,IT,Manager,Boston,104090.36,8508.99,2020-10-25,38,79.5,jane.jackson@company.com,(833) 655-3643,Active
EMP045492,James,Anderson,James Anderson,23,Legal,Senior Developer,Los Angeles,54241.85,7551.64,2020-03-28,0,67.9,james.anderson@company.com,(465) 758-6597,Active
EMP045493,John,Miller,John Miller,34,IT,Specialist,San Francisco,98863.88,21927.12,2021-08-07,10,57.7,john.miller@company.com,(287) 352-4358,Active
EMP045494,Emily,Taylor,Emily Taylor,46,IT,Coordinator,Boston,92668.51,9936.95,2020-06-28,17,90.6,emily.taylor@company.com,(208) 669-8487,Active
EMP045495,David,Johnson,David Johnson,40,Engineering,Coordinator,San Francisco,95358.57,6725.68,2023-01-08,16,99.0,david.johnson@company.com,(443) 884-8577,Active
EMP045496,Emily,Taylor,Emily Taylor,51,Sales,Specialist,San Francisco,84872.46,9701.42,2022-12-10,29,64.6,emily.taylor@company.com,(439) 445-1895,Active
EMP045497,Emily,Johnson,Emily Johnson,44,HR,Director,New York,52670.87,2720.65,2020-08-07,16,44.1,emily.johnson@company.com,(722) 397-6701,Active
EMP045498,William,Taylor,William Taylor,46,HR,Director,Miami,51575.74,5644.42,2023-03-20,19,70.3,william.taylor@company.com,(618) 959-1340,Active
EMP045499,Christopher,Johnson,Christopher Johnson,55,Finance,Director,Seattle,109398.64,12105.47,2021-05-02,33,72.4,christopher.johnson@company.com,(677) 401-8383,Active
EMP045500,John,Rodriguez,John Rodriguez,23,Legal,Senior Developer,Miami,69822.37,0.0,2021-06-23,0,87.1,john.rodriguez@company.com,(934) 341-4231,Active
EMP045501,James,Lopez,James Lopez,27,Legal,Associate,Miami,111692.03,11622.72,2020-05-21,5,64.4,james.lopez@company.com,(438) 994-4670,Inactive
EMP045502,James,Martin,James Martin,49,Operations,Manager,San Francisco,55111.44,6855.75,2021-04-05,27,54.5,james.martin@company.com,(274) 625-8379,Inactive
EMP045503,Daniel,Smith,Daniel Smith,22,IT,Director,Miami,77705.91,6475.1,2020-12-10,0,56.6,daniel.smith@company.com,(740) 715-8992,Active
EMP045504,Anthony,Lopez,Anthony Lopez,52,Marketing,Lead,Austin,71694.28,1931.11,2023-08-18,23,74.8,anthony.lopez@company.com,(858) 887-7022,Active
EMP045505,Michael,Jackson,Michael Jackson,37,Sales,Lead,Miami,76608.02,2761.95,2024-12-23,11,69.5,michael.jackson@company.com,(948) 245-8834,Active
EMP045506,Jane,Lopez,Jane Lopez,44,Engineering,Coordinator,Los Angeles,103863.95,2810.61,2023-10-13,18,45.8,jane.lopez@company.com,(993) 765-2579,Active
EMP045507,William,Moore,William Moore,57,IT,Senior Developer,San Francisco,85443.32,6999.39,2023-04-30,31,100.0,william.moore@company.com,(480) 635-2677,Active
EMP045508,Amanda,Martinez,Amanda Martinez,58,Sales,Senior Developer,Boston,78554.26,8466.67,2020-01-10,30,93.8,amanda.martinez@company.com,(797) 996-2936,Active
EMP045509,Stephanie,Taylor,Stephanie Taylor,39,IT,Manager,Austin,72751.12,6306.28,2021-02-23,17,90.4,stephanie.taylor@company.com,(611) 952-8459,Active
EMP045510,Nicole,Wilson,Nicole Wilson,33,Operations,Director,Boston,53133.71,8443.7,2021-12-25,10,65.1,nicole.wilson@company.com,(698) 718-1955,Active
EMP045511,Stephanie,Davis,Stephanie Davis,60,IT,Lead,New York,109213.91,15696.32,2021-03-04,38,86.5,stephanie.davis@company.com,(603) 433-6036,Active
EMP045512,David,Johnson,David Johnson,27,IT,Senior Developer,Miami,49734.86,5735.64,2024-08-26,1,76.1,david.johnson@company.com,(593) 567-1549,Active
EMP045513,David,Brown,David Brown,56,Engineering,Lead,San Francisco,94824.54,10737.48,2023-12-21,30,58.5,david.brown@company.com,(800) 643-2066,Active
EMP045514,Daniel,Wilson,Daniel Wilson,53,Engineering,Manager,New York,86019.92,5293.02,2022-09-27,27,48.0,daniel.wilson@company.com,(246) 789-8016,Active
EMP045515,Melissa,Moore,Melissa Moore,28,Engineering,Analyst,San Francisco,74738.85,6772.55,2020-12-02,1,83.7,melissa.moore@company.com,(937) 547-7235,Active
EMP045516,John,Gonzalez,John Gonzalez,46,Engineering,Specialist,Los Angeles,103333.79,1618.96,2022-02-15,23,82.4,john.gonzalez@company.com,(657) 767-8674,Active
EMP045517,Michael,Martin,Michael Martin,42,HR,Analyst,New York,50669.71,4562.63,2023-12-15,19,67.4,michael.martin@company.com,(856) 294-2712,Active
EMP045518,Nicole,Lopez,Nicole Lopez,59,IT,Director,Miami,117870.89,15659.01,2023-05-30,31,76.7,nicole.lopez@company.com,(352) 495-6487,On Leave
EMP045519,Jane,Brown,Jane Brown,41,Marketing,Director,Seattle,65829.01,5542.92,2020-07-10,12,94.0,jane.brown@company.com,(825) 407-4055,Active
EMP045520,William,Johnson,William Johnson,22,Operations,Senior Developer,San Francisco,63283.32,11062.61,2022-12-18,0,45.7,william.johnson@company.com,(236) 758-5462,Active
EMP045521,William,Johnson,William Johnson,39,Operations,Specialist,Chicago,27753.63,3462.04,2021-10-29,17,74.5,william.johnson@company.com,(503) 889-2187,Active
EMP045522,John,Davis,John Davis,35,Operations,Director,San Francisco,61326.02,1632.36,2020-06-27,6,59.5,john.davis@company.com,(408) 939-2230,Active
EMP045523,Michael,Thomas,Michael Thomas,44,Sales,Manager,New York,81449.21,4811.26,2023-12-22,21,87.0,michael.thomas@company.com,(200) 297-2379,Active
EMP045524,Melissa,Martin,Melissa Martin,22,Sales,Manager,Austin,67727.42,2360.65,2021-01-28,0,67.6,melissa.martin@company.com,(957) 488-7538,Inactive
EMP045525,Emily,Jones,Emily Jones,59,Legal,Senior Developer,Seattle,135495.21,6175.97,2024-04-06,34,65.0,emily.jones@company.com,(501) 278-3743,Active
EMP045526,Robert,Williams,Robert Williams,62,Sales,Director,Los Angeles,99448.65,9041.53,2022-07-22,39,100.0,robert.williams@company.com,(945) 358-9728,Active
EMP045527,Robert,Martinez,Robert Martinez,35,Operations,Lead,Chicago,62143.66,6500.58,2024-03-23,7,49.4,robert.martinez@company.com,(921) 893-2584,Inactive
EMP045528,Christopher,Anderson,Christopher Anderson,38,Sales,Manager,Miami,68213.04,10723.09,2022-10-19,12,68.6,christopher.anderson@company.com,(860) 703-5242,Active
EMP045529,Michael,Gonzalez,Michael Gonzalez,60,HR,Analyst,Los Angeles,93808.33,7350.24,2021-10-27,35,64.4,michael.gonzalez@company.com,(963) 286-7608,On Leave
EMP045530,James,Wilson,James Wilson,49,Finance,Analyst,Boston,70967.8,6223.33,2020-09-19,21,73.1,james.wilson@company.com,(504) 555-7982,On Leave
EMP045531,Anthony,Wilson,Anthony Wilson,44,HR,Specialist,Austin,54642.25,3251.5,2022-07-02,17,95.8,anthony.wilson@company.com,(884) 481-6197,On Leave
EMP045532,Jessica,Martin,Jessica Martin,46,Engineering,Senior Developer,Chicago,120587.5,14171.99,2021-02-17,20,82.6,jessica.martin@company.com,(646) 613-4795,Active
EMP045533,Lisa,Smith,Lisa Smith,62,Engineering,Specialist,Boston,124835.96,19663.75,2024-02-11,38,100.0,lisa.smith@company.com,(676) 360-1394,Active
EMP045534,Daniel,Rodriguez,Daniel Rodriguez,26,Engineering,Manager,Los Angeles,56931.36,7872.4,2021-03-17,0,76.4,daniel.rodriguez@company.com,(276) 808-3708,Active
EMP045535,Daniel,Jones,Daniel Jones,36,Operations,Senior Developer,Boston,51180.19,5833.57,2021-05-12,11,78.9,daniel.jones@company.com,(500) 905-3974,Active
EMP045536,James,Garcia,James Garcia,47,Sales,Coordinator,Seattle,75918.71,10928.34,2021-04-14,18,85.0,james.garcia@company.com,(671) 838-7684,Active
EMP045537,Jane,Miller,Jane Miller,62,Engineering,Senior Developer,Chicago,151290.31,10624.83,2023-05-16,39,71.7,jane.miller@company.com,(610) 966-5141,Active
EMP045538,Robert,Martin,Robert Martin,32,Engineering,Lead,Miami,65657.11,4674.74,2020-01-14,7,90.9,robert.martin@company.com,(835) 294-6681,Active
EMP045539,William,Brown,William Brown,56,Finance,Coordinator,San Francisco,89141.48,13027.67,2021-08-05,34,54.6,william.brown@company.com,(796) 389-5400,Active
EMP045540,Amanda,Martin,Amanda Martin,33,Engineering,Analyst,Chicago,73692.9,14536.57,2023-01-17,5,53.6,amanda.martin@company.com,(658) 201-4329,Active
EMP045541,Matthew,Miller,Matthew Miller,54,Finance,Associate,Los Angeles,63929.51,10226.39,2024-04-21,28,95.1,matthew.miller@company.com,(790) 272-2707,Inactive
EMP045542,Ashley,Gonzalez,Ashley Gonzalez,59,Operations,Coordinator,Austin,72658.71,5450.03,2024-03-31,34,53.5,ashley.gonzalez@company.com,(691) 305-8701,Active
EMP045543,Jessica,Rodriguez,Jessica Rodriguez,30,Marketing,Manager,Seattle,70391.15,6654.86,2020-04-24,3,54.3,jessica.rodriguez@company.com,(759) 827-7418,Active
EMP045544,Jane,Garcia,Jane Garcia,27,Operations,Director,Boston,45231.32,9857.72,2022-11-21,0,52.2,jane.garcia@company.com,(482) 912-5203,Active
EMP045545,Daniel,Martinez,Daniel Martinez,60,HR,Associate,San Francisco,71565.14,10267.05,2021-05-13,36,100.0,daniel.martinez@company.com,(637) 598-3743,Active
EMP045546,Stephanie,Johnson,Stephanie Johnson,32,Operations,Coordinator,Austin,61267.56,6659.24,2020-05-18,9,59.1,stephanie.johnson@company.com,(935) 717-4082,Active
EMP045547,Stephanie,Johnson,Stephanie Johnson,35,IT,Analyst,Austin,89307.67,8554.19,2022-12-13,10,61.9,stephanie.johnson@company.com,(765) 909-5303,Active
EMP045548,Jane,Rodriguez,Jane Rodriguez,25,Legal,Associate,Miami,82497.16,14565.11,2023-09-22,3,67.4,jane.rodriguez@company.com,(971) 423-3882,Active
EMP045549,Emily,Garcia,Emily Garcia,42,Marketing,Lead,Seattle,61085.08,1140.15,2022-05-22,16,83.7,emily.garcia@company.com,(391) 388-1900,Inactive
EMP045550,Jessica,Rodriguez,Jessica Rodriguez,34,HR,Lead,Miami,42439.42,3617.48,2021-02-10,10,59.1,jessica.rodriguez@company.com,(586) 476-4801,Active
EMP045551,Jane,Smith,Jane Smith,33,Finance,Director,Seattle,73984.48,3163.73,2020-03-07,11,73.8,jane.smith@company.com,(569) 240-5147,Active
EMP045552,Jane,Gonzalez,Jane Gonzalez,28,Finance,Coordinator,Los Angeles,65935.01,6229.22,2022-05-24,1,47.6,jane.gonzalez@company.com,(480) 614-5164,Active
EMP045553,Daniel,Martin,Daniel Martin,28,IT,Coordinator,Austin,87636.31,2179.41,2023-02-11,4,76.7,daniel.martin@company.com,(856) 434-7201,On Leave
EMP045554,Melissa,Davis,Melissa Davis,30,Operations,Lead,New York,27719.9,2492.79,2024-03-29,2,68.5,melissa.davis@company.com,(326) 252-8834,Active
EMP045555,Nicole,Hernandez,Nicole Hernandez,57,Legal,Associate,Austin,113823.95,6233.19,2020-11-03,34,62.1,nicole.hernandez@company.com,(941) 208-2214,Active
EMP045556,Amanda,Williams,Amanda Williams,54,Marketing,Manager,Boston,63201.72,1682.95,2021-10-15,29,81.5,amanda.williams@company.com,(329) 993-5675,Active
EMP045557,Emily,Garcia,Emily Garcia,48,IT,Lead,Seattle,83056.88,4540.22,2024-05-12,19,65.5,emily.garcia@company.com,(222) 887-2442,Active
EMP045558,James,Smith,James Smith,59,Sales,Coordinator,Los Angeles,64719.84,7996.66,2020-06-30,30,92.8,james.smith@company.com,(941) 930-8574,Active
EMP045559,Anthony,Williams,Anthony Williams,49,Finance,Analyst,Austin,80706.32,7078.71,2024-02-07,24,89.1,anthony.williams@company.com,(868) 890-3965,Active
EMP045560,Nicole,Anderson,Nicole Anderson,28,Finance,Associate,Austin,61902.73,6354.15,2021-09-07,0,51.5,nicole.anderson@company.com,(210) 615-7662,Active
EMP045561,David,Williams,David Williams,26,Finance,Lead,Miami,62385.82,6950.64,2021-09-28,0,45.9,david.williams@company.com,(829) 358-6551,Active
EMP045562,Sarah,Lopez,Sarah Lopez,34,Engineering,Senior Developer,New York,73439.18,6716.91,2021-10-29,12,74.5,sarah.lopez@company.com,(478) 674-3400,Inactive
EMP045563,Matthew,Johnson,Matthew Johnson,45,HR,Coordinator,Austin,60518.39,7653.93,2020-11-22,19,58.4,matthew.johnson@company.com,(368) 245-7418,Active
EMP045564,James,Wilson,James Wilson,22,Legal,Lead,Seattle,60179.09,1941.3,2020-09-22,0,96.3,james.wilson@company.com,(816) 661-7864,Active
EMP045565,James,Davis,James Davis,41,Legal,Specialist,Chicago,85558.42,6585.9,2022-08-14,16,63.1,james.davis@company.com,(386) 845-1613,Active
EMP045566,Anthony,Martinez,Anthony Martinez,44,Engineering,Associate,New York,91108.21,11781.31,2023-06-18,16,79.8,anthony.martinez@company.com,(952) 656-7289,Active
EMP045567,Amanda,Gonzalez,Amanda Gonzalez,30,Engineering,Senior Developer,Seattle,53884.42,3989.62,2020-04-29,2,74.6,amanda.gonzalez@company.com,(662) 397-4724,On Leave
EMP045568,Christopher,Gonzalez,Christopher Gonzalez,62,Marketing,Director,New York,103545.19,9272.73,2024-02-06,33,87.0,christopher.gonzalez@company.com,(754) 302-7942,Active
EMP045569,David,Anderson,David Anderson,41,IT,Senior Developer,Miami,94148.29,4434.51,2021-10-20,19,80.5,david.anderson@company.com,(461) 421-2803,Inactive
EMP045570,Melissa,Johnson,Melissa Johnson,63,IT,Manager,Chicago,120793.11,7213.44,2021-01-19,39,74.2,melissa.johnson@company.com,(920) 383-7329,Active
EMP045571,Matthew,Davis,Matthew Davis,42,Marketing,Analyst,Seattle,66793.32,8919.43,2021-11-29,16,85.3,matthew.davis@company.com,(511) 721-1451,Active
EMP045572,David,Smith,David Smith,40,Operations,Analyst,Austin,65269.82,5881.77,2024-02-16,14,87.5,david.smith@company.com,(697) 812-2912,Active
EMP045573,Matthew,Jones,Matthew Jones,28,IT,Associate,Boston,77956.63,4035.34,2020-07-25,4,84.9,matthew.jones@company.com,(436) 992-1527,Active
EMP045574,Amanda,Martinez,Amanda Martinez,59,Operations,Specialist,New York,84984.42,13540.58,2022-08-15,35,97.0,amanda.martinez@company.com,(920) 638-7218,Inactive
EMP045575,Anthony,Lopez,Anthony Lopez,65,Operations,Manager,Austin,84162.16,15657.02,2021-10-24,41,44.5,anthony.lopez@company.com,(294) 759-3968,Active
EMP045576,Emily,Smith,Emily Smith,36,Sales,Director,New York,56274.97,5006.92,2023-08-20,11,67.7,emily.smith@company.com,(860) 454-2498,Active
EMP045577,David,Lopez,David Lopez,43,Legal,Analyst,San Francisco,101172.44,10815.39,2020-05-28,14,74.9,david.lopez@company.com,(956) 483-3529,Active
EMP045578,James,Martin,James Martin,23,IT,Lead,Seattle,47910.12,5657.23,2020-04-30,0,55.5,james.martin@company.com,(314) 239-8306,Active
EMP045579,Jessica,Thomas,Jessica Thomas,55,HR,Director,Chicago,69746.61,62.88,2022-02-10,28,82.0,jessica.thomas@company.com,(998) 214-4337,Inactive
EMP045580,Ashley,Anderson,Ashley Anderson,25,Operations,Manager,San Francisco,65730.31,3026.5,2024-01-14,0,69.6,ashley.anderson@company.com,(279) 366-6484,Active
EMP045581,Melissa,Jackson,Melissa Jackson,60,Sales,Coordinator,Boston,80823.11,8547.43,2020-04-04,33,55.3,melissa.jackson@company.com,(876) 390-9195,Inactive
EMP045582,Ashley,Hernandez,Ashley Hernandez,23,HR,Lead,Los Angeles,42826.36,1212.15,2024-05-01,1,81.8,ashley.hernandez@company.com,(588) 426-4431,Active
EMP045583,Emily,Miller,Emily Miller,32,Operations,Lead,San Francisco,73743.71,3440.15,2024-05-05,8,79.6,emily.miller@company.com,(566) 583-8823,Active
EMP045584,Sarah,Lopez,Sarah Lopez,50,Operations,Coordinator,Chicago,69112.16,9698.1,2021-05-05,25,84.1,sarah.lopez@company.com,(309) 519-7816,Active
EMP045585,Nicole,Jackson,Nicole Jackson,34,IT,Coordinator,San Francisco,85353.64,5113.19,2021-02-25,12,78.9,nicole.jackson@company.com,(304) 938-1297,Active
EMP045586,William,Hernandez,William Hernandez,65,Finance,Senior Developer,Seattle,96043.94,7462.97,2021-01-20,36,70.5,william.hernandez@company.com,(850) 888-8208,Active
EMP045587,David,Lopez,David Lopez,54,Legal,Coordinator,Austin,72496.91,0.0,2024-05-27,32,73.0,david.lopez@company.com,(888) 215-3079,Inactive
EMP045588,Anthony,Smith,Anthony Smith,45,Engineering,Specialist,Los Angeles,80275.43,4453.35,2022-10-28,18,72.5,anthony.smith@company.com,(832) 441-2346,Active
EMP045589,Christopher,Hernandez,Christopher Hernandez,37,Engineering,Lead,New York,68408.18,8099.12,2024-09-06,9,71.6,christopher.hernandez@company.com,(743) 281-3708,Active
EMP045590,John,Smith,John Smith,54,Finance,Director,Boston,95274.08,15690.13,2023-04-12,32,75.2,john.smith@company.com,(612) 743-7818,Active
EMP045591,Emily,Martinez,Emily Martinez,58,Marketing,Analyst,Boston,69247.39,10618.1,2020-03-30,30,81.0,emily.martinez@company.com,(202) 990-5455,Active
EMP045592,Daniel,Brown,Daniel Brown,29,Sales,Associate,Miami,59821.94,12575.84,2022-02-26,0,87.0,daniel.brown@company.com,(427) 600-8526,Active
EMP045593,Melissa,Martin,Melissa Martin,31,Engineering,Senior Developer,Seattle,105246.43,12851.45,2020-03-31,3,75.4,melissa.martin@company.com,(679) 305-5601,Active
EMP045594,Christopher,Anderson,Christopher Anderson,55,Marketing,Lead,New York,48167.46,5210.45,2021-02-07,30,83.3,christopher.anderson@company.com,(233) 439-7565,Active
EMP045595,Michael,Martin,Michael Martin,34,Legal,Coordinator,Boston,85208.35,4428.5,2024-02-01,8,100.0,michael.martin@company.com,(612) 805-7900,Active
EMP045596,Stephanie,Davis,Stephanie Davis,38,Sales,Coordinator,Seattle,59815.93,10668.14,2023-04-13,10,86.0,stephanie.davis@company.com,(582) 930-6151,Active
EMP045597,David,Thomas,David Thomas,52,HR,Analyst,Seattle,86135.81,8408.78,2021-09-13,30,93.0,david.thomas@company.com,(715) 900-3764,On Leave
EMP045598,Christopher,Wilson,Christopher Wilson,25,Marketing,Coordinator,Chicago,83472.63,8261.26,2021-12-04,0,51.9,christopher.wilson@company.com,(366) 426-8338,On Leave
EMP045599,William,Thomas,William Thomas,42,Marketing,Analyst,Miami,100277.34,1743.99,2020-04-30,19,83.4,william.thomas@company.com,(764) 752-2239,Active
EMP045600,Daniel,Wilson,Daniel Wilson,35,Legal,Manager,Chicago,115971.09,16120.74,2023-10-10,8,72.1,daniel.wilson@company.com,(502) 393-5137,Active
EMP045601,Daniel,Gonzalez,Daniel Gonzalez,38,Marketing,Director,Seattle,79242.55,3440.24,2024-11-12,13,59.8,daniel.gonzalez@company.com,(743) 732-1872,Active
EMP045602,Ashley,Brown,Ashley Brown,58,Sales,Manager,San Francisco,89127.03,10992.27,2021-02-14,34,45.5,ashley.brown@company.com,(892) 582-7892,Active
EMP045603,William,Lopez,William Lopez,33,Sales,Lead,San Francisco,80706.86,0.0,2023-11-11,10,100.0,william.lopez@company.com,(813) 898-1801,Active
EMP045604,Sarah,Lopez,Sarah Lopez,53,Legal,Coordinator,San Francisco,112529.58,2825.23,2022-08-23,26,74.0,sarah.lopez@company.com,(858) 225-3079,On Leave
EMP045605,David,Martin,David Martin,53,Finance,Lead,Seattle,96413.79,11006.77,2023-03-05,24,49.6,david.martin@company.com,(964) 781-1995,On Leave
EMP045606,Matthew,Martin,Matthew Martin,62,HR,Senior Developer,Seattle,80004.75,0.0,2023-06-20,38,100.0,matthew.martin@company.com,(537) 490-9154,Active
EMP045607,Nicole,Hernandez,Nicole Hernandez,33,Sales,Specialist,Boston,53576.88,0.0,2022-07-04,6,94.9,nicole.hernandez@company.com,(929) 477-5455,Active
EMP045608,Nicole,Miller,Nicole Miller,56,Operations,Senior Developer,Miami,90346.42,8787.53,2020-04-12,31,88.3,nicole.miller@company.com,(918) 378-1592,Inactive
EMP045609,Matthew,Brown,Matthew Brown,60,Finance,Associate,San Francisco,131159.73,2941.36,2023-04-22,38,63.4,matthew.brown@company.com,(234) 954-3562,Active
EMP045610,Christopher,Martin,Christopher Martin,30,IT,Specialist,Los Angeles,71909.56,0.0,2020-04-25,4,71.8,christopher.martin@company.com,(393) 747-6524,Active
EMP045611,Christopher,Anderson,Christopher Anderson,25,Legal,Associate,Chicago,111223.27,9936.7,2024-01-18,0,58.6,christopher.anderson@company.com,(969) 456-9094,Active
EMP045612,Daniel,Gonzalez,Daniel Gonzalez,45,Marketing,Analyst,Los Angeles,66402.55,8580.88,2023-07-01,18,69.2,daniel.gonzalez@company.com,(354) 525-4587,Active
EMP045613,David,Brown,David Brown,64,IT,Director,Austin,120658.63,7617.76,2023-02-25,37,85.1,david.brown@company.com,(368) 483-1611,Active
EMP045614,Jane,Wilson,Jane Wilson,57,HR,Associate,New York,68272.75,9826.89,2024-09-16,34,58.2,jane.wilson@company.com,(669) 548-3737,Active
EMP045615,Anthony,Martinez,Anthony Martinez,46,IT,Coordinator,Austin,86272.05,12621.62,2023-09-09,23,65.4,anthony.martinez@company.com,(201) 252-8631,Active
EMP045616,Anthony,Martinez,Anthony Martinez,38,IT,Associate,Chicago,98581.11,8679.48,2024-07-24,11,64.5,anthony.martinez@company.com,(203) 701-3088,Active
EMP045617,James,Gonzalez,James Gonzalez,30,Sales,Specialist,San Francisco,90447.78,11815.15,2021-08-04,4,74.8,james.gonzalez@company.com,(237) 208-7940,Active
EMP045618,William,Brown,William Brown,38,Sales,Director,Los Angeles,81763.59,13766.67,2021-03-27,16,79.8,william.brown@company.com,(992) 676-7802,Active
EMP045619,Anthony,Hernandez,Anthony Hernandez,40,Operations,Director,New York,69777.49,9074.13,2022-09-03,11,81.9,anthony.hernandez@company.com,(753) 867-8454,Active
EMP045620,Ashley,Moore,Ashley Moore,57,Sales,Manager,Seattle,61630.67,7145.79,2022-02-18,28,61.5,ashley.moore@company.com,(652) 706-2807,Active
EMP045621,Daniel,Gonzalez,Daniel Gonzalez,48,HR,Specialist,Boston,82031.65,9298.07,2021-06-21,24,67.7,daniel.gonzalez@company.com,(830) 245-7015,Inactive
EMP045622,Amanda,Garcia,Amanda Garcia,60,Engineering,Analyst,Boston,105132.27,2499.5,2020-06-20,32,87.6,amanda.garcia@company.com,(240) 820-6603,Active
EMP045623,Stephanie,Gonzalez,Stephanie Gonzalez,64,Legal,Senior Developer,Seattle,79531.35,9332.97,2024-02-20,35,51.3,stephanie.gonzalez@company.com,(876) 950-1345,On Leave
EMP045624,Jane,Johnson,Jane Johnson,63,Operations,Manager,Miami,77181.25,11871.95,2021-11-07,36,93.6,jane.johnson@company.com,(576) 320-6943,Active
EMP045625,Ashley,Martin,Ashley Martin,55,Finance,Specialist,Boston,112930.24,5061.8,2021-12-11,33,68.0,ashley.martin@company.com,(536) 344-3938,Active
EMP045626,Matthew,Moore,Matthew Moore,63,HR,Manager,Miami,76198.72,11019.08,2024-01-27,40,90.8,matthew.moore@company.com,(995) 803-9882,Active
EMP045627,Stephanie,Rodriguez,Stephanie Rodriguez,26,Engineering,Analyst,Boston,90506.85,5881.58,2020-04-30,0,80.0,stephanie.rodriguez@company.com,(259) 786-3493,Active
EMP045628,Emily,Lopez,Emily Lopez,46,Finance,Analyst,Los Angeles,43500.91,1185.96,2020-11-07,22,64.3,emily.lopez@company.com,(829) 816-9957,Active
EMP045629,Melissa,Miller,Melissa Miller,57,Marketing,Analyst,San Francisco,83267.46,9502.92,2021-02-02,30,66.0,melissa.miller@company.com,(943) 761-2605,Inactive
EMP045630,Jane,Lopez,Jane Lopez,32,HR,Analyst,Los Angeles,66544.33,5840.73,2021-03-02,4,60.6,jane.lopez@company.com,(313) 983-5458,Active
EMP045631,Jessica,Jackson,Jessica Jackson,58,Engineering,Director,New York,100786.84,4371.77,2022-09-07,31,72.1,jessica.jackson@company.com,(249) 440-5237,On Leave
EMP045632,William,Jackson,William Jackson,64,HR,Analyst,New York,90237.03,15653.03,2024-04-14,40,62.7,william.jackson@company.com,(854) 520-2726,Active
EMP045633,Daniel,Gonzalez,Daniel Gonzalez,63,Sales,Coordinator,Austin,94326.41,9160.21,2022-04-30,34,89.0,daniel.gonzalez@company.com,(977) 328-5447,Active
EMP045634,Daniel,Brown,Daniel Brown,47,Engineering,Manager,Austin,135058.52,4226.92,2023-05-20,23,70.3,daniel.brown@company.com,(707) 949-3926,Active
EMP045635,Amanda,Smith,Amanda Smith,54,HR,Senior Developer,San Francisco,49240.54,5231.53,2024-03-25,28,61.3,amanda.smith@company.com,(572) 598-5496,Inactive
EMP045636,John,Brown,John Brown,48,IT,Senior Developer,Seattle,112933.2,13779.95,2023-08-15,19,61.0,john.brown@company.com,(400) 901-6177,Active
EMP045637,Sarah,Hernandez,Sarah Hernandez,22,IT,Manager,Austin,67514.72,13881.75,2024-07-12,0,90.0,sarah.hernandez@company.com,(316) 247-6146,Active
EMP045638,Stephanie,Smith,Stephanie Smith,57,Legal,Analyst,San Francisco,127036.17,11616.9,2024-01-08,33,80.4,stephanie.smith@company.com,(498) 606-5106,Active
EMP045639,Michael,Miller,Michael Miller,57,HR,Director,Miami,90883.17,3086.97,2022-05-30,35,76.0,michael.miller@company.com,(435) 714-8339,Inactive
EMP045640,Lisa,Hernandez,Lisa Hernandez,62,Operations,Director,Chicago,40086.37,3991.49,2020-03-19,36,78.0,lisa.hernandez@company.com,(850) 484-4181,Active
EMP045641,Melissa,Smith,Melissa Smith,32,Finance,Associate,Miami,87938.79,7681.71,2023-03-26,7,71.2,melissa.smith@company.com,(654) 679-2672,Active
EMP045642,Ashley,Anderson,Ashley Anderson,35,Engineering,Associate,Austin,72217.84,7953.55,2022-08-16,9,91.9,ashley.anderson@company.com,(669) 969-7385,Active
EMP045643,John,Garcia,John Garcia,36,Finance,Coordinator,New York,46188.65,3509.34,2023-01-13,10,58.5,john.garcia@company.com,(593) 678-3690,Active
EMP045644,Christopher,Miller,Christopher Miller,22,Sales,Specialist,San Francisco,68051.02,7034.45,2021-05-12,0,83.6,christopher.miller@company.com,(766) 299-2186,On Leave
EMP045645,Christopher,Anderson,Christopher Anderson,37,Finance,Manager,San Francisco,72608.24,7248.76,2022-02-18,8,80.7,christopher.anderson@company.com,(303) 300-1037,Active
EMP045646,Sarah,Jackson,Sarah Jackson,42,IT,Senior Developer,Seattle,69905.67,2096.79,2022-04-21,15,85.5,sarah.jackson@company.com,(699) 780-8227,Inactive
EMP045647,Lisa,Brown,Lisa Brown,56,HR,Specialist,Austin,101068.32,15099.18,2020-05-06,27,73.0,lisa.brown@company.com,(912) 382-7660,Active
EMP045648,Anthony,Rodriguez,Anthony Rodriguez,30,Marketing,Analyst,New York,61622.21,5838.38,2021-11-13,3,82.9,anthony.rodriguez@company.com,(545) 520-8751,Active
EMP045649,Daniel,Taylor,Daniel Taylor,32,Marketing,Associate,Seattle,79981.45,9284.13,2021-10-15,7,66.6,daniel.taylor@company.com,(967) 352-8452,On Leave
EMP045650,Robert,Taylor,Robert Taylor,26,IT,Analyst,Miami,54448.0,5516.23,2022-02-25,3,65.9,robert.taylor@company.com,(996) 658-3352,Active
EMP045651,Jessica,Jackson,Jessica Jackson,60,Finance,Specialist,Seattle,98916.94,11225.0,2022-09-18,31,68.8,jessica.jackson@company.com,(304) 486-9460,Active
EMP045652,David,Taylor,David Taylor,34,Finance,Manager,New York,79359.6,5350.97,2022-01-09,10,81.4,david.taylor@company.com,(606) 634-6552,Active
EMP045653,Robert,Martinez,Robert Martinez,40,Marketing,Coordinator,Los Angeles,72081.16,3121.04,2023-06-25,14,70.3,robert.martinez@company.com,(778) 631-8994,Active
EMP045654,Robert,Davis,Robert Davis,58,Operations,Manager,New York,44679.46,7479.05,2020-04-18,35,87.7,robert.davis@company.com,(574) 581-4731,Active
EMP045655,Melissa,Brown,Melissa Brown,55,Engineering,Senior Developer,Chicago,113221.3,20126.19,2023-05-09,27,66.4,melissa.brown@company.com,(445) 354-5846,Active
EMP045656,Jane,Garcia,Jane Garcia,24,IT,Manager,Boston,70419.89,8585.09,2024-01-31,0,73.6,jane.garcia@company.com,(557) 304-7559,Inactive
EMP045657,David,Anderson,David Anderson,64,Finance,Senior Developer,Miami,98346.49,10877.99,2024-04-19,38,100.0,david.anderson@company.com,(412) 796-9920,Active
EMP045658,Ashley,Anderson,Ashley Anderson,48,Legal,Coordinator,Miami,117709.19,11723.73,2021-05-15,24,58.3,ashley.anderson@company.com,(454) 357-9701,On Leave
EMP045659,David,Garcia,David Garcia,61,Legal,Lead,Chicago,111326.25,9827.51,2022-05-16,37,89.3,david.garcia@company.com,(664) 341-4742,Active
EMP045660,Anthony,Gonzalez,Anthony Gonzalez,46,Engineering,Specialist,New York,115919.99,2614.97,2024-03-08,17,74.9,anthony.gonzalez@company.com,(757) 669-4458,Active
EMP045661,Anthony,Moore,Anthony Moore,61,Operations,Analyst,San Francisco,75940.47,10422.43,2022-08-09,35,80.4,anthony.moore@company.com,(429) 967-2387,Inactive
EMP045662,David,Garcia,David Garcia,53,Legal,Specialist,Los Angeles,104868.97,18771.69,2020-01-26,26,78.7,david.garcia@company.com,(803) 475-6281,Active
EMP045663,John,Gonzalez,John Gonzalez,58,HR,Analyst,New York,63460.16,5440.63,2020-06-14,32,39.7,john.gonzalez@company.com,(225) 657-6227,Active
EMP045664,James,Taylor,James Taylor,33,Engineering,Coordinator,Chicago,73854.55,11227.89,2023-06-19,6,95.4,james.taylor@company.com,(418) 283-6700,Active
EMP045665,Christopher,Williams,Christopher Williams,47,IT,Specialist,Seattle,101080.57,16962.01,2021-05-23,19,76.8,christopher.williams@company.com,(475) 556-7241,Active
EMP045666,Jessica,Smith,Jessica Smith,38,Sales,Coordinator,Miami,84479.47,0.0,2023-06-14,12,86.4,jessica.smith@company.com,(464) 273-8828,Active
EMP045667,Robert,Jackson,Robert Jackson,31,Legal,Coordinator,Boston,79091.82,4876.21,2023-07-29,8,88.8,robert.jackson@company.com,(479) 945-4528,Inactive
EMP045668,Anthony,Hernandez,Anthony Hernandez,51,Finance,Senior Developer,Los Angeles,64920.06,5964.47,2020-06-25,25,88.1,anthony.hernandez@company.com,(419) 796-6521,Active
EMP045669,John,Thomas,John Thomas,62,Legal,Director,San Francisco,98002.62,14121.92,2024-04-09,40,58.2,john.thomas@company.com,(879) 612-7967,Active
EMP045670,Melissa,Taylor,Melissa Taylor,37,Sales,Director,Miami,66059.76,4765.85,2023-10-05,14,67.1,melissa.taylor@company.com,(562) 738-5620,Active
EMP045671,Matthew,Jones,Matthew Jones,42,Marketing,Analyst,San Francisco,93543.4,13033.73,2023-05-17,15,80.0,matthew.jones@company.com,(851) 595-8908,Active
EMP045672,Ashley,Gonzalez,Ashley Gonzalez,42,Operations,Coordinator,New York,55066.89,2705.17,2023-07-12,19,66.9,ashley.gonzalez@company.com,(238) 992-1526,Active
EMP045673,Daniel,Jones,Daniel Jones,25,Engineering,Director,Miami,85520.98,7011.8,2020-12-28,0,93.8,daniel.jones@company.com,(796) 561-2190,Active
EMP045674,Melissa,Martin,Melissa Martin,29,Finance,Associate,Seattle,74026.47,7069.1,2020-09-05,6,75.7,melissa.martin@company.com,(297) 380-2905,Active
EMP045675,Stephanie,Taylor,Stephanie Taylor,35,HR,Senior Developer,San Francisco,57211.41,4334.89,2023-04-24,7,74.0,stephanie.taylor@company.com,(995) 868-1096,Active
EMP045676,John,Miller,John Miller,23,Legal,Coordinator,Los Angeles,40029.49,3132.23,2020-02-24,1,67.6,john.miller@company.com,(423) 612-5547,Active
EMP045677,David,Wilson,David Wilson,29,IT,Associate,Seattle,94842.41,3787.6,2020-03-29,5,79.8,david.wilson@company.com,(714) 839-8843,Active
EMP045678,Jessica,Jones,Jessica Jones,65,Engineering,Lead,Chicago,124541.7,9054.54,2021-01-06,43,78.5,jessica.jones@company.com,(409) 783-9246,Active
EMP045679,Jessica,Thomas,Jessica Thomas,49,Legal,Senior Developer,Austin,113952.33,11166.92,2022-08-14,24,81.9,jessica.thomas@company.com,(478) 728-3825,Active
EMP045680,Anthony,Moore,Anthony Moore,39,Legal,Analyst,Austin,77181.4,9445.89,2023-12-21,14,75.3,anthony.moore@company.com,(644) 910-5212,Active
EMP045681,Michael,Jones,Michael Jones,32,Sales,Lead,Los Angeles,58170.15,5483.75,2023-12-25,9,72.5,michael.jones@company.com,(436) 813-8635,Active
EMP045682,Amanda,Hernandez,Amanda Hernandez,22,Operations,Coordinator,Los Angeles,49611.21,2274.72,2023-10-31,0,69.1,amanda.hernandez@company.com,(244) 909-6306,Active
EMP045683,Michael,Martin,Michael Martin,33,Operations,Lead,New York,77963.97,11409.13,2024-08-08,10,33.3,michael.martin@company.com,(831) 520-9939,Active
EMP045684,Ashley,Johnson,Ashley Johnson,65,Marketing,Specialist,San Francisco,97237.55,12940.3,2021-01-15,39,97.0,ashley.johnson@company.com,(623) 999-5041,Active
EMP045685,John,Williams,John Williams,40,Sales,Lead,Seattle,73926.29,7927.51,2024-05-21,18,73.6,john.williams@company.com,(344) 240-2677,Active
EMP045686,Matthew,Wilson,Matthew Wilson,29,IT,Manager,New York,70675.84,9959.62,2021-12-26,6,79.0,matthew.wilson@company.com,(264) 896-9580,Active
EMP045687,William,Miller,William Miller,60,IT,Lead,Austin,126141.28,13094.01,2020-10-28,32,47.4,william.miller@company.com,(743) 593-4630,Active
EMP045688,Michael,Taylor,Michael Taylor,56,HR,Associate,San Francisco,77529.4,2545.97,2023-11-01,31,87.9,michael.taylor@company.com,(394) 631-3138,Active
EMP045689,Michael,Martinez,Michael Martinez,57,Legal,Director,San Francisco,103864.37,9549.92,2024-09-13,32,64.2,michael.martinez@company.com,(596) 310-3899,Inactive
EMP045690,Matthew,Jones,Matthew Jones,59,IT,Manager,Boston,104717.98,14249.27,2021-03-27,33,90.6,matthew.jones@company.com,(508) 826-5061,Inactive
EMP045691,Sarah,Martin,Sarah Martin,41,Marketing,Manager,Chicago,62088.86,2715.82,2023-06-19,13,77.7,sarah.martin@company.com,(704) 342-7226,Active
EMP045692,Daniel,Smith,Daniel Smith,34,Engineering,Associate,San Francisco,100866.96,9815.53,2020-04-21,11,92.4,daniel.smith@company.com,(389) 493-4737,Active
EMP045693,Stephanie,Anderson,Stephanie Anderson,62,Engineering,Director,Boston,113439.19,22057.31,2024-11-17,40,83.0,stephanie.anderson@company.com,(261) 681-2233,Active
EMP045694,Daniel,Martin,Daniel Martin,28,Sales,Manager,Miami,57276.1,8061.45,2021-09-15,3,86.9,daniel.martin@company.com,(930) 735-5461,Active
EMP045695,Emily,Davis,Emily Davis,47,HR,Manager,Los Angeles,57911.07,3787.85,2024-04-07,18,89.6,emily.davis@company.com,(677) 469-9348,Active
EMP045696,James,Davis,James Davis,42,IT,Director,New York,94122.32,13978.32,2021-05-06,17,66.9,james.davis@company.com,(513) 407-4198,Active
EMP045697,Matthew,Moore,Matthew Moore,40,Operations,Director,Seattle,69368.93,12303.18,2021-06-01,11,75.5,matthew.moore@company.com,(391) 532-7328,Active
EMP045698,Emily,Lopez,Emily Lopez,48,Sales,Lead,Boston,73713.59,8996.41,2022-09-11,24,85.8,emily.lopez@company.com,(842) 691-1816,Active
EMP045699,Michael,Thomas,Michael Thomas,57,Engineering,Senior Developer,Miami,110766.6,16474.44,2022-03-26,28,82.0,michael.thomas@company.com,(797) 805-1377,Active
EMP045700,Robert,Moore,Robert Moore,51,Sales,Coordinator,New York,93758.52,0.0,2024-03-08,28,60.8,robert.moore@company.com,(471) 389-5516,Active
EMP045701,Melissa,Moore,Melissa Moore,58,Legal,Manager,Chicago,136417.51,17832.4,2020-01-24,32,70.5,melissa.moore@company.com,(307) 209-5566,Active
EMP045702,Emily,Jackson,Emily Jackson,22,Finance,Specialist,Chicago,73944.38,6657.93,2023-11-07,0,76.9,emily.jackson@company.com,(513) 275-4451,Inactive
EMP045703,Robert,Wilson,Robert Wilson,33,Operations,Lead,Miami,46395.07,4469.93,2022-08-25,11,84.5,robert.wilson@company.com,(802) 925-1346,Active
EMP045704,Stephanie,Lopez,Stephanie Lopez,27,Finance,Analyst,Chicago,84495.78,3034.94,2021-06-25,0,73.0,stephanie.lopez@company.com,(811) 310-8165,Active
EMP045705,Robert,Miller,Robert Miller,34,IT,Analyst,Seattle,66615.54,1319.66,2024-03-08,8,94.5,robert.miller@company.com,(581) 656-2038,Active
EMP045706,Lisa,Davis,Lisa Davis,62,Legal,Lead,Miami,103623.72,0.0,2021-05-06,33,74.6,lisa.davis@company.com,(343) 433-5423,Active
EMP045707,James,Martin,James Martin,28,Legal,Manager,Boston,68537.52,5507.51,2023-09-19,1,68.0,james.martin@company.com,(578) 244-7266,Active
EMP045708,Jane,Gonzalez,Jane Gonzalez,23,Finance,Manager,New York,35312.85,4630.5,2020-01-24,0,70.1,jane.gonzalez@company.com,(529) 401-9526,Active
EMP045709,William,Martin,William Martin,64,Engineering,Analyst,New York,116352.25,17462.76,2024-10-11,42,74.6,william.martin@company.com,(834) 471-7092,Active
EMP045710,Christopher,Miller,Christopher Miller,27,Marketing,Coordinator,New York,60342.15,11500.26,2020-10-22,0,88.0,christopher.miller@company.com,(800) 557-7879,Inactive
EMP045711,Robert,Garcia,Robert Garcia,27,Marketing,Senior Developer,Chicago,64023.74,6177.38,2020-08-06,3,85.5,robert.garcia@company.com,(872) 872-2141,Active
EMP045712,Michael,Davis,Michael Davis,45,Marketing,Lead,Boston,68253.53,5785.91,2020-05-20,20,65.3,michael.davis@company.com,(800) 963-8659,Active
EMP045713,Jane,Gonzalez,Jane Gonzalez,44,Legal,Analyst,Chicago,98730.56,12814.99,2020-11-09,15,70.6,jane.gonzalez@company.com,(320) 863-4827,Active
EMP045714,Emily,Garcia,Emily Garcia,38,Sales,Associate,Chicago,65744.41,6589.71,2023-12-04,10,61.2,emily.garcia@company.com,(695) 716-4199,Active
EMP045715,Michael,Smith,Michael Smith,50,Sales,Coordinator,New York,70101.51,12180.69,2022-11-03,21,62.9,michael.smith@company.com,(985) 520-3533,Active
EMP045716,Michael,Martinez,Michael Martinez,44,HR,Lead,Austin,91816.51,8840.63,2024-12-01,18,90.5,michael.martinez@company.com,(364) 420-4475,On Leave
EMP045717,Lisa,Anderson,Lisa Anderson,35,Legal,Analyst,Austin,58828.21,4766.24,2022-05-08,7,77.6,lisa.anderson@company.com,(747) 698-9241,Active
EMP045718,James,Martinez,James Martinez,46,Operations,Analyst,New York,72101.44,4644.03,2024-07-19,19,77.8,james.martinez@company.com,(896) 632-4755,Active
EMP045719,William,Martin,William Martin,30,IT,Manager,Miami,107622.41,11188.28,2024-10-14,2,92.8,william.martin@company.com,(731) 695-1088,Active
EMP045720,Emily,Gonzalez,Emily Gonzalez,25,Sales,Senior Developer,Miami,77134.39,10039.03,2023-01-12,0,65.3,emily.gonzalez@company.com,(466) 437-4147,Active
EMP045721,Amanda,Miller,Amanda Miller,57,Legal,Specialist,Austin,119247.04,12510.53,2022-05-06,29,77.6,amanda.miller@company.com,(761) 320-2373,Active
EMP045722,Emily,Moore,Emily Moore,23,Legal,Coordinator,Seattle,62742.7,6336.0,2020-12-24,0,96.3,emily.moore@company.com,(315) 914-6288,Active
EMP045723,Jessica,Hernandez,Jessica Hernandez,37,Operations,Coordinator,Boston,54884.14,3725.97,2022-12-21,8,59.7,jessica.hernandez@company.com,(299) 658-5238,Active
EMP045724,Emily,Miller,Emily Miller,51,Legal,Associate,San Francisco,84896.9,4383.28,2023-02-22,22,60.4,emily.miller@company.com,(698) 995-9526,Active
EMP045725,Emily,Gonzalez,Emily Gonzalez,52,Operations,Specialist,Seattle,66580.19,5029.72,2023-04-08,25,99.0,emily.gonzalez@company.com,(628) 661-2129,Active
EMP045726,Lisa,Rodriguez,Lisa Rodriguez,36,IT,Specialist,Seattle,62731.64,7299.73,2021-04-13,7,83.3,lisa.rodriguez@company.com,(392) 475-9003,Active
EMP045727,James,Martinez,James Martinez,51,Legal,Lead,Seattle,148651.05,19634.05,2023-11-21,23,54.2,james.martinez@company.com,(241) 808-9660,Active
EMP045728,Jessica,Moore,Jessica Moore,40,Finance,Analyst,Austin,76649.65,17413.9,2022-07-27,15,54.4,jessica.moore@company.com,(817) 525-5014,Active
EMP045729,Christopher,Miller,Christopher Miller,35,IT,Specialist,Chicago,81918.79,15513.08,2024-08-05,11,69.5,christopher.miller@company.com,(263) 449-5452,Inactive
EMP045730,Lisa,Lopez,Lisa Lopez,55,Sales,Senior Developer,Miami,74271.11,12409.58,2021-08-04,28,55.2,lisa.lopez@company.com,(235) 635-1967,Active
EMP045731,Matthew,Martinez,Matthew Martinez,62,Legal,Specialist,San Francisco,110542.19,13030.79,2020-02-13,33,70.3,matthew.martinez@company.com,(583) 251-3956,Active
EMP045732,James,Johnson,James Johnson,37,Finance,Lead,Miami,85515.33,18032.68,2020-05-28,15,98.2,james.johnson@company.com,(902) 883-1579,Inactive
EMP045733,Christopher,Martinez,Christopher Martinez,55,HR,Associate,Boston,98355.43,11700.88,2020-10-04,28,88.3,christopher.martinez@company.com,(867) 847-2032,Active
EMP045734,Michael,Brown,Michael Brown,30,Engineering,Lead,New York,116250.12,16656.36,2021-07-05,8,75.1,michael.brown@company.com,(891) 604-6453,Inactive
EMP045735,Michael,Williams,Michael Williams,44,HR,Manager,Austin,70956.56,8938.82,2020-03-09,17,92.5,michael.williams@company.com,(762) 938-6716,Active
EMP045736,James,Miller,James Miller,25,Legal,Manager,Miami,77239.38,5498.09,2021-04-24,1,68.7,james.miller@company.com,(637) 551-8445,Active
EMP045737,James,Gonzalez,James Gonzalez,42,Sales,Manager,Miami,71656.34,13687.48,2024-03-08,15,85.1,james.gonzalez@company.com,(289) 855-1207,Active
EMP045738,Matthew,Johnson,Matthew Johnson,32,HR,Lead,Seattle,69539.5,3972.68,2021-05-12,10,78.6,matthew.johnson@company.com,(833) 790-9019,Active
EMP045739,Christopher,Garcia,Christopher Garcia,53,Legal,Senior Developer,New York,145346.55,15280.01,2021-12-20,30,89.0,christopher.garcia@company.com,(765) 237-6577,Active
EMP045740,Christopher,Brown,Christopher Brown,30,Sales,Coordinator,Miami,64124.13,7676.75,2020-05-19,7,72.3,christopher.brown@company.com,(603) 735-6202,Active
EMP045741,Melissa,Wilson,Melissa Wilson,40,IT,Director,San Francisco,84706.14,9661.41,2023-06-12,16,91.6,melissa.wilson@company.com,(993) 561-5537,Active
EMP045742,Emily,Davis,Emily Davis,22,Finance,Manager,Seattle,58896.11,11359.17,2023-05-01,0,47.8,emily.davis@company.com,(631) 362-9162,Active
EMP045743,Stephanie,Martin,Stephanie Martin,48,Legal,Manager,Chicago,125283.94,6226.65,2024-01-11,19,95.2,stephanie.martin@company.com,(789) 786-2513,Active
EMP045744,Melissa,Smith,Melissa Smith,44,Sales,Coordinator,Seattle,34779.92,2552.85,2023-09-20,15,85.5,melissa.smith@company.com,(697) 762-8617,Active
EMP045745,Sarah,Johnson,Sarah Johnson,55,Finance,Manager,Los Angeles,76931.58,7617.93,2023-03-08,30,72.8,sarah.johnson@company.com,(678) 466-1479,Inactive
EMP045746,William,Taylor,William Taylor,52,HR,Associate,Chicago,67101.18,4346.15,2020-02-29,25,66.2,william.taylor@company.com,(336) 822-1981,Active
EMP045747,John,Johnson,John Johnson,42,Operations,Director,Seattle,65860.78,7038.2,2021-01-17,19,62.3,john.johnson@company.com,(418) 807-5849,Active
EMP045748,Sarah,Davis,Sarah Davis,33,HR,Analyst,Austin,62120.0,9400.9,2024-02-22,9,78.9,sarah.davis@company.com,(830) 545-5853,Active
EMP045749,William,Rodriguez,William Rodriguez,63,HR,Associate,Austin,95421.96,17331.11,2022-11-27,38,63.5,william.rodriguez@company.com,(562) 557-4634,Active
EMP045750,Jane,Davis,Jane Davis,57,Finance,Associate,Seattle,92932.58,12328.24,2023-11-21,29,67.8,jane.davis@company.com,(384) 525-7149,Active
EMP045751,Stephanie,Jones,Stephanie Jones,42,IT,Coordinator,Austin,59187.19,3303.8,2023-02-04,18,79.8,stephanie.jones@company.com,(579) 220-6962,Active
EMP045752,William,Jackson,William Jackson,31,IT,Director,San Francisco,82541.76,2596.1,2020-09-30,9,74.5,william.jackson@company.com,(344) 820-1728,Active
EMP045753,Melissa,Jones,Melissa Jones,40,Marketing,Manager,Los Angeles,89576.54,9941.95,2021-05-18,16,87.1,melissa.jones@company.com,(734) 662-9448,Active
EMP045754,Amanda,Brown,Amanda Brown,50,Sales,Analyst,Chicago,84759.63,8212.3,2020-10-28,22,82.4,amanda.brown@company.com,(226) 411-2354,Active
EMP045755,Michael,Garcia,Michael Garcia,65,Finance,Coordinator,San Francisco,127593.92,11316.36,2021-04-18,40,86.0,michael.garcia@company.com,(312) 760-6982,Active
EMP045756,Michael,Jones,Michael Jones,51,Sales,Associate,New York,82692.28,7669.76,2020-11-08,25,62.3,michael.jones@company.com,(552) 596-9489,Active
EMP045757,James,Moore,James Moore,62,Legal,Coordinator,New York,85804.86,14224.18,2023-04-04,40,76.4,james.moore@company.com,(763) 917-1892,Active
EMP045758,John,Brown,John Brown,32,HR,Analyst,Seattle,71485.99,7781.36,2020-07-14,3,75.3,john.brown@company.com,(286) 301-7261,Active
EMP045759,Lisa,Williams,Lisa Williams,44,Operations,Manager,Seattle,72221.12,5198.86,2020-06-07,20,100.0,lisa.williams@company.com,(462) 711-7774,Active
EMP045760,Sarah,Gonzalez,Sarah Gonzalez,52,IT,Coordinator,Chicago,110961.08,17604.68,2020-06-07,26,74.1,sarah.gonzalez@company.com,(241) 759-1943,Active
EMP045761,Emily,Smith,Emily Smith,26,Operations,Manager,Seattle,50616.9,6840.01,2022-06-08,3,65.4,emily.smith@company.com,(548) 901-5466,Active
EMP045762,Amanda,Anderson,Amanda Anderson,44,HR,Analyst,Austin,65394.24,7929.58,2020-03-23,22,69.4,amanda.anderson@company.com,(443) 772-9728,Active
EMP045763,Robert,Martinez,Robert Martinez,42,HR,Manager,Miami,66973.53,0.0,2022-05-05,17,94.2,robert.martinez@company.com,(560) 682-9728,Active
EMP045764,William,Lopez,William Lopez,52,Marketing,Analyst,Austin,81624.86,4201.38,2021-10-20,23,73.1,william.lopez@company.com,(722) 772-3201,On Leave
EMP045765,Melissa,Gonzalez,Melissa Gonzalez,58,IT,Lead,Los Angeles,126121.61,13989.66,2020-06-26,35,69.6,melissa.gonzalez@company.com,(266) 287-2434,Active
EMP045766,Sarah,Wilson,Sarah Wilson,34,Marketing,Coordinator,Austin,64304.89,8314.89,2020-06-03,8,72.4,sarah.wilson@company.com,(957) 229-1903,Active
EMP045767,Christopher,Hernandez,Christopher Hernandez,28,IT,Director,Los Angeles,65341.26,8082.62,2023-10-16,0,100.0,christopher.hernandez@company.com,(721) 850-3509,Active
EMP045768,William,Williams,William Williams,43,Operations,Senior Developer,Boston,44257.16,4468.04,2022-05-01,17,70.6,william.williams@company.com,(399) 365-2602,Active
EMP045769,Anthony,Lopez,Anthony Lopez,65,Sales,Coordinator,New York,88217.8,10002.68,2024-09-23,40,76.4,anthony.lopez@company.com,(613) 340-3687,Active
EMP045770,James,Jackson,James Jackson,40,IT,Manager,Miami,114284.53,504.34,2022-10-31,18,77.6,james.jackson@company.com,(834) 572-6758,Active
EMP045771,Amanda,Martin,Amanda Martin,26,Engineering,Manager,Chicago,130305.12,4033.51,2023-08-12,0,79.1,amanda.martin@company.com,(738) 963-8783,Active
EMP045772,Stephanie,Moore,Stephanie Moore,62,Operations,Senior Developer,Chicago,84431.24,12678.95,2024-10-27,38,79.2,stephanie.moore@company.com,(656) 252-7012,Active
EMP045773,Jane,Williams,Jane Williams,24,Engineering,Specialist,New York,66830.35,630.58,2024-07-06,0,67.2,jane.williams@company.com,(757) 894-3866,Active
EMP045774,Jane,Taylor,Jane Taylor,54,Engineering,Lead,Los Angeles,128168.7,607.37,2021-04-26,32,70.5,jane.taylor@company.com,(447) 624-2731,Active
EMP045775,Emily,Jackson,Emily Jackson,36,Operations,Manager,Los Angeles,63795.72,7493.35,2020-01-09,8,71.0,emily.jackson@company.com,(498) 422-5850,Active
EMP045776,Michael,Lopez,Michael Lopez,60,HR,Analyst,Los Angeles,53519.24,3616.79,2022-08-05,31,92.5,michael.lopez@company.com,(697) 300-4136,Active
EMP045777,Stephanie,Brown,Stephanie Brown,51,Legal,Coordinator,Austin,84776.51,5915.54,2022-01-02,24,84.5,stephanie.brown@company.com,(579) 844-1523,Inactive
EMP045778,Lisa,Taylor,Lisa Taylor,38,Sales,Lead,Miami,51980.44,3909.35,2021-05-27,12,84.3,lisa.taylor@company.com,(889) 662-6495,Active
EMP045779,Christopher,Smith,Christopher Smith,39,Legal,Director,San Francisco,99976.34,8176.09,2024-05-18,12,70.4,christopher.smith@company.com,(417) 325-9541,Active
EMP045780,Melissa,Davis,Melissa Davis,25,HR,Lead,Chicago,63311.41,11562.42,2022-12-16,0,69.7,melissa.davis@company.com,(712) 468-5597,Active
EMP045781,Melissa,Jones,Melissa Jones,56,Legal,Manager,Boston,135371.66,11192.5,2024-12-01,27,53.7,melissa.jones@company.com,(685) 802-5119,Active
EMP045782,Daniel,Taylor,Daniel Taylor,34,Operations,Director,Miami,67073.18,3993.46,2022-02-23,10,93.7,daniel.taylor@company.com,(894) 598-6711,Active
EMP045783,Jane,Davis,Jane Davis,50,Legal,Coordinator,Seattle,77197.68,10706.45,2021-12-18,21,100.0,jane.davis@company.com,(706) 751-2702,Active
EMP045784,John,Rodriguez,John Rodriguez,49,IT,Senior Developer,Boston,87507.76,9962.7,2020-03-29,21,58.3,john.rodriguez@company.com,(796) 228-9798,Active
EMP045785,William,Miller,William Miller,24,Operations,Analyst,San Francisco,47780.06,5493.04,2022-05-25,0,72.0,william.miller@company.com,(477) 799-2100,Active
EMP045786,John,Smith,John Smith,64,Legal,Analyst,Miami,138410.89,14282.55,2022-10-17,42,61.9,john.smith@company.com,(722) 903-9434,Active
EMP045787,Amanda,Gonzalez,Amanda Gonzalez,26,HR,Specialist,Miami,49488.19,3722.93,2021-07-07,0,42.1,amanda.gonzalez@company.com,(845) 205-5901,Active
EMP045788,Sarah,Lopez,Sarah Lopez,24,HR,Analyst,Austin,57031.09,9211.84,2024-03-13,0,66.0,sarah.lopez@company.com,(866) 785-7694,Active
EMP045789,Anthony,Rodriguez,Anthony Rodriguez,27,Operations,Coordinator,Boston,47580.07,2291.09,2023-09-22,1,97.2,anthony.rodriguez@company.com,(839) 536-7590,Inactive
EMP045790,Michael,Hernandez,Michael Hernandez,27,Sales,Coordinator,New York,65911.33,0.0,2024-08-31,2,61.2,michael.hernandez@company.com,(515) 865-8436,Active
EMP045791,William,Anderson,William Anderson,32,Marketing,Senior Developer,Miami,42155.19,7666.48,2020-05-14,9,53.9,william.anderson@company.com,(488) 282-9809,Active
EMP045792,Stephanie,Miller,Stephanie Miller,37,Legal,Director,Los Angeles,84603.56,6235.34,2021-04-02,15,79.8,stephanie.miller@company.com,(765) 774-5233,Active
EMP045793,John,Wilson,John Wilson,60,Marketing,Lead,San Francisco,90802.84,7247.08,2024-11-29,33,61.0,john.wilson@company.com,(872) 508-9274,Active
EMP045794,Melissa,Smith,Melissa Smith,60,Engineering,Lead,Los Angeles,106127.24,16730.91,2022-05-06,31,70.0,melissa.smith@company.com,(732) 592-6911,Active
EMP045795,Christopher,Miller,Christopher Miller,32,Sales,Analyst,Boston,78299.49,12794.34,2020-05-19,10,42.6,christopher.miller@company.com,(968) 612-5840,Inactive
EMP045796,Melissa,Martinez,Melissa Martinez,51,Engineering,Director,Miami,92039.53,6775.82,2021-09-17,27,91.6,melissa.martinez@company.com,(465) 622-6377,Active
EMP045797,Jessica,Garcia,Jessica Garcia,50,Operations,Manager,Chicago,59606.4,4648.64,2022-12-02,21,55.6,jessica.garcia@company.com,(903) 461-9616,Active
EMP045798,Matthew,Thomas,Matthew Thomas,47,Engineering,Lead,Boston,75451.33,11622.62,2020-09-14,18,73.3,matthew.thomas@company.com,(938) 909-7661,Active
EMP045799,Jessica,Davis,Jessica Davis,43,Finance,Coordinator,San Francisco,82632.81,5801.06,2021-01-11,18,69.7,jessica.davis@company.com,(428) 829-8134,Active
EMP045800,Michael,Jones,Michael Jones,49,IT,Associate,Miami,72443.31,8625.38,2024-12-18,20,87.5,michael.jones@company.com,(843) 394-2310,Active
EMP045801,John,Jones,John Jones,43,Engineering,Senior Developer,Miami,98079.25,16222.02,2021-02-13,19,82.5,john.jones@company.com,(629) 215-1977,Active
EMP045802,Melissa,Williams,Melissa Williams,36,IT,Analyst,Miami,77251.75,5650.24,2023-11-04,13,63.2,melissa.williams@company.com,(700) 588-4973,Active
EMP045803,Anthony,Martin,Anthony Martin,41,Operations,Director,Miami,63333.99,7167.57,2023-01-08,18,96.9,anthony.martin@company.com,(686) 482-1652,Inactive
EMP045804,Lisa,Jones,Lisa Jones,57,Engineering,Associate,Chicago,107607.26,18488.03,2022-10-17,30,88.2,lisa.jones@company.com,(237) 630-3256,Active
EMP045805,Emily,Taylor,Emily Taylor,42,Legal,Manager,San Francisco,58535.11,2693.72,2020-05-24,15,71.2,emily.taylor@company.com,(203) 890-4230,Active
EMP045806,David,Martinez,David Martinez,23,Legal,Senior Developer,Boston,74358.4,8142.66,2020-09-16,0,92.1,david.martinez@company.com,(328) 326-1685,Active
EMP045807,Ashley,Martin,Ashley Martin,44,Legal,Coordinator,Chicago,95847.2,10030.53,2024-03-03,21,98.0,ashley.martin@company.com,(278) 998-1759,Active
EMP045808,Jane,Jackson,Jane Jackson,55,IT,Associate,Boston,82647.91,6504.51,2023-09-07,32,90.1,jane.jackson@company.com,(362) 579-4736,Inactive
EMP045809,Lisa,Garcia,Lisa Garcia,56,Sales,Coordinator,New York,84832.75,7627.78,2021-02-19,29,63.5,lisa.garcia@company.com,(928) 856-5447,Active
EMP045810,Robert,Thomas,Robert Thomas,49,HR,Coordinator,San Francisco,66092.96,7818.71,2023-12-17,24,69.6,robert.thomas@company.com,(310) 881-7113,Active
EMP045811,Emily,Jones,Emily Jones,50,Sales,Senior Developer,San Francisco,59416.4,3037.7,2022-12-20,26,73.7,emily.jones@company.com,(624) 355-5191,Active
EMP045812,Anthony,Gonzalez,Anthony Gonzalez,50,Finance,Specialist,Boston,65731.3,6854.6,2024-08-27,24,71.6,anthony.gonzalez@company.com,(733) 365-7062,Active
EMP045813,John,Davis,John Davis,46,Finance,Lead,Chicago,91033.96,10825.19,2021-01-08,23,80.2,john.davis@company.com,(592) 960-9656,Active
EMP045814,William,Miller,William Miller,27,Engineering,Lead,Chicago,106579.34,8582.19,2020-08-12,4,70.8,william.miller@company.com,(510) 453-7525,Inactive
EMP045815,Sarah,Garcia,Sarah Garcia,49,Legal,Specialist,Miami,109882.7,5972.59,2024-12-06,26,99.4,sarah.garcia@company.com,(949) 787-5302,Active
EMP045816,David,Wilson,David Wilson,41,Finance,Senior Developer,Boston,70800.08,4538.1,2022-11-23,14,45.6,david.wilson@company.com,(515) 248-6803,Active
EMP045817,Anthony,Hernandez,Anthony Hernandez,42,Engineering,Director,San Francisco,123236.13,16479.76,2020-03-04,15,78.3,anthony.hernandez@company.com,(250) 834-2863,Active
EMP045818,Jane,Martin,Jane Martin,31,Sales,Senior Developer,Miami,79376.93,9508.49,2024-11-11,9,66.8,jane.martin@company.com,(569) 700-4191,Inactive
EMP045819,William,Smith,William Smith,49,Legal,Coordinator,Austin,100351.69,13327.58,2021-04-27,23,76.1,william.smith@company.com,(995) 585-7760,Active
EMP045820,Emily,Taylor,Emily Taylor,58,Finance,Associate,San Francisco,90976.0,4175.28,2022-08-26,29,59.1,emily.taylor@company.com,(481) 322-3891,Inactive
EMP045821,William,Gonzalez,William Gonzalez,63,Legal,Coordinator,New York,120587.52,10255.38,2021-10-24,37,63.1,william.gonzalez@company.com,(756) 467-7901,Active
EMP045822,Lisa,Hernandez,Lisa Hernandez,50,Operations,Director,Chicago,95209.17,10890.72,2021-08-15,22,86.3,lisa.hernandez@company.com,(392) 691-5765,Active
EMP045823,Nicole,Davis,Nicole Davis,23,Marketing,Associate,San Francisco,58156.46,6566.55,2021-03-04,0,69.5,nicole.davis@company.com,(536) 403-6173,Active
EMP045824,Stephanie,Johnson,Stephanie Johnson,46,Sales,Lead,Chicago,89982.01,4036.19,2024-06-13,19,62.0,stephanie.johnson@company.com,(751) 854-5069,Active
EMP045825,James,Martin,James Martin,42,Engineering,Associate,Boston,100775.13,11343.66,2022-07-20,14,77.1,james.martin@company.com,(696) 767-3017,Active
EMP045826,Nicole,Hernandez,Nicole Hernandez,30,Engineering,Manager,New York,83932.22,17533.85,2021-08-09,7,73.1,nicole.hernandez@company.com,(817) 870-5164,Active
EMP045827,Emily,Johnson,Emily Johnson,64,Sales,Senior Developer,Miami,112043.31,13223.46,2022-03-01,41,54.3,emily.johnson@company.com,(532) 444-7280,Inactive
EMP045828,Amanda,Anderson,Amanda Anderson,31,Engineering,Lead,Chicago,80993.96,8515.98,2023-03-25,4,78.2,amanda.anderson@company.com,(230) 825-8613,Active
EMP045829,Lisa,Anderson,Lisa Anderson,40,Legal,Associate,New York,80200.79,8752.61,2020-05-24,16,89.4,lisa.anderson@company.com,(787) 216-3670,Active
EMP045830,Emily,Anderson,Emily Anderson,37,HR,Manager,Austin,52530.61,5499.36,2024-03-16,12,75.7,emily.anderson@company.com,(678) 565-8245,Active
EMP045831,Michael,Smith,Michael Smith,43,Finance,Associate,Boston,88730.17,10288.43,2022-12-08,15,37.0,michael.smith@company.com,(900) 900-4025,Active
EMP045832,Emily,Thomas,Emily Thomas,65,HR,Director,Chicago,99476.08,7176.22,2023-10-01,41,66.7,emily.thomas@company.com,(217) 263-8483,Active
EMP045833,David,Miller,David Miller,63,Legal,Coordinator,Chicago,74064.44,7927.53,2020-03-24,38,77.1,david.miller@company.com,(431) 883-7692,Active
EMP045834,Jessica,Taylor,Jessica Taylor,24,Engineering,Director,Seattle,65901.85,6045.37,2021-04-23,0,83.5,jessica.taylor@company.com,(415) 457-7803,Active
EMP045835,Emily,Lopez,Emily Lopez,53,Finance,Coordinator,Austin,122623.74,6389.64,2020-10-09,26,94.1,emily.lopez@company.com,(930) 972-3334,Active
EMP045836,James,Thomas,James Thomas,28,Operations,Director,Miami,68268.1,10782.8,2021-09-18,5,90.0,james.thomas@company.com,(329) 526-6119,Active
EMP045837,Jane,Johnson,Jane Johnson,43,Legal,Specialist,Austin,78898.61,15164.1,2020-08-04,20,68.8,jane.johnson@company.com,(814) 759-4476,Inactive
EMP045838,Nicole,Hernandez,Nicole Hernandez,35,HR,Lead,Chicago,57733.7,6293.14,2021-07-02,9,51.6,nicole.hernandez@company.com,(565) 548-2384,Active
EMP045839,Christopher,Davis,Christopher Davis,22,HR,Analyst,Chicago,37414.47,4541.92,2022-12-04,0,58.8,christopher.davis@company.com,(770) 534-3031,Active
EMP045840,Sarah,Williams,Sarah Williams,46,Sales,Manager,New York,45606.66,3339.6,2021-11-07,22,66.5,sarah.williams@company.com,(476) 286-7551,Active
EMP045841,Christopher,Jones,Christopher Jones,49,Marketing,Director,San Francisco,53872.29,4945.6,2024-01-04,26,39.6,christopher.jones@company.com,(412) 865-8897,Active
EMP045842,Matthew,Martin,Matthew Martin,28,Marketing,Manager,Chicago,41135.74,5610.86,2024-06-11,0,91.3,matthew.martin@company.com,(890) 425-8385,Active
EMP045843,Melissa,Jones,Melissa Jones,31,Marketing,Analyst,Miami,72225.6,4900.57,2021-05-20,6,76.8,melissa.jones@company.com,(664) 714-9969,Active
EMP045844,Michael,Lopez,Michael Lopez,46,Sales,Director,Austin,76787.15,5240.13,2024-09-15,19,84.5,michael.lopez@company.com,(830) 776-7713,Active
EMP045845,Melissa,Taylor,Melissa Taylor,65,Operations,Analyst,Los Angeles,98056.54,8239.37,2020-10-28,43,67.5,melissa.taylor@company.com,(864) 316-1372,Active
EMP045846,Melissa,Anderson,Melissa Anderson,39,HR,Director,Austin,83755.09,10338.73,2022-03-19,14,95.8,melissa.anderson@company.com,(489) 550-7243,Active
EMP045847,Anthony,Taylor,Anthony Taylor,59,Marketing,Coordinator,New York,115397.32,13812.06,2024-02-24,33,64.1,anthony.taylor@company.com,(777) 492-6302,Active
EMP045848,Anthony,Taylor,Anthony Taylor,31,IT,Associate,Austin,50115.1,2277.19,2020-11-14,3,79.1,anthony.taylor@company.com,(407) 329-8622,Active
EMP045849,Sarah,Johnson,Sarah Johnson,47,Legal,Lead,Chicago,104203.26,10539.8,2024-06-22,19,85.7,sarah.johnson@company.com,(495) 902-7023,Active
EMP045850,John,Brown,John Brown,65,HR,Senior Developer,Miami,106401.66,3579.23,2024-03-27,38,53.7,john.brown@company.com,(736) 840-4032,Active
EMP045851,William,Taylor,William Taylor,56,Sales,Manager,New York,89212.77,5339.73,2023-12-02,30,82.0,william.taylor@company.com,(461) 956-8672,Active
EMP045852,Daniel,Gonzalez,Daniel Gonzalez,57,Engineering,Specialist,Los Angeles,163477.68,14091.88,2022-09-09,33,52.8,daniel.gonzalez@company.com,(828) 766-6905,Active
EMP045853,Sarah,Martinez,Sarah Martinez,63,Engineering,Coordinator,Miami,118583.21,12017.57,2023-12-25,37,70.9,sarah.martinez@company.com,(671) 771-8306,Active
EMP045854,Sarah,Johnson,Sarah Johnson,33,Sales,Director,New York,78418.47,1774.64,2023-10-08,6,54.5,sarah.johnson@company.com,(830) 498-3994,Active
EMP045855,Stephanie,Rodriguez,Stephanie Rodriguez,37,Finance,Lead,Seattle,80762.52,5128.99,2022-05-24,15,63.3,stephanie.rodriguez@company.com,(719) 378-7404,Active
EMP045856,Michael,Taylor,Michael Taylor,46,Operations,Manager,Miami,69146.88,8170.31,2020-11-19,23,73.4,michael.taylor@company.com,(417) 831-2290,Active
EMP045857,Jessica,Johnson,Jessica Johnson,23,Sales,Associate,New York,60648.16,6704.45,2024-11-09,0,92.2,jessica.johnson@company.com,(421) 477-1161,Active
EMP045858,Sarah,Thomas,Sarah Thomas,64,IT,Coordinator,Miami,109732.88,8457.28,2021-01-22,41,51.5,sarah.thomas@company.com,(908) 964-7876,Active
EMP045859,Jessica,Jones,Jessica Jones,29,Finance,Director,Los Angeles,84609.22,6513.12,2023-07-08,3,64.5,jessica.jones@company.com,(252) 367-7181,Active
EMP045860,Matthew,Moore,Matthew Moore,24,Legal,Director,Chicago,70531.97,10347.84,2024-12-20,0,79.3,matthew.moore@company.com,(999) 815-6373,Active
EMP045861,Christopher,Moore,Christopher Moore,26,Finance,Director,New York,86745.4,12229.6,2022-07-01,0,71.2,christopher.moore@company.com,(523) 437-6864,Active
EMP045862,Jessica,Gonzalez,Jessica Gonzalez,52,HR,Associate,San Francisco,93530.82,10242.57,2023-09-27,26,69.1,jessica.gonzalez@company.com,(902) 975-1636,Active
EMP045863,Robert,Thomas,Robert Thomas,41,IT,Director,Los Angeles,100508.46,11505.52,2020-03-05,15,84.5,robert.thomas@company.com,(889) 418-6301,Active
EMP045864,William,Williams,William Williams,41,Finance,Specialist,Austin,85040.72,14590.66,2024-05-28,18,85.2,william.williams@company.com,(320) 415-1874,Active
EMP045865,Sarah,Williams,Sarah Williams,44,Engineering,Specialist,New York,91888.42,9898.77,2023-04-07,18,62.0,sarah.williams@company.com,(639) 870-2136,Active
EMP045866,Ashley,Jackson,Ashley Jackson,41,Operations,Specialist,Seattle,64450.34,6785.01,2020-07-01,12,72.8,ashley.jackson@company.com,(292) 742-9470,Active
EMP045867,William,Taylor,William Taylor,42,Finance,Specialist,San Francisco,67232.05,2360.83,2020-03-14,20,90.3,william.taylor@company.com,(317) 877-7124,Active
EMP045868,Anthony,Smith,Anthony Smith,62,Finance,Associate,Chicago,95813.33,6226.76,2022-04-12,34,90.0,anthony.smith@company.com,(884) 433-3673,Active
EMP045869,John,Gonzalez,John Gonzalez,62,Marketing,Associate,Miami,85211.62,7739.8,2022-11-08,40,87.8,john.gonzalez@company.com,(248) 796-7773,Active
EMP045870,Melissa,Hernandez,Melissa Hernandez,57,Engineering,Director,Austin,74354.63,10344.78,2023-03-29,28,70.1,melissa.hernandez@company.com,(827) 657-4624,Active
EMP045871,Robert,Gonzalez,Robert Gonzalez,42,Finance,Coordinator,Miami,86755.24,9871.85,2022-10-12,15,50.3,robert.gonzalez@company.com,(380) 643-1472,Active
EMP045872,Jessica,Wilson,Jessica Wilson,41,IT,Manager,New York,84548.01,4067.51,2021-12-28,15,100.0,jessica.wilson@company.com,(362) 933-7238,Inactive
EMP045873,Amanda,Lopez,Amanda Lopez,33,HR,Senior Developer,Austin,28579.57,5146.07,2021-02-28,5,85.6,amanda.lopez@company.com,(680) 978-6908,Active
EMP045874,Jessica,Davis,Jessica Davis,44,Marketing,Senior Developer,Los Angeles,70895.36,1530.14,2024-05-16,16,79.7,jessica.davis@company.com,(327) 203-9259,Active
EMP045875,Emily,Martin,Emily Martin,24,Sales,Manager,Boston,53847.82,11244.11,2021-02-26,2,79.8,emily.martin@company.com,(549) 947-8034,Inactive
EMP045876,Matthew,Taylor,Matthew Taylor,55,Operations,Specialist,San Francisco,76818.32,5678.56,2021-01-15,27,75.0,matthew.taylor@company.com,(507) 235-8461,Active
EMP045877,Ashley,Hernandez,Ashley Hernandez,44,Finance,Specialist,Miami,83334.11,103.91,2021-05-03,16,73.4,ashley.hernandez@company.com,(263) 729-1186,Active
EMP045878,Michael,Lopez,Michael Lopez,63,IT,Director,Boston,82444.46,10345.71,2023-06-23,38,80.7,michael.lopez@company.com,(805) 588-5584,Active
EMP045879,David,Hernandez,David Hernandez,64,Sales,Lead,San Francisco,81700.15,14168.45,2020-02-06,40,90.0,david.hernandez@company.com,(524) 818-5408,Active
EMP045880,Amanda,Johnson,Amanda Johnson,43,Marketing,Associate,Boston,60948.23,7500.93,2022-02-12,15,52.8,amanda.johnson@company.com,(763) 735-2009,Active
EMP045881,Lisa,Davis,Lisa Davis,65,IT,Manager,Los Angeles,125267.1,13515.54,2023-01-15,36,82.8,lisa.davis@company.com,(871) 761-5752,Active
EMP045882,James,Davis,James Davis,57,Operations,Senior Developer,San Francisco,46603.05,4130.2,2022-11-07,28,71.7,james.davis@company.com,(475) 402-1474,Active
EMP045883,Melissa,Rodriguez,Melissa Rodriguez,27,Engineering,Lead,Boston,39511.31,3759.71,2021-05-28,3,86.8,melissa.rodriguez@company.com,(947) 253-9216,Active
EMP045884,Melissa,Taylor,Melissa Taylor,61,Sales,Director,Chicago,80690.27,4899.38,2021-10-30,35,73.2,melissa.taylor@company.com,(498) 640-4224,Active
EMP045885,Robert,Moore,Robert Moore,41,Operations,Manager,Los Angeles,58208.67,5863.13,2022-05-27,14,87.9,robert.moore@company.com,(789) 318-7645,Active
EMP045886,Matthew,Davis,Matthew Davis,42,Operations,Analyst,Seattle,54090.33,1942.85,2022-01-16,13,89.6,matthew.davis@company.com,(977) 853-7882,Active
EMP045887,Lisa,Martin,Lisa Martin,28,Operations,Associate,Miami,49687.93,4094.09,2024-05-16,6,67.8,lisa.martin@company.com,(380) 419-2147,On Leave
EMP045888,Ashley,Anderson,Ashley Anderson,32,HR,Specialist,Seattle,45681.48,8378.25,2024-01-13,8,79.5,ashley.anderson@company.com,(914) 492-6581,Active
EMP045889,Michael,Davis,Michael Davis,36,Engineering,Associate,San Francisco,108721.43,1415.59,2022-04-08,12,96.7,michael.davis@company.com,(983) 778-1153,Active
EMP045890,James,Jones,James Jones,49,HR,Associate,Seattle,81375.67,5276.77,2024-05-30,24,73.0,james.jones@company.com,(710) 912-2714,Active
EMP045891,Stephanie,Smith,Stephanie Smith,45,Finance,Senior Developer,Austin,72227.97,2724.33,2022-02-07,20,76.4,stephanie.smith@company.com,(629) 457-8703,Active
EMP045892,John,Martin,John Martin,22,IT,Lead,New York,85494.51,14104.92,2023-02-06,0,50.9,john.martin@company.com,(694) 605-9177,Active
EMP045893,Melissa,Anderson,Melissa Anderson,30,Finance,Lead,Chicago,43356.49,3064.69,2020-09-03,2,88.6,melissa.anderson@company.com,(391) 687-7396,Active
EMP045894,Robert,Rodriguez,Robert Rodriguez,40,Engineering,Manager,Chicago,93351.29,0.0,2020-04-02,14,68.3,robert.rodriguez@company.com,(259) 834-6381,Active
EMP045895,Lisa,Brown,Lisa Brown,25,HR,Director,Miami,52380.47,9096.13,2024-10-27,0,56.5,lisa.brown@company.com,(702) 671-7419,On Leave
EMP045896,Melissa,Thomas,Melissa Thomas,40,Legal,Manager,Austin,87165.02,7060.72,2023-08-28,13,61.6,melissa.thomas@company.com,(304) 964-6955,Active
EMP045897,Christopher,Anderson,Christopher Anderson,32,Finance,Coordinator,Seattle,85320.91,0.0,2024-08-11,7,51.7,christopher.anderson@company.com,(708) 292-7043,Active
EMP045898,Daniel,Taylor,Daniel Taylor,54,Operations,Director,Boston,88194.33,17907.03,2021-06-26,29,91.7,daniel.taylor@company.com,(258) 421-2110,Inactive
EMP045899,Jessica,Thomas,Jessica Thomas,27,IT,Senior Developer,San Francisco,80145.26,8398.79,2021-02-11,0,41.7,jessica.thomas@company.com,(279) 233-3988,Active
EMP045900,Stephanie,Williams,Stephanie Williams,41,Marketing,Analyst,Miami,61304.02,8602.0,2020-01-27,19,88.0,stephanie.williams@company.com,(330) 257-1889,Active
EMP045901,Melissa,Gonzalez,Melissa Gonzalez,61,HR,Analyst,San Francisco,94318.32,8257.54,2023-03-16,38,70.0,melissa.gonzalez@company.com,(758) 619-6850,Inactive
EMP045902,Nicole,Martin,Nicole Martin,23,HR,Associate,Miami,61572.35,7622.75,2023-05-10,0,77.0,nicole.martin@company.com,(351) 427-1528,Active
EMP045903,Amanda,Davis,Amanda Davis,26,Sales,Associate,Austin,86990.75,2584.0,2020-06-12,2,98.1,amanda.davis@company.com,(751) 233-4536,Active
EMP045904,Matthew,Brown,Matthew Brown,30,Sales,Director,New York,86828.78,10502.74,2020-06-27,4,46.5,matthew.brown@company.com,(344) 293-9143,Inactive
EMP045905,Nicole,Miller,Nicole Miller,44,Finance,Analyst,New York,87704.03,13056.53,2020-04-13,18,84.2,nicole.miller@company.com,(469) 868-3751,Active
EMP045906,Matthew,Thomas,Matthew Thomas,40,IT,Director,Boston,88444.71,2397.18,2024-03-22,11,63.4,matthew.thomas@company.com,(661) 837-3680,Active
EMP045907,Amanda,Gonzalez,Amanda Gonzalez,63,IT,Director,Seattle,91171.4,13107.7,2020-08-23,40,91.1,amanda.gonzalez@company.com,(984) 256-3953,Active
EMP045908,Michael,Anderson,Michael Anderson,43,Operations,Manager,Austin,45258.29,7639.55,2020-05-19,15,73.3,michael.anderson@company.com,(300) 827-9286,Active
EMP045909,David,Brown,David Brown,44,Operations,Associate,Austin,64198.75,9711.17,2023-12-27,22,61.5,david.brown@company.com,(334) 548-6057,Active
EMP045910,John,Thomas,John Thomas,30,Legal,Coordinator,Boston,61593.77,4336.64,2021-07-16,5,65.8,john.thomas@company.com,(530) 596-5593,Active
EMP045911,James,Hernandez,James Hernandez,61,Finance,Associate,Boston,106049.86,6705.04,2023-01-16,33,79.7,james.hernandez@company.com,(464) 219-8021,Active
EMP045912,Emily,Smith,Emily Smith,52,Legal,Manager,New York,112478.09,9551.9,2022-07-01,29,64.8,emily.smith@company.com,(741) 398-3975,Active
EMP045913,Melissa,Williams,Melissa Williams,57,HR,Lead,New York,54742.0,5548.25,2022-11-10,31,92.1,melissa.williams@company.com,(407) 350-8729,Active
EMP045914,Sarah,Moore,Sarah Moore,26,Legal,Director,Los Angeles,50668.88,6019.12,2022-01-08,0,64.4,sarah.moore@company.com,(505) 205-6964,Active
EMP045915,Nicole,Gonzalez,Nicole Gonzalez,45,Finance,Director,Seattle,51835.84,8236.25,2020-06-11,21,75.5,nicole.gonzalez@company.com,(971) 359-5572,Active
EMP045916,James,Davis,James Davis,31,Engineering,Director,Seattle,81830.42,14702.84,2020-12-13,5,96.4,james.davis@company.com,(594) 996-3776,Active
EMP045917,James,Garcia,James Garcia,46,IT,Analyst,Boston,79034.0,9077.28,2023-11-15,23,94.3,james.garcia@company.com,(944) 536-8972,Active
EMP045918,Jessica,Martin,Jessica Martin,26,Operations,Director,New York,39745.42,3604.84,2020-10-25,3,95.7,jessica.martin@company.com,(553) 762-1696,Inactive
EMP045919,Emily,Hernandez,Emily Hernandez,55,Marketing,Coordinator,Seattle,82159.34,9780.83,2023-03-06,28,72.7,emily.hernandez@company.com,(485) 849-2651,Active
EMP045920,Christopher,Brown,Christopher Brown,48,HR,Associate,Los Angeles,98341.19,11227.26,2020-07-14,19,67.4,christopher.brown@company.com,(226) 227-3046,Active
EMP045921,Sarah,Lopez,Sarah Lopez,62,IT,Associate,New York,125684.6,8265.52,2023-11-05,38,98.3,sarah.lopez@company.com,(771) 470-1776,Active
EMP045922,Jessica,Thomas,Jessica Thomas,61,Engineering,Specialist,New York,128843.33,13385.47,2020-06-25,35,87.4,jessica.thomas@company.com,(512) 390-8045,Inactive
EMP045923,John,Anderson,John Anderson,26,Operations,Coordinator,Miami,53852.36,7156.44,2024-04-20,2,76.0,john.anderson@company.com,(697) 798-4277,Active
EMP045924,Emily,Smith,Emily Smith,44,IT,Associate,Boston,88941.7,9101.71,2023-10-07,15,74.7,emily.smith@company.com,(897) 232-5137,Inactive
EMP045925,Daniel,Jackson,Daniel Jackson,24,Marketing,Senior Developer,Chicago,62428.5,8745.83,2024-08-13,1,87.0,daniel.jackson@company.com,(479) 301-4152,Active
EMP045926,Robert,Garcia,Robert Garcia,36,Finance,Manager,Austin,105111.17,19057.61,2023-11-10,9,75.9,robert.garcia@company.com,(522) 603-1571,Active
EMP045927,Jessica,Johnson,Jessica Johnson,30,Legal,Associate,Miami,37500.0,4392.14,2024-01-18,1,77.1,jessica.johnson@company.com,(783) 589-2385,Active
EMP045928,Melissa,Hernandez,Melissa Hernandez,44,Legal,Associate,Boston,99719.85,9001.21,2023-04-25,19,86.7,melissa.hernandez@company.com,(646) 434-3318,Active
EMP045929,James,Wilson,James Wilson,40,Sales,Associate,Seattle,88808.56,6763.32,2024-10-17,12,72.9,james.wilson@company.com,(928) 938-1724,Active
EMP045930,James,Williams,James Williams,25,Operations,Coordinator,Miami,40233.91,3144.78,2020-03-16,1,83.2,james.williams@company.com,(261) 207-3944,Active
EMP045931,Robert,Martin,Robert Martin,37,HR,Manager,Boston,44220.7,2582.77,2021-04-02,9,78.5,robert.martin@company.com,(239) 375-7782,Active
EMP045932,William,Thomas,William Thomas,57,Finance,Coordinator,Austin,88289.55,10158.55,2022-04-14,28,78.6,william.thomas@company.com,(699) 836-7401,Active
EMP045933,Robert,Wilson,Robert Wilson,49,Marketing,Specialist,Boston,73419.71,3666.92,2021-10-30,26,61.7,robert.wilson@company.com,(491) 625-5849,Active
EMP045934,Stephanie,Garcia,Stephanie Garcia,46,Finance,Manager,Miami,101921.99,0.0,2023-04-21,24,76.1,stephanie.garcia@company.com,(446) 549-6670,Active
EMP045935,Jane,Anderson,Jane Anderson,50,Engineering,Specialist,Austin,102182.52,18474.26,2022-02-15,23,67.6,jane.anderson@company.com,(952) 828-9885,Active
EMP045936,Christopher,Wilson,Christopher Wilson,28,Finance,Analyst,Chicago,81038.47,4878.06,2024-03-09,6,100.0,christopher.wilson@company.com,(571) 584-8609,Active
EMP045937,Robert,Lopez,Robert Lopez,30,IT,Associate,Chicago,45009.24,0.0,2022-01-30,3,55.0,robert.lopez@company.com,(689) 205-4250,Active
EMP045938,Matthew,Jackson,Matthew Jackson,26,Operations,Analyst,Austin,52312.87,2879.5,2023-07-18,0,67.2,matthew.jackson@company.com,(898) 548-3133,On Leave
EMP045939,Jane,Williams,Jane Williams,35,Sales,Senior Developer,New York,81097.26,23810.03,2022-01-24,7,81.9,jane.williams@company.com,(829) 616-6540,Active
EMP045940,Stephanie,Hernandez,Stephanie Hernandez,49,Sales,Associate,Seattle,107903.67,2948.24,2023-01-17,26,81.1,stephanie.hernandez@company.com,(715) 252-8800,Active
EMP045941,Sarah,Moore,Sarah Moore,36,HR,Senior Developer,Austin,36246.35,4080.4,2022-08-17,7,50.4,sarah.moore@company.com,(378) 988-9211,Active
EMP045942,Ashley,Hernandez,Ashley Hernandez,39,Legal,Analyst,San Francisco,95975.81,14291.01,2024-05-03,15,37.1,ashley.hernandez@company.com,(610) 256-6644,Active
EMP045943,Stephanie,Moore,Stephanie Moore,64,HR,Specialist,Austin,73977.76,6384.25,2022-04-29,36,74.2,stephanie.moore@company.com,(798) 478-1899,Active
EMP045944,Ashley,Jackson,Ashley Jackson,40,Sales,Associate,Austin,73720.26,16018.82,2024-12-04,13,64.1,ashley.jackson@company.com,(624) 729-4666,Active
EMP045945,Jane,Brown,Jane Brown,52,Sales,Director,San Francisco,54289.06,1920.07,2021-09-21,27,75.8,jane.brown@company.com,(410) 279-6696,Inactive
EMP045946,Michael,Thomas,Michael Thomas,59,Finance,Specialist,Chicago,81160.89,12458.56,2024-07-13,34,79.4,michael.thomas@company.com,(316) 726-2908,Active
EMP045947,Anthony,Johnson,Anthony Johnson,42,HR,Specialist,Chicago,54515.81,12616.71,2024-07-06,16,74.9,anthony.johnson@company.com,(456) 764-5050,Active
EMP045948,James,Rodriguez,James Rodriguez,31,IT,Analyst,Miami,70699.4,4850.11,2020-08-11,2,100.0,james.rodriguez@company.com,(204) 677-4153,On Leave
EMP045949,Lisa,Martin,Lisa Martin,62,IT,Specialist,Miami,94496.96,3791.63,2020-05-12,39,50.9,lisa.martin@company.com,(791) 806-8788,Active
EMP045950,John,Hernandez,John Hernandez,51,Operations,Manager,Chicago,67788.24,7117.47,2020-12-08,23,63.7,john.hernandez@company.com,(673) 355-5499,Active
EMP045951,Lisa,Anderson,Lisa Anderson,46,Marketing,Analyst,Boston,86626.3,7748.16,2023-04-06,24,67.7,lisa.anderson@company.com,(620) 334-4006,Inactive
EMP045952,James,Davis,James Davis,31,Operations,Associate,Seattle,59189.13,7859.79,2020-02-16,3,94.7,james.davis@company.com,(260) 700-4317,Active
EMP045953,Jane,Rodriguez,Jane Rodriguez,32,Engineering,Associate,Boston,116644.05,6930.08,2022-03-10,8,75.8,jane.rodriguez@company.com,(663) 354-9864,Active
EMP045954,Stephanie,Anderson,Stephanie Anderson,61,Marketing,Senior Developer,New York,65267.04,7410.88,2024-03-22,32,69.3,stephanie.anderson@company.com,(477) 499-6537,Inactive
EMP045955,Ashley,Johnson,Ashley Johnson,39,Marketing,Senior Developer,Miami,51962.72,5990.73,2020-05-28,11,100.0,ashley.johnson@company.com,(787) 208-5913,Active
EMP045956,Nicole,Rodriguez,Nicole Rodriguez,24,Finance,Senior Developer,Seattle,41045.53,3999.04,2024-01-22,0,80.1,nicole.rodriguez@company.com,(295) 236-3504,Active
EMP045957,Nicole,Thomas,Nicole Thomas,32,Sales,Lead,Boston,52632.84,7328.93,2024-11-18,9,81.0,nicole.thomas@company.com,(466) 683-4786,Inactive
EMP045958,Ashley,Miller,Ashley Miller,35,Operations,Analyst,Los Angeles,54592.33,5665.58,2023-10-04,10,73.0,ashley.miller@company.com,(924) 288-9912,Active
EMP045959,Jane,Garcia,Jane Garcia,54,IT,Director,Miami,83970.59,8333.88,2022-09-23,29,73.0,jane.garcia@company.com,(687) 706-4290,Active
EMP045960,Matthew,Thomas,Matthew Thomas,49,HR,Senior Developer,Chicago,80859.5,9374.01,2022-08-12,27,78.6,matthew.thomas@company.com,(251) 738-2278,Active
EMP045961,Lisa,Johnson,Lisa Johnson,36,Finance,Senior Developer,Los Angeles,92231.76,4189.51,2024-07-23,8,82.4,lisa.johnson@company.com,(633) 408-6878,Active
EMP045962,Melissa,Williams,Melissa Williams,56,Finance,Analyst,Boston,94733.22,2385.68,2024-07-03,32,72.7,melissa.williams@company.com,(236) 462-9490,Active
EMP045963,John,Hernandez,John Hernandez,23,Finance,Manager,Miami,72064.89,6112.01,2020-03-27,0,61.0,john.hernandez@company.com,(236) 266-6530,Active
EMP045964,Jessica,Lopez,Jessica Lopez,62,IT,Senior Developer,Boston,71720.66,9832.69,2024-10-26,33,87.8,jessica.lopez@company.com,(574) 495-2401,Active
EMP045965,Jessica,Miller,Jessica Miller,52,Finance,Senior Developer,Austin,88476.3,10915.19,2021-01-16,25,79.8,jessica.miller@company.com,(697) 844-6446,Active
EMP045966,Lisa,Gonzalez,Lisa Gonzalez,25,IT,Manager,Los Angeles,79461.1,12045.19,2022-12-04,0,70.5,lisa.gonzalez@company.com,(282) 485-4999,Active
EMP045967,Lisa,Williams,Lisa Williams,63,Sales,Associate,Boston,88149.43,10633.87,2022-12-01,38,87.1,lisa.williams@company.com,(484) 774-8309,Active
EMP045968,John,Davis,John Davis,53,Engineering,Senior Developer,Boston,92087.58,8851.02,2021-12-17,25,64.7,john.davis@company.com,(277) 740-9202,Active
EMP045969,Christopher,Miller,Christopher Miller,34,Engineering,Associate,San Francisco,78102.17,8960.43,2020-11-16,7,68.9,christopher.miller@company.com,(216) 569-6843,Inactive
EMP045970,Robert,Anderson,Robert Anderson,23,Engineering,Lead,San Francisco,60715.92,6956.48,2020-10-24,0,67.4,robert.anderson@company.com,(215) 551-6096,Active
EMP045971,John,Garcia,John Garcia,45,HR,Coordinator,Chicago,70809.16,4133.79,2020-11-07,23,66.2,john.garcia@company.com,(842) 338-9994,Inactive
EMP045972,William,Jackson,William Jackson,46,Operations,Associate,Boston,89712.34,7473.7,2020-06-28,24,79.9,william.jackson@company.com,(362) 866-6031,Active
EMP045973,Sarah,Smith,Sarah Smith,30,Operations,Associate,Austin,73164.05,0.0,2020-05-14,5,62.2,sarah.smith@company.com,(650) 508-7744,Active
EMP045974,Matthew,Rodriguez,Matthew Rodriguez,61,HR,Director,Boston,63444.44,0.0,2022-01-23,37,78.9,matthew.rodriguez@company.com,(869) 582-7345,Active
EMP045975,Michael,Smith,Michael Smith,64,Marketing,Coordinator,San Francisco,75611.09,7785.81,2023-07-17,36,66.9,michael.smith@company.com,(262) 469-3206,Active
EMP045976,Ashley,Thomas,Ashley Thomas,40,Marketing,Manager,Austin,70394.03,3356.32,2022-06-26,15,64.1,ashley.thomas@company.com,(311) 886-7880,Active
EMP045977,Lisa,Jones,Lisa Jones,54,IT,Coordinator,New York,124148.17,12278.5,2020-09-26,27,88.8,lisa.jones@company.com,(264) 524-8115,Active
EMP045978,Melissa,Rodriguez,Melissa Rodriguez,31,Operations,Coordinator,New York,52112.44,3958.14,2020-01-10,9,84.6,melissa.rodriguez@company.com,(840) 274-1938,Active
EMP045979,Daniel,Moore,Daniel Moore,24,Finance,Lead,Seattle,51365.37,5685.07,2024-10-02,0,91.1,daniel.moore@company.com,(602) 783-4864,Active
EMP045980,Amanda,Anderson,Amanda Anderson,57,Marketing,Analyst,Chicago,85114.3,17614.61,2022-07-25,34,100.0,amanda.anderson@company.com,(328) 903-7601,Active
EMP045981,Michael,Anderson,Michael Anderson,45,Finance,Associate,Austin,107933.61,15245.86,2023-04-30,17,81.8,michael.anderson@company.com,(298) 484-3743,Active
EMP045982,James,Garcia,James Garcia,32,HR,Lead,Los Angeles,59840.81,8321.3,2023-03-08,9,70.1,james.garcia@company.com,(938) 839-3549,Inactive
EMP045983,Emily,Martin,Emily Martin,41,Sales,Senior Developer,New York,62141.27,1732.58,2021-03-27,18,58.3,emily.martin@company.com,(852) 734-7461,Active
EMP045984,Sarah,Wilson,Sarah Wilson,53,Sales,Specialist,San Francisco,78476.27,4251.69,2020-07-23,26,63.3,sarah.wilson@company.com,(317) 778-2033,Active
EMP045985,Anthony,Rodriguez,Anthony Rodriguez,24,Sales,Manager,Chicago,81897.58,14626.24,2024-02-12,0,64.1,anthony.rodriguez@company.com,(781) 489-8192,Active
EMP045986,Daniel,Garcia,Daniel Garcia,31,Sales,Coordinator,Chicago,80783.33,8802.86,2021-10-19,6,73.4,daniel.garcia@company.com,(523) 657-9772,Active
EMP045987,Nicole,Johnson,Nicole Johnson,55,Marketing,Specialist,Los Angeles,56371.12,8078.05,2024-10-25,26,87.5,nicole.johnson@company.com,(660) 598-3628,Active
EMP045988,Daniel,Thomas,Daniel Thomas,30,Sales,Lead,Miami,86628.25,11150.59,2020-10-02,3,82.2,daniel.thomas@company.com,(268) 277-6447,Active
EMP045989,Daniel,Brown,Daniel Brown,56,IT,Senior Developer,Miami,94822.85,6872.96,2022-05-17,32,81.6,daniel.brown@company.com,(602) 775-2212,Active
EMP045990,David,Thomas,David Thomas,60,Marketing,Analyst,New York,80445.68,3147.3,2022-10-07,36,51.7,david.thomas@company.com,(460) 561-8904,Active
EMP045991,Anthony,Davis,Anthony Davis,30,Marketing,Specialist,Los Angeles,52257.22,6005.65,2020-03-11,7,78.0,anthony.davis@company.com,(668) 443-5020,Active
EMP045992,Michael,Lopez,Michael Lopez,50,Marketing,Manager,Miami,83491.82,2637.67,2020-01-08,22,64.0,michael.lopez@company.com,(418) 703-6280,Active
EMP045993,Ashley,Martin,Ashley Martin,58,HR,Senior Developer,Boston,81422.08,9024.53,2021-12-04,29,76.1,ashley.martin@company.com,(686) 885-7940,Inactive
EMP045994,Stephanie,Garcia,Stephanie Garcia,42,Engineering,Coordinator,Boston,91361.39,12334.57,2020-03-22,18,83.3,stephanie.garcia@company.com,(285) 686-8421,Active
EMP045995,Ashley,Taylor,Ashley Taylor,22,IT,Lead,Boston,80519.74,4341.93,2022-09-23,0,75.2,ashley.taylor@company.com,(342) 906-3001,Active
EMP045996,Ashley,Wilson,Ashley Wilson,26,Sales,Senior Developer,Los Angeles,44895.78,0.0,2022-01-07,0,97.4,ashley.wilson@company.com,(447) 659-9381,Active
EMP045997,Christopher,Moore,Christopher Moore,63,Engineering,Associate,Seattle,117601.89,11057.33,2022-11-14,37,78.8,christopher.moore@company.com,(999) 340-9894,Active
EMP045998,Jessica,Garcia,Jessica Garcia,28,HR,Specialist,New York,38943.1,2941.94,2020-04-02,3,80.7,jessica.garcia@company.com,(576) 820-6780,Inactive
EMP045999,Robert,Smith,Robert Smith,60,IT,Lead,Chicago,97817.98,9332.41,2020-11-12,37,77.5,robert.smith@company.com,(368) 243-8274,Active
EMP046000,William,Jones,William Jones,62,Sales,Specialist,Seattle,45575.82,5089.09,2023-06-17,39,74.4,william.jones@company.com,(807) 362-7498,Active
EMP046001,Nicole,Thomas,Nicole Thomas,33,Engineering,Manager,Los Angeles,67448.04,3412.98,2023-06-05,10,42.5,nicole.thomas@company.com,(423) 583-4683,Active
EMP046002,James,Wilson,James Wilson,32,Operations,Coordinator,Los Angeles,61671.38,7943.4,2020-10-15,4,52.9,james.wilson@company.com,(592) 426-1219,Active
EMP046003,Stephanie,Brown,Stephanie Brown,53,Legal,Director,Austin,104888.67,18017.84,2020-09-12,26,54.6,stephanie.brown@company.com,(201) 617-8461,Active
EMP046004,Christopher,Rodriguez,Christopher Rodriguez,42,Finance,Associate,Boston,77879.42,4142.1,2022-05-02,18,78.7,christopher.rodriguez@company.com,(410) 747-8804,On Leave
EMP046005,Anthony,Gonzalez,Anthony Gonzalez,39,Operations,Associate,Los Angeles,64626.95,7593.61,2023-06-23,15,100.0,anthony.gonzalez@company.com,(414) 483-8490,Active
EMP046006,Stephanie,Wilson,Stephanie Wilson,42,Finance,Senior Developer,New York,60827.5,4044.9,2023-10-13,13,83.8,stephanie.wilson@company.com,(622) 529-5915,Active
EMP046007,John,Williams,John Williams,46,Marketing,Manager,Austin,69093.8,9163.62,2024-05-16,24,63.2,john.williams@company.com,(339) 827-2169,Active
EMP046008,Robert,Miller,Robert Miller,34,HR,Director,Chicago,61542.91,7351.08,2020-04-14,6,100.0,robert.miller@company.com,(675) 318-3698,Active
EMP046009,Ashley,Lopez,Ashley Lopez,53,Marketing,Director,Seattle,53893.75,9973.37,2024-11-30,27,90.3,ashley.lopez@company.com,(428) 627-3128,Inactive
EMP046010,Anthony,Brown,Anthony Brown,59,Sales,Director,Chicago,91574.97,6978.47,2024-04-13,33,63.1,anthony.brown@company.com,(695) 545-8584,Active
EMP046011,Melissa,Jones,Melissa Jones,51,HR,Analyst,Los Angeles,82668.7,5421.73,2020-04-26,25,75.3,melissa.jones@company.com,(593) 667-7309,Inactive
EMP046012,Nicole,Martin,Nicole Martin,32,IT,Lead,Los Angeles,89542.99,2943.72,2023-03-29,6,73.4,nicole.martin@company.com,(957) 327-9585,Active
EMP046013,Christopher,Anderson,Christopher Anderson,62,IT,Analyst,Seattle,129214.24,15680.4,2020-06-28,35,51.5,christopher.anderson@company.com,(593) 620-6277,Active
EMP046014,Lisa,Rodriguez,Lisa Rodriguez,47,Finance,Director,Los Angeles,67847.44,3408.32,2024-04-17,21,54.2,lisa.rodriguez@company.com,(999) 634-3273,Active
EMP046015,Christopher,Miller,Christopher Miller,31,Marketing,Manager,Miami,58781.96,5682.25,2020-10-15,9,77.6,christopher.miller@company.com,(341) 446-2574,Active
EMP046016,John,Johnson,John Johnson,36,Marketing,Lead,Boston,66560.57,8230.69,2022-08-06,12,66.6,john.johnson@company.com,(689) 966-9427,Active
EMP046017,Jane,Gonzalez,Jane Gonzalez,36,Sales,Director,Miami,63858.65,6189.82,2021-09-06,13,62.0,jane.gonzalez@company.com,(920) 434-1788,Active
EMP046018,Amanda,Brown,Amanda Brown,41,Finance,Analyst,Boston,79660.13,7133.63,2021-08-26,14,93.9,amanda.brown@company.com,(334) 850-8710,Active
EMP046019,Stephanie,Williams,Stephanie Williams,53,Marketing,Manager,Miami,65772.86,6379.99,2024-02-02,25,83.3,stephanie.williams@company.com,(957) 746-5113,Active
EMP046020,Daniel,Taylor,Daniel Taylor,59,Legal,Manager,San Francisco,118827.93,3614.65,2024-11-28,31,93.3,daniel.taylor@company.com,(553) 304-6779,Inactive
EMP046021,Christopher,Lopez,Christopher Lopez,39,Finance,Lead,Miami,67277.75,8308.14,2020-04-04,16,73.2,christopher.lopez@company.com,(630) 378-4623,Active
EMP046022,Melissa,Rodriguez,Melissa Rodriguez,55,Sales,Director,Boston,86401.37,12077.11,2023-10-23,32,98.9,melissa.rodriguez@company.com,(506) 242-3865,Active
EMP046023,Ashley,Rodriguez,Ashley Rodriguez,54,Marketing,Lead,Chicago,74668.86,3720.5,2023-12-09,29,77.8,ashley.rodriguez@company.com,(866) 786-7426,Active
EMP046024,Nicole,Hernandez,Nicole Hernandez,26,Marketing,Associate,New York,50406.82,4991.57,2020-02-27,2,80.2,nicole.hernandez@company.com,(991) 911-8578,Active
EMP046025,Ashley,Rodriguez,Ashley Rodriguez,45,IT,Analyst,Chicago,62368.31,5982.67,2022-05-22,23,74.2,ashley.rodriguez@company.com,(820) 573-6000,Active
EMP046026,Ashley,Anderson,Ashley Anderson,24,IT,Analyst,San Francisco,85459.1,0.0,2022-02-18,0,81.0,ashley.anderson@company.com,(303) 240-4489,Active
EMP046027,Sarah,Gonzalez,Sarah Gonzalez,38,Engineering,Coordinator,Seattle,86625.26,9607.36,2024-02-10,11,66.5,sarah.gonzalez@company.com,(326) 345-9909,Active
EMP046028,Amanda,Garcia,Amanda Garcia,22,Operations,Director,Chicago,41305.2,1655.38,2022-09-15,0,80.3,amanda.garcia@company.com,(822) 272-5433,Active
EMP046029,James,Garcia,James Garcia,40,Marketing,Coordinator,Boston,59991.04,6324.72,2024-05-07,15,62.9,james.garcia@company.com,(998) 778-5917,Active
EMP046030,Matthew,Martinez,Matthew Martinez,44,Engineering,Associate,Boston,74425.87,5388.58,2020-01-17,18,77.5,matthew.martinez@company.com,(920) 697-9829,Active
EMP046031,Stephanie,Gonzalez,Stephanie Gonzalez,62,Sales,Director,New York,93260.85,5373.75,2020-01-15,40,87.4,stephanie.gonzalez@company.com,(561) 343-6365,Inactive
EMP046032,Anthony,Jackson,Anthony Jackson,31,Finance,Director,Boston,56813.91,2540.96,2024-03-06,4,69.5,anthony.jackson@company.com,(976) 229-5282,Active
EMP046033,Matthew,Miller,Matthew Miller,38,Marketing,Associate,Boston,55958.72,7341.13,2020-08-05,16,85.7,matthew.miller@company.com,(710) 207-5733,Active
EMP046034,Amanda,Williams,Amanda Williams,29,HR,Coordinator,New York,47378.71,1194.19,2024-06-27,7,51.8,amanda.williams@company.com,(291) 649-4362,Inactive
EMP046035,Michael,Miller,Michael Miller,23,IT,Associate,Chicago,72998.72,0.0,2020-03-01,0,82.6,michael.miller@company.com,(203) 601-7878,Active
EMP046036,John,Martinez,John Martinez,32,Marketing,Specialist,New York,65616.5,4562.16,2020-06-06,3,61.0,john.martinez@company.com,(350) 263-1117,Active
EMP046037,Lisa,Wilson,Lisa Wilson,63,Finance,Lead,Los Angeles,110779.97,11786.98,2020-09-01,38,74.6,lisa.wilson@company.com,(381) 439-4261,Active
EMP046038,Ashley,Johnson,Ashley Johnson,50,IT,Associate,Austin,93468.14,11725.27,2020-07-14,24,95.2,ashley.johnson@company.com,(284) 948-2305,Active
EMP046039,Jessica,Gonzalez,Jessica Gonzalez,46,IT,Specialist,Chicago,82278.89,17671.54,2024-06-11,19,75.6,jessica.gonzalez@company.com,(952) 529-1630,Active
EMP046040,Lisa,Martinez,Lisa Martinez,44,IT,Manager,New York,97739.04,15800.85,2024-02-14,18,55.5,lisa.martinez@company.com,(736) 755-6831,Active
EMP046041,Robert,Davis,Robert Davis,58,Sales,Director,Seattle,84109.34,8302.81,2020-03-16,35,53.5,robert.davis@company.com,(528) 218-4645,Active
EMP046042,David,Smith,David Smith,26,Sales,Specialist,Los Angeles,68132.63,12110.68,2024-03-03,3,77.6,david.smith@company.com,(380) 632-4181,On Leave
EMP046043,Matthew,Lopez,Matthew Lopez,39,HR,Analyst,Seattle,60908.18,2279.88,2022-08-16,11,52.9,matthew.lopez@company.com,(864) 370-5141,Active
EMP046044,Jane,Davis,Jane Davis,64,Operations,Coordinator,Austin,79662.44,4483.5,2020-10-23,37,90.7,jane.davis@company.com,(839) 834-7308,Active
EMP046045,James,Wilson,James Wilson,53,IT,Coordinator,San Francisco,109911.3,3157.15,2022-10-19,27,48.3,james.wilson@company.com,(223) 305-3847,Active
EMP046046,Daniel,Johnson,Daniel Johnson,48,Operations,Lead,New York,65232.09,5052.46,2024-12-05,26,82.9,daniel.johnson@company.com,(206) 964-1026,Active
EMP046047,Anthony,Wilson,Anthony Wilson,24,Sales,Senior Developer,San Francisco,52486.67,4591.98,2022-08-17,0,82.8,anthony.wilson@company.com,(518) 581-8079,Active
EMP046048,Matthew,Wilson,Matthew Wilson,26,Operations,Analyst,Austin,25500.0,2306.77,2022-09-22,3,100.0,matthew.wilson@company.com,(646) 490-6915,Active
EMP046049,John,Davis,John Davis,51,Operations,Manager,New York,92642.78,3455.15,2023-07-05,28,78.6,john.davis@company.com,(484) 993-9841,Active
EMP046050,John,Thomas,John Thomas,24,Marketing,Senior Developer,Chicago,51469.43,4675.97,2021-10-22,0,82.2,john.thomas@company.com,(949) 266-4700,Inactive
EMP046051,Jessica,Smith,Jessica Smith,57,Legal,Coordinator,New York,114733.06,10607.62,2022-04-15,30,79.5,jessica.smith@company.com,(557) 972-4270,Active
EMP046052,James,Rodriguez,James Rodriguez,55,Marketing,Associate,Chicago,87041.58,6874.9,2021-11-24,29,65.2,james.rodriguez@company.com,(995) 567-4071,Active
EMP046053,Matthew,Garcia,Matthew Garcia,56,Marketing,Coordinator,Miami,83176.1,9984.24,2021-11-06,32,53.6,matthew.garcia@company.com,(576) 652-9201,Active
EMP046054,Daniel,Martin,Daniel Martin,63,Legal,Analyst,San Francisco,109768.61,21224.74,2022-02-22,39,90.6,daniel.martin@company.com,(608) 557-9154,Active
EMP046055,Amanda,Wilson,Amanda Wilson,27,Sales,Specialist,Chicago,49859.69,726.15,2022-10-14,0,62.5,amanda.wilson@company.com,(547) 738-4183,Active
EMP046056,James,Hernandez,James Hernandez,32,Marketing,Coordinator,Miami,93685.66,4382.28,2024-04-11,4,63.5,james.hernandez@company.com,(309) 375-6160,Active
EMP046057,Amanda,Smith,Amanda Smith,59,Finance,Senior Developer,Miami,113434.16,20820.05,2020-05-21,32,55.0,amanda.smith@company.com,(538) 470-5975,Active
EMP046058,Nicole,Jackson,Nicole Jackson,34,IT,Manager,Los Angeles,57399.24,7705.38,2020-12-08,8,47.3,nicole.jackson@company.com,(669) 608-8745,Active
EMP046059,Daniel,Wilson,Daniel Wilson,33,Finance,Lead,Boston,87647.35,6625.88,2024-09-11,10,77.5,daniel.wilson@company.com,(331) 626-5379,Active
EMP046060,John,Anderson,John Anderson,32,Legal,Associate,San Francisco,96397.0,2679.13,2023-11-18,8,89.5,john.anderson@company.com,(760) 681-2062,On Leave
EMP046061,Sarah,Anderson,Sarah Anderson,30,Finance,Director,Chicago,47306.94,5569.76,2024-10-13,4,63.3,sarah.anderson@company.com,(447) 830-6721,Inactive
EMP046062,Jane,Martinez,Jane Martinez,60,Legal,Coordinator,Chicago,113261.31,16722.69,2020-03-01,38,90.4,jane.martinez@company.com,(247) 761-1397,Active
EMP046063,Melissa,Davis,Melissa Davis,24,Operations,Manager,Boston,32807.35,3060.57,2022-11-27,0,55.5,melissa.davis@company.com,(914) 658-9916,Active
EMP046064,Anthony,Lopez,Anthony Lopez,24,Operations,Lead,San Francisco,56244.71,5372.54,2020-07-18,0,79.4,anthony.lopez@company.com,(368) 437-1996,Active
EMP046065,Matthew,Moore,Matthew Moore,36,HR,Director,Chicago,44141.6,2754.88,2021-01-27,14,70.8,matthew.moore@company.com,(913) 375-1132,Active
EMP046066,Lisa,Thomas,Lisa Thomas,36,IT,Director,Boston,90295.73,10335.53,2022-02-08,12,100.0,lisa.thomas@company.com,(407) 626-3436,Active
EMP046067,Ashley,Jones,Ashley Jones,38,Finance,Associate,New York,62920.66,11955.77,2021-06-25,11,74.8,ashley.jones@company.com,(683) 468-4712,Active
EMP046068,David,Brown,David Brown,50,Sales,Associate,New York,75525.88,12828.0,2020-12-10,24,75.8,david.brown@company.com,(574) 794-8045,Active
EMP046069,John,Garcia,John Garcia,39,Legal,Coordinator,Miami,85301.55,4682.39,2021-06-20,17,84.2,john.garcia@company.com,(487) 511-8730,Active
EMP046070,Robert,Garcia,Robert Garcia,63,Sales,Lead,San Francisco,91015.35,19198.96,2022-10-01,38,68.4,robert.garcia@company.com,(474) 929-9421,Active
EMP046071,Sarah,Lopez,Sarah Lopez,52,Marketing,Analyst,Austin,88870.48,10243.41,2022-05-24,26,66.8,sarah.lopez@company.com,(582) 783-8984,Active
EMP046072,Melissa,Thomas,Melissa Thomas,56,Sales,Manager,San Francisco,84662.13,9170.83,2023-08-16,31,70.9,melissa.thomas@company.com,(279) 610-4048,Inactive
EMP046073,Emily,Hernandez,Emily Hernandez,46,Operations,Manager,Seattle,67603.15,9218.58,2023-03-14,20,58.1,emily.hernandez@company.com,(732) 345-4672,Active
EMP046074,Amanda,Martinez,Amanda Martinez,40,IT,Associate,Miami,79518.86,4905.42,2022-06-30,16,67.9,amanda.martinez@company.com,(613) 470-9554,On Leave
EMP046075,Sarah,Gonzalez,Sarah Gonzalez,39,Marketing,Director,Austin,73720.18,9573.71,2023-07-01,15,84.0,sarah.gonzalez@company.com,(892) 370-8361,Active
EMP046076,Anthony,Hernandez,Anthony Hernandez,24,HR,Senior Developer,Seattle,42919.59,4047.74,2021-12-20,1,76.5,anthony.hernandez@company.com,(753) 883-7842,Active
EMP046077,Christopher,Davis,Christopher Davis,43,Engineering,Specialist,Seattle,91432.1,9429.86,2023-06-08,18,51.4,christopher.davis@company.com,(695) 278-4062,Active
EMP046078,Stephanie,Anderson,Stephanie Anderson,41,Operations,Senior Developer,Chicago,61209.44,4527.71,2020-11-10,14,86.3,stephanie.anderson@company.com,(734) 884-1953,Active
EMP046079,James,Williams,James Williams,51,Sales,Director,Chicago,67491.63,2069.6,2023-11-15,26,59.3,james.williams@company.com,(667) 393-3678,Active
EMP046080,Robert,Miller,Robert Miller,59,Finance,Associate,Boston,89888.56,8744.62,2021-06-07,35,58.8,robert.miller@company.com,(299) 988-5410,Active
EMP046081,Lisa,Johnson,Lisa Johnson,60,Marketing,Lead,Boston,73677.46,6650.66,2021-10-03,34,69.0,lisa.johnson@company.com,(731) 919-1687,Active
EMP046082,Amanda,Jones,Amanda Jones,42,Operations,Specialist,Boston,78096.61,13063.13,2024-06-20,17,82.5,amanda.jones@company.com,(708) 796-2862,Active
EMP046083,Jessica,Lopez,Jessica Lopez,63,Operations,Lead,Seattle,59157.02,8547.43,2021-03-20,38,75.2,jessica.lopez@company.com,(779) 467-6709,Active
EMP046084,Daniel,Miller,Daniel Miller,62,Legal,Associate,Austin,104542.71,13756.13,2020-08-15,35,71.7,daniel.miller@company.com,(213) 247-8339,Active
EMP046085,Ashley,Thomas,Ashley Thomas,29,Engineering,Manager,Austin,89731.26,17542.5,2023-02-18,2,83.7,ashley.thomas@company.com,(266) 371-1977,Active
EMP046086,Robert,Hernandez,Robert Hernandez,22,Finance,Associate,New York,75001.7,6847.58,2023-05-27,0,75.2,robert.hernandez@company.com,(905) 681-6096,Active
EMP046087,Jessica,Brown,Jessica Brown,34,IT,Specialist,Austin,57949.17,9125.07,2022-10-28,10,63.0,jessica.brown@company.com,(675) 297-7094,Inactive
EMP046088,Stephanie,Moore,Stephanie Moore,49,IT,Manager,San Francisco,126590.63,8068.42,2023-05-13,21,89.4,stephanie.moore@company.com,(291) 555-8110,On Leave
EMP046089,Sarah,Martinez,Sarah Martinez,24,Marketing,Director,San Francisco,28500.0,4990.94,2024-02-16,0,94.9,sarah.martinez@company.com,(417) 257-5278,Active
EMP046090,Christopher,Hernandez,Christopher Hernandez,33,IT,Lead,Los Angeles,45199.22,5961.91,2021-09-28,7,90.4,christopher.hernandez@company.com,(689) 600-2476,Active
EMP046091,Lisa,Brown,Lisa Brown,22,Finance,Manager,San Francisco,46282.63,2105.29,2020-05-12,0,79.5,lisa.brown@company.com,(468) 657-4151,On Leave
EMP046092,Melissa,Smith,Melissa Smith,28,IT,Director,Boston,70854.84,9329.22,2020-05-09,6,81.2,melissa.smith@company.com,(642) 452-1566,Active
EMP046093,Matthew,Hernandez,Matthew Hernandez,27,Legal,Director,Seattle,101109.28,1984.95,2024-07-02,0,90.4,matthew.hernandez@company.com,(529) 202-6192,Inactive
EMP046094,Emily,Jackson,Emily Jackson,44,Engineering,Manager,San Francisco,89832.91,7366.32,2023-10-31,19,50.5,emily.jackson@company.com,(925) 943-2938,Active
EMP046095,David,Hernandez,David Hernandez,34,Marketing,Lead,New York,56916.28,9740.27,2022-04-10,12,93.0,david.hernandez@company.com,(226) 602-2001,Active
EMP046096,Robert,Rodriguez,Robert Rodriguez,33,Marketing,Manager,San Francisco,70613.1,8382.34,2023-02-10,4,71.5,robert.rodriguez@company.com,(431) 300-6550,Inactive
EMP046097,Matthew,Davis,Matthew Davis,32,HR,Director,Austin,62483.09,8043.57,2023-07-12,8,59.7,matthew.davis@company.com,(549) 482-2192,Active
EMP046098,Ashley,Williams,Ashley Williams,28,Engineering,Associate,Seattle,52464.82,5459.99,2023-04-25,4,45.5,ashley.williams@company.com,(709) 582-8148,Active
EMP046099,John,Johnson,John Johnson,62,Legal,Coordinator,Austin,129362.9,14272.96,2024-09-19,39,77.5,john.johnson@company.com,(431) 629-8308,Active
EMP046100,James,Williams,James Williams,44,Finance,Lead,Boston,103547.42,9208.3,2024-12-06,21,82.4,james.williams@company.com,(656) 837-4374,Active
EMP046101,David,Hernandez,David Hernandez,44,HR,Manager,Miami,66370.35,12733.64,2021-06-06,16,62.9,david.hernandez@company.com,(927) 788-9608,Active
EMP046102,Michael,Martinez,Michael Martinez,42,Sales,Manager,New York,54894.93,8519.66,2021-09-07,13,93.6,michael.martinez@company.com,(281) 903-5610,Inactive
EMP046103,Daniel,Davis,Daniel Davis,56,Legal,Coordinator,Boston,110747.62,14741.59,2024-07-26,27,81.1,daniel.davis@company.com,(252) 882-7584,Active
EMP046104,Ashley,Williams,Ashley Williams,38,Sales,Analyst,Boston,68838.68,4389.64,2024-06-07,12,80.1,ashley.williams@company.com,(571) 545-8821,Active
EMP046105,Ashley,Lopez,Ashley Lopez,47,Marketing,Associate,Seattle,46071.25,1680.28,2020-12-19,25,88.1,ashley.lopez@company.com,(497) 573-8199,Active
EMP046106,Anthony,Johnson,Anthony Johnson,31,Sales,Senior Developer,Los Angeles,72302.65,6673.43,2022-01-08,6,54.4,anthony.johnson@company.com,(751) 716-7511,Active
EMP046107,Jane,Wilson,Jane Wilson,55,IT,Analyst,Chicago,84592.63,5909.85,2022-08-02,31,76.8,jane.wilson@company.com,(925) 252-4023,Active
EMP046108,John,Jones,John Jones,53,Operations,Associate,Boston,77588.37,94.74,2020-11-21,26,61.7,john.jones@company.com,(387) 281-1022,Inactive
EMP046109,Anthony,Wilson,Anthony Wilson,64,Finance,Director,San Francisco,96577.98,8679.67,2020-09-16,40,76.3,anthony.wilson@company.com,(241) 330-3002,Active
EMP046110,Robert,Rodriguez,Robert Rodriguez,58,Finance,Coordinator,Chicago,103564.2,530.38,2022-06-01,31,64.8,robert.rodriguez@company.com,(914) 699-6323,Active
EMP046111,Nicole,Lopez,Nicole Lopez,48,Engineering,Coordinator,Boston,100383.18,11021.78,2024-11-25,26,66.2,nicole.lopez@company.com,(539) 566-8269,Active
EMP046112,Christopher,Garcia,Christopher Garcia,34,Marketing,Director,New York,56943.62,5639.1,2022-05-18,10,81.6,christopher.garcia@company.com,(572) 603-1261,Inactive
EMP046113,Sarah,Martin,Sarah Martin,64,Engineering,Manager,Miami,110860.22,20200.57,2024-06-07,40,92.8,sarah.martin@company.com,(546) 670-7038,Active
EMP046114,Jessica,Jones,Jessica Jones,26,Sales,Manager,Austin,62852.7,3681.56,2024-08-31,2,73.0,jessica.jones@company.com,(592) 330-3217,Active
EMP046115,Jessica,Thomas,Jessica Thomas,31,Sales,Lead,Seattle,65215.88,3384.5,2023-02-09,8,86.0,jessica.thomas@company.com,(367) 455-2088,Active
EMP046116,Amanda,Taylor,Amanda Taylor,42,HR,Analyst,New York,60096.86,4474.28,2024-05-30,14,52.5,amanda.taylor@company.com,(403) 707-8955,Active
EMP046117,David,Martin,David Martin,34,Sales,Senior Developer,Boston,91316.23,10284.18,2024-09-15,10,74.7,david.martin@company.com,(615) 798-2202,Active
EMP046118,David,Johnson,David Johnson,28,Operations,Coordinator,New York,44795.32,1427.28,2023-12-13,0,62.7,david.johnson@company.com,(367) 644-5946,Active
EMP046119,Amanda,Gonzalez,Amanda Gonzalez,48,Sales,Coordinator,Los Angeles,86839.34,11916.13,2021-03-04,23,69.1,amanda.gonzalez@company.com,(201) 976-8961,On Leave
EMP046120,James,Martin,James Martin,46,Engineering,Manager,New York,113189.32,9596.81,2024-05-15,17,74.6,james.martin@company.com,(574) 253-3054,Active
EMP046121,James,Rodriguez,James Rodriguez,50,IT,Manager,New York,90231.91,9594.23,2024-11-05,23,69.5,james.rodriguez@company.com,(790) 239-4486,Active
EMP046122,Melissa,Wilson,Melissa Wilson,37,HR,Coordinator,Miami,44534.78,916.9,2020-10-31,13,70.6,melissa.wilson@company.com,(586) 803-8564,Active
EMP046123,Michael,Martinez,Michael Martinez,40,Marketing,Analyst,Austin,112044.92,19853.44,2022-09-23,15,99.3,michael.martinez@company.com,(710) 988-1051,On Leave
EMP046124,Jessica,Martin,Jessica Martin,48,Operations,Associate,Boston,67339.53,4198.27,2022-04-12,19,74.6,jessica.martin@company.com,(338) 284-3486,Active
EMP046125,Jessica,Martin,Jessica Martin,42,Finance,Specialist,Miami,81494.42,12700.35,2020-09-12,17,78.7,jessica.martin@company.com,(751) 893-1487,Inactive
EMP046126,Michael,Davis,Michael Davis,56,HR,Director,New York,74924.85,8879.16,2024-01-31,32,66.7,michael.davis@company.com,(805) 709-7639,Active
EMP046127,Ashley,Wilson,Ashley Wilson,47,Sales,Specialist,New York,62698.97,8374.92,2024-05-01,25,59.0,ashley.wilson@company.com,(572) 738-8849,Inactive
EMP046128,Michael,Smith,Michael Smith,39,Sales,Coordinator,New York,82977.69,13542.99,2022-09-17,17,94.8,michael.smith@company.com,(345) 549-6788,Active
EMP046129,Ashley,Jackson,Ashley Jackson,44,Legal,Lead,Chicago,63395.7,2279.81,2023-11-30,21,65.4,ashley.jackson@company.com,(888) 652-8072,Active
EMP046130,Michael,Martin,Michael Martin,29,Legal,Associate,Chicago,103647.83,0.0,2020-10-09,7,58.3,michael.martin@company.com,(662) 946-5950,Active
EMP046131,Robert,Moore,Robert Moore,50,Legal,Director,San Francisco,94742.68,8157.25,2021-12-28,27,86.2,robert.moore@company.com,(540) 557-3763,Active
EMP046132,Emily,Jackson,Emily Jackson,47,IT,Manager,Chicago,108498.98,4337.55,2024-06-11,24,64.4,emily.jackson@company.com,(713) 650-3996,Active
EMP046133,John,Brown,John Brown,38,Finance,Director,Los Angeles,97717.44,10914.38,2024-06-28,13,68.9,john.brown@company.com,(826) 601-8077,Active
EMP046134,Stephanie,Anderson,Stephanie Anderson,46,Marketing,Director,Chicago,72098.31,13268.1,2024-02-21,21,56.6,stephanie.anderson@company.com,(660) 966-5525,Active
EMP046135,Jane,Gonzalez,Jane Gonzalez,33,Finance,Manager,Austin,75916.18,10223.54,2024-07-17,6,54.9,jane.gonzalez@company.com,(819) 737-5790,Active
EMP046136,John,Thomas,John Thomas,50,Marketing,Senior Developer,San Francisco,60078.7,8553.63,2024-03-26,23,100.0,john.thomas@company.com,(458) 349-3523,Inactive
EMP046137,Daniel,Jackson,Daniel Jackson,36,Sales,Manager,Seattle,72911.39,3888.63,2020-04-22,7,93.6,daniel.jackson@company.com,(688) 929-3715,Active
EMP046138,Ashley,Lopez,Ashley Lopez,59,Legal,Associate,Seattle,82961.57,9750.8,2022-01-10,31,83.9,ashley.lopez@company.com,(607) 283-8437,Active
EMP046139,Matthew,Moore,Matthew Moore,55,HR,Coordinator,Chicago,72615.42,12575.01,2023-05-28,30,54.6,matthew.moore@company.com,(463) 257-2930,Active
EMP046140,Michael,Wilson,Michael Wilson,30,Sales,Associate,Miami,61833.05,5921.13,2021-05-14,6,48.1,michael.wilson@company.com,(830) 495-3208,Inactive
EMP046141,Robert,Taylor,Robert Taylor,33,Legal,Director,New York,81338.41,7160.39,2020-10-29,8,44.1,robert.taylor@company.com,(748) 940-1550,Active
EMP046142,Sarah,Williams,Sarah Williams,52,Finance,Associate,Chicago,99105.49,11101.93,2024-02-29,28,76.2,sarah.williams@company.com,(871) 434-2404,Inactive
EMP046143,John,Martin,John Martin,36,HR,Director,Boston,76857.52,3612.0,2022-07-02,11,99.2,john.martin@company.com,(804) 959-9603,Active
EMP046144,Jane,Martinez,Jane Martinez,44,IT,Coordinator,New York,101103.64,8008.91,2024-12-07,18,72.3,jane.martinez@company.com,(973) 729-3163,Active
EMP046145,Stephanie,Wilson,Stephanie Wilson,42,Legal,Coordinator,Austin,83787.13,9923.66,2023-11-13,13,80.8,stephanie.wilson@company.com,(668) 818-6287,Active
EMP046146,Melissa,Moore,Melissa Moore,49,Operations,Associate,Los Angeles,67827.07,2115.25,2020-08-12,26,76.9,melissa.moore@company.com,(251) 990-8783,Active
EMP046147,Ashley,Brown,Ashley Brown,36,Marketing,Senior Developer,San Francisco,67509.9,10578.02,2022-10-26,12,59.8,ashley.brown@company.com,(215) 248-3168,Active
EMP046148,Michael,Moore,Michael Moore,54,Finance,Associate,Chicago,107807.94,16040.05,2024-09-04,32,86.7,michael.moore@company.com,(376) 287-2773,Inactive
EMP046149,Anthony,Hernandez,Anthony Hernandez,38,Finance,Associate,New York,62209.99,8616.95,2020-09-17,9,68.7,anthony.hernandez@company.com,(664) 954-9307,Inactive
EMP046150,Michael,Jackson,Michael Jackson,32,Marketing,Coordinator,Los Angeles,66622.62,2647.29,2020-01-20,3,83.5,michael.jackson@company.com,(625) 887-1164,Inactive
EMP046151,Nicole,Thomas,Nicole Thomas,62,HR,Director,Austin,73187.56,5899.14,2022-11-06,36,75.4,nicole.thomas@company.com,(505) 813-4452,Inactive
EMP046152,Stephanie,Martin,Stephanie Martin,54,Finance,Associate,Austin,76222.36,7858.53,2021-12-20,30,61.5,stephanie.martin@company.com,(262) 956-5391,Active
EMP046153,Ashley,Jones,Ashley Jones,59,Marketing,Associate,Seattle,90019.22,13703.39,2022-02-18,35,100.0,ashley.jones@company.com,(290) 521-8292,Active
EMP046154,Daniel,Hernandez,Daniel Hernandez,44,Marketing,Specialist,Los Angeles,77647.4,6318.43,2022-04-01,15,67.0,daniel.hernandez@company.com,(731) 771-6048,On Leave
EMP046155,Emily,Martinez,Emily Martinez,50,IT,Manager,Miami,89017.02,8364.34,2021-05-20,27,60.3,emily.martinez@company.com,(378) 341-2668,Active
EMP046156,Stephanie,Rodriguez,Stephanie Rodriguez,49,HR,Associate,Los Angeles,59205.31,5253.55,2021-04-30,27,63.3,stephanie.rodriguez@company.com,(675) 365-8098,Active
EMP046157,Sarah,Anderson,Sarah Anderson,42,Marketing,Analyst,Boston,82401.93,1467.08,2022-10-25,13,89.3,sarah.anderson@company.com,(569) 561-3394,Active
EMP046158,Matthew,Hernandez,Matthew Hernandez,44,IT,Manager,Boston,110640.97,13056.35,2020-03-09,16,93.5,matthew.hernandez@company.com,(976) 255-7841,Active
EMP046159,William,Hernandez,William Hernandez,24,Marketing,Analyst,Austin,53489.16,5794.21,2021-05-08,1,73.2,william.hernandez@company.com,(326) 278-2124,Active
EMP046160,Ashley,Williams,Ashley Williams,50,Sales,Coordinator,Los Angeles,68963.13,3572.06,2021-12-13,27,81.8,ashley.williams@company.com,(552) 238-1978,Active
EMP046161,Amanda,Johnson,Amanda Johnson,63,IT,Specialist,Austin,84587.61,6718.52,2023-01-08,36,86.3,amanda.johnson@company.com,(985) 650-9535,Active
EMP046162,Jessica,Smith,Jessica Smith,60,HR,Director,Austin,110976.02,12948.54,2020-04-23,38,41.8,jessica.smith@company.com,(611) 716-9558,On Leave
EMP046163,John,Gonzalez,John Gonzalez,57,Finance,Analyst,Chicago,162453.57,10759.0,2023-07-15,32,77.8,john.gonzalez@company.com,(815) 375-5418,Active
EMP046164,William,Moore,William Moore,64,Finance,Coordinator,Chicago,104836.38,203.35,2024-05-11,38,71.3,william.moore@company.com,(772) 280-7597,Active
EMP046165,Jessica,Wilson,Jessica Wilson,49,Sales,Coordinator,Boston,80441.23,2082.2,2020-04-11,22,41.0,jessica.wilson@company.com,(228) 329-1995,Active
EMP046166,David,Davis,David Davis,26,Operations,Director,Miami,25500.0,1803.61,2024-11-24,4,91.1,david.davis@company.com,(831) 741-9843,Active
EMP046167,Jane,Martin,Jane Martin,33,Finance,Specialist,Boston,88240.64,15608.23,2024-03-19,5,59.7,jane.martin@company.com,(972) 304-7905,Active
EMP046168,Ashley,Garcia,Ashley Garcia,23,Operations,Analyst,San Francisco,71228.15,9884.12,2020-10-15,0,76.5,ashley.garcia@company.com,(462) 868-4306,Active
EMP046169,Jessica,Williams,Jessica Williams,53,Operations,Coordinator,San Francisco,45740.71,941.8,2021-01-15,31,72.0,jessica.williams@company.com,(210) 962-2434,Active
EMP046170,Michael,Jackson,Michael Jackson,65,IT,Analyst,San Francisco,100269.74,16218.68,2024-11-23,38,86.9,michael.jackson@company.com,(989) 752-8104,Active
EMP046171,Christopher,Taylor,Christopher Taylor,58,Sales,Specialist,Boston,100435.21,16896.22,2024-04-02,36,89.9,christopher.taylor@company.com,(278) 424-6164,Active
EMP046172,William,Lopez,William Lopez,65,Legal,Analyst,Seattle,99604.79,8704.96,2024-03-07,43,72.8,william.lopez@company.com,(419) 674-1533,Active
EMP046173,Nicole,Gonzalez,Nicole Gonzalez,43,IT,Director,Los Angeles,82096.05,370.35,2023-10-08,20,53.1,nicole.gonzalez@company.com,(792) 316-6921,Active
EMP046174,Lisa,Williams,Lisa Williams,54,Legal,Analyst,Miami,89392.7,8861.49,2021-12-18,27,100.0,lisa.williams@company.com,(289) 323-2415,Inactive
EMP046175,Nicole,Martinez,Nicole Martinez,44,Operations,Lead,Chicago,69504.94,12715.75,2020-10-18,16,70.1,nicole.martinez@company.com,(748) 532-1460,Active
EMP046176,Daniel,Miller,Daniel Miller,60,Sales,Lead,Boston,98983.14,12462.31,2022-04-16,31,78.8,daniel.miller@company.com,(358) 427-7628,Active
EMP046177,Anthony,Taylor,Anthony Taylor,47,Legal,Analyst,Los Angeles,100356.23,8493.39,2022-05-30,21,69.0,anthony.taylor@company.com,(544) 826-2092,Active
EMP046178,Melissa,Moore,Melissa Moore,53,Sales,Specialist,New York,91053.93,8822.59,2022-05-31,27,69.7,melissa.moore@company.com,(357) 661-6452,Active
EMP046179,Amanda,Wilson,Amanda Wilson,36,Marketing,Analyst,Boston,62663.11,3954.09,2023-05-31,13,74.4,amanda.wilson@company.com,(922) 388-4289,On Leave
EMP046180,Daniel,Hernandez,Daniel Hernandez,27,Engineering,Senior Developer,Austin,92831.95,6666.38,2021-05-08,2,76.7,daniel.hernandez@company.com,(250) 615-1238,Active
EMP046181,David,Garcia,David Garcia,22,Finance,Analyst,Miami,64533.97,4892.02,2021-07-16,0,45.3,david.garcia@company.com,(685) 644-7076,Active
EMP046182,Emily,Martinez,Emily Martinez,39,Operations,Specialist,Seattle,64612.93,6859.38,2020-11-07,14,100.0,emily.martinez@company.com,(644) 985-1310,Active
EMP046183,Christopher,Miller,Christopher Miller,32,Finance,Associate,San Francisco,61326.33,3961.4,2023-12-15,8,64.3,christopher.miller@company.com,(334) 418-5478,Active
EMP046184,James,Taylor,James Taylor,54,HR,Senior Developer,Austin,82818.3,5971.56,2020-04-12,26,88.1,james.taylor@company.com,(568) 517-7654,Active
EMP046185,Michael,Miller,Michael Miller,42,HR,Senior Developer,Miami,71088.94,4796.23,2020-10-18,18,79.6,michael.miller@company.com,(868) 700-9215,Active
EMP046186,David,Moore,David Moore,26,HR,Lead,Miami,54564.02,3272.09,2023-11-14,2,76.2,david.moore@company.com,(492) 591-6743,Active
EMP046187,Anthony,Anderson,Anthony Anderson,46,Sales,Coordinator,Seattle,96224.84,10499.34,2021-05-19,22,86.2,anthony.anderson@company.com,(699) 494-4708,Active
EMP046188,Sarah,Martin,Sarah Martin,63,Finance,Analyst,Los Angeles,91908.54,6769.91,2020-11-06,41,92.4,sarah.martin@company.com,(428) 697-5715,Active
EMP046189,Daniel,Wilson,Daniel Wilson,55,Engineering,Lead,Los Angeles,112662.24,20301.44,2022-12-28,33,59.6,daniel.wilson@company.com,(232) 419-5758,Active
EMP046190,John,Davis,John Davis,55,HR,Associate,Miami,88216.54,2484.44,2021-12-04,28,53.2,john.davis@company.com,(355) 503-5520,Active
EMP046191,Christopher,Wilson,Christopher Wilson,32,Marketing,Manager,Boston,35405.82,5271.55,2024-07-26,9,67.2,christopher.wilson@company.com,(437) 839-3036,Active
EMP046192,John,Lopez,John Lopez,41,Marketing,Analyst,New York,62843.92,8980.24,2021-09-08,16,65.5,john.lopez@company.com,(903) 661-9805,On Leave
EMP046193,Lisa,Wilson,Lisa Wilson,59,Operations,Specialist,San Francisco,71580.19,6994.4,2020-02-15,30,81.0,lisa.wilson@company.com,(537) 292-9741,Active
EMP046194,Daniel,Martinez,Daniel Martinez,62,Operations,Senior Developer,New York,66471.63,8085.07,2020-12-26,34,74.4,daniel.martinez@company.com,(427) 726-4747,Active
EMP046195,Ashley,Garcia,Ashley Garcia,23,Legal,Coordinator,Boston,72986.04,6759.42,2020-04-04,0,69.7,ashley.garcia@company.com,(722) 825-6895,Active
EMP046196,James,Davis,James Davis,54,HR,Specialist,Seattle,89998.72,14983.74,2024-06-11,29,86.7,james.davis@company.com,(820) 965-7075,Active
EMP046197,Christopher,Rodriguez,Christopher Rodriguez,22,Legal,Senior Developer,Los Angeles,70626.81,6721.5,2024-05-14,0,81.0,christopher.rodriguez@company.com,(216) 775-7105,Inactive
EMP046198,Amanda,Gonzalez,Amanda Gonzalez,58,Finance,Director,San Francisco,111687.58,16333.56,2021-03-04,30,82.4,amanda.gonzalez@company.com,(989) 486-9228,Active
EMP046199,Amanda,Anderson,Amanda Anderson,44,Legal,Coordinator,San Francisco,64945.39,11163.48,2022-01-19,15,67.2,amanda.anderson@company.com,(430) 284-8909,Active
EMP046200,Michael,Taylor,Michael Taylor,40,Legal,Coordinator,Los Angeles,88658.17,11868.46,2021-01-24,11,69.0,michael.taylor@company.com,(445) 535-4556,Active
EMP046201,James,Taylor,James Taylor,42,IT,Senior Developer,Seattle,90206.78,15995.84,2022-02-07,18,62.4,james.taylor@company.com,(708) 288-5121,Active
EMP046202,William,Smith,William Smith,25,Marketing,Associate,New York,36443.3,967.21,2023-01-27,0,51.9,william.smith@company.com,(749) 429-5298,On Leave
EMP046203,John,Moore,John Moore,59,Sales,Analyst,New York,74926.3,10445.57,2020-01-09,34,63.8,john.moore@company.com,(549) 869-2121,Active
EMP046204,Sarah,Jones,Sarah Jones,24,Operations,Lead,Los Angeles,52717.38,5392.77,2021-11-06,1,63.3,sarah.jones@company.com,(299) 977-5174,Active
EMP046205,Sarah,Moore,Sarah Moore,46,IT,Lead,Miami,95705.3,7990.61,2023-09-10,24,64.6,sarah.moore@company.com,(458) 262-9842,Active
EMP046206,Lisa,Lopez,Lisa Lopez,63,HR,Manager,Chicago,68436.16,7913.69,2022-03-22,41,67.6,lisa.lopez@company.com,(443) 327-6206,Active
EMP046207,David,Lopez,David Lopez,27,Marketing,Lead,Seattle,76453.07,5515.84,2023-11-21,2,64.2,david.lopez@company.com,(237) 887-1356,Active
EMP046208,Daniel,Gonzalez,Daniel Gonzalez,27,Sales,Senior Developer,Los Angeles,85679.48,5530.29,2020-10-27,1,96.9,daniel.gonzalez@company.com,(614) 511-4288,Active
EMP046209,Emily,Moore,Emily Moore,29,HR,Senior Developer,Miami,32014.0,3035.74,2024-11-15,4,75.8,emily.moore@company.com,(574) 634-3235,Active
EMP046210,Lisa,Lopez,Lisa Lopez,62,Sales,Associate,Miami,80684.8,9037.96,2020-08-01,37,56.4,lisa.lopez@company.com,(952) 923-1247,Active
EMP046211,Stephanie,Jackson,Stephanie Jackson,49,Finance,Lead,San Francisco,95329.79,626.59,2021-07-29,21,58.5,stephanie.jackson@company.com,(274) 306-5838,On Leave
EMP046212,Amanda,Martinez,Amanda Martinez,35,Engineering,Director,Miami,72403.25,8003.16,2022-03-23,12,75.8,amanda.martinez@company.com,(962) 365-5465,Active
EMP046213,Sarah,Garcia,Sarah Garcia,52,HR,Lead,New York,69039.52,5194.41,2022-10-23,29,82.9,sarah.garcia@company.com,(566) 760-6318,Active
EMP046214,Jane,Williams,Jane Williams,27,IT,Lead,New York,67365.16,11496.68,2020-12-30,0,77.2,jane.williams@company.com,(409) 553-6474,Active
EMP046215,Matthew,Garcia,Matthew Garcia,37,Legal,Director,San Francisco,55326.74,10990.91,2022-03-13,15,55.4,matthew.garcia@company.com,(586) 966-8448,Active
EMP046216,Matthew,Rodriguez,Matthew Rodriguez,63,Sales,Analyst,Los Angeles,115419.5,11166.28,2021-11-13,36,65.8,matthew.rodriguez@company.com,(637) 605-7937,Active
EMP046217,Nicole,Moore,Nicole Moore,27,Operations,Manager,Los Angeles,45918.87,5397.02,2023-11-23,4,77.9,nicole.moore@company.com,(489) 665-9578,Active
EMP046218,William,Rodriguez,William Rodriguez,42,Sales,Senior Developer,Seattle,69361.31,13076.12,2022-06-21,13,70.4,william.rodriguez@company.com,(774) 383-7053,Active
EMP046219,Christopher,Jackson,Christopher Jackson,55,Sales,Analyst,Boston,55882.71,10834.5,2023-12-06,28,87.9,christopher.jackson@company.com,(601) 631-6391,Active
EMP046220,Jane,Rodriguez,Jane Rodriguez,49,Sales,Lead,Los Angeles,80330.58,13198.85,2020-07-04,25,75.7,jane.rodriguez@company.com,(557) 381-5557,Active
EMP046221,Jessica,Brown,Jessica Brown,31,Finance,Coordinator,San Francisco,72371.81,8449.68,2023-11-10,6,68.2,jessica.brown@company.com,(542) 216-6383,Active
EMP046222,Emily,Wilson,Emily Wilson,39,HR,Lead,Boston,30408.89,933.74,2020-11-25,11,68.7,emily.wilson@company.com,(242) 451-3309,Active
EMP046223,William,Lopez,William Lopez,33,Finance,Lead,Los Angeles,70437.14,5552.14,2023-04-06,5,75.7,william.lopez@company.com,(427) 976-7224,On Leave
EMP046224,Nicole,Jones,Nicole Jones,24,IT,Director,Los Angeles,82009.03,10726.79,2022-01-15,0,69.9,nicole.jones@company.com,(934) 442-3452,On Leave
EMP046225,Sarah,Jackson,Sarah Jackson,25,Marketing,Manager,New York,54956.51,8660.94,2021-10-01,3,67.6,sarah.jackson@company.com,(988) 941-1107,Active
EMP046226,Christopher,Davis,Christopher Davis,26,Legal,Manager,New York,78406.9,8087.27,2024-12-10,0,72.1,christopher.davis@company.com,(580) 846-3210,Active
EMP046227,Jane,Wilson,Jane Wilson,34,Sales,Associate,Chicago,76608.01,9900.59,2021-11-09,12,61.0,jane.wilson@company.com,(609) 440-3132,Active
EMP046228,Ashley,Martin,Ashley Martin,31,Engineering,Analyst,Miami,42872.11,394.72,2023-12-14,8,63.8,ashley.martin@company.com,(597) 765-9589,Active
EMP046229,Anthony,Hernandez,Anthony Hernandez,28,Sales,Senior Developer,San Francisco,59077.46,5286.88,2022-08-11,0,81.5,anthony.hernandez@company.com,(321) 936-9762,Active
EMP046230,Lisa,Rodriguez,Lisa Rodriguez,40,Sales,Analyst,Miami,87896.26,13075.6,2021-07-09,13,84.3,lisa.rodriguez@company.com,(664) 508-9128,Inactive
EMP046231,Jane,Johnson,Jane Johnson,45,Marketing,Specialist,Austin,64530.49,10560.85,2024-03-15,17,64.8,jane.johnson@company.com,(260) 310-3071,Active
EMP046232,Nicole,Wilson,Nicole Wilson,40,Engineering,Lead,Austin,108180.63,5434.7,2020-10-10,16,70.5,nicole.wilson@company.com,(677) 214-8141,Active
EMP046233,Anthony,Davis,Anthony Davis,61,HR,Senior Developer,Seattle,74377.74,3285.31,2022-01-18,39,100.0,anthony.davis@company.com,(834) 960-3476,Active
EMP046234,Stephanie,Smith,Stephanie Smith,61,Marketing,Senior Developer,San Francisco,88216.49,17180.73,2020-06-24,38,100.0,stephanie.smith@company.com,(674) 373-6128,Active
EMP046235,David,Anderson,David Anderson,55,HR,Manager,Miami,58997.61,8114.8,2022-06-03,31,92.8,david.anderson@company.com,(566) 677-6518,Active
EMP046236,Nicole,Garcia,Nicole Garcia,45,IT,Lead,San Francisco,60293.65,6267.98,2021-12-23,18,83.9,nicole.garcia@company.com,(264) 708-5988,Active
EMP046237,Matthew,Miller,Matthew Miller,47,Marketing,Specialist,Boston,75829.74,3262.35,2024-10-19,25,69.0,matthew.miller@company.com,(469) 280-1968,Active
EMP046238,Robert,Jones,Robert Jones,46,Operations,Analyst,Austin,76520.93,9532.13,2023-06-14,20,66.8,robert.jones@company.com,(374) 404-6966,Active
EMP046239,Jane,Brown,Jane Brown,49,Legal,Director,Seattle,125936.77,20819.07,2020-12-02,20,86.6,jane.brown@company.com,(906) 392-8663,Active
EMP046240,Emily,Jones,Emily Jones,59,IT,Director,Los Angeles,71467.47,6209.6,2020-06-13,30,56.3,emily.jones@company.com,(303) 689-7428,Active
EMP046241,Michael,Brown,Michael Brown,49,Legal,Lead,Boston,94297.04,2696.89,2022-05-17,24,60.3,michael.brown@company.com,(950) 470-9565,Active
EMP046242,Jane,Jackson,Jane Jackson,44,Engineering,Lead,Miami,90793.53,10262.82,2024-07-07,20,100.0,jane.jackson@company.com,(885) 749-6903,Active
EMP046243,Amanda,Moore,Amanda Moore,27,Finance,Analyst,Boston,92489.01,495.93,2022-10-01,1,85.1,amanda.moore@company.com,(595) 545-7418,Active
EMP046244,Stephanie,Thomas,Stephanie Thomas,33,Finance,Director,Chicago,71271.95,7943.31,2021-11-16,7,44.7,stephanie.thomas@company.com,(281) 807-2606,On Leave
EMP046245,Amanda,Miller,Amanda Miller,55,Marketing,Specialist,Los Angeles,83908.95,8707.9,2021-03-19,31,66.1,amanda.miller@company.com,(448) 352-3633,Active
EMP046246,James,Miller,James Miller,50,Sales,Coordinator,Boston,93215.08,8404.87,2023-12-29,26,83.7,james.miller@company.com,(893) 850-2139,Active
EMP046247,Emily,Davis,Emily Davis,49,Legal,Analyst,Boston,63739.06,2462.71,2023-11-30,26,95.7,emily.davis@company.com,(514) 368-2870,Active
EMP046248,Anthony,Gonzalez,Anthony Gonzalez,47,IT,Coordinator,Los Angeles,92629.85,7712.82,2020-10-27,24,83.2,anthony.gonzalez@company.com,(370) 743-3747,Active
EMP046249,Anthony,Garcia,Anthony Garcia,23,IT,Specialist,Boston,84837.48,11320.9,2022-08-04,0,94.7,anthony.garcia@company.com,(486) 735-5547,On Leave
EMP046250,Stephanie,Brown,Stephanie Brown,32,Finance,Analyst,Austin,91007.97,4225.91,2020-12-10,6,100.0,stephanie.brown@company.com,(878) 807-4592,Active
EMP046251,Amanda,Wilson,Amanda Wilson,28,HR,Analyst,New York,49006.24,5161.71,2021-08-15,6,85.0,amanda.wilson@company.com,(945) 978-6487,Active
EMP046252,Jessica,Thomas,Jessica Thomas,42,Engineering,Associate,Chicago,52080.49,2302.8,2020-09-17,13,75.4,jessica.thomas@company.com,(884) 448-7510,Active
EMP046253,Jessica,Smith,Jessica Smith,62,Operations,Lead,Chicago,104749.92,16373.72,2023-07-09,33,71.5,jessica.smith@company.com,(831) 630-5236,Active
EMP046254,Jane,Garcia,Jane Garcia,62,Marketing,Lead,Boston,67114.12,9207.12,2024-05-17,37,96.9,jane.garcia@company.com,(681) 651-5084,Active
EMP046255,Ashley,Wilson,Ashley Wilson,49,Finance,Lead,Miami,80068.09,3258.38,2020-03-07,24,84.8,ashley.wilson@company.com,(237) 581-1095,Active
EMP046256,John,Johnson,John Johnson,65,Operations,Director,Los Angeles,71018.5,8295.9,2022-03-15,37,66.5,john.johnson@company.com,(984) 825-2893,Active
EMP046257,Daniel,Jones,Daniel Jones,32,Operations,Coordinator,Austin,62459.99,11449.95,2020-04-19,3,44.4,daniel.jones@company.com,(517) 716-2365,Active
EMP046258,Melissa,Brown,Melissa Brown,31,Sales,Associate,Boston,73023.73,10969.27,2024-12-15,8,76.9,melissa.brown@company.com,(980) 631-3467,On Leave
EMP046259,Amanda,Williams,Amanda Williams,27,HR,Analyst,Los Angeles,55128.74,1988.16,2020-02-16,5,76.1,amanda.williams@company.com,(576) 569-1771,Active
EMP046260,William,Jones,William Jones,62,Finance,Coordinator,Boston,85933.85,9254.7,2022-03-18,37,77.4,william.jones@company.com,(946) 577-8745,Active
EMP046261,David,Jackson,David Jackson,27,Sales,Coordinator,Austin,80357.21,4537.72,2021-06-20,2,81.0,david.jackson@company.com,(587) 254-4673,Active
EMP046262,Daniel,Miller,Daniel Miller,32,Finance,Lead,Chicago,67328.46,7334.87,2021-01-29,8,83.2,daniel.miller@company.com,(457) 880-5535,Active
EMP046263,Melissa,Martin,Melissa Martin,32,Operations,Senior Developer,Chicago,61338.59,4221.85,2020-01-11,9,47.6,melissa.martin@company.com,(515) 777-6926,Active
EMP046264,Jessica,Garcia,Jessica Garcia,57,Operations,Specialist,San Francisco,74803.44,9354.3,2021-02-15,28,77.2,jessica.garcia@company.com,(989) 206-4553,Active
EMP046265,Christopher,Jones,Christopher Jones,48,Operations,Associate,Austin,79616.96,4846.69,2020-04-18,24,61.2,christopher.jones@company.com,(507) 648-7323,Active
EMP046266,James,Moore,James Moore,58,Finance,Senior Developer,Miami,78552.71,4477.37,2024-11-22,33,87.8,james.moore@company.com,(526) 627-9931,Active
EMP046267,Ashley,Taylor,Ashley Taylor,32,Legal,Lead,Los Angeles,87907.54,14535.89,2024-03-20,4,87.8,ashley.taylor@company.com,(830) 467-3275,Active
EMP046268,Jessica,Jones,Jessica Jones,46,IT,Lead,Seattle,48911.71,2286.09,2021-07-31,20,67.5,jessica.jones@company.com,(676) 666-5187,Inactive
EMP046269,Michael,Jones,Michael Jones,33,Sales,Analyst,Los Angeles,57710.64,5350.56,2022-08-17,11,92.9,michael.jones@company.com,(505) 925-9927,Active
EMP046270,Matthew,Martinez,Matthew Martinez,55,Engineering,Senior Developer,Austin,97818.2,14266.15,2022-06-28,29,64.0,matthew.martinez@company.com,(398) 582-5388,Inactive
EMP046271,Anthony,Martinez,Anthony Martinez,60,Engineering,Manager,Austin,124902.06,14776.39,2020-03-06,34,64.6,anthony.martinez@company.com,(988) 672-7628,Active
EMP046272,Nicole,Hernandez,Nicole Hernandez,61,Legal,Senior Developer,Miami,113791.02,6386.6,2023-06-07,36,98.2,nicole.hernandez@company.com,(621) 930-5263,Active
EMP046273,Robert,Miller,Robert Miller,52,Legal,Manager,Miami,78585.94,4941.47,2021-05-06,29,53.4,robert.miller@company.com,(813) 409-7886,Active
EMP046274,Ashley,Williams,Ashley Williams,48,IT,Manager,Austin,118349.96,9888.05,2022-12-08,23,98.7,ashley.williams@company.com,(726) 684-4555,Active
EMP046275,Lisa,Jones,Lisa Jones,34,Operations,Manager,San Francisco,71310.77,6984.43,2021-01-03,11,53.0,lisa.jones@company.com,(877) 264-3190,Active
EMP046276,Jane,Moore,Jane Moore,53,Marketing,Lead,San Francisco,90828.44,8019.96,2022-02-18,25,90.2,jane.moore@company.com,(374) 298-8057,Active
EMP046277,Matthew,Taylor,Matthew Taylor,56,Marketing,Senior Developer,Austin,56511.95,0.0,2020-12-26,29,93.4,matthew.taylor@company.com,(364) 548-2430,Active
EMP046278,John,Lopez,John Lopez,47,IT,Director,Boston,91912.9,7417.88,2020-04-11,21,66.7,john.lopez@company.com,(339) 691-6801,Active
EMP046279,Nicole,Rodriguez,Nicole Rodriguez,64,IT,Manager,Seattle,119614.95,21301.58,2024-10-09,37,56.0,nicole.rodriguez@company.com,(299) 920-9030,Active
EMP046280,David,Wilson,David Wilson,26,Marketing,Lead,Seattle,72596.92,9181.12,2022-09-20,0,63.7,david.wilson@company.com,(923) 413-9005,Active
EMP046281,Sarah,Martinez,Sarah Martinez,29,Engineering,Specialist,Seattle,81987.75,10542.79,2024-01-30,1,52.7,sarah.martinez@company.com,(907) 956-4190,Active
EMP046282,William,Smith,William Smith,37,IT,Associate,San Francisco,97679.9,16546.17,2021-12-21,14,72.5,william.smith@company.com,(480) 464-8678,Active
EMP046283,Nicole,Rodriguez,Nicole Rodriguez,43,HR,Manager,Seattle,53383.23,4870.83,2023-10-04,21,66.3,nicole.rodriguez@company.com,(582) 758-2837,Active
EMP046284,Michael,Taylor,Michael Taylor,37,Engineering,Lead,Chicago,104105.67,12689.85,2023-12-31,10,81.5,michael.taylor@company.com,(293) 422-8968,Active
EMP046285,Michael,Johnson,Michael Johnson,43,Operations,Specialist,Austin,61003.59,5645.37,2023-08-09,19,49.3,michael.johnson@company.com,(615) 842-7813,Active
EMP046286,Amanda,Jackson,Amanda Jackson,28,Sales,Senior Developer,New York,43648.1,7823.0,2020-06-16,0,65.4,amanda.jackson@company.com,(654) 881-2910,On Leave
EMP046287,Robert,Thomas,Robert Thomas,42,Engineering,Specialist,Austin,92244.42,7870.09,2022-11-22,20,71.3,robert.thomas@company.com,(581) 389-6994,Active
EMP046288,Emily,Miller,Emily Miller,37,Marketing,Manager,Miami,62086.4,5581.3,2021-07-22,8,88.8,emily.miller@company.com,(436) 242-9164,Active
EMP046289,Ashley,Johnson,Ashley Johnson,42,HR,Specialist,Austin,73010.26,9301.81,2023-12-10,18,72.7,ashley.johnson@company.com,(342) 930-8784,Active
EMP046290,James,Martin,James Martin,37,Engineering,Specialist,Boston,80619.87,11334.1,2024-10-01,8,54.5,james.martin@company.com,(343) 761-2942,On Leave
EMP046291,Jessica,Rodriguez,Jessica Rodriguez,30,Engineering,Associate,Chicago,41116.62,559.8,2024-12-02,1,68.0,jessica.rodriguez@company.com,(236) 494-6768,Active
EMP046292,Melissa,Williams,Melissa Williams,27,Finance,Senior Developer,Austin,101449.58,7965.81,2024-02-07,1,66.2,melissa.williams@company.com,(709) 329-8223,Active
EMP046293,Robert,Brown,Robert Brown,46,Marketing,Associate,San Francisco,74055.84,8280.83,2024-05-24,21,79.6,robert.brown@company.com,(904) 217-5324,Active
EMP046294,Sarah,Gonzalez,Sarah Gonzalez,47,Operations,Senior Developer,Austin,65553.57,4517.24,2024-12-24,19,68.6,sarah.gonzalez@company.com,(981) 957-5125,On Leave
EMP046295,Melissa,Brown,Melissa Brown,26,Legal,Manager,San Francisco,70313.38,5819.81,2023-07-30,2,53.5,melissa.brown@company.com,(656) 945-2424,Active
EMP046296,Daniel,Martin,Daniel Martin,58,Sales,Specialist,San Francisco,88203.43,7862.85,2020-10-08,36,75.7,daniel.martin@company.com,(423) 532-8647,Active
EMP046297,Matthew,Martinez,Matthew Martinez,49,Marketing,Lead,Miami,85269.73,13425.41,2021-09-21,23,79.1,matthew.martinez@company.com,(292) 998-9793,Active
EMP046298,Anthony,Taylor,Anthony Taylor,49,HR,Lead,Chicago,47389.53,3561.51,2020-08-20,24,96.5,anthony.taylor@company.com,(504) 298-8226,Active
EMP046299,William,Martinez,William Martinez,26,Finance,Director,New York,63232.11,0.0,2023-02-27,3,77.0,william.martinez@company.com,(982) 548-5541,Active
EMP046300,Nicole,Jones,Nicole Jones,44,Marketing,Director,Seattle,78329.42,4534.19,2024-10-27,15,100.0,nicole.jones@company.com,(520) 687-1540,Active
EMP046301,Lisa,Johnson,Lisa Johnson,26,Sales,Senior Developer,Los Angeles,72173.89,0.0,2020-12-13,0,59.2,lisa.johnson@company.com,(404) 775-7665,Active
EMP046302,David,Taylor,David Taylor,46,HR,Manager,Seattle,68663.22,8612.45,2022-07-11,22,74.7,david.taylor@company.com,(416) 976-8650,Active
EMP046303,Nicole,Wilson,Nicole Wilson,53,Legal,Manager,Boston,107818.87,19035.48,2020-06-21,30,53.5,nicole.wilson@company.com,(453) 940-5899,Active
EMP046304,Nicole,Davis,Nicole Davis,58,Marketing,Specialist,Los Angeles,85211.95,4270.77,2022-12-29,34,91.3,nicole.davis@company.com,(641) 808-2690,Active
EMP046305,Lisa,Anderson,Lisa Anderson,56,IT,Senior Developer,Seattle,100780.43,17542.13,2024-11-13,31,58.4,lisa.anderson@company.com,(204) 601-5774,Active
EMP046306,Michael,Hernandez,Michael Hernandez,22,HR,Analyst,San Francisco,42069.41,1811.38,2022-03-18,0,85.9,michael.hernandez@company.com,(522) 517-6458,Active
EMP046307,Amanda,Moore,Amanda Moore,30,Legal,Associate,San Francisco,98081.67,15098.53,2024-06-23,5,100.0,amanda.moore@company.com,(716) 745-8804,Active
EMP046308,Daniel,Moore,Daniel Moore,24,Sales,Specialist,Austin,63226.59,10487.51,2023-03-28,0,74.3,daniel.moore@company.com,(560) 641-5852,Active
EMP046309,John,Martin,John Martin,58,HR,Manager,Chicago,66267.6,5306.11,2023-03-01,29,93.5,john.martin@company.com,(555) 307-8473,Active
EMP046310,Sarah,Moore,Sarah Moore,33,HR,Specialist,Miami,41933.26,1429.3,2020-01-25,11,73.6,sarah.moore@company.com,(958) 422-5437,Active
EMP046311,Lisa,Taylor,Lisa Taylor,47,Operations,Specialist,Los Angeles,89269.26,7794.82,2020-02-05,23,72.9,lisa.taylor@company.com,(556) 815-3354,Active
EMP046312,Daniel,Brown,Daniel Brown,43,Engineering,Director,Miami,91512.61,7507.79,2023-02-17,14,85.4,daniel.brown@company.com,(645) 635-8749,Active
EMP046313,Michael,Hernandez,Michael Hernandez,63,IT,Manager,Miami,89131.79,4121.98,2021-01-06,37,71.0,michael.hernandez@company.com,(558) 278-8285,Active
EMP046314,John,Lopez,John Lopez,39,Operations,Lead,Chicago,57727.81,7465.88,2024-08-11,12,93.3,john.lopez@company.com,(754) 753-2969,Active
EMP046315,Stephanie,Moore,Stephanie Moore,56,Sales,Director,San Francisco,82352.25,4237.82,2020-11-24,34,79.7,stephanie.moore@company.com,(643) 820-4135,Active
EMP046316,Jessica,Moore,Jessica Moore,47,Legal,Coordinator,New York,74626.1,7178.0,2022-02-15,25,68.5,jessica.moore@company.com,(489) 437-6192,Active
EMP046317,John,Davis,John Davis,36,HR,Specialist,Chicago,73966.23,3837.82,2022-08-01,13,83.1,john.davis@company.com,(501) 206-6539,Active
EMP046318,Lisa,Jackson,Lisa Jackson,29,IT,Lead,Seattle,51743.92,3914.01,2024-12-16,4,52.1,lisa.jackson@company.com,(262) 370-4807,Active
EMP046319,William,Moore,William Moore,35,Legal,Associate,Chicago,71913.44,6136.02,2021-01-03,13,68.4,william.moore@company.com,(601) 810-3666,Active
EMP046320,William,Brown,William Brown,24,HR,Analyst,Chicago,62148.13,3826.67,2022-03-22,0,80.8,william.brown@company.com,(227) 677-1881,Inactive
EMP046321,James,Martin,James Martin,44,HR,Specialist,Miami,67655.26,11889.95,2020-12-02,19,91.0,james.martin@company.com,(566) 823-3081,Active
EMP046322,Lisa,Garcia,Lisa Garcia,26,Engineering,Analyst,Seattle,99966.8,0.0,2023-01-10,0,52.3,lisa.garcia@company.com,(288) 780-6282,Active
EMP046323,Michael,Brown,Michael Brown,24,IT,Associate,San Francisco,85453.59,10199.01,2023-05-31,1,89.8,michael.brown@company.com,(721) 684-9197,Active
EMP046324,Emily,Rodriguez,Emily Rodriguez,46,Legal,Analyst,Los Angeles,53067.03,1942.18,2020-03-18,19,76.7,emily.rodriguez@company.com,(225) 777-7482,Active
EMP046325,Nicole,Miller,Nicole Miller,60,Engineering,Manager,Chicago,104249.41,24730.92,2023-03-09,34,82.3,nicole.miller@company.com,(546) 912-5107,Active
EMP046326,Robert,Anderson,Robert Anderson,41,HR,Specialist,New York,59568.93,7696.94,2023-06-14,17,74.0,robert.anderson@company.com,(203) 338-4014,Active
EMP046327,Jessica,Taylor,Jessica Taylor,44,Operations,Manager,San Francisco,56010.25,6375.54,2024-06-21,17,79.3,jessica.taylor@company.com,(810) 532-3881,Active
EMP046328,Stephanie,Thomas,Stephanie Thomas,44,HR,Manager,San Francisco,69594.15,4034.71,2022-10-07,15,68.3,stephanie.thomas@company.com,(799) 457-1555,Active
EMP046329,Sarah,Williams,Sarah Williams,47,Finance,Associate,Austin,80477.49,0.0,2023-03-25,21,79.6,sarah.williams@company.com,(204) 797-9113,Inactive
EMP046330,Jessica,Wilson,Jessica Wilson,24,Engineering,Lead,Boston,72814.46,0.0,2024-08-25,2,67.5,jessica.wilson@company.com,(224) 919-7325,Active
EMP046331,John,Gonzalez,John Gonzalez,34,Marketing,Lead,New York,58517.54,5776.36,2022-11-15,12,59.9,john.gonzalez@company.com,(897) 513-6487,Active
EMP046332,Matthew,Jones,Matthew Jones,34,IT,Associate,Chicago,65452.74,6565.01,2022-04-27,10,85.0,matthew.jones@company.com,(921) 476-9869,Active
EMP046333,William,Johnson,William Johnson,42,IT,Senior Developer,Los Angeles,102700.8,15232.22,2021-09-17,17,73.5,william.johnson@company.com,(247) 936-1178,Active
EMP046334,Stephanie,Rodriguez,Stephanie Rodriguez,48,Legal,Analyst,Miami,91810.67,16926.87,2021-04-02,21,73.8,stephanie.rodriguez@company.com,(285) 517-2135,On Leave
EMP046335,Nicole,Anderson,Nicole Anderson,45,Engineering,Manager,Seattle,96385.47,7564.97,2024-10-26,21,94.1,nicole.anderson@company.com,(372) 862-6770,Inactive
EMP046336,William,Brown,William Brown,22,Operations,Associate,Seattle,39582.62,4119.16,2024-07-25,0,66.6,william.brown@company.com,(745) 737-3298,Active
EMP046337,John,Taylor,John Taylor,28,Marketing,Coordinator,Miami,60901.78,5033.19,2023-02-16,5,47.4,john.taylor@company.com,(626) 236-1955,Active
EMP046338,Anthony,Miller,Anthony Miller,22,Marketing,Lead,Chicago,36928.41,3717.14,2024-07-18,0,100.0,anthony.miller@company.com,(277) 505-7848,Active
EMP046339,Ashley,Jones,Ashley Jones,34,Marketing,Associate,Los Angeles,65688.12,11663.75,2024-11-17,9,69.8,ashley.jones@company.com,(338) 495-1688,Active
EMP046340,John,Jackson,John Jackson,27,Legal,Senior Developer,Seattle,77169.16,14718.81,2023-10-31,3,86.7,john.jackson@company.com,(810) 490-6969,On Leave
EMP046341,James,Brown,James Brown,27,Legal,Specialist,New York,103205.59,6079.69,2020-04-14,1,63.2,james.brown@company.com,(326) 385-3567,Active
EMP046342,Nicole,Johnson,Nicole Johnson,39,IT,Specialist,Austin,101803.99,20385.45,2021-10-09,13,53.3,nicole.johnson@company.com,(524) 456-4205,Inactive
EMP046343,Jessica,Martinez,Jessica Martinez,62,Legal,Lead,New York,110162.31,8496.44,2023-08-27,34,58.8,jessica.martinez@company.com,(434) 335-4284,Active
EMP046344,John,Rodriguez,John Rodriguez,45,Finance,Specialist,Austin,81803.56,0.0,2022-01-11,19,87.4,john.rodriguez@company.com,(960) 389-9939,Active
EMP046345,Jane,Martinez,Jane Martinez,25,Legal,Associate,San Francisco,84141.05,2009.33,2023-03-12,0,74.2,jane.martinez@company.com,(353) 666-6775,Active
EMP046346,Michael,Wilson,Michael Wilson,27,Engineering,Coordinator,Los Angeles,111666.78,14276.89,2020-05-01,5,80.4,michael.wilson@company.com,(218) 431-5150,Inactive
EMP046347,Michael,Smith,Michael Smith,54,Operations,Specialist,Seattle,63749.98,8362.65,2020-04-22,30,100.0,michael.smith@company.com,(234) 848-1633,Active
EMP046348,William,Martin,William Martin,35,IT,Specialist,New York,65581.31,8630.18,2024-09-12,12,96.4,william.martin@company.com,(625) 599-4989,Active
EMP046349,Amanda,Thomas,Amanda Thomas,59,IT,Coordinator,San Francisco,88343.63,4859.29,2023-12-08,31,77.0,amanda.thomas@company.com,(406) 643-9145,Active
EMP046350,James,Brown,James Brown,30,Sales,Senior Developer,San Francisco,55354.13,12162.05,2021-04-06,5,100.0,james.brown@company.com,(991) 775-4573,Inactive
EMP046351,Emily,Anderson,Emily Anderson,48,Finance,Manager,Chicago,73495.09,12041.82,2020-02-24,25,95.7,emily.anderson@company.com,(979) 871-1427,Active
EMP046352,Stephanie,Jackson,Stephanie Jackson,23,Finance,Lead,Miami,64286.21,10491.56,2023-10-07,0,84.5,stephanie.jackson@company.com,(565) 526-7207,Active
EMP046353,Ashley,Martin,Ashley Martin,43,Finance,Senior Developer,Seattle,92460.67,8086.01,2021-04-13,20,86.1,ashley.martin@company.com,(386) 251-4383,Active
EMP046354,William,Garcia,William Garcia,35,Finance,Specialist,Boston,71670.82,14628.25,2024-05-04,12,65.9,william.garcia@company.com,(239) 346-9031,Active
EMP046355,Jessica,Lopez,Jessica Lopez,52,HR,Senior Developer,Austin,61669.98,4949.88,2023-02-04,30,69.2,jessica.lopez@company.com,(846) 644-9145,Active
EMP046356,James,Jackson,James Jackson,46,Engineering,Senior Developer,Chicago,111277.25,3062.34,2024-08-01,18,72.1,james.jackson@company.com,(780) 587-3569,Active
EMP046357,Christopher,Wilson,Christopher Wilson,40,IT,Analyst,Los Angeles,78915.73,6331.11,2020-05-27,15,67.9,christopher.wilson@company.com,(801) 290-9799,Active
EMP046358,Robert,Moore,Robert Moore,52,Sales,Director,Chicago,71150.99,4246.12,2023-04-05,29,80.6,robert.moore@company.com,(772) 873-3448,Active
EMP046359,Emily,Thomas,Emily Thomas,50,Sales,Coordinator,New York,76147.71,6620.02,2022-02-06,27,69.9,emily.thomas@company.com,(861) 250-7244,Active
EMP046360,Melissa,Moore,Melissa Moore,58,HR,Lead,San Francisco,67207.55,6797.48,2020-07-13,35,63.1,melissa.moore@company.com,(350) 731-5323,Active
EMP046361,Christopher,Martin,Christopher Martin,38,Operations,Senior Developer,Seattle,37322.22,4182.99,2022-09-07,10,92.2,christopher.martin@company.com,(392) 863-6326,Active
EMP046362,Anthony,Davis,Anthony Davis,40,Engineering,Coordinator,Seattle,100549.75,8699.19,2023-02-16,12,77.1,anthony.davis@company.com,(743) 736-2599,Inactive
EMP046363,Anthony,Miller,Anthony Miller,56,Marketing,Director,Austin,93390.98,12986.66,2023-10-29,27,59.1,anthony.miller@company.com,(473) 961-4351,Active
EMP046364,Daniel,Davis,Daniel Davis,57,Sales,Associate,Miami,105253.94,12301.1,2021-02-15,31,89.2,daniel.davis@company.com,(853) 820-6444,Active
EMP046365,Matthew,Jackson,Matthew Jackson,42,IT,Coordinator,San Francisco,111895.85,6618.3,2024-01-30,19,81.5,matthew.jackson@company.com,(746) 983-2440,Active
EMP046366,Jessica,Williams,Jessica Williams,59,IT,Specialist,Seattle,122644.49,2211.64,2024-08-06,34,64.1,jessica.williams@company.com,(607) 423-9247,Active
EMP046367,William,Thomas,William Thomas,23,Legal,Manager,Chicago,102178.81,5849.41,2021-06-23,0,69.6,william.thomas@company.com,(303) 852-5173,Active
EMP046368,Jessica,Thomas,Jessica Thomas,25,IT,Senior Developer,San Francisco,64415.86,8665.19,2020-10-29,1,72.5,jessica.thomas@company.com,(946) 644-6895,Inactive
EMP046369,Robert,Smith,Robert Smith,39,IT,Associate,Los Angeles,58586.0,8185.1,2024-06-04,17,84.2,robert.smith@company.com,(545) 943-4218,Active
EMP046370,William,Smith,William Smith,57,HR,Analyst,Austin,108123.77,9900.31,2023-08-11,33,93.3,william.smith@company.com,(838) 967-3556,Active
EMP046371,William,Wilson,William Wilson,37,HR,Associate,New York,45991.63,3618.44,2021-06-03,13,87.5,william.wilson@company.com,(855) 244-7263,Active
EMP046372,Amanda,Jones,Amanda Jones,64,Marketing,Manager,Austin,102505.26,11479.05,2021-06-25,37,73.0,amanda.jones@company.com,(417) 264-1961,Active
EMP046373,Anthony,Garcia,Anthony Garcia,35,IT,Manager,Seattle,86928.81,16964.74,2022-03-16,13,74.6,anthony.garcia@company.com,(568) 644-2747,Active
EMP046374,Sarah,Taylor,Sarah Taylor,25,HR,Manager,Seattle,56776.79,4892.84,2020-10-20,0,75.0,sarah.taylor@company.com,(524) 476-3237,Active
EMP046375,Melissa,Garcia,Melissa Garcia,33,Legal,Manager,Miami,71825.45,8689.53,2021-12-08,7,57.2,melissa.garcia@company.com,(225) 783-6625,Active
EMP046376,Stephanie,Thomas,Stephanie Thomas,46,Operations,Associate,New York,37058.51,1605.08,2023-06-02,21,85.7,stephanie.thomas@company.com,(449) 974-9970,Active
EMP046377,James,Jackson,James Jackson,30,Engineering,Analyst,Los Angeles,119776.26,16573.32,2022-10-02,6,76.8,james.jackson@company.com,(509) 644-7207,Active
EMP046378,Daniel,Jones,Daniel Jones,64,Operations,Manager,Chicago,61857.22,4511.53,2021-01-09,37,87.6,daniel.jones@company.com,(240) 636-2097,Active
EMP046379,John,Thomas,John Thomas,45,Sales,Senior Developer,Chicago,94760.04,14875.72,2021-12-19,17,78.7,john.thomas@company.com,(866) 260-8661,Active
EMP046380,Nicole,Garcia,Nicole Garcia,45,Legal,Associate,Boston,67645.78,1722.34,2022-07-07,18,95.5,nicole.garcia@company.com,(868) 326-6134,Active
EMP046381,Daniel,Gonzalez,Daniel Gonzalez,57,Operations,Lead,San Francisco,82217.18,10401.47,2022-01-20,30,76.9,daniel.gonzalez@company.com,(711) 928-7041,Active
EMP046382,Jane,Garcia,Jane Garcia,28,Finance,Lead,Miami,81375.91,9305.16,2021-06-08,5,78.9,jane.garcia@company.com,(657) 578-2983,Active
EMP046383,Stephanie,Rodriguez,Stephanie Rodriguez,50,Marketing,Manager,San Francisco,85959.94,14898.46,2024-01-20,25,69.0,stephanie.rodriguez@company.com,(776) 246-3875,Active
EMP046384,David,Rodriguez,David Rodriguez,46,Sales,Director,San Francisco,75207.72,5666.0,2022-04-25,21,86.6,david.rodriguez@company.com,(445) 941-7080,Active
EMP046385,Stephanie,Thomas,Stephanie Thomas,26,IT,Senior Developer,Boston,74230.24,5492.48,2023-10-13,0,79.3,stephanie.thomas@company.com,(311) 639-7610,Active
EMP046386,David,Moore,David Moore,34,HR,Associate,Chicago,68506.75,6236.74,2023-01-31,9,86.5,david.moore@company.com,(472) 218-3039,Active
EMP046387,Stephanie,Taylor,Stephanie Taylor,57,Engineering,Analyst,New York,106418.68,4073.69,2020-12-23,28,92.0,stephanie.taylor@company.com,(504) 504-2120,Active
EMP046388,Sarah,Moore,Sarah Moore,43,Marketing,Analyst,Miami,100257.27,10378.34,2020-07-31,16,72.9,sarah.moore@company.com,(311) 773-9689,Active
EMP046389,Daniel,Moore,Daniel Moore,25,Legal,Manager,New York,94317.33,10896.01,2020-02-27,0,100.0,daniel.moore@company.com,(392) 653-6613,Active
EMP046390,Nicole,Thomas,Nicole Thomas,44,Finance,Coordinator,Chicago,105749.8,10984.37,2023-08-20,21,51.4,nicole.thomas@company.com,(300) 587-2265,Active
EMP046391,Amanda,Rodriguez,Amanda Rodriguez,27,Finance,Analyst,Seattle,59819.7,11494.33,2022-03-11,0,94.9,amanda.rodriguez@company.com,(579) 890-3770,Inactive
EMP046392,Christopher,Taylor,Christopher Taylor,29,Legal,Senior Developer,New York,84408.64,9781.65,2022-05-19,6,60.9,christopher.taylor@company.com,(253) 249-8340,Active
EMP046393,Melissa,Taylor,Melissa Taylor,38,Finance,Coordinator,Chicago,63993.95,3390.82,2024-04-14,9,62.1,melissa.taylor@company.com,(648) 431-7169,Active
EMP046394,Sarah,Jones,Sarah Jones,23,Sales,Lead,San Francisco,60180.7,803.1,2023-07-09,0,63.9,sarah.jones@company.com,(274) 712-5820,Active
EMP046395,David,Miller,David Miller,50,IT,Lead,Los Angeles,123888.97,6994.61,2022-09-28,26,96.8,david.miller@company.com,(455) 489-5697,Active
EMP046396,James,Rodriguez,James Rodriguez,24,Marketing,Specialist,New York,73086.1,8179.73,2022-01-10,0,91.9,james.rodriguez@company.com,(387) 558-6514,Active
EMP046397,Anthony,Taylor,Anthony Taylor,59,Sales,Lead,Miami,84962.27,8497.17,2024-01-04,32,66.3,anthony.taylor@company.com,(738) 928-5654,Active
EMP046398,Jane,Brown,Jane Brown,42,Legal,Lead,San Francisco,103220.1,12284.66,2023-06-09,20,60.2,jane.brown@company.com,(429) 542-4865,Active
EMP046399,Michael,Johnson,Michael Johnson,41,Engineering,Analyst,Chicago,81522.96,9370.48,2024-01-22,19,62.7,michael.johnson@company.com,(621) 397-9083,Active
EMP046400,Amanda,Jones,Amanda Jones,57,Engineering,Senior Developer,Miami,81165.19,7071.36,2020-02-17,33,85.5,amanda.jones@company.com,(982) 697-9998,On Leave
EMP046401,Lisa,Smith,Lisa Smith,59,IT,Lead,Chicago,101418.16,16496.4,2020-08-31,37,44.6,lisa.smith@company.com,(722) 691-9296,Active
EMP046402,Daniel,Moore,Daniel Moore,39,Operations,Senior Developer,New York,58828.18,7897.27,2022-04-30,14,58.6,daniel.moore@company.com,(497) 241-2005,Active
EMP046403,Lisa,Anderson,Lisa Anderson,29,Marketing,Senior Developer,Austin,56883.72,6693.81,2022-10-03,6,65.7,lisa.anderson@company.com,(503) 876-8720,On Leave
EMP046404,James,Brown,James Brown,49,Marketing,Associate,Boston,72958.93,10091.11,2024-06-10,20,88.3,james.brown@company.com,(614) 367-7936,Active
EMP046405,Daniel,Brown,Daniel Brown,25,Marketing,Analyst,Chicago,61544.97,6416.27,2022-10-25,0,90.2,daniel.brown@company.com,(392) 273-1738,Inactive
EMP046406,John,Hernandez,John Hernandez,64,Engineering,Coordinator,Miami,117489.65,14208.47,2020-12-11,39,78.1,john.hernandez@company.com,(386) 216-9463,Active
EMP046407,Nicole,Martin,Nicole Martin,55,Finance,Lead,Boston,103082.86,10801.03,2022-06-28,28,67.4,nicole.martin@company.com,(380) 750-8873,Active
EMP046408,Daniel,Wilson,Daniel Wilson,37,Engineering,Manager,Boston,107995.11,8214.26,2020-03-02,10,100.0,daniel.wilson@company.com,(460) 289-7879,Active
EMP046409,Stephanie,Jones,Stephanie Jones,24,Finance,Lead,San Francisco,69069.86,8684.98,2023-02-10,0,69.5,stephanie.jones@company.com,(486) 467-2967,Active
EMP046410,Amanda,Taylor,Amanda Taylor,50,Legal,Coordinator,Austin,86575.4,12974.73,2020-08-10,22,30.4,amanda.taylor@company.com,(565) 905-8550,Inactive
EMP046411,Christopher,Johnson,Christopher Johnson,55,Legal,Senior Developer,New York,131764.0,11950.36,2021-10-21,29,98.0,christopher.johnson@company.com,(376) 730-5960,Active
EMP046412,Emily,Anderson,Emily Anderson,27,Operations,Specialist,Chicago,80568.17,7349.23,2021-12-20,0,73.5,emily.anderson@company.com,(417) 200-2575,Active
EMP046413,Stephanie,Thomas,Stephanie Thomas,42,Sales,Senior Developer,Austin,79584.72,2118.45,2023-12-10,20,78.6,stephanie.thomas@company.com,(364) 965-7804,Active
EMP046414,Robert,Martin,Robert Martin,65,HR,Specialist,Austin,84769.97,9648.78,2021-04-06,36,71.4,robert.martin@company.com,(539) 303-2974,Active
EMP046415,Christopher,Martinez,Christopher Martinez,45,HR,Coordinator,Boston,66220.55,10087.51,2022-10-07,20,98.3,christopher.martinez@company.com,(680) 836-6461,Active
EMP046416,Sarah,Davis,Sarah Davis,57,Finance,Director,Los Angeles,83440.35,10630.26,2024-07-18,28,52.4,sarah.davis@company.com,(961) 698-6331,Active
EMP046417,Ashley,Johnson,Ashley Johnson,63,Legal,Manager,Los Angeles,134295.12,10997.31,2021-06-04,37,76.8,ashley.johnson@company.com,(812) 243-2246,On Leave
EMP046418,Lisa,Lopez,Lisa Lopez,45,HR,Specialist,Boston,75023.86,3197.5,2023-07-12,23,86.3,lisa.lopez@company.com,(618) 299-5032,Inactive
EMP046419,James,Martinez,James Martinez,33,HR,Director,Chicago,50739.29,8424.33,2020-11-12,8,71.5,james.martinez@company.com,(504) 471-2875,Active
EMP046420,James,Rodriguez,James Rodriguez,34,Legal,Specialist,New York,41387.3,3523.43,2022-12-03,7,100.0,james.rodriguez@company.com,(673) 388-5583,Active
EMP046421,William,Gonzalez,William Gonzalez,31,Engineering,Manager,New York,54216.03,1834.34,2021-10-26,8,71.8,william.gonzalez@company.com,(502) 525-7699,Active
EMP046422,Sarah,Hernandez,Sarah Hernandez,26,Operations,Coordinator,Seattle,57328.5,5191.78,2023-07-16,1,69.4,sarah.hernandez@company.com,(664) 537-4333,Inactive
EMP046423,Emily,Jackson,Emily Jackson,57,Operations,Manager,New York,60756.1,7917.0,2024-02-16,31,43.3,emily.jackson@company.com,(377) 349-4884,Inactive
EMP046424,Matthew,Gonzalez,Matthew Gonzalez,32,Legal,Manager,New York,37500.0,4406.25,2022-05-24,6,76.9,matthew.gonzalez@company.com,(449) 673-1399,Active
EMP046425,David,Garcia,David Garcia,44,Operations,Specialist,Chicago,47412.04,5369.66,2023-09-29,17,70.7,david.garcia@company.com,(369) 304-4673,Active
EMP046426,Jane,Davis,Jane Davis,26,Operations,Director,Seattle,73275.69,6038.62,2022-10-25,1,65.9,jane.davis@company.com,(723) 485-3266,On Leave
EMP046427,Emily,Moore,Emily Moore,40,IT,Specialist,Seattle,54226.71,4207.18,2021-09-12,17,66.0,emily.moore@company.com,(481) 814-8636,Active
EMP046428,David,Jackson,David Jackson,39,Marketing,Specialist,New York,78887.6,12760.07,2024-08-03,17,78.3,david.jackson@company.com,(900) 432-4262,Inactive
EMP046429,Jessica,Smith,Jessica Smith,27,Operations,Director,San Francisco,63693.51,3106.92,2023-10-17,0,63.9,jessica.smith@company.com,(377) 973-4818,Active
EMP046430,Stephanie,Garcia,Stephanie Garcia,27,IT,Specialist,Miami,48491.4,5706.11,2022-01-05,0,43.8,stephanie.garcia@company.com,(243) 837-9971,Active
EMP046431,Lisa,Gonzalez,Lisa Gonzalez,48,Finance,Specialist,San Francisco,74530.97,0.0,2020-09-08,25,63.6,lisa.gonzalez@company.com,(648) 914-5877,Inactive
EMP046432,Michael,Johnson,Michael Johnson,40,HR,Manager,Miami,60651.38,3559.36,2024-08-15,17,73.6,michael.johnson@company.com,(270) 528-8647,Active
EMP046433,Christopher,Jones,Christopher Jones,42,Finance,Lead,Chicago,43890.9,2176.85,2020-07-10,17,100.0,christopher.jones@company.com,(929) 755-9198,Active
EMP046434,Melissa,Miller,Melissa Miller,47,Marketing,Analyst,Chicago,65153.63,7601.31,2021-05-11,18,77.0,melissa.miller@company.com,(760) 639-5410,Active
EMP046435,Michael,Johnson,Michael Johnson,53,HR,Analyst,Boston,76936.2,5830.47,2022-05-25,26,79.4,michael.johnson@company.com,(327) 697-3145,Active
EMP046436,Michael,Thomas,Michael Thomas,25,Finance,Manager,Boston,78260.49,3105.67,2024-04-17,3,73.9,michael.thomas@company.com,(702) 262-4407,Active
EMP046437,Lisa,Rodriguez,Lisa Rodriguez,60,Marketing,Specialist,Miami,84910.39,5233.23,2020-07-28,31,80.6,lisa.rodriguez@company.com,(895) 823-5453,Active
EMP046438,Melissa,Miller,Melissa Miller,23,Engineering,Coordinator,Austin,70913.42,4489.64,2020-05-18,0,100.0,melissa.miller@company.com,(959) 223-3938,Active
EMP046439,Melissa,Gonzalez,Melissa Gonzalez,41,HR,Coordinator,San Francisco,95692.62,7253.5,2022-06-12,15,71.0,melissa.gonzalez@company.com,(617) 265-8506,Active
EMP046440,Anthony,Martinez,Anthony Martinez,47,Engineering,Lead,Seattle,103493.0,11310.67,2020-01-23,25,59.0,anthony.martinez@company.com,(274) 205-1957,Active
EMP046441,Jessica,Martinez,Jessica Martinez,25,IT,Associate,Seattle,81212.16,2655.37,2021-06-29,0,64.8,jessica.martinez@company.com,(640) 732-5167,Active
EMP046442,Nicole,Martinez,Nicole Martinez,61,Legal,Director,Los Angeles,116519.46,13492.38,2022-12-23,34,100.0,nicole.martinez@company.com,(903) 838-2229,Active
EMP046443,Ashley,Moore,Ashley Moore,65,Operations,Analyst,Seattle,83197.01,12141.57,2024-11-17,37,61.6,ashley.moore@company.com,(646) 556-1409,Active
EMP046444,Melissa,Taylor,Melissa Taylor,35,Engineering,Analyst,Chicago,99276.19,17468.24,2021-04-22,11,70.1,melissa.taylor@company.com,(901) 847-3823,Active
EMP046445,Robert,Brown,Robert Brown,41,Legal,Coordinator,Boston,83608.56,0.0,2020-04-14,13,77.4,robert.brown@company.com,(374) 369-2181,Active
EMP046446,Ashley,Rodriguez,Ashley Rodriguez,26,Operations,Senior Developer,Miami,47877.67,7174.49,2020-05-31,0,100.0,ashley.rodriguez@company.com,(202) 861-1972,Inactive
EMP046447,Robert,Martinez,Robert Martinez,56,Engineering,Manager,Seattle,127821.83,14837.78,2020-09-16,34,54.1,robert.martinez@company.com,(685) 475-3853,Active
EMP046448,John,Anderson,John Anderson,39,Finance,Lead,Seattle,100719.46,9143.95,2020-03-19,17,82.0,john.anderson@company.com,(423) 588-4916,Active
EMP046449,Robert,Miller,Robert Miller,45,Engineering,Analyst,New York,78833.25,6084.79,2020-06-24,19,100.0,robert.miller@company.com,(615) 989-6316,Active
EMP046450,David,Johnson,David Johnson,25,IT,Coordinator,Austin,42151.49,5360.36,2024-07-30,0,82.4,david.johnson@company.com,(244) 780-3581,Active
EMP046451,James,Williams,James Williams,52,Engineering,Coordinator,Austin,121607.03,7176.66,2024-06-06,29,60.5,james.williams@company.com,(513) 292-3098,Active
EMP046452,Stephanie,Miller,Stephanie Miller,64,HR,Manager,Chicago,58541.86,5061.28,2020-08-24,35,75.2,stephanie.miller@company.com,(338) 492-9742,Active
EMP046453,Anthony,Brown,Anthony Brown,33,Marketing,Analyst,Chicago,83688.5,6693.49,2024-06-20,11,90.5,anthony.brown@company.com,(601) 400-7123,Active
EMP046454,Amanda,Jackson,Amanda Jackson,52,Finance,Manager,Boston,78421.05,3958.97,2020-05-03,30,70.5,amanda.jackson@company.com,(670) 662-9448,Active
EMP046455,Robert,Garcia,Robert Garcia,57,Engineering,Coordinator,Boston,100401.6,9803.31,2021-05-31,30,59.1,robert.garcia@company.com,(645) 382-9357,Active
EMP046456,John,Rodriguez,John Rodriguez,46,HR,Coordinator,Miami,74194.1,10166.66,2022-06-15,22,76.2,john.rodriguez@company.com,(617) 379-1377,Active
EMP046457,Sarah,Rodriguez,Sarah Rodriguez,31,Operations,Associate,New York,62616.02,8010.27,2023-08-29,4,74.2,sarah.rodriguez@company.com,(559) 799-7524,Active
EMP046458,Lisa,Moore,Lisa Moore,26,Sales,Coordinator,Los Angeles,50911.2,473.85,2024-08-07,2,79.1,lisa.moore@company.com,(380) 556-4888,Active
EMP046459,John,Anderson,John Anderson,45,Engineering,Coordinator,Seattle,80917.35,13260.23,2024-05-09,23,70.6,john.anderson@company.com,(477) 517-9075,Active
EMP046460,Jessica,Anderson,Jessica Anderson,27,Legal,Associate,Boston,47516.89,6822.14,2024-03-25,0,92.5,jessica.anderson@company.com,(337) 592-7894,Active
EMP046461,Melissa,Jackson,Melissa Jackson,31,IT,Director,San Francisco,73471.47,9658.45,2022-08-07,8,74.1,melissa.jackson@company.com,(914) 475-4732,Active
EMP046462,Jane,Hernandez,Jane Hernandez,49,HR,Manager,Chicago,79425.78,8384.38,2023-06-28,23,88.5,jane.hernandez@company.com,(565) 893-1489,Inactive
EMP046463,James,Moore,James Moore,24,Marketing,Manager,Seattle,53577.47,2138.46,2022-07-15,0,100.0,james.moore@company.com,(907) 382-8491,Inactive
EMP046464,Michael,Hernandez,Michael Hernandez,28,Marketing,Senior Developer,Austin,54702.69,7218.27,2024-12-10,2,75.0,michael.hernandez@company.com,(343) 308-8613,Inactive
EMP046465,Stephanie,Martinez,Stephanie Martinez,47,Finance,Specialist,Boston,61660.13,9545.51,2023-08-30,25,100.0,stephanie.martinez@company.com,(296) 361-7316,Active
EMP046466,Ashley,Martin,Ashley Martin,56,Marketing,Analyst,Chicago,78685.75,7059.66,2023-08-15,29,79.6,ashley.martin@company.com,(590) 517-1922,Active
EMP046467,Nicole,Miller,Nicole Miller,53,IT,Senior Developer,New York,96447.3,5253.35,2022-12-04,30,64.7,nicole.miller@company.com,(647) 966-7262,Active
EMP046468,James,Thomas,James Thomas,43,Sales,Associate,Chicago,54139.89,6732.81,2021-11-29,17,78.7,james.thomas@company.com,(941) 481-6041,Active
EMP046469,Lisa,Thomas,Lisa Thomas,57,Finance,Senior Developer,New York,117550.04,15743.81,2020-05-21,31,46.7,lisa.thomas@company.com,(730) 227-9274,Active
EMP046470,Michael,Wilson,Michael Wilson,64,IT,Coordinator,Austin,104588.13,8172.5,2024-06-17,41,58.5,michael.wilson@company.com,(983) 823-9560,Active
EMP046471,Robert,Thomas,Robert Thomas,42,Sales,Associate,Seattle,63181.35,2893.79,2021-10-09,13,94.2,robert.thomas@company.com,(717) 726-7315,Active
EMP046472,William,Gonzalez,William Gonzalez,30,Operations,Lead,San Francisco,43788.14,5133.57,2022-06-22,4,71.6,william.gonzalez@company.com,(751) 294-5774,Inactive
EMP046473,James,Martin,James Martin,54,IT,Specialist,Boston,62647.77,3514.08,2021-10-10,32,67.0,james.martin@company.com,(410) 203-2900,Active
EMP046474,James,Thomas,James Thomas,30,Operations,Senior Developer,Chicago,65791.74,5874.79,2020-03-25,6,76.9,james.thomas@company.com,(240) 776-7974,Active
EMP046475,Michael,Williams,Michael Williams,32,Legal,Specialist,Chicago,104732.02,14296.82,2020-08-18,10,73.7,michael.williams@company.com,(285) 249-8977,Inactive
EMP046476,Nicole,Moore,Nicole Moore,36,Sales,Manager,Seattle,58133.22,2984.69,2020-04-01,11,72.1,nicole.moore@company.com,(595) 215-7167,Active
EMP046477,Lisa,Brown,Lisa Brown,50,Engineering,Analyst,Austin,99190.86,9377.51,2021-12-14,27,61.3,lisa.brown@company.com,(949) 984-5273,Inactive
EMP046478,Sarah,Thomas,Sarah Thomas,37,IT,Specialist,Austin,73712.16,7068.41,2024-05-12,13,58.7,sarah.thomas@company.com,(598) 694-8616,Active
EMP046479,Daniel,Moore,Daniel Moore,32,Operations,Coordinator,Seattle,54119.88,7892.25,2023-03-16,10,70.3,daniel.moore@company.com,(534) 947-7323,Active
EMP046480,Michael,Hernandez,Michael Hernandez,55,Sales,Director,Miami,70604.48,8400.43,2021-09-13,26,74.0,michael.hernandez@company.com,(623) 460-8764,Active
EMP046481,Robert,Smith,Robert Smith,26,Engineering,Manager,Chicago,96250.57,7300.39,2024-08-28,0,78.2,robert.smith@company.com,(410) 696-8664,Active
EMP046482,John,Johnson,John Johnson,37,IT,Coordinator,Boston,98178.25,10657.26,2021-07-22,10,79.3,john.johnson@company.com,(422) 300-3103,Active
EMP046483,Melissa,Johnson,Melissa Johnson,34,Operations,Senior Developer,Seattle,58251.14,3333.11,2022-06-02,9,94.3,melissa.johnson@company.com,(432) 808-3468,Active
EMP046484,John,Jackson,John Jackson,54,Sales,Specialist,Seattle,91656.68,13255.3,2021-06-08,29,99.8,john.jackson@company.com,(254) 263-7767,Active
EMP046485,Robert,Gonzalez,Robert Gonzalez,34,Finance,Senior Developer,San Francisco,91847.86,9061.21,2024-02-06,12,67.8,robert.gonzalez@company.com,(941) 402-3703,Active
EMP046486,Sarah,Gonzalez,Sarah Gonzalez,59,IT,Director,Chicago,128688.75,18302.93,2023-07-14,37,84.0,sarah.gonzalez@company.com,(876) 324-1962,Active
EMP046487,Amanda,Rodriguez,Amanda Rodriguez,39,Marketing,Senior Developer,New York,64583.98,3239.75,2020-10-01,17,38.4,amanda.rodriguez@company.com,(548) 842-8056,Active
EMP046488,Lisa,Jones,Lisa Jones,49,Finance,Specialist,Los Angeles,82073.32,5077.79,2021-11-26,22,86.1,lisa.jones@company.com,(506) 818-4138,Active
EMP046489,Christopher,Rodriguez,Christopher Rodriguez,52,IT,Associate,Seattle,124650.17,14844.58,2023-06-13,30,69.3,christopher.rodriguez@company.com,(339) 539-4460,Active
EMP046490,Sarah,Rodriguez,Sarah Rodriguez,50,Operations,Specialist,Austin,60080.4,9245.73,2022-09-26,28,74.1,sarah.rodriguez@company.com,(994) 360-6698,Inactive
EMP046491,Melissa,Brown,Melissa Brown,45,Legal,Analyst,Chicago,111915.3,9788.73,2023-10-14,16,80.4,melissa.brown@company.com,(649) 829-1199,Active
EMP046492,William,Rodriguez,William Rodriguez,53,IT,Analyst,Seattle,83872.22,5758.65,2020-07-08,27,70.4,william.rodriguez@company.com,(933) 432-6649,Inactive
EMP046493,James,Miller,James Miller,47,Marketing,Specialist,New York,44388.96,4120.67,2021-01-09,21,74.7,james.miller@company.com,(394) 241-9797,Active
EMP046494,Michael,Moore,Michael Moore,59,Marketing,Coordinator,Miami,94936.59,11249.71,2023-11-26,31,87.5,michael.moore@company.com,(280) 928-8674,Active
EMP046495,Jane,Miller,Jane Miller,44,HR,Director,Austin,70303.2,5221.69,2020-05-15,19,100.0,jane.miller@company.com,(665) 359-8546,Active
EMP046496,James,Gonzalez,James Gonzalez,39,IT,Lead,New York,95914.74,7762.75,2024-03-14,13,57.1,james.gonzalez@company.com,(851) 571-2402,Active
EMP046497,Amanda,Martinez,Amanda Martinez,54,Finance,Manager,San Francisco,91878.51,15968.71,2024-01-21,25,86.8,amanda.martinez@company.com,(320) 229-9704,Active
EMP046498,Amanda,Taylor,Amanda Taylor,37,Finance,Specialist,San Francisco,76676.88,6588.46,2023-09-22,14,81.5,amanda.taylor@company.com,(241) 340-2971,Active
EMP046499,Amanda,Brown,Amanda Brown,47,Marketing,Analyst,New York,78851.04,3878.5,2020-07-28,18,73.8,amanda.brown@company.com,(489) 940-2580,Active
EMP046500,Melissa,Jackson,Melissa Jackson,39,Operations,Director,Boston,72207.03,6020.01,2021-09-15,16,58.4,melissa.jackson@company.com,(207) 879-5718,Active
EMP046501,Emily,Thomas,Emily Thomas,26,HR,Director,Chicago,53849.22,5935.15,2024-06-20,2,70.7,emily.thomas@company.com,(330) 446-3221,Active
EMP046502,Stephanie,Thomas,Stephanie Thomas,63,Marketing,Senior Developer,Seattle,81245.31,4854.65,2023-08-23,39,74.8,stephanie.thomas@company.com,(319) 514-1417,Active
EMP046503,Daniel,Martin,Daniel Martin,37,Legal,Analyst,New York,80294.94,8925.9,2022-09-17,15,75.3,daniel.martin@company.com,(603) 908-1773,Active
EMP046504,Sarah,Thomas,Sarah Thomas,35,Legal,Director,Los Angeles,45313.54,6751.51,2023-10-15,9,78.7,sarah.thomas@company.com,(919) 697-2769,Active
EMP046505,Sarah,Lopez,Sarah Lopez,60,Sales,Senior Developer,Boston,87953.47,13638.35,2020-06-24,38,62.6,sarah.lopez@company.com,(775) 272-3891,Active
EMP046506,Sarah,Jackson,Sarah Jackson,55,Marketing,Specialist,Los Angeles,80395.79,5860.67,2020-05-28,33,76.8,sarah.jackson@company.com,(819) 542-9391,Active
EMP046507,Jane,Miller,Jane Miller,47,Finance,Specialist,Chicago,67732.75,14276.41,2023-03-03,20,58.6,jane.miller@company.com,(804) 629-8202,Active
EMP046508,Stephanie,Gonzalez,Stephanie Gonzalez,29,Engineering,Associate,Los Angeles,75627.49,4698.84,2020-01-31,4,79.9,stephanie.gonzalez@company.com,(786) 617-5237,Active
EMP046509,Emily,Garcia,Emily Garcia,61,Marketing,Manager,San Francisco,95020.62,9522.09,2021-11-13,34,68.4,emily.garcia@company.com,(298) 478-2063,Active
EMP046510,John,Thomas,John Thomas,28,Finance,Manager,San Francisco,78331.4,11258.62,2023-05-29,3,74.5,john.thomas@company.com,(679) 770-9702,Active
EMP046511,William,Johnson,William Johnson,62,IT,Coordinator,Los Angeles,89298.21,12802.79,2022-02-22,35,75.3,william.johnson@company.com,(251) 656-9939,On Leave
EMP046512,James,Rodriguez,James Rodriguez,40,Marketing,Coordinator,Seattle,48402.57,5360.59,2022-11-21,14,90.3,james.rodriguez@company.com,(767) 911-1062,Active
EMP046513,Robert,Johnson,Robert Johnson,50,Finance,Coordinator,Los Angeles,95418.42,12261.22,2020-11-22,21,92.9,robert.johnson@company.com,(361) 407-9430,Active
EMP046514,Christopher,Rodriguez,Christopher Rodriguez,33,Legal,Manager,San Francisco,74890.19,3351.67,2021-10-27,10,58.4,christopher.rodriguez@company.com,(998) 768-4050,Active
EMP046515,Anthony,Anderson,Anthony Anderson,24,IT,Manager,Seattle,67806.68,11321.94,2024-04-22,1,78.1,anthony.anderson@company.com,(490) 911-2969,Active
EMP046516,Nicole,Davis,Nicole Davis,61,Engineering,Lead,Chicago,148294.27,17210.22,2020-12-01,36,70.3,nicole.davis@company.com,(946) 538-2176,Active
EMP046517,Jessica,Gonzalez,Jessica Gonzalez,56,Legal,Analyst,Miami,87652.05,1915.87,2021-09-26,34,69.1,jessica.gonzalez@company.com,(723) 614-4413,Active
EMP046518,Amanda,Martinez,Amanda Martinez,60,Marketing,Senior Developer,Seattle,80511.14,4381.06,2024-04-07,35,73.3,amanda.martinez@company.com,(447) 575-7013,Active
EMP046519,Jessica,Taylor,Jessica Taylor,45,Sales,Director,San Francisco,65125.86,4510.54,2020-11-08,17,82.6,jessica.taylor@company.com,(965) 919-3997,Active
EMP046520,Robert,Williams,Robert Williams,38,Finance,Director,Boston,75655.39,12338.8,2020-08-15,10,86.2,robert.williams@company.com,(769) 216-9354,Active
EMP046521,Lisa,Moore,Lisa Moore,44,Finance,Lead,Seattle,83526.6,11664.99,2023-07-09,22,80.2,lisa.moore@company.com,(743) 967-1225,Active
EMP046522,Lisa,Hernandez,Lisa Hernandez,54,Operations,Lead,Chicago,69763.03,7597.41,2021-01-26,27,83.0,lisa.hernandez@company.com,(642) 363-8829,Active
EMP046523,Melissa,Gonzalez,Melissa Gonzalez,53,Legal,Lead,Miami,95917.94,3367.97,2023-03-01,30,77.0,melissa.gonzalez@company.com,(450) 378-7957,Active
EMP046524,Amanda,Jones,Amanda Jones,42,Finance,Senior Developer,Boston,78606.36,4693.67,2022-04-14,14,73.2,amanda.jones@company.com,(334) 488-5378,Active
EMP046525,Nicole,Thomas,Nicole Thomas,29,Legal,Lead,Austin,65701.95,8243.08,2022-05-25,3,62.7,nicole.thomas@company.com,(888) 807-7033,Active
EMP046526,John,Moore,John Moore,43,Marketing,Director,Austin,84731.6,6210.6,2022-06-28,20,82.6,john.moore@company.com,(677) 771-9804,Inactive
EMP046527,Emily,Martinez,Emily Martinez,35,Legal,Associate,Chicago,82187.8,8596.96,2020-11-01,8,70.6,emily.martinez@company.com,(210) 763-6172,Active
EMP046528,Stephanie,Lopez,Stephanie Lopez,59,Operations,Senior Developer,Chicago,60803.61,11601.72,2024-03-23,32,91.7,stephanie.lopez@company.com,(603) 949-1623,Active
EMP046529,Sarah,Anderson,Sarah Anderson,62,Finance,Coordinator,New York,100275.66,8949.19,2020-03-22,36,62.5,sarah.anderson@company.com,(629) 810-9368,Active
EMP046530,Matthew,Brown,Matthew Brown,47,Legal,Lead,Chicago,81944.73,10214.26,2022-06-17,18,77.0,matthew.brown@company.com,(220) 715-3568,Active
EMP046531,Melissa,Rodriguez,Melissa Rodriguez,54,HR,Director,Chicago,66221.8,6467.2,2022-08-31,27,73.3,melissa.rodriguez@company.com,(295) 274-2340,On Leave
EMP046532,Sarah,Taylor,Sarah Taylor,33,Marketing,Lead,Seattle,50845.83,3601.63,2020-06-20,8,78.7,sarah.taylor@company.com,(569) 442-3246,Active
EMP046533,Daniel,Smith,Daniel Smith,34,HR,Specialist,Seattle,58140.12,11235.54,2022-05-16,9,81.9,daniel.smith@company.com,(471) 856-6803,Active
EMP046534,Lisa,Hernandez,Lisa Hernandez,43,Finance,Analyst,Los Angeles,78393.58,9199.22,2023-06-27,21,93.5,lisa.hernandez@company.com,(772) 831-2384,Active
EMP046535,Michael,Williams,Michael Williams,51,Finance,Director,Seattle,101250.36,0.0,2022-12-11,22,81.9,michael.williams@company.com,(764) 407-6642,Active
EMP046536,John,Miller,John Miller,61,Finance,Lead,Boston,113743.35,9053.8,2023-05-02,32,63.4,john.miller@company.com,(831) 848-5195,Active
EMP046537,Stephanie,Gonzalez,Stephanie Gonzalez,36,Legal,Analyst,New York,76311.76,11682.17,2023-01-16,10,66.8,stephanie.gonzalez@company.com,(610) 929-1016,Active
EMP046538,David,Hernandez,David Hernandez,44,Sales,Associate,Miami,71983.55,8900.01,2021-06-28,18,83.5,david.hernandez@company.com,(287) 445-2248,Active
EMP046539,Amanda,Rodriguez,Amanda Rodriguez,36,IT,Analyst,Boston,95299.05,8000.26,2021-01-10,13,98.6,amanda.rodriguez@company.com,(735) 797-6033,Active
EMP046540,James,Martin,James Martin,32,Marketing,Lead,Austin,71531.96,5740.68,2022-07-29,10,71.9,james.martin@company.com,(815) 494-5688,Active
EMP046541,Jessica,Hernandez,Jessica Hernandez,57,Finance,Coordinator,Austin,88688.32,5668.64,2022-01-09,31,83.2,jessica.hernandez@company.com,(209) 709-8358,Active
EMP046542,John,Garcia,John Garcia,40,Sales,Manager,New York,67650.73,3711.01,2023-08-04,16,76.6,john.garcia@company.com,(232) 814-3887,Active
EMP046543,Lisa,Davis,Lisa Davis,64,HR,Manager,New York,82595.05,8332.51,2022-06-28,35,88.6,lisa.davis@company.com,(644) 791-1754,Inactive
EMP046544,Anthony,Miller,Anthony Miller,32,Operations,Analyst,Austin,62779.96,2071.02,2022-01-11,6,58.1,anthony.miller@company.com,(575) 476-5936,Active
EMP046545,Emily,Rodriguez,Emily Rodriguez,49,IT,Analyst,Los Angeles,90431.65,421.24,2024-06-21,23,86.7,emily.rodriguez@company.com,(773) 452-2796,Inactive
EMP046546,Jane,Martin,Jane Martin,65,Engineering,Manager,Seattle,121867.63,2038.54,2022-07-12,43,68.5,jane.martin@company.com,(961) 289-9483,Active
EMP046547,Michael,Miller,Michael Miller,49,Operations,Coordinator,New York,51478.9,9763.65,2023-11-19,25,64.3,michael.miller@company.com,(878) 906-7643,Active
EMP046548,David,Jackson,David Jackson,53,Engineering,Manager,Seattle,108382.01,12897.99,2020-06-27,30,93.7,david.jackson@company.com,(424) 832-1570,Active
EMP046549,Sarah,Martinez,Sarah Martinez,45,Sales,Coordinator,New York,116220.14,5380.43,2022-11-27,23,100.0,sarah.martinez@company.com,(992) 468-3357,Active
EMP046550,Nicole,Miller,Nicole Miller,56,Finance,Specialist,San Francisco,103218.69,10141.55,2024-11-10,28,77.0,nicole.miller@company.com,(334) 808-5762,Active
EMP046551,David,Jones,David Jones,59,IT,Lead,Boston,83901.15,9293.36,2024-12-16,30,78.5,david.jones@company.com,(937) 883-5297,Active
EMP046552,David,Brown,David Brown,41,Operations,Specialist,New York,67714.94,5652.96,2023-04-23,16,72.0,david.brown@company.com,(252) 408-6210,Active
EMP046553,Sarah,Martinez,Sarah Martinez,28,Marketing,Senior Developer,Austin,74924.89,6039.56,2020-03-23,5,83.9,sarah.martinez@company.com,(586) 361-4524,Active
EMP046554,James,Rodriguez,James Rodriguez,65,IT,Director,New York,100222.07,3907.03,2020-02-22,43,71.0,james.rodriguez@company.com,(422) 357-7938,Active
EMP046555,Jessica,Lopez,Jessica Lopez,30,Legal,Specialist,Chicago,41583.24,3459.32,2021-09-16,3,47.4,jessica.lopez@company.com,(821) 512-5017,Active
EMP046556,Robert,Gonzalez,Robert Gonzalez,56,Operations,Lead,Austin,53501.33,12595.48,2024-03-17,32,72.7,robert.gonzalez@company.com,(742) 692-5456,Active
EMP046557,Emily,Williams,Emily Williams,50,Finance,Associate,San Francisco,106728.68,3018.53,2020-04-19,21,72.6,emily.williams@company.com,(254) 773-2342,Active
EMP046558,Michael,Martin,Michael Martin,50,Finance,Senior Developer,Chicago,101083.08,15804.52,2021-06-09,21,64.1,michael.martin@company.com,(543) 742-8400,Active
EMP046559,Daniel,Lopez,Daniel Lopez,30,Finance,Lead,Seattle,69836.08,1501.45,2023-05-01,3,74.5,daniel.lopez@company.com,(657) 881-4554,Active
EMP046560,David,Thomas,David Thomas,35,Engineering,Senior Developer,Miami,72878.87,11433.46,2020-02-10,6,43.5,david.thomas@company.com,(407) 837-3333,On Leave
EMP046561,Nicole,Johnson,Nicole Johnson,26,Marketing,Associate,Seattle,28500.0,2278.35,2023-11-17,0,86.7,nicole.johnson@company.com,(936) 525-2087,Active
EMP046562,James,Martinez,James Martinez,33,Operations,Associate,Chicago,45021.66,4651.17,2021-08-16,5,98.0,james.martinez@company.com,(746) 465-7476,Active
EMP046563,John,Rodriguez,John Rodriguez,57,Operations,Specialist,San Francisco,30639.54,2268.91,2023-12-02,34,78.6,john.rodriguez@company.com,(253) 897-3214,Active
EMP046564,Melissa,Johnson,Melissa Johnson,33,Engineering,Coordinator,Chicago,110483.72,7171.05,2022-11-28,8,44.3,melissa.johnson@company.com,(361) 734-6899,On Leave
EMP046565,Jessica,Moore,Jessica Moore,48,Legal,Director,New York,82641.77,22228.03,2021-07-29,24,61.9,jessica.moore@company.com,(698) 964-5026,Active
EMP046566,Amanda,Thomas,Amanda Thomas,32,Marketing,Associate,New York,53481.74,5544.63,2020-02-17,6,62.3,amanda.thomas@company.com,(962) 852-3106,Active
EMP046567,Anthony,Lopez,Anthony Lopez,25,Legal,Coordinator,Miami,71067.02,3763.16,2024-10-03,2,61.8,anthony.lopez@company.com,(774) 541-7638,Active
EMP046568,Jessica,Brown,Jessica Brown,26,Legal,Analyst,Los Angeles,123238.1,15088.3,2022-12-29,0,40.1,jessica.brown@company.com,(931) 241-2405,Active
EMP046569,Amanda,Miller,Amanda Miller,58,Engineering,Coordinator,New York,126209.9,1232.79,2022-08-28,32,88.5,amanda.miller@company.com,(888) 765-6737,Active
EMP046570,David,Hernandez,David Hernandez,30,Sales,Manager,Chicago,60033.19,4792.49,2020-07-14,5,55.5,david.hernandez@company.com,(434) 790-7597,Active
EMP046571,Jane,Lopez,Jane Lopez,61,Finance,Lead,Chicago,88414.57,13455.76,2021-09-06,39,74.7,jane.lopez@company.com,(471) 845-1585,Active
EMP046572,Daniel,Thomas,Daniel Thomas,25,Engineering,Coordinator,Seattle,102010.91,5522.32,2022-12-16,0,86.7,daniel.thomas@company.com,(765) 997-3523,Active
EMP046573,Robert,Martin,Robert Martin,43,Legal,Manager,Boston,94238.69,8342.02,2020-03-26,18,69.8,robert.martin@company.com,(370) 215-3640,Active
EMP046574,Anthony,Moore,Anthony Moore,61,Finance,Lead,Boston,83629.56,6456.05,2023-09-26,32,86.2,anthony.moore@company.com,(208) 682-6353,Active
EMP046575,Jane,Rodriguez,Jane Rodriguez,57,HR,Manager,Seattle,73359.86,7487.83,2022-08-26,30,97.0,jane.rodriguez@company.com,(667) 308-4843,Active
EMP046576,Jessica,Garcia,Jessica Garcia,53,HR,Senior Developer,San Francisco,55758.31,5943.2,2024-11-06,31,80.4,jessica.garcia@company.com,(956) 502-7457,Active
EMP046577,Christopher,Wilson,Christopher Wilson,53,Marketing,Coordinator,Austin,85182.39,14797.33,2023-03-08,30,93.8,christopher.wilson@company.com,(672) 711-5333,Active
EMP046578,Emily,Wilson,Emily Wilson,50,Finance,Analyst,Seattle,86871.57,14054.01,2022-02-24,21,47.0,emily.wilson@company.com,(297) 553-5301,Active
EMP046579,Ashley,Wilson,Ashley Wilson,57,Engineering,Manager,Chicago,123794.08,19472.38,2023-02-22,28,69.1,ashley.wilson@company.com,(710) 484-7487,Active
EMP046580,Ashley,Garcia,Ashley Garcia,54,Legal,Senior Developer,Chicago,120485.44,5007.97,2022-10-01,30,100.0,ashley.garcia@company.com,(847) 870-6349,Active
EMP046581,Christopher,Taylor,Christopher Taylor,60,Operations,Coordinator,Los Angeles,73552.85,2791.33,2024-11-08,36,78.2,christopher.taylor@company.com,(902) 521-9566,Active
EMP046582,Emily,Hernandez,Emily Hernandez,26,Legal,Senior Developer,Los Angeles,77963.71,10380.85,2024-12-25,0,71.8,emily.hernandez@company.com,(358) 490-6453,Active
EMP046583,James,Brown,James Brown,26,HR,Analyst,Boston,51943.72,5557.31,2024-04-29,0,96.2,james.brown@company.com,(886) 631-7989,Active
EMP046584,Nicole,Rodriguez,Nicole Rodriguez,48,Legal,Specialist,Miami,88426.72,3688.44,2020-02-28,26,71.9,nicole.rodriguez@company.com,(697) 224-4859,Active
EMP046585,Lisa,Wilson,Lisa Wilson,55,IT,Associate,Miami,67774.53,5456.93,2021-08-29,29,59.1,lisa.wilson@company.com,(270) 217-2860,Inactive
EMP046586,Michael,Moore,Michael Moore,23,Finance,Senior Developer,Boston,80597.54,10666.56,2021-03-09,0,53.6,michael.moore@company.com,(265) 958-3271,Active
EMP046587,Anthony,Martin,Anthony Martin,41,HR,Senior Developer,Chicago,69445.99,6826.72,2022-12-26,14,76.2,anthony.martin@company.com,(601) 613-5431,Inactive
EMP046588,Matthew,Davis,Matthew Davis,42,Engineering,Associate,San Francisco,106669.53,9099.78,2020-11-08,14,85.2,matthew.davis@company.com,(657) 703-2330,Active
EMP046589,William,Williams,William Williams,52,Marketing,Director,Seattle,91453.37,16707.72,2020-01-27,24,91.5,william.williams@company.com,(931) 461-1202,Active
EMP046590,Christopher,Johnson,Christopher Johnson,44,Legal,Manager,Los Angeles,76074.59,7518.29,2023-05-21,19,70.5,christopher.johnson@company.com,(772) 328-2910,Active
EMP046591,Lisa,Smith,Lisa Smith,48,Sales,Director,New York,90514.84,6565.04,2021-03-28,21,76.5,lisa.smith@company.com,(222) 861-8548,Active
EMP046592,Amanda,Taylor,Amanda Taylor,34,IT,Associate,Chicago,63111.5,10303.7,2021-08-10,5,49.2,amanda.taylor@company.com,(642) 423-3336,Inactive
EMP046593,Ashley,Miller,Ashley Miller,43,IT,Analyst,New York,90728.4,5183.05,2024-10-06,19,72.2,ashley.miller@company.com,(634) 636-7150,Active
EMP046594,Anthony,Moore,Anthony Moore,51,Finance,Analyst,New York,119883.61,12225.31,2021-08-17,23,72.0,anthony.moore@company.com,(256) 600-3029,Active
EMP046595,Robert,Gonzalez,Robert Gonzalez,32,Marketing,Associate,Austin,42864.56,2865.75,2023-05-14,10,70.0,robert.gonzalez@company.com,(438) 979-1520,Active
EMP046596,Robert,Johnson,Robert Johnson,35,Legal,Senior Developer,Seattle,88105.36,3117.17,2020-03-21,9,71.6,robert.johnson@company.com,(218) 249-4269,Active
EMP046597,Christopher,Miller,Christopher Miller,34,IT,Analyst,Boston,57051.3,7808.43,2022-01-30,7,43.6,christopher.miller@company.com,(686) 852-1037,Active
EMP046598,John,Taylor,John Taylor,48,Finance,Manager,Austin,71935.23,8189.68,2023-10-06,20,66.1,john.taylor@company.com,(610) 696-9247,Active
EMP046599,Matthew,Jackson,Matthew Jackson,62,Legal,Manager,Boston,105102.32,15461.17,2021-02-26,39,53.9,matthew.jackson@company.com,(374) 432-7666,Active
EMP046600,Christopher,Brown,Christopher Brown,37,Legal,Manager,New York,70113.9,6248.79,2020-09-24,15,96.8,christopher.brown@company.com,(414) 884-8514,Active
EMP046601,Jane,Davis,Jane Davis,64,Finance,Specialist,Chicago,68423.44,8131.56,2023-05-13,39,42.9,jane.davis@company.com,(536) 583-4009,Active
EMP046602,Jane,Anderson,Jane Anderson,40,Engineering,Manager,San Francisco,110998.06,9154.32,2024-06-30,11,77.4,jane.anderson@company.com,(335) 954-7688,Active
EMP046603,Lisa,Rodriguez,Lisa Rodriguez,49,Legal,Analyst,San Francisco,100530.71,25560.35,2020-01-06,27,67.8,lisa.rodriguez@company.com,(292) 354-2351,Active
EMP046604,Melissa,Gonzalez,Melissa Gonzalez,61,Legal,Manager,New York,132943.95,3859.63,2021-08-17,39,66.2,melissa.gonzalez@company.com,(877) 717-8325,Active
EMP046605,Melissa,Gonzalez,Melissa Gonzalez,44,Marketing,Senior Developer,San Francisco,50712.57,4323.19,2020-02-03,16,39.0,melissa.gonzalez@company.com,(849) 499-9683,Active
EMP046606,Christopher,Taylor,Christopher Taylor,37,Finance,Coordinator,Seattle,73596.16,9118.86,2024-10-08,15,78.5,christopher.taylor@company.com,(910) 675-8435,Active
EMP046607,Ashley,Rodriguez,Ashley Rodriguez,52,IT,Specialist,Miami,70932.83,9939.55,2024-03-22,26,63.8,ashley.rodriguez@company.com,(683) 558-6438,Active
EMP046608,Robert,Martinez,Robert Martinez,31,HR,Manager,Los Angeles,58982.29,7863.19,2024-09-19,6,76.2,robert.martinez@company.com,(389) 988-3220,Active
EMP046609,Sarah,Brown,Sarah Brown,60,IT,Coordinator,Boston,107503.67,16834.13,2024-01-29,37,59.5,sarah.brown@company.com,(514) 270-7453,Active
EMP046610,Nicole,Johnson,Nicole Johnson,58,Finance,Director,Miami,114126.29,13089.19,2020-07-14,33,75.2,nicole.johnson@company.com,(505) 818-6798,Active
EMP046611,John,Miller,John Miller,43,Marketing,Analyst,Seattle,75554.31,8116.1,2023-07-08,16,80.5,john.miller@company.com,(392) 742-9430,Active
EMP046612,Ashley,Davis,Ashley Davis,28,Legal,Director,San Francisco,75220.35,9480.39,2024-03-09,3,91.1,ashley.davis@company.com,(920) 207-9659,Active
EMP046613,James,Gonzalez,James Gonzalez,52,Marketing,Director,Seattle,73812.44,8976.28,2022-06-09,23,76.1,james.gonzalez@company.com,(944) 857-5496,Active
EMP046614,Lisa,Miller,Lisa Miller,49,IT,Lead,San Francisco,109743.44,12632.16,2023-07-11,20,81.0,lisa.miller@company.com,(252) 822-9673,Active
EMP046615,Lisa,Gonzalez,Lisa Gonzalez,24,Operations,Lead,Los Angeles,63359.99,12011.98,2020-04-22,2,83.6,lisa.gonzalez@company.com,(752) 405-4851,Active
EMP046616,Robert,Wilson,Robert Wilson,51,IT,Associate,Seattle,98274.54,6116.95,2023-12-09,27,100.0,robert.wilson@company.com,(764) 925-6702,Active
EMP046617,William,Martinez,William Martinez,39,Engineering,Lead,Boston,86783.47,4762.68,2020-10-25,14,64.2,william.martinez@company.com,(690) 833-7692,Active
EMP046618,David,Smith,David Smith,34,Engineering,Manager,Miami,102236.62,21222.08,2020-01-05,12,68.4,david.smith@company.com,(247) 621-8547,Active
EMP046619,Anthony,Moore,Anthony Moore,28,Marketing,Lead,New York,52766.91,5132.02,2024-04-15,5,60.7,anthony.moore@company.com,(932) 318-3363,Active
EMP046620,Melissa,Smith,Melissa Smith,62,Legal,Manager,Austin,132098.72,28530.82,2023-10-02,33,90.4,melissa.smith@company.com,(457) 383-5525,Active
EMP046621,Robert,Brown,Robert Brown,41,IT,Specialist,Chicago,97228.77,491.31,2022-02-09,17,86.8,robert.brown@company.com,(201) 690-2818,On Leave
EMP046622,Michael,Smith,Michael Smith,57,HR,Director,Boston,68237.84,10100.23,2021-06-28,35,84.9,michael.smith@company.com,(237) 679-7183,Active
EMP046623,David,Anderson,David Anderson,64,Engineering,Director,San Francisco,98270.25,17301.18,2022-07-28,35,57.2,david.anderson@company.com,(524) 735-6581,Active
EMP046624,Lisa,Davis,Lisa Davis,39,Marketing,Lead,Seattle,75618.34,7976.25,2023-01-12,15,94.5,lisa.davis@company.com,(806) 203-6927,Active
EMP046625,William,Martinez,William Martinez,41,Engineering,Specialist,Austin,97686.06,8900.45,2024-12-11,14,93.1,william.martinez@company.com,(684) 581-7027,Active
EMP046626,Jessica,Wilson,Jessica Wilson,25,Legal,Director,Los Angeles,37500.0,2234.93,2022-03-30,0,100.0,jessica.wilson@company.com,(886) 443-1608,Inactive
EMP046627,Jane,Martinez,Jane Martinez,56,Finance,Lead,Miami,72472.62,10030.86,2020-12-09,31,81.9,jane.martinez@company.com,(959) 328-2246,Active
EMP046628,Michael,Jones,Michael Jones,40,IT,Associate,Miami,92409.96,3885.67,2023-11-04,17,100.0,michael.jones@company.com,(359) 513-5471,Active
EMP046629,Jane,Taylor,Jane Taylor,45,Legal,Lead,Los Angeles,121184.05,15138.95,2022-05-28,17,76.9,jane.taylor@company.com,(337) 903-3868,On Leave
EMP046630,Ashley,Gonzalez,Ashley Gonzalez,57,Finance,Specialist,Seattle,91776.6,10168.28,2024-04-06,35,63.7,ashley.gonzalez@company.com,(454) 426-9334,Active
EMP046631,Daniel,Jackson,Daniel Jackson,45,Engineering,Specialist,Boston,115712.25,12312.98,2024-12-30,22,68.0,daniel.jackson@company.com,(800) 626-9139,Active
EMP046632,Nicole,Wilson,Nicole Wilson,58,Finance,Manager,San Francisco,80769.66,6245.59,2024-09-06,34,85.5,nicole.wilson@company.com,(721) 667-5253,Active
EMP046633,Lisa,Miller,Lisa Miller,60,Engineering,Director,Boston,133811.53,25468.2,2024-10-11,37,73.8,lisa.miller@company.com,(282) 247-6535,Active
EMP046634,Daniel,Gonzalez,Daniel Gonzalez,22,Finance,Lead,Miami,60677.5,7086.08,2022-10-25,0,62.3,daniel.gonzalez@company.com,(597) 449-9542,Active
EMP046635,Ashley,Lopez,Ashley Lopez,45,HR,Senior Developer,Boston,60925.61,3419.57,2020-12-13,16,74.1,ashley.lopez@company.com,(658) 521-5909,Inactive
EMP046636,Ashley,Jones,Ashley Jones,62,HR,Director,Miami,88725.63,1861.29,2024-04-21,34,68.6,ashley.jones@company.com,(712) 901-5043,Active
EMP046637,Jessica,Garcia,Jessica Garcia,57,Operations,Analyst,Seattle,61139.12,2101.36,2022-07-26,28,64.0,jessica.garcia@company.com,(477) 353-7382,Active
EMP046638,John,Miller,John Miller,31,Engineering,Senior Developer,San Francisco,69898.18,9368.28,2021-06-14,3,79.8,john.miller@company.com,(852) 665-2436,Active
EMP046639,James,Davis,James Davis,43,Engineering,Lead,Seattle,82104.76,13023.28,2022-05-08,14,57.0,james.davis@company.com,(922) 705-6625,Active
EMP046640,Sarah,Rodriguez,Sarah Rodriguez,62,Marketing,Manager,Miami,75430.58,8565.65,2020-12-12,35,53.3,sarah.rodriguez@company.com,(936) 821-8832,On Leave
EMP046641,William,Moore,William Moore,52,Legal,Analyst,Austin,103653.32,5143.82,2021-02-08,23,72.0,william.moore@company.com,(593) 488-1096,Active
EMP046642,James,Jackson,James Jackson,62,IT,Associate,New York,118337.01,6222.43,2021-06-09,37,80.8,james.jackson@company.com,(455) 205-8832,Active
EMP046643,Matthew,Rodriguez,Matthew Rodriguez,54,Finance,Specialist,Seattle,118148.61,21078.23,2022-04-29,29,75.2,matthew.rodriguez@company.com,(933) 974-7929,Active
EMP046644,Ashley,Martin,Ashley Martin,41,Operations,Specialist,Miami,46300.81,3973.62,2023-09-26,13,68.7,ashley.martin@company.com,(619) 761-9717,Active
EMP046645,Daniel,Thomas,Daniel Thomas,60,HR,Associate,Los Angeles,98403.95,10012.69,2023-07-09,34,74.5,daniel.thomas@company.com,(904) 721-5880,Active
EMP046646,James,Garcia,James Garcia,43,Legal,Analyst,Seattle,80129.06,10042.07,2023-12-03,17,69.6,james.garcia@company.com,(344) 202-2978,Active
EMP046647,Matthew,Thomas,Matthew Thomas,51,Marketing,Lead,Chicago,74900.17,11555.03,2021-09-16,23,83.3,matthew.thomas@company.com,(750) 655-8650,Active
EMP046648,James,Miller,James Miller,50,Marketing,Lead,Austin,79080.78,7897.39,2023-06-28,23,51.3,james.miller@company.com,(802) 619-9294,Active
EMP046649,Matthew,Anderson,Matthew Anderson,26,Engineering,Specialist,Miami,75792.37,2607.66,2022-06-05,4,71.5,matthew.anderson@company.com,(928) 254-5763,Active
EMP046650,Matthew,Jackson,Matthew Jackson,39,IT,Manager,Seattle,80189.42,14300.01,2022-03-11,10,65.6,matthew.jackson@company.com,(402) 988-2162,Active
EMP046651,Robert,Anderson,Robert Anderson,30,Sales,Associate,Miami,83303.63,15447.96,2020-04-30,8,71.0,robert.anderson@company.com,(387) 822-3102,Active
EMP046652,Jane,Wilson,Jane Wilson,56,Finance,Coordinator,Austin,80502.49,11515.89,2023-05-17,28,77.5,jane.wilson@company.com,(631) 691-4344,Active
EMP046653,Matthew,Davis,Matthew Davis,65,Legal,Manager,Los Angeles,115963.3,2745.43,2022-08-07,41,70.5,matthew.davis@company.com,(241) 913-1125,Active
EMP046654,Matthew,Brown,Matthew Brown,28,IT,Manager,Boston,67262.58,5975.37,2021-06-21,0,74.7,matthew.brown@company.com,(405) 586-5760,Active
EMP046655,Lisa,Wilson,Lisa Wilson,58,Finance,Analyst,Miami,78883.73,2155.9,2020-08-25,29,35.9,lisa.wilson@company.com,(212) 737-1067,Inactive
EMP046656,Stephanie,Williams,Stephanie Williams,64,Sales,Lead,Austin,88455.96,9195.0,2023-07-23,38,100.0,stephanie.williams@company.com,(421) 892-1021,Active
EMP046657,Stephanie,Miller,Stephanie Miller,41,Finance,Analyst,New York,96478.43,4223.27,2023-04-14,15,92.8,stephanie.miller@company.com,(277) 560-1507,Active
EMP046658,Anthony,Lopez,Anthony Lopez,22,Engineering,Specialist,Austin,61891.76,7113.61,2023-04-20,0,92.0,anthony.lopez@company.com,(786) 205-6714,Active
EMP046659,Stephanie,Garcia,Stephanie Garcia,44,Operations,Coordinator,Chicago,82587.22,220.93,2020-08-21,15,62.9,stephanie.garcia@company.com,(556) 400-8509,Active
EMP046660,David,Taylor,David Taylor,60,Legal,Manager,Miami,127257.54,7384.18,2022-09-09,38,69.8,david.taylor@company.com,(570) 490-6395,Active
EMP046661,Emily,Anderson,Emily Anderson,52,Finance,Analyst,Miami,113916.58,4723.57,2023-04-08,27,75.3,emily.anderson@company.com,(993) 729-5409,Active
EMP046662,Daniel,Gonzalez,Daniel Gonzalez,52,Marketing,Analyst,Austin,69287.77,4674.53,2020-09-02,29,81.0,daniel.gonzalez@company.com,(692) 246-8100,Active
EMP046663,Anthony,Martin,Anthony Martin,56,HR,Coordinator,Chicago,79465.24,2495.99,2022-04-02,28,73.5,anthony.martin@company.com,(805) 247-6661,Inactive
EMP046664,Daniel,Jones,Daniel Jones,59,HR,Coordinator,New York,86154.5,10167.99,2021-12-26,36,81.6,daniel.jones@company.com,(507) 712-8639,Inactive
EMP046665,Robert,Martin,Robert Martin,52,Legal,Lead,Chicago,123710.45,10390.94,2023-06-22,30,79.3,robert.martin@company.com,(835) 331-2759,Inactive
EMP046666,Melissa,Davis,Melissa Davis,30,Sales,Coordinator,Miami,83475.84,9774.08,2022-05-01,5,73.6,melissa.davis@company.com,(515) 786-2564,Active
EMP046667,Amanda,Gonzalez,Amanda Gonzalez,32,Legal,Analyst,Boston,68631.07,1885.66,2022-11-06,10,95.1,amanda.gonzalez@company.com,(206) 656-6732,Active
EMP046668,John,Miller,John Miller,49,Legal,Specialist,Seattle,86087.59,12280.82,2020-09-07,25,77.4,john.miller@company.com,(591) 891-5958,Active
EMP046669,James,Martinez,James Martinez,23,Finance,Manager,Los Angeles,57114.38,6070.03,2022-12-18,0,80.9,james.martinez@company.com,(219) 763-1986,Inactive
EMP046670,Ashley,Moore,Ashley Moore,48,Legal,Coordinator,Boston,87347.69,12723.82,2020-05-22,24,71.3,ashley.moore@company.com,(600) 357-1057,Active
EMP046671,Daniel,Brown,Daniel Brown,62,Legal,Senior Developer,Chicago,148568.94,16216.09,2024-07-24,39,62.6,daniel.brown@company.com,(286) 555-3792,Active
EMP046672,James,Miller,James Miller,30,Legal,Lead,Los Angeles,73856.58,9874.93,2024-05-22,5,72.8,james.miller@company.com,(227) 337-3096,Active
EMP046673,David,Taylor,David Taylor,44,Marketing,Director,Boston,95509.09,6380.8,2022-06-21,15,66.6,david.taylor@company.com,(432) 534-5339,On Leave
EMP046674,Matthew,Thomas,Matthew Thomas,36,Sales,Associate,Los Angeles,64880.16,8091.91,2021-07-26,8,74.7,matthew.thomas@company.com,(937) 838-2649,Active
EMP046675,Matthew,Jones,Matthew Jones,41,Marketing,Associate,Chicago,51787.4,6592.26,2022-08-18,15,76.5,matthew.jones@company.com,(600) 373-2069,Inactive
EMP046676,Christopher,Martin,Christopher Martin,48,IT,Senior Developer,Seattle,71812.22,3719.26,2020-07-28,25,69.5,christopher.martin@company.com,(278) 779-5507,On Leave
EMP046677,Nicole,Brown,Nicole Brown,44,IT,Specialist,Chicago,98806.6,0.0,2022-03-09,18,76.7,nicole.brown@company.com,(207) 885-9303,Active
EMP046678,Nicole,Wilson,Nicole Wilson,41,Finance,Manager,San Francisco,44823.38,2571.78,2022-01-08,13,62.4,nicole.wilson@company.com,(243) 770-7894,Active
EMP046679,Lisa,Jackson,Lisa Jackson,53,Marketing,Specialist,Chicago,57860.36,5880.55,2020-10-21,27,67.5,lisa.jackson@company.com,(993) 843-7833,Active
EMP046680,Stephanie,Rodriguez,Stephanie Rodriguez,64,Sales,Senior Developer,Miami,93200.55,7007.47,2022-09-20,38,61.1,stephanie.rodriguez@company.com,(923) 584-3364,Active
EMP046681,Anthony,Johnson,Anthony Johnson,47,Sales,Specialist,New York,53330.93,6341.36,2024-11-06,21,71.6,anthony.johnson@company.com,(235) 364-3105,Active
EMP046682,Ashley,Taylor,Ashley Taylor,61,IT,Analyst,Los Angeles,134697.34,23008.41,2023-12-12,36,69.0,ashley.taylor@company.com,(773) 922-9921,Active
EMP046683,Sarah,Hernandez,Sarah Hernandez,63,Finance,Director,Chicago,82499.22,9783.16,2022-06-27,38,100.0,sarah.hernandez@company.com,(550) 893-7473,Active
EMP046684,James,Lopez,James Lopez,61,IT,Coordinator,Los Angeles,92257.91,15067.88,2024-10-09,39,94.9,james.lopez@company.com,(596) 655-8467,Active
EMP046685,Michael,Rodriguez,Michael Rodriguez,38,Legal,Specialist,San Francisco,46106.25,3714.56,2024-10-15,15,73.5,michael.rodriguez@company.com,(797) 902-8904,Active
EMP046686,Matthew,Jones,Matthew Jones,45,HR,Manager,Austin,77165.2,9620.15,2024-05-23,20,53.7,matthew.jones@company.com,(737) 548-7402,Inactive
EMP046687,Amanda,Miller,Amanda Miller,48,Legal,Specialist,Los Angeles,126673.55,3456.84,2022-07-07,19,52.6,amanda.miller@company.com,(736) 833-6979,Active
EMP046688,Nicole,Miller,Nicole Miller,38,Sales,Specialist,Boston,77600.7,10558.64,2020-10-31,14,93.0,nicole.miller@company.com,(203) 876-3581,Active
EMP046689,Emily,Lopez,Emily Lopez,48,Operations,Senior Developer,Seattle,74147.69,5346.2,2020-06-12,23,67.1,emily.lopez@company.com,(540) 951-4704,Active
EMP046690,Sarah,Garcia,Sarah Garcia,26,HR,Specialist,New York,72959.13,8136.91,2021-02-18,2,82.6,sarah.garcia@company.com,(866) 844-2455,Active
EMP046691,Anthony,Moore,Anthony Moore,33,Engineering,Manager,Miami,117511.41,13209.51,2020-02-01,6,79.0,anthony.moore@company.com,(212) 267-8463,Active
EMP046692,Lisa,Hernandez,Lisa Hernandez,62,Legal,Senior Developer,San Francisco,86906.23,10264.43,2020-07-18,37,94.1,lisa.hernandez@company.com,(783) 659-9011,Active
EMP046693,Nicole,Moore,Nicole Moore,49,Sales,Senior Developer,Boston,87729.81,17581.28,2022-10-12,26,67.1,nicole.moore@company.com,(416) 477-9106,Inactive
EMP046694,John,Moore,John Moore,33,Finance,Director,San Francisco,76005.51,4147.36,2022-03-13,6,76.2,john.moore@company.com,(635) 635-6073,Active
EMP046695,John,Taylor,John Taylor,62,Marketing,Coordinator,Austin,111412.52,16469.38,2024-05-28,37,69.2,john.taylor@company.com,(985) 311-5984,Active
EMP046696,William,Williams,William Williams,34,Finance,Specialist,Seattle,77222.38,13785.79,2022-08-21,6,87.7,william.williams@company.com,(592) 255-7553,Active
EMP046697,James,Martin,James Martin,62,Sales,Analyst,Los Angeles,60304.23,3545.44,2020-03-31,33,58.6,james.martin@company.com,(456) 205-9530,Active
EMP046698,Daniel,Gonzalez,Daniel Gonzalez,46,Sales,Manager,Austin,71085.57,11444.52,2021-06-25,23,69.5,daniel.gonzalez@company.com,(397) 330-4690,Active
EMP046699,Michael,Jones,Michael Jones,53,IT,Manager,Chicago,89307.19,17724.05,2020-11-05,24,76.7,michael.jones@company.com,(669) 544-2041,Active
EMP046700,Stephanie,Rodriguez,Stephanie Rodriguez,39,Operations,Senior Developer,New York,72514.07,10294.12,2020-10-29,16,94.4,stephanie.rodriguez@company.com,(936) 359-9339,Active
EMP046701,David,Thomas,David Thomas,24,Finance,Lead,Chicago,66971.83,7195.03,2024-03-04,2,61.9,david.thomas@company.com,(967) 628-8085,Active
EMP046702,Ashley,Gonzalez,Ashley Gonzalez,27,Finance,Senior Developer,Chicago,77763.61,15163.3,2023-07-12,3,64.5,ashley.gonzalez@company.com,(913) 935-8730,Active
EMP046703,Stephanie,Wilson,Stephanie Wilson,63,HR,Associate,Los Angeles,86245.93,1888.76,2024-07-25,37,44.1,stephanie.wilson@company.com,(681) 892-9232,Active
EMP046704,Jane,Miller,Jane Miller,47,Operations,Manager,Boston,73733.15,15344.17,2023-11-19,18,80.1,jane.miller@company.com,(817) 533-7339,Active
EMP046705,Stephanie,Wilson,Stephanie Wilson,54,HR,Senior Developer,New York,86748.89,6466.3,2023-12-26,30,63.5,stephanie.wilson@company.com,(389) 808-2920,Active
EMP046706,William,Davis,William Davis,52,Sales,Associate,Austin,84622.68,9154.75,2024-08-11,29,68.0,william.davis@company.com,(386) 562-5501,Active
EMP046707,Ashley,Moore,Ashley Moore,34,HR,Lead,New York,51095.07,1410.43,2024-01-29,5,86.1,ashley.moore@company.com,(200) 688-7930,Active
EMP046708,David,Moore,David Moore,37,Legal,Analyst,Los Angeles,68881.02,7481.43,2022-01-11,13,84.3,david.moore@company.com,(624) 756-4961,Active
EMP046709,James,Martin,James Martin,58,IT,Senior Developer,New York,120835.37,16773.91,2023-08-28,36,100.0,james.martin@company.com,(562) 761-5763,On Leave
EMP046710,Nicole,Smith,Nicole Smith,40,Finance,Senior Developer,Boston,72207.11,2319.34,2022-05-22,16,79.7,nicole.smith@company.com,(219) 558-8826,Active
EMP046711,Emily,Miller,Emily Miller,61,Finance,Coordinator,Chicago,80278.4,6645.89,2023-01-23,37,66.9,emily.miller@company.com,(832) 869-3414,Active
EMP046712,Nicole,Jones,Nicole Jones,57,Sales,Director,Chicago,102485.48,14215.85,2023-08-16,32,66.7,nicole.jones@company.com,(813) 526-2674,Active
EMP046713,Nicole,Gonzalez,Nicole Gonzalez,29,Sales,Senior Developer,Seattle,58290.14,6232.8,2020-03-31,4,59.5,nicole.gonzalez@company.com,(379) 889-1919,Active
EMP046714,Daniel,Taylor,Daniel Taylor,31,Legal,Lead,Miami,65828.95,8598.19,2021-05-31,5,84.2,daniel.taylor@company.com,(674) 206-7678,Active
EMP046715,John,Lopez,John Lopez,32,Legal,Manager,Chicago,71776.37,1548.13,2023-03-19,3,65.3,john.lopez@company.com,(642) 517-2988,Inactive
EMP046716,Jane,Taylor,Jane Taylor,45,Legal,Coordinator,Los Angeles,85424.13,5808.42,2023-01-22,16,69.8,jane.taylor@company.com,(749) 448-1432,Inactive
EMP046717,Christopher,Johnson,Christopher Johnson,30,IT,Senior Developer,Seattle,81166.98,5824.64,2020-03-24,6,78.8,christopher.johnson@company.com,(987) 570-2738,Active
EMP046718,Stephanie,Smith,Stephanie Smith,51,Engineering,Senior Developer,Seattle,91308.65,7639.64,2024-06-23,28,81.5,stephanie.smith@company.com,(535) 559-8120,Active
EMP046719,Sarah,Anderson,Sarah Anderson,41,Operations,Analyst,San Francisco,68219.98,6298.56,2024-03-12,18,48.5,sarah.anderson@company.com,(658) 889-5213,Inactive
EMP046720,Jane,Martin,Jane Martin,45,Operations,Associate,Austin,54473.15,4475.48,2021-02-06,20,65.1,jane.martin@company.com,(513) 459-1910,Active
EMP046721,Ashley,Garcia,Ashley Garcia,35,Legal,Analyst,Boston,91780.58,2730.89,2023-08-23,7,58.5,ashley.garcia@company.com,(969) 903-6262,Active
EMP046722,Ashley,Martinez,Ashley Martinez,43,Finance,Lead,Los Angeles,91790.5,7244.5,2022-05-20,17,92.0,ashley.martinez@company.com,(465) 277-2430,Inactive
EMP046723,Jessica,Hernandez,Jessica Hernandez,51,Operations,Associate,Boston,72639.37,9488.7,2024-08-10,27,61.8,jessica.hernandez@company.com,(966) 350-4963,Active
EMP046724,Emily,Wilson,Emily Wilson,38,Finance,Analyst,Seattle,61405.95,5033.73,2022-07-15,16,53.0,emily.wilson@company.com,(860) 208-6437,Inactive
EMP046725,Daniel,Jones,Daniel Jones,26,Sales,Manager,San Francisco,83696.94,5149.87,2020-12-30,3,62.9,daniel.jones@company.com,(652) 498-9715,Active
EMP046726,Amanda,Williams,Amanda Williams,22,HR,Associate,Austin,27000.0,1923.63,2023-09-02,0,70.8,amanda.williams@company.com,(841) 960-6502,Active
EMP046727,James,Miller,James Miller,26,IT,Associate,Boston,96910.86,9708.33,2021-07-24,4,72.0,james.miller@company.com,(924) 622-5339,Active
EMP046728,Jessica,Jackson,Jessica Jackson,39,HR,Associate,San Francisco,74334.81,9869.09,2020-02-19,14,85.9,jessica.jackson@company.com,(480) 646-6463,Active
EMP046729,Ashley,Jones,Ashley Jones,42,Operations,Coordinator,New York,53570.6,7260.31,2022-02-13,17,89.0,ashley.jones@company.com,(597) 223-3912,Active
EMP046730,Matthew,Williams,Matthew Williams,26,Legal,Senior Developer,Chicago,58198.09,6521.57,2023-10-22,0,57.9,matthew.williams@company.com,(249) 632-6420,Active
EMP046731,Matthew,Gonzalez,Matthew Gonzalez,43,Finance,Manager,San Francisco,56691.61,10907.11,2021-06-16,20,76.5,matthew.gonzalez@company.com,(223) 619-3395,Active
EMP046732,Matthew,Martinez,Matthew Martinez,43,Operations,Senior Developer,Austin,49907.89,5250.74,2021-03-28,20,89.0,matthew.martinez@company.com,(352) 560-4960,Active
EMP046733,Emily,Taylor,Emily Taylor,26,IT,Specialist,New York,62755.19,7015.16,2024-12-12,3,45.3,emily.taylor@company.com,(692) 517-4236,Active
EMP046734,Michael,Anderson,Michael Anderson,45,Marketing,Director,Chicago,72945.37,11684.86,2020-02-20,20,91.3,michael.anderson@company.com,(765) 336-9158,Active
EMP046735,Jessica,Garcia,Jessica Garcia,36,Finance,Associate,Los Angeles,93947.72,3345.52,2024-09-05,10,90.3,jessica.garcia@company.com,(394) 871-1178,Active
EMP046736,Ashley,Lopez,Ashley Lopez,64,Engineering,Analyst,Boston,133118.54,15112.59,2024-05-19,42,54.6,ashley.lopez@company.com,(401) 967-2800,Active
EMP046737,Christopher,Anderson,Christopher Anderson,46,Legal,Lead,Chicago,93052.04,11717.27,2021-10-03,21,69.2,christopher.anderson@company.com,(270) 354-6482,Active
EMP046738,Stephanie,Martinez,Stephanie Martinez,63,IT,Coordinator,Seattle,103894.76,11761.1,2023-02-06,35,75.9,stephanie.martinez@company.com,(764) 726-2715,Active
EMP046739,Emily,Williams,Emily Williams,41,Engineering,Specialist,Boston,86742.21,7300.58,2020-09-03,17,60.1,emily.williams@company.com,(365) 609-5988,Active
EMP046740,Daniel,Garcia,Daniel Garcia,51,Sales,Manager,Los Angeles,78141.88,18209.87,2021-06-25,29,81.6,daniel.garcia@company.com,(928) 269-3005,Active
EMP046741,Nicole,Martin,Nicole Martin,36,Engineering,Associate,San Francisco,91634.1,10043.55,2022-05-06,9,65.1,nicole.martin@company.com,(742) 559-2736,Active
EMP046742,Ashley,Wilson,Ashley Wilson,59,Marketing,Manager,Boston,93368.2,5763.16,2020-11-28,37,95.2,ashley.wilson@company.com,(852) 607-9290,Active
EMP046743,Nicole,Moore,Nicole Moore,35,HR,Coordinator,Boston,44664.16,6507.9,2023-10-29,12,64.8,nicole.moore@company.com,(711) 941-5683,Active
EMP046744,Sarah,Hernandez,Sarah Hernandez,57,Sales,Associate,Los Angeles,96119.71,18284.27,2024-09-29,29,49.5,sarah.hernandez@company.com,(325) 850-7432,Inactive
EMP046745,Emily,Gonzalez,Emily Gonzalez,58,Marketing,Senior Developer,Boston,97340.15,16798.73,2020-02-20,36,68.0,emily.gonzalez@company.com,(707) 419-5485,Active
EMP046746,Nicole,Brown,Nicole Brown,26,Marketing,Associate,Miami,62001.61,11211.9,2024-04-26,2,42.2,nicole.brown@company.com,(762) 819-8832,Active
EMP046747,Amanda,Miller,Amanda Miller,26,HR,Specialist,Chicago,76824.9,12485.33,2020-12-24,0,62.0,amanda.miller@company.com,(849) 801-1789,Active
EMP046748,Jane,Martin,Jane Martin,61,Finance,Director,Boston,104617.56,9382.84,2023-01-19,35,67.4,jane.martin@company.com,(791) 871-8053,Active
EMP046749,John,Martin,John Martin,62,Sales,Specialist,Austin,79379.97,8775.9,2021-04-16,36,82.2,john.martin@company.com,(608) 262-6237,Active
EMP046750,Jane,Rodriguez,Jane Rodriguez,39,Engineering,Senior Developer,Seattle,141596.85,28039.19,2023-09-02,11,80.0,jane.rodriguez@company.com,(642) 788-1708,Active
EMP046751,Nicole,Thomas,Nicole Thomas,54,Engineering,Manager,New York,109558.79,8797.92,2022-12-07,30,68.3,nicole.thomas@company.com,(710) 259-2595,Active
EMP046752,Michael,Brown,Michael Brown,62,Sales,Manager,Seattle,69159.4,3371.16,2024-03-07,39,97.4,michael.brown@company.com,(897) 789-3468,Active
EMP046753,Anthony,Martin,Anthony Martin,52,IT,Director,Boston,94687.82,9168.15,2024-06-28,29,100.0,anthony.martin@company.com,(703) 583-8476,Active
EMP046754,James,Miller,James Miller,29,IT,Analyst,Boston,84105.61,7274.38,2020-07-27,1,85.2,james.miller@company.com,(429) 287-8804,Active
EMP046755,Anthony,Hernandez,Anthony Hernandez,34,IT,Director,San Francisco,80383.38,9307.25,2022-11-08,9,89.3,anthony.hernandez@company.com,(412) 752-1364,Active
EMP046756,James,Davis,James Davis,59,HR,Analyst,San Francisco,61421.3,5573.25,2024-05-20,35,64.6,james.davis@company.com,(724) 428-1685,Active
EMP046757,William,Lopez,William Lopez,47,IT,Director,San Francisco,119113.28,0.0,2021-07-01,20,60.0,william.lopez@company.com,(479) 623-4923,On Leave
EMP046758,Melissa,Moore,Melissa Moore,44,IT,Associate,Seattle,100374.02,15134.63,2024-06-13,18,54.6,melissa.moore@company.com,(875) 879-2631,Active
EMP046759,Sarah,Martin,Sarah Martin,47,Sales,Associate,San Francisco,96958.78,16158.14,2020-03-30,18,65.6,sarah.martin@company.com,(336) 557-7522,Active
EMP046760,Michael,Gonzalez,Michael Gonzalez,32,Finance,Associate,Seattle,69359.5,2049.08,2021-09-21,3,35.7,michael.gonzalez@company.com,(303) 828-9272,Active
EMP046761,Matthew,Jackson,Matthew Jackson,64,Operations,Senior Developer,Miami,71731.13,3955.08,2022-06-27,36,37.9,matthew.jackson@company.com,(616) 916-5828,Active
EMP046762,Jessica,Hernandez,Jessica Hernandez,45,Operations,Lead,Miami,62174.84,8312.23,2023-10-24,20,60.8,jessica.hernandez@company.com,(443) 989-4445,Active
EMP046763,David,Lopez,David Lopez,41,Operations,Senior Developer,Austin,50744.26,6559.84,2022-11-30,15,74.3,david.lopez@company.com,(602) 586-5680,Active
EMP046764,Matthew,Johnson,Matthew Johnson,26,Engineering,Specialist,Boston,60694.17,8676.36,2023-04-12,1,76.4,matthew.johnson@company.com,(596) 686-6953,Active
EMP046765,Michael,Johnson,Michael Johnson,35,Sales,Senior Developer,Boston,71955.93,7655.06,2020-12-11,9,100.0,michael.johnson@company.com,(752) 720-5710,Active
EMP046766,Jessica,Jones,Jessica Jones,57,Engineering,Manager,Miami,88612.33,1713.55,2024-05-11,29,84.4,jessica.jones@company.com,(509) 609-8143,Active
EMP046767,John,Jones,John Jones,39,Engineering,Lead,New York,97758.57,16207.62,2020-06-15,16,58.8,john.jones@company.com,(613) 497-2816,Active
EMP046768,Robert,Martin,Robert Martin,52,Operations,Analyst,Miami,45953.66,7145.18,2021-05-22,23,79.1,robert.martin@company.com,(421) 966-6887,Active
EMP046769,Christopher,Miller,Christopher Miller,35,Operations,Senior Developer,Boston,44283.07,3806.7,2021-09-09,7,97.0,christopher.miller@company.com,(815) 296-2468,Active
EMP046770,Amanda,Jones,Amanda Jones,38,Marketing,Manager,Seattle,68415.21,18055.75,2024-05-27,10,89.6,amanda.jones@company.com,(911) 550-6964,Active
EMP046771,Lisa,Brown,Lisa Brown,26,Sales,Lead,Boston,64744.99,12284.67,2020-06-03,2,87.0,lisa.brown@company.com,(508) 695-6828,Active
EMP046772,Jane,Taylor,Jane Taylor,64,Sales,Director,New York,97781.31,12906.02,2022-01-14,40,100.0,jane.taylor@company.com,(393) 501-3329,Active
EMP046773,John,Moore,John Moore,44,Legal,Manager,Los Angeles,92654.36,12286.35,2020-10-20,20,68.6,john.moore@company.com,(411) 437-5944,On Leave
EMP046774,Amanda,Garcia,Amanda Garcia,53,Engineering,Lead,Austin,124663.43,9421.27,2024-04-21,24,81.3,amanda.garcia@company.com,(353) 454-7991,Active
EMP046775,Emily,Martinez,Emily Martinez,49,Sales,Coordinator,Boston,61740.09,4512.58,2020-05-07,24,93.1,emily.martinez@company.com,(344) 898-5740,Active
EMP046776,Christopher,Thomas,Christopher Thomas,45,IT,Specialist,Austin,84882.91,4480.41,2021-08-17,21,59.2,christopher.thomas@company.com,(619) 451-8951,Active
EMP046777,Daniel,Miller,Daniel Miller,29,Sales,Specialist,New York,35001.44,3523.13,2022-09-18,1,91.3,daniel.miller@company.com,(276) 711-2897,Active
EMP046778,Amanda,Jones,Amanda Jones,48,HR,Manager,Chicago,55735.85,4410.13,2020-08-08,24,60.8,amanda.jones@company.com,(327) 352-4579,On Leave
EMP046779,Nicole,Gonzalez,Nicole Gonzalez,45,IT,Coordinator,San Francisco,71312.4,5881.44,2020-10-23,17,94.9,nicole.gonzalez@company.com,(634) 221-6332,Active
EMP046780,William,Gonzalez,William Gonzalez,36,IT,Associate,Chicago,70812.16,11912.18,2023-07-06,12,90.7,william.gonzalez@company.com,(627) 855-3776,Active
EMP046781,Daniel,Martinez,Daniel Martinez,49,Finance,Specialist,New York,79496.27,3774.62,2023-06-24,26,99.9,daniel.martinez@company.com,(298) 999-4260,Active
EMP046782,Anthony,Miller,Anthony Miller,43,Sales,Associate,San Francisco,81727.84,8804.38,2022-07-12,18,54.3,anthony.miller@company.com,(887) 441-4768,Active
EMP046783,Robert,Wilson,Robert Wilson,46,Sales,Specialist,Los Angeles,71945.97,4162.45,2023-12-25,20,83.9,robert.wilson@company.com,(650) 224-2225,Active
EMP046784,Sarah,Brown,Sarah Brown,47,Marketing,Specialist,Miami,70122.29,8686.32,2024-12-13,18,87.2,sarah.brown@company.com,(454) 968-1673,Inactive
EMP046785,Anthony,Miller,Anthony Miller,47,Finance,Specialist,San Francisco,78721.38,10880.44,2022-01-16,18,70.4,anthony.miller@company.com,(662) 826-6769,Active
EMP046786,Nicole,Anderson,Nicole Anderson,41,Operations,Specialist,San Francisco,44258.94,209.97,2024-12-01,18,67.2,nicole.anderson@company.com,(377) 450-9129,Active
EMP046787,Melissa,Hernandez,Melissa Hernandez,38,Sales,Senior Developer,Seattle,78435.38,9785.43,2023-12-14,14,65.5,melissa.hernandez@company.com,(866) 816-3220,Active
EMP046788,Jane,Brown,Jane Brown,32,Engineering,Manager,San Francisco,61817.82,4225.31,2020-05-03,8,56.8,jane.brown@company.com,(358) 621-3682,Active
EMP046789,Sarah,Moore,Sarah Moore,42,IT,Lead,Los Angeles,83452.89,7036.77,2024-08-02,19,67.5,sarah.moore@company.com,(786) 655-6145,Active
EMP046790,Christopher,Moore,Christopher Moore,23,Finance,Specialist,Los Angeles,60264.25,4623.25,2020-05-15,1,93.7,christopher.moore@company.com,(966) 518-1130,Active
EMP046791,John,Anderson,John Anderson,50,Marketing,Specialist,San Francisco,91192.2,6247.59,2023-06-22,24,53.7,john.anderson@company.com,(402) 291-6468,Inactive
EMP046792,James,Moore,James Moore,47,Operations,Coordinator,Boston,68338.69,4202.9,2020-06-26,21,87.6,james.moore@company.com,(292) 566-5329,Active
EMP046793,Stephanie,Taylor,Stephanie Taylor,65,Operations,Specialist,Chicago,67485.94,4797.65,2020-05-20,37,79.7,stephanie.taylor@company.com,(714) 215-2308,Active
EMP046794,James,Hernandez,James Hernandez,22,Legal,Specialist,New York,41200.4,743.69,2022-05-30,0,60.4,james.hernandez@company.com,(876) 744-6258,Inactive
EMP046795,John,Anderson,John Anderson,58,IT,Director,Austin,141897.62,9344.97,2020-10-29,32,58.4,john.anderson@company.com,(408) 619-5000,Active
EMP046796,John,Thomas,John Thomas,60,Legal,Lead,New York,106055.1,15269.67,2021-03-12,35,62.8,john.thomas@company.com,(991) 367-5993,Active
EMP046797,Jane,Moore,Jane Moore,57,Marketing,Director,Boston,86444.55,12361.73,2023-01-25,28,87.6,jane.moore@company.com,(651) 336-1869,Active
EMP046798,Michael,Rodriguez,Michael Rodriguez,27,Legal,Coordinator,Seattle,112868.87,5460.83,2022-07-30,2,93.5,michael.rodriguez@company.com,(411) 478-1747,Active
EMP046799,William,Anderson,William Anderson,30,Engineering,Manager,New York,58732.04,4103.82,2022-01-28,6,93.8,william.anderson@company.com,(599) 533-8479,Active
EMP046800,Michael,Thomas,Michael Thomas,46,Marketing,Senior Developer,New York,58048.7,9873.67,2022-06-20,22,87.1,michael.thomas@company.com,(322) 262-4257,Active
EMP046801,Amanda,Brown,Amanda Brown,44,Marketing,Lead,Miami,71025.8,10165.48,2020-02-06,19,52.2,amanda.brown@company.com,(373) 824-3758,On Leave
EMP046802,James,Garcia,James Garcia,57,Marketing,Analyst,Miami,113685.0,12628.48,2022-02-13,34,55.5,james.garcia@company.com,(472) 984-1638,Inactive
EMP046803,Sarah,Johnson,Sarah Johnson,39,Finance,Senior Developer,Chicago,87741.31,7075.17,2024-08-09,17,71.9,sarah.johnson@company.com,(871) 828-4817,Active
EMP046804,Christopher,Rodriguez,Christopher Rodriguez,35,Marketing,Coordinator,Chicago,70920.54,2410.1,2020-06-18,10,81.6,christopher.rodriguez@company.com,(658) 955-1000,Active
EMP046805,Christopher,Williams,Christopher Williams,28,IT,Manager,New York,83329.64,12424.79,2020-11-29,5,52.5,christopher.williams@company.com,(277) 631-3112,Active
EMP046806,Nicole,Smith,Nicole Smith,36,HR,Specialist,Boston,64266.94,6130.33,2022-01-06,8,60.0,nicole.smith@company.com,(696) 481-5895,On Leave
EMP046807,Ashley,Brown,Ashley Brown,25,Legal,Associate,Boston,100635.57,15110.16,2023-03-24,3,68.5,ashley.brown@company.com,(384) 896-5885,Active
EMP046808,Robert,Taylor,Robert Taylor,27,Sales,Associate,Los Angeles,83454.12,10323.15,2022-10-24,0,98.2,robert.taylor@company.com,(609) 544-1443,Active
EMP046809,Daniel,Wilson,Daniel Wilson,35,Engineering,Specialist,San Francisco,104177.37,5439.24,2023-11-08,8,74.7,daniel.wilson@company.com,(384) 459-9185,Active
EMP046810,Sarah,Hernandez,Sarah Hernandez,34,Marketing,Specialist,New York,38201.21,3715.96,2020-05-09,10,66.3,sarah.hernandez@company.com,(471) 648-2027,Active
EMP046811,Amanda,Garcia,Amanda Garcia,22,Sales,Lead,Austin,35405.16,3035.68,2020-03-22,0,74.5,amanda.garcia@company.com,(665) 211-8025,Active
EMP046812,Daniel,Jones,Daniel Jones,54,Operations,Analyst,Los Angeles,50878.18,6654.9,2020-11-09,26,82.8,daniel.jones@company.com,(855) 487-2867,Active
EMP046813,Jane,Lopez,Jane Lopez,32,Legal,Lead,Los Angeles,100227.75,10812.06,2020-02-09,5,77.8,jane.lopez@company.com,(799) 857-3098,Inactive
EMP046814,Daniel,Martin,Daniel Martin,35,IT,Lead,Chicago,79776.76,12452.96,2022-02-01,8,69.6,daniel.martin@company.com,(902) 206-8045,Active
EMP046815,Melissa,Martinez,Melissa Martinez,25,Finance,Analyst,New York,76663.04,8027.04,2024-12-23,2,59.6,melissa.martinez@company.com,(977) 608-4372,Active
EMP046816,Lisa,Lopez,Lisa Lopez,54,Finance,Specialist,Austin,90643.48,6853.74,2022-07-27,28,79.1,lisa.lopez@company.com,(444) 928-1559,Active
EMP046817,Ashley,Taylor,Ashley Taylor,24,Marketing,Senior Developer,Seattle,79929.47,4480.77,2022-04-19,0,76.3,ashley.taylor@company.com,(909) 896-9764,Active
EMP046818,Daniel,Thomas,Daniel Thomas,33,Marketing,Manager,Chicago,72612.74,0.0,2020-04-27,5,100.0,daniel.thomas@company.com,(909) 377-5407,Active
EMP046819,Emily,Gonzalez,Emily Gonzalez,43,IT,Analyst,Boston,102968.59,14717.42,2022-09-09,17,79.9,emily.gonzalez@company.com,(729) 408-3793,Active
EMP046820,David,Thomas,David Thomas,30,Sales,Specialist,Austin,78914.75,4028.63,2022-11-13,7,61.9,david.thomas@company.com,(857) 419-2049,Active
EMP046821,Melissa,Thomas,Melissa Thomas,35,Marketing,Associate,Los Angeles,50237.66,8989.52,2022-06-20,9,61.5,melissa.thomas@company.com,(835) 867-7807,Active
EMP046822,Anthony,Thomas,Anthony Thomas,35,Legal,Manager,Chicago,76967.47,4496.6,2023-09-14,8,83.4,anthony.thomas@company.com,(337) 291-9745,Active
EMP046823,James,Lopez,James Lopez,50,HR,Lead,San Francisco,83212.46,11908.22,2024-11-19,24,70.0,james.lopez@company.com,(680) 865-5526,Active
EMP046824,James,Moore,James Moore,23,HR,Analyst,Chicago,47297.03,7483.32,2023-03-22,0,65.6,james.moore@company.com,(228) 665-8399,Active
EMP046825,Jane,Martinez,Jane Martinez,56,Sales,Analyst,Boston,96582.92,9068.85,2020-05-11,29,85.5,jane.martinez@company.com,(670) 766-9439,Active
EMP046826,William,Hernandez,William Hernandez,54,IT,Director,Los Angeles,108244.75,7978.48,2024-09-16,27,64.2,william.hernandez@company.com,(870) 507-8996,Active
EMP046827,Christopher,Moore,Christopher Moore,23,Operations,Specialist,Seattle,52235.2,8956.2,2022-09-19,0,87.9,christopher.moore@company.com,(283) 214-4139,Inactive
EMP046828,Emily,Rodriguez,Emily Rodriguez,56,Marketing,Specialist,Los Angeles,121592.78,5596.76,2020-11-02,32,70.7,emily.rodriguez@company.com,(356) 894-1894,Active
EMP046829,Michael,Moore,Michael Moore,59,Finance,Lead,San Francisco,115958.49,13067.54,2021-09-01,31,71.3,michael.moore@company.com,(417) 207-9957,Active
EMP046830,David,Williams,David Williams,60,Operations,Specialist,Austin,68575.73,7906.54,2021-12-03,37,65.4,david.williams@company.com,(631) 989-3583,Active
EMP046831,Daniel,Jones,Daniel Jones,37,Engineering,Director,Austin,70240.5,3340.91,2023-03-23,11,67.3,daniel.jones@company.com,(235) 738-3925,Active
EMP046832,Robert,Anderson,Robert Anderson,55,Sales,Director,Chicago,77951.1,8686.3,2022-03-17,26,72.8,robert.anderson@company.com,(463) 574-7593,Active
EMP046833,James,Miller,James Miller,40,Finance,Senior Developer,Austin,83094.12,7546.2,2022-12-03,17,58.0,james.miller@company.com,(957) 876-8158,Active
EMP046834,Daniel,Davis,Daniel Davis,38,Finance,Associate,Boston,84796.04,10845.35,2020-04-18,14,84.8,daniel.davis@company.com,(880) 713-7820,Active
EMP046835,Emily,Williams,Emily Williams,23,Operations,Director,Seattle,53534.65,2797.95,2024-03-04,0,75.5,emily.williams@company.com,(709) 564-3438,Active
EMP046836,William,Williams,William Williams,63,HR,Manager,Seattle,91713.68,8673.05,2021-08-25,35,76.1,william.williams@company.com,(784) 284-3514,Active
EMP046837,John,Martin,John Martin,27,HR,Senior Developer,Austin,88302.23,17411.5,2023-10-12,2,77.4,john.martin@company.com,(387) 681-4622,Active
EMP046838,Daniel,Smith,Daniel Smith,23,Operations,Associate,Austin,55403.71,3095.08,2022-01-21,0,66.2,daniel.smith@company.com,(307) 750-6955,Active
EMP046839,David,Garcia,David Garcia,60,Marketing,Lead,Chicago,86570.9,3874.2,2024-02-02,36,87.7,david.garcia@company.com,(543) 573-8852,Active
EMP046840,Sarah,Martinez,Sarah Martinez,57,Finance,Senior Developer,San Francisco,79945.96,3619.89,2022-04-27,32,93.6,sarah.martinez@company.com,(541) 382-2436,Active
EMP046841,Michael,Martin,Michael Martin,50,Sales,Specialist,Boston,83542.94,12112.1,2023-12-01,22,94.4,michael.martin@company.com,(926) 279-2572,Active
EMP046842,James,Garcia,James Garcia,54,Marketing,Associate,Boston,59475.43,5027.38,2021-12-02,26,72.5,james.garcia@company.com,(560) 724-8995,Active
EMP046843,Emily,Anderson,Emily Anderson,48,HR,Lead,Miami,56504.37,5173.6,2023-10-08,26,79.5,emily.anderson@company.com,(402) 603-7359,Active
EMP046844,Jane,Garcia,Jane Garcia,64,Legal,Lead,Los Angeles,96092.5,13889.75,2024-02-09,36,51.4,jane.garcia@company.com,(760) 778-6828,Active
EMP046845,Michael,Taylor,Michael Taylor,63,HR,Manager,Austin,74099.72,9596.88,2020-09-15,36,58.4,michael.taylor@company.com,(584) 813-7242,Active
EMP046846,Emily,Thomas,Emily Thomas,43,Engineering,Analyst,Miami,102903.99,8153.06,2020-02-06,19,88.1,emily.thomas@company.com,(275) 341-9154,Active
EMP046847,Emily,Lopez,Emily Lopez,27,HR,Associate,Austin,65129.34,5763.28,2024-08-04,0,48.3,emily.lopez@company.com,(506) 609-9334,Inactive
EMP046848,Daniel,Martinez,Daniel Martinez,65,Engineering,Director,New York,110256.91,12081.94,2023-03-24,39,71.4,daniel.martinez@company.com,(563) 915-5969,Inactive
EMP046849,Nicole,Martin,Nicole Martin,50,Operations,Manager,Boston,72738.73,10026.27,2023-01-16,27,73.7,nicole.martin@company.com,(903) 500-3989,Active
EMP046850,Christopher,Jones,Christopher Jones,45,Operations,Coordinator,Austin,55580.38,10600.14,2021-01-05,16,83.0,christopher.jones@company.com,(469) 368-6508,Active
EMP046851,Emily,Martinez,Emily Martinez,58,Sales,Specialist,New York,70945.4,6125.84,2023-06-15,34,35.4,emily.martinez@company.com,(591) 436-9863,Active
EMP046852,David,Gonzalez,David Gonzalez,52,Marketing,Specialist,Chicago,78299.73,9409.84,2023-02-28,26,49.3,david.gonzalez@company.com,(982) 862-1034,Active
EMP046853,Amanda,Martin,Amanda Martin,44,Operations,Manager,Chicago,63931.36,6628.09,2023-08-29,17,77.8,amanda.martin@company.com,(721) 349-5620,Active
EMP046854,Melissa,Anderson,Melissa Anderson,50,Finance,Associate,Chicago,62949.3,8189.0,2022-04-30,25,80.5,melissa.anderson@company.com,(273) 566-4054,Active
EMP046855,Stephanie,Moore,Stephanie Moore,55,Sales,Director,Miami,94171.49,6049.51,2022-02-22,31,89.0,stephanie.moore@company.com,(907) 877-1702,Active
EMP046856,Jessica,Wilson,Jessica Wilson,53,Engineering,Coordinator,San Francisco,165189.55,22305.49,2023-09-23,31,91.4,jessica.wilson@company.com,(880) 894-2817,Active
EMP046857,Anthony,Martin,Anthony Martin,40,Operations,Senior Developer,Miami,74419.46,12222.9,2023-02-20,18,86.1,anthony.martin@company.com,(631) 613-3501,Inactive
EMP046858,Matthew,Rodriguez,Matthew Rodriguez,25,IT,Manager,Austin,91534.53,11044.12,2023-07-03,0,94.9,matthew.rodriguez@company.com,(607) 482-4453,Active
EMP046859,Nicole,Brown,Nicole Brown,25,Sales,Manager,San Francisco,66181.52,4383.55,2024-08-07,0,63.2,nicole.brown@company.com,(840) 524-4905,Active
EMP046860,John,Jones,John Jones,50,Engineering,Lead,New York,112593.28,12560.74,2023-01-11,26,59.0,john.jones@company.com,(476) 441-1833,Active
EMP046861,Emily,Martin,Emily Martin,46,Legal,Director,Austin,104081.54,2967.43,2021-06-06,21,76.2,emily.martin@company.com,(786) 607-2848,Active
EMP046862,Sarah,Gonzalez,Sarah Gonzalez,33,Marketing,Coordinator,Miami,86012.4,12460.74,2020-01-03,10,100.0,sarah.gonzalez@company.com,(441) 375-3953,Active
EMP046863,Sarah,Jones,Sarah Jones,53,Sales,Lead,Boston,83698.58,12483.54,2020-04-19,27,55.9,sarah.jones@company.com,(530) 299-7484,Active
EMP046864,Daniel,Miller,Daniel Miller,24,Finance,Specialist,Miami,68085.54,15.12,2021-06-11,0,76.6,daniel.miller@company.com,(981) 912-2345,Active
EMP046865,Melissa,Garcia,Melissa Garcia,23,Legal,Manager,Miami,62515.84,6143.56,2020-01-24,0,72.5,melissa.garcia@company.com,(960) 966-7716,Active
EMP046866,Anthony,Thomas,Anthony Thomas,38,Sales,Director,Austin,78558.78,8752.73,2021-12-29,16,79.8,anthony.thomas@company.com,(813) 587-4565,Active
EMP046867,Sarah,Anderson,Sarah Anderson,51,Legal,Manager,Los Angeles,58501.65,6018.06,2020-11-13,28,77.9,sarah.anderson@company.com,(979) 361-1558,Active
EMP046868,Ashley,Taylor,Ashley Taylor,22,Finance,Director,Seattle,102819.5,13841.7,2023-06-29,0,81.2,ashley.taylor@company.com,(200) 786-3763,Active
EMP046869,Ashley,Williams,Ashley Williams,31,IT,Specialist,Chicago,107913.35,16165.32,2020-08-13,5,78.7,ashley.williams@company.com,(226) 699-4450,Active
EMP046870,Melissa,Moore,Melissa Moore,42,Legal,Analyst,New York,72153.16,6959.24,2021-07-29,19,93.7,melissa.moore@company.com,(741) 686-8228,Active
EMP046871,Amanda,Garcia,Amanda Garcia,36,Engineering,Lead,Austin,109695.06,12651.05,2020-12-10,9,94.0,amanda.garcia@company.com,(634) 905-8451,Active
EMP046872,Ashley,Rodriguez,Ashley Rodriguez,32,Finance,Coordinator,San Francisco,63576.7,6729.72,2021-02-27,3,70.1,ashley.rodriguez@company.com,(622) 405-2088,On Leave
EMP046873,Melissa,Garcia,Melissa Garcia,61,IT,Director,Los Angeles,114758.1,21526.37,2023-02-23,39,74.6,melissa.garcia@company.com,(783) 645-2875,Active
EMP046874,Michael,Garcia,Michael Garcia,65,Sales,Senior Developer,New York,76068.34,3683.91,2020-11-15,39,76.5,michael.garcia@company.com,(528) 645-5702,Active
EMP046875,Emily,Miller,Emily Miller,37,HR,Specialist,Miami,63321.57,8827.63,2022-05-05,12,86.4,emily.miller@company.com,(661) 508-2424,Active
EMP046876,Christopher,Williams,Christopher Williams,54,Engineering,Specialist,Los Angeles,112222.81,3855.21,2022-03-28,30,79.9,christopher.williams@company.com,(715) 512-1711,Active
EMP046877,Michael,Hernandez,Michael Hernandez,25,Marketing,Analyst,Seattle,59263.86,10960.89,2022-04-17,0,88.1,michael.hernandez@company.com,(704) 816-3430,Active
EMP046878,Jane,Martinez,Jane Martinez,24,Legal,Senior Developer,San Francisco,56416.06,3032.38,2023-02-18,0,78.6,jane.martinez@company.com,(929) 983-8862,Active
EMP046879,Amanda,Brown,Amanda Brown,40,Sales,Coordinator,Austin,97210.94,13485.04,2020-02-24,11,63.5,amanda.brown@company.com,(376) 850-6035,Inactive
EMP046880,Matthew,Martin,Matthew Martin,27,HR,Analyst,New York,51286.75,1815.49,2023-08-26,4,65.0,matthew.martin@company.com,(449) 273-7846,Active
EMP046881,Sarah,Smith,Sarah Smith,37,IT,Lead,Miami,96455.05,7476.19,2023-09-05,9,57.4,sarah.smith@company.com,(655) 862-7920,Active
EMP046882,Amanda,Brown,Amanda Brown,39,Finance,Specialist,Miami,87885.02,9359.85,2021-01-20,16,82.0,amanda.brown@company.com,(232) 749-5305,Active
EMP046883,Melissa,Davis,Melissa Davis,52,HR,Director,Seattle,70599.37,7467.71,2020-01-30,27,84.8,melissa.davis@company.com,(631) 859-2536,Active
EMP046884,Daniel,Wilson,Daniel Wilson,43,Engineering,Director,Seattle,82885.13,6988.48,2022-06-03,21,100.0,daniel.wilson@company.com,(934) 960-5644,Active
EMP046885,Anthony,Martinez,Anthony Martinez,49,Marketing,Senior Developer,San Francisco,55814.56,7422.98,2024-02-10,21,88.1,anthony.martinez@company.com,(748) 758-4911,Active
EMP046886,Anthony,Moore,Anthony Moore,40,IT,Analyst,Los Angeles,90203.94,6362.1,2022-01-22,18,76.7,anthony.moore@company.com,(904) 311-2781,Active
EMP046887,Michael,Jones,Michael Jones,49,Legal,Coordinator,Austin,114876.04,19164.29,2021-12-26,25,80.1,michael.jones@company.com,(279) 907-4399,Active
EMP046888,Daniel,Davis,Daniel Davis,34,Sales,Lead,New York,91293.15,15416.52,2020-02-09,7,100.0,daniel.davis@company.com,(879) 382-4275,Active
EMP046889,Anthony,Smith,Anthony Smith,39,HR,Manager,Boston,64518.15,4236.1,2021-01-05,17,76.8,anthony.smith@company.com,(588) 228-9566,Active
EMP046890,Stephanie,Jones,Stephanie Jones,45,Legal,Specialist,New York,98925.49,9134.47,2024-03-16,22,59.5,stephanie.jones@company.com,(283) 493-6449,Active
EMP046891,Jane,Hernandez,Jane Hernandez,28,Operations,Manager,New York,66878.02,3258.74,2024-02-27,1,87.3,jane.hernandez@company.com,(787) 307-5406,Inactive
EMP046892,Melissa,Hernandez,Melissa Hernandez,62,Engineering,Specialist,Boston,126359.24,21184.43,2024-11-05,40,83.1,melissa.hernandez@company.com,(281) 796-8693,Active
EMP046893,Robert,Davis,Robert Davis,27,Marketing,Associate,Miami,45214.49,5043.14,2022-11-25,3,86.6,robert.davis@company.com,(843) 859-2695,On Leave
EMP046894,Jessica,Gonzalez,Jessica Gonzalez,58,Marketing,Coordinator,Boston,87098.77,4577.9,2023-08-05,34,82.4,jessica.gonzalez@company.com,(900) 772-3604,Inactive
EMP046895,Christopher,Garcia,Christopher Garcia,30,Legal,Director,Seattle,82223.29,6612.89,2021-09-27,4,76.4,christopher.garcia@company.com,(500) 730-9086,Active
EMP046896,Amanda,Davis,Amanda Davis,62,HR,Associate,Boston,98442.48,10276.3,2021-06-01,38,39.7,amanda.davis@company.com,(209) 603-4806,Active
EMP046897,Emily,Rodriguez,Emily Rodriguez,53,Operations,Director,Austin,74564.4,8727.24,2022-05-11,24,89.3,emily.rodriguez@company.com,(651) 386-7692,Active
EMP046898,Nicole,Jackson,Nicole Jackson,42,Operations,Analyst,Los Angeles,55856.17,6863.25,2023-07-04,16,42.5,nicole.jackson@company.com,(256) 487-1818,Active
EMP046899,James,Williams,James Williams,30,Operations,Analyst,Seattle,47827.36,6311.12,2021-10-02,6,68.3,james.williams@company.com,(997) 853-3308,Active
EMP046900,Jessica,Moore,Jessica Moore,31,Operations,Analyst,Boston,64032.5,6753.1,2021-12-16,5,86.9,jessica.moore@company.com,(281) 508-4907,Active
EMP046901,Christopher,Jones,Christopher Jones,38,HR,Senior Developer,Seattle,61850.66,9159.03,2020-01-24,12,78.7,christopher.jones@company.com,(364) 223-4499,Active
EMP046902,Daniel,Smith,Daniel Smith,35,Legal,Manager,New York,80250.89,5413.88,2021-11-25,6,82.5,daniel.smith@company.com,(205) 745-5617,Active
EMP046903,John,Moore,John Moore,31,IT,Associate,Chicago,54181.43,943.19,2023-04-07,7,61.0,john.moore@company.com,(567) 502-2114,Active
EMP046904,John,Anderson,John Anderson,48,Legal,Director,Chicago,95951.1,14449.97,2023-06-30,25,78.5,john.anderson@company.com,(769) 261-9306,Active
EMP046905,Daniel,Jackson,Daniel Jackson,51,Finance,Lead,San Francisco,73372.79,12331.43,2021-02-28,24,81.6,daniel.jackson@company.com,(203) 951-1239,Active
EMP046906,Matthew,Davis,Matthew Davis,31,IT,Manager,Austin,68161.52,6654.12,2021-04-09,8,63.2,matthew.davis@company.com,(563) 871-8190,Active
EMP046907,John,Taylor,John Taylor,46,Finance,Lead,New York,82479.54,13758.32,2024-06-25,20,78.5,john.taylor@company.com,(955) 356-9292,Active
EMP046908,John,Jones,John Jones,24,Marketing,Manager,New York,52562.25,2093.56,2020-11-03,0,70.6,john.jones@company.com,(844) 221-9570,Inactive
EMP046909,Melissa,Garcia,Melissa Garcia,34,HR,Senior Developer,Seattle,73875.72,1284.64,2024-10-22,6,78.8,melissa.garcia@company.com,(829) 290-6027,Active
EMP046910,Daniel,Smith,Daniel Smith,64,Sales,Specialist,Seattle,71606.41,0.0,2022-12-13,37,66.1,daniel.smith@company.com,(287) 234-4576,Inactive
EMP046911,Amanda,Garcia,Amanda Garcia,62,Engineering,Specialist,Seattle,115364.04,15464.08,2020-04-07,38,68.9,amanda.garcia@company.com,(722) 421-4767,Active
EMP046912,William,Smith,William Smith,25,Legal,Analyst,Miami,88274.99,5415.35,2022-11-30,0,74.0,william.smith@company.com,(735) 899-9797,Active
EMP046913,Jane,Brown,Jane Brown,59,Engineering,Manager,New York,91241.53,8605.81,2022-07-15,32,76.3,jane.brown@company.com,(603) 364-8868,Active
EMP046914,Michael,Anderson,Michael Anderson,34,Operations,Lead,Los Angeles,60235.59,3483.65,2020-12-10,7,67.0,michael.anderson@company.com,(591) 891-9193,Inactive
EMP046915,John,Johnson,John Johnson,28,Finance,Lead,Miami,73077.83,11697.14,2022-08-07,5,46.3,john.johnson@company.com,(455) 272-1920,Active
EMP046916,David,Martin,David Martin,22,Finance,Manager,New York,49861.12,4825.27,2021-10-27,0,68.7,david.martin@company.com,(771) 939-7235,Active
EMP046917,Nicole,Jackson,Nicole Jackson,57,Legal,Coordinator,New York,134802.18,17044.31,2020-07-29,31,74.8,nicole.jackson@company.com,(244) 835-7603,Active
EMP046918,Michael,Hernandez,Michael Hernandez,29,Engineering,Senior Developer,Miami,73825.89,6697.0,2024-04-25,7,75.8,michael.hernandez@company.com,(592) 529-9470,Active
EMP046919,Sarah,Smith,Sarah Smith,54,Marketing,Manager,Miami,95237.43,14003.03,2023-05-28,29,62.0,sarah.smith@company.com,(703) 713-5842,Inactive
EMP046920,Ashley,Miller,Ashley Miller,48,Marketing,Manager,San Francisco,50210.56,5449.07,2021-01-02,25,59.8,ashley.miller@company.com,(295) 462-9379,Active
EMP046921,Stephanie,Taylor,Stephanie Taylor,60,Engineering,Director,Austin,112268.65,13786.02,2024-09-02,35,35.8,stephanie.taylor@company.com,(715) 999-1997,Active
EMP046922,Emily,Wilson,Emily Wilson,32,IT,Lead,Boston,123831.52,4486.97,2024-06-16,3,52.1,emily.wilson@company.com,(294) 780-5656,Active
EMP046923,Stephanie,Gonzalez,Stephanie Gonzalez,45,Engineering,Senior Developer,Miami,92159.96,3389.19,2023-12-17,21,71.0,stephanie.gonzalez@company.com,(752) 568-3081,Active
EMP046924,James,Jackson,James Jackson,49,IT,Lead,Chicago,95328.26,3857.15,2020-02-16,25,86.1,james.jackson@company.com,(561) 846-3470,Active
EMP046925,Jessica,Gonzalez,Jessica Gonzalez,33,Engineering,Coordinator,Chicago,102691.2,16751.82,2024-12-18,9,65.8,jessica.gonzalez@company.com,(623) 321-6067,Active
EMP046926,Christopher,Garcia,Christopher Garcia,45,Operations,Senior Developer,San Francisco,77548.84,19519.32,2024-02-06,23,59.2,christopher.garcia@company.com,(932) 297-6652,Active
EMP046927,Anthony,Thomas,Anthony Thomas,22,Operations,Associate,Los Angeles,57650.39,9537.19,2024-02-08,0,53.4,anthony.thomas@company.com,(758) 413-3291,Active
EMP046928,James,Martinez,James Martinez,28,Marketing,Coordinator,New York,37139.74,4374.72,2022-11-30,0,96.2,james.martinez@company.com,(479) 464-5418,Inactive
EMP046929,Anthony,Jones,Anthony Jones,25,Sales,Specialist,New York,65052.12,6325.75,2023-12-26,0,54.3,anthony.jones@company.com,(561) 565-8056,Active
EMP046930,Robert,Anderson,Robert Anderson,53,Operations,Specialist,San Francisco,68801.03,8502.45,2021-10-22,28,75.1,robert.anderson@company.com,(327) 741-6212,Active
EMP046931,David,Wilson,David Wilson,59,Marketing,Lead,New York,95572.95,2976.16,2020-09-24,30,75.5,david.wilson@company.com,(421) 588-8759,Active
EMP046932,Jane,Jackson,Jane Jackson,28,Finance,Specialist,Los Angeles,56503.25,2883.98,2022-02-12,0,91.3,jane.jackson@company.com,(214) 795-2657,Active
EMP046933,Jane,Smith,Jane Smith,49,Operations,Senior Developer,Chicago,71855.06,8273.94,2021-02-25,27,68.9,jane.smith@company.com,(759) 478-6397,Active
EMP046934,John,Williams,John Williams,25,Marketing,Lead,San Francisco,32640.69,3980.09,2022-03-01,1,65.0,john.williams@company.com,(546) 324-1999,Active
EMP046935,Melissa,Smith,Melissa Smith,39,Engineering,Director,New York,93646.29,12338.76,2020-10-11,11,85.6,melissa.smith@company.com,(642) 208-1512,Active
EMP046936,William,Miller,William Miller,33,Operations,Lead,Miami,50949.69,5680.62,2024-12-28,11,73.2,william.miller@company.com,(324) 649-5388,Active
EMP046937,Michael,Lopez,Michael Lopez,46,Legal,Senior Developer,San Francisco,82055.56,10996.14,2024-04-14,19,90.8,michael.lopez@company.com,(738) 666-9156,Active
EMP046938,Emily,Miller,Emily Miller,42,HR,Senior Developer,Miami,58242.15,12409.27,2024-03-10,19,77.3,emily.miller@company.com,(793) 313-8592,Inactive
EMP046939,Stephanie,Martinez,Stephanie Martinez,50,HR,Coordinator,San Francisco,44260.88,0.0,2022-07-04,26,91.7,stephanie.martinez@company.com,(538) 213-1997,Active
EMP046940,Anthony,Gonzalez,Anthony Gonzalez,64,Operations,Associate,San Francisco,68002.97,4088.92,2024-03-30,41,52.1,anthony.gonzalez@company.com,(510) 298-6123,Active
EMP046941,Amanda,Taylor,Amanda Taylor,63,Finance,Senior Developer,Seattle,88999.32,14899.78,2021-07-25,38,62.9,amanda.taylor@company.com,(801) 861-8695,Active
EMP046942,Sarah,Hernandez,Sarah Hernandez,40,Legal,Coordinator,Boston,70740.45,7913.82,2020-06-03,16,93.1,sarah.hernandez@company.com,(483) 863-4213,Active
EMP046943,Robert,Hernandez,Robert Hernandez,30,Legal,Coordinator,Austin,107349.62,22457.38,2020-07-27,1,71.6,robert.hernandez@company.com,(668) 701-3785,Active
EMP046944,David,Hernandez,David Hernandez,47,Legal,Coordinator,Austin,91880.72,13258.46,2023-06-03,20,91.2,david.hernandez@company.com,(983) 916-4878,Active
EMP046945,Anthony,Thomas,Anthony Thomas,22,Operations,Lead,Miami,51302.71,7539.08,2024-08-03,0,68.8,anthony.thomas@company.com,(847) 744-4373,Inactive
EMP046946,Melissa,Jones,Melissa Jones,27,Legal,Specialist,Boston,66980.72,4702.55,2022-10-25,4,66.4,melissa.jones@company.com,(518) 462-8611,Active
EMP046947,Stephanie,Taylor,Stephanie Taylor,56,IT,Lead,Miami,89151.57,8083.88,2020-09-13,33,100.0,stephanie.taylor@company.com,(371) 474-5627,Active
EMP046948,William,Smith,William Smith,27,Operations,Analyst,Boston,50567.49,3068.84,2021-07-07,0,81.3,william.smith@company.com,(584) 478-4816,Active
EMP046949,Stephanie,Anderson,Stephanie Anderson,37,Finance,Coordinator,Seattle,46118.25,6022.25,2021-09-28,11,100.0,stephanie.anderson@company.com,(333) 274-1426,Active
EMP046950,Emily,Thomas,Emily Thomas,24,Sales,Specialist,Chicago,41926.92,3818.41,2020-09-11,0,87.1,emily.thomas@company.com,(485) 405-1543,Active
EMP046951,Stephanie,Williams,Stephanie Williams,41,Sales,Specialist,Boston,78155.04,14249.67,2022-07-28,15,65.8,stephanie.williams@company.com,(780) 482-2451,Active
EMP046952,John,Garcia,John Garcia,44,Marketing,Manager,Miami,66473.67,7913.11,2022-04-25,16,92.3,john.garcia@company.com,(355) 300-5820,Active
EMP046953,Emily,Taylor,Emily Taylor,53,HR,Lead,Miami,80642.75,3497.22,2023-05-12,27,100.0,emily.taylor@company.com,(302) 437-2281,Active
EMP046954,Emily,Anderson,Emily Anderson,42,Engineering,Director,Chicago,53204.51,5608.93,2024-09-04,20,71.2,emily.anderson@company.com,(314) 872-1096,Active
EMP046955,Emily,Garcia,Emily Garcia,23,Marketing,Analyst,San Francisco,83725.19,6094.28,2021-12-16,0,66.2,emily.garcia@company.com,(494) 868-2651,Active
EMP046956,Amanda,Williams,Amanda Williams,31,IT,Lead,Boston,66436.47,3863.62,2022-09-09,9,77.3,amanda.williams@company.com,(376) 991-9690,Active
EMP046957,William,Jones,William Jones,23,IT,Analyst,New York,83119.77,10226.18,2020-10-23,0,80.3,william.jones@company.com,(751) 972-9028,On Leave
EMP046958,Jane,Anderson,Jane Anderson,46,Sales,Lead,Los Angeles,71850.86,4059.48,2020-01-27,18,89.6,jane.anderson@company.com,(980) 800-6138,Active
EMP046959,Matthew,Martinez,Matthew Martinez,49,Sales,Coordinator,New York,125869.85,2420.87,2023-11-20,26,87.0,matthew.martinez@company.com,(603) 481-5202,Active
EMP046960,James,Jones,James Jones,32,Legal,Senior Developer,Miami,98356.23,9868.82,2022-10-30,4,95.3,james.jones@company.com,(589) 796-8708,Active
EMP046961,David,Garcia,David Garcia,27,Engineering,Specialist,San Francisco,39000.0,2477.21,2020-01-28,0,84.8,david.garcia@company.com,(906) 942-9663,Active
EMP046962,Daniel,Davis,Daniel Davis,50,Finance,Manager,Chicago,104487.8,15275.14,2022-07-16,26,56.6,daniel.davis@company.com,(617) 495-7120,Active
EMP046963,Michael,Hernandez,Michael Hernandez,28,Operations,Coordinator,Boston,34028.99,3943.94,2021-11-12,3,90.7,michael.hernandez@company.com,(989) 239-7951,Active
EMP046964,Robert,Martinez,Robert Martinez,50,Operations,Specialist,Miami,63669.9,6631.87,2022-01-17,25,82.1,robert.martinez@company.com,(910) 300-5179,Active
EMP046965,Lisa,Jackson,Lisa Jackson,53,Operations,Coordinator,New York,78474.72,1058.91,2020-01-02,28,65.8,lisa.jackson@company.com,(562) 597-5804,Active
EMP046966,Emily,Rodriguez,Emily Rodriguez,22,Finance,Analyst,Seattle,66771.22,5156.69,2024-04-14,0,100.0,emily.rodriguez@company.com,(769) 485-3357,Active
EMP046967,Michael,Taylor,Michael Taylor,46,Engineering,Coordinator,Chicago,98625.58,16308.19,2024-04-19,21,73.5,michael.taylor@company.com,(792) 926-8075,Active
EMP046968,Matthew,Jackson,Matthew Jackson,28,IT,Director,New York,71334.1,4024.69,2023-09-04,0,82.6,matthew.jackson@company.com,(571) 890-1842,Active
EMP046969,Sarah,Brown,Sarah Brown,22,Finance,Director,Chicago,55249.99,4257.26,2024-08-24,0,72.4,sarah.brown@company.com,(240) 345-6981,Active
EMP046970,Robert,Thomas,Robert Thomas,51,Operations,Specialist,Boston,71607.36,12155.81,2022-03-23,24,75.8,robert.thomas@company.com,(221) 969-8984,On Leave
EMP046971,Christopher,Lopez,Christopher Lopez,24,Sales,Senior Developer,Boston,50925.3,7023.31,2024-11-06,0,74.2,christopher.lopez@company.com,(959) 289-2568,Active
EMP046972,Robert,Davis,Robert Davis,37,Legal,Manager,Chicago,92508.59,13586.24,2024-05-27,13,75.8,robert.davis@company.com,(223) 369-3564,Active
EMP046973,Christopher,Wilson,Christopher Wilson,44,HR,Associate,Boston,50618.59,774.45,2021-07-21,20,93.6,christopher.wilson@company.com,(948) 827-4290,Active
EMP046974,John,Jones,John Jones,59,Marketing,Specialist,Seattle,91726.86,11547.91,2022-09-17,33,69.1,john.jones@company.com,(423) 414-2109,Active
EMP046975,Jane,Moore,Jane Moore,56,Marketing,Analyst,Los Angeles,62435.19,3280.53,2023-07-29,34,70.9,jane.moore@company.com,(683) 704-8920,Active
EMP046976,Lisa,Rodriguez,Lisa Rodriguez,45,Sales,Analyst,Chicago,76460.94,6185.74,2022-09-15,22,77.9,lisa.rodriguez@company.com,(680) 474-6257,Active
EMP046977,Lisa,Martin,Lisa Martin,56,Marketing,Coordinator,Boston,69700.16,2701.75,2022-07-20,34,67.8,lisa.martin@company.com,(271) 245-8753,Active
EMP046978,Jessica,Johnson,Jessica Johnson,61,Sales,Lead,Austin,81374.52,14292.31,2020-09-26,39,88.7,jessica.johnson@company.com,(644) 228-1559,Inactive
EMP046979,David,Martin,David Martin,61,HR,Lead,Seattle,90771.9,13896.95,2023-11-25,33,70.0,david.martin@company.com,(522) 893-3488,Active
EMP046980,Matthew,Moore,Matthew Moore,36,IT,Analyst,Chicago,57445.7,4132.81,2022-11-08,8,97.4,matthew.moore@company.com,(972) 282-7751,Active
EMP046981,Sarah,Miller,Sarah Miller,48,Finance,Lead,Chicago,87975.09,650.46,2021-04-17,25,75.8,sarah.miller@company.com,(369) 780-4095,Active
EMP046982,Melissa,Jackson,Melissa Jackson,48,Legal,Analyst,Miami,98236.36,9319.14,2024-01-30,26,63.2,melissa.jackson@company.com,(436) 546-2100,Inactive
EMP046983,Amanda,Anderson,Amanda Anderson,31,Legal,Senior Developer,Austin,132413.48,1146.44,2023-11-07,5,90.7,amanda.anderson@company.com,(823) 725-7727,Active
EMP046984,Jane,Gonzalez,Jane Gonzalez,26,Sales,Analyst,Miami,49838.64,3957.26,2023-09-30,0,74.2,jane.gonzalez@company.com,(569) 727-8294,Active
EMP046985,David,Garcia,David Garcia,27,Legal,Senior Developer,Los Angeles,103882.85,8012.46,2022-08-13,0,79.5,david.garcia@company.com,(743) 818-1218,Active
EMP046986,Anthony,Thomas,Anthony Thomas,44,Marketing,Analyst,San Francisco,51845.14,5274.5,2022-10-18,20,74.1,anthony.thomas@company.com,(863) 629-6628,Active
EMP046987,Ashley,Moore,Ashley Moore,35,Operations,Manager,Seattle,55510.99,2863.77,2024-03-24,7,85.3,ashley.moore@company.com,(874) 277-4794,Inactive
EMP046988,Ashley,Rodriguez,Ashley Rodriguez,62,Finance,Analyst,Seattle,109851.87,21524.16,2021-06-06,34,79.1,ashley.rodriguez@company.com,(534) 529-6906,Active
EMP046989,Nicole,Rodriguez,Nicole Rodriguez,55,Engineering,Associate,Chicago,93781.76,10187.63,2022-08-18,29,89.4,nicole.rodriguez@company.com,(791) 792-2475,Active
EMP046990,Matthew,Rodriguez,Matthew Rodriguez,22,IT,Specialist,Seattle,79375.89,9054.36,2024-10-21,0,65.4,matthew.rodriguez@company.com,(590) 914-8356,Active
EMP046991,Daniel,Johnson,Daniel Johnson,23,Marketing,Coordinator,San Francisco,46265.78,6321.74,2021-08-02,0,68.3,daniel.johnson@company.com,(999) 334-9695,Active
EMP046992,Anthony,Martinez,Anthony Martinez,37,Marketing,Senior Developer,Seattle,56893.13,8275.26,2021-02-21,11,64.2,anthony.martinez@company.com,(923) 393-8505,Inactive
EMP046993,Sarah,Taylor,Sarah Taylor,63,Engineering,Specialist,Los Angeles,111388.57,8796.27,2024-01-27,34,66.5,sarah.taylor@company.com,(572) 307-3377,Active
EMP046994,Nicole,Jackson,Nicole Jackson,48,Marketing,Senior Developer,Austin,92898.17,1257.28,2022-03-26,25,89.4,nicole.jackson@company.com,(393) 469-4157,Active
EMP046995,Matthew,Martin,Matthew Martin,58,IT,Director,Miami,92708.32,15879.96,2021-08-06,29,60.4,matthew.martin@company.com,(461) 756-2349,Active
EMP046996,Sarah,Rodriguez,Sarah Rodriguez,48,HR,Coordinator,Chicago,70102.02,8585.53,2020-02-22,19,82.8,sarah.rodriguez@company.com,(613) 731-4085,Active
EMP046997,Jane,Lopez,Jane Lopez,35,Marketing,Specialist,Boston,69157.65,277.69,2021-07-11,12,67.1,jane.lopez@company.com,(211) 503-4795,Active
EMP046998,Sarah,Williams,Sarah Williams,48,HR,Coordinator,Austin,62902.57,8821.45,2023-06-07,26,67.7,sarah.williams@company.com,(291) 267-1099,Active
EMP046999,Christopher,Martinez,Christopher Martinez,53,Finance,Director,Miami,106496.42,17361.5,2020-03-11,26,97.4,christopher.martinez@company.com,(377) 837-9982,Active
EMP047000,Lisa,Hernandez,Lisa Hernandez,41,HR,Analyst,Seattle,82161.05,11346.43,2020-04-28,12,79.8,lisa.hernandez@company.com,(589) 992-8306,Active
EMP047001,Stephanie,Davis,Stephanie Davis,55,Marketing,Senior Developer,Austin,76719.02,3493.06,2024-11-28,26,80.9,stephanie.davis@company.com,(588) 878-4028,Active
EMP047002,Lisa,Martinez,Lisa Martinez,23,Legal,Analyst,Miami,103586.8,6729.44,2021-12-22,0,78.9,lisa.martinez@company.com,(714) 966-6156,Active
EMP047003,Jane,Gonzalez,Jane Gonzalez,56,HR,Manager,Boston,73192.49,6115.8,2024-01-13,31,83.9,jane.gonzalez@company.com,(473) 561-1186,Active
EMP047004,Robert,Martinez,Robert Martinez,53,IT,Manager,Boston,104069.61,10617.73,2024-07-10,26,51.0,robert.martinez@company.com,(433) 705-5672,Active
EMP047005,Nicole,Lopez,Nicole Lopez,33,Marketing,Lead,Boston,62558.43,1085.74,2023-06-09,7,55.4,nicole.lopez@company.com,(647) 484-8147,Active
EMP047006,Lisa,Martin,Lisa Martin,50,Operations,Specialist,Miami,62835.3,6719.02,2021-01-14,28,96.1,lisa.martin@company.com,(491) 364-8748,Active
EMP047007,Michael,Wilson,Michael Wilson,65,HR,Analyst,New York,93003.79,10294.06,2021-09-12,39,47.9,michael.wilson@company.com,(957) 786-5099,Active
EMP047008,Emily,Thomas,Emily Thomas,49,Finance,Analyst,Los Angeles,80160.03,1227.61,2022-01-07,27,68.9,emily.thomas@company.com,(324) 781-5372,Inactive
EMP047009,Emily,Thomas,Emily Thomas,50,Legal,Analyst,San Francisco,71021.66,2374.75,2022-10-08,25,52.3,emily.thomas@company.com,(868) 847-8671,Active
EMP047010,Ashley,Gonzalez,Ashley Gonzalez,42,Legal,Analyst,Miami,86490.62,7726.53,2022-11-16,13,76.2,ashley.gonzalez@company.com,(287) 358-7678,Active
EMP047011,Daniel,Hernandez,Daniel Hernandez,34,Operations,Director,Seattle,45589.2,59.77,2023-09-26,8,80.4,daniel.hernandez@company.com,(635) 618-5355,Active
EMP047012,Lisa,Anderson,Lisa Anderson,24,Legal,Specialist,Chicago,65999.48,1784.28,2020-03-31,0,68.9,lisa.anderson@company.com,(555) 677-2746,Active
EMP047013,Amanda,Johnson,Amanda Johnson,53,Marketing,Senior Developer,Seattle,86163.96,13885.02,2021-12-19,29,76.3,amanda.johnson@company.com,(842) 381-3249,Active
EMP047014,Amanda,Wilson,Amanda Wilson,55,Finance,Senior Developer,Los Angeles,86506.1,4351.57,2020-12-11,27,68.9,amanda.wilson@company.com,(237) 914-4636,Active
EMP047015,Daniel,Gonzalez,Daniel Gonzalez,32,Engineering,Lead,Seattle,134457.5,19132.66,2021-07-03,5,97.3,daniel.gonzalez@company.com,(790) 277-9026,Active
EMP047016,Nicole,Brown,Nicole Brown,52,Marketing,Lead,Austin,59722.69,6089.27,2024-04-25,26,89.0,nicole.brown@company.com,(771) 207-1663,Active
EMP047017,James,Lopez,James Lopez,52,IT,Coordinator,New York,63135.93,10430.76,2020-08-29,26,73.9,james.lopez@company.com,(974) 573-8630,Active
EMP047018,Christopher,Hernandez,Christopher Hernandez,57,HR,Associate,Los Angeles,83516.34,6712.83,2020-07-27,30,80.2,christopher.hernandez@company.com,(319) 638-1799,Active
EMP047019,David,Johnson,David Johnson,53,Marketing,Senior Developer,Miami,101105.22,11115.85,2022-04-27,28,81.0,david.johnson@company.com,(251) 403-6196,Active
EMP047020,David,Jones,David Jones,41,HR,Director,Boston,64016.48,9405.5,2023-05-22,18,83.6,david.jones@company.com,(608) 982-1881,Active
EMP047021,James,Martinez,James Martinez,24,HR,Specialist,Miami,74644.23,5003.17,2024-06-27,0,69.9,james.martinez@company.com,(773) 564-3887,Active
EMP047022,Nicole,Rodriguez,Nicole Rodriguez,36,HR,Senior Developer,Austin,76140.5,952.27,2023-09-29,8,83.3,nicole.rodriguez@company.com,(807) 330-3373,Active
EMP047023,David,Anderson,David Anderson,36,Sales,Analyst,San Francisco,72171.08,14040.99,2022-02-15,10,53.0,david.anderson@company.com,(689) 792-9030,Active
EMP047024,Christopher,Davis,Christopher Davis,34,HR,Senior Developer,Chicago,75211.84,10625.33,2021-03-17,10,74.4,christopher.davis@company.com,(203) 864-8637,Active
EMP047025,James,Johnson,James Johnson,58,Legal,Specialist,Los Angeles,131071.86,16210.22,2022-09-25,31,73.5,james.johnson@company.com,(554) 638-5803,Active
EMP047026,Melissa,Miller,Melissa Miller,27,Engineering,Associate,San Francisco,83562.89,7587.23,2023-03-19,3,59.0,melissa.miller@company.com,(529) 202-4042,Active
EMP047027,James,Garcia,James Garcia,25,Operations,Senior Developer,Boston,31726.67,3020.14,2020-06-29,0,84.5,james.garcia@company.com,(284) 949-9590,Active
EMP047028,Ashley,Miller,Ashley Miller,54,Sales,Director,Chicago,76668.62,11036.07,2024-03-13,27,86.3,ashley.miller@company.com,(995) 470-8887,Active
EMP047029,James,Hernandez,James Hernandez,25,HR,Associate,San Francisco,38267.72,5190.14,2021-09-12,1,66.1,james.hernandez@company.com,(522) 383-6919,Active
EMP047030,Sarah,Martin,Sarah Martin,40,Finance,Lead,San Francisco,105218.04,9375.49,2022-10-17,17,60.4,sarah.martin@company.com,(993) 426-3473,Active
EMP047031,Melissa,Smith,Melissa Smith,39,Operations,Specialist,Chicago,61419.7,7249.36,2023-08-29,15,63.2,melissa.smith@company.com,(621) 866-8334,Active
EMP047032,Ashley,Martin,Ashley Martin,65,Sales,Specialist,Seattle,97042.71,11500.19,2022-01-27,40,65.5,ashley.martin@company.com,(853) 957-3137,Active
EMP047033,David,Jones,David Jones,62,HR,Senior Developer,Chicago,101420.67,10163.8,2024-04-11,36,63.9,david.jones@company.com,(605) 587-5599,Active
EMP047034,Nicole,Anderson,Nicole Anderson,56,IT,Coordinator,New York,115588.78,6787.97,2020-12-04,32,80.6,nicole.anderson@company.com,(421) 222-7301,Active
EMP047035,Jane,Miller,Jane Miller,36,Marketing,Manager,Chicago,72325.59,6737.3,2022-06-03,7,66.2,jane.miller@company.com,(858) 372-1319,Active
EMP047036,John,Gonzalez,John Gonzalez,45,Marketing,Lead,Chicago,103280.28,0.0,2023-07-26,23,64.7,john.gonzalez@company.com,(891) 840-9796,Active
EMP047037,Ashley,Thomas,Ashley Thomas,44,Legal,Specialist,Los Angeles,95178.08,6030.16,2022-01-20,17,86.0,ashley.thomas@company.com,(378) 797-9557,Active
EMP047038,Jane,Garcia,Jane Garcia,46,Engineering,Manager,Los Angeles,86892.97,14761.06,2021-03-17,18,63.2,jane.garcia@company.com,(600) 329-6727,Active
EMP047039,Ashley,Williams,Ashley Williams,52,Marketing,Specialist,Miami,75147.23,6881.31,2020-07-17,26,68.1,ashley.williams@company.com,(409) 803-7600,Active
EMP047040,Lisa,Moore,Lisa Moore,46,IT,Senior Developer,Boston,107395.73,3667.03,2024-12-05,23,32.3,lisa.moore@company.com,(705) 706-1747,Active
EMP047041,Jessica,Smith,Jessica Smith,64,Legal,Specialist,Austin,109784.87,16253.16,2021-06-06,38,81.6,jessica.smith@company.com,(903) 852-8950,Active
EMP047042,Sarah,Jackson,Sarah Jackson,24,Sales,Specialist,San Francisco,49386.98,7160.36,2022-05-17,0,80.5,sarah.jackson@company.com,(866) 924-6604,Active
EMP047043,William,Smith,William Smith,59,Finance,Coordinator,Miami,93354.1,1467.61,2024-11-25,37,67.6,william.smith@company.com,(660) 567-1952,Active
EMP047044,Amanda,Garcia,Amanda Garcia,33,Operations,Associate,Seattle,44383.85,2567.73,2024-09-17,11,72.6,amanda.garcia@company.com,(466) 891-2574,Active
EMP047045,Stephanie,Martinez,Stephanie Martinez,31,Marketing,Analyst,Los Angeles,54435.23,1556.91,2022-12-02,7,70.6,stephanie.martinez@company.com,(636) 451-4020,Inactive
EMP047046,Matthew,Moore,Matthew Moore,43,Marketing,Manager,Miami,82079.63,10137.91,2021-05-07,15,74.7,matthew.moore@company.com,(273) 833-1588,Active
EMP047047,Jane,Miller,Jane Miller,35,HR,Analyst,Austin,73237.23,7891.87,2020-07-14,10,90.5,jane.miller@company.com,(235) 901-3611,Inactive
EMP047048,Michael,Smith,Michael Smith,57,Operations,Manager,Seattle,61683.09,8008.47,2023-04-29,32,64.2,michael.smith@company.com,(926) 318-1727,Inactive
EMP047049,Robert,Smith,Robert Smith,46,Sales,Director,New York,66163.05,8680.61,2023-11-09,23,79.3,robert.smith@company.com,(475) 853-6009,Active
EMP047050,John,Williams,John Williams,38,HR,Senior Developer,San Francisco,59216.97,8067.1,2020-07-23,10,88.4,john.williams@company.com,(990) 556-3983,Active
EMP047051,Matthew,Anderson,Matthew Anderson,32,HR,Specialist,Chicago,46392.7,4354.39,2024-12-15,4,70.7,matthew.anderson@company.com,(656) 676-9935,Inactive
EMP047052,Sarah,Martin,Sarah Martin,41,Sales,Analyst,Los Angeles,57039.4,6583.81,2023-06-19,19,84.4,sarah.martin@company.com,(449) 998-4802,Active
EMP047053,James,Lopez,James Lopez,41,Legal,Coordinator,Boston,123520.2,0.0,2024-08-29,12,61.2,james.lopez@company.com,(977) 793-4152,Inactive
EMP047054,David,Wilson,David Wilson,56,Operations,Associate,San Francisco,72375.68,5959.46,2021-05-23,28,43.1,david.wilson@company.com,(499) 972-9401,Active
EMP047055,Anthony,Davis,Anthony Davis,31,Operations,Lead,Austin,53065.0,4353.51,2022-10-21,8,59.4,anthony.davis@company.com,(512) 898-2903,Active
EMP047056,Anthony,Jones,Anthony Jones,53,Marketing,Associate,Miami,83513.71,3670.78,2024-01-26,26,49.1,anthony.jones@company.com,(609) 404-5516,Active
EMP047057,Jane,Smith,Jane Smith,56,HR,Senior Developer,Los Angeles,70290.91,7538.25,2022-08-03,30,76.9,jane.smith@company.com,(614) 463-3203,Active
EMP047058,Amanda,Johnson,Amanda Johnson,55,IT,Lead,Miami,107434.92,2332.73,2020-08-13,28,71.1,amanda.johnson@company.com,(906) 284-9915,Inactive
EMP047059,James,Taylor,James Taylor,41,Engineering,Coordinator,Miami,70813.97,2834.1,2023-02-09,19,75.3,james.taylor@company.com,(854) 323-2104,Active
EMP047060,Jane,Gonzalez,Jane Gonzalez,29,Legal,Associate,Los Angeles,102370.8,6722.79,2024-03-16,6,72.7,jane.gonzalez@company.com,(656) 927-8295,Active
EMP047061,Stephanie,Williams,Stephanie Williams,65,IT,Senior Developer,Seattle,106477.43,0.0,2024-09-04,40,95.5,stephanie.williams@company.com,(824) 779-9455,Active
EMP047062,Michael,Johnson,Michael Johnson,38,IT,Lead,Seattle,85152.8,2131.0,2021-09-06,15,52.7,michael.johnson@company.com,(875) 897-9414,Inactive
EMP047063,Stephanie,Moore,Stephanie Moore,41,IT,Specialist,Chicago,90958.44,13596.22,2020-12-03,13,95.9,stephanie.moore@company.com,(511) 224-9502,Active
EMP047064,Nicole,Garcia,Nicole Garcia,44,Engineering,Lead,Los Angeles,89158.08,14878.37,2022-06-15,18,74.7,nicole.garcia@company.com,(799) 302-5288,Active
EMP047065,Nicole,Martinez,Nicole Martinez,50,Engineering,Manager,Boston,103711.38,9575.31,2023-11-27,24,66.6,nicole.martinez@company.com,(517) 644-6236,On Leave
EMP047066,Ashley,Jones,Ashley Jones,25,Finance,Coordinator,San Francisco,85870.79,14974.91,2022-03-10,1,72.5,ashley.jones@company.com,(615) 840-6337,Active
EMP047067,Daniel,Jackson,Daniel Jackson,28,Finance,Specialist,Chicago,42137.49,4692.94,2021-05-14,3,65.4,daniel.jackson@company.com,(920) 336-2292,On Leave
EMP047068,Lisa,Williams,Lisa Williams,57,HR,Analyst,San Francisco,64968.43,8386.95,2023-06-06,32,93.0,lisa.williams@company.com,(369) 548-6049,Active
EMP047069,Nicole,Williams,Nicole Williams,52,Finance,Coordinator,Los Angeles,101409.53,5368.95,2023-10-26,25,80.8,nicole.williams@company.com,(374) 456-9774,Active
EMP047070,Christopher,Jones,Christopher Jones,34,Sales,Senior Developer,San Francisco,76070.58,11204.51,2021-08-04,12,100.0,christopher.jones@company.com,(437) 554-8978,Active
EMP047071,Melissa,Anderson,Melissa Anderson,57,Marketing,Senior Developer,New York,54567.13,4897.61,2021-08-24,31,56.5,melissa.anderson@company.com,(680) 319-5839,Active
EMP047072,Amanda,Williams,Amanda Williams,46,Engineering,Senior Developer,New York,86581.45,6595.17,2024-09-19,21,91.7,amanda.williams@company.com,(853) 683-1218,Active
EMP047073,Amanda,Gonzalez,Amanda Gonzalez,58,Marketing,Senior Developer,Chicago,81903.35,7969.86,2024-07-21,35,60.1,amanda.gonzalez@company.com,(484) 933-7967,On Leave
EMP047074,Robert,Martinez,Robert Martinez,53,Sales,Specialist,San Francisco,99263.53,14666.83,2020-09-06,25,87.4,robert.martinez@company.com,(881) 838-3555,Active
EMP047075,Daniel,Anderson,Daniel Anderson,54,Engineering,Director,New York,102531.36,2287.83,2023-07-04,32,62.6,daniel.anderson@company.com,(605) 218-9019,Active
EMP047076,John,Moore,John Moore,52,Legal,Associate,Miami,99094.91,6763.16,2022-12-30,25,56.4,john.moore@company.com,(516) 917-9429,Active
EMP047077,Sarah,Garcia,Sarah Garcia,36,Marketing,Coordinator,San Francisco,70867.5,9691.64,2023-11-27,8,67.7,sarah.garcia@company.com,(720) 909-4557,Active
EMP047078,Nicole,Hernandez,Nicole Hernandez,51,IT,Director,Miami,73549.33,11116.59,2020-10-21,23,60.0,nicole.hernandez@company.com,(517) 458-7522,Active
EMP047079,Christopher,Gonzalez,Christopher Gonzalez,41,Finance,Analyst,Los Angeles,44642.61,3286.73,2024-02-29,13,71.3,christopher.gonzalez@company.com,(684) 492-8862,Active
EMP047080,Nicole,Williams,Nicole Williams,55,Finance,Lead,Austin,91685.3,7144.17,2020-06-21,29,75.0,nicole.williams@company.com,(206) 869-5127,Active
EMP047081,Amanda,Garcia,Amanda Garcia,39,Engineering,Lead,Miami,111975.48,15720.37,2022-02-02,17,83.2,amanda.garcia@company.com,(961) 986-4117,Active
EMP047082,Ashley,Smith,Ashley Smith,60,Engineering,Senior Developer,Miami,126903.78,2865.72,2024-05-27,32,88.6,ashley.smith@company.com,(213) 915-2303,Active
EMP047083,John,Taylor,John Taylor,51,HR,Senior Developer,Austin,77787.27,15067.36,2021-01-12,22,57.8,john.taylor@company.com,(363) 512-2245,Active
EMP047084,Daniel,Moore,Daniel Moore,29,Engineering,Senior Developer,Seattle,76810.43,14166.79,2022-03-09,2,88.5,daniel.moore@company.com,(344) 479-1282,Active
EMP047085,Christopher,Moore,Christopher Moore,44,IT,Analyst,New York,93123.57,9420.49,2020-01-10,15,62.0,christopher.moore@company.com,(502) 949-5787,Active
EMP047086,Sarah,Anderson,Sarah Anderson,23,Engineering,Lead,Miami,70219.32,2863.83,2023-12-24,0,65.7,sarah.anderson@company.com,(200) 873-5071,Active
EMP047087,Matthew,Brown,Matthew Brown,35,Sales,Manager,New York,60670.6,8329.86,2020-10-31,7,81.7,matthew.brown@company.com,(534) 444-1746,Active
EMP047088,Melissa,Johnson,Melissa Johnson,29,Sales,Specialist,Austin,53277.2,5252.77,2020-04-26,1,97.3,melissa.johnson@company.com,(211) 878-9952,On Leave
EMP047089,John,Martinez,John Martinez,60,HR,Coordinator,Chicago,97442.14,6798.39,2022-03-21,38,48.5,john.martinez@company.com,(636) 606-8690,Active
EMP047090,Daniel,Brown,Daniel Brown,22,Engineering,Specialist,Austin,59821.03,4455.84,2024-03-01,0,96.3,daniel.brown@company.com,(353) 849-7903,Inactive
EMP047091,Christopher,Gonzalez,Christopher Gonzalez,24,HR,Coordinator,Boston,51584.26,8536.77,2024-06-19,0,57.4,christopher.gonzalez@company.com,(909) 855-5401,Active
EMP047092,James,Thomas,James Thomas,53,Finance,Specialist,Miami,85226.07,1903.91,2020-08-31,29,77.7,james.thomas@company.com,(507) 335-8431,Active
EMP047093,Anthony,Williams,Anthony Williams,41,Operations,Specialist,Seattle,82042.74,11989.91,2020-06-14,15,66.6,anthony.williams@company.com,(623) 351-4880,Active
EMP047094,Stephanie,Garcia,Stephanie Garcia,39,Engineering,Senior Developer,Chicago,74666.12,3489.85,2021-09-26,10,36.5,stephanie.garcia@company.com,(683) 783-7295,Inactive
EMP047095,Christopher,Brown,Christopher Brown,55,Legal,Specialist,Boston,116858.17,685.9,2024-01-22,27,69.6,christopher.brown@company.com,(552) 700-5212,Active
EMP047096,William,Garcia,William Garcia,48,Sales,Specialist,Los Angeles,73279.84,6755.93,2021-02-21,20,92.9,william.garcia@company.com,(711) 936-4142,Active
EMP047097,Emily,Gonzalez,Emily Gonzalez,50,Engineering,Specialist,Austin,105676.12,5774.33,2021-04-11,22,79.4,emily.gonzalez@company.com,(414) 648-6159,Active
EMP047098,Matthew,Smith,Matthew Smith,27,IT,Senior Developer,New York,72791.4,6506.05,2023-08-24,5,46.0,matthew.smith@company.com,(916) 483-5323,Active
EMP047099,Nicole,Anderson,Nicole Anderson,62,Legal,Manager,Boston,112012.18,8652.45,2022-02-17,38,65.7,nicole.anderson@company.com,(811) 527-1447,Active
EMP047100,Anthony,Hernandez,Anthony Hernandez,42,Sales,Associate,Austin,69693.17,7031.67,2023-04-05,20,97.8,anthony.hernandez@company.com,(823) 482-8809,On Leave
EMP047101,Michael,Gonzalez,Michael Gonzalez,44,Marketing,Coordinator,Chicago,57285.04,1818.92,2023-09-28,15,73.5,michael.gonzalez@company.com,(886) 387-8585,Active
EMP047102,Stephanie,Brown,Stephanie Brown,63,Legal,Specialist,San Francisco,101141.45,2262.11,2022-12-12,39,70.4,stephanie.brown@company.com,(335) 535-3747,Active
EMP047103,James,Martin,James Martin,28,Legal,Coordinator,Los Angeles,91592.16,0.0,2021-05-11,6,79.6,james.martin@company.com,(546) 589-8475,Active
EMP047104,Daniel,Martinez,Daniel Martinez,36,IT,Associate,Miami,89967.98,14530.93,2024-09-12,14,80.5,daniel.martinez@company.com,(456) 793-5695,Active
EMP047105,Sarah,Brown,Sarah Brown,29,Marketing,Senior Developer,Miami,64135.4,4885.66,2022-04-30,4,99.1,sarah.brown@company.com,(332) 968-8508,Active
EMP047106,Matthew,Thomas,Matthew Thomas,34,Legal,Analyst,Miami,69973.35,9468.38,2024-07-12,8,44.4,matthew.thomas@company.com,(210) 879-3693,Active
EMP047107,Melissa,Martinez,Melissa Martinez,53,Engineering,Lead,Los Angeles,120180.13,18425.32,2022-05-25,25,81.3,melissa.martinez@company.com,(654) 325-1197,Inactive
EMP047108,Daniel,Jones,Daniel Jones,49,Finance,Coordinator,Boston,108608.11,3771.21,2021-08-20,23,51.1,daniel.jones@company.com,(384) 352-1741,Active
EMP047109,Jessica,Garcia,Jessica Garcia,60,Sales,Coordinator,Los Angeles,75357.51,4203.05,2021-10-20,35,72.8,jessica.garcia@company.com,(723) 276-5201,Active
EMP047110,Nicole,Williams,Nicole Williams,53,Finance,Coordinator,Austin,98524.31,11431.77,2024-06-17,28,70.0,nicole.williams@company.com,(802) 823-9688,Active
EMP047111,Emily,Lopez,Emily Lopez,52,Operations,Coordinator,San Francisco,89456.21,10921.09,2020-03-21,24,70.7,emily.lopez@company.com,(315) 925-3117,Active
EMP047112,Emily,Moore,Emily Moore,49,Legal,Senior Developer,San Francisco,100353.24,2293.1,2023-08-08,26,85.2,emily.moore@company.com,(333) 831-3742,Active
EMP047113,David,Williams,David Williams,46,Finance,Senior Developer,Miami,80053.98,9067.89,2020-06-13,21,67.2,david.williams@company.com,(577) 319-3938,Active
EMP047114,James,Rodriguez,James Rodriguez,55,HR,Senior Developer,Los Angeles,56726.51,1101.66,2022-05-27,26,83.6,james.rodriguez@company.com,(972) 288-3424,Active
EMP047115,Robert,Taylor,Robert Taylor,48,Sales,Analyst,Miami,100144.93,5153.65,2021-10-28,25,64.2,robert.taylor@company.com,(921) 780-8677,Active
EMP047116,Robert,Brown,Robert Brown,43,Sales,Associate,San Francisco,75023.74,5617.38,2023-05-18,21,68.9,robert.brown@company.com,(834) 983-1849,Active
EMP047117,Daniel,Smith,Daniel Smith,23,Finance,Manager,Chicago,52256.51,4856.5,2021-05-30,0,90.2,daniel.smith@company.com,(772) 803-9939,Active
EMP047118,Sarah,Anderson,Sarah Anderson,33,Sales,Manager,Boston,83211.84,5599.61,2021-10-09,8,64.6,sarah.anderson@company.com,(760) 824-5206,Active
EMP047119,Melissa,Martin,Melissa Martin,61,HR,Senior Developer,Austin,76290.81,5435.5,2024-05-11,32,96.2,melissa.martin@company.com,(982) 424-3880,Active
EMP047120,Matthew,Taylor,Matthew Taylor,63,HR,Analyst,San Francisco,70281.47,6894.48,2024-11-15,41,51.2,matthew.taylor@company.com,(895) 649-6352,Active
EMP047121,Amanda,Lopez,Amanda Lopez,60,Operations,Senior Developer,Miami,73924.07,9533.8,2023-02-20,35,79.8,amanda.lopez@company.com,(337) 465-6196,Active
EMP047122,Jessica,Jackson,Jessica Jackson,27,HR,Lead,New York,31859.56,4704.67,2024-07-13,0,70.9,jessica.jackson@company.com,(962) 266-1403,Active
EMP047123,Emily,Smith,Emily Smith,42,Marketing,Manager,Miami,72616.59,13693.28,2021-04-03,20,54.3,emily.smith@company.com,(564) 452-4286,Active
EMP047124,Amanda,Garcia,Amanda Garcia,41,Sales,Specialist,Los Angeles,50788.83,2863.92,2024-08-04,13,75.6,amanda.garcia@company.com,(736) 772-1241,Active
EMP047125,Melissa,Moore,Melissa Moore,65,IT,Associate,Seattle,96262.03,12983.92,2022-01-22,41,56.5,melissa.moore@company.com,(900) 407-4931,Active
EMP047126,Stephanie,Lopez,Stephanie Lopez,64,Legal,Analyst,San Francisco,107565.64,7701.47,2022-11-19,41,65.8,stephanie.lopez@company.com,(667) 325-1153,Active
EMP047127,James,Brown,James Brown,40,Legal,Specialist,Miami,87782.94,16526.08,2022-04-07,15,69.2,james.brown@company.com,(739) 631-9999,Active
EMP047128,Jane,Hernandez,Jane Hernandez,29,Finance,Senior Developer,New York,38071.65,3769.21,2021-01-22,0,73.0,jane.hernandez@company.com,(859) 375-5276,Active
EMP047129,Lisa,Brown,Lisa Brown,25,HR,Manager,Los Angeles,61554.08,9231.36,2024-05-14,3,73.9,lisa.brown@company.com,(992) 667-9205,Active
EMP047130,Melissa,Davis,Melissa Davis,27,Operations,Analyst,New York,44989.12,0.0,2022-04-18,1,100.0,melissa.davis@company.com,(730) 579-4122,Active
EMP047131,Melissa,Wilson,Melissa Wilson,64,IT,Specialist,New York,108943.47,11518.81,2023-11-27,37,59.7,melissa.wilson@company.com,(211) 734-1569,Active
EMP047132,Robert,Martin,Robert Martin,57,HR,Analyst,Miami,66952.25,16610.04,2021-12-05,34,59.4,robert.martin@company.com,(684) 713-4615,Active
EMP047133,Emily,Brown,Emily Brown,55,HR,Lead,Austin,72152.34,13026.66,2020-02-19,33,100.0,emily.brown@company.com,(930) 236-8483,Active
EMP047134,Christopher,Davis,Christopher Davis,56,Engineering,Senior Developer,Miami,154042.71,12757.13,2022-05-10,33,98.5,christopher.davis@company.com,(348) 436-6160,Active
EMP047135,Anthony,Martin,Anthony Martin,48,HR,Lead,Chicago,74769.16,4129.38,2023-11-18,21,60.9,anthony.martin@company.com,(836) 414-2299,Active
EMP047136,Jane,Smith,Jane Smith,30,HR,Senior Developer,Boston,38784.39,3101.01,2022-10-28,8,88.9,jane.smith@company.com,(985) 604-2279,Active
EMP047137,Emily,Wilson,Emily Wilson,24,Engineering,Senior Developer,Seattle,83772.86,4891.12,2023-12-12,0,54.3,emily.wilson@company.com,(379) 353-9911,Active
EMP047138,Nicole,Brown,Nicole Brown,45,Legal,Associate,Chicago,77829.45,14104.25,2023-08-19,18,84.0,nicole.brown@company.com,(609) 355-3551,Active
EMP047139,Jane,Thomas,Jane Thomas,32,Operations,Analyst,Boston,67570.19,8329.84,2023-06-24,9,70.9,jane.thomas@company.com,(570) 945-6838,Active
EMP047140,Matthew,Johnson,Matthew Johnson,28,Engineering,Analyst,Miami,78991.4,13174.3,2023-07-04,4,92.5,matthew.johnson@company.com,(680) 837-1449,Active
EMP047141,Stephanie,Jackson,Stephanie Jackson,28,Operations,Director,New York,69747.4,8977.87,2022-10-18,0,100.0,stephanie.jackson@company.com,(441) 285-2066,Active
EMP047142,Christopher,Thomas,Christopher Thomas,60,Sales,Manager,Los Angeles,101120.22,7429.01,2020-05-28,34,57.6,christopher.thomas@company.com,(320) 244-4132,Active
EMP047143,Melissa,Martin,Melissa Martin,42,Engineering,Lead,Austin,102097.36,8466.19,2023-06-15,20,82.2,melissa.martin@company.com,(272) 273-8416,Active
EMP047144,Jane,Martin,Jane Martin,40,IT,Associate,Boston,86008.76,7061.32,2022-05-13,16,82.6,jane.martin@company.com,(955) 403-4693,On Leave
EMP047145,Sarah,Thomas,Sarah Thomas,60,Legal,Specialist,Boston,128802.67,2501.1,2022-02-07,32,79.3,sarah.thomas@company.com,(552) 385-2728,Active
EMP047146,Melissa,Garcia,Melissa Garcia,55,Marketing,Associate,Austin,70488.8,14887.81,2023-03-03,31,72.1,melissa.garcia@company.com,(914) 648-3169,Active
EMP047147,Matthew,Martinez,Matthew Martinez,37,HR,Senior Developer,New York,52847.6,6272.61,2021-07-21,9,76.2,matthew.martinez@company.com,(559) 691-1880,Active
EMP047148,Daniel,Thomas,Daniel Thomas,45,HR,Manager,Austin,63989.04,11934.27,2020-08-27,23,100.0,daniel.thomas@company.com,(310) 605-2231,Active
EMP047149,Michael,Moore,Michael Moore,34,IT,Director,Boston,66026.48,7879.78,2022-12-26,9,42.6,michael.moore@company.com,(465) 370-5921,Active
EMP047150,Matthew,Moore,Matthew Moore,63,Operations,Senior Developer,Chicago,75101.78,4738.5,2023-01-25,37,46.6,matthew.moore@company.com,(277) 323-3786,Active
EMP047151,William,Taylor,William Taylor,34,Sales,Analyst,Austin,68063.0,4867.15,2022-01-30,7,69.9,william.taylor@company.com,(687) 335-3911,Active
EMP047152,Emily,Brown,Emily Brown,54,Marketing,Coordinator,Miami,98361.92,5357.51,2020-04-14,31,88.8,emily.brown@company.com,(379) 587-2139,Active
EMP047153,Michael,Martinez,Michael Martinez,22,Finance,Coordinator,Chicago,39612.61,4865.63,2024-07-10,0,65.1,michael.martinez@company.com,(675) 533-7725,Active
EMP047154,Michael,Brown,Michael Brown,65,HR,Associate,Miami,93132.29,2791.4,2020-08-08,40,57.0,michael.brown@company.com,(854) 227-6372,Active
EMP047155,Melissa,Martinez,Melissa Martinez,39,HR,Lead,Miami,64474.06,9472.1,2022-03-21,13,79.8,melissa.martinez@company.com,(562) 501-6450,Active
EMP047156,Sarah,Smith,Sarah Smith,59,Finance,Director,Miami,99982.99,20601.4,2023-11-20,35,81.6,sarah.smith@company.com,(255) 888-5900,Active
EMP047157,Matthew,Smith,Matthew Smith,65,Operations,Manager,Seattle,76325.19,6769.36,2024-05-21,36,82.5,matthew.smith@company.com,(936) 449-6420,Inactive
EMP047158,Ashley,Hernandez,Ashley Hernandez,55,Operations,Lead,San Francisco,76765.02,7275.4,2022-03-20,27,61.6,ashley.hernandez@company.com,(675) 363-4672,Active
EMP047159,James,Hernandez,James Hernandez,44,Sales,Manager,New York,75649.53,14108.7,2023-01-05,21,51.6,james.hernandez@company.com,(446) 957-6615,On Leave
EMP047160,Jessica,Martin,Jessica Martin,28,Legal,Analyst,Seattle,80296.84,5710.18,2020-01-22,3,86.6,jessica.martin@company.com,(874) 702-6544,Active
EMP047161,Amanda,Miller,Amanda Miller,40,Legal,Specialist,Chicago,96692.73,13360.57,2024-12-19,12,96.0,amanda.miller@company.com,(618) 582-8089,Active
EMP047162,John,Williams,John Williams,23,Engineering,Coordinator,Seattle,57475.51,3896.34,2024-12-23,0,73.5,john.williams@company.com,(302) 732-3555,Active
EMP047163,Christopher,Martin,Christopher Martin,62,Legal,Lead,New York,113089.61,118.08,2023-07-16,39,96.7,christopher.martin@company.com,(864) 983-7704,Active
EMP047164,Christopher,Moore,Christopher Moore,33,Sales,Coordinator,Miami,32093.09,2507.05,2020-08-26,10,64.8,christopher.moore@company.com,(889) 669-1198,Active
EMP047165,Michael,Johnson,Michael Johnson,58,Marketing,Specialist,Seattle,66689.48,8404.2,2021-07-16,34,91.3,michael.johnson@company.com,(299) 855-8253,Active
EMP047166,Daniel,Rodriguez,Daniel Rodriguez,35,Legal,Lead,Chicago,63970.12,5299.49,2021-11-22,13,42.4,daniel.rodriguez@company.com,(448) 720-8131,Active
EMP047167,Daniel,Martinez,Daniel Martinez,53,Operations,Coordinator,Austin,95897.24,2866.24,2022-06-04,25,76.8,daniel.martinez@company.com,(344) 586-8220,Active
EMP047168,Jane,Lopez,Jane Lopez,30,Marketing,Director,Los Angeles,77551.94,14157.51,2020-03-21,4,73.8,jane.lopez@company.com,(700) 293-6271,Active
EMP047169,William,Williams,William Williams,50,Engineering,Specialist,Miami,119181.7,9881.78,2021-01-22,21,62.5,william.williams@company.com,(752) 451-6777,Active
EMP047170,Jane,Taylor,Jane Taylor,22,Finance,Senior Developer,San Francisco,57062.37,8449.26,2020-03-06,0,91.6,jane.taylor@company.com,(839) 253-1931,Active
EMP047171,Robert,Jackson,Robert Jackson,23,Operations,Analyst,New York,74002.83,7288.25,2024-11-02,0,100.0,robert.jackson@company.com,(375) 741-6502,Active
EMP047172,William,Garcia,William Garcia,36,Finance,Director,Miami,80982.39,8689.04,2022-01-14,10,59.5,william.garcia@company.com,(982) 378-7580,Active
EMP047173,Jessica,Brown,Jessica Brown,60,Sales,Manager,Seattle,87842.78,0.0,2020-02-10,34,91.5,jessica.brown@company.com,(957) 605-6854,Active
EMP047174,Lisa,Miller,Lisa Miller,50,IT,Associate,Los Angeles,99443.61,11075.33,2020-10-17,22,37.6,lisa.miller@company.com,(266) 666-1200,Active
EMP047175,James,Garcia,James Garcia,64,Sales,Analyst,Miami,64074.08,3946.3,2022-10-11,42,100.0,james.garcia@company.com,(721) 604-5229,Active
EMP047176,Amanda,Brown,Amanda Brown,32,Engineering,Director,Boston,85449.26,10264.17,2023-09-29,3,61.5,amanda.brown@company.com,(717) 250-3873,Inactive
EMP047177,John,Rodriguez,John Rodriguez,45,HR,Senior Developer,San Francisco,65946.77,8593.95,2021-12-07,22,50.6,john.rodriguez@company.com,(681) 845-6149,Active
EMP047178,Jane,Johnson,Jane Johnson,59,Finance,Analyst,Los Angeles,117292.46,8927.51,2021-06-05,34,60.5,jane.johnson@company.com,(441) 909-1302,Active
EMP047179,Stephanie,Wilson,Stephanie Wilson,64,Legal,Associate,Seattle,115932.16,6581.61,2022-05-10,37,64.7,stephanie.wilson@company.com,(847) 516-9233,On Leave
EMP047180,Jessica,Rodriguez,Jessica Rodriguez,34,HR,Lead,Los Angeles,78235.43,13937.97,2023-08-31,10,51.9,jessica.rodriguez@company.com,(544) 273-6741,Active
EMP047181,Anthony,Davis,Anthony Davis,39,IT,Director,Miami,92008.86,10138.99,2020-03-19,17,85.6,anthony.davis@company.com,(504) 475-4694,Active
EMP047182,Matthew,Williams,Matthew Williams,32,Finance,Lead,Los Angeles,70865.71,6044.15,2023-09-09,9,66.9,matthew.williams@company.com,(779) 534-7675,On Leave
EMP047183,Stephanie,Lopez,Stephanie Lopez,35,HR,Director,Boston,70199.69,1855.7,2020-03-26,7,87.2,stephanie.lopez@company.com,(677) 931-9522,Active
EMP047184,Emily,Anderson,Emily Anderson,29,Marketing,Specialist,Seattle,61895.37,2098.19,2021-08-08,6,63.5,emily.anderson@company.com,(872) 864-1435,Active
EMP047185,Jane,Moore,Jane Moore,41,Legal,Associate,New York,99945.74,10556.17,2020-07-17,18,48.9,jane.moore@company.com,(205) 570-7640,Active
EMP047186,Stephanie,Jones,Stephanie Jones,38,Finance,Associate,New York,61620.35,2085.59,2023-10-25,10,60.1,stephanie.jones@company.com,(515) 828-8974,Active
EMP047187,Christopher,Anderson,Christopher Anderson,30,IT,Coordinator,Seattle,102609.74,13422.36,2022-02-15,8,60.4,christopher.anderson@company.com,(338) 296-9237,Active
EMP047188,Daniel,Williams,Daniel Williams,29,Operations,Analyst,San Francisco,59588.88,6902.27,2024-06-23,3,68.5,daniel.williams@company.com,(756) 407-4580,Active
EMP047189,Sarah,Jones,Sarah Jones,52,Marketing,Coordinator,Austin,85531.36,9464.69,2024-11-28,24,93.6,sarah.jones@company.com,(263) 731-5216,Active
EMP047190,Ashley,Garcia,Ashley Garcia,65,Sales,Manager,New York,91153.72,11067.87,2022-08-17,39,58.7,ashley.garcia@company.com,(361) 769-9286,Active
EMP047191,David,Martinez,David Martinez,30,Legal,Manager,Boston,82791.89,8434.47,2022-07-15,8,73.8,david.martinez@company.com,(289) 390-8446,On Leave
EMP047192,Michael,Jackson,Michael Jackson,43,IT,Manager,Boston,94685.31,7539.71,2021-03-15,16,82.8,michael.jackson@company.com,(617) 297-4316,Active
EMP047193,Jane,Moore,Jane Moore,51,Operations,Specialist,Seattle,76152.41,5431.28,2023-06-24,29,71.0,jane.moore@company.com,(495) 306-7691,Active
EMP047194,Jane,Hernandez,Jane Hernandez,59,Operations,Director,Miami,58563.92,2951.47,2023-03-06,36,88.0,jane.hernandez@company.com,(719) 464-2800,Inactive
EMP047195,Amanda,Garcia,Amanda Garcia,29,Engineering,Coordinator,New York,121285.49,11780.29,2020-10-26,0,58.4,amanda.garcia@company.com,(766) 598-6535,Active
EMP047196,Michael,Garcia,Michael Garcia,28,Marketing,Coordinator,San Francisco,57252.1,9761.63,2020-07-27,0,75.4,michael.garcia@company.com,(702) 777-8886,Active
EMP047197,Jane,Moore,Jane Moore,63,Engineering,Associate,Miami,97027.64,8556.17,2024-08-16,39,62.6,jane.moore@company.com,(661) 507-9328,Active
EMP047198,Stephanie,Jones,Stephanie Jones,23,Engineering,Manager,New York,70465.55,8116.34,2020-02-21,0,84.9,stephanie.jones@company.com,(947) 535-5716,Active
EMP047199,John,Rodriguez,John Rodriguez,46,Marketing,Coordinator,Miami,57932.33,1450.35,2020-10-26,23,63.6,john.rodriguez@company.com,(217) 608-2889,Active
EMP047200,Ashley,Johnson,Ashley Johnson,40,Operations,Coordinator,Boston,63127.87,6998.49,2022-12-31,18,79.2,ashley.johnson@company.com,(616) 817-6432,On Leave
EMP047201,Nicole,Jackson,Nicole Jackson,60,Sales,Associate,Los Angeles,111013.84,10519.05,2021-08-06,34,95.0,nicole.jackson@company.com,(386) 338-6340,Active
EMP047202,Ashley,Anderson,Ashley Anderson,35,HR,Analyst,New York,60680.92,8593.23,2024-08-02,11,42.3,ashley.anderson@company.com,(786) 652-4348,Active
EMP047203,Daniel,Thomas,Daniel Thomas,43,Sales,Associate,Austin,104494.62,10032.8,2024-11-15,19,57.5,daniel.thomas@company.com,(784) 429-3433,Active
EMP047204,Sarah,Wilson,Sarah Wilson,34,HR,Lead,Austin,111401.6,4847.49,2023-09-13,6,58.6,sarah.wilson@company.com,(531) 680-2304,Active
EMP047205,Robert,Davis,Robert Davis,48,Finance,Specialist,Austin,108478.81,21493.63,2021-12-14,26,70.6,robert.davis@company.com,(960) 263-4573,Active
EMP047206,David,Hernandez,David Hernandez,57,IT,Manager,Seattle,114538.65,15774.33,2020-05-26,33,86.3,david.hernandez@company.com,(929) 989-9313,Active
EMP047207,Ashley,Jackson,Ashley Jackson,62,Sales,Director,Chicago,56095.01,10091.46,2021-10-17,35,83.0,ashley.jackson@company.com,(786) 316-3980,Active
EMP047208,Nicole,Taylor,Nicole Taylor,41,Sales,Lead,Austin,85344.3,10213.41,2021-08-21,18,79.0,nicole.taylor@company.com,(952) 606-8173,Active
EMP047209,Stephanie,Brown,Stephanie Brown,52,Engineering,Lead,Miami,102232.48,14359.03,2024-03-13,23,44.6,stephanie.brown@company.com,(526) 818-9634,Active
EMP047210,James,Anderson,James Anderson,42,Marketing,Coordinator,Miami,53941.54,4243.33,2023-04-21,15,81.7,james.anderson@company.com,(965) 820-8752,Active
EMP047211,Stephanie,Jackson,Stephanie Jackson,29,Legal,Lead,Austin,90884.35,15366.07,2021-02-04,0,91.5,stephanie.jackson@company.com,(284) 406-8329,Active
EMP047212,Ashley,Anderson,Ashley Anderson,46,Sales,Associate,Miami,91271.13,7832.79,2024-12-16,19,81.0,ashley.anderson@company.com,(321) 473-8378,Active
EMP047213,Anthony,Davis,Anthony Davis,40,HR,Manager,Boston,72157.87,5711.08,2020-09-21,16,76.1,anthony.davis@company.com,(760) 365-5241,Active
EMP047214,James,Gonzalez,James Gonzalez,57,Engineering,Lead,San Francisco,146856.69,18581.86,2020-04-24,30,64.8,james.gonzalez@company.com,(676) 872-7794,Active
EMP047215,Melissa,Rodriguez,Melissa Rodriguez,57,HR,Specialist,Seattle,57001.5,11493.49,2022-01-30,29,87.0,melissa.rodriguez@company.com,(959) 353-9553,Active
EMP047216,Amanda,Hernandez,Amanda Hernandez,22,HR,Director,Boston,67809.86,12331.84,2023-10-26,0,75.8,amanda.hernandez@company.com,(258) 318-2352,Active
EMP047217,Jessica,Rodriguez,Jessica Rodriguez,57,Operations,Specialist,Boston,97015.62,6768.82,2023-12-12,32,68.2,jessica.rodriguez@company.com,(470) 970-4779,Active
EMP047218,William,Martinez,William Martinez,24,Marketing,Senior Developer,Chicago,45959.68,1700.56,2021-12-12,0,67.0,william.martinez@company.com,(392) 935-3828,Active
EMP047219,Daniel,Davis,Daniel Davis,58,Sales,Analyst,Los Angeles,77735.81,12446.96,2022-02-11,32,70.3,daniel.davis@company.com,(461) 624-3833,Active
EMP047220,Amanda,Garcia,Amanda Garcia,33,Sales,Senior Developer,Seattle,95157.71,14677.17,2022-02-02,11,88.2,amanda.garcia@company.com,(773) 455-2153,Active
EMP047221,William,Garcia,William Garcia,46,Sales,Senior Developer,Austin,94128.54,5470.1,2023-06-23,18,71.6,william.garcia@company.com,(484) 973-5483,Active
EMP047222,Michael,Moore,Michael Moore,27,Sales,Specialist,Los Angeles,60093.4,6278.0,2023-04-02,2,69.9,michael.moore@company.com,(242) 578-3252,Active
EMP047223,Robert,Martin,Robert Martin,22,Engineering,Coordinator,San Francisco,118736.25,18583.42,2020-04-25,0,58.3,robert.martin@company.com,(233) 883-6698,Active
EMP047224,Melissa,Brown,Melissa Brown,41,Sales,Analyst,Chicago,50722.74,5619.69,2023-04-17,19,65.2,melissa.brown@company.com,(466) 870-7214,On Leave
EMP047225,Stephanie,Taylor,Stephanie Taylor,35,IT,Analyst,Austin,73706.36,7135.8,2021-06-27,12,77.3,stephanie.taylor@company.com,(502) 952-6236,Active
EMP047226,William,Hernandez,William Hernandez,23,Engineering,Lead,Miami,66352.02,8894.21,2024-11-16,0,94.4,william.hernandez@company.com,(843) 281-2320,Active
EMP047227,Amanda,Martinez,Amanda Martinez,27,HR,Director,New York,77809.11,5117.56,2024-10-22,5,60.1,amanda.martinez@company.com,(732) 914-9824,Active
EMP047228,Jessica,Martin,Jessica Martin,36,Operations,Director,Miami,72053.16,8052.3,2020-06-12,11,85.1,jessica.martin@company.com,(842) 611-9010,Active
EMP047229,Robert,Gonzalez,Robert Gonzalez,29,Operations,Lead,Boston,51101.03,6369.01,2023-08-17,7,80.4,robert.gonzalez@company.com,(930) 810-4853,Active
EMP047230,Anthony,Johnson,Anthony Johnson,64,Marketing,Associate,San Francisco,72026.56,10243.28,2024-08-11,40,76.8,anthony.johnson@company.com,(789) 391-1022,Active
EMP047231,Amanda,Johnson,Amanda Johnson,44,Engineering,Senior Developer,Austin,90873.92,0.0,2020-08-08,18,73.5,amanda.johnson@company.com,(629) 830-2453,Active
EMP047232,Robert,Davis,Robert Davis,62,Operations,Associate,Boston,75228.74,5888.62,2024-01-31,36,66.7,robert.davis@company.com,(513) 900-7318,Active
EMP047233,Amanda,Lopez,Amanda Lopez,40,Legal,Associate,Chicago,60767.58,8957.03,2020-01-18,13,69.3,amanda.lopez@company.com,(960) 691-2441,Active
EMP047234,Daniel,Johnson,Daniel Johnson,25,Operations,Coordinator,Seattle,42857.56,5934.16,2023-05-18,0,86.5,daniel.johnson@company.com,(544) 702-3927,Active
EMP047235,Emily,Smith,Emily Smith,32,Operations,Coordinator,Austin,64056.62,9519.93,2020-09-14,9,86.3,emily.smith@company.com,(751) 926-7971,Active
EMP047236,James,Miller,James Miller,25,IT,Specialist,San Francisco,83785.17,10394.9,2021-06-14,0,73.2,james.miller@company.com,(287) 467-2322,Inactive
EMP047237,Michael,Smith,Michael Smith,61,Engineering,Director,New York,133909.59,1666.02,2020-12-31,36,100.0,michael.smith@company.com,(879) 569-7920,Active
EMP047238,Jessica,Hernandez,Jessica Hernandez,25,Legal,Manager,Austin,61819.46,252.24,2024-06-28,2,56.7,jessica.hernandez@company.com,(505) 602-5812,Active
EMP047239,Christopher,Rodriguez,Christopher Rodriguez,58,IT,Manager,Austin,73149.83,10093.65,2023-07-04,29,77.8,christopher.rodriguez@company.com,(233) 629-9557,Active
EMP047240,James,Hernandez,James Hernandez,39,Sales,Coordinator,New York,78732.78,3538.84,2020-05-28,11,78.4,james.hernandez@company.com,(800) 422-3158,Active
EMP047241,Christopher,Wilson,Christopher Wilson,24,Legal,Senior Developer,Boston,65343.48,4370.3,2022-02-01,0,68.5,christopher.wilson@company.com,(467) 662-9485,Active
EMP047242,James,Wilson,James Wilson,45,Operations,Coordinator,Chicago,66672.59,10676.73,2021-02-28,23,76.9,james.wilson@company.com,(381) 347-4500,Active
EMP047243,Ashley,Williams,Ashley Williams,54,Legal,Manager,San Francisco,75406.62,3352.22,2024-05-27,31,81.1,ashley.williams@company.com,(826) 709-2678,Active
EMP047244,Matthew,Moore,Matthew Moore,63,HR,Lead,Los Angeles,78456.82,8413.64,2021-08-08,38,74.7,matthew.moore@company.com,(682) 447-9536,Active
EMP047245,Robert,Rodriguez,Robert Rodriguez,60,Operations,Senior Developer,Chicago,72268.04,7224.89,2022-08-28,37,71.1,robert.rodriguez@company.com,(357) 803-6648,Active
EMP047246,Melissa,Gonzalez,Melissa Gonzalez,48,IT,Lead,Los Angeles,109111.61,15812.6,2023-01-04,20,71.3,melissa.gonzalez@company.com,(658) 232-9971,Inactive
EMP047247,Nicole,Rodriguez,Nicole Rodriguez,30,HR,Coordinator,Boston,31440.43,4575.09,2023-08-28,6,100.0,nicole.rodriguez@company.com,(964) 649-9666,On Leave
EMP047248,Matthew,Lopez,Matthew Lopez,61,IT,Coordinator,Miami,117522.2,13503.12,2023-10-18,39,51.9,matthew.lopez@company.com,(525) 566-4678,Active
EMP047249,Stephanie,Johnson,Stephanie Johnson,65,Marketing,Senior Developer,Los Angeles,82060.25,3689.86,2020-07-04,43,49.3,stephanie.johnson@company.com,(696) 744-1263,Active
EMP047250,Anthony,Jones,Anthony Jones,39,Sales,Analyst,San Francisco,71688.02,4977.05,2020-02-23,16,70.4,anthony.jones@company.com,(328) 350-3559,Active
EMP047251,Robert,Thomas,Robert Thomas,39,Finance,Director,San Francisco,70358.28,13167.27,2020-08-27,12,85.8,robert.thomas@company.com,(368) 414-7756,Active
EMP047252,William,Johnson,William Johnson,36,Legal,Analyst,Austin,104645.78,6080.09,2023-08-15,9,67.8,william.johnson@company.com,(574) 317-8740,Active
EMP047253,Jane,Johnson,Jane Johnson,26,Legal,Senior Developer,Los Angeles,98291.56,9277.97,2020-06-23,0,65.8,jane.johnson@company.com,(990) 350-3344,On Leave
EMP047254,Melissa,Wilson,Melissa Wilson,31,Sales,Specialist,New York,53629.59,2724.86,2024-08-10,9,89.4,melissa.wilson@company.com,(233) 739-2452,Active
EMP047255,Matthew,Miller,Matthew Miller,63,Sales,Manager,Austin,85992.61,4123.76,2024-01-26,36,80.1,matthew.miller@company.com,(312) 444-6147,Active
EMP047256,Lisa,Garcia,Lisa Garcia,48,HR,Specialist,Miami,78973.54,0.0,2022-12-14,25,86.2,lisa.garcia@company.com,(669) 746-3306,Active
EMP047257,Nicole,Thomas,Nicole Thomas,61,Engineering,Manager,Seattle,141001.87,14833.17,2020-05-07,39,69.6,nicole.thomas@company.com,(556) 678-6058,Active
EMP047258,Lisa,Martin,Lisa Martin,57,Legal,Senior Developer,Austin,107089.57,18378.3,2024-11-30,29,67.3,lisa.martin@company.com,(421) 909-6665,Active
EMP047259,Ashley,Gonzalez,Ashley Gonzalez,43,Legal,Director,Los Angeles,120230.96,15112.74,2023-09-23,14,55.8,ashley.gonzalez@company.com,(930) 574-3490,Active
EMP047260,Ashley,Johnson,Ashley Johnson,31,Marketing,Specialist,Miami,62040.89,7985.68,2020-10-13,3,99.1,ashley.johnson@company.com,(595) 852-2979,Inactive
EMP047261,Stephanie,Jackson,Stephanie Jackson,26,Marketing,Lead,New York,60814.0,8507.73,2024-07-14,0,79.0,stephanie.jackson@company.com,(404) 231-4776,Active
EMP047262,John,Garcia,John Garcia,43,Sales,Coordinator,Los Angeles,61145.14,1777.85,2024-02-14,17,72.8,john.garcia@company.com,(585) 746-5491,Active
EMP047263,Robert,Brown,Robert Brown,22,Legal,Senior Developer,Chicago,76334.62,6948.22,2022-03-17,0,76.2,robert.brown@company.com,(307) 808-1019,Active
EMP047264,Lisa,Gonzalez,Lisa Gonzalez,43,Legal,Coordinator,Boston,68757.7,6855.22,2024-08-16,17,70.4,lisa.gonzalez@company.com,(991) 543-4914,Active
EMP047265,David,Lopez,David Lopez,64,Operations,Manager,Boston,79471.87,3623.77,2022-03-19,35,93.5,david.lopez@company.com,(552) 681-3899,Active
EMP047266,Nicole,Jones,Nicole Jones,31,Marketing,Coordinator,Los Angeles,58930.9,8597.63,2023-03-06,3,80.5,nicole.jones@company.com,(506) 207-4671,Active
EMP047267,Robert,Martin,Robert Martin,41,HR,Associate,Boston,96139.16,3846.75,2022-08-11,17,77.1,robert.martin@company.com,(462) 231-3931,Inactive
EMP047268,Anthony,Smith,Anthony Smith,64,HR,Manager,San Francisco,71930.33,2416.71,2023-01-06,42,78.8,anthony.smith@company.com,(496) 916-6493,Active
EMP047269,Matthew,Martin,Matthew Martin,61,Sales,Manager,Boston,84672.96,9437.91,2021-07-04,35,81.5,matthew.martin@company.com,(368) 278-2013,Active
EMP047270,Christopher,Jackson,Christopher Jackson,26,Operations,Manager,Austin,43243.49,4354.8,2024-09-05,3,94.9,christopher.jackson@company.com,(304) 904-6298,Active
EMP047271,Melissa,Brown,Melissa Brown,22,Engineering,Senior Developer,New York,49918.6,6531.59,2021-05-03,0,100.0,melissa.brown@company.com,(401) 852-5153,Active
EMP047272,Lisa,Gonzalez,Lisa Gonzalez,64,Operations,Director,Austin,82495.56,11172.27,2024-01-03,37,51.4,lisa.gonzalez@company.com,(619) 327-7753,Active
EMP047273,Robert,Martinez,Robert Martinez,53,Marketing,Specialist,Austin,64105.55,0.0,2023-05-20,29,83.7,robert.martinez@company.com,(965) 929-7887,Active
EMP047274,Anthony,Lopez,Anthony Lopez,24,Engineering,Analyst,Seattle,91541.31,13355.08,2023-01-29,0,62.1,anthony.lopez@company.com,(861) 836-4351,Active
EMP047275,Jessica,Rodriguez,Jessica Rodriguez,45,Operations,Director,Miami,84546.96,8034.43,2023-03-26,19,67.0,jessica.rodriguez@company.com,(619) 942-9665,Active
EMP047276,Matthew,Miller,Matthew Miller,48,Engineering,Associate,Miami,67584.41,8159.1,2020-11-10,23,84.1,matthew.miller@company.com,(494) 774-1097,Active
EMP047277,Jane,Johnson,Jane Johnson,23,Operations,Senior Developer,Boston,48816.11,5455.21,2022-09-15,0,56.8,jane.johnson@company.com,(243) 881-6992,Active
EMP047278,John,Johnson,John Johnson,63,Legal,Analyst,New York,132884.93,8876.52,2022-01-18,34,79.0,john.johnson@company.com,(703) 996-2485,Active
EMP047279,Amanda,Johnson,Amanda Johnson,44,HR,Manager,New York,75733.69,2614.79,2023-02-01,18,100.0,amanda.johnson@company.com,(841) 842-6469,Active
EMP047280,Michael,Hernandez,Michael Hernandez,52,Engineering,Analyst,San Francisco,112183.24,7857.41,2022-04-27,30,78.6,michael.hernandez@company.com,(825) 870-6788,Active
EMP047281,Lisa,Hernandez,Lisa Hernandez,48,Legal,Analyst,Seattle,88415.37,11687.93,2023-04-05,22,66.9,lisa.hernandez@company.com,(700) 881-3313,Active
EMP047282,Amanda,Smith,Amanda Smith,62,IT,Senior Developer,Austin,132071.61,11309.53,2020-12-22,40,59.7,amanda.smith@company.com,(434) 585-7348,Active
EMP047283,William,Anderson,William Anderson,33,Engineering,Director,Boston,140056.54,27134.84,2023-04-20,11,100.0,william.anderson@company.com,(982) 611-2766,Inactive
EMP047284,Daniel,Gonzalez,Daniel Gonzalez,40,Sales,Analyst,Seattle,60984.8,4189.83,2024-04-09,14,76.8,daniel.gonzalez@company.com,(737) 607-3509,Inactive
EMP047285,William,Jones,William Jones,49,Finance,Director,San Francisco,89094.84,9552.39,2023-12-07,26,86.9,william.jones@company.com,(693) 954-7849,Active
EMP047286,Michael,Davis,Michael Davis,38,Engineering,Director,Chicago,67100.95,0.0,2020-11-07,11,65.0,michael.davis@company.com,(694) 663-4635,Active
EMP047287,Jessica,Garcia,Jessica Garcia,61,Marketing,Specialist,Miami,76962.53,1219.95,2021-12-25,33,58.9,jessica.garcia@company.com,(934) 801-1351,Active
EMP047288,William,Jones,William Jones,35,IT,Manager,Chicago,87301.05,9675.17,2020-08-16,10,66.7,william.jones@company.com,(977) 886-2783,Active
EMP047289,William,Martin,William Martin,36,IT,Lead,Austin,103155.86,8847.64,2023-09-29,13,82.8,william.martin@company.com,(750) 871-4859,Active
EMP047290,Robert,Williams,Robert Williams,30,Engineering,Associate,Austin,102849.23,16292.41,2021-07-12,4,100.0,robert.williams@company.com,(262) 613-8307,Inactive
EMP047291,Stephanie,Johnson,Stephanie Johnson,51,Sales,Senior Developer,Boston,88903.3,7580.82,2022-10-26,28,64.8,stephanie.johnson@company.com,(881) 677-2007,Active
EMP047292,Jane,Smith,Jane Smith,41,HR,Director,Boston,50290.19,280.49,2024-01-31,13,54.6,jane.smith@company.com,(812) 304-7992,Active
EMP047293,Robert,Rodriguez,Robert Rodriguez,34,Engineering,Manager,Los Angeles,96066.35,16439.07,2020-01-31,9,87.7,robert.rodriguez@company.com,(720) 324-5033,Active
EMP047294,Amanda,Thomas,Amanda Thomas,23,Sales,Director,Chicago,56899.33,9693.26,2020-05-14,0,76.0,amanda.thomas@company.com,(555) 369-7869,Active
EMP047295,Stephanie,Garcia,Stephanie Garcia,51,Engineering,Lead,Chicago,146270.29,17356.5,2021-09-13,22,53.9,stephanie.garcia@company.com,(971) 964-7087,Active
EMP047296,Matthew,Gonzalez,Matthew Gonzalez,28,Engineering,Senior Developer,Los Angeles,92798.99,8098.75,2020-03-02,2,80.3,matthew.gonzalez@company.com,(473) 925-3366,Active
EMP047297,Ashley,Thomas,Ashley Thomas,27,Sales,Lead,Los Angeles,65839.46,7055.75,2023-12-17,1,48.6,ashley.thomas@company.com,(376) 912-1397,Active
EMP047298,Christopher,Martinez,Christopher Martinez,41,IT,Coordinator,San Francisco,53214.9,9189.98,2021-06-26,12,53.7,christopher.martinez@company.com,(406) 578-4404,Active
EMP047299,Melissa,Davis,Melissa Davis,57,HR,Coordinator,Los Angeles,51025.52,6240.65,2023-11-28,28,62.6,melissa.davis@company.com,(510) 298-3383,Active
EMP047300,Matthew,Martinez,Matthew Martinez,35,IT,Lead,Seattle,83172.29,14462.35,2020-12-01,8,84.5,matthew.martinez@company.com,(336) 666-8099,Active
EMP047301,Michael,Thomas,Michael Thomas,42,IT,Coordinator,Seattle,64656.47,10160.15,2021-07-03,17,74.6,michael.thomas@company.com,(746) 767-3563,Active
EMP047302,Ashley,Jackson,Ashley Jackson,65,HR,Analyst,Miami,83176.94,11371.19,2024-10-08,38,70.6,ashley.jackson@company.com,(902) 729-4083,Active
EMP047303,Nicole,Garcia,Nicole Garcia,28,Engineering,Lead,Chicago,79871.59,13124.85,2024-02-06,0,89.5,nicole.garcia@company.com,(483) 905-7996,Active
EMP047304,Ashley,Wilson,Ashley Wilson,56,Legal,Associate,Austin,86927.79,12541.66,2024-09-28,33,66.8,ashley.wilson@company.com,(624) 585-6692,Active
EMP047305,Robert,Rodriguez,Robert Rodriguez,38,Marketing,Manager,Miami,79939.82,12383.57,2021-10-21,10,88.7,robert.rodriguez@company.com,(773) 463-6005,Active
EMP047306,Melissa,Anderson,Melissa Anderson,41,Operations,Lead,Los Angeles,58919.5,2675.18,2024-03-17,13,74.5,melissa.anderson@company.com,(639) 384-1161,Active
EMP047307,John,Lopez,John Lopez,53,Marketing,Specialist,Miami,74036.38,4731.89,2023-06-16,28,78.1,john.lopez@company.com,(605) 251-5094,Active
EMP047308,Ashley,Brown,Ashley Brown,54,Finance,Coordinator,San Francisco,87817.96,3234.92,2021-10-12,30,77.4,ashley.brown@company.com,(673) 348-4637,Active
EMP047309,Anthony,Wilson,Anthony Wilson,37,HR,Specialist,Miami,76025.02,1777.55,2021-12-11,15,64.9,anthony.wilson@company.com,(256) 260-8479,Active
EMP047310,Nicole,Garcia,Nicole Garcia,64,Legal,Senior Developer,Austin,104794.97,10136.56,2020-09-28,39,71.5,nicole.garcia@company.com,(200) 309-6589,Active
EMP047311,Daniel,Williams,Daniel Williams,58,Engineering,Associate,New York,72794.31,12324.23,2022-10-17,34,76.7,daniel.williams@company.com,(298) 566-7786,Active
EMP047312,Stephanie,Smith,Stephanie Smith,22,IT,Lead,Miami,83477.8,2503.29,2021-08-20,0,66.7,stephanie.smith@company.com,(346) 252-7868,Active
EMP047313,Amanda,Jackson,Amanda Jackson,39,IT,Specialist,Miami,106067.79,10671.69,2023-09-27,10,66.3,amanda.jackson@company.com,(491) 525-4121,Active
EMP047314,Michael,Thomas,Michael Thomas,38,Engineering,Senior Developer,San Francisco,101862.61,7068.97,2022-03-28,14,66.6,michael.thomas@company.com,(299) 532-6333,Active
EMP047315,John,Jackson,John Jackson,65,Marketing,Senior Developer,Chicago,99374.33,3886.83,2020-09-30,42,72.9,john.jackson@company.com,(950) 746-8848,Inactive
EMP047316,James,Martinez,James Martinez,50,Operations,Specialist,San Francisco,62648.72,7736.9,2024-03-29,21,50.7,james.martinez@company.com,(873) 870-4302,Active
EMP047317,Amanda,Williams,Amanda Williams,50,Sales,Associate,New York,63242.5,486.72,2020-05-15,25,74.5,amanda.williams@company.com,(327) 939-2537,Active
EMP047318,Matthew,Wilson,Matthew Wilson,56,Engineering,Associate,Seattle,102203.0,9311.82,2023-05-06,28,67.5,matthew.wilson@company.com,(437) 655-9164,Active
EMP047319,Christopher,Brown,Christopher Brown,24,HR,Analyst,New York,60923.45,2010.95,2022-02-15,0,100.0,christopher.brown@company.com,(814) 933-4958,Active
EMP047320,David,Williams,David Williams,61,Operations,Lead,San Francisco,78810.74,9684.04,2021-01-17,37,44.2,david.williams@company.com,(225) 605-9772,Active
EMP047321,Amanda,Miller,Amanda Miller,34,Marketing,Director,New York,28500.0,281.72,2022-12-05,8,65.3,amanda.miller@company.com,(663) 713-8888,Active
EMP047322,William,Lopez,William Lopez,63,Legal,Director,Seattle,144816.06,11339.06,2023-09-16,37,50.5,william.lopez@company.com,(995) 599-3802,Active
EMP047323,Emily,Garcia,Emily Garcia,60,Operations,Associate,Boston,67392.37,11402.27,2023-08-21,35,79.8,emily.garcia@company.com,(748) 225-1641,Active
EMP047324,Christopher,Gonzalez,Christopher Gonzalez,50,Finance,Lead,Chicago,104670.02,14333.41,2022-11-13,24,100.0,christopher.gonzalez@company.com,(917) 868-1450,Active
EMP047325,Melissa,Martin,Melissa Martin,46,Marketing,Associate,Chicago,78557.93,13240.96,2021-09-17,17,71.2,melissa.martin@company.com,(256) 974-8420,Active
EMP047326,Matthew,Brown,Matthew Brown,46,Operations,Director,Chicago,71822.46,391.13,2022-07-15,22,82.2,matthew.brown@company.com,(641) 642-3287,Active
EMP047327,Christopher,Lopez,Christopher Lopez,37,Engineering,Coordinator,New York,82814.42,14651.06,2023-07-22,10,100.0,christopher.lopez@company.com,(976) 563-1382,Active
EMP047328,James,Garcia,James Garcia,22,IT,Senior Developer,Miami,68862.98,3375.97,2021-03-19,0,65.6,james.garcia@company.com,(852) 983-8224,Active
EMP047329,Michael,Anderson,Michael Anderson,65,HR,Associate,New York,84516.96,8764.38,2022-04-02,36,74.3,michael.anderson@company.com,(663) 912-4057,Active
EMP047330,Jane,Anderson,Jane Anderson,26,Operations,Director,San Francisco,64595.14,6857.16,2020-01-01,2,81.0,jane.anderson@company.com,(477) 777-8674,Active
EMP047331,Lisa,Gonzalez,Lisa Gonzalez,65,Sales,Senior Developer,Seattle,101453.46,18410.0,2020-08-18,38,64.0,lisa.gonzalez@company.com,(365) 310-2238,Active
EMP047332,William,Gonzalez,William Gonzalez,51,Engineering,Associate,Los Angeles,104785.15,14779.07,2024-10-07,22,100.0,william.gonzalez@company.com,(767) 267-7591,Active
EMP047333,Melissa,Brown,Melissa Brown,43,Operations,Director,San Francisco,68294.19,12899.49,2022-05-16,14,68.1,melissa.brown@company.com,(656) 644-1691,Inactive
EMP047334,Anthony,Brown,Anthony Brown,27,Finance,Lead,Seattle,33000.0,2795.09,2020-08-02,0,86.8,anthony.brown@company.com,(662) 794-4757,Active
EMP047335,Amanda,Martinez,Amanda Martinez,41,Operations,Manager,Los Angeles,91204.26,13301.67,2022-12-27,17,73.2,amanda.martinez@company.com,(657) 631-4236,Active
EMP047336,Nicole,Anderson,Nicole Anderson,27,Finance,Lead,Austin,65410.21,5947.13,2024-11-14,0,69.3,nicole.anderson@company.com,(423) 715-8409,Active
EMP047337,Michael,Moore,Michael Moore,27,IT,Director,San Francisco,50694.02,6806.52,2024-09-19,4,56.5,michael.moore@company.com,(738) 361-2895,Active
EMP047338,William,Martinez,William Martinez,29,Sales,Associate,New York,69625.06,6430.23,2020-01-18,3,87.2,william.martinez@company.com,(432) 356-3339,Active
EMP047339,Anthony,Rodriguez,Anthony Rodriguez,43,HR,Analyst,Boston,76438.47,6035.6,2021-10-09,18,100.0,anthony.rodriguez@company.com,(791) 688-9333,On Leave
EMP047340,Michael,Jones,Michael Jones,22,IT,Coordinator,Chicago,75978.01,9427.69,2023-08-01,0,59.1,michael.jones@company.com,(820) 367-4976,Active
EMP047341,Nicole,Jones,Nicole Jones,24,IT,Analyst,Miami,77270.42,8841.77,2023-03-30,0,80.9,nicole.jones@company.com,(301) 743-6111,Active
EMP047342,John,Thomas,John Thomas,43,Sales,Senior Developer,Seattle,93964.52,13985.39,2024-02-19,14,82.0,john.thomas@company.com,(522) 872-6793,Inactive
EMP047343,Robert,Lopez,Robert Lopez,33,Marketing,Director,New York,54913.18,4929.5,2024-02-16,5,96.2,robert.lopez@company.com,(523) 680-9237,Active
EMP047344,Sarah,Martinez,Sarah Martinez,41,Legal,Director,Miami,92920.72,2892.79,2021-02-03,13,91.8,sarah.martinez@company.com,(428) 831-6949,Active
EMP047345,Christopher,Wilson,Christopher Wilson,49,Operations,Manager,Seattle,67903.35,3596.25,2024-04-05,23,75.9,christopher.wilson@company.com,(282) 264-6121,Active
EMP047346,Jessica,Garcia,Jessica Garcia,31,Sales,Lead,Seattle,52242.3,1912.4,2020-01-19,7,70.2,jessica.garcia@company.com,(923) 596-2800,On Leave
EMP047347,Daniel,Anderson,Daniel Anderson,53,Operations,Specialist,Seattle,61934.77,5170.17,2020-08-08,30,76.1,daniel.anderson@company.com,(544) 263-8058,Active
EMP047348,Stephanie,Moore,Stephanie Moore,63,Legal,Coordinator,Chicago,96283.12,5530.59,2024-05-27,37,68.8,stephanie.moore@company.com,(610) 205-6227,Active
EMP047349,Sarah,Davis,Sarah Davis,56,Legal,Manager,Austin,96877.81,8964.15,2022-09-21,33,58.6,sarah.davis@company.com,(738) 241-4647,Active
EMP047350,John,Thomas,John Thomas,38,Finance,Coordinator,Seattle,99614.33,15845.92,2024-06-02,11,77.1,john.thomas@company.com,(803) 930-3797,Active
EMP047351,Michael,Jackson,Michael Jackson,61,Engineering,Analyst,Miami,111446.28,8609.84,2024-08-24,34,74.9,michael.jackson@company.com,(741) 862-2196,Active
EMP047352,Jessica,Gonzalez,Jessica Gonzalez,29,Operations,Lead,Seattle,68009.79,7808.34,2022-04-24,6,75.3,jessica.gonzalez@company.com,(845) 647-4650,Active
EMP047353,Jane,Martinez,Jane Martinez,45,Finance,Analyst,Seattle,98137.52,17383.71,2024-10-28,17,75.8,jane.martinez@company.com,(372) 759-2332,Active
EMP047354,Emily,Lopez,Emily Lopez,63,Finance,Senior Developer,Seattle,102999.65,4011.37,2022-09-18,41,80.7,emily.lopez@company.com,(684) 615-5517,Active
EMP047355,David,Jackson,David Jackson,50,Legal,Manager,Seattle,105394.92,9073.05,2023-11-05,26,71.8,david.jackson@company.com,(485) 504-1277,Active
EMP047356,Nicole,Hernandez,Nicole Hernandez,48,IT,Director,Los Angeles,66682.89,8206.24,2020-02-17,22,68.2,nicole.hernandez@company.com,(743) 833-7734,Active
EMP047357,Michael,Moore,Michael Moore,22,Marketing,Manager,San Francisco,61930.82,7121.1,2024-04-28,0,81.9,michael.moore@company.com,(266) 234-1291,Active
EMP047358,Jane,Jones,Jane Jones,61,Legal,Specialist,Chicago,147460.44,1488.91,2021-01-23,34,85.4,jane.jones@company.com,(918) 676-8210,Active
EMP047359,William,Martin,William Martin,43,HR,Coordinator,Austin,75986.64,9944.58,2020-02-13,14,77.3,william.martin@company.com,(342) 641-3131,Active
EMP047360,Stephanie,Martin,Stephanie Martin,24,Finance,Specialist,Seattle,37914.07,3888.44,2023-02-04,0,71.1,stephanie.martin@company.com,(354) 416-6221,On Leave
EMP047361,Stephanie,Miller,Stephanie Miller,24,Engineering,Associate,Austin,93558.34,11116.4,2021-07-15,2,79.7,stephanie.miller@company.com,(464) 246-7780,Inactive
EMP047362,William,Jones,William Jones,28,HR,Senior Developer,Chicago,53788.48,5322.15,2020-04-21,6,54.2,william.jones@company.com,(774) 542-2422,Active
EMP047363,Amanda,Brown,Amanda Brown,41,Finance,Associate,Los Angeles,82321.94,10361.82,2020-09-08,16,73.7,amanda.brown@company.com,(460) 449-6645,Active
EMP047364,Robert,Jackson,Robert Jackson,53,HR,Specialist,Seattle,78720.67,15389.36,2022-07-31,31,88.0,robert.jackson@company.com,(213) 440-3823,Active
EMP047365,Stephanie,Lopez,Stephanie Lopez,60,Legal,Specialist,Miami,123996.87,7522.87,2024-03-14,37,96.0,stephanie.lopez@company.com,(900) 373-4539,Active
EMP047366,Jane,Williams,Jane Williams,65,Sales,Director,Los Angeles,96839.21,9802.53,2021-01-22,36,67.3,jane.williams@company.com,(574) 965-6495,Active
EMP047367,John,Lopez,John Lopez,37,Legal,Specialist,San Francisco,103310.19,11774.7,2020-11-04,11,81.6,john.lopez@company.com,(308) 905-6353,Active
EMP047368,Christopher,Moore,Christopher Moore,61,Finance,Senior Developer,Austin,107803.73,10518.86,2020-10-06,35,84.3,christopher.moore@company.com,(200) 492-7134,Inactive
EMP047369,William,Wilson,William Wilson,23,Marketing,Director,New York,48446.15,8108.53,2021-01-06,0,84.8,william.wilson@company.com,(750) 818-3782,Active
EMP047370,Daniel,Wilson,Daniel Wilson,31,Operations,Coordinator,Boston,41807.58,7159.67,2023-06-25,5,93.5,daniel.wilson@company.com,(218) 209-9568,Active
EMP047371,John,Jones,John Jones,33,IT,Director,Los Angeles,87016.97,10689.89,2023-04-22,5,65.6,john.jones@company.com,(884) 218-9501,Active
EMP047372,Anthony,Taylor,Anthony Taylor,22,Engineering,Analyst,Boston,72710.49,10070.8,2020-10-07,0,80.4,anthony.taylor@company.com,(810) 777-3305,Active
EMP047373,Anthony,Rodriguez,Anthony Rodriguez,30,Finance,Coordinator,New York,57571.58,6479.1,2023-04-16,1,89.2,anthony.rodriguez@company.com,(458) 752-3812,Active
EMP047374,Stephanie,Rodriguez,Stephanie Rodriguez,52,Marketing,Manager,Boston,78242.03,7880.71,2022-03-09,23,50.2,stephanie.rodriguez@company.com,(390) 931-3276,Inactive
EMP047375,John,Brown,John Brown,26,Sales,Senior Developer,Austin,69586.63,10558.27,2023-06-14,0,85.1,john.brown@company.com,(545) 481-1610,Active
EMP047376,Melissa,Taylor,Melissa Taylor,42,Sales,Director,New York,44200.91,2502.92,2022-11-28,19,94.2,melissa.taylor@company.com,(957) 333-4462,Active
EMP047377,Matthew,Moore,Matthew Moore,32,Sales,Senior Developer,San Francisco,41590.16,3663.35,2020-12-01,10,80.4,matthew.moore@company.com,(813) 505-7685,Inactive
EMP047378,James,Hernandez,James Hernandez,41,Operations,Coordinator,San Francisco,78100.11,9712.05,2022-06-12,12,65.8,james.hernandez@company.com,(208) 894-6671,Active
EMP047379,Emily,Miller,Emily Miller,28,Legal,Manager,Los Angeles,104305.56,11725.82,2022-04-23,4,100.0,emily.miller@company.com,(527) 489-7100,Active
EMP047380,Michael,Taylor,Michael Taylor,60,Sales,Lead,Austin,75226.96,6096.35,2020-01-03,38,75.9,michael.taylor@company.com,(477) 672-5258,Active
EMP047381,Ashley,Taylor,Ashley Taylor,24,Finance,Coordinator,New York,74413.67,9690.15,2022-08-20,2,53.0,ashley.taylor@company.com,(274) 266-4566,Active
EMP047382,John,Hernandez,John Hernandez,38,Marketing,Senior Developer,Seattle,78464.53,7613.51,2023-02-27,14,100.0,john.hernandez@company.com,(229) 655-1565,Active
EMP047383,Ashley,Smith,Ashley Smith,51,Marketing,Associate,Seattle,63349.98,6166.12,2023-02-09,24,88.9,ashley.smith@company.com,(982) 365-9807,Active
EMP047384,Daniel,Williams,Daniel Williams,47,Finance,Specialist,Austin,84064.86,14299.2,2023-07-11,23,67.9,daniel.williams@company.com,(881) 299-9306,Active
EMP047385,Matthew,Davis,Matthew Davis,61,Finance,Associate,Miami,100096.9,8776.31,2022-10-17,38,49.4,matthew.davis@company.com,(816) 449-3459,Active
EMP047386,Lisa,Lopez,Lisa Lopez,25,Finance,Director,Seattle,52139.42,5492.13,2020-01-26,3,54.3,lisa.lopez@company.com,(560) 377-1532,Active
EMP047387,Jessica,Anderson,Jessica Anderson,47,HR,Associate,Chicago,51403.65,7328.12,2020-08-11,19,34.1,jessica.anderson@company.com,(384) 544-7666,Active
EMP047388,Robert,Smith,Robert Smith,57,Sales,Associate,San Francisco,76823.94,12309.19,2021-01-18,30,76.6,robert.smith@company.com,(274) 985-6970,Active
EMP047389,Stephanie,Brown,Stephanie Brown,43,Sales,Manager,New York,74413.87,7375.54,2023-06-11,16,55.7,stephanie.brown@company.com,(211) 227-5751,Active
EMP047390,Christopher,Davis,Christopher Davis,53,Operations,Analyst,San Francisco,92320.45,5557.96,2023-12-14,27,82.4,christopher.davis@company.com,(754) 762-3790,Inactive
EMP047391,Melissa,Garcia,Melissa Garcia,58,HR,Specialist,Seattle,87730.69,9264.29,2023-07-13,36,75.9,melissa.garcia@company.com,(210) 318-5011,Active
EMP047392,Melissa,Martin,Melissa Martin,32,Engineering,Lead,New York,80305.22,10918.41,2022-03-28,10,61.6,melissa.martin@company.com,(571) 500-5353,Active
EMP047393,Lisa,Jones,Lisa Jones,39,Legal,Specialist,Boston,86038.73,7987.1,2021-06-06,12,64.7,lisa.jones@company.com,(828) 411-6292,Active
EMP047394,Michael,Lopez,Michael Lopez,55,HR,Senior Developer,Austin,74014.69,11250.01,2020-01-07,30,63.5,michael.lopez@company.com,(626) 872-6266,Active
EMP047395,John,Wilson,John Wilson,32,Engineering,Analyst,Miami,52685.98,7408.39,2022-02-25,4,97.2,john.wilson@company.com,(584) 216-7915,Active
EMP047396,David,Anderson,David Anderson,36,Sales,Manager,San Francisco,69722.68,8004.02,2022-10-28,13,84.6,david.anderson@company.com,(225) 501-6587,Active
EMP047397,Daniel,Davis,Daniel Davis,45,IT,Analyst,Seattle,72315.32,14012.41,2023-05-31,22,71.1,daniel.davis@company.com,(605) 315-7993,Active
EMP047398,Jessica,Lopez,Jessica Lopez,43,IT,Senior Developer,New York,86702.33,0.0,2023-03-08,18,80.9,jessica.lopez@company.com,(514) 330-3512,Inactive
EMP047399,Daniel,Garcia,Daniel Garcia,44,Finance,Manager,Austin,93539.21,718.56,2021-02-27,15,49.0,daniel.garcia@company.com,(490) 773-3104,Active
EMP047400,Melissa,Rodriguez,Melissa Rodriguez,56,HR,Specialist,San Francisco,70069.9,1929.36,2022-01-24,30,100.0,melissa.rodriguez@company.com,(259) 643-4221,On Leave
EMP047401,Christopher,Anderson,Christopher Anderson,32,Legal,Senior Developer,San Francisco,46127.92,4757.8,2021-04-24,10,69.1,christopher.anderson@company.com,(771) 448-1778,Active
EMP047402,Melissa,Smith,Melissa Smith,57,HR,Coordinator,San Francisco,101406.62,3850.96,2021-06-18,34,64.0,melissa.smith@company.com,(843) 792-8949,Active
EMP047403,David,Martinez,David Martinez,55,Sales,Lead,San Francisco,100063.61,7429.24,2021-08-23,30,81.6,david.martinez@company.com,(725) 540-7927,Active
EMP047404,Lisa,Martin,Lisa Martin,43,Legal,Lead,San Francisco,80902.3,6664.0,2024-04-04,17,55.4,lisa.martin@company.com,(881) 731-7666,Active
EMP047405,Ashley,Davis,Ashley Davis,52,Finance,Lead,Seattle,77661.91,1771.97,2021-01-10,30,63.0,ashley.davis@company.com,(871) 432-4458,Active
EMP047406,Christopher,Wilson,Christopher Wilson,55,Engineering,Associate,Chicago,107367.86,14289.12,2021-09-17,33,68.3,christopher.wilson@company.com,(417) 789-7102,Inactive
EMP047407,John,Taylor,John Taylor,50,Finance,Senior Developer,Boston,76939.64,4841.05,2023-04-06,24,91.5,john.taylor@company.com,(552) 546-9960,Active
EMP047408,Lisa,Rodriguez,Lisa Rodriguez,58,Legal,Specialist,New York,108967.56,10109.32,2020-10-16,31,75.9,lisa.rodriguez@company.com,(478) 945-5405,Active
EMP047409,Lisa,Johnson,Lisa Johnson,31,Legal,Senior Developer,Seattle,105566.38,20337.91,2023-09-07,8,98.6,lisa.johnson@company.com,(582) 501-6529,Active
EMP047410,David,Johnson,David Johnson,25,Marketing,Specialist,Chicago,71828.72,4225.23,2021-04-22,0,66.0,david.johnson@company.com,(923) 573-6278,Active
EMP047411,Jane,Martin,Jane Martin,38,Operations,Analyst,Los Angeles,71102.41,8181.46,2020-10-20,14,91.4,jane.martin@company.com,(424) 904-9924,Active
EMP047412,William,Hernandez,William Hernandez,23,Marketing,Coordinator,Seattle,41112.41,3174.41,2023-05-14,0,73.0,william.hernandez@company.com,(674) 609-7749,Active
EMP047413,Anthony,Smith,Anthony Smith,48,Sales,Lead,New York,75580.13,972.82,2024-02-09,19,77.5,anthony.smith@company.com,(773) 951-5537,Active
EMP047414,Ashley,Taylor,Ashley Taylor,37,Engineering,Associate,Seattle,110605.05,14779.29,2021-01-07,8,100.0,ashley.taylor@company.com,(741) 341-5539,Active
EMP047415,Christopher,Garcia,Christopher Garcia,38,IT,Coordinator,Miami,95155.76,4244.95,2023-06-08,12,59.7,christopher.garcia@company.com,(562) 987-2177,On Leave
EMP047416,Stephanie,Martinez,Stephanie Martinez,45,HR,Specialist,San Francisco,57767.06,5912.37,2024-03-07,19,63.6,stephanie.martinez@company.com,(429) 953-3132,Active
EMP047417,David,Garcia,David Garcia,31,Operations,Analyst,San Francisco,43834.59,7615.45,2023-09-02,3,61.2,david.garcia@company.com,(542) 637-2734,Active
EMP047418,Jane,Martinez,Jane Martinez,40,Operations,Director,San Francisco,66131.84,8171.82,2021-07-03,15,71.4,jane.martinez@company.com,(715) 476-2887,Active
EMP047419,Michael,Martinez,Michael Martinez,59,Finance,Senior Developer,Chicago,90420.98,6867.83,2022-10-20,34,86.6,michael.martinez@company.com,(567) 537-7906,Active
EMP047420,Melissa,Taylor,Melissa Taylor,22,Marketing,Manager,New York,49794.89,6729.53,2022-01-24,0,68.5,melissa.taylor@company.com,(772) 620-8579,Active
EMP047421,Jessica,Martin,Jessica Martin,38,Engineering,Associate,Seattle,59803.26,6357.79,2024-08-20,13,78.3,jessica.martin@company.com,(912) 348-6946,Active
EMP047422,Michael,Moore,Michael Moore,30,Engineering,Director,Boston,102333.58,18063.03,2023-07-27,3,46.5,michael.moore@company.com,(593) 595-4645,Active
EMP047423,Michael,Lopez,Michael Lopez,53,Operations,Lead,Seattle,59124.6,1260.71,2023-07-08,27,78.6,michael.lopez@company.com,(545) 234-4356,Active
EMP047424,William,Martinez,William Martinez,42,HR,Manager,Austin,83369.06,7154.7,2024-09-30,16,93.9,william.martinez@company.com,(816) 581-9497,Active
EMP047425,Amanda,Martinez,Amanda Martinez,22,HR,Lead,Miami,39676.39,1194.0,2020-08-18,0,59.7,amanda.martinez@company.com,(230) 673-2587,Active
EMP047426,Michael,Williams,Michael Williams,22,Marketing,Associate,Austin,70396.98,5404.92,2021-10-23,0,80.5,michael.williams@company.com,(624) 667-8803,Active
EMP047427,Amanda,Garcia,Amanda Garcia,44,Finance,Analyst,San Francisco,77426.28,8006.05,2023-08-21,15,84.2,amanda.garcia@company.com,(891) 410-3681,Active
EMP047428,Jessica,Moore,Jessica Moore,46,IT,Senior Developer,New York,87624.33,12745.43,2023-02-04,18,69.8,jessica.moore@company.com,(550) 919-2629,On Leave
EMP047429,Ashley,Taylor,Ashley Taylor,47,IT,Coordinator,San Francisco,48123.37,5222.99,2020-03-23,21,75.2,ashley.taylor@company.com,(505) 969-1990,Active
EMP047430,Jane,Taylor,Jane Taylor,62,Engineering,Manager,San Francisco,121696.61,3535.26,2021-02-09,36,75.7,jane.taylor@company.com,(915) 437-9404,Active
EMP047431,James,Anderson,James Anderson,58,HR,Coordinator,Chicago,83056.07,12017.96,2024-08-07,34,87.3,james.anderson@company.com,(424) 360-7748,Active
EMP047432,William,Lopez,William Lopez,32,IT,Manager,Boston,67293.74,5253.56,2022-12-12,7,95.3,william.lopez@company.com,(497) 835-9264,Active
EMP047433,Matthew,Thomas,Matthew Thomas,28,Engineering,Coordinator,Chicago,85234.7,6061.63,2023-01-01,5,71.4,matthew.thomas@company.com,(850) 903-8888,Active
EMP047434,Melissa,Lopez,Melissa Lopez,59,Operations,Associate,Seattle,61526.6,4784.43,2022-05-21,31,73.3,melissa.lopez@company.com,(893) 442-2706,Active
EMP047435,Stephanie,Taylor,Stephanie Taylor,26,Sales,Director,Los Angeles,86144.08,5558.82,2023-03-01,0,72.4,stephanie.taylor@company.com,(970) 484-9698,Active
EMP047436,Sarah,Gonzalez,Sarah Gonzalez,63,Engineering,Coordinator,Miami,156556.07,28988.96,2023-11-27,38,68.7,sarah.gonzalez@company.com,(675) 785-3604,Active
EMP047437,Jane,Miller,Jane Miller,31,Operations,Senior Developer,Austin,54385.85,6328.67,2020-02-03,2,82.2,jane.miller@company.com,(704) 427-7759,Active
EMP047438,Nicole,Jones,Nicole Jones,48,Marketing,Coordinator,Los Angeles,59818.3,11697.09,2024-04-04,25,73.2,nicole.jones@company.com,(956) 649-7117,Active
EMP047439,John,Moore,John Moore,57,Marketing,Analyst,Chicago,74274.59,7821.87,2022-06-20,30,75.2,john.moore@company.com,(364) 847-6568,Active
EMP047440,David,Gonzalez,David Gonzalez,50,Marketing,Analyst,Miami,46807.41,1952.06,2023-05-06,26,61.2,david.gonzalez@company.com,(785) 849-8081,Active
EMP047441,Nicole,Brown,Nicole Brown,42,Sales,Analyst,San Francisco,59889.85,3246.81,2024-11-23,15,100.0,nicole.brown@company.com,(845) 391-6331,Active
EMP047442,Lisa,Williams,Lisa Williams,31,Sales,Analyst,Austin,58897.25,9835.63,2021-09-11,3,47.4,lisa.williams@company.com,(870) 916-9320,Active
EMP047443,Jessica,Davis,Jessica Davis,60,HR,Specialist,Miami,68358.69,6050.22,2021-10-10,31,82.3,jessica.davis@company.com,(654) 691-3242,Active
EMP047444,Matthew,Jackson,Matthew Jackson,59,Finance,Specialist,Seattle,93297.06,11659.34,2023-05-12,36,83.7,matthew.jackson@company.com,(268) 664-4423,On Leave
EMP047445,Michael,Johnson,Michael Johnson,39,Operations,Manager,Chicago,60437.97,2600.86,2022-11-06,12,68.0,michael.johnson@company.com,(904) 629-4204,Active
EMP047446,Ashley,Moore,Ashley Moore,32,Sales,Analyst,Austin,89425.11,1819.18,2020-01-02,3,100.0,ashley.moore@company.com,(204) 455-8528,Active
EMP047447,Robert,Anderson,Robert Anderson,37,Finance,Analyst,Miami,53213.23,3814.52,2023-10-26,14,87.8,robert.anderson@company.com,(851) 516-4418,On Leave
EMP047448,Matthew,Williams,Matthew Williams,43,Engineering,Manager,Miami,88869.76,13414.03,2020-03-16,16,79.8,matthew.williams@company.com,(374) 326-9640,On Leave
EMP047449,James,Jackson,James Jackson,56,HR,Analyst,Los Angeles,84546.28,15557.18,2022-10-27,27,70.7,james.jackson@company.com,(747) 454-6365,Active
EMP047450,Matthew,Miller,Matthew Miller,61,Engineering,Coordinator,Los Angeles,116664.84,26391.97,2023-02-10,38,79.7,matthew.miller@company.com,(767) 364-2956,Active
EMP047451,John,Wilson,John Wilson,23,Engineering,Manager,Boston,81373.52,1853.5,2023-05-10,1,77.1,john.wilson@company.com,(253) 875-2797,Active
EMP047452,Sarah,Johnson,Sarah Johnson,49,Legal,Lead,Austin,112485.39,14093.45,2024-04-29,24,56.5,sarah.johnson@company.com,(618) 318-8367,Active
EMP047453,Amanda,Brown,Amanda Brown,41,IT,Director,San Francisco,78654.22,5960.07,2020-08-10,13,33.4,amanda.brown@company.com,(850) 731-8716,Active
EMP047454,Lisa,Rodriguez,Lisa Rodriguez,38,Operations,Lead,New York,61939.73,6260.15,2023-11-21,12,78.6,lisa.rodriguez@company.com,(324) 800-1268,Inactive
EMP047455,Ashley,Smith,Ashley Smith,47,HR,Manager,Miami,74785.47,14588.39,2023-05-28,23,69.9,ashley.smith@company.com,(666) 307-6751,Active
EMP047456,Michael,Rodriguez,Michael Rodriguez,24,Finance,Coordinator,New York,68398.92,4505.18,2023-01-31,0,77.6,michael.rodriguez@company.com,(624) 456-6041,Active
EMP047457,Melissa,Smith,Melissa Smith,43,Engineering,Senior Developer,Chicago,113898.85,17915.64,2022-12-24,17,71.2,melissa.smith@company.com,(970) 630-2645,Active
EMP047458,Ashley,Johnson,Ashley Johnson,31,Sales,Coordinator,Austin,82830.2,8043.94,2022-10-19,7,92.4,ashley.johnson@company.com,(921) 372-2310,Active
EMP047459,Ashley,Smith,Ashley Smith,64,Engineering,Associate,Chicago,149948.54,17686.42,2023-07-27,37,100.0,ashley.smith@company.com,(745) 499-4270,Active
EMP047460,Daniel,Lopez,Daniel Lopez,45,Marketing,Manager,San Francisco,81624.73,5554.69,2024-07-17,20,84.2,daniel.lopez@company.com,(284) 433-9592,Inactive
EMP047461,Melissa,Miller,Melissa Miller,36,Legal,Senior Developer,San Francisco,67930.29,16775.99,2023-01-14,7,65.2,melissa.miller@company.com,(458) 869-9844,Inactive
EMP047462,Emily,Thomas,Emily Thomas,31,HR,Lead,Seattle,55438.45,8001.37,2024-11-24,5,66.5,emily.thomas@company.com,(883) 429-9843,Active
EMP047463,Matthew,Garcia,Matthew Garcia,39,Marketing,Specialist,Seattle,41898.89,3954.62,2022-03-19,10,40.9,matthew.garcia@company.com,(974) 876-7993,Inactive
EMP047464,Daniel,Hernandez,Daniel Hernandez,31,Legal,Lead,Miami,83575.16,8459.65,2022-04-26,5,77.8,daniel.hernandez@company.com,(926) 938-1786,Active
EMP047465,Jane,Martin,Jane Martin,33,Legal,Senior Developer,Boston,84515.86,8652.94,2024-08-02,5,82.2,jane.martin@company.com,(637) 724-1934,Active
EMP047466,Lisa,Williams,Lisa Williams,41,HR,Lead,Austin,58677.22,9203.93,2022-09-01,18,78.5,lisa.williams@company.com,(639) 636-2619,Active
EMP047467,Christopher,Rodriguez,Christopher Rodriguez,45,IT,Senior Developer,Miami,105317.25,7966.53,2023-04-27,20,74.0,christopher.rodriguez@company.com,(569) 618-3262,Active
EMP047468,Jane,Garcia,Jane Garcia,41,Operations,Senior Developer,Austin,74399.95,0.0,2021-07-24,17,86.4,jane.garcia@company.com,(859) 325-8036,Active
EMP047469,Matthew,Garcia,Matthew Garcia,53,Marketing,Director,Austin,77386.22,11231.14,2024-08-03,28,100.0,matthew.garcia@company.com,(266) 684-1171,On Leave
EMP047470,Amanda,Jackson,Amanda Jackson,63,IT,Analyst,Austin,90129.61,7967.18,2023-02-17,36,73.9,amanda.jackson@company.com,(229) 992-3844,Active
EMP047471,Amanda,Jackson,Amanda Jackson,26,HR,Coordinator,San Francisco,71669.89,546.68,2020-05-15,0,93.4,amanda.jackson@company.com,(219) 723-8979,Active
EMP047472,Robert,Taylor,Robert Taylor,23,Operations,Senior Developer,San Francisco,31344.32,1740.07,2024-06-10,0,84.8,robert.taylor@company.com,(605) 232-4547,Active
EMP047473,Michael,Miller,Michael Miller,29,IT,Coordinator,Miami,61214.62,7022.43,2022-01-30,5,100.0,michael.miller@company.com,(625) 605-2632,Active
EMP047474,Robert,Gonzalez,Robert Gonzalez,57,Operations,Associate,Seattle,59106.96,3422.97,2023-06-28,34,74.7,robert.gonzalez@company.com,(261) 260-6749,Active
EMP047475,Stephanie,Jackson,Stephanie Jackson,65,Marketing,Lead,Seattle,60707.74,6809.42,2020-09-26,40,87.1,stephanie.jackson@company.com,(347) 777-9251,Active
EMP047476,Amanda,Miller,Amanda Miller,37,IT,Coordinator,Chicago,73424.28,9072.49,2023-12-18,12,75.0,amanda.miller@company.com,(249) 432-4257,Active
EMP047477,Nicole,Lopez,Nicole Lopez,40,Engineering,Specialist,San Francisco,101457.34,9134.75,2023-11-22,12,55.5,nicole.lopez@company.com,(750) 878-4558,Inactive
EMP047478,David,Johnson,David Johnson,65,IT,Analyst,San Francisco,95487.49,10015.91,2023-07-29,37,61.7,david.johnson@company.com,(395) 645-6532,Active
EMP047479,Michael,Moore,Michael Moore,38,Engineering,Analyst,San Francisco,110036.3,7723.31,2021-09-10,15,82.1,michael.moore@company.com,(354) 389-9076,Active
EMP047480,Amanda,Johnson,Amanda Johnson,28,Sales,Coordinator,San Francisco,51694.0,2765.25,2022-12-04,3,100.0,amanda.johnson@company.com,(207) 939-8876,Active
EMP047481,Michael,Martinez,Michael Martinez,49,Operations,Lead,Los Angeles,68958.82,6356.53,2024-04-20,24,88.1,michael.martinez@company.com,(723) 641-7564,Active
EMP047482,Anthony,Garcia,Anthony Garcia,45,Engineering,Lead,Austin,110020.37,13249.61,2023-04-14,18,41.9,anthony.garcia@company.com,(984) 458-1523,Active
EMP047483,David,Martin,David Martin,34,Engineering,Lead,Austin,88841.21,12078.47,2024-02-15,8,52.4,david.martin@company.com,(704) 333-3451,Active
EMP047484,James,Garcia,James Garcia,53,Sales,Specialist,Boston,70297.54,0.0,2020-10-11,31,82.3,james.garcia@company.com,(203) 664-4726,Active
EMP047485,Ashley,Gonzalez,Ashley Gonzalez,65,HR,Specialist,Austin,105289.28,4831.47,2022-06-17,42,81.1,ashley.gonzalez@company.com,(578) 762-7684,Active
EMP047486,James,Wilson,James Wilson,50,HR,Senior Developer,Seattle,63402.36,0.0,2024-12-06,23,97.6,james.wilson@company.com,(296) 302-3402,Active
EMP047487,Jessica,Martinez,Jessica Martinez,61,Operations,Specialist,Austin,78961.34,7468.98,2024-04-27,34,71.3,jessica.martinez@company.com,(434) 264-5741,Active
EMP047488,David,Miller,David Miller,38,Sales,Manager,New York,72789.89,2798.15,2024-09-27,9,100.0,david.miller@company.com,(962) 571-7950,Active
EMP047489,Stephanie,Anderson,Stephanie Anderson,28,Engineering,Senior Developer,Austin,58762.93,8546.13,2023-10-17,2,48.8,stephanie.anderson@company.com,(879) 424-5676,Active
EMP047490,William,Davis,William Davis,37,Engineering,Coordinator,New York,124326.44,13991.7,2022-08-21,13,65.0,william.davis@company.com,(367) 324-7293,Active
EMP047491,Nicole,Thomas,Nicole Thomas,48,Legal,Lead,Chicago,130636.06,11588.75,2020-05-23,24,78.7,nicole.thomas@company.com,(779) 948-8001,Active
EMP047492,Amanda,Moore,Amanda Moore,43,Engineering,Lead,Miami,100035.05,13366.74,2020-04-18,20,75.0,amanda.moore@company.com,(641) 235-5197,Active
EMP047493,Robert,Jackson,Robert Jackson,32,HR,Lead,Austin,49683.96,5188.31,2022-06-16,8,90.3,robert.jackson@company.com,(347) 468-1932,Active
EMP047494,David,Davis,David Davis,54,Sales,Director,San Francisco,66920.74,7370.39,2023-05-29,26,31.8,david.davis@company.com,(246) 257-4369,Active
EMP047495,Daniel,Martin,Daniel Martin,42,Operations,Director,San Francisco,68598.15,2493.59,2021-08-12,18,52.8,daniel.martin@company.com,(847) 418-8838,Active
EMP047496,Melissa,Williams,Melissa Williams,63,Sales,Analyst,Austin,104413.82,5335.74,2021-10-17,35,85.1,melissa.williams@company.com,(630) 832-9010,Active
EMP047497,Jessica,Williams,Jessica Williams,64,Sales,Analyst,Miami,103382.79,8809.58,2023-12-25,36,53.7,jessica.williams@company.com,(555) 917-4990,Active
EMP047498,Melissa,Wilson,Melissa Wilson,64,Legal,Lead,Miami,135086.11,20079.97,2023-03-01,40,57.6,melissa.wilson@company.com,(895) 612-9429,Inactive
EMP047499,Daniel,Davis,Daniel Davis,27,Finance,Manager,Chicago,55355.91,2858.25,2022-01-14,4,56.1,daniel.davis@company.com,(800) 359-2237,Active
EMP047500,Jane,Rodriguez,Jane Rodriguez,58,Operations,Lead,Boston,99178.19,16755.14,2020-12-18,36,76.2,jane.rodriguez@company.com,(680) 331-6117,Active
EMP047501,Robert,Rodriguez,Robert Rodriguez,64,IT,Specialist,Austin,98854.09,4087.3,2024-06-28,38,66.9,robert.rodriguez@company.com,(215) 699-5625,Active
EMP047502,Matthew,Miller,Matthew Miller,63,Legal,Lead,Miami,111650.94,4794.17,2024-06-24,40,54.2,matthew.miller@company.com,(537) 713-5056,Active
EMP047503,Ashley,Moore,Ashley Moore,59,IT,Manager,Chicago,103776.09,20882.69,2023-07-09,34,96.1,ashley.moore@company.com,(941) 627-7418,Active
EMP047504,Amanda,Smith,Amanda Smith,51,Marketing,Lead,Chicago,61300.25,8351.6,2024-02-17,25,86.2,amanda.smith@company.com,(775) 200-7805,Active
EMP047505,Ashley,Brown,Ashley Brown,38,Sales,Director,New York,71208.76,6776.49,2021-12-18,13,68.3,ashley.brown@company.com,(790) 386-5242,Inactive
EMP047506,Sarah,Martin,Sarah Martin,64,Marketing,Director,Miami,64344.81,6596.74,2024-11-17,42,63.9,sarah.martin@company.com,(696) 863-6044,Inactive
EMP047507,Lisa,Martin,Lisa Martin,32,Operations,Coordinator,Los Angeles,51307.99,4781.63,2022-06-06,5,69.6,lisa.martin@company.com,(720) 878-9250,Active
EMP047508,Emily,Jones,Emily Jones,44,Engineering,Specialist,Austin,86103.53,20851.16,2023-11-16,15,64.1,emily.jones@company.com,(288) 746-2115,Active
EMP047509,Daniel,Thomas,Daniel Thomas,28,IT,Director,Seattle,107341.44,4169.21,2022-01-06,0,55.0,daniel.thomas@company.com,(415) 316-5421,Active
EMP047510,Michael,Davis,Michael Davis,65,Operations,Coordinator,San Francisco,82267.03,0.0,2022-04-07,39,76.1,michael.davis@company.com,(383) 460-9937,Inactive
EMP047511,Anthony,Davis,Anthony Davis,59,Legal,Associate,Miami,106485.34,12854.31,2024-08-14,37,68.5,anthony.davis@company.com,(274) 716-2977,Active
EMP047512,Matthew,Lopez,Matthew Lopez,62,Finance,Specialist,Boston,109604.06,7453.59,2022-02-21,34,73.0,matthew.lopez@company.com,(713) 246-7871,Active
EMP047513,Melissa,Smith,Melissa Smith,24,IT,Coordinator,San Francisco,72405.67,13313.67,2021-01-23,0,69.6,melissa.smith@company.com,(769) 824-6320,Active
EMP047514,Amanda,Anderson,Amanda Anderson,56,Finance,Lead,Austin,96982.71,2835.96,2022-03-18,27,67.7,amanda.anderson@company.com,(640) 291-8311,Active
EMP047515,Robert,Martin,Robert Martin,31,HR,Coordinator,Miami,66502.33,8615.02,2024-01-27,5,71.0,robert.martin@company.com,(956) 498-8058,Active
EMP047516,John,Davis,John Davis,32,IT,Lead,Austin,69653.58,8661.39,2023-01-23,6,77.0,john.davis@company.com,(684) 981-7823,Active
EMP047517,Amanda,Garcia,Amanda Garcia,46,Operations,Analyst,Miami,66554.36,11396.05,2021-04-28,22,56.6,amanda.garcia@company.com,(566) 556-8260,Active
EMP047518,David,Thomas,David Thomas,56,HR,Analyst,Miami,98206.77,14091.68,2021-12-04,27,44.8,david.thomas@company.com,(747) 941-1866,Inactive
EMP047519,William,Lopez,William Lopez,40,Engineering,Analyst,Austin,80622.55,11279.23,2021-07-01,11,76.8,william.lopez@company.com,(540) 209-8374,Active
EMP047520,Ashley,Lopez,Ashley Lopez,57,IT,Coordinator,Los Angeles,113300.78,15218.3,2021-06-20,28,80.8,ashley.lopez@company.com,(774) 530-3740,Active
EMP047521,Robert,Taylor,Robert Taylor,26,Operations,Lead,Seattle,68434.21,5815.4,2020-07-25,3,97.7,robert.taylor@company.com,(403) 692-7605,Active
EMP047522,Sarah,Hernandez,Sarah Hernandez,44,Marketing,Director,San Francisco,69702.67,11246.3,2020-11-18,19,96.2,sarah.hernandez@company.com,(598) 702-7346,Active
EMP047523,Christopher,Anderson,Christopher Anderson,33,Operations,Lead,Chicago,68465.68,8493.92,2020-02-22,7,84.8,christopher.anderson@company.com,(205) 683-8506,Active
EMP047524,Anthony,Taylor,Anthony Taylor,27,Operations,Coordinator,Austin,57617.5,10965.08,2020-12-28,5,34.4,anthony.taylor@company.com,(240) 386-6677,Active
EMP047525,John,Rodriguez,John Rodriguez,38,Marketing,Manager,Boston,57182.58,9488.83,2022-03-04,10,68.0,john.rodriguez@company.com,(813) 594-1546,Active
EMP047526,Anthony,Martinez,Anthony Martinez,58,Operations,Manager,Austin,82445.9,11140.66,2024-02-04,32,66.3,anthony.martinez@company.com,(402) 728-5841,Active
EMP047527,Ashley,Johnson,Ashley Johnson,62,Operations,Senior Developer,Boston,77295.23,8409.52,2022-10-25,37,88.2,ashley.johnson@company.com,(335) 529-3987,Inactive
EMP047528,Amanda,Jones,Amanda Jones,45,IT,Lead,Seattle,103065.93,9208.56,2024-01-22,21,74.8,amanda.jones@company.com,(729) 987-6525,Inactive
EMP047529,David,Brown,David Brown,58,Finance,Director,Boston,83532.18,9995.85,2021-05-21,29,85.7,david.brown@company.com,(316) 360-3897,Active
EMP047530,David,Miller,David Miller,59,HR,Lead,Austin,85257.67,5197.58,2023-01-05,32,75.6,david.miller@company.com,(825) 954-8486,Active
EMP047531,Nicole,Martinez,Nicole Martinez,61,Operations,Senior Developer,Miami,80142.2,6010.34,2020-04-17,39,45.0,nicole.martinez@company.com,(527) 922-8566,Active
EMP047532,Matthew,Thomas,Matthew Thomas,56,IT,Analyst,Los Angeles,75446.1,3350.53,2020-10-05,31,69.7,matthew.thomas@company.com,(449) 397-4064,On Leave
EMP047533,Melissa,Brown,Melissa Brown,34,Operations,Analyst,Austin,49957.1,5862.43,2024-10-03,11,71.6,melissa.brown@company.com,(525) 536-2252,Active
EMP047534,Daniel,Williams,Daniel Williams,58,IT,Analyst,Miami,123021.23,24152.09,2020-07-19,30,71.2,daniel.williams@company.com,(948) 324-4075,Active
EMP047535,Robert,Williams,Robert Williams,29,HR,Associate,Austin,53062.81,706.62,2021-01-23,1,46.6,robert.williams@company.com,(872) 432-7616,On Leave
EMP047536,David,Wilson,David Wilson,24,Engineering,Specialist,Austin,63196.2,4195.69,2021-05-22,1,96.1,david.wilson@company.com,(707) 651-1590,Active
EMP047537,Jane,Moore,Jane Moore,29,Sales,Coordinator,Boston,47198.34,4396.26,2021-08-05,5,48.7,jane.moore@company.com,(875) 927-6299,Inactive
EMP047538,Stephanie,Thomas,Stephanie Thomas,33,Engineering,Specialist,San Francisco,87754.01,8932.98,2020-10-12,7,94.0,stephanie.thomas@company.com,(613) 233-3226,Active
EMP047539,Christopher,Lopez,Christopher Lopez,24,Marketing,Senior Developer,Seattle,64471.2,10607.1,2021-01-02,2,56.9,christopher.lopez@company.com,(844) 253-8773,Active
EMP047540,Nicole,Rodriguez,Nicole Rodriguez,38,Operations,Associate,Seattle,74784.76,0.0,2023-05-28,16,79.0,nicole.rodriguez@company.com,(643) 443-4045,Active
EMP047541,Sarah,Rodriguez,Sarah Rodriguez,62,Engineering,Coordinator,Los Angeles,112246.08,23256.42,2021-04-11,40,79.7,sarah.rodriguez@company.com,(554) 314-4647,Active
EMP047542,Nicole,Gonzalez,Nicole Gonzalez,41,Operations,Specialist,New York,71497.48,8209.24,2023-11-13,12,73.0,nicole.gonzalez@company.com,(567) 498-5879,Active
EMP047543,John,Williams,John Williams,43,Marketing,Lead,New York,51403.15,2883.19,2020-05-23,17,60.3,john.williams@company.com,(710) 455-1454,Active
EMP047544,Ashley,Miller,Ashley Miller,38,IT,Lead,Chicago,78053.63,6334.65,2024-09-23,11,65.1,ashley.miller@company.com,(876) 717-3533,Active
EMP047545,James,Miller,James Miller,39,Sales,Analyst,Boston,68580.03,5975.58,2020-05-09,14,44.4,james.miller@company.com,(442) 502-6358,Active
EMP047546,James,Hernandez,James Hernandez,46,Engineering,Manager,San Francisco,49934.1,5430.19,2021-12-11,18,73.2,james.hernandez@company.com,(242) 875-2522,Active
EMP047547,Melissa,Johnson,Melissa Johnson,29,Marketing,Coordinator,Miami,89622.26,10299.58,2020-09-19,5,53.9,melissa.johnson@company.com,(488) 516-1449,Active
EMP047548,Lisa,Hernandez,Lisa Hernandez,62,Finance,Analyst,New York,50359.61,0.0,2022-08-18,39,79.3,lisa.hernandez@company.com,(416) 951-7788,Active
EMP047549,Amanda,Thomas,Amanda Thomas,60,IT,Analyst,Boston,133477.96,16363.14,2021-10-31,35,76.0,amanda.thomas@company.com,(482) 697-2237,Active
EMP047550,Sarah,Smith,Sarah Smith,33,Sales,Lead,Austin,50937.9,8550.31,2023-02-02,5,73.1,sarah.smith@company.com,(488) 582-2372,On Leave
EMP047551,Anthony,Jones,Anthony Jones,45,IT,Specialist,Miami,92826.0,7742.05,2023-08-26,17,67.7,anthony.jones@company.com,(795) 218-8511,Active
EMP047552,Ashley,Smith,Ashley Smith,63,Operations,Director,Austin,74797.69,9418.21,2024-10-21,37,59.8,ashley.smith@company.com,(669) 877-7032,Inactive
EMP047553,Robert,Jackson,Robert Jackson,60,Sales,Senior Developer,Seattle,74039.75,4947.97,2024-07-04,32,51.0,robert.jackson@company.com,(806) 804-8950,Active
EMP047554,Jane,Jones,Jane Jones,29,Operations,Analyst,New York,56269.14,3481.19,2020-04-18,2,82.0,jane.jones@company.com,(815) 306-8157,Active
EMP047555,Anthony,Taylor,Anthony Taylor,40,IT,Manager,Seattle,114192.68,5568.24,2022-04-13,18,84.7,anthony.taylor@company.com,(366) 464-6664,Active
EMP047556,Melissa,Smith,Melissa Smith,34,Finance,Specialist,San Francisco,55311.7,2754.76,2022-08-03,7,72.2,melissa.smith@company.com,(434) 425-6642,On Leave
EMP047557,Stephanie,Smith,Stephanie Smith,54,Sales,Specialist,Miami,60962.37,1140.47,2022-03-13,26,59.2,stephanie.smith@company.com,(656) 616-7576,Inactive
EMP047558,Robert,Anderson,Robert Anderson,53,Marketing,Manager,Los Angeles,54492.77,5090.37,2021-01-06,28,93.5,robert.anderson@company.com,(537) 291-5952,Active
EMP047559,Melissa,Wilson,Melissa Wilson,63,HR,Senior Developer,Miami,87704.1,16458.92,2023-10-07,41,83.6,melissa.wilson@company.com,(295) 758-6252,Active
EMP047560,Jane,Gonzalez,Jane Gonzalez,56,HR,Analyst,Los Angeles,80988.93,13879.76,2020-12-28,29,63.1,jane.gonzalez@company.com,(881) 777-9040,Active
EMP047561,Stephanie,Taylor,Stephanie Taylor,63,IT,Senior Developer,Seattle,106260.33,4849.07,2021-04-03,40,75.3,stephanie.taylor@company.com,(499) 964-8090,Active
EMP047562,Michael,Anderson,Michael Anderson,28,HR,Specialist,Austin,81177.33,10425.44,2023-07-01,0,55.0,michael.anderson@company.com,(999) 795-4049,Active
EMP047563,James,Miller,James Miller,38,Sales,Specialist,Austin,59707.04,1913.6,2020-06-29,12,81.0,james.miller@company.com,(736) 664-6192,Active
EMP047564,Emily,Smith,Emily Smith,59,Operations,Coordinator,New York,69359.45,6635.04,2020-07-04,33,81.4,emily.smith@company.com,(604) 566-6077,Active
EMP047565,Anthony,Hernandez,Anthony Hernandez,50,IT,Coordinator,San Francisco,88226.69,7986.62,2024-04-28,24,41.0,anthony.hernandez@company.com,(289) 200-9834,Active
EMP047566,David,Johnson,David Johnson,45,Finance,Analyst,Austin,85238.0,7035.37,2023-05-23,16,83.9,david.johnson@company.com,(571) 469-9816,Inactive
EMP047567,Melissa,Hernandez,Melissa Hernandez,54,Marketing,Manager,Miami,68891.15,9854.42,2021-10-25,28,77.6,melissa.hernandez@company.com,(884) 782-5047,Active
EMP047568,Amanda,Hernandez,Amanda Hernandez,30,IT,Coordinator,New York,93256.91,3693.4,2021-05-26,4,94.6,amanda.hernandez@company.com,(595) 906-4416,Active
EMP047569,Stephanie,Martin,Stephanie Martin,22,HR,Coordinator,Austin,27000.0,4661.26,2024-05-28,0,95.0,stephanie.martin@company.com,(257) 241-1672,Active
EMP047570,John,Martinez,John Martinez,50,Operations,Manager,Chicago,59780.83,6106.63,2020-07-06,21,89.1,john.martinez@company.com,(480) 564-4933,Active
EMP047571,Matthew,Garcia,Matthew Garcia,34,Marketing,Analyst,San Francisco,62213.51,0.0,2020-08-25,8,54.8,matthew.garcia@company.com,(604) 395-3673,Active
EMP047572,Anthony,Thomas,Anthony Thomas,47,HR,Analyst,San Francisco,68726.68,78.46,2020-10-26,20,73.7,anthony.thomas@company.com,(919) 869-6970,Active
EMP047573,Lisa,Gonzalez,Lisa Gonzalez,47,HR,Lead,Austin,74830.3,2809.04,2020-12-20,22,96.4,lisa.gonzalez@company.com,(979) 985-8975,Active
EMP047574,Melissa,Davis,Melissa Davis,43,HR,Director,Boston,52285.89,739.95,2023-02-06,21,86.1,melissa.davis@company.com,(243) 539-2520,Active
EMP047575,Melissa,Smith,Melissa Smith,26,Legal,Senior Developer,Seattle,56943.23,3481.53,2024-08-10,0,87.8,melissa.smith@company.com,(678) 724-4323,Active
EMP047576,Sarah,Jackson,Sarah Jackson,29,Sales,Analyst,Los Angeles,50565.26,6962.61,2022-09-12,0,58.0,sarah.jackson@company.com,(330) 815-8559,Active
EMP047577,Daniel,Taylor,Daniel Taylor,43,Sales,Specialist,San Francisco,71979.35,9556.63,2024-06-13,19,83.8,daniel.taylor@company.com,(701) 519-7561,Active
EMP047578,Jane,Martin,Jane Martin,39,Marketing,Associate,Miami,68209.63,8774.84,2022-02-02,13,75.1,jane.martin@company.com,(269) 788-1971,Active
EMP047579,Daniel,Anderson,Daniel Anderson,46,Engineering,Associate,Los Angeles,99147.08,16561.18,2020-09-08,24,70.8,daniel.anderson@company.com,(261) 908-6363,Active
EMP047580,Emily,Moore,Emily Moore,50,Sales,Associate,Los Angeles,54215.78,5740.59,2020-02-06,25,62.5,emily.moore@company.com,(738) 998-8232,Active
EMP047581,William,Jackson,William Jackson,61,Finance,Analyst,Seattle,94898.57,0.0,2021-05-08,39,75.5,william.jackson@company.com,(481) 488-7472,Active
EMP047582,Stephanie,Jackson,Stephanie Jackson,29,Sales,Manager,Miami,76932.12,3184.58,2022-05-27,6,74.0,stephanie.jackson@company.com,(649) 622-2896,Active
EMP047583,Michael,Martinez,Michael Martinez,25,Finance,Director,Seattle,67920.72,4880.03,2023-04-06,0,62.9,michael.martinez@company.com,(440) 310-1763,Active
EMP047584,Nicole,Martinez,Nicole Martinez,64,IT,Director,Austin,124541.79,0.0,2021-02-20,36,61.6,nicole.martinez@company.com,(500) 502-8339,Active
EMP047585,Amanda,Garcia,Amanda Garcia,44,Engineering,Analyst,San Francisco,92301.7,15706.29,2022-07-23,16,79.0,amanda.garcia@company.com,(497) 993-2968,Inactive
EMP047586,Lisa,Martin,Lisa Martin,39,Engineering,Associate,Miami,83565.15,11294.62,2020-12-07,16,93.4,lisa.martin@company.com,(460) 788-2812,Active
EMP047587,David,Johnson,David Johnson,57,Engineering,Director,Miami,117560.22,13228.79,2020-10-09,28,71.7,david.johnson@company.com,(404) 729-2547,Inactive
EMP047588,Emily,Johnson,Emily Johnson,49,Operations,Coordinator,Miami,52872.48,5374.55,2021-09-04,26,91.5,emily.johnson@company.com,(590) 911-5690,Active
EMP047589,Nicole,Williams,Nicole Williams,36,Operations,Senior Developer,Chicago,65983.3,6742.16,2022-05-27,8,73.1,nicole.williams@company.com,(583) 612-8003,Active
EMP047590,William,Hernandez,William Hernandez,50,IT,Specialist,Boston,60884.83,10543.41,2020-04-27,26,77.4,william.hernandez@company.com,(821) 594-1137,Active
EMP047591,Robert,Moore,Robert Moore,26,Finance,Associate,San Francisco,55347.69,7455.76,2021-06-12,2,88.7,robert.moore@company.com,(792) 459-4153,Active
EMP047592,Nicole,Gonzalez,Nicole Gonzalez,25,HR,Specialist,Los Angeles,58754.01,4034.8,2022-12-11,0,51.8,nicole.gonzalez@company.com,(993) 725-9480,Active
EMP047593,Jane,Wilson,Jane Wilson,35,Engineering,Coordinator,Austin,81732.68,8406.11,2020-10-26,10,61.9,jane.wilson@company.com,(948) 930-6123,Active
EMP047594,Jane,Jones,Jane Jones,59,IT,Senior Developer,Austin,97263.21,7762.83,2022-07-08,32,92.7,jane.jones@company.com,(840) 553-6898,Inactive
EMP047595,Michael,Miller,Michael Miller,32,HR,Associate,Miami,37279.08,972.07,2024-10-16,7,84.8,michael.miller@company.com,(810) 533-3774,Active
EMP047596,Melissa,Garcia,Melissa Garcia,32,Legal,Coordinator,Miami,75424.04,9389.34,2024-09-14,4,67.9,melissa.garcia@company.com,(637) 643-4176,Active
EMP047597,Amanda,Gonzalez,Amanda Gonzalez,22,Marketing,Associate,Miami,54226.06,9227.73,2020-08-31,0,58.2,amanda.gonzalez@company.com,(988) 637-7684,On Leave
EMP047598,Matthew,Davis,Matthew Davis,40,Engineering,Analyst,Los Angeles,108555.09,10095.05,2023-08-22,12,63.2,matthew.davis@company.com,(235) 286-6511,Active
EMP047599,Michael,Martinez,Michael Martinez,31,HR,Coordinator,Austin,70158.08,4095.76,2021-02-23,4,100.0,michael.martinez@company.com,(903) 615-2967,Active
EMP047600,Jane,Taylor,Jane Taylor,22,HR,Manager,Chicago,84120.09,6853.88,2021-09-14,0,79.3,jane.taylor@company.com,(304) 774-2986,Active
EMP047601,Anthony,Williams,Anthony Williams,35,IT,Specialist,Boston,83221.0,11243.84,2024-05-22,13,56.7,anthony.williams@company.com,(446) 871-1776,Active
EMP047602,Sarah,Gonzalez,Sarah Gonzalez,56,Sales,Coordinator,Miami,80836.36,11062.05,2023-05-10,32,70.2,sarah.gonzalez@company.com,(503) 750-1831,Active
EMP047603,Emily,Wilson,Emily Wilson,28,Marketing,Associate,Seattle,57246.9,1979.91,2024-10-11,6,88.2,emily.wilson@company.com,(777) 248-5889,Active
EMP047604,Nicole,Miller,Nicole Miller,33,Engineering,Lead,Chicago,118192.89,7399.75,2023-06-16,4,100.0,nicole.miller@company.com,(800) 342-7179,Inactive
EMP047605,John,Jones,John Jones,46,IT,Lead,Austin,80557.72,7927.95,2024-10-15,21,88.2,john.jones@company.com,(478) 576-5212,On Leave
EMP047606,William,Rodriguez,William Rodriguez,35,IT,Director,Seattle,78697.69,10607.32,2023-04-23,10,84.0,william.rodriguez@company.com,(325) 324-3378,Active
EMP047607,Daniel,Rodriguez,Daniel Rodriguez,53,Sales,Senior Developer,Miami,74767.52,6487.27,2024-10-23,28,91.7,daniel.rodriguez@company.com,(344) 611-3218,Active
EMP047608,James,Martinez,James Martinez,47,Operations,Specialist,Miami,63360.14,10979.17,2023-02-13,22,77.4,james.martinez@company.com,(235) 602-4569,Active
EMP047609,David,Wilson,David Wilson,26,Marketing,Senior Developer,Boston,71774.03,5135.67,2023-09-26,3,100.0,david.wilson@company.com,(649) 593-2867,Active
EMP047610,Emily,Taylor,Emily Taylor,50,Engineering,Lead,New York,119391.22,10078.83,2023-06-01,28,96.7,emily.taylor@company.com,(620) 614-9661,Active
EMP047611,William,Taylor,William Taylor,39,Legal,Director,Chicago,99350.81,10876.37,2021-04-29,17,73.7,william.taylor@company.com,(552) 824-6254,Active
EMP047612,Christopher,Williams,Christopher Williams,23,Finance,Director,Los Angeles,66050.31,5566.29,2020-11-26,1,79.6,christopher.williams@company.com,(393) 400-8250,Active
EMP047613,Amanda,Miller,Amanda Miller,27,Finance,Manager,New York,60364.34,9559.67,2024-03-13,5,74.4,amanda.miller@company.com,(340) 488-3460,Active
EMP047614,Robert,Williams,Robert Williams,45,Sales,Director,Los Angeles,60846.73,6915.83,2023-04-08,17,86.3,robert.williams@company.com,(975) 973-3196,Active
EMP047615,Emily,Lopez,Emily Lopez,55,HR,Specialist,San Francisco,75845.36,2894.76,2022-07-02,27,60.0,emily.lopez@company.com,(746) 203-4420,Active
EMP047616,John,Williams,John Williams,29,Sales,Director,Seattle,54952.3,2743.49,2024-04-21,6,63.4,john.williams@company.com,(561) 969-5574,Inactive
EMP047617,Sarah,Taylor,Sarah Taylor,47,HR,Specialist,Seattle,65614.61,7552.5,2021-05-28,19,77.5,sarah.taylor@company.com,(929) 305-7405,On Leave
EMP047618,Stephanie,Brown,Stephanie Brown,42,Operations,Associate,Los Angeles,57318.54,273.0,2021-12-31,15,100.0,stephanie.brown@company.com,(891) 969-4379,Active
EMP047619,Lisa,Johnson,Lisa Johnson,40,IT,Coordinator,Los Angeles,88592.97,9650.69,2022-09-12,17,55.1,lisa.johnson@company.com,(510) 470-9758,Active
EMP047620,Lisa,Davis,Lisa Davis,32,Legal,Coordinator,Austin,109318.94,26589.06,2024-12-27,4,77.2,lisa.davis@company.com,(663) 590-3695,Active
EMP047621,Christopher,Taylor,Christopher Taylor,61,Engineering,Analyst,San Francisco,105120.02,8115.63,2023-07-20,36,98.0,christopher.taylor@company.com,(804) 467-8448,Active
EMP047622,Ashley,Taylor,Ashley Taylor,40,Sales,Analyst,Miami,69768.86,9095.25,2023-08-09,11,100.0,ashley.taylor@company.com,(705) 848-4325,Active
EMP047623,Emily,Anderson,Emily Anderson,52,Engineering,Manager,San Francisco,119502.34,848.23,2020-01-02,30,87.1,emily.anderson@company.com,(721) 490-7497,Active
EMP047624,William,Johnson,William Johnson,23,Engineering,Director,Austin,47374.36,7457.56,2021-03-25,0,61.0,william.johnson@company.com,(544) 837-5362,Active
EMP047625,Ashley,Anderson,Ashley Anderson,30,IT,Associate,Boston,61814.59,0.0,2024-09-21,7,77.5,ashley.anderson@company.com,(492) 361-7897,Active
EMP047626,Emily,Thomas,Emily Thomas,54,IT,Analyst,Boston,125586.85,7355.24,2023-10-09,27,68.8,emily.thomas@company.com,(357) 629-7295,Active
EMP047627,Ashley,Smith,Ashley Smith,57,Engineering,Associate,San Francisco,91378.49,10496.48,2020-09-18,33,99.0,ashley.smith@company.com,(925) 313-1462,Active
EMP047628,Stephanie,Rodriguez,Stephanie Rodriguez,37,Finance,Specialist,Boston,80301.15,13453.92,2021-09-27,14,42.3,stephanie.rodriguez@company.com,(759) 262-3218,Inactive
EMP047629,Emily,Garcia,Emily Garcia,42,HR,Coordinator,Seattle,63101.94,9306.73,2020-09-03,17,51.2,emily.garcia@company.com,(593) 590-1802,Active
EMP047630,Lisa,Johnson,Lisa Johnson,65,Legal,Director,San Francisco,157479.83,10492.16,2023-02-03,39,66.8,lisa.johnson@company.com,(339) 790-3473,Inactive
EMP047631,Lisa,Hernandez,Lisa Hernandez,48,Legal,Manager,New York,111103.26,15758.64,2024-04-28,20,69.0,lisa.hernandez@company.com,(433) 888-1729,On Leave
EMP047632,Michael,Rodriguez,Michael Rodriguez,39,Legal,Coordinator,San Francisco,65344.7,4637.71,2024-05-08,13,64.3,michael.rodriguez@company.com,(521) 662-5999,Active
EMP047633,Jessica,Brown,Jessica Brown,57,Finance,Coordinator,Boston,105644.11,3295.58,2023-03-30,32,70.1,jessica.brown@company.com,(657) 623-8209,Active
EMP047634,Sarah,Hernandez,Sarah Hernandez,54,Engineering,Associate,New York,74993.57,9110.72,2022-08-15,31,90.1,sarah.hernandez@company.com,(712) 600-6205,Active
EMP047635,William,Johnson,William Johnson,30,Engineering,Manager,Chicago,113820.77,14509.06,2023-08-15,4,77.0,william.johnson@company.com,(724) 460-7610,Inactive
EMP047636,Matthew,Martin,Matthew Martin,62,Marketing,Associate,Boston,65142.64,4593.71,2022-04-13,37,91.2,matthew.martin@company.com,(594) 357-8281,Active
EMP047637,Michael,Garcia,Michael Garcia,48,Engineering,Analyst,New York,99013.48,7414.12,2023-11-13,22,73.8,michael.garcia@company.com,(936) 750-6142,Active
EMP047638,Michael,Davis,Michael Davis,36,IT,Lead,Boston,103778.7,15431.43,2024-07-21,14,87.5,michael.davis@company.com,(977) 692-6865,Active
EMP047639,Michael,Miller,Michael Miller,29,Marketing,Lead,San Francisco,44139.63,3378.63,2023-08-18,5,76.7,michael.miller@company.com,(967) 660-8784,On Leave
EMP047640,Amanda,Moore,Amanda Moore,65,Legal,Senior Developer,Seattle,115928.75,9412.72,2022-05-04,37,80.4,amanda.moore@company.com,(342) 370-7495,Active
EMP047641,Christopher,Lopez,Christopher Lopez,47,Engineering,Analyst,Boston,105830.81,10819.85,2021-06-15,20,79.4,christopher.lopez@company.com,(831) 612-6325,Active
EMP047642,Anthony,Martin,Anthony Martin,60,Finance,Director,Austin,93679.82,11187.15,2023-02-10,32,82.3,anthony.martin@company.com,(274) 386-9261,Active
EMP047643,John,Johnson,John Johnson,53,Legal,Specialist,San Francisco,76722.28,2865.13,2020-09-25,31,75.2,john.johnson@company.com,(924) 795-9735,Active
EMP047644,Ashley,Johnson,Ashley Johnson,40,Legal,Senior Developer,San Francisco,69983.41,12737.17,2020-04-02,15,90.0,ashley.johnson@company.com,(505) 397-4253,Active
EMP047645,Emily,Hernandez,Emily Hernandez,48,Operations,Analyst,Los Angeles,56748.57,9174.41,2021-05-23,24,64.5,emily.hernandez@company.com,(974) 337-8467,Active
EMP047646,Christopher,Davis,Christopher Davis,24,Operations,Manager,Seattle,49600.94,6944.31,2022-01-15,0,76.5,christopher.davis@company.com,(240) 758-6727,Inactive
EMP047647,Ashley,Martin,Ashley Martin,37,IT,Specialist,Los Angeles,88253.1,18103.28,2022-09-29,11,79.0,ashley.martin@company.com,(626) 283-3596,Active
EMP047648,Jessica,Rodriguez,Jessica Rodriguez,27,HR,Associate,Austin,86615.79,10545.77,2020-10-19,4,68.9,jessica.rodriguez@company.com,(505) 787-5074,Active
EMP047649,Melissa,Garcia,Melissa Garcia,44,Engineering,Specialist,Chicago,95688.66,12932.73,2021-10-14,17,54.2,melissa.garcia@company.com,(773) 500-7305,Active
EMP047650,Daniel,Lopez,Daniel Lopez,27,IT,Associate,Chicago,59308.8,3050.64,2022-12-14,3,79.6,daniel.lopez@company.com,(807) 949-5060,Active
EMP047651,William,Thomas,William Thomas,28,Operations,Specialist,Boston,51570.72,11331.46,2020-01-23,2,73.1,william.thomas@company.com,(718) 909-5505,Active
EMP047652,Melissa,Martinez,Melissa Martinez,22,HR,Associate,New York,30734.31,0.0,2021-09-27,0,70.1,melissa.martinez@company.com,(467) 348-4671,Active
EMP047653,Christopher,Rodriguez,Christopher Rodriguez,65,Legal,Analyst,Miami,135511.27,24966.46,2024-10-13,43,84.9,christopher.rodriguez@company.com,(375) 901-3133,Active
EMP047654,John,Jones,John Jones,62,Legal,Coordinator,Chicago,109450.94,8193.52,2024-06-11,39,48.9,john.jones@company.com,(415) 388-2752,Active
EMP047655,Stephanie,Martinez,Stephanie Martinez,24,Engineering,Coordinator,Seattle,66611.13,5757.78,2024-12-05,0,48.5,stephanie.martinez@company.com,(530) 578-2536,Active
EMP047656,Stephanie,Moore,Stephanie Moore,44,Sales,Senior Developer,New York,46749.99,4496.16,2023-05-01,15,60.7,stephanie.moore@company.com,(438) 373-5787,Active
EMP047657,Lisa,Hernandez,Lisa Hernandez,22,IT,Manager,New York,36000.0,3595.99,2024-09-22,0,70.9,lisa.hernandez@company.com,(543) 668-7110,Active
EMP047658,John,Anderson,John Anderson,54,HR,Lead,Los Angeles,74103.85,10771.29,2021-10-22,29,85.6,john.anderson@company.com,(849) 958-3849,Active
EMP047659,Jessica,Martin,Jessica Martin,44,Sales,Analyst,Boston,79713.53,12416.03,2021-11-07,18,100.0,jessica.martin@company.com,(669) 870-4665,Inactive
EMP047660,Jessica,Brown,Jessica Brown,62,Legal,Director,Austin,110539.34,9272.47,2024-11-05,39,73.6,jessica.brown@company.com,(737) 216-5196,Active
EMP047661,John,Martinez,John Martinez,65,Legal,Manager,New York,105523.38,3054.65,2024-03-05,39,94.4,john.martinez@company.com,(345) 385-4495,Active
EMP047662,Robert,Johnson,Robert Johnson,26,Operations,Manager,Miami,61255.13,7726.56,2020-12-09,4,87.7,robert.johnson@company.com,(570) 338-4840,Active
EMP047663,Daniel,Moore,Daniel Moore,43,Legal,Specialist,San Francisco,101558.61,14583.96,2021-03-24,16,55.9,daniel.moore@company.com,(843) 922-4822,Active
EMP047664,Nicole,Jackson,Nicole Jackson,51,Engineering,Manager,San Francisco,101526.79,7250.62,2022-04-24,29,87.5,nicole.jackson@company.com,(957) 808-6833,Active
EMP047665,Amanda,Williams,Amanda Williams,34,Engineering,Coordinator,Chicago,83636.74,6341.0,2020-02-29,5,93.6,amanda.williams@company.com,(832) 446-2949,Active
EMP047666,James,Hernandez,James Hernandez,65,Marketing,Analyst,Boston,98759.83,7097.84,2024-06-29,36,80.1,james.hernandez@company.com,(715) 714-3467,Active
EMP047667,Stephanie,Anderson,Stephanie Anderson,54,Engineering,Director,San Francisco,99006.43,14702.5,2024-06-12,30,81.8,stephanie.anderson@company.com,(649) 282-6259,On Leave
EMP047668,Robert,Brown,Robert Brown,33,Sales,Lead,Seattle,62840.92,6340.82,2022-05-01,7,68.2,robert.brown@company.com,(852) 564-3762,Active
EMP047669,Daniel,Taylor,Daniel Taylor,54,Operations,Senior Developer,Seattle,73607.02,11429.39,2021-03-04,30,61.4,daniel.taylor@company.com,(277) 229-2436,Active
EMP047670,Melissa,Moore,Melissa Moore,26,Operations,Lead,Boston,49267.77,6705.71,2021-04-03,0,74.8,melissa.moore@company.com,(417) 976-1950,Inactive
EMP047671,Robert,Davis,Robert Davis,59,Engineering,Coordinator,Boston,169150.29,13350.95,2023-09-22,33,86.4,robert.davis@company.com,(201) 789-1818,Active
EMP047672,Stephanie,Taylor,Stephanie Taylor,58,HR,Lead,Seattle,59018.89,8423.96,2024-02-09,33,81.4,stephanie.taylor@company.com,(628) 813-9000,Inactive
EMP047673,Nicole,Garcia,Nicole Garcia,65,Finance,Specialist,Chicago,122755.24,1173.86,2021-02-15,38,76.2,nicole.garcia@company.com,(548) 622-1407,On Leave
EMP047674,Michael,Thomas,Michael Thomas,38,IT,Analyst,Miami,95313.51,5212.23,2020-11-09,11,95.6,michael.thomas@company.com,(275) 693-9352,Active
EMP047675,Emily,Gonzalez,Emily Gonzalez,60,Legal,Associate,Miami,101858.13,11647.05,2024-11-09,34,73.6,emily.gonzalez@company.com,(417) 739-1192,Active
EMP047676,Emily,Thomas,Emily Thomas,59,Engineering,Associate,Los Angeles,100297.59,0.0,2023-03-06,36,87.1,emily.thomas@company.com,(869) 837-7235,Active
EMP047677,Emily,Miller,Emily Miller,55,Finance,Manager,Chicago,39601.52,7064.1,2024-06-11,31,86.3,emily.miller@company.com,(917) 383-3811,Active
EMP047678,Nicole,Miller,Nicole Miller,29,Sales,Lead,Austin,61415.07,6940.6,2023-12-02,6,84.7,nicole.miller@company.com,(820) 296-9500,Active
EMP047679,Jane,Garcia,Jane Garcia,42,Marketing,Senior Developer,Miami,57904.7,6830.23,2022-11-19,13,76.3,jane.garcia@company.com,(766) 886-8372,Active
EMP047680,Stephanie,Martin,Stephanie Martin,49,Legal,Lead,Miami,57107.18,7926.95,2023-04-10,21,59.9,stephanie.martin@company.com,(483) 390-9513,Inactive
EMP047681,Michael,Jones,Michael Jones,31,HR,Director,San Francisco,56031.72,8873.21,2024-08-13,3,70.9,michael.jones@company.com,(500) 304-1172,Active
EMP047682,Emily,Martinez,Emily Martinez,48,Engineering,Senior Developer,San Francisco,136301.21,13971.99,2022-02-17,19,61.9,emily.martinez@company.com,(488) 447-5180,Active
EMP047683,William,Gonzalez,William Gonzalez,51,Finance,Coordinator,New York,85295.27,14589.46,2022-06-05,28,87.0,william.gonzalez@company.com,(893) 204-6669,Inactive
EMP047684,Emily,Thomas,Emily Thomas,45,Engineering,Manager,Austin,110715.15,18199.77,2022-12-17,23,54.0,emily.thomas@company.com,(369) 975-6239,Active
EMP047685,Anthony,Brown,Anthony Brown,48,Sales,Lead,San Francisco,96336.13,13223.42,2024-09-14,24,92.3,anthony.brown@company.com,(567) 748-3461,Active
EMP047686,Michael,Martin,Michael Martin,30,Marketing,Manager,San Francisco,69333.11,6242.05,2022-06-01,2,85.2,michael.martin@company.com,(624) 370-3765,Inactive
EMP047687,James,Gonzalez,James Gonzalez,22,Marketing,Associate,Seattle,61801.3,7796.29,2021-07-22,0,60.0,james.gonzalez@company.com,(873) 340-2178,Active
EMP047688,Ashley,Jackson,Ashley Jackson,28,Marketing,Associate,Boston,57711.01,6917.69,2022-01-01,1,70.7,ashley.jackson@company.com,(401) 283-3011,Active
EMP047689,Lisa,Thomas,Lisa Thomas,33,HR,Coordinator,San Francisco,54235.73,9153.48,2022-02-26,10,66.7,lisa.thomas@company.com,(855) 469-7120,Active
EMP047690,Ashley,Williams,Ashley Williams,54,HR,Director,New York,70692.15,7011.06,2020-05-18,31,49.8,ashley.williams@company.com,(244) 838-2290,Active
EMP047691,David,Gonzalez,David Gonzalez,26,HR,Associate,Chicago,50259.92,5226.0,2023-10-16,3,95.4,david.gonzalez@company.com,(775) 649-5729,Active
EMP047692,Christopher,Williams,Christopher Williams,22,Finance,Associate,Boston,57623.98,6951.56,2021-09-01,0,78.2,christopher.williams@company.com,(573) 763-8279,Active
EMP047693,John,Miller,John Miller,43,HR,Director,San Francisco,44302.31,3188.87,2023-08-27,20,48.1,john.miller@company.com,(964) 887-2349,Active
EMP047694,Christopher,Smith,Christopher Smith,32,IT,Director,San Francisco,77229.42,6506.36,2022-02-18,9,81.7,christopher.smith@company.com,(330) 202-5109,Active
EMP047695,Melissa,Jones,Melissa Jones,28,Sales,Coordinator,New York,64617.76,10124.7,2023-01-28,2,89.8,melissa.jones@company.com,(278) 251-6415,Active
EMP047696,Lisa,Wilson,Lisa Wilson,22,Marketing,Senior Developer,San Francisco,65219.04,9533.38,2023-08-12,0,80.6,lisa.wilson@company.com,(299) 771-8647,Active
EMP047697,Nicole,Gonzalez,Nicole Gonzalez,62,HR,Lead,Chicago,56300.75,9341.55,2020-07-25,38,69.6,nicole.gonzalez@company.com,(557) 962-6135,Active
EMP047698,Anthony,Garcia,Anthony Garcia,36,Operations,Associate,Boston,52033.16,7187.32,2024-05-28,10,62.6,anthony.garcia@company.com,(202) 774-5407,Active
EMP047699,Michael,Johnson,Michael Johnson,44,Marketing,Senior Developer,San Francisco,75122.88,4488.58,2023-07-02,18,52.7,michael.johnson@company.com,(648) 644-5520,Active
EMP047700,Emily,Taylor,Emily Taylor,65,Marketing,Director,Miami,72295.78,1715.01,2020-01-09,42,67.6,emily.taylor@company.com,(890) 903-6890,Active
EMP047701,Robert,Wilson,Robert Wilson,57,Marketing,Director,New York,92839.21,12964.75,2020-06-02,32,100.0,robert.wilson@company.com,(646) 700-8413,Active
EMP047702,Matthew,Williams,Matthew Williams,44,IT,Coordinator,New York,104582.22,3985.01,2021-06-23,21,76.2,matthew.williams@company.com,(237) 540-9921,Active
EMP047703,William,Anderson,William Anderson,47,HR,Director,Chicago,75278.22,5330.85,2020-02-04,21,96.8,william.anderson@company.com,(694) 315-3716,Active
EMP047704,Michael,Taylor,Michael Taylor,43,Sales,Analyst,Seattle,94087.06,8891.27,2024-09-01,15,91.6,michael.taylor@company.com,(439) 267-3778,Active
EMP047705,William,Thomas,William Thomas,34,Marketing,Analyst,Seattle,33860.75,3735.42,2021-07-11,6,92.5,william.thomas@company.com,(923) 761-5143,Active
EMP047706,Matthew,Thomas,Matthew Thomas,64,IT,Analyst,Chicago,90013.36,16856.08,2024-07-15,38,89.9,matthew.thomas@company.com,(564) 272-5241,Active
EMP047707,Amanda,Anderson,Amanda Anderson,37,Legal,Coordinator,Chicago,94600.93,17364.35,2023-03-11,8,80.0,amanda.anderson@company.com,(221) 428-1066,Active
EMP047708,James,Martin,James Martin,30,Legal,Senior Developer,New York,73835.54,9902.86,2024-10-07,6,76.4,james.martin@company.com,(614) 264-2429,Active
EMP047709,Christopher,Moore,Christopher Moore,50,IT,Coordinator,Austin,50860.34,3621.76,2021-03-07,27,66.4,christopher.moore@company.com,(729) 394-9461,Active
EMP047710,Lisa,Moore,Lisa Moore,54,Engineering,Lead,New York,118121.82,13251.24,2022-08-18,31,75.1,lisa.moore@company.com,(450) 909-7119,Inactive
EMP047711,William,Davis,William Davis,27,Finance,Manager,Los Angeles,68619.54,6720.44,2020-04-19,0,73.8,william.davis@company.com,(221) 524-8839,Active
EMP047712,Sarah,Johnson,Sarah Johnson,31,Sales,Lead,New York,45126.87,0.0,2024-07-21,3,66.8,sarah.johnson@company.com,(987) 207-8675,Active
EMP047713,Jane,Davis,Jane Davis,50,Legal,Analyst,San Francisco,99132.0,1833.87,2023-07-09,25,86.0,jane.davis@company.com,(993) 376-6377,Active
EMP047714,James,Taylor,James Taylor,25,Operations,Analyst,Chicago,57892.45,4716.0,2021-11-25,0,88.4,james.taylor@company.com,(240) 322-6539,Active
EMP047715,Sarah,Davis,Sarah Davis,53,Finance,Analyst,Los Angeles,69693.75,11037.82,2022-06-27,31,72.9,sarah.davis@company.com,(984) 908-7642,Active
EMP047716,James,Hernandez,James Hernandez,49,HR,Analyst,Los Angeles,90630.11,7085.61,2022-01-14,21,92.7,james.hernandez@company.com,(890) 469-3399,Active
EMP047717,Daniel,Martinez,Daniel Martinez,25,Legal,Manager,Austin,61944.26,6610.6,2020-10-27,0,73.6,daniel.martinez@company.com,(812) 380-1974,Active
EMP047718,Stephanie,Thomas,Stephanie Thomas,48,HR,Senior Developer,New York,54664.68,6941.06,2021-06-19,19,58.8,stephanie.thomas@company.com,(522) 356-5901,Active
EMP047719,Emily,Brown,Emily Brown,51,HR,Specialist,Chicago,84657.33,324.49,2020-12-13,27,67.7,emily.brown@company.com,(230) 389-9066,Active
EMP047720,David,Miller,David Miller,32,Marketing,Senior Developer,Miami,60543.97,7245.61,2024-05-21,4,56.9,david.miller@company.com,(685) 393-4169,Active
EMP047721,Anthony,Smith,Anthony Smith,38,Marketing,Lead,Miami,68411.86,9884.62,2023-09-12,11,75.7,anthony.smith@company.com,(878) 506-7549,Inactive
EMP047722,Nicole,Jackson,Nicole Jackson,36,Legal,Analyst,Boston,86570.98,8576.57,2022-12-23,14,100.0,nicole.jackson@company.com,(380) 431-1027,Inactive
EMP047723,Ashley,Thomas,Ashley Thomas,24,Operations,Coordinator,Los Angeles,49273.74,4233.66,2024-11-24,0,58.2,ashley.thomas@company.com,(719) 729-4034,Active
EMP047724,Robert,Smith,Robert Smith,59,Sales,Senior Developer,Seattle,107404.3,3515.98,2024-10-27,34,80.3,robert.smith@company.com,(954) 463-8777,Active
EMP047725,Jane,Martinez,Jane Martinez,55,Legal,Senior Developer,Chicago,90855.19,9272.93,2021-04-07,28,95.9,jane.martinez@company.com,(630) 639-7998,Active
EMP047726,Ashley,Gonzalez,Ashley Gonzalez,62,IT,Manager,New York,127392.5,12884.04,2020-11-11,38,50.3,ashley.gonzalez@company.com,(450) 437-5651,Inactive
EMP047727,David,Williams,David Williams,63,Legal,Coordinator,Boston,117873.64,4604.19,2020-11-03,35,93.8,david.williams@company.com,(681) 893-7259,Active
EMP047728,Sarah,Smith,Sarah Smith,26,Legal,Analyst,Boston,96639.11,17192.03,2020-05-27,3,79.0,sarah.smith@company.com,(948) 387-1366,Active
EMP047729,Christopher,Hernandez,Christopher Hernandez,51,IT,Coordinator,Austin,98874.18,7658.99,2022-03-19,24,61.0,christopher.hernandez@company.com,(819) 648-1445,Active
EMP047730,Nicole,Moore,Nicole Moore,26,IT,Analyst,Seattle,55620.59,6901.43,2024-07-20,0,83.4,nicole.moore@company.com,(691) 945-4636,Active
EMP047731,Stephanie,Jackson,Stephanie Jackson,29,Finance,Coordinator,Miami,68797.15,9360.35,2022-07-27,1,66.4,stephanie.jackson@company.com,(518) 213-2768,Active
EMP047732,Anthony,Jackson,Anthony Jackson,47,Sales,Analyst,New York,89182.1,14671.99,2023-10-11,25,76.3,anthony.jackson@company.com,(431) 273-8152,Inactive
EMP047733,Lisa,Anderson,Lisa Anderson,35,Sales,Coordinator,Miami,73422.79,7692.84,2023-04-05,12,53.5,lisa.anderson@company.com,(771) 720-7840,Active
EMP047734,Ashley,Taylor,Ashley Taylor,62,HR,Coordinator,Seattle,70267.95,5154.57,2022-09-18,38,65.5,ashley.taylor@company.com,(876) 768-2938,Active
EMP047735,Michael,Rodriguez,Michael Rodriguez,24,Marketing,Associate,Austin,44357.11,1090.47,2024-03-17,0,74.0,michael.rodriguez@company.com,(376) 448-4625,Active
EMP047736,Daniel,Smith,Daniel Smith,33,IT,Senior Developer,Miami,103230.47,16387.44,2023-07-03,11,71.4,daniel.smith@company.com,(223) 370-1332,Active
EMP047737,Anthony,Jones,Anthony Jones,27,Operations,Senior Developer,Los Angeles,70049.79,11351.93,2024-11-19,0,94.7,anthony.jones@company.com,(668) 972-4044,Active
EMP047738,Lisa,Williams,Lisa Williams,43,HR,Senior Developer,San Francisco,59075.16,2064.25,2024-10-19,20,55.9,lisa.williams@company.com,(874) 305-4743,Inactive
EMP047739,Stephanie,Anderson,Stephanie Anderson,45,HR,Associate,Boston,63569.64,8854.18,2024-12-14,22,64.4,stephanie.anderson@company.com,(567) 511-2113,Active
EMP047740,Matthew,Garcia,Matthew Garcia,33,Operations,Coordinator,Chicago,64660.54,9004.27,2020-04-13,8,77.3,matthew.garcia@company.com,(423) 451-6475,Active
EMP047741,Lisa,Taylor,Lisa Taylor,60,Engineering,Manager,Chicago,98891.74,1533.64,2022-07-09,36,83.9,lisa.taylor@company.com,(308) 343-4969,Inactive
EMP047742,David,Jackson,David Jackson,60,Legal,Analyst,San Francisco,113388.64,17890.22,2020-08-18,33,72.6,david.jackson@company.com,(735) 534-9985,Active
EMP047743,Stephanie,Lopez,Stephanie Lopez,48,Finance,Director,Chicago,79364.75,21022.18,2021-01-25,23,80.8,stephanie.lopez@company.com,(720) 320-9882,Active
EMP047744,Michael,Miller,Michael Miller,44,Engineering,Coordinator,Seattle,76928.06,10675.67,2023-02-28,15,46.2,michael.miller@company.com,(864) 923-5511,Active
EMP047745,Robert,Williams,Robert Williams,24,Engineering,Coordinator,Los Angeles,104867.65,18051.08,2024-07-26,2,48.3,robert.williams@company.com,(202) 767-8050,Active
EMP047746,James,Moore,James Moore,32,IT,Senior Developer,Chicago,70139.04,1799.88,2020-12-10,4,96.4,james.moore@company.com,(491) 927-7635,Active
EMP047747,Jessica,Martin,Jessica Martin,45,Operations,Specialist,New York,67236.52,7190.6,2020-09-04,20,65.8,jessica.martin@company.com,(260) 618-4830,Active
EMP047748,Christopher,Brown,Christopher Brown,44,Legal,Manager,Miami,84164.49,3198.8,2021-03-18,15,68.5,christopher.brown@company.com,(912) 774-9860,On Leave
EMP047749,David,Taylor,David Taylor,23,Marketing,Associate,Seattle,54178.43,9999.19,2024-05-02,0,78.4,david.taylor@company.com,(281) 956-9856,Active
EMP047750,Matthew,Lopez,Matthew Lopez,42,Engineering,Director,New York,96957.63,11502.97,2020-07-31,20,54.5,matthew.lopez@company.com,(983) 608-7878,Active
EMP047751,Amanda,Moore,Amanda Moore,33,Finance,Specialist,Miami,60910.08,3867.52,2020-04-09,10,62.9,amanda.moore@company.com,(277) 553-5163,Active
EMP047752,Nicole,Thomas,Nicole Thomas,35,IT,Analyst,Boston,94382.45,15921.62,2024-07-30,7,57.7,nicole.thomas@company.com,(323) 658-6277,Active
EMP047753,Amanda,Jones,Amanda Jones,37,Marketing,Specialist,Los Angeles,65069.53,8676.44,2024-07-14,13,78.6,amanda.jones@company.com,(954) 711-7781,Active
EMP047754,Nicole,Thomas,Nicole Thomas,22,Legal,Specialist,Los Angeles,84716.09,11477.24,2022-10-21,0,72.8,nicole.thomas@company.com,(918) 230-6558,Active
EMP047755,Robert,Jackson,Robert Jackson,25,Legal,Senior Developer,Chicago,83604.15,5798.42,2024-05-05,0,62.5,robert.jackson@company.com,(893) 867-8123,Active
EMP047756,Anthony,Brown,Anthony Brown,47,Engineering,Senior Developer,Seattle,110297.48,3845.36,2020-12-06,22,100.0,anthony.brown@company.com,(991) 714-1815,Inactive
EMP047757,Michael,Jackson,Michael Jackson,40,Finance,Associate,New York,64492.7,8782.66,2024-11-13,12,70.4,michael.jackson@company.com,(656) 597-4541,Active
EMP047758,John,Thomas,John Thomas,59,IT,Manager,Los Angeles,87392.06,17055.01,2021-11-14,31,62.5,john.thomas@company.com,(987) 977-4349,Active
EMP047759,Daniel,Johnson,Daniel Johnson,23,HR,Analyst,New York,35266.0,3059.02,2021-04-02,0,50.1,daniel.johnson@company.com,(892) 646-9793,Inactive
EMP047760,Christopher,Martin,Christopher Martin,42,Finance,Associate,Miami,43919.55,711.91,2021-08-08,16,52.8,christopher.martin@company.com,(484) 827-9246,Active
EMP047761,Amanda,Jones,Amanda Jones,59,IT,Manager,Chicago,113970.05,4300.84,2022-12-15,34,69.1,amanda.jones@company.com,(767) 682-2119,Inactive
EMP047762,Jane,Miller,Jane Miller,59,HR,Associate,Chicago,111344.13,19913.43,2022-09-07,35,76.7,jane.miller@company.com,(404) 879-1892,On Leave
EMP047763,Lisa,Anderson,Lisa Anderson,56,Legal,Manager,Seattle,127344.08,6648.24,2021-11-15,32,83.2,lisa.anderson@company.com,(600) 278-3684,Active
EMP047764,David,Taylor,David Taylor,34,IT,Analyst,Miami,53693.04,11588.15,2022-05-19,12,78.9,david.taylor@company.com,(976) 276-6351,Active
EMP047765,Lisa,Miller,Lisa Miller,65,Engineering,Lead,Seattle,121422.18,12813.92,2021-11-23,39,62.3,lisa.miller@company.com,(447) 595-9506,Active
EMP047766,Amanda,Martin,Amanda Martin,27,Engineering,Lead,Los Angeles,45637.12,1854.36,2022-01-04,5,75.5,amanda.martin@company.com,(891) 559-7468,Active
EMP047767,Melissa,Taylor,Melissa Taylor,53,Marketing,Coordinator,Miami,96001.57,10066.62,2020-08-23,31,79.6,melissa.taylor@company.com,(568) 452-4893,Active
EMP047768,Anthony,Davis,Anthony Davis,59,Engineering,Director,New York,108126.17,12995.6,2024-11-02,35,58.4,anthony.davis@company.com,(613) 548-5889,Active
EMP047769,Jane,Miller,Jane Miller,48,Marketing,Senior Developer,San Francisco,76834.06,12595.66,2021-12-28,21,100.0,jane.miller@company.com,(303) 752-9761,Active
EMP047770,Ashley,Williams,Ashley Williams,45,Operations,Lead,San Francisco,69471.4,9713.35,2022-10-12,21,71.1,ashley.williams@company.com,(426) 694-5381,Active
EMP047771,William,Moore,William Moore,31,IT,Senior Developer,Los Angeles,93748.83,17171.95,2022-08-22,6,55.4,william.moore@company.com,(575) 675-7136,Active
EMP047772,Daniel,Martin,Daniel Martin,49,Engineering,Lead,San Francisco,130087.34,11410.43,2023-08-02,21,91.4,daniel.martin@company.com,(985) 747-8314,Inactive
EMP047773,Lisa,Williams,Lisa Williams,37,Legal,Manager,Austin,102563.19,14313.57,2022-10-15,14,87.2,lisa.williams@company.com,(431) 606-7449,Active
EMP047774,James,Lopez,James Lopez,52,IT,Manager,Seattle,89356.74,7442.36,2024-01-31,26,66.5,james.lopez@company.com,(618) 302-8929,Active
EMP047775,Emily,Gonzalez,Emily Gonzalez,23,Legal,Director,Austin,71434.91,11040.85,2024-11-24,0,80.5,emily.gonzalez@company.com,(786) 476-5221,Active
EMP047776,John,Rodriguez,John Rodriguez,44,IT,Senior Developer,San Francisco,86632.21,2632.31,2020-08-04,18,57.4,john.rodriguez@company.com,(901) 564-7378,Active
EMP047777,Daniel,Thomas,Daniel Thomas,41,Finance,Specialist,San Francisco,77430.99,8155.43,2024-03-05,18,51.4,daniel.thomas@company.com,(816) 692-6853,Active
EMP047778,Daniel,Thomas,Daniel Thomas,44,Operations,Manager,New York,51467.64,7281.34,2021-03-31,20,90.6,daniel.thomas@company.com,(962) 923-3611,Active
EMP047779,Jane,Davis,Jane Davis,57,Sales,Analyst,New York,99199.28,19034.61,2024-08-06,33,66.5,jane.davis@company.com,(378) 250-2410,Active
EMP047780,James,Garcia,James Garcia,61,Sales,Director,Austin,77667.13,11824.23,2023-03-19,39,75.6,james.garcia@company.com,(422) 796-3579,Active
EMP047781,Lisa,Williams,Lisa Williams,22,Sales,Associate,New York,75302.37,9398.69,2024-07-25,0,63.1,lisa.williams@company.com,(541) 447-1512,Active
EMP047782,Lisa,Martinez,Lisa Martinez,36,IT,Coordinator,Chicago,85988.74,12700.1,2024-09-06,7,79.8,lisa.martinez@company.com,(512) 694-2797,Active
EMP047783,Sarah,Martin,Sarah Martin,61,Engineering,Associate,Austin,105575.27,9835.3,2020-06-27,38,100.0,sarah.martin@company.com,(827) 815-5019,Active
EMP047784,Anthony,Lopez,Anthony Lopez,65,Sales,Associate,Austin,102522.61,4410.96,2023-10-15,42,77.2,anthony.lopez@company.com,(393) 974-1670,Active
EMP047785,Amanda,Gonzalez,Amanda Gonzalez,49,Operations,Coordinator,San Francisco,66667.37,11916.8,2020-09-07,23,100.0,amanda.gonzalez@company.com,(955) 222-1389,Active
EMP047786,David,Davis,David Davis,45,HR,Analyst,Miami,55205.78,6368.92,2024-07-07,21,79.9,david.davis@company.com,(897) 494-7689,Active
EMP047787,Anthony,Jackson,Anthony Jackson,33,Sales,Manager,San Francisco,51634.34,3336.26,2023-02-17,7,63.7,anthony.jackson@company.com,(721) 905-8569,Active
EMP047788,William,Davis,William Davis,50,Engineering,Senior Developer,New York,123780.42,5729.48,2020-11-02,26,71.6,william.davis@company.com,(454) 417-3871,Active
EMP047789,Christopher,Rodriguez,Christopher Rodriguez,32,Marketing,Manager,Seattle,72462.22,10890.74,2022-07-11,6,89.7,christopher.rodriguez@company.com,(285) 375-2499,Active
EMP047790,Sarah,Gonzalez,Sarah Gonzalez,28,Sales,Senior Developer,Chicago,53310.31,3655.21,2023-10-02,5,100.0,sarah.gonzalez@company.com,(413) 849-5375,Active
EMP047791,Amanda,Gonzalez,Amanda Gonzalez,27,Legal,Lead,Seattle,60519.07,2948.68,2021-11-09,1,87.1,amanda.gonzalez@company.com,(639) 454-6592,Active
EMP047792,Christopher,Rodriguez,Christopher Rodriguez,58,HR,Analyst,Los Angeles,65832.14,4415.59,2022-08-01,30,43.5,christopher.rodriguez@company.com,(819) 668-5709,Active
EMP047793,David,Gonzalez,David Gonzalez,36,IT,Coordinator,Boston,67595.21,9712.28,2024-11-05,7,73.9,david.gonzalez@company.com,(276) 315-2413,Active
EMP047794,James,Moore,James Moore,26,Marketing,Associate,Chicago,71231.08,6381.64,2022-10-03,3,55.4,james.moore@company.com,(876) 276-6291,Active
EMP047795,Jessica,Smith,Jessica Smith,26,HR,Analyst,New York,59061.11,6252.36,2024-01-28,0,91.7,jessica.smith@company.com,(710) 339-7681,Active
EMP047796,Melissa,Jones,Melissa Jones,27,Operations,Manager,Boston,57992.08,3901.11,2022-11-06,2,85.9,melissa.jones@company.com,(600) 864-9826,Inactive
EMP047797,Emily,Wilson,Emily Wilson,64,Operations,Senior Developer,San Francisco,67144.35,10254.13,2024-01-03,39,64.8,emily.wilson@company.com,(726) 999-5581,Active
EMP047798,Michael,Brown,Michael Brown,50,Finance,Lead,San Francisco,101772.45,4268.76,2020-12-22,27,94.1,michael.brown@company.com,(720) 893-7331,Active
EMP047799,James,Hernandez,James Hernandez,56,HR,Manager,Seattle,89029.14,10440.06,2022-04-19,33,78.5,james.hernandez@company.com,(469) 618-2240,Inactive
EMP047800,Matthew,Martin,Matthew Martin,36,HR,Specialist,New York,62795.25,6523.84,2020-05-12,10,68.8,matthew.martin@company.com,(547) 621-7982,Active
EMP047801,Christopher,Anderson,Christopher Anderson,59,Marketing,Associate,Chicago,94271.05,4927.16,2021-08-07,30,85.5,christopher.anderson@company.com,(348) 439-7568,Active
EMP047802,Jane,Taylor,Jane Taylor,48,IT,Manager,Seattle,98401.33,9975.04,2020-08-02,20,62.1,jane.taylor@company.com,(704) 276-5355,Active
EMP047803,Daniel,Moore,Daniel Moore,41,Sales,Director,Austin,80833.35,2387.9,2020-02-23,13,100.0,daniel.moore@company.com,(402) 636-9268,On Leave
EMP047804,David,Williams,David Williams,62,HR,Senior Developer,Miami,97109.04,6133.69,2021-04-07,36,76.0,david.williams@company.com,(781) 555-1024,Inactive
EMP047805,Ashley,Gonzalez,Ashley Gonzalez,25,HR,Associate,San Francisco,77199.65,11463.61,2021-03-12,0,76.6,ashley.gonzalez@company.com,(357) 604-2999,Active
EMP047806,Amanda,Martinez,Amanda Martinez,36,IT,Senior Developer,San Francisco,60754.47,8362.41,2024-09-16,9,54.6,amanda.martinez@company.com,(804) 957-6580,Active
EMP047807,Lisa,Anderson,Lisa Anderson,65,Operations,Senior Developer,Austin,71589.86,8705.27,2023-08-16,37,61.6,lisa.anderson@company.com,(716) 301-8178,Active
EMP047808,Michael,Jackson,Michael Jackson,29,HR,Associate,Los Angeles,66275.23,11609.14,2022-05-07,3,77.0,michael.jackson@company.com,(924) 875-6327,On Leave
EMP047809,David,Smith,David Smith,54,Legal,Coordinator,Miami,119004.45,8206.41,2023-12-23,29,75.0,david.smith@company.com,(783) 616-7066,Inactive
EMP047810,Nicole,Hernandez,Nicole Hernandez,30,HR,Director,San Francisco,54112.38,6303.47,2021-04-07,5,94.3,nicole.hernandez@company.com,(236) 487-6206,Active
EMP047811,Emily,Miller,Emily Miller,53,HR,Senior Developer,Chicago,67790.89,10140.95,2021-12-06,29,72.1,emily.miller@company.com,(709) 427-9203,Active
EMP047812,Ashley,Jones,Ashley Jones,36,Engineering,Lead,New York,86389.17,11916.23,2024-08-27,7,71.7,ashley.jones@company.com,(982) 333-4829,Active
EMP047813,James,Davis,James Davis,47,Sales,Senior Developer,Los Angeles,83438.77,13164.37,2023-12-08,18,65.2,james.davis@company.com,(668) 399-3199,Active
EMP047814,Jane,Martinez,Jane Martinez,59,Sales,Associate,Miami,107981.66,10783.29,2021-07-26,37,82.3,jane.martinez@company.com,(857) 805-3439,Active
EMP047815,Christopher,Thomas,Christopher Thomas,65,Engineering,Specialist,Miami,120329.29,12392.04,2022-07-25,37,68.7,christopher.thomas@company.com,(596) 613-2487,Active
EMP047816,Christopher,Brown,Christopher Brown,63,Finance,Manager,Los Angeles,107162.95,16737.77,2020-08-13,39,93.6,christopher.brown@company.com,(453) 340-8511,Active
EMP047817,Sarah,Wilson,Sarah Wilson,33,Finance,Senior Developer,Austin,68289.22,13646.75,2020-04-17,4,39.5,sarah.wilson@company.com,(788) 329-1419,Active
EMP047818,Christopher,Rodriguez,Christopher Rodriguez,55,Engineering,Coordinator,New York,127166.08,5241.03,2023-02-23,33,81.7,christopher.rodriguez@company.com,(694) 755-6666,Active
EMP047819,John,Moore,John Moore,47,Finance,Associate,Seattle,59438.93,6022.66,2020-05-08,23,49.3,john.moore@company.com,(583) 577-6545,Active
EMP047820,Daniel,Brown,Daniel Brown,28,Finance,Analyst,Chicago,44760.22,4756.28,2020-11-23,1,53.7,daniel.brown@company.com,(853) 297-2682,Active
EMP047821,Emily,Williams,Emily Williams,47,HR,Senior Developer,Los Angeles,62620.39,1938.58,2020-07-08,24,77.1,emily.williams@company.com,(734) 534-9445,Active
EMP047822,Lisa,Garcia,Lisa Garcia,35,Finance,Coordinator,Seattle,63544.23,10233.39,2021-04-19,11,57.9,lisa.garcia@company.com,(860) 561-3421,Active
EMP047823,Amanda,Moore,Amanda Moore,46,Operations,Analyst,San Francisco,64234.96,8304.61,2020-07-15,21,78.3,amanda.moore@company.com,(686) 805-6546,Active
EMP047824,Jessica,Williams,Jessica Williams,29,IT,Lead,Boston,59036.44,8055.0,2022-10-27,1,93.1,jessica.williams@company.com,(998) 685-3006,Active
EMP047825,Stephanie,Johnson,Stephanie Johnson,61,Engineering,Specialist,Los Angeles,112843.52,4766.58,2022-12-31,39,90.9,stephanie.johnson@company.com,(795) 431-8953,Active
EMP047826,Melissa,Moore,Melissa Moore,63,Marketing,Director,Los Angeles,90260.09,12125.24,2023-09-04,39,83.8,melissa.moore@company.com,(807) 926-7870,Active
EMP047827,John,Brown,John Brown,56,Sales,Senior Developer,Los Angeles,76212.82,11647.89,2022-05-31,27,60.1,john.brown@company.com,(818) 984-4453,Active
EMP047828,David,Williams,David Williams,30,Marketing,Director,San Francisco,36274.56,2429.08,2020-11-08,2,66.8,david.williams@company.com,(640) 381-9454,Active
EMP047829,Emily,Jackson,Emily Jackson,59,Finance,Lead,San Francisco,108445.1,19171.52,2023-05-10,33,84.4,emily.jackson@company.com,(394) 713-2930,Inactive
EMP047830,Ashley,Anderson,Ashley Anderson,27,HR,Lead,Chicago,31017.01,2183.39,2022-12-31,0,79.5,ashley.anderson@company.com,(253) 955-1509,Inactive
EMP047831,Nicole,Jackson,Nicole Jackson,47,Finance,Associate,Chicago,102610.46,6680.76,2024-02-15,25,80.7,nicole.jackson@company.com,(567) 623-7594,Active
EMP047832,Nicole,Taylor,Nicole Taylor,28,HR,Specialist,Los Angeles,46166.15,7495.81,2024-07-03,4,77.3,nicole.taylor@company.com,(773) 817-6596,Active
EMP047833,Emily,Hernandez,Emily Hernandez,35,Legal,Coordinator,Chicago,111838.05,10495.33,2022-03-26,10,81.8,emily.hernandez@company.com,(668) 816-3081,Active
EMP047834,Daniel,Jackson,Daniel Jackson,60,Operations,Specialist,Seattle,77781.62,1390.95,2024-03-31,36,83.5,daniel.jackson@company.com,(635) 748-7688,Active
EMP047835,Michael,Johnson,Michael Johnson,61,Legal,Senior Developer,Los Angeles,123973.27,11517.53,2024-08-06,34,63.6,michael.johnson@company.com,(823) 283-7071,Active
EMP047836,Emily,Rodriguez,Emily Rodriguez,25,Marketing,Director,Austin,56035.31,8873.39,2020-12-01,1,59.4,emily.rodriguez@company.com,(374) 900-2984,Active
EMP047837,David,Anderson,David Anderson,55,Legal,Coordinator,Los Angeles,124456.54,20490.52,2024-03-19,28,88.9,david.anderson@company.com,(335) 901-3647,Active
EMP047838,Robert,Taylor,Robert Taylor,26,Marketing,Specialist,Seattle,68214.95,4052.46,2023-05-26,2,57.0,robert.taylor@company.com,(854) 970-9332,Active
EMP047839,Daniel,Taylor,Daniel Taylor,36,Legal,Manager,Miami,80229.44,7444.26,2022-09-14,12,64.4,daniel.taylor@company.com,(859) 419-2910,Inactive
EMP047840,Daniel,Brown,Daniel Brown,32,Legal,Specialist,New York,136158.53,15819.52,2020-04-21,10,65.3,daniel.brown@company.com,(481) 459-7311,Active
EMP047841,Daniel,Rodriguez,Daniel Rodriguez,29,IT,Director,Seattle,69354.28,4999.76,2022-06-15,7,100.0,daniel.rodriguez@company.com,(874) 475-6416,Inactive
EMP047842,Jane,Johnson,Jane Johnson,42,Engineering,Associate,San Francisco,100794.69,12376.97,2024-11-02,15,92.1,jane.johnson@company.com,(664) 863-6854,Active
EMP047843,Daniel,Taylor,Daniel Taylor,30,Marketing,Senior Developer,Seattle,45588.15,6367.42,2021-03-19,4,75.9,daniel.taylor@company.com,(803) 616-2284,Inactive
EMP047844,Sarah,Thomas,Sarah Thomas,60,Legal,Director,Seattle,106828.69,12695.27,2022-03-26,37,71.2,sarah.thomas@company.com,(491) 894-3487,Active
EMP047845,Ashley,Anderson,Ashley Anderson,29,Marketing,Senior Developer,Chicago,40374.09,539.1,2024-11-20,0,51.2,ashley.anderson@company.com,(849) 787-6687,Active
EMP047846,Anthony,Jones,Anthony Jones,63,Finance,Associate,Chicago,78778.13,12038.03,2022-08-03,36,77.1,anthony.jones@company.com,(697) 344-1468,Active
EMP047847,Robert,Jackson,Robert Jackson,64,Legal,Coordinator,Miami,98871.05,13806.35,2022-12-06,40,89.8,robert.jackson@company.com,(376) 447-2267,Active
EMP047848,James,Williams,James Williams,33,Sales,Manager,Seattle,69009.69,5674.95,2024-10-19,4,81.6,james.williams@company.com,(293) 329-2348,Active
EMP047849,Ashley,Johnson,Ashley Johnson,37,Sales,Associate,Austin,48189.73,2513.67,2022-08-02,14,87.8,ashley.johnson@company.com,(451) 947-4226,Inactive
EMP047850,Melissa,Thomas,Melissa Thomas,61,Sales,Associate,New York,90936.35,6276.83,2021-05-01,35,63.6,melissa.thomas@company.com,(523) 807-7443,Inactive
EMP047851,James,Martinez,James Martinez,25,Sales,Coordinator,Boston,49376.6,3959.89,2020-10-10,0,95.3,james.martinez@company.com,(907) 354-1376,Active
EMP047852,Christopher,Rodriguez,Christopher Rodriguez,42,Engineering,Director,Seattle,84220.53,6241.05,2024-08-13,20,80.1,christopher.rodriguez@company.com,(604) 534-7935,Active
EMP047853,Lisa,Rodriguez,Lisa Rodriguez,29,Marketing,Senior Developer,Miami,72698.16,12834.84,2022-03-07,1,96.4,lisa.rodriguez@company.com,(520) 779-7399,Active
EMP047854,Emily,Anderson,Emily Anderson,29,Legal,Specialist,Austin,57205.98,4257.38,2022-11-04,7,87.9,emily.anderson@company.com,(549) 736-5232,Inactive
EMP047855,William,Jackson,William Jackson,35,Engineering,Associate,Miami,86094.41,11336.93,2021-03-29,12,64.1,william.jackson@company.com,(522) 602-2938,Active
EMP047856,Matthew,Lopez,Matthew Lopez,27,Marketing,Manager,Chicago,61996.9,8944.0,2020-07-13,0,72.3,matthew.lopez@company.com,(850) 959-4187,Active
EMP047857,Matthew,Jackson,Matthew Jackson,47,Operations,Analyst,San Francisco,58865.6,7214.47,2022-12-23,20,47.5,matthew.jackson@company.com,(263) 699-5190,Active
EMP047858,David,Martinez,David Martinez,41,Finance,Analyst,New York,69929.79,10365.05,2021-11-20,18,100.0,david.martinez@company.com,(362) 325-7503,Active
EMP047859,Jessica,Smith,Jessica Smith,41,Marketing,Coordinator,New York,52034.3,27.66,2023-12-22,16,70.2,jessica.smith@company.com,(488) 473-3498,Active
EMP047860,Amanda,Martin,Amanda Martin,31,Marketing,Associate,Seattle,53832.01,2708.58,2023-05-17,7,64.8,amanda.martin@company.com,(620) 798-6270,Active
EMP047861,Christopher,Williams,Christopher Williams,30,Engineering,Lead,Austin,103109.47,7768.81,2021-09-30,5,70.6,christopher.williams@company.com,(624) 352-2090,Active
EMP047862,Nicole,Gonzalez,Nicole Gonzalez,37,Finance,Associate,Austin,63225.51,1313.4,2021-11-29,11,83.6,nicole.gonzalez@company.com,(885) 783-3608,Active
EMP047863,David,Smith,David Smith,46,IT,Specialist,San Francisco,119512.18,7780.33,2023-11-07,19,89.6,david.smith@company.com,(554) 810-5934,Active
EMP047864,Christopher,Johnson,Christopher Johnson,28,Operations,Lead,Seattle,63909.97,4199.05,2024-08-10,3,80.9,christopher.johnson@company.com,(404) 603-6218,Active
EMP047865,Ashley,Garcia,Ashley Garcia,43,Legal,Associate,Chicago,85682.41,9162.03,2021-07-01,14,94.9,ashley.garcia@company.com,(511) 598-7799,Inactive
EMP047866,William,Taylor,William Taylor,38,IT,Associate,San Francisco,90166.88,3759.77,2024-07-03,14,72.7,william.taylor@company.com,(301) 981-6028,Active
EMP047867,John,Martin,John Martin,32,IT,Specialist,Chicago,116988.28,11389.5,2021-05-02,9,77.1,john.martin@company.com,(662) 803-4370,Active
EMP047868,Amanda,Miller,Amanda Miller,49,Marketing,Specialist,New York,63497.1,4329.08,2020-11-15,23,72.5,amanda.miller@company.com,(704) 220-2496,Active
EMP047869,Lisa,Davis,Lisa Davis,65,Legal,Coordinator,Miami,92816.63,4765.31,2022-08-01,41,80.1,lisa.davis@company.com,(978) 248-8419,Active
EMP047870,Emily,Johnson,Emily Johnson,49,IT,Associate,Seattle,133421.81,17224.51,2023-01-01,22,95.8,emily.johnson@company.com,(732) 535-6646,Active
EMP047871,Michael,Williams,Michael Williams,41,Engineering,Senior Developer,Seattle,74969.41,8008.04,2020-04-29,13,74.3,michael.williams@company.com,(505) 516-1322,Active
EMP047872,William,Davis,William Davis,24,IT,Analyst,New York,67289.34,7281.54,2020-01-03,0,67.7,william.davis@company.com,(504) 638-3145,Active
EMP047873,Stephanie,Jones,Stephanie Jones,31,Engineering,Manager,Seattle,97104.36,6966.04,2023-06-20,4,77.3,stephanie.jones@company.com,(255) 748-9864,Active
EMP047874,Emily,Jones,Emily Jones,41,Operations,Coordinator,San Francisco,52101.02,3674.52,2020-12-24,15,79.7,emily.jones@company.com,(399) 955-2272,Active
EMP047875,Sarah,Smith,Sarah Smith,30,IT,Manager,Chicago,61805.34,0.0,2020-10-26,3,63.1,sarah.smith@company.com,(559) 813-8751,On Leave
EMP047876,Robert,Johnson,Robert Johnson,44,Legal,Director,Miami,91593.3,25273.89,2022-12-08,22,40.5,robert.johnson@company.com,(707) 440-3833,Active
EMP047877,John,Anderson,John Anderson,29,HR,Manager,Chicago,66075.89,10934.01,2022-09-11,2,64.7,john.anderson@company.com,(217) 355-8973,Active
EMP047878,James,Smith,James Smith,35,Operations,Manager,Chicago,62666.64,13002.43,2024-05-31,13,95.2,james.smith@company.com,(341) 963-2574,Active
EMP047879,David,Moore,David Moore,27,HR,Specialist,San Francisco,37508.75,2255.36,2023-08-22,0,97.2,david.moore@company.com,(622) 929-5925,Active
EMP047880,Michael,Thomas,Michael Thomas,39,Engineering,Specialist,Austin,82699.03,2377.71,2022-12-12,11,67.2,michael.thomas@company.com,(505) 264-2824,Active
EMP047881,Lisa,Anderson,Lisa Anderson,48,HR,Director,Chicago,59443.88,7433.69,2024-12-13,25,34.6,lisa.anderson@company.com,(477) 451-9938,Inactive
EMP047882,Matthew,Hernandez,Matthew Hernandez,45,IT,Coordinator,Austin,79453.57,8257.6,2023-02-01,20,83.9,matthew.hernandez@company.com,(305) 417-5512,Active
EMP047883,David,Taylor,David Taylor,22,Legal,Associate,New York,72395.87,5306.3,2024-05-09,0,88.4,david.taylor@company.com,(888) 451-7119,Active
EMP047884,Nicole,Moore,Nicole Moore,23,Finance,Associate,San Francisco,79585.69,7725.91,2024-03-23,0,97.7,nicole.moore@company.com,(673) 802-4862,Active
EMP047885,Stephanie,Thomas,Stephanie Thomas,24,IT,Coordinator,San Francisco,65721.45,12849.43,2022-11-17,0,72.5,stephanie.thomas@company.com,(844) 676-2019,Active
EMP047886,Christopher,Wilson,Christopher Wilson,57,Marketing,Manager,San Francisco,59757.78,8181.21,2023-06-22,30,60.4,christopher.wilson@company.com,(805) 655-5914,Active
EMP047887,Sarah,Jones,Sarah Jones,48,Legal,Specialist,Miami,99493.57,4163.7,2020-12-20,20,95.1,sarah.jones@company.com,(307) 658-9211,Active
EMP047888,Nicole,Martin,Nicole Martin,45,Marketing,Coordinator,Austin,66745.32,2682.91,2023-11-15,23,74.7,nicole.martin@company.com,(553) 391-5631,Active
EMP047889,Jane,Brown,Jane Brown,53,HR,Lead,Miami,63962.89,7578.97,2022-05-14,31,85.8,jane.brown@company.com,(356) 389-6027,Active
EMP047890,Sarah,Johnson,Sarah Johnson,65,Operations,Coordinator,Los Angeles,67607.07,6877.55,2024-07-03,36,73.3,sarah.johnson@company.com,(351) 322-2453,Active
EMP047891,Robert,Jones,Robert Jones,33,Operations,Senior Developer,San Francisco,50408.19,5187.83,2024-02-10,11,59.8,robert.jones@company.com,(405) 986-7461,Inactive
EMP047892,Matthew,Martinez,Matthew Martinez,59,Sales,Analyst,Chicago,72883.86,13843.69,2021-10-09,33,96.3,matthew.martinez@company.com,(849) 895-8308,Active
EMP047893,Matthew,Davis,Matthew Davis,59,IT,Analyst,New York,97676.46,9902.93,2024-12-05,35,75.1,matthew.davis@company.com,(646) 583-4572,Active
EMP047894,Sarah,Thomas,Sarah Thomas,29,Finance,Director,Seattle,53215.89,5987.2,2020-03-05,2,85.2,sarah.thomas@company.com,(474) 298-3812,Active
EMP047895,Nicole,Anderson,Nicole Anderson,22,Engineering,Senior Developer,Seattle,66138.29,4970.4,2024-12-23,0,100.0,nicole.anderson@company.com,(834) 206-8496,Active
EMP047896,Daniel,Smith,Daniel Smith,32,Marketing,Lead,Boston,60734.68,9540.24,2022-10-18,3,99.0,daniel.smith@company.com,(565) 562-7207,Active
EMP047897,William,Smith,William Smith,37,Legal,Analyst,Seattle,98334.03,13666.06,2023-04-16,8,81.6,william.smith@company.com,(273) 937-1191,On Leave
EMP047898,David,Taylor,David Taylor,49,Marketing,Analyst,New York,57156.54,7230.24,2021-07-25,23,76.7,david.taylor@company.com,(477) 257-3522,Active
EMP047899,Nicole,Williams,Nicole Williams,52,HR,Coordinator,Boston,64757.34,572.53,2023-01-25,24,72.3,nicole.williams@company.com,(995) 967-7510,Active
EMP047900,Stephanie,Thomas,Stephanie Thomas,58,Finance,Manager,Miami,102101.67,11229.16,2021-12-20,33,92.1,stephanie.thomas@company.com,(986) 802-6843,Active
EMP047901,Emily,Hernandez,Emily Hernandez,50,Finance,Manager,Boston,82437.54,10970.0,2023-11-08,26,96.2,emily.hernandez@company.com,(242) 352-9230,Inactive
EMP047902,James,Rodriguez,James Rodriguez,42,Engineering,Associate,San Francisco,135360.53,7070.94,2020-03-17,13,58.9,james.rodriguez@company.com,(645) 379-6745,Active
EMP047903,Sarah,Davis,Sarah Davis,46,Marketing,Associate,Seattle,67711.02,2190.37,2021-03-16,17,99.5,sarah.davis@company.com,(299) 815-7624,Active
EMP047904,Emily,Smith,Emily Smith,34,Finance,Lead,Chicago,89886.45,15834.39,2024-08-06,5,59.2,emily.smith@company.com,(672) 950-9751,Active
EMP047905,Jessica,Garcia,Jessica Garcia,42,IT,Associate,New York,93302.37,4338.86,2021-10-09,14,73.1,jessica.garcia@company.com,(393) 981-9536,Active
EMP047906,Amanda,Miller,Amanda Miller,48,Finance,Specialist,Miami,94544.12,11661.24,2024-11-18,21,91.2,amanda.miller@company.com,(933) 875-2128,Active
EMP047907,Christopher,Johnson,Christopher Johnson,27,Operations,Manager,Chicago,44266.05,0.0,2020-05-24,0,95.3,christopher.johnson@company.com,(687) 399-2236,Active
EMP047908,Amanda,Moore,Amanda Moore,32,HR,Specialist,Los Angeles,72098.48,7278.87,2021-05-03,5,58.7,amanda.moore@company.com,(340) 923-4811,Active
EMP047909,James,Moore,James Moore,28,Operations,Director,Los Angeles,31171.23,3474.43,2024-08-02,0,70.8,james.moore@company.com,(785) 295-7813,Active
EMP047910,Amanda,Anderson,Amanda Anderson,33,HR,Associate,Austin,75634.14,8709.03,2021-03-09,5,84.9,amanda.anderson@company.com,(591) 637-8349,Active
EMP047911,John,Smith,John Smith,46,Finance,Coordinator,San Francisco,88551.43,11043.42,2023-10-20,18,44.1,john.smith@company.com,(387) 237-7682,Active
EMP047912,Michael,Smith,Michael Smith,42,Legal,Coordinator,Miami,82638.98,12067.31,2020-11-19,18,66.5,michael.smith@company.com,(910) 302-6775,Active
EMP047913,Nicole,Johnson,Nicole Johnson,55,Engineering,Senior Developer,Seattle,113319.29,10327.56,2024-10-14,28,92.1,nicole.johnson@company.com,(829) 811-9237,Inactive
EMP047914,Jane,Williams,Jane Williams,29,IT,Analyst,San Francisco,79288.88,1160.58,2023-11-26,5,75.2,jane.williams@company.com,(750) 892-3999,Active
EMP047915,Stephanie,Moore,Stephanie Moore,29,Legal,Senior Developer,Los Angeles,69284.09,3711.96,2022-03-20,3,90.5,stephanie.moore@company.com,(284) 827-3487,Active
EMP047916,Ashley,Rodriguez,Ashley Rodriguez,35,HR,Coordinator,Austin,61999.38,3877.48,2020-03-15,12,72.3,ashley.rodriguez@company.com,(357) 710-5947,Active
EMP047917,Lisa,Garcia,Lisa Garcia,31,Marketing,Associate,Chicago,51997.32,5945.74,2023-07-09,9,69.4,lisa.garcia@company.com,(694) 559-6963,Active
EMP047918,Jane,Taylor,Jane Taylor,46,Legal,Manager,Los Angeles,138555.45,14391.32,2022-03-09,21,45.5,jane.taylor@company.com,(384) 666-6780,Inactive
EMP047919,Amanda,Miller,Amanda Miller,41,Sales,Associate,Chicago,48872.35,0.0,2023-09-25,17,73.2,amanda.miller@company.com,(294) 910-7283,Inactive
EMP047920,Jane,Davis,Jane Davis,53,Sales,Senior Developer,Los Angeles,82695.69,9749.27,2021-05-02,31,76.8,jane.davis@company.com,(689) 610-8060,Active
EMP047921,Emily,Wilson,Emily Wilson,42,HR,Associate,San Francisco,70142.9,10878.11,2024-10-16,17,58.3,emily.wilson@company.com,(867) 368-3712,Active
EMP047922,William,Jackson,William Jackson,53,HR,Associate,Seattle,86106.37,9898.33,2021-05-20,28,80.8,william.jackson@company.com,(994) 304-7808,Active
EMP047923,Nicole,Brown,Nicole Brown,38,HR,Coordinator,Austin,57270.47,6421.37,2024-09-28,16,62.3,nicole.brown@company.com,(801) 870-7197,Inactive
EMP047924,Jane,Rodriguez,Jane Rodriguez,28,IT,Analyst,Miami,118971.28,0.0,2022-06-16,5,76.3,jane.rodriguez@company.com,(358) 767-2867,Active
EMP047925,Jessica,Garcia,Jessica Garcia,23,IT,Manager,Miami,79301.37,5013.48,2024-01-21,0,75.9,jessica.garcia@company.com,(660) 393-3745,Active
EMP047926,Nicole,Martinez,Nicole Martinez,61,Marketing,Senior Developer,Seattle,95006.96,6983.84,2021-01-12,38,67.2,nicole.martinez@company.com,(347) 934-7323,Active
EMP047927,Nicole,Jackson,Nicole Jackson,36,Legal,Specialist,Austin,47686.24,4135.11,2023-06-19,8,100.0,nicole.jackson@company.com,(742) 942-6838,Active
EMP047928,Daniel,Jackson,Daniel Jackson,42,Finance,Specialist,Chicago,75375.11,5844.93,2024-03-21,18,93.0,daniel.jackson@company.com,(800) 269-9371,Active
EMP047929,James,Lopez,James Lopez,22,Finance,Director,San Francisco,62727.87,7522.32,2023-03-29,0,77.7,james.lopez@company.com,(733) 573-1467,Active
EMP047930,Anthony,Davis,Anthony Davis,39,Marketing,Senior Developer,Austin,78261.32,12692.79,2024-05-11,10,51.3,anthony.davis@company.com,(633) 352-6719,Active
EMP047931,Melissa,Anderson,Melissa Anderson,39,Marketing,Manager,New York,62106.1,5193.31,2024-06-15,12,62.4,melissa.anderson@company.com,(497) 834-1719,Active
EMP047932,Daniel,Martinez,Daniel Martinez,34,HR,Coordinator,New York,78955.35,19023.32,2022-04-24,8,43.7,daniel.martinez@company.com,(594) 286-7215,Inactive
EMP047933,William,Jones,William Jones,22,Finance,Lead,Chicago,86177.37,4825.37,2021-06-09,0,41.0,william.jones@company.com,(817) 889-3322,On Leave
EMP047934,David,Anderson,David Anderson,47,Operations,Senior Developer,San Francisco,66632.22,8527.57,2023-12-29,20,88.1,david.anderson@company.com,(937) 215-3370,Active
EMP047935,Nicole,Williams,Nicole Williams,34,Engineering,Coordinator,Los Angeles,88766.37,8811.31,2023-06-02,6,72.0,nicole.williams@company.com,(334) 849-7359,Active
EMP047936,Anthony,Taylor,Anthony Taylor,37,IT,Lead,Chicago,87351.21,2552.54,2023-04-21,12,42.9,anthony.taylor@company.com,(755) 511-1962,Active
EMP047937,Emily,Rodriguez,Emily Rodriguez,59,IT,Senior Developer,Miami,137721.83,2606.77,2023-01-10,36,65.7,emily.rodriguez@company.com,(861) 562-1347,Active
EMP047938,Ashley,Rodriguez,Ashley Rodriguez,61,Legal,Senior Developer,Boston,126214.2,13724.41,2022-01-22,33,70.3,ashley.rodriguez@company.com,(299) 385-3679,Inactive
EMP047939,Anthony,Brown,Anthony Brown,41,IT,Manager,Chicago,75869.16,7563.8,2024-10-28,19,67.4,anthony.brown@company.com,(860) 400-8461,Active
EMP047940,Stephanie,Jackson,Stephanie Jackson,23,Legal,Lead,Chicago,81422.42,2823.23,2021-10-24,0,83.8,stephanie.jackson@company.com,(301) 501-2939,Active
EMP047941,Christopher,Jackson,Christopher Jackson,31,Legal,Senior Developer,Chicago,97625.47,16105.93,2024-08-19,3,75.6,christopher.jackson@company.com,(306) 747-5383,Active
EMP047942,Jane,Garcia,Jane Garcia,54,Operations,Coordinator,San Francisco,58630.75,12297.7,2021-02-20,30,70.5,jane.garcia@company.com,(843) 208-1080,Active
EMP047943,Lisa,Moore,Lisa Moore,57,Finance,Lead,Boston,62283.15,2287.51,2020-11-22,33,90.2,lisa.moore@company.com,(952) 857-3329,Active
EMP047944,David,Taylor,David Taylor,39,Legal,Analyst,Los Angeles,86303.44,7186.02,2021-10-05,10,73.9,david.taylor@company.com,(610) 776-1193,Active
EMP047945,Michael,Gonzalez,Michael Gonzalez,54,Finance,Associate,San Francisco,116347.9,7860.24,2020-05-06,29,81.6,michael.gonzalez@company.com,(318) 524-8929,Active
EMP047946,Nicole,Brown,Nicole Brown,43,Marketing,Coordinator,Boston,81435.64,6044.44,2024-09-05,20,76.9,nicole.brown@company.com,(201) 840-8147,Active
EMP047947,Christopher,Thomas,Christopher Thomas,40,Operations,Specialist,New York,55249.87,6939.66,2024-08-14,14,72.0,christopher.thomas@company.com,(996) 690-5552,Active
EMP047948,Jessica,Anderson,Jessica Anderson,60,HR,Associate,Los Angeles,113511.9,4114.75,2021-06-18,32,79.6,jessica.anderson@company.com,(434) 700-5506,Active
EMP047949,Daniel,Brown,Daniel Brown,51,HR,Analyst,Austin,78351.1,4749.62,2021-06-15,23,74.4,daniel.brown@company.com,(562) 406-6206,Active
EMP047950,Amanda,Martinez,Amanda Martinez,25,Engineering,Coordinator,Boston,116665.89,4162.91,2021-11-15,0,49.8,amanda.martinez@company.com,(379) 448-5314,Inactive
EMP047951,William,Martin,William Martin,45,Marketing,Senior Developer,Miami,86855.85,9262.08,2021-01-29,22,68.8,william.martin@company.com,(349) 985-3896,Active
EMP047952,Amanda,Jones,Amanda Jones,26,HR,Coordinator,Chicago,61094.32,2816.95,2023-06-04,1,83.4,amanda.jones@company.com,(583) 963-8226,Active
EMP047953,Lisa,Hernandez,Lisa Hernandez,46,Sales,Director,Miami,80576.37,9974.02,2022-06-20,19,47.0,lisa.hernandez@company.com,(906) 975-9820,Active
EMP047954,Robert,Martin,Robert Martin,53,Engineering,Specialist,Seattle,112250.33,10101.41,2024-05-25,28,46.9,robert.martin@company.com,(640) 319-7186,Active
EMP047955,Daniel,Moore,Daniel Moore,63,IT,Analyst,Los Angeles,123691.66,11481.53,2024-11-10,37,78.3,daniel.moore@company.com,(625) 431-1617,Active
EMP047956,Stephanie,Hernandez,Stephanie Hernandez,44,Sales,Senior Developer,Los Angeles,78808.23,3598.56,2020-03-18,16,71.0,stephanie.hernandez@company.com,(707) 887-9370,Active
EMP047957,Emily,Anderson,Emily Anderson,34,Legal,Lead,New York,100786.59,10934.13,2021-02-18,6,59.0,emily.anderson@company.com,(578) 605-8934,Inactive
EMP047958,David,Johnson,David Johnson,53,Sales,Manager,San Francisco,103822.66,4552.46,2023-04-30,24,88.8,david.johnson@company.com,(951) 348-9065,Active
EMP047959,John,Smith,John Smith,50,HR,Senior Developer,New York,50786.49,333.91,2021-06-29,21,38.4,john.smith@company.com,(708) 584-7317,Inactive
EMP047960,Jessica,Lopez,Jessica Lopez,43,IT,Analyst,Los Angeles,72458.15,0.0,2021-03-09,14,94.2,jessica.lopez@company.com,(798) 777-6355,Active
EMP047961,Nicole,Smith,Nicole Smith,28,Finance,Manager,Austin,88011.58,9303.35,2020-02-18,3,57.6,nicole.smith@company.com,(723) 539-8530,Active
EMP047962,Daniel,Brown,Daniel Brown,56,Legal,Manager,Seattle,93459.06,4506.62,2023-07-07,28,93.4,daniel.brown@company.com,(849) 515-3889,Active
EMP047963,Emily,Jackson,Emily Jackson,57,Sales,Analyst,Boston,85020.82,14959.94,2024-04-07,34,58.7,emily.jackson@company.com,(846) 711-2014,Active
EMP047964,Emily,Martin,Emily Martin,64,Operations,Coordinator,San Francisco,71482.44,7280.78,2022-08-22,35,79.0,emily.martin@company.com,(612) 450-9874,Active
EMP047965,Lisa,Brown,Lisa Brown,65,Marketing,Coordinator,Chicago,86105.49,10127.25,2022-02-28,36,64.7,lisa.brown@company.com,(248) 694-7108,Active
EMP047966,John,Miller,John Miller,34,Operations,Manager,Seattle,55817.46,643.62,2020-05-28,12,90.4,john.miller@company.com,(739) 828-1936,Active
EMP047967,Emily,Garcia,Emily Garcia,36,Sales,Senior Developer,Austin,95842.92,21388.29,2021-11-16,14,47.8,emily.garcia@company.com,(383) 588-7249,Active
EMP047968,John,Davis,John Davis,41,Engineering,Manager,Seattle,87820.77,4903.37,2022-08-16,13,74.8,john.davis@company.com,(212) 707-3620,Active
EMP047969,Emily,Martinez,Emily Martinez,24,Marketing,Analyst,Austin,50138.35,2641.44,2020-11-26,1,76.8,emily.martinez@company.com,(614) 566-5873,Active
EMP047970,Nicole,Hernandez,Nicole Hernandez,46,Sales,Director,San Francisco,91004.37,6234.1,2024-08-18,23,82.4,nicole.hernandez@company.com,(303) 624-5831,Active
EMP047971,Christopher,Moore,Christopher Moore,35,HR,Lead,Boston,27000.0,1607.15,2022-03-22,12,73.4,christopher.moore@company.com,(986) 823-6615,Active
EMP047972,Robert,Smith,Robert Smith,57,Marketing,Analyst,San Francisco,79812.13,9736.31,2020-06-21,31,66.2,robert.smith@company.com,(343) 903-1268,Active
EMP047973,David,Thomas,David Thomas,26,Engineering,Analyst,Boston,62553.03,5018.16,2021-02-07,0,82.7,david.thomas@company.com,(491) 956-4625,Active
EMP047974,Anthony,Davis,Anthony Davis,47,IT,Analyst,San Francisco,87119.84,0.0,2023-07-17,22,75.3,anthony.davis@company.com,(721) 461-7302,Active
EMP047975,Nicole,Williams,Nicole Williams,34,Finance,Analyst,Boston,70293.95,10029.0,2023-06-09,6,100.0,nicole.williams@company.com,(414) 372-7574,Active
EMP047976,Christopher,Hernandez,Christopher Hernandez,37,Marketing,Senior Developer,Los Angeles,75338.62,8691.91,2024-04-18,13,57.3,christopher.hernandez@company.com,(706) 307-8995,Active
EMP047977,Lisa,Jackson,Lisa Jackson,65,Marketing,Lead,Seattle,101855.22,11879.88,2021-04-20,42,78.4,lisa.jackson@company.com,(242) 630-8763,Active
EMP047978,Jane,Thomas,Jane Thomas,51,Marketing,Analyst,Los Angeles,85288.59,2444.15,2021-04-18,27,68.0,jane.thomas@company.com,(417) 201-6779,Active
EMP047979,Emily,Lopez,Emily Lopez,29,Marketing,Lead,Miami,80266.79,2942.07,2023-11-22,2,100.0,emily.lopez@company.com,(422) 967-3387,Active
EMP047980,William,Gonzalez,William Gonzalez,64,Marketing,Associate,Seattle,77801.56,9258.93,2023-04-23,40,53.5,william.gonzalez@company.com,(473) 863-9288,Active
EMP047981,David,Thomas,David Thomas,62,Marketing,Analyst,Boston,96858.35,9918.47,2021-12-26,37,53.0,david.thomas@company.com,(635) 757-1419,Active
EMP047982,Anthony,Martinez,Anthony Martinez,53,Legal,Manager,Boston,142826.75,15616.44,2022-02-13,27,65.0,anthony.martinez@company.com,(707) 361-7844,Active
EMP047983,David,Martin,David Martin,27,IT,Analyst,San Francisco,86747.07,4528.04,2022-04-14,4,82.0,david.martin@company.com,(819) 533-9735,Active
EMP047984,Jane,Hernandez,Jane Hernandez,34,Marketing,Director,Austin,58216.03,5468.24,2020-09-20,6,77.4,jane.hernandez@company.com,(610) 650-1859,Active
EMP047985,Melissa,Hernandez,Melissa Hernandez,65,Engineering,Coordinator,Austin,98657.41,9044.44,2020-04-23,41,91.2,melissa.hernandez@company.com,(288) 609-7949,Active
EMP047986,Christopher,Moore,Christopher Moore,42,Engineering,Director,New York,110353.9,15174.26,2020-11-01,15,63.4,christopher.moore@company.com,(786) 431-9986,Active
EMP047987,James,Anderson,James Anderson,44,Engineering,Analyst,Chicago,130806.58,18259.8,2024-12-23,18,100.0,james.anderson@company.com,(697) 527-2164,Active
EMP047988,Matthew,Wilson,Matthew Wilson,25,Marketing,Manager,Austin,62535.2,6724.85,2024-08-06,0,73.0,matthew.wilson@company.com,(243) 555-4062,Active
EMP047989,Melissa,Johnson,Melissa Johnson,37,Sales,Specialist,Austin,54811.88,1205.9,2021-06-01,8,76.6,melissa.johnson@company.com,(627) 771-8623,Inactive
EMP047990,Amanda,Gonzalez,Amanda Gonzalez,38,Sales,Senior Developer,New York,51490.03,9850.95,2020-10-26,14,100.0,amanda.gonzalez@company.com,(714) 718-1940,Active
EMP047991,William,Davis,William Davis,33,Operations,Associate,Los Angeles,57841.78,4426.73,2021-09-04,8,83.0,william.davis@company.com,(495) 450-4919,Active
EMP047992,Lisa,Martinez,Lisa Martinez,51,Finance,Senior Developer,Austin,80719.79,6192.92,2021-10-17,28,55.7,lisa.martinez@company.com,(920) 894-7108,Active
EMP047993,Anthony,Williams,Anthony Williams,44,Engineering,Associate,Miami,81334.71,11330.52,2021-02-05,16,59.8,anthony.williams@company.com,(401) 252-9879,Active
EMP047994,William,Johnson,William Johnson,48,IT,Specialist,Miami,80020.96,1888.99,2020-06-03,22,90.5,william.johnson@company.com,(682) 221-6298,Inactive
EMP047995,Sarah,Wilson,Sarah Wilson,65,Legal,Specialist,Seattle,156998.36,9671.05,2024-05-28,40,68.5,sarah.wilson@company.com,(628) 622-3259,Active
EMP047996,Matthew,Anderson,Matthew Anderson,27,Engineering,Coordinator,New York,107123.65,6435.03,2022-10-19,0,77.4,matthew.anderson@company.com,(911) 343-8087,On Leave
EMP047997,David,Moore,David Moore,37,Sales,Manager,Seattle,72786.0,8724.61,2024-12-11,12,55.4,david.moore@company.com,(252) 525-5274,Active
EMP047998,David,Taylor,David Taylor,28,Sales,Senior Developer,Chicago,77005.26,8929.39,2023-08-27,4,86.6,david.taylor@company.com,(347) 767-9207,Active
EMP047999,Anthony,Jackson,Anthony Jackson,52,HR,Analyst,Miami,60927.01,5853.49,2020-07-31,29,62.4,anthony.jackson@company.com,(683) 990-1438,Active
EMP048000,William,Brown,William Brown,51,Marketing,Manager,Los Angeles,78577.95,8932.29,2022-10-28,24,84.4,william.brown@company.com,(862) 669-3977,Active
EMP048001,Michael,Hernandez,Michael Hernandez,53,Finance,Specialist,New York,79073.43,6618.79,2024-07-21,24,73.5,michael.hernandez@company.com,(233) 582-3384,Active
EMP048002,Sarah,Moore,Sarah Moore,34,Sales,Coordinator,Seattle,74335.11,8813.49,2024-06-20,5,60.5,sarah.moore@company.com,(502) 325-2282,Inactive
EMP048003,Lisa,Jackson,Lisa Jackson,50,Legal,Senior Developer,New York,73666.48,6828.24,2022-07-27,27,71.5,lisa.jackson@company.com,(744) 234-2394,Active
EMP048004,Melissa,Gonzalez,Melissa Gonzalez,31,IT,Lead,Seattle,43438.19,3367.54,2022-04-08,6,71.7,melissa.gonzalez@company.com,(544) 350-8603,Active
EMP048005,James,Miller,James Miller,39,Finance,Specialist,Miami,60547.18,9312.79,2020-12-16,11,76.0,james.miller@company.com,(758) 731-4497,Active
EMP048006,Ashley,Moore,Ashley Moore,40,IT,Analyst,Los Angeles,93209.01,18878.4,2021-04-07,16,81.3,ashley.moore@company.com,(819) 551-3631,Active
EMP048007,Melissa,Williams,Melissa Williams,51,Marketing,Coordinator,San Francisco,75649.12,13126.08,2022-05-07,28,77.8,melissa.williams@company.com,(542) 375-7345,Active
EMP048008,James,Davis,James Davis,25,HR,Associate,Chicago,37910.49,2071.32,2023-03-27,0,63.0,james.davis@company.com,(960) 999-2333,Active
EMP048009,Daniel,Taylor,Daniel Taylor,65,Operations,Coordinator,Austin,78360.02,14223.32,2023-08-24,39,98.7,daniel.taylor@company.com,(440) 722-6034,Active
EMP048010,Amanda,Davis,Amanda Davis,60,HR,Coordinator,Los Angeles,45449.18,3976.23,2024-06-17,35,68.3,amanda.davis@company.com,(985) 840-5089,Inactive
EMP048011,Sarah,Anderson,Sarah Anderson,52,IT,Specialist,Boston,77516.72,5361.13,2024-04-13,27,98.8,sarah.anderson@company.com,(515) 330-8030,Active
EMP048012,Sarah,Wilson,Sarah Wilson,22,Operations,Analyst,Seattle,50935.66,5877.18,2020-08-11,0,82.5,sarah.wilson@company.com,(330) 511-7817,Active
EMP048013,Emily,Hernandez,Emily Hernandez,63,Legal,Analyst,Boston,108886.82,8541.43,2023-04-17,34,75.5,emily.hernandez@company.com,(843) 754-9798,Active
EMP048014,Sarah,Rodriguez,Sarah Rodriguez,41,HR,Associate,Los Angeles,74567.39,10451.87,2021-04-30,12,74.6,sarah.rodriguez@company.com,(626) 418-7216,Active
EMP048015,James,Brown,James Brown,29,Marketing,Specialist,San Francisco,47087.38,1971.44,2021-09-12,6,86.6,james.brown@company.com,(354) 901-9696,Active
EMP048016,James,Jones,James Jones,41,HR,Associate,Miami,62748.47,10690.49,2022-10-23,12,77.9,james.jones@company.com,(290) 607-3412,Active
EMP048017,Anthony,Martinez,Anthony Martinez,28,Sales,Specialist,Seattle,53984.99,6900.51,2020-05-09,4,66.7,anthony.martinez@company.com,(821) 834-6480,Active
EMP048018,Matthew,Anderson,Matthew Anderson,42,Marketing,Coordinator,Miami,50666.7,1691.5,2023-07-01,15,91.7,matthew.anderson@company.com,(299) 729-7764,Active
EMP048019,Anthony,Brown,Anthony Brown,61,IT,Manager,New York,136116.03,6428.6,2023-03-12,34,80.7,anthony.brown@company.com,(647) 973-9198,Active
EMP048020,Anthony,Moore,Anthony Moore,34,Operations,Specialist,Boston,60170.08,4842.93,2023-05-28,9,51.6,anthony.moore@company.com,(889) 468-5426,Active
EMP048021,Lisa,Garcia,Lisa Garcia,35,IT,Manager,Chicago,78581.3,4910.23,2021-07-29,8,66.7,lisa.garcia@company.com,(421) 221-3199,Active
EMP048022,Emily,Hernandez,Emily Hernandez,52,Operations,Specialist,Boston,58886.49,3399.83,2022-01-04,25,100.0,emily.hernandez@company.com,(383) 902-6680,Active
EMP048023,Michael,Williams,Michael Williams,43,IT,Associate,Los Angeles,93685.49,16095.11,2023-03-04,19,82.6,michael.williams@company.com,(298) 381-9021,Active
EMP048024,William,Lopez,William Lopez,40,HR,Manager,Austin,64778.74,8926.59,2021-09-06,11,72.3,william.lopez@company.com,(955) 253-7488,Active
EMP048025,James,Smith,James Smith,25,Operations,Manager,Boston,58760.19,10193.08,2023-11-14,0,63.5,james.smith@company.com,(277) 875-6705,Active
EMP048026,Matthew,Rodriguez,Matthew Rodriguez,46,HR,Associate,Austin,61748.03,6704.9,2024-01-30,19,100.0,matthew.rodriguez@company.com,(962) 234-7877,Active
EMP048027,Anthony,Moore,Anthony Moore,42,Legal,Analyst,Chicago,81200.07,9618.11,2021-09-17,19,72.9,anthony.moore@company.com,(497) 416-4884,Active
EMP048028,John,Smith,John Smith,54,Operations,Senior Developer,New York,67109.27,11666.46,2023-03-12,30,80.3,john.smith@company.com,(241) 461-4099,Active
EMP048029,Ashley,Jones,Ashley Jones,36,Operations,Analyst,San Francisco,71854.95,4559.6,2024-08-31,9,77.7,ashley.jones@company.com,(992) 504-4905,Active
EMP048030,Jane,Miller,Jane Miller,62,IT,Specialist,New York,99286.67,11303.19,2021-11-24,37,80.6,jane.miller@company.com,(675) 321-8306,Active
EMP048031,James,Gonzalez,James Gonzalez,61,Operations,Manager,Seattle,77876.06,17293.51,2020-12-17,36,93.4,james.gonzalez@company.com,(811) 404-8381,On Leave
EMP048032,Amanda,Johnson,Amanda Johnson,34,Engineering,Analyst,Seattle,102422.06,5311.48,2023-06-02,6,75.7,amanda.johnson@company.com,(262) 588-7728,Active
EMP048033,Melissa,Miller,Melissa Miller,58,Engineering,Coordinator,New York,115797.55,22278.9,2024-09-11,34,85.6,melissa.miller@company.com,(332) 330-5752,Active
EMP048034,Stephanie,Jackson,Stephanie Jackson,31,Legal,Associate,Seattle,79492.35,5114.85,2023-10-12,7,90.0,stephanie.jackson@company.com,(839) 501-8990,Active
EMP048035,Jessica,Jackson,Jessica Jackson,57,Marketing,Senior Developer,Seattle,95330.46,9426.23,2023-12-13,31,100.0,jessica.jackson@company.com,(729) 276-5778,Active
EMP048036,David,Garcia,David Garcia,41,Sales,Director,San Francisco,64573.8,10350.59,2023-11-25,17,30.5,david.garcia@company.com,(497) 877-3362,Active
EMP048037,Anthony,Martin,Anthony Martin,23,HR,Senior Developer,New York,38173.61,4517.65,2021-09-28,0,78.8,anthony.martin@company.com,(311) 346-5298,Active
EMP048038,Christopher,Rodriguez,Christopher Rodriguez,37,Engineering,Coordinator,Seattle,52983.69,4523.08,2023-09-15,14,54.7,christopher.rodriguez@company.com,(842) 898-2699,Active
EMP048039,Jessica,Miller,Jessica Miller,25,Legal,Coordinator,Los Angeles,58976.59,3525.36,2024-07-20,0,57.5,jessica.miller@company.com,(718) 329-3364,Active
EMP048040,Nicole,Moore,Nicole Moore,47,Operations,Senior Developer,Boston,69904.7,8595.96,2022-03-09,19,65.0,nicole.moore@company.com,(416) 811-6699,Active
EMP048041,Jane,Wilson,Jane Wilson,30,Operations,Associate,Seattle,44937.3,2596.05,2022-02-18,5,78.8,jane.wilson@company.com,(251) 617-4781,Active
EMP048042,Christopher,Anderson,Christopher Anderson,61,Engineering,Analyst,San Francisco,116025.87,18964.41,2021-03-22,38,95.4,christopher.anderson@company.com,(382) 558-8285,Active
EMP048043,Emily,Hernandez,Emily Hernandez,46,Operations,Coordinator,Boston,62158.73,4693.27,2023-12-25,22,81.5,emily.hernandez@company.com,(447) 907-8943,Active
EMP048044,John,Davis,John Davis,37,HR,Specialist,New York,52369.17,7292.79,2024-02-14,13,87.2,john.davis@company.com,(221) 404-2077,Inactive
EMP048045,John,Hernandez,John Hernandez,52,Engineering,Associate,Miami,98123.44,11484.13,2022-05-20,23,41.5,john.hernandez@company.com,(280) 346-4645,Inactive
EMP048046,Matthew,Miller,Matthew Miller,37,HR,Analyst,Seattle,40728.62,4923.05,2023-07-12,13,66.7,matthew.miller@company.com,(685) 281-4054,Active
EMP048047,Michael,Brown,Michael Brown,55,IT,Coordinator,Los Angeles,105985.5,9717.31,2021-06-06,33,69.8,michael.brown@company.com,(581) 790-4959,Active
EMP048048,Daniel,Brown,Daniel Brown,52,IT,Lead,Seattle,115010.38,13257.36,2023-02-15,28,69.3,daniel.brown@company.com,(626) 805-2004,Active
EMP048049,David,Gonzalez,David Gonzalez,32,Engineering,Associate,Los Angeles,108555.2,16684.2,2020-06-29,7,76.8,david.gonzalez@company.com,(927) 426-2270,Active
EMP048050,Lisa,Jackson,Lisa Jackson,32,Finance,Specialist,Austin,64808.15,10230.03,2024-08-06,9,80.1,lisa.jackson@company.com,(546) 478-8504,Active
EMP048051,Michael,Lopez,Michael Lopez,25,Marketing,Senior Developer,Austin,56590.86,3908.79,2020-02-23,0,68.1,michael.lopez@company.com,(349) 793-7351,Active
EMP048052,John,Moore,John Moore,44,IT,Analyst,Austin,122981.81,12515.07,2024-04-27,16,61.2,john.moore@company.com,(555) 206-4954,Inactive
EMP048053,Sarah,Lopez,Sarah Lopez,61,Marketing,Lead,Seattle,82473.93,0.0,2020-06-17,36,83.7,sarah.lopez@company.com,(575) 747-2450,Active
EMP048054,William,Martin,William Martin,44,Marketing,Lead,Austin,55682.73,5815.95,2024-09-04,17,72.7,william.martin@company.com,(660) 459-4687,On Leave
EMP048055,Jane,Johnson,Jane Johnson,51,Operations,Coordinator,Los Angeles,78208.43,14075.49,2023-07-30,27,72.8,jane.johnson@company.com,(906) 617-5673,Active
EMP048056,Stephanie,Johnson,Stephanie Johnson,33,Engineering,Coordinator,San Francisco,123079.32,223.54,2022-06-03,9,70.2,stephanie.johnson@company.com,(490) 926-2353,Inactive
EMP048057,Lisa,Martinez,Lisa Martinez,55,Legal,Director,New York,100588.15,8987.43,2024-03-10,27,62.0,lisa.martinez@company.com,(716) 668-9759,Active
EMP048058,Nicole,Jackson,Nicole Jackson,28,Engineering,Director,Chicago,91164.89,6400.33,2023-09-30,5,92.6,nicole.jackson@company.com,(992) 683-3935,Active
EMP048059,William,Brown,William Brown,36,HR,Associate,Boston,34862.71,2288.17,2020-04-20,11,78.4,william.brown@company.com,(833) 370-8013,Active
EMP048060,Sarah,Miller,Sarah Miller,54,Legal,Lead,Boston,137455.52,14067.6,2023-02-25,25,76.2,sarah.miller@company.com,(929) 391-4444,Active
EMP048061,Stephanie,Gonzalez,Stephanie Gonzalez,38,Legal,Manager,New York,60451.77,9222.94,2023-04-21,14,68.9,stephanie.gonzalez@company.com,(268) 254-6398,Active
EMP048062,Robert,Martinez,Robert Martinez,35,Marketing,Lead,Miami,37933.01,1856.0,2020-12-10,10,60.0,robert.martinez@company.com,(456) 238-6936,Inactive
EMP048063,Stephanie,Davis,Stephanie Davis,61,Legal,Director,Miami,102175.15,20056.83,2022-02-28,32,84.4,stephanie.davis@company.com,(887) 200-1766,Inactive
EMP048064,Christopher,Martinez,Christopher Martinez,64,Marketing,Director,Chicago,87968.82,10551.2,2022-10-16,38,75.3,christopher.martinez@company.com,(963) 988-8473,Active
EMP048065,Sarah,Taylor,Sarah Taylor,43,Finance,Senior Developer,San Francisco,62919.53,3571.41,2023-07-28,16,99.6,sarah.taylor@company.com,(764) 927-5741,Active
EMP048066,Christopher,Hernandez,Christopher Hernandez,55,Legal,Coordinator,New York,132168.52,15187.59,2022-01-31,27,70.2,christopher.hernandez@company.com,(749) 563-9932,Inactive
EMP048067,James,Johnson,James Johnson,36,HR,Lead,Seattle,58749.68,8901.78,2020-10-18,10,83.2,james.johnson@company.com,(334) 201-6058,Active
EMP048068,David,Taylor,David Taylor,23,Finance,Specialist,Miami,57947.23,3405.52,2020-11-13,0,86.3,david.taylor@company.com,(648) 667-8431,Active
EMP048069,Amanda,Lopez,Amanda Lopez,23,Legal,Coordinator,Seattle,100264.94,7836.85,2021-05-12,0,84.2,amanda.lopez@company.com,(510) 554-1967,Active
EMP048070,Sarah,Williams,Sarah Williams,28,Engineering,Manager,Miami,65881.69,6805.88,2021-07-01,6,51.0,sarah.williams@company.com,(811) 322-8886,Active
EMP048071,Sarah,Anderson,Sarah Anderson,58,Sales,Associate,San Francisco,90676.35,2807.93,2020-04-16,29,75.5,sarah.anderson@company.com,(859) 590-5985,Active
EMP048072,Matthew,Hernandez,Matthew Hernandez,47,IT,Manager,Los Angeles,99323.74,20004.59,2022-01-13,21,72.2,matthew.hernandez@company.com,(524) 542-4474,Active
EMP048073,Emily,Johnson,Emily Johnson,57,Sales,Lead,New York,85942.85,4210.02,2020-08-29,34,74.5,emily.johnson@company.com,(528) 521-6896,Active
EMP048074,Matthew,Brown,Matthew Brown,39,IT,Associate,San Francisco,102788.58,11337.78,2023-01-28,15,79.5,matthew.brown@company.com,(336) 810-9726,Active
EMP048075,Sarah,Moore,Sarah Moore,58,Legal,Specialist,Chicago,141583.57,23708.72,2020-07-02,36,64.7,sarah.moore@company.com,(566) 683-6752,Active
EMP048076,Robert,Martinez,Robert Martinez,64,Marketing,Analyst,New York,74364.97,7561.89,2023-09-11,42,64.2,robert.martinez@company.com,(500) 755-4714,Active
EMP048077,David,Wilson,David Wilson,38,HR,Senior Developer,Austin,35210.64,1746.97,2023-05-21,16,75.4,david.wilson@company.com,(987) 256-9233,Active
EMP048078,Sarah,Martinez,Sarah Martinez,57,Finance,Analyst,New York,108074.15,15317.1,2022-10-07,35,81.3,sarah.martinez@company.com,(481) 620-5224,Active
EMP048079,Michael,Smith,Michael Smith,45,HR,Director,San Francisco,75229.48,7720.31,2022-05-06,23,50.9,michael.smith@company.com,(729) 374-8807,Active
EMP048080,Jessica,Wilson,Jessica Wilson,64,Sales,Manager,New York,80324.28,14018.78,2024-04-10,35,83.4,jessica.wilson@company.com,(952) 207-9969,Active
EMP048081,Anthony,Smith,Anthony Smith,23,HR,Director,Boston,30412.5,3150.28,2022-08-25,0,62.4,anthony.smith@company.com,(362) 836-1436,Inactive
EMP048082,Christopher,Martin,Christopher Martin,25,Operations,Director,San Francisco,31567.4,2778.63,2021-09-12,0,86.9,christopher.martin@company.com,(463) 601-3973,Inactive
EMP048083,Anthony,Davis,Anthony Davis,35,Finance,Manager,Austin,48220.08,6992.57,2020-07-17,6,88.4,anthony.davis@company.com,(431) 795-5504,Active
EMP048084,David,Williams,David Williams,61,Marketing,Analyst,Chicago,89893.53,14144.11,2020-06-22,34,69.2,david.williams@company.com,(678) 725-8102,Active
EMP048085,Emily,Johnson,Emily Johnson,53,Engineering,Coordinator,New York,95694.48,4890.12,2020-07-23,28,70.8,emily.johnson@company.com,(440) 456-6417,Active
EMP048086,Jane,Gonzalez,Jane Gonzalez,29,HR,Analyst,Miami,63051.2,8682.25,2022-08-16,1,71.8,jane.gonzalez@company.com,(856) 387-4925,Active
EMP048087,Nicole,Taylor,Nicole Taylor,39,IT,Manager,Chicago,104313.46,14308.88,2020-01-13,14,93.5,nicole.taylor@company.com,(601) 828-2206,Inactive
EMP048088,Stephanie,Wilson,Stephanie Wilson,63,Operations,Senior Developer,Miami,51171.98,6602.46,2023-03-10,40,57.3,stephanie.wilson@company.com,(302) 774-3469,Active
EMP048089,Anthony,Hernandez,Anthony Hernandez,55,Marketing,Specialist,San Francisco,114658.34,23412.65,2021-03-17,33,76.9,anthony.hernandez@company.com,(877) 502-5882,Active
EMP048090,Sarah,Jones,Sarah Jones,47,Marketing,Director,Chicago,64069.45,8575.75,2023-10-04,19,65.5,sarah.jones@company.com,(538) 982-1951,Active
EMP048091,Christopher,Jones,Christopher Jones,36,Operations,Specialist,Chicago,44418.09,3364.42,2024-07-24,14,46.7,christopher.jones@company.com,(348) 472-2081,Active
EMP048092,Jane,Gonzalez,Jane Gonzalez,59,Sales,Associate,New York,93033.72,11413.81,2022-04-19,31,65.4,jane.gonzalez@company.com,(301) 377-1775,Active
EMP048093,Amanda,Thomas,Amanda Thomas,34,Marketing,Lead,Boston,108752.56,7442.54,2024-06-21,11,100.0,amanda.thomas@company.com,(801) 623-3516,Active
EMP048094,William,Rodriguez,William Rodriguez,40,Legal,Manager,New York,96837.66,8464.56,2022-11-08,11,59.0,william.rodriguez@company.com,(290) 610-3707,Inactive
EMP048095,Nicole,Martin,Nicole Martin,28,Sales,Associate,Chicago,56205.53,9879.2,2024-11-13,0,100.0,nicole.martin@company.com,(366) 295-1182,Active
EMP048096,Robert,Martinez,Robert Martinez,61,Finance,Lead,New York,92095.94,13769.65,2024-07-07,33,58.6,robert.martinez@company.com,(246) 786-4267,Active
EMP048097,Anthony,Wilson,Anthony Wilson,26,Engineering,Director,Chicago,75595.94,3060.88,2021-10-18,3,89.7,anthony.wilson@company.com,(535) 400-1217,Active
EMP048098,David,Hernandez,David Hernandez,52,Finance,Specialist,New York,85002.97,9618.6,2022-06-03,30,93.8,david.hernandez@company.com,(415) 507-4014,Active
EMP048099,James,Moore,James Moore,59,Sales,Manager,Chicago,94357.75,14401.15,2020-09-27,37,59.1,james.moore@company.com,(241) 536-2985,Inactive
EMP048100,Daniel,Davis,Daniel Davis,27,Engineering,Associate,Chicago,85090.09,15780.91,2022-11-01,4,51.8,daniel.davis@company.com,(595) 248-4839,Active
EMP048101,James,Wilson,James Wilson,32,Legal,Senior Developer,Miami,53294.16,4983.88,2020-03-13,4,63.0,james.wilson@company.com,(718) 277-3059,Active
EMP048102,James,Taylor,James Taylor,32,IT,Director,Chicago,75215.55,11245.41,2020-08-05,5,78.1,james.taylor@company.com,(284) 473-9540,Active
EMP048103,Jessica,Jones,Jessica Jones,33,Marketing,Associate,Los Angeles,68002.32,11439.96,2020-06-20,4,74.7,jessica.jones@company.com,(607) 275-8126,Active
EMP048104,Daniel,Garcia,Daniel Garcia,32,Legal,Analyst,Los Angeles,95153.29,9480.78,2023-08-27,9,61.7,daniel.garcia@company.com,(214) 489-9636,Active
EMP048105,Christopher,Jones,Christopher Jones,31,IT,Analyst,San Francisco,60804.8,7121.25,2021-11-13,2,68.3,christopher.jones@company.com,(838) 657-1211,Active
EMP048106,Jane,Jackson,Jane Jackson,58,HR,Associate,New York,76358.71,11615.56,2020-05-21,30,94.1,jane.jackson@company.com,(360) 238-3277,Active
EMP048107,John,Garcia,John Garcia,39,Engineering,Director,Los Angeles,127601.84,13555.7,2023-09-21,10,57.9,john.garcia@company.com,(241) 640-4294,Active
EMP048108,Jane,Jackson,Jane Jackson,43,Engineering,Associate,Los Angeles,91728.01,9531.33,2022-06-17,19,88.7,jane.jackson@company.com,(554) 284-3190,Active
EMP048109,James,Wilson,James Wilson,59,Sales,Manager,New York,88773.95,10706.86,2023-11-25,31,80.7,james.wilson@company.com,(826) 428-1341,Inactive
EMP048110,Lisa,Davis,Lisa Davis,63,Finance,Coordinator,Chicago,128179.67,10689.08,2021-05-19,37,100.0,lisa.davis@company.com,(594) 787-8397,Active
EMP048111,Emily,Williams,Emily Williams,49,Sales,Director,Seattle,85715.69,15458.95,2023-03-27,25,60.5,emily.williams@company.com,(374) 659-8897,Active
EMP048112,David,Miller,David Miller,61,HR,Director,San Francisco,77661.02,7145.86,2024-09-15,34,100.0,david.miller@company.com,(842) 216-6058,Active
EMP048113,Matthew,Taylor,Matthew Taylor,46,Legal,Associate,New York,71257.09,13581.21,2023-01-21,24,60.8,matthew.taylor@company.com,(389) 974-1492,Inactive
EMP048114,Daniel,Thomas,Daniel Thomas,33,HR,Director,Miami,76061.85,6308.62,2021-07-18,11,83.4,daniel.thomas@company.com,(987) 893-6836,Active
EMP048115,David,Jackson,David Jackson,41,HR,Director,New York,60562.86,3482.33,2020-07-05,16,47.3,david.jackson@company.com,(424) 561-6746,Active
EMP048116,Melissa,Jackson,Melissa Jackson,49,Operations,Director,Chicago,75524.99,6204.17,2023-01-13,25,100.0,melissa.jackson@company.com,(932) 272-5524,Active
EMP048117,Amanda,Miller,Amanda Miller,45,HR,Analyst,Miami,51460.74,4902.88,2024-12-09,16,76.8,amanda.miller@company.com,(546) 719-4367,Active
EMP048118,Emily,Brown,Emily Brown,63,Sales,Director,New York,103990.32,12792.6,2020-03-14,37,83.0,emily.brown@company.com,(428) 282-5088,Active
EMP048119,William,Davis,William Davis,24,HR,Analyst,Los Angeles,43944.05,0.0,2020-09-09,0,56.4,william.davis@company.com,(417) 691-2457,Active
EMP048120,Ashley,Davis,Ashley Davis,26,HR,Analyst,Seattle,31232.31,3527.02,2024-09-20,4,74.2,ashley.davis@company.com,(763) 393-6306,Active
EMP048121,Michael,Taylor,Michael Taylor,31,HR,Specialist,Miami,62895.17,4274.78,2021-06-06,8,100.0,michael.taylor@company.com,(865) 982-2920,Active
EMP048122,William,Williams,William Williams,41,IT,Manager,Seattle,62136.09,8101.88,2020-04-11,14,78.4,william.williams@company.com,(734) 779-9523,Inactive
EMP048123,Lisa,Hernandez,Lisa Hernandez,49,HR,Associate,Los Angeles,57935.16,2895.82,2022-10-07,22,78.9,lisa.hernandez@company.com,(749) 396-4976,Active
EMP048124,Amanda,Moore,Amanda Moore,23,Engineering,Analyst,Seattle,95163.34,9677.64,2023-07-07,0,94.6,amanda.moore@company.com,(968) 572-2130,Active
EMP048125,Jessica,Johnson,Jessica Johnson,28,IT,Coordinator,Los Angeles,66386.23,11659.4,2020-10-10,0,56.9,jessica.johnson@company.com,(803) 902-7987,Active
EMP048126,Emily,Williams,Emily Williams,36,IT,Lead,Austin,76660.16,8702.25,2020-01-24,13,46.7,emily.williams@company.com,(911) 216-5495,Active
EMP048127,Michael,Johnson,Michael Johnson,51,Marketing,Manager,Chicago,96183.09,7896.65,2024-11-22,24,55.9,michael.johnson@company.com,(508) 285-9793,Active
EMP048128,Matthew,Martinez,Matthew Martinez,44,Operations,Manager,Austin,77435.26,6166.72,2024-05-16,18,81.1,matthew.martinez@company.com,(265) 646-8428,Active
EMP048129,David,Anderson,David Anderson,31,Marketing,Specialist,Los Angeles,71206.95,3596.43,2022-10-02,3,72.0,david.anderson@company.com,(876) 348-6567,On Leave
EMP048130,Melissa,Hernandez,Melissa Hernandez,31,Legal,Manager,Chicago,108654.94,6328.31,2022-01-28,5,82.3,melissa.hernandez@company.com,(731) 605-3043,Active
EMP048131,Matthew,Martinez,Matthew Martinez,50,Marketing,Specialist,Boston,86058.51,4970.82,2021-05-04,27,93.0,matthew.martinez@company.com,(280) 774-5607,Active
EMP048132,Christopher,Gonzalez,Christopher Gonzalez,32,Legal,Associate,San Francisco,71153.33,14022.7,2024-04-12,4,51.4,christopher.gonzalez@company.com,(203) 319-1742,Active
EMP048133,Melissa,Davis,Melissa Davis,59,IT,Director,Chicago,107117.99,12288.85,2024-05-12,35,78.1,melissa.davis@company.com,(658) 934-6617,Active
EMP048134,Matthew,Hernandez,Matthew Hernandez,58,Engineering,Manager,Austin,117474.95,20239.31,2021-03-24,29,74.5,matthew.hernandez@company.com,(979) 678-6446,Active
EMP048135,Lisa,Anderson,Lisa Anderson,46,Marketing,Specialist,New York,80877.91,7884.56,2020-07-30,22,75.4,lisa.anderson@company.com,(754) 241-8858,Active
EMP048136,William,Hernandez,William Hernandez,48,Marketing,Manager,Boston,57140.88,5156.72,2023-08-14,20,93.6,william.hernandez@company.com,(239) 407-8345,Active
EMP048137,Michael,Martin,Michael Martin,52,Legal,Lead,New York,103105.95,15044.92,2023-08-01,30,86.4,michael.martin@company.com,(428) 937-5827,Active
EMP048138,Stephanie,Lopez,Stephanie Lopez,59,Operations,Lead,Chicago,76254.49,1708.17,2020-12-07,33,52.8,stephanie.lopez@company.com,(772) 339-2092,Active
EMP048139,Stephanie,Hernandez,Stephanie Hernandez,47,Operations,Analyst,Los Angeles,70328.26,8278.08,2024-02-18,23,68.8,stephanie.hernandez@company.com,(518) 201-4659,Active
EMP048140,Daniel,Davis,Daniel Davis,61,Marketing,Analyst,Austin,59852.67,7651.57,2021-05-28,32,72.3,daniel.davis@company.com,(797) 359-9670,Active
EMP048141,Emily,Martinez,Emily Martinez,57,IT,Analyst,New York,103710.23,12972.23,2024-06-16,31,43.0,emily.martinez@company.com,(707) 756-7661,Active
EMP048142,Sarah,Miller,Sarah Miller,60,Marketing,Lead,Chicago,110563.81,10282.87,2020-03-27,31,70.8,sarah.miller@company.com,(722) 577-6498,On Leave
EMP048143,Nicole,Davis,Nicole Davis,62,Legal,Coordinator,Chicago,129954.7,12183.57,2023-11-24,35,97.6,nicole.davis@company.com,(849) 432-6769,Active
EMP048144,Amanda,Williams,Amanda Williams,64,HR,Senior Developer,Seattle,66105.95,6676.31,2024-08-30,37,44.8,amanda.williams@company.com,(269) 202-4391,Active
EMP048145,Christopher,Garcia,Christopher Garcia,27,Marketing,Manager,Chicago,45815.46,6994.01,2023-05-20,0,74.4,christopher.garcia@company.com,(720) 395-3104,Active
EMP048146,Emily,Miller,Emily Miller,65,Operations,Senior Developer,Seattle,93144.76,14089.87,2022-07-07,37,89.8,emily.miller@company.com,(930) 427-6759,Active
EMP048147,Michael,Gonzalez,Michael Gonzalez,50,HR,Coordinator,New York,71874.92,11808.08,2020-01-08,21,80.8,michael.gonzalez@company.com,(460) 563-2838,Active
EMP048148,John,Taylor,John Taylor,51,Legal,Coordinator,New York,104726.73,0.0,2024-04-21,25,78.2,john.taylor@company.com,(376) 861-8609,Active
EMP048149,Robert,Smith,Robert Smith,22,Marketing,Coordinator,Chicago,38649.0,3466.64,2020-06-05,0,76.7,robert.smith@company.com,(557) 840-5600,Active
EMP048150,Jane,Smith,Jane Smith,47,HR,Director,Boston,90673.76,11818.88,2024-09-26,23,78.8,jane.smith@company.com,(940) 253-3580,Active
EMP048151,Amanda,Garcia,Amanda Garcia,36,Marketing,Director,Seattle,70122.89,11138.81,2022-10-10,10,58.7,amanda.garcia@company.com,(867) 577-5202,Inactive
EMP048152,William,Miller,William Miller,41,IT,Senior Developer,Seattle,71236.93,10198.2,2024-09-04,12,70.7,william.miller@company.com,(557) 928-7108,Active
EMP048153,Jessica,Wilson,Jessica Wilson,50,IT,Specialist,Los Angeles,80754.34,12048.49,2022-08-04,21,71.4,jessica.wilson@company.com,(678) 828-2085,Active
EMP048154,Christopher,Taylor,Christopher Taylor,52,Engineering,Coordinator,Austin,80045.99,9080.41,2022-06-16,24,77.5,christopher.taylor@company.com,(962) 851-7515,Active
EMP048155,Nicole,Gonzalez,Nicole Gonzalez,50,HR,Specialist,Austin,72013.53,3246.69,2023-10-18,22,68.3,nicole.gonzalez@company.com,(649) 262-4810,Active
EMP048156,Daniel,Wilson,Daniel Wilson,58,HR,Analyst,Seattle,77725.27,9809.95,2024-06-23,35,50.9,daniel.wilson@company.com,(272) 277-5283,Active
EMP048157,John,Miller,John Miller,59,Operations,Lead,Boston,80600.91,7545.43,2021-11-10,31,71.7,john.miller@company.com,(568) 299-1849,Active
EMP048158,Emily,Lopez,Emily Lopez,29,Sales,Senior Developer,New York,61037.17,9763.88,2023-11-29,6,65.9,emily.lopez@company.com,(587) 798-6127,Active
EMP048159,Emily,Williams,Emily Williams,45,Finance,Senior Developer,San Francisco,93294.13,22469.89,2024-10-25,19,77.4,emily.williams@company.com,(736) 371-5334,Active
EMP048160,Michael,Garcia,Michael Garcia,49,Engineering,Manager,San Francisco,94466.02,10781.8,2022-09-23,22,55.7,michael.garcia@company.com,(648) 714-5176,Active
EMP048161,Anthony,Lopez,Anthony Lopez,24,IT,Associate,Boston,60358.36,5254.45,2021-09-21,0,68.8,anthony.lopez@company.com,(839) 334-1459,Active
EMP048162,Melissa,Brown,Melissa Brown,64,HR,Associate,Austin,101661.87,4380.16,2022-10-18,37,100.0,melissa.brown@company.com,(765) 553-6267,Active
EMP048163,Emily,Martinez,Emily Martinez,41,Marketing,Coordinator,Los Angeles,55005.68,6951.14,2022-12-06,13,47.8,emily.martinez@company.com,(786) 393-6819,Inactive
EMP048164,Michael,Moore,Michael Moore,50,HR,Coordinator,San Francisco,63692.31,7918.07,2023-02-08,26,60.3,michael.moore@company.com,(678) 735-3319,Active
EMP048165,Amanda,Williams,Amanda Williams,58,Finance,Specialist,Austin,89882.91,5370.09,2020-07-31,29,23.5,amanda.williams@company.com,(939) 340-5179,Active
EMP048166,David,Miller,David Miller,60,Sales,Director,Austin,86415.95,8661.22,2021-07-23,33,52.8,david.miller@company.com,(782) 658-5405,Active
EMP048167,Jane,Jones,Jane Jones,56,Engineering,Manager,Los Angeles,110691.74,1064.97,2023-08-27,31,72.1,jane.jones@company.com,(799) 916-1349,Active
EMP048168,Stephanie,Taylor,Stephanie Taylor,23,Finance,Analyst,Boston,77291.25,10170.92,2022-05-31,0,100.0,stephanie.taylor@company.com,(335) 987-6539,Active
EMP048169,Jane,Hernandez,Jane Hernandez,57,HR,Coordinator,Boston,83841.35,839.96,2023-06-30,28,77.0,jane.hernandez@company.com,(542) 418-9929,Active
EMP048170,David,Miller,David Miller,27,Legal,Manager,Seattle,72599.08,2181.03,2024-12-25,0,85.0,david.miller@company.com,(632) 514-3831,Active
EMP048171,Jane,Davis,Jane Davis,65,Engineering,Manager,Seattle,89086.56,4251.33,2022-04-11,43,67.1,jane.davis@company.com,(368) 491-4929,Active
EMP048172,Michael,Lopez,Michael Lopez,62,Operations,Associate,Miami,72352.18,3434.78,2024-04-06,38,44.3,michael.lopez@company.com,(506) 467-3155,Active
EMP048173,Christopher,Taylor,Christopher Taylor,34,Engineering,Senior Developer,New York,101730.96,5845.54,2024-08-10,8,73.3,christopher.taylor@company.com,(982) 697-7288,On Leave
EMP048174,James,Brown,James Brown,61,Finance,Associate,Seattle,78454.53,0.0,2024-04-21,35,81.9,james.brown@company.com,(715) 487-1851,Active
EMP048175,Stephanie,Jackson,Stephanie Jackson,59,Legal,Director,Chicago,94747.78,7416.27,2021-11-25,32,100.0,stephanie.jackson@company.com,(693) 706-3621,Active
EMP048176,Nicole,Williams,Nicole Williams,33,Engineering,Manager,Boston,78243.76,11098.86,2021-11-24,8,74.3,nicole.williams@company.com,(770) 536-8063,Active
EMP048177,Robert,Jackson,Robert Jackson,54,Sales,Lead,Los Angeles,79545.69,10660.12,2020-10-03,25,70.9,robert.jackson@company.com,(377) 556-1984,Active
EMP048178,Melissa,Miller,Melissa Miller,31,Marketing,Specialist,San Francisco,62731.86,7911.28,2020-09-01,2,52.7,melissa.miller@company.com,(649) 757-8956,Active
EMP048179,Matthew,Gonzalez,Matthew Gonzalez,61,HR,Director,Seattle,99537.18,18781.47,2021-01-31,39,59.5,matthew.gonzalez@company.com,(726) 810-8043,Active
EMP048180,Jane,Davis,Jane Davis,65,Sales,Manager,Boston,50294.12,3665.53,2021-01-20,41,62.3,jane.davis@company.com,(297) 602-2446,Inactive
EMP048181,Sarah,Wilson,Sarah Wilson,23,IT,Director,Boston,64439.14,3017.59,2024-12-15,0,68.0,sarah.wilson@company.com,(736) 468-2183,Active
EMP048182,David,Gonzalez,David Gonzalez,62,Marketing,Director,San Francisco,96637.89,9282.47,2023-10-11,34,94.8,david.gonzalez@company.com,(270) 238-4319,Active
EMP048183,Christopher,Lopez,Christopher Lopez,59,HR,Lead,Seattle,81938.48,8096.44,2021-05-13,35,80.0,christopher.lopez@company.com,(740) 343-2908,Active
EMP048184,Jane,Jones,Jane Jones,62,Marketing,Coordinator,New York,108344.65,13599.93,2020-10-13,40,80.4,jane.jones@company.com,(814) 259-1233,Active
EMP048185,Amanda,Rodriguez,Amanda Rodriguez,38,Sales,Analyst,Austin,73580.92,15705.85,2024-05-02,9,72.7,amanda.rodriguez@company.com,(775) 309-9029,On Leave
EMP048186,Jessica,Martin,Jessica Martin,60,Sales,Lead,Los Angeles,71935.03,9101.87,2021-07-17,34,76.1,jessica.martin@company.com,(406) 363-7947,Active
EMP048187,Daniel,Johnson,Daniel Johnson,43,Operations,Analyst,Seattle,80713.59,16049.75,2020-09-22,16,51.1,daniel.johnson@company.com,(507) 784-7200,Active
EMP048188,James,Brown,James Brown,41,Finance,Coordinator,San Francisco,86173.62,12083.4,2021-04-14,17,68.6,james.brown@company.com,(313) 997-9864,Inactive
EMP048189,Emily,Rodriguez,Emily Rodriguez,51,IT,Analyst,San Francisco,102623.48,10403.25,2022-09-15,23,76.8,emily.rodriguez@company.com,(614) 437-2785,Active
EMP048190,Matthew,Smith,Matthew Smith,55,Operations,Manager,Chicago,72094.7,8012.71,2023-03-01,30,95.6,matthew.smith@company.com,(278) 480-5134,Active
EMP048191,Amanda,Williams,Amanda Williams,64,HR,Coordinator,Seattle,108214.92,13466.72,2023-08-21,39,87.8,amanda.williams@company.com,(429) 898-2430,Active
EMP048192,Michael,Jackson,Michael Jackson,51,Sales,Coordinator,New York,86397.75,4230.93,2023-10-16,29,54.4,michael.jackson@company.com,(984) 654-8703,Active
EMP048193,James,Hernandez,James Hernandez,36,Finance,Associate,Boston,79154.22,6718.99,2023-11-14,11,84.0,james.hernandez@company.com,(606) 220-9393,Active
EMP048194,Lisa,Davis,Lisa Davis,35,HR,Director,Los Angeles,75693.54,8476.0,2024-02-06,10,78.1,lisa.davis@company.com,(949) 612-6979,Active
EMP048195,Sarah,Thomas,Sarah Thomas,59,Finance,Lead,Miami,107918.79,11593.64,2020-09-16,37,73.0,sarah.thomas@company.com,(292) 683-9578,Active
EMP048196,William,Smith,William Smith,30,Engineering,Associate,Seattle,54167.05,6246.07,2024-02-24,4,82.3,william.smith@company.com,(368) 855-6064,Active
EMP048197,James,Gonzalez,James Gonzalez,36,Engineering,Associate,San Francisco,68258.51,4182.4,2021-03-12,13,95.2,james.gonzalez@company.com,(680) 974-7822,Active
EMP048198,William,Miller,William Miller,44,Legal,Lead,Miami,91775.67,12131.3,2022-10-26,22,83.5,william.miller@company.com,(226) 202-8551,Active
EMP048199,Michael,Williams,Michael Williams,53,HR,Analyst,Miami,63809.91,11097.82,2021-05-08,25,77.3,michael.williams@company.com,(417) 576-1999,On Leave
EMP048200,Nicole,Thomas,Nicole Thomas,53,HR,Associate,Chicago,87684.69,6641.09,2021-03-15,24,66.2,nicole.thomas@company.com,(323) 679-6257,Active
EMP048201,John,Williams,John Williams,34,Engineering,Director,Seattle,94203.28,10460.52,2021-05-13,10,86.9,john.williams@company.com,(889) 914-9999,Active
EMP048202,Amanda,Jones,Amanda Jones,52,Finance,Associate,Boston,100502.92,9081.2,2024-06-26,24,88.9,amanda.jones@company.com,(303) 381-5988,Active
EMP048203,Anthony,Johnson,Anthony Johnson,65,Operations,Senior Developer,Seattle,53569.09,4342.93,2021-05-12,43,46.7,anthony.johnson@company.com,(941) 500-9964,Active
EMP048204,John,Martinez,John Martinez,28,IT,Lead,Los Angeles,89560.0,6227.62,2024-11-15,1,78.1,john.martinez@company.com,(758) 931-9181,Active
EMP048205,Ashley,Lopez,Ashley Lopez,52,HR,Manager,Miami,43374.08,4557.04,2020-12-07,29,80.3,ashley.lopez@company.com,(768) 317-8603,Active
EMP048206,David,Gonzalez,David Gonzalez,30,Marketing,Associate,Austin,34587.01,2166.92,2020-11-25,6,67.3,david.gonzalez@company.com,(620) 433-8615,Active
EMP048207,Emily,Rodriguez,Emily Rodriguez,35,HR,Specialist,Miami,57990.79,0.0,2023-08-23,8,75.4,emily.rodriguez@company.com,(798) 570-2715,Active
EMP048208,John,Miller,John Miller,22,Marketing,Director,Boston,36672.51,6345.45,2021-11-03,0,56.3,john.miller@company.com,(787) 211-8525,Active
EMP048209,Ashley,Davis,Ashley Davis,36,Finance,Analyst,Austin,97419.18,10350.68,2024-01-05,10,61.6,ashley.davis@company.com,(821) 763-4013,Active
EMP048210,Anthony,Wilson,Anthony Wilson,54,Marketing,Senior Developer,Austin,70313.91,4898.53,2022-06-21,32,61.2,anthony.wilson@company.com,(764) 803-9149,Active
EMP048211,Matthew,Gonzalez,Matthew Gonzalez,39,Engineering,Coordinator,Boston,118247.17,11786.6,2022-07-30,13,70.6,matthew.gonzalez@company.com,(323) 436-5940,Active
EMP048212,Jessica,Anderson,Jessica Anderson,62,IT,Director,San Francisco,101367.58,4735.9,2021-01-24,35,86.1,jessica.anderson@company.com,(454) 774-1906,Active
EMP048213,Christopher,Miller,Christopher Miller,46,IT,Specialist,Chicago,111198.83,14593.88,2021-11-21,18,51.0,christopher.miller@company.com,(935) 231-7816,Active
EMP048214,Michael,Wilson,Michael Wilson,53,HR,Associate,Los Angeles,68965.59,1977.03,2024-12-28,26,57.3,michael.wilson@company.com,(325) 249-1868,Active
EMP048215,Emily,Moore,Emily Moore,39,IT,Senior Developer,Boston,68853.38,9511.83,2020-09-14,16,78.7,emily.moore@company.com,(369) 695-4843,Active
EMP048216,Melissa,Jones,Melissa Jones,30,Legal,Coordinator,Seattle,67040.56,2794.48,2024-11-13,5,58.5,melissa.jones@company.com,(696) 837-6390,Inactive
EMP048217,Jane,Brown,Jane Brown,41,Operations,Analyst,Seattle,40585.43,4393.96,2023-10-20,17,83.4,jane.brown@company.com,(227) 941-9778,Inactive
EMP048218,James,Hernandez,James Hernandez,51,Engineering,Lead,Chicago,91255.06,6928.41,2022-03-22,28,78.0,james.hernandez@company.com,(334) 351-7281,Active
EMP048219,Lisa,Hernandez,Lisa Hernandez,52,HR,Manager,Los Angeles,74967.17,6963.16,2024-09-18,25,100.0,lisa.hernandez@company.com,(580) 541-8979,Active
EMP048220,Ashley,Martin,Ashley Martin,38,Sales,Specialist,Austin,76631.26,10916.21,2022-09-09,9,85.8,ashley.martin@company.com,(216) 707-8311,Active
EMP048221,John,Garcia,John Garcia,42,HR,Specialist,Seattle,44583.1,4123.87,2022-10-02,14,59.1,john.garcia@company.com,(701) 872-9497,Active
EMP048222,David,Hernandez,David Hernandez,32,Sales,Director,Boston,47822.96,6021.31,2024-05-21,10,63.7,david.hernandez@company.com,(668) 531-4972,Active
EMP048223,Matthew,Taylor,Matthew Taylor,33,Engineering,Lead,Seattle,105068.09,4934.74,2024-03-12,10,73.0,matthew.taylor@company.com,(469) 718-2885,Active
EMP048224,Robert,Brown,Robert Brown,65,HR,Senior Developer,New York,88017.04,12349.16,2023-11-10,37,89.1,robert.brown@company.com,(913) 767-9918,Active
EMP048225,Stephanie,Johnson,Stephanie Johnson,38,Marketing,Manager,Los Angeles,62674.52,7521.22,2024-12-19,10,81.7,stephanie.johnson@company.com,(991) 875-2062,Active
EMP048226,Amanda,Martin,Amanda Martin,43,Sales,Lead,Boston,75003.48,5112.74,2023-09-12,16,71.4,amanda.martin@company.com,(988) 658-5062,Inactive
EMP048227,Ashley,Johnson,Ashley Johnson,48,Operations,Senior Developer,Boston,79883.9,14047.05,2022-10-26,26,61.0,ashley.johnson@company.com,(536) 348-2436,Active
EMP048228,James,Hernandez,James Hernandez,36,Operations,Associate,Seattle,59423.17,3127.36,2021-01-30,12,82.2,james.hernandez@company.com,(785) 966-2306,Active
EMP048229,Nicole,Anderson,Nicole Anderson,53,Engineering,Coordinator,Los Angeles,124442.23,19376.03,2023-07-07,30,64.4,nicole.anderson@company.com,(775) 435-8316,Active
EMP048230,Matthew,Davis,Matthew Davis,33,IT,Director,San Francisco,82257.7,14514.66,2022-04-11,8,75.0,matthew.davis@company.com,(658) 573-2378,Active
EMP048231,Daniel,Miller,Daniel Miller,23,IT,Director,Seattle,86422.64,3332.55,2022-03-05,0,70.2,daniel.miller@company.com,(980) 662-9191,Active
EMP048232,Daniel,Brown,Daniel Brown,32,Marketing,Specialist,New York,54071.82,858.61,2020-01-23,3,81.2,daniel.brown@company.com,(582) 320-4486,Inactive
EMP048233,Amanda,Moore,Amanda Moore,58,Sales,Lead,Boston,74813.96,3989.13,2023-02-20,33,86.9,amanda.moore@company.com,(290) 230-5902,Active
EMP048234,James,Moore,James Moore,52,Legal,Coordinator,San Francisco,89067.14,2164.46,2020-12-24,27,69.3,james.moore@company.com,(307) 220-1744,Active
EMP048235,William,Jackson,William Jackson,60,HR,Director,Boston,98141.62,14028.56,2022-02-15,33,74.6,william.jackson@company.com,(971) 259-5106,Active
EMP048236,Ashley,Johnson,Ashley Johnson,48,Legal,Manager,Seattle,89736.12,11060.82,2022-03-17,25,62.1,ashley.johnson@company.com,(351) 302-5730,Active
EMP048237,Jane,Wilson,Jane Wilson,51,Marketing,Associate,New York,67008.16,5711.19,2024-12-21,27,67.8,jane.wilson@company.com,(431) 894-6723,Active
EMP048238,James,Garcia,James Garcia,53,Sales,Specialist,San Francisco,84347.97,2526.7,2020-03-13,26,75.9,james.garcia@company.com,(598) 943-4025,Active
EMP048239,Matthew,Rodriguez,Matthew Rodriguez,65,Legal,Lead,Chicago,109748.91,19220.88,2021-06-02,41,78.0,matthew.rodriguez@company.com,(558) 993-2482,Active
EMP048240,Lisa,Rodriguez,Lisa Rodriguez,53,HR,Manager,Miami,74327.22,12093.74,2023-09-24,29,69.2,lisa.rodriguez@company.com,(712) 471-2740,Active
EMP048241,Michael,Davis,Michael Davis,43,IT,Lead,Austin,79821.29,6204.24,2024-03-22,17,88.8,michael.davis@company.com,(526) 307-4252,Active
EMP048242,Emily,Smith,Emily Smith,62,HR,Senior Developer,Los Angeles,93787.25,5176.58,2021-02-04,34,71.2,emily.smith@company.com,(591) 633-9840,Active
EMP048243,Michael,Moore,Michael Moore,23,Marketing,Senior Developer,San Francisco,48989.25,1927.02,2024-04-02,0,72.9,michael.moore@company.com,(336) 693-1474,Active
EMP048244,Jessica,Moore,Jessica Moore,22,Legal,Senior Developer,Chicago,66759.32,10913.46,2020-02-26,0,53.1,jessica.moore@company.com,(309) 799-6958,Inactive
EMP048245,Daniel,Martinez,Daniel Martinez,41,IT,Lead,New York,51081.02,4207.91,2022-06-14,17,82.6,daniel.martinez@company.com,(526) 964-4741,Active
EMP048246,Jane,Taylor,Jane Taylor,28,IT,Coordinator,Boston,76389.01,10266.02,2021-11-16,3,60.2,jane.taylor@company.com,(210) 415-3722,Active
EMP048247,Ashley,Jackson,Ashley Jackson,30,Engineering,Director,San Francisco,83448.98,7177.67,2023-06-26,5,80.5,ashley.jackson@company.com,(454) 549-8441,Active
EMP048248,Sarah,Hernandez,Sarah Hernandez,64,Engineering,Manager,Miami,110730.87,4777.85,2022-07-12,40,100.0,sarah.hernandez@company.com,(825) 703-6720,Active
EMP048249,Michael,Anderson,Michael Anderson,40,Engineering,Senior Developer,Chicago,91746.33,10912.95,2023-01-25,12,61.8,michael.anderson@company.com,(738) 716-4327,Active
EMP048250,Melissa,Lopez,Melissa Lopez,40,Marketing,Coordinator,Boston,95021.17,1492.13,2021-03-04,12,27.4,melissa.lopez@company.com,(525) 646-5666,Active
EMP048251,Melissa,Taylor,Melissa Taylor,48,IT,Associate,Miami,101267.73,18544.36,2022-06-15,19,76.5,melissa.taylor@company.com,(822) 986-1452,Active
EMP048252,Ashley,Miller,Ashley Miller,28,Finance,Associate,Seattle,66210.61,4358.71,2023-01-15,0,50.9,ashley.miller@company.com,(469) 215-1952,Active
EMP048253,Anthony,Miller,Anthony Miller,51,Engineering,Senior Developer,Miami,107780.01,12245.24,2023-06-22,24,57.5,anthony.miller@company.com,(933) 637-1418,Active
EMP048254,William,Moore,William Moore,58,Engineering,Analyst,Boston,133261.62,12461.76,2020-01-26,34,79.4,william.moore@company.com,(339) 860-8452,Inactive
EMP048255,Jessica,Davis,Jessica Davis,53,Sales,Senior Developer,Austin,99808.36,14512.03,2023-07-12,27,92.2,jessica.davis@company.com,(921) 209-4363,Active
EMP048256,Daniel,Anderson,Daniel Anderson,29,HR,Associate,Seattle,36270.7,4317.8,2020-12-19,6,71.4,daniel.anderson@company.com,(532) 382-2104,Inactive
EMP048257,William,Williams,William Williams,58,HR,Coordinator,Miami,83593.94,3998.75,2023-11-17,31,65.5,william.williams@company.com,(546) 642-8363,Active
EMP048258,Amanda,Wilson,Amanda Wilson,57,Marketing,Analyst,Miami,67544.69,8931.81,2024-03-25,29,61.5,amanda.wilson@company.com,(918) 203-8353,Inactive
EMP048259,Melissa,Davis,Melissa Davis,39,Marketing,Director,Boston,73337.11,6398.53,2020-06-11,10,88.9,melissa.davis@company.com,(361) 461-6924,Active
EMP048260,Daniel,Moore,Daniel Moore,45,Operations,Coordinator,San Francisco,44481.05,6163.47,2023-02-12,22,88.7,daniel.moore@company.com,(918) 901-2408,On Leave
EMP048261,Christopher,Davis,Christopher Davis,47,IT,Coordinator,Los Angeles,71133.51,8703.39,2023-01-07,25,69.7,christopher.davis@company.com,(279) 467-6195,Active
EMP048262,Stephanie,Taylor,Stephanie Taylor,61,HR,Senior Developer,Los Angeles,78747.81,0.0,2023-09-25,38,70.7,stephanie.taylor@company.com,(563) 881-8526,Active
EMP048263,John,Hernandez,John Hernandez,64,Finance,Analyst,Austin,90720.45,4522.62,2020-05-08,36,61.1,john.hernandez@company.com,(643) 271-9927,Active
EMP048264,Matthew,Johnson,Matthew Johnson,53,IT,Coordinator,Austin,83202.29,10436.77,2024-04-02,30,77.0,matthew.johnson@company.com,(761) 562-3472,Active
EMP048265,James,Moore,James Moore,56,IT,Manager,New York,129162.54,17519.66,2021-09-29,34,80.1,james.moore@company.com,(915) 317-7585,Active
EMP048266,Michael,Jackson,Michael Jackson,45,IT,Manager,Los Angeles,100302.34,9166.0,2023-10-22,19,89.0,michael.jackson@company.com,(765) 400-7200,Active
EMP048267,Amanda,Jones,Amanda Jones,26,Legal,Associate,Austin,108724.91,19781.17,2022-01-20,0,59.8,amanda.jones@company.com,(811) 643-5824,Active
EMP048268,Amanda,Garcia,Amanda Garcia,65,Finance,Director,Austin,103356.02,13741.82,2020-01-11,41,89.3,amanda.garcia@company.com,(661) 511-9614,Active
EMP048269,Anthony,Hernandez,Anthony Hernandez,24,IT,Director,Chicago,93728.5,3444.92,2024-02-11,0,93.6,anthony.hernandez@company.com,(622) 557-9057,Active
EMP048270,Lisa,Thomas,Lisa Thomas,55,Legal,Lead,San Francisco,132235.69,20805.39,2020-03-15,27,80.6,lisa.thomas@company.com,(333) 503-9582,Active
EMP048271,William,Garcia,William Garcia,50,IT,Specialist,Austin,109534.54,7046.14,2022-07-20,23,65.0,william.garcia@company.com,(711) 846-6293,Active
EMP048272,William,Martinez,William Martinez,58,Sales,Manager,Boston,93145.51,10981.05,2023-06-03,31,59.1,william.martinez@company.com,(651) 332-8932,Active
EMP048273,Melissa,Hernandez,Melissa Hernandez,53,IT,Analyst,San Francisco,113558.36,18042.75,2023-11-27,28,62.5,melissa.hernandez@company.com,(278) 928-8757,Active
EMP048274,John,Rodriguez,John Rodriguez,28,Marketing,Associate,Seattle,63513.09,5097.02,2023-02-22,0,77.5,john.rodriguez@company.com,(584) 410-8646,Active
EMP048275,Jane,Williams,Jane Williams,28,IT,Senior Developer,Miami,61995.52,1145.46,2022-10-26,0,81.4,jane.williams@company.com,(322) 844-6770,Inactive
EMP048276,Lisa,Gonzalez,Lisa Gonzalez,42,Legal,Senior Developer,Boston,83137.83,6381.85,2024-06-04,15,54.5,lisa.gonzalez@company.com,(397) 478-5860,Active
EMP048277,Lisa,Garcia,Lisa Garcia,64,Sales,Senior Developer,Chicago,111449.87,18646.95,2023-01-15,35,100.0,lisa.garcia@company.com,(731) 352-8240,Inactive
EMP048278,Stephanie,Taylor,Stephanie Taylor,46,HR,Lead,Chicago,55457.48,3656.61,2024-07-24,18,53.9,stephanie.taylor@company.com,(841) 460-6865,Active
EMP048279,Stephanie,Taylor,Stephanie Taylor,42,Sales,Analyst,Austin,62116.89,3301.8,2020-01-31,14,90.5,stephanie.taylor@company.com,(536) 466-5493,Inactive
EMP048280,Daniel,Davis,Daniel Davis,49,HR,Associate,Miami,63700.36,6688.02,2024-04-02,26,82.9,daniel.davis@company.com,(712) 788-9692,Active
EMP048281,Nicole,Thomas,Nicole Thomas,55,Marketing,Director,Miami,58247.23,9793.26,2020-03-16,29,90.0,nicole.thomas@company.com,(923) 604-8556,Active
EMP048282,Jane,Garcia,Jane Garcia,33,HR,Associate,Miami,56383.84,8232.87,2023-08-03,10,46.1,jane.garcia@company.com,(344) 393-4212,Active
EMP048283,Michael,Garcia,Michael Garcia,22,Finance,Director,San Francisco,69975.83,2204.45,2022-07-17,0,43.8,michael.garcia@company.com,(946) 210-6212,Active
EMP048284,John,Thomas,John Thomas,61,Finance,Analyst,Austin,77583.95,14522.24,2020-08-17,34,73.8,john.thomas@company.com,(442) 214-8669,Active
EMP048285,Stephanie,Johnson,Stephanie Johnson,61,Legal,Coordinator,Austin,87825.55,2627.67,2024-10-10,33,88.7,stephanie.johnson@company.com,(468) 268-8200,Active
EMP048286,Matthew,Lopez,Matthew Lopez,24,Finance,Associate,New York,72824.63,6569.86,2021-09-29,2,49.9,matthew.lopez@company.com,(307) 436-1488,Active
EMP048287,Stephanie,Hernandez,Stephanie Hernandez,29,Marketing,Lead,Los Angeles,59630.76,4638.3,2021-02-21,6,33.3,stephanie.hernandez@company.com,(914) 335-5689,Active
EMP048288,Robert,Jackson,Robert Jackson,37,IT,Director,Boston,96442.47,4354.58,2022-09-10,10,77.3,robert.jackson@company.com,(667) 216-5331,Active
EMP048289,William,Martinez,William Martinez,39,Engineering,Analyst,Boston,65807.98,7916.1,2022-07-01,14,60.1,william.martinez@company.com,(611) 626-4060,Active
EMP048290,Jane,Garcia,Jane Garcia,48,Operations,Senior Developer,Austin,64514.41,3810.42,2021-01-06,24,37.0,jane.garcia@company.com,(821) 310-2436,Inactive
EMP048291,William,Martin,William Martin,51,Legal,Specialist,Miami,98510.91,12649.71,2020-06-24,29,91.8,william.martin@company.com,(487) 461-7026,Active
EMP048292,Stephanie,Anderson,Stephanie Anderson,53,Marketing,Lead,Chicago,61632.48,2248.24,2021-10-03,29,69.4,stephanie.anderson@company.com,(290) 933-1839,Active
EMP048293,John,Garcia,John Garcia,63,Engineering,Specialist,Chicago,95126.38,12518.36,2020-10-02,37,85.8,john.garcia@company.com,(486) 270-6874,Active
EMP048294,Michael,Brown,Michael Brown,33,HR,Manager,Boston,49491.47,3123.75,2024-05-17,10,60.1,michael.brown@company.com,(572) 835-2098,Active
EMP048295,Amanda,Jackson,Amanda Jackson,49,Engineering,Senior Developer,Chicago,91403.31,9290.97,2024-03-29,22,68.3,amanda.jackson@company.com,(511) 851-6012,Active
EMP048296,Nicole,Anderson,Nicole Anderson,37,HR,Director,Seattle,61435.2,9301.15,2021-09-19,12,89.0,nicole.anderson@company.com,(476) 839-4516,Inactive
EMP048297,Michael,Anderson,Michael Anderson,48,HR,Director,Seattle,75187.33,8506.13,2024-01-23,24,38.1,michael.anderson@company.com,(347) 713-3501,Active
EMP048298,Melissa,Lopez,Melissa Lopez,65,HR,Analyst,New York,103561.71,14731.61,2023-09-23,39,75.5,melissa.lopez@company.com,(291) 233-4803,Active
EMP048299,Christopher,Johnson,Christopher Johnson,34,Operations,Coordinator,Austin,78805.19,606.42,2023-09-03,9,66.8,christopher.johnson@company.com,(521) 375-5731,Inactive
EMP048300,Amanda,Anderson,Amanda Anderson,37,Engineering,Analyst,Los Angeles,52572.13,5318.28,2022-09-22,11,66.7,amanda.anderson@company.com,(572) 617-7203,Active
EMP048301,Amanda,Thomas,Amanda Thomas,61,Sales,Director,New York,95640.52,10721.27,2021-06-23,36,59.1,amanda.thomas@company.com,(459) 522-2855,Inactive
EMP048302,Anthony,Moore,Anthony Moore,64,Engineering,Lead,Seattle,118442.24,0.0,2022-09-06,39,65.6,anthony.moore@company.com,(636) 797-4265,Active
EMP048303,Jane,Wilson,Jane Wilson,60,HR,Lead,Boston,89271.96,14090.47,2020-10-20,34,86.9,jane.wilson@company.com,(619) 958-7908,Active
EMP048304,Emily,Williams,Emily Williams,52,Sales,Lead,Chicago,65324.42,5146.53,2022-07-27,27,57.8,emily.williams@company.com,(245) 728-2039,Active
EMP048305,Daniel,Wilson,Daniel Wilson,45,Operations,Lead,Austin,79400.82,5317.36,2022-08-25,23,81.0,daniel.wilson@company.com,(589) 938-5381,Active
EMP048306,David,Martinez,David Martinez,26,Operations,Coordinator,Los Angeles,68537.43,7562.94,2022-07-16,1,72.3,david.martinez@company.com,(597) 254-5960,Inactive
EMP048307,Robert,Jackson,Robert Jackson,41,Finance,Director,Seattle,92862.2,3478.87,2024-07-31,18,86.6,robert.jackson@company.com,(551) 983-2780,Inactive
EMP048308,Matthew,Martinez,Matthew Martinez,60,IT,Specialist,Chicago,154213.2,15788.37,2023-10-30,33,68.2,matthew.martinez@company.com,(562) 277-6581,Active
EMP048309,Christopher,Martinez,Christopher Martinez,50,Finance,Manager,New York,80894.29,4279.83,2020-08-30,24,54.3,christopher.martinez@company.com,(918) 312-4309,Inactive
EMP048310,Nicole,Lopez,Nicole Lopez,64,Sales,Lead,Boston,84585.82,617.76,2021-04-10,35,82.8,nicole.lopez@company.com,(997) 701-9258,On Leave
EMP048311,Daniel,Davis,Daniel Davis,32,Marketing,Manager,San Francisco,48485.83,4413.12,2023-01-30,5,76.9,daniel.davis@company.com,(485) 595-9765,Active
EMP048312,Lisa,Hernandez,Lisa Hernandez,30,Engineering,Senior Developer,Austin,66266.82,5362.42,2024-01-27,1,81.7,lisa.hernandez@company.com,(287) 960-8162,Active
EMP048313,Stephanie,Jackson,Stephanie Jackson,63,Engineering,Manager,Seattle,123072.1,10813.9,2020-05-29,34,71.2,stephanie.jackson@company.com,(807) 426-6498,Active
EMP048314,Emily,Anderson,Emily Anderson,35,HR,Lead,San Francisco,47086.48,2602.93,2020-12-01,8,74.1,emily.anderson@company.com,(877) 360-6014,On Leave
EMP048315,William,Taylor,William Taylor,57,IT,Director,Austin,96142.73,9507.87,2022-06-30,29,100.0,william.taylor@company.com,(286) 896-2544,Active
EMP048316,Christopher,Jackson,Christopher Jackson,35,Marketing,Analyst,New York,68429.57,12550.32,2022-04-29,12,33.4,christopher.jackson@company.com,(435) 850-9747,Inactive
EMP048317,Emily,Martinez,Emily Martinez,55,IT,Analyst,Boston,94389.09,5005.48,2021-12-14,33,52.8,emily.martinez@company.com,(729) 249-4470,Active
EMP048318,Sarah,Jackson,Sarah Jackson,44,Legal,Lead,Austin,105086.03,12176.77,2022-10-21,22,78.1,sarah.jackson@company.com,(295) 795-7268,Active
EMP048319,Amanda,Jones,Amanda Jones,41,Legal,Analyst,San Francisco,94974.5,13673.65,2021-08-15,13,67.2,amanda.jones@company.com,(814) 875-6012,Active
EMP048320,Ashley,Hernandez,Ashley Hernandez,32,HR,Senior Developer,San Francisco,45470.49,1128.99,2020-09-19,10,86.8,ashley.hernandez@company.com,(887) 686-8400,Active
EMP048321,Lisa,Jones,Lisa Jones,36,Legal,Lead,Los Angeles,91812.83,12594.92,2024-03-04,7,77.3,lisa.jones@company.com,(878) 554-9869,Active
EMP048322,James,Gonzalez,James Gonzalez,23,IT,Manager,Austin,63972.94,9282.07,2021-03-17,0,90.1,james.gonzalez@company.com,(935) 889-3017,Active
EMP048323,Christopher,Williams,Christopher Williams,50,Sales,Senior Developer,San Francisco,68336.37,10227.03,2021-01-21,24,62.7,christopher.williams@company.com,(934) 942-3408,Active
EMP048324,Matthew,Davis,Matthew Davis,22,Legal,Lead,San Francisco,50586.37,4839.94,2022-10-05,0,32.8,matthew.davis@company.com,(870) 567-6712,Active
EMP048325,Melissa,Rodriguez,Melissa Rodriguez,32,HR,Lead,New York,68763.65,4188.99,2020-05-07,7,49.1,melissa.rodriguez@company.com,(989) 511-2290,Active
EMP048326,Melissa,Williams,Melissa Williams,58,Operations,Senior Developer,San Francisco,81340.23,5404.12,2023-11-23,33,76.9,melissa.williams@company.com,(843) 942-4141,Active
EMP048327,Stephanie,Hernandez,Stephanie Hernandez,29,Marketing,Associate,Chicago,52209.97,6472.31,2021-08-02,6,91.4,stephanie.hernandez@company.com,(383) 866-6223,Active
EMP048328,David,Garcia,David Garcia,30,Marketing,Analyst,Los Angeles,39796.27,608.96,2022-05-28,6,76.4,david.garcia@company.com,(829) 991-9089,Active
EMP048329,Jane,Jackson,Jane Jackson,55,HR,Lead,New York,94974.69,9173.95,2024-10-20,31,64.7,jane.jackson@company.com,(921) 271-4129,Inactive
EMP048330,Jane,Martin,Jane Martin,35,Sales,Senior Developer,New York,48482.89,4342.6,2020-03-08,9,57.9,jane.martin@company.com,(252) 864-6972,Active
EMP048331,Lisa,Johnson,Lisa Johnson,46,Sales,Manager,Chicago,82513.25,6090.99,2022-01-14,23,80.0,lisa.johnson@company.com,(884) 784-7352,Active
EMP048332,Lisa,Jackson,Lisa Jackson,57,Marketing,Lead,Seattle,77451.51,1329.14,2023-01-02,33,85.3,lisa.jackson@company.com,(477) 412-8917,Active
EMP048333,Anthony,Hernandez,Anthony Hernandez,33,Operations,Associate,Seattle,57867.26,5297.24,2021-02-04,8,69.3,anthony.hernandez@company.com,(822) 309-5016,Active
EMP048334,Anthony,Anderson,Anthony Anderson,36,Operations,Director,Chicago,64667.09,10238.87,2020-05-04,12,76.9,anthony.anderson@company.com,(305) 964-2909,Active
EMP048335,Amanda,Brown,Amanda Brown,35,Finance,Coordinator,Miami,67294.28,4488.22,2024-03-10,10,82.2,amanda.brown@company.com,(938) 938-6069,Active
EMP048336,James,Jackson,James Jackson,22,HR,Coordinator,Austin,87585.18,12706.55,2021-04-19,0,80.5,james.jackson@company.com,(809) 646-3963,Active
EMP048337,Amanda,Wilson,Amanda Wilson,47,Marketing,Director,Miami,67334.45,6132.34,2023-10-13,24,63.2,amanda.wilson@company.com,(322) 438-7587,Active
EMP048338,Nicole,Martinez,Nicole Martinez,50,Finance,Associate,Boston,92932.27,12891.55,2022-02-01,22,90.7,nicole.martinez@company.com,(713) 691-2275,Active
EMP048339,William,Brown,William Brown,62,HR,Senior Developer,Boston,44881.78,3064.67,2020-02-11,34,89.3,william.brown@company.com,(951) 527-5815,Active
EMP048340,Ashley,Martin,Ashley Martin,27,Engineering,Lead,Miami,44048.13,4209.27,2024-05-08,1,67.9,ashley.martin@company.com,(250) 971-2925,Active
EMP048341,Ashley,Martin,Ashley Martin,64,Finance,Associate,Los Angeles,94303.2,10479.8,2020-12-05,38,88.3,ashley.martin@company.com,(661) 401-7891,On Leave
EMP048342,David,Rodriguez,David Rodriguez,35,Marketing,Specialist,Seattle,57635.08,4478.25,2020-08-01,12,50.3,david.rodriguez@company.com,(424) 824-4912,Active
EMP048343,Nicole,Thomas,Nicole Thomas,30,Operations,Senior Developer,Seattle,38854.24,4798.46,2020-02-25,6,100.0,nicole.thomas@company.com,(947) 775-4736,Active
EMP048344,Sarah,Lopez,Sarah Lopez,58,HR,Analyst,Miami,79493.9,14786.53,2021-02-14,32,64.0,sarah.lopez@company.com,(878) 535-2818,Active
EMP048345,Robert,Martin,Robert Martin,24,HR,Lead,Austin,53713.09,4214.31,2021-08-11,0,100.0,robert.martin@company.com,(383) 356-7824,Active
EMP048346,Emily,Jackson,Emily Jackson,40,Engineering,Director,Los Angeles,99136.46,5905.34,2024-02-01,18,73.7,emily.jackson@company.com,(271) 250-5156,Active
EMP048347,Sarah,Smith,Sarah Smith,62,Marketing,Coordinator,Los Angeles,93809.82,7461.81,2020-11-16,33,68.1,sarah.smith@company.com,(200) 250-1221,Active
EMP048348,William,Davis,William Davis,47,Finance,Manager,San Francisco,87172.94,6332.09,2022-07-09,25,80.5,william.davis@company.com,(881) 558-2508,Active
EMP048349,Jessica,Wilson,Jessica Wilson,52,Marketing,Specialist,San Francisco,54830.23,6506.4,2020-03-09,23,90.2,jessica.wilson@company.com,(954) 290-3290,Active
EMP048350,Emily,Brown,Emily Brown,23,Finance,Specialist,Los Angeles,83354.91,8243.07,2022-07-05,1,86.3,emily.brown@company.com,(694) 770-5405,Active
EMP048351,Melissa,Anderson,Melissa Anderson,31,Legal,Manager,San Francisco,82957.72,11004.08,2020-09-10,3,69.8,melissa.anderson@company.com,(210) 601-2336,Active
EMP048352,Lisa,Martin,Lisa Martin,23,Finance,Manager,Boston,79123.64,0.0,2022-12-23,1,69.4,lisa.martin@company.com,(735) 441-5231,Active
EMP048353,Sarah,Rodriguez,Sarah Rodriguez,44,Operations,Senior Developer,Chicago,79763.87,1792.57,2020-01-21,20,73.4,sarah.rodriguez@company.com,(244) 594-1962,Active
EMP048354,Robert,Martin,Robert Martin,53,IT,Manager,Miami,107485.45,14432.4,2020-05-12,24,45.7,robert.martin@company.com,(536) 587-5181,Active
EMP048355,Jane,Jackson,Jane Jackson,52,Operations,Analyst,San Francisco,91593.76,8046.3,2023-06-15,25,88.2,jane.jackson@company.com,(743) 577-1570,Active
EMP048356,Christopher,Brown,Christopher Brown,37,Finance,Specialist,San Francisco,61811.18,7093.03,2023-08-12,11,51.9,christopher.brown@company.com,(390) 632-7561,Inactive
EMP048357,Stephanie,Moore,Stephanie Moore,52,HR,Director,Boston,90277.64,2585.83,2024-05-07,26,61.4,stephanie.moore@company.com,(251) 432-5000,Active
EMP048358,Christopher,Moore,Christopher Moore,58,Legal,Lead,New York,108599.46,9636.63,2021-10-22,30,82.4,christopher.moore@company.com,(549) 703-9953,Active
EMP048359,Nicole,Williams,Nicole Williams,31,Finance,Manager,Los Angeles,71980.88,12124.42,2023-11-08,6,87.7,nicole.williams@company.com,(661) 707-6148,On Leave
EMP048360,Lisa,Rodriguez,Lisa Rodriguez,33,Legal,Lead,Seattle,60323.96,3210.93,2020-04-05,6,71.4,lisa.rodriguez@company.com,(461) 618-8605,Inactive
EMP048361,Christopher,Moore,Christopher Moore,32,Marketing,Specialist,Chicago,54251.96,1884.73,2022-06-05,8,74.8,christopher.moore@company.com,(813) 763-5710,On Leave
EMP048362,Ashley,Johnson,Ashley Johnson,56,Legal,Director,Boston,115486.17,4638.57,2021-10-07,31,86.8,ashley.johnson@company.com,(764) 646-4584,Active
EMP048363,Emily,Lopez,Emily Lopez,51,Operations,Analyst,Miami,58588.88,7876.33,2023-08-03,22,74.4,emily.lopez@company.com,(835) 609-8367,Active
EMP048364,Emily,Thomas,Emily Thomas,39,Legal,Coordinator,Austin,74846.96,5390.07,2023-02-16,16,75.3,emily.thomas@company.com,(837) 590-2193,Active
EMP048365,Sarah,Martinez,Sarah Martinez,56,Engineering,Director,Chicago,77392.18,5942.27,2020-06-17,29,77.1,sarah.martinez@company.com,(833) 492-9116,Inactive
EMP048366,Daniel,Martin,Daniel Martin,51,Operations,Associate,Boston,100014.09,6272.43,2020-11-15,25,51.8,daniel.martin@company.com,(217) 568-2264,Active
EMP048367,Robert,Johnson,Robert Johnson,64,Sales,Manager,Austin,84824.0,8897.67,2022-07-07,39,88.0,robert.johnson@company.com,(875) 287-8702,Active
EMP048368,Daniel,Jones,Daniel Jones,26,Legal,Director,Miami,70185.02,9025.99,2022-05-25,2,84.9,daniel.jones@company.com,(538) 394-5038,Active
EMP048369,Melissa,Taylor,Melissa Taylor,47,HR,Analyst,Los Angeles,76286.77,9400.11,2022-06-22,18,76.9,melissa.taylor@company.com,(997) 694-5140,Active
EMP048370,Jessica,Gonzalez,Jessica Gonzalez,59,IT,Associate,Los Angeles,100196.9,10523.76,2023-06-06,33,87.1,jessica.gonzalez@company.com,(779) 968-3435,Inactive
EMP048371,Christopher,Johnson,Christopher Johnson,49,IT,Analyst,San Francisco,98162.51,0.0,2023-06-11,26,53.2,christopher.johnson@company.com,(227) 486-5542,Active
EMP048372,Robert,Williams,Robert Williams,39,Legal,Manager,Los Angeles,96852.9,12516.58,2023-02-15,16,58.8,robert.williams@company.com,(388) 864-8950,Active
EMP048373,Amanda,Hernandez,Amanda Hernandez,43,Marketing,Lead,Boston,45104.86,9853.16,2022-05-04,15,75.0,amanda.hernandez@company.com,(628) 446-6379,Active
EMP048374,Jane,Lopez,Jane Lopez,49,IT,Senior Developer,San Francisco,87666.3,16661.54,2024-02-03,27,69.7,jane.lopez@company.com,(621) 376-4747,Active
EMP048375,Matthew,Martin,Matthew Martin,48,Legal,Associate,Los Angeles,80681.13,6922.07,2021-09-28,20,87.7,matthew.martin@company.com,(555) 836-5906,Active
EMP048376,Sarah,Lopez,Sarah Lopez,36,Marketing,Coordinator,San Francisco,45171.51,5312.47,2021-07-24,13,100.0,sarah.lopez@company.com,(999) 969-4393,Active
EMP048377,John,Garcia,John Garcia,40,Marketing,Associate,New York,62470.98,2279.81,2022-11-18,11,72.5,john.garcia@company.com,(840) 900-9485,Active
EMP048378,Melissa,Wilson,Melissa Wilson,57,Operations,Lead,Austin,82609.18,11134.4,2021-10-03,35,76.5,melissa.wilson@company.com,(858) 514-1782,Active
EMP048379,Amanda,Martinez,Amanda Martinez,35,Marketing,Lead,Miami,95419.67,11126.78,2023-07-25,10,59.8,amanda.martinez@company.com,(851) 630-2922,Active
EMP048380,Stephanie,Smith,Stephanie Smith,23,Engineering,Coordinator,Boston,95389.76,6649.58,2023-05-24,0,71.9,stephanie.smith@company.com,(291) 498-8892,Active
EMP048381,Sarah,Anderson,Sarah Anderson,63,Sales,Specialist,Miami,62193.8,7983.66,2024-08-29,34,100.0,sarah.anderson@company.com,(360) 544-4111,Active
EMP048382,Emily,Thomas,Emily Thomas,41,IT,Analyst,Seattle,59326.22,6348.23,2024-04-24,15,75.7,emily.thomas@company.com,(217) 833-2630,Active
EMP048383,Jessica,Miller,Jessica Miller,22,HR,Coordinator,Seattle,56270.52,3842.01,2021-10-10,0,89.6,jessica.miller@company.com,(509) 880-3772,Inactive
EMP048384,Ashley,Martinez,Ashley Martinez,34,HR,Analyst,Austin,48023.84,6406.54,2024-03-31,11,71.1,ashley.martinez@company.com,(905) 969-7168,Inactive
EMP048385,James,Garcia,James Garcia,31,Marketing,Analyst,San Francisco,30820.51,4292.42,2021-05-03,6,68.3,james.garcia@company.com,(786) 973-7907,Active
EMP048386,Emily,Miller,Emily Miller,41,Sales,Lead,New York,62876.53,5580.81,2023-09-25,12,90.7,emily.miller@company.com,(981) 845-2023,Active
EMP048387,Jessica,Martin,Jessica Martin,56,Engineering,Analyst,Chicago,92590.39,14407.11,2020-07-22,33,83.1,jessica.martin@company.com,(718) 823-3142,Active
EMP048388,James,Thomas,James Thomas,52,Legal,Manager,Seattle,140095.42,0.0,2020-10-22,23,59.1,james.thomas@company.com,(559) 359-8738,Active
EMP048389,William,Davis,William Davis,39,Sales,Manager,Austin,61918.26,4914.13,2021-09-05,10,58.9,william.davis@company.com,(540) 516-9828,Active
EMP048390,Stephanie,Brown,Stephanie Brown,42,Sales,Analyst,Austin,59307.18,1763.48,2021-11-09,19,94.4,stephanie.brown@company.com,(918) 347-6877,On Leave
EMP048391,David,Williams,David Williams,58,Marketing,Senior Developer,Austin,90878.84,0.0,2021-08-29,30,72.1,david.williams@company.com,(680) 420-9777,Active
EMP048392,William,Garcia,William Garcia,56,Engineering,Director,San Francisco,99836.85,10898.38,2023-07-21,31,54.1,william.garcia@company.com,(917) 257-9455,On Leave
EMP048393,Michael,Lopez,Michael Lopez,65,HR,Coordinator,Austin,73565.07,8963.58,2021-02-28,39,91.7,michael.lopez@company.com,(840) 552-3772,Active
EMP048394,Lisa,Hernandez,Lisa Hernandez,52,Operations,Manager,New York,80950.07,12023.55,2024-01-01,24,58.5,lisa.hernandez@company.com,(548) 953-2435,Active
EMP048395,Sarah,Williams,Sarah Williams,57,Engineering,Lead,Miami,117585.71,6381.29,2023-07-26,34,64.7,sarah.williams@company.com,(475) 845-5523,On Leave
EMP048396,Daniel,Garcia,Daniel Garcia,25,Legal,Lead,Chicago,75230.55,5286.91,2021-12-15,1,67.6,daniel.garcia@company.com,(347) 916-3269,Active
EMP048397,Lisa,Martin,Lisa Martin,63,HR,Specialist,Los Angeles,92946.81,16326.72,2022-11-09,36,66.3,lisa.martin@company.com,(415) 567-5153,Active
EMP048398,Michael,Wilson,Michael Wilson,39,Legal,Director,Seattle,121430.38,13344.26,2021-07-11,11,74.0,michael.wilson@company.com,(502) 249-3177,Active
EMP048399,Jane,Rodriguez,Jane Rodriguez,36,Engineering,Manager,Los Angeles,76242.94,7801.38,2021-05-11,7,89.1,jane.rodriguez@company.com,(881) 934-5179,Active
EMP048400,Christopher,Brown,Christopher Brown,44,Engineering,Manager,Seattle,95787.37,10981.35,2024-09-12,15,52.6,christopher.brown@company.com,(475) 788-4856,Active
EMP048401,James,Lopez,James Lopez,54,IT,Coordinator,Miami,93005.77,10114.19,2020-03-12,32,45.3,james.lopez@company.com,(278) 692-2396,Active
EMP048402,William,Miller,William Miller,37,HR,Director,San Francisco,47217.28,2243.45,2020-10-24,14,66.9,william.miller@company.com,(404) 698-2180,Active
EMP048403,Melissa,Brown,Melissa Brown,53,IT,Analyst,Seattle,96642.69,5463.48,2024-02-29,26,75.6,melissa.brown@company.com,(805) 422-1846,Inactive
EMP048404,Christopher,Johnson,Christopher Johnson,52,IT,Manager,Seattle,75521.47,11398.29,2024-02-06,25,96.4,christopher.johnson@company.com,(370) 944-9089,On Leave
EMP048405,Nicole,Jackson,Nicole Jackson,27,Marketing,Specialist,Seattle,67187.3,9715.52,2020-10-30,5,100.0,nicole.jackson@company.com,(773) 443-8057,Active
EMP048406,Robert,Johnson,Robert Johnson,23,Marketing,Specialist,Boston,76756.6,505.18,2020-09-02,0,97.9,robert.johnson@company.com,(864) 277-7515,Active
EMP048407,David,Smith,David Smith,27,IT,Coordinator,New York,45325.75,3171.48,2023-10-18,4,50.9,david.smith@company.com,(806) 536-6329,Active
EMP048408,Robert,Wilson,Robert Wilson,45,Sales,Associate,Austin,67597.21,9720.57,2020-02-10,18,63.3,robert.wilson@company.com,(534) 362-1196,Active
EMP048409,John,Lopez,John Lopez,61,Legal,Associate,Los Angeles,114130.67,15981.72,2024-04-30,38,100.0,john.lopez@company.com,(458) 816-7223,Active
EMP048410,Daniel,Lopez,Daniel Lopez,28,IT,Specialist,Boston,59845.27,3680.32,2020-07-03,6,75.0,daniel.lopez@company.com,(480) 876-6109,Active
EMP048411,Nicole,Anderson,Nicole Anderson,64,Finance,Specialist,Seattle,113266.73,12697.63,2023-07-04,41,66.6,nicole.anderson@company.com,(906) 795-3260,Active
EMP048412,James,Taylor,James Taylor,55,Sales,Director,Austin,84976.38,9678.75,2024-07-22,26,80.3,james.taylor@company.com,(487) 500-5547,Active
EMP048413,William,Brown,William Brown,52,Sales,Coordinator,Chicago,70399.63,7239.54,2023-08-08,30,82.1,william.brown@company.com,(586) 679-6297,Active
EMP048414,Amanda,Brown,Amanda Brown,42,IT,Lead,Miami,81636.9,4974.66,2020-08-28,17,78.3,amanda.brown@company.com,(461) 689-5915,Active
EMP048415,David,Garcia,David Garcia,44,Finance,Senior Developer,San Francisco,91951.3,11521.51,2022-12-24,20,56.5,david.garcia@company.com,(462) 900-8097,Active
EMP048416,Ashley,Brown,Ashley Brown,55,Legal,Analyst,Seattle,112528.33,10411.36,2023-03-23,28,87.0,ashley.brown@company.com,(239) 760-3181,Active
EMP048417,Matthew,Gonzalez,Matthew Gonzalez,32,Engineering,Specialist,San Francisco,56325.62,11433.67,2024-12-04,3,79.2,matthew.gonzalez@company.com,(690) 817-3623,Active
EMP048418,Emily,Davis,Emily Davis,51,Finance,Manager,San Francisco,65190.03,11753.05,2020-08-29,24,75.1,emily.davis@company.com,(632) 265-4052,Active
EMP048419,John,Taylor,John Taylor,41,Sales,Specialist,San Francisco,67324.48,8559.52,2022-09-05,19,55.0,john.taylor@company.com,(782) 469-1407,Active
EMP048420,Stephanie,Taylor,Stephanie Taylor,29,HR,Analyst,Seattle,68043.15,5082.32,2022-08-14,5,52.2,stephanie.taylor@company.com,(833) 209-3552,Active
EMP048421,Melissa,Smith,Melissa Smith,53,Sales,Coordinator,Chicago,58957.02,6923.72,2021-03-16,24,51.4,melissa.smith@company.com,(563) 313-6937,Active
EMP048422,Stephanie,Davis,Stephanie Davis,51,Engineering,Associate,Los Angeles,110422.1,15872.28,2021-12-17,27,49.0,stephanie.davis@company.com,(363) 856-3832,Active
EMP048423,Anthony,Gonzalez,Anthony Gonzalez,61,Operations,Lead,Chicago,53268.19,4708.7,2024-11-10,34,52.8,anthony.gonzalez@company.com,(623) 749-9669,Active
EMP048424,John,Johnson,John Johnson,46,Legal,Manager,Chicago,95898.99,4449.72,2023-05-09,18,71.7,john.johnson@company.com,(634) 359-2730,Active
EMP048425,James,Williams,James Williams,54,Legal,Analyst,Chicago,98082.89,14302.61,2024-05-20,29,100.0,james.williams@company.com,(327) 479-9732,Active
EMP048426,Matthew,Hernandez,Matthew Hernandez,45,HR,Senior Developer,Boston,73613.0,2774.95,2022-05-03,22,76.7,matthew.hernandez@company.com,(418) 404-6256,Active
EMP048427,David,Rodriguez,David Rodriguez,62,Sales,Senior Developer,Austin,81595.71,8598.92,2021-07-13,33,67.0,david.rodriguez@company.com,(549) 976-1284,Active
EMP048428,Daniel,Taylor,Daniel Taylor,43,Finance,Manager,Seattle,85465.62,11293.04,2024-08-28,15,59.2,daniel.taylor@company.com,(508) 847-3547,Active
EMP048429,James,Moore,James Moore,46,IT,Lead,Seattle,103748.49,6797.09,2024-01-04,18,77.6,james.moore@company.com,(453) 840-6523,Active
EMP048430,Sarah,Johnson,Sarah Johnson,61,Sales,Director,Austin,109626.88,14142.66,2020-01-11,32,52.1,sarah.johnson@company.com,(380) 915-4652,Active
EMP048431,David,Rodriguez,David Rodriguez,22,Sales,Manager,Austin,66343.29,3563.62,2023-03-18,0,81.8,david.rodriguez@company.com,(608) 766-7733,Active
EMP048432,Amanda,Moore,Amanda Moore,62,Finance,Coordinator,Los Angeles,134640.92,24539.58,2020-02-03,35,55.9,amanda.moore@company.com,(887) 833-8078,Inactive
EMP048433,Nicole,Davis,Nicole Davis,45,Engineering,Director,New York,51232.0,2958.08,2024-10-30,22,71.4,nicole.davis@company.com,(260) 810-4455,Active
EMP048434,William,Smith,William Smith,44,Operations,Lead,Chicago,67879.6,0.0,2023-03-20,22,58.5,william.smith@company.com,(728) 494-1272,Active
EMP048435,Christopher,Lopez,Christopher Lopez,33,IT,Manager,Miami,62479.66,9117.47,2021-04-25,10,92.5,christopher.lopez@company.com,(432) 357-5281,Active
EMP048436,Christopher,Johnson,Christopher Johnson,45,Legal,Coordinator,Chicago,70284.09,8885.9,2022-03-07,23,76.3,christopher.johnson@company.com,(699) 791-9467,Active
EMP048437,Melissa,Taylor,Melissa Taylor,49,IT,Analyst,Austin,114427.5,16907.17,2024-11-26,25,88.6,melissa.taylor@company.com,(435) 986-7973,Active
EMP048438,Melissa,Jackson,Melissa Jackson,33,Engineering,Analyst,Seattle,102019.7,10854.23,2024-04-14,10,82.3,melissa.jackson@company.com,(935) 237-4478,Active
EMP048439,Sarah,Taylor,Sarah Taylor,44,Finance,Director,San Francisco,66699.92,7413.42,2020-04-17,19,77.6,sarah.taylor@company.com,(429) 970-9106,Active
EMP048440,James,Rodriguez,James Rodriguez,40,Engineering,Manager,Seattle,101080.93,19321.43,2022-10-06,17,81.2,james.rodriguez@company.com,(872) 777-6590,Active
EMP048441,Emily,Martinez,Emily Martinez,46,Legal,Lead,San Francisco,89355.42,7643.99,2020-05-18,18,60.2,emily.martinez@company.com,(471) 582-4862,Active
EMP048442,Nicole,Moore,Nicole Moore,38,Finance,Lead,Los Angeles,38318.25,4467.77,2024-08-26,16,81.7,nicole.moore@company.com,(435) 784-9032,Active
EMP048443,Stephanie,Williams,Stephanie Williams,54,Legal,Director,New York,98189.17,8249.78,2024-02-08,26,83.2,stephanie.williams@company.com,(957) 811-1120,Inactive
EMP048444,David,Davis,David Davis,50,Marketing,Manager,Seattle,74477.53,5166.03,2024-08-21,25,78.8,david.davis@company.com,(901) 266-3716,Active
EMP048445,Christopher,Hernandez,Christopher Hernandez,23,Sales,Director,Chicago,47877.54,4834.38,2022-06-18,0,61.3,christopher.hernandez@company.com,(654) 688-1566,Active
EMP048446,Matthew,Anderson,Matthew Anderson,57,Sales,Specialist,Los Angeles,83446.96,4403.92,2023-10-10,30,66.8,matthew.anderson@company.com,(899) 384-9643,Active
EMP048447,Jessica,Williams,Jessica Williams,38,Engineering,Lead,Miami,115468.13,15430.98,2022-01-29,12,57.9,jessica.williams@company.com,(560) 507-2836,On Leave
EMP048448,Nicole,Williams,Nicole Williams,54,Sales,Associate,Boston,76300.85,10212.36,2023-01-02,25,90.1,nicole.williams@company.com,(395) 841-5376,Active
EMP048449,John,Martinez,John Martinez,33,Marketing,Analyst,Seattle,32315.18,4224.36,2023-12-28,8,66.7,john.martinez@company.com,(265) 559-7790,Active
EMP048450,Emily,Martinez,Emily Martinez,37,HR,Analyst,Los Angeles,42472.85,4987.18,2020-08-02,13,71.1,emily.martinez@company.com,(867) 745-5571,Inactive
EMP048451,Lisa,Lopez,Lisa Lopez,26,Operations,Manager,Miami,67074.98,9801.48,2020-05-23,3,79.1,lisa.lopez@company.com,(904) 931-8576,Active
EMP048452,Robert,Garcia,Robert Garcia,27,Engineering,Specialist,Chicago,93422.45,1427.36,2020-08-15,0,74.9,robert.garcia@company.com,(987) 518-5923,Active
EMP048453,Stephanie,Wilson,Stephanie Wilson,59,Operations,Coordinator,San Francisco,98135.02,6234.48,2023-03-24,35,69.4,stephanie.wilson@company.com,(473) 684-4109,Active
EMP048454,Michael,Smith,Michael Smith,56,Marketing,Specialist,Boston,91264.51,14798.06,2021-01-06,34,65.3,michael.smith@company.com,(261) 883-4936,Active
EMP048455,John,Martinez,John Martinez,40,IT,Director,Seattle,76594.89,4459.46,2023-10-16,12,54.1,john.martinez@company.com,(252) 675-9287,Active
EMP048456,Anthony,Johnson,Anthony Johnson,38,Operations,Specialist,San Francisco,52806.55,2286.27,2022-04-28,12,79.5,anthony.johnson@company.com,(557) 544-1191,Active
EMP048457,Jane,Johnson,Jane Johnson,31,Sales,Associate,Los Angeles,66825.62,8885.05,2022-06-01,5,65.7,jane.johnson@company.com,(855) 550-9786,Active
EMP048458,Matthew,Moore,Matthew Moore,39,Engineering,Lead,San Francisco,98338.98,11689.38,2024-04-16,16,71.1,matthew.moore@company.com,(304) 652-2817,Active
EMP048459,Emily,Jones,Emily Jones,51,Sales,Coordinator,New York,74063.91,3852.49,2020-07-19,22,77.5,emily.jones@company.com,(980) 213-5987,Active
EMP048460,Lisa,Anderson,Lisa Anderson,54,HR,Associate,Los Angeles,43595.44,3325.5,2020-09-10,30,84.0,lisa.anderson@company.com,(962) 363-8740,Active
EMP048461,Michael,Davis,Michael Davis,54,Sales,Analyst,Los Angeles,72868.94,8969.64,2020-02-14,32,87.4,michael.davis@company.com,(374) 579-1264,Active
EMP048462,Anthony,Jackson,Anthony Jackson,40,Finance,Manager,San Francisco,63500.33,9569.52,2022-02-21,15,100.0,anthony.jackson@company.com,(602) 755-2842,Active
EMP048463,Robert,Brown,Robert Brown,41,Engineering,Specialist,Los Angeles,105838.53,16637.52,2021-07-04,14,84.4,robert.brown@company.com,(458) 527-9821,Active
EMP048464,Michael,Martin,Michael Martin,34,Marketing,Analyst,Los Angeles,85783.44,9630.82,2022-04-30,11,83.8,michael.martin@company.com,(706) 353-8355,Active
EMP048465,John,Moore,John Moore,32,Finance,Manager,San Francisco,78668.12,3403.59,2020-06-08,10,75.2,john.moore@company.com,(879) 469-4480,Active
EMP048466,Jane,Thomas,Jane Thomas,46,Engineering,Director,Boston,96218.97,9517.74,2024-09-05,24,92.4,jane.thomas@company.com,(609) 982-2721,Inactive
EMP048467,Lisa,Moore,Lisa Moore,54,Legal,Analyst,Austin,85137.17,11008.36,2021-02-22,26,59.3,lisa.moore@company.com,(480) 424-4668,Active
EMP048468,Ashley,Brown,Ashley Brown,22,Marketing,Specialist,Boston,80926.23,9318.0,2020-07-02,0,64.4,ashley.brown@company.com,(791) 851-1297,Inactive
EMP048469,Stephanie,Hernandez,Stephanie Hernandez,53,Engineering,Lead,Austin,87663.25,8187.56,2020-02-17,25,73.2,stephanie.hernandez@company.com,(835) 310-1922,Active
EMP048470,Michael,Rodriguez,Michael Rodriguez,41,HR,Director,Los Angeles,83979.59,11318.34,2023-12-06,14,86.1,michael.rodriguez@company.com,(368) 801-9795,Active
EMP048471,Emily,Jones,Emily Jones,50,Legal,Senior Developer,Los Angeles,97648.1,3679.08,2020-02-23,27,52.1,emily.jones@company.com,(451) 645-8131,Active
EMP048472,Jessica,Jackson,Jessica Jackson,25,Marketing,Manager,Chicago,60276.17,8232.33,2021-06-08,0,76.9,jessica.jackson@company.com,(568) 235-8311,Active
EMP048473,Anthony,Thomas,Anthony Thomas,25,Sales,Manager,Seattle,79817.15,8695.25,2023-09-11,0,71.6,anthony.thomas@company.com,(279) 978-4527,Active
EMP048474,Melissa,Taylor,Melissa Taylor,52,Marketing,Specialist,Chicago,66948.02,7937.33,2021-02-22,25,75.7,melissa.taylor@company.com,(248) 562-1606,Active
EMP048475,Stephanie,Garcia,Stephanie Garcia,48,HR,Manager,Seattle,76301.34,9566.62,2021-04-29,23,66.3,stephanie.garcia@company.com,(873) 303-4065,Active
EMP048476,Amanda,Johnson,Amanda Johnson,63,Operations,Manager,Boston,91189.31,7684.49,2022-10-13,39,62.9,amanda.johnson@company.com,(346) 714-6871,Active
EMP048477,Christopher,Martin,Christopher Martin,32,IT,Director,New York,93006.25,11098.85,2020-10-07,6,89.0,christopher.martin@company.com,(418) 990-4204,Active
EMP048478,Melissa,Brown,Melissa Brown,65,Sales,Analyst,New York,72289.05,8481.46,2024-05-03,39,75.1,melissa.brown@company.com,(617) 846-5163,Active
EMP048479,Nicole,Jones,Nicole Jones,35,Finance,Lead,Miami,63708.16,3038.58,2021-09-17,13,73.5,nicole.jones@company.com,(670) 536-9283,Active
EMP048480,Daniel,Lopez,Daniel Lopez,37,Operations,Lead,Austin,54174.98,1670.36,2022-02-27,11,95.7,daniel.lopez@company.com,(412) 331-9330,Active
EMP048481,Jane,Williams,Jane Williams,22,HR,Associate,Chicago,31848.22,3758.63,2023-11-19,0,68.6,jane.williams@company.com,(208) 810-8120,Active
EMP048482,Nicole,Garcia,Nicole Garcia,56,Legal,Senior Developer,Boston,90686.68,6481.94,2022-06-02,33,67.8,nicole.garcia@company.com,(678) 317-2459,Active
EMP048483,Sarah,Gonzalez,Sarah Gonzalez,65,Operations,Senior Developer,Austin,61453.07,3690.78,2021-05-07,42,47.9,sarah.gonzalez@company.com,(227) 244-7628,Active
EMP048484,Amanda,Anderson,Amanda Anderson,47,Sales,Senior Developer,San Francisco,67065.55,4279.84,2024-01-13,18,76.8,amanda.anderson@company.com,(222) 768-7393,Active
EMP048485,Melissa,Lopez,Melissa Lopez,48,HR,Associate,Miami,106092.61,7246.39,2022-12-21,25,79.5,melissa.lopez@company.com,(947) 506-2228,Inactive
EMP048486,Michael,Anderson,Michael Anderson,57,Finance,Director,Chicago,107759.07,7629.85,2023-12-15,35,74.7,michael.anderson@company.com,(816) 340-1674,Active
EMP048487,Jane,Anderson,Jane Anderson,23,Finance,Senior Developer,Seattle,65141.6,8545.99,2022-08-07,0,89.7,jane.anderson@company.com,(238) 639-4814,Active
EMP048488,William,Hernandez,William Hernandez,49,Operations,Specialist,Seattle,43971.31,7837.03,2023-09-27,20,74.0,william.hernandez@company.com,(601) 330-9465,Active
EMP048489,Emily,Moore,Emily Moore,51,Engineering,Lead,San Francisco,110049.61,8457.08,2023-03-17,29,97.0,emily.moore@company.com,(334) 495-6917,Active
EMP048490,Lisa,Wilson,Lisa Wilson,56,Marketing,Specialist,Los Angeles,102676.04,11264.14,2021-07-01,34,72.6,lisa.wilson@company.com,(286) 415-1529,Active
EMP048491,Matthew,Lopez,Matthew Lopez,23,Finance,Director,New York,95320.55,13005.78,2020-02-01,0,75.2,matthew.lopez@company.com,(686) 398-8092,Active
EMP048492,Emily,Taylor,Emily Taylor,39,Finance,Director,Austin,55217.58,8479.14,2021-09-07,15,62.6,emily.taylor@company.com,(847) 684-8335,Active
EMP048493,Daniel,Gonzalez,Daniel Gonzalez,48,Operations,Manager,Boston,71310.47,12296.66,2024-06-19,26,64.4,daniel.gonzalez@company.com,(557) 245-3122,Active
EMP048494,Jane,Miller,Jane Miller,40,Operations,Senior Developer,Boston,26741.74,2533.15,2024-08-25,12,67.3,jane.miller@company.com,(332) 405-1986,Active
EMP048495,Matthew,Wilson,Matthew Wilson,44,Finance,Lead,San Francisco,74772.02,6280.05,2023-11-17,16,69.7,matthew.wilson@company.com,(661) 984-5189,Active
EMP048496,Michael,Martinez,Michael Martinez,44,Operations,Coordinator,San Francisco,73951.34,11230.49,2021-06-16,19,81.4,michael.martinez@company.com,(642) 476-6778,Inactive
EMP048497,Matthew,Hernandez,Matthew Hernandez,31,HR,Specialist,Seattle,35709.37,5350.46,2020-03-20,9,67.2,matthew.hernandez@company.com,(546) 652-8126,Active
EMP048498,Lisa,Brown,Lisa Brown,32,Legal,Coordinator,Boston,94025.97,10746.18,2021-10-16,3,79.8,lisa.brown@company.com,(508) 317-3708,Active
EMP048499,Jane,Thomas,Jane Thomas,35,Operations,Lead,Boston,42576.41,1411.6,2020-02-27,9,65.0,jane.thomas@company.com,(706) 397-5705,Active
EMP048500,Matthew,Smith,Matthew Smith,38,IT,Associate,Miami,64010.99,4086.5,2023-03-18,13,37.6,matthew.smith@company.com,(301) 819-9795,On Leave
EMP048501,Melissa,Lopez,Melissa Lopez,49,Sales,Specialist,Seattle,104931.95,20360.6,2023-03-19,22,63.7,melissa.lopez@company.com,(948) 494-2754,Active
EMP048502,Amanda,Lopez,Amanda Lopez,49,Finance,Specialist,Seattle,99906.75,3497.47,2021-06-13,23,82.8,amanda.lopez@company.com,(257) 977-7635,Inactive
EMP048503,Ashley,Anderson,Ashley Anderson,24,Finance,Coordinator,Seattle,46651.68,4659.43,2024-12-13,0,82.3,ashley.anderson@company.com,(745) 980-9832,Active
EMP048504,John,Brown,John Brown,51,Sales,Specialist,Miami,77466.01,11284.78,2020-03-27,26,85.8,john.brown@company.com,(211) 844-3935,Active
EMP048505,Nicole,Brown,Nicole Brown,42,HR,Senior Developer,San Francisco,91562.29,2286.39,2024-03-29,20,47.3,nicole.brown@company.com,(307) 389-8312,Active
EMP048506,Ashley,Brown,Ashley Brown,63,Engineering,Associate,Seattle,119533.31,7740.0,2024-03-06,40,75.0,ashley.brown@company.com,(779) 609-9807,Active
EMP048507,Jane,Brown,Jane Brown,29,IT,Analyst,San Francisco,57414.4,0.0,2022-07-26,4,97.7,jane.brown@company.com,(380) 692-8126,Active
EMP048508,Daniel,Williams,Daniel Williams,22,Finance,Manager,Los Angeles,59733.15,10033.29,2021-09-23,0,70.7,daniel.williams@company.com,(794) 767-1831,Active
EMP048509,Amanda,Johnson,Amanda Johnson,40,Marketing,Senior Developer,Seattle,55542.68,11425.83,2024-09-20,18,53.1,amanda.johnson@company.com,(687) 221-8698,Active
EMP048510,Melissa,Rodriguez,Melissa Rodriguez,44,Finance,Specialist,Chicago,102939.86,12404.44,2024-11-03,22,85.9,melissa.rodriguez@company.com,(897) 900-6526,Active
EMP048511,Ashley,Davis,Ashley Davis,54,Operations,Coordinator,San Francisco,54040.28,9381.15,2020-12-18,29,93.9,ashley.davis@company.com,(227) 439-4235,Active
EMP048512,Lisa,Martin,Lisa Martin,33,Legal,Coordinator,New York,63027.87,4305.15,2023-01-04,8,79.2,lisa.martin@company.com,(498) 234-9922,Active
EMP048513,Christopher,Wilson,Christopher Wilson,62,Legal,Lead,Austin,89950.48,15676.37,2020-05-10,33,96.8,christopher.wilson@company.com,(624) 329-9329,On Leave
EMP048514,Emily,Williams,Emily Williams,39,HR,Specialist,Chicago,46196.67,7789.93,2020-07-21,12,100.0,emily.williams@company.com,(336) 574-1116,Active
EMP048515,Ashley,Taylor,Ashley Taylor,50,Legal,Associate,Seattle,69617.08,10338.81,2022-07-24,24,56.9,ashley.taylor@company.com,(995) 481-3166,Active
EMP048516,Ashley,Garcia,Ashley Garcia,43,Sales,Manager,Boston,88220.61,7313.78,2020-05-16,14,90.5,ashley.garcia@company.com,(461) 301-5124,Active
EMP048517,Ashley,Wilson,Ashley Wilson,23,Finance,Senior Developer,Boston,64268.72,3283.67,2024-09-30,0,75.5,ashley.wilson@company.com,(411) 352-8625,Active
EMP048518,James,Moore,James Moore,56,Legal,Manager,Austin,112168.58,21828.06,2020-11-28,29,70.4,james.moore@company.com,(237) 602-3038,Active
EMP048519,Christopher,Davis,Christopher Davis,28,IT,Coordinator,Seattle,73195.29,9058.25,2021-10-08,1,68.4,christopher.davis@company.com,(242) 936-9660,Active
EMP048520,Stephanie,Davis,Stephanie Davis,43,Legal,Senior Developer,San Francisco,101734.88,9896.45,2022-10-27,20,63.8,stephanie.davis@company.com,(325) 892-9714,Active
EMP048521,Daniel,Johnson,Daniel Johnson,37,Finance,Manager,Boston,84105.03,8087.77,2021-07-27,14,92.8,daniel.johnson@company.com,(533) 864-7801,Active
EMP048522,Robert,Moore,Robert Moore,61,IT,Lead,New York,107287.55,1530.88,2022-09-15,34,76.5,robert.moore@company.com,(402) 671-4134,Active
EMP048523,Daniel,Jones,Daniel Jones,33,HR,Senior Developer,Boston,79144.23,1815.63,2020-08-15,6,83.5,daniel.jones@company.com,(613) 387-7633,Active
EMP048524,Emily,Jackson,Emily Jackson,32,HR,Analyst,Boston,43663.0,6547.1,2021-03-22,7,78.1,emily.jackson@company.com,(699) 240-1511,Active
EMP048525,Sarah,Anderson,Sarah Anderson,49,Finance,Senior Developer,Austin,92274.02,772.47,2022-05-12,21,81.0,sarah.anderson@company.com,(419) 558-4756,Active
EMP048526,Stephanie,Miller,Stephanie Miller,59,Sales,Analyst,New York,77885.37,5079.55,2024-06-03,33,86.0,stephanie.miller@company.com,(214) 909-7100,Active
EMP048527,William,Johnson,William Johnson,53,Legal,Manager,Boston,132403.81,13173.7,2024-03-12,24,93.2,william.johnson@company.com,(642) 665-4974,Active
EMP048528,Amanda,Garcia,Amanda Garcia,33,Operations,Analyst,Seattle,39904.8,4663.99,2021-08-02,5,93.0,amanda.garcia@company.com,(535) 385-7399,Active
EMP048529,Lisa,Williams,Lisa Williams,40,Finance,Manager,Miami,63951.87,8547.23,2022-06-21,18,69.6,lisa.williams@company.com,(442) 773-7892,Active
EMP048530,Nicole,Martinez,Nicole Martinez,30,Engineering,Lead,New York,113832.29,9508.89,2020-10-30,4,71.4,nicole.martinez@company.com,(897) 729-8315,Active
EMP048531,John,Anderson,John Anderson,26,HR,Associate,Boston,62880.18,8828.08,2023-11-01,0,66.2,john.anderson@company.com,(446) 726-6501,Active
EMP048532,Lisa,Thomas,Lisa Thomas,43,IT,Specialist,Miami,117050.64,23082.93,2024-07-18,20,58.0,lisa.thomas@company.com,(768) 624-5861,Active
EMP048533,Daniel,Hernandez,Daniel Hernandez,42,IT,Associate,Chicago,104431.94,6426.06,2024-07-24,15,58.9,daniel.hernandez@company.com,(345) 384-8548,Active
EMP048534,John,Taylor,John Taylor,61,HR,Analyst,New York,71544.98,10804.42,2022-03-05,33,82.6,john.taylor@company.com,(399) 684-5882,Active
EMP048535,Sarah,Anderson,Sarah Anderson,63,Operations,Analyst,Seattle,84444.34,0.0,2021-10-29,38,74.0,sarah.anderson@company.com,(560) 988-3797,Active
EMP048536,Christopher,Brown,Christopher Brown,23,Marketing,Senior Developer,Boston,49195.07,3260.61,2022-12-02,0,61.8,christopher.brown@company.com,(828) 487-9065,Inactive
EMP048537,Jane,Miller,Jane Miller,40,Legal,Director,Los Angeles,85181.26,14650.91,2024-05-09,17,59.4,jane.miller@company.com,(418) 687-2222,Active
EMP048538,William,Rodriguez,William Rodriguez,38,IT,Analyst,Seattle,78267.68,7628.7,2022-10-03,16,59.2,william.rodriguez@company.com,(283) 532-7980,Active
EMP048539,Melissa,Miller,Melissa Miller,56,Operations,Lead,Austin,80894.86,9577.42,2024-11-22,30,57.8,melissa.miller@company.com,(400) 960-3125,Active
EMP048540,Nicole,Martin,Nicole Martin,52,IT,Manager,Seattle,64774.08,3949.09,2023-10-18,25,35.4,nicole.martin@company.com,(630) 877-7353,Active
EMP048541,Christopher,Jones,Christopher Jones,58,Finance,Senior Developer,New York,86307.77,0.0,2022-05-10,35,80.6,christopher.jones@company.com,(657) 395-8301,Active
EMP048542,John,Martin,John Martin,57,HR,Lead,Chicago,74280.17,10321.84,2022-05-13,30,82.4,john.martin@company.com,(309) 545-1107,Active
EMP048543,John,Anderson,John Anderson,61,Legal,Lead,New York,80935.7,3771.99,2023-08-23,34,62.6,john.anderson@company.com,(967) 559-9156,Active
EMP048544,James,Williams,James Williams,54,Operations,Associate,New York,57022.37,6574.96,2022-02-04,25,64.5,james.williams@company.com,(984) 667-3855,Active
EMP048545,Jane,Martinez,Jane Martinez,58,Finance,Lead,Seattle,111545.93,10880.49,2023-08-22,29,69.1,jane.martinez@company.com,(557) 600-4290,Active
EMP048546,James,Martin,James Martin,64,Sales,Associate,Los Angeles,82379.6,6374.27,2023-03-03,37,92.0,james.martin@company.com,(534) 587-8720,Active
EMP048547,William,Thomas,William Thomas,50,Operations,Director,Los Angeles,69959.46,7284.48,2021-09-28,23,49.7,william.thomas@company.com,(950) 372-4825,Active
EMP048548,John,Anderson,John Anderson,45,Finance,Manager,Los Angeles,64466.67,9902.36,2020-06-14,16,55.6,john.anderson@company.com,(470) 321-4099,Active
EMP048549,Nicole,Davis,Nicole Davis,39,IT,Senior Developer,Austin,65275.52,5404.0,2022-06-16,16,69.3,nicole.davis@company.com,(604) 797-8866,Active
EMP048550,William,Wilson,William Wilson,42,HR,Analyst,New York,77169.47,9905.86,2022-01-12,18,75.8,william.wilson@company.com,(232) 734-3966,Active
EMP048551,Jessica,Martinez,Jessica Martinez,38,Legal,Manager,Seattle,121948.1,6811.79,2023-09-20,14,77.8,jessica.martinez@company.com,(649) 842-9828,Active
EMP048552,Ashley,Smith,Ashley Smith,48,Operations,Specialist,Miami,47220.17,1357.58,2024-09-16,25,82.6,ashley.smith@company.com,(289) 383-6029,Active
EMP048553,Jane,Garcia,Jane Garcia,34,IT,Director,Miami,84749.0,7409.94,2024-06-10,11,58.8,jane.garcia@company.com,(966) 735-4008,Active
EMP048554,Sarah,Davis,Sarah Davis,31,Marketing,Director,Los Angeles,82786.02,10730.24,2021-03-25,4,36.0,sarah.davis@company.com,(439) 925-8462,Active
EMP048555,Robert,Garcia,Robert Garcia,27,IT,Associate,Boston,70773.94,8769.93,2024-09-08,0,73.6,robert.garcia@company.com,(833) 954-3502,Active
EMP048556,Jane,Wilson,Jane Wilson,58,Finance,Manager,Los Angeles,108429.37,17148.53,2024-03-07,31,56.5,jane.wilson@company.com,(618) 568-9828,Active
EMP048557,David,Johnson,David Johnson,41,Legal,Coordinator,Seattle,73983.36,3465.93,2022-08-13,18,58.2,david.johnson@company.com,(604) 357-8147,Active
EMP048558,Michael,Lopez,Michael Lopez,41,Engineering,Director,New York,71749.33,6509.06,2021-06-28,18,92.1,michael.lopez@company.com,(383) 883-2080,Active
EMP048559,Ashley,Martin,Ashley Martin,30,Operations,Senior Developer,San Francisco,50475.3,5744.54,2022-11-25,2,54.8,ashley.martin@company.com,(216) 618-6931,Active
EMP048560,Robert,Brown,Robert Brown,51,Finance,Director,New York,100401.57,18363.53,2021-02-05,25,90.6,robert.brown@company.com,(800) 348-7906,Active
EMP048561,Jessica,Thomas,Jessica Thomas,24,Sales,Specialist,San Francisco,55416.22,5155.74,2021-05-02,0,58.9,jessica.thomas@company.com,(504) 331-4037,Active
EMP048562,Anthony,Jones,Anthony Jones,57,Operations,Senior Developer,New York,85840.2,10775.35,2022-05-05,33,70.1,anthony.jones@company.com,(381) 578-7214,On Leave
EMP048563,Anthony,Jackson,Anthony Jackson,57,Finance,Specialist,Los Angeles,77042.58,12490.7,2024-04-22,32,48.5,anthony.jackson@company.com,(624) 503-4421,Active
EMP048564,Matthew,Rodriguez,Matthew Rodriguez,41,Finance,Lead,Seattle,85660.13,5601.16,2024-06-15,13,78.9,matthew.rodriguez@company.com,(330) 493-1335,Active
EMP048565,Jessica,Smith,Jessica Smith,52,Operations,Senior Developer,Miami,59828.21,6549.61,2024-06-07,25,86.9,jessica.smith@company.com,(368) 254-4110,Active
EMP048566,Lisa,Taylor,Lisa Taylor,23,Engineering,Senior Developer,Los Angeles,92605.67,7165.09,2024-12-02,0,71.9,lisa.taylor@company.com,(924) 927-9055,Active
EMP048567,Stephanie,Moore,Stephanie Moore,55,Operations,Senior Developer,Chicago,52704.03,4737.93,2020-03-07,29,80.4,stephanie.moore@company.com,(860) 762-6971,Active
EMP048568,David,Lopez,David Lopez,29,Operations,Coordinator,Boston,77085.79,4301.61,2021-08-21,1,88.3,david.lopez@company.com,(995) 761-5041,Active
EMP048569,William,Rodriguez,William Rodriguez,54,Marketing,Director,Seattle,103228.16,6608.43,2021-06-06,26,70.5,william.rodriguez@company.com,(638) 568-3685,Active
EMP048570,Lisa,Miller,Lisa Miller,54,Operations,Manager,San Francisco,95774.75,12350.43,2022-03-24,32,89.9,lisa.miller@company.com,(838) 703-5994,Active
EMP048571,Daniel,Rodriguez,Daniel Rodriguez,40,Finance,Associate,Los Angeles,89288.17,10424.43,2020-05-27,13,74.7,daniel.rodriguez@company.com,(802) 911-7177,Active
EMP048572,Robert,Thomas,Robert Thomas,39,HR,Associate,New York,42569.64,7690.97,2024-10-25,16,86.8,robert.thomas@company.com,(381) 276-1242,Active
EMP048573,Amanda,Martin,Amanda Martin,29,Legal,Specialist,Chicago,90995.79,1227.46,2021-05-06,7,74.8,amanda.martin@company.com,(735) 670-7803,Active
EMP048574,Lisa,Martinez,Lisa Martinez,37,Operations,Specialist,San Francisco,58286.39,4028.21,2022-05-09,8,77.9,lisa.martinez@company.com,(609) 638-9497,Active
EMP048575,Robert,Miller,Robert Miller,24,IT,Senior Developer,Chicago,115032.03,11209.85,2023-01-27,0,75.8,robert.miller@company.com,(771) 341-5788,Active
EMP048576,Christopher,Lopez,Christopher Lopez,54,Legal,Specialist,Austin,123279.84,10166.83,2023-05-14,31,98.7,christopher.lopez@company.com,(922) 326-3073,Active
EMP048577,Ashley,Williams,Ashley Williams,54,Sales,Director,Boston,82448.6,6213.2,2024-07-04,29,86.0,ashley.williams@company.com,(320) 246-1173,Active
EMP048578,Melissa,Martinez,Melissa Martinez,37,Sales,Analyst,Boston,87223.52,0.0,2020-07-29,11,60.4,melissa.martinez@company.com,(849) 277-8978,Inactive
EMP048579,Emily,Miller,Emily Miller,26,IT,Coordinator,Austin,87386.72,7325.31,2020-05-01,3,67.6,emily.miller@company.com,(281) 207-6140,Inactive
EMP048580,Stephanie,Wilson,Stephanie Wilson,41,Sales,Coordinator,Miami,83497.97,5444.46,2024-03-16,18,43.8,stephanie.wilson@company.com,(246) 214-4972,Active
EMP048581,James,Williams,James Williams,59,Sales,Analyst,San Francisco,72104.26,8041.91,2023-01-30,35,86.9,james.williams@company.com,(867) 795-7423,Active
EMP048582,Amanda,Wilson,Amanda Wilson,64,HR,Director,Miami,64403.12,1536.08,2020-03-17,41,67.2,amanda.wilson@company.com,(819) 449-8239,Inactive
EMP048583,David,Hernandez,David Hernandez,33,Marketing,Specialist,Seattle,28500.0,2937.92,2022-06-09,6,67.7,david.hernandez@company.com,(444) 250-8263,Active
EMP048584,Stephanie,Thomas,Stephanie Thomas,52,Operations,Manager,Austin,76115.17,2204.6,2022-02-01,28,87.3,stephanie.thomas@company.com,(342) 237-3708,Active
EMP048585,Anthony,Martinez,Anthony Martinez,22,Operations,Director,San Francisco,65069.12,6220.51,2024-09-29,0,82.6,anthony.martinez@company.com,(248) 395-8509,Active
EMP048586,Matthew,Taylor,Matthew Taylor,37,Legal,Associate,Chicago,96316.22,15167.77,2024-10-20,12,80.4,matthew.taylor@company.com,(734) 447-4785,Active
EMP048587,Jessica,Jones,Jessica Jones,57,HR,Director,Chicago,43388.97,2914.81,2022-12-12,31,84.7,jessica.jones@company.com,(352) 339-8807,Active
EMP048588,Stephanie,Hernandez,Stephanie Hernandez,65,Finance,Specialist,San Francisco,113476.42,9311.86,2021-03-11,36,57.5,stephanie.hernandez@company.com,(490) 708-1718,Active
EMP048589,Melissa,Martin,Melissa Martin,35,Engineering,Lead,Chicago,82650.25,8971.37,2021-09-04,10,96.8,melissa.martin@company.com,(901) 884-1831,Inactive
EMP048590,John,Rodriguez,John Rodriguez,58,Sales,Coordinator,Boston,78637.88,7979.13,2022-09-14,35,74.2,john.rodriguez@company.com,(598) 249-7979,Active
EMP048591,John,Martinez,John Martinez,36,Operations,Senior Developer,Boston,42277.93,1559.03,2022-07-08,12,84.1,john.martinez@company.com,(572) 780-7516,Inactive
EMP048592,Jessica,Davis,Jessica Davis,37,Finance,Analyst,Miami,96846.21,15064.22,2020-09-23,10,79.6,jessica.davis@company.com,(506) 500-9858,Active
EMP048593,Emily,Jones,Emily Jones,47,Operations,Lead,Austin,44765.86,2783.78,2022-03-27,25,100.0,emily.jones@company.com,(953) 565-3995,Active
EMP048594,Ashley,Rodriguez,Ashley Rodriguez,31,Finance,Senior Developer,New York,71615.57,9305.06,2022-05-14,9,76.2,ashley.rodriguez@company.com,(770) 722-8572,Active
EMP048595,Daniel,Gonzalez,Daniel Gonzalez,62,Operations,Director,Los Angeles,94156.44,6556.86,2022-11-18,40,92.0,daniel.gonzalez@company.com,(557) 982-3772,Active
EMP048596,Stephanie,Jackson,Stephanie Jackson,35,Operations,Senior Developer,New York,56033.4,717.27,2021-02-12,12,85.0,stephanie.jackson@company.com,(245) 752-7689,Active
EMP048597,John,Wilson,John Wilson,22,IT,Manager,Seattle,89837.63,1994.55,2023-03-18,0,85.0,john.wilson@company.com,(959) 532-2782,Active
EMP048598,Matthew,Miller,Matthew Miller,63,Legal,Manager,Boston,131509.41,27575.13,2020-07-15,35,97.7,matthew.miller@company.com,(441) 390-6164,Active
EMP048599,Matthew,Johnson,Matthew Johnson,63,Sales,Specialist,Boston,91909.78,3985.62,2022-01-04,35,79.7,matthew.johnson@company.com,(979) 687-7150,Active
EMP048600,Stephanie,Smith,Stephanie Smith,54,Sales,Manager,Miami,54656.65,3063.86,2024-03-27,32,74.3,stephanie.smith@company.com,(874) 939-7053,Active
EMP048601,William,Martinez,William Martinez,64,Legal,Analyst,Miami,98171.01,9393.85,2024-03-31,36,100.0,william.martinez@company.com,(245) 607-1619,Active
EMP048602,Amanda,Brown,Amanda Brown,35,Marketing,Manager,Los Angeles,77410.02,14388.32,2021-01-17,9,82.3,amanda.brown@company.com,(743) 309-5798,Active
EMP048603,Amanda,Rodriguez,Amanda Rodriguez,45,Marketing,Coordinator,San Francisco,68754.53,4967.68,2020-03-11,19,56.8,amanda.rodriguez@company.com,(292) 635-9737,Active
EMP048604,Michael,Martinez,Michael Martinez,39,IT,Analyst,Boston,85401.28,5409.69,2020-08-25,12,65.9,michael.martinez@company.com,(399) 248-1454,Active
EMP048605,John,Miller,John Miller,59,IT,Coordinator,Seattle,122720.26,2314.6,2021-05-31,30,63.0,john.miller@company.com,(271) 880-8237,Active
EMP048606,Jane,Anderson,Jane Anderson,51,Engineering,Lead,Chicago,74407.88,9849.8,2022-12-03,29,70.1,jane.anderson@company.com,(986) 211-6722,Active
EMP048607,Amanda,Anderson,Amanda Anderson,43,Marketing,Senior Developer,Austin,73516.22,0.0,2023-09-22,14,79.5,amanda.anderson@company.com,(745) 417-3733,Active
EMP048608,Matthew,Hernandez,Matthew Hernandez,61,Finance,Specialist,Miami,115200.74,13192.37,2023-03-30,38,74.8,matthew.hernandez@company.com,(680) 552-6647,Active
EMP048609,William,Moore,William Moore,58,Marketing,Manager,Miami,72634.1,7983.24,2022-03-09,30,67.9,william.moore@company.com,(988) 488-1528,On Leave
EMP048610,Amanda,Williams,Amanda Williams,46,Finance,Associate,Los Angeles,69485.71,6500.67,2024-01-14,17,78.4,amanda.williams@company.com,(308) 959-3561,Active
EMP048611,William,Rodriguez,William Rodriguez,41,Operations,Coordinator,Miami,63657.78,3667.55,2020-10-14,15,68.4,william.rodriguez@company.com,(473) 278-5242,Active
EMP048612,Nicole,Williams,Nicole Williams,54,Legal,Lead,Los Angeles,124302.25,3027.05,2024-12-08,32,72.1,nicole.williams@company.com,(219) 229-2679,Active
EMP048613,John,Jackson,John Jackson,28,IT,Analyst,Boston,101671.36,15307.47,2020-05-25,1,66.5,john.jackson@company.com,(797) 302-6839,Active
EMP048614,Nicole,Lopez,Nicole Lopez,64,HR,Senior Developer,San Francisco,108510.4,4162.87,2023-12-01,37,62.9,nicole.lopez@company.com,(459) 286-6728,Active
EMP048615,Stephanie,Moore,Stephanie Moore,45,IT,Specialist,Chicago,89128.37,9002.64,2020-09-20,16,41.3,stephanie.moore@company.com,(853) 632-9907,Active
EMP048616,Daniel,Thomas,Daniel Thomas,37,Sales,Associate,Seattle,70954.24,7418.25,2021-04-01,11,47.4,daniel.thomas@company.com,(279) 255-2829,On Leave
EMP048617,Sarah,Davis,Sarah Davis,62,Engineering,Manager,San Francisco,128287.57,21178.65,2022-06-14,38,56.8,sarah.davis@company.com,(278) 483-3848,Active
EMP048618,Nicole,Wilson,Nicole Wilson,31,Legal,Manager,Seattle,71270.78,12594.12,2021-03-27,9,45.0,nicole.wilson@company.com,(364) 911-5057,Active
EMP048619,David,Thomas,David Thomas,27,Legal,Manager,Austin,93692.94,8576.61,2020-03-03,2,85.7,david.thomas@company.com,(259) 351-3520,Active
EMP048620,Jane,Williams,Jane Williams,28,Marketing,Lead,Boston,51438.84,6149.01,2021-04-02,1,76.2,jane.williams@company.com,(343) 778-7656,Active
EMP048621,David,Thomas,David Thomas,55,Legal,Analyst,Boston,96469.62,11332.91,2020-01-03,27,73.3,david.thomas@company.com,(273) 905-6968,Active
EMP048622,James,Wilson,James Wilson,51,IT,Director,San Francisco,104562.87,20649.92,2021-04-19,26,79.9,james.wilson@company.com,(721) 666-2284,Inactive
EMP048623,Melissa,Martinez,Melissa Martinez,26,IT,Associate,New York,110794.73,12555.51,2024-08-02,0,83.9,melissa.martinez@company.com,(824) 591-2245,Active
EMP048624,Robert,Hernandez,Robert Hernandez,65,Legal,Senior Developer,Austin,111135.69,0.0,2021-11-05,41,80.2,robert.hernandez@company.com,(394) 200-3583,Inactive
EMP048625,Lisa,Williams,Lisa Williams,28,Sales,Associate,Seattle,67777.98,1069.13,2024-09-25,6,68.3,lisa.williams@company.com,(912) 565-8911,Active
EMP048626,James,Lopez,James Lopez,49,IT,Manager,Miami,68603.03,5662.01,2022-11-17,21,77.7,james.lopez@company.com,(587) 755-8667,Active
EMP048627,Robert,Martinez,Robert Martinez,35,Engineering,Associate,Boston,67407.94,2116.06,2020-09-15,9,75.9,robert.martinez@company.com,(694) 681-3633,Inactive
EMP048628,William,Martin,William Martin,22,Marketing,Senior Developer,Seattle,58545.99,4669.72,2021-12-31,0,53.5,william.martin@company.com,(445) 335-3275,On Leave
EMP048629,Amanda,Martin,Amanda Martin,58,Operations,Specialist,Miami,64960.35,4083.17,2023-12-11,29,63.7,amanda.martin@company.com,(294) 374-3087,Active
EMP048630,Robert,Wilson,Robert Wilson,57,Marketing,Lead,Los Angeles,92187.9,9728.49,2022-01-09,33,84.3,robert.wilson@company.com,(781) 900-4520,On Leave
EMP048631,Christopher,Rodriguez,Christopher Rodriguez,28,Engineering,Associate,San Francisco,80833.07,8216.97,2024-09-22,6,46.4,christopher.rodriguez@company.com,(736) 626-3720,Active
EMP048632,Jane,Thomas,Jane Thomas,22,Sales,Lead,Chicago,62972.55,8984.3,2020-09-24,0,69.2,jane.thomas@company.com,(200) 222-9320,Active
EMP048633,Lisa,Jones,Lisa Jones,46,Operations,Analyst,Chicago,56643.19,7151.08,2020-01-06,19,73.2,lisa.jones@company.com,(340) 279-3296,Active
EMP048634,Jessica,Martinez,Jessica Martinez,40,Legal,Associate,Boston,92008.02,11808.56,2022-07-02,15,59.9,jessica.martinez@company.com,(574) 254-9743,Active
EMP048635,Stephanie,Gonzalez,Stephanie Gonzalez,65,Operations,Coordinator,San Francisco,81591.71,5066.29,2024-11-28,40,100.0,stephanie.gonzalez@company.com,(219) 220-7799,Active
EMP048636,Jessica,Smith,Jessica Smith,32,Operations,Coordinator,Seattle,62041.68,4852.93,2023-04-27,7,94.9,jessica.smith@company.com,(459) 990-1030,Inactive
EMP048637,William,Miller,William Miller,52,Finance,Analyst,San Francisco,91203.42,15683.75,2024-03-12,29,100.0,william.miller@company.com,(288) 884-3026,Active
EMP048638,Nicole,Brown,Nicole Brown,56,Marketing,Specialist,Seattle,82142.57,6551.13,2022-06-28,34,82.1,nicole.brown@company.com,(481) 567-9100,Active
EMP048639,William,Martinez,William Martinez,40,IT,Lead,Chicago,108085.98,10927.12,2020-02-11,18,71.1,william.martinez@company.com,(204) 257-7233,Active
EMP048640,Robert,Lopez,Robert Lopez,46,Sales,Coordinator,Chicago,61725.38,8637.51,2024-02-01,24,76.3,robert.lopez@company.com,(907) 924-9458,Active
EMP048641,Matthew,Martinez,Matthew Martinez,39,Marketing,Director,Chicago,51024.23,3674.02,2022-11-16,17,82.8,matthew.martinez@company.com,(570) 494-5842,Active
EMP048642,Nicole,Martin,Nicole Martin,41,Legal,Manager,Miami,92969.8,5027.6,2023-04-06,17,72.3,nicole.martin@company.com,(864) 750-7892,Active
EMP048643,David,Moore,David Moore,35,IT,Lead,San Francisco,88952.74,9767.99,2021-10-27,9,73.1,david.moore@company.com,(574) 638-8998,Active
EMP048644,David,Johnson,David Johnson,53,Marketing,Associate,New York,59855.33,3319.58,2023-08-16,31,74.9,david.johnson@company.com,(328) 392-3256,On Leave
EMP048645,Stephanie,Hernandez,Stephanie Hernandez,48,HR,Analyst,Seattle,88466.85,8608.04,2021-05-16,21,75.5,stephanie.hernandez@company.com,(875) 765-9809,Active
EMP048646,Jane,Thomas,Jane Thomas,64,HR,Specialist,Los Angeles,115409.04,5853.78,2021-10-14,41,92.6,jane.thomas@company.com,(626) 705-8539,Active
EMP048647,Robert,Jackson,Robert Jackson,49,Finance,Manager,Austin,84983.43,2537.98,2023-11-22,25,59.8,robert.jackson@company.com,(377) 730-2517,Active
EMP048648,Daniel,Jackson,Daniel Jackson,25,Legal,Specialist,Austin,62788.65,9974.64,2023-10-01,0,85.9,daniel.jackson@company.com,(954) 652-4303,Active
EMP048649,Melissa,Rodriguez,Melissa Rodriguez,29,Sales,Coordinator,Boston,66815.73,4617.89,2020-08-05,5,79.0,melissa.rodriguez@company.com,(324) 793-2764,Active
EMP048650,Nicole,Miller,Nicole Miller,33,Marketing,Lead,New York,86662.93,330.82,2022-01-11,4,60.1,nicole.miller@company.com,(251) 985-5848,Active
EMP048651,Emily,Williams,Emily Williams,51,Engineering,Director,San Francisco,98673.85,11984.97,2023-09-26,25,75.9,emily.williams@company.com,(642) 564-6186,Inactive
EMP048652,James,Miller,James Miller,28,Operations,Director,Miami,41056.56,1684.47,2024-12-19,3,56.9,james.miller@company.com,(568) 212-2023,Active
EMP048653,Emily,Smith,Emily Smith,46,IT,Associate,San Francisco,91763.11,7299.38,2021-07-06,19,79.5,emily.smith@company.com,(570) 597-9385,Active
EMP048654,David,Davis,David Davis,43,Sales,Director,Austin,90769.98,7247.22,2022-09-05,19,80.8,david.davis@company.com,(373) 397-2081,Active
EMP048655,Anthony,Rodriguez,Anthony Rodriguez,53,Marketing,Analyst,Boston,95365.45,7633.09,2020-07-12,27,86.5,anthony.rodriguez@company.com,(363) 739-4662,Active
EMP048656,Sarah,Brown,Sarah Brown,54,Sales,Coordinator,Seattle,117870.07,8433.95,2020-03-03,27,91.8,sarah.brown@company.com,(634) 735-6866,Active
EMP048657,William,Garcia,William Garcia,54,HR,Lead,Seattle,78045.47,7598.0,2023-03-15,26,100.0,william.garcia@company.com,(905) 601-3553,Active
EMP048658,Matthew,Hernandez,Matthew Hernandez,59,Finance,Director,Los Angeles,95037.03,8542.12,2023-10-08,36,56.8,matthew.hernandez@company.com,(924) 856-2963,Inactive
EMP048659,Michael,Martin,Michael Martin,58,Marketing,Analyst,Los Angeles,80901.56,7758.19,2023-07-14,32,83.8,michael.martin@company.com,(310) 577-8564,Active
EMP048660,Jane,Smith,Jane Smith,60,Sales,Manager,Chicago,71281.38,8909.13,2021-03-03,38,76.9,jane.smith@company.com,(613) 929-1107,On Leave
EMP048661,Emily,Brown,Emily Brown,32,Legal,Lead,Miami,65184.06,1087.05,2024-03-17,5,85.2,emily.brown@company.com,(917) 399-2251,Active
EMP048662,Amanda,Garcia,Amanda Garcia,24,Sales,Lead,Los Angeles,41882.66,3315.12,2021-06-17,2,85.4,amanda.garcia@company.com,(867) 421-9125,Active
EMP048663,Sarah,Moore,Sarah Moore,53,Finance,Senior Developer,New York,94431.7,9633.64,2020-02-01,30,100.0,sarah.moore@company.com,(748) 626-4752,Active
EMP048664,David,Rodriguez,David Rodriguez,34,Marketing,Lead,Miami,46519.43,5556.3,2023-09-14,8,63.3,david.rodriguez@company.com,(201) 506-6430,Active
EMP048665,William,Martinez,William Martinez,58,Legal,Specialist,Los Angeles,105159.34,0.0,2020-04-27,32,75.8,william.martinez@company.com,(514) 337-4553,Active
EMP048666,Nicole,Garcia,Nicole Garcia,34,IT,Specialist,Miami,75139.15,7749.13,2021-10-22,8,71.4,nicole.garcia@company.com,(229) 257-2202,Active
EMP048667,Matthew,Taylor,Matthew Taylor,25,Marketing,Senior Developer,Austin,74762.92,13673.47,2024-10-11,0,68.8,matthew.taylor@company.com,(245) 796-2593,Active
EMP048668,Daniel,Anderson,Daniel Anderson,32,Engineering,Director,Los Angeles,98618.91,302.6,2022-01-21,5,47.5,daniel.anderson@company.com,(822) 681-9956,Active
EMP048669,Michael,Brown,Michael Brown,45,Finance,Manager,Los Angeles,82365.4,13453.13,2024-10-21,23,84.6,michael.brown@company.com,(724) 802-1598,Active
EMP048670,Stephanie,Smith,Stephanie Smith,43,Legal,Manager,Seattle,82851.22,7244.93,2022-03-15,15,76.6,stephanie.smith@company.com,(742) 971-9926,Inactive
EMP048671,William,Anderson,William Anderson,25,HR,Analyst,Boston,60027.58,6765.42,2022-04-22,0,73.9,william.anderson@company.com,(650) 797-8367,Active
EMP048672,Anthony,Smith,Anthony Smith,44,IT,Senior Developer,Chicago,104096.8,3510.38,2021-06-02,15,74.3,anthony.smith@company.com,(771) 967-7839,Active
EMP048673,Emily,Hernandez,Emily Hernandez,37,IT,Manager,Miami,104618.6,7899.36,2023-11-02,15,53.4,emily.hernandez@company.com,(877) 463-8980,Active
EMP048674,Christopher,Thomas,Christopher Thomas,26,HR,Lead,Seattle,27000.0,2624.05,2020-12-24,1,72.2,christopher.thomas@company.com,(673) 415-8737,Active
EMP048675,Emily,Lopez,Emily Lopez,40,Marketing,Coordinator,Seattle,73058.41,6709.77,2022-04-19,11,65.6,emily.lopez@company.com,(707) 910-5087,Active
EMP048676,William,Brown,William Brown,62,Operations,Coordinator,New York,87530.12,5610.95,2024-05-13,38,65.3,william.brown@company.com,(858) 305-1260,On Leave
EMP048677,Ashley,Smith,Ashley Smith,56,Legal,Specialist,Boston,86040.81,3319.94,2024-02-18,34,70.1,ashley.smith@company.com,(871) 854-7691,Active
EMP048678,Matthew,Williams,Matthew Williams,45,Finance,Associate,New York,77090.31,10429.9,2020-06-21,23,61.9,matthew.williams@company.com,(384) 259-9600,Active
EMP048679,Anthony,Moore,Anthony Moore,59,Engineering,Director,Los Angeles,108490.24,10680.53,2023-04-26,31,100.0,anthony.moore@company.com,(244) 752-7031,Active
EMP048680,Matthew,Hernandez,Matthew Hernandez,50,Sales,Lead,New York,42013.25,7095.89,2023-03-31,28,62.1,matthew.hernandez@company.com,(887) 371-9804,Active
EMP048681,Anthony,Wilson,Anthony Wilson,57,Sales,Coordinator,San Francisco,96538.4,11437.33,2022-08-22,35,65.8,anthony.wilson@company.com,(979) 380-6414,Active
EMP048682,John,Anderson,John Anderson,42,HR,Specialist,Austin,59388.17,4136.15,2024-12-17,20,83.4,john.anderson@company.com,(544) 828-1274,Active
EMP048683,Christopher,Taylor,Christopher Taylor,30,Sales,Analyst,New York,83125.21,7694.03,2022-04-04,1,85.2,christopher.taylor@company.com,(789) 861-1426,Inactive
EMP048684,John,Lopez,John Lopez,32,IT,Manager,Boston,96648.28,3242.18,2022-05-08,9,86.5,john.lopez@company.com,(939) 561-7670,Active
EMP048685,Ashley,Martin,Ashley Martin,61,Engineering,Manager,San Francisco,121026.31,7957.99,2023-01-02,36,56.8,ashley.martin@company.com,(352) 786-6567,Active
EMP048686,Lisa,Williams,Lisa Williams,30,Operations,Director,San Francisco,62638.91,7546.48,2021-09-10,5,65.9,lisa.williams@company.com,(929) 569-7906,Active
EMP048687,James,Smith,James Smith,37,Operations,Specialist,Boston,73370.16,4872.72,2020-08-24,13,85.5,james.smith@company.com,(269) 214-1973,Active
EMP048688,James,Johnson,James Johnson,32,Engineering,Specialist,Austin,103665.2,3023.21,2023-09-09,9,81.8,james.johnson@company.com,(498) 391-6926,Active
EMP048689,Jane,Gonzalez,Jane Gonzalez,36,IT,Lead,San Francisco,96035.71,8123.39,2020-11-26,11,50.9,jane.gonzalez@company.com,(736) 473-4025,Active
EMP048690,Christopher,Moore,Christopher Moore,55,Marketing,Director,Miami,66080.82,6531.13,2020-07-12,29,87.7,christopher.moore@company.com,(835) 865-2912,Active
EMP048691,Melissa,Rodriguez,Melissa Rodriguez,36,Finance,Associate,Chicago,69771.6,2278.56,2020-09-10,7,62.9,melissa.rodriguez@company.com,(587) 984-6567,Active
EMP048692,Anthony,Martinez,Anthony Martinez,42,Legal,Analyst,Seattle,88836.38,4969.95,2023-04-15,14,91.4,anthony.martinez@company.com,(490) 315-3414,Inactive
EMP048693,James,Smith,James Smith,47,Sales,Manager,Miami,79136.89,8490.07,2022-11-08,18,72.3,james.smith@company.com,(731) 516-5464,Active
EMP048694,Robert,Wilson,Robert Wilson,40,Finance,Director,Miami,108408.66,1850.5,2022-11-20,11,67.4,robert.wilson@company.com,(559) 606-3847,Inactive
EMP048695,Daniel,Rodriguez,Daniel Rodriguez,55,Legal,Manager,New York,130677.99,10257.42,2020-03-06,26,100.0,daniel.rodriguez@company.com,(383) 278-8291,On Leave
EMP048696,Nicole,Johnson,Nicole Johnson,27,Operations,Coordinator,Boston,43407.61,5743.9,2023-12-04,0,53.4,nicole.johnson@company.com,(365) 967-2050,Active
EMP048697,Ashley,Smith,Ashley Smith,60,Operations,Director,New York,52586.75,3348.04,2020-01-28,35,94.4,ashley.smith@company.com,(906) 553-6382,Active
EMP048698,Daniel,Hernandez,Daniel Hernandez,56,Legal,Senior Developer,New York,112020.25,6100.92,2021-07-25,28,60.4,daniel.hernandez@company.com,(312) 886-3993,Inactive
EMP048699,Matthew,Smith,Matthew Smith,28,Finance,Analyst,Seattle,78276.62,4590.63,2020-12-17,2,76.7,matthew.smith@company.com,(249) 378-9451,Active
EMP048700,Jessica,Brown,Jessica Brown,59,IT,Manager,San Francisco,132093.44,19162.04,2020-12-22,32,84.5,jessica.brown@company.com,(217) 387-4521,Active
EMP048701,Matthew,Thomas,Matthew Thomas,59,Operations,Director,Los Angeles,80884.04,11717.11,2020-06-28,32,100.0,matthew.thomas@company.com,(526) 832-4463,Active
EMP048702,Jane,Johnson,Jane Johnson,63,Marketing,Coordinator,Austin,92671.46,6090.75,2021-03-26,39,80.4,jane.johnson@company.com,(853) 304-1221,Active
EMP048703,Stephanie,Hernandez,Stephanie Hernandez,38,HR,Specialist,Los Angeles,70611.53,5145.91,2020-11-18,13,77.3,stephanie.hernandez@company.com,(842) 354-9004,Active
EMP048704,John,Rodriguez,John Rodriguez,35,Sales,Specialist,San Francisco,69281.44,9741.56,2021-03-20,11,78.4,john.rodriguez@company.com,(573) 403-4875,Active
EMP048705,Michael,Davis,Michael Davis,41,Legal,Senior Developer,New York,69386.94,1610.83,2024-01-15,18,67.6,michael.davis@company.com,(499) 604-5336,Active
EMP048706,Sarah,Moore,Sarah Moore,41,Legal,Analyst,New York,68719.08,13418.93,2022-10-19,13,68.5,sarah.moore@company.com,(910) 287-3133,Active
EMP048707,Stephanie,Smith,Stephanie Smith,56,HR,Associate,Seattle,90215.12,6312.42,2021-05-13,33,92.6,stephanie.smith@company.com,(685) 705-9938,Active
EMP048708,Amanda,Smith,Amanda Smith,50,Sales,Coordinator,San Francisco,83822.63,3913.4,2024-07-22,21,88.9,amanda.smith@company.com,(601) 853-1914,Active
EMP048709,Ashley,Jackson,Ashley Jackson,63,Engineering,Director,Chicago,114441.74,15254.6,2022-05-02,36,89.4,ashley.jackson@company.com,(420) 892-2007,Active
EMP048710,Daniel,Thomas,Daniel Thomas,38,Engineering,Analyst,Los Angeles,112765.42,8061.87,2020-10-10,14,77.9,daniel.thomas@company.com,(902) 950-4589,Active
EMP048711,William,Johnson,William Johnson,59,IT,Specialist,Austin,86383.32,12927.36,2022-07-14,31,89.9,william.johnson@company.com,(412) 363-6040,Active
EMP048712,Christopher,Williams,Christopher Williams,43,IT,Director,Seattle,97944.6,8551.47,2024-12-05,16,91.0,christopher.williams@company.com,(816) 211-2094,Active
EMP048713,Sarah,Hernandez,Sarah Hernandez,51,Engineering,Coordinator,San Francisco,112875.54,8049.8,2024-03-22,27,69.9,sarah.hernandez@company.com,(737) 892-9076,Active
EMP048714,William,Lopez,William Lopez,62,Marketing,Coordinator,Chicago,107704.83,5181.05,2021-05-25,39,99.6,william.lopez@company.com,(350) 334-2597,Active
EMP048715,Sarah,Jones,Sarah Jones,34,Sales,Director,Chicago,48397.51,3290.06,2020-08-14,9,84.6,sarah.jones@company.com,(515) 220-7399,Inactive
EMP048716,Nicole,Rodriguez,Nicole Rodriguez,41,HR,Coordinator,Boston,58181.44,6199.53,2023-04-10,19,67.8,nicole.rodriguez@company.com,(805) 889-8120,Active
EMP048717,David,Jackson,David Jackson,40,Legal,Associate,Chicago,115048.8,6403.95,2024-02-16,13,65.3,david.jackson@company.com,(958) 783-3748,Active
EMP048718,Emily,Taylor,Emily Taylor,57,Sales,Analyst,Austin,89600.84,13416.0,2024-08-15,30,75.7,emily.taylor@company.com,(883) 758-9292,Active
EMP048719,David,Garcia,David Garcia,56,Operations,Senior Developer,Chicago,85357.7,12285.57,2023-02-25,27,75.1,david.garcia@company.com,(813) 932-4438,Active
EMP048720,Emily,Lopez,Emily Lopez,28,Legal,Associate,Boston,46273.95,5964.64,2020-06-01,0,86.5,emily.lopez@company.com,(960) 976-2982,Inactive
EMP048721,Jessica,Garcia,Jessica Garcia,36,IT,Coordinator,Seattle,81876.16,7166.77,2024-01-14,8,53.3,jessica.garcia@company.com,(614) 852-3369,Active
EMP048722,Melissa,Rodriguez,Melissa Rodriguez,58,Sales,Director,Chicago,84892.35,8970.16,2022-05-28,30,71.5,melissa.rodriguez@company.com,(932) 436-2026,Active
EMP048723,Matthew,Williams,Matthew Williams,43,Sales,Associate,Miami,68507.17,5790.3,2021-02-26,14,42.5,matthew.williams@company.com,(869) 885-6742,Active
EMP048724,Nicole,Williams,Nicole Williams,56,Marketing,Manager,San Francisco,90796.16,17936.81,2024-12-12,29,78.5,nicole.williams@company.com,(542) 845-1520,Active
EMP048725,Emily,Gonzalez,Emily Gonzalez,35,Operations,Director,Seattle,50406.92,6155.98,2020-06-24,7,82.8,emily.gonzalez@company.com,(354) 933-6097,Active
EMP048726,Ashley,Jackson,Ashley Jackson,22,IT,Senior Developer,Miami,60590.93,9610.6,2024-05-17,0,79.4,ashley.jackson@company.com,(889) 686-4945,Active
EMP048727,Michael,Moore,Michael Moore,23,IT,Senior Developer,Austin,60671.98,6272.13,2023-10-27,0,95.2,michael.moore@company.com,(204) 250-3337,Active
EMP048728,Anthony,Rodriguez,Anthony Rodriguez,40,Finance,Analyst,San Francisco,47203.09,8161.53,2024-02-01,11,55.8,anthony.rodriguez@company.com,(618) 971-7641,Active
EMP048729,David,Williams,David Williams,59,Legal,Specialist,Seattle,101950.09,8585.42,2023-04-11,37,77.5,david.williams@company.com,(599) 230-4613,Active
EMP048730,Matthew,Johnson,Matthew Johnson,30,HR,Director,Los Angeles,68455.28,2238.15,2023-12-28,1,67.1,matthew.johnson@company.com,(265) 893-2620,On Leave
EMP048731,Michael,Garcia,Michael Garcia,25,Sales,Analyst,Seattle,47992.59,5943.06,2021-03-20,1,83.8,michael.garcia@company.com,(454) 877-6481,Active
EMP048732,David,Jones,David Jones,42,Finance,Specialist,Austin,86237.14,8553.35,2023-02-21,17,75.2,david.jones@company.com,(836) 425-1193,Inactive
EMP048733,Melissa,Miller,Melissa Miller,28,Legal,Manager,San Francisco,105667.37,4215.33,2020-07-27,0,100.0,melissa.miller@company.com,(794) 296-1395,Active
EMP048734,Nicole,Miller,Nicole Miller,48,Legal,Associate,San Francisco,84733.78,4426.22,2021-12-19,22,45.1,nicole.miller@company.com,(604) 665-4424,Active
EMP048735,Daniel,Gonzalez,Daniel Gonzalez,31,HR,Lead,Los Angeles,71454.43,7765.71,2024-08-30,8,84.3,daniel.gonzalez@company.com,(521) 269-6665,Active
EMP048736,William,Miller,William Miller,29,Operations,Coordinator,Chicago,49637.9,5142.12,2020-09-10,5,95.0,william.miller@company.com,(713) 753-1526,Active
EMP048737,Christopher,Martinez,Christopher Martinez,29,HR,Analyst,Miami,66501.35,6472.94,2024-06-17,7,66.1,christopher.martinez@company.com,(951) 392-9609,Active
EMP048738,Daniel,Moore,Daniel Moore,35,Sales,Associate,Seattle,78136.37,6524.57,2020-03-08,13,100.0,daniel.moore@company.com,(863) 279-5817,Active
EMP048739,Jane,Rodriguez,Jane Rodriguez,36,Operations,Manager,Miami,85250.23,10095.14,2020-03-29,10,87.5,jane.rodriguez@company.com,(373) 789-3344,Active
EMP048740,David,Moore,David Moore,48,Legal,Coordinator,Seattle,93440.47,8655.71,2023-08-26,21,74.4,david.moore@company.com,(333) 913-3226,Active
EMP048741,David,Williams,David Williams,62,Operations,Associate,Los Angeles,75544.1,6259.24,2020-10-02,40,78.5,david.williams@company.com,(308) 578-3603,Active
EMP048742,Jane,Johnson,Jane Johnson,63,Finance,Lead,Chicago,104305.44,11774.4,2020-05-18,39,62.4,jane.johnson@company.com,(359) 430-1440,Active
EMP048743,Sarah,Garcia,Sarah Garcia,34,Engineering,Associate,New York,73782.22,14330.17,2022-10-07,8,65.6,sarah.garcia@company.com,(560) 965-5489,Active
EMP048744,Robert,Smith,Robert Smith,61,IT,Lead,Miami,94564.74,11079.52,2020-12-01,37,67.4,robert.smith@company.com,(220) 513-6239,Active
EMP048745,Jessica,Davis,Jessica Davis,32,Sales,Coordinator,Austin,83427.47,12625.54,2024-12-22,5,54.3,jessica.davis@company.com,(680) 716-6761,Active
EMP048746,William,Thomas,William Thomas,38,Engineering,Lead,Chicago,92651.2,17492.04,2023-03-30,14,52.8,william.thomas@company.com,(579) 538-9148,Active
EMP048747,Ashley,Smith,Ashley Smith,46,Legal,Senior Developer,Seattle,141403.29,9320.61,2024-07-03,17,56.7,ashley.smith@company.com,(966) 798-6422,Active
EMP048748,William,Martin,William Martin,24,Sales,Lead,Boston,48395.26,3727.33,2024-07-11,2,56.1,william.martin@company.com,(939) 327-1483,Active
EMP048749,William,Jones,William Jones,34,Operations,Lead,Los Angeles,61597.88,5254.98,2020-05-21,6,97.7,william.jones@company.com,(801) 264-8703,Active
EMP048750,Sarah,Lopez,Sarah Lopez,53,Operations,Manager,Miami,59189.5,6910.03,2022-04-19,29,59.5,sarah.lopez@company.com,(532) 307-3398,Active
EMP048751,Christopher,Gonzalez,Christopher Gonzalez,47,Sales,Lead,New York,72634.29,7326.61,2022-04-18,19,63.3,christopher.gonzalez@company.com,(831) 481-5727,On Leave
EMP048752,Amanda,Lopez,Amanda Lopez,32,IT,Director,Boston,87550.89,10869.74,2021-03-18,10,83.6,amanda.lopez@company.com,(924) 862-4202,Active
EMP048753,Jessica,Martinez,Jessica Martinez,46,IT,Specialist,San Francisco,105283.41,9251.48,2023-05-30,18,95.6,jessica.martinez@company.com,(470) 766-3801,Active
EMP048754,Melissa,Jackson,Melissa Jackson,32,Finance,Associate,Austin,65410.83,4333.23,2024-02-05,10,73.3,melissa.jackson@company.com,(286) 597-2317,Active
EMP048755,Amanda,Jones,Amanda Jones,33,Finance,Associate,Boston,71909.0,3768.98,2023-06-24,6,77.1,amanda.jones@company.com,(731) 670-4310,Active
EMP048756,Lisa,Lopez,Lisa Lopez,39,HR,Analyst,Chicago,80889.31,825.58,2020-09-24,13,63.9,lisa.lopez@company.com,(517) 368-7079,Active
EMP048757,William,Lopez,William Lopez,27,Sales,Manager,Chicago,81753.06,18457.92,2020-02-13,2,94.2,william.lopez@company.com,(575) 662-3619,Active
EMP048758,Nicole,Miller,Nicole Miller,39,Legal,Director,Seattle,86205.36,15886.86,2021-04-16,12,100.0,nicole.miller@company.com,(599) 682-7456,Active
EMP048759,Daniel,Martin,Daniel Martin,60,HR,Lead,Miami,74685.1,7860.5,2022-12-15,34,93.3,daniel.martin@company.com,(515) 802-6859,Active
EMP048760,Ashley,Davis,Ashley Davis,30,Operations,Senior Developer,Boston,56283.72,3264.92,2020-07-24,1,37.3,ashley.davis@company.com,(848) 382-7854,On Leave
EMP048761,Jane,Thomas,Jane Thomas,40,Sales,Director,Miami,68316.82,6959.5,2020-04-03,12,91.2,jane.thomas@company.com,(941) 330-1402,Active
EMP048762,Stephanie,Martin,Stephanie Martin,23,Finance,Manager,Chicago,52365.05,5836.32,2024-07-28,0,74.5,stephanie.martin@company.com,(883) 530-8886,Active
EMP048763,Matthew,Rodriguez,Matthew Rodriguez,36,Engineering,Manager,Miami,127549.56,19065.72,2022-09-15,11,100.0,matthew.rodriguez@company.com,(224) 926-4544,Inactive
EMP048764,Amanda,Garcia,Amanda Garcia,32,Finance,Manager,New York,54014.96,3719.56,2021-03-07,7,65.6,amanda.garcia@company.com,(324) 479-9653,Active
EMP048765,John,Anderson,John Anderson,52,Legal,Coordinator,San Francisco,72375.61,12083.56,2021-07-18,27,73.5,john.anderson@company.com,(559) 588-1614,Active
EMP048766,James,Rodriguez,James Rodriguez,61,Engineering,Manager,Chicago,90341.39,9731.01,2023-03-25,35,90.2,james.rodriguez@company.com,(655) 239-2319,Active
EMP048767,Robert,Lopez,Robert Lopez,65,Operations,Specialist,Boston,67486.34,5937.19,2021-06-22,37,52.0,robert.lopez@company.com,(246) 705-5839,Active
EMP048768,Matthew,Gonzalez,Matthew Gonzalez,29,Finance,Director,Boston,55017.42,3400.71,2022-06-12,4,95.8,matthew.gonzalez@company.com,(767) 486-9731,Active
EMP048769,David,Anderson,David Anderson,26,Sales,Specialist,Los Angeles,72347.78,5789.01,2023-08-28,0,67.1,david.anderson@company.com,(541) 510-7661,Active
EMP048770,David,Johnson,David Johnson,61,HR,Lead,Miami,88205.65,12619.55,2020-02-20,37,77.4,david.johnson@company.com,(339) 314-9202,Active
EMP048771,Nicole,Anderson,Nicole Anderson,34,Legal,Lead,Seattle,80905.91,14407.15,2020-10-05,11,69.6,nicole.anderson@company.com,(496) 493-3047,Active
EMP048772,Nicole,Gonzalez,Nicole Gonzalez,31,HR,Lead,Los Angeles,56485.36,2559.08,2021-12-02,4,82.1,nicole.gonzalez@company.com,(262) 600-6673,Active
EMP048773,Jane,Brown,Jane Brown,59,Engineering,Specialist,Boston,116966.72,10899.78,2023-11-27,31,84.4,jane.brown@company.com,(577) 842-3224,Active
EMP048774,Lisa,Martinez,Lisa Martinez,26,Legal,Coordinator,San Francisco,94667.89,19226.36,2023-09-23,1,73.7,lisa.martinez@company.com,(353) 941-7009,Active
EMP048775,Lisa,Rodriguez,Lisa Rodriguez,52,Sales,Specialist,Los Angeles,63502.11,6620.73,2021-06-17,26,68.1,lisa.rodriguez@company.com,(782) 864-1230,Active
EMP048776,Sarah,Williams,Sarah Williams,22,Engineering,Lead,Seattle,85059.96,8354.85,2023-03-20,0,46.5,sarah.williams@company.com,(654) 485-4055,Active
EMP048777,Robert,Miller,Robert Miller,27,Finance,Lead,Boston,66637.56,9149.33,2024-02-10,3,85.9,robert.miller@company.com,(765) 262-8493,Active
EMP048778,David,Miller,David Miller,29,Sales,Specialist,New York,61298.57,4110.08,2023-02-24,4,80.3,david.miller@company.com,(917) 546-4263,Active
EMP048779,Jessica,Garcia,Jessica Garcia,46,Operations,Director,Seattle,90916.44,4429.0,2020-04-13,23,72.4,jessica.garcia@company.com,(820) 577-2405,Active
EMP048780,Nicole,Wilson,Nicole Wilson,45,Legal,Associate,Austin,99165.41,10201.37,2023-11-08,17,71.7,nicole.wilson@company.com,(740) 628-9483,Active
EMP048781,Amanda,Brown,Amanda Brown,50,Engineering,Coordinator,Miami,88637.4,11525.32,2022-04-21,22,55.5,amanda.brown@company.com,(682) 310-1144,Active
EMP048782,Lisa,Gonzalez,Lisa Gonzalez,54,Finance,Associate,Miami,99830.36,16190.8,2020-04-27,29,70.7,lisa.gonzalez@company.com,(817) 870-5467,Active
EMP048783,Christopher,Gonzalez,Christopher Gonzalez,61,IT,Analyst,Chicago,81006.96,2704.38,2023-03-04,32,86.4,christopher.gonzalez@company.com,(814) 580-5872,Active
EMP048784,William,Williams,William Williams,58,IT,Director,Boston,112296.42,8377.42,2020-06-27,31,73.0,william.williams@company.com,(513) 872-7256,Active
EMP048785,Jane,Brown,Jane Brown,39,IT,Director,Miami,91748.33,13108.48,2020-12-10,14,43.3,jane.brown@company.com,(563) 411-7397,Active
EMP048786,David,Thomas,David Thomas,56,Marketing,Manager,Chicago,53493.36,4346.69,2021-09-18,28,69.8,david.thomas@company.com,(377) 661-6201,Inactive
EMP048787,Jane,Williams,Jane Williams,61,Legal,Manager,Seattle,94003.52,14207.94,2024-03-22,37,47.9,jane.williams@company.com,(504) 231-2614,Active
EMP048788,Melissa,Davis,Melissa Davis,31,Finance,Associate,Austin,64959.63,9598.98,2021-11-09,8,74.7,melissa.davis@company.com,(607) 616-3206,Active
EMP048789,Christopher,Williams,Christopher Williams,57,Sales,Coordinator,Austin,75194.38,9612.43,2021-11-27,33,78.3,christopher.williams@company.com,(872) 792-9256,Active
EMP048790,Christopher,Rodriguez,Christopher Rodriguez,59,HR,Associate,New York,47368.06,10292.83,2020-06-28,34,72.2,christopher.rodriguez@company.com,(846) 694-1993,Active
EMP048791,Stephanie,Martin,Stephanie Martin,52,Engineering,Senior Developer,Miami,106532.89,5439.18,2022-06-12,24,59.6,stephanie.martin@company.com,(631) 228-7738,Active
EMP048792,Jane,Lopez,Jane Lopez,35,Operations,Specialist,Chicago,57846.49,4361.46,2023-11-20,9,75.8,jane.lopez@company.com,(467) 203-5099,Active
EMP048793,John,Miller,John Miller,60,Engineering,Specialist,Chicago,107565.36,7441.52,2020-12-08,36,71.6,john.miller@company.com,(295) 515-7291,Active
EMP048794,John,Martin,John Martin,51,Legal,Coordinator,Chicago,67139.19,5374.3,2023-12-06,23,97.8,john.martin@company.com,(983) 735-9825,Active
EMP048795,James,Smith,James Smith,31,Operations,Specialist,Austin,66120.56,6642.23,2023-04-30,9,98.3,james.smith@company.com,(477) 650-3177,Active
EMP048796,Ashley,Williams,Ashley Williams,26,Operations,Lead,Boston,41500.1,4421.92,2024-08-16,3,50.3,ashley.williams@company.com,(396) 947-6409,Active
EMP048797,Sarah,Johnson,Sarah Johnson,47,Legal,Senior Developer,Austin,93324.6,12820.6,2022-05-08,23,75.4,sarah.johnson@company.com,(775) 467-9081,Inactive
EMP048798,Melissa,Taylor,Melissa Taylor,40,Engineering,Associate,Seattle,121307.93,3205.78,2022-07-17,11,67.8,melissa.taylor@company.com,(229) 981-7572,Active
EMP048799,Melissa,Gonzalez,Melissa Gonzalez,46,Operations,Specialist,Chicago,49005.97,5628.43,2022-01-28,19,82.0,melissa.gonzalez@company.com,(453) 606-5540,Active
EMP048800,Lisa,Wilson,Lisa Wilson,44,Operations,Coordinator,Los Angeles,61900.96,9595.42,2023-12-20,18,88.9,lisa.wilson@company.com,(626) 976-4464,Active
EMP048801,Michael,Lopez,Michael Lopez,41,Marketing,Coordinator,Los Angeles,90117.79,11986.74,2023-02-11,14,79.6,michael.lopez@company.com,(817) 447-6803,Active
EMP048802,Jessica,Moore,Jessica Moore,51,Marketing,Associate,Chicago,69182.96,4690.56,2020-06-18,27,87.2,jessica.moore@company.com,(768) 380-7389,Active
EMP048803,David,Miller,David Miller,30,Sales,Manager,Los Angeles,61337.06,9278.97,2022-01-17,4,33.7,david.miller@company.com,(910) 591-9825,Active
EMP048804,Sarah,Taylor,Sarah Taylor,61,IT,Analyst,Seattle,91836.3,8308.34,2021-11-24,34,92.4,sarah.taylor@company.com,(777) 266-9325,On Leave
EMP048805,Melissa,Rodriguez,Melissa Rodriguez,24,Operations,Analyst,San Francisco,61051.43,8906.58,2022-08-18,0,77.4,melissa.rodriguez@company.com,(823) 693-5811,Active
EMP048806,Robert,Wilson,Robert Wilson,22,Marketing,Analyst,Austin,52794.37,3623.19,2023-07-16,0,89.9,robert.wilson@company.com,(610) 242-2450,Active
EMP048807,David,Martinez,David Martinez,22,Marketing,Analyst,Seattle,62298.91,8206.25,2024-10-14,0,63.5,david.martinez@company.com,(578) 247-9104,Active
EMP048808,Jane,Moore,Jane Moore,45,Finance,Coordinator,New York,71566.96,4709.39,2022-02-01,23,91.4,jane.moore@company.com,(255) 291-5668,Active
EMP048809,Jane,Taylor,Jane Taylor,34,HR,Director,Seattle,49321.05,2147.56,2020-07-04,5,66.3,jane.taylor@company.com,(730) 665-6589,Active
EMP048810,Christopher,Lopez,Christopher Lopez,27,Finance,Lead,New York,89191.58,14561.76,2022-03-03,5,68.6,christopher.lopez@company.com,(548) 434-3583,Active
EMP048811,Michael,Wilson,Michael Wilson,56,Operations,Director,Seattle,68373.19,4014.42,2020-11-20,30,95.0,michael.wilson@company.com,(946) 839-8537,Active
EMP048812,David,Martinez,David Martinez,43,HR,Director,Chicago,51553.75,3262.5,2024-11-18,18,72.5,david.martinez@company.com,(509) 432-9556,Active
EMP048813,Lisa,Martinez,Lisa Martinez,46,Operations,Lead,New York,56567.81,8926.81,2023-07-30,22,71.0,lisa.martinez@company.com,(263) 699-4086,Active
EMP048814,William,Martinez,William Martinez,34,IT,Associate,Los Angeles,82521.74,7052.04,2024-06-13,11,100.0,william.martinez@company.com,(591) 497-7348,Active
EMP048815,Melissa,Johnson,Melissa Johnson,57,IT,Manager,San Francisco,90771.96,5439.31,2022-02-19,35,77.9,melissa.johnson@company.com,(552) 228-6091,Active
EMP048816,Amanda,Garcia,Amanda Garcia,48,IT,Specialist,New York,65152.02,11062.42,2021-12-09,21,95.1,amanda.garcia@company.com,(934) 772-6897,Active
EMP048817,Michael,Jackson,Michael Jackson,46,Operations,Coordinator,Boston,69973.84,6733.47,2024-10-19,19,62.1,michael.jackson@company.com,(650) 459-5197,Active
EMP048818,Amanda,Brown,Amanda Brown,62,Finance,Coordinator,Miami,126740.77,10208.5,2020-01-20,35,81.3,amanda.brown@company.com,(578) 955-6476,Active
EMP048819,Michael,Wilson,Michael Wilson,29,Operations,Associate,Boston,57649.37,5935.7,2022-10-17,1,76.0,michael.wilson@company.com,(774) 234-5860,Active
EMP048820,Stephanie,Martin,Stephanie Martin,43,IT,Director,Boston,96702.15,1599.73,2021-05-01,16,88.3,stephanie.martin@company.com,(276) 560-4233,Active
EMP048821,Michael,Johnson,Michael Johnson,43,Legal,Lead,San Francisco,87334.94,5476.03,2022-05-03,21,89.5,michael.johnson@company.com,(369) 444-9408,Active
EMP048822,Anthony,Jones,Anthony Jones,29,Sales,Manager,Chicago,55699.2,5667.99,2022-04-20,5,97.1,anthony.jones@company.com,(624) 505-4472,On Leave
EMP048823,Emily,Miller,Emily Miller,54,Legal,Senior Developer,Miami,139797.24,18483.77,2024-10-25,30,67.3,emily.miller@company.com,(496) 381-5117,Active
EMP048824,Lisa,Smith,Lisa Smith,45,Sales,Manager,Chicago,86392.25,6355.97,2021-04-19,22,100.0,lisa.smith@company.com,(633) 934-5883,On Leave
EMP048825,William,Hernandez,William Hernandez,28,Sales,Specialist,New York,57416.38,13027.29,2023-08-19,2,85.9,william.hernandez@company.com,(753) 264-8170,Active
EMP048826,Robert,Anderson,Robert Anderson,64,IT,Senior Developer,San Francisco,120404.94,19470.87,2021-01-16,41,63.8,robert.anderson@company.com,(742) 326-6042,Active
EMP048827,Robert,Jones,Robert Jones,47,Sales,Coordinator,San Francisco,49231.98,6108.96,2024-03-25,18,69.1,robert.jones@company.com,(786) 577-8597,Active
EMP048828,David,Anderson,David Anderson,65,Sales,Manager,Seattle,94187.94,12593.81,2023-05-06,39,85.2,david.anderson@company.com,(851) 434-4154,Active
EMP048829,Emily,Davis,Emily Davis,63,Finance,Lead,Seattle,110143.69,13911.26,2021-03-28,39,88.6,emily.davis@company.com,(628) 408-3192,Inactive
EMP048830,Nicole,Rodriguez,Nicole Rodriguez,36,Operations,Lead,San Francisco,35921.97,4716.76,2021-08-26,8,76.7,nicole.rodriguez@company.com,(746) 953-8529,Active
EMP048831,Jane,Rodriguez,Jane Rodriguez,56,Engineering,Manager,Austin,131827.81,7382.87,2022-08-16,34,62.0,jane.rodriguez@company.com,(820) 891-9601,Active
EMP048832,Daniel,Rodriguez,Daniel Rodriguez,50,IT,Associate,Miami,100639.18,7130.76,2020-09-18,22,100.0,daniel.rodriguez@company.com,(373) 591-7586,Inactive
EMP048833,Michael,Davis,Michael Davis,53,HR,Coordinator,San Francisco,85550.11,10109.33,2022-08-01,24,59.2,michael.davis@company.com,(807) 493-9735,Active
EMP048834,Lisa,Thomas,Lisa Thomas,40,Legal,Director,San Francisco,93544.7,11091.77,2023-06-20,11,72.3,lisa.thomas@company.com,(723) 291-4685,On Leave
EMP048835,Jessica,Miller,Jessica Miller,56,Finance,Senior Developer,San Francisco,63435.64,12730.69,2021-03-24,32,89.7,jessica.miller@company.com,(207) 936-9451,Active
EMP048836,Nicole,Gonzalez,Nicole Gonzalez,54,Legal,Analyst,Miami,98669.93,7278.6,2020-08-12,26,74.0,nicole.gonzalez@company.com,(962) 393-3999,Active
EMP048837,Robert,Wilson,Robert Wilson,50,Marketing,Analyst,Austin,58290.57,3060.28,2020-08-10,26,78.9,robert.wilson@company.com,(916) 885-2915,Active
EMP048838,Amanda,Jones,Amanda Jones,55,Legal,Director,San Francisco,106946.14,8439.0,2022-02-05,28,52.9,amanda.jones@company.com,(219) 678-5997,Inactive
EMP048839,Jane,Williams,Jane Williams,60,Sales,Coordinator,San Francisco,77976.81,4398.72,2023-08-13,33,70.5,jane.williams@company.com,(648) 663-7827,Active
EMP048840,William,Moore,William Moore,25,Operations,Analyst,Seattle,38056.11,2816.57,2022-07-22,1,73.5,william.moore@company.com,(787) 788-2704,Active
EMP048841,Melissa,Smith,Melissa Smith,41,Legal,Manager,San Francisco,83655.13,3341.5,2022-02-03,17,62.3,melissa.smith@company.com,(625) 363-6512,Active
EMP048842,Melissa,Rodriguez,Melissa Rodriguez,37,HR,Director,Chicago,43069.99,8732.73,2020-11-18,12,75.2,melissa.rodriguez@company.com,(350) 987-8325,Active
EMP048843,Amanda,Johnson,Amanda Johnson,56,Engineering,Coordinator,Austin,103637.76,11947.42,2020-01-24,33,55.7,amanda.johnson@company.com,(427) 337-6510,Active
EMP048844,Stephanie,Jones,Stephanie Jones,52,Finance,Lead,Austin,87828.09,9945.16,2021-12-13,23,90.7,stephanie.jones@company.com,(947) 663-4689,Active
EMP048845,Anthony,Martinez,Anthony Martinez,40,IT,Director,New York,107421.98,8388.22,2020-08-16,14,72.2,anthony.martinez@company.com,(689) 980-9910,Active
EMP048846,William,Gonzalez,William Gonzalez,37,Marketing,Associate,Seattle,73243.92,2869.08,2021-02-26,15,67.6,william.gonzalez@company.com,(318) 458-5361,Active
EMP048847,Stephanie,Hernandez,Stephanie Hernandez,29,Marketing,Specialist,Austin,71831.97,7251.1,2020-04-09,7,92.9,stephanie.hernandez@company.com,(245) 883-6162,Active
EMP048848,Ashley,Hernandez,Ashley Hernandez,29,IT,Director,Chicago,80639.17,5115.58,2022-07-11,2,73.6,ashley.hernandez@company.com,(221) 577-8201,Inactive
EMP048849,David,Garcia,David Garcia,57,Sales,Analyst,San Francisco,102001.43,12726.29,2022-06-13,34,90.3,david.garcia@company.com,(983) 790-1669,Active
EMP048850,William,Garcia,William Garcia,28,HR,Lead,Chicago,97862.06,10548.05,2024-04-03,0,48.5,william.garcia@company.com,(539) 535-2094,Active
EMP048851,James,Moore,James Moore,28,Marketing,Coordinator,Los Angeles,57225.44,2901.64,2021-06-26,0,75.3,james.moore@company.com,(978) 516-5027,Active
EMP048852,Lisa,Martinez,Lisa Martinez,33,Legal,Manager,Boston,100095.98,0.0,2020-08-21,10,58.1,lisa.martinez@company.com,(773) 430-4582,Active
EMP048853,Sarah,Thomas,Sarah Thomas,61,Legal,Associate,Seattle,112282.02,9788.58,2020-10-21,38,91.6,sarah.thomas@company.com,(871) 854-7317,On Leave
EMP048854,Nicole,Brown,Nicole Brown,43,Engineering,Analyst,New York,87622.08,5852.79,2024-10-22,20,85.5,nicole.brown@company.com,(827) 811-9169,Inactive
EMP048855,Matthew,Lopez,Matthew Lopez,41,Operations,Manager,Chicago,44773.69,4137.3,2021-09-26,16,100.0,matthew.lopez@company.com,(777) 584-9645,On Leave
EMP048856,Daniel,Jackson,Daniel Jackson,62,Legal,Coordinator,Boston,112107.39,5018.93,2020-06-03,33,83.7,daniel.jackson@company.com,(370) 302-6206,Active
EMP048857,Matthew,Johnson,Matthew Johnson,60,IT,Lead,New York,97512.03,0.0,2021-01-26,32,51.7,matthew.johnson@company.com,(930) 311-1378,Active
EMP048858,John,Thomas,John Thomas,27,Operations,Lead,New York,64622.45,4680.19,2022-06-16,4,94.4,john.thomas@company.com,(769) 749-7880,Active
EMP048859,Anthony,Garcia,Anthony Garcia,37,Marketing,Lead,San Francisco,68918.63,11835.89,2023-03-14,14,65.1,anthony.garcia@company.com,(766) 433-8435,Active
EMP048860,Robert,Anderson,Robert Anderson,22,Sales,Senior Developer,Miami,86706.44,6374.89,2020-05-04,0,75.5,robert.anderson@company.com,(407) 231-7865,Active
EMP048861,Anthony,Johnson,Anthony Johnson,60,Operations,Analyst,Seattle,77856.85,10056.57,2023-12-30,34,64.0,anthony.johnson@company.com,(877) 593-9287,Active
EMP048862,David,Jackson,David Jackson,58,Finance,Senior Developer,San Francisco,80083.63,11547.93,2023-09-08,34,74.5,david.jackson@company.com,(892) 638-1869,Active
EMP048863,Lisa,Rodriguez,Lisa Rodriguez,47,Finance,Manager,Chicago,111358.19,24291.61,2021-12-17,22,79.2,lisa.rodriguez@company.com,(224) 943-8450,Active
EMP048864,Michael,Garcia,Michael Garcia,41,Marketing,Specialist,New York,77986.09,10037.48,2022-09-11,14,75.9,michael.garcia@company.com,(479) 953-7855,Active
EMP048865,Ashley,Garcia,Ashley Garcia,50,IT,Lead,Seattle,94113.33,15515.69,2020-05-21,22,87.6,ashley.garcia@company.com,(228) 890-2017,Active
EMP048866,James,Moore,James Moore,55,IT,Manager,Miami,117465.61,13240.87,2022-02-14,26,82.0,james.moore@company.com,(200) 788-7994,Active
EMP048867,Christopher,Jones,Christopher Jones,22,Sales,Associate,New York,62659.21,3427.08,2020-07-27,0,83.7,christopher.jones@company.com,(983) 204-2910,Active
EMP048868,Stephanie,Martinez,Stephanie Martinez,52,Finance,Associate,Seattle,59413.11,9865.3,2023-03-15,27,74.5,stephanie.martinez@company.com,(685) 813-3873,Active
EMP048869,Stephanie,Miller,Stephanie Miller,52,Sales,Senior Developer,Chicago,72809.77,6355.95,2022-03-03,24,89.2,stephanie.miller@company.com,(475) 800-8146,Active
EMP048870,David,Lopez,David Lopez,41,HR,Manager,Boston,57504.2,7505.48,2020-01-08,17,84.5,david.lopez@company.com,(312) 766-2495,Active
EMP048871,Nicole,Smith,Nicole Smith,34,Engineering,Senior Developer,Austin,89234.86,8853.29,2020-10-02,10,72.6,nicole.smith@company.com,(437) 838-3487,Active
EMP048872,William,Rodriguez,William Rodriguez,35,Operations,Coordinator,Seattle,70591.87,9362.16,2024-06-10,11,60.0,william.rodriguez@company.com,(206) 508-3127,On Leave
EMP048873,Jessica,Hernandez,Jessica Hernandez,49,Engineering,Lead,Boston,81446.99,268.84,2021-10-31,20,70.4,jessica.hernandez@company.com,(360) 794-1777,Active
EMP048874,Stephanie,Martin,Stephanie Martin,22,HR,Manager,Boston,27176.99,3626.66,2023-12-06,0,56.6,stephanie.martin@company.com,(653) 430-7996,Active
EMP048875,Jessica,Lopez,Jessica Lopez,60,Operations,Associate,New York,86439.32,8595.32,2022-06-01,31,64.2,jessica.lopez@company.com,(550) 514-7340,Active
EMP048876,Matthew,Rodriguez,Matthew Rodriguez,46,Finance,Senior Developer,Seattle,69025.49,1336.0,2020-01-12,24,83.2,matthew.rodriguez@company.com,(570) 625-2092,Inactive
EMP048877,Amanda,Taylor,Amanda Taylor,58,Sales,Analyst,New York,95890.9,14089.04,2022-11-05,29,78.4,amanda.taylor@company.com,(397) 317-6950,Active
EMP048878,Matthew,Davis,Matthew Davis,23,Operations,Director,Chicago,51922.92,3257.04,2021-08-07,0,62.2,matthew.davis@company.com,(284) 931-5220,Active
EMP048879,Sarah,Wilson,Sarah Wilson,29,Sales,Lead,Chicago,42409.7,5896.48,2024-04-19,3,72.8,sarah.wilson@company.com,(409) 316-9911,Active
EMP048880,Jane,Thomas,Jane Thomas,27,Operations,Director,Austin,67661.62,12834.96,2020-12-30,2,96.4,jane.thomas@company.com,(772) 284-6637,Active
EMP048881,Nicole,Moore,Nicole Moore,51,Sales,Senior Developer,Los Angeles,51773.25,4418.0,2020-02-07,24,77.4,nicole.moore@company.com,(586) 429-9778,Active
EMP048882,Emily,Gonzalez,Emily Gonzalez,55,Legal,Lead,Seattle,121778.36,10131.77,2023-05-16,29,87.8,emily.gonzalez@company.com,(719) 204-8997,On Leave
EMP048883,Emily,Brown,Emily Brown,24,Sales,Lead,New York,56817.32,8498.22,2020-02-01,0,43.6,emily.brown@company.com,(699) 289-9463,Active
EMP048884,Anthony,Garcia,Anthony Garcia,33,Finance,Director,New York,83037.75,7428.64,2023-06-16,4,55.5,anthony.garcia@company.com,(480) 789-9817,Active
EMP048885,Matthew,Jackson,Matthew Jackson,42,Marketing,Specialist,San Francisco,59778.69,10915.68,2024-06-10,16,63.8,matthew.jackson@company.com,(707) 652-8929,Active
EMP048886,Stephanie,Thomas,Stephanie Thomas,28,Engineering,Manager,Los Angeles,80893.68,6639.43,2022-06-28,3,88.5,stephanie.thomas@company.com,(566) 261-9152,Active
EMP048887,David,Wilson,David Wilson,59,Finance,Director,Los Angeles,127376.23,15605.11,2020-06-28,36,80.4,david.wilson@company.com,(742) 381-8095,Active
EMP048888,Emily,Miller,Emily Miller,49,Engineering,Senior Developer,Los Angeles,88510.57,8536.16,2021-03-08,26,61.7,emily.miller@company.com,(702) 668-1344,Active
EMP048889,Amanda,Johnson,Amanda Johnson,34,Finance,Lead,San Francisco,41360.95,3282.0,2023-01-06,7,83.9,amanda.johnson@company.com,(525) 376-9024,Active
EMP048890,Amanda,Lopez,Amanda Lopez,52,Finance,Manager,Boston,112958.07,1208.0,2022-09-10,25,95.4,amanda.lopez@company.com,(749) 800-7377,Active
EMP048891,Ashley,Smith,Ashley Smith,44,IT,Senior Developer,Austin,79623.01,10411.26,2020-01-10,19,65.9,ashley.smith@company.com,(890) 202-8881,Inactive
EMP048892,James,Williams,James Williams,64,Operations,Coordinator,Miami,70782.3,6714.63,2022-11-23,36,63.6,james.williams@company.com,(269) 938-6370,Active
EMP048893,Amanda,Davis,Amanda Davis,39,Engineering,Director,Miami,75976.0,3657.97,2021-08-06,15,56.1,amanda.davis@company.com,(397) 283-3181,Active
EMP048894,John,Taylor,John Taylor,59,IT,Lead,Los Angeles,100968.93,21349.2,2024-12-19,35,79.3,john.taylor@company.com,(213) 690-2166,Active
EMP048895,John,Rodriguez,John Rodriguez,54,Legal,Manager,Boston,108762.24,17317.11,2024-11-17,30,70.3,john.rodriguez@company.com,(820) 539-7446,Active
EMP048896,Robert,Jackson,Robert Jackson,45,Marketing,Director,Seattle,68274.38,3913.78,2020-12-06,21,65.1,robert.jackson@company.com,(492) 357-9291,Active
EMP048897,Daniel,Rodriguez,Daniel Rodriguez,57,Sales,Specialist,Boston,69973.51,13824.27,2020-06-07,34,48.7,daniel.rodriguez@company.com,(293) 283-6592,Active
EMP048898,David,Miller,David Miller,29,IT,Manager,Boston,69258.46,5826.79,2020-03-13,3,59.2,david.miller@company.com,(367) 334-8768,Active
EMP048899,Daniel,Hernandez,Daniel Hernandez,35,Operations,Associate,San Francisco,57658.72,3233.03,2023-08-23,7,86.5,daniel.hernandez@company.com,(523) 309-2095,Active
EMP048900,Robert,Miller,Robert Miller,51,Operations,Director,Austin,74664.81,1255.13,2023-01-02,26,61.0,robert.miller@company.com,(290) 783-3186,Active
EMP048901,James,Lopez,James Lopez,45,Sales,Analyst,New York,35109.03,1292.97,2023-05-05,23,70.5,james.lopez@company.com,(444) 485-5041,Active
EMP048902,Emily,Martinez,Emily Martinez,64,HR,Specialist,Chicago,91749.51,479.32,2020-05-23,42,60.1,emily.martinez@company.com,(708) 262-6527,Active
EMP048903,Nicole,Smith,Nicole Smith,39,Finance,Specialist,Austin,56089.78,3990.37,2023-03-12,14,75.3,nicole.smith@company.com,(659) 329-4974,Active
EMP048904,Michael,Jackson,Michael Jackson,60,Engineering,Senior Developer,Miami,80252.34,6838.05,2024-11-10,35,70.6,michael.jackson@company.com,(449) 739-5042,Inactive
EMP048905,Jane,Gonzalez,Jane Gonzalez,62,Finance,Associate,Boston,78728.06,9114.39,2024-02-05,39,66.8,jane.gonzalez@company.com,(618) 807-1072,Active
EMP048906,Michael,Brown,Michael Brown,37,IT,Lead,Austin,70003.75,14642.52,2020-04-04,8,83.1,michael.brown@company.com,(876) 902-9787,Active
EMP048907,Matthew,Thomas,Matthew Thomas,48,IT,Coordinator,Austin,77758.92,6941.02,2021-04-22,19,90.9,matthew.thomas@company.com,(614) 671-1204,Active
EMP048908,Daniel,Anderson,Daniel Anderson,58,Legal,Lead,Seattle,134857.25,18148.3,2023-12-20,30,63.0,daniel.anderson@company.com,(639) 399-5466,Active
EMP048909,Nicole,Williams,Nicole Williams,31,Marketing,Specialist,Los Angeles,75182.13,7697.62,2021-10-25,4,100.0,nicole.williams@company.com,(225) 801-8794,Active
EMP048910,Jane,Johnson,Jane Johnson,65,Engineering,Analyst,Boston,101045.28,13143.96,2024-10-19,36,92.9,jane.johnson@company.com,(913) 740-9788,Active
EMP048911,Emily,Jackson,Emily Jackson,50,IT,Senior Developer,New York,96590.05,3221.65,2020-06-02,25,85.1,emily.jackson@company.com,(317) 546-3681,Active
EMP048912,Robert,Garcia,Robert Garcia,59,HR,Specialist,Austin,79924.55,11569.04,2020-02-28,35,61.4,robert.garcia@company.com,(368) 629-7121,Active
EMP048913,Jane,Jackson,Jane Jackson,37,Finance,Manager,Austin,73973.79,11606.1,2022-01-13,14,85.2,jane.jackson@company.com,(637) 513-1336,Active
EMP048914,Jane,Anderson,Jane Anderson,55,IT,Lead,Seattle,62548.29,7589.59,2020-05-15,26,54.7,jane.anderson@company.com,(490) 241-7828,Active
EMP048915,James,Miller,James Miller,49,Engineering,Specialist,San Francisco,111770.03,7652.33,2020-12-03,25,70.9,james.miller@company.com,(251) 773-1256,Active
EMP048916,Robert,Miller,Robert Miller,22,Sales,Senior Developer,Los Angeles,30000.0,2862.69,2024-12-15,0,72.8,robert.miller@company.com,(239) 427-6646,Active
EMP048917,Nicole,Miller,Nicole Miller,37,Engineering,Senior Developer,Los Angeles,90175.63,8738.15,2022-02-19,10,83.4,nicole.miller@company.com,(551) 227-5632,Active
EMP048918,Stephanie,Garcia,Stephanie Garcia,34,Finance,Specialist,Miami,74037.08,5925.73,2024-08-09,10,86.1,stephanie.garcia@company.com,(541) 848-1021,Active
EMP048919,Sarah,Williams,Sarah Williams,51,Sales,Coordinator,Boston,63269.26,7889.55,2023-04-06,29,79.7,sarah.williams@company.com,(820) 446-9644,Active
EMP048920,James,Jackson,James Jackson,30,Engineering,Manager,Boston,53352.87,4053.6,2021-03-22,8,93.5,james.jackson@company.com,(533) 856-2855,Active
EMP048921,Stephanie,Jackson,Stephanie Jackson,63,Marketing,Lead,Boston,79189.48,16600.39,2020-11-28,39,73.0,stephanie.jackson@company.com,(429) 526-5547,Active
EMP048922,Lisa,Martinez,Lisa Martinez,53,Operations,Manager,Miami,79469.72,4219.27,2023-06-10,30,55.3,lisa.martinez@company.com,(431) 217-2858,Active
EMP048923,Stephanie,Brown,Stephanie Brown,46,Legal,Analyst,Miami,114562.19,8193.65,2022-01-13,23,84.1,stephanie.brown@company.com,(492) 438-9163,On Leave
EMP048924,Matthew,Martinez,Matthew Martinez,47,Marketing,Specialist,Chicago,67820.16,5376.51,2023-07-27,24,41.1,matthew.martinez@company.com,(335) 472-1866,Inactive
EMP048925,Emily,Martin,Emily Martin,55,Marketing,Coordinator,Boston,81577.43,6948.59,2021-06-24,26,47.4,emily.martin@company.com,(252) 287-8388,Active
EMP048926,Jane,Taylor,Jane Taylor,45,Engineering,Coordinator,New York,107149.8,2556.38,2021-09-20,16,47.8,jane.taylor@company.com,(521) 820-1827,Inactive
EMP048927,Sarah,Thomas,Sarah Thomas,54,Engineering,Coordinator,Chicago,139776.02,15061.12,2022-06-07,30,87.3,sarah.thomas@company.com,(367) 603-3425,Active
EMP048928,Christopher,Martin,Christopher Martin,27,IT,Senior Developer,New York,74689.9,2602.69,2024-07-08,3,94.2,christopher.martin@company.com,(388) 995-2415,Active
EMP048929,Lisa,Martinez,Lisa Martinez,36,Finance,Coordinator,Seattle,56540.88,6703.93,2021-11-09,12,73.5,lisa.martinez@company.com,(498) 353-7067,Active
EMP048930,Nicole,Davis,Nicole Davis,26,Finance,Analyst,Austin,57718.08,8383.75,2021-03-06,3,62.6,nicole.davis@company.com,(233) 817-1895,Active
EMP048931,Robert,Johnson,Robert Johnson,41,IT,Manager,Miami,109340.13,6182.57,2023-02-27,18,54.5,robert.johnson@company.com,(526) 446-8338,Active
EMP048932,Sarah,Davis,Sarah Davis,55,HR,Lead,San Francisco,95671.49,12253.2,2024-02-09,29,96.7,sarah.davis@company.com,(672) 569-8304,Inactive
EMP048933,Stephanie,Taylor,Stephanie Taylor,41,Operations,Director,Miami,69438.15,7420.35,2024-06-09,17,65.0,stephanie.taylor@company.com,(781) 793-5447,Active
EMP048934,Daniel,Jones,Daniel Jones,62,Operations,Lead,Chicago,66875.82,6604.65,2021-07-31,33,82.8,daniel.jones@company.com,(457) 453-2755,Inactive
EMP048935,David,Wilson,David Wilson,32,IT,Analyst,Miami,63132.35,7940.31,2022-02-12,6,72.0,david.wilson@company.com,(638) 384-4791,Active
EMP048936,Sarah,Martin,Sarah Martin,37,HR,Lead,New York,58128.87,7869.21,2022-02-21,9,91.2,sarah.martin@company.com,(396) 235-5354,Active
EMP048937,James,Davis,James Davis,30,Operations,Senior Developer,New York,52521.45,2109.03,2020-01-04,2,62.4,james.davis@company.com,(780) 790-9679,Active
EMP048938,Robert,Wilson,Robert Wilson,26,HR,Senior Developer,New York,49007.1,4928.13,2023-11-14,0,60.0,robert.wilson@company.com,(839) 825-9311,Active
EMP048939,Matthew,Rodriguez,Matthew Rodriguez,41,IT,Coordinator,Miami,101086.55,6968.37,2021-06-10,19,71.1,matthew.rodriguez@company.com,(838) 684-3989,Active
EMP048940,Jessica,Jones,Jessica Jones,26,Operations,Specialist,Austin,46028.81,5901.01,2022-12-29,4,70.6,jessica.jones@company.com,(600) 656-7872,Active
EMP048941,David,Wilson,David Wilson,55,Legal,Senior Developer,San Francisco,90688.01,12645.53,2023-04-23,26,84.3,david.wilson@company.com,(691) 773-3241,Active
EMP048942,Melissa,Wilson,Melissa Wilson,64,Finance,Analyst,Austin,129374.35,19592.48,2020-11-18,38,61.8,melissa.wilson@company.com,(744) 408-7010,Inactive
EMP048943,John,Smith,John Smith,33,Marketing,Senior Developer,Miami,59977.78,9583.22,2020-04-16,7,64.3,john.smith@company.com,(961) 556-7392,Active
EMP048944,Christopher,Smith,Christopher Smith,50,Engineering,Manager,Boston,73072.51,8518.72,2021-01-21,27,73.8,christopher.smith@company.com,(595) 320-3050,Active
EMP048945,William,Davis,William Davis,56,HR,Lead,Boston,57763.05,4871.68,2022-10-04,27,55.8,william.davis@company.com,(510) 630-8113,Active
EMP048946,Amanda,Jones,Amanda Jones,41,Legal,Coordinator,Seattle,81711.12,12064.03,2024-09-23,12,100.0,amanda.jones@company.com,(796) 829-3701,Active
EMP048947,Sarah,Martin,Sarah Martin,63,IT,Coordinator,San Francisco,110096.75,5929.69,2021-10-19,36,54.6,sarah.martin@company.com,(566) 809-4661,Active
EMP048948,James,Wilson,James Wilson,33,Sales,Director,Miami,67089.22,4976.68,2020-05-15,4,75.3,james.wilson@company.com,(866) 814-2301,Active
EMP048949,Michael,Gonzalez,Michael Gonzalez,40,Finance,Director,Chicago,94602.63,15945.17,2022-05-15,13,55.1,michael.gonzalez@company.com,(935) 570-7570,Active
EMP048950,David,Taylor,David Taylor,36,Engineering,Director,San Francisco,75016.17,7975.08,2020-01-28,13,83.2,david.taylor@company.com,(380) 722-1355,Active
EMP048951,Sarah,Rodriguez,Sarah Rodriguez,38,Engineering,Coordinator,Boston,94480.88,16279.84,2022-10-16,13,36.2,sarah.rodriguez@company.com,(540) 320-6058,Active
EMP048952,Melissa,Davis,Melissa Davis,48,Marketing,Senior Developer,Miami,101768.63,11962.2,2023-08-25,23,100.0,melissa.davis@company.com,(904) 910-2391,Active
EMP048953,Christopher,Williams,Christopher Williams,30,Engineering,Associate,New York,39000.0,6201.49,2022-07-30,8,89.5,christopher.williams@company.com,(957) 548-6816,Inactive
EMP048954,William,Wilson,William Wilson,58,Finance,Senior Developer,Austin,106616.54,13184.31,2020-10-05,31,49.5,william.wilson@company.com,(829) 889-1118,Active
EMP048955,Jane,Johnson,Jane Johnson,44,Operations,Associate,Boston,73326.71,7150.63,2020-08-03,20,78.9,jane.johnson@company.com,(394) 635-3219,Active
EMP048956,Sarah,Jackson,Sarah Jackson,58,Finance,Senior Developer,Boston,107644.76,15363.0,2022-11-19,35,77.1,sarah.jackson@company.com,(693) 645-9982,Active
EMP048957,Ashley,Moore,Ashley Moore,28,Sales,Associate,Austin,60333.56,5928.34,2021-12-06,0,59.9,ashley.moore@company.com,(738) 339-1210,Active
EMP048958,James,Martinez,James Martinez,35,HR,Manager,Los Angeles,84285.18,7932.49,2022-08-04,8,85.0,james.martinez@company.com,(475) 733-4184,Active
EMP048959,Ashley,Anderson,Ashley Anderson,60,Finance,Coordinator,Miami,125065.7,14407.76,2024-04-23,31,42.2,ashley.anderson@company.com,(925) 706-3567,Active
EMP048960,Sarah,Garcia,Sarah Garcia,44,Engineering,Senior Developer,Boston,92684.54,15250.88,2022-10-06,20,74.0,sarah.garcia@company.com,(227) 672-1824,Active
EMP048961,Jane,Anderson,Jane Anderson,51,Finance,Manager,Miami,85061.19,15257.74,2021-02-17,26,74.6,jane.anderson@company.com,(918) 298-6672,Active
EMP048962,Stephanie,Moore,Stephanie Moore,34,IT,Senior Developer,Austin,100169.44,10050.44,2022-11-27,5,85.0,stephanie.moore@company.com,(295) 619-8737,Active
EMP048963,Matthew,Gonzalez,Matthew Gonzalez,61,HR,Analyst,New York,66018.92,12388.92,2022-08-02,32,85.0,matthew.gonzalez@company.com,(803) 915-8801,Active
EMP048964,Robert,Martinez,Robert Martinez,58,HR,Coordinator,Seattle,69343.94,4375.5,2021-06-15,34,87.1,robert.martinez@company.com,(360) 424-4806,Active
EMP048965,Robert,Jackson,Robert Jackson,37,Engineering,Senior Developer,Chicago,72758.18,2015.99,2023-10-22,9,97.7,robert.jackson@company.com,(774) 997-6666,Active
EMP048966,William,Rodriguez,William Rodriguez,43,Marketing,Lead,Seattle,73348.45,5578.29,2024-01-09,17,77.7,william.rodriguez@company.com,(971) 314-9849,Active
EMP048967,Sarah,Smith,Sarah Smith,48,Engineering,Lead,Los Angeles,123689.91,14387.28,2024-12-12,21,69.7,sarah.smith@company.com,(657) 774-8802,Active
EMP048968,William,Davis,William Davis,35,Finance,Manager,Los Angeles,65619.93,10619.99,2022-12-18,6,74.5,william.davis@company.com,(920) 285-5331,Active
EMP048969,Lisa,Williams,Lisa Williams,24,HR,Analyst,Los Angeles,46250.05,857.35,2023-08-14,2,76.9,lisa.williams@company.com,(935) 819-7382,Active
EMP048970,Matthew,Lopez,Matthew Lopez,55,Legal,Senior Developer,Miami,95071.18,4648.97,2020-10-04,28,76.4,matthew.lopez@company.com,(267) 784-8793,Inactive
EMP048971,Nicole,Miller,Nicole Miller,27,Operations,Specialist,Seattle,56697.84,125.81,2023-01-05,2,52.0,nicole.miller@company.com,(393) 427-4798,Active
EMP048972,Stephanie,Anderson,Stephanie Anderson,38,Marketing,Manager,Austin,58888.58,12712.39,2024-04-28,12,83.2,stephanie.anderson@company.com,(554) 733-1341,Active
EMP048973,Amanda,Miller,Amanda Miller,30,IT,Analyst,Los Angeles,71348.35,8314.04,2020-10-10,3,75.3,amanda.miller@company.com,(809) 769-9446,Active
EMP048974,Ashley,Martin,Ashley Martin,51,Finance,Lead,Miami,73451.31,12184.11,2024-07-17,25,90.1,ashley.martin@company.com,(360) 279-9077,Active
EMP048975,Sarah,Davis,Sarah Davis,58,Engineering,Specialist,Seattle,130338.63,12725.23,2022-08-08,33,87.0,sarah.davis@company.com,(346) 891-6958,Active
EMP048976,Ashley,Martin,Ashley Martin,26,Marketing,Manager,Boston,42634.54,9611.5,2023-03-23,2,74.9,ashley.martin@company.com,(805) 234-2213,Inactive
EMP048977,Stephanie,Miller,Stephanie Miller,37,HR,Director,Miami,64195.45,4590.07,2021-09-16,15,66.2,stephanie.miller@company.com,(783) 374-6779,Active
EMP048978,Jessica,Martin,Jessica Martin,61,Legal,Director,Seattle,150976.97,12072.92,2021-02-27,36,55.6,jessica.martin@company.com,(228) 553-5620,Active
EMP048979,Michael,Hernandez,Michael Hernandez,63,Finance,Analyst,Miami,96939.7,6813.92,2020-11-22,40,60.5,michael.hernandez@company.com,(472) 607-5196,Inactive
EMP048980,Melissa,Jackson,Melissa Jackson,64,Legal,Lead,Austin,124662.26,10644.03,2020-06-16,37,78.4,melissa.jackson@company.com,(834) 978-3536,Active
EMP048981,Lisa,Garcia,Lisa Garcia,22,IT,Specialist,Los Angeles,55375.03,3373.37,2022-01-16,0,76.7,lisa.garcia@company.com,(904) 482-2714,Active
EMP048982,John,Rodriguez,John Rodriguez,46,Engineering,Lead,Los Angeles,109565.19,16121.67,2020-02-20,22,53.8,john.rodriguez@company.com,(302) 996-6215,On Leave
EMP048983,Ashley,Jackson,Ashley Jackson,37,IT,Analyst,Miami,86015.48,6337.99,2023-09-09,13,91.1,ashley.jackson@company.com,(365) 973-3846,On Leave
EMP048984,James,Smith,James Smith,24,Finance,Senior Developer,Boston,70319.63,917.33,2023-07-01,1,69.7,james.smith@company.com,(245) 995-5961,Active
EMP048985,Stephanie,Brown,Stephanie Brown,54,HR,Manager,Boston,60346.54,10436.03,2024-11-20,26,56.6,stephanie.brown@company.com,(518) 229-2619,Active
EMP048986,David,Jones,David Jones,34,Operations,Lead,San Francisco,41757.78,3607.94,2024-02-11,10,65.8,david.jones@company.com,(620) 654-4373,Active
EMP048987,Matthew,Martinez,Matthew Martinez,56,IT,Analyst,Boston,94353.41,7716.01,2023-10-12,29,93.2,matthew.martinez@company.com,(438) 660-2904,Active
EMP048988,Jane,Jackson,Jane Jackson,36,Sales,Senior Developer,Boston,79958.67,7432.35,2020-06-14,9,88.1,jane.jackson@company.com,(496) 707-3701,Active
EMP048989,James,Wilson,James Wilson,34,Engineering,Coordinator,Los Angeles,75721.39,1060.5,2023-05-04,9,90.9,james.wilson@company.com,(722) 283-9988,Active
EMP048990,William,Miller,William Miller,25,Sales,Analyst,Boston,63659.81,3996.92,2022-11-19,1,73.2,william.miller@company.com,(493) 890-4844,Active
EMP048991,Melissa,Johnson,Melissa Johnson,28,Marketing,Specialist,New York,62467.84,11133.32,2023-12-22,4,74.5,melissa.johnson@company.com,(914) 899-2878,Inactive
EMP048992,Daniel,Lopez,Daniel Lopez,38,Sales,Director,Boston,53465.37,6130.04,2021-12-24,14,43.8,daniel.lopez@company.com,(580) 232-8902,Active
EMP048993,Jessica,Jackson,Jessica Jackson,28,HR,Director,Austin,52868.15,5326.13,2022-02-09,2,80.1,jessica.jackson@company.com,(493) 497-6385,Active
EMP048994,Christopher,Thomas,Christopher Thomas,65,Engineering,Director,Boston,139377.05,7964.29,2020-12-08,36,98.6,christopher.thomas@company.com,(706) 284-6332,Active
EMP048995,David,Gonzalez,David Gonzalez,62,Legal,Senior Developer,Austin,101520.38,13121.25,2024-05-13,38,64.0,david.gonzalez@company.com,(896) 816-1230,Active
EMP048996,Nicole,Brown,Nicole Brown,50,Operations,Manager,Los Angeles,89653.22,11875.69,2022-03-30,24,78.5,nicole.brown@company.com,(725) 339-1179,Active
EMP048997,James,Johnson,James Johnson,60,Sales,Senior Developer,New York,60009.2,5909.11,2024-11-24,37,48.8,james.johnson@company.com,(866) 848-1498,Active
EMP048998,Ashley,Anderson,Ashley Anderson,51,Engineering,Coordinator,San Francisco,99484.13,18359.51,2023-10-09,28,85.9,ashley.anderson@company.com,(599) 701-6598,Active
EMP048999,Stephanie,Hernandez,Stephanie Hernandez,30,Marketing,Coordinator,Austin,63550.71,9971.5,2023-09-07,4,100.0,stephanie.hernandez@company.com,(815) 218-5388,Active
EMP049000,Lisa,Johnson,Lisa Johnson,65,Legal,Coordinator,Chicago,117068.58,6009.26,2022-02-22,39,76.2,lisa.johnson@company.com,(792) 478-1264,Active
EMP049001,William,Gonzalez,William Gonzalez,37,Marketing,Analyst,Los Angeles,45931.76,7164.43,2023-05-30,13,74.3,william.gonzalez@company.com,(794) 226-8029,Active
EMP049002,James,Taylor,James Taylor,33,Engineering,Director,New York,99218.33,20309.04,2020-06-21,7,84.0,james.taylor@company.com,(762) 427-2061,Active
EMP049003,Daniel,Gonzalez,Daniel Gonzalez,37,Finance,Director,Seattle,83378.81,3052.38,2022-08-25,14,74.6,daniel.gonzalez@company.com,(639) 904-6637,Active
EMP049004,Lisa,Davis,Lisa Davis,57,Marketing,Manager,San Francisco,73311.51,0.0,2024-01-26,28,75.2,lisa.davis@company.com,(218) 916-3212,Active
EMP049005,Melissa,Davis,Melissa Davis,35,Sales,Director,Austin,87552.52,12170.31,2020-07-19,10,59.6,melissa.davis@company.com,(315) 434-2075,Inactive
EMP049006,Lisa,Smith,Lisa Smith,32,Finance,Senior Developer,Los Angeles,91968.8,0.0,2020-11-14,5,64.5,lisa.smith@company.com,(513) 505-8140,On Leave
EMP049007,Nicole,Miller,Nicole Miller,52,Engineering,Director,San Francisco,101031.78,14907.98,2023-10-20,24,78.6,nicole.miller@company.com,(690) 262-3998,Active
EMP049008,Jane,Brown,Jane Brown,41,Engineering,Specialist,Chicago,121124.31,3820.58,2021-10-05,19,72.6,jane.brown@company.com,(569) 765-4792,Active
EMP049009,Christopher,Johnson,Christopher Johnson,26,Marketing,Manager,Austin,45251.85,3558.86,2023-08-22,2,100.0,christopher.johnson@company.com,(873) 359-9734,Active
EMP049010,David,Miller,David Miller,28,HR,Lead,New York,42062.69,1515.7,2021-01-28,6,68.8,david.miller@company.com,(640) 626-8564,Active
EMP049011,Anthony,Garcia,Anthony Garcia,28,Engineering,Coordinator,Los Angeles,103386.44,6834.44,2024-01-15,1,86.2,anthony.garcia@company.com,(886) 786-7720,Active
EMP049012,Anthony,Davis,Anthony Davis,27,Marketing,Manager,Seattle,63636.42,5740.36,2022-04-23,0,82.5,anthony.davis@company.com,(334) 968-6982,Active
EMP049013,Emily,Garcia,Emily Garcia,60,Operations,Senior Developer,Seattle,80746.18,4262.81,2024-09-04,33,76.6,emily.garcia@company.com,(475) 347-2217,Active
EMP049014,William,Thomas,William Thomas,41,Sales,Senior Developer,Seattle,39608.22,6705.35,2022-05-08,18,79.8,william.thomas@company.com,(381) 908-2296,Active
EMP049015,Daniel,Martinez,Daniel Martinez,32,Sales,Associate,Boston,86129.35,7389.96,2023-07-05,10,99.9,daniel.martinez@company.com,(579) 643-2404,Inactive
EMP049016,David,Davis,David Davis,30,IT,Coordinator,Los Angeles,65460.64,7954.61,2023-01-17,7,81.2,david.davis@company.com,(391) 646-2656,Active
EMP049017,John,Williams,John Williams,49,Finance,Manager,Austin,108819.99,13727.52,2021-05-01,25,76.2,john.williams@company.com,(620) 509-8441,Active
EMP049018,Nicole,Wilson,Nicole Wilson,32,Engineering,Lead,San Francisco,80142.9,5583.31,2021-01-17,9,68.4,nicole.wilson@company.com,(211) 731-3011,Active
EMP049019,Jane,Rodriguez,Jane Rodriguez,47,HR,Lead,Chicago,104038.99,5531.95,2024-02-07,22,72.0,jane.rodriguez@company.com,(289) 327-3069,Active
EMP049020,Robert,Taylor,Robert Taylor,42,Engineering,Senior Developer,Los Angeles,68725.24,2588.52,2024-02-22,13,64.5,robert.taylor@company.com,(993) 883-6744,On Leave
EMP049021,Melissa,Brown,Melissa Brown,60,Marketing,Lead,Chicago,91291.51,10636.73,2020-01-14,35,95.3,melissa.brown@company.com,(804) 686-1944,Active
EMP049022,Nicole,Martinez,Nicole Martinez,53,HR,Associate,Austin,102701.2,15296.98,2020-03-30,26,81.9,nicole.martinez@company.com,(412) 975-2506,Active
EMP049023,Daniel,Hernandez,Daniel Hernandez,46,Operations,Director,Los Angeles,71079.82,10798.7,2021-02-20,20,94.1,daniel.hernandez@company.com,(940) 285-5868,Active
EMP049024,Christopher,Wilson,Christopher Wilson,48,Legal,Analyst,Los Angeles,113058.29,7794.87,2020-12-25,23,78.2,christopher.wilson@company.com,(274) 958-4199,Active
EMP049025,Matthew,Anderson,Matthew Anderson,33,Operations,Director,Austin,64635.41,3428.89,2022-08-06,5,84.8,matthew.anderson@company.com,(744) 395-3903,Active
EMP049026,James,Smith,James Smith,46,IT,Manager,New York,66960.0,11369.57,2022-04-06,24,100.0,james.smith@company.com,(914) 732-4744,Inactive
EMP049027,Sarah,Miller,Sarah Miller,45,Sales,Specialist,Chicago,78211.89,10973.26,2022-08-17,19,97.9,sarah.miller@company.com,(985) 447-1475,Active
EMP049028,Lisa,Martin,Lisa Martin,32,Marketing,Lead,New York,92197.75,3643.86,2023-04-24,4,53.0,lisa.martin@company.com,(956) 226-5905,Active
EMP049029,John,Martin,John Martin,26,IT,Director,Seattle,61755.06,8674.55,2024-09-30,0,80.6,john.martin@company.com,(611) 402-3889,Inactive
EMP049030,David,Williams,David Williams,25,Legal,Analyst,Miami,57930.89,4409.76,2021-05-14,0,62.6,david.williams@company.com,(308) 487-4313,Active
EMP049031,Sarah,Martin,Sarah Martin,60,Operations,Senior Developer,Los Angeles,82708.63,5241.97,2020-10-02,38,48.8,sarah.martin@company.com,(795) 856-7601,Active
EMP049032,Nicole,Thomas,Nicole Thomas,39,Marketing,Associate,Seattle,66173.68,7736.56,2022-08-02,13,76.3,nicole.thomas@company.com,(775) 654-3856,Active
EMP049033,Lisa,Thomas,Lisa Thomas,42,Legal,Manager,Los Angeles,98823.23,2606.57,2021-02-25,13,74.1,lisa.thomas@company.com,(282) 769-2443,Active
EMP049034,William,Anderson,William Anderson,44,Legal,Associate,San Francisco,107610.92,9250.48,2023-08-16,19,100.0,william.anderson@company.com,(508) 938-7419,Active
EMP049035,David,Garcia,David Garcia,44,Sales,Coordinator,New York,68283.5,936.81,2020-08-21,19,89.3,david.garcia@company.com,(499) 971-2908,Active
EMP049036,Daniel,Miller,Daniel Miller,53,Sales,Analyst,Seattle,81068.59,11590.35,2024-10-22,29,77.9,daniel.miller@company.com,(305) 269-1924,Active
EMP049037,William,Thomas,William Thomas,59,HR,Specialist,Los Angeles,78877.15,5674.0,2021-03-17,30,75.8,william.thomas@company.com,(801) 484-3303,Active
EMP049038,Jane,Williams,Jane Williams,35,Operations,Director,Los Angeles,73335.08,8237.95,2022-07-31,11,88.5,jane.williams@company.com,(280) 486-1475,Active
EMP049039,Stephanie,Smith,Stephanie Smith,48,IT,Lead,Austin,85693.45,8058.32,2020-12-08,19,91.7,stephanie.smith@company.com,(976) 638-7413,Active
EMP049040,Melissa,Hernandez,Melissa Hernandez,54,Engineering,Director,Miami,104404.53,11698.83,2024-05-29,31,62.6,melissa.hernandez@company.com,(644) 309-4724,Active
EMP049041,Amanda,Jackson,Amanda Jackson,40,Legal,Director,New York,88155.7,14194.79,2020-06-21,15,89.6,amanda.jackson@company.com,(833) 675-2266,Active
EMP049042,Christopher,Jackson,Christopher Jackson,32,Engineering,Analyst,Los Angeles,86544.63,7825.77,2020-04-23,5,78.7,christopher.jackson@company.com,(882) 302-8957,Active
EMP049043,Nicole,Jones,Nicole Jones,43,Engineering,Analyst,Seattle,111407.33,2310.82,2023-03-09,19,73.5,nicole.jones@company.com,(971) 508-3844,Inactive
EMP049044,Sarah,Jones,Sarah Jones,36,Legal,Specialist,Miami,111822.13,16765.79,2023-09-03,10,65.4,sarah.jones@company.com,(641) 441-8447,Active
EMP049045,William,Moore,William Moore,40,IT,Coordinator,Chicago,94991.07,4899.8,2024-02-04,16,100.0,william.moore@company.com,(742) 524-4469,Active
EMP049046,Jane,Williams,Jane Williams,27,Legal,Senior Developer,Los Angeles,65614.64,5544.25,2023-03-15,5,63.2,jane.williams@company.com,(203) 291-4156,Active
EMP049047,Michael,Johnson,Michael Johnson,45,Engineering,Specialist,New York,78041.0,7835.16,2020-12-27,19,76.7,michael.johnson@company.com,(201) 376-9738,Inactive
EMP049048,Stephanie,Anderson,Stephanie Anderson,22,Engineering,Analyst,Boston,41924.61,4407.14,2020-06-15,0,94.3,stephanie.anderson@company.com,(567) 406-8219,Active
EMP049049,Nicole,Smith,Nicole Smith,63,Legal,Lead,Miami,129600.26,5098.08,2022-02-07,36,77.3,nicole.smith@company.com,(511) 962-5314,Active
EMP049050,Nicole,Davis,Nicole Davis,61,Sales,Lead,San Francisco,104806.48,15683.15,2023-12-21,34,100.0,nicole.davis@company.com,(375) 606-5948,Active
EMP049051,Jane,Thomas,Jane Thomas,50,Legal,Senior Developer,Los Angeles,130419.93,14770.57,2023-06-21,27,61.5,jane.thomas@company.com,(557) 732-4699,Active
EMP049052,Stephanie,Davis,Stephanie Davis,46,Operations,Manager,Miami,60118.18,7106.33,2021-07-08,20,75.5,stephanie.davis@company.com,(500) 557-8901,Active
EMP049053,Lisa,Gonzalez,Lisa Gonzalez,48,Finance,Analyst,San Francisco,95598.09,5026.2,2022-10-03,24,63.8,lisa.gonzalez@company.com,(447) 380-6582,Active
EMP049054,Ashley,Miller,Ashley Miller,28,IT,Manager,San Francisco,115120.4,10810.69,2021-10-04,4,64.7,ashley.miller@company.com,(341) 970-2524,On Leave
EMP049055,Melissa,Martin,Melissa Martin,35,Legal,Associate,Miami,136260.1,14153.63,2020-10-01,12,67.7,melissa.martin@company.com,(392) 301-8531,Active
EMP049056,Lisa,Rodriguez,Lisa Rodriguez,26,Legal,Director,Miami,75084.74,7903.61,2020-11-27,3,69.9,lisa.rodriguez@company.com,(636) 947-2020,On Leave
EMP049057,Jessica,Anderson,Jessica Anderson,58,Marketing,Analyst,Boston,74425.83,12947.45,2020-04-26,32,69.1,jessica.anderson@company.com,(489) 866-4946,Active
EMP049058,Melissa,Thomas,Melissa Thomas,24,Engineering,Manager,Los Angeles,83269.86,11801.53,2022-07-04,0,79.6,melissa.thomas@company.com,(776) 322-8772,Active
EMP049059,Michael,Hernandez,Michael Hernandez,30,Marketing,Lead,Miami,44644.33,4460.97,2022-05-14,6,69.3,michael.hernandez@company.com,(705) 772-5413,Active
EMP049060,Sarah,Miller,Sarah Miller,51,Engineering,Director,Los Angeles,79448.68,13450.8,2022-10-19,27,100.0,sarah.miller@company.com,(572) 879-3152,Active
EMP049061,David,Lopez,David Lopez,42,HR,Specialist,Boston,69706.09,5649.81,2021-09-25,17,87.2,david.lopez@company.com,(385) 339-9078,Inactive
EMP049062,David,Jackson,David Jackson,51,Marketing,Lead,Boston,69723.32,11134.4,2023-07-20,27,71.6,david.jackson@company.com,(821) 521-2972,Active
EMP049063,Jane,Miller,Jane Miller,34,Legal,Associate,New York,119575.89,15033.33,2020-11-29,5,64.1,jane.miller@company.com,(400) 217-6080,Active
EMP049064,David,Jackson,David Jackson,40,Marketing,Associate,Boston,42440.12,2771.77,2022-12-19,11,85.8,david.jackson@company.com,(618) 394-8437,Active
EMP049065,John,Hernandez,John Hernandez,50,Sales,Lead,Chicago,80593.31,10760.23,2023-10-01,28,54.5,john.hernandez@company.com,(623) 570-3105,Active
EMP049066,Stephanie,Rodriguez,Stephanie Rodriguez,61,Sales,Associate,Miami,107016.86,23044.07,2022-02-23,38,86.1,stephanie.rodriguez@company.com,(952) 855-6680,Active
EMP049067,Robert,Williams,Robert Williams,25,Finance,Coordinator,Austin,70916.81,5961.77,2023-10-19,0,89.5,robert.williams@company.com,(842) 227-7340,Active
EMP049068,Sarah,Miller,Sarah Miller,34,Finance,Senior Developer,San Francisco,66760.28,6157.28,2020-11-07,7,41.1,sarah.miller@company.com,(695) 825-3776,On Leave
EMP049069,Sarah,Rodriguez,Sarah Rodriguez,30,Finance,Coordinator,Los Angeles,50965.67,5506.07,2024-05-24,4,66.4,sarah.rodriguez@company.com,(983) 936-5428,Active
EMP049070,James,Gonzalez,James Gonzalez,46,HR,Manager,Boston,67389.96,1801.51,2023-12-18,22,44.1,james.gonzalez@company.com,(666) 916-4113,Active
EMP049071,Lisa,Williams,Lisa Williams,24,Marketing,Associate,Boston,65118.55,8795.84,2021-01-06,0,77.8,lisa.williams@company.com,(490) 528-6029,On Leave
EMP049072,John,Johnson,John Johnson,48,HR,Specialist,New York,51953.03,3443.87,2022-06-21,19,66.1,john.johnson@company.com,(802) 631-3297,Active
EMP049073,Christopher,Smith,Christopher Smith,64,Marketing,Senior Developer,San Francisco,109285.05,5759.95,2023-01-05,40,86.6,christopher.smith@company.com,(884) 963-7849,Active
EMP049074,John,Anderson,John Anderson,60,Marketing,Senior Developer,Austin,77314.47,8985.32,2022-06-04,31,51.3,john.anderson@company.com,(951) 947-6048,Inactive
EMP049075,Christopher,Jones,Christopher Jones,32,IT,Lead,San Francisco,69839.71,8878.27,2023-04-01,8,73.6,christopher.jones@company.com,(944) 282-4405,Active
EMP049076,Jessica,Smith,Jessica Smith,39,Engineering,Lead,Austin,59299.76,1322.63,2022-08-24,13,68.4,jessica.smith@company.com,(893) 310-8936,Active
EMP049077,Nicole,Davis,Nicole Davis,55,Finance,Analyst,Austin,94792.46,3759.86,2024-03-03,27,94.2,nicole.davis@company.com,(750) 250-4845,Active
EMP049078,John,Garcia,John Garcia,37,IT,Analyst,San Francisco,79849.42,8715.16,2022-05-17,15,60.2,john.garcia@company.com,(266) 895-7843,Inactive
EMP049079,Melissa,Brown,Melissa Brown,59,IT,Director,Miami,135591.26,20626.31,2023-02-02,36,77.1,melissa.brown@company.com,(592) 661-2863,Active
EMP049080,John,Taylor,John Taylor,51,HR,Associate,Miami,79953.93,9362.05,2023-07-01,26,58.3,john.taylor@company.com,(843) 398-6679,On Leave
EMP049081,Robert,Martin,Robert Martin,51,Finance,Senior Developer,Los Angeles,68491.4,6291.9,2021-08-29,26,86.5,robert.martin@company.com,(597) 256-5488,Active
EMP049082,Anthony,Thomas,Anthony Thomas,55,Engineering,Coordinator,Austin,116719.71,8642.54,2021-12-20,31,61.8,anthony.thomas@company.com,(420) 794-4225,Active
EMP049083,Ashley,Moore,Ashley Moore,47,HR,Director,Chicago,57841.76,2325.41,2023-11-05,21,52.7,ashley.moore@company.com,(257) 940-7268,Active
EMP049084,Daniel,Anderson,Daniel Anderson,37,Operations,Analyst,San Francisco,45417.01,5242.69,2020-09-10,15,94.9,daniel.anderson@company.com,(748) 352-5212,Active
EMP049085,Christopher,Brown,Christopher Brown,56,IT,Lead,Boston,102389.2,12087.25,2022-02-28,27,73.0,christopher.brown@company.com,(580) 663-9452,On Leave
EMP049086,Jessica,Anderson,Jessica Anderson,54,Marketing,Lead,New York,87243.02,10491.83,2022-09-28,27,79.5,jessica.anderson@company.com,(600) 815-4625,Active
EMP049087,Melissa,Jones,Melissa Jones,56,Finance,Lead,New York,100340.42,11990.45,2023-03-19,33,85.0,melissa.jones@company.com,(748) 898-4151,Inactive
EMP049088,Sarah,Gonzalez,Sarah Gonzalez,40,IT,Senior Developer,San Francisco,54791.4,5078.87,2020-06-29,18,54.8,sarah.gonzalez@company.com,(250) 445-4309,Active
EMP049089,Stephanie,Williams,Stephanie Williams,30,Sales,Specialist,Boston,60436.14,8171.64,2023-07-22,7,94.6,stephanie.williams@company.com,(315) 736-9774,Active
EMP049090,Stephanie,Martin,Stephanie Martin,64,IT,Director,Seattle,112635.68,8888.91,2020-07-24,39,53.8,stephanie.martin@company.com,(624) 467-4870,Active
EMP049091,Lisa,Anderson,Lisa Anderson,64,Engineering,Lead,Austin,113249.35,11253.18,2023-11-14,41,51.2,lisa.anderson@company.com,(792) 887-8011,Active
EMP049092,Ashley,Taylor,Ashley Taylor,52,Marketing,Director,Seattle,66796.91,0.0,2021-10-18,27,69.9,ashley.taylor@company.com,(264) 208-2068,Active
EMP049093,David,Smith,David Smith,59,Operations,Senior Developer,New York,70922.16,2616.31,2022-06-21,36,50.3,david.smith@company.com,(952) 627-6518,Active
EMP049094,Daniel,Hernandez,Daniel Hernandez,58,HR,Director,New York,95294.01,8169.08,2024-12-19,31,100.0,daniel.hernandez@company.com,(761) 932-7273,Active
EMP049095,Lisa,Brown,Lisa Brown,31,Engineering,Lead,Boston,66945.05,8580.23,2023-06-23,2,95.9,lisa.brown@company.com,(675) 633-6226,Inactive
EMP049096,Jane,Williams,Jane Williams,48,Legal,Analyst,San Francisco,90395.11,10305.4,2022-01-12,26,95.4,jane.williams@company.com,(810) 768-2707,Active
EMP049097,James,Anderson,James Anderson,34,Marketing,Senior Developer,Seattle,54697.82,2691.89,2024-08-04,5,91.0,james.anderson@company.com,(614) 869-3903,Inactive
EMP049098,Christopher,Lopez,Christopher Lopez,57,Finance,Associate,Austin,86033.18,7605.83,2023-05-18,29,91.6,christopher.lopez@company.com,(783) 982-7901,Active
EMP049099,Stephanie,Moore,Stephanie Moore,43,HR,Senior Developer,Miami,85065.19,13912.07,2021-03-14,18,61.2,stephanie.moore@company.com,(924) 576-5424,Active
EMP049100,Jane,Moore,Jane Moore,51,Operations,Manager,New York,49666.82,3358.2,2023-05-29,22,71.7,jane.moore@company.com,(947) 582-8747,Active
EMP049101,James,Garcia,James Garcia,65,Finance,Senior Developer,San Francisco,83466.16,5050.29,2021-09-28,43,82.3,james.garcia@company.com,(665) 317-3145,Active
EMP049102,John,Lopez,John Lopez,30,Operations,Specialist,Boston,57613.96,5186.93,2024-09-10,1,24.0,john.lopez@company.com,(797) 606-2382,Active
EMP049103,Nicole,Moore,Nicole Moore,48,Operations,Analyst,Miami,77390.66,9831.27,2023-04-24,23,73.1,nicole.moore@company.com,(491) 892-8900,Active
EMP049104,Amanda,Moore,Amanda Moore,37,Sales,Specialist,Boston,89047.16,11885.28,2024-10-12,8,69.4,amanda.moore@company.com,(697) 599-4862,Active
EMP049105,Robert,Gonzalez,Robert Gonzalez,52,Operations,Specialist,Miami,74267.7,1746.03,2024-06-19,29,95.1,robert.gonzalez@company.com,(662) 588-9218,Active
EMP049106,Emily,Lopez,Emily Lopez,23,Operations,Associate,Chicago,58519.36,8031.2,2023-04-03,0,56.8,emily.lopez@company.com,(765) 554-2522,Active
EMP049107,Matthew,Moore,Matthew Moore,61,Marketing,Specialist,New York,104051.26,5839.61,2022-07-02,38,53.6,matthew.moore@company.com,(516) 304-3699,On Leave
EMP049108,David,Taylor,David Taylor,47,Sales,Manager,San Francisco,71091.19,10245.67,2024-08-18,25,58.8,david.taylor@company.com,(422) 691-4507,Active
EMP049109,Sarah,Gonzalez,Sarah Gonzalez,33,Finance,Coordinator,Boston,89307.71,6521.62,2022-08-02,6,99.3,sarah.gonzalez@company.com,(472) 432-8240,Inactive
EMP049110,William,Anderson,William Anderson,22,Finance,Lead,Miami,33000.0,3872.87,2021-05-13,0,89.9,william.anderson@company.com,(497) 346-6525,Active
EMP049111,David,Wilson,David Wilson,59,Marketing,Specialist,Seattle,106448.89,9062.97,2023-10-06,36,83.3,david.wilson@company.com,(272) 816-2729,Active
EMP049112,Jessica,Williams,Jessica Williams,32,Marketing,Coordinator,Los Angeles,67246.78,5707.0,2020-12-28,8,69.0,jessica.williams@company.com,(669) 720-9309,Active
EMP049113,Jessica,Wilson,Jessica Wilson,33,Operations,Analyst,Chicago,50998.37,4360.32,2021-05-31,11,72.2,jessica.wilson@company.com,(790) 781-4142,Active
EMP049114,Christopher,Miller,Christopher Miller,23,Finance,Manager,Austin,48520.14,4815.33,2024-04-25,0,75.7,christopher.miller@company.com,(782) 457-1890,Active
EMP049115,Stephanie,Thomas,Stephanie Thomas,37,Marketing,Specialist,Austin,66841.8,0.0,2020-12-17,8,87.8,stephanie.thomas@company.com,(670) 930-7655,Active
EMP049116,Melissa,Hernandez,Melissa Hernandez,58,Operations,Specialist,Miami,70375.1,10653.7,2021-07-02,31,69.0,melissa.hernandez@company.com,(530) 945-3071,Active
EMP049117,Jane,Lopez,Jane Lopez,25,HR,Manager,Los Angeles,58906.01,3127.35,2023-09-23,3,69.4,jane.lopez@company.com,(740) 563-9703,Active
EMP049118,John,Johnson,John Johnson,38,Legal,Specialist,Los Angeles,60723.25,7350.75,2021-04-16,9,53.5,john.johnson@company.com,(592) 533-3349,Active
EMP049119,Matthew,Martinez,Matthew Martinez,43,Engineering,Director,Miami,82463.09,3856.91,2023-12-11,19,67.4,matthew.martinez@company.com,(829) 861-8381,Active
EMP049120,Emily,Johnson,Emily Johnson,28,Sales,Specialist,New York,66650.42,9812.16,2024-06-11,0,100.0,emily.johnson@company.com,(532) 216-3268,Active
EMP049121,David,Hernandez,David Hernandez,45,Finance,Senior Developer,Austin,77745.22,7356.65,2022-05-13,21,89.5,david.hernandez@company.com,(533) 367-8521,Active
EMP049122,Matthew,Brown,Matthew Brown,53,Sales,Coordinator,Los Angeles,76245.6,14577.02,2020-11-27,24,68.4,matthew.brown@company.com,(655) 311-1949,Active
EMP049123,David,Anderson,David Anderson,40,Legal,Senior Developer,New York,92113.37,7870.14,2020-10-10,15,65.9,david.anderson@company.com,(514) 933-1279,Active
EMP049124,Sarah,Lopez,Sarah Lopez,32,Marketing,Director,Chicago,51424.64,5609.33,2024-08-21,9,66.4,sarah.lopez@company.com,(382) 860-7317,Active
EMP049125,Anthony,Gonzalez,Anthony Gonzalez,59,Sales,Lead,New York,106755.93,14260.39,2021-01-10,35,84.5,anthony.gonzalez@company.com,(886) 774-9280,Active
EMP049126,Jane,Moore,Jane Moore,39,HR,Lead,Boston,68560.05,2641.14,2024-03-10,10,54.2,jane.moore@company.com,(320) 779-4488,Active
EMP049127,Lisa,Johnson,Lisa Johnson,57,Operations,Associate,Los Angeles,76781.11,4802.04,2022-10-25,32,94.1,lisa.johnson@company.com,(810) 553-8582,Active
EMP049128,Robert,Hernandez,Robert Hernandez,29,Sales,Specialist,Boston,62582.77,2734.56,2024-04-25,3,96.7,robert.hernandez@company.com,(305) 322-2339,Active
EMP049129,William,Lopez,William Lopez,33,Legal,Specialist,Austin,86766.06,4173.92,2023-08-12,10,84.0,william.lopez@company.com,(475) 256-3748,Inactive
EMP049130,Matthew,Garcia,Matthew Garcia,47,Legal,Lead,Chicago,104645.4,9352.07,2021-10-25,21,67.5,matthew.garcia@company.com,(427) 874-3732,Active
EMP049131,Lisa,Johnson,Lisa Johnson,62,Operations,Director,Chicago,83608.88,416.91,2023-07-26,34,61.5,lisa.johnson@company.com,(989) 414-5799,Active
EMP049132,Emily,Thomas,Emily Thomas,32,Engineering,Coordinator,Austin,122086.98,22745.78,2024-08-30,4,81.1,emily.thomas@company.com,(335) 589-8980,Active
EMP049133,William,Jackson,William Jackson,37,IT,Director,Boston,92102.21,10225.75,2023-12-18,13,88.2,william.jackson@company.com,(321) 587-8541,Active
EMP049134,Christopher,Hernandez,Christopher Hernandez,32,Sales,Director,Boston,70107.77,5542.37,2022-07-10,4,100.0,christopher.hernandez@company.com,(655) 808-2360,Active
EMP049135,Jessica,Davis,Jessica Davis,56,Marketing,Associate,Chicago,75078.97,6166.96,2024-02-16,31,80.7,jessica.davis@company.com,(567) 229-6167,Active
EMP049136,Jessica,Hernandez,Jessica Hernandez,47,Engineering,Analyst,Austin,113771.25,11132.18,2021-06-26,21,77.5,jessica.hernandez@company.com,(465) 863-4931,Active
EMP049137,David,Thomas,David Thomas,59,Legal,Specialist,San Francisco,112173.92,4400.0,2023-09-05,37,68.7,david.thomas@company.com,(327) 683-4121,Active
EMP049138,William,Taylor,William Taylor,61,Finance,Specialist,New York,123763.57,19293.24,2023-05-06,32,61.8,william.taylor@company.com,(884) 794-1486,Active
EMP049139,James,Jackson,James Jackson,22,HR,Lead,Seattle,51474.42,8387.47,2024-09-01,0,100.0,james.jackson@company.com,(630) 420-9518,Active
EMP049140,John,Martinez,John Martinez,58,Finance,Lead,San Francisco,66024.37,4597.23,2021-10-14,31,85.3,john.martinez@company.com,(497) 704-1192,Active
EMP049141,Nicole,Smith,Nicole Smith,34,Finance,Senior Developer,New York,52180.43,1495.78,2023-06-08,7,91.1,nicole.smith@company.com,(597) 481-5357,On Leave
EMP049142,Sarah,Lopez,Sarah Lopez,49,Legal,Manager,Austin,99686.03,14100.24,2022-03-07,22,68.2,sarah.lopez@company.com,(428) 850-7350,Active
EMP049143,Stephanie,Brown,Stephanie Brown,46,IT,Analyst,Seattle,86950.82,6084.79,2021-02-23,23,73.8,stephanie.brown@company.com,(287) 719-3547,Active
EMP049144,Sarah,Brown,Sarah Brown,30,Engineering,Specialist,Austin,95580.18,6331.98,2023-06-01,8,64.0,sarah.brown@company.com,(582) 586-4920,Active
EMP049145,John,Miller,John Miller,28,Engineering,Lead,New York,67387.47,7353.19,2024-08-23,0,70.8,john.miller@company.com,(508) 332-8227,Active
EMP049146,Matthew,Johnson,Matthew Johnson,54,Marketing,Analyst,Seattle,76376.22,5763.92,2023-01-02,27,56.9,matthew.johnson@company.com,(390) 600-2166,Active
EMP049147,James,Wilson,James Wilson,54,Sales,Specialist,Chicago,94569.57,9291.72,2024-12-13,32,53.4,james.wilson@company.com,(246) 587-9516,Active
EMP049148,David,Lopez,David Lopez,38,Operations,Senior Developer,Seattle,35835.84,813.9,2020-02-22,14,61.2,david.lopez@company.com,(430) 485-5132,Active
EMP049149,Matthew,Wilson,Matthew Wilson,61,Finance,Director,Chicago,72639.18,1798.52,2021-04-20,35,85.2,matthew.wilson@company.com,(918) 974-2671,Inactive
EMP049150,David,Taylor,David Taylor,61,Legal,Specialist,Seattle,114070.42,13396.28,2021-03-27,33,70.9,david.taylor@company.com,(921) 772-7341,Active
EMP049151,Robert,Thomas,Robert Thomas,49,Sales,Specialist,Boston,73454.58,8755.26,2020-09-07,24,56.8,robert.thomas@company.com,(662) 824-9599,Active
EMP049152,Ashley,Wilson,Ashley Wilson,27,Engineering,Director,Austin,78178.62,14105.05,2023-06-30,0,73.8,ashley.wilson@company.com,(936) 850-2828,Active
EMP049153,Lisa,Smith,Lisa Smith,46,Legal,Specialist,Boston,78353.08,5073.51,2021-07-31,22,100.0,lisa.smith@company.com,(759) 384-1229,Active
EMP049154,James,Moore,James Moore,48,Sales,Lead,Boston,82022.86,4093.62,2022-09-22,19,64.5,james.moore@company.com,(212) 568-1935,Active
EMP049155,James,Jackson,James Jackson,46,HR,Manager,Miami,78751.98,7934.85,2023-07-21,24,67.2,james.jackson@company.com,(905) 254-1044,Active
EMP049156,John,Jones,John Jones,40,Operations,Senior Developer,Austin,36697.76,2191.91,2022-12-26,17,97.6,john.jones@company.com,(308) 351-5375,Active
EMP049157,Lisa,Rodriguez,Lisa Rodriguez,33,Engineering,Specialist,Boston,71348.31,7459.74,2024-02-16,5,91.4,lisa.rodriguez@company.com,(387) 207-6840,Active
EMP049158,William,Jones,William Jones,22,Marketing,Analyst,Boston,48207.12,3724.48,2021-11-22,0,89.3,william.jones@company.com,(722) 596-3392,Active
EMP049159,Amanda,Martin,Amanda Martin,24,Operations,Manager,San Francisco,42680.79,2054.07,2022-11-25,2,64.8,amanda.martin@company.com,(834) 568-2738,Active
EMP049160,William,Miller,William Miller,27,HR,Specialist,Seattle,49750.33,4096.86,2022-01-23,0,70.6,william.miller@company.com,(754) 275-3995,Active
EMP049161,Robert,Martinez,Robert Martinez,30,Operations,Analyst,Austin,60650.1,1552.13,2023-01-10,5,51.0,robert.martinez@company.com,(520) 292-6076,Active
EMP049162,Jessica,Hernandez,Jessica Hernandez,48,IT,Manager,New York,74283.94,10826.37,2020-02-02,21,88.8,jessica.hernandez@company.com,(646) 463-8102,Active
EMP049163,Robert,Anderson,Robert Anderson,52,Operations,Coordinator,Boston,48350.42,4371.74,2023-01-01,28,83.7,robert.anderson@company.com,(322) 520-6517,Active
EMP049164,Robert,Taylor,Robert Taylor,44,Finance,Lead,Miami,93010.86,3423.6,2024-11-05,15,70.5,robert.taylor@company.com,(715) 660-7435,Active
EMP049165,James,Brown,James Brown,28,Engineering,Manager,Boston,105286.31,13674.58,2023-11-17,2,79.4,james.brown@company.com,(682) 606-1790,Active
EMP049166,Daniel,Taylor,Daniel Taylor,22,Sales,Lead,San Francisco,64925.11,6595.13,2024-05-15,0,67.7,daniel.taylor@company.com,(644) 657-3903,Active
EMP049167,Melissa,Garcia,Melissa Garcia,62,Operations,Director,New York,89298.59,12964.15,2024-04-17,37,74.6,melissa.garcia@company.com,(572) 401-5297,Inactive
EMP049168,Daniel,Anderson,Daniel Anderson,40,Marketing,Senior Developer,San Francisco,49170.65,5689.26,2022-08-25,15,82.0,daniel.anderson@company.com,(725) 640-2291,Active
EMP049169,Ashley,Johnson,Ashley Johnson,30,HR,Senior Developer,New York,56845.38,1417.98,2020-10-12,4,40.7,ashley.johnson@company.com,(714) 605-1724,Active
EMP049170,Jane,Moore,Jane Moore,46,Marketing,Coordinator,San Francisco,73942.34,12348.73,2021-06-30,17,61.6,jane.moore@company.com,(856) 861-1063,Inactive
EMP049171,Robert,Taylor,Robert Taylor,36,Finance,Specialist,Boston,75135.02,10034.89,2021-10-13,13,78.9,robert.taylor@company.com,(536) 461-2457,Active
EMP049172,Amanda,Thomas,Amanda Thomas,28,Legal,Associate,San Francisco,121890.21,11688.42,2021-09-18,6,69.4,amanda.thomas@company.com,(789) 757-1315,Active
EMP049173,Robert,Martin,Robert Martin,41,IT,Analyst,Chicago,91231.33,0.0,2021-02-02,15,73.8,robert.martin@company.com,(584) 780-7330,Active
EMP049174,Stephanie,Wilson,Stephanie Wilson,34,Finance,Associate,Austin,38625.34,1607.15,2021-08-23,10,89.1,stephanie.wilson@company.com,(241) 909-7058,Active
EMP049175,William,Lopez,William Lopez,54,Engineering,Coordinator,Chicago,114912.75,12827.13,2020-01-17,31,72.9,william.lopez@company.com,(441) 528-5571,Active
EMP049176,John,Miller,John Miller,39,IT,Lead,Chicago,72914.17,7976.3,2022-01-18,17,75.5,john.miller@company.com,(435) 735-4640,Active
EMP049177,Emily,Martinez,Emily Martinez,33,IT,Manager,Boston,79814.75,4470.33,2024-02-25,6,91.6,emily.martinez@company.com,(584) 310-8566,Active
EMP049178,Emily,Wilson,Emily Wilson,30,Finance,Analyst,Chicago,68203.4,159.65,2021-01-22,1,67.0,emily.wilson@company.com,(542) 718-4552,Active
EMP049179,John,Jackson,John Jackson,49,Legal,Lead,Miami,91774.93,4328.48,2021-04-17,24,71.7,john.jackson@company.com,(552) 778-9416,Active
EMP049180,Jessica,Lopez,Jessica Lopez,43,IT,Associate,New York,68618.36,603.52,2023-04-13,20,52.1,jessica.lopez@company.com,(307) 445-5472,Active
EMP049181,Amanda,Garcia,Amanda Garcia,31,Marketing,Senior Developer,Chicago,88002.77,10860.82,2023-08-03,8,76.9,amanda.garcia@company.com,(452) 553-7873,Active
EMP049182,Anthony,Anderson,Anthony Anderson,59,Finance,Lead,Austin,68187.59,8454.54,2023-04-27,31,41.1,anthony.anderson@company.com,(461) 299-3438,Active
EMP049183,Stephanie,Moore,Stephanie Moore,40,Marketing,Analyst,San Francisco,100118.19,17237.97,2022-01-19,14,74.6,stephanie.moore@company.com,(362) 260-4850,Active
EMP049184,Anthony,Martinez,Anthony Martinez,50,HR,Senior Developer,Austin,85220.27,9793.8,2022-06-10,27,80.3,anthony.martinez@company.com,(386) 543-3677,Active
EMP049185,David,Martin,David Martin,63,Operations,Analyst,Boston,73768.55,9943.28,2024-11-10,37,66.6,david.martin@company.com,(741) 749-6956,Active
EMP049186,Amanda,Wilson,Amanda Wilson,56,Legal,Manager,Austin,91350.62,5685.44,2020-02-08,30,92.7,amanda.wilson@company.com,(664) 575-8568,Active
EMP049187,Christopher,Wilson,Christopher Wilson,60,IT,Associate,Los Angeles,83932.7,12018.83,2023-08-01,32,95.0,christopher.wilson@company.com,(648) 503-2188,Active
EMP049188,Robert,Smith,Robert Smith,38,Finance,Coordinator,Boston,66685.63,6627.66,2024-08-07,11,67.2,robert.smith@company.com,(373) 258-6649,Active
EMP049189,Michael,Wilson,Michael Wilson,42,IT,Lead,Austin,110895.32,10599.13,2023-01-14,13,77.4,michael.wilson@company.com,(506) 473-5558,Inactive
EMP049190,Nicole,Miller,Nicole Miller,50,Engineering,Manager,New York,87345.64,8971.34,2022-02-21,28,63.1,nicole.miller@company.com,(917) 672-8485,Active
EMP049191,Jessica,Martin,Jessica Martin,48,IT,Specialist,Miami,111799.89,10683.49,2021-07-11,20,78.6,jessica.martin@company.com,(702) 253-2284,Active
EMP049192,Christopher,Moore,Christopher Moore,55,Marketing,Specialist,Los Angeles,70572.9,7048.32,2023-10-07,33,71.1,christopher.moore@company.com,(543) 713-5229,Active
EMP049193,John,Lopez,John Lopez,27,Operations,Senior Developer,Los Angeles,51348.22,230.87,2022-12-17,1,76.0,john.lopez@company.com,(292) 291-6666,Active
EMP049194,Lisa,Miller,Lisa Miller,46,Sales,Analyst,San Francisco,74483.31,6266.06,2024-06-27,19,55.9,lisa.miller@company.com,(244) 932-1878,Active
EMP049195,Ashley,Martin,Ashley Martin,24,Sales,Coordinator,Los Angeles,61255.17,1776.38,2020-03-04,0,69.7,ashley.martin@company.com,(930) 236-6553,Active
EMP049196,Matthew,Johnson,Matthew Johnson,35,Sales,Lead,Austin,74650.44,2693.03,2023-11-04,13,80.5,matthew.johnson@company.com,(663) 531-9249,Active
EMP049197,John,Jackson,John Jackson,42,Operations,Senior Developer,San Francisco,46823.62,940.03,2024-05-11,13,75.4,john.jackson@company.com,(778) 433-5742,Inactive
EMP049198,Melissa,Jackson,Melissa Jackson,31,Finance,Director,Miami,78663.01,8501.26,2020-01-16,4,70.0,melissa.jackson@company.com,(905) 398-2571,Inactive
EMP049199,William,Miller,William Miller,31,Sales,Analyst,Boston,89535.22,7349.54,2022-02-23,8,59.9,william.miller@company.com,(458) 544-2408,Active
EMP049200,William,Martin,William Martin,48,IT,Lead,Los Angeles,99846.11,5718.14,2023-10-23,26,76.9,william.martin@company.com,(691) 218-5866,Active
EMP049201,Michael,Gonzalez,Michael Gonzalez,60,IT,Director,Seattle,91172.14,18452.83,2020-09-21,33,64.6,michael.gonzalez@company.com,(737) 912-2639,Active
EMP049202,Sarah,Lopez,Sarah Lopez,27,IT,Lead,Boston,65156.96,6832.8,2023-07-10,0,86.0,sarah.lopez@company.com,(871) 633-8101,Active
EMP049203,John,Taylor,John Taylor,47,Legal,Specialist,San Francisco,96426.12,8533.25,2023-06-14,19,83.1,john.taylor@company.com,(270) 418-5441,Active
EMP049204,Christopher,Martinez,Christopher Martinez,52,HR,Associate,Seattle,90898.28,4622.49,2022-01-25,25,75.8,christopher.martinez@company.com,(643) 418-2546,Active
EMP049205,John,Johnson,John Johnson,65,Finance,Coordinator,Seattle,126172.41,13745.97,2022-07-24,40,51.9,john.johnson@company.com,(827) 958-1492,Active
EMP049206,Stephanie,Wilson,Stephanie Wilson,53,Sales,Senior Developer,Chicago,99235.77,15221.62,2022-04-08,26,77.9,stephanie.wilson@company.com,(820) 915-9741,On Leave
EMP049207,Amanda,Johnson,Amanda Johnson,40,Finance,Analyst,San Francisco,58462.0,3030.11,2020-10-25,11,92.6,amanda.johnson@company.com,(446) 709-5663,Active
EMP049208,Stephanie,Thomas,Stephanie Thomas,25,Legal,Lead,San Francisco,84803.26,11581.35,2022-02-11,0,86.6,stephanie.thomas@company.com,(672) 872-6766,Active
EMP049209,Lisa,Martin,Lisa Martin,27,Legal,Analyst,New York,74181.95,4137.56,2024-12-09,2,76.1,lisa.martin@company.com,(830) 997-6114,Active
EMP049210,Matthew,Taylor,Matthew Taylor,42,IT,Analyst,Austin,66686.86,9668.24,2024-01-04,18,49.6,matthew.taylor@company.com,(230) 345-3730,Inactive
EMP049211,Robert,Martinez,Robert Martinez,49,Finance,Manager,Boston,67423.71,9040.49,2022-02-28,23,77.1,robert.martinez@company.com,(583) 281-6453,Inactive
EMP049212,Michael,Anderson,Michael Anderson,29,Marketing,Associate,New York,70369.49,8482.08,2023-02-27,2,65.9,michael.anderson@company.com,(544) 637-5836,Active
EMP049213,Nicole,Jones,Nicole Jones,54,Operations,Senior Developer,Chicago,79118.38,5908.44,2022-03-14,31,71.1,nicole.jones@company.com,(893) 550-4715,Active
EMP049214,Amanda,Jackson,Amanda Jackson,62,Legal,Manager,Seattle,94407.01,8786.34,2022-09-26,39,62.8,amanda.jackson@company.com,(724) 283-6891,Active
EMP049215,Ashley,Jackson,Ashley Jackson,26,IT,Lead,Chicago,68320.3,12212.5,2020-02-23,2,85.8,ashley.jackson@company.com,(212) 858-2213,Active
EMP049216,Matthew,Jones,Matthew Jones,30,Marketing,Senior Developer,Boston,48115.9,4041.08,2021-04-07,1,46.2,matthew.jones@company.com,(424) 681-9059,Inactive
EMP049217,Michael,Lopez,Michael Lopez,56,Sales,Lead,Austin,98501.39,14576.98,2021-09-27,27,63.2,michael.lopez@company.com,(585) 303-3933,Active
EMP049218,Christopher,Rodriguez,Christopher Rodriguez,24,Operations,Coordinator,Seattle,41943.59,5889.48,2021-02-19,0,100.0,christopher.rodriguez@company.com,(379) 209-1685,Active
EMP049219,David,Rodriguez,David Rodriguez,63,Legal,Director,Los Angeles,120680.65,22854.07,2023-02-11,37,77.7,david.rodriguez@company.com,(483) 374-7906,Active
EMP049220,John,Martin,John Martin,55,HR,Analyst,Austin,66801.36,8123.68,2024-06-25,32,58.1,john.martin@company.com,(313) 638-5802,Active
EMP049221,William,Jackson,William Jackson,61,Finance,Manager,Los Angeles,108347.35,19081.21,2024-04-03,34,73.2,william.jackson@company.com,(673) 270-6677,Active
EMP049222,James,Miller,James Miller,30,Engineering,Senior Developer,Miami,104801.39,12275.22,2023-11-01,6,100.0,james.miller@company.com,(910) 494-4003,Active
EMP049223,David,Wilson,David Wilson,58,Engineering,Manager,Chicago,90458.13,6567.33,2020-09-16,34,70.6,david.wilson@company.com,(209) 398-1788,Active
EMP049224,Daniel,Anderson,Daniel Anderson,39,Marketing,Analyst,Chicago,119680.18,5410.49,2024-12-20,12,85.1,daniel.anderson@company.com,(674) 484-3365,Active
EMP049225,Ashley,Garcia,Ashley Garcia,33,Legal,Coordinator,Miami,82207.91,8923.32,2024-03-24,6,66.0,ashley.garcia@company.com,(518) 326-7868,Active
EMP049226,William,Williams,William Williams,60,Legal,Director,Seattle,66491.36,2426.1,2021-03-23,31,82.2,william.williams@company.com,(374) 332-1381,Active
EMP049227,Nicole,Hernandez,Nicole Hernandez,31,Legal,Coordinator,Miami,86600.14,14094.44,2023-04-30,4,87.8,nicole.hernandez@company.com,(502) 511-6928,Active
EMP049228,Melissa,Smith,Melissa Smith,52,HR,Director,Seattle,83998.8,4519.55,2024-06-01,26,69.2,melissa.smith@company.com,(732) 465-6369,Active
EMP049229,Robert,Williams,Robert Williams,44,Marketing,Manager,Seattle,69694.7,7020.62,2024-12-01,16,69.3,robert.williams@company.com,(689) 460-4700,Active
EMP049230,Jessica,Hernandez,Jessica Hernandez,43,Engineering,Director,Boston,98391.78,14183.71,2020-05-07,14,90.0,jessica.hernandez@company.com,(885) 393-6883,Active
EMP049231,Emily,Gonzalez,Emily Gonzalez,59,Sales,Senior Developer,Boston,73392.82,10442.36,2024-10-04,32,87.6,emily.gonzalez@company.com,(439) 749-2021,Inactive
EMP049232,Matthew,Jackson,Matthew Jackson,35,Marketing,Director,San Francisco,82902.29,12298.43,2023-08-12,10,48.6,matthew.jackson@company.com,(391) 979-6119,Active
EMP049233,Anthony,Jackson,Anthony Jackson,47,Finance,Coordinator,San Francisco,86653.48,6328.3,2024-09-07,18,62.6,anthony.jackson@company.com,(728) 637-9368,Active
EMP049234,Stephanie,Taylor,Stephanie Taylor,32,IT,Lead,Austin,84694.08,5824.01,2023-02-26,5,67.6,stephanie.taylor@company.com,(920) 863-3377,Active
EMP049235,John,Anderson,John Anderson,54,Sales,Associate,New York,83022.02,13690.7,2021-04-13,25,47.1,john.anderson@company.com,(651) 344-9822,On Leave
EMP049236,Ashley,Martinez,Ashley Martinez,35,IT,Senior Developer,Boston,54634.82,7938.64,2022-05-27,12,89.9,ashley.martinez@company.com,(574) 570-9934,Active
EMP049237,James,Garcia,James Garcia,24,Operations,Director,San Francisco,50672.45,6663.32,2022-12-17,1,58.4,james.garcia@company.com,(782) 228-6239,Active
EMP049238,Ashley,Garcia,Ashley Garcia,29,Marketing,Associate,Seattle,67038.11,3482.85,2022-11-04,4,95.0,ashley.garcia@company.com,(558) 310-7893,Active
EMP049239,Lisa,Jackson,Lisa Jackson,54,Operations,Associate,New York,71663.01,2687.79,2022-11-14,26,75.6,lisa.jackson@company.com,(313) 453-3501,Inactive
EMP049240,Robert,Davis,Robert Davis,29,Marketing,Analyst,Boston,35011.14,2408.6,2022-12-02,7,75.1,robert.davis@company.com,(530) 889-5740,Active
EMP049241,James,Johnson,James Johnson,36,Sales,Coordinator,Miami,60307.82,7081.72,2020-09-13,7,87.4,james.johnson@company.com,(432) 220-7032,Active
EMP049242,Emily,Martinez,Emily Martinez,46,Marketing,Specialist,San Francisco,56065.33,5187.66,2020-05-22,24,73.5,emily.martinez@company.com,(714) 362-6237,On Leave
EMP049243,William,Johnson,William Johnson,36,IT,Associate,Chicago,62467.45,0.0,2022-12-07,10,78.6,william.johnson@company.com,(595) 632-6154,Active
EMP049244,Robert,Miller,Robert Miller,57,Finance,Coordinator,Austin,98517.38,151.44,2022-03-01,32,49.8,robert.miller@company.com,(553) 668-9677,On Leave
EMP049245,James,Johnson,James Johnson,29,HR,Manager,Boston,47626.31,6994.97,2021-07-28,2,69.1,james.johnson@company.com,(253) 869-7763,Active
EMP049246,Christopher,Thomas,Christopher Thomas,34,Sales,Specialist,Boston,63875.69,3534.8,2022-05-04,7,52.9,christopher.thomas@company.com,(627) 940-5953,Inactive
EMP049247,William,Gonzalez,William Gonzalez,24,IT,Coordinator,San Francisco,36000.0,3278.21,2022-04-24,1,83.6,william.gonzalez@company.com,(975) 866-4404,Inactive
EMP049248,John,Hernandez,John Hernandez,58,Finance,Manager,Seattle,116222.61,10467.3,2023-09-09,33,74.0,john.hernandez@company.com,(594) 869-7012,Active
EMP049249,Stephanie,Rodriguez,Stephanie Rodriguez,58,Engineering,Senior Developer,New York,96069.79,15043.69,2024-02-13,35,76.0,stephanie.rodriguez@company.com,(517) 909-5789,Active
EMP049250,Jane,Smith,Jane Smith,23,Finance,Lead,San Francisco,44396.65,5846.1,2024-05-30,0,90.4,jane.smith@company.com,(301) 390-1633,Active
EMP049251,Jane,Moore,Jane Moore,63,Finance,Director,Austin,91909.18,1132.46,2021-06-30,39,100.0,jane.moore@company.com,(961) 644-3998,Active
EMP049252,Ashley,Gonzalez,Ashley Gonzalez,53,Sales,Analyst,San Francisco,87862.6,4542.86,2023-07-01,28,67.5,ashley.gonzalez@company.com,(674) 397-6383,Inactive
EMP049253,Daniel,Wilson,Daniel Wilson,49,HR,Director,Seattle,87795.76,9622.19,2024-09-08,27,47.1,daniel.wilson@company.com,(371) 900-9633,Active
EMP049254,Emily,Thomas,Emily Thomas,50,Legal,Director,San Francisco,79281.23,10582.61,2023-03-11,28,91.9,emily.thomas@company.com,(385) 977-2137,Active
EMP049255,James,Williams,James Williams,60,Operations,Associate,San Francisco,69565.98,2529.84,2023-09-16,35,72.4,james.williams@company.com,(308) 356-5390,Active
EMP049256,Nicole,Hernandez,Nicole Hernandez,63,HR,Senior Developer,Chicago,95960.79,6112.5,2022-11-03,41,63.7,nicole.hernandez@company.com,(362) 366-9721,Active
EMP049257,Nicole,Williams,Nicole Williams,25,Engineering,Lead,New York,115719.19,4972.62,2024-05-28,0,74.7,nicole.williams@company.com,(225) 902-6027,Active
EMP049258,Anthony,Williams,Anthony Williams,37,Legal,Manager,Austin,83733.59,2080.36,2023-11-24,12,71.6,anthony.williams@company.com,(574) 614-1533,Active
EMP049259,Michael,Smith,Michael Smith,30,Operations,Coordinator,New York,80377.36,4866.75,2020-11-07,5,60.2,michael.smith@company.com,(971) 815-2050,Active
EMP049260,Sarah,Johnson,Sarah Johnson,65,Legal,Lead,Miami,128757.69,23266.71,2022-06-20,42,73.3,sarah.johnson@company.com,(353) 897-7971,On Leave
EMP049261,Sarah,Martinez,Sarah Martinez,37,Legal,Coordinator,Miami,45809.9,5922.62,2023-12-28,9,88.3,sarah.martinez@company.com,(791) 428-7275,Active
EMP049262,David,Johnson,David Johnson,33,Finance,Senior Developer,New York,90518.75,13476.67,2020-09-13,11,54.1,david.johnson@company.com,(527) 400-3162,Active
EMP049263,Christopher,Jackson,Christopher Jackson,43,HR,Manager,Seattle,97320.07,5811.4,2022-11-26,19,76.3,christopher.jackson@company.com,(251) 657-6342,Active
EMP049264,Nicole,Johnson,Nicole Johnson,34,Marketing,Manager,Boston,74949.32,7219.59,2024-12-26,6,75.1,nicole.johnson@company.com,(510) 472-8300,Active
EMP049265,Robert,Rodriguez,Robert Rodriguez,41,Marketing,Analyst,New York,60617.8,6520.06,2024-07-29,19,45.4,robert.rodriguez@company.com,(889) 665-1109,Active
EMP049266,Daniel,Moore,Daniel Moore,52,Finance,Coordinator,Seattle,97115.99,9332.25,2021-06-11,23,78.3,daniel.moore@company.com,(977) 879-1366,Active
EMP049267,Sarah,Hernandez,Sarah Hernandez,27,Legal,Coordinator,Seattle,76361.66,9930.74,2020-09-18,3,80.6,sarah.hernandez@company.com,(442) 551-5570,Active
EMP049268,David,Davis,David Davis,25,Finance,Coordinator,San Francisco,76621.7,5786.3,2021-07-30,0,93.3,david.davis@company.com,(263) 824-2206,Active
EMP049269,Christopher,Moore,Christopher Moore,52,Marketing,Manager,Los Angeles,60473.68,7967.0,2021-04-04,26,50.6,christopher.moore@company.com,(521) 943-6087,On Leave
EMP049270,Nicole,Miller,Nicole Miller,39,Sales,Senior Developer,Los Angeles,96080.72,9219.19,2020-07-03,11,71.2,nicole.miller@company.com,(740) 247-5682,Active
EMP049271,William,Rodriguez,William Rodriguez,31,HR,Lead,Los Angeles,77416.01,8973.16,2020-12-19,3,52.5,william.rodriguez@company.com,(526) 632-1301,Active
EMP049272,Nicole,Anderson,Nicole Anderson,49,Operations,Manager,Los Angeles,60640.25,5581.86,2022-03-25,26,79.9,nicole.anderson@company.com,(596) 511-7741,Active
EMP049273,Jane,Jackson,Jane Jackson,64,IT,Lead,Miami,108653.21,8223.39,2023-06-26,37,47.1,jane.jackson@company.com,(723) 764-1510,Active
EMP049274,William,Garcia,William Garcia,23,Legal,Senior Developer,Boston,83002.39,6158.04,2024-09-25,0,90.7,william.garcia@company.com,(440) 262-2951,Active
EMP049275,Jane,Moore,Jane Moore,52,Operations,Lead,Boston,37257.27,5230.16,2024-06-22,30,70.6,jane.moore@company.com,(546) 501-4106,On Leave
EMP049276,Nicole,Taylor,Nicole Taylor,36,Engineering,Analyst,Los Angeles,110783.0,11087.69,2022-10-23,7,74.2,nicole.taylor@company.com,(769) 589-2433,Active
EMP049277,Daniel,Rodriguez,Daniel Rodriguez,37,Sales,Specialist,Austin,68311.02,3250.54,2024-02-26,9,70.2,daniel.rodriguez@company.com,(492) 952-8285,Inactive
EMP049278,Melissa,Smith,Melissa Smith,45,Legal,Manager,San Francisco,107737.47,16766.13,2020-09-15,20,80.6,melissa.smith@company.com,(824) 224-9902,Active
EMP049279,Jessica,Johnson,Jessica Johnson,33,Sales,Director,Los Angeles,64832.62,10379.82,2021-12-25,9,77.9,jessica.johnson@company.com,(750) 863-8758,Active
EMP049280,Jane,Johnson,Jane Johnson,62,Operations,Lead,Los Angeles,71109.6,7886.89,2021-11-19,33,53.6,jane.johnson@company.com,(742) 891-9483,Active
EMP049281,James,Hernandez,James Hernandez,29,HR,Lead,Boston,72374.49,12259.4,2023-06-12,2,67.7,james.hernandez@company.com,(279) 696-7511,Active
EMP049282,Emily,Garcia,Emily Garcia,38,Engineering,Lead,Austin,141280.28,10814.16,2022-07-05,13,61.6,emily.garcia@company.com,(759) 651-5239,Inactive
EMP049283,William,Garcia,William Garcia,22,HR,Manager,Seattle,49927.34,0.0,2024-06-06,0,74.1,william.garcia@company.com,(658) 325-1252,Active
EMP049284,Daniel,Jones,Daniel Jones,22,Sales,Associate,Los Angeles,41398.36,5904.57,2020-08-08,0,54.8,daniel.jones@company.com,(970) 719-8556,Active
EMP049285,Sarah,Smith,Sarah Smith,25,Legal,Analyst,Miami,61110.38,3724.59,2020-05-11,0,75.2,sarah.smith@company.com,(962) 722-1953,On Leave
EMP049286,Christopher,Rodriguez,Christopher Rodriguez,57,IT,Specialist,Boston,93062.52,8753.65,2022-09-03,34,90.1,christopher.rodriguez@company.com,(485) 499-5378,Active
EMP049287,Melissa,Gonzalez,Melissa Gonzalez,61,IT,Coordinator,San Francisco,87269.83,11008.52,2021-04-13,37,100.0,melissa.gonzalez@company.com,(951) 439-1155,Active
EMP049288,Melissa,Anderson,Melissa Anderson,48,Finance,Analyst,Seattle,55954.5,2910.92,2020-08-18,19,54.7,melissa.anderson@company.com,(393) 772-4140,Active
EMP049289,Robert,Taylor,Robert Taylor,49,IT,Lead,Chicago,112623.95,15929.72,2022-05-28,20,68.9,robert.taylor@company.com,(801) 417-6936,Active
EMP049290,Robert,Williams,Robert Williams,43,Marketing,Associate,Chicago,64288.11,11121.95,2022-03-01,18,70.7,robert.williams@company.com,(875) 987-6519,Active
EMP049291,Anthony,Lopez,Anthony Lopez,62,IT,Coordinator,Boston,80318.38,8044.64,2021-09-01,38,74.8,anthony.lopez@company.com,(462) 949-3259,Active
EMP049292,Melissa,Jackson,Melissa Jackson,63,Legal,Lead,Miami,87417.45,7501.6,2023-06-06,37,74.8,melissa.jackson@company.com,(865) 398-4111,Active
EMP049293,Ashley,Gonzalez,Ashley Gonzalez,36,IT,Coordinator,Seattle,88222.65,7084.74,2020-11-01,11,100.0,ashley.gonzalez@company.com,(400) 413-7613,Active
EMP049294,Melissa,Williams,Melissa Williams,28,Marketing,Specialist,Seattle,69984.68,5937.8,2022-06-29,3,85.6,melissa.williams@company.com,(300) 421-3023,Active
EMP049295,William,Davis,William Davis,59,Engineering,Associate,New York,119463.91,15335.44,2020-12-04,34,100.0,william.davis@company.com,(259) 737-1525,Active
EMP049296,David,Miller,David Miller,43,IT,Associate,Los Angeles,68085.31,7545.42,2020-12-13,16,79.2,david.miller@company.com,(495) 880-1826,Active
EMP049297,Amanda,Garcia,Amanda Garcia,64,Operations,Director,Seattle,88899.16,9944.35,2024-07-02,41,86.3,amanda.garcia@company.com,(505) 640-5690,Active
EMP049298,Daniel,Hernandez,Daniel Hernandez,61,Finance,Manager,Miami,125950.35,12164.3,2021-12-13,35,73.6,daniel.hernandez@company.com,(314) 899-1449,Inactive
EMP049299,Anthony,Thomas,Anthony Thomas,63,Engineering,Senior Developer,Miami,122245.41,15184.6,2021-11-06,40,54.1,anthony.thomas@company.com,(497) 918-9132,Active
EMP049300,Melissa,Hernandez,Melissa Hernandez,64,HR,Lead,Chicago,91903.26,8388.97,2024-05-10,39,63.1,melissa.hernandez@company.com,(395) 843-8810,On Leave
EMP049301,Melissa,Johnson,Melissa Johnson,59,Sales,Associate,Los Angeles,82174.07,10031.48,2024-09-26,37,94.4,melissa.johnson@company.com,(711) 949-4151,Active
EMP049302,Emily,Lopez,Emily Lopez,65,Legal,Manager,Austin,129260.36,9760.65,2024-12-28,41,87.0,emily.lopez@company.com,(217) 567-4430,Active
EMP049303,Emily,Brown,Emily Brown,31,Operations,Associate,San Francisco,43982.52,7886.16,2022-02-11,6,89.3,emily.brown@company.com,(807) 981-2640,Active
EMP049304,Jessica,Jones,Jessica Jones,33,Marketing,Associate,Los Angeles,65613.08,4962.06,2021-10-14,6,52.6,jessica.jones@company.com,(305) 824-3987,Active
EMP049305,Jane,Jackson,Jane Jackson,44,Operations,Manager,New York,64608.61,2673.36,2024-06-17,20,74.9,jane.jackson@company.com,(303) 782-1413,Inactive
EMP049306,Lisa,Miller,Lisa Miller,25,HR,Coordinator,Boston,47278.45,7493.34,2021-11-08,2,65.2,lisa.miller@company.com,(782) 801-2843,Active
EMP049307,William,Lopez,William Lopez,43,Operations,Specialist,Seattle,74195.61,6859.85,2020-01-04,21,46.6,william.lopez@company.com,(395) 710-2692,Active
EMP049308,Jane,Gonzalez,Jane Gonzalez,24,Engineering,Senior Developer,Chicago,72090.52,2804.46,2020-05-26,1,76.4,jane.gonzalez@company.com,(699) 932-6901,Active
EMP049309,James,Miller,James Miller,46,Sales,Senior Developer,Austin,49846.11,5665.87,2021-10-31,24,100.0,james.miller@company.com,(805) 512-6765,Active
EMP049310,Stephanie,Moore,Stephanie Moore,53,Sales,Senior Developer,San Francisco,99512.5,11997.96,2021-07-30,29,41.5,stephanie.moore@company.com,(582) 227-2220,Active
EMP049311,Amanda,Brown,Amanda Brown,37,HR,Director,Los Angeles,61964.81,6163.71,2023-01-05,11,88.8,amanda.brown@company.com,(614) 852-8582,Active
EMP049312,Christopher,Gonzalez,Christopher Gonzalez,56,Marketing,Director,San Francisco,64643.17,7824.36,2022-02-10,29,96.1,christopher.gonzalez@company.com,(493) 372-8053,Active
EMP049313,Jane,Gonzalez,Jane Gonzalez,41,Marketing,Associate,Boston,82581.36,4399.27,2024-08-10,13,86.9,jane.gonzalez@company.com,(953) 778-5690,Active
EMP049314,Amanda,Moore,Amanda Moore,38,Operations,Lead,Miami,68842.81,5554.1,2023-11-24,13,64.7,amanda.moore@company.com,(694) 436-5504,Active
EMP049315,William,Garcia,William Garcia,31,HR,Lead,New York,33831.06,4800.87,2024-03-24,6,88.4,william.garcia@company.com,(222) 672-4909,Active
EMP049316,Matthew,Martin,Matthew Martin,37,Engineering,Manager,San Francisco,71190.52,12845.32,2023-04-29,8,69.8,matthew.martin@company.com,(544) 932-4046,Active
EMP049317,Daniel,Jackson,Daniel Jackson,55,HR,Coordinator,Boston,67350.06,5743.13,2024-04-13,29,57.7,daniel.jackson@company.com,(805) 293-9385,Active
EMP049318,Amanda,Gonzalez,Amanda Gonzalez,64,HR,Associate,Boston,77515.72,13461.5,2024-01-05,41,89.3,amanda.gonzalez@company.com,(567) 317-9791,Active
EMP049319,Jessica,Taylor,Jessica Taylor,22,Finance,Senior Developer,Seattle,71854.69,8802.34,2024-03-22,0,97.8,jessica.taylor@company.com,(262) 754-6318,Inactive
EMP049320,John,Martinez,John Martinez,63,Operations,Senior Developer,San Francisco,63364.87,6195.26,2023-09-20,36,73.3,john.martinez@company.com,(544) 923-5620,Active
EMP049321,Anthony,Taylor,Anthony Taylor,28,Sales,Coordinator,Boston,62537.87,11015.81,2024-07-12,6,100.0,anthony.taylor@company.com,(684) 756-5318,Active
EMP049322,Christopher,Davis,Christopher Davis,31,HR,Specialist,Los Angeles,58101.99,9896.16,2020-01-17,8,82.5,christopher.davis@company.com,(738) 971-9312,Active
EMP049323,Nicole,Hernandez,Nicole Hernandez,40,Operations,Analyst,Seattle,61530.32,6283.25,2024-01-05,17,100.0,nicole.hernandez@company.com,(305) 578-7280,Active
EMP049324,Nicole,Anderson,Nicole Anderson,37,Sales,Senior Developer,Miami,60308.25,5511.19,2023-09-28,15,74.9,nicole.anderson@company.com,(912) 779-7548,Active
EMP049325,Ashley,Wilson,Ashley Wilson,25,Legal,Specialist,Seattle,80726.05,8953.94,2024-07-09,0,100.0,ashley.wilson@company.com,(579) 696-4427,Active
EMP049326,Stephanie,Lopez,Stephanie Lopez,65,Sales,Manager,New York,58723.46,8986.33,2023-03-12,41,53.7,stephanie.lopez@company.com,(939) 799-8313,Active
EMP049327,Matthew,Lopez,Matthew Lopez,28,IT,Lead,Austin,104302.31,10312.3,2020-11-01,0,78.1,matthew.lopez@company.com,(423) 631-9066,Active
EMP049328,Nicole,Anderson,Nicole Anderson,31,Legal,Senior Developer,Los Angeles,103932.75,11111.78,2020-06-13,7,76.9,nicole.anderson@company.com,(280) 462-4390,Active
EMP049329,Nicole,Jackson,Nicole Jackson,32,HR,Senior Developer,New York,51984.55,7236.81,2022-10-13,7,82.0,nicole.jackson@company.com,(540) 650-2334,Active
EMP049330,Christopher,Miller,Christopher Miller,48,Sales,Associate,New York,70242.16,8724.22,2024-12-25,25,70.7,christopher.miller@company.com,(808) 388-4087,Active
EMP049331,Stephanie,Anderson,Stephanie Anderson,29,Legal,Director,Miami,95739.14,13288.87,2021-12-29,2,53.0,stephanie.anderson@company.com,(745) 607-3517,Active
EMP049332,Jane,Hernandez,Jane Hernandez,42,Legal,Analyst,San Francisco,135488.9,20546.15,2020-08-18,16,73.1,jane.hernandez@company.com,(486) 850-1674,Active
EMP049333,Christopher,Martin,Christopher Martin,30,Finance,Senior Developer,San Francisco,33000.0,2313.72,2022-08-05,8,77.4,christopher.martin@company.com,(596) 281-8281,Active
EMP049334,Amanda,Martinez,Amanda Martinez,58,Engineering,Associate,Boston,84857.14,7235.47,2021-01-19,34,73.0,amanda.martinez@company.com,(616) 831-5433,Active
EMP049335,William,Lopez,William Lopez,30,Legal,Specialist,Miami,87288.91,12510.44,2023-12-09,1,63.0,william.lopez@company.com,(633) 727-1915,Active
EMP049336,Stephanie,Anderson,Stephanie Anderson,27,Finance,Senior Developer,San Francisco,57067.68,7312.96,2020-06-19,3,78.2,stephanie.anderson@company.com,(276) 302-7550,Active
EMP049337,Robert,Rodriguez,Robert Rodriguez,33,Finance,Coordinator,Los Angeles,81998.03,3206.12,2020-06-06,5,74.9,robert.rodriguez@company.com,(279) 782-5338,Active
EMP049338,Sarah,Johnson,Sarah Johnson,25,Operations,Specialist,Austin,29118.66,2949.92,2022-04-18,1,64.5,sarah.johnson@company.com,(222) 382-1489,Active
EMP049339,Nicole,Davis,Nicole Davis,63,Marketing,Director,Chicago,93671.97,12419.19,2022-04-27,36,69.5,nicole.davis@company.com,(293) 686-7389,Active
EMP049340,James,Williams,James Williams,62,Engineering,Associate,Seattle,81323.75,13437.3,2024-08-08,39,37.3,james.williams@company.com,(648) 632-6487,Active
EMP049341,Jane,Gonzalez,Jane Gonzalez,64,Operations,Associate,New York,91000.21,8214.31,2023-09-20,38,48.3,jane.gonzalez@company.com,(743) 317-7698,Inactive
EMP049342,Matthew,Garcia,Matthew Garcia,60,Legal,Associate,Chicago,136814.7,11712.82,2024-06-14,37,63.7,matthew.garcia@company.com,(520) 367-9715,Active
EMP049343,Jane,Garcia,Jane Garcia,61,Marketing,Associate,Austin,82090.16,5258.03,2024-12-14,38,82.3,jane.garcia@company.com,(246) 349-1236,Inactive
EMP049344,Nicole,Wilson,Nicole Wilson,34,Marketing,Coordinator,Seattle,84814.16,15310.46,2020-12-07,6,87.5,nicole.wilson@company.com,(932) 952-5734,Active
EMP049345,Matthew,Miller,Matthew Miller,39,Engineering,Manager,Seattle,90412.92,7232.37,2020-11-21,13,95.6,matthew.miller@company.com,(714) 393-6090,Active
EMP049346,Michael,Brown,Michael Brown,37,IT,Manager,Chicago,102716.21,12670.62,2024-02-03,13,72.6,michael.brown@company.com,(550) 819-7934,Active
EMP049347,Lisa,Hernandez,Lisa Hernandez,56,Finance,Senior Developer,Seattle,98512.39,18309.57,2023-04-21,28,66.9,lisa.hernandez@company.com,(618) 874-4566,Inactive
EMP049348,Amanda,Miller,Amanda Miller,51,Marketing,Analyst,Miami,46333.76,6702.27,2021-04-28,22,72.3,amanda.miller@company.com,(271) 706-7376,Active
EMP049349,Anthony,Hernandez,Anthony Hernandez,32,Engineering,Analyst,Boston,79352.58,5966.07,2023-05-15,5,84.3,anthony.hernandez@company.com,(482) 364-3685,Active
EMP049350,Melissa,Hernandez,Melissa Hernandez,27,HR,Director,Miami,47551.12,7843.51,2021-07-10,5,63.7,melissa.hernandez@company.com,(796) 224-1547,Active
EMP049351,Ashley,Lopez,Ashley Lopez,46,Marketing,Analyst,San Francisco,83824.18,0.0,2023-05-11,19,56.2,ashley.lopez@company.com,(964) 610-9727,On Leave
EMP049352,Christopher,Smith,Christopher Smith,32,Sales,Associate,Chicago,86003.48,10708.07,2024-03-05,10,32.7,christopher.smith@company.com,(738) 956-7169,Active
EMP049353,Emily,Taylor,Emily Taylor,61,Marketing,Coordinator,Los Angeles,57317.03,0.0,2023-01-14,32,59.2,emily.taylor@company.com,(747) 362-3227,Inactive
EMP049354,William,Davis,William Davis,29,HR,Coordinator,New York,32330.63,1427.85,2024-04-12,4,83.1,william.davis@company.com,(622) 603-9582,Active
EMP049355,Matthew,Taylor,Matthew Taylor,54,Operations,Senior Developer,Seattle,89444.76,1906.05,2020-12-23,28,80.6,matthew.taylor@company.com,(249) 941-1555,Active
EMP049356,Anthony,Jones,Anthony Jones,53,Sales,Associate,New York,90537.7,9155.94,2022-01-03,24,94.8,anthony.jones@company.com,(585) 564-1879,Active
EMP049357,Emily,Hernandez,Emily Hernandez,24,Engineering,Coordinator,Chicago,40093.25,9692.88,2020-11-26,0,75.1,emily.hernandez@company.com,(474) 694-5539,Active
EMP049358,Anthony,Garcia,Anthony Garcia,25,Legal,Director,Los Angeles,81810.29,0.0,2022-02-11,0,64.2,anthony.garcia@company.com,(202) 310-6443,Active
EMP049359,Robert,Jackson,Robert Jackson,49,Sales,Associate,Miami,63990.51,0.0,2020-11-10,25,71.9,robert.jackson@company.com,(827) 687-5456,Active
EMP049360,Michael,Wilson,Michael Wilson,58,IT,Director,Miami,115561.93,14450.78,2024-04-08,29,77.3,michael.wilson@company.com,(620) 663-7021,Inactive
EMP049361,David,Davis,David Davis,44,Finance,Director,Seattle,88523.81,16526.2,2020-08-21,21,89.2,david.davis@company.com,(653) 694-9972,Active
EMP049362,Sarah,Lopez,Sarah Lopez,28,HR,Director,Los Angeles,69938.34,6335.38,2023-09-21,0,77.0,sarah.lopez@company.com,(967) 682-7813,Active
EMP049363,Stephanie,Jackson,Stephanie Jackson,39,HR,Associate,Miami,61500.66,6543.36,2023-04-16,12,67.9,stephanie.jackson@company.com,(657) 252-1143,Active
EMP049364,John,Jones,John Jones,59,Legal,Director,Los Angeles,112888.77,14993.08,2021-12-10,34,89.4,john.jones@company.com,(531) 241-9144,On Leave
EMP049365,Emily,Brown,Emily Brown,55,HR,Senior Developer,Austin,63107.51,6758.02,2021-01-24,30,98.1,emily.brown@company.com,(770) 203-8774,Inactive
EMP049366,Ashley,Taylor,Ashley Taylor,29,Finance,Associate,Chicago,71423.8,12222.04,2023-03-26,1,74.8,ashley.taylor@company.com,(974) 757-5575,Active
EMP049367,Michael,Taylor,Michael Taylor,62,Engineering,Coordinator,Chicago,115616.56,17078.03,2024-01-07,36,59.1,michael.taylor@company.com,(411) 990-3560,Active
EMP049368,Amanda,Moore,Amanda Moore,31,IT,Coordinator,Los Angeles,86562.68,6949.99,2020-07-13,7,99.5,amanda.moore@company.com,(687) 212-2869,Active
EMP049369,Matthew,Miller,Matthew Miller,35,HR,Coordinator,Austin,65162.75,7324.1,2022-10-14,11,100.0,matthew.miller@company.com,(845) 987-5318,Active
EMP049370,Michael,Lopez,Michael Lopez,36,Finance,Coordinator,New York,84906.45,8581.51,2020-07-11,8,73.7,michael.lopez@company.com,(387) 896-1808,Active
EMP049371,John,Brown,John Brown,49,Marketing,Specialist,Chicago,109411.43,12000.71,2020-05-26,24,97.6,john.brown@company.com,(844) 261-3585,Active
EMP049372,Lisa,Rodriguez,Lisa Rodriguez,57,Marketing,Senior Developer,San Francisco,61061.3,6709.86,2024-04-20,33,100.0,lisa.rodriguez@company.com,(991) 585-6378,Active
EMP049373,Matthew,Jones,Matthew Jones,52,Engineering,Associate,San Francisco,132018.5,10473.57,2021-03-16,29,76.0,matthew.jones@company.com,(407) 217-7374,Active
EMP049374,David,Garcia,David Garcia,53,Sales,Analyst,Boston,75752.58,12845.03,2023-02-19,31,77.2,david.garcia@company.com,(307) 291-3562,Active
EMP049375,Michael,Martin,Michael Martin,61,Sales,Manager,Boston,85344.95,9377.85,2021-12-28,36,100.0,michael.martin@company.com,(762) 573-1135,Active
EMP049376,James,Lopez,James Lopez,35,Legal,Manager,Los Angeles,82688.72,2248.77,2020-07-14,13,100.0,james.lopez@company.com,(454) 768-2940,Active
EMP049377,Lisa,Brown,Lisa Brown,60,Sales,Manager,Austin,105314.91,11903.81,2022-12-07,37,100.0,lisa.brown@company.com,(210) 233-9969,Active
EMP049378,Lisa,Lopez,Lisa Lopez,41,Operations,Lead,Austin,54322.06,6526.77,2021-08-17,13,98.5,lisa.lopez@company.com,(400) 905-1934,Active
EMP049379,Jessica,Wilson,Jessica Wilson,45,Marketing,Manager,San Francisco,86264.07,8108.01,2020-02-03,20,69.3,jessica.wilson@company.com,(793) 746-8561,Active
EMP049380,Michael,Hernandez,Michael Hernandez,40,Marketing,Coordinator,New York,53130.97,5145.36,2020-08-31,11,98.5,michael.hernandez@company.com,(836) 810-2229,Active
EMP049381,Jane,Wilson,Jane Wilson,35,Legal,Coordinator,Miami,71458.7,11609.02,2022-03-27,9,87.9,jane.wilson@company.com,(403) 364-7654,Active
EMP049382,Emily,Martin,Emily Martin,22,Marketing,Analyst,San Francisco,65199.02,8108.46,2021-02-04,0,58.5,emily.martin@company.com,(732) 799-1042,Inactive
EMP049383,Amanda,Martinez,Amanda Martinez,45,Engineering,Director,Seattle,103790.83,9952.08,2023-01-06,22,65.1,amanda.martinez@company.com,(215) 680-7660,Active
EMP049384,Stephanie,Jackson,Stephanie Jackson,39,HR,Analyst,Seattle,77235.11,4719.72,2021-08-15,16,71.4,stephanie.jackson@company.com,(894) 246-8988,Active
EMP049385,Jane,Taylor,Jane Taylor,43,HR,Senior Developer,Austin,65139.61,3920.72,2024-10-01,18,53.5,jane.taylor@company.com,(403) 685-6553,Active
EMP049386,Sarah,Brown,Sarah Brown,37,IT,Director,Seattle,123640.49,8839.6,2024-11-27,14,78.3,sarah.brown@company.com,(755) 598-9928,Active
EMP049387,Daniel,Smith,Daniel Smith,26,Operations,Associate,New York,59571.84,387.04,2022-08-09,0,66.6,daniel.smith@company.com,(747) 655-2496,Active
EMP049388,Anthony,Garcia,Anthony Garcia,26,Engineering,Lead,Miami,44513.54,4567.4,2023-12-28,3,90.6,anthony.garcia@company.com,(990) 472-5220,Inactive
EMP049389,David,Anderson,David Anderson,49,Sales,Coordinator,Chicago,112590.77,663.3,2024-11-26,27,73.2,david.anderson@company.com,(522) 840-2789,Active
EMP049390,Robert,Moore,Robert Moore,28,Finance,Specialist,Boston,71269.04,3475.15,2021-12-07,6,89.3,robert.moore@company.com,(903) 970-6843,On Leave
EMP049391,Sarah,Johnson,Sarah Johnson,62,Legal,Director,Miami,170808.25,15960.27,2024-03-30,40,100.0,sarah.johnson@company.com,(882) 934-6198,Active
EMP049392,Michael,Taylor,Michael Taylor,34,IT,Specialist,New York,95924.87,10291.31,2023-06-10,9,65.9,michael.taylor@company.com,(852) 677-1474,Active
EMP049393,Robert,Gonzalez,Robert Gonzalez,58,Engineering,Coordinator,Chicago,107055.15,11988.29,2021-10-26,34,74.7,robert.gonzalez@company.com,(614) 517-9133,Active
EMP049394,Emily,Brown,Emily Brown,45,Engineering,Lead,New York,93383.48,0.0,2021-12-28,19,63.5,emily.brown@company.com,(742) 340-5339,Inactive
EMP049395,Michael,Miller,Michael Miller,49,IT,Associate,Los Angeles,114010.27,11030.06,2022-12-26,22,88.6,michael.miller@company.com,(986) 857-3585,Active
EMP049396,Anthony,Jones,Anthony Jones,34,HR,Coordinator,Austin,46636.03,5386.29,2020-08-24,7,89.3,anthony.jones@company.com,(507) 531-6234,Active
EMP049397,Michael,Moore,Michael Moore,26,Sales,Senior Developer,Austin,76994.78,7016.51,2021-11-12,1,59.3,michael.moore@company.com,(863) 345-4011,On Leave
EMP049398,Stephanie,Moore,Stephanie Moore,53,Finance,Specialist,Los Angeles,102142.06,13051.87,2020-06-09,28,85.8,stephanie.moore@company.com,(379) 744-2068,Active
EMP049399,Amanda,Hernandez,Amanda Hernandez,26,IT,Coordinator,Boston,67796.95,10490.71,2024-08-07,0,88.1,amanda.hernandez@company.com,(690) 972-4534,Active
EMP049400,Melissa,Jackson,Melissa Jackson,56,Marketing,Director,Seattle,63484.32,3886.89,2024-10-11,31,96.9,melissa.jackson@company.com,(712) 458-8088,Active
EMP049401,Michael,Thomas,Michael Thomas,33,Sales,Associate,Boston,92861.17,11680.83,2020-01-29,5,58.3,michael.thomas@company.com,(581) 576-8316,Active
EMP049402,Matthew,Martinez,Matthew Martinez,30,Engineering,Director,Los Angeles,69437.08,11236.23,2023-07-07,4,43.9,matthew.martinez@company.com,(872) 568-9463,Inactive
EMP049403,John,Lopez,John Lopez,55,IT,Analyst,Los Angeles,96450.79,7528.58,2020-03-20,28,47.4,john.lopez@company.com,(809) 685-3256,Active
EMP049404,William,Miller,William Miller,32,IT,Senior Developer,New York,40063.61,5849.23,2020-07-06,10,70.6,william.miller@company.com,(773) 237-7674,Active
EMP049405,Robert,Wilson,Robert Wilson,24,Engineering,Associate,Los Angeles,56847.0,5175.44,2024-07-27,0,51.9,robert.wilson@company.com,(948) 546-2180,Active
EMP049406,Stephanie,Johnson,Stephanie Johnson,33,Operations,Associate,San Francisco,45066.84,5785.91,2024-05-28,9,55.7,stephanie.johnson@company.com,(558) 346-2832,Active
EMP049407,Emily,Johnson,Emily Johnson,33,IT,Senior Developer,Miami,70475.49,4314.13,2020-02-12,11,80.0,emily.johnson@company.com,(613) 943-1151,Active
EMP049408,Ashley,Miller,Ashley Miller,23,IT,Analyst,Seattle,70056.93,2465.83,2020-08-17,0,78.0,ashley.miller@company.com,(967) 304-2558,Active
EMP049409,Anthony,Jackson,Anthony Jackson,30,Finance,Coordinator,Miami,60072.6,8021.34,2021-02-27,5,73.5,anthony.jackson@company.com,(349) 837-3669,Active
EMP049410,Emily,Jackson,Emily Jackson,35,Operations,Lead,Los Angeles,45509.76,4736.79,2023-08-12,10,58.6,emily.jackson@company.com,(773) 221-8403,Active
EMP049411,Sarah,Rodriguez,Sarah Rodriguez,37,Engineering,Associate,Los Angeles,98620.43,8388.48,2024-11-02,11,77.4,sarah.rodriguez@company.com,(331) 476-8089,Active
EMP049412,David,Taylor,David Taylor,46,HR,Coordinator,New York,85076.89,0.0,2024-12-06,21,100.0,david.taylor@company.com,(906) 231-7166,Active
EMP049413,Sarah,Rodriguez,Sarah Rodriguez,29,Finance,Analyst,Miami,51886.6,5670.95,2023-02-03,5,71.3,sarah.rodriguez@company.com,(441) 775-8014,Active
EMP049414,Jessica,Rodriguez,Jessica Rodriguez,40,HR,Associate,New York,80718.74,9245.57,2024-02-25,14,68.7,jessica.rodriguez@company.com,(786) 926-9094,On Leave
EMP049415,Anthony,Miller,Anthony Miller,48,Sales,Specialist,Boston,47508.01,3080.04,2024-09-10,24,78.3,anthony.miller@company.com,(653) 845-2991,Active
EMP049416,James,Gonzalez,James Gonzalez,36,Engineering,Associate,Austin,50995.29,1413.69,2021-07-29,7,79.6,james.gonzalez@company.com,(832) 911-9122,Inactive
EMP049417,Sarah,Smith,Sarah Smith,35,Sales,Senior Developer,Boston,67237.72,1222.83,2024-03-21,7,73.0,sarah.smith@company.com,(588) 506-4972,Active
EMP049418,Amanda,Moore,Amanda Moore,40,Marketing,Associate,Boston,78602.88,9147.15,2020-12-18,18,75.0,amanda.moore@company.com,(745) 651-7925,Active
EMP049419,Daniel,Thomas,Daniel Thomas,38,Operations,Manager,Boston,54365.55,10708.93,2021-05-12,12,76.8,daniel.thomas@company.com,(876) 219-6466,Inactive
EMP049420,Lisa,Thomas,Lisa Thomas,48,Sales,Analyst,San Francisco,56132.26,7585.22,2023-08-05,19,65.7,lisa.thomas@company.com,(550) 953-8993,Active
EMP049421,David,Rodriguez,David Rodriguez,51,Engineering,Lead,Los Angeles,84966.28,11120.26,2024-04-12,23,68.7,david.rodriguez@company.com,(377) 427-4793,Active
EMP049422,Ashley,Thomas,Ashley Thomas,54,Operations,Associate,Boston,58846.06,6395.75,2020-10-11,31,94.3,ashley.thomas@company.com,(867) 257-1444,Active
EMP049423,Emily,Hernandez,Emily Hernandez,46,IT,Coordinator,Miami,93899.55,4959.73,2022-10-19,17,62.8,emily.hernandez@company.com,(245) 337-4232,Active
EMP049424,Christopher,Williams,Christopher Williams,54,Marketing,Associate,New York,83581.79,13874.65,2020-12-22,27,61.4,christopher.williams@company.com,(805) 460-2116,Active
EMP049425,John,Davis,John Davis,42,HR,Coordinator,Seattle,63524.81,6925.84,2022-06-11,19,66.5,john.davis@company.com,(251) 343-9917,Active
EMP049426,David,Anderson,David Anderson,25,Finance,Manager,Seattle,74790.69,7143.24,2024-02-01,0,47.0,david.anderson@company.com,(438) 771-9297,On Leave
EMP049427,Amanda,Taylor,Amanda Taylor,34,Legal,Manager,Austin,61939.82,8669.48,2022-09-09,5,72.3,amanda.taylor@company.com,(366) 720-8817,Active
EMP049428,Melissa,Lopez,Melissa Lopez,33,Operations,Director,Seattle,69932.24,5618.62,2022-07-10,9,75.7,melissa.lopez@company.com,(249) 490-8755,Active
EMP049429,Nicole,Jones,Nicole Jones,58,Finance,Analyst,Seattle,95353.61,15792.5,2021-12-26,33,62.1,nicole.jones@company.com,(842) 806-7413,Active
EMP049430,Sarah,Johnson,Sarah Johnson,31,Operations,Lead,Los Angeles,56743.35,3808.75,2023-12-12,4,73.6,sarah.johnson@company.com,(396) 283-2037,Active
EMP049431,Melissa,Miller,Melissa Miller,46,IT,Manager,New York,73405.18,1499.29,2022-01-03,24,72.4,melissa.miller@company.com,(203) 221-1554,Active
EMP049432,James,Rodriguez,James Rodriguez,47,Legal,Director,Boston,85035.51,0.0,2024-11-13,20,91.6,james.rodriguez@company.com,(879) 566-1144,Active
EMP049433,Lisa,Garcia,Lisa Garcia,40,IT,Associate,Los Angeles,67311.28,9558.52,2024-07-07,17,46.2,lisa.garcia@company.com,(812) 210-2171,Active
EMP049434,Michael,Anderson,Michael Anderson,60,Engineering,Specialist,San Francisco,90639.61,8106.1,2021-05-08,33,85.4,michael.anderson@company.com,(973) 587-6928,On Leave
EMP049435,Lisa,Martin,Lisa Martin,54,Legal,Lead,San Francisco,125238.99,0.0,2023-05-06,25,69.7,lisa.martin@company.com,(556) 347-8492,Active
EMP049436,Nicole,Johnson,Nicole Johnson,38,Finance,Manager,New York,37576.06,5034.86,2021-03-29,10,60.4,nicole.johnson@company.com,(467) 326-5119,Active
EMP049437,James,Williams,James Williams,47,Operations,Director,New York,72556.5,5149.76,2023-05-22,21,84.0,james.williams@company.com,(872) 440-7381,Active
EMP049438,Anthony,Gonzalez,Anthony Gonzalez,34,Finance,Manager,Chicago,63230.07,2641.98,2023-10-28,7,90.0,anthony.gonzalez@company.com,(409) 877-3817,Inactive
EMP049439,Robert,Rodriguez,Robert Rodriguez,50,Legal,Senior Developer,Austin,102958.7,17252.41,2021-11-15,28,76.8,robert.rodriguez@company.com,(870) 510-3972,Active
EMP049440,Ashley,Rodriguez,Ashley Rodriguez,37,HR,Associate,New York,72209.25,4649.12,2023-02-06,11,70.2,ashley.rodriguez@company.com,(548) 738-9597,Active
EMP049441,William,Anderson,William Anderson,48,Operations,Coordinator,San Francisco,72697.15,4501.67,2023-04-12,19,59.9,william.anderson@company.com,(308) 294-6535,Active
EMP049442,Emily,Smith,Emily Smith,34,HR,Associate,Boston,62916.94,10873.26,2023-12-24,11,85.6,emily.smith@company.com,(624) 747-3254,Active
EMP049443,Melissa,Hernandez,Melissa Hernandez,46,Marketing,Analyst,Austin,61374.26,1554.62,2024-01-11,21,73.9,melissa.hernandez@company.com,(399) 225-2583,Active
EMP049444,Christopher,Martinez,Christopher Martinez,38,Engineering,Analyst,San Francisco,94617.65,12102.57,2021-06-06,13,63.8,christopher.martinez@company.com,(201) 889-3452,Active
EMP049445,Daniel,Williams,Daniel Williams,63,Operations,Specialist,New York,97494.09,10325.18,2020-12-23,36,86.0,daniel.williams@company.com,(911) 538-3193,Active
EMP049446,Anthony,Jones,Anthony Jones,49,Legal,Lead,New York,106943.72,15392.24,2024-07-30,26,73.3,anthony.jones@company.com,(240) 650-6016,Inactive
EMP049447,Matthew,Taylor,Matthew Taylor,51,Legal,Lead,Miami,87596.73,6935.92,2020-12-28,26,83.4,matthew.taylor@company.com,(920) 801-5595,Active
EMP049448,John,Johnson,John Johnson,64,IT,Associate,Los Angeles,99278.14,7872.31,2024-02-12,41,57.0,john.johnson@company.com,(434) 422-8964,Active
EMP049449,Jane,Martinez,Jane Martinez,50,Operations,Coordinator,Chicago,69261.75,10283.92,2020-02-12,22,93.7,jane.martinez@company.com,(603) 818-3491,Inactive
EMP049450,Robert,Anderson,Robert Anderson,27,Legal,Director,Seattle,70412.9,5756.51,2023-04-17,0,85.7,robert.anderson@company.com,(254) 914-9692,Active
EMP049451,John,Hernandez,John Hernandez,38,Finance,Lead,Miami,90964.87,12286.21,2023-08-19,11,82.4,john.hernandez@company.com,(997) 804-3507,Active
EMP049452,Sarah,Martinez,Sarah Martinez,32,Engineering,Senior Developer,Los Angeles,101036.9,7462.05,2024-12-16,3,88.4,sarah.martinez@company.com,(911) 609-5172,Active
EMP049453,James,Hernandez,James Hernandez,64,Engineering,Director,San Francisco,133828.63,12280.89,2022-12-14,36,100.0,james.hernandez@company.com,(676) 947-6371,Active
EMP049454,Stephanie,Johnson,Stephanie Johnson,31,Engineering,Coordinator,San Francisco,74620.91,7652.33,2023-09-17,3,92.9,stephanie.johnson@company.com,(214) 619-4906,Active
EMP049455,William,Wilson,William Wilson,50,Legal,Coordinator,Austin,125852.63,16063.63,2022-07-19,23,69.4,william.wilson@company.com,(840) 852-9782,Inactive
EMP049456,Amanda,Rodriguez,Amanda Rodriguez,64,Finance,Lead,New York,92345.72,9899.03,2023-07-30,39,100.0,amanda.rodriguez@company.com,(314) 782-5205,Active
EMP049457,Sarah,Johnson,Sarah Johnson,33,Finance,Lead,Chicago,63482.64,6248.29,2021-09-12,6,86.3,sarah.johnson@company.com,(552) 291-9900,On Leave
EMP049458,Ashley,Taylor,Ashley Taylor,30,Sales,Associate,San Francisco,61439.35,4277.06,2023-05-06,4,89.3,ashley.taylor@company.com,(673) 548-7844,Active
EMP049459,Melissa,Thomas,Melissa Thomas,29,Engineering,Associate,Austin,100637.29,4935.51,2020-09-22,7,60.3,melissa.thomas@company.com,(270) 363-4926,Active
EMP049460,Anthony,Jones,Anthony Jones,36,HR,Specialist,Austin,62660.2,2003.46,2022-02-06,8,93.8,anthony.jones@company.com,(824) 702-8232,Active
EMP049461,Jessica,Miller,Jessica Miller,44,HR,Director,Miami,53385.19,2621.36,2020-05-06,15,76.9,jessica.miller@company.com,(212) 493-6200,Active
EMP049462,Jessica,Hernandez,Jessica Hernandez,24,Sales,Specialist,Boston,33296.11,2921.11,2021-07-25,2,69.5,jessica.hernandez@company.com,(552) 226-5595,Active
EMP049463,John,Williams,John Williams,32,Marketing,Analyst,Seattle,51204.73,1130.12,2024-04-03,4,87.8,john.williams@company.com,(788) 711-6161,Active
EMP049464,Michael,Martin,Michael Martin,23,Finance,Coordinator,Chicago,65174.63,11497.74,2022-02-20,0,84.6,michael.martin@company.com,(901) 397-1822,Active
EMP049465,Matthew,Taylor,Matthew Taylor,57,IT,Manager,New York,111089.04,7642.79,2021-11-10,29,79.0,matthew.taylor@company.com,(582) 686-8057,Inactive
EMP049466,James,Johnson,James Johnson,47,Engineering,Director,Austin,93491.89,12332.97,2023-01-08,25,79.2,james.johnson@company.com,(828) 611-4448,Active
EMP049467,Anthony,Lopez,Anthony Lopez,62,Finance,Associate,Los Angeles,109591.64,18964.43,2023-06-25,37,81.6,anthony.lopez@company.com,(936) 808-1674,Active
EMP049468,William,Moore,William Moore,56,Operations,Director,Seattle,83757.39,7132.74,2021-02-03,34,61.3,william.moore@company.com,(826) 855-4383,Active
EMP049469,Ashley,Martinez,Ashley Martinez,26,Marketing,Senior Developer,New York,51721.38,3177.89,2023-05-13,0,67.6,ashley.martinez@company.com,(480) 548-7982,Active
EMP049470,Melissa,Anderson,Melissa Anderson,38,Operations,Manager,New York,75881.2,8656.94,2023-01-08,14,66.1,melissa.anderson@company.com,(284) 871-7695,Active
EMP049471,Melissa,Jones,Melissa Jones,61,HR,Analyst,Seattle,79782.76,6491.32,2020-02-28,37,82.4,melissa.jones@company.com,(752) 251-3585,Active
EMP049472,Matthew,Jackson,Matthew Jackson,50,IT,Specialist,Austin,73462.93,2665.41,2024-01-08,24,85.5,matthew.jackson@company.com,(537) 304-6665,Active
EMP049473,Christopher,Martin,Christopher Martin,26,IT,Coordinator,Seattle,119644.68,3952.07,2024-12-04,0,98.2,christopher.martin@company.com,(628) 829-3891,Active
EMP049474,Emily,Martin,Emily Martin,32,Operations,Analyst,Miami,69098.43,4648.82,2021-10-13,10,92.0,emily.martin@company.com,(825) 327-8488,Active
EMP049475,Melissa,Jackson,Melissa Jackson,33,Engineering,Manager,San Francisco,79601.23,12838.89,2021-04-02,10,72.5,melissa.jackson@company.com,(377) 747-5792,Active
EMP049476,Amanda,Gonzalez,Amanda Gonzalez,27,Finance,Director,Seattle,86376.3,13301.08,2021-08-27,0,63.6,amanda.gonzalez@company.com,(996) 364-9101,Active
EMP049477,Amanda,Garcia,Amanda Garcia,26,Marketing,Director,Chicago,71570.93,4051.97,2024-01-11,0,68.8,amanda.garcia@company.com,(600) 293-7447,Active
EMP049478,Melissa,Taylor,Melissa Taylor,64,Engineering,Coordinator,Boston,104332.85,12908.3,2021-01-26,39,83.1,melissa.taylor@company.com,(397) 598-1726,Active
EMP049479,Anthony,Moore,Anthony Moore,36,HR,Manager,Chicago,71964.15,107.27,2023-09-23,10,69.2,anthony.moore@company.com,(530) 455-9660,Active
EMP049480,Amanda,Johnson,Amanda Johnson,26,Sales,Lead,Boston,60603.63,6716.3,2023-10-26,0,79.3,amanda.johnson@company.com,(286) 967-8729,Active
EMP049481,Ashley,Lopez,Ashley Lopez,32,Engineering,Associate,New York,66772.97,739.91,2021-09-09,3,94.9,ashley.lopez@company.com,(342) 858-7332,Active
EMP049482,Melissa,Taylor,Melissa Taylor,39,Sales,Senior Developer,San Francisco,66748.55,11023.75,2021-02-04,12,61.1,melissa.taylor@company.com,(438) 374-1388,Active
EMP049483,Stephanie,Garcia,Stephanie Garcia,39,Engineering,Coordinator,New York,76383.8,2616.38,2022-12-28,16,62.2,stephanie.garcia@company.com,(295) 817-9429,Active
EMP049484,Lisa,Taylor,Lisa Taylor,45,IT,Lead,Seattle,112466.33,9341.64,2024-03-19,18,71.3,lisa.taylor@company.com,(751) 845-5077,Active
EMP049485,Jessica,Miller,Jessica Miller,47,Marketing,Coordinator,Chicago,72604.82,9912.12,2021-09-07,19,95.5,jessica.miller@company.com,(668) 459-2831,Active
EMP049486,William,Martin,William Martin,29,Sales,Senior Developer,Chicago,77353.74,9698.94,2023-01-06,7,72.5,william.martin@company.com,(770) 671-8826,Inactive
EMP049487,Amanda,Johnson,Amanda Johnson,37,Marketing,Specialist,San Francisco,48694.29,3267.02,2021-05-28,13,69.2,amanda.johnson@company.com,(499) 253-1618,Active
EMP049488,Christopher,Smith,Christopher Smith,50,Finance,Manager,Miami,66084.72,3564.01,2024-12-12,28,94.7,christopher.smith@company.com,(886) 923-4399,Inactive
EMP049489,William,Thomas,William Thomas,47,Operations,Senior Developer,Austin,55732.72,4801.67,2020-05-12,19,100.0,william.thomas@company.com,(342) 219-3953,Active
EMP049490,Jane,Thomas,Jane Thomas,40,Sales,Coordinator,Austin,77443.5,5030.86,2023-09-20,13,88.8,jane.thomas@company.com,(543) 938-1140,Active
EMP049491,Stephanie,Smith,Stephanie Smith,32,IT,Associate,Miami,113472.73,6340.42,2022-03-30,3,96.5,stephanie.smith@company.com,(756) 655-3086,Inactive
EMP049492,Michael,Davis,Michael Davis,57,Marketing,Analyst,Austin,78352.37,9862.49,2022-04-15,29,64.0,michael.davis@company.com,(679) 262-1016,Active
EMP049493,Christopher,Taylor,Christopher Taylor,54,Engineering,Associate,Chicago,117317.42,18515.09,2020-04-18,25,65.1,christopher.taylor@company.com,(928) 335-8431,Active
EMP049494,Stephanie,Gonzalez,Stephanie Gonzalez,46,Legal,Specialist,Los Angeles,62615.76,11276.24,2023-01-04,19,100.0,stephanie.gonzalez@company.com,(661) 604-2434,Inactive
EMP049495,Jane,Lopez,Jane Lopez,57,Legal,Lead,Los Angeles,92742.83,10933.79,2022-05-20,30,68.3,jane.lopez@company.com,(765) 487-2644,Active
EMP049496,Sarah,Martinez,Sarah Martinez,25,Operations,Coordinator,Chicago,54164.81,4697.17,2024-11-23,0,76.3,sarah.martinez@company.com,(903) 296-3337,On Leave
EMP049497,Jessica,Hernandez,Jessica Hernandez,44,IT,Coordinator,New York,52589.13,9342.46,2023-10-20,19,67.0,jessica.hernandez@company.com,(592) 636-3597,Inactive
EMP049498,Michael,Taylor,Michael Taylor,43,IT,Coordinator,Chicago,69439.33,23.21,2024-12-02,14,100.0,michael.taylor@company.com,(315) 811-4515,Active
EMP049499,Matthew,Davis,Matthew Davis,46,Sales,Senior Developer,Miami,91622.72,16833.08,2022-06-15,20,61.5,matthew.davis@company.com,(690) 217-1427,Active
EMP049500,Sarah,Rodriguez,Sarah Rodriguez,64,Engineering,Specialist,Chicago,161813.48,9791.53,2021-04-20,42,78.4,sarah.rodriguez@company.com,(649) 217-2632,Active
EMP049501,William,Hernandez,William Hernandez,65,Sales,Analyst,Boston,96853.97,8883.72,2023-12-10,36,71.4,william.hernandez@company.com,(911) 383-9138,Active
EMP049502,Melissa,Thomas,Melissa Thomas,32,Engineering,Senior Developer,Austin,57978.79,5453.38,2021-03-21,5,74.1,melissa.thomas@company.com,(581) 479-8814,Active
EMP049503,Anthony,Gonzalez,Anthony Gonzalez,29,HR,Specialist,Miami,49708.9,7030.8,2023-11-09,0,75.6,anthony.gonzalez@company.com,(661) 413-9767,Active
EMP049504,Christopher,Thomas,Christopher Thomas,56,Operations,Senior Developer,Miami,78024.62,4905.99,2024-08-11,29,75.8,christopher.thomas@company.com,(883) 613-4063,Active
EMP049505,James,Williams,James Williams,43,Engineering,Senior Developer,New York,91125.67,7425.94,2020-01-17,17,55.1,james.williams@company.com,(598) 215-8906,Inactive
EMP049506,Sarah,Williams,Sarah Williams,24,Marketing,Senior Developer,Miami,60816.12,5815.4,2021-03-02,0,91.1,sarah.williams@company.com,(607) 541-6123,Active
EMP049507,Christopher,Gonzalez,Christopher Gonzalez,25,Legal,Director,Boston,81726.98,1353.78,2023-02-07,1,70.0,christopher.gonzalez@company.com,(822) 556-6236,Active
EMP049508,Emily,Brown,Emily Brown,41,Engineering,Lead,Los Angeles,107440.65,10872.25,2021-03-17,17,66.9,emily.brown@company.com,(767) 793-8070,On Leave
EMP049509,Ashley,Lopez,Ashley Lopez,34,Legal,Lead,Austin,91510.2,3806.88,2022-06-24,9,69.1,ashley.lopez@company.com,(327) 547-4654,Active
EMP049510,William,Brown,William Brown,60,Marketing,Specialist,Chicago,88836.16,13755.9,2023-03-16,36,76.5,william.brown@company.com,(616) 383-4195,Active
EMP049511,Emily,Smith,Emily Smith,46,Operations,Associate,Seattle,52368.76,5371.67,2024-05-25,17,72.3,emily.smith@company.com,(708) 206-7350,Active
EMP049512,Melissa,Taylor,Melissa Taylor,63,Operations,Manager,Los Angeles,79888.09,10066.89,2021-07-22,35,70.9,melissa.taylor@company.com,(264) 696-8060,Active
EMP049513,Stephanie,Garcia,Stephanie Garcia,58,HR,Senior Developer,Chicago,69104.94,7152.66,2024-11-03,34,63.9,stephanie.garcia@company.com,(506) 535-8907,Active
EMP049514,David,Rodriguez,David Rodriguez,28,IT,Analyst,New York,83125.87,0.0,2021-10-20,5,77.4,david.rodriguez@company.com,(558) 820-2655,Active
EMP049515,Emily,Williams,Emily Williams,60,Operations,Analyst,Miami,81679.18,12625.24,2023-07-30,31,100.0,emily.williams@company.com,(278) 298-7795,Active
EMP049516,Sarah,Wilson,Sarah Wilson,28,Marketing,Director,Seattle,72180.37,8056.52,2021-04-23,5,83.3,sarah.wilson@company.com,(494) 563-9720,Active
EMP049517,Melissa,Wilson,Melissa Wilson,28,Finance,Associate,Chicago,88664.86,8957.78,2023-05-22,0,84.8,melissa.wilson@company.com,(759) 771-1691,On Leave
EMP049518,Melissa,Lopez,Melissa Lopez,54,Legal,Director,Chicago,79616.26,7067.28,2023-05-26,31,81.4,melissa.lopez@company.com,(371) 619-4620,Inactive
EMP049519,Nicole,Johnson,Nicole Johnson,28,Legal,Coordinator,Austin,59967.51,2232.57,2021-08-15,2,70.6,nicole.johnson@company.com,(602) 400-4041,Active
EMP049520,Sarah,Miller,Sarah Miller,57,Sales,Associate,Miami,98253.86,13144.91,2022-10-14,35,60.2,sarah.miller@company.com,(216) 954-3825,Active
EMP049521,Jessica,Miller,Jessica Miller,25,Finance,Associate,Chicago,57990.7,9555.89,2021-08-04,0,92.4,jessica.miller@company.com,(422) 895-7322,Active
EMP049522,Lisa,Williams,Lisa Williams,57,Operations,Associate,Chicago,92883.82,9779.86,2023-11-16,29,100.0,lisa.williams@company.com,(523) 949-8346,Active
EMP049523,Christopher,Thomas,Christopher Thomas,64,Finance,Director,San Francisco,94656.49,9680.6,2021-09-14,38,75.2,christopher.thomas@company.com,(286) 365-2718,Active
EMP049524,Daniel,Wilson,Daniel Wilson,39,Legal,Associate,New York,104523.03,15333.6,2024-07-22,14,82.9,daniel.wilson@company.com,(996) 920-7532,Active
EMP049525,David,Johnson,David Johnson,61,Marketing,Associate,Chicago,84802.61,9494.94,2020-02-18,36,43.8,david.johnson@company.com,(971) 670-5406,Active
EMP049526,David,Miller,David Miller,27,Legal,Lead,Boston,75350.62,7779.48,2020-07-03,0,58.0,david.miller@company.com,(748) 986-3991,Active
EMP049527,Melissa,Moore,Melissa Moore,65,Sales,Specialist,San Francisco,110822.79,2102.16,2021-01-12,40,72.6,melissa.moore@company.com,(742) 361-8494,Active
EMP049528,Daniel,Martinez,Daniel Martinez,46,HR,Coordinator,Miami,72680.01,12110.74,2020-05-04,18,97.9,daniel.martinez@company.com,(446) 432-9038,Active
EMP049529,Ashley,Taylor,Ashley Taylor,39,Marketing,Lead,Austin,75686.96,3642.86,2023-11-15,14,74.1,ashley.taylor@company.com,(850) 475-9819,Active
EMP049530,Nicole,Taylor,Nicole Taylor,22,Engineering,Manager,Seattle,74664.65,10270.28,2020-11-12,0,92.3,nicole.taylor@company.com,(709) 224-4898,Inactive
EMP049531,Melissa,Jones,Melissa Jones,29,HR,Specialist,Chicago,86575.26,13750.58,2024-10-02,4,80.4,melissa.jones@company.com,(723) 739-5472,Inactive
EMP049532,Jane,Anderson,Jane Anderson,62,HR,Specialist,Chicago,89582.17,2805.99,2023-10-27,34,66.2,jane.anderson@company.com,(896) 211-8195,Active
EMP049533,Daniel,Gonzalez,Daniel Gonzalez,38,Finance,Senior Developer,Chicago,69325.59,10239.11,2021-05-03,11,65.5,daniel.gonzalez@company.com,(395) 981-1994,Active
EMP049534,Jessica,Gonzalez,Jessica Gonzalez,51,Operations,Coordinator,Austin,70983.36,12833.76,2022-10-27,24,80.6,jessica.gonzalez@company.com,(458) 866-9854,Active
EMP049535,David,Jackson,David Jackson,40,HR,Manager,San Francisco,43428.43,3742.17,2021-05-18,13,82.4,david.jackson@company.com,(576) 585-4166,Inactive
EMP049536,Emily,Hernandez,Emily Hernandez,26,IT,Associate,Seattle,72018.02,4450.22,2020-07-03,2,56.8,emily.hernandez@company.com,(319) 598-3416,Active
EMP049537,Jane,Hernandez,Jane Hernandez,52,Legal,Specialist,Los Angeles,130622.24,19447.04,2021-12-19,29,68.2,jane.hernandez@company.com,(206) 466-7048,Active
EMP049538,Jane,Moore,Jane Moore,56,Operations,Associate,Los Angeles,57134.56,8533.8,2024-04-20,32,85.7,jane.moore@company.com,(925) 424-8126,Active
EMP049539,Lisa,Gonzalez,Lisa Gonzalez,53,Marketing,Director,San Francisco,108139.91,16310.57,2023-07-09,26,54.8,lisa.gonzalez@company.com,(990) 445-2852,Active
EMP049540,Anthony,Davis,Anthony Davis,46,IT,Director,New York,86469.08,8113.29,2022-08-09,19,89.8,anthony.davis@company.com,(809) 964-4054,Active
EMP049541,David,Jackson,David Jackson,25,Legal,Associate,Seattle,80770.65,8724.31,2024-11-03,0,90.4,david.jackson@company.com,(567) 705-7829,Active
EMP049542,Christopher,Miller,Christopher Miller,45,Marketing,Manager,New York,87919.21,10114.39,2021-12-27,21,97.9,christopher.miller@company.com,(623) 987-5059,Active
EMP049543,Matthew,Jones,Matthew Jones,34,Legal,Director,New York,81977.16,3025.9,2023-07-16,7,56.4,matthew.jones@company.com,(842) 570-7222,Active
EMP049544,Amanda,Miller,Amanda Miller,38,Sales,Associate,San Francisco,73140.97,3232.7,2023-10-11,9,47.0,amanda.miller@company.com,(393) 350-4804,Active
EMP049545,Ashley,Hernandez,Ashley Hernandez,29,HR,Lead,Chicago,48460.11,6104.04,2020-07-07,6,88.8,ashley.hernandez@company.com,(759) 839-4301,Active
EMP049546,Jessica,Martinez,Jessica Martinez,26,Sales,Manager,San Francisco,44459.24,4613.4,2021-10-09,0,47.1,jessica.martinez@company.com,(723) 974-8265,Active
EMP049547,Melissa,Martinez,Melissa Martinez,34,HR,Associate,New York,56540.53,7983.95,2024-05-04,10,63.5,melissa.martinez@company.com,(218) 322-3746,Active
EMP049548,Christopher,Brown,Christopher Brown,27,Sales,Manager,Los Angeles,57482.05,1242.97,2021-05-16,0,79.9,christopher.brown@company.com,(877) 233-6804,Active
EMP049549,Christopher,Brown,Christopher Brown,35,Marketing,Manager,Seattle,75370.15,7125.13,2024-01-05,8,88.1,christopher.brown@company.com,(544) 808-1626,Inactive
EMP049550,Anthony,Williams,Anthony Williams,58,Legal,Specialist,Boston,109541.32,6369.18,2023-01-06,30,67.3,anthony.williams@company.com,(647) 228-2901,Active
EMP049551,Melissa,Miller,Melissa Miller,60,Sales,Specialist,Seattle,89484.47,9481.91,2022-07-21,31,61.4,melissa.miller@company.com,(271) 594-9907,Active
EMP049552,John,Smith,John Smith,33,Legal,Senior Developer,Miami,117128.94,2151.12,2022-12-25,11,73.0,john.smith@company.com,(357) 636-4080,Active
EMP049553,Ashley,Jones,Ashley Jones,56,Engineering,Specialist,Boston,141111.93,17373.82,2020-09-17,33,78.6,ashley.jones@company.com,(880) 675-4644,Inactive
EMP049554,Jessica,Martin,Jessica Martin,27,Engineering,Coordinator,Austin,71082.44,7964.69,2020-11-25,0,67.6,jessica.martin@company.com,(309) 885-8773,Active
EMP049555,Matthew,Williams,Matthew Williams,61,IT,Manager,Los Angeles,63718.63,4204.03,2021-02-13,39,99.7,matthew.williams@company.com,(966) 614-6799,Active
EMP049556,Sarah,Garcia,Sarah Garcia,27,Finance,Director,San Francisco,69479.98,2932.4,2021-11-12,2,77.3,sarah.garcia@company.com,(926) 871-5753,Active
EMP049557,Sarah,Gonzalez,Sarah Gonzalez,32,Finance,Coordinator,Miami,50567.32,6162.78,2021-11-10,5,86.8,sarah.gonzalez@company.com,(653) 742-3136,Active
EMP049558,Emily,Thomas,Emily Thomas,40,Engineering,Analyst,Los Angeles,114631.37,13872.64,2023-04-06,11,73.7,emily.thomas@company.com,(465) 251-8799,Active
EMP049559,James,Martinez,James Martinez,42,Operations,Analyst,Chicago,79626.9,7062.29,2023-01-04,15,53.2,james.martinez@company.com,(887) 900-7183,Active
EMP049560,Melissa,Hernandez,Melissa Hernandez,28,Sales,Coordinator,Miami,86173.06,11116.49,2020-05-22,0,89.1,melissa.hernandez@company.com,(776) 374-3831,Active
EMP049561,James,Wilson,James Wilson,45,Finance,Coordinator,Austin,56232.05,2172.62,2021-11-18,17,56.5,james.wilson@company.com,(257) 785-6422,Active
EMP049562,Robert,Hernandez,Robert Hernandez,33,HR,Director,Seattle,84922.03,3958.38,2020-08-29,7,95.8,robert.hernandez@company.com,(792) 434-4194,Active
EMP049563,Nicole,Jackson,Nicole Jackson,53,Operations,Coordinator,Chicago,61793.76,12097.55,2022-02-05,30,58.7,nicole.jackson@company.com,(467) 309-5635,Active
EMP049564,Sarah,Wilson,Sarah Wilson,63,IT,Senior Developer,San Francisco,121240.5,10584.78,2022-04-17,36,78.0,sarah.wilson@company.com,(712) 428-6643,Active
EMP049565,Amanda,Taylor,Amanda Taylor,61,Operations,Analyst,Chicago,89403.79,4848.32,2020-05-24,37,75.4,amanda.taylor@company.com,(831) 835-6238,Active
EMP049566,Stephanie,Rodriguez,Stephanie Rodriguez,45,Marketing,Senior Developer,Chicago,79116.92,4094.91,2024-04-11,21,82.2,stephanie.rodriguez@company.com,(251) 566-8076,Active
EMP049567,Jessica,Smith,Jessica Smith,53,IT,Associate,Chicago,91693.36,5261.88,2022-03-08,25,72.1,jessica.smith@company.com,(690) 661-9437,Active
EMP049568,Christopher,Miller,Christopher Miller,50,Finance,Manager,Seattle,86649.99,8069.94,2023-11-12,22,78.7,christopher.miller@company.com,(970) 518-7932,Active
EMP049569,David,Miller,David Miller,57,IT,Senior Developer,Austin,115079.41,20420.28,2022-01-23,30,49.0,david.miller@company.com,(948) 630-9337,Active
EMP049570,Emily,Jackson,Emily Jackson,31,HR,Lead,Chicago,56289.63,7214.89,2023-09-30,7,69.4,emily.jackson@company.com,(365) 606-3444,Active
EMP049571,Emily,Brown,Emily Brown,31,HR,Associate,Los Angeles,61788.12,5793.62,2020-05-08,2,65.2,emily.brown@company.com,(225) 602-9427,Active
EMP049572,Matthew,Martin,Matthew Martin,23,IT,Analyst,Boston,103861.35,15494.05,2021-02-20,1,87.4,matthew.martin@company.com,(575) 906-3567,Active
EMP049573,David,Johnson,David Johnson,62,Marketing,Senior Developer,Austin,94272.9,9237.08,2022-04-26,34,46.2,david.johnson@company.com,(680) 909-5926,Active
EMP049574,Ashley,Gonzalez,Ashley Gonzalez,55,IT,Senior Developer,Seattle,108285.73,24401.26,2023-01-08,26,67.4,ashley.gonzalez@company.com,(525) 459-1588,Active
EMP049575,Robert,Lopez,Robert Lopez,27,Operations,Manager,Chicago,40925.46,5903.46,2023-09-06,5,74.1,robert.lopez@company.com,(892) 358-3101,Active
EMP049576,James,Brown,James Brown,63,IT,Director,New York,85441.64,7353.48,2020-03-06,35,69.9,james.brown@company.com,(311) 425-6282,Inactive
EMP049577,James,Moore,James Moore,56,Legal,Analyst,Austin,84675.99,11833.18,2022-01-09,32,79.5,james.moore@company.com,(861) 894-3335,Active
EMP049578,David,Wilson,David Wilson,54,HR,Analyst,Chicago,54068.92,6624.44,2020-08-07,29,72.1,david.wilson@company.com,(537) 916-8703,Active
EMP049579,Jessica,Moore,Jessica Moore,54,Operations,Analyst,Chicago,45376.62,3946.6,2023-08-24,32,72.9,jessica.moore@company.com,(656) 431-6094,Active
EMP049580,Lisa,Moore,Lisa Moore,40,Marketing,Senior Developer,Miami,70460.66,8861.93,2021-08-22,12,94.0,lisa.moore@company.com,(267) 424-8718,Active
EMP049581,Melissa,Johnson,Melissa Johnson,30,Legal,Senior Developer,New York,79510.7,15208.05,2020-11-19,1,84.4,melissa.johnson@company.com,(907) 363-7240,Active
EMP049582,Stephanie,Thomas,Stephanie Thomas,39,IT,Coordinator,New York,56627.56,4027.71,2021-10-28,17,69.3,stephanie.thomas@company.com,(264) 782-8145,Active
EMP049583,Jessica,Anderson,Jessica Anderson,35,Marketing,Coordinator,New York,43974.91,2897.83,2024-10-16,7,95.8,jessica.anderson@company.com,(927) 615-1953,Active
EMP049584,Emily,Wilson,Emily Wilson,49,Operations,Analyst,Los Angeles,73508.24,8382.08,2021-07-24,21,79.2,emily.wilson@company.com,(863) 833-4473,Inactive
EMP049585,Ashley,Hernandez,Ashley Hernandez,28,HR,Senior Developer,Austin,65688.4,5845.35,2022-07-22,5,63.0,ashley.hernandez@company.com,(782) 778-5230,Active
EMP049586,Anthony,Thomas,Anthony Thomas,61,IT,Lead,Seattle,125932.67,14830.98,2020-02-03,32,67.0,anthony.thomas@company.com,(311) 257-2352,Active
EMP049587,Melissa,Gonzalez,Melissa Gonzalez,43,Finance,Senior Developer,Chicago,84017.04,11719.23,2020-04-16,14,87.2,melissa.gonzalez@company.com,(784) 223-7070,Active
EMP049588,James,Lopez,James Lopez,50,Marketing,Lead,Chicago,94608.83,17818.24,2023-08-18,24,59.1,james.lopez@company.com,(719) 700-1868,Active
EMP049589,Christopher,Moore,Christopher Moore,43,Finance,Lead,Seattle,52536.44,3380.06,2020-09-26,16,69.2,christopher.moore@company.com,(756) 607-6092,Active
EMP049590,David,Lopez,David Lopez,42,Finance,Lead,Miami,80025.5,5598.48,2020-01-03,17,37.9,david.lopez@company.com,(297) 998-7044,Active
EMP049591,Lisa,Anderson,Lisa Anderson,42,Legal,Analyst,Los Angeles,126269.21,21079.81,2021-12-10,15,67.4,lisa.anderson@company.com,(435) 570-8985,Active
EMP049592,Christopher,Davis,Christopher Davis,43,Engineering,Lead,San Francisco,128862.65,12497.17,2023-03-31,14,57.3,christopher.davis@company.com,(247) 372-3821,Active
EMP049593,Amanda,Smith,Amanda Smith,32,Marketing,Analyst,Chicago,77791.76,11301.71,2020-01-05,5,76.7,amanda.smith@company.com,(733) 491-3299,Active
EMP049594,Michael,Taylor,Michael Taylor,27,Legal,Associate,New York,54469.29,6331.49,2022-01-06,4,80.4,michael.taylor@company.com,(892) 993-5877,Active
EMP049595,Amanda,Rodriguez,Amanda Rodriguez,57,IT,Lead,New York,74378.73,5233.97,2021-03-09,30,38.8,amanda.rodriguez@company.com,(393) 993-9291,Inactive
EMP049596,Jessica,Jackson,Jessica Jackson,23,Marketing,Coordinator,Austin,51083.63,4149.17,2023-11-07,0,60.6,jessica.jackson@company.com,(234) 686-5936,Active
EMP049597,William,Moore,William Moore,42,Operations,Coordinator,San Francisco,63747.07,4281.13,2023-06-25,14,70.0,william.moore@company.com,(375) 944-7665,Active
EMP049598,Jessica,Hernandez,Jessica Hernandez,53,HR,Associate,Seattle,46050.84,603.94,2023-11-28,26,78.3,jessica.hernandez@company.com,(592) 894-3419,Active
EMP049599,Robert,Moore,Robert Moore,29,Marketing,Manager,Miami,56397.59,9100.23,2020-06-19,4,100.0,robert.moore@company.com,(370) 339-7885,Active
EMP049600,Melissa,Anderson,Melissa Anderson,49,Operations,Director,Seattle,65586.03,6441.74,2020-12-13,22,69.9,melissa.anderson@company.com,(648) 588-6546,Active
EMP049601,Daniel,Johnson,Daniel Johnson,33,Sales,Specialist,Seattle,79579.29,11132.19,2024-07-12,5,86.7,daniel.johnson@company.com,(969) 760-1339,Active
EMP049602,James,Martin,James Martin,50,IT,Coordinator,Los Angeles,120426.21,23063.33,2020-09-13,22,92.6,james.martin@company.com,(304) 238-7551,Active
EMP049603,Michael,Johnson,Michael Johnson,62,IT,Senior Developer,Boston,137504.69,11780.73,2024-05-04,38,85.8,michael.johnson@company.com,(362) 509-2245,Active
EMP049604,Stephanie,Anderson,Stephanie Anderson,29,Marketing,Lead,Chicago,41019.57,3477.3,2023-11-09,2,81.6,stephanie.anderson@company.com,(219) 227-3084,Active
EMP049605,Michael,Martinez,Michael Martinez,33,IT,Manager,San Francisco,62220.68,4008.62,2024-01-14,5,83.0,michael.martinez@company.com,(447) 678-2907,Active
EMP049606,William,Moore,William Moore,44,Sales,Senior Developer,San Francisco,74264.31,417.79,2022-11-26,16,62.2,william.moore@company.com,(587) 423-5007,Active
EMP049607,Nicole,Gonzalez,Nicole Gonzalez,38,Marketing,Senior Developer,Austin,51798.96,5170.55,2023-02-23,12,81.3,nicole.gonzalez@company.com,(535) 809-9881,Active
EMP049608,Jessica,Wilson,Jessica Wilson,24,IT,Manager,Boston,79374.64,9747.14,2020-05-13,0,81.5,jessica.wilson@company.com,(810) 600-9760,Active
EMP049609,Melissa,Miller,Melissa Miller,29,Operations,Analyst,Seattle,62244.36,3552.94,2023-02-24,3,69.7,melissa.miller@company.com,(693) 412-1012,Active
EMP049610,Lisa,Davis,Lisa Davis,56,HR,Lead,Seattle,58533.2,5079.73,2022-11-05,30,73.6,lisa.davis@company.com,(401) 870-7597,On Leave
EMP049611,Stephanie,Anderson,Stephanie Anderson,59,Operations,Director,Los Angeles,91463.5,5457.41,2021-03-25,32,88.1,stephanie.anderson@company.com,(836) 381-2993,Active
EMP049612,Ashley,Moore,Ashley Moore,43,Legal,Specialist,Seattle,84727.3,7406.27,2020-01-25,21,67.5,ashley.moore@company.com,(311) 378-2947,On Leave
EMP049613,Christopher,Jackson,Christopher Jackson,24,Legal,Senior Developer,New York,90849.47,6773.54,2020-07-10,0,100.0,christopher.jackson@company.com,(816) 249-8424,Active
EMP049614,Michael,Garcia,Michael Garcia,54,IT,Coordinator,Seattle,95677.72,12182.5,2020-06-23,25,53.3,michael.garcia@company.com,(775) 270-6053,Active
EMP049615,David,Taylor,David Taylor,46,Operations,Specialist,New York,70343.85,6792.83,2022-03-09,23,69.3,david.taylor@company.com,(805) 809-6940,Active
EMP049616,Christopher,Williams,Christopher Williams,28,HR,Analyst,Chicago,57084.82,4473.89,2022-01-17,3,31.5,christopher.williams@company.com,(840) 273-7059,Active
EMP049617,Christopher,Johnson,Christopher Johnson,26,Sales,Senior Developer,Austin,57303.26,2817.47,2021-11-17,3,66.7,christopher.johnson@company.com,(372) 557-3633,Inactive
EMP049618,William,Anderson,William Anderson,36,Legal,Analyst,New York,78890.08,5700.12,2024-12-30,11,80.4,william.anderson@company.com,(378) 702-2533,Active
EMP049619,Nicole,Thomas,Nicole Thomas,32,Legal,Specialist,Miami,94785.32,14361.38,2021-02-03,5,100.0,nicole.thomas@company.com,(796) 429-1534,Active
EMP049620,David,Anderson,David Anderson,35,HR,Analyst,Los Angeles,65350.49,3675.89,2024-07-16,7,79.9,david.anderson@company.com,(439) 940-9733,Active
EMP049621,Jane,Brown,Jane Brown,56,Finance,Associate,Austin,100632.96,15014.62,2022-11-06,34,79.8,jane.brown@company.com,(479) 750-3333,Active
EMP049622,Ashley,Brown,Ashley Brown,60,Finance,Coordinator,Los Angeles,107015.71,15866.03,2020-02-11,36,81.1,ashley.brown@company.com,(284) 724-1399,Active
EMP049623,John,Smith,John Smith,65,Operations,Senior Developer,Chicago,50326.44,7055.85,2022-01-30,39,65.2,john.smith@company.com,(920) 223-4200,Active
EMP049624,Robert,Williams,Robert Williams,57,Engineering,Specialist,Boston,124440.34,9069.86,2024-09-27,31,78.7,robert.williams@company.com,(909) 835-5745,Active
EMP049625,Ashley,Martinez,Ashley Martinez,32,Engineering,Director,New York,83447.04,15130.7,2024-09-28,3,65.1,ashley.martinez@company.com,(578) 645-4667,Active
EMP049626,Amanda,Williams,Amanda Williams,46,Operations,Manager,Austin,77269.86,3913.2,2021-11-16,17,96.0,amanda.williams@company.com,(395) 721-8173,Active
EMP049627,Christopher,Wilson,Christopher Wilson,49,Legal,Senior Developer,Austin,114154.45,2007.63,2024-07-05,27,71.3,christopher.wilson@company.com,(496) 450-5578,Inactive
EMP049628,Anthony,Garcia,Anthony Garcia,26,Sales,Coordinator,Boston,48587.32,6005.38,2024-03-14,4,60.7,anthony.garcia@company.com,(565) 922-8388,Active
EMP049629,David,Williams,David Williams,30,Legal,Director,New York,80300.88,9785.01,2023-08-06,8,63.1,david.williams@company.com,(594) 743-5024,Active
EMP049630,Jane,Johnson,Jane Johnson,31,Engineering,Coordinator,New York,89447.09,18616.27,2020-08-08,8,68.3,jane.johnson@company.com,(709) 820-4867,Active
EMP049631,Stephanie,Gonzalez,Stephanie Gonzalez,51,Legal,Lead,Chicago,91428.69,3492.58,2023-04-25,28,49.8,stephanie.gonzalez@company.com,(332) 286-3058,Active
EMP049632,David,Rodriguez,David Rodriguez,48,Engineering,Analyst,Boston,48304.32,5172.03,2022-06-01,21,64.6,david.rodriguez@company.com,(901) 970-7207,Active
EMP049633,Michael,Davis,Michael Davis,24,IT,Associate,Chicago,99630.97,3794.46,2021-01-31,2,62.6,michael.davis@company.com,(346) 951-5004,Active
EMP049634,Jane,Wilson,Jane Wilson,55,Engineering,Manager,Los Angeles,139382.37,20102.03,2024-08-24,28,55.7,jane.wilson@company.com,(758) 912-5506,Active
EMP049635,Ashley,Davis,Ashley Davis,36,Finance,Manager,San Francisco,89309.36,15790.11,2024-10-05,8,74.3,ashley.davis@company.com,(455) 458-2936,Active
EMP049636,Christopher,Taylor,Christopher Taylor,42,Operations,Analyst,Miami,64093.52,9588.75,2020-08-23,16,49.0,christopher.taylor@company.com,(839) 851-6111,Active
EMP049637,Lisa,Moore,Lisa Moore,51,Legal,Lead,Miami,77608.33,10319.67,2024-02-26,23,86.0,lisa.moore@company.com,(963) 478-2064,Active
EMP049638,Ashley,Williams,Ashley Williams,24,Engineering,Associate,San Francisco,64385.97,4280.18,2024-01-10,0,70.2,ashley.williams@company.com,(743) 647-4272,Active
EMP049639,Michael,Martin,Michael Martin,55,Finance,Specialist,Los Angeles,111258.4,0.0,2021-09-19,27,61.6,michael.martin@company.com,(815) 456-2381,Active
EMP049640,Jane,Johnson,Jane Johnson,45,Marketing,Director,Los Angeles,47183.64,2343.13,2021-10-15,18,87.1,jane.johnson@company.com,(577) 682-6843,Active
EMP049641,Jessica,Martin,Jessica Martin,35,Legal,Manager,Boston,92401.65,13060.73,2020-02-14,7,69.8,jessica.martin@company.com,(887) 948-9353,Active
EMP049642,Emily,Rodriguez,Emily Rodriguez,50,Sales,Senior Developer,Seattle,64566.73,4743.29,2023-09-11,23,81.3,emily.rodriguez@company.com,(606) 237-6970,Active
EMP049643,Robert,Wilson,Robert Wilson,62,IT,Lead,Chicago,129015.43,18356.33,2023-01-14,33,95.7,robert.wilson@company.com,(363) 554-2132,Active
EMP049644,William,Taylor,William Taylor,63,Legal,Director,Austin,122637.5,12506.38,2023-09-17,40,88.3,william.taylor@company.com,(419) 775-7895,Active
EMP049645,Melissa,Martin,Melissa Martin,25,Engineering,Coordinator,San Francisco,83372.01,9920.08,2022-07-11,1,50.7,melissa.martin@company.com,(609) 899-5467,On Leave
EMP049646,Anthony,Rodriguez,Anthony Rodriguez,35,Finance,Analyst,Miami,70831.53,4398.47,2020-07-11,12,73.0,anthony.rodriguez@company.com,(570) 557-9712,Active
EMP049647,Ashley,Jones,Ashley Jones,47,Marketing,Senior Developer,Miami,64578.63,5123.23,2020-06-12,22,59.3,ashley.jones@company.com,(273) 770-4787,Active
EMP049648,Sarah,Jones,Sarah Jones,28,IT,Director,San Francisco,98329.31,6818.37,2021-02-15,3,94.8,sarah.jones@company.com,(966) 915-3551,Inactive
EMP049649,Lisa,Taylor,Lisa Taylor,53,IT,Director,Miami,117202.03,4247.73,2024-11-01,26,88.9,lisa.taylor@company.com,(936) 236-4830,Active
EMP049650,Jane,Lopez,Jane Lopez,38,Engineering,Manager,San Francisco,125655.37,10707.35,2021-04-08,10,90.8,jane.lopez@company.com,(937) 797-5544,Inactive
EMP049651,James,Taylor,James Taylor,65,Finance,Senior Developer,New York,66464.66,12276.96,2023-12-28,36,84.8,james.taylor@company.com,(494) 611-4097,Active
EMP049652,Robert,Wilson,Robert Wilson,55,Sales,Specialist,Boston,82172.02,8059.61,2023-05-23,29,78.3,robert.wilson@company.com,(590) 714-4214,Active
EMP049653,John,Lopez,John Lopez,52,Engineering,Senior Developer,Austin,122937.06,8334.45,2023-12-03,23,76.6,john.lopez@company.com,(906) 386-1555,On Leave
EMP049654,Jane,Johnson,Jane Johnson,28,Finance,Specialist,Boston,41783.68,5417.46,2024-05-22,5,88.7,jane.johnson@company.com,(452) 907-8240,Active
EMP049655,Nicole,Moore,Nicole Moore,41,Engineering,Director,Seattle,86744.54,12622.7,2021-01-03,17,78.4,nicole.moore@company.com,(442) 488-8025,Active
EMP049656,Amanda,Brown,Amanda Brown,40,Engineering,Manager,Austin,90863.99,1632.78,2022-03-16,14,57.3,amanda.brown@company.com,(937) 728-8289,Active
EMP049657,James,Davis,James Davis,62,Marketing,Associate,Los Angeles,79397.37,16949.8,2022-09-06,39,100.0,james.davis@company.com,(485) 433-4229,Active
EMP049658,John,Johnson,John Johnson,42,HR,Senior Developer,Miami,49424.27,9288.59,2024-10-29,14,100.0,john.johnson@company.com,(615) 798-5950,Active
EMP049659,James,Davis,James Davis,46,Engineering,Lead,San Francisco,95219.89,5947.24,2024-12-12,20,57.2,james.davis@company.com,(638) 207-9647,Active
EMP049660,Jane,Rodriguez,Jane Rodriguez,36,Sales,Specialist,Boston,75509.34,10171.09,2020-12-25,8,81.5,jane.rodriguez@company.com,(910) 498-8019,Active
EMP049661,Robert,Wilson,Robert Wilson,58,Legal,Senior Developer,Chicago,108625.73,15774.78,2023-02-15,33,81.0,robert.wilson@company.com,(980) 681-2012,Active
EMP049662,Stephanie,Anderson,Stephanie Anderson,64,Sales,Director,New York,83026.1,13190.1,2021-10-08,36,83.5,stephanie.anderson@company.com,(807) 603-7747,Active
EMP049663,Jessica,Lopez,Jessica Lopez,27,Operations,Director,New York,60061.46,8652.81,2021-08-12,0,71.7,jessica.lopez@company.com,(525) 377-9898,Active
EMP049664,Jessica,Gonzalez,Jessica Gonzalez,64,Sales,Manager,Chicago,107243.77,6925.93,2022-08-30,40,86.6,jessica.gonzalez@company.com,(797) 965-6982,Active
EMP049665,Lisa,Hernandez,Lisa Hernandez,64,Legal,Lead,Chicago,120067.49,13585.03,2024-07-13,40,61.1,lisa.hernandez@company.com,(635) 466-4597,On Leave
EMP049666,Nicole,Wilson,Nicole Wilson,64,IT,Manager,Miami,124430.08,11975.85,2021-02-08,41,74.6,nicole.wilson@company.com,(682) 802-4393,Active
EMP049667,Jane,Rodriguez,Jane Rodriguez,34,Engineering,Lead,New York,111912.29,16733.29,2024-01-25,8,78.2,jane.rodriguez@company.com,(425) 727-1990,Active
EMP049668,David,Lopez,David Lopez,44,Marketing,Specialist,San Francisco,91408.72,9104.89,2023-08-06,15,91.9,david.lopez@company.com,(763) 500-8452,Active
EMP049669,Stephanie,Martinez,Stephanie Martinez,57,Marketing,Specialist,Austin,48054.77,4515.36,2021-01-17,29,65.3,stephanie.martinez@company.com,(948) 553-1800,Active
EMP049670,Christopher,Wilson,Christopher Wilson,55,Operations,Coordinator,Chicago,73149.59,5151.96,2020-04-23,29,56.2,christopher.wilson@company.com,(882) 803-4258,Active
EMP049671,Michael,Johnson,Michael Johnson,42,Operations,Manager,New York,53391.82,977.75,2023-01-01,17,91.8,michael.johnson@company.com,(408) 552-2448,Active
EMP049672,Robert,Miller,Robert Miller,45,Operations,Manager,Boston,64608.16,9238.07,2022-09-30,23,70.9,robert.miller@company.com,(913) 235-5086,Active
EMP049673,Michael,Gonzalez,Michael Gonzalez,27,Marketing,Manager,San Francisco,67110.52,9188.19,2023-10-05,1,100.0,michael.gonzalez@company.com,(515) 464-7034,On Leave
EMP049674,Stephanie,Thomas,Stephanie Thomas,32,Operations,Specialist,Los Angeles,64777.81,7930.19,2024-03-03,3,100.0,stephanie.thomas@company.com,(949) 277-3229,Active
EMP049675,Robert,Johnson,Robert Johnson,54,Engineering,Lead,San Francisco,123152.19,13831.14,2020-11-20,28,88.7,robert.johnson@company.com,(552) 451-2304,Active
EMP049676,Lisa,Martin,Lisa Martin,56,Marketing,Specialist,Chicago,68603.44,6838.49,2021-10-22,27,84.3,lisa.martin@company.com,(499) 387-2203,Active
EMP049677,Sarah,Martin,Sarah Martin,46,HR,Coordinator,Boston,53291.9,6397.54,2024-02-07,22,92.6,sarah.martin@company.com,(986) 854-7152,Active
EMP049678,Ashley,Thomas,Ashley Thomas,40,Marketing,Manager,Miami,74782.56,4430.8,2024-05-21,17,75.3,ashley.thomas@company.com,(278) 483-4623,Active
EMP049679,Matthew,Wilson,Matthew Wilson,55,Sales,Director,Seattle,62199.14,7563.79,2021-04-29,27,89.7,matthew.wilson@company.com,(846) 851-1402,Active
EMP049680,Daniel,Johnson,Daniel Johnson,48,Marketing,Director,Boston,85422.98,7094.42,2020-10-27,24,60.8,daniel.johnson@company.com,(888) 379-4746,Active
EMP049681,Amanda,Hernandez,Amanda Hernandez,65,Marketing,Associate,Boston,66781.84,4028.18,2021-09-05,43,89.8,amanda.hernandez@company.com,(547) 667-8370,Active
EMP049682,Daniel,Williams,Daniel Williams,50,Engineering,Senior Developer,Austin,93264.0,3954.6,2023-08-14,21,80.8,daniel.williams@company.com,(807) 246-4268,Inactive
EMP049683,Stephanie,Jones,Stephanie Jones,35,Sales,Coordinator,New York,70249.21,9835.53,2022-06-21,12,69.7,stephanie.jones@company.com,(933) 761-8292,Active
EMP049684,Matthew,Lopez,Matthew Lopez,58,HR,Associate,Los Angeles,74320.36,7362.11,2024-03-11,29,100.0,matthew.lopez@company.com,(334) 735-5756,Active
EMP049685,Ashley,Jones,Ashley Jones,50,Legal,Director,Seattle,137583.83,14644.66,2024-08-22,24,80.9,ashley.jones@company.com,(366) 979-5999,Active
EMP049686,Anthony,Williams,Anthony Williams,48,HR,Director,Los Angeles,68167.55,8382.73,2020-11-24,22,74.7,anthony.williams@company.com,(414) 598-7436,Active
EMP049687,Lisa,Jones,Lisa Jones,29,Finance,Director,Seattle,71986.64,8224.26,2024-04-27,0,100.0,lisa.jones@company.com,(995) 639-4635,Active
EMP049688,Melissa,Lopez,Melissa Lopez,40,Legal,Specialist,San Francisco,106015.46,14532.66,2020-07-18,18,74.5,melissa.lopez@company.com,(998) 512-4399,Active
EMP049689,James,Miller,James Miller,64,Sales,Specialist,Chicago,86019.53,4412.33,2024-08-27,40,63.2,james.miller@company.com,(787) 266-4880,Active
EMP049690,Michael,Johnson,Michael Johnson,60,IT,Analyst,Seattle,81587.97,3828.1,2022-12-16,32,81.3,michael.johnson@company.com,(322) 577-9641,Active
EMP049691,Sarah,Thomas,Sarah Thomas,33,IT,Senior Developer,Austin,103824.28,15329.23,2021-04-19,9,81.9,sarah.thomas@company.com,(203) 332-6738,Active
EMP049692,Ashley,Anderson,Ashley Anderson,54,Finance,Lead,Chicago,104766.74,12306.32,2021-03-27,29,63.9,ashley.anderson@company.com,(991) 843-1615,Active
EMP049693,Sarah,Johnson,Sarah Johnson,30,Marketing,Associate,Los Angeles,83324.92,8680.99,2020-07-09,8,74.0,sarah.johnson@company.com,(961) 977-1498,Active
EMP049694,Emily,Jackson,Emily Jackson,23,Sales,Lead,Austin,49066.73,5238.8,2024-07-24,0,76.5,emily.jackson@company.com,(958) 798-3450,Active
EMP049695,Ashley,Gonzalez,Ashley Gonzalez,24,Finance,Specialist,Seattle,111771.87,18766.62,2024-08-26,0,81.6,ashley.gonzalez@company.com,(244) 229-1795,Active
EMP049696,James,Martinez,James Martinez,25,Finance,Director,Chicago,79091.7,9360.16,2021-10-10,1,86.0,james.martinez@company.com,(740) 419-8853,Active
EMP049697,Ashley,Davis,Ashley Davis,41,IT,Senior Developer,Seattle,86828.92,17244.86,2021-12-12,17,92.9,ashley.davis@company.com,(978) 450-6576,Active
EMP049698,Melissa,Johnson,Melissa Johnson,63,Marketing,Director,New York,70867.36,7097.52,2022-03-09,34,55.0,melissa.johnson@company.com,(750) 328-9094,Active
EMP049699,Sarah,Lopez,Sarah Lopez,29,Operations,Director,Chicago,49120.39,4369.33,2021-08-04,7,61.8,sarah.lopez@company.com,(704) 752-7220,Active
EMP049700,Matthew,Martinez,Matthew Martinez,48,Operations,Manager,Boston,53556.74,3780.11,2023-05-06,20,53.1,matthew.martinez@company.com,(622) 438-5974,Active
EMP049701,Christopher,Moore,Christopher Moore,31,Marketing,Analyst,Miami,89189.18,8076.62,2023-09-20,9,89.2,christopher.moore@company.com,(236) 534-4606,Active
EMP049702,Stephanie,Thomas,Stephanie Thomas,65,HR,Associate,Seattle,89850.78,12055.85,2021-06-02,40,91.1,stephanie.thomas@company.com,(694) 233-7185,Active
EMP049703,William,Hernandez,William Hernandez,37,Operations,Manager,Seattle,39874.24,6454.61,2023-02-24,8,57.6,william.hernandez@company.com,(675) 324-9647,Active
EMP049704,Robert,Brown,Robert Brown,59,HR,Lead,Seattle,91342.42,12820.78,2021-07-16,37,92.9,robert.brown@company.com,(910) 955-5910,Active
EMP049705,William,Williams,William Williams,32,HR,Director,Chicago,69237.29,6750.2,2022-12-02,3,55.2,william.williams@company.com,(621) 920-3995,Active
EMP049706,Jessica,Hernandez,Jessica Hernandez,46,Engineering,Coordinator,Los Angeles,109156.03,12874.91,2024-11-11,20,58.1,jessica.hernandez@company.com,(986) 313-1317,Active
EMP049707,Matthew,Gonzalez,Matthew Gonzalez,55,Engineering,Coordinator,Boston,139888.16,10654.17,2020-07-26,30,67.9,matthew.gonzalez@company.com,(655) 739-8214,Active
EMP049708,Matthew,Jones,Matthew Jones,53,Marketing,Senior Developer,Los Angeles,77086.25,6337.17,2021-01-12,30,79.0,matthew.jones@company.com,(344) 735-7156,Active
EMP049709,Jessica,Martin,Jessica Martin,31,Operations,Associate,Seattle,57391.74,3353.47,2022-06-15,4,88.5,jessica.martin@company.com,(495) 222-2423,Active
EMP049710,Robert,Lopez,Robert Lopez,50,Marketing,Director,Boston,67937.83,6003.35,2020-02-19,28,78.8,robert.lopez@company.com,(349) 319-8553,Active
EMP049711,Michael,Hernandez,Michael Hernandez,48,Sales,Associate,Boston,67321.08,388.08,2021-02-26,22,87.4,michael.hernandez@company.com,(953) 456-4072,Active
EMP049712,Matthew,Brown,Matthew Brown,29,Sales,Director,San Francisco,51045.68,3348.99,2024-11-30,4,73.1,matthew.brown@company.com,(857) 662-2617,Active
EMP049713,Christopher,Thomas,Christopher Thomas,59,HR,Specialist,New York,70617.18,5816.41,2023-03-23,32,70.6,christopher.thomas@company.com,(435) 732-9102,Active
EMP049714,William,Smith,William Smith,22,HR,Senior Developer,Seattle,88421.29,11595.49,2022-04-30,0,66.3,william.smith@company.com,(332) 496-3932,Inactive
EMP049715,William,Anderson,William Anderson,48,IT,Director,Miami,54038.59,0.0,2023-07-06,24,76.3,william.anderson@company.com,(694) 927-1120,Active
EMP049716,Jessica,Taylor,Jessica Taylor,49,Finance,Analyst,Miami,101120.98,4850.97,2020-11-17,27,76.4,jessica.taylor@company.com,(966) 481-9574,Active
EMP049717,Jessica,Williams,Jessica Williams,36,IT,Lead,Seattle,97825.41,2446.64,2020-07-28,9,54.4,jessica.williams@company.com,(632) 209-9557,Active
EMP049718,Lisa,Taylor,Lisa Taylor,22,Legal,Analyst,San Francisco,92005.41,1055.81,2023-08-13,0,86.1,lisa.taylor@company.com,(532) 333-5389,Active
EMP049719,Michael,Wilson,Michael Wilson,52,IT,Associate,Miami,89239.57,7125.42,2021-02-21,30,94.3,michael.wilson@company.com,(372) 840-9605,Active
EMP049720,Stephanie,Jones,Stephanie Jones,53,Finance,Analyst,Seattle,89198.96,667.63,2023-09-25,29,83.2,stephanie.jones@company.com,(545) 284-4436,Active
EMP049721,Christopher,Moore,Christopher Moore,48,Engineering,Lead,Chicago,105943.54,6467.1,2020-08-04,22,61.9,christopher.moore@company.com,(253) 292-3640,Active
EMP049722,Anthony,Anderson,Anthony Anderson,29,Marketing,Analyst,New York,52507.45,3137.89,2020-12-12,7,69.4,anthony.anderson@company.com,(468) 710-3217,Active
EMP049723,Ashley,Lopez,Ashley Lopez,58,Engineering,Coordinator,Los Angeles,139792.61,22781.97,2020-02-15,34,99.4,ashley.lopez@company.com,(555) 977-3279,Active
EMP049724,Robert,Martin,Robert Martin,59,Engineering,Senior Developer,Chicago,131377.48,13028.84,2022-05-14,36,78.6,robert.martin@company.com,(286) 277-1273,Active
EMP049725,Anthony,Brown,Anthony Brown,31,Marketing,Director,Chicago,72275.94,5628.33,2022-01-18,7,82.4,anthony.brown@company.com,(482) 812-9049,Active
EMP049726,Emily,Jackson,Emily Jackson,39,Engineering,Lead,Chicago,81731.03,1477.81,2021-04-30,11,66.7,emily.jackson@company.com,(877) 231-8559,Active
EMP049727,Daniel,Gonzalez,Daniel Gonzalez,29,Legal,Coordinator,Los Angeles,101203.67,3687.38,2020-11-29,2,54.9,daniel.gonzalez@company.com,(794) 892-1765,Active
EMP049728,Nicole,Smith,Nicole Smith,46,Finance,Manager,Boston,75251.72,3866.4,2022-02-06,19,76.9,nicole.smith@company.com,(260) 889-8567,Active
EMP049729,Stephanie,Gonzalez,Stephanie Gonzalez,56,IT,Director,Chicago,130087.55,10183.99,2024-06-27,31,80.8,stephanie.gonzalez@company.com,(330) 578-8086,Active
EMP049730,Nicole,Martinez,Nicole Martinez,52,Marketing,Coordinator,Seattle,63293.57,6798.29,2023-05-24,30,79.4,nicole.martinez@company.com,(645) 858-8344,Active
EMP049731,Melissa,Taylor,Melissa Taylor,58,IT,Specialist,Seattle,105064.32,12057.13,2022-07-01,30,61.4,melissa.taylor@company.com,(515) 387-2177,Active
EMP049732,Christopher,Jones,Christopher Jones,54,Marketing,Coordinator,Seattle,77378.27,4798.68,2023-04-05,25,53.4,christopher.jones@company.com,(848) 798-9381,Inactive
EMP049733,Sarah,Jones,Sarah Jones,57,HR,Director,Seattle,80310.76,3809.68,2022-10-06,35,70.3,sarah.jones@company.com,(392) 734-5517,Active
EMP049734,Matthew,Taylor,Matthew Taylor,26,Sales,Specialist,New York,72334.93,5548.43,2024-11-24,0,75.6,matthew.taylor@company.com,(738) 340-5147,Active
EMP049735,William,Lopez,William Lopez,47,Marketing,Associate,Seattle,62900.06,6823.19,2020-02-22,21,59.9,william.lopez@company.com,(353) 766-8796,Active
EMP049736,Robert,Anderson,Robert Anderson,27,Legal,Senior Developer,Boston,75858.67,74.44,2023-10-09,4,56.5,robert.anderson@company.com,(286) 323-6202,Active
EMP049737,David,Martinez,David Martinez,24,Finance,Director,Seattle,67182.79,8481.23,2020-08-02,0,70.6,david.martinez@company.com,(559) 935-3309,Active
EMP049738,Melissa,Davis,Melissa Davis,45,HR,Senior Developer,Austin,60910.46,4338.76,2020-06-28,20,52.6,melissa.davis@company.com,(389) 765-5683,Active
EMP049739,Lisa,Williams,Lisa Williams,39,Finance,Senior Developer,Austin,84809.18,5748.57,2020-12-23,12,64.2,lisa.williams@company.com,(950) 795-4831,Active
EMP049740,Melissa,Anderson,Melissa Anderson,52,Engineering,Coordinator,Miami,92297.98,20368.56,2024-12-26,28,66.0,melissa.anderson@company.com,(424) 681-5621,Active
EMP049741,William,Miller,William Miller,31,Engineering,Lead,Boston,100596.27,9102.96,2024-02-07,4,71.7,william.miller@company.com,(666) 879-3841,Active
EMP049742,Anthony,Thomas,Anthony Thomas,62,Operations,Analyst,Miami,86291.68,8124.99,2022-09-12,39,91.1,anthony.thomas@company.com,(768) 536-6293,Active
EMP049743,Matthew,Brown,Matthew Brown,55,Finance,Coordinator,New York,120095.32,11330.29,2020-05-10,29,66.4,matthew.brown@company.com,(326) 707-3610,Active
EMP049744,Melissa,Williams,Melissa Williams,38,Finance,Senior Developer,New York,68210.15,5887.24,2024-04-20,13,79.7,melissa.williams@company.com,(706) 659-9049,Active
EMP049745,Daniel,Martin,Daniel Martin,26,Marketing,Lead,Boston,54655.73,4611.15,2020-05-14,2,96.7,daniel.martin@company.com,(205) 441-4876,Active
EMP049746,Christopher,Wilson,Christopher Wilson,53,Finance,Specialist,Boston,81577.83,11037.85,2020-08-29,30,92.5,christopher.wilson@company.com,(277) 652-8680,Inactive
EMP049747,Jane,Moore,Jane Moore,62,Engineering,Analyst,Austin,100607.85,11910.23,2022-09-24,34,66.7,jane.moore@company.com,(647) 768-8526,Inactive
EMP049748,Jane,Martinez,Jane Martinez,51,HR,Senior Developer,Austin,66721.32,15318.07,2020-09-01,25,51.0,jane.martinez@company.com,(957) 580-9676,On Leave
EMP049749,John,Johnson,John Johnson,52,HR,Director,Chicago,71711.16,8758.71,2023-05-07,27,74.7,john.johnson@company.com,(336) 895-2337,Active
EMP049750,Christopher,Anderson,Christopher Anderson,64,Legal,Coordinator,Austin,112410.92,4064.85,2022-07-06,35,71.3,christopher.anderson@company.com,(665) 630-5098,Active
EMP049751,Robert,Martinez,Robert Martinez,27,Operations,Lead,Los Angeles,63137.58,6097.98,2020-07-29,3,80.1,robert.martinez@company.com,(737) 322-2171,Inactive
EMP049752,Amanda,Hernandez,Amanda Hernandez,49,Engineering,Manager,San Francisco,112024.27,1052.43,2022-09-12,22,89.9,amanda.hernandez@company.com,(260) 352-2649,On Leave
EMP049753,James,Taylor,James Taylor,52,IT,Lead,Austin,84689.79,17674.38,2022-05-29,24,100.0,james.taylor@company.com,(362) 562-1728,Active
EMP049754,William,Thomas,William Thomas,58,Operations,Coordinator,New York,78151.06,9598.73,2021-09-18,35,76.7,william.thomas@company.com,(888) 853-1188,Active
EMP049755,Jessica,Rodriguez,Jessica Rodriguez,37,Marketing,Associate,Seattle,56090.08,7049.65,2021-12-17,10,67.5,jessica.rodriguez@company.com,(210) 279-1211,Active
EMP049756,Jessica,Jackson,Jessica Jackson,27,Marketing,Senior Developer,Chicago,71998.57,9403.46,2020-05-03,0,67.5,jessica.jackson@company.com,(490) 298-9010,Active
EMP049757,James,Smith,James Smith,27,Finance,Specialist,Boston,74662.78,12651.31,2020-08-01,0,67.6,james.smith@company.com,(802) 270-5710,Active
EMP049758,Amanda,Davis,Amanda Davis,24,Finance,Senior Developer,San Francisco,54067.38,4655.47,2020-05-03,2,86.7,amanda.davis@company.com,(782) 342-5475,Active
EMP049759,James,Thomas,James Thomas,38,Operations,Specialist,Chicago,51490.87,5039.46,2023-02-05,15,64.0,james.thomas@company.com,(676) 856-2498,Active
EMP049760,James,Thomas,James Thomas,25,Finance,Director,Seattle,64220.12,10296.84,2023-01-03,0,79.4,james.thomas@company.com,(631) 533-1878,Active
EMP049761,Daniel,Martinez,Daniel Martinez,62,IT,Director,Los Angeles,115004.7,1634.01,2024-11-01,39,64.6,daniel.martinez@company.com,(309) 961-1876,On Leave
EMP049762,Lisa,Moore,Lisa Moore,58,Operations,Manager,Los Angeles,67241.72,9064.5,2023-09-02,32,73.6,lisa.moore@company.com,(544) 667-6722,Active
EMP049763,Matthew,Miller,Matthew Miller,41,Operations,Senior Developer,Boston,64373.62,7179.54,2023-08-19,17,65.9,matthew.miller@company.com,(820) 630-5098,Active
EMP049764,Nicole,Taylor,Nicole Taylor,27,IT,Director,Los Angeles,78377.91,4574.36,2024-11-09,3,44.2,nicole.taylor@company.com,(605) 799-6228,Active
EMP049765,Emily,Johnson,Emily Johnson,37,Legal,Senior Developer,Austin,95342.89,6937.14,2020-04-17,8,77.1,emily.johnson@company.com,(886) 633-8661,Active
EMP049766,James,Moore,James Moore,41,HR,Senior Developer,Los Angeles,77417.01,6995.69,2021-10-23,18,68.9,james.moore@company.com,(774) 552-1212,Inactive
EMP049767,Stephanie,Jackson,Stephanie Jackson,48,Finance,Coordinator,Boston,103860.39,7911.35,2020-02-20,25,95.2,stephanie.jackson@company.com,(826) 851-5265,Active
EMP049768,Christopher,Moore,Christopher Moore,46,IT,Associate,Austin,102553.23,15225.51,2024-08-20,17,83.9,christopher.moore@company.com,(872) 895-2913,Active
EMP049769,William,Davis,William Davis,38,Engineering,Lead,Austin,120694.51,16905.86,2024-08-30,10,75.3,william.davis@company.com,(283) 496-8135,Active
EMP049770,Lisa,Martin,Lisa Martin,42,Marketing,Senior Developer,Miami,77300.21,7551.7,2021-07-14,20,88.0,lisa.martin@company.com,(545) 759-6117,Active
EMP049771,Daniel,Jackson,Daniel Jackson,24,Marketing,Analyst,Miami,72352.22,7264.51,2022-02-26,0,75.6,daniel.jackson@company.com,(600) 638-7161,Active
EMP049772,James,Jones,James Jones,60,Marketing,Analyst,San Francisco,71438.47,3010.47,2021-08-10,37,50.6,james.jones@company.com,(632) 620-5158,Active
EMP049773,Amanda,Smith,Amanda Smith,62,Legal,Director,Los Angeles,69888.35,0.0,2020-08-16,36,71.9,amanda.smith@company.com,(307) 890-6434,Active
EMP049774,Ashley,Rodriguez,Ashley Rodriguez,54,Marketing,Lead,Miami,67056.51,7022.92,2024-01-13,32,63.5,ashley.rodriguez@company.com,(963) 735-2646,Active
EMP049775,William,Johnson,William Johnson,24,IT,Manager,San Francisco,79944.34,12652.65,2020-08-13,0,95.8,william.johnson@company.com,(756) 978-4800,Active
EMP049776,John,Anderson,John Anderson,28,Legal,Associate,Seattle,55307.84,7554.26,2022-12-13,2,94.2,john.anderson@company.com,(288) 537-7555,Inactive
EMP049777,William,Brown,William Brown,63,Operations,Associate,Los Angeles,64818.82,4718.86,2023-08-05,39,56.3,william.brown@company.com,(949) 496-3988,Active
EMP049778,Emily,Jackson,Emily Jackson,41,Engineering,Director,Seattle,75532.93,7687.67,2023-09-05,13,74.5,emily.jackson@company.com,(711) 603-9385,Active
EMP049779,Melissa,Martinez,Melissa Martinez,52,Marketing,Associate,Los Angeles,75289.55,6459.69,2020-03-05,26,87.5,melissa.martinez@company.com,(279) 931-4653,Active
EMP049780,Melissa,Jackson,Melissa Jackson,29,Sales,Specialist,Boston,58274.72,8311.24,2024-02-02,1,90.7,melissa.jackson@company.com,(385) 974-8755,Active
EMP049781,Sarah,Smith,Sarah Smith,56,Legal,Associate,San Francisco,121769.53,4945.77,2024-08-05,30,73.4,sarah.smith@company.com,(420) 584-7028,Active
EMP049782,Lisa,Jones,Lisa Jones,45,Marketing,Specialist,Chicago,78803.56,8304.8,2021-09-01,22,87.3,lisa.jones@company.com,(697) 762-1462,Active
EMP049783,Melissa,Wilson,Melissa Wilson,43,Engineering,Analyst,Seattle,106119.07,5741.49,2022-03-02,18,85.3,melissa.wilson@company.com,(729) 276-6937,Active
EMP049784,Jessica,Gonzalez,Jessica Gonzalez,41,HR,Manager,Boston,47587.41,1662.26,2021-04-08,19,42.5,jessica.gonzalez@company.com,(304) 592-8604,Active
EMP049785,Anthony,Davis,Anthony Davis,38,Legal,Associate,San Francisco,116526.71,0.0,2021-02-18,10,46.9,anthony.davis@company.com,(794) 522-5082,On Leave
EMP049786,John,Smith,John Smith,39,Operations,Specialist,New York,79244.78,9762.98,2021-09-07,15,72.6,john.smith@company.com,(923) 733-3008,Active
EMP049787,Christopher,Williams,Christopher Williams,29,Finance,Senior Developer,Austin,44922.63,6649.08,2023-04-27,5,45.3,christopher.williams@company.com,(381) 677-6186,Active
EMP049788,Lisa,Brown,Lisa Brown,30,HR,Coordinator,Miami,55886.61,8181.37,2022-07-25,7,67.7,lisa.brown@company.com,(713) 661-3429,Active
EMP049789,Lisa,Wilson,Lisa Wilson,53,Engineering,Lead,Chicago,81699.56,12042.48,2023-01-24,25,55.8,lisa.wilson@company.com,(601) 990-9427,Inactive
EMP049790,Jessica,Rodriguez,Jessica Rodriguez,57,Operations,Manager,Boston,75493.25,10019.51,2020-09-23,31,90.7,jessica.rodriguez@company.com,(533) 291-6877,Active
EMP049791,Amanda,Moore,Amanda Moore,53,Finance,Senior Developer,Los Angeles,93590.5,10151.79,2022-12-18,28,89.5,amanda.moore@company.com,(825) 776-3207,Active
EMP049792,Matthew,Taylor,Matthew Taylor,53,Operations,Lead,Chicago,58696.32,1778.1,2023-05-02,30,89.8,matthew.taylor@company.com,(873) 931-2512,Active
EMP049793,Amanda,Brown,Amanda Brown,58,Finance,Associate,Miami,100128.64,6327.18,2023-12-06,31,94.7,amanda.brown@company.com,(722) 568-5322,Active
EMP049794,Michael,Smith,Michael Smith,25,Legal,Director,Chicago,53975.47,5489.62,2021-12-18,1,64.0,michael.smith@company.com,(799) 994-4467,Active
EMP049795,Melissa,Brown,Melissa Brown,61,HR,Lead,Los Angeles,65503.99,9594.73,2022-02-13,36,84.4,melissa.brown@company.com,(408) 676-7811,Active
EMP049796,Lisa,Garcia,Lisa Garcia,56,Finance,Specialist,Boston,90207.51,15132.6,2021-07-12,33,82.8,lisa.garcia@company.com,(495) 248-6122,Active
EMP049797,Lisa,Taylor,Lisa Taylor,49,Legal,Director,New York,96102.36,4594.36,2024-08-06,20,64.9,lisa.taylor@company.com,(735) 498-8493,Active
EMP049798,Daniel,Miller,Daniel Miller,57,Sales,Lead,Chicago,77814.18,10406.13,2023-01-31,29,67.6,daniel.miller@company.com,(530) 684-8755,Active
EMP049799,Daniel,Garcia,Daniel Garcia,25,Engineering,Lead,Boston,62299.38,7659.11,2020-03-23,0,67.2,daniel.garcia@company.com,(210) 337-4238,Active
EMP049800,Daniel,Jones,Daniel Jones,56,HR,Specialist,Seattle,72084.93,6094.03,2020-02-26,28,62.3,daniel.jones@company.com,(690) 564-7000,Active
EMP049801,Jane,Wilson,Jane Wilson,52,IT,Coordinator,Boston,121418.56,1853.13,2021-08-20,23,69.0,jane.wilson@company.com,(522) 908-8850,Active
EMP049802,James,Rodriguez,James Rodriguez,39,Marketing,Manager,New York,70142.71,11927.91,2021-10-30,12,81.4,james.rodriguez@company.com,(248) 473-3114,Active
EMP049803,Sarah,Garcia,Sarah Garcia,43,Operations,Analyst,Boston,44209.5,5401.32,2021-06-08,19,49.2,sarah.garcia@company.com,(725) 324-4808,Active
EMP049804,Anthony,Taylor,Anthony Taylor,39,Legal,Analyst,Austin,107681.21,15644.67,2020-08-04,17,77.4,anthony.taylor@company.com,(945) 519-5847,Active
EMP049805,Daniel,Anderson,Daniel Anderson,26,Marketing,Coordinator,Miami,63049.47,4314.34,2022-09-24,4,56.7,daniel.anderson@company.com,(843) 371-6120,Active
EMP049806,James,Miller,James Miller,31,Marketing,Lead,Seattle,56467.0,3957.48,2022-01-08,7,87.9,james.miller@company.com,(599) 871-8324,Active
EMP049807,Christopher,Hernandez,Christopher Hernandez,24,Legal,Director,Seattle,65692.75,6448.48,2024-09-26,0,94.5,christopher.hernandez@company.com,(423) 317-2298,Active
EMP049808,Ashley,Gonzalez,Ashley Gonzalez,25,IT,Senior Developer,Chicago,83673.32,16065.16,2020-07-11,0,69.3,ashley.gonzalez@company.com,(895) 357-2286,Active
EMP049809,Jane,Taylor,Jane Taylor,41,IT,Senior Developer,Miami,108148.03,16811.78,2021-11-18,16,93.3,jane.taylor@company.com,(561) 649-2325,Active
EMP049810,Stephanie,Jones,Stephanie Jones,47,Operations,Lead,Austin,78155.42,12986.12,2022-02-28,18,65.8,stephanie.jones@company.com,(867) 754-5346,Active
EMP049811,Anthony,Martinez,Anthony Martinez,64,Finance,Director,San Francisco,52669.67,5319.29,2021-08-14,36,66.3,anthony.martinez@company.com,(688) 519-3976,Active
EMP049812,Christopher,Brown,Christopher Brown,61,Marketing,Manager,Chicago,89572.37,8465.08,2021-09-14,33,94.4,christopher.brown@company.com,(893) 968-5376,Active
EMP049813,David,Wilson,David Wilson,55,IT,Director,New York,97208.65,1913.85,2023-01-30,32,67.6,david.wilson@company.com,(640) 607-7462,Active
EMP049814,Jane,Garcia,Jane Garcia,53,Sales,Coordinator,Los Angeles,76457.7,13064.53,2024-12-07,27,75.1,jane.garcia@company.com,(537) 324-1342,Inactive
EMP049815,Jane,Rodriguez,Jane Rodriguez,56,HR,Analyst,San Francisco,67773.68,9201.63,2021-05-13,34,77.2,jane.rodriguez@company.com,(567) 675-5995,Active
EMP049816,David,Martinez,David Martinez,45,Operations,Analyst,Seattle,73659.63,4134.95,2024-04-13,21,63.5,david.martinez@company.com,(691) 513-7857,Active
EMP049817,William,Moore,William Moore,62,HR,Lead,San Francisco,55490.29,6752.29,2024-01-18,33,51.4,william.moore@company.com,(733) 814-4593,Inactive
EMP049818,Jessica,Gonzalez,Jessica Gonzalez,28,Marketing,Associate,Los Angeles,88583.48,11466.42,2021-09-14,5,89.4,jessica.gonzalez@company.com,(483) 455-5919,Active
EMP049819,John,Johnson,John Johnson,58,Operations,Lead,San Francisco,69391.76,12549.44,2021-05-21,32,70.6,john.johnson@company.com,(582) 896-4734,Active
EMP049820,Michael,Gonzalez,Michael Gonzalez,60,Engineering,Manager,Boston,89077.0,15937.92,2024-11-17,33,79.8,michael.gonzalez@company.com,(325) 945-4713,Inactive
EMP049821,Anthony,Garcia,Anthony Garcia,54,Legal,Analyst,Boston,101274.24,15832.06,2023-06-16,32,68.4,anthony.garcia@company.com,(998) 917-6999,Active
EMP049822,Lisa,Rodriguez,Lisa Rodriguez,25,Sales,Manager,Seattle,41808.88,2662.22,2021-11-15,0,65.8,lisa.rodriguez@company.com,(573) 319-7258,Active
EMP049823,James,Davis,James Davis,47,Operations,Director,Miami,60767.06,4140.26,2022-08-09,19,88.5,james.davis@company.com,(856) 671-9314,Active
EMP049824,Robert,Taylor,Robert Taylor,41,Engineering,Associate,Los Angeles,64277.15,7454.06,2021-06-17,14,68.3,robert.taylor@company.com,(933) 863-7064,Active
EMP049825,Robert,Martin,Robert Martin,37,Legal,Analyst,Boston,88187.52,8522.53,2024-08-12,11,69.2,robert.martin@company.com,(231) 599-3109,Active
EMP049826,Nicole,Davis,Nicole Davis,28,Legal,Manager,Boston,93607.29,14015.28,2021-09-06,3,100.0,nicole.davis@company.com,(883) 582-2795,Active
EMP049827,David,Johnson,David Johnson,53,Sales,Manager,Miami,74352.98,9057.77,2022-03-08,27,43.3,david.johnson@company.com,(313) 617-4021,Active
EMP049828,Melissa,Miller,Melissa Miller,23,Engineering,Director,San Francisco,88004.72,10453.47,2023-02-22,0,55.1,melissa.miller@company.com,(293) 513-7935,Active
EMP049829,Stephanie,Smith,Stephanie Smith,63,Sales,Senior Developer,Miami,88843.31,15489.98,2023-03-05,41,65.3,stephanie.smith@company.com,(251) 901-4718,Inactive
EMP049830,Ashley,Jones,Ashley Jones,65,Finance,Coordinator,Los Angeles,84990.3,7422.99,2020-02-27,37,51.8,ashley.jones@company.com,(284) 354-4647,Active
EMP049831,Lisa,Smith,Lisa Smith,46,Operations,Lead,Miami,58999.86,9397.37,2020-01-03,21,90.9,lisa.smith@company.com,(985) 855-2455,Active
EMP049832,Michael,Martinez,Michael Martinez,30,Operations,Coordinator,Austin,47316.55,4235.17,2024-04-01,7,69.5,michael.martinez@company.com,(958) 676-2584,Inactive
EMP049833,Ashley,Smith,Ashley Smith,53,Sales,Specialist,Los Angeles,81312.02,14538.27,2024-02-09,27,62.8,ashley.smith@company.com,(614) 388-7285,On Leave
EMP049834,Anthony,Jackson,Anthony Jackson,49,Legal,Specialist,Miami,81281.03,3658.61,2023-10-23,24,85.5,anthony.jackson@company.com,(526) 609-2761,Active
EMP049835,James,Martinez,James Martinez,61,Finance,Coordinator,Los Angeles,85424.59,8991.74,2023-05-14,36,72.0,james.martinez@company.com,(825) 584-1706,Active
EMP049836,Sarah,Rodriguez,Sarah Rodriguez,39,Sales,Associate,Boston,83489.85,8863.47,2024-07-13,12,76.2,sarah.rodriguez@company.com,(781) 277-7964,Active
EMP049837,Amanda,Brown,Amanda Brown,41,IT,Specialist,Miami,107387.86,15526.97,2024-07-03,18,94.3,amanda.brown@company.com,(664) 875-3070,Active
EMP049838,Amanda,Rodriguez,Amanda Rodriguez,48,Operations,Analyst,Seattle,61032.97,7424.43,2024-10-09,21,72.0,amanda.rodriguez@company.com,(727) 623-8658,Inactive
EMP049839,Sarah,Anderson,Sarah Anderson,36,Finance,Analyst,San Francisco,90707.28,9065.63,2022-12-21,7,83.2,sarah.anderson@company.com,(683) 599-4405,Active
EMP049840,James,Martin,James Martin,58,HR,Coordinator,Los Angeles,99343.88,11856.74,2023-11-26,33,49.6,james.martin@company.com,(921) 749-9167,Active
EMP049841,David,Brown,David Brown,46,Finance,Manager,Miami,53442.97,2417.99,2021-07-16,22,54.6,david.brown@company.com,(331) 304-8305,Active
EMP049842,Sarah,Jackson,Sarah Jackson,53,Finance,Specialist,Miami,119337.48,6838.52,2020-07-06,30,85.9,sarah.jackson@company.com,(897) 967-5760,Active
EMP049843,Emily,Williams,Emily Williams,22,Finance,Lead,Chicago,48693.93,3606.81,2022-04-28,0,76.1,emily.williams@company.com,(408) 415-1409,Active
EMP049844,Anthony,Thomas,Anthony Thomas,29,Marketing,Specialist,San Francisco,66204.7,12197.1,2024-07-02,2,64.9,anthony.thomas@company.com,(746) 760-3914,Active
EMP049845,Melissa,Lopez,Melissa Lopez,34,Sales,Specialist,Chicago,85485.66,12894.19,2023-07-16,9,95.2,melissa.lopez@company.com,(386) 672-6580,Active
EMP049846,Lisa,Davis,Lisa Davis,62,Marketing,Analyst,Los Angeles,69304.78,9846.4,2022-04-17,39,78.4,lisa.davis@company.com,(842) 751-2254,Active
EMP049847,William,Taylor,William Taylor,65,Operations,Associate,Los Angeles,56436.49,8229.14,2020-09-30,37,58.5,william.taylor@company.com,(300) 455-4788,Active
EMP049848,Michael,Smith,Michael Smith,38,Finance,Analyst,Austin,78578.38,6889.53,2020-07-18,16,69.2,michael.smith@company.com,(268) 900-1684,Active
EMP049849,Michael,Jones,Michael Jones,64,Marketing,Specialist,Chicago,72972.56,4379.39,2023-12-19,42,84.8,michael.jones@company.com,(834) 429-4618,Active
EMP049850,Anthony,Wilson,Anthony Wilson,35,Marketing,Coordinator,Chicago,68149.92,5360.1,2021-09-27,9,83.1,anthony.wilson@company.com,(850) 504-5605,Active
EMP049851,Melissa,Brown,Melissa Brown,36,Operations,Director,San Francisco,62471.12,13043.06,2022-03-21,10,83.6,melissa.brown@company.com,(714) 863-7759,Active
EMP049852,Jane,Garcia,Jane Garcia,25,Engineering,Analyst,New York,73531.22,6051.22,2021-06-05,3,64.5,jane.garcia@company.com,(739) 497-4877,Active
EMP049853,Amanda,Wilson,Amanda Wilson,65,Marketing,Senior Developer,Seattle,73952.22,4302.59,2023-10-16,38,73.6,amanda.wilson@company.com,(492) 621-3248,Active
EMP049854,Ashley,Jones,Ashley Jones,39,Marketing,Lead,Los Angeles,106855.03,6088.84,2022-08-17,14,58.2,ashley.jones@company.com,(671) 884-3231,Active
EMP049855,David,Rodriguez,David Rodriguez,25,Engineering,Director,San Francisco,71613.67,5165.36,2022-04-28,0,78.3,david.rodriguez@company.com,(811) 852-4102,Active
EMP049856,Michael,Smith,Michael Smith,63,Operations,Lead,Chicago,73964.02,7538.79,2023-07-26,38,87.9,michael.smith@company.com,(599) 237-4824,Inactive
EMP049857,Daniel,Martinez,Daniel Martinez,63,Finance,Analyst,Austin,89153.85,9887.44,2024-09-29,38,87.9,daniel.martinez@company.com,(365) 954-4832,Active
EMP049858,Lisa,Lopez,Lisa Lopez,40,IT,Associate,Seattle,92609.91,9268.78,2020-01-04,13,75.5,lisa.lopez@company.com,(870) 437-4184,Active
EMP049859,James,Anderson,James Anderson,27,Finance,Associate,Boston,56718.53,8178.16,2022-10-18,1,63.1,james.anderson@company.com,(475) 530-5650,Active
EMP049860,Melissa,Hernandez,Melissa Hernandez,37,IT,Specialist,Miami,92751.33,5393.14,2020-02-06,11,84.8,melissa.hernandez@company.com,(393) 499-4985,Active
EMP049861,David,Jones,David Jones,42,Legal,Coordinator,Los Angeles,107045.47,10150.88,2024-11-03,20,67.9,david.jones@company.com,(281) 239-9314,Active
EMP049862,Daniel,Garcia,Daniel Garcia,52,Finance,Manager,Seattle,130395.16,20832.15,2021-06-12,29,100.0,daniel.garcia@company.com,(826) 768-3109,On Leave
EMP049863,John,Martin,John Martin,34,Marketing,Senior Developer,Chicago,83126.27,8598.0,2022-11-15,12,62.6,john.martin@company.com,(292) 860-5667,Active
EMP049864,John,Brown,John Brown,46,Finance,Manager,Seattle,77303.22,2113.94,2024-06-10,23,77.8,john.brown@company.com,(971) 808-4825,Active
EMP049865,Amanda,Hernandez,Amanda Hernandez,63,Sales,Associate,Chicago,99629.89,4626.47,2024-10-08,40,74.5,amanda.hernandez@company.com,(654) 965-1382,Active
EMP049866,Anthony,Johnson,Anthony Johnson,36,Engineering,Lead,Miami,70409.0,12106.36,2022-05-17,14,77.0,anthony.johnson@company.com,(321) 526-5968,Active
EMP049867,John,Moore,John Moore,59,HR,Director,Boston,103655.66,15048.65,2020-05-24,35,58.7,john.moore@company.com,(243) 698-6384,Active
EMP049868,David,Johnson,David Johnson,54,Engineering,Associate,Miami,110249.37,3249.93,2024-12-09,25,92.2,david.johnson@company.com,(328) 905-8690,Active
EMP049869,Jane,Smith,Jane Smith,29,Sales,Lead,Chicago,73524.95,8281.51,2020-02-12,2,76.7,jane.smith@company.com,(902) 284-7046,Active
EMP049870,Christopher,Anderson,Christopher Anderson,34,Finance,Coordinator,Boston,73741.78,3894.59,2023-04-27,6,47.9,christopher.anderson@company.com,(363) 532-6330,Active
EMP049871,Jessica,Jones,Jessica Jones,29,Sales,Director,San Francisco,46165.24,6769.99,2022-07-03,2,64.4,jessica.jones@company.com,(768) 983-1598,Active
EMP049872,John,Hernandez,John Hernandez,34,Legal,Manager,Seattle,93325.78,13413.88,2021-03-09,6,76.8,john.hernandez@company.com,(298) 989-6834,Inactive
EMP049873,Sarah,Smith,Sarah Smith,43,HR,Manager,Miami,65014.68,3679.66,2022-11-29,15,100.0,sarah.smith@company.com,(369) 303-4510,Inactive
EMP049874,James,Jackson,James Jackson,24,Marketing,Specialist,San Francisco,41526.17,0.0,2020-11-20,0,68.7,james.jackson@company.com,(619) 770-2334,Active
EMP049875,Amanda,Miller,Amanda Miller,34,Marketing,Coordinator,Seattle,102829.08,14476.58,2021-06-24,8,71.2,amanda.miller@company.com,(563) 580-8789,Inactive
EMP049876,Amanda,Williams,Amanda Williams,60,Legal,Lead,Los Angeles,106919.45,16064.24,2024-01-15,35,73.5,amanda.williams@company.com,(765) 766-6366,Active
EMP049877,Nicole,Martin,Nicole Martin,36,Sales,Associate,Boston,84049.53,6398.72,2022-02-03,7,67.3,nicole.martin@company.com,(535) 362-8032,Active
EMP049878,Jane,Garcia,Jane Garcia,23,Finance,Director,Seattle,45305.0,3422.92,2021-10-19,0,86.1,jane.garcia@company.com,(422) 861-7958,Active
EMP049879,Christopher,Jackson,Christopher Jackson,64,Sales,Associate,Seattle,87436.36,1809.92,2020-06-22,40,100.0,christopher.jackson@company.com,(664) 517-4771,Active
EMP049880,Sarah,Moore,Sarah Moore,45,Operations,Senior Developer,Chicago,65917.09,10221.39,2020-12-15,23,62.6,sarah.moore@company.com,(746) 436-1310,Active
EMP049881,Lisa,Jackson,Lisa Jackson,50,Engineering,Associate,Chicago,110451.03,22771.55,2022-04-09,27,71.7,lisa.jackson@company.com,(772) 275-7548,Active
EMP049882,Jessica,Brown,Jessica Brown,40,IT,Associate,New York,96218.88,694.42,2023-07-04,18,90.2,jessica.brown@company.com,(567) 365-8316,Active
EMP049883,Melissa,Wilson,Melissa Wilson,26,HR,Associate,Miami,45753.2,4282.46,2021-02-24,1,100.0,melissa.wilson@company.com,(298) 507-9283,Active
EMP049884,James,Miller,James Miller,62,Marketing,Senior Developer,Austin,87192.3,9764.14,2021-04-17,40,71.3,james.miller@company.com,(816) 776-5436,Active
EMP049885,Amanda,Brown,Amanda Brown,23,Sales,Lead,Boston,79321.22,8898.21,2023-03-11,0,65.9,amanda.brown@company.com,(255) 517-8126,Active
EMP049886,Melissa,Anderson,Melissa Anderson,54,IT,Lead,Austin,107353.62,0.0,2021-09-07,30,82.4,melissa.anderson@company.com,(700) 302-4485,Active
EMP049887,Jane,Miller,Jane Miller,41,Engineering,Director,New York,107212.47,0.0,2022-06-24,14,55.8,jane.miller@company.com,(893) 223-1972,Active
EMP049888,Jane,Thomas,Jane Thomas,36,HR,Coordinator,Miami,43006.15,7521.38,2024-04-25,13,48.0,jane.thomas@company.com,(929) 678-4014,Active
EMP049889,Sarah,Smith,Sarah Smith,30,Legal,Lead,Boston,41069.57,3134.39,2024-05-13,3,73.6,sarah.smith@company.com,(400) 401-9039,Active
EMP049890,David,Garcia,David Garcia,34,Legal,Analyst,Austin,93320.21,8485.05,2024-10-31,11,65.7,david.garcia@company.com,(365) 692-2272,Active
EMP049891,Nicole,Thomas,Nicole Thomas,56,Finance,Associate,New York,107796.15,20306.21,2024-10-30,31,47.1,nicole.thomas@company.com,(834) 486-4430,Active
EMP049892,Jessica,Anderson,Jessica Anderson,34,Operations,Senior Developer,San Francisco,64870.41,4339.97,2024-10-22,5,71.1,jessica.anderson@company.com,(357) 761-6884,Active
EMP049893,James,Garcia,James Garcia,45,Engineering,Senior Developer,Miami,76313.54,5624.86,2023-03-23,22,74.3,james.garcia@company.com,(766) 847-5477,Active
EMP049894,John,Lopez,John Lopez,30,IT,Coordinator,Los Angeles,37447.5,3041.53,2024-03-30,4,72.7,john.lopez@company.com,(917) 393-2057,Active
EMP049895,Matthew,Anderson,Matthew Anderson,32,Finance,Lead,Los Angeles,61236.49,5683.75,2022-07-06,9,68.4,matthew.anderson@company.com,(576) 902-9503,Active
EMP049896,Jessica,Martinez,Jessica Martinez,61,Sales,Analyst,San Francisco,94386.03,2630.74,2022-06-29,32,100.0,jessica.martinez@company.com,(589) 434-9971,Active
EMP049897,Jessica,Garcia,Jessica Garcia,31,Finance,Specialist,Los Angeles,90913.73,3017.88,2020-05-01,7,100.0,jessica.garcia@company.com,(286) 660-6213,Active
EMP049898,Christopher,Davis,Christopher Davis,59,HR,Specialist,Los Angeles,74052.72,1813.82,2021-07-20,37,79.2,christopher.davis@company.com,(714) 473-2589,Active
EMP049899,James,Martinez,James Martinez,34,Operations,Manager,Los Angeles,75196.51,5927.53,2024-02-12,11,59.4,james.martinez@company.com,(440) 743-9647,Active
EMP049900,Lisa,Anderson,Lisa Anderson,26,Operations,Associate,Chicago,45315.44,1783.48,2024-05-02,4,59.0,lisa.anderson@company.com,(639) 863-4372,Active
EMP049901,Matthew,Gonzalez,Matthew Gonzalez,29,Engineering,Director,Boston,116304.84,16023.05,2024-01-19,2,69.4,matthew.gonzalez@company.com,(304) 963-6395,Active
EMP049902,Stephanie,Brown,Stephanie Brown,60,Sales,Senior Developer,New York,88769.59,5566.84,2020-04-10,37,100.0,stephanie.brown@company.com,(650) 497-9952,Active
EMP049903,Sarah,Williams,Sarah Williams,22,Legal,Specialist,San Francisco,110599.05,8034.71,2020-01-17,0,71.8,sarah.williams@company.com,(768) 359-5391,Active
EMP049904,Jane,Garcia,Jane Garcia,63,IT,Associate,Austin,121091.35,19572.0,2022-03-17,40,56.7,jane.garcia@company.com,(605) 670-4969,Active
EMP049905,Ashley,Davis,Ashley Davis,39,Legal,Senior Developer,Boston,84133.21,6593.52,2023-10-31,13,86.7,ashley.davis@company.com,(642) 327-5064,Active
EMP049906,Lisa,Jackson,Lisa Jackson,26,Sales,Manager,Miami,77853.66,10490.41,2023-03-06,1,89.6,lisa.jackson@company.com,(573) 695-5563,Inactive
EMP049907,John,Hernandez,John Hernandez,64,Engineering,Lead,San Francisco,80690.19,9419.53,2020-09-19,42,93.6,john.hernandez@company.com,(689) 884-9490,On Leave
EMP049908,Nicole,Thomas,Nicole Thomas,58,Sales,Senior Developer,Los Angeles,83760.53,10026.69,2024-03-28,35,82.7,nicole.thomas@company.com,(380) 770-2537,Active
EMP049909,William,Williams,William Williams,54,Engineering,Analyst,New York,129597.91,7793.35,2021-03-16,32,73.4,william.williams@company.com,(271) 415-9312,Active
EMP049910,William,Jones,William Jones,39,Operations,Manager,Chicago,49784.63,4997.48,2023-11-16,15,97.5,william.jones@company.com,(988) 471-4428,Active
EMP049911,Nicole,Anderson,Nicole Anderson,60,Engineering,Lead,Austin,109916.1,13867.08,2020-02-29,37,74.9,nicole.anderson@company.com,(924) 805-1711,Active
EMP049912,Robert,Garcia,Robert Garcia,64,Marketing,Analyst,San Francisco,83513.96,11480.02,2020-10-01,37,86.5,robert.garcia@company.com,(251) 671-2663,Inactive
EMP049913,Nicole,Martin,Nicole Martin,53,Marketing,Coordinator,Boston,94417.72,15823.61,2021-01-08,24,83.0,nicole.martin@company.com,(790) 405-2944,Active
EMP049914,Amanda,Moore,Amanda Moore,58,Marketing,Specialist,Miami,77555.2,11105.13,2020-08-24,36,77.9,amanda.moore@company.com,(942) 874-8360,Active
EMP049915,Jane,Rodriguez,Jane Rodriguez,62,Finance,Lead,Los Angeles,94970.54,13608.38,2023-10-20,38,74.6,jane.rodriguez@company.com,(485) 546-7406,Active
EMP049916,James,Martinez,James Martinez,50,Legal,Specialist,San Francisco,100341.87,10225.21,2023-06-15,28,98.5,james.martinez@company.com,(491) 700-2081,Active
EMP049917,Emily,Gonzalez,Emily Gonzalez,40,Marketing,Specialist,Boston,55967.52,4285.72,2021-03-03,18,77.5,emily.gonzalez@company.com,(966) 787-1935,Active
EMP049918,Ashley,Miller,Ashley Miller,35,Marketing,Manager,Los Angeles,59827.04,2707.54,2020-04-04,12,91.8,ashley.miller@company.com,(684) 264-3583,Active
EMP049919,Jessica,Anderson,Jessica Anderson,60,Engineering,Director,Seattle,91775.77,8185.45,2023-07-07,36,95.0,jessica.anderson@company.com,(781) 974-4878,Active
EMP049920,Robert,Johnson,Robert Johnson,38,Operations,Coordinator,Austin,29280.28,3171.58,2024-03-30,16,100.0,robert.johnson@company.com,(933) 484-4791,Active
EMP049921,Robert,Taylor,Robert Taylor,65,Sales,Senior Developer,Boston,76324.2,336.61,2022-05-14,40,68.2,robert.taylor@company.com,(512) 654-5450,Active
EMP049922,Jane,Rodriguez,Jane Rodriguez,32,HR,Senior Developer,New York,50686.74,4958.43,2024-11-15,9,70.6,jane.rodriguez@company.com,(779) 698-5720,Inactive
EMP049923,Anthony,Garcia,Anthony Garcia,45,Finance,Manager,Los Angeles,66283.89,2810.47,2024-09-18,21,54.1,anthony.garcia@company.com,(888) 365-4057,Active
EMP049924,Nicole,Rodriguez,Nicole Rodriguez,34,Engineering,Director,Chicago,95401.32,10469.63,2024-05-24,12,89.1,nicole.rodriguez@company.com,(652) 357-3797,Active
EMP049925,Lisa,Davis,Lisa Davis,28,Sales,Manager,Boston,71454.36,5006.07,2022-04-04,2,69.3,lisa.davis@company.com,(387) 377-1020,Active
EMP049926,Amanda,Lopez,Amanda Lopez,38,Finance,Director,San Francisco,79595.27,9495.32,2022-10-04,16,76.1,amanda.lopez@company.com,(851) 429-1803,Active
EMP049927,Michael,Hernandez,Michael Hernandez,50,Legal,Manager,Austin,110815.51,15708.58,2021-07-07,26,75.9,michael.hernandez@company.com,(558) 451-4745,Active
EMP049928,Michael,Williams,Michael Williams,60,Marketing,Associate,Seattle,84612.22,10537.83,2024-01-15,33,91.2,michael.williams@company.com,(201) 231-8543,Active
EMP049929,Jessica,Brown,Jessica Brown,40,Sales,Coordinator,Seattle,72780.96,4115.29,2021-12-15,14,73.7,jessica.brown@company.com,(517) 983-4180,Active
EMP049930,Stephanie,Smith,Stephanie Smith,56,Legal,Coordinator,New York,135483.88,14102.14,2020-02-26,34,81.9,stephanie.smith@company.com,(580) 758-8008,Active
EMP049931,Michael,Jones,Michael Jones,37,Legal,Coordinator,Seattle,103229.57,11747.44,2020-08-03,11,98.2,michael.jones@company.com,(566) 888-4250,Inactive
EMP049932,William,Taylor,William Taylor,61,Marketing,Analyst,Austin,91914.71,11557.16,2021-06-08,37,86.8,william.taylor@company.com,(941) 474-1086,Active
EMP049933,James,Moore,James Moore,60,Finance,Associate,Seattle,104544.52,7198.67,2022-04-26,32,78.2,james.moore@company.com,(699) 227-1621,On Leave
EMP049934,William,Brown,William Brown,40,Legal,Director,Chicago,109730.03,20626.69,2020-06-05,12,46.4,william.brown@company.com,(339) 809-6243,Active
EMP049935,Jane,Martin,Jane Martin,38,Sales,Manager,New York,50048.89,5314.31,2021-05-14,13,56.4,jane.martin@company.com,(665) 364-8924,Active
EMP049936,William,Rodriguez,William Rodriguez,57,Legal,Coordinator,Seattle,128121.99,7861.6,2020-07-11,30,77.0,william.rodriguez@company.com,(849) 273-2284,Inactive
EMP049937,Emily,Rodriguez,Emily Rodriguez,44,Sales,Manager,San Francisco,64126.76,4607.39,2021-07-17,16,75.2,emily.rodriguez@company.com,(326) 800-8253,Active
EMP049938,Emily,Anderson,Emily Anderson,51,Marketing,Director,Los Angeles,84567.45,3032.42,2020-09-25,23,86.4,emily.anderson@company.com,(659) 423-6447,Active
EMP049939,William,Rodriguez,William Rodriguez,50,HR,Senior Developer,Chicago,51660.1,4693.47,2021-03-07,25,96.9,william.rodriguez@company.com,(260) 694-3164,Active
EMP049940,Emily,Jackson,Emily Jackson,55,Legal,Manager,Boston,102953.13,4612.73,2021-03-08,31,61.7,emily.jackson@company.com,(703) 743-3017,Active
EMP049941,Daniel,Williams,Daniel Williams,25,Engineering,Lead,Seattle,54393.88,5440.05,2024-11-01,0,58.9,daniel.williams@company.com,(662) 754-8674,Active
EMP049942,Matthew,Martinez,Matthew Martinez,43,HR,Director,Austin,53251.29,1073.29,2021-09-05,19,68.5,matthew.martinez@company.com,(727) 423-8629,Active
EMP049943,Stephanie,Gonzalez,Stephanie Gonzalez,30,HR,Director,San Francisco,59214.32,1317.02,2023-02-16,2,72.7,stephanie.gonzalez@company.com,(945) 445-6608,Active
EMP049944,Nicole,Jones,Nicole Jones,44,Marketing,Lead,New York,81659.22,5633.22,2020-02-06,16,79.8,nicole.jones@company.com,(539) 857-1420,Active
EMP049945,Nicole,Lopez,Nicole Lopez,34,Finance,Director,Los Angeles,54787.3,2794.56,2020-06-26,7,70.3,nicole.lopez@company.com,(209) 698-2799,Active
EMP049946,Lisa,Anderson,Lisa Anderson,58,Finance,Director,Seattle,93447.73,14762.51,2021-04-27,36,92.8,lisa.anderson@company.com,(831) 854-3383,Active
EMP049947,Sarah,Jackson,Sarah Jackson,65,Operations,Analyst,Boston,70026.26,4905.98,2024-05-23,37,81.6,sarah.jackson@company.com,(519) 896-3345,Active
EMP049948,Ashley,Garcia,Ashley Garcia,64,Operations,Associate,Los Angeles,81359.47,3202.82,2022-08-21,42,92.0,ashley.garcia@company.com,(376) 761-2437,Active
EMP049949,Robert,Smith,Robert Smith,62,Legal,Analyst,Miami,133553.93,12161.59,2022-01-08,38,92.4,robert.smith@company.com,(624) 573-5308,Active
EMP049950,Matthew,Martinez,Matthew Martinez,31,Sales,Coordinator,Chicago,90972.63,14101.52,2023-02-06,8,67.4,matthew.martinez@company.com,(235) 867-1195,Active
EMP049951,Amanda,Jones,Amanda Jones,52,Legal,Director,Miami,88323.35,14106.65,2023-10-27,30,58.6,amanda.jones@company.com,(544) 729-3707,Active
EMP049952,Stephanie,Martinez,Stephanie Martinez,35,Sales,Coordinator,New York,91672.42,7750.44,2023-02-24,10,72.9,stephanie.martinez@company.com,(532) 580-3703,Active
EMP049953,Robert,Davis,Robert Davis,54,Finance,Associate,Seattle,81143.63,8963.37,2022-12-13,25,92.8,robert.davis@company.com,(575) 290-8882,Active
EMP049954,Ashley,Wilson,Ashley Wilson,53,HR,Senior Developer,Austin,104565.88,10425.1,2022-10-08,29,47.6,ashley.wilson@company.com,(207) 301-7889,Active
EMP049955,Jane,Rodriguez,Jane Rodriguez,54,HR,Coordinator,Miami,72930.53,6366.05,2023-11-17,30,67.3,jane.rodriguez@company.com,(892) 832-5675,Active
EMP049956,David,Smith,David Smith,31,Engineering,Associate,Chicago,80062.73,6728.2,2024-04-25,7,90.4,david.smith@company.com,(587) 707-9964,Inactive
EMP049957,Lisa,Taylor,Lisa Taylor,58,Sales,Senior Developer,Chicago,89054.55,12548.52,2020-12-08,36,76.5,lisa.taylor@company.com,(680) 260-8770,Inactive
EMP049958,Michael,Jones,Michael Jones,45,IT,Analyst,New York,87834.12,13309.45,2021-12-16,19,84.9,michael.jones@company.com,(234) 414-1326,Active
EMP049959,Melissa,Taylor,Melissa Taylor,41,Sales,Analyst,Los Angeles,85178.53,5589.79,2022-09-25,18,71.1,melissa.taylor@company.com,(761) 771-7155,Active
EMP049960,Christopher,Martinez,Christopher Martinez,56,IT,Coordinator,Seattle,93213.01,7725.79,2021-03-22,27,62.8,christopher.martinez@company.com,(857) 280-5215,Active
EMP049961,John,Smith,John Smith,32,HR,Lead,Chicago,68304.98,6914.22,2023-01-07,7,57.6,john.smith@company.com,(681) 898-8958,Active
EMP049962,Anthony,Jackson,Anthony Jackson,59,Legal,Lead,Los Angeles,74132.9,8482.03,2024-04-04,31,70.5,anthony.jackson@company.com,(700) 348-2933,Active
EMP049963,Anthony,Garcia,Anthony Garcia,32,Operations,Manager,Los Angeles,49191.97,7929.67,2024-03-23,7,74.6,anthony.garcia@company.com,(739) 630-2873,Active
EMP049964,Michael,Martinez,Michael Martinez,47,Finance,Specialist,Los Angeles,85622.32,8664.55,2022-12-08,18,71.9,michael.martinez@company.com,(273) 464-9068,Active
EMP049965,Daniel,Smith,Daniel Smith,43,Marketing,Lead,Seattle,57946.7,8301.55,2023-12-28,16,60.6,daniel.smith@company.com,(734) 647-8659,Active
EMP049966,Lisa,Jones,Lisa Jones,28,Finance,Senior Developer,San Francisco,82911.83,9019.63,2024-09-21,1,81.0,lisa.jones@company.com,(852) 609-6870,Inactive
EMP049967,Michael,Jackson,Michael Jackson,42,Marketing,Manager,Chicago,76585.32,9570.13,2021-10-18,15,76.5,michael.jackson@company.com,(659) 529-9897,Active
EMP049968,Matthew,Hernandez,Matthew Hernandez,39,Marketing,Director,Chicago,75870.99,4405.84,2024-03-30,10,93.6,matthew.hernandez@company.com,(855) 759-7328,Active
EMP049969,Nicole,Moore,Nicole Moore,24,IT,Lead,Seattle,80653.48,210.75,2024-09-29,1,77.6,nicole.moore@company.com,(920) 984-3010,Active
EMP049970,Christopher,Martinez,Christopher Martinez,65,Engineering,Senior Developer,New York,122179.41,7614.43,2021-11-19,40,76.8,christopher.martinez@company.com,(439) 591-7114,Active
EMP049971,David,Johnson,David Johnson,47,HR,Director,San Francisco,68019.97,7475.71,2020-10-25,24,91.9,david.johnson@company.com,(572) 662-8539,Active
EMP049972,Melissa,Johnson,Melissa Johnson,65,Engineering,Associate,New York,164175.61,22590.92,2021-09-09,43,69.3,melissa.johnson@company.com,(780) 652-1743,Active
EMP049973,Jane,Garcia,Jane Garcia,48,Sales,Analyst,Chicago,82505.86,7523.32,2023-08-13,22,60.2,jane.garcia@company.com,(303) 893-2889,Active
EMP049974,Christopher,Brown,Christopher Brown,46,Operations,Director,Los Angeles,75370.32,12457.11,2024-11-23,24,68.7,christopher.brown@company.com,(506) 592-8779,Active
EMP049975,Emily,Hernandez,Emily Hernandez,63,Finance,Senior Developer,San Francisco,90034.02,18697.32,2024-01-28,34,70.5,emily.hernandez@company.com,(653) 239-6069,Active
EMP049976,Sarah,Davis,Sarah Davis,41,Sales,Analyst,Miami,74933.92,797.56,2021-06-06,15,89.0,sarah.davis@company.com,(753) 223-9387,On Leave
EMP049977,Nicole,Brown,Nicole Brown,53,Marketing,Manager,Seattle,74074.97,11446.87,2022-08-16,31,44.2,nicole.brown@company.com,(599) 687-3206,Active
EMP049978,Jane,Anderson,Jane Anderson,35,Engineering,Manager,Boston,96377.39,6310.52,2021-05-20,6,80.2,jane.anderson@company.com,(329) 332-7194,Active
EMP049979,Jane,Hernandez,Jane Hernandez,57,Sales,Lead,Chicago,69823.82,6023.59,2023-08-09,35,95.8,jane.hernandez@company.com,(974) 896-8821,Active
EMP049980,Nicole,Hernandez,Nicole Hernandez,30,Engineering,Lead,Miami,73371.19,6477.77,2024-01-20,1,75.3,nicole.hernandez@company.com,(825) 682-9594,Active
EMP049981,Daniel,Smith,Daniel Smith,35,HR,Specialist,Miami,42473.82,6998.89,2022-11-08,12,71.7,daniel.smith@company.com,(869) 483-4594,Active
EMP049982,Nicole,Hernandez,Nicole Hernandez,27,Sales,Coordinator,New York,70309.81,9522.22,2020-05-17,4,84.9,nicole.hernandez@company.com,(856) 397-1465,Active
EMP049983,Stephanie,Garcia,Stephanie Garcia,45,Sales,Specialist,Los Angeles,97222.11,13140.19,2021-06-08,16,70.5,stephanie.garcia@company.com,(792) 670-5546,Active
EMP049984,Christopher,Jackson,Christopher Jackson,38,Operations,Senior Developer,Austin,43335.35,5283.76,2020-03-10,9,63.1,christopher.jackson@company.com,(943) 445-6703,Active
EMP049985,Michael,Taylor,Michael Taylor,44,Operations,Senior Developer,Seattle,61202.29,11518.56,2024-10-28,19,89.3,michael.taylor@company.com,(429) 484-3913,Active
EMP049986,Sarah,Garcia,Sarah Garcia,64,Engineering,Specialist,Seattle,95197.19,1104.54,2020-09-18,37,94.8,sarah.garcia@company.com,(337) 346-5371,Active
EMP049987,Jane,Anderson,Jane Anderson,25,Operations,Specialist,New York,55697.24,8455.6,2023-07-12,0,83.2,jane.anderson@company.com,(748) 307-5347,Active
EMP049988,Michael,Thomas,Michael Thomas,29,HR,Lead,Boston,42402.91,0.0,2021-12-08,6,67.8,michael.thomas@company.com,(993) 693-2837,Active
EMP049989,Robert,Hernandez,Robert Hernandez,56,IT,Coordinator,Los Angeles,102440.11,7079.28,2020-03-05,32,62.6,robert.hernandez@company.com,(559) 258-6905,Active
EMP049990,Nicole,Gonzalez,Nicole Gonzalez,61,Marketing,Lead,Seattle,82570.52,5427.99,2021-06-19,32,83.7,nicole.gonzalez@company.com,(305) 946-8032,Active
EMP049991,James,Anderson,James Anderson,42,Engineering,Specialist,Chicago,55916.55,5248.13,2021-03-22,18,40.5,james.anderson@company.com,(821) 562-9018,Active
EMP049992,Daniel,Thomas,Daniel Thomas,26,Legal,Specialist,Boston,70377.03,8888.48,2022-03-24,0,82.2,daniel.thomas@company.com,(595) 201-3831,Active
EMP049993,Robert,Wilson,Robert Wilson,51,Legal,Associate,Chicago,58014.24,3483.63,2020-02-23,29,100.0,robert.wilson@company.com,(253) 924-3862,Active
EMP049994,Jessica,Williams,Jessica Williams,62,Engineering,Coordinator,Austin,93457.95,11039.44,2022-02-19,40,72.7,jessica.williams@company.com,(515) 511-6400,Active
EMP049995,Matthew,Rodriguez,Matthew Rodriguez,23,IT,Coordinator,New York,50089.88,7554.16,2022-03-13,0,59.3,matthew.rodriguez@company.com,(721) 685-7815,Active
EMP049996,Christopher,Taylor,Christopher Taylor,24,Engineering,Coordinator,Los Angeles,70330.89,9281.99,2021-05-14,0,76.0,christopher.taylor@company.com,(755) 911-7449,Active
EMP049997,Amanda,Martinez,Amanda Martinez,63,Finance,Specialist,Boston,125620.75,12040.63,2022-05-20,37,75.3,amanda.martinez@company.com,(679) 315-1156,Active
EMP049998,Amanda,Miller,Amanda Miller,59,Operations,Analyst,Boston,70922.04,3862.46,2024-01-19,33,81.7,amanda.miller@company.com,(579) 678-5722,Active
EMP049999,Anthony,Williams,Anthony Williams,46,Engineering,Director,Austin,137522.38,28962.47,2022-09-24,23,57.8,anthony.williams@company.com,(621) 328-9454,Active
EMP050000,Michael,Anderson,Michael Anderson,22,IT,Lead,Los Angeles,36000.0,2292.35,2022-03-15,0,85.9,michael.anderson@company.com,(529) 629-8688,Active
